6 90 4 264.0326948849544 528.0653897699087
9.035741362924014 3.987818247710595 8.391062107520487 1.375269631527249 1.9689101194237115 6.355468577856162 5.768356259735395 4.769266857009889 4.018670643459963 6.6026748897648115 4.943272834979867 7.622938957138212 5.662327707993419 6.209727402035414 6.8081958630603445 9.912018442360747 8.378723772296572 4.718808413345627 8.886408896859646 8.413834893134691 1.4902705704011918 7.467735129077749 8.219535061820277 7.62765979430295 7.382185757030506 5.868431688722753 2.123417569425488 9.618825659227015 4.629306688614278 2.952560442912041 7.455482618079875 9.947866945797438 3.3005265004075155 7.041784887453524 6.391053218252049 7.455989309999618 9.436145811804142 4.166287916857318 3.282706877242564 4.622252581330957 7.718596454664865 7.516635106705195 4.654970164525504 9.904418634520022 5.054493526706494 4.364275906903176 7.386657455522819 1.7421269798053762 4.585356269301549 7.937928696770918 7.882758851504204 3.554734452019276 2.705879713333425 5.241258682617835 4.0132544005236115 7.612615393422859 2.701964039813779 3.979936667089789 8.59805578740312 6.535216308901385 8.967376717636345 9.788977183669102 8.532177336164644 2.627421634773454 6.565694576091295 5.284979859460098 4.637409892054553 7.676953187941082 8.433399602522652 7.149068474388775 2.2534444494187515 7.3254255165857005 1.5295356114772427 2.733989272760943 9.323143884596767 4.6459221162759246 2.334623793408489 7.140584176071254 2.471398756881566 6.8340271695985955 3.2645272885343024 1.3723795117081155 9.628503402843764 1.5959843273208842 5.616461674770745 4.0716693209792885 6.940088367808579 8.599846034069103 6.4347990103639505 6.284923218781618
1.807148272584803 0.797563649542119 1.6782124215040972 0.2750539263054498 0.3937820238847423 1.2710937155712325 1.1536712519470789 0.9538533714019778 0.8037341286919926 1.3205349779529623 0.9886545669959734 1.5245877914276424 1.1324655415986837 1.2419454804070829 1.361639172612069 1.9824036884721494 1.6757447544593145 0.9437616826691254 1.777281779371929 1.6827669786269381 0.29805411408023835 1.4935470258155497 1.6439070123640556 1.52553195886059 1.4764371514061012 1.1736863377445506 0.4246835138850976 1.923765131845403 0.9258613377228556 0.5905120885824082 1.491096523615975 1.9895733891594876 0.6601053000815031 1.4083569774907048 1.2782106436504097 1.4911978619999235 1.8872291623608284 0.8332575833714635 0.6565413754485128 0.9244505162661915 1.5437192909329729 1.503327021341039 0.9309940329051007 1.9808837269040045 1.0108987053412988 0.8728551813806351 1.4773314911045639 0.34842539596107525 0.9170712538603099 1.5875857393541835 1.5765517703008407 0.7109468904038552 0.541175942666685 1.048251736523567 0.8026508801047223 1.5225230786845718 0.5403928079627558 0.7959873334179578 1.7196111574806239 1.307043261780277 1.793475343527269 1.9577954367338204 1.7064354672329287 0.5254843269546907 1.313138915218259 1.0569959718920194 0.9274819784109105 1.5353906375882165 1.6866799205045304 1.4298136948777551 0.45068888988375033 1.4650851033171401 0.30590712229544853 0.5467978545521885 1.8646287769193535 0.9291844232551849 0.46692475868169775 1.4281168352142508 0.4942797513763132 1.366805433919719 0.6529054577068605 0.2744759023416231 1.9257006805687529 0.31919686546417686 1.123292334954149 0.8143338641958577 1.3880176735617158 1.7199692068138206 1.2869598020727901 1.2569846437563235
0.036608530436010756 0.08042450509863108 0.08749022231049097 0.7954767421548672
0.5467078262764856 0.2814488588224615 0.034873722000394736 0.13696959290065813
0.12565834166662404 0.05374800387291501 0.08793265983440479 0.7326609946260562
0.5612751321916013 0.04672118864269137 0.33039628583229175 0.06160739333341558
0.013623744191839093 0.02910875746103858 0.7076979698679597 0.24956952847916258
0.06277623983126424 0.4227090259594255 0.0813115055343615 0.43320322867494876
0.03979555804662849 0.08454012515391518 0.15233090547798767 0.7233334113214687
0.18031763150334423 0.06549721980340861 0.5334191022192741 0.22076604647397302
0.254985693893215 0.22851788419711272 0.4895689267889384 0.02692749512073389
0.2246456342207055 0.36242878678010726 0.38159165931463135 0.0313339196845559
0.019385808980997732 0.23017336005882527 0.11670196586320425 0.6337388650969727
0.02640239805893896 0.2397956471352205 0.5002833684815109 0.23351858632432965
0.23813067121040488 0.11805549363150958 0.5953131459877524 0.04850068917033312
0.29686110683084466 0.5675753781014663 0.09999653117469653 0.03556698389299251
0.2522774400445402 0.017270649971919405 0.2326667925300424 0.49778511745349796
0.24162770380508714 0.42866199236968516 0.23496893473910252 0.09474136908612518
0.014306451540300857 0.19278254600774625 0.21174870787092526 0.5811622945810276
0.007894747940961677 0.2074289170308833 0.24036433059039453 0.5443120044377605
0.5781534644263642 0.06650906321565608 0.17718465460767086 0.1781528177503089
0.17963963084022172 0.10507245692265033 0.28545505829414897 0.429832853942979
0.10745496959969791 0.8034972267544724 0.031951504901987726 0.05709629874384192
0.04177758422838851 0.14818153822694713 0.6261267095049918 0.18391416803967253
0.10724631864191714 0.10972246976098121 0.10262159855276332 0.6804096130443383
0.13990345034074603 0.6457239274238317 0.06586764921769417 0.14850497301772814
0.27679967455769117 0.38541091253365567 0.06219552176629928 0.2755938911423539
0.6779625879939475 0.15142316513855136 0.08071546332209034 0.08989878354541081
0.0335122841211396 0.5401086477916655 0.26611220106255395 0.160266867024641
0.4582772470641656 0.22314360740634132 0.13936386525773992 0.17921528027175315
0.5947785357950778 0.020171579164164566 0.11039553862559892 0.27465434641515873
0.08873827959453551 0.5457220563578858 0.017233439890838365 0.3483062241567403
0.35559409618767435 0.4500682255218299 0.08439131821408741 0.10994636007640834
0.23554235584663108 0.4052388996809517 0.35622537693830036 0.002993367534116831
0.06272351305437274 0.17479692083234122 0.5634137563513512 0.1990658097619349
0.278834905055085 0.04085853498766645 0.5108258565275134 0.1694807034297351
0.6086272093391303 0.03436314857066536 0.34188803494642617 0.015121607143778193
0.08124660268089434 0.3159693772818065 0.525103369999509 0.07768065003779012
0.1741540254821745 0.2542432247323556 0.44046198692937233 0.13114076285609755
0.45391223385225765 0.04313985644914087 0.13710384548923882 0.36584406420936266
0.5741522517159141 0.044184376543307424 0.24907665987183625 0.13258671186894222
0.14123706334481356 0.250959721618765 0.6060152757011038 0.0017879393353176232
0.038657577468729554 0.13914120467875957 0.806948512303825 0.015252705548685852
0.21321954583550817 0.5507360220777635 0.20492801212644118 0.031116419960287134
0.6701770037575367 0.09358242070633993 0.053635176755428504 0.18260539878069482
0.6881448421083189 0.0892969519939395 0.052703193835104134 0.16985501206263742
0.8854902367199937 0.05274183941796007 0.011447404636969027 0.05032051922507719
0.09081424695910889 0.33024773484980297 0.1619491324662926 0.41698888572479553
0.1063995111998387 0.2175322234391155 0.5722082857456513 0.1038599796153945
0.2604803022610297 0.6601679017685362 0.046574100521974415 0.032777695448459654
0.1833561539607267 0.15484996304350207 0.5971446841501677 0.0646491988456035
0.059312038573707815 0.89676791083587 0.0016933423850433726 0.04222670820537877
0.45069215511302974 0.321662472251945 0.031047888625201026 0.19659748400982424
0.07768235615038255 0.001423391472105462 0.06338375498418025 0.8575104973933317
0.031953009971600776 0.028340595443934413 0.41504939152479425 0.5246570030596706
0.8376605185409028 0.057513754000771744 0.03785565703618432 0.06697007042214109
0.588156891126261 0.11718829051238755 0.20968037958316132 0.08497443877819011
0.024999796961841736 0.21419976804588547 0.1829163358889213 0.5778840991033515
0.1520549768911198 0.5263115432267362 0.13991677961023963 0.18171670027190434
0.4543192705650101 0.12071221325900772 0.06936806652473448 0.3556004496512477
0.2514099569280247 0.03986809000915548 0.511164957967118 0.1975569950957018
0.0636696825852231 0.36021525418600087 0.5617099707290951 0.014405092499680916
0.22115928743283786 0.10766828541189588 0.39802090334083695 0.2731515238144293
0.13020198138280692 0.31754444052915176 0.17905901484619302 0.3731945632418483
0.11658668220381208 0.19869032816918097 0.40190038054530297 0.282822609081704
0.5322407181197523 0.02491318292970246 0.28861465248084683 0.15423144646969844
0.2609490239374326 0.41866513493835855 0.15489650872893446 0.1654893323952744
0.02254245360714846 0.5257069051959204 0.17432093759533718 0.2774297036015939
0.04237443625984927 0.0728421646752484 0.21730396301669241 0.6674794360482099
0.20988855467891931 0.11923427769886819 0.6292642208137437 0.04161294680846883
0.271062770458006 0.1296140660170534 0.49254865254137226 0.10677451098356838
0.2576935539281323 0.25381143430301967 0.04148147712005146 0.44701353464879656
0.005395043445200809 0.35280435144132394 0.21238659517723857 0.4294140099362367
0.3013599115252247 0.12932528813651378 0.18330943630010577 0.3860053640381558
0.05578389762681202 0.11817177721432737 0.45049666481497963 0.375547660343881
0.44573332580503155 0.14625795712769296 0.10409599601037967 0.3039127210568958
0.4083089956048178 0.057268699264788836 0.3889523472229638 0.14546995790742956
0.29119197616645776 0.12898427657320366 0.4911191624608374 0.08870458479950116
0.09605871072640149 0.08231172090893135 0.7578325225594987 0.06379704580516843
0.07601921311589255 0.07271148356370549 0.8064412488547362 0.044828054465665734
0.05475961732612922 0.5702114349191229 0.18405077915103152 0.19097816860371641
0.1065631722593835 0.39473342464522365 0.25433792301788305 0.2443654800775098
0.263900344902558 0.42064127507050475 0.14108059943282492 0.17437778059411235
0.17695301198314006 0.0016916334826826418 0.12989414251211406 0.6914612120220632
0.7490318328855462 0.16419663630559533 0.0012657281143744203 0.08550580269448405
0.3828026612181151 0.4659072704776357 0.13540518310601202 0.015884885198237164
0.048251758266658284 0.45694110572285207 0.4432213748307967 0.051585761179692935
0.12899061382022203 0.5429817715127596 0.15201167692040052 0.17601593774661783
0.3448837351900128 0.40318168377218644 0.17497091960134592 0.07696366143645483
0.01793273980166954 0.09967405007412145 0.05436580384143286 0.8280274062827762
0.13625902489250752 0.27477770928083634 0.3226191894744397 0.26634407635221646
0.4224329305403619 0.3390839201231698 0.06914806649771665 0.16933508283875165
0.31540357558877097 0.17496421766838866 0.2200825421856173 0.2895496645572231
0.27635045943263903 0.09147419950147317 0.19064195929005667 0.4415333817758311
0.5627810794926762 0.21225384881368214 0.008221743031137208 0.21674332866250445
0.04174887615355327 0.6263888586733888 0.11786812398502122 0.21399414118803672
0.49705097583455327 0.0529902098805517 0.26682631073063845 0.1831325035542566
0.11291833478714641 0.18850376234799338 0.2733021278318841 0.4252757750329761
0.011605844415387367 0.28993969567877387 0.33234859637995184 0.3661058635258869
0.06697796308146708 0.3337705111468491 0.12302371362768494 0.4762278121439989
0.35474752954185884 0.26840242159421623 0.22875851066835218 0.14809153819557275
0.7051039357213881 0.27360986990508274 0.002967583111029848 0.01831861126249934
0.12943570725402642 0.07065779786019366 0.4127368843378789 0.387169610547901
0.1423277134001134 0.1137358909075713 0.6781175607751334 0.06581883491718188
0.04893908806575353 0.19867286452420985 0.6352128029727417 0.11717524443729488
0.059335972698002504 0.09580492472274993 0.5008869266937571 0.34397217588549045
0.4846893932379276 0.06351525747301012 0.2964734349236856 0.15532191436537668
0.01876689223113215 0.2517965161553811 0.6447049773560235 0.08473161425746323
0.09713039137032065 0.023417835647226437 0.6245072387693258 0.2549445342131271
0.11350963458792207 0.5283622048351649 0.28837141474421746 0.06975674583269553
0.646829335341223 0.033421945035576495 0.10427693429493146 0.21547178532826905
0.08526762186705172 0.6410053817378116 0.11520354793706511 0.15852344845807154
0.040492282104544364 0.4219636290996055 0.29326367650286467 0.24428041229298547
0.4191977391510995 0.0323654156933445 0.3918474306299782 0.15658941452557784
0.2880185884350409 0.1762486349155452 0.44482695230322755 0.09090582434618633
0.6118213351620728 0.0939293493946145 0.2180177805867829 0.07623153485652978
0.25897947376885955 0.046607780203335225 0.3298907378869971 0.36452200814080815
0.11993962069041586 0.38655382117051884 0.17680461743763876 0.31670194070142654
0.004145027377523536 0.4083209868142733 0.5358038415133464 0.051730144294856784
0.3463091534927728 0.13134266349311807 0.2772396175715426 0.24510856544256654
0.38773661731380515 0.0051307290680198125 0.17060529342518793 0.4365273601929871
0.12859401976213314 0.5488723583602099 0.19032609831342173 0.13220752356423526
0.3147263464457982 0.04259691521657971 0.5065921159336758 0.13608462240394625
0.05247463699615418 0.5372216255608222 0.009136284803152095 0.4011674526398715
0.31825678376579114 0.012729983158992653 0.11269267372114677 0.5563205593540694
0.15254138302835663 0.5760587699775587 0.009847098873298377 0.2615527481207863
0.26163004740024565 0.16514948287695919 0.4908053810873262 0.08241508863546898
0.0489065953670772 0.1844628576693187 0.21731103518378336 0.5493195117798207
0.3123774638444279 0.49384954265814307 0.05304668371019816 0.14072630978723089
0.25827167315041755 0.32418906709141937 0.24233337468190785 0.17520588507625523
0.575417520936495 0.11866504385590959 0.2304940306370692 0.07542340457052621
0.6764406534395973 0.261727666040914 0.002213895371450003 0.05961778514803873
0.025184666744696993 0.27986325518308797 0.6384135259023428 0.05653855216987225
0.13345376194280623 0.43956250690954946 0.05007381353448037 0.37690991761316395
0.5273183045751931 0.24943987627511788 0.01709287496540124 0.20614894418428775
0.0858496575056974 0.342915104936526 0.48712530139964094 0.08410993615813567
0.08495536383678282 0.22990156100222348 0.1622687761714371 0.5228742989895566
0.20801504478587252 0.17723656706006952 0.3000868764460126 0.31466151170804535
0.010084976149848046 0.6579404060403069 0.21804145381136364 0.11393316399848141
0.08154113332918334 0.1515152406264869 0.296615176618762 0.47032844942556773
0.05497749128620599 0.17025800590536078 0.675892489638676 0.09887201316975724
0.1468118936753151 0.1923156741194625 0.4801037714106281 0.1807686607945943
0.2833714394891985 0.1799529862425614 0.28549479023882507 0.251180784029415
0.6699554335835235 0.0557053947059285 0.1844229794142982 0.08991619229624981
0.08095789618432081 0.030296080515600066 0.5283633315270647 0.3603826917730144
0.48323260651725664 0.22575477345996486 0.2653684431832022 0.025644176839576316
0.4646740714598503 0.11492102293608109 0.36648024136000057 0.053924664244068055
0.05261135107345383 0.1114491583019438 0.2254404537425383 0.6104990368820641
0.19758303353832596 0.05629252347780178 0.6378859335805204 0.10823850940335189
0.48851515110809307 0.25232726599824995 0.2074663609587687 0.05169122193488829
0.002623751928110152 0.40780520742094073 0.5687747119821411 0.020796328668807984
0.14221099459460396 0.39351632594460606 0.004356531067571057 0.4599161483932189
0.5041134315464814 0.13782396157632026 0.08026125881355484 0.27780134806364354
0.5165665220022991 0.20392664543240335 0.13910052271849582 0.1404063098468017
0.4385655784346367 0.25755001882727047 0.1938066784424386 0.11007772429565421
0.34575917170916914 0.2284948229762469 0.05912873723439038 0.36661726808019357
0.09326760963179992 0.35961742192597523 0.34422661480223404 0.2028883536399908
0.3364740950350814 0.3686408659877265 0.12315306643185298 0.17173197254533912
0.13394620545335334 0.18690819313415674 0.6723528543820483 0.006792747030441637
0.21679778175382514 0.04931904711672486 0.30820332271447504 0.42567984841497497
0.42575119836577724 0.15850030264873172 0.10284208597385114 0.3129064130116399
0.11958667542365975 0.18588240567278602 0.604449631288478 0.09008128761507628
0.24996439414856086 0.322138419103266 0.11117995562946359 0.31671723111870953
0.13472271783753675 0.038994281189726365 0.5421523412693201 0.2841306597034168
0.3884812680679235 0.16692437040874497 0.17027042928645164 0.2743239322368799
0.2707223442226018 0.3136252667716939 0.13353794580760392 0.2821144431981004
0.40393177871054875 0.37170618248317944 0.21945869186836187 0.004903346937909947
0.15447052435305197 0.47972326102078466 0.013066237368156708 0.35273997725800665
0.2801032383814098 0.03478924624673696 0.18443751651725904 0.5006699988545942
0.24619847149002105 0.004779941125573561 0.5905493517888069 0.15847223559559853
0.0854606962534844 0.11437703157316004 0.7150599677052216 0.08510230446813394
0.3856171642350775 0.19659801889869566 0.08525830351520991 0.3325265133510169
0.16977221588313418 0.6122254132759173 0.022960563987617477 0.19504180685333106
0.5091589254850046 0.187784762840984 0.2564644494750722 0.04659186219893918
0.11083969283584971 0.6669131871486403 0.12532424535784326 0.09692287465766669
0.11301498044570435 0.16194675733363628 0.6241800084150657 0.10085825380559366
0.22128245225502308 0.533394109947359 0.12628745779840156 0.11903597999921633
0.10082144770537582 0.04105397990996151 0.16912632413436857 0.6889982482502941
0.24491066951069151 0.36613228892134353 0.02018754083938712 0.36876950072857784
0.5703960893698035 0.04201041678179063 0.1520509664734805 0.23554252737492543
0.3990885583278242 0.0777531268939965 0.3197407049981502 0.2034176097800291
0.1370463653508327 0.050668443187226075 0.5480800341047403 0.26420515735720096
