8 30 4 83.25462818218132 166.50925636436267
8.860864625126347 9.716865965388388 8.822750861925279 5.777701224000391 3.094554951795616 1.102589238496869 4.874219364632415 4.621162240336283 5.704072042173126 5.305526162221621 5.998208264400974 5.890474157882863 7.84806018042636 7.411371166738821 6.577138864930957 4.83482593428573 3.6016752521627895 9.764697170804016 4.003966409596034 2.9692095473784517 1.5922754900849028 9.845834918980904 2.1507014163252864 3.899177138837614 1.6384856027517887 3.0229294507124087 4.542714234492444 9.065305043925717 4.109154507980803 9.862744935567441
1.7721729250252694 1.9433731930776776 1.7645501723850558 1.1555402448000782 0.6189109903591232 0.2205178476993738 0.974843872926483 0.9242324480672567 1.1408144084346252 1.0611052324443242 1.1996416528801948 1.1780948315765727 1.569612036085272 1.482274233347764 1.3154277729861914 0.966965186857146 0.7203350504325579 1.9529394341608033 0.8007932819192067 0.5938419094756904 0.3184550980169806 1.9691669837961807 0.43014028326505727 0.7798354277675228 0.3276971205503577 0.6045858901424818 0.9085428468984889 1.8130610087851433 0.8218309015961607 1.9725489871134883
0.028732048963295398 0.3522268402405576 0.5578450241069187 0.06119608668922827
0.06869013345815722 0.36378579933225863 0.3685799535359786 0.19894411367360554
0.45544782210593304 0.3401267363230436 0.19302195968475266 0.011403481886270717
0.03891229764232185 0.1492602176509924 0.02714528417943196 0.7846822005272538
0.5361443066795745 0.1950141253010883 0.21215975248253904 0.056681815536798186
0.008872285585150852 0.5017081696681195 0.08516979062075547 0.4042497541259742
0.18588368551977097 0.24893254286381783 0.1642700245565506 0.4009137470598606
0.3063958566392335 0.4001196867662228 0.11626687709207018 0.17721757950247352
0.2985348512836252 0.5315268097094924 0.036200021888529776 0.1337383171183526
0.493604497921468 0.32533107911111825 0.12026855899128541 0.06079586397612835
0.1787570156678676 0.38352636829376585 0.24436295125159235 0.19335366478677418
0.008308374432570376 0.1300763322835199 0.3636926859193982 0.49792260736451155
0.2361343702522496 0.6138229199374712 0.13408335718375974 0.015959352626519485
0.09562836130088648 0.3667317172371345 0.5148109230102382 0.0228289984517408
0.2172111529162143 0.2547419676197148 0.5169858199244931 0.011061059539577811
0.5292924523083301 0.07707417084909152 0.22718237809176878 0.1664509987508096
0.032865810850571386 0.12743288197498337 0.47754216919602477 0.3621591379784205
0.04823177716362981 0.31933876038546294 0.5103225357124029 0.12210692673850432
0.5442215506169995 0.01255388204934993 0.3086485985481129 0.13457596878553768
0.17731310063401184 0.28838726599649855 0.31787030613616785 0.21642932723332176
0.007206409512140133 0.22988465003391145 0.29997905739988917 0.46292988305405924
0.2705735220119151 0.26125280253545957 0.3993891148775799 0.06878456057504545
0.02799536548956172 0.21710919555479757 0.3645116491860708 0.3903837897695699
0.6207320313953527 0.010197210742804663 0.3445774711075785 0.0244932867542641
0.16973160496332196 0.5457174648159264 0.059667140580854205 0.2248837896398974
0.35187642190289925 0.28034735099996166 0.231220450156569 0.13655577694057008
0.3109550914270601 0.0630936485543887 0.4164431630114839 0.2095080970070673
0.18249947942328737 0.001544785605662402 0.10577656907099031 0.7101791659000599
0.017206897789604936 0.28633458423610547 0.08297040959068447 0.6134881083836051
0.21890147556152073 0.04112946001119866 0.6168191925107983 0.1231498719164823
0.31968979646702766 0.031994939803092426 0.41247539509583997 0.23583986863403994
0.2701457415914653 0.3334987347776459 0.03459432975401011 0.36176119387687866
0.0320081564257968 0.5519563870751699 0.2062079978373189 0.20982745866171437
0.1509701076574964 0.2954527998604062 0.1806327393373458 0.3729443531447516
0.10038679422454932 0.27435171079322684 0.5649125344233986 0.060348960558825215
0.06789640356536919 0.4029961780784803 0.1910901306306182 0.3380172877255323
0.43149363088036075 0.09821168582154383 0.1912191499856789 0.2790755333124165
0.4043954647747654 0.10618678190741704 0.07654810455311478 0.4128696487647028
0.20340977215199052 0.2723942499117834 0.244873989416048 0.2793219885201781
0.5277238384199121 0.07995229229787548 0.11570728426948618 0.27661658501272623
0.2986252025528 0.32110021404310896 0.1436791980412374 0.23659538536285363
0.6353979141788637 0.1531853503190257 0.20853539703863255 0.002881338463478045
0.22707862658327538 0.4297746676222989 0.15596424143259735 0.1871824643618284
0.0007438894434061982 0.4998622165009098 0.23096240885809338 0.26843148519759064
0.3591089147932802 0.2462685865193367 0.2722424398624781 0.12238005882490499
0.06281332248498894 0.4407994224556998 0.06121036574304939 0.43517688931626186
0.14544547855627277 0.28257642291184737 0.4548842388931785 0.11709385963870134
0.17516677920914991 0.06548347264992849 0.23585682762625448 0.5234929205146671
0.2990527486167165 0.23103273435618388 0.31686106057370256 0.15305345645339707
0.2528705036510319 0.1152263448784584 0.38326134825631175 0.24864180321419793
0.2808908500366094 0.11100471181294491 0.03116374182842485 0.5769406963220208
0.32599705246637256 0.15022685950496495 0.2638534477925748 0.2599226402360877
0.18725043421724963 0.016743115791061802 0.2323370123714178 0.5636694376202708
0.3014236164863119 0.036463457759746354 0.53326126712104 0.1288516586329017
0.06610071679227247 0.5936294344586174 0.22889865986451863 0.11137118888459152
0.05920180480396464 0.6441507151321448 0.24537138995035224 0.051276090113538286
0.1708509753917168 0.33312005654100363 0.44851086817039765 0.04751809989688194
0.2606509673451801 0.17941038605490967 0.5119527410075486 0.0479859055923616
0.013041057601078432 0.2332385588871425 0.25088843506353675 0.5028319484482423
0.00416519878445154 0.2319298678299605 0.03889743237877685 0.7250075010068111
