33 100 4 274.71934771590077 549.4386954318015
3.2365911469395696 5.049778789457159 4.698467226968868 3.342697217982099 8.833561195122545 2.665359344457145 1.176952828870396 9.579268283533409 7.124057242579354 5.3792931389547505 9.685241378793586 4.5405886520947005 1.716018141582048 4.162666819724166 2.4727164634458574 9.84850138930508 8.925653657937172 5.446571213004071 4.608633170066306 5.061623167078869 7.487891636535066 3.2299145599303567 6.605019571637358 2.2820393427888592 2.8105865422472327 1.730959565038222 9.581250653282133 1.501644426779534 6.395828351098915 7.506978674441342 9.732607474283398 8.394125116709521 5.74795960695425 3.9832905658930082 4.18583976031719 1.7112727113208503 6.003229423828475 2.492150166007649 3.657140479368021 8.565476366427752 4.26305808472305 4.067325797704045 7.3936156979487855 1.2853697637587385 5.251490794398894 7.584189603449932 7.958941968373166 3.17120312953467 3.7557734095938544 2.2298467451278885 6.361621477541475 2.463119798316452 8.220944929087658 5.501139869667087 1.5354489273891425 4.5267919837832356 6.577979518051211 2.6937265896272127 4.850996276089574 1.8008347414950752 7.593673915563627 4.539694198521375 4.097227544995422 4.571962621111571 1.156348233272119 5.215284969300664 9.039254654763957 2.45407970720939 8.600135166545405 3.475614671801321 7.918592777346533 8.506023594281054 9.111666859287807 9.746424278712873 4.861325491735572 7.1747587556813395 3.9364973040651936 8.17740275037119 4.910755357596788 5.59174954554774 7.869957735774505 2.565272376546452 5.072009843980915 9.083722298353754 7.203548087346292 3.573730033810396 4.78777140710204 6.111286725319135 9.708684270332917 6.046394422657389 9.755777901839693 2.5389164576914833 3.1231482926413148 6.096645906048077 6.8798344771285675 9.67484137686634 8.969280834927982 4.31403261998233 4.076459570970295 8.65604382632333
0.647318229387914 1.0099557578914318 0.9396934453937735 0.6685394435964198 1.7667122390245091 0.533071868891429 0.2353905657740792 1.9158536567066817 1.4248114485158707 1.07585862779095 1.9370482757587173 0.9081177304189401 0.3432036283164096 0.8325333639448331 0.49454329268917147 1.969700277861016 1.7851307315874343 1.0893142426008142 0.9217266340132613 1.0123246334157738 1.4975783273070131 0.6459829119860714 1.3210039143274717 0.4564078685577718 0.5621173084494465 0.3461919130076444 1.9162501306564266 0.3003288853559068 1.2791656702197831 1.5013957348882685 1.9465214948566796 1.6788250233419042 1.14959192139085 0.7966581131786017 0.8371679520634381 0.34225454226417007 1.200645884765695 0.4984300332015298 0.7314280958736041 1.7130952732855504 0.85261161694461 0.8134651595408091 1.478723139589757 0.2570739527517477 1.0502981588797788 1.5168379206899865 1.591788393674633 0.634240625906934 0.7511546819187709 0.4459693490255777 1.272324295508295 0.49262395966329037 1.6441889858175316 1.1002279739334173 0.3070897854778285 0.9053583967566471 1.3155959036102423 0.5387453179254426 0.9701992552179147 0.360166948299015 1.5187347831127254 0.907938839704275 0.8194455089990844 0.9143925242223142 0.23126964665442382 1.0430569938601328 1.8078509309527913 0.49081594144187796 1.720027033309081 0.6951229343602642 1.5837185554693067 1.7012047188562107 1.8223333718575614 1.9492848557425746 0.9722650983471144 1.434951751136268 0.7872994608130387 1.635480550074238 0.9821510715193575 1.1183499091095481 1.5739915471549009 0.5130544753092904 1.014401968796183 1.8167444596707507 1.4407096174692584 0.7147460067620792 0.9575542814204081 1.222257345063827 1.9417368540665834 1.209278884531478 1.9511555803679386 0.5077832915382967 0.6246296585282629 1.2193291812096154 1.3759668954257136 1.934968275373268 1.7938561669855964 0.862806523996466 0.815291914194059 1.731208765264666
0.38869383728787166 0.0548666499464473 0.3408608365458682 0.21557867621981286
0.3732680338790636 0.4328620473791569 0.0015499446667694983 0.19231997407501
0.3185012124023998 0.49757330213153794 0.00984889752033924 0.174076587945723
0.5171186228655802 0.04101481959382458 0.4284028015585014 0.013463755982093817
0.12204580491917427 0.5799142837614275 0.05371129787887985 0.24432861344051837
0.1232362346056739 0.14615981959448376 0.4979830068504515 0.23262093894939084
0.20130348889006755 0.2763850868801755 0.08510871411282916 0.4372027101169278
0.053834636192314766 0.4082057342902706 0.1459687497801776 0.391990879737237
0.18565617959514213 0.5378180910048234 0.15077606456632198 0.12574966483371253
0.35104600486985726 0.4176053589329902 0.034242632216349045 0.19710600398080347
0.24539328023763607 0.33346793767057115 0.2512077108188485 0.16993107127294427
0.22477339370013216 0.3430156665575438 0.14463299035422716 0.2875779493880969
0.335690474229862 0.03061686356979121 0.48988891761506936 0.14380374458527745
0.14567470634167745 0.24343877008699522 0.403193638594911 0.20769288497641636
0.20437510584395258 0.22277470085944495 0.21201974782008137 0.3608304454765211
0.13449071015925307 0.2845397268487214 0.22713404095001088 0.3538355220420146
0.5274399791836082 0.37282434721248514 0.038781672065365536 0.060954001538541136
0.37750036153856803 0.07116459484767079 0.0816078849220534 0.4697271586917078
0.5968102716241326 0.18478388165301451 0.15293267710878944 0.06547316961406346
0.002671314656475743 0.28949704216876637 0.3958544578429837 0.3119771853317742
0.3024441048268546 0.10504982018370324 0.44967010837651766 0.14283596661292453
0.31290348558823355 0.40274808598363343 0.020110310285816557 0.26423811814231646
0.14676996368341344 0.6931604615530101 4.719997138735721e-05 0.16002237479218906
0.25309096556675237 0.21733873172617135 0.18287426719962108 0.3466960355074552
0.07053759627989531 0.5319604714128557 0.31553724680747375 0.0819646854997752
0.0072096349324279885 0.01313586424039348 0.9491516880823151 0.03050281274486344
0.020960327438552584 0.7031621375174218 0.2619678589324579 0.013909676111567681
0.026639092458374813 0.24865811699316998 0.2515266448551975 0.4731761456932577
0.03703066736622984 0.46438995360600177 0.1525298213826246 0.3460495576451438
0.5440262127270548 0.3780297202887355 0.046221582210328904 0.031722484773880844
0.17445086259576625 0.524053386826629 0.1758968993407658 0.1255988512368389
0.1530717067475419 0.2746819936124013 0.4377936185952007 0.13445268104485608
0.031184504971597415 0.5631835028767301 0.35070445872913136 0.054927533422541086
0.5834686498859785 0.04198176854720437 0.025093392134636794 0.3494561894321804
0.00042556206057464685 0.5024029820145282 0.14053108342847842 0.3566403724964188
0.7397584374241567 0.03641276864922138 0.1884780788821241 0.03535071504449783
0.4136642739655271 0.01792676612762578 0.46985317375909796 0.09855578614774918
0.16705979494162237 0.013744006259078567 0.24091905619436826 0.5782771426049308
0.05251439815531722 0.24752539473543977 0.47956340408513387 0.22039680302410913
0.010725001787691757 0.28689765001601664 0.014151078883536505 0.6882262693127551
0.42999227453321553 0.17168492411698344 0.30541002047596066 0.09291278087384036
0.12307614322442317 0.7369286701292396 0.10374212359226387 0.03625306305407339
0.48814987246269015 0.08790739312211382 0.27875525314432614 0.1451874812708699
0.23268514121932393 0.0739774663911974 0.08379904064603205 0.6095383517434466
0.36675347542379033 0.1392669609713173 0.223064571984127 0.2709149916207654
0.06445727025992065 0.3787082869818691 0.5154588920639948 0.0413755506942155
0.26680845144850973 0.5385465418475337 0.17369574975860724 0.020949256945349326
0.4016142378204999 0.3233295936238235 0.173420317431637 0.10163585112403961
0.22858799170740773 0.5431085212380062 0.1448283065270115 0.08347518052757452
0.17397092901901912 0.17826282706089758 0.509485240885458 0.13828100303462532
0.49640976778723045 0.1232234415809822 0.13150655182674909 0.24886023880503827
0.18716247438846134 0.5608379160131306 0.0017320531739575262 0.25026755642445053
0.18189813555354628 0.07191632039839069 0.31807234548209184 0.4281131985659712
0.6329800921506666 0.06710379145959255 0.1569682016802405 0.1429479147095003
0.15677440660378505 0.27004725861284584 0.4861226926146123 0.08705564216875683
0.647176871535571 0.1791938366711724 0.10957089965101596 0.06405839214224063
0.37224217526821024 0.06553712359121056 0.3962817606031478 0.1659389405374314
0.10452858680727495 0.39278095635747334 0.2305131948049881 0.2721772620302636
0.44967401528644046 0.3457632748621595 0.07792587174164123 0.1266368381097588
0.162407540185464 0.23926183588205407 0.08324982038141926 0.5150808035510627
0.04058735652287615 0.4210589827174924 0.3805703201450634 0.157783340614568
0.02770305978604437 0.10443800282268434 0.044763609664429604 0.8230953277268417
0.19046282514475754 0.6255833648512341 0.10075970713430082 0.08319410286970752
0.0002044617836346463 0.6081262044353549 0.08597292259133327 0.30569641118967716
0.45694661602224207 0.2412206402206023 0.17899599608869965 0.12283674766845598
0.6082181378159881 0.07970160703010087 0.1161739595149105 0.19590629563900053
0.07592636384859752 0.5025171788769333 0.09744101809921779 0.32411543917525143
0.24923725662124674 0.2129555404819916 0.5267553528684336 0.011051850028328092
0.03494476407774416 0.31231684228259493 0.013526701734894897 0.639211691904766
0.28551654815725225 0.1177829716373523 0.14759853050345106 0.4491019497019444
0.19910407274645514 0.06416596136406105 0.24194430611425422 0.4947856597752296
0.20020251115100984 0.5290087793563515 0.2452850512464666 0.025503658246172067
0.26159200262596594 0.13851731469293949 0.1369260326244266 0.462964650056668
0.3394808852375901 0.19237366628185415 0.4626617715680712 0.005483676912484525
0.02769216128293006 0.12209907819567933 0.03363014503282413 0.8165786154885665
0.04106770449020225 0.1842063710698988 0.23508555802908848 0.5396403664108105
0.20272465526450667 0.011492659458636534 0.7773731722626389 0.008409513014217884
0.09288978954897953 0.003375308930299137 0.743705187313877 0.1600297142068443
0.5680865096650951 0.3352125203239832 0.0870313660311951 0.009669603979726604
0.02824824165146167 0.5531479355420631 0.00804234579196772 0.4105614770145075
0.13471824969527801 0.029060576453665 0.48347152240905056 0.35274965144200643
0.08603691226987864 0.7488823934099081 0.040572464189940316 0.1245082301302729
0.10065559823517567 0.306621762605803 0.5652629758886192 0.027459663270402168
0.23749581192750602 0.24699399391385268 0.117574599581456 0.3979355945771853
0.10510457529573947 0.40386079570104916 0.39870127682765377 0.0923333521755576
0.2610446800410784 0.1008020925869666 0.008855874477369574 0.6292973528945854
0.1498260190299513 0.09365406008312427 0.08781790102647002 0.6687020198604544
0.1378599867485243 0.0037580104124707026 0.7477759839537427 0.11060601888526234
0.017331919935463236 0.26084514198261 0.60227938587115 0.11954355221077673
0.07246505796324121 0.6410637446720323 0.23469463034184357 0.05177656702288291
0.05023555474608932 0.08050891679832983 0.8679588001253201 0.0012967283302607324
0.6635429266868489 0.053890659161258014 0.22627486234729022 0.05629155180460288
0.16931272356439298 0.18479248470747067 0.03327286544633412 0.6126219262818022
0.05290352509277885 0.48698903021875917 0.1332937166140079 0.3268137280744541
0.2241720921622491 0.556918621152486 0.06942048796414602 0.14948879872111887
0.17684050720579414 0.008387007906765831 0.4562959060191111 0.35847657886832895
0.1576803046995462 0.055626869820458724 0.3419369163190268 0.4447559091609683
0.0721161154356601 0.6138869659311953 0.23874664098941245 0.07525027764373216
0.30448217977931225 0.35182546680819093 0.07348433882028749 0.27020801459220933
0.0415709280004769 0.07757599879646271 0.7232240155142047 0.1576290576888557
0.6089401865000075 0.057467516443142186 0.3015682946693037 0.03202400238754666
0.267023511841742 0.4057007871640248 0.024735847344886874 0.3025398536493463
0.15996464727464832 0.5952488198253995 0.11756077726321856 0.12722575563673366
0.5101813017674265 0.04251507399944798 0.44102216090825774 0.0062814633248677865
0.4322742472437593 0.1980125245175287 0.3063084594849633 0.06340476875374867
0.263394990697595 0.0011291182734101124 0.4581546761522387 0.2773212148767562
0.26883229662811836 0.15331041374424026 0.43582459687521613 0.14203269275242525
0.03832007833593443 0.34843540616901725 0.3320339742844004 0.2812105412106479
0.029429883845652594 0.1034888894287429 0.1359757923506799 0.7311054343749246
0.19513580829480015 0.37605413439245283 0.23576791820831722 0.1930421391044298
0.40608942260753966 0.3970067375261934 0.13371349378498942 0.0631903460812775
0.21733253164834898 0.12492513134932348 0.012968578492732918 0.6447737585095946
0.048596783290192236 0.35391114405639135 0.024811518327267357 0.5726805543261491
0.12474737731623808 0.28867289075181346 0.2352943213589631 0.35128541057298535
0.04954139199958063 0.0978666967788715 0.41601299306064987 0.436578918160898
0.33375383351084353 0.44770995774313893 0.16998605391416022 0.04855015483185732
0.4279405420176946 0.10562301289487663 0.2939999566560496 0.17243648843137915
0.16797686601183437 0.28796836880455523 0.4818272679482063 0.062227497235404106
0.5307899591648383 0.028555407935577315 0.08077449075902166 0.35988014214056274
0.047465790321446044 0.45544386190878594 0.18192180730363205 0.31516854046613596
0.07849929347475038 0.385603818359752 0.4516290874409533 0.08426780072454432
0.2902390548483993 0.078077212951283 0.031922834212506745 0.599760897987811
0.04824806298546602 0.5193534793782354 0.08190674418826371 0.35049171344803487
0.17371330990516998 0.717053422243426 0.08483848674397554 0.02439478110742843
0.28263761327233283 0.08777430731015967 0.6138304498319321 0.01575762958557536
0.14503601652960385 0.5016720351406937 0.06638731207113358 0.2869046362585689
0.6150177566750388 0.2653197917188581 0.049289796085729254 0.07037265552037386
0.04773419932390388 0.6772474052807259 0.18630066640895127 0.08871772898641894
0.18918237609275934 0.5424860931797901 0.06335975962029039 0.20497177110716014
0.47504592786223376 0.11792815150994862 0.38296203351985736 0.024063887107960258
0.03337776205672527 0.36505364611014046 0.1282780870465089 0.4732905047866254
0.050299663359801405 0.11318270593760238 0.34363700966308286 0.49288062103951336
0.41131520425672263 0.17736771312556399 0.014310855142804502 0.3970062274749089
0.17907689890519174 0.5157930868781463 0.06363052080265408 0.2414994934140079
0.48159441206260434 0.030806830892261994 0.1709313872425018 0.3166673698026319
0.8247454425880018 0.03491469826883353 0.054740795136860365 0.08559906400630435
0.6940143879727031 0.10489153312557342 0.0531127235728015 0.14798135532892198
0.17161198614079043 0.6655889191340139 0.02949060897978595 0.13330848574540977
0.07886996634346399 0.009999356736174136 0.7508960176545452 0.1602346592658167
0.2088799132437854 0.02063379148275335 0.23100577104283193 0.5394805242306293
0.010442422551755981 0.25864147143683647 0.28733897021040544 0.4435771358010021
0.5285607134044279 0.17338521053971412 0.06666898864065485 0.23138508741520314
0.6355390278771028 0.1338432950705255 0.12806742110775282 0.10255025594461886
0.008406556004809107 0.31055690441264183 0.11849851942856937 0.5625380201539797
0.28791606462452346 0.09193634115480087 0.4671814552800789 0.15296613894059674
0.2380072128402947 0.5875110065696503 0.09704130319705295 0.07744047739300208
0.0871220891219916 0.2843939536970851 0.545518445126061 0.08296551205486236
0.5118750004878613 0.37359723151646573 0.10297946217108467 0.011548305824588323
0.3468694640509168 0.1224365644697103 0.09164045361071294 0.43905351786866
0.6821012324514076 0.2361214350912525 0.048528009388465354 0.033249323068874514
0.24619230776011758 0.6158232893598509 0.1320400609660246 0.005944341914006945
0.414677754259151 0.09937795552296069 0.3626914357657046 0.1232528544521837
0.209497059640132 0.4118734190492681 0.14357425201268492 0.23505526929791498
0.262091210198812 0.08231302520200334 0.3909105417302491 0.2646852228689356
0.5373168379681229 0.12429282595444158 0.2337764277078912 0.10461390836954432
0.018289541387940922 0.006858722471758449 0.7905427265808284 0.18430900955947227
0.0895067935799162 0.4504506690133938 0.44100237821941 0.01904015918727997
0.13969623137899423 0.4196330037650585 0.3168519090275288 0.12381885582841845
0.3716902166333603 0.32252501342790607 0.16349189669228303 0.14229287324645057
0.26200109332842336 0.13997886915966096 0.03342018276613634 0.5645998547457793
0.6484809965894512 0.07703347136706296 0.023150987777941556 0.25133454426554425
0.16514966225788275 0.17363025648725428 0.40426601409134233 0.25695406716352065
0.12638309293544103 0.5522804695582596 0.23530388858731777 0.0860325489189816
0.4867925598190045 0.4177491189196608 0.0656762219859065 0.029782099275428187
0.5357747762551405 0.025944881939175102 0.4206898198292718 0.017590521976412643
0.3131958663584583 0.4719808546964923 0.0040034176894367945 0.21081986125561258
0.5274312725814454 0.31684090682983457 0.15152852095275504 0.0041992996359649926
0.01902092795849697 0.2948600271505185 0.49208674442162537 0.19403230046935915
0.13363116400932296 0.09565631583146739 0.6827861384296187 0.087926381729591
0.025272372678808996 0.5324821124168058 0.36259557174454426 0.07964994315984097
0.11777670268075391 0.031135543358206896 0.5252625357794081 0.3258252181816311
0.6189669962763305 0.11376297514997324 0.2101417309265723 0.057128297647124016
0.4396079408427711 0.012830557976797219 0.4626447894058958 0.08491671177453586
0.04357873619799946 0.09884904744524359 0.146326203969244 0.711246012387513
0.09112099176869737 0.14709450578394723 0.3511971234974608 0.4105873789498946
0.41151321213355563 0.19610710166180878 0.07223247154151502 0.32014721466312057
0.23936036907415037 0.08862375460249061 0.182909333621057 0.489106542702302
0.493972112946682 0.11122214215995196 0.06719877393940321 0.32760697095396285
0.06484316331156326 0.27354427934362235 0.4551013701619292 0.2065111871828852
0.1805260010215599 0.4956130352866509 0.18761632086632152 0.13624464282546767
0.3741205300397781 0.06685360131654716 0.5021640087198254 0.0568618599238494
0.7007177502647359 0.21867208505380697 0.07889746422110056 0.0017127004603565421
0.09344768847350238 0.27542178550277374 0.5687167849010821 0.06241374112264175
0.4262850559412441 0.5042009969365157 0.00884433412046881 0.06066961300177143
0.7142954941247118 0.05793877687890292 0.05121637817322178 0.17654935082316348
0.4416093422411238 0.1031655885412116 0.36504712428125163 0.09017794493641296
0.2975166414225432 0.18230286695941378 0.048504856172488786 0.47167563544555424
0.3223767184369666 0.1176662539620923 0.24963056168910758 0.31032646591183355
0.8055105497533066 0.1529027305588716 0.015337598849136214 0.02624912083868558
0.24159165306292796 0.1400069482179097 0.6090672831240662 0.009334115595096115
0.14676751031240787 0.38677545325590823 0.3111845417966055 0.15527249463507842
0.08132095197435363 0.7531019038199743 0.03511661233748531 0.13046053186818674
0.20673764022594354 0.04122063299604917 0.5085474815331684 0.24349424524483887
0.1319311387009935 0.3402662374156512 0.5202366930489358 0.0075659308344194764
0.6443441521349487 0.10488536506989943 0.24241463406194597 0.00835584873320594
0.41610513871874255 0.47703761608387374 0.06480396683181211 0.0420532783655716
0.03953864839046051 0.28228203336371627 0.6538318629683709 0.0243474552774523
0.17405665438643625 0.055148292474291094 0.04414765986630187 0.7266473932729708
0.3369505349059042 0.2962862169078504 0.2402722389756382 0.12649100921060719
0.43632746658165633 0.2738770344300724 0.1684492994265746 0.12134619956169668
