66 20 4 51.64197983843977 103.28395967687953
2.3885882031814822 2.2032960463005935 4.264169195591988 7.111979879010684 2.750050516004809 3.260893451382942 7.825747523820459 6.018567306061175 5.633226261049025 5.2101987608899005 1.7845840324806235 8.46185898049971 3.687765031108315 1.2821130048833398 7.102051809697108 9.131401296713845 5.630060664856522 5.851949268871605 6.978947647068161 6.706510797407241
0.47771764063629646 0.4406592092601187 0.8528338391183976 1.4223959758021367 0.5500101032009618 0.6521786902765884 1.5651495047640918 1.2037134612122349 1.126645252209805 1.04203975217798 0.35691680649612467 1.6923717960999418 0.7375530062216631 0.25642260097666797 1.4204103619394215 1.826280259342769 1.1260121329713044 1.1703898537743211 1.3957895294136322 1.3413021594814483
0.06782045585415553 0.09746938369320424 0.18812962859497595 0.6465805318576643
0.022255845574823185 0.06151385214249083 0.03173088866871521 0.8844994136139708
0.04921262324527098 0.31210584165822153 0.5799145984255065 0.05876693667100097
0.12615963249277695 0.17788490211960806 0.6406265672065402 0.05532889818107478
0.07794759840359955 0.8768203025363447 0.0022721898544848518 0.04295990920557091
0.10054094111621781 0.006182536953570517 0.4466512043410451 0.44662531758916657
0.6498547875612986 0.008922944664202626 0.05808077840892867 0.28314148936557015
0.039375286048070945 0.28201254446490287 0.3014083328426539 0.3772038366443723
0.5034058409507379 0.3152703393412264 0.0893046448005056 0.09201917490753009
0.06410831708174303 0.3476974925543965 0.23528401581040448 0.35291017455345597
0.08923164847502374 0.22765109932631855 0.4534918946277866 0.2296253575708711
0.20295372229767572 0.556564984972092 0.15042992642156783 0.0900513663086645
0.3995325702409235 0.3890546935744318 0.026538266668198363 0.18487446951644637
0.00051335293990451 0.5534957950127257 0.03212076706054379 0.413870084986826
0.21605432826126036 0.4309985905598025 0.15090593811448338 0.20204114306445375
0.24041373790070475 0.5121298138772746 0.11672888820947103 0.1307275600125496
0.46511899016714764 0.11747136675020775 0.2366509862253834 0.18075865685726122
0.27634670520559956 0.3486206555968817 0.037672731809307636 0.3373599073882111
0.033115383619756855 0.16883768835805246 0.32527133159499166 0.472775596427199
0.29261831209869504 0.17878088600351505 0.40966037934149213 0.11894042255629778
0.02664251284171837 0.34244328906277666 0.5102331894805503 0.12068100861495468
0.0869270271606033 0.009367115523172376 0.6747485790984239 0.22895727821780043
0.03131863219180253 0.18519367095871275 0.2487109371471099 0.5347767597023748
0.03834351621127252 0.14992415795681246 0.22594915980546326 0.5857831660264518
0.12631581198865216 0.039767198881253685 0.10197824491051855 0.7319387442195756
0.7486926215090324 0.03772176735992161 0.12136178904284678 0.09222382208819924
0.23054334798542442 0.03557805646559453 0.09583516188672359 0.6380434336622575
0.511416279711588 0.07984586295404106 0.22304670550011996 0.185691151834251
0.2741526253190497 0.03691133029561422 0.24171860948481394 0.4472174349005221
0.6644677325677852 0.03840664909476044 0.19547357964301004 0.10165203869444428
0.23351887329410048 0.18448505251993785 0.2857330049946053 0.29626306919135637
0.05823228051765861 0.4109498626068415 0.2269117080175349 0.30390614885796496
0.3956837635004705 0.1706956978044275 0.1325214599814455 0.3010990787136565
0.2990567315058612 0.24920390868194875 0.01068052409667486 0.4410588357155152
0.012914291089583307 0.11270118777251015 0.34340905811488065 0.5309754630230259
0.3718499611408528 0.12322779865759381 0.37235270945759436 0.13256953074395905
0.22049671055138453 0.04795009164792796 0.5550136259859314 0.1765395718147561
0.33124961180108303 0.082746835012672 0.18858439763568624 0.39741915555055873
0.3690542146523397 0.22678091724312155 0.3226672355895417 0.08149763251499709
0.05551293763748122 0.21285019628241897 0.26910949882622537 0.46252736725387444
