19 90 4 252.4506995699643 504.9013991399287
1.8778024157450641 7.851247450073707 3.2224417584969434 2.2431851872868758 3.983019069438383 1.7469960850620359 7.0477937315242 8.259344183454917 9.844677230897926 6.720946613171673 2.943309304424623 5.941246888758517 5.910039622083035 3.1066846583230148 2.023532587063715 5.496933403440592 2.368975801796092 5.794174725015426 4.483060916018941 7.194946450799479 4.356344407675536 9.515440404670533 7.996221262960363 6.47230872760709 6.537088329274621 6.786888411423911 3.416351564173012 7.751405337429039 3.58147440478138 7.3843845204361065 1.5830809792458904 7.208726313153122 5.969510501227097 5.984438322795047 4.118757668115313 2.5535166407577794 5.877393738068665 1.46592138714197 8.43001852063789 7.399602732082687 1.3975050039667143 1.6888290538206574 1.0930950559922112 9.948743400321481 6.3949950738723444 2.617649224882329 4.2794056176947475 8.774530543388366 5.052299508662531 9.742327916364744 2.220937990436866 7.441070344325025 9.288534255285368 9.418279802930748 9.426726179811324 7.054966403961509 9.450933718984563 5.71804957193857 5.040295813016592 1.2814982799896906 8.731940412772111 2.642759146207465 7.554785016957649 9.706314507964233 9.08484171285994 8.509343525118272 6.314570236255389 4.253133237341899 2.4834762708761606 4.961905843972299 7.841678691417675 4.980464495854026 2.1747105271301144 2.6383811078763078 9.97693599204676 3.4196671126423346 8.895386952957491 2.4756450419984266 9.544907098205506 4.601503010598607 6.874114409217493 7.3965940626082 4.608525988612989 9.206437061132974 1.485261052449573 5.456837469648541 3.246747765278246 4.136237754220602 7.6679755459034435 4.250413073625202
0.3755604831490128 1.5702494900147415 0.6444883516993887 0.44863703745737515 0.7966038138876766 0.34939921701240717 1.40955874630484 1.6518688366909835 1.9689354461795852 1.3441893226343347 0.5886618608849246 1.1882493777517034 1.182007924416607 0.6213369316646029 0.404706517412743 1.0993866806881185 0.4737951603592184 1.1588349450030853 0.8966121832037881 1.438989290159896 0.8712688815351072 1.9030880809341066 1.5992442525920727 1.294461745521418 1.3074176658549241 1.3573776822847823 0.6832703128346024 1.5502810674858076 0.716294880956276 1.4768769040872214 0.3166161958491781 1.4417452626306244 1.1939021002454193 1.1968876645590094 0.8237515336230625 0.5107033281515558 1.1754787476137332 0.29318427742839404 1.6860037041275782 1.4799205464165373 0.27950100079334284 0.3377658107641315 0.21861901119844224 1.9897486800642963 1.278999014774469 0.5235298449764658 0.8558811235389495 1.7549061086776732 1.0104599017325062 1.9484655832729487 0.4441875980873732 1.488214068865005 1.8577068510570736 1.8836559605861496 1.8853452359622647 1.4109932807923018 1.8901867437969126 1.143609914387714 1.0080591626033184 0.25629965599793814 1.7463880825544222 0.528551829241493 1.5109570033915298 1.9412629015928466 1.8169683425719882 1.7018687050236543 1.2629140472510778 0.8506266474683798 0.49669525417523214 0.9923811687944598 1.568335738283535 0.9960928991708051 0.43494210542602285 0.5276762215752615 1.995387198409352 0.6839334225284669 1.7790773905914983 0.4951290083996853 1.9089814196411012 0.9203006021197213 1.3748228818434987 1.4793188125216399 0.9217051977225978 1.8412874122265948 0.2970522104899146 1.0913674939297082 0.6493495530556492 0.8272475508441204 1.5335951091806888 0.8500826147250404
0.07858701687903547 0.34358144345884345 0.2085736406399803 0.3692578990221408
0.28752143607082925 0.5333134361652444 0.01435247294588804 0.1648126548180383
0.3330956994836386 0.3368482058518171 0.31349187571032044 0.016564218954223886
0.18849319518824292 0.15906453313559354 0.6372193436352231 0.015222928040940387
0.014979197663230304 0.6969662449111698 0.1211146008107461 0.16693995661485383
0.3136907146921142 0.16341339522372023 0.38450022051401334 0.13839566957015226
0.05655338856796899 0.24675129394020734 0.2806925720578889 0.4160027454339348
0.056686266327217405 0.0694446051127302 0.03604986982079039 0.837819258739262
0.31239040116674577 0.03565350922157584 0.26566164316293983 0.38629444644873856
0.25215345299998027 0.30528872677097696 0.04012839680435898 0.4024294234246838
0.2073784250938192 0.35233953774174653 0.04581867833068454 0.3944633588337497
0.060526567455402525 0.1230898470171331 0.483487094398387 0.3328964911290774
0.12489571073937256 0.46881922024114264 0.2532813179502621 0.1530037510692227
0.27274570667578024 0.4855625318232041 0.11306894591766203 0.12862281558335364
0.050327417125237806 0.29384966462893847 0.13344636907862684 0.5223765491671969
0.08203183389714397 0.28284414658489876 0.41943693538557025 0.21568708413238702
0.027473008201872595 0.08911981828544224 0.7420431133033205 0.14136406020936465
0.017534314743064883 0.1982734152404947 0.256652059407921 0.5275402106085194
0.19736489490056042 0.1179222023055212 0.01812996640823561 0.6665829363856828
0.15401655534776437 0.03859578078631354 0.44910705438577636 0.35828060948014573
0.49025892095773627 0.17382609646013947 0.0822152460722071 0.2536997365099172
0.5237772878351951 0.07163783799559609 0.3437763928058265 0.06080848136338235
0.13908707985752178 0.20461189711569294 0.13565053554487572 0.5206504874819096
0.3463125746312026 0.0834786679408912 0.4112862143978083 0.1589225430300979
0.1278628031348774 0.2893425607259741 0.3260931759604181 0.2567014601787304
0.20386769406588978 0.60066539713092 0.1362377642835435 0.05922914451964667
0.2865322895218563 0.2720639415737841 0.07143147082202994 0.3699722980823297
0.6149198892672592 0.06447473676530169 0.21750443505588513 0.10310093891155403
0.20099338300343494 0.1447172111888897 0.4292878916650492 0.22500151414262615
0.20264181019874605 0.10228949599964021 0.42681060855277175 0.268258085248842
0.1839425804312511 0.05413973543904227 0.34734199975552416 0.41457568437418246
0.010803173960604928 0.37747316697008726 0.36417824568459434 0.24754541338471348
0.1135557628288063 0.6031281894733369 0.10101146411510087 0.18230458358275592
0.18754649919092514 0.4149361649424387 0.3887487401659204 0.008768595700715753
0.2524708361827026 0.6340204029186496 0.03689194724026601 0.0766168136583818
0.023251633557041074 0.7710849305377363 0.04125582851078413 0.1644076073944385
0.2853041058506832 0.387348489465004 0.0930959562666368 0.23425144841767598
0.2027172757825173 0.2119394340343329 0.06473968614084014 0.5206036040423097
0.12833591690060864 0.10118463234428032 0.5344613291908737 0.2360181215642373
0.8544787156590115 0.005122122996709666 0.06987396416464509 0.07052519717963379
0.38883407519497726 0.42962401756047885 0.011848986928430616 0.16969292031611327
0.3207649278058813 0.13989746203203657 0.04622540470088232 0.4931122054611998
0.07381865143546895 0.0473175739218602 0.14555765836432444 0.7333061162783464
0.08978307168285915 0.8116525508792846 0.08834358613247295 0.010220791305383337
0.2939561917717949 0.30425271296663725 0.0786246443169849 0.32316645094458296
0.07112842487935045 0.34846122554271486 0.2627176037553889 0.3176927458225458
0.4769176472354605 0.247558037866218 0.2185652650641936 0.05695904983412792
0.757669355961117 0.08361736204705339 0.12726151859261936 0.0314517633992103
0.008110081570639638 0.04960025864542328 0.06323105804293394 0.8790586017410031
0.21063085630062628 0.08700374898289942 0.5257118753999264 0.17665351931654794
0.0969423737630496 0.11245175470403279 0.6737117972890387 0.11689407424387888
0.0891404032268931 0.1281174993169889 0.1795360937193714 0.6032060037367466
0.3620968695773541 0.09490525913897285 0.18212214560062612 0.36087572568304693
0.4534320641786288 0.09253049086418874 0.28459051374799793 0.16944693120918453
0.00470442709286778 0.4534409026816202 0.49887775091232756 0.04297691931318448
0.0394989219185653 0.42841011215273517 0.09312601716091673 0.4389649487677828
0.24828343079164206 0.054274856762299706 0.23569086555516705 0.4617508468908912
0.051630516538240134 0.5557842393326825 0.30498666302658084 0.08759858110249652
0.08114252193196714 0.5777051707769802 0.10499194440297122 0.2361603628880814
0.010649195240721943 0.18072975512584677 0.3892499063819268 0.4193711432515045
0.014911714483096028 0.2466200614312728 0.12327326150017948 0.6151949625854517
0.21684660784992438 0.28334390544302934 0.44461088407450255 0.055198602632543725
0.2822272847541446 0.3314460342880656 0.37222733090990157 0.014099350047888204
0.728485617622767 0.038785634419554404 0.05164329956499125 0.18108544839268736
0.09261285279727272 0.2421722926841482 0.5107003094752062 0.15451454504337292
0.18497884128670694 0.2750038006954193 0.32146429182524205 0.2185530661926317
0.5220762085438133 0.06780399653981284 0.3760772201945113 0.03404257472186256
0.35322080367255915 0.14204153207819625 0.10841554249960972 0.3963221217496349
0.08112635320772366 0.6260061320327548 0.10570155878017318 0.18716595597934838
0.19634817491186196 0.09031146766280218 0.5091322898766538 0.20420806754868204
0.09173527863870778 0.20235161201977148 0.30194495434017765 0.4039681550013431
0.19429718755939196 0.18834420473122238 0.03614355002765368 0.581215057681732
0.14026637455174173 0.733907716051932 0.05811264325049681 0.06771326614582951
0.6976427597551736 0.2615276642541443 0.023786762455194288 0.017042813535487755
0.23773787479031094 0.39408661783257837 0.27050012379151667 0.09767538358559402
0.1903017445277675 0.027591884433443847 0.7510785292821031 0.031027841756685604
0.1766451647301449 0.2315963422480023 0.5038591374444267 0.08789935557742612
0.17493302734296812 0.0472714726048965 0.3184018100287005 0.4593936900234349
0.12592927937666076 0.005415839805746336 0.7822856593818253 0.08636922143576764
0.5227192675562694 0.07990311659478888 0.18979738380395128 0.20758023204499043
0.09584423436427925 0.32556030994703145 0.06990784590577082 0.5086876097829185
0.3333655777590522 0.12034000238674825 0.35297670872684284 0.19331771112735674
0.35895076154781613 0.08304917852002203 0.1004969280994944 0.45750313183266744
0.07236750781159884 0.2574315314699942 0.4427366699825881 0.22746429073581886
0.21340258010933122 0.41009215144647027 0.25752652823745115 0.11897874020674737
0.15138792244414379 0.12488256016413768 0.09458490639384842 0.6291446109978701
0.4751667308020606 0.16719661233025906 0.18149912461451134 0.17613753225316897
0.3003605922904359 0.1284564307695284 0.2130494376824087 0.35813353925762703
0.0076840090869156885 0.1941532323862224 0.06932479208470954 0.7288379664421524
0.5399839576185861 0.05361861266660528 0.14685997329679723 0.2595374564180114
0.06326975075740693 0.14259647268577147 0.7683646272262177 0.025769149330603924
0.08207576786149495 0.29939384199497476 0.43518766580540547 0.18334272433812482
0.6756317627705831 0.2173298846210644 0.06623765215160071 0.04080070045675177
0.34828456138236175 0.28338098238536746 0.11996569532350188 0.24836876090876892
0.1420305629591706 0.7145096238692461 0.0007342850226786934 0.1427255281489046
0.09318029011083084 0.5480422024019153 0.15458162121571517 0.20419588627153873
0.2670659728825079 0.06436332926967847 0.5788228095372758 0.08974788831053782
0.029364493641441447 0.0702366502750218 0.0512802494796506 0.8491186066038862
0.07022964247308394 0.27918574027483256 0.2103852338568739 0.4401993833952096
0.3118984598798553 0.21356744859071464 0.06939059301495931 0.40514349851447073
0.07536713361265246 0.3045240633749696 0.007757252051271979 0.6123515509611059
0.042419133629680195 0.027660119844722164 0.4162831435633433 0.5136376029622544
0.23371067335722562 0.2783930068171666 0.23268688260926318 0.2552094372163446
0.24418834657693944 0.015446431215246692 0.5734258790379647 0.16693934316984915
0.5207618809423598 0.326289627813383 0.05124219257795393 0.10170629866630332
0.09833603119427892 0.007993531018327449 0.7580876569435131 0.13558278084388053
0.11010505217052724 0.013493973050685448 0.3014038520269311 0.5749971227518562
0.08268172460873968 0.32892759145849626 0.3460934750508521 0.24229720888191197
0.14802901927812395 0.07716668903865864 0.21942313943482894 0.5553811522483885
0.5264376884308806 0.32630689418990355 0.12758376508228986 0.019671652296926023
0.0571361284285018 0.17499090898964342 0.2520610594791559 0.5158119031026989
0.09243052796434459 0.5672081849910803 0.29393147258609387 0.04642981445848127
0.49919534177933633 0.282917219447831 0.17542861176650648 0.042458827006326194
0.09126212613680684 0.011691127302421611 0.5915301957486777 0.30551655081209383
0.15282440000454978 0.24547859482892176 0.0594470972185317 0.5422499079479968
0.42255596965201847 0.17447926002691128 0.20053680709537258 0.20242796322569767
0.3431823041372002 0.022150932316541416 0.23642585118837545 0.39824091235788295
0.7201669376618975 0.012194925278590563 0.10551760315273195 0.16212053390677994
0.23143007474648547 0.49285335769323946 0.131547991430227 0.14416857613004808
0.5303706067571673 0.012470314502645019 0.27995673819021716 0.17720234054997053
0.006081184955352259 0.16399454642325773 0.5562449657802683 0.27367930284112174
0.2725014453160701 0.06559393481234244 0.511810780240106 0.15009383963148148
0.1532325276552976 0.3518867056021323 0.4891512068581584 0.005729559884411706
0.10519718911399789 0.2609043462634161 0.06622430187735018 0.5676741627452359
0.18808572503910304 0.14780388108793518 0.14379196068760502 0.5203184331853568
0.10117916502015534 0.019566428230567312 0.551393402404339 0.32786100434493837
0.1191770675391467 0.31924410393963765 0.3580597245265684 0.20351910399464723
0.0052177065537575285 0.10473864050421766 0.6256897765408815 0.2643538764011433
0.4953350780057034 0.28738362647940363 0.10367184546280239 0.11360945005209055
0.1343566036345819 0.02501907721661767 0.4676839574111724 0.372940361737628
0.6071513282276902 0.22356777226422508 0.08961326648196044 0.07966763302612423
0.006544831683600094 0.41713162543667626 0.0643911530140332 0.5119323898656905
0.2280111038302679 0.11571946194951077 0.65318245741198 0.0030869768082413263
0.09687492049327273 0.09872422035559336 0.7666541751194061 0.03774668403172776
0.2184702336960579 0.28630929425120744 0.2504999434977285 0.24472052855500614
0.49713828384011716 0.04376729885193986 0.13923288877976125 0.3198615285281817
0.28913522661955204 0.25673748051227163 0.08681988781272965 0.3673074050554467
0.15589071179530112 0.007484510384933807 0.3662817018577529 0.4703430759620122
0.21556355701781382 0.08164851770457071 0.3646371884390619 0.33815073683855357
0.1342387532760161 0.3607155717791558 0.3209923146705016 0.1840533602743265
0.3533510241693363 0.3681127642425499 0.19507783701494474 0.08345837457316907
0.6343565006749879 9.946870013255449e-05 0.042915741078315084 0.3226282895465644
0.43764560524207763 0.37867913692412125 0.06711398737887886 0.11656127045492226
0.10179076462800551 0.47737298509553727 0.23936291855690284 0.18147333171955438
0.17932972521218804 0.45430413266219805 0.1445768041545764 0.2217893379710375
0.3264989512153962 0.08275100997817142 0.3340833073040914 0.256666731502341
0.08695106746576786 0.3075793215274807 0.39692615729180536 0.2085434537149461
0.3546058917377045 0.015647151383512692 0.23376524569796586 0.39598171118081693
0.04886475537023183 0.7034453108000746 0.06477861639936278 0.18291131743033084
0.19273467202063266 0.4325529379738635 0.009566280471949962 0.36514610953355386
0.23620239810273402 0.1150223351140609 0.0830759388454696 0.5656993279377355
0.08937897132779538 0.1651528173075486 0.7044102474927856 0.04105796387187044
0.5630624299618642 0.15413379872608746 0.01959073403663547 0.2632130372754129
0.03907460555532227 0.0037720680976219834 0.5688673031055509 0.38828602324150485
0.08687420474552421 0.01439403680626039 0.5781490739311298 0.3205826845170856
0.19489726198269763 0.00491813814334241 0.10921839881272 0.69096620106124
0.23890409052452966 0.29019609888163544 0.07645699470723821 0.3944428158865967
0.4071574513723166 0.06928713228593497 0.388626758917768 0.1349286574239804
0.01197635742207459 0.040508596170506284 0.9283310149525968 0.01918403145482228
0.4267019515617152 0.21816600838251088 0.13142406431749443 0.2237079757382795
0.06312860202951531 0.2536360629318869 0.4272768306336633 0.2559585044049345
0.2549466040659918 0.2699793730431985 0.33032559774415216 0.14474842514665753
0.2340678558662561 0.018850749734221184 0.1788114809914283 0.5682699134080944
0.2564432131415656 0.002491621448787562 0.015187145639072419 0.7258780197705744
0.11747860133040244 0.06125554722544291 0.2762024414827309 0.5450634099614238
0.14984638828851626 0.6031002270460301 0.06317579840346443 0.18387758626198925
0.2957217836029564 0.12928718911612236 0.4098595474426714 0.16513147983824983
0.35148596089229533 0.41101706441947383 0.21222614673239426 0.025270827955836572
0.2825278712312215 0.26183533571406814 0.2825209286723044 0.173115864382406
0.1823408524645499 0.34816566045845654 0.10400801441923557 0.365485472657758
0.06344104241893844 0.27058498369321204 0.008546085082265509 0.657427888805584
0.5852110824515446 0.181081661023765 0.010902459233187889 0.2228047972915025
0.03454192885521756 0.00035868035898733996 0.27975817077224374 0.6853412200135514
0.13823085759362919 0.24442640350245226 0.39672519411188845 0.2206175447920301
0.4767747007986082 0.05272427364035881 0.1680303602162565 0.3024706653447765
0.15978750425922517 0.4656051943716909 0.23389680083487796 0.14071050053420597
0.2507023493342907 0.05686123495407713 0.14611287995180167 0.5463235357598305
0.01515632175397219 0.5426757579511171 0.32396556051419545 0.11820235978071525
0.4225796477177962 0.3339775141747925 0.09273809657689913 0.15070474153051217
0.3006391555235396 0.19627728923071386 0.207066503704473 0.29601705154127356
