81 50 4 136.85141644241472 273.7028328848295
4.198772060247128 4.067639890203715 9.397957980534128 9.224372670805238 8.537182555387549 1.5353925915241535 3.233892026089046 5.582074999686456 1.805897989422977 8.066357984904393 4.592003423404422 4.98425848422054 7.914851932617836 6.09488257740724 3.2083194483127198 5.905059994124724 2.301125987332957 5.040362768034796 5.188642325647429 7.457417492186885 9.587968702399522 6.623395602864567 4.762607227551886 9.045478975630624 3.9307269907203866 9.84430121741569 7.391172885382268 9.300403515221337 9.898734191948389 7.540386103566907 3.979050156360849 3.413753380948246 1.9231503278847049 2.6686392263623553 2.7949344747220195 6.2154008641991885 3.310546179817458 3.973006688051278 1.7303794693816883 7.434365385666588 3.605274669312484 5.659400015594273 2.941014821396845 4.3357407209203505 4.0858632740815715 2.4144658114657935 8.513244144270601 3.4916268587459265 4.983357536937671 9.96797828391369
0.8397544120494256 0.813527978040743 1.8795915961068257 1.8448745341610475 1.7074365110775098 0.3070785183048307 0.6467784052178092 1.1164149999372912 0.3611795978845954 1.6132715969808786 0.9184006846808843 0.9968516968441079 1.5829703865235671 1.218976515481448 0.641663889662544 1.1810119988249448 0.4602251974665914 1.0080725536069592 1.0377284651294858 1.491483498437377 1.9175937404799044 1.3246791205729134 0.9525214455103772 1.8090957951261248 0.7861453981440774 1.9688602434831382 1.4782345770764536 1.8600807030442674 1.9797468383896777 1.5080772207133815 0.7958100312721699 0.6827506761896492 0.38463006557694096 0.5337278452724711 0.5589868949444039 1.2430801728398377 0.6621092359634916 0.7946013376102556 0.34607589387633764 1.4868730771333176 0.7210549338624969 1.1318800031188547 0.5882029642793689 0.86714814418407 0.8171726548163143 0.4828931622931587 1.7026488288541202 0.6983253717491853 0.9966715073875342 1.993595656782738
0.022025527590031402 0.676272978946748 0.28151918876500037 0.020182304698220244
0.0069532511826085885 0.08008446795215718 0.7670838124857475 0.1458784683794867
0.012587087275658715 0.42768185207231213 0.2908641584233357 0.26886690222869347
0.2679841468862566 0.20775824354665673 0.47663073167115444 0.04762687789593223
0.04083970868276243 0.5100295513292917 0.44543049384235645 0.003700246145589392
0.08306212511317357 0.023491654838469378 0.4611425042261952 0.43230371582216187
0.07911471629365008 0.07657999491802614 0.08935426871309038 0.7549510200752334
0.1280354609557326 0.4744660367048581 0.060520250092928496 0.3369782522464808
0.046382649360062866 0.4297487946022024 0.4485574588928761 0.07531109714485862
0.4507028389280475 0.13386660096220626 0.37898726350329315 0.03644329660645307
0.06088365894147585 0.0703034807633145 0.553691003844255 0.3151218564509547
0.10761803630353017 0.6336212504622424 0.09187475952031787 0.16688595371390957
0.19620813298795314 0.043999398611575424 0.2994534074834865 0.46033906091698495
0.2060372262727187 0.389990424625433 0.06887679640292654 0.3350955526989218
0.12025308283921476 0.11092561016082203 0.4214122635666572 0.34740904343330603
0.13630742491478076 0.38711583087464896 0.04308414203091171 0.43349260217965857
0.35336875330845785 0.5156477158390752 0.06996615182401755 0.06101737902844939
0.19120558591544756 0.33098533352644643 0.0282548341208837 0.4495542464372223
0.09682965004841049 0.2779348550437354 0.1796195636296195 0.4456159312782346
0.013771296965146451 0.01930812796223358 0.24861056476389087 0.7183100103087291
0.03396623305970381 0.02096288010194003 0.61097503809265 0.3340958487457062
0.2056526941411012 0.10477586317064358 0.09865986551977224 0.590911577168483
0.1572468608134957 0.3273119910993997 0.2180937369065259 0.2973474111805787
0.021855390558579102 0.21819471639443 0.06674633473372138 0.6932035583132695
0.275112466058165 0.2905878092714588 0.26045699221277896 0.1738427324575973
0.14311675236917587 0.5668991973459792 0.22366816186618987 0.0663158884186551
0.1424474695602158 0.1472888362041156 0.0215934982801832 0.6886701959554854
0.4060507214731959 0.2577625256777729 0.07095361155479574 0.2652331412942355
0.0568759414468496 0.2697871980498494 0.6156984163958898 0.057638444107411146
0.07875212036099988 0.4387300687278899 0.2582020555973473 0.2243157553137629
0.08158497261509834 0.46303860412568 0.43081574093528974 0.024560682323931937
0.19899905504246795 0.3054794393149409 0.01562938971914729 0.47989211592344383
0.057488754154399246 0.09533450605904004 0.4728723305830248 0.3743044092035359
0.47197029684911573 0.3531803615030046 0.0757907977857255 0.09905854386215418
0.09003658115021806 0.002971784857643489 0.1524799349025039 0.7545116990896346
0.46788556404129633 0.041422860830419794 0.48479403396702636 0.0058975411612575135
0.6207151664593048 0.25997655122052277 0.03757051881620688 0.08173776350396555
0.1269951527433325 0.2667322939237754 0.297505286710926 0.3087672666219661
0.14730515499176722 0.0003454322735916282 0.6201118127976959 0.23223759993694526
0.11742545307001029 0.07390803535158619 0.5462871585549529 0.2623793530234506
0.18671611014629186 0.25259401867784703 0.39038270598975655 0.17030716518610456
0.09817580934987169 0.009149367637325434 0.6145204522190449 0.27815437079375793
0.4050191658684187 0.12522728171581643 0.4017527561858254 0.06800079622993949
0.31109749693273414 0.5122809731305982 0.12872067859833636 0.04790085133833133
0.05082383007423641 0.15182111005442966 0.06227715683542512 0.7350779030359088
0.11784233255601684 0.5228924780502008 0.16835638302819877 0.1909088063655836
0.12245281684624365 0.23556176618655722 0.309200684931772 0.33278473203542713
0.052230696979732594 0.5845650806003049 0.02810281553268723 0.3351014068872753
0.44818564522392357 0.2699104048629126 0.1616526204627906 0.1202513294503732
0.20070203804045006 0.33748280511155904 0.374918384142226 0.0868967727057649
0.30535163927104414 0.03368757749027873 0.4015091833755363 0.2594515998631408
0.17528303618890018 0.5568272860526206 0.02343998083129506 0.2444496969271842
0.13659101826204145 0.1174175416076435 0.18107618864618635 0.5649152514841287
0.21143189261989315 0.08189952948346324 0.44200627431271966 0.26466230358392395
0.40425697174572606 0.24415909415521242 0.01308776414331303 0.3384961699557485
0.8427408101689403 0.10096406839546745 0.0006760907064322641 0.05561903072915997
0.22343516890818005 0.038803212373128115 0.02949941650465515 0.7082622022140367
0.21560899090434793 0.3605969473028836 0.18761128235342694 0.23618277943934152
0.45222129136975997 0.08423231151639743 0.16406143529140882 0.2994849618224338
0.41124048721712325 0.1333734023714831 0.2818525674395722 0.17353354297182144
0.2834035990697805 0.18082115548425226 0.411062802174496 0.12471244327147124
0.17604394220306974 0.005929809435634703 0.050475414459205004 0.7675508339020906
0.0724902984689032 0.2853153309252796 0.04271941700716375 0.5994749535986534
0.028499595505352193 0.03157481552129571 0.4775461416251304 0.4623794473482217
0.03189516307948903 0.26341631316537306 0.42610171747149317 0.27858680628364474
0.41467119755888515 0.11152839157143501 0.35385814710929286 0.11994226376038697
0.3881560678577767 0.34455913801754023 0.25008769796203767 0.01719709616264542
0.42883746694439284 0.41017507923674057 0.12312517868980277 0.037862275129063816
0.36031207845752744 0.152697502133337 0.18551770721900485 0.3014727121901307
0.39678352911925874 0.2262672611175358 0.02881656866389526 0.3481326410993102
0.5512014254664871 0.3797956304044905 0.06469860306166642 0.004304341067355999
0.19423401528386508 0.7551654489360105 0.03349355015253508 0.01710698562758939
0.5432477922633729 0.31799952908375884 0.04542092632478678 0.09333175232808144
0.14510773611335337 0.5051608152318843 0.20150631927307638 0.14822512938168597
0.054656501059579976 0.5947188938917364 0.10864278472950628 0.24198182031917737
0.34428460455275667 0.21651619573886105 0.007211357194338408 0.4319878425140439
0.1910931457078946 0.3985565505884908 0.2576330863538917 0.15271721734972288
0.5049274843459005 0.3114488104658324 0.07063088302904108 0.11299282215922601
0.0704901271704601 0.6087158480067442 0.14257654787659269 0.17821747694620305
0.37297702292394386 0.11437735790516557 0.3835338945469474 0.12911172462394316
0.2989928491046381 0.38570448030047855 0.009922923225874736 0.30537974736900864
0.014567147037248929 0.3961380804554947 0.07199481314800249 0.5172999593592539
0.1706580159948633 0.3515031666732302 0.20961280648774994 0.26822601084415654
0.534875016836107 0.07132305758037294 0.031181756350596612 0.3626201692329234
0.2634671141261997 0.027606278804732653 0.06355719031285345 0.6453694167562142
0.08936362090724081 0.04835845936532768 0.8095460946723202 0.052731825055111314
0.02762125272685878 0.004484594481940829 0.8389717706304924 0.12892238216070795
0.057881655550596656 0.3955376330822489 0.18669777055442838 0.3598829408127261
0.09570134171816158 0.5130135238145958 0.016344533402899764 0.3749406010643429
0.19051780761455916 0.43576326831324896 0.08959962679010947 0.2841192972820824
0.7302945198104652 0.022633570774374112 0.11421109042076616 0.1328608189943945
0.17382164845695625 0.1403977097380008 0.44227200103065845 0.2435086407743845
0.49336668191787825 0.013065980859138793 0.3368650885818639 0.15670224864111904
0.07342838786529449 0.1967738612557567 0.32739479214833456 0.40240295873061427
0.04251117602290022 0.059103290480139514 0.7946817538354568 0.10370377966150346
0.671226118303384 0.16548799854110796 0.09016061163542688 0.07312527152008119
0.312090617589995 0.3455637768161127 0.17513283112005695 0.1672127744738353
0.13137702267776774 0.1436451350303839 0.1701198979034415 0.5548579443884069
0.5140153416775892 0.04533048035662046 0.33295711102661474 0.10769706693917558
0.07125062223438405 0.3873696936143568 0.36216254819569715 0.179217135955562
