63 90 4 264.27540468555577 528.5508093711117
5.985469202505278 4.566231043348301 1.4331409532206902 5.731053049835674 2.377347236307013 5.500091448947385 3.304781017445328 5.887838420825595 5.934395075666245 3.032098424709843 1.8032167985742558 5.066826627134538 7.960460596276131 7.139031848248497 8.759271930191854 5.084604967186923 6.124959653745853 1.047449284762255 8.870717967444769 6.200914112479511 9.507061736478468 9.02608189499293 7.136916487656036 9.01315824084015 2.741154005895508 8.22303531750521 1.2106941115426657 9.283960581194181 7.021939314462561 7.679339228261873 9.692987380152529 4.598442966835718 3.831794405201358 5.419872210551693 3.6607142404928146 5.872932140430616 3.6378334282610307 3.1227598127561733 7.296359538281815 4.121907830043984 5.129775818573659 6.421680100854232 1.9921075675847255 4.614962143680816 3.3568051453416228 6.387557030609624 9.191360333760848 2.6297186456882176 9.87807500540809 7.185379423830334 6.023006803084443 9.47643233322125 7.037882067392939 6.442140912815908 4.646787801130948 5.8410761339496124 9.70994765652213 1.4925737556199745 9.211950697635825 8.623743325283238 9.577007314133828 1.0232184747369852 9.260346241033682 8.413696103753317 5.963822319840654 7.632359501605828 9.426612024919008 3.2502370688803515 9.832200952678228 6.0214789015279635 5.384852208382174 6.404577478063838 6.424084258581782 6.461694444415674 9.723659581492603 6.579190387311438 4.088628406294159 2.6706498229352036 8.892145551718968 8.198977005405512 2.447251265515667 7.6613485282601745 7.643095889034121 1.9326539763415789 2.3852955299976566 1.172812018619132 5.345332536608238 6.478038980963205 7.199074951838483 1.8546604135405262
1.1970938405010556 0.9132462086696602 0.286628190644138 1.146210609967135 0.4754694472614026 1.100018289789477 0.6609562034890656 1.177567684165119 1.1868790151332491 0.6064196849419685 0.3606433597148512 1.0133653254269075 1.5920921192552262 1.4278063696496994 1.7518543860383708 1.0169209934373846 1.2249919307491706 0.20948985695245098 1.7741435934889538 1.2401828224959022 1.9014123472956936 1.8052163789985858 1.427383297531207 1.80263164816803 0.5482308011791016 1.6446070635010421 0.24213882230853315 1.8567921162388363 1.4043878628925122 1.5358678456523747 1.9385974760305058 0.9196885933671435 0.7663588810402716 1.0839744421103386 0.7321428480985629 1.1745864280861231 0.7275666856522062 0.6245519625512347 1.4592719076563632 0.8243815660087968 1.0259551637147317 1.2843360201708465 0.3984215135169451 0.9229924287361632 0.6713610290683245 1.2775114061219248 1.8382720667521695 0.5259437291376435 1.9756150010816182 1.4370758847660667 1.2046013606168886 1.8952864666442502 1.4075764134785878 1.2884281825631816 0.9293575602261896 1.1682152267899224 1.9419895313044262 0.2985147511239949 1.842390139527165 1.7247486650566475 1.9154014628267657 0.20464369494739704 1.8520692482067365 1.6827392207506633 1.1927644639681307 1.5264719003211655 1.8853224049838015 0.6500474137760703 1.9664401905356457 1.2042957803055927 1.0769704416764347 1.2809154956127675 1.2848168517163565 1.2923388888831346 1.9447319162985206 1.3158380774622875 0.8177256812588318 0.5341299645870408 1.7784291103437937 1.6397954010811024 0.4894502531031334 1.532269705652035 1.528619177806824 0.3865307952683158 0.47705910599953133 0.2345624037238264 1.0690665073216477 1.2956077961926409 1.4398149903676967 0.37093208270810524
0.4465376354012137 0.10423713917189403 0.3669868737941744 0.08223835163271787
0.12542122434175307 0.00275063797743913 0.8300430319482845 0.04178510573252325
0.39694022284780095 0.008959909602082483 0.2857182980488847 0.30838156950123186
0.3119102614035103 0.018100601985334697 0.3376821518957299 0.3323069847154251
0.14881209990661093 0.41331056888464 0.1119796762888996 0.32589765491984946
0.6490412112103092 0.004963932120152781 0.32546126505956763 0.02053359160997037
0.22507638098068572 0.2852169281713137 0.11463229964559862 0.37507439120240194
0.08589182170647036 0.0079305233251169 0.8356418403752235 0.07053581459318925
0.2609389101321983 0.028554378839155015 0.58675363292866 0.1237530780999867
0.5496276567844249 0.21247077274131254 0.09444985936218564 0.14345171111207689
0.0761475461744674 0.088544632299985 0.48331000823594084 0.3519978132896068
0.08513150781720502 0.06418091429612038 0.5289397150123765 0.32174786287429813
0.026578721191264365 0.1014152120219648 0.22141058810962266 0.6505954786771482
0.21004189284184815 0.3468342139760845 0.13703187340766232 0.30609201977440503
0.39809909780134733 0.27080491232300785 0.04700660746812535 0.28408938240751946
0.13337320043053236 0.20950308450877664 0.34670099555773704 0.31042271950295397
0.025856249217368732 0.3319459745113147 0.593017592953551 0.049180183317765525
0.16343741627177077 0.19443692961535175 0.28274415541980824 0.35938149869306923
0.14739786431636126 0.1239317930653625 0.24680042892331122 0.481869913694965
0.086952214896727 0.5672051890689734 0.014758200360430185 0.3310843956738694
0.23855393010578585 0.13511189489404485 0.05301301615732823 0.5733211588428411
0.09071171938033062 0.05052827228113965 0.6994452263701506 0.15931478196837912
0.5460417262478179 0.20672750561027808 0.22003219694302 0.027198571198884025
0.14973843761232075 0.40023591895337185 0.26979655388223855 0.18022908955206884
0.2578881752845422 0.543311532196885 0.03808643643787335 0.16071385608069944
0.18336482824126743 0.06047510460127237 0.5765711599650909 0.1795889071923693
0.01394034131267341 0.2695825857051166 0.6256609800222327 0.09081609295997728
0.4307664795049615 0.17670121694657348 0.1460321008420441 0.24650020270642092
0.013322760542641032 0.12117382887617267 0.36400976045967226 0.501493650121514
0.1622691025577182 0.5847014865905897 0.21552489354852644 0.03750451730316562
0.13083146724199413 0.009788257313237292 0.04870844491606785 0.8106718305287007
0.3741431869079963 0.16056794222914939 0.1293338189727279 0.3359550518901264
0.2571106011587466 0.2716776326809195 0.20771639843973244 0.26349536772060145
0.22951705159564018 0.4575448913370638 0.04450602864550035 0.2684320284217957
0.054515126524603885 0.42516047190904915 0.2671893037807649 0.2531350977855821
0.38003208485081086 0.3769481341173737 0.09731842874900143 0.145701352282814
0.2039601224851485 0.5183410817173109 0.25807801564487964 0.019620780152661
0.333350829740222 0.6385635668510478 0.018423188813317726 0.009662414595412505
0.09996075056969433 0.16019446387633474 0.4306920073919256 0.30915277816204534
0.24984090013739935 0.3504261715910203 0.08970899251112419 0.31002393576045617
0.28014864452579313 0.1468295671541564 0.3732124419987538 0.19980934632129665
0.052223979288627986 0.20330017071256268 0.08622290754912632 0.658252942449683
0.05269636984746018 0.17987947504118906 0.22251418129935474 0.544909973811996
0.15295296746515286 0.45757246461895684 0.24899603613323007 0.14047853178266023
0.10779933726585977 0.34176253442261106 0.13432251082766444 0.4161156174838647
0.1705685119684679 0.1833490617628194 0.21285267875009495 0.43322974751861776
0.3040771435637275 0.02210703081528964 0.5297810851991401 0.14403474042184272
0.1912522345562252 0.16065744289658968 0.18721616262589358 0.46087415992129155
0.35008607395685853 0.4615104532685146 0.06700259848503809 0.12140087428958879
0.43979104422600535 0.01805589867334656 0.36199343293710373 0.18015962416354436
0.011423110506500245 0.8092095218266987 0.12191490679370776 0.0574524608730933
0.28718823127121296 0.226863409370737 0.37622678187398106 0.10972157748406897
0.6103057291669376 0.09903024541656746 0.039208585398458284 0.25145544001803666
0.681577673201815 0.0046696961467649345 0.002198303530023704 0.3115543271213964
0.2672060877071438 0.07678907660613221 0.12929141287130042 0.5267134228154235
0.294003240284719 0.6161642359124967 0.027834271414842515 0.061998252387941766
0.5127221515483291 0.30386155827242756 0.12213152745480216 0.061284762724441166
0.07097139369442473 0.02864470131880159 0.674919750999091 0.2254641539876827
0.09038196468348703 0.4718989262019916 0.41964835512077725 0.018070753993744137
0.08876790709689542 0.7927385155613182 0.028049317240297467 0.09044426010148887
0.3553388645888952 0.1084797551949308 0.34274814215789706 0.19343323805827695
0.6195852830154542 0.19911095673223767 0.11789097177777319 0.06341278847453491
0.1916579020111212 0.41558677490667983 0.3109126140463674 0.08184270903583157
0.323505518390547 0.2356354304231877 0.08996823188763325 0.3508908192986321
0.10723351963556316 0.608559328793389 0.16542093528158275 0.11878621628946506
0.12614507809988573 0.02991339564703932 0.6798393195008107 0.16410220675226428
0.26150844203346213 0.16827192471372276 0.463824119578212 0.10639551367460309
0.05210160413454823 0.703107984237358 0.1293416950496914 0.11544871657840239
0.2044863060981491 0.011522554144954622 0.3751652639431978 0.40882587581369845
0.021935809896507674 0.009834902430910786 0.3188619294936702 0.6493673581789113
0.17632296330194708 0.497991003947037 0.1767384580490997 0.14894757470191622
0.21862381299328204 0.5482732794356159 0.018444363196531754 0.21465854437457033
0.5499593949709919 0.09084874348508121 0.1645672632230344 0.19462459832089252
0.0008707062752950634 0.15558898979282676 0.17206474824108053 0.6714755556907976
0.17847670216022749 0.06666970764129176 0.41424735139738356 0.3406062388010972
0.057171259897162985 0.7537076543975961 0.15657305588624115 0.032548029818999735
0.3157254895420114 0.43532140281637577 0.09407283607557004 0.15488027156604278
0.30036387992546676 0.39938540452476956 0.23865893343789102 0.06159178211187266
0.5252399173741469 0.021174973638054206 0.4322184420246107 0.02136666696318823
0.10051359435018814 0.13092727683137317 0.08400242580347406 0.6845567030149646
0.5166950565597269 0.017159702939636312 0.27510660745229676 0.19103863304834
0.045872437379102404 0.055783061775257825 0.400023961957078 0.49832053888856176
0.38007685963368976 0.3194194317980197 0.22155155968025508 0.07895214888803548
0.15844580808104214 0.47413931723249814 0.13716277807115207 0.23025209661530766
0.09390931765643407 0.5782879143818849 0.27080889470382563 0.05699387325785543
0.744335663711964 0.013633258133161852 0.1063966581206287 0.13563442003424542
0.017584688044776642 0.08536113819956503 0.3870347031255198 0.5100194706301385
0.04298184709698294 0.4173687155995959 0.3622540198950721 0.17739541740834908
0.11149292495558127 0.20477849956054028 0.47038917616514975 0.2133393993187287
0.05609205461954214 0.6241819242944068 0.02705155056987052 0.29267447051618056
0.020468516786217972 0.294752354861365 0.23639220232067104 0.448386926031746
0.0625368175255695 0.17609020691275334 0.18825317438629985 0.5731198011753773
0.23391572794400706 0.17522231894177842 0.34498255350564744 0.24587939960856708
0.37577170299566 0.12652452578018059 0.4229068610023683 0.07479691022179114
0.08650182292070141 0.6262711809958312 0.11479043608311734 0.17243656000035001
0.35114942167279584 0.4456600106079359 0.18292677676764324 0.020263790951625005
0.12998945288880792 0.7375024400636451 0.006138581891923067 0.12636952515562394
0.2990872963019978 0.3432622453551961 0.017933511837117555 0.3397169465056885
0.05492180165587002 0.2607452843991087 0.5907796621894599 0.0935532517555614
0.28978730710089773 0.010101568217882773 0.3142233978124498 0.3858877268687697
0.3049462774960804 0.17563478699780577 0.37345384671287574 0.1459650887932381
0.075708051339623 0.32625656741479414 0.18936605629061942 0.40866932495496344
0.30872011247025155 0.08738129939417916 0.16164091600634334 0.44225767212922595
0.011905032020026574 0.023926845943250563 0.581837965854442 0.38233015618228083
0.4637377038735673 0.16004140144769763 0.250101913155686 0.12611898152304912
0.18800805799339482 0.3620782812233906 0.13604487450181235 0.31386878628140225
0.1426261488874676 0.10657715303249271 0.36647251880988474 0.38432417927015494
0.6045975418016165 0.2625176313689306 0.10871543111519011 0.024169395714262798
0.19336911262702916 0.4503165563359849 0.016689363375667954 0.339624967661318
0.1231851780583667 0.3963185363012536 0.01835331239630844 0.4621429732440713
0.39993218136955055 0.26607134226464346 0.0817521718755001 0.2522443044903059
0.2687543235867541 0.42825717536825925 0.27641000468035604 0.02657849636463061
0.4472475353869496 0.03355395864445054 0.39232042219445484 0.126878083774145
0.20813630913851522 0.6105056117422591 0.12612361147601603 0.055234467643209606
0.13431197814670182 0.5748286642943153 0.290008807910499 0.000850549648483856
0.3686430258086003 0.30228881412556896 0.019863507251897672 0.30920465281393306
0.0003814587284065585 0.3827793344620579 0.13350632119728234 0.4833328856122532
0.2294264142940836 0.35715559245495865 0.0923791441257108 0.32103884912524694
0.7329183157620239 0.02082696172301135 0.06326558439002394 0.18298913812494078
0.4312387042705169 0.4011296546313833 0.08775247013787546 0.07987917096022434
0.48435706960866887 0.09791229432112447 0.15477127025596038 0.2629593658142463
0.16472044172853662 0.24232384750735592 0.3764042539742851 0.21655145678982235
0.10444201086191196 0.6037032100478081 0.1953160920010124 0.0965386870892675
0.2143979842672934 0.07363575941691458 0.6982968393645399 0.013669416951252122
0.19576176315125127 0.6880307430039316 0.004588615211950975 0.11161887863286613
0.5312091115717213 0.0045494925659727015 0.4219723204946121 0.042269075367693865
0.10007905564965691 0.016053571116544263 0.660816999322862 0.22305037391093685
0.1695789386083315 0.2130144207611233 0.3199952083120178 0.2974114323185274
0.13212305689787351 0.29116365504126285 0.3913439648891812 0.18536932317168242
0.49664897612808523 0.3764523965339064 0.03225590462092409 0.0946427227170843
0.11428407087182346 0.3707731982330793 0.30409335850829144 0.2108493723868058
0.2692161587304639 0.22325325059675794 0.32612114568202677 0.1814094449907514
0.12142736676516264 0.42939112080010255 0.048948413831032433 0.4002330986037024
0.6150812735502547 0.033888431738686164 0.13530294005235033 0.21572735465870885
0.05096860020904059 0.1411707773057953 0.4619449584843107 0.3459156640008534
0.0015154456942629846 0.5858757727516194 0.27420359302170916 0.13840518853240846
0.48448515751156807 0.31251623718265253 0.08663872159250263 0.11635988371327677
0.6221582513685316 0.22423303023568575 0.09658990066736794 0.05701881772841466
0.4154563034097063 0.14827190818217562 0.2169856655873018 0.21928612282081628
0.47078537188823955 0.059855507805212316 0.4556370564154065 0.013722063891141612
0.7375781016223019 0.06723225760985807 0.1889061656840354 0.006283475083804668
0.0012729053730020645 0.19271738826165197 0.5393391532194207 0.26667055314592525
0.08663833092014706 0.27457398268234456 0.5046409606178516 0.1341467257796568
0.12082330093816052 0.42469263504547217 0.15961859359759556 0.29486547041877176
0.1712632928862785 0.2622385015608252 0.28645589142360794 0.28004231412928837
0.12492046518827338 0.4537771168726449 0.30383810420124724 0.1174643137378345
0.0930965453398781 0.04575038820478705 0.44582559877233463 0.4153274676830002
0.3611915997700842 0.15016867228808195 0.21442694379983163 0.27421278414200223
0.07384925709364654 0.07597982086339294 0.7550532798926898 0.09511764215027074
0.3135427460884609 0.1163273936831154 0.055005604493848725 0.515124255734575
0.08853712868279329 0.5540942024436779 0.3489296688490594 0.0084390000244694
0.12299915431805386 0.6479460455138707 0.22088056649134868 0.008174233676726761
0.3331452870463565 0.00441351646076571 0.06715058394234918 0.5952906125505286
0.014725709465510883 0.307961820356479 0.44570441520617954 0.23160805497183057
0.2046643121352657 0.0216960083737614 0.1423302726571204 0.6313094068338525
0.3302052605872483 0.39989096685331993 0.26444653210261804 0.005457240456813728
0.3851254475279049 0.20809064841695002 0.09273988866348148 0.3140440153916636
0.03759248203160559 0.35759965213577394 0.49806226811508014 0.10674559771754033
0.08293964524262687 0.16739450579791326 0.48276143895761026 0.2669044100018496
0.12959718761547012 0.5673554501186158 0.22860073092852673 0.07444663133738738
0.08436623078672445 0.08126986967286065 0.7441421558386805 0.09022174370173441
0.036958753369463304 0.30727802333182563 0.2362348265735441 0.41952839672516695
0.735869142009337 0.05020012014964048 0.20339405919285336 0.010536678648169207
0.005573445700977286 0.4065133577563206 0.4209577847771423 0.16695541176555984
0.2372188362262182 0.017007337072811324 0.6019775566113313 0.14379627008963913
0.3925115134443572 0.10714719284187812 0.38372652024687537 0.11661477346688931
0.6497453179951769 0.27274362477429015 0.04948366200371912 0.028027395226813856
0.678796568256908 0.03139228042189102 0.22518049631316395 0.064630655008037
0.014597123505089349 0.075522583421759 0.04836859155075912 0.8615117015223925
0.04266021557765387 0.4245730887744007 0.31896304728295566 0.21380364836498977
0.018517824085560353 0.6603007720618166 0.10796023779861952 0.21322116605400354
0.25453749398932257 0.2867454326771923 0.3539895107097266 0.10472756262375849
0.00162357360151133 0.5261178455106084 0.05262100954084992 0.4196375713470304
0.019557762943269164 0.00419963392702527 0.7567428921572981 0.2194997109724075
0.6437987217096223 0.10708295688170189 0.10656944999297657 0.14254887141569927
0.5640353307931307 0.06864117677752501 0.22936316512502797 0.1379603273043163
0.17454762668525137 0.45372324100889283 0.22435891612595804 0.14737021617989776
0.2808896400925657 0.5294652769315761 0.016562429711681537 0.1730826532641767
0.31698853101795965 0.10920686263774693 0.48889378413391127 0.08491082221038215
0.5627775397524953 0.266769174840196 0.1556622482493254 0.014791037157983244
