89 80 4 195.97060128273537 391.9412025654707
5.4972488842195055 3.3034342088050317 3.3229056788971705 1.872295384952477 6.077666031057322 1.1439106611449883 2.3733570599552687 5.322229575057099 1.8988548379526777 4.75267503094745 9.222857321169268 4.156475592745339 2.0314393474415153 7.413475514519655 1.9169753777352112 4.651303954434905 6.989332951671957 2.245234339554528 8.473897803111107 2.108797202656313 6.290123990034035 1.5678863720376977 5.473924697108847 9.355551588685492 8.254277570967554 2.785521143202616 4.107551849525411 5.8126282503147575 9.8072512186213 5.527400544083389 4.127027537730877 2.915078745845588 2.597086223716702 1.936257435130381 2.687099083422171 1.3628237382690882 3.1592554273170217 5.9161843313985765 2.870048511664457 9.93433581137419 3.8576447253623862 4.739090263823898 9.465609754794938 2.5641796443527287 6.180553494331611 3.8636277539922346 4.676379037049037 6.593107986162279 8.110978194873361 6.200146658977005 3.5993950342797376 1.5905406761759782 3.328270018629742 5.709970427940026 5.8016147469955355 6.540792166086754 1.5109763296353131 3.3384617942238344 9.611198589820084 1.864710220103241 6.818008516526172 1.5352035438420577 6.825907243031282 8.740645015592884 6.156084500422645 9.302388820322758 4.210365889104907 9.89351314852925 2.8068435320389127 3.073927777657048 7.4912000387755615 7.358989362048567 4.795006885159022 7.560576264664747 3.4605490685908067 4.794062061517178 1.082565038103068 3.760835318373306 8.12072443310501 3.744877761976996
1.099449776843901 0.6606868417610063 0.6645811357794341 0.3744590769904954 1.2155332062114643 0.22878213222899765 0.4746714119910537 1.0644459150114198 0.3797709675905355 0.9505350061894899 1.8445714642338538 0.8312951185490679 0.4062878694883031 1.482695102903931 0.3833950755470422 0.930260790886981 1.3978665903343914 0.4490468679109056 1.6947795606222216 0.42175944053126263 1.2580247980068069 0.3135772744075395 1.0947849394217695 1.8711103177370982 1.6508555141935108 0.5571042286405232 0.8215103699050822 1.1625256500629515 1.96145024372426 1.105480108816678 0.8254055075461754 0.5830157491691176 0.5194172447433404 0.3872514870260762 0.5374198166844342 0.27256474765381766 0.6318510854634043 1.1832368662797152 0.5740097023328914 1.986867162274838 0.7715289450724773 0.9478180527647796 1.8931219509589876 0.5128359288705457 1.2361106988663222 0.772725550798447 0.9352758074098073 1.3186215972324558 1.6221956389746723 1.240029331795401 0.7198790068559475 0.31810813523519565 0.6656540037259484 1.141994085588005 1.1603229493991072 1.3081584332173508 0.30219526592706264 0.6676923588447669 1.922239717964017 0.37294204402064823 1.3636017033052343 0.30704070876841155 1.3651814486062563 1.7481290031185768 1.231216900084529 1.8604777640645516 0.8420731778209815 1.9787026297058499 0.5613687064077826 0.6147855555314096 1.4982400077551123 1.4717978724097134 0.9590013770318044 1.5121152529329493 0.6921098137181614 0.9588124123034356 0.2165130076206136 0.7521670636746612 1.6241448866210022 0.7489755523953991
0.35319235178505204 0.17070986898282425 0.13206286106895904 0.34403491816316467
0.18936290021438285 0.04460030962870598 0.003338531365634223 0.762698258791277
0.043369007091964784 0.8930493523984204 0.036335550884720735 0.027246089624894054
0.27934534909671505 0.4007160791852509 0.22562026513610456 0.09431830658192952
0.1226414959390123 0.24424435355141239 0.08107349524889951 0.5520406552606758
0.24016600118441533 0.3909882941645486 0.17377335305922847 0.19507235159180758
0.10578014620629406 0.7580917502441036 0.0044603923208152985 0.13166771122878707
0.3410767838237394 0.004306736264562683 0.1577878116103092 0.4968286683013887
0.03073701900332526 0.25514929751269255 0.5577968761315796 0.1563168073524026
0.8254236006074793 0.15172687016516873 0.011614797627207851 0.011234731600144099
0.3170396721091122 0.22393434820673508 0.06441289270017558 0.3946130869839771
0.03466716841380646 0.11128174042201 0.7969590835258686 0.0570920076383149
0.3490934863074564 0.10849430833168594 0.03185282852659321 0.5105593768342644
0.012343959188117593 0.10241047616041354 0.2945591230006853 0.5906864416507835
0.046738137534318325 0.1153423776609035 0.46360135939025526 0.3743181254145229
0.1038712337841643 0.14237937333664263 0.22400991999631936 0.5297394728828737
0.025376618596796963 0.2610797091668984 0.5057212104460407 0.20782246179026398
0.29957881937735964 0.6552393382562335 0.00024608416030591496 0.04493575820610096
0.1262297358608172 0.1053334495886653 0.09364550430149121 0.6747913102490263
0.39237222872471555 0.15663700089961285 0.34429793565457145 0.10669283472110014
0.008113365696991837 0.04021152550646645 0.5515865321225228 0.40008857667401887
0.0548339310549103 0.06193641362294455 0.47182496540690444 0.4114046899152407
0.4013469355906293 0.12316607750966291 0.3794795806114267 0.09600740628828108
0.12239402493316409 0.3958304607783324 0.12057093439820277 0.36120457989030075
0.13194378660138795 0.009697507513841352 0.11365672793926596 0.7447019779455047
0.03675790662350553 0.11817713914900829 0.5664952095068376 0.27856974472064855
0.00809659567552623 0.46932791617848824 0.014236906466683519 0.508338581679302
0.02168453021423178 0.41184369711381996 0.14582713348671805 0.4206446391852302
0.12162073121301342 0.22420671522686553 0.2054758064338127 0.44869674712630836
0.4084954588244303 0.2828572126914246 0.08294420949796943 0.22570311898617568
0.027575335189634287 0.7937661203328498 0.02816512342516908 0.15049342105234687
0.6035119758578477 0.04289605060076107 0.32097638484124336 0.03261558870014791
0.13494074444811777 0.5163658600052105 0.047909237470564414 0.30078415807610737
0.04588198549320199 0.22831613599935374 0.28303823012996865 0.4427636483774756
0.03431559001742612 0.2103848134903492 0.32165334449002536 0.4336462520021993
0.11813015615797251 0.49742090581243936 0.20578894600331543 0.1786599920262727
0.1050485880328963 0.22091901187644403 0.2867058039355116 0.3873265961551481
0.1946256872610076 0.0014067771792931616 0.1171168635287686 0.6868506720309306
0.07598175336734159 0.5246918810212973 0.0011152224982862169 0.39821114311307493
0.3837728193494573 0.23653645920810085 0.08283461062246933 0.29685611081997254
0.049585905421404175 0.16591171652196934 0.27736598376363686 0.5071363942929896
0.14791955704110638 0.6351987309379847 0.19304182780792467 0.02383988421298422
0.23604221184315488 0.4135796544022058 0.31797942703321613 0.0323987067214232
0.1505175357249242 0.05015644769550587 0.7337609619641606 0.06556505461540929
0.30824103387371404 0.26272508925245863 0.2678010268911901 0.1612328499826372
0.6625757625960245 0.1464174521026076 0.07764203821073024 0.11336474709063771
0.5454723142127468 0.23892629221568817 0.13361215866548293 0.08198923490608212
0.12885826688027724 0.011486519554984254 0.20233102828485794 0.6573241852798806
0.2762459112374963 0.2800555248062735 0.182958484448543 0.2607400795076872
0.133951580190235 0.5974743116049607 0.18174358579132355 0.08683052241348077
0.44533848590670866 0.06448326008850724 0.4636889555757481 0.026489298429036023
0.6866124709507261 0.03762943297278032 0.244918054928411 0.030840041148082586
0.2926664228772098 0.1845030421605529 0.15518348732535325 0.36764704763688405
0.02613334075964724 0.24301882144722287 0.3481410389802626 0.3827067988128673
0.802768323347993 0.04890771067311561 0.08856394527167377 0.05976002070721764
0.6163761194420159 0.29614585548306505 0.06888936767579723 0.018588657399121855
0.4674129587423975 0.07651798644550123 0.42565574977635323 0.030413305035748017
0.8019368814142229 0.02383556830222011 0.16790640856930383 0.006321141714253131
0.23405678801237728 0.010543697056882073 0.40898041549354514 0.3464190994371955
0.06801121869381543 0.5571346383169005 0.03674350240204671 0.3381106405872374
0.09404125408472952 0.025988554035195066 0.7876438881782672 0.09232630370180817
0.04597701169745616 0.05979438241811086 0.6588197883954087 0.2354088174890243
0.3152073841344337 0.10012261426752622 0.5410501637685754 0.04361983782946466
0.13640691044155628 0.4189733674951558 0.44203938638797147 0.0025803356753164586
0.2633301041842533 0.24831329066791474 0.4846246079238653 0.0037319972239666654
0.18644015779070133 0.09122419622553268 0.3110177086938951 0.41131793728987087
0.1974956462029761 0.3393813077149257 0.050381495773840324 0.4127415503082579
0.6268519581264697 0.11710139084975824 0.028067784405185647 0.22797886661858646
0.20125308596129698 0.12027192879599513 0.5910934903481025 0.08738149489460534
0.2984761359972157 0.4130295267217373 0.05329672713522149 0.23519761014582552
0.11811622906265862 0.04273871371743376 0.3034734074035539 0.5356716498163537
0.17622304590863658 0.666291175619693 0.06005500825926091 0.09743077021240953
0.32685223710990174 0.04590512577485639 0.43505298842281626 0.1921896486924256
0.2454571287799645 0.0911671334298253 0.5088974476877591 0.15447829010245107
0.26848139969904206 0.30013339978853526 0.14370536748639118 0.2876798330260315
0.12411844817696793 0.7968711660710824 0.03979955546480085 0.03921083028714878
0.17669345504103395 0.1299045580358903 0.18407255908724185 0.5093294278358339
0.3765276357032751 0.4355174344490813 0.16976469216048307 0.01819023768716055
0.01387107260557685 0.5831315129607973 0.1739538750575842 0.2290435393760416
0.31995693325189867 0.0005775986566879387 0.12041908513966026 0.5590463829517531
0.6730741564976392 0.06473203052603604 0.17933523644505756 0.08285857653126716
0.08750568959431348 0.8027785800314886 0.10891778272010633 0.0007979476540915798
0.07976805951033772 0.6104724693467635 0.06567439226595218 0.24408507887694664
0.2859808054966093 0.13328655276507184 0.4852436927580265 0.09548894898029237
0.2237989584398633 0.07147233582698809 0.13626818866985224 0.5684605170632964
0.31983791792953964 0.2735371743750573 0.397478539634451 0.009146368060952037
0.37924544608583366 0.0448545395760086 0.09226216738504511 0.4836378469531126
0.30866017786735 0.4674951403441274 0.12828264059787609 0.09556204119064649
0.6176551365006528 0.19518921974307613 0.16044926231738343 0.026706381438887594
0.047904267251766997 0.16788546244258373 0.43922668637159257 0.3449835839340567
0.6745904281466845 0.24739409313554095 0.00048565250529020165 0.07752982621248439
0.21920934989417395 0.42169230775677047 0.3433154895978371 0.01578285275121849
0.16264179309719995 0.07357646915281324 0.2389189454447901 0.5248627923051967
0.059875511540089854 0.15964210620563335 0.5892915990312695 0.1911907832230073
0.18257660031602574 0.44610267482757593 0.2514652023650925 0.11985552249130582
0.4944078532707228 0.03318718329982073 0.15003957700763038 0.3223653864218261
0.14218340624804238 0.7642547913992941 0.0391816174721884 0.054380184880475135
0.12058170185689254 0.04876498532537765 0.24516964976060918 0.5854836630571206
0.2229736089198977 0.14903332966955407 0.3436619728267639 0.2843310885837843
0.12145741071421923 0.3977983365461655 0.3471154129387275 0.1336288398008878
0.01910377790353346 0.08248229758641945 0.5166224614461955 0.3817914630638516
0.11352705839204535 0.06284404622876916 0.21615982281371282 0.6074690725654727
0.5632482906945077 0.08237914658593581 0.21347831698704345 0.14089424573251308
0.4102218517790308 0.33245964077114776 0.08821002482660278 0.16910848262321865
0.15899521023883378 0.04410479699714909 0.04133387535987754 0.7555661174041396
0.7444016844175225 0.16331342144190875 0.05168660495987609 0.04059828918069264
0.17164712300226947 0.16746585243181233 0.3574109318497324 0.3034760927161858
0.1458625173302921 0.1890135495312013 0.38268550059531226 0.28243843254319434
0.07467165526610287 0.11377122606296175 0.6422151946262238 0.1693419240447116
0.5065188581309138 0.17361087274623155 0.059574383682516774 0.2602958854403379
0.222437577533373 0.04282973505112475 0.5881909884325315 0.14654169898297076
0.5394883485375073 0.2258841140004244 0.22367400299893658 0.010953534463131742
0.316676927555097 0.37992589113504527 0.15687779052691642 0.1465193907829413
0.23268449214394082 0.18335931952367845 0.179590112032604 0.4043660762997767
0.4049482803164063 0.4057464638317293 0.10152523181393303 0.08778002403793139
0.05352809007927595 0.5456675951871427 0.050773118671193274 0.3500311960623881
0.27949348004954944 0.23938595045260924 0.1396471400298639 0.34147342946797743
0.0692187356759657 0.072423783780874 0.09332775801786786 0.7650297225252924
0.5206949082577362 0.16838068441514442 0.24157124703699817 0.06935316029012117
9.594626570708087e-05 0.35532628956908685 0.5322277208457716 0.11235004331943443
0.040951776491190195 0.2200002840350559 0.5303949505492862 0.2086529889244677
0.49004717064691994 0.2355403409362259 0.13546532084869034 0.13894716756816383
0.9002237459035333 0.00915912120420903 0.04004895938078823 0.05056817351146947
0.06053717588212493 0.47570012702606546 0.012521015767846366 0.45124168132396325
0.09718180607107019 0.15148168374818205 0.6730493111407431 0.0782871990400047
0.3044235398932633 0.24845504304342036 0.353574749769037 0.0935466672942793
0.1083520947148725 0.07932027013006493 0.15799768603494568 0.6543299491201169
0.08036462636042552 0.7724730930895389 0.10080085853786114 0.046361422012174414
0.03672284071845111 0.37364897201105296 0.09905290864137262 0.4905752786291233
0.6286130713048654 0.1639635629088021 0.06211492667174723 0.14530843911458524
0.3733003964041377 0.4269262093119972 0.04489755614086166 0.15487583814300343
0.4840836813333782 0.2146423425314049 0.2196707500157541 0.0816032261194628
0.131250855164873 0.11870820366890111 0.29593977707750385 0.45410116408872203
0.24654903669006256 0.5167835556080517 0.22485467250452518 0.011812735197360591
0.3331098987184362 0.4595039210992897 0.2058167986427627 0.0015693815395113608
0.6161176685612391 0.3131885297600864 0.002324482303418418 0.06836931937525614
0.07534195698116919 0.21224129793256286 0.5461194718936654 0.16629727319260257
0.3340467861271659 0.15341511539320463 0.48261604820545934 0.029922050274170164
0.2520215831576582 0.23812278465259762 0.2105956086493298 0.29926002354041437
0.21613770989670134 0.4154908704629009 0.2894102766450136 0.07896114299538415
0.12890973690143526 0.12874766075419275 0.3446496058492119 0.3976929964951601
0.12003376525920717 0.5070788612729825 0.3572631014571296 0.015624272010680729
0.36632115957297806 0.18685894194355113 0.33510956329276864 0.11171033519070217
0.18438996312543798 0.39068840761660173 0.26978947111838414 0.15513215813957615
0.2612965926266221 0.10936498541850015 0.1211623506275501 0.5081760713273277
0.36709078105879955 0.30101750795113913 0.008921612223852238 0.3229700987662091
0.1414562124533777 0.3514375855602788 0.22150086585442053 0.28560533613192296
0.33134542895499175 0.14422316370831811 0.16314850700230987 0.36128290033438026
0.3075646919389732 0.49882461087740737 0.10051794355247312 0.09309275363114633
0.16401813235400942 0.31141765221991835 0.19205509029550982 0.3325091251305624
0.2591036494903083 0.30199825311485495 0.11569031091526238 0.3232077864795744
0.3170174797086446 0.1805260465534254 0.4273831333058741 0.07507334043205593
0.1623319411377323 0.12878868460375104 0.5919376136960944 0.11694176056242223
0.048946226394692816 0.7875992994906515 0.020961664305814698 0.14249280980884094
0.2263838236919763 0.11882810191448678 0.5643133745973106 0.09047469979622635
0.18638901460327484 0.6329402861382032 0.006212737185058326 0.17445796207346365
0.07178110401116411 0.01280717970480627 0.4877221896756053 0.4276895266084243
0.4035156674314637 0.30396208158335813 0.18608950549904502 0.10643274548613313
0.025338311486928555 0.7965685812437646 0.0020023836824278884 0.17609072358687894
0.38079979777928774 0.5119001495770321 0.009459805565166013 0.09784024707851413
