35 60 4 163.73867626231106 327.4773525246221
5.122494534016814 3.775146462684205 3.0833834053200606 3.4968209658051332 8.355113307124029 2.0021197248324833 6.637935060588272 3.4910909797286287 7.139572067696458 7.110737055196687 8.170456767289686 1.4122194627045976 9.213384469693317 2.9243438770336 3.732735711452646 9.901572611053048 2.6729335262901603 9.898523518700452 7.750758082347687 3.001474406029078 2.331135174967583 5.642112476003141 4.548324867161222 1.628921128349883 4.044031931745733 1.0993349916112696 7.907750722549165 8.872499174105425 5.802348886440136 1.7597147457572981 8.418980761506738 5.5412307550932045 8.934567642042978 2.5664165633139815 4.626620977106402 8.48913889677809 9.807962245927648 6.572482886843235 8.82928589793158 3.2398921007230563 6.787305629091486 3.704055930736315 3.208244974687438 5.914213150041529 2.0778475794987163 4.087870349633272 6.686082685673886 8.483967294011485 4.198491036001439 3.1187058845184246 8.218317997278486 6.4334157576927185 5.442671251234236 9.397460408925614 6.878005771185638 7.109644824677867 3.804929828528782 2.0812815452008286 2.394264101513942 7.8950077029452075
1.024498906803363 0.755029292536841 0.6166766810640121 0.6993641931610266 1.6710226614248058 0.4004239449664967 1.3275870121176543 0.6982181959457258 1.4279144135392916 1.4221474110393373 1.634091353457937 0.2824438925409195 1.8426768939386633 0.58486877540672 0.7465471422905292 1.9803145222106096 0.5345867052580321 1.9797047037400906 1.5501516164695375 0.6002948812058155 0.4662270349935166 1.128422495200628 0.9096649734322444 0.3257842256699766 0.8088063863491467 0.21986699832225393 1.581550144509833 1.774499834821085 1.1604697772880272 0.3519429491514596 1.6837961523013476 1.108246151018641 1.7869135284085957 0.5132833126627963 0.9253241954212804 1.697827779355618 1.9615924491855297 1.314496577368647 1.765857179586316 0.6479784201446113 1.3574611258182974 0.740811186147263 0.6416489949374876 1.1828426300083057 0.4155695158997433 0.8175740699266545 1.3372165371347773 1.696793458802297 0.8396982072002878 0.6237411769036849 1.6436635994556972 1.2866831515385437 1.0885342502468471 1.8794920817851228 1.3756011542371276 1.4219289649355733 0.7609859657057564 0.41625630904016575 0.47885282030278836 1.5790015405890414
0.13694077059635323 0.37556211926567296 0.24015973801739277 0.24733737212058104
0.11548316767295841 0.3246486876888942 0.23265880554290286 0.3272093390952445
0.5345076774262816 0.038971294399155254 0.2861319288988867 0.14038909927567644
0.040619300617455 0.30621342736027835 0.11113427793316422 0.5420329940891024
0.37598711029863163 0.09716318946339919 0.07613494577704027 0.4507147544609289
0.014654075559076607 0.5559712385268468 0.2855261393649312 0.14384854654914536
0.32634559720401324 0.0441944402382326 0.2090558132898751 0.42040414926787906
0.3815431008279665 0.019036279220755348 0.05036111710230762 0.5490595028489705
0.22893557389823438 0.24141576499641937 0.10841999191315244 0.4212286691921938
0.3203095187462669 0.06720933122644668 0.5425464204501345 0.06993472957715197
0.6731088771363121 0.01810589962509568 0.26697219108082726 0.041813032157764995
0.512848971911941 0.24481282871089982 0.14024097551544912 0.10209722386171005
0.2815190905620122 0.2947574474823095 0.036278335713831766 0.38744512624184657
0.19710289325647512 0.15295619641476565 0.09094283978398943 0.5589980705447698
0.14817095804086522 0.06997860365735409 0.7165994438510705 0.06525099445071014
0.0926447462436063 0.4929882196064106 0.37143384071229124 0.04293319343769186
0.3856929389251238 0.290229475666408 0.028294609828933948 0.29578297557953426
0.7177059903328741 0.039737592386791754 0.20951437036928922 0.03304204691104495
0.5037984214259044 0.06755866454695647 0.02742250582382788 0.4012204082033113
0.2542308030289825 0.69551240098848 0.013454162095344113 0.0368026338871934
0.19747217671912465 0.2182451786419206 0.22483199917445473 0.3594506454645
0.15139081659485043 0.18581863244681196 0.38437660389619976 0.27841394706213785
0.04254440736084231 0.38557473746576243 0.4347649719144967 0.13711588325889856
0.3913973132903801 0.21792201878575423 0.3255447176390375 0.06513595028482821
0.2768343409965883 0.08548558685740937 0.11715762799681717 0.5205224441491851
0.3518413707006136 0.28989986382511124 0.34729487192586883 0.010963893548406323
0.2149245386620895 0.5488579314824557 0.16602926723479938 0.07018826262065547
0.3900998950089716 0.2455979710067342 0.10174675128670518 0.26255538269758905
0.12334738350244245 0.702832433312106 0.06051896660885625 0.11330121657659531
0.48235057597070696 0.02296719108918055 0.46493315796700785 0.02974907497310464
0.41437662068181236 0.32891249362677355 0.07520253950920486 0.18150834618220923
0.03030628043744643 0.028942227290838285 0.7931947263466729 0.1475567659250424
0.006335799081779614 0.8171694091839066 0.02811802427533039 0.14837676745898343
0.2549162243913158 0.03699756681040567 0.07960398098075083 0.6284822278175277
0.2275381938406117 0.43843452707052644 0.13902900251621786 0.194998276572644
0.01809334551834607 0.09475945743538683 0.35024376129236545 0.5369034357539016
0.3020215024247975 0.3299403849288336 0.10695817096736426 0.2610799416790046
0.13013188183259694 0.2769719771189836 0.3802616413881871 0.2126344996602324
0.006667450639488592 0.7256739647698699 0.21318054129062802 0.05447804330001349
0.45160843688302255 0.41103607148569454 0.09787472174208012 0.039480769889202794
0.32435744388275867 0.0185512121446334 0.46860771131865797 0.18848363265394996
0.014160181302799946 0.1978988175029731 0.3211247645109636 0.46681623668326333
0.21647427415084153 0.41800058039685195 0.28790607046492644 0.07761907498738008
0.2365866587997647 0.06098074058186176 0.0018105710465439184 0.7006220295718296
0.2788385179229028 0.4837249489783617 0.06512955963669442 0.17230697346204105
0.0784045854475951 0.022581918782212496 0.8686455166346645 0.03036797913552791
0.3600009234610566 0.16746655535635313 0.2253279949132453 0.24720452626934497
0.24250542015003884 0.4573139009135997 0.014879068479330959 0.2853016104570305
0.5128594372659814 0.1071011844783436 0.08594209791529273 0.2940972803403823
0.2737358597133016 0.23263714820268333 0.35578826930342944 0.13783872278058562
0.18153140608025498 0.30761032533154187 0.2165826070455371 0.29427566154266604
0.1562285008027654 0.07300950978177134 0.6912555819950746 0.07950640742038861
0.047524042476329464 0.7410149048372414 0.06033612552863976 0.15112492715778936
0.528662867580325 0.1613288942577905 0.07624391364534988 0.23376432451653462
0.5589250409524684 0.1938695821046894 0.17345821773946568 0.07374715920337649
0.15234696419188287 0.3171944711404949 0.14633567058335495 0.38412289408426725
0.07246741343769558 0.0997836680159172 0.16955566993690685 0.6581932486094804
0.0832823806157057 0.09678181964468313 0.2533322021951472 0.566603597544464
0.3569440430823977 0.3796685793471375 0.08550749690312198 0.17787988066734284
0.42194161793619744 0.4037098363544147 0.16298010354098647 0.011368442168401383
0.46160397369159023 0.4875816832713805 0.0019206750417118945 0.04889366799531736
0.1421508618143038 0.12321233958652222 0.7249112249022586 0.009725573696915402
0.0030834986940074804 0.11052849556688882 0.34195554722021093 0.5444324585188928
0.22154597283124156 0.48274308692733225 0.25424812612814507 0.04146281411328112
0.36791660296125894 0.15924431745001943 0.09359653670579138 0.37924254288293024
0.07257532288356017 0.5761732684436117 0.09384087810004638 0.25741053057278174
0.2871581592086583 0.20836774171183392 0.4014517455167824 0.10302235356272538
0.03226078537495891 0.9161037292910765 0.031325616369666576 0.020309868964297983
0.524013970476806 0.2242238797763909 0.12890492135954557 0.12285722838725754
0.011428469478960368 0.00710429147513425 0.8481176786341827 0.13334956041172263
0.3213813256700041 0.13542837719048884 0.22683842214571925 0.3163518749937878
0.19630106895472432 0.7444507778446562 0.033664741789764085 0.025583411410855406
0.36546035075040517 0.26945027018181034 0.11259780281569154 0.25249157625209295
0.16065446013896723 0.6304890363211362 0.1387003842414094 0.0701561192984872
0.3009126112465994 0.4459081005283144 0.07577470201944947 0.1774045862056367
0.5165491651427475 0.030202439561380134 0.3702183532697588 0.08303004202611353
0.20418282716905822 0.23558733159555834 0.23560356373479407 0.32462627750058937
0.28104083760309284 0.4193908132920118 0.23225988062594094 0.06730846847895444
0.37364806393658323 0.40145861268589733 0.1481021588423539 0.07679116453516555
0.22672332135341555 0.37878395168731605 0.0046062117766064725 0.38988651518266193
0.4595741381462065 0.39315623199804706 0.1375475271383475 0.009722102717398928
0.3012653731633267 0.005113350879542233 0.049642375321856114 0.643978900635275
0.49821363450985523 0.1678740382999474 0.1271713099678673 0.20674101722233007
0.017420456187415723 0.5815023466768872 0.30035218276882736 0.10072501436686976
0.24868807720793673 0.3125407270823404 0.30995355688208437 0.12881763882763853
0.507229518029706 0.2838181146440625 0.2005028297406949 0.008449537585536682
0.4518917229850289 0.3341906467577229 0.07744634870432232 0.13647128155292587
0.11988235415618542 0.34828458873652457 0.13996904319385328 0.3918640139134367
0.1317009567293146 0.5250621200472187 0.3055095265108826 0.03772739671258407
0.20923429768723034 0.05881899286527881 0.26545574677573147 0.4664909626717594
0.10639856911939494 0.08761446262972028 0.6655384724238735 0.14044849582701124
0.270848513127956 0.4361492833117545 0.26481131101149646 0.028190892548793034
0.5545465190959146 0.16106881383509686 0.18603457042210358 0.09835009664688499
0.29233998303047537 0.29769404521586473 0.17337845219546322 0.23658751955819668
0.5856865404464812 0.20745380443352512 0.1273689124611519 0.07949074265884182
0.5098934532483089 0.10598630150034027 0.26756957945426774 0.11655066579708306
0.14192412545999433 0.1688907240488311 0.34266119219175173 0.34652395829942284
0.07666055343083233 0.11558011908070609 0.7432442483346247 0.06451507915383692
0.020452977962102437 0.2569732624743746 0.39124765479406376 0.33132610476945923
0.19987755795205286 0.25122444678566547 0.44731399063664357 0.1015840046256381
0.32117725080306336 0.12496362762788304 0.3939679833868145 0.1598911381822391
0.015163495678212624 0.3338169089898121 0.37826988211017687 0.2727497132217984
0.13467925289599092 0.2971838448516717 0.42550389271046485 0.14263300954187252
0.12452617050531467 0.32939885865380536 0.17992965297394736 0.3661453178669326
0.07657469036968034 0.03279773692142085 0.16807226174654222 0.7225553109623566
0.21820529043916548 0.02236583218940935 0.05471307400554548 0.7047158033658797
0.2581980080410482 0.004712568601323186 0.5841143679097673 0.15297505544786127
0.2477458790162198 0.03727877461135498 0.39201515395843334 0.3229601924139919
0.13859528609750515 0.6668557504344134 0.17814715672634351 0.016401806741737968
0.5796929539538936 0.021008621755899903 0.27458201525617476 0.1247164090340317
0.5626992803683663 0.15036363191811242 0.24160705682784367 0.045330030885677663
0.2701680006943936 0.1938644450546283 0.09821951433526377 0.4377480399157143
0.5301592848830182 0.16880374586709368 0.03194694132801523 0.26909002792187287
0.3246630817257221 0.2000721665505314 0.3454899748674838 0.1297747768562627
0.2494591931198873 0.14545709850473232 0.40510703000057047 0.19997667837480992
0.3822160462927193 0.10831817801455168 0.1174476525727195 0.3920181231200095
0.04597044380441462 0.2672124278665069 0.2011137514841288 0.4857033768449497
0.4370052716628874 0.18866974880103504 0.17397581125886163 0.20034916827721594
0.12328664689632074 0.15717903375146514 0.4957797944180242 0.2237545249341899
0.013230925373034275 0.5746405030271133 0.17468756611440084 0.23744100548545155
