19 10 4 26.39872686257587 52.79745372515174
1.8778024157450641 7.851247450073707 3.2224417584969434 2.2431851872868758 3.983019069438383 1.7469960850620359 7.0477937315242 8.259344183454917 9.844677230897926 6.720946613171673
0.3755604831490128 1.5702494900147415 0.6444883516993887 0.44863703745737515 0.7966038138876766 0.34939921701240717 1.40955874630484 1.6518688366909835 1.9689354461795852 1.3441893226343347
0.11372584300707944 0.10219741304010088 0.32963670196204575 0.4544400419907739
0.15210842242178801 0.2208187339866049 0.014079612038156109 0.612993231553451
0.26848350713033464 0.3467485294557343 0.162125881520638 0.22264208189329304
0.06478677547176559 0.22204371394838773 0.26533734404952414 0.44783216653032254
0.3465286297905903 0.1954040077725947 0.2836249758410252 0.1744423865957898
0.010343895110245693 0.03382332755272255 0.5552766744339589 0.40055610290307286
0.13565977671520735 0.22871862525087572 0.08587709899642038 0.5497444990374966
0.9209482505872632 0.015354658280661626 0.002689726574804485 0.06100736455727074
0.44892175700184356 0.27938768932678415 0.13079504397938457 0.14089550969198772
0.16483069676401785 0.4256771072643587 0.3078079418449503 0.10168425412667315
0.23407607314700163 0.26558319390195306 0.04936816503532493 0.4509725679157204
0.5326860805572696 0.15564130286489475 0.2578326615412282 0.053839955036607434
0.6080343030674544 0.03495329820186899 0.10716854733390313 0.24984385139677345
0.5538264803105607 0.136031998928675 0.01951757858699832 0.29062394217376597
0.05176904301577445 0.12084391706842323 0.538454010147212 0.28893302976859037
0.0765365615356286 0.10320224122907462 0.8145660194932391 0.005695177742057633
0.7156744827027806 0.14816224434037129 0.10753304144181974 0.028630231515028415
0.5242277302153967 0.14854631466921542 0.26259037766324866 0.06463557745213921
0.03127758666552116 0.1512512073575305 0.7848394846396408 0.03263172133730752
0.3614592485935443 0.07875251184782228 0.39415974234955264 0.1656284972090808
