87 40 4 107.99747878714719 215.99495757429435
6.906377667096612 9.594112392219047 9.737884314944347 1.8804895958384846 3.1667042420306286 8.817777882224114 5.927076410072622 7.472379681358821 9.331153124415867 6.553347554003919 7.001743225786027 4.005116571531379 2.646198953204893 4.262153783245832 4.616704798638317 7.857197742024841 3.4006152052178713 3.4038597108362567 9.78469272679685 1.5602458454742558 4.772889390872886 4.161248409341921 1.8053683502239966 2.7762210229177144 9.467722940009363 1.0950888896639104 2.674952744827575 9.869390717181142 4.062261971522252 3.938883506146378 6.885193050857186 1.1981502181983137 2.7283489613846292 9.572337053807967 7.756328911250041 3.042567219567424 6.741032792850437 1.2875325643991362 4.709864939308468 9.523742493002652
1.3812755334193223 1.9188224784438095 1.9475768629888695 0.3760979191676969 0.6333408484061257 1.7635555764448227 1.1854152820145243 1.4944759362717641 1.8662306248831733 1.3106695108007838 1.4003486451572054 0.8010233143062757 0.5292397906409786 0.8524307566491665 0.9233409597276634 1.5714395484049681 0.6801230410435742 0.6807719421672513 1.95693854535937 0.31204916909485114 0.9545778781745773 0.8322496818683842 0.3610736700447993 0.5552442045835428 1.8935445880018726 0.21901777793278207 0.534990548965515 1.9738781434362285 0.8124523943044505 0.7877767012292756 1.3770386101714371 0.23963004363966273 0.5456697922769258 1.9144674107615933 1.5512657822500082 0.6085134439134847 1.3482065585700875 0.25750651287982723 0.9419729878616936 1.9047484986005305
0.1639713326650435 0.19440708908891136 0.4029860598671221 0.23863551837892305
0.6985531528581971 0.001397907604093862 0.23393499153534336 0.0661139480023657
0.013435769845112744 0.7896010935852892 0.04414892696348993 0.15281420960610814
0.12887411334769383 0.17707193288571088 0.10225534788599033 0.591798605880605
0.049269671285265826 0.3836283642499879 0.1742130900505473 0.39288887441419895
0.1932492531169835 0.062338298501379286 0.09787701365194046 0.6465354347296968
0.09926015266712118 0.07808168406309479 0.29106457012718556 0.5315935931425985
0.49034808186301027 0.3329042752209158 0.003567364765241443 0.17318027815083248
0.05321407715368609 0.850469190027037 0.024091279919128405 0.07222545290014848
0.01455872474920672 0.023297826304096048 0.8830807202956841 0.07906272865101316
0.18779133386451463 0.27299027309877777 0.3621697222039658 0.17704867083274178
0.2773117143705368 0.3518744416052383 0.08066315576508365 0.29015068825914125
0.10767012190947867 0.8316158378370119 0.047399890431877756 0.013314149821631704
0.4961268359433828 0.1251976681874657 0.2586068611507524 0.12006863471839913
0.12515465461466335 0.3836448089815042 0.4723406360776098 0.018859900326222645
0.12776722743960212 0.30302045971501346 0.5359713399848853 0.033240972860499096
0.0190216272664937 0.5127152270461243 0.3521491011434452 0.11611404454393681
0.47191242929591815 0.16302913826209142 0.2220460381228081 0.14301239431918233
0.43257425562496465 0.4268596236662674 0.1049289973693539 0.035637123339414045
0.022675491554436933 0.10213136359305841 0.6292473162890772 0.2459458285634275
0.11120755401369486 0.05019455865234479 0.5771738260695042 0.26142406126445616
0.24887857142996128 0.17495204740051662 0.262237492449098 0.3139318887204241
0.20909124090374187 0.14502881500462683 0.02914530425752404 0.6167346398341073
0.14553939530389848 0.060949103744978195 0.36440570081057 0.42910580014055333
0.027739500352295665 0.2772454392840502 0.526758802189088 0.16825625817456613
0.22092090851918733 0.28329779037883474 0.04628566459374228 0.44949563650823565
0.06764551315445866 0.27527928380255007 0.1977653655529864 0.45930983749000487
0.31641026905286707 0.14693274329071715 0.22242228760524352 0.31423470005117227
0.17409448514140025 0.5957476953968613 0.20299083368513993 0.027166985776598485
0.30513237302830987 0.10015259234070117 0.20633296901099996 0.388382065619989
0.06617035628175838 0.12130605387650117 0.6688765652344981 0.14364702460724232
0.21610457322305265 0.17682109102669563 0.3432547651120449 0.2638195706382068
0.4072145256782528 0.3942822248809462 0.026282613937458454 0.17222063550334255
0.039646354677162376 0.065839296951133 0.3432598617340952 0.5512544866376095
0.2812222280794514 0.2556959510059762 0.04746238412734294 0.41561943678722946
0.31835157235634515 0.27560688500249997 0.3480545368738849 0.057987005767270006
0.1903167280020246 0.5338408917115113 0.15857470483621539 0.11726767545024874
0.13714644573959434 0.34283384195611466 0.46846709897882866 0.05155261332546235
0.1268428687571752 0.2756812639092554 0.5859910773337028 0.011484789999866574
0.33508172055520113 0.045340990910446966 0.4881125257446678 0.1314647627896841
0.2717906960233123 0.19022682828015014 0.18683331131319247 0.3511491643833451
0.2071523251755012 0.41107241885820844 0.13539589793121687 0.2463793580350735
0.47057727210703304 0.35038346920113905 0.07045073775210442 0.10858852093972349
0.22545637843580102 0.03927102369313751 0.010912626300838224 0.7243599715702232
0.45413499751129405 0.032307226939293554 0.10215302503161772 0.4114047505177947
0.5484439934391705 0.05654105042918378 0.03015464885362429 0.36486030727802143
0.009054484934107876 0.46880171145371485 0.4988321682318775 0.02331163538029979
0.03493879934511357 0.452791730483889 0.3491358248497275 0.16313364532126995
0.31512864611231084 0.2107305468905808 0.013982274324987554 0.4601585326721208
0.03508918777833525 0.3497743153292029 0.5416862108288468 0.07345028606361503
0.33150419289640487 0.19253156660654003 0.4175404518243927 0.0584237886726624
0.38524449898687263 0.10608922989815173 0.15765024326625088 0.35101602784872477
0.4559828255138677 0.28759847154884177 0.09158051389518262 0.1648381890421079
0.6597153483022601 0.0010652137914860527 0.1285226716119754 0.21069676629427847
0.2460747272116488 0.1890994107659838 0.2712332070731547 0.2935926549492127
0.7458465003315746 0.07316258230437767 0.0035567855917912894 0.17743413177225642
0.5679994536652642 0.06891391140534409 0.05956356828565179 0.30352306664373996
0.29584581535903964 0.1549057265453967 0.23688946579515935 0.3123589923004043
0.6084885634882271 0.05739097629400236 0.017051262701007763 0.31706919751676277
0.24211130688370874 0.3720386161979634 0.3152519494690065 0.07059812744932137
0.20167051314531637 0.13193911288746352 0.2555227961915324 0.4108675777756877
0.23198227398644944 0.07379858628616265 0.6051100177575515 0.08910912196983645
0.1840869613590933 0.6378107001761447 0.16569495756534047 0.012407380899421505
0.0956019784737473 0.4074201962130567 0.09546511174290628 0.4015127135702897
0.18037286670593855 0.2973233575904165 0.08761061975032503 0.4346931559533199
0.43050250227030684 0.07636037473574764 0.42887900941373136 0.06425811358021416
0.20666623342378987 0.4278639525530129 0.020803394548931986 0.34466641947426524
0.5020166403140374 0.11227315783102876 0.07568882338027316 0.3100213784746607
0.30685369932930073 0.1391547357834224 0.2520101152663662 0.30198144962091067
0.22049886443171096 0.03322946028976337 0.331864518616814 0.4144071566617117
0.18635348167962862 0.2541830225023959 0.40741349746114 0.15204999835683553
0.020631793377538732 0.08506535011057048 0.4147855189985784 0.4795173375133124
0.09496523636853615 0.12315368412735483 0.13467875843889554 0.6472023210652135
0.5787507811431675 0.05305114768034902 0.09312999991469917 0.27506807126178434
0.2310340692532158 0.31939993298923197 0.40921646647886356 0.04034953127868868
0.4894685809950984 0.0632277187746878 0.15100842791126268 0.29629527231895114
0.441376015256824 0.11802068700302704 0.19853267731563984 0.2420706204245091
0.2112209708506836 0.4903644674530726 0.13124055471303409 0.16717400698320972
0.05332652190317755 0.08741645123319541 0.7932937616283418 0.06596326523528528
0.3487635032907206 0.19095759289920478 0.4166278771942238 0.04365102661585085
