27 60 4 178.87494868063155 357.74989736126315
4.831492694670062 8.331253664450973 7.618575611797116 8.812028798917622 4.450426955853581 9.815109689300686 9.038749120436218 2.887436527789379 7.676448826714667 6.968289872167686 8.981213153427433 8.722114409219916 7.74335992369167 8.831302480497293 2.6808025912427174 3.930100452948241 4.356436914590178 8.143417225753089 2.3595424259328044 2.529484291340288 1.7305218365486108 3.7465780750281428 8.049608216369869 2.46615563781052 1.6357716629679377 7.309640556023842 2.6288189119033207 6.390255253408827 4.737372842758557 5.622150241569413 2.98590555651546 7.530157068716164 8.644914534785705 9.360035452122526 7.623460356091416 5.289285166662879 5.436036759336192 6.350682445913682 1.6843326883452203 2.0572922741097446 9.698190994216615 6.249900613897339 1.8317972249001846 1.1226655146790296 8.532370976210961 9.233091094557876 7.34127634633265 4.4830593792475355 7.351245144755263 9.309800408883019 3.593376050933094 7.156178611937872 5.682632497929094 8.89629197723702 9.315003799838621 5.403071408776753 6.36592566487749 3.3784787420594795 9.92539807176746 2.8935816704960304
0.9662985389340124 1.6662507328901945 1.5237151223594232 1.7624057597835243 0.8900853911707163 1.963021937860137 1.8077498240872436 0.5774873055578758 1.5352897653429334 1.3936579744335371 1.7962426306854866 1.7444228818439833 1.548671984738334 1.7662604960994586 0.5361605182485435 0.7860200905896482 0.8712873829180356 1.6286834451506178 0.47190848518656087 0.5058968582680576 0.34610436730972216 0.7493156150056286 1.6099216432739738 0.493231127562104 0.32715433259358756 1.4619281112047684 0.5257637823806641 1.2780510506817655 0.9474745685517114 1.1244300483138825 0.597181111303092 1.506031413743233 1.7289829069571412 1.8720070904245052 1.5246920712182832 1.0578570333325756 1.0872073518672383 1.2701364891827365 0.33686653766904406 0.4114584548219489 1.9396381988433231 1.2499801227794678 0.3663594449800369 0.22453310293580592 1.7064741952421922 1.8466182189115752 1.46825526926653 0.8966118758495071 1.4702490289510526 1.8619600817766038 0.7186752101866187 1.4312357223875742 1.1365264995858189 1.779258395447404 1.8630007599677243 1.0806142817553506 1.273185132975498 0.675695748411896 1.9850796143534921 0.5787163340992061
0.5833700814446411 0.09245124832134 0.23514988042527796 0.08902878980874096
0.9006002997188796 0.009935070137145008 0.06506016289840377 0.02440446724557166
0.015087921518884051 0.5459396631572523 0.11209226153252327 0.3268801537913404
0.19410813118027714 0.016219439022546966 0.18519626252927834 0.6044761672678975
0.17126442146678234 0.0500236633049056 0.23835691292139471 0.5403550023069174
0.03541708769813445 0.6857352893489369 0.01825860307152216 0.2605890198814065
0.7096489722082104 0.12071420335048821 0.11238462822045447 0.057252196220846874
0.4009708638307262 0.5027558573781918 0.035513582116467046 0.060759696674614894
0.4035812547197769 0.1514820239106911 0.3876883391007402 0.05724838226879181
0.11106006985091776 0.5959865438127333 0.2400487835994236 0.05290460273692532
0.059746398956140645 0.17105012600484493 0.08340222119393736 0.6858012538450771
0.6312236261277765 0.03746058355405335 0.05933856631963752 0.27197722399853264
0.09649789260292185 0.016736444577588272 0.3345232994250775 0.5522423633944123
0.8407552116699529 0.004394555759185459 0.08568644081801124 0.06916379175285037
0.3569744523974929 0.21710989349783705 0.016975143632934175 0.40894051047173585
0.028698282795897367 0.6410860322426605 0.32730347053873843 0.0029122144227037294
0.5778184951133303 0.11783097734495673 0.11806722014362125 0.18628330739809174
0.6994157592370905 0.05873050802604518 0.19714240108293313 0.04471133165393115
0.03515779060951896 0.04021735654517178 0.7115750938957001 0.2130497589496092
0.5291652347982542 0.014326277512767605 0.4006896001503344 0.055818887538643835
0.20059085604706395 0.26039834348220803 0.20530651851055082 0.3337042819601772
0.49347961654612027 0.16253999434884459 0.27966133699652274 0.06431905210851241
0.47354353767406865 0.4602136136639048 0.028731200765548914 0.03751164789647765
0.12604244511704188 0.26854643034256853 0.3486571853447099 0.2567539391956797
0.42197876809509394 0.33740228129829464 0.22517720813511033 0.015441742471501096
0.1369960228560375 0.0421344852802521 0.7168674033199718 0.1040020885437386
0.4081430781528367 0.044082613472194554 0.46211367164105166 0.0856606367339171
0.1809813678317418 0.7124982085217585 0.10032963449223509 0.006190789154264631
0.8148040979816457 0.05413471371710277 0.06532219740535528 0.0657389908958963
0.04029604852209678 0.2377393646713153 0.27799001629891607 0.44397457050767186
0.09903896819679359 0.3173141754185843 0.0797212811241007 0.5039255752605214
0.4099330927608482 0.01540525413142646 0.5699076158822235 0.004754037225501828
0.10647645231357128 0.08645573252801309 0.3531368865565674 0.45393092860184825
0.049530230252839536 0.008190629018932083 0.2661461296306693 0.6761330110975591
0.6198474957432241 0.1598949192010749 0.14741239012938767 0.07284519492631336
0.4594136104183023 0.033185237539803736 0.050024342231502206 0.45737680981039175
0.21855892906659413 0.31702592981122346 0.3096871972345402 0.15472794388764222
0.36049560009413284 0.3127202505606347 0.29775559953163866 0.029028549813593818
0.4574247914861743 0.18835134201400228 0.23017369542079336 0.12405017107903005
0.29045313227273595 0.024593161597115443 0.4075711971393633 0.2773825089907853
0.0009804597363209933 0.5615506037623603 0.17230416736716125 0.26516476913415743
0.16962491531037704 0.021538742297873892 0.8035037850232642 0.005332557368484814
0.016787198530474612 0.6573557425083177 0.03379374877269281 0.29206331018851484
0.11295818990425699 0.4878224287280404 0.2116163534938924 0.18760302787381022
0.006121630744260309 0.18788176603115003 0.5171837325038281 0.28881287072076156
0.545878933454411 0.0808055946874251 0.2025462944132299 0.17076917744493403
0.6144435570229444 0.034525684376909505 0.2543125186203845 0.09671823997976159
0.08347341234565309 0.346153529301668 0.0371224358696397 0.5332506224830392
0.25363705790607916 0.47168521407019537 0.2052966297890455 0.06938109823467997
0.18193805307728506 0.24999653937624577 0.2516536950825161 0.31641171246395305
0.1778070812559558 0.003711191405609049 0.030114466058818068 0.7883672612796171
0.3631907453165457 0.07960684336759638 0.005774810051924484 0.5514276012639334
0.14313547553076655 0.5446353180241907 0.2423527474564542 0.06987645898858852
0.08628926983776153 0.6707840170949451 0.064428693674348 0.1784980193929454
0.03745906759541662 0.2965806539131848 0.40822048548593004 0.25773979300546856
0.3774674710632361 0.07953785233904231 0.2937301702840177 0.2492645063137039
0.40649600561656196 0.24483025335420927 0.22174682383667643 0.12692691719255234
0.31090452629626997 0.019706384844515146 0.528774616280243 0.14061447257897186
0.12699717504777286 0.05922991209172446 0.4027467761244381 0.4110261367360646
0.3579009061557795 0.18148563539942641 0.09387627750964711 0.36673718093514696
0.12165793024523441 0.5272420208718721 0.1058514543903184 0.24524859449257508
0.10466007199390026 0.13702785794988093 0.06204175023405012 0.6962703198221687
0.39321395615611554 0.07440449385359538 0.4019244071721175 0.13045714281817156
0.2095178826973032 0.6401126937987972 0.13107243724829476 0.01929698625560483
0.1925857832764143 0.26794723374997054 0.05383699977637679 0.4856299831972384
0.18319228819522537 0.768315645717355 0.03129710024599586 0.01719496584142377
0.3918676582027327 0.11886472538957271 0.21696074313109381 0.27230687327660075
0.07195334754183935 0.40521914416581617 0.2864858384254163 0.23634166986692817
0.21012746122808923 0.3481461023370256 0.06346358368177396 0.3782628527531112
0.3116763122648373 0.410746009015849 0.005290098594206705 0.272287580125107
0.03482098205022799 0.14766431431548532 0.14957898354688715 0.6679357200873995
0.22418412616571537 0.3991407342233966 0.21057590721237407 0.16609923239851399
0.11199090772310505 0.04207354013653508 0.7808246904596833 0.06511086168067659
0.15609123866945562 0.7174130702400858 0.03502197213648406 0.09147371895397449
0.17642631942207654 0.3546863865479194 0.4395430636718122 0.029344230358191892
0.09431945517848339 0.12419329696682158 0.011366979727022941 0.7701202681276721
0.26771351540863897 0.13723813048592115 0.3459548482222128 0.2490935058832271
0.5205366465800261 0.00828222431628478 0.4247116891432936 0.04646943996039554
0.15944030034977252 0.49041368701217947 0.22777663960820738 0.12236937302984063
0.12199785075308123 0.4125971966852051 0.06046842141893771 0.40493653114277595
0.04479479459784663 0.2291554029121209 0.5561081376558543 0.16994166483417816
0.011781954018039276 0.627161225443182 0.15549154845457858 0.20556527208420017
0.13887579104122294 0.6156843223441593 0.10650701612775426 0.13893287048686354
0.06936129737930274 0.3470759588621911 0.548883402503797 0.03467934125470917
0.29134737751676976 0.07916281377719903 0.5596538536333175 0.06983595507271367
0.04832574604511497 0.03499381896755893 0.45083445193342453 0.46584598305390157
0.16991180600377054 0.3442712261530374 0.39239380462673135 0.09342316321646071
0.02379481017078322 0.2700395299075177 0.3210707864858109 0.3850948734358882
0.43665330022035176 0.27865674430629894 0.07917892711736685 0.20551102835598245
0.5143463801321635 0.34805506767577077 0.009498765089214767 0.12809978710285097
0.3113250752752821 0.15981729882613005 0.28068612934964676 0.2481714965489411
0.20355087760088675 0.029955818991527106 0.6773965060428809 0.08909679736470522
0.2700482284791451 0.4313070646909368 0.023451935519726463 0.2751927713101916
0.01227390724578703 0.10368759162240149 0.7092699561520828 0.1747685449797287
0.2374185692290719 0.12799295510068165 0.2793173122188597 0.35527116345138676
0.4225533133360939 0.11606076304408464 0.1107317548745339 0.35065416874528754
0.22149471675674648 0.06301495450599648 0.1269196225658823 0.5885707061713747
0.3382929597140827 0.5689514324248315 0.039120606685467685 0.05363500117561815
0.20389948480224052 0.28281005283856986 0.3808979948313741 0.13239246752781553
0.15585096105038432 0.3266656547404244 0.32439691722283803 0.19308646698635323
0.2166399784600146 0.20023146126297298 0.40992959291414455 0.17319896736286788
0.1524857312671264 0.4168701526867288 0.08130743015866881 0.349336685887476
0.12453158397846475 0.39564620828315966 0.45854510199335086 0.021277105745024727
0.0314632528133616 0.001207339480038594 0.9264253566415827 0.040904051065017155
0.10136794140433758 0.35954723124369825 0.43558587082296885 0.10349895652899532
0.8495397825290767 0.056300258702224104 0.05140082148373659 0.04275913728496261
0.07103901204971219 0.8056382981360108 0.005916023992821984 0.11740666582145498
0.15658464546061412 0.2213175732262629 0.5468003612520718 0.07529742006105122
0.03756162437706878 0.4650073387514937 0.1563662195444877 0.3410648173269498
0.4808940863771335 0.08824408082650215 0.137325174395309 0.29353665840105536
0.5821754078393481 0.2831002778707308 0.0770167512675708 0.05770756302235036
0.3638844153697546 0.05244624802073916 0.2903717411474016 0.29329759546210465
0.06558435095084514 0.45504593499390134 0.22721072585983038 0.25215898819542315
0.3165390101999662 0.12633866943718897 0.0029165772464130324 0.5542057431164318
0.2359537080489753 0.29605119425343673 0.12112078908450863 0.34687430861307933
0.14455037111070135 0.05929963271956684 0.20423898449868128 0.5919110116710505
0.0191448994396336 0.3822897226459836 0.5355139740286148 0.06305140388576802
0.05913411797323498 0.5404856895355348 0.21257447710067845 0.1878057153905518
0.2583190264922879 0.10381246394946697 0.2652588663450244 0.37260964321322076
0.6635062513306139 0.031043517048531477 0.18058187645271773 0.12486835516813688
