6 70 4 213.8320564328267 427.66411286565346
9.035741362924014 3.987818247710595 8.391062107520487 1.375269631527249 1.9689101194237115 6.355468577856162 5.768356259735395 4.769266857009889 4.018670643459963 6.6026748897648115 4.943272834979867 7.622938957138212 5.662327707993419 6.209727402035414 6.8081958630603445 9.912018442360747 8.378723772296572 4.718808413345627 8.886408896859646 8.413834893134691 1.4902705704011918 7.467735129077749 8.219535061820277 7.62765979430295 7.382185757030506 5.868431688722753 2.123417569425488 9.618825659227015 4.629306688614278 2.952560442912041 7.455482618079875 9.947866945797438 3.3005265004075155 7.041784887453524 6.391053218252049 7.455989309999618 9.436145811804142 4.166287916857318 3.282706877242564 4.622252581330957 7.718596454664865 7.516635106705195 4.654970164525504 9.904418634520022 5.054493526706494 4.364275906903176 7.386657455522819 1.7421269798053762 4.585356269301549 7.937928696770918 7.882758851504204 3.554734452019276 2.705879713333425 5.241258682617835 4.0132544005236115 7.612615393422859 2.701964039813779 3.979936667089789 8.59805578740312 6.535216308901385 8.967376717636345 9.788977183669102 8.532177336164644 2.627421634773454 6.565694576091295 5.284979859460098 4.637409892054553 7.676953187941082 8.433399602522652 7.149068474388775
1.807148272584803 0.797563649542119 1.6782124215040972 0.2750539263054498 0.3937820238847423 1.2710937155712325 1.1536712519470789 0.9538533714019778 0.8037341286919926 1.3205349779529623 0.9886545669959734 1.5245877914276424 1.1324655415986837 1.2419454804070829 1.361639172612069 1.9824036884721494 1.6757447544593145 0.9437616826691254 1.777281779371929 1.6827669786269381 0.29805411408023835 1.4935470258155497 1.6439070123640556 1.52553195886059 1.4764371514061012 1.1736863377445506 0.4246835138850976 1.923765131845403 0.9258613377228556 0.5905120885824082 1.491096523615975 1.9895733891594876 0.6601053000815031 1.4083569774907048 1.2782106436504097 1.4911978619999235 1.8872291623608284 0.8332575833714635 0.6565413754485128 0.9244505162661915 1.5437192909329729 1.503327021341039 0.9309940329051007 1.9808837269040045 1.0108987053412988 0.8728551813806351 1.4773314911045639 0.34842539596107525 0.9170712538603099 1.5875857393541835 1.5765517703008407 0.7109468904038552 0.541175942666685 1.048251736523567 0.8026508801047223 1.5225230786845718 0.5403928079627558 0.7959873334179578 1.7196111574806239 1.307043261780277 1.793475343527269 1.9577954367338204 1.7064354672329287 0.5254843269546907 1.313138915218259 1.0569959718920194 0.9274819784109105 1.5353906375882165 1.6866799205045304 1.4298136948777551
0.05883729016413808 0.08043431532683432 0.7855221594642239 0.07520623504480373
0.1482915326009432 0.015197218163675252 0.08812539240585959 0.748385856829522
0.5129401860856384 0.14706963255975936 0.298712781670576 0.04127739968402622
0.11703303553464184 0.08749022231049097 0.39934329886197284 0.39613344329289435
0.036608530436010756 0.5100992958404749 0.31632258082285625 0.13696959290065813
0.12565834166662404 0.1416806637073198 0.5608176797250033 0.17184331490105287
0.17940634553953905 0.38186878665206225 0.04672118864269137 0.39200367916570733
0.042732501652877675 0.7076979698679597 0.187962135145747 0.06160739333341558
0.013623744191839093 0.04915249563942514 0.504020531493787 0.43320322867494876
0.03979555804662849 0.08454012515391518 0.36114958259014607 0.5145147342093103
0.18031763150334423 0.0963489571751871 0.5025673648474956 0.22076604647397302
0.24581485130675285 0.009170842586462169 0.22851788419711272 0.5164964219096723
0.2246456342207055 0.36242878678010726 0.38599808387845336 0.02692749512073389
0.019385808980997732 0.23017336005882527 0.7191069112756211 0.0313339196845559
0.02640239805893896 0.3398587368440883 0.4002202787726431 0.23351858632432965
0.26619804519415946 0.089988119647755 0.5953131459877524 0.04850068917033312
0.23813067121040488 0.05873043562043978 0.6675719092761628 0.03556698389299251
0.2522774400445402 0.017270649971919405 0.5948883949158513 0.13556351506768904
0.24162770380508714 0.2605871787414149 0.4030437483673728 0.09474136908612518
0.014306451540300857 0.4045312538786715 0.25145199075579994 0.3297103038252277
0.2070889975480471 0.008234667423797859 0.24036433059039453 0.5443120044377605
0.007894747940961677 0.5702587164854025 0.06650906321565608 0.35533747235797974
0.17963963084022172 0.10507245692265033 0.5371350944868191 0.1781528177503089
0.570167146057021 0.34078505029714934 0.031951504901987726 0.05709629874384192
0.04177758422838851 0.0656773853713094 0.7086308623606296 0.18391416803967253
0.10724631864191714 0.0827128038134185 0.02700966594756271 0.7830312115971017
0.13990345034074603 0.17968693661491564 0.46603699080891603 0.2143726222354223
0.27679967455769117 0.38541091253365567 0.18928443989092503 0.14850497301772814
0.6779625879939475 0.04644352086369863 0.10497964427485273 0.17061424686750115
0.573620931912805 0.26611220106255395 0.07036808347923018 0.08989878354541081
0.0335122841211396 0.424764962943026 0.22314360740634132 0.31857914552949307
0.6149501149592423 0.11039553862559892 0.09543906614340558 0.17921528027175315
0.5947785357950778 0.03968180015734357 0.017233439890838365 0.3483062241567403
0.08873827959453551 0.26685581659313884 0.5344595437359173 0.10994636007640834
0.23554235584663108 0.4052388996809517 0.16488106618192144 0.19433767829049575
0.23752043388671396 0.5634137563513512 0.19607244222781806 0.002993367534116831
0.06272351305437274 0.21611139200071228 0.5516843915151799 0.1694807034297351
0.31969344004275146 0.2889337692963788 0.3762511835170915 0.015121607143778193
0.08124660268089434 0.3159693772818065 0.24577437794709478 0.35700964209020436
0.1741540254821745 0.6947052116617279 0.053460112818307426 0.07768065003779012
0.4283972502145301 0.0686548400868684 0.13710384548923882 0.36584406420936266
0.45391223385225765 0.16442439440696388 0.24907665987183625 0.13258671186894222
0.39219678496357857 0.18195546675233554 0.42405980894876827 0.0017879393353176232
0.038657577468729554 0.10257948587608401 0.03656171880267556 0.8222012178525109
0.7639555679132717 0.20492801212644118 0.015863714411601282 0.015252705548685852
0.21321954583550817 0.5505398786283685 0.053635176755428504 0.18260539878069482
0.6701770037575367 0.017967838350782195 0.14200014582904363 0.16985501206263742
0.7774417941022584 0.10804844261773527 0.0641892440549291 0.05032051922507719
0.09081424695910889 0.33024773484980297 0.5171700943290419 0.061767923862046215
0.1063995111998387 0.47661160307536576 0.31312890610940103 0.1038599796153945
0.2604803022610297 0.0634514323779245 0.6432905699125862 0.032777695448459654
0.33820611700422876 0.5824420870253372 0.014702597124830574 0.0646491988456035
0.1833561539607267 0.7727237954488512 0.0016933423850433726 0.04222670820537877
0.059312038573707815 0.7130425887912669 0.031047888625201026 0.19659748400982424
0.07910574762248801 0.06338375498418025 0.3082026525063615 0.5493078448869703
0.06029360541553519 0.017388750734847358 0.3976606407899469 0.5246570030596706
0.031953009971600776 0.8057075085693021 0.057513754000771744 0.10482572745832541
0.588156891126261 0.11718829051238755 0.22768474793921034 0.06697007042214109
0.2391995650077272 0.1829163358889213 0.49290966032516137 0.08497443877819011
0.024999796961841736 0.12705517992927806 0.5263115432267362 0.32163347988214397
0.4543192705650101 0.12071221325900772 0.24325181590407785 0.18171670027190434
0.2514099569280247 0.3929895934207276 0.15804345455554591 0.1975569950957018
0.0636696825852231 0.22760836435195708 0.13260688983404378 0.576115063228776
0.22115928743283786 0.5056891887527328 0.2587464313147484 0.014405092499680916
0.13020198138280692 0.19862559146192682 0.11891884906722494 0.5522535780880413
0.11658668220381208 0.19869032816918097 0.31152842638515865 0.3731945632418483
0.5322407181197523 0.02491318292970246 0.1600234898688413 0.282822609081704
0.2609490239374326 0.573561643667293 0.011257885925575972 0.15423144646969844
0.02254245360714846 0.6570717052686427 0.04295613752261496 0.2774297036015939
0.11521660093509767 0.21730396301669241 0.21572879485127883 0.4517506411969311
0.19266547475121587 0.21243698261277577 0.2977226000344195 0.29717494260158883
0.04137550130090173 0.6068497397656089 0.034061889608073215 0.3177128693254162
0.06622048081343157 0.2750761104064894 0.5031307458988683 0.15557266288121074
0.4903677932571596 0.09684589771857566 0.12323664446704163 0.2895496645572231
0.31540357558877097 0.052421083345341235 0.19064195929005667 0.4415333817758311
0.27635045943263903 0.28643062006003717 0.21225384881368214 0.22496507169364166
0.04174887615355327 0.6263888586733888 0.1151189365105535 0.21674332866250445
0.49705097583455327 0.28895488297741 0.030861637633780137 0.1831325035542566
0.11291833478714641 0.43712285092795855 0.024683039251918948 0.4252757750329761
0.011605844415387367 0.2898162527197524 0.3324720393389733 0.3661058635258869
0.06697796308146708 0.23456757701269415 0.09920293413415493 0.5992515257716838
0.5237721878560011 0.09937776328007397 0.22875851066835218 0.14809153819557275
0.35474752954185884 0.623966276084612 0.002967583111029848 0.01831861126249934
0.12943570725402642 0.4833946821980726 0.09227354626928908 0.2948960642786119
0.20009350511422008 0.05597009919346463 0.6781175607751334 0.06581883491718188
0.04893908806575353 0.09338862533435988 0.10528423918984997 0.7523880474100366
0.059335972698002504 0.596691851416507 0.22679693144819557 0.11717524443729488
0.15514089742075243 0.3930637532901853 0.2964734349236856 0.15532191436537668
0.01876689223113215 0.46592250100679544 0.4305789925046092 0.08473161425746323
0.09713039137032065 0.023417835647226437 0.1500151813689662 0.7294365916134867
0.11350963458792207 0.6315458311989508 0.1851877883804316 0.06975674583269553
0.641871839423087 0.038379440953712485 0.10427693429493146 0.21547178532826905
0.646829335341223 0.07944366826364035 0.11520354793706511 0.15852344845807154
0.040492282104544364 0.04477533976250736 0.37718828933709814 0.5375440887958501
0.4191977391510995 0.0323654156933445 0.30415643286257055 0.24428041229298547
0.2880185884350409 0.1762486349155452 0.37914336212383604 0.15658941452557784
0.6118213351620728 0.0939293493946145 0.20334349109712635 0.09090582434618633
0.25897947376885955 0.3764985180903323 0.28829047328427837 0.07623153485652978
0.3055872539721948 0.20090618788873993 0.17680461743763876 0.31670194070142654
0.004145027377523536 0.11579459331289232 0.8283302350147274 0.051730144294856784
0.41246601419179685 0.06518580279409403 0.2772396175715426 0.24510856544256654
0.3463091534927728 0.04655819288905216 0.17060529342518793 0.4365273601929871
0.12859401976213314 0.259142597551672 0.4800558591219596 0.13220752356423526
0.3147263464457982 0.3627400316765448 0.18644899947371074 0.13608462240394625
0.35732326166237793 0.23237300089459845 0.009136284803152095 0.4011674526398715
0.05247463699615418 0.2785121299286296 0.11269267372114677 0.5563205593540694
0.31825678376579114 0.41034336924012416 0.009847098873298377 0.2615527481207863
0.15254138302835663 0.10908866437188902 0.6559548639642854 0.08241508863546898
0.0489065953670772 0.37787293491012763 0.02390095794297442 0.5493195117798207
0.2333694530363959 0.07900801080803199 0.49384954265814307 0.19377299349742905
0.5824607402418369 0.24233337468190785 0.034479575289024345 0.14072630978723089
0.25827167315041755 0.31714584778607746 0.3491590744929788 0.07542340457052621
0.6764406534395973 0.01764191135280735 0.24629965005955667 0.05961778514803873
0.025184666744696993 0.27986325518308797 0.6331203975527263 0.06183168051948873
0.5730162688523557 0.05007381353448037 0.3203713654432917 0.05653855216987225
0.13345376194280623 0.3938645426323869 0.2665327512405191 0.20614894418428775
0.4287647624422234 0.3479934184080876 0.13913188299155332 0.08410993615813567
0.08495536383678282 0.0008942936689145808 0.391276043504746 0.5228742989895566
0.20801504478587252 0.10684188005313378 0.37048156345294836 0.31466151170804535
0.010084976149848046 0.375166635696094 0.2827737703442129 0.33197461780984505
0.08154113332918334 0.44813041724524894 0.3563952854270863 0.11393316399848141
0.22523549719156677 0.00782087676410348 0.6680716128745725 0.09887201316975724
0.05497749128620599 0.09183440238910912 0.1923156741194625 0.6608724322052224
0.4633244257317599 0.28549479023882507 0.07041212323482071 0.1807686607945943
0.2833714394891985 0.4422893888002535 0.1844229794142982 0.08991619229624981
0.08095789618432081 0.030296080515600066 0.5587014568836026 0.3300445664164765
0.48323260651725664 0.15638470170972896 0.0693700717502359 0.2910126200227785
0.4646740714598503 0.48140126429608165 0.02828048740449174 0.025644176839576316
0.16406050937539762 0.2254404537425383 0.19009413127799546 0.4204049056040686
0.05261135107345383 0.14497168246487213 0.05629252347780178 0.7461244429838723
0.48851515110809307 0.25232726599824995 0.1509190734903051 0.10823850940335189
0.002623751928110152 0.40780520742094073 0.5378798187160608 0.05169122193488829
0.14221099459460396 0.3978728570121771 0.43911981972441094 0.020796328668807984
0.5041134315464814 0.031613888992728656 0.10621007258359161 0.3580626068771984
0.5165665220022991 0.20392664543240335 0.0017054845016539755 0.27780134806364354
0.4385655784346367 0.25755001882727047 0.16347809289129112 0.1404063098468017
0.34575917170916914 0.2876235602106373 0.25653954378453936 0.11007772429565421
0.45288503155777515 0.1213689631276409 0.22285765167459315 0.2028883536399908
0.09326760963179992 0.2432064854032815 0.3686408659877265 0.2948850389771921
0.13394620545335334 0.6943218220013075 0.16493922551489748 0.006792747030441637
