59 60 4 163.21054184899708 326.42108369799416
9.316316040169827 2.4208352248131275 8.802235691342176 1.7574124677531238 6.162163155438649 3.537457901766215 3.3065250202900494 6.075823707624822 2.978410166368085 6.837587196243413 6.649770181687145 4.69876969325172 4.622890220788106 5.051458648034581 3.1053018741113103 2.208985268719106 1.942414906019978 5.2569120627097465 2.0246278225465213 3.5744228802778553 8.543905197936104 3.826660807359565 1.6873865068773057 7.924843082733688 3.321729865948895 9.409757328560543 8.27235707634315 4.017966487125982 5.422127484415392 3.004606971418264 4.9082334658335025 6.799545336603575 9.655900688254047 4.955429991777196 4.952130435865223 6.762052526790847 9.21789636572105 6.004541988599743 5.819060016922309 4.989334739314365 2.252166989045971 9.418413631815506 6.740456637338218 9.549604250726988 5.07875281810722 4.502888645773867 6.5339636055163055 7.047087737432383 7.87148371427961 3.793162325096881 3.6470001247797637 2.8034965163482317 3.562547801029132 7.295662756663091 9.306242826080037 4.069182887909939 7.303248276766045 6.763603742478158 1.3862835129211206 7.670048403529306
1.8632632080339655 0.4841670449626255 1.7604471382684352 0.3514824935506248 1.2324326310877298 0.707491580353243 0.6613050040580098 1.2151647415249642 0.595682033273617 1.3675174392486826 1.329954036337429 0.939753938650344 0.9245780441576212 1.0102917296069163 0.6210603748222621 0.44179705374382117 0.3884829812039956 1.0513824125419493 0.4049255645093043 0.7148845760555711 1.7087810395872207 0.765332161471913 0.33747730137546117 1.5849686165467376 0.6643459731897791 1.8819514657121086 1.65447141526863 0.8035932974251964 1.0844254968830784 0.6009213942836528 0.9816466931667005 1.359909067320715 1.9311801376508093 0.9910859983554392 0.9904260871730447 1.3524105053581694 1.84357927314421 1.2009083977199486 1.163812003384462 0.997866947862873 0.45043339780919417 1.883682726363101 1.3480913274676436 1.9099208501453977 1.015750563621444 0.9005777291547734 1.306792721103261 1.4094175474864765 1.574296742855922 0.7586324650193762 0.7294000249559527 0.5606993032696463 0.7125095602058263 1.4591325513326183 1.8612485652160076 0.8138365775819878 1.460649655353209 1.3527207484956316 0.27725670258422414 1.5340096807058612
0.02037620259994588 0.2626505659996555 0.6470394365325115 0.06993379486788709
0.16165598227743438 0.43219167497859745 0.30893350267717246 0.09721884006679571
0.03807370841415769 0.14822077928254096 0.32778697721860917 0.4859185350846922
0.2267638931054332 0.1317814005517891 0.4122386890221016 0.2292160173206761
0.3885777829973338 0.004231293056565666 0.23802553453972153 0.369165389406379
0.22459354112073338 0.3561759088167594 0.14209190276613837 0.27713864729636883
0.14193852666206042 0.017669566372218504 0.4601620546270715 0.3802298523386496
0.2680039156161971 0.09679826101649958 0.5216042627855516 0.11359356058175174
0.027775054743657823 0.19319481475532685 0.08034483154053251 0.6986852989604828
0.5459815942856074 0.007657388059870374 0.10299865179441425 0.34336236586010793
0.8506635319987125 0.08450310942131256 0.06096648230384161 0.0038668762761333575
0.4491186869685121 0.08831411497565 0.1104488011289253 0.3521183969269126
0.6167233926681641 0.1957913898922773 0.11452086018908147 0.07296435725047712
0.4051982721522879 0.08938043926370898 0.07270753831867838 0.43271375026532477
0.3467780033381418 0.17239510332989783 0.20613291028809633 0.27469398304386405
0.6781876421508719 0.21155794699181052 0.03151051629907142 0.07874389455824615
0.22531210154403458 0.19469873680832994 0.46687833755429997 0.1131108240933355
0.33916311981823855 0.3759686164397029 0.18327865838128254 0.10158960536077599
0.12672675034450753 0.06614669012111807 0.3910414636267493 0.4160850959076251
0.1889188697526757 0.09485652402129052 0.6638038594877668 0.05242074673826702
0.14884054372850242 0.5766237622649286 0.058138283314960626 0.21639741069160834
0.00632618017181763 0.33918929598764036 0.5846075782254755 0.06987694561506652
0.07436729028064215 0.495675619997074 0.3331244179257734 0.09683267179651045
0.18944046552105231 0.2184406718634424 0.5411134905429148 0.05100537207259048
0.35535779582824367 0.09697276418670642 0.4429685963773812 0.10470084360766874
0.2170379735918424 0.2280687106318401 0.22964427789351982 0.3252490378827977
0.8077128432152154 0.0028068618746615037 0.17746160105153663 0.012018693858586449
0.3394795361863907 0.17827395748194463 0.06105077851159635 0.4211957278200683
0.08098274453295529 0.7793563464184371 0.12946293952716958 0.010197969521438033
0.12935100801147226 0.15320974132937326 0.5644672280126154 0.15297202264653909
0.35242382624151003 0.32172169505503256 0.08168480915597198 0.24416966954748542
0.18867226426049544 0.05076395294260161 0.14815230221590292 0.612411480581
0.049576348554155714 0.3249786630525573 0.37983730511326463 0.24560768328002236
0.5134561397920329 0.05832807964663689 0.2102342542007678 0.21798152636056245
0.01651462422205563 0.4437109223536101 0.03300564534084571 0.5067688080834886
0.30624742807082694 0.5784268375613411 0.08520539219437351 0.030120342173458492
0.0073009125609557746 0.19420014253419426 0.6255678927566453 0.1729310521482047
0.32368124215696314 0.21666664227918342 0.41529285207427524 0.04435926348957819
0.15337589183187783 0.4893887890835793 0.265412839097529 0.09182247998701387
0.0005692430631877299 0.5727314059192972 0.3774710510988819 0.0492282999186332
0.13533323296749045 0.5154556299447053 0.19964248003201168 0.1495686570557926
0.004715519982696037 0.289787910040771 0.11865726036497504 0.586839309611558
0.08633354525722958 0.26739466678257606 0.15705141918202659 0.48922036877816777
0.11670452560982747 0.15884142039682314 0.0690787208631155 0.6553753331302339
0.24629089052702535 0.42313062896542775 0.17603278375670617 0.15454569675084073
0.17522888541929138 0.39662220267664194 0.2008184420814304 0.22733046982263627
0.10530252042699995 0.3712750345815946 0.335343917433783 0.18807852755762244
0.05233245679740817 0.13164988260450328 0.26078158388795314 0.5552360767101354
0.4748953026840964 0.20572390495734316 0.04080576048898077 0.27857503186957966
0.7787682266430946 0.047192989515715156 0.13879998938544458 0.035238794455745626
0.7512333522495608 0.12231862943871497 0.045633490023769596 0.08081452828795466
0.0166535686056124 0.022744746829080453 0.7361253822789093 0.2244763022863978
0.22100435573832133 0.4320123838332729 0.16402581994888832 0.18295744047951745
0.2691685678536726 0.3867147568085536 0.31889984426307083 0.02521683107470296
0.7703114453624704 0.11191685634275905 0.047513032092677876 0.07025866620209265
0.2005256717948466 0.28979180713844965 0.07785659385501065 0.4318259272116931
0.2527769727677135 0.1370738264467296 0.41670011494205894 0.19344908584349796
0.3433167773608715 0.12383186381311817 0.3043041637668049 0.2285471950592054
0.008622439582561814 0.2068712096868146 0.3451130637154287 0.43939328701519487
0.3167758551835602 0.0226909845821176 0.38054076420686456 0.2799923960274576
0.43741153508115405 0.10436149944707673 0.2700944611021029 0.18813250436966633
0.39166643544557445 0.41795107102025186 0.08640040627208423 0.10398208726208946
0.6337440668597117 0.09450571743877045 0.18326081328741306 0.08848940241410475
0.2624744876103656 0.4139550938663674 0.28292468730106324 0.04064573122220372
0.75706747898359 0.15850523544902106 0.077559698869748 0.006867586697640982
0.4803256469202636 0.10878036283144077 0.06912057491458878 0.34177341533370686
0.5446401741204917 0.25575839914513154 0.0615630737069881 0.13803835302738865
0.010829225901887174 0.5289276037201693 0.23226135530342185 0.22798181507452164
0.03231887124015731 0.2223004575992611 0.017181510867869232 0.7281991602927124
0.22418098794063634 0.014657039965376706 0.5576263249654292 0.20353564712855776
0.07911708122124295 0.5586845153725774 0.15207045004275332 0.21012795336342638
0.11252597878197734 0.5740894054882015 0.24958268771467085 0.06380192801515028
0.04921465222684429 0.502497885393067 0.09480975698640104 0.3534777053936877
0.16966282079174422 0.2759677254294135 0.3100018847494842 0.24436756902935808
0.22996225063142417 0.33996857631500266 0.02036484495070512 0.40970432810286805
0.23742298368822046 0.2509404676286393 0.15163604666457997 0.36000050201856026
0.4571646534021364 0.014776022489393914 0.0008136929888327149 0.527245631119637
0.14221201786725834 0.10834806981579981 0.5878827363852032 0.16155717593173868
0.16402868383567482 0.46541618648621896 0.3692690718025413 0.0012860578755649055
0.5159215249128292 0.21084005941208728 0.12470238695236713 0.14853602872271643
0.14437139767857066 0.06627085669709298 0.5977649370614749 0.19159280856286143
0.3869535757941768 0.16077725363693007 0.3899033031500807 0.06236586741881245
0.22936108736554128 0.041206506000539656 0.49887462142866446 0.2305577852052546
0.2438200818379177 0.36826572804368085 0.0289659198390948 0.35894827027930665
0.06767043563740338 0.6450592069874295 0.0478418406390968 0.23942851673607035
0.37188967212416923 0.2396405519299647 0.16947748526498363 0.21899229068088244
0.33481309970300877 0.15401298282165354 0.40387236632108847 0.10730155115424922
0.054454344107176644 0.16533654749146576 0.5104777866699433 0.26973132173141434
0.1648418767109937 0.3967377874626222 0.2779382213877025 0.16048211443868154
0.36892832253995145 0.07275992137700305 0.25608651027632745 0.30222524580671806
0.06425097503397581 0.09123506317604568 0.7940593691879103 0.05045459260206819
0.3780958647657331 0.3112224540161117 0.054260062369283935 0.25642161884887127
0.37301392022445534 0.46518770518358 0.12352080364349571 0.03827757094846895
0.21215814345484618 0.7019805848424225 0.012137437878953716 0.07372383382377756
0.45463158888042576 0.048176215663060296 0.25562076373219134 0.2415714317243226
0.15850724750237255 0.08785554995185663 0.6117767934978311 0.14186040904793973
0.3553372445859655 0.5570009598989073 0.03949567335522164 0.04816612215990557
0.016117574990730188 0.16769939160691494 0.35008399859414263 0.46609903480821224
0.1834254663794559 0.19792905128607785 0.2627746257539887 0.35587085658047757
0.23417853200724514 0.06162906780808297 0.43221652525689536 0.27197587492777653
0.037987557990657006 0.44266850730340757 0.23336712595492592 0.2859768087510095
0.15803123578335188 0.5832537244065791 0.055191353607962346 0.2035236862021067
0.1562991417953481 0.04925276063908024 0.3599360220493032 0.43451207551626847
0.26279160834129356 0.22060941783044663 0.02077166392876173 0.4958273098994981
0.44138021514156467 0.3873225470588373 0.01508006647781479 0.15621717132178325
0.04196127660327431 0.05957239205661358 0.7597113186173104 0.13875501272280166
0.5240271667130545 0.07865386345524861 0.11355700184485529 0.2837619679868416
0.034136604761946354 0.12565353666960266 0.5199999748703409 0.3202098836981101
0.3914348741928605 0.19005810248256616 0.14083195824144557 0.2776750650831278
0.14616249791255131 0.253848884692334 0.2943736790431488 0.30561493835196585
0.19273076319510496 0.15643867143872436 0.4623140852795071 0.18851648008666355
0.11030797326564035 0.004785463845280558 0.726756206965671 0.1581503559234081
0.08583419111725332 0.33953217281728454 0.28139697335478986 0.2932366627106723
0.558968764056109 0.07851317919204748 0.20548257020249583 0.15703548654934774
0.6683495234426347 0.04391951865191701 0.11349782404362052 0.17423313386182782
0.14561147874713898 0.5200699012465462 0.012724331134711497 0.32159428887160335
0.04416039585077092 0.2573785838938364 0.4683148633750037 0.23014615688038897
0.398890901390754 6.920864383408443e-05 0.5871268251868323 0.013913064778579565
0.6767439142029689 0.06295511243293705 0.21190933823118174 0.048391635132912336
0.09482408867987913 0.1896245999074344 0.6655534874036069 0.049997824009079594
