6 50 4 152.58749005216103 305.1749801043221
9.035741362924014 3.987818247710595 8.391062107520487 1.375269631527249 1.9689101194237115 6.355468577856162 5.768356259735395 4.769266857009889 4.018670643459963 6.6026748897648115 4.943272834979867 7.622938957138212 5.662327707993419 6.209727402035414 6.8081958630603445 9.912018442360747 8.378723772296572 4.718808413345627 8.886408896859646 8.413834893134691 1.4902705704011918 7.467735129077749 8.219535061820277 7.62765979430295 7.382185757030506 5.868431688722753 2.123417569425488 9.618825659227015 4.629306688614278 2.952560442912041 7.455482618079875 9.947866945797438 3.3005265004075155 7.041784887453524 6.391053218252049 7.455989309999618 9.436145811804142 4.166287916857318 3.282706877242564 4.622252581330957 7.718596454664865 7.516635106705195 4.654970164525504 9.904418634520022 5.054493526706494 4.364275906903176 7.386657455522819 1.7421269798053762 4.585356269301549 7.937928696770918
1.807148272584803 0.797563649542119 1.6782124215040972 0.2750539263054498 0.3937820238847423 1.2710937155712325 1.1536712519470789 0.9538533714019778 0.8037341286919926 1.3205349779529623 0.9886545669959734 1.5245877914276424 1.1324655415986837 1.2419454804070829 1.361639172612069 1.9824036884721494 1.6757447544593145 0.9437616826691254 1.777281779371929 1.6827669786269381 0.29805411408023835 1.4935470258155497 1.6439070123640556 1.52553195886059 1.4764371514061012 1.1736863377445506 0.4246835138850976 1.923765131845403 0.9258613377228556 0.5905120885824082 1.491096523615975 1.9895733891594876 0.6601053000815031 1.4083569774907048 1.2782106436504097 1.4911978619999235 1.8872291623608284 0.8332575833714635 0.6565413754485128 0.9244505162661915 1.5437192909329729 1.503327021341039 0.9309940329051007 1.9808837269040045 1.0108987053412988 0.8728551813806351 1.4773314911045639 0.34842539596107525 0.9170712538603099 1.5875857393541835
0.18954219037038056 0.14526385413224296 0.4299449389978436 0.2352490164995329
0.18910711553486437 0.6551213052877045 0.041035658914802764 0.11473592026262835
0.4041566546727281 0.21425385378186024 0.21849808445259422 0.16309140709281744
0.05883729016413808 0.08043431532683432 0.6866616836782112 0.17406671083081637
0.1482915326009432 0.015197218163675252 0.7613050141905778 0.07520623504480373
0.25161414317047803 0.2613260429151604 0.4457824142303354 0.04127739968402622
0.11703303553464184 0.4868335211724638 0.05614326193829211 0.33999018135460224
0.036608530436010756 0.16791472740912206 0.6585071492542091 0.13696959290065813
0.12565834166662404 0.4210494846098616 0.2814488588224615 0.17184331490105287
0.17940634553953905 0.08793265983440479 0.34065731546034883 0.39200367916570733
0.5612751321916013 0.18915533932923612 0.187962135145747 0.06160739333341558
0.013623744191839093 0.02910875746103858 0.5240642696721736 0.43320322867494876
0.03979555804662849 0.022980681784635748 0.4227090259594255 0.5145147342093103
0.12433568320054367 0.055981948302800566 0.0963489571751871 0.7233334113214687
0.24581485130675285 0.009170842586462169 0.524248259632812 0.22076604647397302
0.2246456342207055 0.25885794386962224 0.4895689267889384 0.02692749512073389
0.019385808980997732 0.567688612019815 0.38159165931463135 0.0313339196845559
0.249559169039823 0.11670196586320425 0.4002202787726431 0.23351858632432965
0.02640239805893896 0.2397956471352205 0.6853012656355074 0.04850068917033312
0.23813067121040488 0.11805549363150958 0.608246851265093 0.03556698389299251
0.26954809001645963 0.027313016814385027 0.5675753781014663 0.13556351506768904
0.2522774400445402 0.24993744250196182 0.4030437483673728 0.09474136908612518
0.014306451540300857 0.22732125226478628 0.42866199236968516 0.3297103038252277
0.2070889975480471 0.21174870787092526 0.03685029014326713 0.5443120044377605
0.007894747940961677 0.2074289170308833 0.4293388626701753 0.35533747235797974
0.17963963084022172 0.39851383358614245 0.24369371782332694 0.1781528177503089
0.28471208776287205 0.28545505829414897 0.34078505029714934 0.08904780364582965
0.04177758422838851 0.0656773853713094 0.8354487316564602 0.05709629874384192
0.10724631864191714 0.0827128038134185 0.6261267095049918 0.18391416803967253
0.21696878840289835 0.10262159855276332 0.46603699080891603 0.2143726222354223
0.13990345034074603 0.5223071367506008 0.18928443989092503 0.14850497301772814
0.27679967455769117 0.4011629134362563 0.04644352086369863 0.2755938911423539
0.8293857531324988 0.01034737984286016 0.07036808347923018 0.08989878354541081
0.0335122841211396 0.424764962943026 0.11534368484863944 0.42637906808719495
0.6149501149592423 0.06647073951126459 0.13936386525773992 0.17921528027175315
0.5947785357950778 0.03968180015734357 0.09088531763241992 0.27465434641515873
0.08873827959453551 0.26685581659313884 0.29609967965558537 0.3483062241567403
0.6407812555275828 0.16488106618192144 0.08439131821408741 0.10994636007640834
0.23554235584663108 0.0019780780400828757 0.7594861985791692 0.002993367534116831
0.06272351305437274 0.7382106771836924 0.029585106332199795 0.1694807034297351
0.278834905055085 0.04085853498766645 0.6651849528134703 0.015121607143778193
0.39721597996270086 0.21141122937642942 0.03436314857066536 0.35700964209020436
0.08124660268089434 0.7876126344630081 0.053460112818307426 0.07768065003779012
0.1741540254821745 0.2542432247323556 0.20575868557610721 0.36584406420936266
0.45391223385225765 0.04313985644914087 0.12128453795782301 0.38166337174077847
0.39219678496357857 0.18195546675233554 0.29326103641514367 0.13258671186894222
0.038657577468729554 0.10257948587608401 0.8569749973198688 0.0017879393353176232
0.17779878214748912 0.5861567857657826 0.22079172653804247 0.015252705548685852
0.21321954583550817 0.5505398786283685 0.2051241555758362 0.031116419960287134
0.6701770037575367 0.017967838350782195 0.12924975911098624 0.18260539878069482
0.28385938355769735 0.18739158117761767 0.2634840789783359 0.26526495628634905
0.33110407412108767 0.2839199602012884 0.36152898608530193 0.023446979592322004
0.1808246260859393 0.29528424718740487 0.26577481427566496 0.25811631245099087
0.19266547475121587 0.49056435573642576 0.019595226910769536 0.29717494260158883
0.40510245736399164 0.24312278370251894 0.034061889608073215 0.3177128693254162
0.04137550130090173 0.02484497951252984 0.2750761104064894 0.658703408780079
0.5872136909757353 0.12323664446704163 0.13397700167601234 0.15557266288121074
0.31540357558877097 0.17496421766838866 0.06809882496700925 0.4415333817758311
0.27635045943263903 0.09147419950147317 0.194956420558564 0.4372189205073238
0.04174887615355327 0.7332860521528051 0.008221743031137208 0.21674332866250445
0.49705097583455327 0.1710867589923888 0.11786812398502122 0.21399414118803672
0.11291833478714641 0.43712285092795855 0.26682631073063845 0.1831325035542566
0.3014220971351398 0.2733021278318841 0.05916991150708917 0.3661058635258869
0.011605844415387367 0.05537211866607972 0.23456757701269415 0.6984544599058388
0.40074847422831616 0.12302371362768494 0.32813627394842615 0.14809153819557275
0.35474752954185884 0.26840242159421623 0.35556385449039574 0.021286194373529188
0.612830389452099 0.09227354626928908 0.2765774530161126 0.01831861126249934
0.12943570725402642 0.07065779786019366 0.734087659968598 0.06581883491718188
0.1423277134001134 0.10528423918984997 0.008451651717721331 0.7439363956923153
0.04893908806575353 0.607088736048756 0.22679693144819557 0.11717524443729488
0.059335972698002504 0.09580492472274993 0.3930637532901853 0.4517953492890623
0.4846893932379276 0.35998869239669573 0.07059030010791345 0.08473161425746323
0.01876689223113215 0.0783634991391885 0.17343301701619263 0.7294365916134867
0.11350963458792207 0.007038592429625012 0.6245072387693258 0.2549445342131271
0.641871839423087 0.038379440953712485 0.24999197379050497 0.06975674583269553
0.646829335341223 0.07944366826364035 0.058255211066867596 0.21547178532826905
0.08526762186705172 0.37718828933709814 0.3790206403377786 0.15852344845807154
0.040492282104544364 0.4110708727398996 0.30415643286257055 0.24428041229298547
0.2880185884350409 0.13117915071605857 0.4242128463233227 0.15658941452557784
0.4642672233505861 0.2414834612061012 0.20334349109712635 0.09090582434618633
0.25897947376885955 0.3528418613932133 0.3119471299813974 0.07623153485652978
0.3055872539721948 0.20090618788873993 0.12898454999825715 0.36452200814080815
0.11993962069041586 0.5633584386081576 0.26497179640656976 0.051730144294856784
0.004145027377523536 0.4083209868142733 0.06518580279409403 0.5223481830141091
0.3463091534927728 0.04655819288905216 0.3620240881756085 0.24510856544256654
0.38773661731380515 0.17573602249320774 0.30431983662875184 0.13220752356423526
0.12859401976213314 0.18613232668366508 0.3627400316765448 0.322533621877657
0.35732326166237793 0.24150928569775054 0.26508283023592527 0.13608462240394625
0.05247463699615418 0.2785121299286296 0.2587094956321926 0.4103037374430236
0.31825678376579114 0.12542265688013943 0.2947678112332831 0.2615527481207863
0.15254138302835663 0.10908866437188902 0.46697010560566965 0.2713998469940847
0.0489065953670772 0.37787293491012763 0.4908053810873262 0.08241508863546898
0.2333694530363959 0.21731103518378336 0.3555465182823917 0.19377299349742905
0.3123774638444279 0.5124166510793169 0.034479575289024345 0.14072630978723089
0.25827167315041755 0.31714584778607746 0.007043219305341908 0.4175392597581631
0.6764406534395973 0.01764191135280735 0.2304940306370692 0.07542340457052621
0.025184666744696993 0.9129836527358143 0.002213895371450003 0.05961778514803873
0.30504792192778496 0.3180421604590511 0.3203713654432917 0.05653855216987225
0.13345376194280623 0.3938645426323869 0.04569796427716255 0.4269837311476443
0.4287647624422234 0.3479934184080876 0.01709287496540124 0.20614894418428775
