67 40 4 104.34230789638266 208.68461579276536
5.912662869414808 8.729709495322231 7.173033279099212 3.9843263891209078 1.539981366045561 4.476500029384381 2.918348728159201 9.39255985073224 7.505364689702759 1.4220577600154165 8.39179764446048 6.326825493617756 3.2686435755031558 3.835690213508295 2.6905422003323283 4.152879163423533 3.3151853070480803 1.1000270379092671 4.686296588816025 4.710290063733709 1.3886989380678882 9.595079140858502 4.579095562961459 5.766925506793897 3.095316213953647 3.7774445726089896 5.967800553040789 7.376280661078693 9.58082097877819 6.417323265267462 4.620264129517782 4.194371795854196 8.327471412752626 3.6787767326251464 5.901528924614713 9.66773994428238 2.650559279186086 7.55197604427613 7.5991605838670155 1.4152598070303353
1.1825325738829615 1.7459418990644462 1.4346066558198425 0.7968652778241816 0.3079962732091122 0.8953000058768762 0.5836697456318402 1.878511970146448 1.5010729379405519 0.2844115520030833 1.678359528892096 1.2653650987235512 0.6537287151006311 0.767138042701659 0.5381084400664656 0.8305758326847066 0.663037061409616 0.22000540758185344 0.9372593177632049 0.9420580127467417 0.27773978761357765 1.9190158281717005 0.9158191125922919 1.1533851013587795 0.6190632427907294 0.7554889145217979 1.1935601106081577 1.4752561322157385 1.9161641957556381 1.2834646530534923 0.9240528259035564 0.8388743591708392 1.6654942825505252 0.7357553465250293 1.1803057849229426 1.933547988856476 0.5301118558372172 1.510395208855226 1.519832116773403 0.28305196140606703
0.249045064855544 0.4578991726658894 0.2626421562515062 0.030413606227060352
0.008411904363797018 0.1304400842422585 0.2153521916240544 0.6457958197698901
0.40048766771229727 0.046959543165337236 0.19484906539011027 0.35770372373225523
0.22506068293312886 0.2284911965628259 0.22278720374344874 0.3236609167605965
0.028443654556018272 0.49842442877042303 0.11107974582107993 0.36205217085247876
0.012413544759144468 0.17526320698508846 0.10874088560710482 0.7035823626486623
0.16849859310789206 0.19029579231154348 0.2702510863659403 0.37095452821462416
0.23806972152099926 0.5563446154295155 0.15532522532956738 0.05026043771991784
0.2127567873974312 0.11157583948705407 0.34561087635137633 0.3300564967641384
0.026961772558011243 0.7669048010113518 0.15406262134974802 0.052070805080888904
0.7015470788434289 0.009762329531209923 0.09325562120872521 0.19543497041663593
0.025835663453620428 0.07029985205268485 0.8193275517400215 0.08453693275367324
0.4670790002746462 0.07515016582542178 0.3150711310647586 0.14269970283517341
0.08511061126111652 0.32516292716078865 0.31672973580290276 0.2729967257751921
0.45775987243596883 0.20904133087721477 0.09720380679493568 0.23599498989188072
0.7320930987229965 0.07776684121603306 0.026463489415012753 0.16367657064595764
0.28737119379772547 0.34879293629444574 0.14149042259492706 0.22234544731290173
0.3367275706345154 0.4302219792284546 0.20075744466544487 0.03229300547158509
0.473314610296212 0.514000509176554 0.010309167449604417 0.0023757130776295154
0.6514057914084204 0.08913231656299347 0.07251167089427679 0.18695022113430937
0.047354913864042225 0.4454741506141846 0.44227907555870793 0.06489185996306523
0.643983523998353 0.06949083554109825 0.1770304731514194 0.10949516730912934
0.21383775376658487 0.10276561459127753 0.39719424637421064 0.28620238526792696
0.34409155361390054 0.05524959473359947 0.2202180243716121 0.3804408272808879
0.016067512266857986 0.3166904309372016 0.505198698110708 0.16204335868523234
0.040349385920240066 0.0034790089845377903 0.4596842538479283 0.4964873512472938
0.23892003940767348 0.34995224493935984 0.31104098748585185 0.10008672816711484
0.21056635021295977 0.7003391270792323 0.08589709658584121 0.0031974261219667177
0.169503216255384 0.07524641361766249 0.28747808030404454 0.46777228982290897
0.3997441993512576 0.20624105238341295 0.3229926287913556 0.07102211947397385
0.18542082359411305 0.3729818259261012 0.04452415144985611 0.39707319902992966
0.09711710374362958 0.6127830285412541 0.28258867737396953 0.007511190341146778
0.006747600097865902 0.8104925147655769 0.1797999360772965 0.002959949059260669
0.0074555676287035855 0.13027901103205475 0.2637247608002301 0.5985406605390116
0.5391156349256281 0.138699701438474 0.13936489234336946 0.18281977129252847
0.1869741984383001 0.19482401265783356 0.24432873283490286 0.3738730560689635
0.5074800459388028 0.12039363000674119 0.34254902721800895 0.029577296836447053
0.05453974790694238 0.14873250821406847 0.10783023960714078 0.6888975042718484
0.29255405925940525 0.41630887282791107 0.015439193183720668 0.275697874728963
0.23159655192027562 0.5363646195692577 0.05309176422098616 0.17894706428948048
0.2739307015983292 0.031041678392520144 0.06557116320976097 0.6294564567993897
0.8944718006430912 0.03256353503758791 0.04807951872668359 0.024885145592637326
0.23980394741886046 0.22864724298773265 0.4399731823645907 0.09157562722881618
0.15183554146816047 0.2773467825958186 0.3927155564788014 0.17810211945721954
0.24494606933066898 0.44571617303732847 0.30650311736784386 0.0028346402641586943
0.15654396783624946 0.30746186403663567 0.30598436175350985 0.23000980637360502
0.1672574903000541 0.0703869633923061 0.5634764169927939 0.19887912931484586
0.14723935170361147 0.31844126375934423 0.061226932363285136 0.47309245217375917
0.020918555646014303 0.07736005846168592 0.134278558898697 0.7674428269936028
0.33061173826215484 0.5461471210431098 0.0882991942518524 0.034941946442882954
0.17462688518152591 0.11481296065060043 0.09746905892496793 0.6130910952429057
0.11457494457563022 0.5526030968046951 0.23895408830110698 0.09386787031856769
0.12985103713158752 0.05147385134472604 0.5771735454080549 0.24150156611563156
0.047960844180328754 0.5396131654477142 0.06514865220035737 0.34727733817159967
0.11410260576929354 0.04563548764328351 0.6027492347642847 0.2375126718231383
0.01273544549345984 0.8576180924982368 0.001026363164518096 0.12862009884378522
0.0708153791440026 0.17217082306544818 0.02668832470354221 0.730325473087007
0.08945445434501265 0.3460857587980751 0.3365688905004913 0.2278908963564209
0.1363476255024496 0.7911480865647871 0.012689495311693277 0.059814792621070034
0.29419831862602586 0.2056435872019028 0.40873116005562893 0.09142693411644243
0.12045461537039293 0.4423909704791177 0.16655634987610657 0.2705980642743828
0.007987539421170586 0.26317862980225826 0.3904980416070286 0.33833578916954254
0.40799715043133233 0.10830872797126945 0.11557990560351805 0.36811421599388017
0.2018773919747704 0.018958426201483247 0.5215909806785808 0.2575732011451656
0.046445208955010475 0.011548415668141354 0.14590826217640873 0.7960981132004394
0.06774231976514744 0.49223912466304476 0.1873497325235961 0.2526688230482117
0.030846581107736637 0.006359360313484941 0.469663374189342 0.4931306843894364
0.22102943413206655 0.13249500546469972 0.308474676936878 0.3380008834663557
0.2030545520432815 0.2882125827645138 0.40755792599095064 0.10117493920125409
0.06447368533107434 0.29038477028033993 0.5714312257145496 0.0737103186740361
0.6047665995597856 0.2753775195915479 0.10876756208882377 0.01108831875984273
0.03160398912868312 0.7413038705267915 0.027666181133882528 0.19942595921064288
0.28974125741219126 0.09850111189871569 0.3416981877517379 0.2700594429373552
0.14306441137304005 0.17427493404874927 0.606476840244902 0.07618381433330867
0.0006637027776186244 0.14752281428696123 0.32345335711363554 0.5283601258217846
0.07519682831248176 0.40262049981090986 0.1923358287174124 0.329846843159196
0.2022127273826122 0.047330893022210385 0.5800693095520666 0.17038707004311082
0.22983967172452524 0.5646829550846238 0.05198966248011372 0.1534877107107372
0.05623830506960903 0.6747614634978962 0.0770583688502563 0.19194186258223844
0.4349039528080334 0.38463924536479555 0.14646735702195057 0.03398944480522048
