45 50 4 130.24671537728625 260.4934307545725
9.9011036212804 5.945902541602529 3.5330257175955655 1.6956060947125544 5.000225463746228 5.255271727799368 1.4366980081580127 2.4699200338744007 2.0435564034815 6.646525144339834 8.70563843736062 6.850921789787973 9.916495162820201 5.2331567356340685 6.564650352106224 3.5440048587805064 9.784029842357874 7.057611992185077 4.9647779989709 3.6071860622688536 5.587297156424271 2.0121480621639516 3.0425931040805727 5.306970741955252 3.1848234110210174 4.491842658464503 8.36986084808839 1.6708670664539196 9.308345851249022 3.024064738085121 7.357343361471965 1.9950891109526014 6.409037111708677 4.661132842794643 8.531465053888507 3.250273850595632 5.119641923145819 6.016894324138682 3.2675517981239968 1.9921719003915923 7.539734766772217 3.7906654376460014 8.431785689474848 5.064998739818982 1.8472503619044325 8.984829138488756 7.675787151645486 2.097390478913191 8.70282164515266 1.6024444406951446
1.98022072425608 1.1891805083205058 0.7066051435191131 0.3391212189425109 1.0000450927492455 1.0510543455598735 0.28733960163160255 0.49398400677488014 0.4087112806963 1.3293050288679669 1.7411276874721238 1.3701843579575947 1.9832990325640403 1.0466313471268136 1.3129300704212448 0.7088009717561012 1.9568059684715748 1.4115223984370153 0.9929555997941801 0.7214372124537707 1.1174594312848543 0.4024296124327903 0.6085186208161145 1.0613941483910503 0.6369646822042034 0.8983685316929005 1.673972169617678 0.3341734132907839 1.8616691702498045 0.6048129476170242 1.471468672294393 0.3990178221905203 1.2818074223417353 0.9322265685589286 1.7062930107777015 0.6500547701191264 1.0239283846291638 1.2033788648277364 0.6535103596247993 0.39843438007831844 1.5079469533544434 0.7581330875292003 1.6863571378949698 1.0129997479637964 0.3694500723808865 1.7969658276977512 1.5351574303290971 0.4194780957826382 1.7405643290305322 0.3204888881390289
0.18395198585753025 0.07110476947927302 0.6672212221209624 0.07772202254223437
0.40237128395568467 0.0415028421277418 0.5401624389547987 0.01596343496177488
0.1877457281509295 0.1348442255700253 0.4014224171488914 0.27598762913015384
0.14019181542772763 0.3515713416042948 0.38805036946835236 0.12018647349962519
0.03941980288626623 0.2654934928380974 0.6353913377062594 0.059695366569376906
0.06423217143992743 0.7755403178195541 0.14814315356198393 0.01208435717853451
0.25263224568082887 0.43209044245832173 0.2561550411015777 0.05912227075927168
0.2372215788455453 0.3670166238017809 0.2365541974281573 0.1592075999245165
0.5237494966813177 0.04723621019388358 0.15176950036483616 0.2772447927599626
0.04442158058212842 0.42882576835909314 0.5167597464296902 0.009992904629088195
0.030473341519351438 0.043979665231866694 0.8929358678013252 0.0326111254474567
0.07036985367114024 0.11415154963502805 0.05178870174398986 0.7636898949498419
0.1476528632209343 0.5898959059163964 0.19187511706336557 0.07057611379930373
0.5346123521023269 0.2751847784919652 0.15500476999333013 0.035198099412377726
0.30903249402955024 0.008355835036739756 0.33791388947374756 0.34469778145996244
0.3886638679748521 0.21382584590346165 0.2677674812486496 0.1297428048730367
0.1517106503440303 0.25927363759969846 0.008185693755055734 0.5808300183012155
0.2025824851018787 0.03109172320565945 0.1565594416656234 0.6097663500268384
0.3132171334518836 0.4155953643983735 0.09401453258558168 0.17717296956416118
0.0951198285526551 0.06864457755051112 0.28209046741715105 0.5541451264796827
0.545862619279059 0.002980353355301446 0.4233917311536797 0.02776529621195989
0.12543415040740347 0.7517669978745709 0.10838253032211598 0.014416321395909648
0.3531409204404511 0.06279103597448588 0.49096758474308355 0.09310045884197948
0.05504379602223486 0.04927396039087295 0.17288312693550623 0.722799116651386
0.3810573736781755 0.0544548912638011 0.45174045315637945 0.11274728190164396
0.6598127610447729 0.026335399547798843 0.2048359907282915 0.10901584867913672
0.5440263175004111 0.2552545620298381 0.044359584570953126 0.1563595358987977
0.30401828157870536 0.054883202309678025 0.2869501384199139 0.3541483776917027
0.4035604768232044 0.4205105273332661 0.1072058093392192 0.06872318650431031
0.08764698750893873 0.2598518262143712 0.02301330122823464 0.6294878850484554
0.8371082789938623 0.08603811572872311 0.03174969512090764 0.04510391015650694
0.7267414758828553 0.0005298632501511413 0.15048154846829875 0.12224711239869479
0.38546896745722814 0.4647745187377308 0.12618879070426803 0.02356772310077304
0.40151381430459687 0.33490099510450333 0.03476257139924066 0.22882261919165914
0.03143591821773073 0.20440714858942755 0.3587357542868689 0.40542117890597285
0.195168349136833 0.09001997638997628 0.493723160520959 0.22108851395223172
0.45679546025456064 0.2730010186775764 0.08438381897929381 0.18581970208856913
0.1721147210951368 0.08336255718050334 0.17267791269874266 0.5718448090256172
0.0212937590674126 0.2858677190985903 0.17261827841541988 0.5202202434185772
0.08629635265872171 0.3545946903134518 0.12607056576468445 0.43303839126314203
0.3973171450341604 0.4028566347516489 0.15359140667908966 0.04623481353510106
0.32978007920181285 0.22188856625235776 0.17906303832926962 0.2692683162165598
0.044396975656120885 0.04440928986328019 0.3935671508235218 0.5176265836570771
0.1866153072938983 0.07447349221934729 0.3932172520064088 0.3456939484803456
0.4445133540306164 0.06264672382800407 0.026437055504701323 0.4664028666366782
0.21967795603794382 0.30343081532781724 0.42622444244628 0.050666786187958945
0.29936506003906327 0.26536241406562355 0.4235966215742485 0.01167590432106469
0.06670102141056655 0.06384880775354962 0.6816475661979841 0.18780260463789977
0.12414789989190056 0.1574898920904131 0.620748829763974 0.0976133782537123
0.3039491881776911 0.008418332862650257 0.06866605579228813 0.6189664231673705
0.17216681730643146 0.07914943553142018 0.41501621838561586 0.3336675287765325
0.06417229596609242 0.14291933230850906 0.4717037460577026 0.3212046256676959
0.296387440681542 0.17194505665454496 0.18115345299154606 0.350514049672367
0.0947696581546128 0.06650916256681783 0.8294998825072184 0.009221296771350973
0.15996243096834317 0.44483278631805434 0.12832428329086532 0.26688049942273717
0.44455046694943523 0.11298490687311313 0.2056602290050321 0.23680439717241952
0.10523491740724167 0.6215134787641986 0.18070550606204538 0.09254609776651435
0.4331002395015694 0.3041606927184354 0.2517249773722908 0.011014090407704402
0.29788447696729425 0.2761034075376929 0.09464810098350451 0.3313640145115083
0.07885394519989208 0.14786201296403467 0.22654928587831047 0.5467347559577628
0.07475668562383264 0.2985441269445638 0.034276537836103516 0.5924226495955001
0.12888529643023605 0.21664878468476234 0.06168073794424089 0.5927851809407607
0.11351235681208072 0.26719754110651806 0.4935663958713381 0.12572370621006312
0.4135701009508127 0.191044732221473 0.14885141066317154 0.24653375616454276
0.10949532823123653 0.2683342931196596 0.21081766853520434 0.4113527101138995
0.47837612863652057 0.27227398669030245 0.1814691345322792 0.06788075014089778
0.11489528131347349 0.30710409939927585 0.20662010727383417 0.3713805120134165
0.5829594400272434 0.025140890387983617 0.2707951645229326 0.12110450506184034
0.325377541118959 0.029721008109515612 0.16201843089751022 0.48288301987401516
0.30738284945655314 0.62948071003143 0.046471882763178374 0.01666455774883846
0.31603742394293355 0.1946641773668728 0.23576523706974095 0.2535331616204527
0.5345944046578349 0.05457991775976723 0.21734641417399825 0.1934792634083996
0.03308766534076857 0.7290681094488151 0.21677958077729897 0.021064644433117397
0.037927969657492566 0.5511067709585526 0.34178313199495125 0.06918212738900353
0.15531994360418555 0.7211438600956467 0.11446349913729104 0.00907269716287673
0.6217019422214407 0.014202624767635674 0.31514912201874445 0.048946310992179165
0.40817233188372426 0.06310170431697426 0.394969821310033 0.13375614248926848
0.1863418397393688 0.007037653361442908 0.6132041763237878 0.19341633057540053
0.6799004781766753 0.11774401953061542 0.0033610540158902635 0.198994448276819
0.3648746207239253 0.0405395483891815 0.5920827582607703 0.0025030726261229264
0.022809128242531562 0.23342124700917366 0.4777842391435968 0.265985385604698
0.26287231163749214 0.10021424580388727 0.19729751851778354 0.43961592404083705
0.5027482817492371 0.023208556865057517 0.14492983563560247 0.3291133257501029
0.3320251753103365 0.42982215508013244 0.05654927272329635 0.18160339688623472
0.25918372252368294 0.24126470953098778 0.1250957607392159 0.3744558072061134
0.05550741667072345 0.453480233947517 0.4446654400805664 0.04634690930119312
0.2693760452152669 0.016020782208396422 0.3562576413976357 0.35834553117870094
0.5340576167887428 0.27767336288514355 0.029019299598502912 0.1592497207276108
0.09709797452405466 0.5100746220453974 0.2352623782689458 0.1575650251616021
0.1688996448401726 0.5150821361677983 0.17889903413980013 0.13711918485222896
0.021652800562997898 0.5984097490161597 0.24296679788292108 0.1369706525379213
0.5954225940802139 0.06080745378572294 0.10523815848261431 0.23853179365144883
0.18592169116037682 0.6475367451191665 0.05778784047774477 0.10875372324271193
0.34176125440843896 0.2627873482481091 0.013702720458058537 0.3817486768853934
0.24105219306828563 0.06738014605562503 0.5245674736384134 0.16700018723767596
0.028097820491729042 0.4830867004044217 0.25747373472934953 0.23134174437449972
0.3269286005810931 0.5498993182773165 0.08828251588500713 0.034889565256583266
0.2115324329510766 0.6293503681854933 0.08018544352155743 0.07893175534187269
0.10625679460472437 0.12879002193781008 0.10502943447706103 0.6599237489804045
0.18692308415292735 0.33682860140329207 0.291033650094913 0.18521466434886757
