93 70 4 192.39907209544762 384.7981441908952
6.457189039988279 6.917604117560341 3.765169084092129 9.65803136635758 5.823270165981643 6.936712217979729 9.994388759409443 7.758855342389721 5.846699833025205 7.709549081490495 3.1203837521470503 4.747154414433243 8.605177811204012 4.650820706287571 5.271026902058378 7.238612654140764 2.6664703463243673 1.6144737113010772 6.600628047830755 6.409165326713743 8.825001513117908 1.4738120104043984 6.121580972141318 4.6480138415382495 8.222622196714896 8.068348449177673 8.00841505657712 1.8328176423524982 9.63261434338023 8.595661557265494 3.445076734130764 5.297546868684331 5.29794466066402 6.893786054606546 2.8094557838074543 4.376645746067995 3.507479037955874 3.9229776956761615 6.031239534309991 8.743640818830055 9.531518594330063 5.092763491227696 5.1914035140125145 9.343929658316638 2.147974268615208 2.588165657601668 5.210060388217909 9.519251707819066 6.20928790166593 1.0132536884883625 1.3721516012902903 4.798588224422586 7.485238988066102 8.19366197374678 6.7857025870232315 1.8330595803543697 5.096639662247123 2.848280728725338 7.325658032916776 2.9070393555844207 1.2734731883717845 1.310688597057216 3.259313598088361 2.9148683036209553 5.473894346867533 6.60667519803512 2.966746805879294 8.447233690269831 2.556647386479513 7.948910273435061
1.2914378079976558 1.3835208235120682 0.7530338168184258 1.931606273271516 1.1646540331963284 1.3873424435959458 1.9988777518818885 1.5517710684779442 1.169339966605041 1.541909816298099 0.62407675042941 0.9494308828866487 1.7210355622408025 0.9301641412575142 1.0542053804116756 1.4477225308281527 0.5332940692648734 0.3228947422602154 1.3201256095661509 1.2818330653427485 1.7650003026235814 0.29476240208087967 1.2243161944282637 0.9296027683076499 1.6445244393429792 1.6136696898355347 1.601683011315424 0.36656352847049967 1.9265228686760458 1.7191323114530987 0.6890153468261528 1.0595093737368662 1.059588932132804 1.3787572109213093 0.5618911567614908 0.875329149213599 0.7014958075911748 0.7845955391352323 1.2062479068619982 1.748728163766011 1.9063037188660126 1.018552698245539 1.038280702802503 1.8687859316633275 0.42959485372304157 0.5176331315203335 1.0420120776435817 1.9038503415638133 1.241857580333186 0.2026507376976725 0.2744303202580581 0.9597176448845172 1.4970477976132204 1.638732394749356 1.3571405174046463 0.36661191607087396 1.0193279324494244 0.5696561457450676 1.465131606583355 0.5814078711168842 0.2546946376743569 0.2621377194114432 0.6518627196176723 0.5829736607241911 1.0947788693735068 1.321335039607024 0.5933493611758588 1.6894467380539662 0.5113294772959026 1.5897820546870123
0.1566115789174478 0.14165727560493258 0.4894731811449614 0.2122579643326582
0.015288212306103666 0.006025359356293225 0.5459601551829851 0.432726273154618
0.659416804971653 0.27386295853698805 0.03999676545966302 0.026723471031695922
0.10545275432797807 0.07443243599553317 0.5669393128802652 0.25317549679622353
0.21605898983343408 0.24027041825489093 0.15012497693536087 0.39354561497631413
0.2469599584726011 0.1369527771758594 0.10935012771437969 0.5067371366371598
0.48369305025159504 0.20873773955822827 0.10360742530302469 0.203961784887152
0.5919583453663447 0.29029792777147745 0.012842555321652016 0.1049011715405258
0.13229714578261842 0.3302973350561148 0.3660081350705484 0.17139738409071836
0.051065977815109354 0.016898720150764768 0.8879367643316144 0.04409853770251149
0.20043922276363857 0.026270533895290882 0.6306602747561642 0.1426299685849064
0.10411882435360587 0.29584333735934587 0.4247854810207784 0.17525235726626986
0.6408224159603861 0.17040823499363555 0.08152855147088633 0.10724079757509197
0.35805167354836864 0.3783483877717698 0.18272339314301467 0.08087654553684687
0.3245344260570253 0.04987418237047636 0.04227306642461337 0.583318325147885
0.37475113974822205 0.029355660795748917 0.5204557401363537 0.07543745931967538
0.16083629236784758 0.045497014843075556 0.41980630428823096 0.3738603885008459
0.013437542004900438 0.1952294571584553 0.396237947743039 0.39509505309360526
0.151901958112988 0.45881660859653395 0.268230800785783 0.12105063250469505
0.621353786081661 0.2796832261834984 0.08722665512398864 0.01173633261085194
0.18633383831529882 0.5899565493269167 0.1780859274800547 0.04562368487772983
0.6397541839014067 0.06850837975438329 0.18119498506358955 0.11054245128062046
0.29035059062866697 0.4525593806801056 0.16429640989797656 0.09279361879325088
0.38353496365057993 0.3198119982240297 0.2532560797459398 0.04339695837945057
0.11686039375251656 0.023655064613942733 0.03708622799743322 0.8223983136361075
0.2689298385830693 0.2267149870950208 0.19042236165035809 0.3139328126715518
0.2623176109589074 0.12198985909361781 0.08472712738521848 0.5309654025622563
0.3634891802538711 0.0052500766515672925 0.030081154393418852 0.6011795887011427
0.08045859797469368 0.005411957900382958 0.7361341017250603 0.17799534239986303
0.4009247431437891 0.4185496572605213 0.05045718333912308 0.1300684162565665
0.2348731383916871 0.27251047000196893 0.31718405631291013 0.17543233529343383
0.11292346617847038 0.01426245663682546 0.3032894247451662 0.569524652439538
0.31314011712269485 0.31120177734656584 0.16743657267570233 0.20822153285503697
0.029745316777515685 0.0802791163766825 0.024966352012313453 0.8650092148334884
0.2558937498326692 0.13747137362353856 0.1966213895730381 0.4100134869707541
0.5203864952089516 0.1212686738467964 0.00858247637479681 0.34976235456945515
0.45924844618232696 0.11195062157428881 0.32447825597950875 0.10432267626387548
0.09837994658827154 0.3394854474889121 0.39064883286787966 0.17148577305493673
0.1955372523071116 0.4301905062876904 0.11296235060666826 0.26130989079852973
0.11260975137159202 0.10143271134139453 0.5842568173717715 0.20170071991524197
0.10740324960684278 0.5231929048063331 0.018313399688147824 0.35109044589867633
0.5218961228121767 0.146973492418479 0.19880348549984883 0.13232689926949548
0.6459418276378595 0.05694311610199132 0.2297749689924361 0.06734008726771312
0.5345052545143906 0.04065391331618451 0.4185205897571427 0.00632024241228224
0.14916152653041637 0.3094942284054166 0.4775352734049094 0.06380897165925759
0.2685591442117643 0.26781583560662703 0.25430896199003616 0.2093160581915725
0.008563455088261174 0.3687323693353909 0.21267978441483526 0.4100243911615127
0.45512014939607026 0.22332787951445143 0.2990914222541742 0.02246054883530413
0.41158070988109996 0.19143654998287896 0.034473057382221506 0.3625096827537996
0.16970167669778247 0.6008515751985887 0.06136428811696504 0.16808245998666382
0.29777818674996914 0.20986024690656413 0.30135938458757805 0.19100218175588868
0.07053101619887325 0.09489604833502274 0.40342390868997535 0.43114902677612865
0.6074961519711533 0.16438914593518594 0.06913603622365072 0.15897866587001008
0.5182023292922782 0.18005176802686462 0.03471105824259313 0.2670348444382641
0.2983155493254901 0.6135819741981519 0.08732934562457739 0.0007731308517806568
0.34835610476416967 0.09051082503392649 0.39782024990301657 0.16331282029888727
0.08762167387123843 0.3326200112278609 0.27080695630030027 0.3089513586006004
0.10645893220432046 0.040832891012753 0.8118048299359258 0.0409033468470007
0.3946195025239976 0.21978027951816903 0.15818172763587857 0.22741849032195482
0.0602935444805216 0.5489439001535835 0.2531214154281015 0.13764113993779337
0.050113016670026544 0.2908580134045461 0.1649788748942408 0.4940500950311866
0.4695508374406483 0.1785230360718041 0.3228318921587059 0.029094234328841728
0.2692759627377249 0.19154866739120624 0.3020752625657287 0.23710010730534015
0.34562999427688923 0.20543002138964128 0.16187057041235353 0.28706941392111596
0.024302468290279045 0.5068172501929524 0.22500916563010265 0.24387111588666588
0.1795130462523341 0.6176334524536968 0.04407442746143808 0.15877907383253098
0.13412415069879968 0.0696247716788545 0.09029204295868809 0.7059590346636577
0.11456123555357667 0.05184976913702477 0.6088504685469038 0.22473852676249473
0.8805063387172911 0.02938746960346794 0.051270741414456755 0.03883545026478419
0.05117199097707048 0.48233293012191947 0.1203893139360146 0.34610576496499545
0.30500678426991334 0.1346593345853061 0.3122938026826647 0.24804007846211584
0.011608644237339316 0.40879763801059155 0.498191237486896 0.08140248026517316
0.027501299290905612 0.3960793609784711 0.19384341802493066 0.38257592170569266
0.26309564560143217 0.3194472066417883 0.4113878934261326 0.006069254330646978
0.02149321148885175 0.23208521872991783 0.3236677122681386 0.4227538575130918
0.05119211843573812 0.13486335405937988 0.4093241257500472 0.4046204017548348
0.0270415242687001 0.45072386921372853 0.3609869276453235 0.1612476788722479
0.1011097596662347 0.04073033337968712 0.22504115271796787 0.6331187542361103
0.03024549908583518 0.8669996340786549 0.03534328046746105 0.06741158636804889
0.11257294772916693 0.04349441668922949 0.10656911761863253 0.7373635179629711
0.16521034637538212 0.19977696135466094 0.3272326832091328 0.30778000906082414
0.13320235450899975 0.4430462710678701 0.3411156620759671 0.08263571234716305
0.18874570178818484 0.5131858657881356 0.00942406936385809 0.28864436305982144
0.1391540493227692 0.5567374044817869 0.2667593759327095 0.03734917026273443
0.03474672458781369 0.6356697865692196 0.20824143455961341 0.12134205428335332
0.2576245588650855 0.4677090929864748 0.01680411870863685 0.25786222943980286
0.01060920475521554 0.17488667429233418 0.038923777584060626 0.7755803433683897
0.0554434966811751 0.39593891719116314 0.32736584917041034 0.22125173695725142
0.3180002196249929 0.07108443909716089 0.12438273553069845 0.48653260574714774
0.02756794958040265 0.4156600882425987 0.08460102207873987 0.4721709400982588
0.7161897762270095 0.05267443486233814 0.024492964522487837 0.2066428243881645
0.170584442214068 0.004510772631559856 0.035352651401374335 0.7895521337529978
0.03922701778890514 0.04758962339274164 0.16411899752265902 0.7490643612956942
0.08262685854772389 0.5418748620855366 0.3631145378563789 0.01238374151036059
0.17848102776226993 0.7060943120185228 0.021329201806195353 0.09409545841301192
0.026929151565349585 0.17054996987714133 0.16508532988323066 0.6374355486742784
0.661036591142601 0.005932378939025318 0.10120220015678172 0.23182882976159191
0.3150624525734489 0.15630537005208545 0.25071618799964046 0.2779159893748252
0.04662377691468911 0.4063695815229147 0.41084050630379343 0.13616613525860277
0.09748943032479607 0.6464991365823821 0.09848450944953879 0.15752692364328302
0.3100920214137499 0.2828632829792238 0.40312123059441685 0.003923465012609428
0.14952136517815606 0.43422209487337016 0.0037759086985938994 0.4124806312498799
0.3163613929058583 0.2718072895807965 0.02684810296497986 0.38498321454836537
0.22134021591699982 0.3156195307746559 0.19723468412840628 0.26580556917993803
0.3611370764140962 0.3289733194862169 0.25277725870590706 0.05711234539377985
0.7989830736440341 0.13362324912830148 0.0077400166981325125 0.059653660529531916
0.04886970904195964 0.3445952303721731 0.02612654021053562 0.5804085203753316
0.2025506844518391 0.4868992989780192 0.17197184448335068 0.13857817208679102
0.02319827393306617 0.35412678173906076 0.351696047833309 0.2709788964945641
0.09364508517078951 0.40576379581040456 0.2741114481956617 0.22647967082314424
0.13332130790532437 0.059977875539210634 0.07245493390388846 0.7342458826515765
0.1307243699584144 0.01362739434171667 0.29041885580474935 0.5652293798951196
0.13572734848213475 0.35105942369969156 0.10561462012991873 0.40759860768825495
0.174317191792414 0.5188477617016095 0.13433806005838078 0.1724969864475957
0.15182352839955404 0.11789262711207926 0.13488191403394523 0.5954019304544215
0.03088312887766187 0.908705484216451 0.028083867639727256 0.03232751926615984
0.7005583635231416 0.015770689956068895 0.21198521308127827 0.07168573343951123
0.19004394736127073 0.13585884967718698 0.4423864153701341 0.23171078759140817
0.3998209524771559 0.28199704331613284 0.1987924307367096 0.11938957347000168
0.8893945444667533 0.004490279362132754 0.07109669075869329 0.0350184854124207
0.09633631228787287 0.05262153115158108 0.5288437264373458 0.32219843012320026
0.4099434405830621 0.24553125871705206 0.3444283879169673 9.691278291856786e-05
0.5327640752274526 0.3338983823393582 0.06367821655272132 0.06965932588046786
0.1505509458838047 0.6870485170633089 0.15144709353645158 0.010953443516434791
0.28248458594354664 0.08188860947517485 0.25319450842100655 0.38243229616027197
0.38999684062527507 0.3999813320808503 0.15230204097910793 0.05771978631476671
0.046176416172156176 0.20130060194803 0.2352422268829084 0.5172807549969054
0.4692421347562067 0.40863144576431154 0.01869740223783123 0.10342901724165054
0.2326211356192116 0.0539352654184212 0.5107593281574102 0.202684270804957
0.1551159393869299 0.17737582708288857 0.4573873896764793 0.21012084385370222
0.16419293954295788 0.4580194081126011 0.008331834734774057 0.36945581760966695
0.13114868632034116 0.6582486047288189 0.028453015951045213 0.18214969299979478
0.00021082172341113647 0.7961743630491226 0.1315252888147629 0.07208952641270339
0.06435785964872809 0.22304299314488607 0.4873742834371366 0.22522486376924922
0.1951057693781877 0.6022549952422973 0.03566914077171568 0.16697009460779932
0.13372166202008595 0.4862336228798403 0.08151768106152213 0.29852703403855163
0.058780435930524844 0.35055716331576936 0.08210068562394901 0.5085617151297568
0.03561704500496865 0.4366435330782309 0.1117799865491893 0.41595943536761115
0.32283619614147985 0.509155054756552 0.07177207396127017 0.096236675140698
0.5544365376686975 0.17204339340163455 0.06429576232860912 0.20922430660105884
