72 10 4 23.686347391881203 47.37269478376241
1.9606438202977965 7.159083699508186 5.814663556519784 4.322683690749686 4.713531793537914 6.290627284226625 7.4446640946279645 2.560006348969599 1.6006806412324366 5.506109854092406
0.3921287640595593 1.4318167399016373 1.162932711303957 0.8645367381499373 0.9427063587075828 1.258125456845325 1.4889328189255928 0.5120012697939198 0.3201361282464873 1.1012219708184812
0.404141839374178 0.012118032702239101 0.015887323106933526 0.5678528048166493
0.3698691195444671 0.21389415792957267 0.0331069176594746 0.3831298048664856
0.06947110339570983 0.5910627741426757 0.08478717646200162 0.2546789459996128
0.44164634803195046 0.20944672705292489 0.1372796858066787 0.21162723910844594
0.21048815365809315 0.1505638663871368 0.4444587977645512 0.19448918219021882
0.07900261017034504 0.613378034246128 0.13488259611891473 0.1727367594646122
0.2421168302969423 0.08025390678470001 0.4104839056644758 0.2671453572538819
0.1633690796734335 0.4346493082779427 0.23778634549278488 0.16419526655583894
0.07737436102967177 0.10136460215203658 0.7149262798913607 0.10633475692693095
0.5720190542538977 0.045861656237671355 0.029322944695060915 0.3527963448133701
0.2474696861362229 0.3867893978476912 0.31241683790099484 0.0533240781150911
0.168376704504697 0.4593899506552427 0.15433770804743208 0.21789563679262824
0.048902404967098634 0.26974184586754735 0.07677184019923178 0.6045839089661222
0.2373350134132869 0.46411090559852297 0.16904666745193553 0.1295074135362546
0.04006867715275764 0.08982252813654734 0.5462836502451627 0.32382514446553234
0.09353794334944687 0.34295555089009977 0.3583278104503419 0.20517869531011146
0.2711287543672206 0.0053591786245287265 0.10092480114147373 0.6225872658667769
0.04720897348359043 0.3072906413598743 0.5396212671811753 0.10587911797535998
0.1738649261858356 0.08742424460301002 0.15673062841814112 0.5819802007930133
0.10256341122444168 0.5215261515865798 0.27032154507942086 0.10558889210955769
