77 80 4 208.86569917428744 417.7313983485749
9.271981286192636 6.779760399314699 7.78341006756259 2.2538311129246154 1.7858759319064006 8.092018522328427 3.9353584333103995 5.869610393283709 3.1621165828120543 5.908806330183144 4.604990533119003 7.436726985517812 8.530119469730753 6.296330282920146 3.6653910763002364 3.5291592158856777 7.350375201916863 4.803367871707769 1.5158438672248553 7.723245760364094 5.070817117533672 2.5819726422819196 1.4443929938303832 3.632278048254593 1.6011921798231517 7.760408373920121 1.573943716725906 4.887174874705943 4.27755172098715 2.3677437312330483 5.920393057443242 4.989637338421002 1.3245517900261992 8.40603872106555 3.459634148169857 2.5208669734555755 6.799327792398256 1.967869709223333 4.179205883053925 4.471332923040457 5.010003190142959 9.793473952905165 7.564546081480465 3.8101155249803775 9.05279715364648 8.049462356571016 3.3580030720108707 3.7853486753944847 2.165055667952238 4.799542206102336 9.457885314706218 4.303385858444948 4.912974754145961 9.253841989233873 9.525645289004807 3.2929565327983807 7.3873322019678955 1.4497876435571833 2.2126953755887593 5.558553487960333 6.301648873454615 3.942087477920846 2.3033300339593916 3.3187464133512967 8.717012995579186 7.155763768365654 9.98769343223049 3.875100990474018 5.0806740396183345 8.808599599974055 6.746699627540254 3.9870307178465287 5.8777986947314 2.0109142795661477 8.348710992630242 2.9883848171303296 5.634768412981446 5.7347899113229115 3.493798196258901 9.13978568494495
1.8543962572385273 1.3559520798629399 1.5566820135125181 0.45076622258492305 0.3571751863812801 1.6184037044656854 0.7870716866620799 1.173922078656742 0.6324233165624109 1.1817612660366288 0.9209981066238007 1.4873453971035624 1.7060238939461505 1.2592660565840292 0.7330782152600472 0.7058318431771355 1.4700750403833727 0.9606735743415538 0.30316877344497106 1.5446491520728187 1.0141634235067343 0.5163945284563839 0.28887859876607663 0.7264556096509186 0.3202384359646303 1.552081674784024 0.3147887433451812 0.9774349749411886 0.85551034419743 0.47354874624660964 1.1840786114886483 0.9979274676842005 0.2649103580052398 1.68120774421311 0.6919268296339715 0.5041733946911151 1.3598655584796513 0.3935739418446666 0.8358411766107849 0.8942665846080914 1.002000638028592 1.958694790581033 1.512909216296093 0.7620231049960755 1.810559430729296 1.6098924713142033 0.6716006144021741 0.757069735078897 0.4330111335904476 0.9599084412204671 1.8915770629412436 0.8606771716889895 0.9825949508291922 1.8507683978467746 1.9051290578009614 0.6585913065596761 1.477466440393579 0.28995752871143665 0.44253907511775187 1.1117106975920668 1.260329774690923 0.7884174955841692 0.4606660067918783 0.6637492826702593 1.743402599115837 1.4311527536731308 1.997538686446098 0.7750201980948036 1.016134807923667 1.761719919994811 1.3493399255080507 0.7974061435693057 1.17555973894628 0.40218285591322955 1.6697421985260483 0.5976769634260659 1.1269536825962891 1.1469579822645823 0.6987596392517802 1.82795713698899
0.01192155358275615 0.4085054499834203 0.3660441780904784 0.21352881834334514
0.053153112317169016 0.22799754873910272 0.5445670872876445 0.1742822516560838
0.10036080873450193 0.6450165654143698 0.14825198547824736 0.10637064037288091
0.3124782869770458 0.24908781370067534 0.3476734422113109 0.09076045711096792
0.01447453844780433 0.19917617167860857 0.05979208506587086 0.7265572048077162
0.1603909008190777 0.7014549095087814 0.005018981099955688 0.1331352085721852
0.4228071934122273 0.054146598215703445 0.4492268239823005 0.07381938438976876
0.2349904981777623 0.15680428454168815 0.5289504870752345 0.07925473020531504
0.026819636699749072 0.538968710168917 0.15358857988552244 0.2806230732458115
0.247322610822856 0.2510911078692528 0.29305465503797545 0.20853162626991573
0.06467290721485874 0.6539663036319278 0.25160420044311227 0.02975658871010123
0.03452878136675119 0.608149832827413 0.09049363809348399 0.26682774771235185
0.2962514934470256 0.028673450780207776 0.673395011453692 0.0016800443190746472
0.02079884965962986 0.3708207943348103 0.48767284546641365 0.12070751053914619
0.3544317346711524 0.4831249540999989 0.15721047588765458 0.00523283534119412
0.03043433541242735 0.622922574634417 0.3265319890069325 0.020111100946223148
0.4614049918736365 0.4227538321245399 0.03902258386391111 0.07681859213791253
0.4536384129556481 0.10809501454681347 0.3983246155326532 0.03994195696488523
0.3422069204813598 0.06504989293370866 0.5808838224581514 0.011859364126780125
0.07992740717930857 0.45743987817886445 0.38930731458603884 0.07332540005578814
0.560440647345487 0.3468383385267545 0.009868577547054391 0.08285243658070407
0.4643382701748804 0.201642970016774 0.21304546720927808 0.12097329259906753
0.4850071727626024 0.2293836287604224 0.06005088820888371 0.22555831026809148
0.008136159216853733 0.09721476057142842 0.06783391948145312 0.8268151607302647
0.020419173931602197 0.5160141522393539 0.11439252878049022 0.3491741450485537
0.22648655200912526 0.295631940998656 0.19473275150354197 0.2831487554886768
0.0014967060919942599 0.24709208415952277 0.5645236661122902 0.18688754363619275
0.12719144495990675 0.39305673909244776 0.30451506390901784 0.17523675203862765
0.15122425589206134 0.5479210616282189 0.07780038021363855 0.22305430226608125
0.0367399634931056 0.20623008537949417 0.323591313385146 0.4334386377422542
0.10613138083153562 0.27235093255428366 0.43420350920506146 0.18731417740911926
0.1744815800611298 0.2859278918262689 0.47762257607872416 0.06196795203387717
0.3574715982219876 0.22032629061639064 0.10569407641352857 0.3165080347480932
0.04239144690620611 0.6453816147267052 0.20805498682822 0.10417195153886871
0.14316296626484337 0.07269279665144635 0.44218701158883755 0.34195722549487273
0.1174629618912284 0.3457241254943182 0.43328848958098787 0.10352442303346554
0.6246757955730358 0.17993815916033784 0.18438066945877496 0.011005375807851436
0.30565244883057097 0.36479616166447704 0.10144360206826475 0.22810778743668725
0.1567466587918276 0.27606352853581273 0.1707572467695465 0.39643256590281317
0.10881119071315049 0.19647239523060722 0.31872193267411386 0.37599448138212843
0.08387796541460713 0.16927649860536254 0.6060287385415518 0.14081679743847852
0.025484922397537746 0.11074650648907691 0.32788069846286616 0.5358878726505192
0.48285745287804827 0.2699979124625871 0.090564491633769 0.15658014302559564
0.26632248837563566 0.15937529318553534 0.11957372189184601 0.454728496546983
0.1922478442557224 0.02158860547710273 0.03890434092797368 0.7472592093392012
0.1719466263225642 0.09728428019432034 0.6118495438370887 0.1189195496460268
0.16737207313190605 0.07966331418214012 0.13389166860967794 0.6190729440762759
0.1432560067410149 0.004519050037015804 0.7203328107380911 0.1318921324838782
0.05884546595990592 0.09428669680886803 0.12383968057604589 0.7230281566551802
0.44511302433562383 0.19879563757374807 0.21583620138078152 0.14025513670984657
0.10278525990786391 0.5618687265761497 0.15953703163648603 0.17580898187950034
0.55299347248278 0.023634238466301083 0.3897795716252661 0.03359271742565284
0.16056813772474432 0.2697528069808395 0.2046589159719644 0.3650201393224518
0.2772728581250544 0.2250557770063375 0.3850855572954843 0.11258580757312375
0.05210374538716611 0.3271381790754957 0.20189099291738855 0.41886708261994965
0.3050676958957903 0.22794658175536875 0.4406505613146642 0.02633516103417677
0.19685700091356684 0.1313629943749517 0.22734791250971986 0.4444320922017616
0.6592989053860325 0.23655044072986398 0.06210015867139851 0.042050495212704986
0.09589806652705679 0.2157317226839579 0.032534393202343304 0.655835817586642
0.2515617817151301 0.47708762883291067 0.212161238202226 0.059189351249733235
0.3508563450354778 0.13195116427074471 0.08841274849682601 0.4287797421969515
0.1435301824737949 0.276648088340135 0.5433670031402343 0.03645472604583577
0.25760837746944 0.28173759798978726 0.34043791531063483 0.12021610923013792
0.4264762422838323 0.014870079481119292 0.23699048697094904 0.32166319126409937
0.20157006957559676 0.014178560809943286 0.776064665670486 0.008186703943973916
0.7271846323908864 0.050391156436953244 0.09386794682188948 0.1285562643502709
0.3479611180323692 0.04886667391731325 0.057284307461684225 0.5458879005886333
0.11956731159682477 0.11150558375234776 0.6548836801887772 0.11404342446205029
0.6898615823577227 0.10269056560918999 0.17378144984738042 0.033666402185706934
0.15696103756298152 0.32826101303801924 0.19432047966781618 0.32045746973118305
0.30399028207439105 0.4053626604071622 0.0036588523619009994 0.2869882051565458
0.37659110709213617 0.03009076947844469 0.03264510716680724 0.5606730162626119
0.03642076285536522 0.29010270025280416 0.15105375648277553 0.5224227804090551
0.16252237357089327 0.026246112829844348 0.42595334913588745 0.38527816446337493
0.22783113027103707 0.029815115442484275 0.7321558598073012 0.010197894479177405
0.013125007239907727 0.14177897638394432 0.37424686260557405 0.4708491537705739
0.03102127286238443 0.1643782260205363 0.4277508051449529 0.37684969597212636
0.22909376726196284 0.01934884244418056 0.2759553447529186 0.475602045540938
0.3639902297295018 0.10248967764198791 0.14129637540255302 0.3922237172259573
0.13790490421557977 0.3851913248825011 0.21511369493505106 0.2617900759668681
0.05972078070924791 0.42182611527931513 0.4674676070477979 0.050985496963639076
0.2596390482071086 0.14499793906682634 0.5386660537885227 0.05669695893754234
0.20228926948995807 0.3707537960459949 0.027717412980091227 0.3992395214839558
0.7710535361311034 0.11977809722656885 0.04774612905437303 0.06142223758795473
0.2485007122242413 0.03984368408848149 0.3207685800415928 0.3908870236456844
0.056531631540942984 0.20260896785940552 0.16738925479038358 0.5734701458092679
0.45268428506749203 0.24801498583098847 0.035296783894852135 0.26400394520666737
0.027818070849014997 0.051726280173815864 0.27969757365605075 0.6407580753211184
0.09880201298166347 0.1960865531508298 0.40694252460745806 0.2981689092600487
0.26278232187865447 0.04140503718166699 0.07408147007350341 0.6217311708661751
0.14801435238687422 0.3235078514089542 0.1391386215812359 0.38933917462293566
0.17735672485066722 0.03334066914632117 0.7008947733594383 0.08840783264357333
0.31263334750715865 0.04214976458458619 0.22329430099796987 0.4219225869102853
0.09962483101455777 0.04298386504864404 0.4620659958786839 0.3953253080581143
0.5498989637627353 0.04027506129631919 0.1587466143622298 0.2510793605787157
0.3373415663707561 0.24325006505942337 0.34286221097083425 0.07654615759898631
0.7027930867636041 0.12585292954496186 0.04492371915444959 0.12643026453698447
0.23107471996240758 0.01434795871417549 0.04135262134766016 0.7132246999757568
0.151807374862318 0.07689597221281863 0.22668777884239 0.5446088740824734
0.7322632355246509 0.03498756306169026 0.0480422021791187 0.18470699923454015
0.2391263931429055 0.0016259835863379202 0.3218033401740932 0.4374442830966634
0.5090426594472293 0.03976895987283868 0.30077366205229783 0.15041471862763423
0.2044735264450087 0.37494712381011996 0.004526896765943977 0.41605245297892735
0.6955573418175889 0.24768328003073548 0.020642285406007876 0.03611709274566777
0.4868126511334131 0.4324207597794014 0.06135439585664981 0.019412193230535668
0.09814214842393099 0.1408391976406872 0.3166231312911989 0.4443955226441829
0.22914746879818138 0.41482619142070465 0.16312869489065118 0.1928976448904628
0.132253164794226 0.6707224379625351 0.1540721475040402 0.042952249739198756
0.015593907299812138 0.20851106332396463 0.15842812820931074 0.6174669011669125
0.23641229007511078 0.19960823443755416 0.4927854669312698 0.07119400855606528
0.1500351492335973 0.13148673254493615 0.11250656925196711 0.6059715489694995
0.5202575831204578 0.14760007736874847 0.11569771127040263 0.21644462824039112
0.25699309284017724 0.05422248162550747 0.43263409103424133 0.25615033450007396
0.04064614235224395 0.1513847054673676 0.5866906961497714 0.22127845603061702
0.41679837875815606 0.3596810974908865 0.1455446274318387 0.07797589631911872
0.07987874524373706 0.2502542313110656 0.014036043575254675 0.6558309798699427
0.2928339786520222 0.36227733664255923 0.18238495153404788 0.16250373317137068
0.48453027705592844 0.08419094947623684 0.1513791518819423 0.27989962158589243
0.23454472221688727 0.1137869281349898 0.6272484814276023 0.02441986822052067
0.041534940436736445 0.1374407637216739 0.22955397587591253 0.5914703199656771
0.14250543568026386 0.09470092361891969 0.7144362875795791 0.048357353121237345
0.06897167785500713 0.1702153987864018 0.05710608125945871 0.7037068420991324
0.14871395049457248 0.1502761310394466 0.24339006953919284 0.4576198489267881
0.16610545923568 0.37437180626527744 0.44446689673131734 0.015055837767725233
0.15881373054268189 0.08267985662582644 0.061446659343615595 0.6970597534878761
0.26698296568947033 0.10839672621613294 0.6141978047992073 0.010422503295189456
0.3210439769060571 0.27917389761156264 0.2988351464627189 0.10094697901966132
0.28801916561915153 0.3967719420593584 0.28037504564444726 0.03483384667704281
0.0588762104322742 0.06417134691440296 0.05662439577938494 0.8203280468739379
0.058438590614557806 0.54072886800465 0.0009324603850968671 0.3999000809956953
0.10459950173386989 0.1472939695189286 0.25909348477553384 0.48901304397166767
0.7142369348462848 0.10285279850478957 0.14583281225011102 0.0370774543988146
0.38892700101622646 0.1795598580225135 0.3423235600382897 0.08918958092297036
0.16098108060886795 0.13552972277613184 0.39112977353832556 0.31235942307667464
0.10292305439316052 0.39941409289316165 0.36838745026639275 0.12927540244728508
0.28193064905489973 0.19208169909067951 0.2690694578759074 0.25691819397851334
0.16367372619262532 0.20401226702020658 0.6068336535775589 0.025480353209609174
0.0924756204848951 0.5667375427296236 0.1372018108696632 0.20358502591581806
0.5122463491257958 0.24051834761128865 0.06287001044678697 0.18436529281612857
0.255175751994527 0.3001362267152987 0.21715008762888577 0.2275379336612885
0.04516979873046201 0.07654813137654215 0.10900166952375279 0.7692804003692431
0.13381588900414298 0.2772921584790833 0.2340666254437198 0.3548253270730539
0.11564319064237405 0.34312852460172094 0.23559353790417004 0.305634746851735
0.5855848536476079 0.04038528477569925 0.11784211832729352 0.2561877432493993
0.24903354579563441 0.2906177687628523 0.13314529521334562 0.3272033902281677
0.11125026552840422 0.41859829152493133 0.17822641082373758 0.29192503212292686
0.04888586181954235 0.18443344914382076 0.46162772153398224 0.30505296750265465
0.08096654235647904 0.06063213611079399 0.5440584237589271 0.31434289777379987
0.16069213413487093 0.506965411976659 0.0896738126933142 0.24266864119515585
0.21237479886939714 0.06775184922058064 0.5713028887271018 0.14857046318292044
0.261867818070063 0.5151635793800559 0.026452899148915687 0.19651570340096547
0.21092622550557638 0.43972401015281726 0.21067749402663427 0.1386722703149721
0.03467366734305832 0.7125005146839559 0.15723251137757932 0.09559330659540644
0.1790022426415987 0.5055762164263953 0.24740340733356792 0.06801813359843811
0.32401466553162883 0.10156582725092145 0.03487013574526898 0.5395493714721807
0.4929696261125559 0.20615150781085556 0.19161083363948583 0.1092680324371027
0.26431464089810697 0.3446084301130885 0.26610222857167565 0.12497470041712888
0.04801375465036395 0.540541409157995 0.2935018928687353 0.11794294332290578
0.18635697456172828 0.13627887903427582 0.34098816782911656 0.33637597857487933
0.16213606187778629 0.1354788355121117 0.23796417871522224 0.46442092389487977
