8 40 4 110.42138465303722 220.84276930607447
8.860864625126347 9.716865965388388 8.822750861925279 5.777701224000391 3.094554951795616 1.102589238496869 4.874219364632415 4.621162240336283 5.704072042173126 5.305526162221621 5.998208264400974 5.890474157882863 7.84806018042636 7.411371166738821 6.577138864930957 4.83482593428573 3.6016752521627895 9.764697170804016 4.003966409596034 2.9692095473784517 1.5922754900849028 9.845834918980904 2.1507014163252864 3.899177138837614 1.6384856027517887 3.0229294507124087 4.542714234492444 9.065305043925717 4.109154507980803 9.862744935567441 1.2585884406696586 4.165162626431081 4.428630002834677 7.877441182293641 9.449235219796945 3.877208168203249 4.8922833951137426 3.431311674323188 8.20950297693755 6.744149255108092
1.7721729250252694 1.9433731930776776 1.7645501723850558 1.1555402448000782 0.6189109903591232 0.2205178476993738 0.974843872926483 0.9242324480672567 1.1408144084346252 1.0611052324443242 1.1996416528801948 1.1780948315765727 1.569612036085272 1.482274233347764 1.3154277729861914 0.966965186857146 0.7203350504325579 1.9529394341608033 0.8007932819192067 0.5938419094756904 0.3184550980169806 1.9691669837961807 0.43014028326505727 0.7798354277675228 0.3276971205503577 0.6045858901424818 0.9085428468984889 1.8130610087851433 0.8218309015961607 1.9725489871134883 0.2517176881339317 0.8330325252862162 0.8857260005669353 1.5754882364587282 1.889847043959389 0.7754416336406498 0.9784566790227485 0.6862623348646376 1.64190059538751 1.3488298510216183
0.06869013345815722 0.3867576886477758 0.3401267363230436 0.20442544157102338
0.03891229764232185 0.1492602176509924 0.800424002820415 0.011403481886270717
0.2153177994727462 0.32082650720682826 0.1950141253010883 0.26884156801933723
0.5105804552532703 0.08516979062075547 0.347567938589176 0.056681815536798186
0.008872285585150852 0.17701139993462012 0.24893254286381783 0.5651837716164112
0.3063958566392335 0.2926903963009059 0.22369616755738708 0.17721757950247352
0.7065155434054563 0.12354611758766132 0.036200021888529776 0.1337383171183526
0.2985348512836252 0.19506964663784276 0.32533107911111825 0.18106442296741376
0.1787570156678676 0.38352636829376585 0.3769207520622382 0.06079586397612835
0.008308374432570376 0.1300763322835199 0.6682616284971356 0.19335366478677418
0.5020773926354885 0.3478798975542323 0.13408335718375974 0.015959352626519485
0.09562836130088648 0.14050600895136311 0.7410366312960096 0.0228289984517408
0.2172111529162143 0.24514892562180668 0.5265788619224012 0.011061059539577811
0.4719531205359291 0.057339331772401025 0.3042565489408603 0.1664509987508096
0.16029869282555476 0.44606793033186687 0.0314742388641579 0.3621591379784205
0.032865810850571386 0.33470472669852136 0.5103225357124029 0.12210692673850432
0.04823177716362981 0.4959897734533697 0.01255388204934993 0.44322456733365057
0.4657003666305104 0.31787030613616785 0.08185335844778407 0.13457596878553768
0.007206409512140133 0.1701066911218717 0.05977795891203974 0.7629089404539484
0.5318263245473747 0.005243792398566094 0.3941453224790138 0.06878456057504545
0.02799536548956172 0.24257815652235337 0.339042688218515 0.3903837897695699
0.2451045610443593 0.3858246810937981 0.3445774711075785 0.0244932867542641
0.16973160496332196 0.45100042643203075 0.09471703838389567 0.2845509302207516
0.6322237729028609 0.14289243745724167 0.08832801269932733 0.13655577694057008
0.3109550914270601 0.040921330475839124 0.02217231807854958 0.6259512600185512
0.18404426502894977 0.10577656907099031 0.5006710688929926 0.2095080970070673
0.017206897789604936 0.16529258163368243 0.2040124121931075 0.6134881083836051
0.21890147556152073 0.08464000646418968 0.5733086460578073 0.1231498719164823
0.2600309355727194 0.31339052282931534 0.22580829741495656 0.2007702441830087
0.18914978645463199 0.7409289490127074 0.004878523981181049 0.06504274055147952
0.8617010353460368 0.053270566577167555 0.045071023629113305 0.039957374447682326
0.662767517135585 0.009216866874965368 0.02538961281526897 0.30262600317418065
0.0471371476582344 0.3642638914191656 0.05834765609353498 0.530251304829065
0.5021837351462156 0.22728319047074508 0.026100908300459635 0.24443216608257967
0.3572116459902588 0.07092420102353525 0.32242841311488046 0.2494357398713255
0.3400816634013232 0.20434227940645566 0.18785690745473949 0.2677191497374817
0.03636596001217551 0.32662789077579 0.45763242277509897 0.1793737264369355
0.1569092802598817 0.013608709126822216 0.2280505727795521 0.601431437833744
0.6009990274558735 0.031753547025088036 0.006952914615879435 0.360294510903159
0.2194459412669486 0.06723420892875653 0.42083965840824433 0.2924801913960505
0.0320081564257968 0.5716363199433144 0.1865280649691744 0.20982745866171437
0.4464229075179026 0.13754163598306413 0.04309110335428168 0.3729443531447516
0.10038679422454932 0.050583313432947086 0.7886809317836784 0.060348960558825215
0.37473850501777617 0.09615407662607334 0.1910901306306182 0.3380172877255323
0.06789640356536919 0.36359722731499156 0.09821168582154383 0.47029468329809543
0.4043954647747654 0.18273488646053182 0.13379411545228626 0.2790755333124165
0.20340977215199052 0.3071724745301919 0.21009576479763947 0.2793219885201781
0.4758040220637739 0.05191981635613818 0.07995229229787548 0.3923238692822124
0.619725416595909 0.1036579983913648 0.04002119964987261 0.23659538536285363
0.2986252025528 0.3367727116260637 0.1531853503190257 0.2114167355021106
0.22707862658327538 0.5857389090548962 0.18430112589835035 0.002881338463478045
0.500606105944316 0.15624718826125827 0.07471522059683511 0.26843148519759064
0.0007438894434061982 0.6046336118692107 0.2722424398624781 0.12238005882490499
0.06281332248498894 0.2962955923082913 0.20571419589045792 0.43517688931626186
0.14544547855627277 0.358167266384416 0.3792933954206099 0.11709385963870134
0.2406502518590784 0.18737164960904173 0.04848517801721275 0.5234929205146671
0.17516677920914991 0.12388596940756658 0.23103273435618388 0.46991451702709963
0.3680968485294903 0.38326134825631175 0.09558834676080086 0.15305345645339707
0.2528705036510319 0.028020346385577488 0.11100471181294491 0.6081044381504457
0.32599705246637256 0.09706225121160661 0.31701805608593314 0.2599226402360877
0.18725043421724963 0.016743115791061802 0.2722303619630261 0.5237760880286625
0.3014236164863119 0.13490694589341734 0.43481777898736906 0.1288516586329017
0.06610071679227247 0.27178635745378577 0.3218430770048316 0.34026984874911015
0.7033525199361095 0.185276291179299 0.060095098771053235 0.051276090113538286
0.05920180480396464 0.11164917058775214 0.33312005654100363 0.4960289680672796
0.4400613534000898 0.5119527410075486 0.00046780569547966167 0.04751809989688194
0.24627961648822094 0.014371350856959175 0.23651708420657758 0.5028319484482423
0.00416519878445154 0.008875858816626891 0.2230540090133336 0.763904933385588
0.2749924989931889 0.2454140939910472 0.25793791778466846 0.22165548923109546
0.5257099285645006 0.17178520744401515 0.11886982517423672 0.18363503881724752
0.2500167685956758 0.3976196273173359 0.2554150433943856 0.09694856069260271
0.12363180317953704 0.37451858277189054 0.21149043531753464 0.2903591787310378
0.3178217655823331 0.34130140276849275 0.20755602623131775 0.1333208054178564
0.18829242052539052 0.3155806291107114 0.13581565689854513 0.36031129346535296
0.053127290849074194 0.5559431184820658 0.12065194813624647 0.27027764253261355
0.32622349388281047 0.05232096010394571 0.020623155734838527 0.6008323902784053
0.07736580229194046 0.6077024253644631 0.2553021120290361 0.059629660314560406
0.4116660325463931 0.09890742416271714 0.47209275507071546 0.017333788220174284
0.24621571707358647 0.38968241341397314 0.2937707309237947 0.0703311385886457
0.062083297019820516 0.10474945177255235 0.6893054692818942 0.14386178192573296
