55 90 4 248.61372587035194 497.22745174070394
1.837974580046722 9.744903279908087 5.354739824172815 3.182704313482577 5.780114468265278 3.569898119183189 8.763673393464757 1.3699013811478633 1.9751296055564835 7.904440408858273 1.4628583799549586 7.981448847795405 1.0822504835522104 6.564809021111506 8.368383994646123 9.087271506833652 9.870504235796544 5.470704301930826 4.170870331933543 8.803764950248395 4.57193571151395 6.79291497259029 1.1840798184903227 8.272760886904587 4.866519718172428 6.026918702527848 8.012001611353552 4.623014111965929 9.171954261197897 6.849726498879445 7.545450044356332 8.016049359863077 4.156547029081579 1.1769392826992893 4.227027125765138 3.7290290621393276 9.271557929631543 3.2805723693162876 3.170392941027227 9.189308325521448 7.991338154280666 4.8678928927359655 9.296113219824043 7.369297108480932 1.6459248024942792 3.8987299929886996 8.606076062077978 6.721236542003203 6.538457203033313 8.274829615344267 6.727942801754081 3.4067806235933986 4.469991421028345 4.104619833582477 2.802967729098699 3.3420869279210983 7.054327261887888 8.635292068754723 2.824975551713324 7.9402021439585155 8.479893571558787 5.8533135850322155 4.352168564606169 2.828636058303866 2.6913309236198595 3.9133491517943666 1.6509643554348816 2.7389851489788946 9.269031801550051 6.522379065955216 1.3354208967559547 3.4673363383841185 7.509704143422076 9.406566820957442 4.584007748928252 7.45338190779824 8.339185942212852 1.2739513282235593 8.440090457004644 5.302231247907565 3.526554973551176 6.347298418175343 1.568594115193416 2.5038785026448043 5.804970914366117 6.248434308687476 3.027637430478326 7.715276730754317 7.889006562354838 4.183743578626384
0.3675949160093444 1.9489806559816174 1.070947964834563 0.6365408626965154 1.1560228936530557 0.7139796238366378 1.7527346786929514 0.27398027622957266 0.3950259211112967 1.5808880817716546 0.2925716759909917 1.596289769559081 0.21645009671044207 1.3129618042223012 1.6736767989292247 1.8174543013667304 1.9741008471593087 1.094140860386165 0.8341740663867085 1.760752990049679 0.91438714230279 1.3585829945180579 0.23681596369806454 1.6545521773809173 0.9733039436344855 1.2053837405055696 1.6024003222707104 0.9246028223931859 1.8343908522395793 1.369945299775889 1.5090900088712664 1.6032098719726153 0.8313094058163157 0.23538785653985786 0.8454054251530276 0.7458058124278655 1.8543115859263086 0.6561144738632575 0.6340785882054454 1.8378616651042896 1.5982676308561332 0.9735785785471931 1.8592226439648087 1.4738594216961864 0.3291849604988558 0.77974599859774 1.7212152124155957 1.3442473084006408 1.3076914406066626 1.6549659230688534 1.3455885603508162 0.6813561247186797 0.893998284205669 0.8209239667164955 0.5605935458197397 0.6684173855842197 1.4108654523775777 1.7270584137509446 0.5649951103426648 1.5880404287917032 1.6959787143117573 1.1706627170064432 0.8704337129212337 0.5657272116607732 0.5382661847239719 0.7826698303588733 0.3301928710869763 0.5477970297957789 1.8538063603100103 1.3044758131910432 0.26708417935119094 0.6934672676768237 1.5019408286844151 1.8813133641914885 0.9168015497856503 1.490676381559648 1.6678371884425705 0.25479026564471186 1.6880180914009286 1.060446249581513 0.7053109947102352 1.2694596836350684 0.3137188230386832 0.5007757005289608 1.1609941828732233 1.2496868617374952 0.6055274860956652 1.5430553461508634 1.5778013124709678 0.8367487157252768
0.2900678995765267 0.028826384275180805 0.27596510780100236 0.40514060834729015
0.182136278225144 0.09976803853810534 0.18294706506054725 0.5351486181762034
0.06818329769779552 0.21879692739780754 0.2040188239985058 0.5090009509058911
0.4166660032319013 0.11087488187219463 0.4245031817287056 0.04795593316719848
0.23588382145652176 0.05575001541304114 0.461807836163009 0.24655832696742808
0.5044026181420679 0.005803742867124706 0.24119147654688722 0.2486021624439202
0.06024035016238238 0.007790235402086676 0.008434933107584475 0.9235344813279465
0.37392677219266934 0.23611828820331382 0.17940103011875808 0.21055390948525876
0.05563907218321207 0.057923158610566294 0.38928601019557285 0.4971517590106488
0.20842054989960157 0.3375082461621919 0.20031016135040314 0.2537610425878034
0.19504827891702747 0.6555395494087396 0.052420453816927615 0.09699171785730532
0.07158327666761988 0.26896263206648674 0.12228750945079525 0.5371665818150981
0.39739801753058 0.10285573011599469 0.13992177427202113 0.35982447808140416
0.22235586014230335 0.011658790198740165 0.7088969664825742 0.05708838317638232
0.021051955581701032 0.3027598135862142 0.3579334346907428 0.318254796141342
0.6880361869590749 0.024235354492641692 0.08746742050288947 0.20026103804539397
0.02663335474375106 0.1819175879989925 0.36775702214772565 0.4236920351095308
0.05760399639364833 0.6345848392351634 0.2578398902388619 0.04997127413232638
0.6753595415886641 0.0024772968141146823 0.3043833179783102 0.01777984361891105
0.16173139325286623 0.5337446805476826 0.2967195676596014 0.007804358539849732
0.13099218977916072 0.4388287549808394 0.045598374160383925 0.38458068107961596
0.08860645369726416 0.3774018462866445 0.011593647769486903 0.5223980522466044
0.35775721313879594 0.1099174249922511 0.45283977271841 0.07948558915054293
0.4287620395529089 0.05962661513413625 0.18689309966772893 0.3247182456452259
0.5338310091099503 0.11255260952312496 0.2796243981323473 0.07399198323457745
0.26463856441529165 0.16207704765432196 0.2920202777990931 0.28126411013129327
0.3324420670135625 0.3418603411392962 0.2399544108163515 0.08574318103078982
0.48306694771104286 0.38075111558851815 0.10492827019704765 0.03125366650339134
0.07126539919761876 0.6564946225933143 0.15596453374705344 0.11627544446201354
0.018828467272341554 0.6580761833540963 0.09586599850488686 0.22722935086867524
0.23078905341922573 0.12317981810589518 0.011518655128369693 0.6345124733465094
0.0591060453903024 0.5301223348501952 0.27180172497071964 0.13896989478878274
0.08338881067829951 0.11808293326433383 0.40304967846716777 0.3954785775901989
0.39934113432157026 0.0404183603536995 0.38017030376113414 0.1800702015635961
0.709583705022163 0.044550899815034684 0.08888927276666503 0.15697612239613734
0.48270668952168194 0.3448030567314211 0.15094518205312502 0.021545071693771956
0.16481952107367115 0.24064723560317136 0.0868857217936354 0.5076475215295221
0.31020238187816207 0.2079096579064803 0.2949219779277259 0.18696598228763173
0.2800898826378052 0.022941875776476328 0.4424732861286379 0.25449495545708056
0.09785907915096892 0.17141113172266198 0.2228624540957609 0.5078673350306082
0.24730567608118847 0.4783554556533772 0.02839624509398886 0.24594262317144544
0.4313806243312316 0.23443277780831195 0.32455066590963755 0.00963593195081891
0.07815921381467206 0.0628223333297171 0.11875061444299406 0.7402678384126168
0.0859179323904381 0.6416489978525594 0.24067539382598724 0.031757675931015306
0.4094081257806115 0.26640411354077775 0.1234473733401723 0.20074038733843846
0.049900634619101214 0.42459179617083986 0.21535865214429195 0.31014891706576697
0.17693073324464104 0.20072120295740303 0.05883690583997658 0.5635111579579793
0.15820133947990622 0.39981856091593615 0.11062128282073569 0.33135881678342194
0.42257444595380644 0.020659337231890507 0.41701086346826854 0.1397553533460345
0.21987346514137074 0.1359533904519138 0.14894910749711532 0.49522403690960015
0.29310658231362896 0.3886549788295438 0.09881695840085325 0.21942148045597398
0.10365882445287367 0.08137935142512165 0.0014259181854044956 0.8135359059366002
0.11979812321000549 0.622382589940116 0.08820819722991458 0.16961108961996396
0.11387599911014445 0.32525272626724 0.20094619711626416 0.3599250775063514
0.26699821128905876 0.014876805242398317 0.7058946810900935 0.012230302378449465
0.5450020779018769 0.10139727044722291 0.017967307418008338 0.3356333442328918
0.31842994388911017 0.006642127068633541 0.5652882850682183 0.10963964397403803
0.3280822971234968 0.17182700575079346 0.06844596595374686 0.4316447311719629
0.06373994551937168 0.21490723036429027 0.06897958263664672 0.6523732414796913
0.2523177700886904 0.20580459556948172 0.22170007104070666 0.32017756330112124
0.12084477328484655 0.3288021364528593 0.14966353327410853 0.40068955698818565
0.05028292250569755 0.15323646223323006 0.20236507601520948 0.5941155392458629
0.1991873078278249 0.04640670573734984 0.1334515487653567 0.6209544376694686
0.16720482042783924 0.2965536685463397 0.39094008350061715 0.14530142752520392
0.20506643705570882 0.446277742008117 0.3075089020520252 0.04114691888414901
0.5245311215932894 0.3240601557102978 0.13277070901697474 0.01863801367943807
0.48446146939962165 0.25933713026005145 0.22244780173347478 0.03375359860685212
0.575625409370458 0.02320036675726056 0.13017155409773284 0.27100266977454857
0.13252089805357337 0.11539431358563912 0.37025869291241154 0.381826095448376
0.06191453475376485 0.5483564454885789 0.006500242595161354 0.3832287771624949
0.5442092148504166 0.03493768575353151 0.29297494107750544 0.12787815831854643
0.14784674068224923 0.04273375657694878 0.008220985131441205 0.8011985176093608
0.32579098945199614 0.5556611261136887 0.09771694356798277 0.020830940866332415
0.07440349906436194 0.08676988178346356 0.14173109490007407 0.6970955242521004
0.3818234620099312 0.44374644261770024 0.1658642041375208 0.008565891234847745
0.7662672553234138 0.13613352558374325 0.06442045104398919 0.03317876804885378
0.44962123306444235 0.3188402352673687 0.20008738237453827 0.03145114929365067
0.4769061899190121 0.3047112203069092 0.1549250381713333 0.06345755160274535
0.40738428224481704 0.033062368669848796 0.5103163164140293 0.04923703267130486
0.21425283377570348 0.23344907664390202 0.22778489982156458 0.3245131897588299
0.23787959434927974 0.4386702590108287 0.015356010178983692 0.3080941364609079
0.215672809067588 0.5878169737753159 0.07916304453776013 0.11734717261933592
0.13234094048249834 0.3062939539627534 0.44748834554044314 0.11387676001430513
0.2370507352204151 0.07863026214218649 0.15726152110182778 0.5270574815355706
0.29155803351735987 0.09620390661381573 0.2111582495138873 0.4010798103549371
0.01600954391798537 0.0827073301723914 0.7290483586861466 0.17223476722347664
0.13157040976066925 0.5786587078334282 0.12236809206281862 0.16740279034308392
0.006954911922615659 0.4130696536351731 0.37372582020489675 0.20624961423731447
0.0036535154692305394 0.151229579357813 0.22589882042174292 0.6192180847512135
0.010210358339854175 0.010809092276138688 0.8701752790225865 0.10880527036142063
0.6251397492551437 0.29839256893063815 0.05560651027684993 0.020861171537368217
0.283914952465565 0.292540560833051 0.2839307076696215 0.13961377903176253
0.5487721469214998 0.2062437030563129 0.17241030455262785 0.07257384546955947
0.4376373838111266 0.054670239760173156 0.11735546653201434 0.3903369098966859
0.2913196463902131 0.4330968459124437 0.2561660699585204 0.019417437738822763
0.040235095465624315 0.33567820464605 0.34426580873391066 0.279820891154415
0.6590971273212639 0.04042021364578996 0.16084971018561767 0.13963294884732846
0.2044739633376852 0.2770526639116869 0.5001245578095211 0.01834881494110674
0.05624317847130522 0.18743833860938175 0.15476441873847846 0.6015540641808346
0.0026966501281202593 0.04440023115956204 0.5263042311395119 0.42659888757280584
0.09655152398622713 0.09428184548168872 0.415772862563094 0.39339376796899017
0.2263620607395752 0.35278035499915594 0.11532082364609686 0.305536760615172
0.0828631164166248 0.41780996268202286 0.027471711625430828 0.4718552092759215
0.4867896078873918 0.3469547624887991 0.0768796682360704 0.08937596138773873
0.21696011777272006 0.04329898984050018 0.5460934655240454 0.1936474268627344
0.04122758572640761 0.21071456845672243 0.7229864761418777 0.02507136967499224
0.10019514910470007 0.10783918479155052 0.1188657581309831 0.6730999079727663
0.17601498528439696 0.14795357715597035 0.2983795782122767 0.377651859347356
0.12935125988426277 0.4889704242542703 0.08854176555550652 0.2931365503059604
0.23043792051102563 0.027552228954560443 0.24172972751339228 0.5002801230210216
0.25129364782566177 0.28399319659864264 0.034328483865265214 0.4303846717104304
0.2416391694658322 0.010285282393903805 0.2378999774978353 0.5101755706424287
0.14813755065800904 0.2131701609559582 0.21218837756720532 0.42650391081882744
0.021687807103570877 0.0484480080414883 0.5567438899272261 0.3731202949277147
0.3781952224305556 0.34879395882301933 0.06058310620017515 0.21242771254624992
0.17711394533995528 0.3915929305646991 0.0013554743829257143 0.4299376497124199
0.17607588665539187 0.45053506362373175 0.032181771064532017 0.34120727865634437
0.15629346839862623 0.09061076973532944 0.18955841037918109 0.5635373514868632
0.5144075689498275 0.01680413615283316 0.42458787383521257 0.04420042106212674
0.4741454831411698 0.04866013307975303 0.42742764764085817 0.049766736138219025
0.10257410914357079 0.34453822949793733 0.48746307987318727 0.06542458148530461
0.12112598159241084 0.032034159527613126 0.7585139819149501 0.08832587696502592
0.25970386398292045 0.5262744930017353 0.014842760649801723 0.1991788823655425
0.02391034571299888 0.15369234265775034 0.7375313656040121 0.08486594602523867
0.33448569933048533 0.4228393414584938 0.011136867030487885 0.231538092180533
0.029948579514280205 0.5107873694405879 0.3808044513351716 0.0784595997099603
0.3074919978043533 0.018766392930225195 0.3848772692498462 0.28886434001557526
0.25375224649851813 0.07065137713890757 0.01615171111059377 0.6594446652519805
0.6642378427640054 0.15770081560176796 0.1450173739366709 0.03304396769755569
0.05673724054714857 0.46860550218104935 0.04821177870812676 0.4264454785636753
0.009940540570233303 0.05064145869512615 0.5355523743085749 0.4038656264260656
0.594787737301733 0.29592772152690694 0.07501212330286011 0.034272417868499994
0.5332031029241705 0.08695926615449678 0.25553684606613813 0.12430078485519458
0.35540511519686424 0.06136555918509046 0.5618119372918248 0.021417388326220532
0.039103589151366136 0.13663520729226508 0.0814676604335467 0.7427935431228221
0.0021032435182001263 0.3181211876575982 0.5740130971969125 0.10576247162728913
0.2341208487320331 0.020011790551975994 0.21626708178265341 0.5296002789333375
0.5972621370998725 0.05037631426897882 0.2672707682934099 0.08509078033773876
0.0007496577106949065 0.07872268231854307 0.9044164514459301 0.016111208524831944
0.19108190599130825 0.6014771050683106 0.053093388451545764 0.15434760048883533
0.8185143400803176 0.09451197980179527 0.07337251712515513 0.013601162992731952
0.15421033266759487 0.36597096262469364 0.3582883085673543 0.12153039614035721
0.5123625144180435 0.05818037876885107 0.2561713430258673 0.17328576378723815
0.33553870121461526 0.1295054230389474 0.4465931722954115 0.08836270345102581
0.016588713131328037 0.5625775963913168 0.04385376547857711 0.3769799249987781
0.19465123057942457 0.12381368237961787 0.1710550690873377 0.5104800179536199
0.34381760189174404 0.22209741066198008 0.14655671813731108 0.2875282693089648
0.3980727283292337 0.1633235649560204 0.2133045812566121 0.2252991254581338
0.18365242055107167 0.06697461728793364 0.4726601911065853 0.2767127710544094
0.3238560281423637 0.4396845820790064 0.23598106439729782 0.0004783253813320787
0.13110503822039654 0.013447603705505684 0.6856977861348924 0.16974957193920537
0.23010622329023245 0.04911304505184744 0.6616866811749492 0.059094050482970895
0.11466237885015829 0.10156430841821928 0.19769695921421782 0.5860763535174046
0.41138750716690575 0.06247703088940548 0.256326627439988 0.26980883450370075
0.02292992946211203 0.060913747404693686 0.49120792879042785 0.42494839434276643
0.0797431861756821 0.423529744701456 0.03959943264558863 0.4571276364772733
0.5499081442024885 0.11975598924261166 0.13783014678263827 0.1925057197722616
0.5044905320917376 0.050259475703016254 0.29458999599056435 0.15065999621468185
0.3685843392898508 0.2571355444717276 0.06266437129509017 0.31161574494333144
0.2013889381026941 0.7004414874796983 0.08152716741924215 0.0166424069983655
0.12935940966937653 0.09646575469002094 0.23315231481194976 0.5410225208286528
0.053546137455772524 0.17995493718205113 0.5554351267128116 0.21106379864936475
0.1413798298097323 0.31548330581678485 0.32887730268054116 0.2142595616929417
0.26856248635621305 0.08214651554689179 0.32075136385747804 0.3285396342394171
0.5258622498359915 0.06412840592581015 0.3395800273538767 0.07042931688432164
0.40607928656577796 0.03634421469618576 0.11547389802595687 0.4421026007120794
0.09288156957828275 0.2691283040395622 0.3774163991763251 0.26057372720582994
0.5603902905428376 0.23084575603965984 0.147727174401173 0.061036779016329534
0.012742670989421834 0.13765341706693912 0.4813428173031521 0.36826109464048695
0.3974969091771494 0.5101714906417049 0.006121761969627437 0.08620983821151829
0.15941067340509563 0.464903849644113 0.058353082977352644 0.3173323939734387
0.634387543451065 0.06643831252238819 0.15001564946155144 0.14915849456499541
0.2810358857768471 0.15628869573189264 0.5312698250120333 0.03140559347922689
0.1406655752394509 0.704081351781508 0.10016497495541632 0.0550880980236248
0.17055642937345294 0.27160801071466967 0.08680396989673977 0.4710315900151376
0.169366797279211 0.16012214521369172 0.3840051147046175 0.28650594280247976
0.02521883592884011 0.4398853241974039 0.4933694969098803 0.041526342963875695
0.14674738813250798 0.04793721715047494 0.5757308210069123 0.22958457371010477
0.12852945685372685 0.10771840024392854 0.45697244327237485 0.30677969962996976
0.42635064872235773 0.1688870591070809 0.3050409702643384 0.09972132190622296
