93 60 4 171.01984640139528 342.03969280279057
6.457189039988279 6.917604117560341 3.765169084092129 9.65803136635758 5.823270165981643 6.936712217979729 9.994388759409443 7.758855342389721 5.846699833025205 7.709549081490495 3.1203837521470503 4.747154414433243 8.605177811204012 4.650820706287571 5.271026902058378 7.238612654140764 2.6664703463243673 1.6144737113010772 6.600628047830755 6.409165326713743 8.825001513117908 1.4738120104043984 6.121580972141318 4.6480138415382495 8.222622196714896 8.068348449177673 8.00841505657712 1.8328176423524982 9.63261434338023 8.595661557265494 3.445076734130764 5.297546868684331 5.29794466066402 6.893786054606546 2.8094557838074543 4.376645746067995 3.507479037955874 3.9229776956761615 6.031239534309991 8.743640818830055 9.531518594330063 5.092763491227696 5.1914035140125145 9.343929658316638 2.147974268615208 2.588165657601668 5.210060388217909 9.519251707819066 6.20928790166593 1.0132536884883625 1.3721516012902903 4.798588224422586 7.485238988066102 8.19366197374678 6.7857025870232315 1.8330595803543697 5.096639662247123 2.848280728725338 7.325658032916776 2.9070393555844207
1.2914378079976558 1.3835208235120682 0.7530338168184258 1.931606273271516 1.1646540331963284 1.3873424435959458 1.9988777518818885 1.5517710684779442 1.169339966605041 1.541909816298099 0.62407675042941 0.9494308828866487 1.7210355622408025 0.9301641412575142 1.0542053804116756 1.4477225308281527 0.5332940692648734 0.3228947422602154 1.3201256095661509 1.2818330653427485 1.7650003026235814 0.29476240208087967 1.2243161944282637 0.9296027683076499 1.6445244393429792 1.6136696898355347 1.601683011315424 0.36656352847049967 1.9265228686760458 1.7191323114530987 0.6890153468261528 1.0595093737368662 1.059588932132804 1.3787572109213093 0.5618911567614908 0.875329149213599 0.7014958075911748 0.7845955391352323 1.2062479068619982 1.748728163766011 1.9063037188660126 1.018552698245539 1.038280702802503 1.8687859316633275 0.42959485372304157 0.5176331315203335 1.0420120776435817 1.9038503415638133 1.241857580333186 0.2026507376976725 0.2744303202580581 0.9597176448845172 1.4970477976132204 1.638732394749356 1.3571405174046463 0.36661191607087396 1.0193279324494244 0.5696561457450676 1.465131606583355 0.5814078711168842
0.030385909819087176 0.22064893441295297 0.24606452764213027 0.5029006281258296
0.1566115789174478 0.016349241802498082 0.04556660215553121 0.7814725771245229
0.2982688545223804 0.26900487232300163 0.22046830882195978 0.2122579643326582
0.015288212306103666 0.006025359356293225 0.9119661918462442 0.06672023649135894
0.10545275432797807 0.5539640506436749 0.3138597239966511 0.026723471031695922
0.17988519032351125 0.27644421776481376 0.29049509511545146 0.25317549679622353
0.21605898983343408 0.030900968639167026 0.35949442655108477 0.39354561497631413
0.3839127356484605 0.09978031460313452 0.009569813111245162 0.5067371366371598
0.6924307898098233 0.10360742530302469 0.09906061334662619 0.1049011715405258
0.4625944808387332 0.1293638645276115 0.29029792777147745 0.11774372686217782
0.051065977815109354 0.08123116796750907 0.6963054701266632 0.17139738409071836
0.06796469796587412 0.13247452479776445 0.7554622395338499 0.04409853770251149
0.22670975665892945 0.5980378860748007 0.03262238868136347 0.1426299685849064
0.10411882435360587 0.29584333735934587 0.4927970407119563 0.10724079757509197
0.6408224159603861 0.09557764535975233 0.07483058963388323 0.1887693490459783
0.35805167354836864 0.016356934879133034 0.5447148460356515 0.08087654553684687
0.3245344260570253 0.050216713691196735 0.041930535103892996 0.583318325147885
0.20633330721092313 0.19777349333304783 0.5204557401363537 0.07543745931967538
0.16083629236784758 0.44406865453854716 0.021234664592759356 0.3738603885008459
0.013437542004900438 0.13846441610808757 0.056765041050367726 0.7913330008366443
0.610718566709522 0.268230800785783 0.022087644769854475 0.09896298773484058
0.621353786081661 0.15493660156055444 0.21197327974693259 0.01173633261085194
0.18633383831529882 0.7031237104040807 0.06491876640289063 0.04562368487772983
0.29035059062866697 0.34940359327273973 0.06850837975438329 0.29173743634421
0.7033469618746097 0.03956300943416291 0.16429640989797656 0.09279361879325088
0.1405154583664593 0.24301950528412064 0.5730680779699695 0.04339695837945057
0.11686039375251656 0.06074129261137595 0.09132815221917678 0.7310701614169307
0.2623176109589074 0.23332721471918272 0.19042236165035809 0.3139328126715518
0.3687392569054384 0.015568213147086785 0.08472712738521848 0.5309654025622563
0.08587055587507664 0.2776186243787945 0.035331231044986144 0.6011795887011427
0.08045859797469368 0.7415460596254433 0.04792692614329652 0.1300684162565665
0.2348731383916871 0.166051604752102 0.4185496572605213 0.1805255995956896
0.11292346617847038 0.39446014221518566 0.31718405631291013 0.17543233529343383
0.12718592281529584 0.185954194307399 0.11733523043776717 0.569524652439538
0.11002443315419819 0.5143174613150625 0.16743657267570233 0.20822153285503697
0.029745316777515685 0.10524546838899596 0.25837433828969614 0.6066348765437922
0.2558937498326692 0.33409276319657666 0.05166865602650217 0.35834483094425196
0.45924844618232696 0.061138049026624675 0.12985115022159321 0.34976235456945515
0.4378653940771836 0.13333367367943216 0.32447825597950875 0.10432267626387548
0.09837994658827154 0.09715730571884007 0.6329769746379517 0.17148577305493673
0.21404246271298655 0.41168529588181546 0.11296235060666826 0.26130989079852973
0.10740324960684278 0.005206501764749238 0.685689528713166 0.20170071991524197
0.6305961544131758 0.018313399688147824 0.21876354662918085 0.13232689926949548
0.5218961228121767 0.12404570482568278 0.022927787592796234 0.3311303847693443
0.7028849437398508 0.2297749689924361 0.06101984485543088 0.00632024241228224
0.5345052545143906 0.04065391331618451 0.36103186051016734 0.06380897165925759
0.14916152653041637 0.3094942284054166 0.3320281868725945 0.2093160581915725
0.2685591442117643 0.10873668021188776 0.15907915539473927 0.46362502018160867
0.008563455088261174 0.5814121537502261 0.38756384232620855 0.02246054883530413
0.45512014939607026 0.18237016785013016 0.04095771166432127 0.3215519710894783
0.16970167669778247 0.2418790331833175 0.19143654998287896 0.3969827401360211
0.29777818674996914 0.472775065146402 0.06136428811696504 0.16808245998666382
0.165427064533896 0.3422113691226373 0.30135938458757805 0.19100218175588868
0.07053101619887325 0.4983199570249981 0.20303432468246785 0.2281147020936608
0.6074961519711533 0.12546900359058266 0.108056178568254 0.15897866587001008
0.5182023292922782 0.18005176802686462 0.21364342620449916 0.08810247647635805
0.2983155493254901 0.05004055543867958 0.6508707643840497 0.0007731308517806568
0.43886692979809616 0.2521817116013034 0.14563853830171314 0.16331282029888727
0.08762167387123843 0.01883725833308203 0.31378275289477886 0.5797583149009007
0.14729182321707346 0.6252896864609717 0.18651514347495413 0.0409033468470007
0.034520955228579564 0.17824218961819327 0.4102007660460183 0.37703608910720887
0.7519599215378842 0.02014121995490037 0.0553692685371967 0.17252958997001877
0.30500678426991334 0.11539949797801752 0.019259836607288583 0.5603338811447806
0.011608644237339316 0.015892655053566296 0.8910962204439212 0.08140248026517316
0.4235806602693767 0.15896219197384376 0.0348812260510869 0.38257592170569266
0.26309564560143217 0.314150496885476 0.4166846031824448 0.006069254330646978
0.02149321148885175 0.23208521872991783 0.3418011680263956 0.4046204017548348
0.0270415242687001 0.02415059416703802 0.13486335405937988 0.813944527504882
0.1011097596662347 0.37665563381619394 0.3609869276453235 0.1612476788722479
0.03024549908583518 0.11159459396008664 0.22504115271796787 0.6331187542361103
0.15606736441839641 0.7411777687460936 0.03534328046746105 0.06741158636804889
0.11257294772916693 0.150063534307862 0.4295835089021469 0.30778000906082414
0.13320235450899975 0.03200799186638237 0.19977696135466094 0.6350126922699569
0.5762486255768698 0.13510701136330872 0.2060086507126584 0.08263571234716305
0.18874570178818484 0.5131858657881356 0.2607192621609451 0.03734917026273443
0.1391540493227692 0.5312624618342641 0.025474942647522814 0.3041085461954439
0.03474672458781369 0.7073910459723834 0.13652017515644954 0.12134205428335332
0.01060920475521554 0.24701535410986997 0.4677090929864748 0.2746663481484397
0.0554434966811751 0.13005238236637462 0.038923777584060626 0.7755803433683897
0.3890846587221538 0.06229775515018443 0.32736584917041034 0.22125173695725142
0.3180002196249929 0.12522781819800843 0.07023935642985091 0.48653260574714774
0.02756794958040265 0.5002611103213386 0.1883607163252683 0.2838102237729905
0.17509521484562784 0.5937689962437198 0.024492964522487837 0.2066428243881645
0.08681664118164678 0.08376780103242121 0.03986342403293419 0.7895521337529978
0.03922701778890514 0.21170862091540066 0.7366806197853336 0.01238374151036059
0.08262685854772389 0.5418748620855366 0.26007361914753224 0.11542466021920728
0.026929151565349585 0.15155187619692034 0.7274235138247181 0.09409545841301192
0.1974791214424909 0.16508532988323066 0.2984721398168795 0.33896340885739895
0.6669689700816264 0.05511504054354843 0.046087159613233286 0.23182882976159191
0.3150624525734489 0.15630537005208545 0.3924660421158629 0.13616613525860277
0.04662377691468911 0.05086565341010696 0.35550392811280773 0.5470066415623962
0.7439885669071782 0.09848450944953879 0.1536034586306736 0.003923465012609428
0.3100920214137499 0.2774273473363702 0.0054359356428536065 0.4070446956070263
0.14952136517815606 0.16684002772770223 0.2673820671456679 0.4162565399484738
0.5881686824866548 0.02684810296497986 0.11917764536842734 0.26580556917993803
0.22134021591699982 0.1397968604970964 0.1758226702775595 0.4630402533083443
0.6901103959003131 0.108872677743721 0.14390458096218606 0.05711234539377985
0.41959147962466836 0.5130148431476672 0.0077400166981325125 0.059653660529531916
0.04886970904195964 0.3445952303721731 0.46795688849907624 0.13857817208679102
0.02319827393306617 0.17935241051877293 0.4868992989780192 0.3105500165701417
0.09364508517078951 0.2836799705013374 0.351696047833309 0.2709788964945641
0.13332130790532437 0.3660875730758697 0.2741114481956617 0.22647967082314424
0.14435176430013108 0.048947419144403925 0.07245493390388846 0.7342458826515765
0.1307243699584144 0.005002978523720336 0.2990432716227457 0.5652293798951196
0.174317191792414 0.3124695803894123 0.10561462012991873 0.40759860768825495
0.40459806954557853 0.288566883948445 0.13433806005838078 0.1724969864475957
0.15182352839955404 0.11789262711207926 0.6698724575824796 0.0604113869058871
0.03088312887766187 0.8974311376828269 0.03935821417335139 0.03232751926615984
0.7005583635231416 0.015770689956068895 0.05196015892938133 0.23171078759140817
0.19004394736127073 0.13585884967718698 0.07391815543869817 0.6001790475228441
0.6818179957932887 0.1987924307367096 0.008784117936754932 0.11060545553324674
0.09633631228787287 0.7975485115410131 0.07109669075869329 0.0350184854124207
0.14895784343945395 0.5065168558606602 0.022326870576685587 0.32219843012320026
0.4099434405830621 0.52039723353647 0.06956241309754929 9.691278291856786e-05
0.5327640752274526 0.304835387719661 0.02906299461969719 0.13333754243318918
0.1505509458838047 0.46701675795592335 0.3714788526438372 0.010953443516434791
0.28248458594354664 0.08188860947517485 0.4256049772874039 0.21002182729387464
0.2474770181201862 0.14251982250508888 0.5522833730599582 0.05771978631476671
0.046176416172156176 0.4230657185840505 0.013477110246887913 0.5172807549969054
0.797315729195043 0.08055785132547522 0.01869740223783123 0.10342901724165054
