39 20 4 68.98595785786132 137.97191571572267
5.922002405308192 8.181091191543448 8.383616919085432 2.09844880147181 6.418018061122942 5.729631250281253 5.175175652290616 5.243011699820642 6.694415585895983 9.330974924253972 8.339526241753976 9.499975771450039 9.276266278535857 4.733477167159189 8.432307660728354 9.516341069554752 6.652414479118475 3.2704281312661614 6.331158125425379 8.743634299656144
1.1844004810616384 1.6362182383086896 1.6767233838170863 0.419689760294362 1.2836036122245884 1.1459262500562506 1.0350351304581231 1.0486023399641284 1.3388831171791966 1.8661949848507944 1.6679052483507952 1.8999951542900078 1.8552532557071715 0.9466954334318378 1.6864615321456706 1.9032682139109505 1.330482895823695 0.6540856262532323 1.2662316250850758 1.7487268599312287
0.0484524316320204 0.4369540405474488 0.23480754535201986 0.27978598246851094
0.5261022472918775 0.0763888967229579 0.06795586061808312 0.3295529953670815
0.1564259040495929 0.3865273502147658 0.1283942720376673 0.328652473697974
0.013558732596354317 0.42151315040681236 0.28019209834015213 0.2847360186566812
0.11325298922511051 0.10810438054451965 0.05929951568499636 0.7193431145453735
0.13349053598295024 0.06990721101433461 0.5194991156652508 0.2771031373374644
0.10934287709299495 0.10988420849493463 0.3219529306550163 0.45881998375705413
0.8688694702243054 0.01770763794843877 0.06137183025109838 0.052051061576157465
0.31815538716099034 0.09313637355809812 0.5650009498196498 0.02370728946126177
0.0908245617633181 0.2169338151460506 0.642742363365693 0.049499259724938294
0.480929176528485 0.2415114728935548 0.11167179596953525 0.16588755460842497
0.30867440877913765 0.5731247723795108 0.0720267436872507 0.04617407515410088
0.011519220430084354 0.4814535924783183 0.028277098202913797 0.47875008888868353
0.3425843014914942 0.4646368938564228 0.06317560914765086 0.1296031955044321
0.03288953333391487 0.4297066341512289 0.18694519792356268 0.35045863459129356
0.0467470253531852 0.11240781609327166 0.7640293857808877 0.07681577277265539
0.33429111615661433 0.059534988188286175 0.5472821842843199 0.05889171137077964
0.38719376496334845 0.18010417904340215 0.11051256254198072 0.3221894934512687
0.14618543855534272 0.38296110286831553 0.3845978908804458 0.08625556769589593
0.422098249070621 0.1799381500631736 0.3798347531392081 0.0181288477269973
0.2959734368570318 0.5483020611507547 0.010523049304032805 0.14520145268818063
0.15714581965487717 0.030451420226693005 0.36115193307269056 0.45125082704573927
0.652557229588245 0.16638799455608766 0.11355101448437921 0.0675037613712881
0.477456963246889 0.3627343870576982 0.007653430808063022 0.15215521888734973
0.03972312647679699 0.2539297986550897 0.31870927550390016 0.38763779936421316
0.34664717312903437 0.3763141017438917 0.06789021268287798 0.20914851244419597
0.23472960321027847 0.6610951449520512 0.04405371879566433 0.06012153304200596
0.013636860110358584 0.002440028162119745 0.28537875257946377 0.6985443591480579
0.29844492581826476 0.04155498522700429 0.47439895307617874 0.1856011358785522
0.43841295930704827 0.2523531335625162 0.2598707322314282 0.04936317489900732
0.11435661244016126 0.4531974724330232 0.15157718472849668 0.28086873039831883
0.4017813542114521 0.302070421923349 0.09274713769081022 0.20340108617438868
0.5633051281014123 0.08394066899780328 0.13039551858194576 0.22235868431883865
0.3277816179429439 0.2682438740593003 0.3094037180708744 0.0945707899268814
0.04912258805601377 0.11931562477147095 0.10155659168382436 0.7300051954886909
0.35922194896722703 0.039540710067444196 0.16394445991640827 0.4372928810489205
0.16921891214984552 0.5923172017761599 0.02447144304936022 0.21399244302463438
0.1743128454402857 0.6714135202165559 0.1382905411766916 0.015983093166466844
0.20060761744847722 0.2375886145266316 0.2942956132102007 0.2675081548146905
0.08073652364191242 0.022230430948962376 0.14235796889675212 0.7546750765123731
