53 40 4 110.86382161959314 221.7276432391863
8.619961664891205 6.050489862385308 5.0938786216517755 4.169574223227656 6.272662457213536 5.821747698457682 8.447106491014114 3.38087978849831 5.305411552048442 4.130065205611497 2.2103049007807636 3.339796153087532 1.4287120855235718 4.5486397425617 4.3445457287939035 6.010596309569885 9.077450989308922 2.506112983057456 4.664857778468439 6.871180049008759 6.10974172142318 6.098669704135352 5.719195896441829 6.468220218530286 2.154050866208927 2.703930657802437 4.970688575997325 8.758306914450621 9.072863598917468 3.0603652620207087 5.196527706601216 5.235052117359741 4.831606836174981 9.730037090379977 8.433064634245994 7.344240453189076 3.73848192672152 2.3419083859873218 9.472096989509588 7.994619397928266
1.723992332978241 1.2100979724770615 1.018775724330355 0.8339148446455311 1.2545324914427072 1.1643495396915364 1.689421298202823 0.676175957699662 1.0610823104096885 0.8260130411222993 0.4420609801561527 0.6679592306175064 0.2857424171047144 0.90972794851234 0.8689091457587808 1.2021192619139769 1.8154901978617843 0.5012225966114912 0.9329715556936877 1.3742360098017516 1.2219483442846362 1.2197339408270704 1.1438391792883658 1.2936440437060572 0.4308101732417854 0.5407861315604874 0.994137715199465 1.7516613828901242 1.8145727197834938 0.6120730524041418 1.0393055413202432 1.0470104234719482 0.9663213672349962 1.9460074180759954 1.686612926849199 1.4688480906378152 0.747696385344304 0.4683816771974644 1.8944193979019175 1.598923879585653
0.23279542016427324 0.012921966282497421 0.021967518106130512 0.7323150954470988
0.028354863135044206 0.22506587267186362 0.4723617388167006 0.27421752537639155
0.06041968731298797 0.7663736317035359 0.02717046338487683 0.1460362175985993
0.534465623047845 0.1970894976987263 0.20954789254464246 0.05889698670878629
0.3606660874050185 0.27291174430017584 0.05769703543947058 0.3087251328553351
0.6341905911142939 0.07377630808507718 0.23281384003203087 0.05921926076859807
0.061007727627951924 0.4166543452370922 0.394342001606256 0.12799592552869987
0.19305661056939638 0.01834847963426256 0.6863614039401944 0.10223350585614666
0.17687895631620887 0.15232384224739492 0.5455930411350277 0.1252041603013685
0.35981006452536546 0.36021873052846043 0.14823392358539988 0.13173728136077423
0.2617955264960272 0.005336762890470248 0.2705637693523203 0.46230394126118224
0.26315835377324615 0.081330365416875 0.6457991877379303 0.009712093071948535
0.12515870156566056 0.4566754120301161 0.07835731718765027 0.3398085692165731
0.08749118198344952 0.6498794843187421 0.24110116820796013 0.02152816548984826
0.4531258559371275 0.11062964443412682 0.026412870997801874 0.4098316286309438
0.44600788927616486 0.19756947196678598 0.12425030091497136 0.2321723378420778
0.5167228887050396 0.10124476707016306 0.10847877191954558 0.2735535723052518
0.4921961509586117 0.07674018697935192 0.1405940514019851 0.2904696106600513
0.26719864087920586 0.03540935922222499 0.6286467209993706 0.06874527889919857
0.10634003089692767 0.3764713617441169 0.0026971705901904786 0.514491436768765
0.09452388745021512 0.016558119802019378 0.09632143331565257 0.7925965594321129
0.053292222327243066 0.5956340755483693 0.016666800913987534 0.33440690121040006
0.33756527798899216 0.18849392363400053 0.4175315878328735 0.056409210544133837
0.4270718144523934 0.00815316755110762 0.19462359954795716 0.3701514184485418
0.34068453091441464 0.3650086187005195 0.15610548622691567 0.1382013641581502
0.3878699431175232 0.034553234324373294 0.3246431071620307 0.2529337153960728
0.23530377311169337 0.15482847770287467 0.4278890437267542 0.18197870545867778
0.4115581540978617 0.15234666458801827 0.11185053197659223 0.32424464933752783
0.17383542030031762 0.13492699041168 0.42926167995323217 0.2619759093347702
0.0026503364006161823 0.06330280860797233 0.04507375228595256 0.8889731027054589
0.060120639331229686 0.23472254544200533 0.028938256385922845 0.6762185588408421
0.3701028160047972 0.0807173402665351 0.4077493135929591 0.1414305301357086
0.7919761820406244 0.0077414616735520525 0.08806352204781809 0.1122188342380055
0.16042409051620066 0.6107137467693815 0.07258180680718918 0.15628035590722866
0.03748120859374282 0.34133832535738484 0.166496659020401 0.45468380702847133
0.08112186787550546 0.42465323163578417 0.04461732935201801 0.44960757113669236
0.07617952034407771 0.4219202698131561 0.15525817597198366 0.3466420338707825
0.1661650230105436 0.12492717618171212 0.011087808233547936 0.6978199925741964
0.10366299413656599 0.08553178319828303 0.42081342228321605 0.3899918003819349
0.3825554461485835 0.10345697091057893 0.4843952284594766 0.029592354481360994
0.22084660170744308 0.4902330500425738 0.1556159353855585 0.13330441286442463
0.3488851179191962 0.14700003736795209 0.32316460977959527 0.18095023493325646
0.05006364211759373 0.3442295082490576 0.3033798147092174 0.30232703492413127
0.030902080819037003 0.09866133189991011 0.03070120272359178 0.8397353845574611
0.04273940672283105 0.6848477125780766 0.10784690668647945 0.16456597401261286
0.5466594999062349 0.2808284136925949 0.06822256820678774 0.10428951819438248
0.6366071567804401 0.04822676178661878 0.026099659495538385 0.28906642193740273
0.540692831479374 0.13875629826466251 0.021896542878300784 0.29865432737766273
0.5575790490952969 0.01980310420216369 0.09344775161069974 0.3291700950918397
0.30113836296867313 0.17918675785572458 0.46860221020212045 0.05107266897348184
0.37156293639456317 0.2038110210604217 0.018131298159037246 0.4064947443859779
0.19681160213978166 0.3479765897534489 0.36303633300694627 0.09217547509982316
0.050810151116937985 0.5542123213369425 0.26078210632073495 0.13419542122538453
0.17406827836231797 0.16914035611317368 0.24162954418100058 0.41516182134350776
0.08392991171969799 0.27342858431722816 0.4642400603807545 0.17840144358231935
0.5830951536602987 0.009137731044266406 0.3331696191132818 0.07459749618215306
0.6422703561892916 0.03443176228992706 0.1818865654820354 0.1414113160387459
0.3290894003956325 0.05879296213386087 0.05118481551664267 0.560932821953864
0.4752216047979987 0.11572372624015814 0.05636429079301819 0.352690378168825
0.2406055957713601 0.010546836748154487 0.4746141178337131 0.2742334496467723
0.5868117667363979 0.029211071474068317 0.20782088986408387 0.17615627192544991
0.0964911029511677 0.7592968111356905 0.1262647449648141 0.017947340948327728
0.08732178649683475 0.14067007125966569 0.03365107879361229 0.7383570634498873
0.32741523717271137 0.5610284259456855 0.07543343891771737 0.03612289796388579
0.08693429874597536 5.649905089455398e-05 0.8705399835858774 0.042469218617252724
0.5626209000589425 0.14013653301831108 0.1843670020628061 0.11287556485994032
0.022474812312774484 0.6973421458626686 0.15213369922671893 0.12804934259783796
0.00845634746158852 0.6924742563059921 0.23150252903904622 0.06756686719337313
0.4171451916965909 0.3104887066018237 0.15847368622756097 0.1138924154740244
0.5843441448635517 0.11865619728537424 0.27372335964400263 0.023276298207071444
0.28422771590868046 0.285814195536905 0.07284365528774972 0.3571144332666648
0.10537658137496164 0.3531448298261969 0.26624433522785196 0.2752342535709895
0.6012556914250283 0.11954715578385855 0.25045705460389744 0.02874009818721568
0.3539488993824472 0.23508257168819835 0.30761546935442385 0.10335305957493057
0.4757993015674631 0.08347432892087492 0.06608934152653367 0.3746370279851283
0.17717261402813378 0.015436086618309197 0.10512859267911334 0.7022627066744437
0.4146412273938428 0.3624450601731417 0.1762786479658497 0.04663506446716581
0.36436539525023526 0.05455594581000234 0.05474821729304191 0.5263304416467205
0.03557702973846755 0.13477717812128576 0.8099592629834853 0.01968652915676139
0.09094439513535846 0.32796332625778435 0.016938454363246924 0.5641538242436103
