66 30 4 66.74028819474252 133.48057638948507
2.3885882031814822 2.2032960463005935 4.264169195591988 7.111979879010684 2.750050516004809 3.260893451382942 7.825747523820459 6.018567306061175 5.633226261049025 5.2101987608899005 1.7845840324806235 8.46185898049971 3.687765031108315 1.2821130048833398 7.102051809697108 9.131401296713845 5.630060664856522 5.851949268871605 6.978947647068161 6.706510797407241 4.180775213281022 1.2397826155754652 2.4876085559262378 8.913870922465408 1.6103841026873997 4.321772217140455 2.0395052774742632 1.8666472841539812 1.753927279455826 1.7823432444454297
0.47771764063629646 0.4406592092601187 0.8528338391183976 1.4223959758021367 0.5500101032009618 0.6521786902765884 1.5651495047640918 1.2037134612122349 1.126645252209805 1.04203975217798 0.35691680649612467 1.6923717960999418 0.7375530062216631 0.25642260097666797 1.4204103619394215 1.826280259342769 1.1260121329713044 1.1703898537743211 1.3957895294136322 1.3413021594814483 0.8361550426562043 0.24795652311509303 0.4975217111852476 1.7827741844930816 0.32207682053747994 0.864354443428091 0.40790105549485267 0.3733294568307962 0.3507854558911652 0.3564686488890859
0.022255845574823185 0.026956777670447796 0.892020440083728 0.05876693667100097
0.12615963249277695 0.17788490211960806 0.0572739302911075 0.6386815350965075
0.07794759840359955 0.8667235034153257 0.01236898897550387 0.04295990920557091
0.10054094111621781 0.4528337412946156 0.4013932185291108 0.045232099060055764
0.10672347806978832 0.5431313094915102 0.008922944664202626 0.3412222677744988
0.039375286048070945 0.5834208773075568 0.09406234727880214 0.28314148936557015
0.3213878305129738 0.1820180104377641 0.404574984141732 0.09201917490753009
0.41180580963613955 0.23528401581040448 0.17158635484542029 0.18132381970803568
0.06410831708174303 0.25277443071959926 0.4534918946277866 0.2296253575708711
0.08923164847502374 0.11372207382265198 0.556564984972092 0.24048129273023233
0.7885872638153553 0.026538266668198363 0.09482310320778187 0.0900513663086645
0.00051335293990451 0.39901921730101897 0.18659734477225054 0.413870084986826
0.21605432826126036 0.33795481969136987 0.09304377086843263 0.35294708117893714
0.7525435517779794 0.045415305157566865 0.07131358305190416 0.1307275600125496
0.24041373790070475 0.34217661901665064 0.2366509862253834 0.18075865685726122
0.27634670520559956 0.18877228496154808 0.19752110244464127 0.3373599073882111
0.20195307197780932 0.32527133159499166 0.0977429572296803 0.3750326391975187
0.033115383619756855 0.43828381448245324 0.40966037934149213 0.11894042255629778
0.29261831209869504 0.1515320069185041 0.5446878914426535 0.011161789540147349
0.038277043936998933 0.2255402380081094 0.5118561388635238 0.2243265791913679
0.05097153682420763 0.5735594829458306 0.24719952349623553 0.12826945673372625
0.8886146826288023 0.06390138361760389 0.04501730251007907 0.002466631243514761
0.56546105402937 0.06074251926756713 0.3302911085656288 0.04350531813743408
0.13837961103812302 0.542185327412852 0.2359737723093317 0.08346128923969331
0.3291848223138215 0.13141400959897176 0.20283992652838911 0.3365612415588176
0.02238126438691801 0.03828518110959234 0.4969228087061476 0.4424107457973421
0.2622859801525079 0.38447601457653213 0.2630624726814661 0.09017553258949385
0.33097600662221394 0.026929874407725873 0.07708067184090661 0.5650134471291536
0.32993864604237566 0.019243201012139166 0.1362707316816919 0.5145474212637933
0.4366493136611085 0.3129502822725514 0.032803391441678986 0.21759701262466113
0.21651230315051528 0.2487109371471099 0.3058194814845744 0.22895727821780043
0.03131863219180253 0.15694904197628246 0.22594915980546326 0.5857831660264518
0.03834351621127252 0.08797229577737964 0.039767198881253685 0.8339169891300942
0.2680612557804244 0.480631365728608 0.1590835564027684 0.09222382208819924
0.23054334798542442 0.13141321835231812 0.42445782253121145 0.21358561113104602
0.26612140445101895 0.3251407382146101 0.22304670550011996 0.185691151834251
0.2741526253190497 0.03691133029561422 0.20035232409692405 0.488583720288412
0.5527825650994779 0.1500918165630678 0.19547357964301004 0.10165203869444428
0.41800392581403834 0.2464638067537469 0.039269198240858394 0.29626306919135637
0.23351887329410048 0.23566326983039965 0.2269117080175349 0.30390614885796496
0.05823228051765861 0.3374514829828119 0.1706956978044275 0.433620538695102
0.54826064018781 0.01068052409667486 0.1399597570018587 0.3010990787136565
0.12561547886209345 0.17344125264376775 0.1699678054711129 0.5309754630230259
0.012914291089583307 0.3589356700512695 0.49558050811518817 0.13256953074395905
0.22049671055138453 0.27458104924706206 0.3283826683867973 0.1765395718147561
0.2684468021993125 0.06280280960177054 0.27133123264835823 0.39741915555055873
0.413996446813755 0.1818386850817062 0.3226672355895417 0.08149763251499709
0.2683631339199002 0.10069108073243949 0.16841841809378588 0.46252736725387444
0.05551293763748122 0.8626111856286486 0.05441353291365458 0.027462343820215618
0.3819277127669133 0.3613022920739227 0.0644740193939527 0.1922959757652113
0.061836126129322766 0.17853497635137294 0.1750316210868016 0.5845972764325027
0.06051055380448056 0.045767365742346744 0.001342036767714938 0.8923800436854578
0.2906694507042059 0.40429263560766304 0.20210955989269597 0.10292835379543508
0.014820880926713076 0.047515731863258526 0.5513787091028894 0.38628467810713896
0.029220974189063664 0.4459707564895091 0.25914537144217054 0.2656628978792567
0.12548368495337237 0.30394991284099815 0.27203228892328835 0.29853411328234114
0.5667483101149585 0.3361369070566449 0.004894845591306818 0.09221993723708977
0.2413520277165523 0.21610986144821265 0.4378169321140519 0.10472117872118314
0.2847331687906677 0.03656142506537252 0.531839466280921 0.14686593986303875
0.453512425595859 0.27460689124174387 0.15459288130515514 0.11728780185724197
