20 90 4 251.4513893356926 502.90277867138514
6.293177209695468 9.079423551184762 9.023776565272373 8.342537295769155 1.3230062705516796 7.225818235829955 4.408128478048673 5.666598509032726 6.9215631900293175 2.744651960946535 3.4508476185992554 7.4674534024104915 8.047032485131094 8.652948757974958 7.977204045949264 1.329978757789772 2.0502436161960564 7.7615262953893085 3.1529639457964853 3.293254125479321 8.718629780527863 9.548011235028724 6.055181722100421 2.609024678649789 7.932267398245602 5.431429356530946 6.6812775900719075 8.555481306223353 5.149354566631876 5.481460659765746 7.114700057979257 6.857073227109971 3.4191571486991865 1.6059220024511596 7.943006245227065 5.328857190696813 3.962857669602821 5.595769505576365 3.372659457940511 3.7946039504166764 6.64168093944715 6.017048295150542 3.8672160362182177 4.553588987725846 3.3217712727866666 6.24017010956694 2.454658393994086 6.383204377885178 8.432412195304092 2.4075254665985253 7.608704673853477 4.6777908887094 8.008191139269972 8.235735108499078 8.074642991741657 6.330583167902316 6.98040282543043 6.819105580980481 4.830728310676458 5.622115003819689 5.511320593444875 1.3337542982691928 7.3730448566336255 6.583875401953086 8.000276811555185 5.134685190830914 4.418249992322776 3.6270298319834904 6.015059762382929 1.7574724152777992 6.681535022296414 9.501134391283312 9.021137814457648 8.907243217870523 4.102764643062959 7.327904788377728 5.746038442613964 6.9338526002251255 3.4146157030759277 6.469903714764583 1.4334163301315797 7.259505754818944 3.6934468988622466 2.4907199941568 3.9902674611095867 2.4889397095479735 9.231741829020871 3.5562250532818767 1.9684653835661385 2.0530159320943095
1.2586354419390937 1.8158847102369524 1.8047553130544745 1.668507459153831 0.2646012541103359 1.445163647165991 0.8816256956097346 1.133319701806545 1.3843126380058635 0.548930392189307 0.6901695237198511 1.4934906804820982 1.6094064970262187 1.7305897515949915 1.5954408091898529 0.2659957515579544 0.41004872323921127 1.5523052590778617 0.6305927891592971 0.6586508250958641 1.7437259561055725 1.9096022470057448 1.2110363444200842 0.5218049357299578 1.5864534796491205 1.0862858713061891 1.3362555180143816 1.7110962612446705 1.0298709133263753 1.0962921319531493 1.4229400115958515 1.3714146454219942 0.6838314297398373 0.3211844004902319 1.5886012490454129 1.0657714381393626 0.7925715339205641 1.1191539011152731 0.6745318915881022 0.7589207900833352 1.32833618788943 1.2034096590301084 0.7734432072436436 0.9107177975451692 0.6643542545573333 1.248034021913388 0.4909316787988172 1.2766408755770358 1.6864824390608184 0.48150509331970504 1.5217409347706954 0.93555817774188 1.6016382278539942 1.6471470216998156 1.6149285983483312 1.2661166335804632 1.396080565086086 1.3638211161960963 0.9661456621352915 1.124423000763938 1.102264118688975 0.26675085965383855 1.4746089713267252 1.316775080390617 1.600055362311037 1.0269370381661829 0.8836499984645553 0.7254059663966981 1.2030119524765859 0.35149448305555986 1.3363070044592829 1.9002268782566625 1.8042275628915294 1.7814486435741046 0.8205529286125918 1.4655809576755456 1.1492076885227926 1.386770520045025 0.6829231406151856 1.2939807429529167 0.28668326602631594 1.451901150963789 0.7386893797724493 0.49814399883135996 0.7980534922219173 0.4977879419095947 1.8463483658041742 0.7112450106563754 0.39369307671322773 0.4106031864188619
0.035537026671508265 0.7199865721242388 0.13548445626790595 0.10899194493634701
0.773256387306404 0.05220836395772155 0.09895426036453558 0.07558098837133886
0.3543459622518986 0.019477846911066243 0.021241372390922386 0.6049348184461127
0.4159429580075482 0.2468618848262678 0.0596738082786209 0.2775213488875631
0.08463830480062273 0.7221583925670986 0.15587744115674018 0.03732586147553851
0.23757338754052892 0.5276854503877516 0.23134201662512732 0.0033991454465921445
0.44437532809698 0.2496160433120984 0.22195562662718338 0.08405300196373822
0.25781466546308895 0.47691809200502333 0.21066315397580193 0.054604088556085784
0.07703627432303728 0.7139287379103657 0.05417551111584107 0.15485947665075595
0.10550224951235221 0.3696540937426206 0.39123350249535005 0.13361015424967715
0.3817833671806402 0.10420976517787583 0.250477898336108 0.26352896930537595
0.12840324209091825 0.2812658619623778 0.2716936147680683 0.31863728117863566
0.6180660262503396 0.03065445591367788 0.01878190874289054 0.332497609093092
0.3111033204530341 0.5532659268381294 0.09301129488788018 0.04261945782095633
0.417425527140704 0.02542906055768901 0.2466727733041969 0.31047263899741007
0.20352206348122004 0.26431714795926486 0.06495207367918399 0.4672087148803311
0.15460408804807246 0.5059819555605092 0.24610324723485544 0.09331070915656292
0.04094531689192238 0.3540244143061001 0.4430019182180095 0.16202835058396803
0.397447321290347 0.08260446325105641 0.15032041535991747 0.3696278000986791
0.01764816102195388 0.09932528001129348 0.18926439618334168 0.693762162783411
0.05648415778874394 0.49706735266904034 0.27111776137866883 0.1753307281635469
0.4636752334600328 0.3112978140509449 0.17680851611077886 0.04821843637824341
0.0666108795857503 0.866167558758034 0.02542406754467985 0.04179749411153588
0.36087083955327903 0.49837596456599653 0.04815284173576151 0.09260035414496293
0.25295970733706297 0.21360166199175712 0.5319057748822154 0.00153285578896456
0.11294580848818636 0.325564860977163 0.05486801641850092 0.5066213141161497
0.0549631327982778 0.3437838894655362 0.538206153217733 0.063046824518453
0.014856534491363371 0.6065132137892971 0.33758452110905945 0.04104573061028005
0.17932344965903535 0.6281087044135089 0.1440097573722725 0.04855808855518329
0.4199958200906918 0.3110384936600403 0.21558234152985134 0.053383344719416526
0.3803763791439956 0.10342060701081668 0.16906758065724758 0.34713543318794016
0.2068853199357672 0.5323459602720353 0.06754087805391784 0.19322784173827967
0.19231991095160006 0.1084310873212121 0.19536515377283492 0.5038838479543529
0.04171737215813076 0.605148674189702 0.16782784095455616 0.1853061126976111
0.3198365000196619 0.37749742937906694 0.2866998873667842 0.015966183234486953
0.23810884918604158 0.5147987691961983 0.07215407271325502 0.17493830890450512
0.7667016111647047 0.13821678021581485 0.0755905996330436 0.019491008986436853
0.043288047570647525 0.16366152201324358 0.7526955292893932 0.04035490112671569
0.03213032387438486 0.05209190893301341 0.5002932068837671 0.4154845603088346
0.7014355925879312 0.09439695009282778 0.13395352042669073 0.07021393689255029
0.25714537167900353 0.21922802512296458 0.3225842168121883 0.2010423863858436
0.12303384607450973 0.09943006378386532 0.041279259559800496 0.7362568305818245
0.31573320726875687 0.29686567805853814 0.22060010807693142 0.16680100659577357
0.048288595436065784 0.5865347596381161 0.23416009330665577 0.13101655161916237
0.08741036849087525 0.6243867306533776 0.16524186917486217 0.12296103168088501
0.12580123586291758 0.027069063391968573 0.7561834741119369 0.09094622663317697
0.13688597977343797 0.6916572276002094 0.1021906088870389 0.0692661837393137
0.14523325689969835 0.3832437223594233 0.4124580358219643 0.0590649849189141
0.3729720747187639 0.2958128252880964 0.008581762011119376 0.3226333379820203
0.3449323356546634 0.35903167178013606 0.2954517024130502 0.0005842901521503352
0.007021878276327054 0.2058750201505548 0.17045097806036724 0.6166521235127509
0.19746859312109843 0.012990989176590806 0.4189809894614692 0.37055942824084154
0.5338024540805097 0.006838660069865998 0.2610948855616496 0.19826400028797464
0.03791954730806324 0.3315639114433332 0.39647604940187475 0.23404049184672882
0.6169286506213781 0.10917898062416365 0.13387492288025138 0.14001744587420684
0.337049307688993 0.2835197549109739 0.0386430565489303 0.3407878808511028
0.40510205409366706 0.1074567355600905 0.33902464091911855 0.1484165694271239
0.7257776337037308 0.14124201524966995 0.11540987467888064 0.01757047636771858
0.0165369682389106 0.024568311886191463 0.23454880050703197 0.724345919367866
0.2259487381150631 0.1295248840290918 0.1955885415964329 0.4489378362594122
0.38083905754504643 0.23173888739522674 0.2517959799218533 0.1356260751378735
0.09920000045026034 0.3036879799417398 0.4668036564410183 0.13030836316698158
0.17941774046338543 0.30989330317138564 0.15094674195997082 0.3597422144052581
0.2961254268705795 0.3984394129969131 0.2272017757292264 0.07823338440328098
0.1315987064580495 0.2178025434846309 0.348674363489219 0.3019243865681006
0.21895560621679344 0.0612662860710399 0.0033857722322876427 0.716392335479879
0.0282324154134741 0.2724451647116367 0.3263336511122761 0.3729887687626131
0.1235036720252175 0.43609238393582994 0.3634352479565375 0.07696869608241508
0.020216337831875486 0.07578824252906491 0.5349614467508642 0.3690339728881954
0.10452866891391299 0.6139224720769667 0.006732982744933946 0.27481587626418635
0.1732943119263276 0.10635089547370635 0.14992557172040688 0.5704292208795592
0.26453338638100987 0.37136021587243284 0.22814038158286254 0.13596601616369475
0.47905868094683357 0.16949407156985175 0.29441836256732246 0.05702888491599223
0.09943746219849836 0.6313148748161831 0.05054480735334066 0.2187028556319779
0.11896968493526017 0.023311506555176553 0.04589630569636094 0.8118225028132023
0.005374435791204446 0.6732781258516495 0.22456476665345304 0.09678267170369304
0.014024291589284643 0.765523389660128 0.036396370180990956 0.1840559485695964
0.2875074430414444 0.1938461283394407 0.3778727000075719 0.14077372861154303
0.3366786107501448 0.2066862463973178 0.04595917727776466 0.4106759655747727
0.038098625711667444 0.19168008231954592 0.7395915607817835 0.030629731187003184
0.06857423567649412 0.6015082811107428 0.2126555924129565 0.11726189079980653
0.37719418562428975 0.5013288461586319 0.09424392744151722 0.0272330407755611
0.13976552656434849 0.3663612440286561 0.02682491152336186 0.46704831788363355
0.14255886781306137 0.020225838520339323 0.6134359473468448 0.2237793463197545
0.37504153294272624 0.03370301623906036 0.310619536913609 0.2806359139046044
0.023346890812082632 0.11182511061071121 0.4340321534056891 0.43079584517151703
0.14807558973196444 0.5498422851280332 0.24170601918222356 0.06037610595777876
0.20753898599090592 0.5684708335916325 0.05312546704647758 0.17086471337098397
0.2957600578162707 0.06616654928607024 0.4339045134741736 0.2041688794234855
0.11611693453830962 0.025707922005994144 0.588227330513921 0.2699478129417753
0.12144376980074678 0.3936484644419703 0.32380222395314284 0.16110554180414005
0.38540456172748716 0.03727233261746854 0.1585657353655524 0.4187573702894919
0.37158097618591446 0.056497546271891075 0.41655119168968013 0.15537028585251433
0.18977592561632284 0.0638850472859478 0.17088350346095216 0.5754555236367772
0.13266124581933758 0.22233420457315634 0.3761733253163261 0.26883122429118
0.009592770783399152 0.45233201092994624 0.5105785326075307 0.02749668567912389
0.441075940143165 0.14637084090652408 0.13919419265990174 0.2733590262904092
0.3842205296299164 0.25226641234976854 0.15718232283034927 0.2063307351899658
0.007775148666466225 0.7291122316377079 0.25253775867536 0.010574861020465898
0.2307541223479932 0.512181147074944 0.016717564892476333 0.24034716568458647
0.27593379095952353 0.400267607553336 0.29440329668559195 0.029395304801548505
0.25559737579752306 0.23485462307257798 0.013378933000556925 0.49616906812934203
0.5758533559110415 0.31916109267534587 0.06606231714137323 0.038923234272239426
0.2719138604328001 0.24452881957774475 0.26628609664367064 0.21727122334578453
0.6388630690353211 0.12962342585983533 0.18282799522391036 0.04868550988093323
0.3135613791412937 0.38936784136294655 0.28241839802067836 0.01465238147508141
0.7309993864763508 0.0054292905452953955 0.056887636629492366 0.20668368634886147
0.5419266925445466 0.2524154165575967 0.12781361972743532 0.07784427117042136
0.5035396797949104 0.2063790830513953 0.2625651556743882 0.027516081479306065
0.06360523439451415 0.5496885466107162 0.21759142141643772 0.16911479757833192
0.7871430982780617 0.032069468779178045 0.07112240923352542 0.10966502370923481
0.22111916087186334 0.19404460324013917 0.2662332580560002 0.3186029778319973
0.6336035390500487 0.2239621641279429 0.013842742997396629 0.12859155382461174
0.5070493821470391 0.1324151184860397 0.3573385566441867 0.0031969427227345193
0.21777692277328897 0.07864648574352184 0.5802405410541286 0.1233360504290606
0.21574383918081574 0.17075967133975423 0.5385315494810198 0.07496493999841025
0.21151983351021797 0.028767536878199995 0.067668727211456 0.692043902400126
0.1519708928486615 0.2091083469817725 0.06501661845588758 0.5739041417136784
0.03715947899189653 0.4414233450755283 0.15435114880043976 0.36706602713213543
0.4587460974594796 0.38046638490285223 0.050966457775904805 0.10982105986176338
0.16933922089386577 0.23312623177335545 0.5439962837489125 0.053538263583866263
0.37259936741561617 0.007606726390430363 0.1103737421237807 0.5094201640701728
0.18425801925975938 0.40790926709775066 0.324484679491172 0.08334803415131797
0.1304642656478725 0.08236577976772297 0.13677906130974082 0.6503908932746637
0.263249962803876 0.37320999266789656 0.3214467800823072 0.04209326444592021
0.22024129559959682 0.09046081666201022 0.6515424350804772 0.0377554526579158
0.004398189215633064 0.009294545865013326 0.6251278259923747 0.3611794389269789
0.00486930569801336 0.32459928262306514 0.57941341564783 0.0911179960310915
0.1763476899015104 0.579720324539608 0.05543720403967878 0.18849478151920285
0.2601414911562818 0.2694381758451164 0.16103209643680028 0.3093882365618015
0.05072108117190677 0.2711448567523761 0.39700002326591877 0.28113403880979837
0.20797632319561832 0.18589085449318254 0.26801455517135564 0.3381182671398435
0.3206982284220442 0.0961607625617319 0.18946080809516985 0.39368020092105405
0.36752740054916344 0.08657826198321561 0.43054005951634533 0.11535427795127562
0.12965913941648 0.02644059601245674 0.8005989395916868 0.04330132497937644
0.05423199167106263 0.32156355054398056 0.4990878062361126 0.12511665154884422
0.4073282801964492 0.25366554481225034 0.21673599825733647 0.12227017673396401
0.019246544021982337 0.14883219442384665 0.1480768558092187 0.6838444057449523
0.10935661268059915 0.025666292545646563 0.10660073462139819 0.7583763601523561
0.0451340539216849 0.5831444454482715 0.01424874225729944 0.35747275837274417
0.04415653409758047 0.7032231271571713 0.15203104870992912 0.10058929003531913
0.09114249642484162 0.4758689574908549 0.42602376501411476 0.006964781070188719
0.6657553109703053 0.19155920891122813 0.09454486643590099 0.048140613682565614
0.2694605764854807 0.3082365074876946 0.10388607312438991 0.31841684290243477
0.027936645991958664 0.19579352449055332 0.09662121352217601 0.679648615995312
0.00939940999583111 0.6429393160151539 0.14870431027297426 0.19895696371604077
0.7970490299718341 0.04715732860979105 0.026796213988326878 0.12899742743004794
0.36217383089607125 0.2674057719951757 0.3512787559369095 0.019141641171843582
0.3474254074204325 0.5332212912027803 0.11902177711922712 0.00033152425756011183
0.0700580766932265 0.011163965715454083 0.19826099044778867 0.7205169671435308
0.0685246539615928 0.5361792714351987 0.35302195828068683 0.04227411632252165
0.5328940618730453 0.27756835939831215 0.1545783697530999 0.03495920897554261
0.3070832226656307 0.4268890189470328 0.0711375561973644 0.1948902021899721
0.27111007933034714 0.02707536002007993 0.2287797005411334 0.47303486010843954
0.010799849962161767 0.6331724181134059 0.05261482961060493 0.30341290231382745
0.02604901133219306 0.09313995592133706 0.4678532740370206 0.4129577587094493
0.03106159492290217 0.3263620589263656 0.2572057424111953 0.3853706037395369
0.4075589632131106 0.4386452499229919 0.13458048327003225 0.01921530359386525
0.09234095987384006 0.4999781827434123 0.1709003003982431 0.2367805569845045
0.26834106911228406 0.28157581015142263 0.19129103864824704 0.25879208208804627
0.05915603197535191 0.13750566854272261 0.15963113112270277 0.6437071683592227
0.014636238972563387 0.29286787106062184 0.18771974415618964 0.5047761458106251
0.48747788978480655 0.1367552773538313 0.3752985001575526 0.0004683327038095264
0.07748073726724225 0.3938873574906617 0.09459071004804631 0.4340411951940497
0.17215950718812179 0.22479786422101344 0.3762316536991982 0.22681097489166657
0.45681167780741305 0.22128225357649922 0.23126710563930486 0.09063896297678287
0.5343572545624301 0.12079753689899675 0.17227784704243732 0.17256736149613583
0.16755205562244913 0.09513919668973769 0.6739920258011185 0.06331672188669468
0.2529791680536154 0.061002482770197264 0.3413309404345891 0.3446874087415982
0.06516890382532825 0.19562567218336102 0.4954766870563492 0.24372873693496155
0.18345390916815396 0.15446706386042142 0.09124895977788039 0.5708300671935442
0.18817343653895813 0.3369576176498532 0.14455798896679117 0.3303109568443975
0.05165375102044756 0.19514923154963004 0.6583970500460248 0.09479996738389762
0.35042481008003834 0.37645900831762147 0.24047968288746713 0.03263649871487306
0.009093011822531971 0.28287349082487323 0.6075400836201276 0.10049341373246723
0.3064003443237231 0.4650929115484196 0.22783906280457944 0.00066768132327788
0.14075152197887153 0.3480502132732767 0.13725091354951358 0.3739473511983382
0.28131065857389825 0.2713800814521834 0.33900283710740275 0.1083064228665156
0.1067143333264714 0.16904905344674304 0.6603673902083924 0.06386922301839315
0.0684295791331675 0.4413284390496983 0.30687491571978953 0.18336706609734466
