14 60 4 161.67201340799755 323.3440268159951
5.6254900939542125 7.958485468713671 8.833849171523314 1.0724225367683613 3.787623329546837 9.618433654293018 5.6180504104109845 3.8645598238488876 5.852799436830833 2.991294481849839 8.25833222131843 4.080291630532159 5.849999641604302 1.0528640699595249 7.058372303624728 2.8902183596086433 9.393018335908407 4.368202745333429 7.771770298773518 7.8682510166096975 8.83449509744575 1.991000604309415 3.7008278235440546 5.274151893554217 7.056430472499272 3.3183318962855597 7.310361877520387 6.913000534368361 2.638069819407048 3.898566935461907 8.987837112287455 1.7501424494478108 7.7190770812636735 1.5611504408512875 7.5833301391545564 7.682602194941895 4.671242321064952 9.92244699008633 5.069235688825526 2.7089068881512937 4.164638248894443 7.433304997827339 4.216918269265891 1.4645669859556838 3.843271039167692 9.989241504084829 3.591143709555827 5.156162842742253 7.61741299885576 9.493110556708237 2.578623783989894 2.911792383127601 2.1922985165550553 2.8781307302273165 9.961191500891765 3.2198124872558145 1.9904784274979455 5.520882144385049 5.105096337010265 7.610412060512936
1.1250980187908426 1.5916970937427342 1.7667698343046627 0.21448450735367225 0.7575246659093674 1.9236867308586034 1.1236100820821968 0.7729119647697775 1.1705598873661667 0.5982588963699678 1.651666444263686 0.8160583261064318 1.1699999283208604 0.21057281399190497 1.4116744607249456 0.5780436719217287 1.8786036671816813 0.8736405490666858 1.5543540597547036 1.5736502033219395 1.7668990194891498 0.398200120861883 0.7401655647088109 1.0548303787108435 1.4112860944998544 0.6636663792571119 1.4620723755040774 1.3826001068736722 0.5276139638814097 0.7797133870923814 1.797567422457491 0.35002848988956214 1.5438154162527347 0.3122300881702575 1.5166660278309112 1.5365204389883789 0.9342484642129903 1.984489398017266 1.0138471377651053 0.5417813776302587 0.8329276497788886 1.4866609995654678 0.8433836538531783 0.29291339719113674 0.7686542078335383 1.9978483008169658 0.7182287419111655 1.0312325685484507 1.5234825997711519 1.8986221113416473 0.5157247567979788 0.5823584766255202 0.43845970331101103 0.5756261460454632 1.992238300178353 0.6439624974511629 0.39809568549958907 1.1041764288770097 1.0210192674020528 1.5220824121025873
0.12034724351170079 0.02982539068433232 0.47077090712626635 0.37905645867770055
0.27878582976294164 0.17139272705108377 0.28348352402420907 0.2663379191617655
0.4175776484229303 0.0905104900376581 0.13051978976690748 0.3613920717725041
0.0830692156172197 0.14544834704754916 0.7360117155552383 0.035470721779992886
0.09261083478602605 0.3416071266934574 0.2962622793739753 0.26951975914654125
0.43915701403233653 0.22316105974825984 0.2726888945202436 0.06499303169916004
0.23695196706301513 0.3917386517390886 0.02289544127067844 0.3484139399272178
0.0826652146717024 0.0804698356294401 0.12636125349073246 0.710503696208125
0.007062522868663268 0.29508238893951566 0.551669982197518 0.14618510599430312
0.26761772236847525 0.4726977455011854 0.16492541112398562 0.09475912100635375
0.07624613540160274 0.12826486307717555 0.6838073871028402 0.11168161441838154
0.13308405138174717 0.24672412477532324 0.03239074560405908 0.5878010782388705
0.1301536970709083 0.02227292023846017 0.7934113544293705 0.05416202826126104
0.19569040002525562 0.2328784244699107 0.19210038070402569 0.379330794800808
0.4015942087704071 0.09355369905687316 0.10894158767729345 0.3959105044954263
0.21708887349205896 0.5187165636343821 0.24624492043166712 0.01794964244189179
0.44090703676897136 0.2200571352661751 0.29772079720863664 0.0413150307562169
0.4939436141326402 0.11355054407973575 0.1970428168962276 0.19546302489139644
0.5205341493580471 0.050939304153199694 0.20116791562168246 0.22735863086707075
0.2655824352378039 0.177488692720692 0.19620400959251494 0.36072486244898916
0.474086027042263 0.09323235279214848 0.38608354551670077 0.046598074648887766
0.2253937767754437 0.20880388405168848 0.13733852043720884 0.428463818735659
0.1468667460901354 0.2490492495979436 0.016060445638375498 0.5880235586735455
0.037295544350340215 0.1849846909080266 0.5777534037529094 0.19996636098872378
0.014509495003620976 0.6682058081080299 0.011678797494267257 0.3056058993940819
0.5643102418817786 0.23875543689469148 0.07678267933731753 0.12015164188621241
0.09570661511230627 0.23033488968641058 0.49171511838283855 0.1822433768184446
0.29347698871899086 0.10419719793887994 0.5408110759829381 0.06151473735919111
0.4693858929887079 0.3072483945799719 0.05319519714558596 0.17017051528573424
0.23427277168929428 0.3978137724379964 0.33996252283364925 0.027950933039060044
0.025156964345572574 0.41925300983363833 0.06567516474982316 0.48991486107096593
0.2465362703154238 0.18276589588823366 0.2611044836342211 0.3095933501621214
0.6502391544119632 0.02014835024130912 0.17023779981957177 0.15937469552715589
0.49502464845912997 0.17433980770190005 0.2898286291135542 0.040806914725415755
0.2554829000386051 0.2374595795271417 0.45170590884273487 0.05535161159151836
0.3349864394754333 0.012452989847797191 0.15318927298317508 0.49937129769359445
0.27401452663807724 0.09389028252505804 0.16254167942434972 0.469553511412515
0.14307068305012494 0.330127657965923 0.5011746188367436 0.025627040147208402
0.332462540281946 0.6300930132262312 0.03021209175394246 0.007232354737880309
0.07517959917340289 0.1089640701660588 0.13308229391432524 0.6827740367462131
0.18007857725718557 0.15361259612124412 0.24079757622522835 0.42551125039634197
0.4496062840963363 0.34261506501270067 0.09150881083833318 0.11626984005262986
0.09606291291699409 0.09087777929573448 0.5837604992380854 0.22929880854918605
0.7746699927274632 0.20947037372252553 0.012976127036019358 0.0028835065139919402
0.36766381348140087 0.18794539566110235 0.4105298700064631 0.03386092085103365
0.2493584118221659 0.22606320020420856 0.518633832620559 0.005944555353066594
0.3530543021975223 0.5572813597438688 0.07323960491287729 0.016424733145731563
0.07923975259429128 0.14087379429875357 0.03387869003676469 0.7460077630701905
0.2883364314842686 0.20369968940725092 0.24983357173320264 0.25813030737527787
0.564960484800747 0.07664672162361996 0.022525398462958757 0.33586739511267427
0.07298522213407133 0.4285246670633931 0.044792779714930564 0.453697331087605
0.3945620577333515 0.026351766112676533 0.5245706692811104 0.05451550687286155
0.2875581199714565 0.3335940042012203 0.3636314619893454 0.015216413837977782
0.1762517070510703 0.29226306243795586 0.24359281851540204 0.2878924119955718
0.4346551085684084 0.28800197689575724 0.17522987592161166 0.10211303861422272
0.211281095529103 0.23010179386429652 0.016342720297210844 0.5422743903093896
0.10885949278977536 0.7025292353915821 0.17705062012027084 0.011560651698371727
0.22346455664756293 0.23656230740134865 0.1993133808688048 0.34065975508228363
0.19681775977617655 0.2823620475809743 0.5171434830658761 0.0036767095769730807
0.057221709874766824 0.22379083151340595 0.19804021019149132 0.5209472484203359
0.1530255220213963 0.3852490239636176 0.08279568070379995 0.37892977331118616
0.07357155006150706 0.09172222451949974 0.26377857262570203 0.5709276527932912
0.21402570433952184 0.25278847625977696 0.11243697198221547 0.4207488474184857
0.03572971978146555 0.03893022677631586 0.49561296149346246 0.42972709194875613
0.5026299236106216 0.021319430748717005 0.024067052345128626 0.4519835932955327
0.35413027207608405 0.4213856044565476 0.2195344264243032 0.004949697043065138
0.09799092114564267 0.2947328258744738 0.5758922613312363 0.03138399164864725
0.16399808241071 0.11396561036044406 0.5455871076893296 0.17644919953951632
0.4741303614194492 0.27462523623758406 0.1769468347896367 0.07429756755333006
0.389271280785603 0.2613659419966875 0.08020494386014043 0.26915783335756904
0.20627827017716915 0.14065309719474028 0.06577372757329425 0.5872949050547963
0.4768780040083739 0.2784065042198691 0.09953661058841279 0.1451788811833442
0.27219737646072817 0.20215815022118377 0.07779150849131533 0.4478529648267727
0.516589293988249 0.33243729609980377 0.10906036145145859 0.0419130484604886
0.0796724169393287 0.1991439576462557 0.19525561092300914 0.5259280144914065
0.2055806154418085 0.08787568758161224 0.1594673975052333 0.547076299471346
0.40996198940723616 0.4861445703185975 0.037874778627922434 0.06601866164624393
0.06326907301116036 0.1921259394039183 0.2190802900885691 0.5255246974963522
0.09147924548450193 0.4336327826709109 0.07254037833061477 0.4023475935139724
0.3109784917360907 0.06586835394578683 0.16352004640847295 0.4596331079096495
0.41287517029972487 0.18380384529464322 0.39882052293472325 0.0045004614709086566
0.4543218475802414 0.2337343341133704 0.07250143154719046 0.2394423867591977
0.0684440013800035 0.1489790267098705 0.03728184674807822 0.7452951251620478
0.0687282530801484 0.13056602786532612 0.0653616705905985 0.735344048463927
0.09187012885513157 0.0064791544385019995 0.2868942326742612 0.6147564840321053
0.33656331975055165 0.08515465565762192 0.026317954948401723 0.5519640696434247
0.10044930100646587 0.014491943485321124 0.5820702498354707 0.30298850567274227
0.09860670523694193 0.0315777351395764 0.437874468513602 0.43194109110987966
0.39732124641348965 0.03111267188107858 0.023981265579836153 0.5475848161255956
0.08651005505353382 0.05603445448722211 0.17630616733996585 0.6811493231192782
0.19264542635407067 0.3196159780655615 0.15955077315285104 0.32818782242751676
0.6527038227583593 0.2963433607018401 0.01694122442069823 0.03401159211910243
0.18293421078774463 0.2817091145123084 0.34805402444836986 0.1873026502515771
0.46036160469005283 0.4607478871059134 0.06654538767130747 0.012345120532726295
0.47975433244342136 0.13504653527270094 0.3451428416595925 0.040056290624285174
0.07031813354991545 0.21565966140134363 0.1740943732718705 0.5399278317768704
0.20920896966062041 0.6226299064644991 0.09302840204746765 0.07513272182741282
0.3778691841600531 0.0444574486819006 0.13745228624536332 0.44022108091268297
0.06125709448844452 0.671421097241923 0.09771099691328755 0.16961081135634493
0.1118693145882581 0.4154123211077685 0.08971329414218643 0.383005070161787
0.8371521111766238 0.07017534485034693 0.05988384365129917 0.03278870032173009
0.4005801562854373 0.004202226512610818 0.005247305929569235 0.5899703112723826
0.14365736167306975 0.3392183470530771 0.20666653624773623 0.31045775502611694
0.16232500380379788 0.2852433049795928 0.20033063075765245 0.35210106045895684
0.29762472582356725 0.1379425385997246 0.41397130666939186 0.15046142890731629
0.5028103588292622 0.02646895473480726 0.13673282381221086 0.3339878626237197
0.3604854666489441 0.1881070753402101 0.28371551392006955 0.16769194409077626
0.17662198743169488 0.7390221546481 0.049080608802830716 0.03527524911737445
0.4123862235785758 0.07432099344671061 0.47317147098096324 0.04012131199375035
0.05867099546165999 0.8944762338604735 0.04026196230924506 0.00659080836862147
0.4932757632110255 0.1662108365705075 0.049033440006920004 0.291479960211547
0.6625763455465022 0.062076561544130104 0.01866780669950474 0.2566792862098629
0.5271974275287725 0.04786960408163021 0.07398213921911245 0.3509508291704848
0.1301340593724516 0.7477718144182198 0.12105253642984293 0.0010415897794856521
0.7066683112008593 0.08092625454792035 0.01737451689777314 0.19503091735344724
0.12528032890315 0.36878567154476827 0.4823543040232975 0.02357969552878425
0.06442476707661193 0.3132112649439276 0.43538170900231066 0.18698225897714982
0.2162619666534542 0.6708084284566428 0.021139491459776116 0.09179011343012689
0.22963567058645762 0.1454862787544281 0.12893314982642357 0.4959449008326907
0.1491110561304423 0.6589154899521215 0.16791921139302202 0.024054242524414238
