34 30 4 77.84152881080487 155.68305762160975
1.3470551279326868 8.020904144722074 1.8343337980071999 6.6960341783602955 1.1250176348819683 9.42542682476431 4.839169435619801 3.2777780568231716 2.7096877566430293 4.733421696430943 1.1207854876546226 6.836255063408714 8.824318713541308 6.481321331029479 8.271935369934809 8.438601973773997 3.445150003644713 8.528287968049987 3.542872239359573 2.244777423669865 7.43248246508607 5.252829467901756 6.009296327851245 4.470180159336774 9.470319940511006 1.7307160793451661 9.255407358214166 2.4124098278633563 4.997327379010177 2.9089543882374733
0.26941102558653734 1.6041808289444148 0.36686675960144 1.339206835672059 0.22500352697639364 1.885085364952862 0.9678338871239601 0.6555556113646344 0.5419375513286059 0.9466843392861886 0.22415709753092453 1.3672510126817428 1.7648637427082616 1.2962642662058959 1.6543870739869617 1.6877203947547994 0.6890300007289426 1.7056575936099976 0.7085744478719146 0.448955484733973 1.486496493017214 1.0505658935803512 1.201859265570249 0.8940360318673548 1.8940639881022012 0.34614321586903324 1.8510814716428332 0.48248196557267126 0.9994654758020355 0.5817908776474947
0.17469315871871116 0.6612853935545209 0.05691898575527721 0.10710246197149076
0.35268980571916386 0.4421220679851011 0.026152036695291314 0.1790360896004437
0.27841212944220306 0.3692906085489458 0.3370737950070911 0.015223467001760027
0.0786623787682128 0.48748892841373126 0.23569722821230177 0.19815146460575417
0.1997537928422881 0.04147922838281104 0.414691414840498 0.34407556393440286
0.07544648805103904 0.4002486633477079 0.3551480408550812 0.1691568077461718
0.8514034777641207 0.10156468724596368 0.008271917381113658 0.03875991760880193
0.04445667729385394 0.820927010785004 0.09792624766404567 0.03669006425709642
0.4707199976513726 0.1592069373221695 0.3128771066624192 0.05719595836403868
0.07873413308123811 0.5399478668649511 0.3527092576621995 0.028608742391611264
0.18760619679225643 0.31125700596534334 0.11217781957528028 0.38895897766711995
0.45998226003504916 0.15362042962022548 0.2078793377930852 0.17851797255164015
0.3947117479468081 0.10497209964526655 0.14087616572219241 0.35943998668573296
0.8067668149432964 0.07720732090309801 0.05174459353711092 0.06428127061649469
0.6522170219600668 0.018758950805242813 0.27887631835945104 0.05014770887523934
0.003800510587876671 0.02551102563909491 0.04159696381740707 0.9290914999556213
0.07443770111831871 0.03884027395945189 0.09270848076753113 0.7940135441546983
0.003203447693671424 0.17628609180906896 0.7376468515479185 0.08286360894934108
0.15897315924185362 0.06385876039750782 0.5475478269677332 0.22962025339290537
0.0322273737454305 0.7309847113143236 0.07097318378668394 0.16581473115356193
0.18184572958442757 0.6307227945315507 0.1580970112647222 0.02933446461929956
0.031824297775214005 0.5946066783893832 0.18053447973958114 0.19303454409582166
0.00617466870848371 0.14901430517991077 0.5043771919771938 0.34043383413441175
0.5121737836783461 0.05090284101725828 0.3999185862019754 0.03700478910242022
0.01808134963530883 0.5332401180451958 0.43622641459828515 0.012452117721210243
0.12402520880106827 0.3740117108510217 0.22486706813875434 0.2770960122091557
0.05447295242692596 0.3616859086850138 0.3359253124332018 0.24791582645485843
0.053906162491266896 0.07484150755609764 0.5739312324722707 0.2973210974803647
0.07852470636135489 0.6036995934719962 0.24748870874451456 0.07028699142213435
0.5241661179354696 0.2605996342082382 0.01221554054654106 0.20301870730975113
0.49965729277084825 0.015140758922426945 0.4088830156990997 0.07631893260762512
0.10859242544912784 0.3529926767341708 0.47280305840807424 0.06561183940862714
0.15105827254382265 0.07247827162740916 0.475593000276214 0.3008704555525542
0.03415976101733875 0.11551379888466529 0.36243875068175224 0.4878876894162437
0.03348572713329834 0.773566760622236 0.047375546579822236 0.14557196566464348
0.17402437102179036 0.1174971672472136 0.34451284831996287 0.3639656134110332
0.04109595142580447 0.04992737950163639 0.7483788354841091 0.16059783358845003
0.11211705206713274 0.6326649948698783 0.19101858948015782 0.06419936358283118
0.16382592154581188 0.16755810363967738 0.47074527245288356 0.19787070236162718
0.02332673110625494 0.8367841347529675 0.031976107394111386 0.10791302674666614
0.22386289974195162 0.5588774665344571 0.1886144927703406 0.02864514095325066
0.27743157409208985 0.3087330445327072 0.3432836442639631 0.07055173711123985
0.06943247738154967 0.6956523158079885 0.13799606874591874 0.09691913806454311
0.4137838223159829 0.06745388987921441 0.5142899614363877 0.004472326368414992
0.32911780849335426 0.11971298952610576 0.11822209765857228 0.4329471043219677
0.1689710923582608 0.1531672739338058 0.6359371832609837 0.0419244504469497
0.07479813294833837 0.1853632812849193 0.20918916684975042 0.5306494189169919
0.11784538948342194 0.015886228118891177 0.5984377753023357 0.2678306070953512
0.012567880001711607 0.0008306052791211549 0.036540270330769786 0.9500612443883975
0.4480010986065127 0.39798695549612295 0.12909140930421825 0.02492053659314608
0.2720576438280079 0.16186872498192995 0.561440696528445 0.004632934661617183
0.42576086440405525 0.052367475694082066 0.1854118314961004 0.3364598284057623
0.05842152550785085 0.19737918618680006 0.6619433933239847 0.08225589498136443
0.09137330240516361 0.09399472100846351 0.02121846543682293 0.7934135111495499
0.22144234012583974 0.1309624937350522 0.04006171230502953 0.6075334538340785
0.23721397409804568 0.07568652102897677 0.2770668825364234 0.41003262233655413
0.10555361703549826 0.35393975989782034 0.4070801843003955 0.1334264387662859
0.3679460226180754 0.436219876688291 0.017061347673277827 0.17877275302035578
0.45164500027014887 0.027293653738035606 0.2835230091181652 0.23753833687365034
0.3352793151808562 0.6139961378744553 0.015964501836194245 0.034760045108494286
