69 10 4 25.675143978399408 51.35028795679882
3.666242455051902 8.28160944105994 4.152272727010703 8.104683307878034 6.052140781935153 3.2823005879811986 1.9447937531659814 1.5261465627719175 7.059631426928598 7.280466913015391
0.7332484910103804 1.6563218882119881 0.8304545454021406 1.6209366615756067 1.2104281563870305 0.6564601175962397 0.3889587506331963 0.3052293125543835 1.4119262853857195 1.4560933826030782
0.07637632039359277 0.6564068855580611 0.0082400712319729 0.2589767228163732
0.3235044018091007 0.1466410831109436 0.059485030561708396 0.47036948451824734
0.233458700605652 0.04351644727452886 0.1553573496866455 0.5676675024331737
0.33544620663849345 0.3449899510017379 0.3072549567195054 0.012308885640263223
0.11655619545171181 0.21539634035019106 0.08166355875806652 0.5863839054400306
0.19091752157285335 0.0025916900169000723 0.26420748445863995 0.5422833039516066
0.03198771223661634 0.2251043061277631 0.6700974227239118 0.07281055891170873
0.3910502178883323 0.26052418225475105 0.31572163678294884 0.032703963073967834
0.1267851475022781 0.03613260717249811 0.28013366793621264 0.5569485773890112
0.7696255696817745 0.20854993432206037 0.004436864516999983 0.01738763147916511
0.3176805966199643 0.010813632555083719 0.4593798293226624 0.21212594150228958
0.1810857177346843 0.1119448309178005 0.16187560731450346 0.5450938440330118
0.38766628526578384 0.28958908446595366 0.0008977022432121728 0.3218469280250503
0.39113473324146986 0.12208739107087163 0.017692246971812597 0.4690856287158459
0.0937152433162668 0.36231778876058873 0.25119269429253444 0.29277427363061004
0.07588166476887537 0.38914682662177147 0.3407644173143354 0.1942070912950178
0.06937376769742032 0.08308178197667038 0.3941703704328211 0.4533740798930882
0.37876973050352947 0.4775086331145212 0.04103015884609196 0.10269147753585739
0.532802108369059 0.022356457344461123 0.3905766554149317 0.054264778871548236
0.28127815478903406 0.020167974922427945 0.01050389099436344 0.6880499792941746
