35 100 4 271.80154946445725 543.6030989289145
5.122494534016814 3.775146462684205 3.0833834053200606 3.4968209658051332 8.355113307124029 2.0021197248324833 6.637935060588272 3.4910909797286287 7.139572067696458 7.110737055196687 8.170456767289686 1.4122194627045976 9.213384469693317 2.9243438770336 3.732735711452646 9.901572611053048 2.6729335262901603 9.898523518700452 7.750758082347687 3.001474406029078 2.331135174967583 5.642112476003141 4.548324867161222 1.628921128349883 4.044031931745733 1.0993349916112696 7.907750722549165 8.872499174105425 5.802348886440136 1.7597147457572981 8.418980761506738 5.5412307550932045 8.934567642042978 2.5664165633139815 4.626620977106402 8.48913889677809 9.807962245927648 6.572482886843235 8.82928589793158 3.2398921007230563 6.787305629091486 3.704055930736315 3.208244974687438 5.914213150041529 2.0778475794987163 4.087870349633272 6.686082685673886 8.483967294011485 4.198491036001439 3.1187058845184246 8.218317997278486 6.4334157576927185 5.442671251234236 9.397460408925614 6.878005771185638 7.109644824677867 3.804929828528782 2.0812815452008286 2.394264101513942 7.8950077029452075 5.612526008758236 5.154435763224312 7.77396365091477 9.559956988042144 2.232466935367179 9.542670912666736 2.0393485090566257 9.91246983672776 4.9611866982566735 2.2793577563287344 7.0551159481428 3.3882688126074343 6.161310746428931 2.022507948348067 8.736498106518912 1.0277514882460674 5.810569096836534 5.100107873329965 5.121703053198078 7.338601537827165 1.365573705557095 2.993913755481174 4.1214945517996 9.62683467298047 5.258352697858277 6.586817114053628 4.383883992687685 4.31124942665133 5.94356720985164 5.744448283701505 8.70536308105769 7.683305224844965 6.135627826773311 6.838737321944547 1.1318866800316894 1.6531779059520415 6.216362656589088 9.072798817935471 3.937110374836119 3.5844234328779248
1.024498906803363 0.755029292536841 0.6166766810640121 0.6993641931610266 1.6710226614248058 0.4004239449664967 1.3275870121176543 0.6982181959457258 1.4279144135392916 1.4221474110393373 1.634091353457937 0.2824438925409195 1.8426768939386633 0.58486877540672 0.7465471422905292 1.9803145222106096 0.5345867052580321 1.9797047037400906 1.5501516164695375 0.6002948812058155 0.4662270349935166 1.128422495200628 0.9096649734322444 0.3257842256699766 0.8088063863491467 0.21986699832225393 1.581550144509833 1.774499834821085 1.1604697772880272 0.3519429491514596 1.6837961523013476 1.108246151018641 1.7869135284085957 0.5132833126627963 0.9253241954212804 1.697827779355618 1.9615924491855297 1.314496577368647 1.765857179586316 0.6479784201446113 1.3574611258182974 0.740811186147263 0.6416489949374876 1.1828426300083057 0.4155695158997433 0.8175740699266545 1.3372165371347773 1.696793458802297 0.8396982072002878 0.6237411769036849 1.6436635994556972 1.2866831515385437 1.0885342502468471 1.8794920817851228 1.3756011542371276 1.4219289649355733 0.7609859657057564 0.41625630904016575 0.47885282030278836 1.5790015405890414 1.1225052017516473 1.0308871526448624 1.554792730182954 1.9119913976084288 0.4464933870734358 1.9085341825333473 0.40786970181132515 1.9824939673455522 0.9922373396513346 0.45587155126574685 1.4110231896285599 0.6776537625214869 1.2322621492857864 0.40450158966961336 1.7472996213037824 0.20555029764921348 1.1621138193673068 1.020021574665993 1.0243406106396156 1.467720307565433 0.273114741111419 0.5987827510962348 0.82429891035992 1.925366934596094 1.0516705395716555 1.3173634228107256 0.876776798537537 0.862249885330266 1.188713441970328 1.148889656740301 1.7410726162115382 1.536661044968993 1.2271255653546622 1.3677474643889094 0.22637733600633786 0.3306355811904083 1.2432725313178177 1.8145597635870943 0.7874220749672238 0.7168846865755849
0.37054003744224584 0.011003063385720657 0.06939739632306297 0.5490595028489705
0.22893557389823438 0.17164380615048747 0.17819195075908434 0.4212286691921938
0.3875188499727136 0.08283248892194017 0.4597139315281943 0.06993472957715197
0.3203095187462669 0.35279935839004517 0.28507809070592294 0.041813032157764995
0.6912147767614077 0.06644702386143309 0.14024097551544912 0.10209722386171005
0.2815190905620122 0.23132988134992882 0.06342756613238065 0.42372346195567834
0.19710289325647512 0.15295619641476565 0.26249578408691265 0.38744512624184657
0.14817095804086522 0.292830971414365 0.49374707609405966 0.06525099445071014
0.2181495616982193 0.3674834041517976 0.37143384071229124 0.04293319343769186
0.0926447462436063 0.2930481926815175 0.290229475666408 0.3240775854084682
0.7042170244204657 0.013488965912408335 0.039737592386791754 0.24255641728033417
0.5037984214259044 0.09498117037078435 0.36817836129226633 0.03304204691104495
0.5713570859728608 0.37838611804460165 0.013454162095344113 0.0368026338871934
0.19747217671912465 0.05675862630985784 0.3863185515065175 0.3594506454645
0.15139081659485043 0.18581863244681196 0.07850790631938287 0.5842826446389547
0.04254440736084231 0.6790416455770198 0.14129806380323928 0.13711588325889856
0.3913973132903801 0.03672183153622466 0.18120018724952958 0.3906806679238657
0.2768343409965883 0.08548558685740937 0.5725441218611741 0.06513595028482821
0.3518413707006136 0.12763618515020125 0.16226367867490998 0.35825876547427515
0.7637824701445451 0.16602926723479938 0.05922436907224915 0.010963893548406323
0.2149245386620895 0.17517535634688208 0.3473447222934394 0.26255538269758905
0.12334738350244245 0.5123504825132633 0.2510009174076989 0.11330121657659531
0.48235057597070696 0.02296719108918055 0.3208620497546609 0.17382018318545156
0.41437662068181236 0.4041150331359784 0.1517592712091046 0.02974907497310464
0.03030628043744643 0.7129828338711395 0.10915411976637168 0.1475567659250424
0.006335799081779614 0.0529127086465051 0.7923747248127319 0.14837676745898343
0.2549162243913158 0.03699756681040567 0.5315914170639647 0.17649479173431382
0.2275381938406117 0.1439795783418606 0.4334839512448837 0.194998276572644
0.01809334551834607 0.09475945743538683 0.5531199179574052 0.3340272790888619
0.3020215024247975 0.16107506182130082 0.27582349407489704 0.2610799416790046
0.13013188183259694 0.5018300055210342 0.15540361298613647 0.2126344996602324
0.006667450639488592 0.40043640831209193 0.538418097748406 0.05447804330001349
0.45160843688302255 0.28073297852633594 0.1303030929593586 0.1373554916312829
0.32435744388275867 0.0185512121446334 0.6176105740834051 0.039480769889202794
0.014160181302799946 0.5190235820139367 0.27833260402931337 0.18848363265394996
0.21205899880577306 0.00441527534506847 0.7059066508617784 0.07761907498738008
0.29756739938162646 0.0018105710465439184 0.3350968841195231 0.3655251454523065
0.2365866587997647 0.5259768081014998 0.06512955963669442 0.17230697346204105
0.1009865042298076 0.17785201369309522 0.6907935029415693 0.03036797913552791
0.0784045854475951 0.2815963380134615 0.3927945502695984 0.24720452626934497
0.24250542015003884 0.2849620586673709 0.18723091072555975 0.2853016104570305
0.5128594372659814 0.1071011844783436 0.07985869931931355 0.30018067893636147
0.2737358597133016 0.23263714820268333 0.19952971174363276 0.2940972803403823
0.18153140608025498 0.524192932377079 0.15643693876208042 0.13783872278058562
0.1562285008027654 0.07300950978177134 0.2599037208272601 0.5108582685882032
0.7885389473135709 0.06033612552863976 0.07161851973740074 0.07950640742038861
0.047524042476329464 0.4811388251039955 0.1613288942577905 0.3100082381618845
0.5589250409524684 0.1938695821046894 0.013441052426307554 0.23376432451653462
0.4695414353323778 0.14633567058335495 0.31037573488089076 0.07374715920337649
0.07246741343769558 0.07987955075418729 0.18945978719863676 0.6581932486094804
0.0832823806157057 0.08896870083790709 0.007813118806776043 0.8199357997396112
0.3569440430823977 0.07645235937313832 0.30321621997399917 0.2633873775704648
0.42194161793619744 0.4001785013964597 0.00353133495795499 0.17434854570938785
0.3908162160833526 0.3378589141025772 0.25995642764566884 0.011368442168401383
0.04301199696198499 0.13498273708615116 0.5436640954563026 0.2783411704955613
0.2854577810058506 0.008333674732007412 0.09789899135260405 0.6083095529095379
0.1355578142910836 0.339109734903294 0.48785082610058783 0.03748162470503458
0.028923679365105537 0.1741503058150995 0.03919535983979283 0.7577306549800021
0.1102582627671681 0.05285752580270031 0.41116743908925346 0.4257167723408781
0.4709634513228035 0.17529050885110598 0.10934048934338991 0.24440555048270063
0.5787366815180843 0.2139225461096682 0.17316147500336176 0.0341792973688857
0.28822921026025394 0.21244310092076613 0.49928341315967106 4.427565930886779e-05
0.40405645050798333 0.4064666520323815 0.05271853604942178 0.13675836141021336
0.2724079424688203 0.014482007745467373 0.03784361105864931 0.675266438727063
0.35281834258233313 0.09843843335034719 0.29199029575102897 0.2567529283162907
0.13662662566958994 0.0877685443418138 0.6637910110787874 0.1118138189098089
0.27396153775572973 0.04589181150455002 0.172669173800568 0.5074774769391522
0.05935866196624595 0.09100100038636527 0.006682698655875452 0.8429576389915133
0.40599491299401247 0.06667433642520737 0.09077700170625647 0.4365537488745237
0.1504623379579596 0.19437727047921216 0.26845966149259826 0.38670073007023
0.45962375675489875 0.3208743433254254 0.008312355040942965 0.21118954487873287
0.1254011515774045 0.7129756292152026 0.14377665766775172 0.017846561539641148
0.20828877480641572 0.42631514190595654 0.36537594839744525 2.0134890182488263e-05
0.24589534692801052 0.050246036493023505 0.5643303693087345 0.1395282472702315
0.5175561205068596 0.35272683537707084 0.10378439866142886 0.02593264545464069
0.362834845616985 0.3415708422058533 0.002517852299871337 0.29307645987729036
0.5290125758102817 0.10578909261308167 0.16124979435424713 0.20394853722238948
0.3497987111934703 0.23822743212899544 0.2148360073498915 0.19713784932764278
0.11766358647081177 0.4355546251672239 0.025395120355213185 0.4213866680067512
0.2346747219589843 0.0460323144140341 0.2500564452079631 0.4692365184190185
0.1605069042765066 0.13320039976270215 0.5095374724391819 0.19675522352160935
0.010322675713398732 0.03847184793064773 0.8564691421219629 0.09473633423399064
0.02851016966664066 0.752480944614774 0.1335566429761429 0.08545224274244245
0.03778982411253384 0.22533753339899587 0.1835353329914946 0.5533373094969757
0.5546411380722874 0.03857895715131887 0.02355345456748803 0.38322645020890567
0.32511853706778093 0.4597452571419208 0.0029153378474293667 0.21222086794286887
0.09528223093561672 0.42297819228085143 0.3361738698017964 0.14556570698173543
0.22657746470284457 0.47892798215745136 0.11390048652565021 0.18059406661405386
0.3380487439408444 0.21842410424189207 0.15441050362809938 0.28911664818916416
0.3498148722408101 0.08714334284137071 0.519764208075284 0.04327757684253519
0.18994373900597972 0.709054945065971 0.009147976430401217 0.09185333949764807
0.4268862797097053 0.2853434026777232 0.062478270780535916 0.22529204683203563
0.01604874157091829 0.013302744435576996 0.01318486807764363 0.9574636459158611
0.2893629814151667 0.2549461605711877 0.3523287587867443 0.10336209922690132
0.3904159733466037 0.2098361947733297 0.3670597246937368 0.03268810718632975
0.1079993186252125 0.02943255913915188 0.10660453526673341 0.7559635869689022
0.3148711561485641 0.6259882883296944 0.002275607629066756 0.05686494789267471
0.16644766607075367 0.2634663519710726 0.04414821625295007 0.5259377657052237
0.24246066168675562 0.08910299013716494 0.25805947795050665 0.4103768702255728
0.32133251388230766 0.062313113756275684 0.5965519338526686 0.019802438508748077
0.03226078537495891 0.4632651155455333 0.45283861374554324 0.05163548533396456
0.7482378502531969 0.12890492135954557 0.10254735942295956 0.020309868964297983
0.011428469478960368 0.00710429147513425 0.5054812095227114 0.475986029523194
0.3213813256700041 0.3622667993362081 0.18300231458206517 0.13334956041172263
0.19630106895472432 0.2605086339057686 0.5176068857286517 0.025583411410855406
0.6349106209322155 0.11259780281569154 0.19324342305147346 0.05924815320061949
0.16065446013896723 0.20480589061143795 0.42568314570969823 0.2088565035398966
0.3009126112465994 0.4459081005283144 0.18302316892659898 0.0701561192984872
0.5467516047041276 0.27584380909023565 0.09437454417952318 0.08303004202611353
0.43977015876461656 0.07677900637813095 0.15882455735666312 0.32462627750058937
0.20418282716905822 0.07685801043403462 0.4193908132920118 0.2995683491048954
0.37364806393658323 0.40145861268589733 0.157584854898565 0.06730846847895444
0.22672332135341555 0.3833901634639225 0.3130953506474964 0.07679116453516555
0.4595741381462065 0.14593313489452509 0.24722309710352197 0.14726962985574643
0.3012653731633267 0.005113350879542233 0.6838991732397321 0.009722102717398928
0.35602109936472504 0.3100665734450776 0.1271713099678673 0.20674101722233007
0.49821363450985523 0.10070916835444765 0.30035218276882736 0.10072501436686976
0.017420456187415723 0.231267621020521 0.3125407270823404 0.4387711957097229
0.507229518029706 0.2838181146440625 0.08013472849859304 0.12881763882763853
0.7860823697427518 0.07744634870432232 0.1280217439673892 0.008449537585536682
0.11988235415618542 0.33200936882884347 0.016275219907681104 0.53183305710729
0.1317009567293146 0.4764350293572487 0.35413661720085265 0.03772739671258407
0.26805329055250915 0.26545574677573147 0.12325403944829272 0.34323692322346666
0.10639856911939494 0.08761446262972028 0.015221265938115125 0.7907657023127697
0.7069977964397105 0.15255370773327825 0.11225760327821821 0.028190892548793034
0.270848513127956 0.2836980059679586 0.34710338425720044 0.09835009664688499
0.29233998303047537 0.29769404521586473 0.12558130468467132 0.2843846670689886
0.5856865404464812 0.17772593999532216 0.15709677689935486 0.07949074265884182
0.5098934532483089 0.28324689163169736 0.09030898932291065 0.11655066579708306
0.14192412545999433 0.47395562928865487 0.03759628695192796 0.34652395829942284
0.07666055343083233 0.2341542960779931 0.6246700713373377 0.06451507915383692
0.020452977962102437 0.171787694549436 0.47643322271900235 0.33132610476945923
0.19987755795205286 0.07754868248442415 0.17367576430124132 0.5488979952622817
0.32117725080306336 0.5189316110146975 0.058307133556601 0.1015840046256381
0.015163495678212624 0.4309773827527338 0.2811094083472552 0.2727497132217984
0.3489804046680247 0.08288269307963791 0.42550389271046485 0.14263300954187252
0.12452617050531467 0.010153082390676249 0.4991754292370765 0.3661453178669326
0.07657469036968034 0.03279773692142085 0.34455260186801884 0.54607497084088
0.21820529043916548 0.05923939859847793 0.0178395075964769 0.7047158033658797
0.24057112262857483 0.01762688541247337 0.004712568601323186 0.7370894233576286
0.2477458790162198 0.4292939285697883 0.1699851369661306 0.15297505544786127
0.2850246536275748 0.5204263829043437 0.17814715672634351 0.016401806741737968
0.13859528609750515 0.4621062896122884 0.27458201525617476 0.1247164090340317
0.5796929539538936 0.13336995833258503 0.24160705682784367 0.045330030885677663
0.4640324457490219 0.09821951433526377 0.0004473202840805657 0.43730071963163375
0.2701680006943936 0.2599912841886246 0.2007506871951089 0.26909002792187287
0.3246630817257221 0.2000721665505314 0.1742277824738584 0.3010369692498881
0.2494591931198873 0.5505641285053028 0.07020190151854722 0.1297747768562627
0.3949162916246196 0.0956179326826514 0.1174476525727195 0.3920181231200095
0.04597044380441462 0.2672124278665069 0.06903317462179781 0.6177839537072807
0.5142966231550503 0.11137839730887211 0.17397581125886163 0.20034916827721594
0.2804656806477859 0.1565395910151015 0.3392402034029227 0.2237545249341899
0.013230925373034275 0.11005572152328646 0.6392723476182277 0.23744100548545155
0.4018272815824232 0.1860441468177244 0.35438554208544926 0.05774302951440313
0.2839715419840343 0.1646550635054943 0.10841010890660463 0.4429632856038668
0.30896065246320803 0.13973006318582204 0.31125868144631763 0.2400506029046523
0.5160280981858761 0.40378079804414657 0.04293230928496117 0.03725879448501612
0.13402560046090273 0.21518782460036456 0.6183696401208972 0.032416934817835474
0.0466133859512422 0.20126531190493746 0.016854198072955406 0.7352671040708649
0.15684160759787602 0.23157409279023178 0.11759753417236474 0.49398676543952746
0.17920750825948184 0.35859662884908605 0.32096703056933273 0.14122883232209937
0.11956609535666829 0.07025236324284156 0.72984602232726 0.08033551907323011
0.024009898107618555 0.2219804232294167 0.2528779334651273 0.5011317451978374
0.31011946071997554 0.2539900776084373 0.4286221584539356 0.007268303217651595
0.41057459508663163 0.35221933136150374 0.10646101847841005 0.13074505507345457
0.3313845883953661 0.04565535211330218 0.31711330068055643 0.3058467588107753
0.12346529495798031 0.16559972862659866 0.12777328561732992 0.5831616907980911
0.026178775082820516 0.6308923320231691 0.2978945261063135 0.0450343667876969
0.2762668173600361 0.08029188495045436 0.08627780521301698 0.5571634924764926
0.003327897599075036 0.038122663357585074 0.3710128035237217 0.5875366355196182
0.08867729204313723 0.3324985249921374 0.06764980137707688 0.5111743815876485
0.4292521615687577 0.06126799085832624 0.03290842564083085 0.47657142193208524
0.458693247451593 0.21468870303729304 0.13926861065967377 0.18734943885144018
0.17819935926511898 0.11760031626174217 0.4738887036094045 0.23031162086373436
0.2254350730239646 0.5483751733131474 0.18274249727004632 0.04344725639284164
0.626589052917803 0.05400898539972554 0.17776708193702273 0.14163487974544875
0.5310339716259809 0.18537372566591004 0.24105146157267088 0.04254084113543821
0.6240805477229919 0.08903924158995136 0.2535493253645411 0.0333308853225156
0.4267059288193452 0.45002411878664683 0.08481133489920445 0.038458617494803504
0.257010210640219 0.1968404383476129 0.5126386907878469 0.033510660224321254
0.6384497531223357 0.10143581121242917 0.08348594543725807 0.1766284902279771
0.1291500691765548 0.557025814646548 0.08260962067698974 0.23121449549990747
0.021090337288734884 0.349193467993836 0.11209691177694492 0.5176192829404842
0.25722762178073133 0.10162334771185033 0.6037520695149625 0.03739696099245582
0.007313890137784496 0.3435880695228738 0.08565272211778108 0.5634453182215606
0.564734054387253 0.289931372374822 0.048923455501724944 0.09641111773620004
0.11468857547925781 0.1635978586305491 0.5014146864934701 0.220298879396723
0.3417056020471486 0.160679144397051 0.32303601807080307 0.17457923548499732
0.12249286246959668 0.35419413061699523 0.50750029717173 0.015812709741678144
0.1354279784527559 0.4263931977657054 0.3357259196404362 0.10245290414110253
0.46409389023952463 0.2896313949231608 0.10683780938902132 0.13943690544829324
0.035510998966194585 0.05739975460604152 0.41711119086403714 0.48997805556372676
0.06830020165766437 0.1468473533656115 0.40460963829546304 0.3802428066812611
0.3919721919462632 0.04733625298615063 0.28332043456926004 0.27737112049832613
0.05602696960046416 0.2803406550383327 0.2852985230399151 0.378333852321288
0.42485571929616006 0.03838330732738482 0.017062450925299344 0.5196985224511558
0.1380264191393239 0.3025328374226194 0.20436614371827933 0.3550745997197774
0.30222657151830545 0.37917737195855183 0.019637404602924957 0.29895865192021776
0.20270914470464918 0.5086218956984403 0.2644649804773169 0.0242039791195936
0.10747207761638378 0.248353930818083 0.2197363240515512 0.42443766751398204
