57 90 4 243.32451407996734 486.6490281599347
1.7861467861195757 3.0742938959655524 4.6995496357502144 3.797044287040783 6.0936030168535495 5.905573334054655 8.26389498547339 9.263395965552377 5.6988167755930945 4.822185352494565 1.6462355909467405 9.08675965161296 4.7846244344954165 6.23952809144556 2.927381822879078 5.027371118047657 5.210774239467984 1.9057344124328195 9.345591053219882 2.4488815990827897 8.871347626407719 1.4694405117243248 9.930516130099571 1.9463258425949204 4.617908675532203 1.6465289899690272 1.172737339494197 7.491827321903596 1.3731927866264653 1.1678548265174693 1.7464396505334454 3.52814098472756 4.862275370037185 1.1775730943682838 5.155011071335763 7.026279186391666 7.057394795794636 8.172693134517969 1.7534821892089054 9.053865475669229 8.080365300692183 6.976216996312258 8.674110531280132 5.899491438462138 2.7772426700524973 5.848383985888926 5.565609915619554 3.4962134103241342 7.016358059037146 7.582216002156662 7.23442600691269 6.393378301467266 2.766140154434186 6.933172265175788 3.7774770683472756 4.3243385118539805 3.563057429105675 9.344054366583057 7.9796951312214155 6.771839005804388 3.574565597398149 6.982618417027063 2.211114830055856 5.451965601359495 6.820740438170404 9.442405933838753 9.97774949352141 8.27924275033716 5.099333638560967 7.219029458190647 7.3680210638990955 4.403206721080675 6.233100779421269 6.652957824014384 1.9950038647104344 6.957992972175436 6.208223479697951 3.7957409048718325 4.520903766562928 4.718277363942249 9.355037092185103 3.777515625405835 7.1115472327344555 3.3351279241972556 2.1093214529978113 2.7710151786449324 8.6814169377203 3.7549970636901895 5.953886014107085 9.634961136701408
0.35722935722391513 0.6148587791931105 0.9399099271500428 0.7594088574081566 1.2187206033707099 1.181114666810931 1.652778997094678 1.8526791931104754 1.1397633551186188 0.964437070498913 0.3292471181893481 1.817351930322592 0.9569248868990833 1.2479056182891122 0.5854763645758156 1.0054742236095313 1.0421548478935967 0.3811468824865639 1.8691182106439765 0.48977631981655795 1.7742695252815437 0.29388810234486495 1.9861032260199143 0.3892651685189841 0.9235817351064407 0.32930579799380544 0.23454746789883937 1.4983654643807192 0.2746385573252931 0.23357096530349386 0.34928793010668907 0.705628196945512 0.972455074007437 0.23551461887365677 1.0310022142671527 1.4052558372783333 1.4114789591589272 1.6345386269035937 0.35069643784178106 1.8107730951338457 1.6160730601384365 1.3952433992624516 1.7348221062560263 1.1798982876924275 0.5554485340104994 1.1696767971777853 1.1131219831239108 0.6992426820648269 1.4032716118074293 1.5164432004313324 1.446885201382538 1.278675660293453 0.5532280308868371 1.3866344530351575 0.7554954136694552 0.8648677023707961 0.712611485821135 1.8688108733166113 1.5959390262442832 1.3543678011608775 0.7149131194796298 1.3965236834054127 0.44222296601117117 1.090393120271899 1.3641480876340808 1.8884811867677507 1.995549898704282 1.6558485500674318 1.0198667277121936 1.4438058916381293 1.473604212779819 0.880641344216135 1.2466201558842538 1.3305915648028768 0.3990007729420869 1.3915985944350873 1.2416446959395901 0.7591481809743665 0.9041807533125856 0.9436554727884499 1.8710074184370207 0.755503125081167 1.422309446546891 0.6670255848394511 0.42186429059956226 0.5542030357289864 1.73628338754406 0.7509994127380379 1.190777202821417 1.9269922273402815
0.16935394902987966 0.3701976217851999 0.3463047581527402 0.11414367103218026
0.4744379565853317 0.3421436918395301 0.07275097658027363 0.11066737499486456
0.36955779037234604 0.30430583362422203 0.18460200730847853 0.1415343686949534
0.3565900840561592 0.06905576812053116 0.5660322191851129 0.008321928638196696
0.5868853948107862 0.038275489033538945 0.2940646737240675 0.08077444243160736
0.4642716319496176 0.02719055958921035 0.17774417876073934 0.3307936297004327
0.3519076698430724 0.038035091272878074 0.14811721453863158 0.4619400243454179
0.5380583961224452 0.11835927308794869 0.037780936260685904 0.3058013945289202
0.16687070040077778 0.2591260693877112 0.04584594521270302 0.528157284998808
0.10967432132844956 0.09218320324257379 0.08673228101884378 0.7114101944101329
0.3614334214441167 0.12250341848847779 0.4032810814750285 0.11278207859237699
0.7113370117370034 0.015059798022822424 0.07016194682168497 0.20344124341848924
0.6893448472926236 0.23667676249984748 0.049264829378046215 0.024713560829482728
0.13424296437898753 0.221209851960951 0.4109990945145555 0.23354808914550595
0.0007615774183785673 0.30031285723070467 0.43892315006278415 0.2600024152881326
0.22622340576385058 0.0025698315654039128 0.4011233373212494 0.3700834253494961
0.1632917124967037 0.7510423004087653 0.07646596090437552 0.009200026190155475
0.2578652414678422 0.2218198333115462 0.13277334758788695 0.3875415776327247
0.16488377416279043 0.0748079026760009 0.12570832966259893 0.6345999934986097
0.0861605967807153 0.4193065241437597 0.31264115460108777 0.18189172447443724
0.020835671392310462 0.6038461179388509 0.12789205541724857 0.24742615525159006
0.20863830878524225 0.3379872224291828 0.35437705916439177 0.0989974096211832
0.3335692813508847 0.21675084931797872 0.273320983224942 0.17635888610619455
0.0755991404145977 0.41483122989624943 0.15379998990854626 0.3557696397806066
0.34412748054219855 0.018749993530493447 0.38124166890554756 0.25588085702176044
0.3777452938551661 0.06975017088896807 0.10454351102224202 0.44796102423362383
0.3952834938122838 0.22238652866131903 0.19231721054217454 0.19001276698422265
0.183178283305252 0.19465377467686684 0.3920882860056548 0.23007965601222635
0.34794532051600136 0.32483599519389794 0.06176325233498903 0.2654554319551117
0.43459142256610306 0.028047089609280262 0.48589630293159125 0.05146518489302543
0.11121201671259018 0.5151800672330635 0.1747432965412814 0.1988646195130649
0.001478179739307639 0.3885223335149637 0.29392577878763304 0.31607370795809564
0.023985677401888505 0.24122831185604643 0.6576162851774413 0.07716972556462376
0.38334479092520246 0.32715206952161424 0.16248789295123367 0.12701524660194963
0.1631854203444587 0.5616993959599268 0.0634295290879191 0.2116856546076954
0.27717627712303083 0.5075905705510267 0.17835352940454885 0.03687962292139357
0.32451464788946893 0.24387535158694573 0.3777485770462534 0.053861423477331916
0.052195105902201 0.3048438646326037 0.6053201114557781 0.03764091800941716
0.39518854277513604 0.1143429812640484 0.10914170812846014 0.3813267678323554
0.04606505096272606 0.3818063061668271 0.022396665907893576 0.5497319769625533
0.42371529832948696 0.24121045393579976 0.20007198438586726 0.13500226334884602
0.2125567872764922 0.09749189045515005 0.29901789335315665 0.3909334289152011
0.1736184971795427 0.6866122974345571 0.09039675490498267 0.04937245048091754
0.10345787253556082 0.09554974625954549 0.4460728395420783 0.35491954166281536
0.5100816076075425 0.23280536924857642 0.031239557563219722 0.22587346558066135
0.013149526221763796 0.07538450754970139 0.31598966724781796 0.5954762989807169
0.512042387768553 0.157508831503955 0.3144740461585206 0.01597473456897136
0.37155703903697723 0.01862245319602507 0.5404484611661785 0.06937204660081919
0.11995086390059928 0.19148237348763308 0.47032345142368215 0.2182433111880855
0.04279895450988036 0.26034868130523536 0.04703942721995702 0.6498129369649273
0.12044879889104598 0.12346328041513521 0.5059697731622477 0.25011814753157113
0.7618305191627791 0.010220265640130899 0.12864465224440336 0.09930456295268664
0.16972370423300287 0.02877479742529443 0.725418060880465 0.07608343746123769
0.25039321644994395 0.1324336083262342 0.4425149405673594 0.17465823465646246
0.18817202235935993 0.10881469852029713 0.07246522910616404 0.6305480500141789
0.13039951579906806 0.44248270821169244 0.05167488418116206 0.37544289180807744
0.4741232979741167 0.13102980988107493 0.2917244371272275 0.10312245501758088
0.14510206615661292 0.13799768816115576 0.20064660629862374 0.5162536393836076
0.22981587297281847 0.035588412369098044 0.07426479311110046 0.660330921546983
0.12676442077275785 0.32527754895375016 0.35127967389692905 0.19667835637656295
0.16869599018254422 0.35996611532853373 0.019089418243092404 0.45224847624582964
0.6984161867163035 0.09968128740002957 0.15630912753640758 0.045593398347259395
0.19437928463237653 0.015143612729 0.4846672446622299 0.3058098579763936
0.01922079604200544 0.20150054354064673 0.28560597154954326 0.4936726888678046
0.3569302890239153 0.04989525858730581 0.1623392225888577 0.43083522979992117
0.4296689453894299 0.13597121216823005 0.15637956612264858 0.27798027631969147
0.08138227841381307 0.136867353874371 0.22814983028544134 0.5536005374263746
0.06022126114910531 0.2828712810789912 0.16629170978330798 0.49061574798859553
0.2412973868222713 0.6156303199268217 0.026260544516528372 0.1168117487343786
0.02466935107868562 0.06488288301554124 0.4350465415494471 0.47540122435632604
0.307373744410249 0.019306724369856476 0.33396774724660205 0.33935178397329246
0.2187972192271891 0.4909893901240028 0.2090140860540154 0.08119930459479274
0.08728662122840747 0.016101426697477383 0.2771361295647369 0.6194758225093783
0.4954172599536568 0.0981270209777031 0.031181769659421876 0.3752739494092182
0.12503176083193857 0.04245641154160862 0.7357005359690317 0.09681129165742108
0.19882242151977025 0.46802888399418763 0.07192439489321778 0.26122429959282434
0.29787443163067384 0.32566497776171976 0.06886555729307098 0.3075950333145354
0.43215219403192917 0.10921327292003202 0.44276119580963835 0.015873337238400453
0.1956053839263442 0.553943473039623 0.12076523815676166 0.12968590487727116
0.08734415016490749 0.7803236686219898 0.07529525329899711 0.05703692791410564
0.19327782532930515 0.4176099814863877 0.173736264351519 0.2153759288327881
0.13584413283059615 0.4690584837051225 0.21921422707906424 0.17588315638521712
0.35654301544430955 0.04101573215851351 0.3657870348497809 0.23665421754739602
0.5332728968841725 0.08941586990181594 0.07907088043382327 0.29824035278018834
0.23700199205873362 0.19558698647806538 0.21236328275784877 0.3550477387053522
0.11243696433260686 0.05094607489175795 0.3276704388404341 0.5089465219352011
0.15959774662777126 0.34061922555262114 0.45925463328789917 0.04052839453170842
0.220091410069024 0.44153081624991697 0.29369270618054444 0.0446850675005146
0.1812139688522807 0.2710526637311964 0.010892152177744086 0.5368412152387788
0.16520010864775836 0.04094377860612741 0.3261799940052368 0.46767611874087744
0.29627212264631164 0.15549547255085971 0.30938159548174016 0.2388508093210885
0.14812499878391172 0.41967242094220225 0.19609618359367187 0.23610639668021416
0.13700036790532089 0.1408113316532129 0.30247330954358165 0.41971499089788455
0.4759949167931845 0.25803060148027657 0.2246060980373339 0.041368383689205035
0.21555631013948717 0.28796096593764475 0.20957546124690196 0.2869072626759661
0.006677393669449083 0.04417218473980966 0.6695217957603624 0.27962862583037884
0.07712000450440581 0.3046651687791877 0.40280547849805637 0.21540934821835012
0.10199458270183093 0.1649928201131572 0.17388570232875655 0.5591268948562553
0.34846156767635983 0.10430556945268443 0.1365344312226029 0.41069843164835285
0.7652278949940757 0.07358279786668975 0.10746010006138829 0.05372920707784623
0.349161459631817 0.5115109738696605 0.00017022483745987582 0.13915734166106264
0.18286692195197518 0.2828465675125936 0.002031203846941665 0.5322553066884895
0.04602905802442436 0.5171786664682381 0.169030587977535 0.26776168752980256
0.08063516589940867 0.17940326179146837 0.19409347814321443 0.5458680941659085
0.11940622372732412 0.4367022981994141 0.26929336808225723 0.17459810999100456
0.03049629533731213 0.010358789669382307 0.8769674412039385 0.08217747378936702
0.056957969217125815 0.115611763938956 0.6803440016515845 0.1470862651923337
0.3543204970635021 0.026917363003307604 0.04872594851606493 0.5700361914171254
0.03595050377317921 0.27862203382142925 0.12013262739190145 0.5652948350134901
0.484681405653105 0.10850588336113798 0.2608472770971433 0.14596543388861372
0.19199517087488405 0.1555097921079479 0.6110961437681646 0.04139889324900348
0.006300008534686818 0.4413686248195229 0.3274562947535282 0.22487507189226208
0.38512656258781586 0.034327231383554646 0.42176507104545924 0.15878113498317026
0.44812557183429835 0.26468280805092803 0.11095416324892426 0.17623745686584935
0.11359636526170336 0.16631492130526937 0.7005255593055627 0.019563154127464566
0.3905423640066611 0.29454864732297337 0.21610631252895451 0.09880267614141103
0.01706098170349013 0.05713194192591531 0.7156359834030419 0.21017109296755265
0.011893446853109557 0.2057028811865721 0.3598196549102177 0.4225840170501006
0.054288448952517165 0.37660489648941764 0.21490267910416216 0.35420397545390303
0.25564793175298184 0.46093087735220284 0.07911124061565089 0.20430995027916443
0.43308632145945036 0.026991679740110186 0.01818223324710322 0.5217397655533362
0.08914016807426917 0.41147687937686606 0.13247180232947264 0.36691115021939213
0.10384060587847721 0.31061935927110707 0.44899090396855257 0.13654913088186316
0.6851124917154124 0.2304451300645275 0.06773771518171168 0.01670466303834839
0.36816712798059414 0.07720282750039709 0.23240560792743825 0.3222244365915705
0.13988649561186284 0.490070380970156 0.30413088975000346 0.06591223366797772
0.5323666878238759 0.13851171726343736 0.2034135194402228 0.125708075472464
0.29393443942022335 0.477033300986333 0.06741046292296604 0.1616217966704776
0.08253167074538625 0.4511883694398169 0.24121990631303414 0.22506005350176272
0.2475712928117082 0.09369883711617621 0.07380166890518403 0.5849282011669316
0.4540335413008456 0.14324427952853058 0.26547320897929705 0.13724897019132676
0.10460047258858896 0.10162932957341853 0.47477856814263497 0.31899162969535755
0.40738703137697685 0.33878629230495283 0.10263128244130526 0.15119539387676506
0.7894694159257373 0.0538819215326557 0.05984895798453205 0.09679970455707498
0.14132643816182566 0.06560973304933126 0.3581219706394121 0.434941858149431
0.32800658084178214 0.5258706846185105 0.024611024280271177 0.12151171025943619
0.22743266672768037 0.16844765145508256 0.5359431566240613 0.06817652519317574
0.15656091539422323 0.10434384711428368 0.6810270160180204 0.05806822147347268
0.07337909038568569 0.40643219572807665 0.4581079104586768 0.06208080342756084
0.15944861788093823 0.7004863031255623 0.045330358435046736 0.09473472055845278
0.24375072368681805 0.04923262936261563 0.5153305836790278 0.19168606327153848
0.8358332976540185 0.03457127418312034 0.020223966439520846 0.10937146172334034
0.08671945683306514 0.3175708587996786 0.027695643954955718 0.5680140404123005
0.13128432569721915 0.26741543408864266 0.23191305799681916 0.36938718221731903
0.12332120628597287 0.25775940118107377 0.0427674693545772 0.5761519231783762
0.16400861972106784 0.010808557765030868 0.3146340774587052 0.5105487450551961
0.4499343422685096 0.02068484344100019 0.5050931088060334 0.0242877054844568
0.38988885978384435 0.4124107789254744 0.17465180729264806 0.023048553998033183
0.6327918510801891 0.03539410280489996 0.26958884278548123 0.06222520332942971
0.1764766882911012 0.5199747622705412 0.3025228586527262 0.0010256907856314168
0.31395105753457064 0.2243801705403733 0.21744155415266853 0.24422721777238754
0.016744257400908125 0.3378131137302979 0.3698412557579007 0.2756013731108933
0.24702809672882975 0.03199242312379458 0.23271887462227592 0.48826060552509976
0.02745017609045819 0.3520121668130879 0.5252945271194374 0.09524312997701656
0.3779342967874576 0.19821689477634963 0.21860768563719002 0.20524112279900275
0.504916157208658 0.1293179068635658 0.2670206623371263 0.09874527359064988
0.5373568965672267 0.09800161038904875 0.3184258693010784 0.046215623742646095
0.40224694278866036 0.36727605467037905 0.07404582729297782 0.15643117524798278
0.02878817131322564 0.3710492298822664 0.23293405154072988 0.36722854726377807
0.01358314082978973 0.1731039315112981 0.7219736651196725 0.09133926253923963
0.3664127547453033 0.014832101353013605 0.03197139878427224 0.5867837451174108
0.2936701660175348 0.11965306194646119 0.4861859819503944 0.10049079008560957
0.25550460705109823 0.026198777987554434 0.4950035238061895 0.22329309115515783
0.66357002356545 0.23610355078714862 0.08235749180949115 0.017968933837910206
0.20516430087764537 0.5241127357204554 0.2142902908696931 0.056432672532206185
0.29020485657097206 0.18219445841290416 0.060682822631900946 0.46691786238422284
0.08735367632592539 0.5476343663852659 0.26459810933471617 0.10041384795409258
0.3773696702428365 0.14969661757707564 0.1599276989972115 0.31300601318287635
0.4101815553247413 0.058455119223737695 0.48877587139109 0.04258745406043096
0.16145476027989092 0.02237028662076279 0.6029878083940303 0.21318714470531597
0.3377004885114152 0.1824477793740571 0.1398982327343552 0.3399534993801725
0.31697953792391076 0.17380466659873395 0.5078306651437248 0.0013851303336305243
0.1822052809921062 0.43290342503242885 0.11453444822762404 0.2703568457478409
0.4501741214340368 0.10957428435951488 0.33844121798880866 0.10181037621763966
0.01042052673083027 0.6791165481054143 0.17984116425482544 0.13062176090892996
0.21389428537492738 0.23443685915542056 0.010747714490802474 0.5409211409788496
0.05432164021327157 0.47098685962983367 0.13402121255769373 0.34067028759920104
0.10473235029802908 0.10589635041508638 0.032516825429665164 0.7568544738572194
0.5731448386471348 0.025030859647788728 0.15079247489982273 0.2510318268052537
0.12012357124151563 0.3073382540067714 0.07208492010824452 0.5004532546434685
