98 100 4 261.0946460700863 522.1892921401725
7.590405232619667 6.104701139057963 3.7110150104499366 8.025246329299044 5.480868500871566 2.070191679483405 4.497035705045832 4.551785114854081 4.037730204099488 1.7429568007729768 4.286779798193269 4.680022589282124 9.399381959138886 3.6279303900661364 8.547772403644824 9.90296201688082 4.737467736621657 7.27380482711425 9.639364446381862 4.950879470247678 7.178357817917793 3.67436668048583 9.801298347940119 7.239894909475216 1.2860812607833494 2.1796979850455074 3.378734486544958 8.982226212096265 8.725144495140956 6.852228578460476 8.35481316115847 5.936000728497819 5.688832798153135 6.426476691851742 2.5871108376057736 9.726487031608263 2.5037429941570277 5.223317471752127 5.683931032223206 8.204361879828124 9.862503138416924 7.462061540196356 4.833935719806363 1.5993872288091122 1.702914472692533 1.1591633738764666 4.94643430404912 2.4902241456329266 2.827048585765911 1.0488269321095924 8.52743606340636 6.470743474457372 5.416698349332585 3.9972325022435626 7.555233988101579 1.3036422683263436 3.512863829102357 2.7179239862377425 1.8487455230406105 4.238367167880521 3.2967534029359404 1.3343079773710427 2.852807377524624 4.2047965554684 5.39915008205078 4.341912144800448 6.964009751237394 5.064928289353966 4.919575667863897 3.6785024788974767 3.9511356147989645 4.330090506649846 4.314217078289065 3.8775029163866925 1.092101696335474 7.215136848097088 2.5550045201002662 6.157087878915613 7.575695230927947 2.3406041610608757 8.223512426011187 2.6867952276995988 7.579579572281727 7.480446156724403 5.908860925698585 4.604383342538176 7.0657888072137665 9.93053216339221 3.592652227178481 2.327593487073502 3.6067054490496524 3.442955124399136 6.97849081811116 8.994796052513893 9.619617734442643 3.944443153301488 9.463525347419598 1.9081122347269805 6.721563280306535 4.630825082687996
1.5180810465239334 1.2209402278115926 0.7422030020899874 1.6050492658598088 1.096173700174313 0.414038335896681 0.8994071410091664 0.9103570229708161 0.8075460408198977 0.34859136015459535 0.8573559596386537 0.9360045178564247 1.8798763918277772 0.7255860780132273 1.7095544807289649 1.9805924033761642 0.9474935473243313 1.45476096542285 1.9278728892763723 0.9901758940495355 1.4356715635835586 0.734873336097166 1.9602596695880237 1.447978981895043 0.2572162521566699 0.43593959700910145 0.6757468973089915 1.796445242419253 1.7450288990281912 1.3704457156920953 1.670962632231694 1.1872001456995638 1.137766559630627 1.2852953383703485 0.5174221675211548 1.9452974063216526 0.5007485988314055 1.0446634943504254 1.1367862064446412 1.6408723759656247 1.972500627683385 1.4924123080392713 0.9667871439612726 0.3198774457618224 0.3405828945385066 0.23183267477529332 0.989286860809824 0.4980448291265853 0.5654097171531822 0.2097653864219185 1.7054872126812721 1.2941486948914744 1.083339669866517 0.7994465004487126 1.5110467976203157 0.2607284536652687 0.7025727658204713 0.5435847972475485 0.3697491046081221 0.8476734335761043 0.659350680587188 0.2668615954742085 0.5705614755049248 0.84095931109368 1.079830016410156 0.8683824289600895 1.3928019502474789 1.0129856578707932 0.9839151335727794 0.7357004957794954 0.7902271229597929 0.8660181013299691 0.8628434156578131 0.7755005832773385 0.21842033926709478 1.4430273696194176 0.5110009040200533 1.2314175757831225 1.5151390461855894 0.46812083221217515 1.6447024852022374 0.5373590455399198 1.5159159144563454 1.4960892313448806 1.181772185139717 0.9208766685076352 1.4131577614427533 1.986106432678442 0.7185304454356962 0.4655186974147004 0.7213410898099305 0.6885910248798272 1.395698163622232 1.7989592105027785 1.9239235468885287 0.7888886306602976 1.8927050694839196 0.3816224469453961 1.344312656061307 0.9261650165375992
0.0427633648137824 0.23046801997306798 0.42594377474525924 0.3008248404678904
0.6134018804900451 0.18265923274070273 0.13703355178500554 0.06690533498424667
0.20063737373875867 0.14918147257451275 0.516552410958563 0.1336287427281656
0.22895694642133035 0.14151195675973316 0.1345284636460845 0.495002633172852
0.5472153295779116 0.23333715724613036 0.2133984221473495 0.006049091028608511
0.6811348101434812 0.013452175628126395 0.24225068434739316 0.06316232988099924
0.3626088505469184 0.020195043509850796 0.35694175410828344 0.2602543518349474
0.390451597676598 0.051828143859704134 0.42662294462266126 0.13109731384103662
0.3235644111241729 0.10177448818735835 0.3299685826077612 0.24469251808070758
0.3145793776624721 0.18189414355970335 0.33431705291641434 0.1692094258614102
0.23358107308217702 0.31489515929830203 0.36955086526297465 0.0819729023565463
0.15060210915009675 0.11848005071796375 0.7036892755386955 0.027228564593243965
0.07443633417959661 0.10517197451119109 0.5118620458275805 0.30852964548163175
0.024307963183221593 0.4017333276275046 0.4836946335725475 0.09026407561672634
0.10027629812598515 0.005083030594255189 0.3754524980746813 0.5191881732050784
0.16674748912451143 0.007034614508063974 0.4651280749781752 0.3610898213892494
0.22575706992045852 0.27251627598807826 0.08588827561239099 0.41583837847907223
0.1004892828369296 0.04386191544258167 0.4093646704095635 0.44628413131092526
0.1215336346702911 0.41271172144782886 0.16395587966423852 0.3017987642176415
0.23483190423281763 0.003715740656834443 0.3632339859300605 0.3982183691802874
0.025602667635594156 0.49523654404342343 0.47913847845880075 2.2309862181657536e-05
0.029890675634784092 0.4351037545688555 0.4311014380241567 0.1039041317722037
0.0607069958904517 0.06590620350563303 0.6514541746906258 0.22193262591328944
0.021029171745155173 0.44450418386542334 0.010330821719351513 0.52413582267007
0.21628466687442593 0.5242514895180718 0.2542692559984334 0.005194587609068879
0.3042017758680784 0.5072442896254876 0.1485596202773103 0.039994314229123695
0.14572620515267554 0.06059622628148886 0.5312085319590063 0.2624690366068293
0.06976322189327733 0.40436802613671974 0.033177477025448376 0.49269127494455456
0.5505130810910301 0.3513280094154524 0.09257707511002533 0.005581834383492135
0.06445791553727309 0.4695139295225854 0.1605115007585629 0.3055166541815786
0.06193432108131902 0.13770562202586734 0.5781518445556213 0.22220821233719235
0.42927506154418227 0.10047662249517819 0.4244437062628733 0.04580460969776623
0.2889182483036864 0.02567553840384751 0.4326293795936216 0.2527768336988445
0.497503309752943 0.2889907522087881 0.18212670639151696 0.03137923164675194
0.015682803334290174 0.8384946325264546 0.03109651096248267 0.11472605317677254
0.5484621320758399 0.3906166598372899 0.014289605461257127 0.046631602625613056
0.19818209819956112 0.5884872904598283 0.028637130993914073 0.18469348034669653
0.19751206852464398 0.28761782366222766 0.3416152914225674 0.17325481639056095
0.26907840459950605 0.08558919753561378 0.24328086367520152 0.40205153418967865
0.15599399365811595 0.023247645263998473 0.754250171158578 0.06650818991930763
0.22356255158743155 0.14150382412010787 0.11465336680648153 0.5202802574859791
0.2894122371327402 0.0732039609932289 0.11531949361655003 0.5220643082574808
0.2014943221125579 0.05396426308264246 0.4459935180103969 0.29854789679440275
0.4317666625840946 0.0633400459716017 0.3794513129345243 0.12544197850977945
0.023968267000474608 0.40163203428620164 0.33021215945600346 0.24418753925732029
0.012964965025858755 0.2766080010335571 0.4184552188414068 0.29197181509917736
0.604237451538995 0.02233060879386728 0.01832075372437736 0.35511118594276037
0.1614779756122684 0.1363263605461742 0.5684464568108524 0.13374920703070503
0.06130327582898709 0.20298713618508257 0.3923927966546493 0.343316791331281
0.136949342032059 0.472088649125311 0.24151730472285393 0.14944470411977606
0.5050336069584995 0.04196484131885181 0.3653331879025554 0.08766836382009324
0.19760085745030653 0.08644884358333438 0.33180948390427256 0.3841408150620865
0.14125539922238517 0.2638045906406238 0.1978821093873877 0.39705790074960334
0.07188371176036712 0.22312354931808587 0.5859618990063454 0.11903083991520158
0.3756984377150524 0.1004316078998142 0.2239234109903393 0.2999465433947941
0.5338840181233772 0.2962507726692737 0.1462652570594395 0.023599952147909664
0.07866537362892145 0.3054796940307344 0.4780828741806883 0.13777205815965587
0.13729883637222473 0.6951531886141711 0.07665582151969019 0.090892153493914
0.390645756623742 0.38678116919812633 0.18418912135837207 0.03838395281975959
0.10806615975265377 0.5825134238339329 0.026843701133367537 0.2825767152800458
0.3912117880641246 0.4376383351909927 0.09522344458830334 0.07592643215657935
0.2784059114855598 0.05485807071576543 0.32872513145198534 0.3380108863466894
0.3278130081668085 0.5049280971271521 0.1657987177237895 0.0014601769822498722
0.26421998320487794 0.39475274971602237 0.17927120830526144 0.16175605877383825
0.295589126045392 0.06357532732310134 0.19890326831437222 0.44193227831713444
0.11247659904825025 0.3552036725740392 0.2390743433762571 0.2932453850014535
0.19159276033569317 0.4322843280984976 0.15595761879341818 0.22016529277239105
0.006996339889233982 0.1492857986922882 0.31899257341942944 0.5247252879990484
0.2505941263363296 0.26239627178090874 0.3442895612870842 0.14272004059567744
0.08714957356456399 0.4277068434121528 0.48017324282801466 0.004970340195268541
0.34186348890509577 0.06822149862922988 0.19753120835801885 0.3923838041076555
0.4323506656154692 0.024908207983818542 0.09895679330696616 0.4437843330937461
0.017719430562057825 0.4773243393207809 0.09843952948715173 0.40651670063000955
0.23703995465961603 0.5292964900853475 0.15807661027717823 0.07558694497785823
0.10631318848587823 0.3659554821370399 0.32150340645519093 0.20622792292189096
0.016766998254312382 0.6497785851841603 0.3200619319388731 0.013392484622654188
0.23816864167035035 0.24456195588792817 0.14273385326986487 0.3745355491718566
0.23983422357585793 0.46792416049399 0.2856827220302589 0.00655889389989317
0.049216580142512956 0.25509093118887305 0.205883876377965 0.489808612290649
0.005128106434491464 0.1320869481228033 0.6750361897457962 0.18774875569690908
0.33157158516746643 0.1851930027486347 0.39289401686813685 0.09034139521576201
0.039021922972290346 0.35248141087907414 0.2432166928818792 0.3652799732667563
0.5443029969631786 0.24736178333366166 0.1520188798795764 0.056316339823583306
0.06341266414540614 0.35105267097295123 0.060830365335823755 0.5247042995458189
0.20128749911127786 0.24042942179984927 0.059189598646657515 0.49909348044221535
0.19797683322246362 0.3955733715802321 0.05584663190840733 0.35060316328889696
0.29006332054172623 0.49250494227699637 0.007327551581067904 0.2101041856002095
0.03198057756858941 0.28467739892028376 0.05348060151177059 0.6298614219993562
0.355588182479331 0.16759197136688897 0.1072791018086594 0.36954074434512063
0.33782160863532806 0.10941930547435064 0.06535881116054842 0.4874002747297729
0.6405198357960603 0.19985459824461105 0.13287224417234056 0.026753321786988082
0.12343741223789229 0.31546491378570296 0.34540972058275954 0.21568795339364522
0.42609577254058295 0.3088904984865364 0.19176376508795467 0.073249963884926
0.19727188225823877 0.09718663480506551 0.22523831467117372 0.480303168265522
0.776711221899595 0.024596077810260852 0.19393286405910992 0.0047598362310342646
0.299812732125735 0.3411302684455463 0.023522284339919652 0.33553471508879906
0.5564263946518803 0.09993668149452983 0.08461039737444831 0.2590265264791416
0.21728002237181887 0.4108904003042232 0.33312896541212556 0.03870061191183238
0.0387275802960001 0.2615375772444922 0.684536936710409 0.015197905749098628
0.2946792294113235 0.33924305858140735 0.07759785067853087 0.28847986132873826
0.2145082035341016 0.048509573605873046 0.7257881639186229 0.011194058941402463
0.1511616189850974 0.18873178800988732 0.17021376784983655 0.48989282515517873
0.06294368230891956 0.03510939359287468 0.35979366961475756 0.5421532544834482
0.583716686014517 0.11044683696484137 0.20738216660928643 0.09845431041135522
0.23983481495602754 0.5375938922579473 0.21314835566322876 0.009422937122796404
0.26071119479551286 0.17079906863164207 0.29848835694460374 0.27000137962824133
0.396013699575251 0.22938844373135836 0.046019051028474034 0.3285788056649166
0.6101174217878063 0.059117227834988184 0.18924287660635786 0.1415224737708477
0.16496278596370306 0.3030820541802133 0.2578606635489561 0.27409449630712757
0.0725902467246976 0.00830861530861593 0.29223996733186197 0.6268611706348245
0.22073618985790477 0.34723896600012594 0.048316990547458194 0.3837078535945111
0.10167787200467715 0.28312365696894826 0.1676593105447194 0.4475391604816552
0.37574405207906447 0.055068576410233994 0.32603071345180323 0.2431566580588983
0.08582452199506507 0.07714375813513619 0.2548691452720093 0.5821625745977894
0.03730877024504464 0.08403399049197369 0.42426466406348995 0.4543925751994917
0.3143022216682517 0.3579354277600718 0.11607108786593145 0.211691262705745
0.46633526416777504 0.4153052940570586 0.06437023054264746 0.053989211232518874
0.08246383662589551 0.49994500055816016 0.38754648380470935 0.030044679011234976
0.4350172331358282 0.01239742247863529 0.20615108858247122 0.3464342558030653
0.16810459904602937 0.3519250332067163 0.44441855565103205 0.03555181209622227
0.37233150016132255 0.2528386195471922 0.011051335819369457 0.3637785444721158
0.037031971689587606 0.541648511875062 0.2405363663909902 0.18078315004436019
0.46872033507020106 0.15154662649742412 0.05478229131369328 0.32495074711868155
0.12704212290238748 0.16616657352128106 0.4979712546071322 0.20882004896919926
0.11787638476504791 0.08080088451095613 0.5804475593584092 0.22087517136558676
0.06514626007142332 0.8567472571785479 0.066153509683469 0.011952973066559736
0.10050614474992403 0.2791535915330954 0.18423779414938823 0.43610246956759235
0.4761376339589215 0.2644886975979651 0.14347194775494954 0.11590172068816385
0.20111956898068362 0.19208556150972256 0.4918498008349663 0.1149450686746275
0.3016107030436437 0.23564329951180918 0.33881648223273575 0.12392951521181139
0.15074028623062197 0.0989178328439938 0.589495873825172 0.16084600710021224
0.12288744417210418 0.2970796674272017 0.14075735761382746 0.43927553078686665
0.34815333654075986 0.1784156741036399 0.34638640703206713 0.1270445823235331
0.6009140360892282 0.2551416294062323 0.056451922463238935 0.08749241204130054
0.22869401107947085 0.05912626172265134 0.6408088450481866 0.07137088214969123
0.013074995127183353 0.066640105087164 0.8725390367823288 0.04774586300332384
0.10496861270099822 0.4451664150948009 0.2323960615233186 0.21746891068088225
0.3044491518081286 0.14537990635917053 0.5444878353643072 0.0056831064683936505
0.504160520450174 0.2723379857313051 0.017022022251918845 0.20647947156660207
0.023844107459148223 0.7516354233347031 0.2023896374877725 0.022130831718376154
0.023797773830533386 0.5315287272278152 0.2286220774025528 0.21605142153909862
0.5478413082475456 0.10472341039350164 0.037972118998458426 0.3094631623604943
0.2560948737407712 0.41498882444056007 0.06103217803483496 0.26788412378383375
0.42504999086814566 0.0849468512361693 0.3751522660562674 0.11485089183941766
0.44486434331551505 0.37423858124042675 0.15962831320668425 0.02126876223737395
0.398249364997155 0.419731818386072 0.1600717278259618 0.021947088790811198
0.24590251499225946 0.11376327351140703 0.176544913054558 0.4637892984417755
0.47707484555201674 0.2200775502877348 0.07885244392161617 0.2239951602386323
0.25950562203136074 0.1734407471253453 0.2854482332122331 0.28160539763106085
0.4501341879120664 0.15496638882466407 0.24275172606155804 0.1521476972017115
0.011203909970264436 0.016849457145672653 0.024800395383917317 0.9471462375001456
0.26841593854242196 0.5070544467796914 0.0783516675253676 0.14617794715251908
0.06539719428932012 0.04428528527556408 0.2701682622520727 0.6201492581830431
0.2154608776995327 0.36277499855491124 0.2995691437751379 0.12219497997041817
0.05964495661593372 0.2754397079432084 0.08689446394326816 0.5780208714975897
0.2751924968491307 0.28212406516129096 0.029395538404687116 0.4132878995848912
0.3182101898473779 0.3466930034369926 0.036610655503291456 0.298486151212338
0.21241557449833148 0.2667496457767916 0.21536663652661237 0.30546814319826454
0.289338353046113 0.049855873075448476 0.26790569960929256 0.39290007426914597
0.05921273273061578 0.05595924848013378 0.007990151630809628 0.8768378671584408
0.2281284316657316 0.22754145513871005 0.2696371943068503 0.27469291888870806
0.11417910418945054 0.10982682127970611 0.47665444556773795 0.2993396289631054
0.4669279639726919 0.11646607470197823 0.3929652086691977 0.02364075265613219
0.16028902190876804 0.36238527563114975 0.06621286073273958 0.41111284172734264
0.42943946122524934 0.018649098906900807 0.4217224389781311 0.13018900088971874
0.338630324504232 0.35408376970917865 0.1305794227208703 0.176706483065719
0.30488713602812956 0.11826660479538675 0.275477944586042 0.30136831459044167
0.11616761490380789 0.022979329550659622 0.2966559198098707 0.5641971357356618
0.17060857304869415 0.13277441775920895 0.20420875973244257 0.49240824945965433
0.5859061698466855 0.164069065578893 0.01524920089335624 0.23477556368106522
0.6584119308647618 0.20759595185721047 0.10101765244571603 0.0329744648323117
0.19262841983628431 0.4319042095001625 0.011093072167537743 0.36437429849601544
0.061147530496125535 0.46294743066055255 0.20319911218914888 0.27270592665417304
0.020079561634660292 0.6756947714791981 0.2808773354131292 0.023348331473012407
0.3374336132862884 0.15470979637183202 0.47207199073714967 0.035784599604729905
0.12210936671851169 0.01521908202909672 0.7482815439294586 0.11439000732293303
0.4039085313424523 0.006305462679042084 0.4401242542903535 0.1496617516881521
0.10733720513453171 0.18105708871846315 0.3192716367440488 0.39233406940295634
0.14082387621090386 0.43064977719720077 0.04875670727855985 0.3797696393133355
0.595385404790883 0.014358382385646573 0.33894798762688827 0.05130822519658218
0.3045973371547285 0.5663072972028929 0.005232452792120035 0.12386291285025863
0.06325240687722833 0.34306135607071075 0.09473512304546472 0.4989511140065962
0.39149336963260517 0.27087315537672196 0.15515471595092112 0.18247875903975175
0.19442613807163978 0.004526364970927843 0.11693182842102456 0.6841156685364078
0.1261389552428549 0.054523254276184874 0.4151053441316037 0.4042324463493565
0.00946186303386487 0.2604236835215513 0.5187100487324047 0.21140440471217914
0.4303643279926618 0.052307929648339635 0.29509212610807867 0.22223561625091992
0.36412594139663923 0.018411826041912605 0.0016631926726676793 0.6157990398887805
0.3433657113369256 0.16629848916288847 0.28636125488985287 0.20397454461033304
0.16522084176236274 0.20687536869913614 0.43441064405406926 0.19349314548443186
0.4747528219844136 0.2991488993749598 0.1238683856680296 0.10222989297259699
0.21687409592944185 0.1354085888527401 0.09682231959069365 0.5508949956271244
0.02465571460610494 0.5463305127017589 0.30779469174347807 0.12121908094865808
0.18741914285252093 0.1470904426336045 0.06377423895636869 0.6017161755575059
0.1639772618487192 0.014623978450198805 0.3795231259861124 0.44187563371496963
0.020198248478339398 0.014610868142479139 0.30649356198437283 0.6586973213948086
0.3954809553349098 0.23897411415758096 0.3010817621680675 0.06446316833944177
0.34468440985134996 0.10916241023351703 0.37062681808684617 0.17552636182828685
0.11973552712207713 0.0906638804296418 0.3234058284813205 0.4661947639669606
0.1411122383913317 0.3237767060080896 0.2209569595747729 0.3141540960258058
