11 50 4 130.88215767280352 261.7643153456071
2.6224271998909225 1.1752771733886211 5.168966738485102 7.524405362729331 4.781832441289547 5.368843883510042 1.1150273313154777 5.386344465878844 9.476259871090296 8.657155804391008 7.569680231987367 1.9786246468207744 9.04513753256573 8.714388223655465 2.485779558357044 6.691006124411465 1.184352515121094 2.050635419020146 3.8473058045128634 2.4212107600744326 7.830816293444548 8.364478220777292 4.101620418632956 3.8691891717619025 2.0049510879519437 1.7555782898985135 7.414533421199586 6.3958905663189 1.5010631162657058 5.318175534934873 4.61508832567587 8.63181097792277 7.4606426140589095 6.418576461239421 5.971454393549475 9.541921579719737 9.880059973226217 4.04248644684575 3.1588721114722604 8.167921785891515 1.5731778769718987 4.28154078696437 1.630205223620522 3.87430936345819 1.633443355962612 3.612373004217808 8.110910110904104 9.148602887200646 8.133592465719335 6.056368391303906
0.5244854399781845 0.23505543467772422 1.0337933476970202 1.5048810725458661 0.9563664882579094 1.0737687767020083 0.22300546626309553 1.0772688931757688 1.8952519742180591 1.7314311608782016 1.5139360463974734 0.3957249293641549 1.809027506513146 1.742877644731093 0.4971559116714088 1.338201224882293 0.2368705030242188 0.4101270838040292 0.7694611609025727 0.4842421520148865 1.5661632586889096 1.6728956441554583 0.8203240837265913 0.7738378343523805 0.4009902175903887 0.3511156579797027 1.4829066842399172 1.27917811326378 0.30021262325314113 1.0636351069869747 0.923017665135174 1.726362195584554 1.492128522811782 1.283715292247884 1.1942908787098951 1.9083843159439475 1.9760119946452435 0.80849728936915 0.6317744222944521 1.633584357178303 0.31463557539437975 0.8563081573928739 0.3260410447241044 0.774861872691638 0.32668867119252243 0.7224746008435616 1.6221820221808207 1.829720577440129 1.626718493143867 1.2112736782607811
0.1688172985854528 0.4472010864871986 0.11680695127552476 0.26717466365182385
0.020732978881171316 0.279219030549383 0.4347157114739474 0.2653322790954983
0.4003284329218084 0.2522863069937755 0.15395205101213716 0.1934332090722789
0.33387442145109236 0.30834043728996274 0.30761844699612606 0.050166694262818834
0.019343362298242628 0.44219692908905783 0.15009170534751393 0.3883680032651856
0.36761762506764994 0.08514153942434766 0.2871923533058971 0.2600484822021053
0.6480564419758135 0.08615654532953954 0.059659419329454066 0.20612759336519293
0.1930180802665976 0.12585215949197748 0.01521265454376397 0.6659171056976609
0.31818719398704765 0.3405051574460408 0.18624617943908728 0.15506146912782426
0.30097916984093387 0.04273413711937046 0.0945073639170394 0.5617793291226563
0.2693035401785444 0.3576942790127663 0.34697043657394844 0.02603174423474086
0.4155036692248403 0.10350407236281867 0.014686240308694476 0.4663060181036466
0.4477711603657113 0.04972519238255113 0.2264149098713516 0.276088737380386
0.5565211058717441 0.28416432451690077 0.1304897732423499 0.028824796369005257
0.42039077484565157 0.49140470943032244 0.018970438183295357 0.06923407754073063
0.5388502918850757 0.05663639857797853 0.11747622976998051 0.28703707976696524
0.14491946190451044 0.3605537067150606 0.45058509542871605 0.04394173595171291
0.35778924129581746 0.19613803152576847 0.09411920035101096 0.3519535268274031
0.055084832105785964 0.1777980005235027 0.7561983289500672 0.010918838420644117
0.05411530447521384 0.42414133575762303 0.28895964438133726 0.23278371538582587
0.35583007986260196 0.25814024936076174 0.0675887137748652 0.3184409570017711
0.05295186810844732 0.02542793960721257 0.28220007068110253 0.6394201216032376
0.1759034817259575 0.5302441461017763 0.1082932430873168 0.18555912908494943
0.17079014782816504 0.12024782797516331 0.3824521679168672 0.32650985627980444
0.02773266075835501 0.29263978893082665 0.4314947194736727 0.24813283083714566
0.06544658271019488 0.538279964682567 0.08420969947867563 0.3120637531285625
0.14062588525348063 0.7207668021598638 0.041254741605680434 0.09735257098097516
0.5443871912785486 0.22815055613979696 0.020744314829489463 0.20671793775216496
0.234288511937924 0.3892080915193611 0.28495133940325423 0.09155205713946069
0.3743355683698556 0.09618448084534681 0.023034313135859574 0.506445637648938
0.27399239180774915 0.14131512380510214 0.0322972615155217 0.552395222871627
0.7588901036227373 0.12411666466805882 0.054497416081968675 0.06249581562723516
0.3304821088661958 0.1102718747497522 0.15246187597317484 0.4067841404108772
0.2840215869807551 0.07008104540037541 0.4744275408595484 0.1714698267593211
0.01836989442987258 0.4761937410571868 0.007606147548613995 0.4978302169643266
0.27827656976936765 0.5610118408325153 0.020582775365507566 0.14012881403260946
0.3386884703760198 0.3396610885318696 0.07693407381605566 0.24471636727605495
0.314647120130355 0.20249727912880378 0.4766320701296832 0.00622353061115799
0.2115011781361238 0.09094436008800122 0.46211736022256245 0.23543710155331254
0.03304441704947503 0.039524827112942695 0.48991549162374803 0.43751526421383424
0.02797631300041259 0.09615517896962578 0.5290136328940767 0.346854875135885
0.27985678149375914 0.25655647394449277 0.12813573734113415 0.33545100722061394
0.06574940877546687 0.3363966494637901 0.38946842053034825 0.20838552123039478
0.03839609224862206 0.03764528567809855 0.8292260308116385 0.09473259126164091
0.4479663902269472 0.3144640659394301 0.005453666109102806 0.23211587772451991
0.46612051709664437 0.1384067221779155 0.17575720492182922 0.2197155558036109
0.2913424595463794 0.3302362638733485 0.009077542337436628 0.3693437342428355
0.09846297786639624 0.17379330145132432 0.04913239789011892 0.6786113227921605
0.535743793854694 0.3607362335729487 0.05989891420827709 0.043621058364080256
0.7100334933361196 0.011540488131335569 0.03298403515600845 0.24544198337653633
0.06288762386070046 0.2985959183425013 0.07475739146195914 0.5637590663348391
0.7011642750435169 0.06938379137150219 0.16235656077232685 0.0670953728126541
0.35843792834815624 0.4060531681963152 0.04647547741059588 0.18903342604493267
0.33436415416124 0.403888468687433 0.21919142997728214 0.04255594717404487
0.07500199310871569 0.2906681744684374 0.39397929997502046 0.24035053244782645
0.16902881059075237 0.24963461959108846 0.20417057747114875 0.3771659923470104
0.6960661747706572 0.1369712338137702 0.04225717143925545 0.12470541997631712
0.4379592060627783 0.13033046286448802 0.1993425660120418 0.2323677650606919
0.21800337527051994 0.0841613125170908 0.2733938532676238 0.4244414589447655
0.08569480601338675 0.005719780912263439 0.6178864308457855 0.2906989822285643
0.6252248400713203 0.031483966117341944 0.168943422883588 0.17434777092774978
0.2860446694951897 0.6250769953055372 0.011328573470143044 0.07754976172913008
0.4939130011335059 0.05672646981886298 0.09808272733233159 0.35127780171529954
0.12704826111139933 0.2393789499300849 0.5659865078971532 0.06758628106136255
0.23834610123997146 0.0753330518633829 0.6462834942371274 0.040037352659518244
0.22803686619425723 0.2935366252015459 0.41057513027341863 0.06785137833077826
0.13648451325554378 0.7931206010947007 0.03632578234907213 0.03406910330068336
0.04587020519081331 0.0070626439239239724 0.683376622667334 0.2636905282179287
0.2477996424832022 0.4580846161421088 0.1406127185220477 0.15350302285264128
0.454197800127103 0.46130520397155694 0.06419030422034555 0.020306691680994526
0.05317982877899563 0.259364930502208 0.6354052704709502 0.05204997024784619
0.24699815272037573 0.5846617868101027 0.12051554076376392 0.04782451970575763
0.19072161285288602 0.7208112339161972 0.049854924987990934 0.03861222824292587
0.2484196822431457 0.050670548048839636 0.4915232956810228 0.20938647402699184
0.2987078763658917 0.12395209828045917 0.45659608840604793 0.12074393694760122
0.5683058309279074 0.006350112872702041 0.024994160445574454 0.4003498957538161
0.2218770910355624 0.1300945028684315 0.17905781200994553 0.46897059408606057
0.14322266096375436 0.08646106286893185 0.6731531087080672 0.09716316745924658
0.2236384804517928 0.15585870793474255 0.1028639071958325 0.5176389044176322
0.05971972772944523 0.1280459865893272 0.4804053079489399 0.3318289777322877
0.023839804008858878 0.3919697518680255 0.5346017097056105 0.04958873441750511
0.3006610742984531 0.1333309882888637 0.5067169297830695 0.0592910076296137
0.25036821423134437 0.33706600956586785 0.05548504803946708 0.3570807281633207
0.3248058703912017 0.021389843564278643 0.19958962111091605 0.45421466493360363
0.3108377529861255 0.4307408775666782 0.03731460104876261 0.22110676839843368
0.11521202185396162 0.05813300082069339 0.310802859883057 0.515852117442288
0.10519406923913521 0.4270461098676116 0.024680916438201916 0.44307890445505127
0.17521486475504 0.2056555969171413 0.5096341591167031 0.10949537921111563
0.2091003056378511 0.45793378853345534 0.15593171175747578 0.1770341940712178
0.08965531399991189 0.286676952929546 0.4962190821013255 0.12744865096921665
0.09636570359272345 0.5523683708919959 0.022586984342394256 0.32867894117288643
0.09092484166469161 0.03007562510119599 0.11999248510647287 0.7590070481276395
0.46242776805153285 0.2061054049423069 0.0330156255348939 0.29845120147126636
0.0030641225222766133 0.2752187526605774 0.6706729317238287 0.051044193093317314
0.4518782761977712 0.19110478339476356 0.06699790594036681 0.2900190344670984
0.015716058074189188 0.6392120625397008 0.22707652885400154 0.11799535053210852
0.3941051418095679 0.4225072170706141 0.004343423238975963 0.17904421788084202
0.1684781135159218 0.2704982401562168 0.18935915648667823 0.37166448984118317
0.34219781219585366 0.07743029493530917 0.5571027769080886 0.023269115960748543
0.22234907776730561 0.25095824980084336 0.03220194775156282 0.4944907246802882
