57 10 4 26.702252017448878 53.40450403489776
1.7861467861195757 3.0742938959655524 4.6995496357502144 3.797044287040783 6.0936030168535495 5.905573334054655 8.26389498547339 9.263395965552377 5.6988167755930945 4.822185352494565
0.35722935722391513 0.6148587791931105 0.9399099271500428 0.7594088574081566 1.2187206033707099 1.181114666810931 1.652778997094678 1.8526791931104754 1.1397633551186188 0.964437070498913
0.07180395454963784 0.14234958132581532 0.20636029017959312 0.5794861739449537
0.4678638043853316 0.4067303763266371 0.05269371409024037 0.07271210519779092
0.019193037721577433 0.38279681511533403 0.590289717174152 0.007720429988936517
0.041465865180718375 0.04147187376744221 0.3462039688337488 0.5708582922180906
0.08372024324543392 0.3779476535696509 0.21137596938431924 0.32695613380059596
0.19747140778361083 0.5892358478488539 0.06597169228754995 0.14732105207998536
0.5072899906243948 0.16119423815751033 0.02422977198617149 0.30728599923192335
0.19623779493713178 0.08854636385238768 0.023824404360177853 0.6913914368503027
0.13456831445065065 0.15149452970469923 0.4894588370914741 0.22447831875317603
0.45548151539566306 0.1912674221788262 0.3507787839278895 0.0024722784976212164
0.44748567978307296 0.1346841081553226 0.3163590622408222 0.1014711498207822
0.05216005685825831 0.048477100078721636 0.060349687405552244 0.8390131556574678
0.07183655444100301 0.03331076140287703 0.6161668310342973 0.2786858531218227
0.0186505362797188 0.0010798075389794048 0.2611742100399196 0.7190954461413822
0.6695865762657407 0.12737932756958914 0.09790803790569547 0.1051260582589747
0.5387093317654362 0.005678605841467954 0.11963617309445773 0.3359758892986381
0.2773570455915705 0.3219072101270146 0.1320930778543774 0.2686426664270375
0.3693709457615534 0.28987041703575633 0.2678757890452522 0.07288284815743806
0.4946628445954995 0.14665260049387696 0.02341993458029723 0.33526462033032634
0.6910032731322941 0.11780147690516807 0.12924035372239928 0.0619548962401385
