39 40 4 126.58597650972432 253.1719530194486
5.922002405308192 8.181091191543448 8.383616919085432 2.09844880147181 6.418018061122942 5.729631250281253 5.175175652290616 5.243011699820642 6.694415585895983 9.330974924253972 8.339526241753976 9.499975771450039 9.276266278535857 4.733477167159189 8.432307660728354 9.516341069554752 6.652414479118475 3.2704281312661614 6.331158125425379 8.743634299656144 1.4360718846881837 8.693186925806375 7.481926157783402 3.6637609317132864 5.368658249615223 8.59847948207008 6.422420296133518 2.4143123768938946 5.734920225626897 2.6883751589341314 7.034023041696266 5.9387425565883465 2.407833136446336 9.392466147658407 5.886579288379228 6.873015066294205 7.042127736718234 8.370507017298994 1.122028593367189 8.630603030013852
1.1844004810616384 1.6362182383086896 1.6767233838170863 0.419689760294362 1.2836036122245884 1.1459262500562506 1.0350351304581231 1.0486023399641284 1.3388831171791966 1.8661949848507944 1.6679052483507952 1.8999951542900078 1.8552532557071715 0.9466954334318378 1.6864615321456706 1.9032682139109505 1.330482895823695 0.6540856262532323 1.2662316250850758 1.7487268599312287 0.28721437693763674 1.7386373851612749 1.4963852315566804 0.7327521863426573 1.0737316499230445 1.7196958964140159 1.2844840592267037 0.4828624753787789 1.1469840451253794 0.5376750317868263 1.4068046083392534 1.1877485113176693 0.48156662728926725 1.8784932295316814 1.1773158576758456 1.3746030132588412 1.4084255473436467 1.6741014034597987 0.22440571867343778 1.7261206060027703
0.11325298922511051 0.32181889377805617 0.28019209834015213 0.2847360186566812
0.13349053598295024 0.08786683378667992 0.05929951568499636 0.7193431145453735
0.20339774699728486 0.015829338590644726 0.503669777074606 0.2771031373374644
0.10934287709299495 0.4318371391499509 0.3453970919297983 0.11342289182725585
0.8688694702243054 0.07907946819953715 0.028343772114895693 0.02370728946126177
0.31815538716099034 0.09313637355809812 0.5392089795559732 0.049499259724938294
0.0908245617633181 0.2169338151460506 0.5263540684822063 0.16588755460842497
0.30867440877913765 0.17225476774934734 0.2415114728935548 0.2775593505779602
0.5212499111113165 0.36054927004733195 0.0720267436872507 0.04617407515410088
0.011519220430084354 0.4814535924783183 0.3774239915871652 0.1296031955044321
0.3425843014914942 0.3069570639172122 0.1576798299392106 0.19277880465208297
0.03288953333391487 0.4297066341512289 0.46058805974220085 0.07681577277265539
0.0467470253531852 0.11240781609327166 0.7819534471827635 0.05889171137077964
0.33429111615661433 0.059534988188286175 0.2839844022038308 0.3221894934512687
0.38719376496334845 0.1419527764603098 0.03815140258309235 0.4327020559932494
0.14618543855534272 0.2759128105152783 0.4916461832334831 0.08625556769589593
0.6020363991337946 0.03376831780564293 0.3460664353335652 0.0181288477269973
0.25617198938335595 0.41079225351428317 0.16899986787745003 0.16403588922491086
0.2504383454445074 0.5979997592080105 0.1442290619516048 0.007332833395877314
0.20303055759073396 0.10503673759931464 0.4131553214820526 0.2787773833278988
0.1688753210093794 0.22932541312599242 0.5555695195463805 0.04622974631824772
0.22989237861318845 0.23362415022758087 0.38071109580454077 0.1557723753546899
0.4860200196465141 0.19471903247496636 0.12055628439762267 0.19870466348089688
0.1360602539335347 0.10799174078226559 0.004237291090848139 0.7517107141933516
0.2654697032801968 0.02858361268870735 0.3041985622085128 0.401748121822583
0.22861205646290272 0.4452502607687526 0.2756291380014302 0.050508544766914465
0.5142131893527211 0.13599302508961142 0.34798277314667947 0.0018110124109880221
0.19927185245437606 0.11895319455620712 0.1698056394631634 0.5119693135262534
0.1942905158906546 0.3250404598642811 0.04480101536108594 0.43586800888397836
0.40097893716514976 0.07338523153589716 0.321314412317221 0.20432141898173206
0.0557090044127595 0.4673663456285897 0.40023051473204785 0.07669413522660296
0.13361480256613933 0.13659415846861267 0.4332785370205079 0.2965125019447401
0.0590622843998696 0.05531001757998388 0.06030785969980712 0.8253198383203394
0.02999837511736536 0.2131817633647105 0.3776422571523481 0.379177604365576
0.5288012744868175 0.1198899181161418 0.2565466791146015 0.09476212828243924
0.05203473770228795 0.7333817440732235 0.11481670957409496 0.09976680865039356
0.0642721617873192 0.3021483337315286 0.5037559077919191 0.12982359668923305
0.11758695526862739 0.331795034980392 0.4298883475998193 0.12072966215116132
0.21680859269846198 0.7391297768753313 0.004560839359386226 0.03950079106682047
0.337718103119369 0.5592040459992987 0.00016159754247058178 0.10291625333886167
0.477456963246889 0.13490523738889781 0.2278291496688004 0.15980864969541275
0.03972312647679699 0.2539297986550897 0.4293083497410394 0.27703872512707395
0.23472960321027847 0.1119175699187559 0.44420431442676966 0.20914851244419597
0.013636860110358584 0.8821878880519711 0.04405371879566433 0.06012153304200596
0.01607688827247833 0.28537875257946377 0.5129432232695057 0.1856011358785522
0.29844492581826476 0.04155498522700429 0.09841304826177921 0.5615870406929517
0.6907660928695645 0.028365176732116693 0.2315055554993115 0.04936317489900732
0.11435661244016126 0.4531974724330232 0.22904482895242684 0.20340108617438868
0.4017813542114521 0.302070421923349 0.07378953954636025 0.22235868431883865
0.5633051281014123 0.032720363900831884 0.0512203050969714 0.3527542029007844
0.2699948045113091 0.05778681343163483 0.5776475921301747 0.0945707899268814
0.04912258805601377 0.11931562477147095 0.3942689061235948 0.4372928810489205
0.35922194896722703 0.039540710067444196 0.36277345489133417 0.2384638860739946
0.16921891214984552 0.6167886448255201 0.05971880868147594 0.15427363434315844
0.1743128454402857 0.26388338653482313 0.5458206748584243 0.015983093166466844
0.10296695459087479 0.09764066285760242 0.5318842277368323 0.2675081548146905
0.08073652364191242 0.032525568072183764 0.13206283177353073 0.7546750765123731
0.32379328165128174 0.0017205370119875996 0.487506452775858 0.18697972856087264
0.8062664744530645 0.14581820920216726 0.011151003175679852 0.03676431316908835
0.24848229413241063 0.1842821371466583 0.3145690472947368 0.2526665214261943
0.2708194472706369 0.1278988963187857 0.041492507642766796 0.5597891487678106
0.3267620341546601 0.23377532929061362 0.12022892540517871 0.31923371114954757
0.4563701888209881 0.014752338321853187 0.10154797267844173 0.42732950017871696
0.06299893461740802 0.6763653406891325 0.22537319790970523 0.0352625267837543
0.2753988923225884 0.3290067356317198 0.030892191003112912 0.3647021810425789
0.2807218862171942 0.3004973473445378 0.21811653003360953 0.20066423640465847
0.23745666867329795 0.4802236994142014 0.15503384294470535 0.1272857889677953
0.1424651833393632 0.2362917750439798 0.2609392821013157 0.3603037595153413
0.434397232196 0.17534896253584265 0.3083925205768555 0.08186128469130183
0.14692497933569204 0.09347552998282682 0.5476129893266679 0.21198650135481323
0.4519830052125958 0.4385186329414694 0.025505730989625497 0.08399263085630926
0.02326790375350485 0.44248013140707765 0.28513683145113533 0.24911513338828217
0.20772277076735923 0.34441041286415786 0.22529763710645745 0.22256917926202546
0.4111684578429936 0.17827052457707837 0.03680846573702157 0.37375255184290646
0.47654216845123953 0.04954736301797458 0.09200827854479288 0.381902189985993
0.293894687802156 0.187127144866699 0.42683719287801314 0.09214097445313185
0.8123913277855285 0.12070856429151311 0.061787060634438506 0.005113047288519912
0.10482620415410093 0.5905969829498512 0.26367616540013716 0.040900647495910714
0.2887070354424911 0.023951684836633014 0.14852383398779645 0.5388174457330794
0.17336221305367228 0.497623211268589 0.2625954200817734 0.06641915559596534
