7 100 4 282.0793949186376 564.1587898372752
1.6867746043656147 8.019269130161032 4.945683082968042 7.511186600478471 9.801905607969424 5.846462833693903 5.510084172939441 1.648460200237854 3.4159508209168408 5.49894250743004 7.113069965088465 8.23365132493938 4.4284701983368455 1.593427122153146 3.593310393771942 9.186341749476522 2.9204681822192393 5.069115656359148 9.380854177201195 1.224093047953132 6.404940257177103 9.55116550372281 3.0727259111886833 5.936409273124274 9.182155373980581 2.1985250118332513 5.710713226063892 7.753688731918314 7.021119167955224 5.209775737704827 2.843641812680156 5.416893001819634 4.3514622044655304 5.296610393664295 4.293013472025336 8.541261948783346 7.917827558675584 3.8259520949139594 6.153627993795586 3.484441434976256 5.075586392917604 4.176805293499552 6.916595165017824 4.333159746892317 5.131836801022883 7.473917102581374 4.716926462024511 9.157809422479048 2.6240645728241345 7.670069856219379 4.801366392788263 4.838082154164481 6.709418817704549 5.706155809255107 4.733973805954989 1.0128419250648237 1.8303611126207686 7.384549543526915 5.719110370886775 7.26544417165272 9.599214907026333 7.146224689378758 1.478158216056618 3.779674163774174 6.333352185910357 3.116083665317179 9.684738995825143 9.505434014135144 8.635607927539198 5.25091596659562 8.573290434085575 2.1799957811312254 3.7786029156805188 5.166967547389754 7.676624806151201 5.37242705838007 2.231885069177058 4.091828767339225 3.919835527051987 3.7037701388623576 2.489512604192087 4.734115953159268 5.03308591752451 7.974103382326154 8.167516307042936 5.701511152014507 5.145672665469492 8.003922413895069 8.985600566674613 7.074268928801089 8.20431144098617 9.452002183589668 1.365902284930172 8.88104552383075 3.489067652060208 5.281880494818198 8.170848612387122 7.45518009047707 2.3243281474752373 6.928734330587309
0.3373549208731229 1.6038538260322064 0.9891366165936084 1.5022373200956942 1.9603811215938847 1.1692925667387806 1.1020168345878882 0.3296920400475708 0.6831901641833682 1.099788501486008 1.4226139930176929 1.6467302649878761 0.8856940396673691 0.3186854244306292 0.7186620787543884 1.8372683498953044 0.5840936364438478 1.0138231312718298 1.876170835440239 0.2448186095906264 1.2809880514354206 1.910233100744562 0.6145451822377367 1.1872818546248547 1.8364310747961163 0.4397050023666503 1.1421426452127785 1.5507377463836627 1.4042238335910446 1.0419551475409654 0.5687283625360312 1.0833786003639267 0.8702924408931061 1.059322078732859 0.8586026944050673 1.708252389756669 1.5835655117351168 0.7651904189827918 1.230725598759117 0.6968882869952512 1.0151172785835207 0.8353610586999103 1.383319033003565 0.8666319493784634 1.0263673602045766 1.4947834205162747 0.9433852924049022 1.8315618844958095 0.5248129145648269 1.5340139712438758 0.9602732785576527 0.9676164308328963 1.3418837635409098 1.1412311618510214 0.9467947611909977 0.20256838501296476 0.3660722225241537 1.476909908705383 1.143822074177355 1.453088834330544 1.9198429814052667 1.4292449378757515 0.2956316432113236 0.7559348327548349 1.2666704371820714 0.6232167330634357 1.9369477991650286 1.9010868028270287 1.7271215855078395 1.0501831933191241 1.7146580868171148 0.4359991562262451 0.7557205831361038 1.0333935094779507 1.5353249612302402 1.0744854116760139 0.4463770138354116 0.8183657534678449 0.7839671054103974 0.7407540277724716 0.4979025208384174 0.9468231906318536 1.006617183504902 1.5948206764652308 1.6335032614085871 1.1403022304029014 1.0291345330938984 1.6007844827790136 1.7971201133349226 1.414853785760218 1.6408622881972341 1.8904004367179337 0.27318045698603444 1.77620910476615 0.6978135304120416 1.0563760989636397 1.6341697224774243 1.4910360180954139 0.46486562949504745 1.385746866117462
0.06925207000983546 0.5306023675336109 0.21297511262025992 0.18717044983629372
0.0071432752789984955 0.4559929427591488 0.3580913902684122 0.1787723916934405
0.12814785400273287 0.41329427809248676 0.2870110629009057 0.17154680500387465
0.16952372356620915 0.054554913380110204 0.43507976012424154 0.3408416029294391
0.5326448049436736 0.32433082116808654 0.11816405504535554 0.02486031884288431
0.16910106336538333 0.27242867933725645 0.4676527210582089 0.09081753623915134
0.5497141208007275 0.11525484210403358 0.18037619585921238 0.15465484123602657
0.008216505039312039 0.02731229979105132 0.7723420416231882 0.19212915354644844
0.023190368099362146 0.04043191759918974 0.633073616490861 0.3033040978105871
0.13457045864468764 0.4557753956616475 0.4022118648663051 0.00744228082735976
0.010579906938345762 0.7608624376253365 0.15517059320637439 0.0733870622299434
0.023903026142330863 0.2533165565519644 0.332395215640264 0.3903852016654408
0.36078049378522115 0.3117805357368916 0.23815242476612553 0.08928654571176176
0.18140428905736694 0.35358747187054873 0.20209629862437506 0.26291194044770927
0.19250821895985537 0.18586791447156392 0.5403330717108488 0.08129079485773194
0.1068767442566414 0.12579435137533235 0.04364609057881963 0.7236828137892066
0.6501283286286327 0.10182523251357489 0.17064959193574925 0.07739684692204318
0.6035595516954865 0.06880966673379996 0.07245445525252314 0.2551763263181904
0.4246255327956413 0.23182475374296074 0.3170252817310988 0.02652443173029917
0.039628573866894334 0.7214561703547916 0.05766024840161288 0.1812550073767012
0.30765459009285157 0.28839453003229887 0.2995608650897915 0.10439001478505805
0.4448123649543787 0.18473780650795324 0.05535386559778188 0.3150959629398862
0.2893728115784362 0.4960479100070735 0.041855607394087446 0.17272367102040287
0.628851403064647 0.218055157395327 0.045430896795258024 0.10766254274476794
0.09934751415963061 0.21114705233611186 0.23213709095198898 0.45736834255226855
0.035273336313462744 0.5220442895545165 0.3380491586690827 0.10463321546293802
0.5617406560688765 0.0365205715029544 0.3869584278077157 0.014780344620453412
0.05260174257878858 0.31827315671069567 0.5056572572000879 0.12346784351042783
0.2451093526405581 0.083940191246204 0.559939052997347 0.11101140311589086
0.16497671550850213 0.13303653369235136 0.10725439103310153 0.594732359766045
0.13486463139689686 0.39534075469466545 0.4007492916486374 0.06904532225980031
0.09258180314495723 0.056643147546129535 0.5821963282090199 0.26857872109989334
0.05275579312450329 0.4555958827638863 0.440076620170329 0.05157170394128141
0.005641953918997911 0.20914589728971267 0.7233469698196386 0.06186517897165078
0.04777321268593582 0.4912834879957001 0.28405541097890585 0.17688788833945823
0.39860229097586564 0.319034144437483 0.15142195089232124 0.1309416136943301
0.23783677370292255 0.06074265443147642 0.20647393906694222 0.4949466327986588
0.10355858036340682 0.09221574895904738 0.1784255681391399 0.6258001025384059
0.03903315147522535 0.8539438526147729 0.04219768225427156 0.06482531365573019
0.0087991107002795 0.04315778443221008 0.11375702961362788 0.8342860752538825
0.10992797653721198 0.5474984086246457 0.2953250096334905 0.047248605204651795
0.5462384288947734 0.1944083019650158 0.17327320786276246 0.08608006127744838
0.512547003441387 0.22218990435113972 0.09820320094124901 0.16705989126622423
0.16082576513729407 0.6469618660795371 0.0001253209223658347 0.192087047860803
0.23576232699798172 0.3036438829526752 0.4254401290763047 0.0351536609730384
0.27454222792907357 0.08211982078549984 0.11508864013683873 0.5282493111485879
0.17900540683472177 0.27077820209516634 0.19463128733255242 0.35558510373755947
0.34246012540114046 0.12842787132792777 0.36933115895224133 0.15978084431869044
0.4238299338665591 0.0771553367273633 0.48892886345930786 0.010085865946769745
0.27480238333460283 0.16239428509689946 0.10476616950225714 0.45803716206624057
0.3517016767403299 0.455353642331783 0.17414003852363003 0.018804642404257055
0.22438840593729437 0.34517148078813886 0.3194640088437759 0.11097610443079087
0.2812317068822252 0.20649344578526296 0.4627202526706482 0.04955459466186363
0.6463560193551533 0.010348661038121598 0.25849638743626646 0.08479893217045864
0.048692537116349466 0.22252027077575387 0.6511267896397805 0.07766040246811612
0.37415764755276726 0.08445659339519562 0.14647466170776702 0.3949110973442701
0.21674199029017294 0.03193987586699565 0.5736657020788021 0.17765243176402934
0.09926346308256806 0.12437529686341264 0.7123858614602075 0.06397537859381175
0.344659037128738 0.04190732570614708 0.026182879429114347 0.5872507577360006
0.4110291024059428 0.10870021507278338 0.3421374020439567 0.1381332804773171
0.3673556084639532 0.4603446841877904 0.15781594904362573 0.014483758304630667
0.07418767473225829 0.014719295995285875 0.4153670123571098 0.495726016915346
0.16398227758722628 0.5345643607593671 0.10021607290501611 0.20123728874839053
0.09751452691002915 0.10673945164340093 0.75589071306767 0.039855308378899945
0.27220994867786064 0.09631334401185399 0.5923545564460786 0.039122150864206784
0.603652973857912 0.12161884853187077 0.09539451214874806 0.17933366546146923
0.1490790498675565 0.4810662345741872 0.33447203481073673 0.0353826807475196
0.015910411244439815 0.11316298954331361 0.34962528552997807 0.5213013136822685
0.039408558168117946 0.31738613219922795 0.1316614800636362 0.5115438295690179
0.37572270111652595 0.541262673862065 0.016382329958723463 0.06663229506268564
0.00974250291163048 0.5973950439885347 0.362138548548834 0.030723904551000825
0.582878176454622 0.03530752576483587 0.3083530068245929 0.07346129095594922
0.2292049514102351 0.013193291094798276 0.1260097169763137 0.6315920405186529
0.27707018279551543 0.42543220193768827 0.18998075616993293 0.10751685909686337
0.1787653995049835 0.5954661530502376 0.13280582426456955 0.09296262318020931
0.13523555336854598 0.15876002444983672 0.616878286452479 0.0891261357291383
0.0063768281012825945 0.11747224929230693 0.30721924406283874 0.5689316785435717
0.10336897269153933 0.14659261058756068 0.1426439871885572 0.6073944295323428
0.29212927796628596 0.20526435331993376 0.2833368598785475 0.21926950883523277
0.15519449168211252 0.5783636565765516 0.22211850764671692 0.04432334409461891
0.13151247592984172 0.3229697056813722 0.40527690585043663 0.14024091253834947
0.2455131433178379 0.20440190660072488 0.24927920499252398 0.3008057450889132
0.15210286842093013 0.042151576609186114 0.5352577144898046 0.2704878404800791
0.06745267411962508 0.4096793972755596 0.31553920592172846 0.20732872268308689
0.0147186060807597 0.340527310699841 0.48245648129656804 0.16229760192283127
0.08393714768006222 0.6882999497765216 0.025607521654011367 0.20215538088940477
0.00018491902993955645 0.04306300863064971 0.5547591759899796 0.40199289634943114
0.6318790922401964 0.03851889090796856 0.16154601038657757 0.16805600646525742
0.15563480013998365 0.16850102363156538 0.37308898150664005 0.3027751947218109
0.14248297349124084 0.247202427951412 0.48564979070842507 0.12466480784892209
0.05770875722846036 0.6508400725208875 0.09769704859149364 0.1937541216591585
0.34170809180630035 0.10731110413366984 0.17021626871838225 0.38076453534164756
0.0006913526320485586 0.5652421813534313 0.23425927177503658 0.19980719423948357
0.24719434828197784 0.1628057310878891 0.2868939592066805 0.3031059614234526
0.15259950172875503 0.390383174366848 0.02851583801677171 0.42850148588762527
0.33223742627782027 0.05118005027897943 0.49576754421156743 0.12081497923163287
0.30551578924566625 0.08472894578905232 0.06974274631872657 0.5400125186465549
0.2301799038896999 0.400193529254793 0.28577914256526205 0.08384742429024505
0.010210705697591416 0.3847022066507826 0.3873576791489737 0.21772940850265232
0.28465481866109177 0.41463115260327554 0.04756106321905784 0.25315296551657485
0.35707062835287895 0.07063420467467163 0.3004564501195832 0.2718387168528662
0.05549950311272267 0.3647573305598124 0.340258286307748 0.2394848800197169
0.23043067441021947 0.3773400770336477 0.33403851674758134 0.0581907318085515
0.13247398881674854 0.44238859877240055 0.20736756373462917 0.21776984867622173
0.03367420450284819 0.24058438869157306 0.5226927642491431 0.20304864255643562
0.19753288946715686 0.5216992522251797 0.1574687884892988 0.12329906981836469
0.16471665877901287 0.003558646588231462 0.6395601539288251 0.19216454070393052
0.044766260845139016 0.23676755700335472 0.08008282986356352 0.6383833522879427
0.1494863033242304 0.27756718968949723 0.09766634375490424 0.4752801632313681
0.2416029166538498 0.08975429430855586 0.6093041824339824 0.0593386066036119
0.45860347976796934 0.3720368462258353 0.03555870809058648 0.13380096591560886
0.12063242830615817 0.15096279195340567 0.6010319628846232 0.12737281685581292
0.030439266665623133 0.04090042059158416 0.3467598554203586 0.5819004573224341
0.1602024106191695 0.15684147131702664 0.2039702213459802 0.47898589671782366
0.20628585650065434 0.1482251615449517 0.47358255150134154 0.17190643045305243
0.369485915660384 0.08159268729015845 0.050728288167881 0.49819310888157653
0.06166533016986864 0.32084580875996516 0.21310997409054033 0.4043788869796259
0.28757994211990023 0.4244688446614946 0.23422714039103298 0.05372407282757219
0.14693031569354353 0.4467070137153286 0.36174612241200677 0.044616548179121085
0.18802992858258616 0.44847241384708114 0.3521319921322713 0.01136566543806139
0.09190485216377231 0.15448879212194855 0.2158822978450068 0.5377240578692724
0.10471130357324376 0.13731130389088908 0.5748713868783153 0.18310600565755186
0.14567943338343392 0.3675639664603051 0.06746197076814675 0.41929462938811424
0.2585894985926458 0.16266421000662756 0.4142148525482614 0.16453143885246524
0.457598874651717 0.18865523479707524 0.10779908753438261 0.24594680301682514
0.057253559800167664 0.2706575394965087 0.42560741940624125 0.24648148129708236
0.1157140506093054 0.22132022882096258 0.5571110575259476 0.10585466304378444
0.3272936465153866 0.03417143211314999 0.37115683082354434 0.26737809054791906
0.05953265441246691 0.5844553248191554 0.32442522198522716 0.031586798783150516
0.16003346144532782 0.6178266051219535 0.12171571229404343 0.10042422113867522
0.04316993559752147 0.31505560886160044 0.6031681689788017 0.03860628656207643
0.10605921802055862 0.05514079119628834 0.3625080055829014 0.4762919852002516
0.047013165032900206 0.044278624956714085 0.027338030383961875 0.8813701796264238
0.4697126947232173 0.2933593780578665 0.23613622861624117 0.0007916986026750283
0.38944790403053664 0.2199387370140875 0.28234679650959504 0.10826656244578081
0.09778734397791733 0.7366913751843495 0.03742618818371868 0.12809509265401453
0.48592205598747296 0.17866869956138487 0.1682826571886561 0.16712658726248608
0.21199017413297783 0.2646371192600494 0.2988552598333294 0.22451744677364338
0.3160471105078284 0.20825597697779286 0.26867859484823553 0.2070183176661432
0.3428752381260801 0.33123608922059433 0.1528322010173151 0.17305647163601046
0.4862334731308532 0.2545016231306313 0.09806066184949347 0.16120424188902205
0.028270392857499327 0.1271502594919096 0.12808447083785024 0.7164948768127408
0.10818383143364096 0.12965689868343233 0.5549741252395656 0.20718514464336113
0.49712883186244583 0.20177231812350305 0.03513952758105887 0.26595932243299225
0.14723009181160007 0.10891435939435112 0.14330437117976436 0.6005511776142844
0.004260377665059822 0.27162413884308667 0.18442008442371471 0.5396953990681388
0.281293183556632 0.3561903944501775 0.2913915360047842 0.07112488598840627
0.3606911077169659 0.35165407473521704 0.25726645917914126 0.030388358368675816
0.6258692404776313 0.08645748236596185 0.002580794662657371 0.2850924824937495
0.24164949358725563 0.6534470470336395 0.032111773724793236 0.0727916856543116
0.11221278513169952 0.26403462897059116 0.10822153793637268 0.5155310479613366
0.34935873416797913 0.4530339695722676 0.05521616968645249 0.14239112657330077
0.19236357434085072 0.36520032659321755 0.43424480264903276 0.008191296416898974
0.10759113231433648 0.8137879483640016 0.02239491862173726 0.05622600069992467
0.3206657354661555 0.5953524552361106 0.0447596367803762 0.03922217251735771
0.3526932166520369 0.5522352721711304 0.05035190618446739 0.04471960499236527
0.13753772023597588 0.2344074808332638 0.191536551644378 0.43651824728638233
0.20690479837042774 0.36801969807656953 0.2737514790865887 0.15132402446641402
0.20401358652979107 0.04759878181041777 0.39451520831903863 0.35387242334075253
0.5262622111585703 0.17098950118475842 0.003179715866642119 0.29956857179002916
0.12437185142418172 0.3638465071481254 0.2962465087404409 0.215535132687252
0.23401971446524739 0.13288122593681528 0.028376085834285414 0.6047229737636519
0.021584144070867173 0.05777373285994647 0.6068595993131524 0.313782523756034
0.10121880242811643 0.1525941522795029 0.6401383087637148 0.10604873652866587
0.46654429147510657 0.10345335565041858 0.013579632863870206 0.41642272001060465
0.11321053506097756 0.40223772067722285 0.47415404156726404 0.010397702694535549
0.3375294202117991 0.14788098748032275 0.009625658703654838 0.5049639336042233
0.37916841822639635 0.4897167407502647 0.033778545449711594 0.09733629557362733
0.31710712739428615 0.1594515695213724 0.4796206299482856 0.043820673136055865
0.11696685105567062 0.46738178314092726 0.27936376914786654 0.13628759665553558
0.323009439198225 0.21379700658085055 0.44437290634546167 0.01882064787546278
0.22653965650377017 0.24096902152550748 0.20135812373175876 0.3311331982389636
0.030252785430060825 0.4918594092925297 0.22783294941396215 0.25005485586344733
0.07381103074993955 0.5795080783981097 0.20938482934003155 0.1372960615119192
0.015432415436890667 0.06283484046159893 0.8310029665608989 0.09072977754061151
0.10976057369371028 0.2785078469498996 0.048129392129345416 0.5636021872270447
0.028049402896189624 0.24429934425454403 0.23983952104104256 0.4878117318082238
0.16152559947465905 0.21836681721780016 0.2789291450820027 0.34117843822553806
0.12417043286141782 0.08420440689152198 0.07094038852273121 0.720684771724329
0.40543191089685615 0.2997810580965704 0.1761066770299543 0.11868035397661914
0.30451829519588325 0.31512366384602786 0.1702440000357458 0.2101140409223431
0.5189983629327564 0.3376846829365753 0.014672873762260008 0.12864408036840835
0.050643527733202354 0.26338085386266075 0.6449833965718568 0.04099222183228013
0.22487727003934888 0.21059449878261893 0.0799304148415042 0.484597816336528
0.16403320698338342 0.12813216887340262 0.21448965646885687 0.4933449676743571
0.5481033627263667 0.13536370865415548 0.22621726609468407 0.09031566252479373
0.6821205804105755 0.12542951827522797 0.1444661935541922 0.04798370776000427
0.03146208991060351 0.038476974173476064 0.1849813525645927 0.7450795833513277
0.6462720092557019 0.030163877724322385 0.0573417779838441 0.2662223350361316
0.054577570176632784 0.20573336021451283 0.15285518566083378 0.5868338839480206
0.06301064777412224 0.19067039903950844 0.6788184904081687 0.06750046277820065
0.26491761620967536 0.561002083591544 0.029639887515680252 0.14444041268310037
0.0761951880274302 0.10582488876285978 0.8103737896641935 0.007606133545516536
0.16182813889671366 0.4113041243714668 0.3121005541693782 0.11476718256244134
0.06193319751351434 0.12533381261879828 0.6322054679909036 0.18052752187678378
0.11635033660355865 0.30102538080544994 0.0014532400451827687 0.5811710425458086
0.15121846518914184 0.1922058627376595 0.41312596754786424 0.24344970452533443
0.24231397219120976 0.15793205082070239 0.4211698522658921 0.17858412472219576
0.5598869553608793 0.069996097292373 0.15533071265837994 0.21478623468836777
0.33871568992326884 0.5742628969198367 0.009349421698794491 0.0776719914581
