29 80 4 229.38946062571205 458.77892125142415
8.773839870130747 3.564153687048641 1.6593074927536242 7.869134838972565 5.074471518394702 5.88067186607897 7.539722045447566 8.6401459685334 7.91379980028084 7.598293509880157 3.177877822334966 7.482778232992649 1.5253957523054906 4.687020335420058 6.496050464718941 3.303233871056995 3.571047347916987 7.16017372129106 8.568277618497032 8.282380780907392 1.0005714617916515 9.312490852497572 8.262686468310868 9.604111608588099 5.362560909184589 6.963166032152694 7.604259918310112 5.195009142856425 8.249033787580945 4.941887759790994 2.161357932791591 6.779355150186597 5.307793327466548 6.923086948413928 1.750176381582229 6.973508244658538 5.418460765686838 7.797830873718581 4.850857004996303 3.9682954168389326 5.29930016166407 9.275831856860966 3.7678369485635876 9.864273686941608 2.023670830866517 9.734636666185038 8.860254957842834 9.52535834170708 3.129127118040956 8.717824139030288 8.231778859239576 2.4670430766172586 3.66423459186363 6.103838644474965 8.905264574192941 1.3411324946807666 4.236596334002029 6.882390799086697 7.691399016466835 9.653775719512664 2.114735436760972 4.599245670089152 5.980309139477914 5.282818279360431 5.528680184864648 4.5240122579458015 9.783653201818655 1.334052543184755 2.569785845739038 4.456952654345211 5.542302889525491 4.335775914570917 8.03508237893097 7.676792036169894 1.0435576443749885 6.760413699462811 4.820379087780436 3.3687485654504106 3.4229751225199063 1.0288033488444865
1.7547679740261493 0.7128307374097282 0.33186149855072483 1.573826967794513 1.0148943036789404 1.176134373215794 1.507944409089513 1.7280291937066798 1.582759960056168 1.5196587019760313 0.6355755644669931 1.4965556465985297 0.3050791504610981 0.9374040670840117 1.2992100929437882 0.6606467742113991 0.7142094695833974 1.432034744258212 1.7136555236994062 1.6564761561814785 0.20011429235833028 1.8624981704995143 1.6525372936621736 1.9208223217176197 1.0725121818369179 1.392633206430539 1.5208519836620225 1.039001828571285 1.649806757516189 0.9883775519581988 0.43227158655831815 1.3558710300373193 1.0615586654933096 1.3846173896827856 0.3500352763164458 1.3947016489317074 1.0836921531373676 1.5595661747437162 0.9701714009992607 0.7936590833677866 1.059860032332814 1.8551663713721933 0.7535673897127175 1.9728547373883216 0.4047341661733034 1.9469273332370076 1.7720509915685667 1.905071668341416 0.6258254236081913 1.7435648278060576 1.6463557718479152 0.4934086153234517 0.732846918372726 1.220767728894993 1.7810529148385883 0.2682264989361533 0.8473192668004058 1.3764781598173395 1.5382798032933669 1.9307551439025328 0.4229470873521944 0.9198491340178304 1.1960618278955828 1.0565636558720861 1.1057360369729294 0.9048024515891603 1.956730640363731 0.266810508636951 0.5139571691478075 0.8913905308690422 1.1084605779050982 0.8671551829141834 1.6070164757861938 1.5353584072339788 0.20871152887499772 1.3520827398925621 0.9640758175560873 0.6737497130900821 0.6845950245039812 0.20576066976889731
0.47338404446396454 0.33564207734343654 0.08275796580452177 0.10821591238807715
0.36734918081640466 0.029425764066315918 0.47218275795333775 0.13104229716394167
0.37484161205273614 0.2917051096691804 0.17801329809445987 0.1554399801836236
0.08180587340534173 0.6732642761642387 0.2440402472807358 0.000889603149683782
0.5011660922664252 0.07761171584685689 0.34132279952975797 0.07989939235695998
0.03061151866749723 0.10976653598579089 0.06666558181384152 0.7929563635328704
0.4669673620042837 0.1889793656340143 0.2579651444231311 0.0860881279385709
0.369697829461213 0.165027090835839 0.11742913552256229 0.3478459441803857
0.42692202999785844 0.14937455198826932 0.31467164928149705 0.10903176873237519
0.3833817422841894 0.08179425234365978 0.38502210117563995 0.14980190419651085
0.08841171639002099 0.17921953605633412 0.3077790800084039 0.42458966754524097
0.07532144234047145 0.608355614535133 0.20152010128700437 0.1148028418373912
0.059740840488262115 0.24969145440438567 0.6269095519763311 0.06365815313102108
0.6322914942476411 0.0993639362297124 0.25356127920863136 0.014783290314015152
0.047331256096581065 0.01436357111883102 0.7493275688973691 0.18897760388721885
0.0019273820582688117 0.6573745537819584 0.30078663006665673 0.03991143409311604
0.1964405760112775 0.6819191338938716 0.06460180938331828 0.05703848071153261
0.14168044809136637 0.7124775449197461 0.1262563706981189 0.019585636290768593
0.3201180062498874 0.06288921253581392 0.5952228022019541 0.021769979012344565
0.08865528585488813 0.09275358163808833 0.14809510216639477 0.6704960303406288
0.28166440289802697 0.024822538396343075 0.1355968604385358 0.5579161982670942
0.06961973783101116 0.41412214031450745 0.3651260366838045 0.1511320851706769
0.25263460623549294 0.12767111359642402 0.5717449513613513 0.04794932880673175
0.03932849561960006 0.7177078633706332 0.1183826832250312 0.12458095778473555
0.025169186962536783 0.04645435470975379 0.07467422073525987 0.8537022375924496
0.05078495663403104 0.1707038325416187 0.573526515230356 0.20498469559399424
0.42188200572689005 0.10154307379543859 0.40248477604334043 0.07409014443433093
0.303424230971743 0.22759803707674275 0.27216435384912785 0.19681337810238642
0.2966883029193095 0.21409752223401413 0.28507009637509984 0.20414407847157656
0.558325482013854 0.02702263422017892 0.27587309197036414 0.13877879179560293
0.21537231073749563 0.0795955077425845 0.036388572681678055 0.6686436088382418
0.2923053528381826 0.02444255856095745 0.21740787178900456 0.4658442168118554
0.1780340128209369 0.5831281160616022 0.15340151064819052 0.08543636046927039
0.23598479698193375 0.2262230098357606 0.367465434018038 0.17032675916426765
0.003015360806069789 0.6281896880846742 0.20952845435429568 0.1592664967549603
0.19391523217795403 0.02702865049850367 0.36081814329617334 0.41823797402736895
0.5700831751096505 0.06021181684481769 0.032883851083711835 0.33682115696182
0.043255507164520535 0.10410974653443006 0.16606483278905382 0.6865699135119956
0.3557310673199163 0.04685145095470544 0.01380356264849325 0.583613919076885
0.5236779337995585 0.05881399863493775 0.12413273263218605 0.2933753349333177
0.23019828978857493 0.10591972674075478 0.2936326195078057 0.37024936396286456
0.23698437588467236 0.299167547471174 0.22175177211239983 0.2420963045317538
0.46801107886002 0.16281466694021807 0.3531011534133597 0.016073100786402228
0.19750542579395525 0.06935054935141627 0.13093868156525568 0.6022053432893728
0.35530728292344405 0.10723002190145414 0.005973412374041032 0.5314892828010608
0.11068716621851082 0.0425384266018789 0.6316639475805207 0.2151104595990896
0.17031905102144806 0.19382598230524306 0.251433034239968 0.3844219324333409
0.04180126941237394 0.4004474749703252 0.4963608580053702 0.06139039761193066
0.19293735729874495 0.17743183189010925 0.21826152575316504 0.41136928505798076
0.7587762846103608 0.00810173779515666 0.01460168770926129 0.2185202898852212
0.16813243338634376 0.11175018490095412 0.5863904077555879 0.1337269739571142
0.15237399958294562 0.011087676227709342 0.3510137815472736 0.48552454264207145
0.13806795164147934 0.4431569710853389 0.14353177764046954 0.2752432996327122
0.4627444060541116 0.010660947658765574 0.5067557313210818 0.019838914966041066
0.17189537457716553 0.12363155328230191 0.6634065240494343 0.04106654809109822
0.13545070125405212 0.07695798880703753 0.35203736236310923 0.4355539475758011
0.025269430002271887 0.20948922041951878 0.015445980532799886 0.7497953690454094
0.15877151120773314 0.4083804214722998 0.013707824900268561 0.4191402424196985
0.012581257604293516 0.6057604518362785 0.041432934852508874 0.34022535570691914
0.08479321949541097 0.3576100371365075 0.4417024801817624 0.11589426318631912
0.20543930601667482 0.3734277510972628 0.2983518581050857 0.12278108478097671
0.06620216734952611 0.19402962077512542 0.5638435494982329 0.17592466237711557
0.23130305989128874 0.32560447859123365 0.31370881790952254 0.12938364360795507
0.6127709910827227 0.020321813636604347 0.303786053689479 0.06312114159119397
0.3407485854084553 0.26892864073343437 0.30898646890154524 0.08133630495656508
0.28640871701890425 0.1973236562004841 0.4457946488573429 0.07047297792326879
0.12044975107187217 0.7942349896507577 0.01610695519753058 0.06920830407983958
0.17281189108793582 0.13724135850226837 0.08909943441886825 0.6008473159909276
0.08906998081138606 0.3557528078426033 0.22785008492053782 0.3273271264254728
0.26294099363995826 0.03640255333088871 0.5561935064940602 0.14446294653509284
0.017130182505505798 0.2821775884068608 0.6126142200163026 0.08807800907133079
0.5043487282322809 0.1289908577008375 0.029080644861048666 0.3375797692058329
0.1369746632954666 0.13424331800465694 0.32539277239511255 0.4033892463047639
0.011920876771437494 0.26009770790839415 0.5825869287094597 0.14539448661070864
0.09093756224939409 0.18771683104226045 0.6062110041853209 0.11513460252302454
0.09471281945163956 0.23211925239452869 0.3718233738329002 0.30134455432093155
0.25635671516473 0.047335880432530675 0.5207358306973014 0.17557157370543786
0.17922656165790296 0.055313055003720746 0.16251194668618163 0.6029484366521947
0.08773486879085823 0.22058653790698712 0.4895303184913862 0.20214827481076847
0.38865685075801026 0.11502390589195466 0.3238551196726437 0.1724641236773914
0.37465165094778097 0.12258229122189312 0.043040415610540395 0.4597256422197855
0.1410864084572968 0.5218482414991477 0.3123785029127736 0.024686847130781953
0.03329565526928435 0.13452465676234782 0.1108952004375795 0.7212844875307883
0.5535734102967413 0.09726112904822304 0.08267980004648634 0.2664856606085493
0.47704741875864487 0.003833591500470912 0.2763476846320134 0.2427713051088708
0.37679080733121795 0.20088116674695067 0.2946370727646538 0.1276909531571776
0.6508538048914047 0.0458357795808626 0.007481473047064147 0.2958289424806686
0.06812662607244035 0.42232894743840443 0.24356264575983866 0.26598178072931655
0.16284856027560313 0.10534110930738749 0.38281491869483486 0.3489954117221745
0.03960732545122547 0.5513823906549329 0.04200625914560341 0.36700402474823823
0.3269552096521894 0.31185504205844894 0.055497080022865686 0.305692668266496
0.6902609161508061 0.036672165337485074 0.161052093439635 0.11201482507207383
0.03193046680152323 0.0329511780916627 0.6693378463622274 0.2657805087445867
0.08794176721491376 0.23258811770426846 0.021444072720370855 0.6580260423604469
0.1621344970774884 0.10283413175084477 0.0614141159847148 0.673617255186952
0.17426054994843232 0.044630991677312104 0.4492955039812807 0.33181295439297487
0.7275999024662128 0.08877802703124382 0.017780912158147366 0.16584115834439606
0.08978561396615037 0.024131218736365923 0.7027177537691764 0.18336541352830726
0.05835935991634067 0.1908722983372909 0.0032933278184745785 0.7474750139278938
0.07495117195429002 0.19284526213606235 0.24689163338919573 0.4853119325204519
0.5925779466411613 0.3675986178266828 0.027186452715852405 0.012636982816303544
0.4154894697483774 0.0378570977838929 0.08955592232635379 0.4570975101413759
0.10220086578584053 0.33276909793240994 0.3667931325611403 0.1982369037206092
0.1364713714209982 0.4612095788086009 0.1610345095865896 0.2412845401838113
0.6151967414701255 0.09447603864911769 0.012386455429830634 0.2779407644509262
0.07989100576663999 0.43090859786238556 0.374980531243709 0.11421986512726545
0.3137196804036543 0.07469746031275926 0.597667683387547 0.013915175896039411
0.03775702914269574 0.16677295328382857 0.3738330042301856 0.42163701334329007
0.06509748261434112 0.18515692201810996 0.36798206165060954 0.3817635337169394
0.7663586189822729 0.029446024462356335 0.0901213944033723 0.1140739621519985
0.15489020825540645 0.22963280157494703 0.4989010382046639 0.1165759519649826
0.19842442640740787 0.15429551842061728 0.07704010861676247 0.5702399465552124
0.24052655230998476 0.31417894304239846 0.245901278971682 0.19939322567593476
0.005331337794207469 0.19831301820714486 0.6787657056045248 0.1175899383941229
0.2465268401227818 0.05236870472630617 0.6130036370806233 0.08810081807028869
0.4811968732287565 0.209618876637931 0.13652314601231352 0.172661104120999
0.15445808861211807 0.49962333119826374 0.18681190587069307 0.1591066743189251
0.07291052209191629 0.464270174208949 0.0657766429614921 0.3970426607376426
0.14356750031170606 0.43392993270944547 0.29800456838293643 0.12449799859591204
0.22639639269120604 0.09344213448338834 0.6098436744238752 0.07031779840153041
0.025006243232147618 0.12945599592700308 0.42924133381847396 0.41629642702237535
0.4666673180701303 0.30511444679058564 0.18195609211346764 0.04626214302581644
0.05651633692913116 0.1369913474477783 0.5983812946129171 0.20811102101017342
0.15237012558718555 0.12251406745856375 0.35540898317622505 0.36970682377802566
0.2549870417489256 0.13623731424745766 0.16797186509226392 0.4408037789113528
0.2578305716752698 0.17324396438184486 0.35297057197726645 0.2159548919656189
0.09060107391621286 0.5101172707199505 0.08281843038057979 0.31646322498325685
0.43136023122662603 0.006504099074102321 0.5220863317527695 0.04004933794650212
0.0053389501492076 0.48611063527008547 0.24956141278770905 0.2589890017929979
0.3410648437501841 0.3172820592882365 0.03798849120054981 0.3036646057610296
0.08808750864864756 0.3925085530670692 0.04790936232112164 0.4714945759631616
0.10380673579315036 0.40491856392348224 0.4896958345063368 0.0015788657770305914
0.06403890220738273 0.1507288983549947 0.6692487720234671 0.11598342741415546
0.1588984273460572 0.4405166224398125 0.3452302402739055 0.055354709940224844
0.12106525179182381 0.48677933354656644 0.0011221068007544188 0.39103330786085533
0.16270260058669228 0.4655834065802389 0.32776008848226557 0.04395390435080326
0.32407725505401463 0.45429937122775266 0.1884797785485437 0.03314359516968901
0.05381625674125112 0.08161656677677864 0.4041212897931441 0.46044588668882613
0.07227076072186445 0.07618481843004865 0.6592226732947345 0.1923217475533524
0.21048248972538142 0.23610272206318172 0.2790777795203717 0.27433700869106514
0.5446544391446958 0.06165457173145761 0.12592510356931974 0.26776588555452685
0.22410835633009252 0.04951523942774627 0.37994359690625656 0.34643280733590465
0.5707805308110177 0.06435774627386048 0.2795725454607584 0.08528917745436349
0.04542170384520483 0.4395069453120988 0.35104006667869236 0.16403128416400403
0.2525136815809266 0.05539284521116261 0.4972828263221307 0.1948106468857801
0.6497769419132843 0.21626681345083854 0.0543874611424594 0.07956878349341778
0.8063563192252318 0.06722728419340729 0.06463904399726783 0.061777352584093115
0.29564196669612797 0.14173984838815612 0.4269684545859854 0.1356497303297305
0.17328592583589697 0.08563676345999316 0.4247141572066926 0.3163631534974173
0.3317193331668701 0.5481346220490888 0.03128786939567363 0.08885817538836749
0.4201709612127963 0.05109990581973989 0.42798713315632886 0.10074199981113496
0.627312624798404 0.01898517579419856 0.007258577172715608 0.34644362223468184
0.1945365376900806 0.27652207317058963 0.4397796760640198 0.08916171307530996
0.12893124989258764 0.12926362310469386 0.563941341511333 0.17786378549138548
0.11881837689993446 0.07110440198213208 0.2737949674963849 0.5362822536215486
0.21404323983580642 0.3444824783560343 0.23373431924824062 0.20773996255991867
0.40982860313998437 0.2799978912098783 0.06388233240461472 0.24629117324552263
0.5379959488333661 0.10807420019854164 0.18136685420343202 0.17256299676466025
0.0645618335877024 0.2822813206075193 0.1679236483992459 0.4852331974055324
0.20967330524955408 0.18984622519403915 0.3170415906717178 0.283438878884689
