9 20 4 49.24348891344887 98.48697782689776
1.0933673849712995 5.516871329338649 5.461959638207315 2.2044657606334894 2.278999769090847 2.9670280806347042 4.766573624594072 3.232910515722032 1.7565368604881506 4.109487760453601 2.500987118790893 8.907031769793932 9.558676284640448 1.3487353824908785 7.291966522588849 6.154838340124683 9.082064064026346 7.002090756276729 5.930540047418334 7.3218468166124975
0.2186734769942599 1.1033742658677297 1.0923919276414629 0.4408931521266979 0.45579995381816935 0.5934056161269409 0.9533147249188143 0.6465821031444065 0.35130737209763013 0.8218975520907202 0.5001974237581785 1.7814063539587863 1.9117352569280897 0.2697470764981757 1.4583933045177697 1.2309676680249366 1.8164128128052692 1.4004181512553457 1.1861080094836667 1.4643693633224995
0.3864771696146654 0.43839329488588274 0.11565394502610793 0.05947559047334394
0.5210847114597973 0.1284557517006789 0.3338187850638563 0.016640751775667484
0.2431156753134085 0.6631616016100992 0.06456873516671746 0.02915398790977486
0.3469019537755197 0.1310720597628272 0.1325637273097825 0.3894622591518706
0.6876740931926751 0.18273420323385592 0.054791780844576365 0.07479992272889258
0.03857092316235833 0.42312673930833866 0.18541905107441436 0.35288328645488864
0.1387386997795519 0.3457597553732502 0.3100494318257373 0.2054521130214606
0.3751227624957739 0.42603366919991204 0.10831977756256428 0.09052379074174977
0.21425596288493742 0.1285492662764729 0.15533438120038234 0.5018603896382073
0.2323071272464986 0.18361153976829359 0.07841793811791453 0.5056633948672933
0.22484261212330414 0.07778802953670239 0.4321351753761631 0.2652341829638304
0.1831527336532205 0.3564227912702034 0.07535695043879487 0.38506752463778127
0.10305405184612337 0.39705386859563585 0.13198376429069592 0.36790831526754486
0.2622732208029519 0.529045013941424 0.12587447141605757 0.08280729383956653
0.13353967592343363 0.12747690722409433 0.5806245652665492 0.1583588515859229
0.31385260677792237 0.17923811162503644 0.02722122609419453 0.47968805550284666
0.07319422123083008 0.17661033937148685 0.2559411227876873 0.49425431660999575
0.036451248322167173 0.6424763207084347 0.12530806634822778 0.1957643646211703
0.3083843510756832 0.25180127122637386 0.1706961891449097 0.26911818855303327
0.7166490873934734 0.008699834472778445 0.11776792018586002 0.1568831579478881
0.46566847536726585 0.22877020239719237 0.10930109224785955 0.19626022998768222
0.1696362575837671 0.6911956656419296 0.08468549375054402 0.0544825830237593
0.18554168693446071 0.5727362998621881 0.11512285630447594 0.12659915689887524
0.43555546476634577 0.027979249217711777 0.03274700368712946 0.503718282328813
0.03945481767426706 0.14790382938715452 0.5161705267399666 0.29647082619861187
0.053059424485393025 0.11647198972248385 0.4685225705095081 0.36194601528261505
0.16260604656008082 0.1903109066726011 0.34481943189109565 0.30226361487622244
0.022866949969676864 0.17676637867854783 0.0671410484237166 0.7332256229280587
0.2166397127268621 0.19770661207275952 0.029765970244424844 0.5558877049559535
0.4300468142111865 0.153851363802613 0.14518744261261307 0.2709143793735874
0.13876915695467273 0.41744732984897615 0.4145817080098071 0.029201805186544028
0.1093105151646997 0.1799887663835441 0.20262965773650243 0.5080710607152538
0.03796921692694821 0.04557421300249709 0.40705811824487037 0.5093984518256843
0.10085859104522166 0.4166016507236088 0.2405757831539409 0.24196397507722867
0.1125431140433566 0.4335316224870648 0.02975078128944253 0.4241744821801361
0.7916231853067416 0.11139841019052787 0.0621365879627771 0.03484181653995344
0.5214873031839404 0.29158417754432353 0.023135520016481448 0.1637929992552546
0.4063212708530659 0.36093283609951 0.1516747813048417 0.08107111174258241
0.33888996611535227 0.36247993981895954 0.26634905379142726 0.03228104027426093
0.6451189984951727 0.03703377167623001 0.21178997389548293 0.10605725593311432
