57 50 4 126.5822146809042 253.1644293618084
1.7861467861195757 3.0742938959655524 4.6995496357502144 3.797044287040783 6.0936030168535495 5.905573334054655 8.26389498547339 9.263395965552377 5.6988167755930945 4.822185352494565 1.6462355909467405 9.08675965161296 4.7846244344954165 6.23952809144556 2.927381822879078 5.027371118047657 5.210774239467984 1.9057344124328195 9.345591053219882 2.4488815990827897 8.871347626407719 1.4694405117243248 9.930516130099571 1.9463258425949204 4.617908675532203 1.6465289899690272 1.172737339494197 7.491827321903596 1.3731927866264653 1.1678548265174693 1.7464396505334454 3.52814098472756 4.862275370037185 1.1775730943682838 5.155011071335763 7.026279186391666 7.057394795794636 8.172693134517969 1.7534821892089054 9.053865475669229 8.080365300692183 6.976216996312258 8.674110531280132 5.899491438462138 2.7772426700524973 5.848383985888926 5.565609915619554 3.4962134103241342 7.016358059037146 7.582216002156662
0.35722935722391513 0.6148587791931105 0.9399099271500428 0.7594088574081566 1.2187206033707099 1.181114666810931 1.652778997094678 1.8526791931104754 1.1397633551186188 0.964437070498913 0.3292471181893481 1.817351930322592 0.9569248868990833 1.2479056182891122 0.5854763645758156 1.0054742236095313 1.0421548478935967 0.3811468824865639 1.8691182106439765 0.48977631981655795 1.7742695252815437 0.29388810234486495 1.9861032260199143 0.3892651685189841 0.9235817351064407 0.32930579799380544 0.23454746789883937 1.4983654643807192 0.2746385573252931 0.23357096530349386 0.34928793010668907 0.705628196945512 0.972455074007437 0.23551461887365677 1.0310022142671527 1.4052558372783333 1.4114789591589272 1.6345386269035937 0.35069643784178106 1.8107730951338457 1.6160730601384365 1.3952433992624516 1.7348221062560263 1.1798982876924275 0.5554485340104994 1.1696767971777853 1.1131219831239108 0.6992426820648269 1.4032716118074293 1.5164432004313324
0.19623779493713178 0.11237076821256553 0.38410543761837934 0.30728599923192335
0.28478415878951946 0.0012786853658304231 0.4894588370914741 0.22447831875317603
0.13456831445065065 0.5121806231238386 0.3507787839278895 0.0024722784976212164
0.45548151539566306 0.12597412676225572 0.1261022538308696 0.2924421040112116
0.11055598496782604 0.2806555446502771 0.18747996812611367 0.4213085022557832
0.12325793922197903 0.5558028644151827 0.2492766510500719 0.07166254531276639
0.5504317793452317 0.3030589915125793 0.03236555811000874 0.11414367103218026
0.16935394902987966 0.3701976217851999 0.3497810541900559 0.11066737499486456
0.4744379565853317 0.19942566741123635 0.14271802442829373 0.1834183515751382
0.36955779037234604 0.056088061804344336 0.43281977912835623 0.1415343686949534
0.3565900840561592 0.2685707997881659 0.3665171875174782 0.008321928638196696
0.491462191538828 0.09542320327195819 0.33234016275760647 0.08077444243160736
0.4642716319496176 0.07378834370496445 0.13114639464498523 0.3307936297004327
0.3519076698430724 0.038035091272878074 0.2664749080944434 0.3435823307896061
0.16687070040077778 0.37118769572166743 0.1561402093486346 0.3058013945289202
0.20185752457102335 0.22413924521746564 0.04584594521270302 0.528157284998808
0.10967432132844956 0.17891548426141757 0.19534703434272738 0.5160631600674055
0.3614334214441167 0.43512533513739404 0.09065916482611225 0.11278207859237699
0.7113370117370034 0.015059798022822424 0.24888962941069148 0.024713560829482728
0.6893448472926236 0.07710706356187047 0.159569698937977 0.07397839020752894
0.0007615774183785673 0.13348138696060896 0.221209851960951 0.6445471836600615
0.2287932373292545 0.07228119731982874 0.43892315006278415 0.2600024152881326
0.22622340576385058 0.4036931688866533 0.2844174382549651 0.085665987094531
0.1632917124967037 0.09457352897113847 0.7329347323420023 0.009200026190155475
0.36540000650139026 0.11428506827799811 0.13277334758788695 0.3875415776327247
0.0861605967807153 0.07872317738207513 0.0748079026760009 0.7603083231612087
0.505467120924475 0.24710672382393495 0.06553443077715282 0.18189172447443724
0.020835671392310462 0.6038461179388509 0.27632080104765544 0.0989974096211832
0.20863830878524225 0.3379872224291828 0.0036945994544383964 0.4496798693311366
0.3335692813508847 0.15686108895996242 0.3332107435829583 0.17635888610619455
0.0755991404145977 0.2872783336580943 0.2813528861467014 0.3557696397806066
0.34412748054219855 0.03361781331296754 0.36637384912307347 0.25588085702176044
0.3952834938122838 0.05221197093185037 0.10454351102224202 0.44796102423362383
0.37783205798211883 0.23983796449148398 0.19231721054217454 0.19001276698422265
0.183178283305252 0.5513662847396363 0.035375775942885324 0.23007965601222635
0.34794532051600136 0.11469319165938197 0.21014280353451598 0.3272186842901007
0.43459142256610306 0.36654395792083205 0.14739943462003946 0.05146518489302543
0.11121201671259018 0.5151800672330635 0.05753420809625065 0.31607370795809564
0.001478179739307639 0.2637358095186273 0.12478652399633638 0.6099994867457287
0.023985677401888505 0.35935911352331396 0.5394854835101738 0.07716972556462376
0.7104968604468167 0.014387955857568802 0.14809993709366487 0.12701524660194963
0.1631854203444587 0.6215814273295989 0.003547497718247028 0.2116856546076954
0.27717627712303083 0.0473383707664381 0.6386057291891375 0.03687962292139357
0.3570389705348047 0.21135102894160995 0.3777485770462534 0.053861423477331916
0.052195105902201 0.34299343687293504 0.5671705392154468 0.03764091800941716
0.42787135712955315 0.0816601669096313 0.10914170812846014 0.3813267678323554
0.04606505096272606 0.3776502473667609 0.026552724707959774 0.5497319769625533
0.6090665710847989 0.05585918118048783 0.20007198438586726 0.13500226334884602
0.1736184971795427 0.03893829009694949 0.09749189045515005 0.6899513222683578
0.1990076187951063 0.6612231758189935 0.09039675490498267 0.04937245048091754
0.3693709457615534 0.22989330995703172 0.05997710707872461 0.3407586372026903
0.6413154450893764 0.02341993458029723 0.2623817721728883 0.07288284815743806
0.4946628445954995 0.31414190544196274 0.12924035372239928 0.0619548962401385
0.378134080120075 0.24997234477041208 0.06289684824180708 0.30899672686770585
0.3106378783190925 0.10250405100782412 0.24885728980368738 0.338000780869396
0.19677946429388138 0.06267919395025812 0.049154189023175476 0.691387152732685
0.3061107848544655 0.14565681034270583 0.507672531102985 0.040559873699843596
0.29627212264631164 0.27152529707980233 0.19335177095279754 0.2388508093210885
0.14812499878391172 0.4321600103182037 0.1836085942176704 0.23610639668021416
0.13700036790532089 0.1408113316532129 0.4562138187149273 0.2659744817265389
0.21555631013948717 0.26043860665369734 0.48263669951761046 0.041368383689205035
0.5035172760771319 0.20957546124690196 0.007278636845587272 0.27962862583037884
0.006677393669449083 0.04417218473980966 0.02627042609514707 0.9228799954955942
0.3817851732835935 0.059087931860151155 0.3437175466379052 0.21540934821835012
0.10199458270183093 0.1649928201131572 0.32231416553665904 0.41069843164835285
0.34846156767635983 0.10430556945268443 0.31246075786503147 0.23477210500592427
0.349161459631817 0.4896492332289485 0.10746010006138829 0.05372920707784623
0.4657134894645688 0.3949589440369087 0.00017022483745987582 0.13915734166106264
0.18286692195197518 0.2848777713595353 0.26449361915868697 0.26776168752980256
0.04602905802442436 0.4081028478096671 0.10907581865857097 0.43679227550733757
0.08063516589940867 0.17940326179146837 0.29607009423586117 0.4438914780732618
0.11940622372732412 0.7059956662816713 0.09242063620163754 0.08217747378936702
0.03049629533731213 0.010358789669382307 0.13171464814938738 0.8274302668439182
0.056957969217125815 0.2973625278463763 0.4985932377441642 0.1470862651923337
0.3812378600668097 0.04872594851606493 0.004741356403635266 0.5652948350134901
0.03595050377317921 0.27862203382142925 0.27861475141963454 0.406812710985757
0.484681405653105 0.36935316045828126 0.10456654063961024 0.04139889324900348
0.19199517087488405 0.1555097921079479 0.10016367037137774 0.5523313666457903
0.006300008534686818 0.37882655405312904 0.38999836551992206 0.22487507189226208
0.4194537939713705 0.40430874916278015 0.017456321882679093 0.15878113498317026
0.44812557183429835 0.26468280805092803 0.26762846598730905 0.019563154127464566
0.11359636526170336 0.16631492130526937 0.11063107743968836 0.6094576359933389
0.6850910113296345 0.10473789570281289 0.11136841682614163 0.09880267614141103
0.01706098170349013 0.05713194192591531 0.14340340441027621 0.7824036719603183
0.011893446853109557 0.5655225360967898 0.0683800415961976 0.35420397545390303
0.054288448952517165 0.37660489648941764 0.2856854636632499 0.2834211908948153
0.25564793175298184 0.22261230269368193 0.3174298152741718 0.20430995027916443
0.08914016807426917 0.3439461533851812 0.026991679740110186 0.5399219988004395
0.10384060587847721 0.396776441572658 0.13247180232947264 0.36691115021939213
0.4144599651495843 0.44899090396855257 0.05210675266180309 0.08444237822006007
0.44536995548099123 0.2397425362344212 0.29818284524623917 0.01670466303834839
0.36816712798059414 0.30960843542783534 0.2563122029235928 0.06591223366797772
0.13988649561186284 0.392480192212013 0.09759018875814296 0.3700431234179812
0.6708784050873132 0.16749979824220917 0.035913721198013615 0.125708075472464
0.29393443942022335 0.2397856007649798 0.23724770022135322 0.22903225959344364
0.08253167074538625 0.3325401280876822 0.35986814766516884 0.22506005350176272
0.2475712928117082 0.09369883711617621 0.5214808998807888 0.13724897019132676
0.10460047258858896 0.34943306871225666 0.14324427952853058 0.4027221791706238
0.20622980216200748 0.47477856814263497 0.06516495337728723 0.2538266763180703
0.40738703137697685 0.4414175747462581 0.05439568931969008 0.09679970455707498
