86 20 4 54.44484658489745 108.8896931697949
2.823462582660014 2.8638379365487583 2.373739689702213 7.791335303729706 3.0468408916250986 6.976737676309856 6.302960423203684 4.794824987110218 8.704214884796688 5.3807742831617835 3.2531647331366074 8.581769940284717 8.198464984080335 7.9519716561889 8.3770496518551 1.5150294091749639 3.76152535892045 2.606583136338702 4.581330453147675 9.00407518781942
0.5646925165320028 0.5727675873097516 0.4747479379404426 1.5582670607459412 0.6093681783250198 1.3953475352619713 1.2605920846407368 0.9589649974220436 1.7408429769593377 1.0761548566323567 0.6506329466273215 1.7163539880569434 1.639692996816067 1.59039433123778 1.67540993037102 0.3030058818349928 0.75230507178409 0.5213166272677404 0.916266090629535 1.800815037563884
0.28752903024863286 0.2307690036454506 0.3385695545168397 0.14313241158907686
0.1612706977610564 0.18471870312157868 0.25596989459643293 0.398040704520932
0.20353640511525894 0.23419191053151944 0.5595565190648776 0.0027151652883440347
0.5645158437957613 0.19943614989040404 0.18482938629372447 0.05121862002011024
0.24843591398052534 0.5173913222461888 0.06476217036465792 0.16941059340862796
0.32820526470451694 0.31784468152463285 0.20199254182005233 0.15195751195079787
0.11091623802032147 0.10610525203129706 0.4173519193002929 0.36562659064808856
0.41030201459255833 0.2043091457302424 0.23805059964187036 0.14733824003532892
0.8074014295788459 0.08935736392278248 0.09887475594692752 0.004366450551444134
0.2060669050451388 0.06632088175095108 0.4976302306162945 0.2299819825876156
0.13208464477673165 0.0011010135749628391 0.3974632949059621 0.4693510467423434
0.14867897615068415 0.5202434757566127 0.06559499133413016 0.265482556758573
0.6400306546770306 0.2312416553359098 0.11732850426675989 0.011399185720299743
0.038083119917579955 0.0721360083353717 0.7949007787923393 0.094880092954709
0.09529529717482565 0.4868143768790498 0.20994212625979647 0.20794819968632805
0.34612539756807703 0.14304268046627167 0.47118413092532996 0.039647791040321345
0.05424576835411765 0.8379591241372678 0.011001145570578519 0.09679396193803602
0.07127091665893837 0.5605973845907906 0.13707863824309818 0.2310530605071729
0.0003891497377432884 0.6946994246446141 0.12155396802594853 0.18335745759169408
0.3669075124822886 0.4792668831428235 0.11065785111686388 0.04316775325802402
0.27630845255543857 0.3021495641417329 0.10115979999640834 0.3203821833064202
0.04957245615610706 0.6211383854707362 0.06753720162751087 0.2617519567456459
0.13843258262594094 0.15899788432318362 0.6007384802406509 0.10183105281022453
0.21078453585161572 0.2801210866864008 0.24153658555780189 0.2675577919041816
0.3058735001026506 0.1712482279203602 0.3104314731881178 0.2124467987888714
0.0699843430899234 0.22959700906576475 0.35853312212678823 0.3418855257175236
0.1524550960242097 0.1270202265585565 0.7100454125182606 0.010479264898973217
0.06712348462239459 0.27007238851920723 0.48659968529992537 0.1762044415584728
0.1952532727428532 0.02235954827212039 0.2869310210334485 0.49545615795157794
0.28446526184874565 0.023778731384332175 0.11849861876983692 0.5732573879970853
0.07070277991770135 0.2943206346558752 0.06841891000762257 0.5665576754188009
0.3799733109736336 0.018146894444680872 0.09974471129554119 0.5021350832861443
0.1281622201917958 0.1799411568749515 0.276406693533954 0.41548992939929874
0.06367146051028116 0.030392464252961937 0.02758606808611208 0.8783500071506448
0.6559320937489823 0.022994254719394314 0.031246930622061075 0.2898267209095623
0.618722571795444 0.03621713965736317 0.15656608447793385 0.18849420406925899
0.044324629557433215 0.24453296581482153 0.33351941397418006 0.3776229906535652
0.3825479785025079 0.13093119358054572 0.36571020036858337 0.12081062754836303
0.2678394957678053 0.35956878110849977 0.29451057255533675 0.07808115056835818
0.056836935330936034 0.2982255157169015 0.16030630290030046 0.48463124605186203
