18 80 4 224.03709711504163 448.0741942300832
6.853368175656325 5.549080363613586 8.907413238293968 2.63656202834381 8.670097618071374 7.751226574954096 6.994915007367903 9.89105903448366 3.3127158034344713 1.254753327452483 6.721472039149015 8.625811487379636 7.625571626044096 1.1872640073114136 2.004428175985295 3.6795136767027383 7.182731722058594 8.754634504014817 2.787709232654028 6.914701275493803 7.296900660928856 4.171532218820616 8.10964493042776 8.326431443053437 2.7767915605191975 9.545097647763841 5.289403473868935 6.999403131834076 2.901808335262602 8.267736914645306 3.8771750850168925 3.645423772316096 3.7172635988522096 8.451004616305756 5.972803199669913 2.7250966443939326 7.428310666269764 6.758833214988779 5.798834482119622 6.1527512202669215 1.1109928373462856 7.257141804740187 5.8119328933344745 1.7122124555507434 1.1227375156973252 3.5006773604205437 9.97646754231682 3.030405741579078 1.9451381789442206 1.146707008517743 4.07464707067517 8.273782528661243 2.9558766061111 9.411444710776069 9.896480884395324 1.0991502536859095 8.06412478526562 7.168272569311699 5.640795888949335 3.422018535213348 6.983033237145176 7.994120075166945 5.280991347577692 9.89007617697417 5.466208508987734 7.043698789617659 4.872333532298206 3.3487996848623167 9.497767257571537 7.18418170614657 6.936898560508644 1.3183199734626707 9.155788875852283 4.768707893557876 5.283491457450478 2.2207034641405476 4.260185751311315 3.9354731283822275 2.3321605636706426 8.16297133811669
1.370673635131265 1.1098160727227173 1.7814826476587935 0.527312405668762 1.7340195236142748 1.550245314990819 1.3989830014735807 1.978211806896732 0.6625431606868942 0.2509506654904966 1.344294407829803 1.725162297475927 1.5251143252088193 0.2374528014622827 0.400885635197059 0.7359027353405476 1.4365463444117188 1.7509269008029633 0.5575418465308056 1.3829402550987606 1.4593801321857711 0.8343064437641232 1.621928986085552 1.6652862886106874 0.5553583121038395 1.909019529552768 1.057880694773787 1.3998806263668153 0.5803616670525205 1.6535473829290612 0.7754350170033785 0.7290847544632192 0.7434527197704419 1.6902009232611512 1.1945606399339828 0.5450193288787866 1.4856621332539528 1.3517666429977557 1.1597668964239243 1.2305502440533842 0.22219856746925712 1.4514283609480374 1.162386578666895 0.3424424911101487 0.22454750313946503 0.7001354720841088 1.995293508463364 0.6060811483158156 0.38902763578884414 0.2293414017035486 0.8149294141350341 1.6547565057322486 0.5911753212222199 1.8822889421552138 1.9792961768790647 0.2198300507371819 1.612824957053124 1.4336545138623398 1.128159177789867 0.6844037070426696 1.3966066474290353 1.598824015033389 1.0561982695155385 1.978015235394834 1.0932417017975466 1.408739757923532 0.9744667064596412 0.6697599369724634 1.8995534515143073 1.4368363412293141 1.3873797121017288 0.26366399469253415 1.8311577751704564 0.9537415787115752 1.0566982914900955 0.44414069282810953 0.852037150262263 0.7870946256764455 0.46643211273412855 1.6325942676233383
0.06712698614922485 0.45611512727589865 0.2711736137452916 0.2055842728295849
0.07910067289179656 0.2980835182367181 0.001741834894242511 0.6210739739772428
0.04750509506272138 0.14893985195909798 0.6373458528201336 0.16620920015804708
0.47602647516617136 0.18270110320240684 0.14480665799110404 0.19646576364031776
0.4882682202390717 0.14847425215381393 0.2823703675672623 0.08088716003985208
0.256353254245148 0.28473178534871657 0.32600819221751476 0.13290676818862068
0.018164056326049893 0.2750235310785293 0.19206644395713846 0.5147459686382824
0.12131955319591026 0.273407540991377 0.49142742146142715 0.11384548435128561
0.4152168868506033 0.05725569248435969 0.105035103132055 0.422492317532982
0.04046598393017187 0.618914715075888 0.005146873948557618 0.3354724270453825
0.32641078967217463 0.2033677413754872 0.2537457707054427 0.2164756982468955
0.43241356871768444 0.09829161053297697 0.2886854714913214 0.1806093492580172
0.3396121612440991 0.040369506562571544 0.5502464305313626 0.06977190166196678
0.11384884850088828 0.1806496955010879 0.4466126414388657 0.25888881455915813
0.8750947273085697 0.028169508624105388 0.09211860001845118 0.00461716404887369
0.33448650393035495 0.04688369699457906 0.32460666182632136 0.2940231372487446
0.2828861645349776 0.39241093741839717 0.025037442186929715 0.2996654558596955
0.31613157040344286 0.3029561833345338 0.1785183351343832 0.20239391112764016
0.38311223259409477 0.06326491069682694 0.5505800362767036 0.0030428204323746932
0.1886669957191217 0.1326107898761546 0.12101625688850293 0.5577059575162208
0.09366103431999973 0.021976087346293416 0.454789892597973 0.4295729857357339
0.22143781771587367 0.5173097882988329 0.019047251181099067 0.24220514280419436
0.047535339760941375 0.6524737364784758 0.2652068530867241 0.03478407067385869
0.0318622152017487 0.19535851566613815 0.7056646265761156 0.06711464255599753
0.29394707750518156 0.023279219456016853 0.4139145249153743 0.2688591781234273
0.0190105000007168 0.42581374488344315 0.15524268984979583 0.3999330652660442
0.14202807089901648 0.5823903761406136 0.22479079426640647 0.050790758693963434
0.541987020488821 0.037999808604644136 0.20534054319010697 0.21467262771642792
0.020143207160926435 0.6464804026796143 0.007292695066685506 0.3260836950927738
0.679937983364803 0.04575814926899657 0.11087518696415954 0.16342868040204084
0.1511505840691001 0.16441510788686398 0.39477830459887864 0.2896560034451573
0.2910103308317967 0.23561324601767564 0.13909379183698523 0.3342826313135424
0.17927579328391818 0.18649537607015898 0.47679267189284835 0.15743615875307448
0.36947804784421834 0.13086535096969754 0.09413629507277921 0.4055203061133049
0.10699452478533411 0.0876152854513047 0.4500952400364071 0.3552949497269541
0.1945571174820958 0.38270836527352103 0.14313508406744302 0.27959943317694014
0.04020483312341183 0.14473070278202438 0.44779741246799676 0.36726705162656703
0.3719201339909096 0.1698427050906265 0.3385655250318844 0.11967163588657947
0.32800310804776833 0.1278523228354268 0.3200898038536396 0.22405476526316526
0.08467557870610176 0.11805288326792152 0.535887856437357 0.2613836815886197
0.5351816034274306 0.11129691493687843 0.10496274086687296 0.248558740768818
0.17661641792489713 0.2921875210375485 0.04186037771449291 0.48933568332306143
0.177451049568639 0.1768935461297858 0.40798274333202844 0.23767266096954676
0.0647294046357233 0.5026645833314034 0.02357106921342278 0.4090349428194505
0.0369242616001787 0.41655412323568 0.010910461025401386 0.5356111541387399
0.44811010321303246 0.13861787205161658 0.3711534362450304 0.042118588490320574
0.04036717457086014 0.25369472760247136 0.7047892181793998 0.0011488796472687302
0.04953153645385444 0.4207348620662684 0.014798396626795163 0.514935204853082
0.2681571601339373 0.29099263567129907 0.40059682736892666 0.04025337682583696
0.46391554518299916 0.1801540218281268 0.08358026300092491 0.27235016998794914
0.14475290818116993 0.2889393969557982 0.43181358710892215 0.13449410775410975
0.2074487642413494 0.1719984003895516 0.2808013282156331 0.3397515071534659
0.16575343305045254 0.049535269806013194 0.07854982862595705 0.7061614685175772
0.3019064926805486 0.29991226438957286 0.1562661408490016 0.24191510208087696
0.06104401732858922 0.16689054770787726 0.36550874242367515 0.4065566925398584
0.06497567825010708 0.16850276891984506 0.5664234042938467 0.20009814853620111
0.15446349345488142 0.3598440032599596 0.4297795869809705 0.05591291630418849
0.21473035235963045 0.10714975054199682 0.17190651660803358 0.5062133804903391
0.3599139289296248 0.09551417847350685 0.33669764399848456 0.20787424859838377
0.32446282496351375 0.17090586018178422 0.26736241304910924 0.2372689018055928
0.49808757629423717 0.07930445991760449 0.020924283860687565 0.4016836799274708
0.7805498434611419 0.013281245443153344 0.04777326522993852 0.15839564586576627
0.030269360196363393 0.5409986469478886 0.2995704506578921 0.12916154219785592
0.22768972602387838 0.3462001288860488 0.40824930881340227 0.017860836276670566
0.1886401946047639 0.399072179514389 0.3505564117609533 0.061731214119893796
0.5768005596028932 0.032982071574135685 0.24776869541300728 0.1424486734099638
0.30984311615118654 0.4329443078475632 0.09126044917513576 0.1659521268261145
0.5121192605844375 0.005145586679102809 0.2501897423001592 0.2325454104363005
0.2393970146353731 0.5405696654856388 0.17250669694283594 0.047526622936152174
0.25602788503019835 0.2939358455859853 0.2344261470649167 0.21561012231889964
0.015016343697940027 0.3483423333828807 0.3230348380857194 0.3136064848334599
0.020363265704965383 0.39657100376630405 0.2657556279350971 0.31731010259363346
0.8096540201274007 0.14551326174820778 0.01330876482858423 0.03152395329580726
0.3090775702788089 0.009720938601832096 0.4273573367237248 0.25384415439563424
0.015355162827588087 0.3760511285870213 0.2798626479582339 0.32873106062715673
0.21145363891110047 0.07113992744502085 0.5663300319202856 0.15107640172359305
0.31221874179085374 0.16611842112234376 0.058837563567979645 0.46282527351882286
0.07180800987411651 0.7371352087487782 0.026374485105216783 0.16468229627188846
0.07576266941599519 0.06878416825732891 0.7941314103162296 0.06132175201044632
0.2257829846471784 0.46166674679217956 0.29133350014436266 0.021216768416279397
0.6293531339196942 0.1579168792081893 0.10690429960759107 0.10582568726452546
0.15341645416108574 0.19783696901792347 0.11936896354145832 0.5293776132795325
0.23732518632069322 0.14912545826122936 0.3884956353184963 0.22505372009958113
0.19148278819959308 0.34498230329523927 0.11092540998366773 0.3526094985214999
0.4555562943106152 0.08378880477548134 0.06401456483592827 0.3966403360779752
0.011649132417856034 0.2797938674114486 0.4677356641076714 0.24082133606302392
0.5840203754759804 0.30658303224256 0.0982796644207401 0.011116927860719494
0.15072594151523566 0.39819613354276584 0.08721566567206751 0.363862259269931
0.26349231633707004 0.2756447676546969 0.2072189166403623 0.25364399936787074
0.24285693642029493 0.526024580096555 0.04710616591972794 0.18401231756342218
0.14874138671722426 0.6971652710469805 0.03582579831438226 0.11826754392141303
0.32783075020539776 0.17146624990523285 0.46989777401158916 0.03080522587778023
0.007713667317334472 0.8055036710703274 0.05990356753329207 0.12687909407904607
0.3925254620750772 0.2507106410888251 0.048583575321530015 0.30818032151456765
0.7661186313720085 0.1794176276697782 0.03690345920582605 0.01756028175238722
0.5161664715570445 0.3372681279179168 0.017230743353305877 0.12933465717173276
0.5630449235923632 0.37492400211506616 0.060994992509510904 0.0010360817830596947
0.04095008744288198 0.496394532757661 0.07886334240952675 0.3837920373899303
0.12682815343460896 0.25874468007294016 0.5288675972880968 0.08555956920435404
0.2871399442716809 0.19934218628092115 0.4618603751002588 0.05165749434713918
0.22213702297526816 0.48472631417948064 0.26471313375264194 0.028423529092609257
0.5098156818212571 0.1184141612781775 0.3013429696498118 0.07042718725075359
0.12217133094164534 0.28953036451782277 0.07115796160756016 0.5171403429329717
0.021977495277442083 0.31256841014530157 0.6342641547378738 0.031189939839382563
0.06609480201595608 0.12711082662609263 0.32842326691020785 0.47837110444774344
0.009576272764185267 0.0040181269453986035 0.3512564716086308 0.6351491286817853
0.22400794340064112 0.2927753930603062 0.36172593266574604 0.12149073087330664
0.07634098888665986 0.4172284395645003 0.23640088279923055 0.2700296887496093
0.0893184328568466 0.6733387448817096 0.19398507272415544 0.043357749537288326
0.19874891199696232 0.3662703437105095 0.3510790169221152 0.08390172737041302
0.28204578234389155 0.042783500029790145 0.5018436111007377 0.1733271065255806
0.36108479529428883 0.3282231744097739 0.18601290503211654 0.12467912526382074
0.24630446935898098 0.0013720528607127358 0.6512332601245286 0.10109021765577764
0.21775185118765394 0.48677719879416737 0.24025935642318097 0.05521159359499772
0.542001823769638 0.126386466317579 0.24810063995475562 0.08351106995802737
0.2948764121633155 0.21948153758221345 0.09261070673879057 0.3930313435156805
0.4498580019511258 0.10971101793851434 0.2842692124047691 0.15616176770559076
0.12481460162540658 0.5844181438767707 0.11172723383656846 0.17904002066125424
0.3059561684212585 0.39351514558408596 0.2948944335369217 0.005634252457733857
0.11462059868440189 0.45401362158704195 0.22507622426009788 0.20628955546845829
0.02337627536652309 0.2822733155325241 0.5507532250778364 0.1435971840231164
0.20221867570420304 0.6027699076929501 0.12121096947250742 0.0738004471303394
0.008567437747802775 0.023829725787042566 0.2259312741247349 0.7416715623404198
0.6018939294902158 0.10281005157512901 0.2825990739408919 0.012696944993763282
0.03382864405578645 0.41943506785147544 0.3951009815221753 0.1516353065705628
0.2469289164641617 0.20191281559762275 0.4843457122040219 0.06681255573419365
0.00866778699592341 0.5844221599202823 0.25789218279563464 0.1490178702881596
0.3544380499613755 0.4350649940755923 0.2023617022901405 0.008135253672891696
0.09038672364004419 0.06667372334644406 0.18931248404127132 0.6536270689722404
0.011744451463684968 0.2930488777466015 0.684645797331639 0.010560873458074549
0.6238913374554178 0.08688471057205138 0.2794721670709083 0.00975178490162254
0.260923868530366 0.03670706004545121 0.14930185846649324 0.5530672129576896
0.4881569496054482 0.1457515861636467 0.0712350522906473 0.2948564119402578
0.20360704643002558 0.05815129181179768 0.5809565162197259 0.15728514553845085
0.03924911156022792 0.0208764035963257 0.40527170611941354 0.5346027787240328
0.08833864066101749 0.012661723904439537 0.05000213753900584 0.8489974978955371
0.036800095424559864 0.021514138004481986 0.9346075018904556 0.007078264680502544
0.09663648354591248 0.7187998468413175 0.02505250556460492 0.15951116404816512
0.2711176830618296 0.07516385158246164 0.28210375965410805 0.3716147057016007
0.4572442602400171 0.10335884315158173 0.11272442638593139 0.3266724702224698
0.507823501376402 0.020691624197101577 0.30320587480335714 0.1682789996231393
0.15624128788637792 0.5058990032732348 0.1410140319220835 0.1968456769183038
0.37311204821332267 0.045626882893667564 0.49379619772180816 0.08746487117120161
0.09924266528795866 0.48916258307054783 0.035887540569972676 0.37570721107152083
0.20819323151014413 0.10657220855536853 0.015511623518341788 0.6697229364161456
0.03487804009846451 0.29433980079764044 0.01181305624848028 0.6589691028554148
0.005117558597183658 0.012528071835558596 0.4673115435008326 0.5150428260664252
0.12513442459203805 0.47090377965265706 0.3572615662645642 0.04670022949074071
0.06472769467228878 0.23416718117568447 0.5433670735778278 0.15773805057419898
0.07383863295667048 0.5502290363847391 0.3128884392693929 0.06304389138919753
0.29826532395965244 0.10211549162732203 0.19255847458987618 0.40706070982314935
0.4348453376434144 0.0662219553466975 0.3601896394667856 0.1387430675431025
0.034851461449836085 0.0292378899965553 0.36609207952973855 0.5698185690238701
0.12028483510004218 0.3061951568726573 0.42197853815526587 0.15154146987203465
0.10912867515544711 0.562069190366673 0.2532702393414019 0.07553189513647796
0.3322994108983246 0.09734808060032452 0.47880516879845125 0.09154733970289963
0.030542655895226867 0.12335713812029148 0.7627107296600916 0.08338947632439009
0.24124396062569875 0.1168060301302336 0.5907693147521416 0.05118069449192608
0.18594299629105904 0.3340756970895883 0.3976912063525625 0.08229010026679018
0.48105318926231844 0.18304381883248133 0.08516035042815195 0.2507426414770483
