40 20 4 57.47019983020794 114.94039966041586
4.669183252722576 1.4982943610067407 8.096813897380773 3.585746663104113 5.053155282705441 3.7352107480668897 5.737595718674309 6.61430991596218 7.990979119524616 7.176174808298116 9.828449768690247 6.407344829943218 8.325716679486959 7.377806369468788 1.2478121229027934 9.138404955085552 5.049143661282665 2.0703218860225427 8.517701583524316 2.820234036563057
0.9338366505445151 0.2996588722013481 1.6193627794761547 0.7171493326208226 1.010631056541088 0.7470421496133779 1.1475191437348617 1.322861983192436 1.5981958239049232 1.4352349616596232 1.9656899537380492 1.2814689659886436 1.6651433358973917 1.4755612738937576 0.2495624245805587 1.8276809910171103 1.009828732256533 0.41406437720450856 1.703540316704863 0.5640468073126115
0.1742026705579186 0.49559211005569237 0.16353847011052247 0.16666674927586655
0.4473316453056826 0.182691902467913 0.0068986945978238845 0.3630777576285805
0.014574549491022437 0.30358093162476574 0.23073646616378984 0.451108052720422
0.03665485277358338 0.36232662344232625 0.5237833228387304 0.07723520094535996
0.03106401861008723 0.6666135769111458 0.005400072746940099 0.2969223317318269
0.19449838173029577 0.7566229878822777 0.015576623600501271 0.0333020067869253
0.13234514122696706 0.2758255871312437 0.5176249420396041 0.07420432960218515
0.04860097468345659 0.2921431739425726 0.5803494939762054 0.07890635739776541
0.4287068546457897 0.039535664622307065 0.14477436298969815 0.38698311774220506
0.012082138563782263 0.06536727003116083 0.8024074479378779 0.12014314346717903
0.13372217117730678 0.26797423632684547 0.05401337452221289 0.5442902179736349
0.14140647732409317 0.24215975339183637 0.1096029151123975 0.506830854171673
0.18124673920870116 0.3430059439090002 0.3520575435422344 0.12368977334006426
0.0042243686391818525 0.5154201286441289 0.19112425861149673 0.2892312441051925
0.4041328539479496 0.057131781171315565 0.4492267387243877 0.08950862615634714
0.7478583530434783 0.014416670142801569 0.20810240585961903 0.029622570954101146
0.38191198596497933 0.217080463861142 0.021788631090291055 0.3792189190835876
0.2056078484243279 0.04896093668037815 0.24508863462178243 0.5003425802735115
0.4237126327366172 0.2520849793494664 0.17677905962819873 0.1474233282857177
0.08281160692135792 0.03386643721270455 0.1559322545248445 0.727389701341093
0.4491470796888313 0.05916288526876934 0.4490891441283903 0.04260089091400909
0.3622958940337371 0.3999945802432473 0.0727442117326853 0.16496531399033032
0.14499034716650117 0.04249092597415749 0.3545036178174368 0.45801510904190457
0.17905510581496975 0.06098310068912005 0.32850655065487433 0.43145524284103587
0.5828253068387628 0.13718748821825122 0.1898406727581975 0.09014653218478852
0.06964475381882396 0.43668077543822625 0.32940400260301184 0.16427046813993795
0.1709050507067864 0.22042143018580285 0.11865410118887842 0.4900194179185323
0.08835370272900134 0.16824619320418244 0.20031960525790482 0.5430804988089114
0.6334427696495322 0.11788625230791727 0.20681347349397616 0.0418575045485744
0.11820124030023071 0.6275415431467393 0.14939782121267509 0.10485939534035493
0.14775294913593906 0.5107731292010884 0.16530077012888433 0.1761731515340882
0.13307569889988524 0.7334535615255346 0.06573094604866303 0.06773979352591708
0.11271575614356144 0.1711759510300196 0.3828070875713959 0.33330120525502305
0.21779505267446997 0.07180669296103848 0.6761922038019241 0.034206050562567425
0.45649940743379547 0.4479742802587414 0.021632239276426435 0.07389407303103668
0.2473434459622874 0.5423901264143464 0.017860450116273685 0.19240597750709254
0.049309308339197666 0.2092056478379648 0.3364646697018189 0.40502037412101866
0.00042666958457104887 0.37587960056925473 0.06092236822407482 0.5627713616220994
0.005853708080804321 0.28574856154674255 0.29778567894282626 0.41061205142962687
0.5168609719612551 0.01824313034070324 0.2781348489771489 0.18676104872089272
