93 20 4 60.89569134035777 121.79138268071556
6.457189039988279 6.917604117560341 3.765169084092129 9.65803136635758 5.823270165981643 6.936712217979729 9.994388759409443 7.758855342389721 5.846699833025205 7.709549081490495 3.1203837521470503 4.747154414433243 8.605177811204012 4.650820706287571 5.271026902058378 7.238612654140764 2.6664703463243673 1.6144737113010772 6.600628047830755 6.409165326713743
1.2914378079976558 1.3835208235120682 0.7530338168184258 1.931606273271516 1.1646540331963284 1.3873424435959458 1.9988777518818885 1.5517710684779442 1.169339966605041 1.541909816298099 0.62407675042941 0.9494308828866487 1.7210355622408025 0.9301641412575142 1.0542053804116756 1.4477225308281527 0.5332940692648734 0.3228947422602154 1.3201256095661509 1.2818330653427485
0.5690645524601465 0.23344902495261977 0.06693103515589016 0.13055538743134354
0.271675192681196 0.5070375913829284 0.18046658742256771 0.04082062851330792
0.20105064264527273 0.07755813934982436 0.19894062474534957 0.5224505932595533
0.4657115015569461 0.09331511336638632 0.3889198955577856 0.052053489518882
0.12755269651280088 0.34023179106696677 0.11102527927200234 0.42119023314823
0.04135017792114337 0.6015056650814379 0.07772626678254113 0.2794178902148776
0.030385909819087176 0.42479627487503757 0.24766870785218364 0.2971491074536916
0.2185274228754771 0.03250742135656304 0.24606452764213027 0.5029006281258296
0.1566115789174478 0.016349241802498082 0.6147812149473959 0.2122579643326582
0.02131357166239689 0.2769552828599835 0.26900487232300163 0.432726273154618
0.015288212306103666 0.9179915512025374 0.03999676545966302 0.026723471031695922
0.10545275432797807 0.07443243599553317 0.47953161464814176 0.340583195028347
0.21605898983343408 0.24027041825489093 0.29049509511545146 0.25317549679622353
0.2469599584726011 0.2463029048902391 0.11319152166084567 0.39354561497631413
0.3839127356484605 0.09978031460313452 0.20873773955822827 0.3075692101901767
0.796038215112848 0.08621805802497418 0.012842555321652016 0.1049011715405258
0.4625944808387332 0.1293638645276115 0.2366442705429369 0.17139738409071836
0.051065977815109354 0.016898720150764768 0.0643324478167443 0.8677028542173816
0.20043922276363857 0.656930808651455 0.09853143088239491 0.04409853770251149
0.10411882435360587 0.12259093230532359 0.5980378860748007 0.17525235726626986
0.05264577893382205 0.35268909234820567 0.3800371786266026 0.2146279500913697
0.09253529359472201 0.3849699140368703 0.36645718762012924 0.15603760474827844
0.3247752995195735 0.05040756115464817 0.27968225650428347 0.34513488282149485
0.45475149902529954 0.4056530364002623 0.06669875994295349 0.07289670463148468
0.0014726320542625126 0.17499021879036725 0.7701206722463776 0.05341647690899265
0.09256217559492996 0.3295031826742463 0.3772304165915771 0.20070422513924668
0.034520955228579564 0.1708435701853469 0.0065287363176758095 0.7881067382683977
0.21276314484677283 0.4102007660460183 0.2045064991371901 0.17252958997001877
0.43966611885521945 0.3122938026826647 0.02014121995490037 0.22789885850721547
0.011608644237339316 0.29339814003257403 0.11539949797801752 0.5795937177520691
0.027501299290905612 0.5899227790034017 0.3011734414405195 0.08140248026517316
0.4235806602693767 0.15896219197384376 0.4113878934261326 0.006069254330646978
0.2535784302187696 0.009517215382662592 0.314150496885476 0.4227538575130918
0.02149321148885175 0.029698906946886372 0.544187479809427 0.4046204017548348
0.0270415242687001 0.1590139482264179 0.29170992098731063 0.5222346065175714
0.1011097596662347 0.265771486097655 0.4718710753638624 0.1612476788722479
0.03024549908583518 0.11159459396008664 0.7554050401185682 0.10275486683550994
0.11257294772916693 0.04349441668922949 0.7765210492135547 0.06741158636804889
0.16521034637538212 0.09742613566164682 0.4295835089021469 0.30778000906082414
0.13320235450899975 0.2317849532210433 0.21126131784682678 0.42375137442313016
