24 80 4 253.6119887504052 507.2239775008104
9.640155730023267 7.295608449546185 9.998805633614912 2.980605698045666 4.2495071856765225 7.658568911884934 9.968101525801872 3.8471228001154754 2.2289012184117216 4.4558200913644015 3.884673552086738 4.297732777751636 7.386864063293147 9.101281874710361 5.807038952779485 3.2256438841895063 7.046259063193677 6.055561965818239 5.883038890385588 9.041028433254107 8.585015946085386 3.754113309546607 6.6805279970967595 7.122149744015396 9.733848043557886 9.04210436728685 9.481832752247024 6.78002933100515 6.531828704578758 3.049149289581783 5.374286820697355 8.264973694495719 8.597981381701267 5.812127796069615 7.82018244868996 5.497091974934555 8.652951069354657 6.577270978204647 8.754527611451024 3.085274769841003 4.61996573122694 6.61937555943897 2.2873303529551166 2.1051863523395133 4.751469196862519 6.011946838467639 9.472772578954801 4.683331202529075 7.6307630444464625 9.959056069296242 9.24997914289871 1.018209453346524 9.741985239063608 9.001433590288514 7.29539745613471 1.8777220169313367 6.160861350265613 8.380334046970862 6.0480194558103495 4.156862146483975 5.891497804844693 8.916301825409088 2.026869083849679 1.2829492489927148 9.57529054335733 3.598691269240646 4.977542537965222 3.3311937903528848 6.372022993543983 6.897574413795787 3.481259145811878 8.721752121452075 8.998517317454636 3.56554531958786 6.936043771981928 9.749082334301415 8.171867013007127 2.615179610590985 8.06205680098887 9.731150997181443
1.9280311460046533 1.459121689909237 1.9997611267229825 0.5961211396091332 0.8499014371353045 1.5317137823769866 1.9936203051603745 0.7694245600230951 0.4457802436823443 0.8911640182728803 0.7769347104173476 0.8595465555503272 1.4773728126586294 1.8202563749420722 1.161407790555897 0.6451287768379013 1.4092518126387354 1.2111123931636478 1.1766077780771176 1.8082056866508214 1.7170031892170772 0.7508226619093213 1.3361055994193518 1.4244299488030792 1.9467696087115773 1.80842087345737 1.896366550449405 1.3560058662010301 1.3063657409157516 0.6098298579163566 1.074857364139471 1.6529947388991437 1.7195962763402535 1.162425559213923 1.564036489737992 1.099418394986911 1.7305902138709315 1.3154541956409294 1.7509055222902048 0.6170549539682006 0.923993146245388 1.3238751118877938 0.4574660705910233 0.4210372704679027 0.9502938393725039 1.2023893676935278 1.8945545157909602 0.936666240505815 1.5261526088892925 1.9918112138592483 1.849995828579742 0.2036418906693048 1.9483970478127215 1.8002867180577027 1.459079491226942 0.3755444033862673 1.2321722700531226 1.6760668093941724 1.20960389116207 0.8313724292967949 1.1782995609689386 1.7832603650818175 0.4053738167699358 0.25658984979854293 1.915058108671466 0.7197382538481292 0.9955085075930444 0.666238758070577 1.2744045987087966 1.3795148827591572 0.6962518291623756 1.744350424290415 1.7997034634909272 0.713109063917572 1.3872087543963856 1.9498164668602829 1.6343734026014254 0.5230359221181969 1.612411360197774 1.9462301994362885
0.16551268246031936 0.17832074126901265 0.018978345256389084 0.6371882310142789
0.06556553529884612 0.02308844392790843 0.3832987187241278 0.5280473020491177
0.6039798212578414 0.07668314291308742 0.08488846251770577 0.23444857331136537
0.20978981055078283 0.3093233581970276 0.2500494452059122 0.23083738604627735
0.25675936951200384 0.2070283380937371 0.17973765430309663 0.3564746380911624
0.11044039822543339 0.5378469749518037 0.28411771384146756 0.06759491298129539
0.46892383646194713 0.18216751215230376 0.16551235393203878 0.18339629745371033
0.5282710737487201 0.05046329431642793 0.13306524530749753 0.2882003866273545
0.6359514792116346 0.12909814153882426 0.1472866879034207 0.0876636913461204
0.17621021357620914 0.37219639195606025 0.2848802920061084 0.1667131024616222
0.4210961338309971 0.26860256365741386 0.21217018060730453 0.09813112190428452
0.5585842924135593 0.19040106772591125 0.17829848800887615 0.07271615185165325
0.0249223184136671 0.020652308418118825 0.5432401809110837 0.41118519225713035
0.5668050826030613 0.17257270631187027 0.24291520757545693 0.01770700350961152
0.35033697346952086 0.0369458907611131 0.5426332813969365 0.07008385437242959
0.18024039388297874 0.40063467131514663 0.09930618472763486 0.31981875007423977
0.2512847168134523 0.12334981008515833 0.18827372600275494 0.4370917470986344
0.2294505756274452 0.5352294155089938 0.14068959448078766 0.09463041438277331
0.12368875040235072 0.054325707054728944 0.7438788162258172 0.07810672631710314
0.10226279433958463 0.3733956170949191 0.24937866789678487 0.2749629206687114
0.03459653327767165 0.2517978864494528 0.03132122507276591 0.6822843552001097
0.6415035270066541 0.09155561707073889 0.26385314971793794 0.0030877062046690273
0.36913285641972904 0.19379424029854253 0.2900591019806803 0.14701380130104813
0.031169561221821906 0.02455712027205159 0.7368748997227262 0.20739841878340026
0.60290393367072 0.1086257226457249 0.08948642012684882 0.19898392355670624
0.01156202888314628 0.0003906842581402614 0.6065568639316063 0.3814904229271071
0.2057715844890835 0.17535220593774348 0.6090019819302324 0.009874227642940658
0.07183356892844561 0.42918313234812966 0.4845149912062032 0.014468307517221501
0.2651874728015893 0.24233258726708984 0.3910755211298298 0.10140441880149109
0.010064105629034814 0.23635756658028984 0.434806120984071 0.31877220680660434
0.059797227161024424 0.553716057804527 0.06387146493190221 0.3226152501025463
0.5939629688560691 0.37978013720904946 0.02092864135756367 0.005328252577317727
0.04828704990528554 0.27528236289755426 0.04145373713822165 0.6349768500589386
0.16626656005629414 0.12628693221860376 0.08367233547513797 0.6237741722499641
0.04095061157841895 0.10865982640859562 0.6562416478812562 0.19414791413172927
0.1706113286592026 0.6976953505768387 0.016747870659424624 0.11494545010453405
0.1442367950610135 0.32292368388048653 0.42569916722184653 0.10714035383665343
0.12811783327338133 0.0630105784196141 0.6597276286919076 0.14914395961509697
0.09375561971819235 0.3311478072921513 0.23140446166322226 0.34369211132643407
0.2713136125393367 0.31999090641814765 0.2372709586539712 0.17142452238854444
0.20100966327800285 0.13769861357872737 0.6543558198835295 0.00693590325974025
0.4086116113698386 0.13894459243495294 0.15281840147187864 0.29962539472332983
0.07521778324986406 0.09564842052273925 0.4470773103617697 0.382056485865627
0.27548681210997095 0.5040000521884801 0.15918557331991778 0.06132756238163117
0.027697733910809985 0.7477390163528624 0.08932081864358132 0.13524243109274625
0.04370542230775165 0.32574843938465825 0.6172312783259042 0.013314859981685911
0.2783487714874162 0.33600694029797984 0.1290774777572984 0.25656681045730556
0.1386980172243214 0.3743980049252681 0.21704860130651382 0.2698553765438967
0.17696105705772602 0.12041377114422147 0.406456103149214 0.2961690686488385
0.34169912778460176 0.013798603991324376 0.36551457917378105 0.2789876890502928
0.22324944101099775 0.23760655880215797 0.005566474547396449 0.5335775256394478
0.2764001362283851 0.3314723500413659 0.20678509941071144 0.18534241431953757
0.6491401577673636 0.02908357967961439 0.140205755987736 0.18157050656528606
0.4406824586264747 0.2205553588007897 0.13765419426651504 0.20110798830622056
0.1516144967260986 0.2581596768649407 0.3892574751739777 0.20096835123498302
0.18783414177589397 0.13388341910243262 0.6049132882255862 0.0733691508960872
0.07264460108719473 0.3147964716919698 0.0398784514268814 0.5726804757939541
0.20735494145385402 0.35250900974234733 0.2824735042281885 0.15766254457561013
0.6864386508223 0.23265320377013354 0.04256469307809263 0.03834345232947378
0.15901161650751605 0.036242650057819126 0.2595991990137414 0.5451465344209234
0.10718344781423439 0.5122359001869726 0.3773183320774356 0.003262319921357393
0.22705984433825877 0.19310607565287952 0.0699305643141589 0.5099035156947028
0.3692567867994315 0.03204832304668914 0.5933871818613414 0.005307708292537905
0.00804907670548094 0.5734158711448732 0.19517727797111206 0.22335777417853375
0.3876188519143524 0.07294033151530066 0.3923097175107324 0.14713109905961452
0.019341653349710053 0.12226508664113078 0.7696325509249554 0.08876070908420375
0.2370482547537177 0.0947303545497693 0.1532990152071918 0.5149223754893212
0.2653999469376359 0.05531408833343532 0.1318539840440256 0.5474319806849032
0.02730315749485468 0.851748653049917 0.04845897858655024 0.0724892108686781
0.3084284332815862 0.22182562238404402 0.02719254878110744 0.44255339555326234
0.29577161679165 0.12152771768771997 0.2657839875492447 0.31691667797138534
0.4539076922639038 0.48425529414108337 0.04771577073037925 0.014121242864633565
0.12690525622185567 0.16278666252384233 0.1926280572746243 0.5176800239796777
0.16322819492529284 0.6518556770946627 0.05686031760124821 0.1280558103787962
0.422036505119307 0.18319434363093423 0.3117039782190345 0.08306517303072425
0.21719060578914218 0.10884265043557906 0.33615159534703365 0.3378151484282451
0.0657922800669335 0.033106584605739786 0.6740381269569743 0.22706300837035243
0.021279902740375833 0.18700551281709077 0.730474898573111 0.06123968586942241
0.5782975270251259 0.09561048236771186 0.29035556050610223 0.03573643010105998
0.5201593193603713 0.07424726051436703 0.14239208377916157 0.2632013363461001
0.08788606476009508 0.48322358093100926 0.060506293162007174 0.3683840611468885
0.19938767830182724 0.24160950189591057 0.47187701100724533 0.08712580879501686
0.012743533666867535 0.26285910625667064 0.2703702062637525 0.4540271538127093
0.1361227536800812 0.3384614989054274 0.4696087932138068 0.0558069542006846
0.02299406471310539 0.22583738911583096 0.18941891890797946 0.5617496272630842
0.35673952575982737 0.03551948057473808 0.056299194307163236 0.5514417993582713
0.05814587189395937 0.0955597453331073 0.13563563697199188 0.7106587458009415
0.3804997323794479 0.30164876664687323 0.06046818411355048 0.2573833168601284
0.05123622729922084 0.3858067783938568 0.38437778792737887 0.1785792063795435
0.5517914990855354 0.1082275207745137 0.2603090595377695 0.07967192060218142
0.05522385012184483 0.23102191121378224 0.5006498252176276 0.21310441344674536
0.1574407373971164 0.2937310195476819 0.3880818966617511 0.16074634639345065
0.06176831515473502 0.4438747465983026 0.086946479460151 0.40741045878681137
0.009683949656655533 0.03620965300381096 0.05355869760652299 0.9005476997330105
0.39446346254319076 0.008235709857590034 0.5394385177330668 0.05786230986615237
0.6987744891482957 0.031738619260279655 0.15338527688540815 0.11610161470601654
0.31027156380941834 0.5026469736441277 0.008897764412391318 0.17818369813406265
0.1496799063141213 0.1802641477005974 0.5882946466735525 0.08176129931172882
0.09803848432106199 0.3017194516831653 0.22889907541045917 0.37134298858531356
0.09267715374413865 0.27846948103854596 0.33114242839124286 0.2977109368260725
0.018205185772184884 0.3569231265782721 0.5042984056618739 0.12057328198766915
0.1535907037805837 0.13380244434930244 0.5276590148427914 0.18494783702732243
0.016731749271506113 0.07420087608826476 0.2185583333079648 0.6905090413322643
0.029209489317782777 0.4533914652200177 0.2377488807838256 0.2796501646783739
0.4805047631149235 0.06836937615201677 0.21040503260294652 0.2407208281301132
0.5633755771582749 0.23755644916929475 0.12786601817727217 0.07120195549515818
0.2707413083513932 0.49311292084931146 0.23529710876634857 0.0008486620329467565
0.24019426443006098 0.4554432543776743 0.2783903994317046 0.025972081760560095
0.438633283195327 0.08685104163940682 0.43995536075231667 0.03456031441294949
0.1386328445952434 0.7135206981599043 0.10298883570882045 0.0448576215360319
0.6355033660905427 0.08630046645000566 0.20293886861861665 0.07525729884083499
0.06494250091092246 0.09337283320252521 0.7028659521443064 0.13881871374224597
0.36736315229051386 0.05289461510481208 0.5748026155534485 0.004939617051225587
0.1600449569054968 0.06621700194863 0.19234385375022633 0.5813941873956469
0.00021870577242200095 0.010776037869831945 0.9672767064333545 0.02172854992439155
0.016225608667717384 0.09050273373884643 0.5459482034733296 0.34732345412010657
0.15492202166880842 0.015688143129352405 0.02941323669835849 0.7999765985034807
0.27861263474293885 0.07449083321529626 0.04965139054399015 0.5972451414977747
0.03303613538949435 0.28624247147124204 0.4031877203278327 0.27753367281143093
0.14836141414570658 0.8341146884271552 0.006616777098459092 0.010907120328679132
0.42626626782930743 0.13658088779414868 0.3467017938053506 0.09045105057119329
0.006594100552938298 0.0005739468251279023 0.11056339224379996 0.8822685603781338
0.3881772398515798 0.06937789766174862 0.22170773825724077 0.3207371242294308
0.11234048033630806 0.15737108452766557 0.5088214606826651 0.22146697445336128
0.3863430534945762 0.024639377280448294 0.20622658613622968 0.3827909830887458
0.07570719302199114 0.6102515726025178 0.006211425717112862 0.30782980865837817
0.5779294479313442 0.19123406375283558 0.1744899502120374 0.05634653810378287
0.07612399817055049 0.41636971823103464 0.21210813531028627 0.2953981482881286
0.007463749442434664 0.26292957791563165 0.04716799819096551 0.6824386744509682
0.713232462565093 0.22951693862133915 0.04286603204162098 0.014384566771946883
0.16860373042578947 0.35055352664395334 0.23085076243245084 0.24999198049780635
0.3062375122298582 0.0556437220134941 0.09424734021027203 0.5438714255463757
0.5090051510278828 0.42136964929877796 0.0016653461519582358 0.06795985352138101
0.02753341232569917 0.03972923356797997 0.5794492529858848 0.35328810112043607
0.226083864456869 0.34474036266935504 0.32271124231175186 0.1064645305620241
0.11021138515943396 0.021653805030576234 0.4378709065241635 0.4302639032858263
0.01049791211934148 0.21993277642011455 0.40772387714977876 0.3618454343107652
0.11833327080465261 0.01822375563087908 0.3048240555265457 0.5586189180379226
0.32942487944294885 0.016371213053527067 0.5316502505540276 0.12255365694949649
0.06951846375219439 0.3966544023170343 0.0647692744261611 0.4690578595046102
0.2283235006925901 0.014978433233762689 0.04859758874114062 0.7081004773325066
0.24999280588155115 0.5911555867156493 0.028361952965719972 0.1304896544370796
0.3846396390694208 0.29444601406316906 0.24513390427292836 0.0757804425944818
0.35603383224393115 0.2872288708841345 0.192971894388838 0.16376540248309635
0.3877197751815057 0.08164438820325814 0.0006508846843893412 0.5299849519308468
0.1834539152905703 0.26023833629177373 0.06829619435331025 0.4880115540643457
0.17617142772151717 0.4647014787167175 0.19209438222938768 0.16703271133237763
0.26550269123642667 0.439570487797339 0.08017540225070996 0.2147514187155244
0.010313390628192254 0.016467405593067808 0.018707990797360408 0.9545112129813795
0.11572937921239757 0.16257485049277598 0.445647953726068 0.27604781656875843
0.12073912291665001 0.7723169765414563 0.03198753421861189 0.07495636632328184
0.20362428852007564 0.43183965005070757 0.13347513969084457 0.23106092173837223
0.33326394900923284 0.40919996377762835 0.02775488101532575 0.22978120619781306
0.21059267665184955 0.15121042450768774 0.5785775261435399 0.05961937269692286
0.14940091321693438 0.4860755145290222 0.06020463125477016 0.30431894099927326
0.030689407701078197 0.038537220463802035 0.5187947447147928 0.41197862712032696
0.4801953156115938 0.1009176673505312 0.2773889962061076 0.14149802083176743
0.0060581703844116985 0.21415856233521957 0.19735376306918273 0.582429504211186
0.3139730265347134 0.43963284860775875 0.1447037957012104 0.10169032915631748
0.3833564985756245 0.28629930905908996 0.1692961138885225 0.16104807847676306
