43 40 4 108.08532861211287 216.17065722422572
2.0354910975080105 6.481598853515333 2.2005186776738945 3.165306579688139 3.944251502300258 8.73223741853738 6.994811917882232 5.870459910550634 1.2611244198192435 7.603734666522547 4.554550165879053 8.218424067657999 3.2897901327389136 1.5119644298603663 8.799837768092802 2.989260962959342 4.644905032425337 3.8448682391638784 1.6899642999680253 8.58902224806734 8.640452329703752 9.743185822918491 4.468392229556243 9.590393125977986 5.01182524755747 7.0275218654962694 1.7425004472743986 9.073887219833809 3.6820315061988644 3.360743403367433 1.0461659415801126 5.888822637523654 5.280367303065279 6.727363098143703 9.803837206738056 9.17796482047979 9.19137768202141 5.727301039964309 1.936170548692866 2.628231357321109
0.4070982195016021 1.2963197707030667 0.4401037355347789 0.6330613159376278 0.7888503004600516 1.7464474837074762 1.3989623835764464 1.1740919821101268 0.2522248839638487 1.5207469333045094 0.9109100331758105 1.6436848135315998 0.6579580265477827 0.30239288597207326 1.7599675536185604 0.5978521925918684 0.9289810064850673 0.7689736478327757 0.33799285999360507 1.7178044496134681 1.7280904659407503 1.9486371645836982 0.8936784459112486 1.9180786251955972 1.002365049511494 1.4055043730992538 0.3485000894548797 1.8147774439667619 0.7364063012397729 0.6721486806734867 0.2092331883160225 1.1777645275047308 1.0560734606130557 1.3454726196287408 1.960767441347611 1.835592964095958 1.8382755364042818 1.1454602079928617 0.3872341097385732 0.5256462714642218
0.6287857958821612 0.2362313247250205 0.08802310037955985 0.04695977901325843
0.4044052430754076 0.33132183843171314 0.16102018823374187 0.10325273025913739
0.560663169443735 0.10948199525864688 0.05684282726560663 0.27301200803201153
0.20608185091330178 0.403478020345744 0.1861789935569984 0.20426113518395583
0.14447837842282873 0.16579114842176101 0.3456933009792641 0.34403717217614616
0.5881040426583761 0.1071568242967168 0.052509744837770156 0.2522293882071369
0.5944491868184307 0.305224432548982 0.04396880881687837 0.056357571815708885
0.06372056831731454 0.4175827651380021 0.5173949124413704 0.0013017541033130131
0.005083284699214041 0.8650981923353754 0.08413800616144884 0.04568051680396168
0.18471295754908879 0.25859973717989526 0.44258680081888935 0.1141005044521266
0.044704402435746915 0.05864810844240753 0.6486871754878706 0.24796031363397497
0.2152285149871862 0.3370356320242174 0.3892900967469134 0.05844575624168302
0.3941979979597263 0.03850008160387386 0.48979140420944034 0.07751051622695948
0.4846864896036265 0.15968400701018715 0.10058662891841597 0.2550428744677704
0.007309493723924754 0.4063760410094116 0.5555699690977195 0.030744496168944146
0.060363544351553666 0.5237772863620331 0.3213101535998868 0.0945490156865264
0.2921975442760082 0.08635779517556164 0.43629654679904784 0.18514811374938234
0.1815347567293506 0.3053714195027357 0.02149475591432015 0.49159906785359353
0.21449782034691445 0.6122872518754987 0.011145456447303803 0.16206947133028304
0.0022395771533531006 0.47726544428731477 0.19442822956695394 0.3260667489923782
0.08164113622514768 0.28764417081790583 0.5829977457353427 0.0477169472216038
0.48601552405987125 0.40127506760063214 0.07536734605520778 0.037342062284288824
0.4452131001322439 0.0018480233651694267 0.5263778745844302 0.02656100191815647
0.09145020235766321 0.5346211252723789 0.3458475322166502 0.02808114015330765
0.21158100640626754 0.13872497582158494 0.3532331639037395 0.29646085386840804
0.5466971866165931 0.05436225451559484 0.22551896021340356 0.17342159865440854
0.08837381961170587 0.8806932425280677 0.020236381545684967 0.010696556314541472
0.10690220488046798 0.36171435324711665 0.38186913192574756 0.1495143099466678
0.1734633597648233 0.4416838477237489 0.07742918999685278 0.307423602514575
0.08594221175006189 0.24084749327472055 0.15259750506701242 0.5206127899082051
0.20342313582168003 0.01350683540019093 0.36022639820723723 0.4228436305708918
0.038974173914759436 0.4865191092522585 0.3521168143937745 0.12238990243920755
0.4101943985665063 0.10622457921287631 0.31579802658357925 0.16778299563703813
0.005431306395287883 0.19298537234044189 0.3827332394933797 0.41885008177089056
0.023602193184371068 0.24056974419970756 0.6326489294209304 0.10317913319499095
0.27669297993327013 0.16933917669255316 0.2569786236396626 0.2969892197345141
0.4367643858478628 0.3526935220649522 0.11844977659148792 0.09209231549569707
0.16441716047206212 0.15987070487773936 0.21275703881375962 0.4629550958364389
0.07022879894549428 0.20103573259082763 0.2603430324407434 0.4683924360229347
0.19881242102851282 0.5945020757299426 0.09984587773453402 0.10683962550701054
0.2755587766489521 0.13639420673740654 0.26022429608981745 0.3278227205238239
0.20689137134336522 0.23817004114631746 0.5485110799044208 0.006427507605896499
0.39919688590407476 0.012058603182560468 0.2934601187939062 0.29528439211945856
0.1991614766227019 0.09117130114805472 0.2497016864108994 0.459965535818344
0.24339801628096225 0.05621875952606259 0.10433989117344467 0.5960433330195305
0.10274277857321168 0.1426004743901481 0.4748033948908631 0.2798533521457771
0.1985798844363139 0.3047597484564679 0.46206894878448146 0.03459141832273671
0.024168624980544617 0.26725406469306334 0.278201709269451 0.43037560105694106
0.6112775896700217 0.1285862301334525 0.1437376451704151 0.11639853502611075
0.2550462803347965 0.17963204075200878 0.18225865473408986 0.38306302417910487
0.31162746930915075 0.17848219175991176 0.2253894254590022 0.2845009134719353
0.7768953667087695 0.06800252086808678 0.060073293056394306 0.09502881936674945
0.5981881365821267 0.0959589991648242 0.13481414319219098 0.17103872106085816
0.10561720640258265 0.02264313517349059 0.07644587459458196 0.7952937838293448
0.12075217051578746 0.21373682103714486 0.366486697880372 0.29902431056669565
0.016025917932118938 0.7101857558286562 0.0023923764477763454 0.27139594979144854
0.07755780549497093 0.4452398108322727 0.07352936384962205 0.4036730198231343
0.07013593446323718 0.2617158003680409 0.13634217123864711 0.5318060939300748
0.025962269231945 0.06869462498249124 0.2604555761863282 0.6448875295992356
0.15913749655398135 0.7652802547603852 0.07039682879184184 0.005185419893791621
0.16607017354449682 0.2878919410693853 0.4805978692563926 0.06544001612972528
0.3194050602856374 0.0018865281483757546 0.6760810119144753 0.002627399651511486
0.04474569544182738 0.6654291043552288 0.2885437365118294 0.0012814636911143706
0.5897310102096278 0.072240230676208 0.008678529325414908 0.3293502297887493
0.17162767591793848 0.33080880172521787 0.2926391573564071 0.20492436500043654
0.16003461073905834 0.17266701775345983 0.49800897614982 0.16928939535766185
0.3275349776987574 0.5915421093572378 0.0444120367235854 0.036510876220419375
0.4936927425283941 0.06526006357220904 0.3397842852610521 0.10126290863834475
0.0461680577085708 0.30856679408804155 0.6373109626125274 0.007954185590860252
0.2964456118515941 0.059348814460898236 0.3031836984903914 0.34102187519711624
0.02226974834023565 0.6298899889127243 0.029642399162233102 0.31819786358480695
0.45671378962705667 0.08244339625645114 0.0050690898253769046 0.4557737242911153
0.5941809916399295 0.225340815264787 0.06683055261894011 0.11364764047634335
0.05274634353341923 0.1992271053147806 0.5233308302642399 0.2246957208875603
0.04401325478638207 0.5134352790380295 0.015205843723588464 0.4273456224519999
0.4250691522964457 0.28968641762814573 0.2296639725137143 0.055580457561694274
0.40742853465844164 0.21613684490716134 0.36833285292243434 0.008101767511962676
0.032586123724061555 0.5237154751126765 0.41550809673034306 0.028190304432918922
0.39297331949182535 0.050875355292024915 0.2236223099114173 0.33252901530473244
0.06259572079291453 0.07788490778946522 0.042054847838821074 0.8174645235787992
