12 30 4 78.71019809081362 157.42039618162727
2.387465581417051 7.6604472686386424 3.369835136666212 5.80365454042268 1.131174662368777 9.268723072898965 9.10643368705311 1.3007928486371014 9.612544026476051 2.234883892204688 3.5544551766215124 6.45474865922946 9.49802622447738 8.674619869983564 1.0203331016666217 5.691034244982636 5.968338699381099 5.368396722964388 7.913207386579801 2.446450778130131 7.881044053049909 1.1872881815685954 2.2168916053220515 2.0464571566152086 3.789078260410263 7.043073806908024 5.241068004250127 8.345514682414242 3.606281051774982 7.598133798514036
0.47749311628341023 1.5320894537277285 0.6739670273332423 1.160730908084536 0.22623493247375542 1.853744614579793 1.821286737410622 0.2601585697274203 1.9225088052952102 0.4469767784409376 0.7108910353243025 1.290949731845892 1.899605244895476 1.7349239739967128 0.20406662033332434 1.1382068489965271 1.1936677398762199 1.0736793445928776 1.5826414773159603 0.4892901556260262 1.5762088106099816 0.23745763631371908 0.44337832106441033 0.4092914313230417 0.7578156520820526 1.4086147613816047 1.0482136008500254 1.6691029364828485 0.7212562103549964 1.5196267597028073
0.3346475291060558 0.2899345826292966 0.07804024351989391 0.2973776447447537
0.40063162736167357 0.0060086744449880936 0.36083534881382706 0.23252434937951127
0.1775641759378893 0.2416860943212169 0.04389859946823971 0.5368511302726541
0.08427266973184566 0.3812354304406653 0.17069189366035653 0.3638000061671325
0.055019993340200135 0.24515006648378646 0.11619959747062358 0.5836303427053898
0.11360171953981701 0.45880279598979234 0.06927357615581353 0.3583219083145771
0.5065560756680948 0.09679952749945886 0.2913874707603371 0.10525692607210924
0.07347004394226553 0.13503044451791457 0.2715462948667101 0.5199532166731098
0.031151070851766383 0.606234424289203 0.30425221719868745 0.058362287660343126
0.3194763109335812 0.2999471558341654 0.05053416566800839 0.330042367564245
0.6889276660324576 0.2576281563303455 0.010861601376254026 0.04258257626094286
0.0059093558684842895 0.37930762437458987 0.5148865194139083 0.09989650034301756
0.3122839968432516 0.2985230586611577 0.1899271787111182 0.19926576578447253
0.19467462904253707 0.18276615331810764 0.5077369120721502 0.11482230556720507
0.4190148274837505 0.09262812530958053 0.2668304810660136 0.22152656614065536
0.10948542133151884 0.08222535092403693 0.5951336929921689 0.21315553475227533
0.1263872837745974 0.16373465281322974 0.3693540172529892 0.34052404615918364
0.010438402094721133 0.16706796512201427 0.17793655758428728 0.6445570751989773
0.08463852035212138 0.828145473818703 0.05583433479914246 0.0313816710300332
0.3168079006890451 0.08864648639596517 0.08550058273997263 0.5090450301750171
0.14922368526773322 0.49222391034788326 0.0022854201495862148 0.3562669842347973
0.3445949402799181 0.03123295503954182 0.2378255590556433 0.3863465456248968
0.013353422191246023 0.6896287509087653 0.07469727897961032 0.22232054792037836
0.24660147812309097 0.1437077313000411 0.24172233729070747 0.36796845328616046
0.16447995611891109 0.5789380121066028 0.22790732570206418 0.02867470607242195
0.05103860002507066 0.0548565523983886 0.8159308022604251 0.0781740453161156
0.42866135651617787 0.15922512819542478 0.18839484955371655 0.2237186657346808
0.5213052583204294 0.009697779483852753 0.10791003145787526 0.3610869307378426
0.14155841215261689 0.6480177248896658 0.20969752510196016 0.0007263378557571532
0.0992046992760729 0.4082272822025893 0.23901077974548512 0.2535572387758527
0.32756947626342303 0.6227440484361023 0.02774455431699352 0.021941920983481134
0.4513084114213143 0.3737008417934592 0.17012890712378503 0.004861839661441492
0.37372314882391533 0.05032929772708339 0.5385444564768516 0.03740309697214972
0.027907788861532556 0.007260472609272206 0.6973524366711453 0.2674793018580499
0.048218749825570395 0.17263377100331512 0.30239354994940637 0.4767539292217081
0.2771172144251962 0.21562009101131163 0.3107793452408685 0.19648334932262368
0.4438718561912689 0.017568403874686278 0.14433743306962976 0.39422230686441506
0.5951524566360905 0.2932950705936024 0.05613393492663199 0.05541853784367512
0.4456270534106257 0.21963037912016348 0.19720772976682588 0.13753483770238495
0.2914566850066529 0.03112904770216096 0.6017449669231778 0.07566930036800834
0.0032879687523396095 0.4026703742073031 0.4512322158723009 0.14280944116805638
0.5957418942869064 0.04718425414893923 0.2769387225264778 0.08013512903767661
0.06987367476308803 0.5297455136342497 0.3118148617359814 0.08856594986668087
0.20215434337007254 0.008453295482811374 0.19223957131978953 0.5971527898273266
0.1354351345676108 0.1983973509469923 0.31412668782465825 0.35204082666073866
0.2538081939276894 0.1487809539682754 0.5280868664859215 0.0693239856181137
0.06772616162569478 0.5372792287378688 0.02152400155900669 0.3734706080774297
0.008003339782281182 0.3267207376944914 0.2627347271623507 0.40254119536087674
0.16989826093188554 0.14576997599678 0.5579143143083474 0.1264174487629871
0.2417802357140627 0.3021631738544509 0.19846690360828 0.2575896868232064
0.2982310292316368 0.36111232148303385 0.08724043909108525 0.2534162101942441
0.34344500065127515 0.2749477120880648 0.3702351524358074 0.011372134824852664
0.1162057334478247 0.4582270613792442 0.3754492823106813 0.05011792286224981
0.09547025346487126 0.22649733406585537 0.09697109318684605 0.5810613192824273
0.5176892950354683 0.4316922753495054 0.01980080922646754 0.03081762038855873
0.774940215434729 0.1076304849043217 0.022825166290602827 0.09460413337034645
0.25981748776761393 0.37003249118352644 0.35823977874377844 0.011910242305081198
0.4244851388775528 0.4023148362831228 0.11917814750938471 0.05402187732993968
0.026287019886786056 0.6446365689614754 0.31066396584537537 0.018412445306363212
0.28569302592260826 0.2362096494345478 0.09468539868331405 0.3834119259595299
