100 70 4 183.0787747073698 366.1575494147396
5.890644476118689 3.5053244658441653 4.820658316742198 8.602985190879133 1.042469705718753 2.094122087048028 7.036741762541007 8.43267479594543 2.230359307164577 6.17583996484525 9.021897588810376 2.8828190990547062 2.6679539759506756 1.9753920141782961 2.9772774336249297 9.807614062366326 8.30514834180391 2.5474691145933477 8.34602273853256 3.4666637233752926 4.885337652968095 9.460268376601372 8.358844408990546 4.025007551088088 2.5786940836810297 4.355488416609308 1.0511965661731608 3.271837181003564 8.160962576259585 1.137294741217051 6.3895903923564354 6.434240851385682 1.946329168708507 4.43749100448799 1.3282845093331201 9.013704070978681 9.828287713110804 1.5394778993623353 9.014913502556537 6.192113494600296 7.682317201881796 6.671655428278385 6.236579731589001 1.1839521882423085 2.8902391990557454 5.9021639036078275 7.922036539950865 3.256257062245563 3.573061213661782 8.671555790571757 9.775058442459288 8.96367964141995 4.2355705954321206 6.389730512881725 4.1931605049156975 4.061711938335812 2.602728905552244 3.139247877616454 1.4037605421469777 5.548882866722103 4.386272088676266 6.33524860878298 6.669476880287476 2.2834028300165516 9.404571695197772 9.517418927281911 6.42066991957779 4.489896522939677 4.268692036984149 2.8391074918177983
1.1781288952237379 0.701064893168833 0.9641316633484396 1.7205970381758267 0.2084939411437506 0.4188244174096056 1.4073483525082016 1.686534959189086 0.4460718614329154 1.23516799296905 1.8043795177620752 0.5765638198109413 0.5335907951901351 0.3950784028356592 0.5954554867249859 1.9615228124732653 1.6610296683607821 0.5094938229186695 1.6692045477065118 0.6933327446750586 0.9770675305936191 1.8920536753202744 1.6717688817981091 0.8050015102176176 0.5157388167362059 0.8710976833218617 0.21023931323463216 0.6543674362007128 1.632192515251917 0.22745894824341023 1.2779180784712871 1.2868481702771364 0.3892658337417014 0.887498200897598 0.26565690186662405 1.8027408141957362 1.9656575426221607 0.3078955798724671 1.8029827005113073 1.238422698920059 1.5364634403763593 1.334331085655677 1.2473159463178 0.2367904376484617 0.578047839811149 1.1804327807215655 1.584407307990173 0.6512514124491127 0.7146122427323565 1.7343111581143513 1.9550116884918576 1.79273592828399 0.8471141190864241 1.277946102576345 0.8386321009831395 0.8123423876671623 0.5205457811104488 0.6278495755232908 0.2807521084293955 1.1097765733444205 0.8772544177352533 1.267049721756596 1.3338953760574952 0.4566805660033103 1.8809143390395544 1.9034837854563822 1.284133983915558 0.8979793045879354 0.8537384073968297 0.5678214983635597
0.17360800174020508 0.10315705965613009 0.680247538956463 0.042987399647201885
0.09205560337723862 0.41664328986095533 0.22260185982172864 0.2686992469400774
0.3950359317582296 0.13299929155981782 0.2774153140112323 0.19454946267072026
0.11078790118244575 0.20227854040606397 0.22733813371220668 0.4595954246992836
0.20012360721840317 0.05413391059931494 0.20272161223154772 0.5430208699507342
0.6103281532093938 0.08740675430356215 0.08055430793689256 0.22171078455015147
0.02317813647840361 0.602145621278404 0.3511763692590477 0.023499872984144687
0.21097841871844636 0.3383968429092258 0.37412156363141524 0.07650317474091262
0.46060162107485014 0.03975427560001488 0.025600039554913967 0.474044063770221
0.3947002866898355 0.008180044689306665 0.09773398806381106 0.4993856805570468
0.039998689640650786 0.05043409855578507 0.8530443095462911 0.05652290225727308
0.11004833096656297 0.4722958392502059 0.4102980671861992 0.007357762597031914
0.5239868344883128 0.4189734104267129 0.05597202392818623 0.0010677311567880432
0.18327900063057578 0.00639452828157383 0.4050065399895558 0.40531993109829456
0.35967810260053623 0.12721337976858726 0.09054989045872386 0.42255862717215265
0.20820724019602266 0.28363567006803125 0.23751755076538728 0.2706395389705588
0.11353757521867625 0.26190167234331196 0.2795959584373342 0.3449647940006776
0.45603905760612395 0.06412162943179933 0.44148121673672247 0.03835809622535424
0.13491872253239878 0.25225390529624026 0.3198708678605041 0.29295650431085685
0.29943801894470223 0.1735459716235188 0.33274461686856416 0.1942713925632148
0.07957343897032487 0.41092561291357477 0.47089842561970585 0.03860252249639451
0.16224691874820008 0.25484381683546076 0.3159042842543315 0.2670049801620077
0.3017524134841485 0.12309482444068309 0.4220852416845874 0.15306752039058102
0.035626996553034807 0.2587034447433364 0.6580464117171752 0.047623146986453646
0.43117785229972994 0.06168865504554388 0.40088559737493223 0.10624789527979395
0.08226452393202399 0.1811012591187 0.5330394421354838 0.20359477481379218
0.21134788749712163 0.2740664226872457 0.19920996150834558 0.3153757283072871
0.3208817260865362 0.3804447880069799 0.28833906268576726 0.010334423220716649
0.06088456434663547 0.10838434379879547 0.2691241864944124 0.5616069053601567
0.23979218956447224 0.31926369603154725 0.15284377298689622 0.2881003414170843
0.605112035518179 0.2444952902408023 0.010786865148605385 0.13960580909241327
0.1908360458112225 0.5386582981532855 0.14806119832226294 0.1224444577132291
0.24063282092985294 0.14570797337631547 0.43776149495241834 0.17589771074141325
0.13752361490782572 0.10181146718799405 0.7264907331486652 0.034174184755515036
0.13748694797777417 0.09374135607102885 0.5768867088448973 0.19188498710629964
0.33253590652220666 0.4283768530366434 0.23127792995639707 0.007809310484752863
0.017823184026521055 0.6186938572282575 0.2916676402088678 0.07181531853635359
0.21295603224034498 0.3089157655842447 0.27861940774456284 0.19950879443084746
0.009933693670982957 0.2653795251239154 0.1463042902676912 0.5783824909374105
0.19252168025197935 0.22883424150457643 0.3838142456107414 0.19482983263270282
0.0491059726975559 0.43058778860412106 0.2071169348527191 0.31318930384560395
0.06043793213558557 0.26092790664661314 0.5186042604195527 0.16002990079824864
0.06913918311155143 0.17403498277587393 0.4395322905408817 0.3172935435716929
0.10960694983251273 0.3577710416128348 0.387066524259709 0.14555548429494347
0.07664186926890304 0.47085813188039904 0.37254704170940833 0.07995295714128958
0.30687852974345065 0.15267514026673334 0.13976511071410047 0.40068121927571554
0.39579460989699644 0.23929353785393004 0.2898387956518651 0.07507305659720842
0.05120709286293723 0.07164065904083217 0.7061750017970534 0.1709772462991772
0.1384489237765847 0.6426151588545068 0.1402677108897512 0.07866820647915729
0.546551813367495 0.1578839838964483 0.27803177746304963 0.017532425273007024
0.554476808071934 0.019999033951404455 0.3232024687189271 0.10232168925773444
0.14843865774278353 0.03703550131169697 0.7537814250976588 0.06074441584786072
0.10956460430560977 0.1349263250005499 0.13958852973525449 0.6159205409585858
0.09849288379186216 0.008372620876688552 0.41288620304265655 0.48024829228879273
0.45572905099809846 0.04608454268743267 0.09718943120296974 0.4009969751114991
0.06066969591495719 0.4021038277796084 0.14588552144525524 0.39134095486017917
0.18106714116610723 0.3870415936793886 0.22858150403586575 0.2033097611186384
0.4553549670732038 0.3568813108895843 0.014139328758724035 0.1736243932784879
0.5407225761596202 0.23208024564928853 0.11258451043231732 0.11461266775877399
0.38009165785093446 0.1762183824259388 0.12480132726508042 0.31888863245804633
0.0303847229992098 0.29947003738029454 0.24627065203237097 0.4238745875881247
0.1813838598387736 0.1996234107682795 0.27158895231503744 0.3474037770779095
0.4825851038502419 0.1763803307223617 0.14732043867011768 0.19371412675727873
0.067767735751191 0.05568195690211786 0.024250743449200085 0.8522995638974911
0.13367496222456432 0.5703604795536551 0.008115506124119598 0.287849052097661
0.15671586892228329 0.2941616073787685 0.5209886719439808 0.02813385175496741
0.1509202908404773 0.06036159295588439 0.28223015825311293 0.5064879579505254
0.38725741753121723 0.04138588041164526 0.5666221040745444 0.004734597982593125
0.07026799039549492 0.037930238273597205 0.7824658217874592 0.10933594954344872
0.10620815853048937 0.02942797944983 0.7417278673503214 0.12263599466935926
0.24653588120354963 0.3514378031253711 0.36863601015840286 0.03339030551267641
0.08846017300289077 0.25192504983454533 0.1231127960997116 0.5365019810628523
0.3355964417185683 0.4187525528637853 0.23780904192817465 0.007841963489471748
0.2967937508800147 0.015846546995728406 0.321396385086532 0.3659633170377249
0.6411012587007017 0.016523546828282054 0.0013152646972132143 0.34105992977380306
0.30900034852440217 0.4705980500863475 0.08001989711831548 0.14038170427093488
0.16074454850708164 0.005949582691776478 0.8157136984106915 0.017592170390450357
0.2718308491769721 0.08869440163763609 0.5930245990649258 0.04645015012046605
0.0013990231190438296 0.6947625417043415 0.01990942574095078 0.2839290094356639
0.3542983001063206 0.09087832872481771 0.046990341070011654 0.5078330300988501
0.026544641333941965 0.24701827869349868 0.009577439692378897 0.7168596402801805
0.6644814459639401 0.32641135696088697 0.002224569556217748 0.006882627518955187
0.17314990980873102 0.06871017616752129 0.3408337291736464 0.4173061848501013
0.38684542191779026 0.02392525110751975 0.30581542010302987 0.2834139068716601
0.3095898177667046 0.011742114242109025 0.12037588755992934 0.5582921804312571
0.45125862406183437 0.3188311488578611 0.1289865418740157 0.1009236852062888
0.13302868937357504 0.21071084586180933 0.3672984579751132 0.28896200678950246
0.15973623015851013 0.05853602756964427 0.6193434871336554 0.16238425513819021
0.2508340198317248 0.6091415371139383 0.11909478853820576 0.020929654516131158
0.2529805046497241 0.4102965423664041 0.1936184813888875 0.1431044715949843
0.6321920644327551 0.10056854058296005 0.2210441291519476 0.04619526583233724
0.40588132236756125 0.2897097059245126 0.20681847495589234 0.0975904967520338
0.07019911390868883 0.7879151121427409 0.12150945497874044 0.020376318969829832
0.4923926469985821 0.10384087151975907 0.21434024001112995 0.1894262414705289
0.3192704571895012 0.23475073258220502 0.03837631321728008 0.4076024970110137
0.5422806135357958 0.09335609628960273 0.31911079560541034 0.045252494569191115
0.41164813817783297 0.0766450286272663 0.4783997537778685 0.03330707941703226
0.0251715638848119 0.0032402928284398502 0.04511520515232237 0.9264729381344259
0.11140631670405321 0.5162799627970008 0.2032174851029207 0.16909623539602525
0.19005270791973705 0.51436770036912 0.15387451703792043 0.14170507467322246
0.2544665354944545 0.3047507477735856 0.3605380758820297 0.08024464084993022
0.4126407675387943 0.02248942255343145 0.27088932986393643 0.2939804800438378
0.5252117866139705 0.06566900412095422 0.26044363609807064 0.14867557316700464
0.7797958042329348 0.028474603658673492 0.058990005216822294 0.1327395868915694
0.06368112422046845 0.5260043244830583 0.08875525566795905 0.32155929562851415
0.046527167666138625 0.2392248171494331 0.6588008062114856 0.05544720897294264
0.18167941079661343 0.00839276533755906 0.41177642999772 0.3981513938681075
0.43726884144766365 0.05855314445600679 0.3636143255412406 0.14056368855508894
0.0547173770819418 0.6630226274613946 0.07202567479267019 0.2102343206639934
0.012625830357479995 0.13071004181151957 0.1704793611486357 0.6861847666823647
0.3676567217785285 0.19834366320656505 0.16081052006661323 0.27318909494829324
0.09095116720087482 0.0017686999701667094 0.36144368527996384 0.5458364475489946
0.6404614421560298 0.04027432507460782 0.19218419451562752 0.12708003825373482
0.16905576511943454 0.04133067964772419 0.5655627746362138 0.22405078059662742
0.4809727659278811 0.3052820968875314 0.002659934287805532 0.211085202896782
0.5043734512337575 0.03697952911535507 0.05762617513184054 0.40102084451904685
0.2299691652490331 0.568776107306306 0.1718055294748797 0.029449197969781182
0.028463806171351802 0.1917487116622868 0.06527930986640085 0.7145081722999606
0.5046658125966791 0.27337073973729886 0.16498207970221346 0.056981367963808593
0.0656092254275048 0.30360800431037827 0.32469921573802574 0.3060835545240912
0.26393098909487067 0.248935278998917 0.13430106373461148 0.35283266817160086
0.030304170594405044 0.2416740337146165 0.0747759258671824 0.6532458698237961
0.3783269956614701 0.2831539781122149 0.003942714145776294 0.33457631208053873
0.2962341178657576 0.2520203895982299 0.032608240202864014 0.41913725233314847
0.0004867594752598903 0.03817976065430695 0.4630596015620475 0.49827387830838565
0.6720026837921436 0.03227041144282372 0.24556384391487762 0.050163060850155095
0.5853103927119501 0.062271784620375636 0.30655613720216945 0.04586168546550484
0.029956597665086293 0.7084949328664082 0.1888396430206556 0.07270882644784993
0.45856166708365387 0.06321572653266638 0.3859876046490933 0.09223500173458643
0.013846685418091642 0.17326803687255454 0.6215697678427456 0.19131550986660817
0.15178450453000336 0.6263890226259451 0.1735996189923773 0.048226853851674245
0.14409194606082942 0.06956492238980072 0.19207766412201877 0.5942654674273511
0.5118226737134436 0.012199124570545283 0.2803692823853049 0.19560891933070623
0.06192919793340079 0.9315243791472966 0.0023622298816973197 0.0041841930376053105
0.1803451692283481 0.4827361530923866 0.29789833065714866 0.03902034702211665
0.0904734812788307 0.2392274972183822 0.18016015178768718 0.4901388697150999
0.08654232235729176 0.057058662723290965 0.6717375943792949 0.18466142054012236
0.020062850895111617 0.7462411612850999 0.12709940184190494 0.10659658597788357
0.08843736434987892 0.404038959426704 0.2022663477170371 0.30525732850638
0.20125887824678435 0.6574680944370631 0.08449552951808115 0.0567774977980714
