74 50 4 128.00597790763112 256.01195581526224
2.8198206408721718 8.060928436995049 8.74483515313328 3.943766809732912 3.2397442847635007 8.293273446218297 7.420913103315365 6.951955720404018 7.3944213132661 2.0161078765310565 8.829748031104653 5.287850356293555 1.7224379284367726 2.338934157304754 3.9162182834124 1.0608164633927657 7.451920654665319 1.585690493494888 4.814611642037224 8.243916315285585 1.265465106800412 5.731914777098036 8.086024144643336 8.306882746469501 4.073116818914792 4.597060083336812 8.760985323374403 1.0192206760253426 2.5206640234219195 4.452658176320602 6.399560963348801 2.1742206168623768 1.3120331142501866 7.3171664359207735 5.785202899019894 7.735938222536454 2.3685840516270167 1.6132827530875529 5.393224215187388 5.809974622287679 6.20066058580415 6.976277114012966 4.981969784583266 2.2393629587091546 2.832513940166389 2.9793570555235 8.04271333686462 7.37074457693731 5.715934379459153 9.811331202008791
0.5639641281744343 1.6121856873990097 1.748967030626656 0.7887533619465824 0.6479488569527001 1.6586546892436593 1.484182620663073 1.3903911440808037 1.47888426265322 0.4032215753062113 1.7659496062209308 1.057570071258711 0.3444875856873545 0.46778683146095085 0.78324365668248 0.21216329267855313 1.4903841309330637 0.31713809869897763 0.9629223284074447 1.6487832630571169 0.2530930213600824 1.1463829554196072 1.6172048289286671 1.6613765492939003 0.8146233637829583 0.9194120166673624 1.7521970646748806 0.20384413520506853 0.5041328046843839 0.8905316352641204 1.27991219266976 0.43484412337247536 0.26240662285003735 1.4634332871841547 1.157040579803979 1.5471876445072907 0.47371681032540336 0.3226565506175106 1.0786448430374775 1.1619949244575358 1.24013211716083 1.395255422802593 0.9963939569166532 0.4478725917418309 0.5665027880332778 0.5958714111047 1.6085426673729242 1.4741489153874618 1.1431868758918307 1.9622662404017581
0.26696216840848797 0.10508262517896916 0.40369600772308334 0.22425919868945954
0.6458748369055124 0.02076074297799302 0.24646995637624436 0.08689446374025023
0.1645388474934688 0.39885288622376236 0.0661494278634368 0.370458838419332
0.0026701521586803834 0.4416797895803246 0.14368597935909755 0.41196407890189746
0.11709099923801003 0.5601551412612638 0.022412227813486396 0.3003416316872398
0.08006484091487132 0.40466931863784594 0.4727956700071414 0.04247017044014134
0.12611224530300913 0.11465417875254269 0.5464048261465247 0.21282874979792343
0.12496103319980167 0.28737193026023866 0.008638570022246217 0.5790284665177134
0.03868267769202127 0.6609776267703639 0.15894908286888587 0.141390612668729
0.03220866509838305 0.24845238074867193 0.5574771558896874 0.16186179826325764
0.3610858880606215 0.04414427275969579 0.18299439082705016 0.4117754483526326
0.1349166071469785 0.09607137960723178 0.4735054610421642 0.29550655220362554
0.27369633097843726 0.3773419682870298 0.32763661536068156 0.02132508537385136
0.6391490103145848 0.0937436872901144 0.1408615998479119 0.12624570254738887
0.19711824028098857 0.31151653041037075 0.09316370303434429 0.3982015262742964
0.06231065126832114 0.49097189969568766 0.4306902204077885 0.016027228628202717
0.026214233014971944 0.5612792586588161 0.05118461910973604 0.3613218892164759
0.6615059758407127 0.037250316053686894 0.12683325696152958 0.17441045114407083
0.06443640260589767 0.20913048417018565 0.11011442953526362 0.6163186836886531
0.11083988681273182 0.03772768618893918 0.5070052402690525 0.3444271867292765
0.38236386626035346 0.34947788359482557 0.16224833674288697 0.10590991340193401
0.0737120014921957 0.13689452660736057 0.7092555008709057 0.08013797102953801
0.018685203615573687 0.4444863882831811 0.13087264123116815 0.40595576687007706
0.18439636887406163 0.5523065511023607 0.09920425932974586 0.1640928206938318
0.13318248968069957 0.07985157837929002 0.4086154393047937 0.3783504926352167
0.38054820415253077 0.10899718611020581 0.35610009527531583 0.1543545144619476
0.64139494967554 0.007893422530035887 0.17710920106854744 0.17360242672587667
0.31546693055791675 0.3716743149795394 0.24816072249883425 0.0646980319637096
0.02638544686764266 0.12339058168381711 0.03626553010455458 0.8139584413439857
0.37247661698678236 0.22168797326582934 0.07458887378414569 0.3312465359632426
0.1488877768952851 0.15747508476797656 0.08301680525026889 0.6106203330864695
0.11730671855942898 0.29760324956649664 0.41394137968172395 0.17114865219235043
0.8139128977484699 0.0005442569856024537 0.0068752852422248045 0.17866756002370288
0.5935895773214102 0.14007242624294425 0.13410981966715385 0.13222817676849175
0.11948920436654609 0.6444064316441304 0.11197416539382321 0.12413019859550034
0.018510187677406864 0.4237884101428875 0.5294731149081845 0.028228287271521157
0.12178551147089411 0.442920433604466 0.26460884575820187 0.17068520916643803
0.10053291955959087 0.35769482638838146 0.32230103163645785 0.21947122241556982
0.05300722858532625 0.6245480032372724 0.07362614095185482 0.24881862722554648
0.7764843496215681 0.18970185253133254 0.02286875704172564 0.01094504080537373
0.01972241732746327 0.6312700155947111 0.21926051123878565 0.12974705583904
0.728156259041388 0.10216322672469424 0.06370827580018168 0.10597223843373604
0.06941992419284848 0.1774175418056081 0.7530001620555983 0.00016237194594515003
0.7121297983273577 0.23058899267920197 0.0008384951705248112 0.05644271382291555
0.5480237353249735 0.019216873523133282 0.11817005819699666 0.31458933295489655
0.12535710335843497 0.05612815467546961 0.0337297388088722 0.7847850031572232
0.09115027205901927 0.06986663963470996 0.0674438221741197 0.7715392661321511
0.14235574072107304 0.35403708484561947 0.08504406294952493 0.41856311148378256
0.39798168302480996 0.2899519467506636 0.15411264755470278 0.15795372266982366
0.5047582769147083 0.15831837715551988 0.03956680417495417 0.2973565417548176
0.48367475257868087 0.24469049390868503 0.22036256145870137 0.05127219205393274
0.019000022932276317 0.3657030709280158 0.34969230277746055 0.26560460336224734
0.05748806604787848 0.029384620900260283 0.11348677596879986 0.7996405370830614
0.22673185042506172 0.4073226214321193 0.29950714586092253 0.06643838228189647
0.05371122796049166 0.24242619869111293 0.041772985232491844 0.6620895881159036
0.10128679199789181 0.4431260990906968 0.3930849213249539 0.06250218758645754
0.5139757412149405 0.08510873416038434 0.1878625815239039 0.21305294310077127
0.6655712628194355 0.1637488259004367 0.10353621167848404 0.06714369960164379
0.506502240807773 0.2856890922984969 0.09222627982617326 0.11558238706755686
0.47510763807321543 0.016635664783419934 0.3578467596404925 0.15040993750287213
0.020372987850272306 0.6238757882285151 0.04764209476726855 0.30810912915394406
0.2807715327432573 0.07177558978511156 0.5002747713748539 0.14717810609677728
0.711146881675797 0.09374301854051537 0.18140847005244065 0.013701629731247
0.31707267357464597 0.032732882890700976 0.5720472178300455 0.07814722570460753
0.0996362289358913 0.10456730955458271 0.3707391687477385 0.4250572927617875
0.13017093354190634 0.44972207729262736 0.4153607976208207 0.004746191544645617
0.03784691478222313 0.1538545287100176 0.4011082873284315 0.40719026917932777
0.2903445353497577 0.057405800864992695 0.5632316182945193 0.08901804549073034
0.05866971741711746 0.6104126775682505 0.025039441654428507 0.30587816336020357
0.24931008146574607 0.052248366964529946 0.28881900966225227 0.4096225419074717
0.09204275746116597 0.7425804515985077 0.06172836864663489 0.10364842229369142
0.23703822944967057 0.37321153483572256 0.2244627518035336 0.16528748391107329
0.21646807815157454 0.46800723234714847 0.18623755509312956 0.12928713440814743
0.2911924155370059 0.2289492241791088 0.21687856112299408 0.2629797991608912
0.15793420557525484 0.43215975905662984 0.38095494221010495 0.028951093158010366
0.3967015570221951 0.37232766536188877 0.09569688213343863 0.13527389548247748
0.03166836735318679 0.135201745689023 0.5423450014631227 0.2907848854946675
0.4969010145485282 0.06522060730893675 0.43103303120997205 0.006845346932563001
0.4454170019958409 0.3814054240828131 0.088670211411087 0.08450736251025903
0.15708647346115556 0.002694183699848307 0.2131464797654209 0.6270728630735752
0.040673016487323244 0.6057154845070339 0.059862747276646866 0.29374875172899595
0.036497952827602265 0.5487153517460933 0.3481380520428896 0.06664864338341481
0.3513438038671237 0.10254596827391316 0.2559036080004513 0.2902066198585118
0.13487371968040396 0.40115893955309445 0.4498870000313586 0.014080340735142971
0.04589648606692687 0.6803370531574068 0.26248723950583075 0.011279221269835604
0.060878432938621385 0.3052588756565804 0.43678172809540283 0.1970809633093954
0.5541568482145253 0.013367175913679752 0.1545967162518438 0.2778792596199512
0.11683620265025252 0.22007237085080333 0.44486908449380547 0.21822234200513868
0.032470048080179725 0.10115392723087868 0.7834397136846409 0.08293631100430066
0.5190464486834068 0.27763157020541385 0.06350177415593772 0.13982020695524167
0.30377722766189486 0.0070620919356101375 0.5082686898595601 0.18089199054293492
0.021922012393255197 0.023329715642637416 0.671191152134107 0.2835571198300004
0.093908781373917 0.0771923507436918 0.4880507933320509 0.3408480745503403
0.6228260916795086 0.13857506603558 0.06793894801391176 0.1706598942709996
0.32582222908758685 0.18714896308064144 0.15096996971590282 0.3360588381158689
0.5031784304377854 0.41421930644807636 0.048937792309978856 0.03366447080415935
0.32323112250073593 0.09629546295700886 0.21457481018630198 0.3658986043559532
0.1898322044738986 0.03693447920533932 0.5107897830405592 0.26244353328020287
0.5537492986135472 0.27869276250251784 0.10429925129686557 0.06325868758706943
0.47713396927208584 0.02092913300217425 0.23764347344683223 0.2642934242789077
