79 100 4 286.7544508613909 573.5089017227817
5.50601313706343 5.212606833533036 5.507042730780091 2.3426034890689733 8.382501422374734 3.892276284486741 8.01256597396672 8.335722770913005 1.1332204955323666 3.048217555293667 7.405584178746709 8.390016059498263 8.139929280771616 5.456943870382062 6.045172258930392 5.634376929824458 3.583119958604634 2.6928081757475986 4.069050721652306 3.396784011212003 2.8252793744648788 4.669008166538601 5.691201021436838 1.076075832415908 9.6682991792954 8.744268506591222 8.110223359784701 7.76929390799231 9.452641248078224 9.85801130999369 1.7656240381158055 5.793816813544424 7.8026669063957925 3.79304159364278 7.225917342697392 2.75817249906009 8.687810215855972 4.942790058753599 6.711225798739498 3.511355947115015 7.076785239756575 4.454948122285608 2.915229104337179 2.5209362318167248 4.977830139888203 9.317206657342963 8.115226042142783 3.8999306226795154 1.0412613120418917 7.194038524156913 6.798509056162972 4.600414774777461 1.0381828017152293 6.176580913871884 3.0141186051678996 8.706178078262672 8.18672078436099 7.596163830391137 8.957420084175364 6.076879347654854 6.898322562820749 1.5391890815644125 8.244839421741545 8.068088671718371 9.608085182301974 5.265667997147169 7.539986764272385 7.119852614015797 7.015434656591372 1.4770403147439786 6.478781043952069 4.0036174475692645 9.431419689899641 1.079626811161419 9.349247481894608 2.937086800865703 5.863033290947265 5.481759238302198 6.889409525181672 7.895326699777373 8.574832930377351 3.4692504190173903 5.316810109834657 7.4084641963323135 3.226258888305834 6.850112575055634 8.320734776138796 7.269865060955637 6.739042265609448 9.099870529573852 5.285688626807066 2.7346733821288742 5.489586255863892 1.0453124329526675 7.749962301000951 4.237881646635016 1.2438101183869847 3.6005091268592033 7.39443282102552 6.558148431567991
1.101202627412686 1.0425213667066073 1.1014085461560181 0.4685206978137947 1.6765002844749468 0.7784552568973482 1.6025131947933438 1.667144554182601 0.22664409910647332 0.6096435110587334 1.4811168357493418 1.6780032118996526 1.6279858561543232 1.0913887740764125 1.2090344517860783 1.1268753859648917 0.7166239917209267 0.5385616351495197 0.8138101443304612 0.6793568022424006 0.5650558748929757 0.9338016333077203 1.1382402042873676 0.21521516648318162 1.9336598358590797 1.7488537013182444 1.6220446719569401 1.553858781598462 1.8905282496156448 1.9716022619987381 0.3531248076231611 1.158763362708885 1.5605333812791584 0.7586083187285559 1.4451834685394784 0.5516344998120181 1.7375620431711944 0.9885580117507198 1.3422451597478997 0.7022711894230029 1.415357047951315 0.8909896244571216 0.5830458208674358 0.504187246363345 0.9955660279776406 1.8634413314685925 1.6230452084285567 0.7799861245359031 0.20825226240837832 1.4388077048313828 1.3597018112325945 0.9200829549554921 0.20763656034304584 1.2353161827743768 0.60282372103358 1.7412356156525344 1.637344156872198 1.5192327660782274 1.791484016835073 1.2153758695309709 1.3796645125641498 0.3078378163128825 1.648967884348309 1.6136177343436742 1.9216170364603946 1.0531335994294337 1.507997352854477 1.4239705228031594 1.4030869313182746 0.29540806294879574 1.2957562087904138 0.8007234895138529 1.8862839379799283 0.21592536223228379 1.8698494963789216 0.5874173601731406 1.172606658189453 1.0963518476604395 1.3778819050363345 1.5790653399554746 1.7149665860754701 0.693850083803478 1.0633620219669315 1.4816928392664628 0.6452517776611668 1.370022515011127 1.6641469552277592 1.4539730121911274 1.3478084531218895 1.8199741059147705 1.0571377253614131 0.5469346764257749 1.0979172511727784 0.2090624865905335 1.5499924602001902 0.8475763293270033 0.24876202367739694 0.7201018253718406 1.478886564205104 1.3116296863135983
0.38565820044484844 0.4112067090799326 0.1495294247465505 0.05360566572866843
0.6003756470899198 0.029271025482336177 0.3472927886353804 0.023060538792363694
0.26327021375988213 0.2010833995315513 0.06030339217075609 0.4753429945378105
0.1367780215464478 0.11144214029933242 0.23853526727601837 0.5132445708782014
0.6667857955619569 0.12876042495506212 0.007437498529625941 0.197016280953355
0.19657789999122866 0.19456786144824978 0.21997218133938978 0.3888820572211318
0.05340391742297246 0.2179083649186383 0.34501181064188924 0.3836759070165
0.7474136245825465 0.1839766909213041 0.05548776929007615 0.013121915206073309
0.1616830749516981 0.7921691854387494 0.021871584188956072 0.024276155420596468
0.1268346651574107 0.4634980740341328 0.0775493139278709 0.3321179468805856
0.23446692924543133 0.06223604799632254 0.3870197317533016 0.3162772910049445
0.5915722159174703 0.06365337109039515 0.09000680210512202 0.2547676108870125
0.004246322971503513 0.4346007528575184 0.05280187831790761 0.5083510458530704
0.023216521283324187 0.3353612184757677 0.3638349658398803 0.2775872944010278
0.07660983211459149 0.019397093933560483 0.4628110898181138 0.4411819841337342
0.17379345707102412 0.6045986298498266 0.17600522977275468 0.04560268330639461
0.3579352251456638 0.06399640274473584 0.1586074963174784 0.419460875792122
0.28957238458032764 0.31028007274167013 0.008910626684889844 0.3912369159931124
0.31884352739475097 0.011656042175220427 0.048923007736659585 0.620577422693369
0.12145959687889163 0.03620637161081397 0.44836420387996123 0.39396982763033317
0.08273657833595627 0.24682627011443659 0.5323928650573736 0.13804428649223355
0.0807242814157112 0.09438395648483533 0.4513819703706584 0.37350979172879506
0.05269827999166876 0.23300018880222706 0.26939396534519966 0.4449075658609045
0.5059386196500016 0.13234333955537858 0.16262997253896683 0.19908806825565295
0.24495194141899979 0.18667740396878296 0.023531674444448036 0.5448389801677692
0.26856231973316047 0.30170773166185527 0.08677254592184724 0.342957402683137
0.10488563901390746 0.5886323630378738 0.06189379478795454 0.2445882031602642
0.4175882756613031 0.4735945922098346 0.10544786780781656 0.003369264321045784
0.7244679455159456 0.08970454105225434 0.17193091363952762 0.013896599792272424
0.07285936339629384 0.03365498563859837 0.249434463691537 0.6440511872735708
0.12715094729102916 0.08374802313261798 0.5372076232122612 0.25189340636409163
0.17698524014420858 0.28543452136785996 0.35314203896761875 0.1844381995203127
0.05569518834210452 0.927401243797998 0.0010945599743519274 0.015809007885545512
0.12729916033267152 0.21497666499766122 0.6258082901132371 0.03191588455643013
0.4726313183137123 0.15077964854583492 0.31338875940687294 0.06320027373357984
0.03496540564767481 0.9112986801395578 0.0381760640885177 0.015559850124249652
0.01801824626900661 0.6766878071998519 0.19412765415020294 0.11116629238093856
0.41322592764361454 0.47252697820593514 0.0470340014399806 0.06721309271046971
0.5770627905786126 0.11411198775144349 0.09252679171941403 0.21629842995052984
0.03778530992144369 0.01291514479100031 0.008491599733223998 0.940807945554332
0.3838550959912862 0.14987747494383385 0.27992467696595 0.18634275209892992
0.17603767863348485 0.13654600929189453 0.3019584087754148 0.3854579032992058
0.007510002465926258 0.0289778752140063 0.7835097751739974 0.18000234714607
0.12601226509870578 0.19834695049912998 0.28410185359713325 0.391538930805031
0.0283763037310526 0.6620005079113256 0.08257371314238582 0.227049475215236
0.3351439649524093 0.026368072095555695 0.16949494666001852 0.4689930162920165
0.308711748798118 0.25984728373951727 0.17485225795070036 0.25658870951166435
0.023805901633305537 0.011684462907677884 0.19437449516088834 0.7701351402981282
0.28294213889849873 0.017538249171653253 0.36212965645156914 0.3373899554782789
0.05386537960815463 0.08997638539717834 0.4864440575356419 0.36971417745902513
0.09602014095769607 0.2901687415423393 0.26708832819303296 0.3467227893069317
0.2021161597099589 0.3954608895018178 0.050893343055265716 0.3515296077329576
0.37762727321444 0.28709983411854056 0.05070809230469475 0.2845648003623247
0.494282587218309 0.1383527705920372 0.18764378405937454 0.17972085813027927
0.09815122648335028 0.08799705494963617 0.349959783378445 0.4638919351885685
0.7160647089603519 0.09056702928566451 0.18441507558472792 0.008953186169255667
0.06131898792383139 0.7069652679959141 0.20997265211924154 0.021743091961012984
0.23022228439587855 0.17472379821267436 0.3096325222418085 0.2854213951496386
0.7570747287042547 0.13185078997807664 0.051549365466634245 0.05952511585103437
0.024410116219587108 0.2497306111248193 0.4548545439207279 0.2710047287348657
0.026185449375231262 0.33433321187893483 0.4684343360972636 0.1710470026485703
0.031992319111774026 0.35221904810084426 0.2579859669146035 0.3578026658727782
0.03849147117640128 0.3511080030865916 0.5644274438082001 0.045973081928807
0.10305180721768681 0.32219128577753775 0.5499804424449535 0.024776464559821965
0.1653112305661577 0.3024118115896569 0.14960050407460068 0.3826764537695847
0.5611248042148541 0.019645851503900413 0.13622722219894878 0.2830021220822967
0.24056597563208848 0.22566723968007008 0.30381848181643833 0.2299483028714031
0.10483293006782379 0.31238090044277156 0.08365936420847697 0.4991268052809277
0.3729744352010014 0.23877373719669848 0.3798312674223788 0.008420560179921321
0.30413718232946474 0.40785149583473435 0.14949042297419057 0.13852089886161034
0.4328962176008686 0.12256390952657426 0.062364076938565716 0.3821757959339914
0.47029730008001236 0.1446453422212125 0.26880842725655796 0.11624893044221718
0.2738285936544923 0.3131410619404299 0.24870800696768514 0.16432233743739266
0.4034359062378249 0.2927878846484937 0.0669795090313704 0.23679670008231102
0.18960448774226235 0.4320080451073177 0.1084143011260571 0.26997316602436283
0.03138429005588694 0.23588578272081184 0.6787084178516418 0.05402150937165939
0.1817030011525187 0.3398958202998551 0.17132407744952705 0.30707710109809916
0.5104277158501991 0.15182554335821108 0.33413363812889807 0.0036131026626917695
0.13207579531210212 0.30888317461384696 0.00323295360431175 0.5558080764697392
0.03361580193480207 0.5155095039276851 0.12644792702666585 0.32442676711084695
0.5305896576273533 0.06296305769198562 0.31650076314414377 0.08994652153651728
0.20426999314360195 0.0948072265854194 0.22532235262688194 0.4756004276440967
0.3552041736523357 0.2188244973556316 0.3023832108226743 0.12358811816935844
0.03967109653165435 0.44374767636740375 0.20994971230225545 0.30663151479868644
0.06233249590390788 0.32961070357021116 0.062128752175027224 0.5459280483508537
0.24279711145575988 0.23128911575174793 0.2802157499190925 0.2456980228733997
0.0350302201090702 0.44289028990610746 0.23661504422382718 0.28546444576099517
0.14093541535832976 0.46081617066526737 0.34403316567980535 0.05421524829659752
0.1671703362338317 0.03103958096530568 0.2039823235180952 0.5978077592827674
0.02920332605049769 0.7978326251187844 0.013414782041411999 0.15954926678930592
0.1281195741082708 0.6646762201250138 0.1442536762516463 0.06295052951506908
0.25562860605629345 0.594187256517255 0.07050995295571971 0.07967418447073182
0.03481244269108952 0.3024698485838917 0.5848784513798544 0.07783925734516439
0.05025838462679377 0.3823954663274094 0.06216648158493532 0.5051796674608615
0.5363385320402674 0.08564403543218335 0.20571415268660898 0.1723032798409403
0.21262094472203685 0.4350053287441341 0.2061656929871314 0.14620803354669765
0.4488792301240966 0.054110244842382804 0.3283617776922034 0.16864874734131718
0.37903325567098145 0.33063545706526387 0.011880917092588983 0.2784503701711657
0.03799842159899669 0.25332875247976616 0.05011575663629053 0.6585570692849466
0.4691357260882366 0.0037335563369604863 0.3699763451054776 0.1571543724693253
0.23948181033097693 0.29835906975886406 0.08304133515639689 0.3791177847537621
0.2875122348946346 0.3617227753324165 0.04344669610623908 0.3073182936667098
0.35554362438410736 0.13797878623191118 0.3473017499240162 0.15917583945996527
0.4526074983243302 0.37470684490801165 0.08690754981591753 0.0857781069517406
0.4416290443012363 0.08747526168794073 0.0059656062998210135 0.46493008771100197
0.11850007757560665 0.01674491943221068 0.6765161774655525 0.18823882552663018
0.11425567547659077 0.739626271767719 0.13284150736558897 0.013276545390101258
0.2487050121468959 0.14419423439747514 0.5166259717423602 0.09047478171326873
0.012571086788825014 0.4989463979562747 0.25269730508761234 0.23578521016728793
0.169283292879843 0.505956672428887 0.17650094773048353 0.1482590869607865
0.11031342465761262 0.7592709652414215 0.009454449537578569 0.12096116056338735
0.18298563174880977 0.04929687696292895 0.061930997120490994 0.7057864941677703
0.07452359903187544 0.12377804033741002 0.31532120289546783 0.4863771577352467
0.0045338324277328645 0.005665251025614215 0.14336830670664114 0.8464326098400118
0.08252325109891745 0.7491730100821474 0.06649198371728393 0.10181175510165119
0.06515623239998403 0.37328436725125536 0.10792408016320476 0.45363532018555586
0.22822800330603465 0.0016145705201179306 0.24070466561819537 0.529452760555652
0.28934208685826557 0.07282534781239947 0.05190944138031395 0.585923123949021
0.08780557851180693 0.10225932773709978 0.02297422295906737 0.7869608707920259
0.08013150444333594 0.024813277719372362 0.10023781628758244 0.7948174015497093
0.40708534050724865 0.0891106303296142 0.16845102253668276 0.3353530066264544
0.3201156731029494 0.19158767826475365 0.21165477908747965 0.2766418695448173
0.035501686448348724 0.5862631045538628 0.21245470504176023 0.16578050395602828
0.5200227952939617 0.04925605632956742 0.3838939960088298 0.04682715236764112
0.12811904377674954 0.10099329041759586 0.5982008283898897 0.17268683741576485
0.16700832532351984 0.32893772613965744 0.2064039647231931 0.2976499838136296
0.5825505114844692 0.051471921002796184 0.1257452378172471 0.24023232969548747
0.32812523844097385 0.11871437632201365 0.5004105810249554 0.052749804212057105
0.010680710117258352 0.17103502305618912 0.7865838520560051 0.031700414770547414
0.4077828625564086 0.35444553662028233 0.16091765081785436 0.0768539500054547
0.09862887807653686 0.12837808962753183 0.4398243376124843 0.333168694683447
0.16784150846195822 0.04297631765507681 0.5911985143204389 0.19798365956252606
0.38870743256301366 0.01965909701531121 0.15681588214025655 0.4348175882814186
0.06844807589104462 0.457092717478762 0.17668431017684327 0.2977748964533501
0.024085603045624016 0.003586220815398944 0.7822974484737056 0.1900307276652714
0.3542747306080446 0.20227103793967993 0.06672629538152264 0.37672793607075283
0.11735268685550837 0.5950124713159726 0.18548012610878795 0.10215471571973112
0.026014396000637596 0.20178252013075626 0.671083382408674 0.1011197014599321
0.25038025932770425 0.0728977624776862 0.41031808136793047 0.2664038968266791
0.17232116898927197 0.040801700012090825 0.49951015385103126 0.28736697714760595
0.0321120458069476 0.1393621129337499 0.14132193433564588 0.6872039069236566
0.5513249412913453 0.20959498828966305 0.08569055236894896 0.15338951805004264
0.056597609335735766 0.7185515858326638 0.19773524084100869 0.027115563990591784
0.42773446141741034 0.5001562318595776 0.06983381383865483 0.002275492884357244
0.15563865196901183 0.43150963514156093 0.04800815287287008 0.36484356001655716
0.05480084726124823 0.2249610342937447 0.11139041171183983 0.6088477067331672
0.6609615934136249 0.06465343718571892 0.029208810319976908 0.24517615908067925
0.30088503189104554 0.137269971227443 0.09889994953436398 0.4629450473471475
0.001091400317406288 0.43535057259514587 0.15437507115695182 0.40918295593049603
0.14588772153666796 0.14151648326207256 0.34955142927159244 0.36304436592966705
0.2935660996027851 0.011239833090705531 0.16441549916718612 0.5307785681393232
0.1349108495029281 0.006870891612065666 0.8200627002140022 0.038155558671004064
0.024714619166815943 0.06495835258885563 0.2205286941870932 0.6897983340572352
0.4047568865734703 0.15978092166895186 0.15782862825370925 0.2776335635038686
0.26145147124192036 0.36977071427930563 0.15820782737427774 0.21056998710449626
0.017249033680479697 0.16974798104676503 0.20032733516779866 0.6126756501049566
0.029065392406735113 0.694585973506036 0.19382895309776338 0.0825196809894655
0.20486721008732067 0.36442610571378786 0.3651567277294636 0.06554995646942785
0.12822910036197188 0.5167948107095566 0.19625452738755345 0.1587215615409181
0.3342028679426785 0.06867905736479774 0.5897700695241164 0.00734800516840739
0.1365738175528035 0.5177381817584409 0.08650986435737151 0.2591781363313841
0.36264006467763454 0.08578080245932673 0.18881397511153164 0.3627651577515071
0.1654229530695085 0.6259744089200974 0.16408777571462718 0.044514862295766955
0.152570017295937 0.2206868033925613 0.025104194250559764 0.6016389850609419
0.5675918602617855 0.055908186482013345 0.19809472476069168 0.17840522849550944
0.06733441747572144 0.7017183552033579 0.09782053565223181 0.13312669166868885
0.01312833712983219 0.09956091053339688 0.3207155235906113 0.5665952287461596
0.19462750982063248 0.36441012887141955 0.41795523485770614 0.023007126450241833
0.07863266581701556 0.039430535508960474 0.6696811806473274 0.21225561802669657
0.0020015460532104568 0.018692849499945985 0.9557689311985798 0.023536673248263806
0.3149493670262362 0.20462099006972678 0.35479348433202407 0.12563615857201293
0.001871081879365355 0.44966455248991 0.05932478364134974 0.4891395819893749
0.35167471420629526 0.20461584041068248 0.33965469508613033 0.10405475029689193
0.4654049110355457 0.15120083800607464 0.18877830522337435 0.1946159457350053
0.1632074620900963 0.36175010007344244 0.1390482632523966 0.33599417458406466
0.3335482042113288 0.09454727995956014 0.17233452593558451 0.39956998989352654
0.20754963529310066 0.15636623151466 0.0025718734781983166 0.633512259714041
0.5938375822150878 0.0347315058997808 0.323806923091703 0.04762398879342844
0.6245802584856012 0.05014266558254521 0.06258714927320097 0.26268992665865265
0.0053831073012178265 0.8668068916824684 0.1143669823493888 0.013443018666924988
0.6619196134396372 0.025121528786054337 0.29481349607464447 0.018145361699663964
0.18628260442695688 0.14336630982564313 0.4456530770160261 0.2246980087313739
0.280437455124946 0.2759854969854493 0.24401756778822903 0.1995594801013757
0.7042950679720814 0.04024148892136348 0.14786869294030125 0.10759475016625386
0.15058344838364068 0.2688211520768585 0.3569707048874815 0.22362469465201928
0.8103384126294103 0.026585814487519177 0.03716496420597293 0.12591080867709759
0.23469690699425427 0.35654241758114746 0.4013987464222142 0.007361929002384082
0.6493671439817856 0.08410923538060089 0.2570104628442951 0.009513157793318405
0.4047203252730286 0.05615111323327926 0.43628080293608906 0.10284775855760309
0.6706274369195263 0.021918293227838226 0.23557286658725873 0.07188140326537673
0.529163683215128 0.2651099976260447 0.08734530026340759 0.11838101889541974
0.03567924277557244 0.24576701219893682 0.4053533979934991 0.3132003470319916
0.5420078931565233 0.17228964512144262 0.10968204176821972 0.17602041995381434
0.13939527768984272 0.1263909117500347 0.2014186224666673 0.5327951880934553
0.27683536349206705 0.4662705092397943 0.0950061157633253 0.16188801150481336
0.36003296290681663 0.29209871664461295 0.0630132135965098 0.2848551068520606
0.11418132150206128 0.10016012000309849 0.2540555674083437 0.5316029910864966
0.20910449428509004 0.25025065835095006 0.506005678555923 0.03463916880803686
0.13295571437905873 0.7316769626287646 0.02565485958637692 0.10971246340579976
0.07484352051619059 0.5931369873548206 0.08085428166263964 0.2511652104663492
