77 70 4 181.88435850681088 363.7687170136217
9.271981286192636 6.779760399314699 7.78341006756259 2.2538311129246154 1.7858759319064006 8.092018522328427 3.9353584333103995 5.869610393283709 3.1621165828120543 5.908806330183144 4.604990533119003 7.436726985517812 8.530119469730753 6.296330282920146 3.6653910763002364 3.5291592158856777 7.350375201916863 4.803367871707769 1.5158438672248553 7.723245760364094 5.070817117533672 2.5819726422819196 1.4443929938303832 3.632278048254593 1.6011921798231517 7.760408373920121 1.573943716725906 4.887174874705943 4.27755172098715 2.3677437312330483 5.920393057443242 4.989637338421002 1.3245517900261992 8.40603872106555 3.459634148169857 2.5208669734555755 6.799327792398256 1.967869709223333 4.179205883053925 4.471332923040457 5.010003190142959 9.793473952905165 7.564546081480465 3.8101155249803775 9.05279715364648 8.049462356571016 3.3580030720108707 3.7853486753944847 2.165055667952238 4.799542206102336 9.457885314706218 4.303385858444948 4.912974754145961 9.253841989233873 9.525645289004807 3.2929565327983807 7.3873322019678955 1.4497876435571833 2.2126953755887593 5.558553487960333 6.301648873454615 3.942087477920846 2.3033300339593916 3.3187464133512967 8.717012995579186 7.155763768365654 9.98769343223049 3.875100990474018 5.0806740396183345 8.808599599974055
1.8543962572385273 1.3559520798629399 1.5566820135125181 0.45076622258492305 0.3571751863812801 1.6184037044656854 0.7870716866620799 1.173922078656742 0.6324233165624109 1.1817612660366288 0.9209981066238007 1.4873453971035624 1.7060238939461505 1.2592660565840292 0.7330782152600472 0.7058318431771355 1.4700750403833727 0.9606735743415538 0.30316877344497106 1.5446491520728187 1.0141634235067343 0.5163945284563839 0.28887859876607663 0.7264556096509186 0.3202384359646303 1.552081674784024 0.3147887433451812 0.9774349749411886 0.85551034419743 0.47354874624660964 1.1840786114886483 0.9979274676842005 0.2649103580052398 1.68120774421311 0.6919268296339715 0.5041733946911151 1.3598655584796513 0.3935739418446666 0.8358411766107849 0.8942665846080914 1.002000638028592 1.958694790581033 1.512909216296093 0.7620231049960755 1.810559430729296 1.6098924713142033 0.6716006144021741 0.757069735078897 0.4330111335904476 0.9599084412204671 1.8915770629412436 0.8606771716889895 0.9825949508291922 1.8507683978467746 1.9051290578009614 0.6585913065596761 1.477466440393579 0.28995752871143665 0.44253907511775187 1.1117106975920668 1.260329774690923 0.7884174955841692 0.4606660067918783 0.6637492826702593 1.743402599115837 1.4311527536731308 1.997538686446098 0.7750201980948036 1.016134807923667 1.761719919994811
0.5419776327479333 0.09654454808987267 0.1780012627877765 0.1834765563744175
0.2770886884732112 0.14333831509296524 0.0945472645428731 0.48502573189095044
0.01192155358275615 0.7745496280738987 0.03924656668726134 0.1742822516560838
0.053153112317169016 0.22799754873910272 0.6124786985708474 0.10637064037288091
0.10036080873450193 0.6450165654143698 0.16386216874016035 0.09076045711096792
0.2136507101264129 0.09882757685063293 0.24908781370067534 0.43843389932227883
0.01447453844780433 0.25896825674447943 0.5884030151355754 0.13815418967214088
0.1603909008190777 0.2624162925931496 0.44405759801558753 0.1331352085721852
0.39179478271945045 0.08515900890848027 0.4492268239823005 0.07381938438976876
0.2349904981777623 0.3307978486909038 0.3549569229260189 0.07925473020531504
0.026819636699749072 0.6925572900544394 0.07209144697589576 0.20853162626991573
0.247322610822856 0.2510911078692528 0.22022549215467768 0.2813607891532135
0.06467290721485874 0.6684993450727894 0.23707115900225062 0.02975658871010123
0.03452878136675119 0.2617227120802744 0.34642712074713855 0.35732138580583583
0.02079884965962986 0.30412609456760353 0.673395011453692 0.0016800443190746472
0.3544317346711524 0.03718790932328775 0.48767284546641365 0.12070751053914619
0.03043433541242735 0.807122353358724 0.15721047588765458 0.00523283534119412
0.6533569100468444 0.2698244978152431 0.056707491191689385 0.020111100946223148
0.4614049918736365 0.4227538321245399 0.07589921903693841 0.03994195696488523
0.3422069204813598 0.1114314924742883 0.10809501454681347 0.4382665724975384
0.4072568134150685 0.13011047194310454 0.45077335051504686 0.011859364126780125
0.07992740717930857 0.48051324016617847 0.3662339525987248 0.07332540005578814
0.8790267074009325 0.028252278471309067 0.009868577547054391 0.08285243658070407
0.4643382701748804 0.201642970016774 0.10846044954025413 0.22555831026809148
0.008136159216853733 0.4768710135457487 0.2293836287604224 0.2856091984769752
0.10535091978828215 0.06783391948145312 0.3632484869012208 0.46356667382904393
0.020419173931602197 0.501699319076179 0.12870736194366506 0.3491741450485537
0.0014967060919942599 0.224989845917131 0.49036469250219794 0.2831487554886768
0.24858879025151703 0.5645236661122902 0.011650791597565102 0.17523675203862765
0.12719144495990675 0.02403281093215459 0.36902392816029317 0.4797518159476455
0.0367399634931056 0.6624053540271746 0.07780038021363855 0.22305430226608125
0.24297004887259976 0.13551226451321952 0.1880790488719265 0.4334386377422542
0.10613138083153562 0.06835019922959418 0.6382042425297509 0.18731417740911926
0.3574715982219876 0.10293787366541107 0.47762257607872416 0.06196795203387717
0.04239144690620611 0.5354064419321721 0.10569407641352857 0.3165080347480932
0.6580427745051273 0.029730287127784027 0.20805498682822 0.10417195153886871
0.14316296626484337 0.07269279665144635 0.6806198140502447 0.10352442303346554
0.1174629618912284 0.3457241254943182 0.341426867347827 0.1953860452666264
0.6246757955730358 0.04577281492201224 0.31854601369710056 0.011005375807851436
0.30565244883057097 0.29791498526661586 0.16832477846612592 0.22810778743668725
0.1567466587918276 0.14853692715193012 0.1275266013838826 0.5671898126723597
0.08387796541460713 0.02493322529854336 0.5151943279047211 0.37599448138212843
0.025484922397537746 0.22766954162243191 0.6060287385415518 0.14081679743847852
0.13623142888661466 0.32788069846286616 0.018745325528567447 0.5171425471219517
0.26632248837563566 0.4865328769649997 0.090564491633769 0.15658014302559564
0.1922478442557224 0.2334499373054486 0.11957372189184601 0.454728496546983
0.21383644973282512 0.03890434092797368 0.6283396596931744 0.1189195496460268
0.1719466263225642 0.07508876099148198 0.022195519202838354 0.7307690934831155
0.1432560067410149 0.024116066390891144 0.21355498279181806 0.6190729440762759
0.05884546595990592 0.08892959081812479 0.7203328107380911 0.1318921324838782
0.15313216276877395 0.12383968057604589 0.5827730199453336 0.14025513670984657
0.44511302433562383 0.19879563757374807 0.18028235621112776 0.17580898187950034
0.10278525990786391 0.47384245104121714 0.08802627553493259 0.33534601351598636
0.16056813772474432 0.39242533475803565 0.4134138100915672 0.03359271742565284
0.2772728581250544 0.15304808658052937 0.2046589159719644 0.3650201393224518
0.5023286351313919 0.07880428224865843 0.3062812750468259 0.11258580757312375
0.05210374538716611 0.2529639505086242 0.0741742285668715 0.6207580755373382
0.19685700091356684 0.3361572767375922 0.4406505613146642 0.02633516103417677
0.32821999528851853 0.22734791250971986 0.10373099758779414 0.34070109461396747
0.344164182413358 0.5516851637025385 0.06210015867139851 0.042050495212704986
0.09589806652705679 0.2157317226839579 0.6291808595392521 0.059189351249733235
0.2515617817151301 0.3196584760879184 0.15742915274499225 0.2713505894519592
0.3508563450354778 0.06932192577845209 0.06262923849229263 0.5171924906937775
0.1435301824737949 0.11407819499564509 0.7059368964847242 0.03645472604583577
0.4264762422838323 0.11286973317539495 0.34043791531063483 0.12021610923013792
0.20157006957559676 0.23977625218935483 0.23699048697094904 0.32166319126409937
0.21574863038554004 0.5114360020053463 0.2646286636651397 0.008186703943973916
0.3479611180323692 0.42961467079547044 0.09386794682188948 0.1285562643502709
0.11956731159682477 0.27726048035285766 0.057284307461684225 0.5458879005886333
0.23107289534917252 0.45878868700855013 0.19609499318022705 0.11404342446205029
0.11232380884068305 0.10860783750713132 0.11096065563513324 0.6681076980170524
0.526087767924768 0.3783328637357821 0.044593871375810834 0.050985496963639076
0.05972078070924791 0.344916206564687 0.0769099087146281 0.518453104011437
0.20228926948995807 0.057349778717150524 0.6836639928553491 0.05669695893754234
0.573043065535953 0.027717412980091227 0.3378172838960011 0.06142223758795473
0.2883443963127228 0.4827091398183806 0.11977809722656885 0.10916836664232776
0.2485007122242413 0.010639887176107199 0.3499723769539671 0.3908870236456844
0.056531631540942984 0.3699982226497891 0.30946620060260055 0.26400394520666737
0.3592419246788816 0.09344236038861042 0.24801498583098847 0.2993007291015195
0.027818070849014997 0.051726280173815864 0.2153442151096624 0.7051114338675067
0.09880201298166347 0.2794668161521614 0.32356226160612644 0.2981689092600487
0.26278232187865447 0.04140503718166699 0.3064734663167429 0.38933917462293566
0.14801435238687422 0.06268304161011418 0.26082480979884004 0.5284777962041716
0.17735672485066722 0.13527662265649143 0.598958819849268 0.08840783264357333
0.09962483101455777 0.2551582810771871 0.22329430099796987 0.4219225869102853
0.1426086960632018 0.40729026769953347 0.05477572817915044 0.3953253080581143
0.5901740250590545 0.1587466143622298 0.1745332029797294 0.07654615759898631
0.3373415663707561 0.24325006505942337 0.2480543848783865 0.17135398369143406
0.28677530002424323 0.41601778673936085 0.17077664869941145 0.12643026453698447
0.22870334707513662 0.0023713728872709616 0.01434795871417549 0.7545773213234169
0.151807374862318 0.30358375105520863 0.31185967266881454 0.23274920141365885
0.5625557169033366 0.16970751862131428 0.08302976524080896 0.18470699923454015
0.2391263931429055 0.0016259835863379202 0.3080592425908245 0.45118838067993206
0.2044735264450087 0.30456913300222055 0.3405426219251365 0.15041471862763423
0.5794206502551287 0.004526896765943977 0.11160979479651623 0.3044426581824111
0.9192334109128145 0.024007210935509837 0.020642285406007876 0.03611709274566777
0.23898134606461818 0.24783130506879492 0.49377515563605123 0.019412193230535668
0.09814214842393099 0.4574623289318861 0.2514978777537201 0.1928976448904628
0.22914746879818138 0.41482619142070465 0.15900194253787503 0.19702439724323895
0.132253164794226 0.2502799340388615 0.5745146514277137 0.042952249739198756
0.015593907299812138 0.20851106332396463 0.012307319451334009 0.7635877099248892
0.39402845103050055 0.04199207348216438 0.4927854669312698 0.07119400855606528
0.1500351492335973 0.13148673254493615 0.23873570134192434 0.4797424168795422
0.6678576604892063 0.07599200501071979 0.03970570625968284 0.21644462824039112
0.25699309284017724 0.05422248162550747 0.46750596950369827 0.22127845603061702
0.04064614235224395 0.1513847054673676 0.7299932558612697 0.07797589631911872
0.33013297655480267 0.08666540220335339 0.3596810974908865 0.22352052375095743
0.07987874524373706 0.2642902748863203 0.493327246698572 0.16250373317137068
0.2928339786520222 0.19169629840390623 0.170581038238653 0.34488868470541856
0.5687212265321653 0.1513791518819423 0.25547975336537176 0.02441986822052067
0.17897570415841035 0.055569018058476916 0.1137869281349898 0.6516683496481229
0.041534940436736445 0.10097049524352741 0.266024244354059 0.5914703199656771
0.06897167785500713 0.16823468144417641 0.7144362875795791 0.048357353121237345
0.23918707664140892 0.05710608125945871 0.002696923633151438 0.7010099184659809
0.14871395049457248 0.01739150874110751 0.3762746918375319 0.4576198489267881
0.3029402465121239 0.2375370189888335 0.44446689673131734 0.015055837767725233
0.15881373054268189 0.08267985662582644 0.025489378520962003 0.7330170343105297
0.3753796919056033 0.5236733290747354 0.09052447572447186 0.010422503295189456
0.3210439769060571 0.27917389761156264 0.3649482788053374 0.03483384667704281
0.12304755734667716 0.16497160827247437 0.3967719420593584 0.3152088923214901
0.0588762104322742 0.1207957426937879 0.41949550549314574 0.40083254138079216
0.058438590614557806 0.4525483654137745 0.08911296297597238 0.3999000809956953
0.10459950173386989 0.1472939695189286 0.5651962620982759 0.18291026664892562
0.7142369348462848 0.19657348423074483 0.052112126524155755 0.0370774543988146
0.2965108033849998 0.09241619763122666 0.1795598580225135 0.43151314096126003
0.16098108060886795 0.5266594963144574 0.18308402062938955 0.12927540244728508
0.10292305439316052 0.1790075946617392 0.22040649823142244 0.49766285271367783
0.3676859932128319 0.10632635493274734 0.2690694578759074 0.25691819397851334
0.16367372619262532 0.6327412478915566 0.1781046727062089 0.025480353209609174
0.0924756204848951 0.4197707286409007 0.14696681408872292 0.3407868367854813
0.255175751994527 0.49758894474255744 0.06287001044678697 0.18436529281612857
0.23071959963075694 0.3245923790790688 0.21715008762888577 0.2275379336612885
0.04516979873046201 0.07654813137654215 0.012097958897138827 0.866184110995857
0.11564319064237405 0.2954648568408522 0.2340666254437198 0.3548253270730539
0.458771715244095 0.16719842317921219 0.06839511472495785 0.305634746851735
0.5855848536476079 0.08721175612422438 0.07101564697876839 0.2561877432493993
0.24903354579563441 0.2906177687628523 0.16842365331858644 0.29192503212292686
0.04888586181954235 0.06236440370886187 0.41859829152493133 0.47015144294666444
0.08096654235647904 0.15235276860688407 0.46162772153398224 0.30505296750265465
0.14159867846727303 0.019093455667597903 0.5249649680913292 0.31434289777379987
