88 100 4 269.83709604764545 539.6741920952909
6.8279594441772105 5.564347193917722 5.755072421370155 9.066566836088992 7.299920716007391 7.428673916840214 7.456045438822607 3.00537515964575 2.5763907099162076 5.111573395042729 9.35864588384706 1.088972983364036 1.809299752155582 8.651802410694339 5.370589530055585 8.891520327538977 3.766005449786537 4.491689915452761 6.233011686468533 2.0231846246423357 7.910921663192715 3.813094358227061 6.814094137770565 1.2942902529643678 2.4975601923853032 4.872727291467213 3.0502582300656176 9.696767194789405 9.144454677458874 8.790966217598566 1.2894650413685094 8.195479756843348 9.15539960449633 7.335399976785993 3.067412020137466 4.702920392230302 9.807795654269489 3.9614136406319753 6.359761643703839 5.8226170680164895 5.149863600011972 3.03219695726498 9.284976695744618 6.49740557646121 2.9808272942520744 1.3535613978007883 5.931006199608086 1.811680454095408 8.362614520469595 7.152126230571453 9.42245191182047 1.809199566420626 1.1202184973973919 2.945011997671056 4.45336671658875 7.637803064434587 3.2954883922173503 3.2985865999231696 3.1503719608224543 1.9586890799051142 2.640480340068849 9.03639099894339 1.5376366062302846 2.4936716685720586 1.333112446157136 7.307681007313082 9.969846975548894 1.9992446991501693 7.521013821563601 4.036720533461369 2.5914488566359717 9.476810896526159 9.783410407095671 7.8828927225662735 4.622905147070982 4.762105930375215 6.804797278532446 1.3211557587373446 2.2121330902424274 6.712972695182372 9.374960012549066 9.55380304953834 6.070057448956611 2.908280081968222 5.868298458664877 2.5599991386568433 2.327491768781279 7.538455306158982 2.887914633035854 1.1988106787967094 6.633715914289685 9.558392667038778 9.042396231590182 4.323372942400254 9.358178253963839 5.6339264276892775 9.493391846930384 6.1252398382038855 1.1196904117828157 4.044491580602122
1.3655918888354421 1.1128694387835443 1.151014484274031 1.8133133672177983 1.4599841432014782 1.4857347833680428 1.4912090877645214 0.60107503192915 0.5152781419832415 1.0223146790085458 1.8717291767694122 0.2177945966728072 0.3618599504311164 1.7303604821388678 1.074117906011117 1.7783040655077955 0.7532010899573074 0.8983379830905521 1.2466023372937065 0.40463692492846715 1.582184332638543 0.7626188716454122 1.3628188275541129 0.2588580505928736 0.49951203847706066 0.9745454582934426 0.6100516460131236 1.939353438957881 1.8288909354917748 1.7581932435197132 0.2578930082737019 1.6390959513686696 1.8310799208992659 1.4670799953571987 0.6134824040274932 0.9405840784460604 1.9615591308538978 0.7922827281263951 1.271952328740768 1.1645234136032978 1.0299727200023945 0.606439391452996 1.8569953391489236 1.299481115292242 0.5961654588504148 0.27071227956015764 1.186201239921617 0.3623360908190816 1.6725229040939191 1.4304252461142906 1.8844903823640942 0.3618399132841252 0.2240436994794784 0.5890023995342112 0.89067334331775 1.5275606128869175 0.6590976784434701 0.6597173199846339 0.6300743921644909 0.39173781598102286 0.5280960680137697 1.8072781997886778 0.3075273212460569 0.4987343337144117 0.2666224892314272 1.4615362014626165 1.9939693951097788 0.3998489398300339 1.5042027643127203 0.8073441066922739 0.5182897713271943 1.8953621793052318 1.9566820814191341 1.5765785445132547 0.9245810294141965 0.952421186075043 1.3609594557064892 0.2642311517474689 0.4424266180484855 1.3425945390364744 1.874992002509813 1.910760609907668 1.2140114897913221 0.5816560163936444 1.1736596917329754 0.5119998277313687 0.46549835375625576 1.5076910612317964 0.5775829266071708 0.23976213575934188 1.326743182857937 1.9116785334077555 1.8084792463180364 0.8646745884800507 1.8716356507927678 1.1267852855378555 1.898678369386077 1.225047967640777 0.22393808235656315 0.8088983161204244
0.11864535461248271 0.24537365608187423 0.571983422637995 0.06399756666764811
0.0825612522630994 0.1911499173781237 0.3500898859214373 0.3761989444373396
0.29799644450810314 0.6400324114861435 0.05914600150106408 0.0028251425046892376
0.4519997881690393 0.015007626419949904 0.18880075586891742 0.3441918295420934
0.0022117101770328107 0.07514058479080132 0.2243545642929915 0.6982931407391744
0.018020550862854923 0.01600223908159748 0.923689487451981 0.04228772260356661
0.4607131561416947 0.19626091807675938 0.14771514764873117 0.19531077813281472
0.33519948637027397 0.3199899112556811 0.04899900138921842 0.2958116009848265
0.30854508861882923 0.5593040334342939 0.10280845345865985 0.029342424488217
0.9187749700409333 0.017969623446174143 0.04167561010854304 0.021579796404349483
0.32427669132977466 0.35333197021692864 0.26525167353599266 0.057139664917304045
0.10077231999450043 0.04385736896858772 0.8246380010428687 0.030732309994043194
0.4032781064718055 0.04618212977099623 0.031265815384014295 0.519273948373184
0.029602235047850534 0.18860886429904988 0.15087574467705545 0.6309131559760441
0.2659503689306931 0.11584997375248651 0.28518273945726413 0.3330169178595562
0.18730906618786192 0.2188489665699892 0.34006662204959337 0.2537753451925555
0.21318616193051154 0.0425697752799683 0.23970123758002904 0.5045428252094911
0.045912068721731925 0.16984206276269087 0.4792868414435322 0.30495902707204503
0.11460363578336763 0.539366898662992 0.06536574926925598 0.28066371628438436
0.4698400287063731 0.01504845099160268 0.08189752424912333 0.4332139960529009
0.164105149099955 0.6572757176795867 0.10654989156268557 0.07206924165777273
0.1653548222138751 0.3008587939124222 0.07228034452708032 0.4615060393466224
0.10483418901857677 0.6205416142681575 0.011941730923927252 0.2626824657893385
0.15740146881320183 0.4109671810574175 0.19907994477864144 0.23255140535073926
0.05323112262204144 0.19077066027769352 0.3542817362043622 0.40171648089590284
0.6827925213210669 0.23930439628259081 0.023146032811899753 0.054757049584442496
0.029494716691179534 0.0019152889501620196 0.10981142792480236 0.8587785664338561
0.3389582932506905 0.20774519646124856 0.4088468517934646 0.04444965849459637
0.09253890305761481 0.10226985875076966 0.7254883109236728 0.0797029272679427
0.04085972116301129 0.04535519267096855 0.4184005738743475 0.4953845122916727
0.10626154197607796 0.3448989918574764 0.196197156405301 0.35264230976114463
0.07998041400601896 0.7467051545556257 0.1598074095820713 0.013507021856284052
0.5264685915732086 0.38370929982921687 0.08734833826904453 0.0024737703285300228
0.24663980769232474 0.3965000743057421 0.26810304457152623 0.08875707343040695
0.4888656535744085 0.010162597993273015 0.48929086279197176 0.01168088564034675
0.4089036965833641 0.2534841192262215 0.3240348665231383 0.013577317667276101
0.2777920780412675 0.0863988273492804 0.6016112694857776 0.03419782512367453
0.20464590632720148 0.2672931539516956 0.322865093076553 0.20519584664454993
0.1104878331019713 0.4854932686426957 0.23107305717329218 0.1729458410820408
0.4615898782996424 0.31661887493646323 0.0651238616495301 0.1566673851143643
0.07732718835830932 0.5533298249563473 0.32176140797727215 0.047581578708071226
0.10293212969414367 0.8673200475548424 0.018982574110296913 0.01076524864071704
0.058927006207736055 0.40644349449475725 0.26191158356125355 0.27271791573625315
0.0009712706939978277 0.1662736344400214 0.6192988385264785 0.21345625633950227
0.0688817033578284 0.5650065134692464 0.3413749268533025 0.024736856319622746
0.01035429756955486 0.5972031239593533 0.33643140674252003 0.05601117172857184
0.028932527063563973 0.5244021736219269 0.13708169277141768 0.30958360654309147
0.3501875413368142 0.4137070338890856 0.06814501220104996 0.16796041257305028
0.2679134285099548 0.3528669684973931 0.11552736103613348 0.26369224195651864
0.6000926639091658 0.13784126037212074 0.14623809626070483 0.1158279794580086
0.3886702604399178 0.32912834418743864 0.22295463554875883 0.05924675982388472
0.15224744567502557 0.37544532344644355 0.35519741637355506 0.11710981450497582
0.5314976178434767 0.018784689974649438 0.27391246793040747 0.17580522425146639
0.24948997504944825 0.41310678598426376 0.2478481978667174 0.08955504109957058
0.37010095415338495 0.14202419706879954 0.455348965725046 0.03252588305276949
0.19191560902232252 0.09575443527272076 0.4174197275691722 0.2949102281357845
0.07704723793727197 0.25348398192148847 0.05689845979103525 0.6125703203502043
0.33383629663519765 0.022523081362216812 0.436165681899794 0.20747494010279155
0.07187462308033588 0.35411366985638737 0.039005818263129655 0.5350058888001471
0.011819230606749165 0.3668706025289836 0.22006608624397572 0.4012440806202915
0.3654650734532474 0.06941913208621642 0.009016747540764647 0.5560990469197715
0.21292577885622288 0.6838862616463546 0.041335852294759334 0.06185210720266321
0.17453490961228224 0.1747655760007235 0.18254744916911325 0.468152065217881
0.17169628105447687 0.10999609493043816 0.5267442450823129 0.1915633789327721
0.16061547635687823 0.4115601513749205 0.12861804385677933 0.2992063284114219
0.08485943901422255 0.32076212349596067 0.41176480935673365 0.18261362813308313
0.06202124380233298 0.45527731523865744 0.19475617315102822 0.28794526780798135
0.526252436447543 0.10144915548166578 0.3279744127292322 0.04432399534155895
0.272731968363115 0.3523970654744204 0.16517944096028814 0.2096915252021765
0.09284210118459135 0.37681049933376587 0.41212233967797984 0.11822505980366294
0.5283218745603961 0.22225783796405685 0.13816272452680256 0.11125756294874445
0.21890117853329827 0.21757627056071083 0.5197093195879687 0.04381323131802217
0.1377227800183456 0.21155489778037762 0.3210945641296754 0.3296277580716014
0.13379518850098426 0.2836619796378692 0.4808270284096605 0.10171580345148601
0.1346163375605698 0.5204245884411026 0.2641608857557106 0.08079818824261698
0.21827220434587224 0.3070323203899471 0.23694437232042354 0.23775110294375712
0.17494318395155328 0.4989485830822117 0.2946249989670321 0.03148323399920294
0.3107681322753171 0.3862185233552963 0.12001130913388092 0.18300203523550573
0.0007504464829444224 0.21534101101651282 0.19627777878439612 0.5876307637161466
0.40856310245570027 0.3640389430032267 0.09950724724113913 0.1278907072999339
0.09983832908519741 0.07495205414601547 0.3637780707989453 0.4614315459698418
0.10588096046329232 0.6733507298488733 0.021652379126306687 0.19911593056152765
0.4613216129779817 0.0055629295077154195 0.2740232216827463 0.2590922358315566
0.2310965228316516 0.5656909389067121 0.026181538867997456 0.17703099939363887
0.4449837871068322 0.3111908160029515 0.0823888381736152 0.16143655871660112
0.14778523981815095 0.08304141321711889 0.4740704773846661 0.29510286958006404
0.020123738002552183 0.1389586635440606 0.11953363989393895 0.7213839585594483
0.15795604044448475 0.42707846494649904 0.08347331519876966 0.33149217941024656
0.24446364776736185 0.14979136037844332 0.38904040965718245 0.21670458219701239
0.09936404182289094 0.016807105696099556 0.2631971623155246 0.6206316901654849
0.2081230066464299 0.02710399261385321 0.3676877192145377 0.3970852815251792
0.17277567031159713 0.19922904269695885 0.3912351330385314 0.2367601539529126
0.2156485675751294 0.5632783811719984 0.148895984430797 0.07217706682207525
0.5272809690050485 0.12062986631796957 0.16337869140523642 0.1887104732717455
0.15433686795515855 0.20109290542829827 0.422719964089998 0.22185026252654516
0.4212203555369677 0.4266551370464149 0.021260817681789668 0.13086368973482776
0.005861304158186198 0.08715019049562156 0.8859135338510384 0.021074971495153805
0.39060380802799 0.005562688417409922 0.2527589598662371 0.351074543688363
0.1395091226516545 0.5314587692890242 0.12993603626595684 0.19909607179336442
0.23937242684313897 0.456346681962165 0.1759517653612307 0.12832912583346534
0.19947478897466342 0.14115436965383776 0.3141064516015597 0.3452643897699391
0.1571720858355934 0.2477506598649597 0.28817439511627585 0.30690285918317106
0.11554519989399392 0.24126368055200598 0.14730231929869564 0.49588880025530446
0.028553616178786156 0.0038887270977659982 0.9454893687553281 0.02206828796811977
0.34411394022069963 0.34327067287516877 0.29071221834086647 0.02190316856326513
0.09120484819736518 0.1853885477567424 0.6114843157140568 0.1119222883318356
0.0753490635974221 0.5613975583069664 0.3430043012947174 0.02024907680089416
0.6798172754597575 0.11659885948545134 0.17781584046228516 0.025768024592506045
0.002407874896818596 0.2677706185706419 0.21563523816914354 0.514186268363396
0.39066756345559717 0.21654251680693526 0.22632057526603977 0.1664693444714278
0.1657434359369686 0.20008575714911214 0.5829156953246708 0.05125511158924845
0.0010904450900737217 0.4368198686118635 0.07672751899558783 0.48536216730247494
0.16951761832943235 0.3855339983711804 0.04948964073997575 0.3954587425594115
0.6218002506361116 0.0043165175092014785 0.09900131242085342 0.27488191943383355
0.4992819886514719 0.26735455761779037 0.0011239794675258485 0.2322394742632119
0.07234237796772713 0.3926063228956328 0.06510569462131544 0.46994560451532463
0.2842899623295385 0.05415977365366498 0.29627974634027876 0.36527051767651775
0.4302237137442759 0.06303757210559369 0.2549834464422255 0.2517552677079049
0.24749470772547844 0.094844482832533 0.07878330882460072 0.5788775006173879
0.08513760623272626 0.3209681372728691 0.5438258833122916 0.05006837318211299
0.03882691793081827 0.045550787194859166 0.801465226870231 0.11415706800409153
0.3667910565311401 0.15898034046766374 0.26563475819509796 0.20859384480609822
0.18072294605546668 0.5152017330391568 0.1690648381247628 0.13501048278061367
0.8978473751940825 0.014519122525659345 0.0707972548203738 0.016836247459884324
0.024652176915595514 0.32877943802611753 0.4610591645268639 0.18550922053142305
0.24320956896255908 0.6268007420718643 0.046279617173181964 0.08371007179239465
0.07019489769613407 0.20402375788059368 0.5768958213756707 0.1488855230476015
0.08029946154415268 0.7566465770942556 0.00823888732346878 0.1548150740381229
0.49718269041407237 0.1857375146615331 0.030629860336986003 0.28644993458740853
0.40301545223978763 0.4242137350826266 0.046570624583799014 0.12620018809378675
0.03686538059539701 0.4043650868526152 0.09084563423533265 0.46792389831665515
0.07426470696518517 0.691018247028152 0.0827165515043129 0.15200049450234998
0.022077023347156444 0.21232864395261364 0.6458071117245368 0.11978722097569316
0.0361387809471958 0.5379306755585673 0.33856017173452213 0.08737037175971474
0.10112522795715317 0.33760931615196754 0.38311032912328324 0.17815512676759604
0.1498686287010934 0.00703960026850825 0.4518635650974282 0.39122820593297014
0.01891854878594279 0.1936721261061778 0.6040287966158107 0.18338052849206876
0.06840071898573674 0.3780818783242873 0.5302152094376988 0.023302193252277115
0.2692895679740719 0.37248672266807326 0.04002080732058455 0.3182029020372703
0.1384469838997774 0.3433908078259116 0.35672953587830036 0.16143267239601067
0.062343523803225165 0.3846480821381951 0.4416768183354246 0.11133157572315511
0.3887194030461817 0.25270060463226285 0.006260577233107245 0.3523194150884482
0.2017347855570022 0.19164548677645044 0.5585538060319608 0.04806592163458656
0.7278162694352083 0.03482248555894485 0.2005279994287038 0.03683324557714307
0.15115357141397323 0.42336188760382665 0.1704619663953656 0.2550225745868345
0.10966807006664936 0.3665410257915608 0.09212487494161237 0.4316660292001775
0.09361689032204445 0.4386538290679243 0.3033815225516473 0.16434775805838397
0.3665797525724226 0.03475573071934046 0.4082829805471798 0.19038153616105713
0.5975510155102649 0.21681579160296194 0.01889269613946498 0.16674049674730818
0.01395186694509798 0.09542780734627376 0.35562979907073544 0.5349905266378928
0.029150542980512006 0.42798065085057235 0.31463055398602235 0.2282382521828933
0.46697353676647124 0.36447130985169374 0.10098971986627026 0.06756543351556477
0.08909155809578906 0.6043832257271174 0.2417294033005003 0.0647958128765932
0.33698921888250977 0.2764910823429886 0.18251847977883717 0.20400121899566448
0.5166510667119713 0.35377360664091306 0.0018139254708943175 0.12776140117622137
0.02577649735804477 0.36358126641019084 0.3876644832109407 0.22297775302082368
0.15279539183193036 0.1309893077840909 0.0986938326870439 0.6175214676969348
0.2426927664942803 0.10845344551325165 0.30385889243501973 0.34499489555744833
0.03380277559838385 0.28131560129915967 0.015241076593539238 0.6696405465089172
0.5989816205494275 0.06481889662486662 0.16123083555661244 0.17496864726909345
0.22672536220007733 0.18485394030263058 0.42870605091844993 0.15971464657884216
0.3299176573645731 0.4741262974882302 0.1254680742577755 0.07048797088942116
0.17753668748989127 0.32975384785519835 0.174488716996811 0.3182207476580994
0.18731611683735916 0.7386413026774603 0.040372553267960076 0.033670027217220455
0.07092352199862306 0.5662527320693557 0.17097311778808721 0.19185062814393405
0.058597682010969265 0.43831436029630466 0.16657456012528038 0.3365133975674457
0.21231567372323878 0.4201164606476222 0.27848415428394013 0.08908371134519888
0.2603419975164929 0.1588880244088815 0.2695078033255355 0.3112621747490901
0.26771971208021395 0.11439857308965662 0.16600928524522907 0.45187242958490037
0.14118772916712807 0.3456764971949492 0.3463838857852578 0.16675188785266493
0.4115365451440257 0.30786152458977634 0.17081703006120175 0.1097849002049962
0.002259508040507896 0.10729008868024459 0.5502068465461335 0.340243556733114
0.27275223620064204 0.5039165290486742 0.0966752821679755 0.12665595258270823
0.8146009454934433 0.046611552974046844 0.10695236135211472 0.03183514018039513
0.41659525918498164 0.2304109884388078 0.34760528160110193 0.0053884707751086225
0.03614219912476546 0.1375112244809995 0.5498952766502725 0.27645129974396254
0.18963766342310406 0.41060970527288854 0.1565179214127117 0.2432347098912957
0.45786140499111483 0.3314132371227416 0.038300813107098985 0.17242454477904456
0.6681032687937446 0.09432240825352356 0.07516906156027292 0.16240526139245892
0.3537028108827023 0.2135027474326916 0.07810847551891087 0.35468596616569525
0.4829600843596452 0.06538756028772907 0.04581427912514313 0.4058380762274826
0.14223849340452366 0.5215472215987093 0.09429359578360719 0.2419206892131599
0.0012876676200067605 0.4463447520485162 0.16970906519341622 0.3826585151380608
0.4270698931408139 0.15921062457277546 0.40887284444504 0.004846637841370627
0.023529051968399495 0.028159631517751138 0.3355222063925216 0.6127891101213278
0.36452791424037245 0.16085427109424866 0.24598818263329658 0.2286296320320823
0.24004514599746474 0.639081420276711 0.07890922627345953 0.04196420745236473
0.1492382809304751 0.3985496217979826 0.14112477551416092 0.3110873217573814
0.30596948634586496 0.4523377784270185 0.09877005591751231 0.14292267930960423
0.597354114911387 0.1065782479771521 0.2790053518731347 0.017062285238326202
0.003476685662936241 0.6858359107367974 0.025642445356416244 0.2850449582438501
0.05593593436076605 0.2346327896103242 0.45601486787008305 0.2534164081588267
0.1274865558438485 0.0280477913312025 0.34679417989295136 0.49767147293199765
0.18149797457280237 0.20899313115968943 0.39482841308475836 0.21468048118274985
0.04850442166782454 0.2506414338917605 0.5179937935986427 0.1828603508417722
0.028240050091616342 0.2620292673869714 0.27893587756875216 0.4307948049526601
0.19169958729643666 0.41905471806215067 0.18584124094365317 0.2034044536977595
0.26675566378454707 0.19648510025769783 0.27089626688089286 0.26586296907686224
0.46377875044941885 0.31857767822343586 0.021159570226435664 0.19648400110070963
0.6490018200515745 0.07193813813914651 0.22940608459355327 0.04965395721572574
