56 10 4 28.989182019136763 57.978364038273526
9.85772665488319 4.000710394131881 7.063314622022237 2.7675137549307207 4.190018181769212 8.320293578638545 3.2306459816013495 5.127501926315924 8.89571279347379 4.524926150506673
1.9715453309766382 0.8001420788263761 1.4126629244044475 0.5535027509861441 0.8380036363538425 1.664058715727709 0.6461291963202699 1.0255003852631848 1.7791425586947578 0.9049852301013346
0.32613342035031 0.3214116617469702 0.18667266782655378 0.16578225007616598
0.440868320999525 0.29548938395371005 0.11338283693737727 0.15025945810938768
0.035671968937962095 0.2921249023060509 0.4179201758813825 0.25428295287460445
0.5092546158582089 0.040940719087424804 0.43999578473643186 0.009808880317934476
0.13782737256520994 0.2633391277718511 0.5301532154458913 0.06868028421704764
0.5857367364151134 0.15860082754783056 0.04173846425421246 0.2139239717828436
0.025420971434836348 0.7268221275463934 0.2152197572239133 0.03253714379485695
0.1527355716683979 0.3162458786150135 0.35731924081244504 0.17369930890414353
0.1460934696865831 0.31252733193005333 0.2747059560626177 0.26667324232074585
0.8487060747091458 0.0878632434129134 0.02560365015892685 0.037827031719013915
0.09009511024377126 0.006116494698259145 0.45329238342531497 0.4504960116326546
0.26531731822433247 0.44732271917733823 0.16824534509320965 0.11911461750511965
0.01973122894251267 0.5432854044224427 0.16655125445494423 0.27043211218010044
0.349772437344012 0.6137113012194091 0.024777932654022505 0.011738328782556429
0.20418215532269568 0.2680144699693251 0.25300609431969046 0.27479728038828877
0.15652571602169907 0.008812463563560025 0.09391558377956977 0.7407462366351711
0.12892417667035672 0.047656978344524425 0.1057326201238149 0.717686224861304
0.0016424362549277705 0.18674604208680012 0.18376837557044334 0.6278431460878288
0.03881296817903501 0.49646035429470536 0.1440305604030897 0.3206961171231699
0.3273935457799423 0.4104005261095919 0.13547731559838905 0.1267286125120768
