21 40 4 106.95770154181758 213.91540308363517
1.4385239272821457 3.6019869381083516 7.488697121481069 1.1945462492435481 2.853304887406951 1.4569593102583913 3.7204470456815515 6.9751926516223 3.7730295391319095 6.252321485967388 1.626138591513405 8.806640355937795 2.1991646732657295 2.603121954035485 5.463365948435402 8.773296801024012 7.8304945196090285 9.734366128142419 7.833722975069975 4.458250288811165 4.6784649649935925 7.420243850960309 3.4360279540582037 8.686925847922097 9.21847572650625 7.846804626981456 5.650016839822596 2.510521886993566 3.6882306244797913 3.5554874052757044 3.9449131895595784 5.141263004136785 5.899315235118738 2.9566078278374976 8.198814942450788 7.540160043668819 8.643634420520952 3.407696241238651 6.533422400335912 6.8748046587459015
0.28770478545642914 0.7203973876216703 1.4977394242962139 0.23890924984870962 0.5706609774813902 0.2913918620516783 0.7440894091363103 1.39503853032446 0.7546059078263819 1.2504642971934776 0.325227718302681 1.761328071187559 0.4398329346531459 0.520624390807097 1.0926731896870803 1.7546593602048024 1.5660989039218056 1.9468732256284838 1.5667445950139949 0.8916500577622329 0.9356929929987186 1.4840487701920617 0.6872055908116408 1.7373851695844196 1.84369514530125 1.5693609253962912 1.1300033679645192 0.5021043773987132 0.7376461248959583 0.7110974810551409 0.7889826379119157 1.028252600827357 1.1798630470237477 0.5913215655674995 1.6397629884901577 1.5080320087337638 1.7287268841041903 0.6815392482477302 1.3066844800671824 1.3749609317491802
0.38681643413428557 0.4233411153583516 0.08818278909205712 0.10165966141530569
0.6988607889524882 0.08958435468860482 0.03987298857518884 0.1716818677837182
0.13966465542401996 0.09154765951631572 0.07470284984851983 0.6940848352111445
0.6656936477741948 0.13891600424545303 0.081658405915498 0.11373194206485415
0.7391087269840894 0.08024751877047431 0.044729503818410565 0.13591425042702576
0.16797507343295692 0.21306006597791982 0.4688698891392141 0.15009497144990913
0.6341630769147428 0.2231792834890819 0.03997053723717969 0.10268710235899559
0.37352109865034655 0.15555621009244824 0.041567713272728235 0.42935497798447697
0.20830305100300806 0.09556394371234667 0.6280105628776519 0.06812244240699339
0.5090796626394611 0.27268977996303634 0.14188860564170003 0.0763419517558025
0.047229130005625786 0.557615408896903 0.08567724401132171 0.30947821708614953
0.15077454817162717 7.643984440763862e-05 0.8294122908312243 0.019736721152740944
0.002100500892840307 0.6898142826600765 0.2248588370130966 0.08322637943398659
0.284143272181518 0.15197586532720597 0.14262690310927595 0.42125395938200005
0.7158187356220659 0.02278786124674037 0.022101176125367328 0.23929222700582642
0.3302114813466831 0.28836408388237156 0.27902284274595457 0.10240159202499077
0.11546953773860269 0.022059537677977414 0.1218270860777767 0.7406438385056432
0.1881140530715265 0.3358347015432984 0.1415903886612382 0.3344608567239369
0.06268918940131918 0.02564567528459305 0.163958010399331 0.7477071249147568
0.19561039162894633 0.30052173981656627 0.3137011734219768 0.1901666951325106
0.2656556602845208 0.2734742689704627 0.13363991621769122 0.3272301545273253
0.5334355201833139 0.36437298730202206 0.06404668328913643 0.038144809225527654
0.42323422628588137 0.2281747720001206 0.31941380462225644 0.029177197091741602
0.3025290730659017 0.016680672789025186 0.6558818541549425 0.024908399990130614
0.1294060376887719 0.2663071552898736 0.36139483778946313 0.24289196923189138
0.10754192763516712 0.41190870793471723 0.14342150927349895 0.3371278551566167
0.39574151649323897 0.008510534171486173 0.5582009664175893 0.037546982917685545
0.10231052972199373 0.3303626263838695 0.4218225081415462 0.14550433575259059
0.003030924966509696 0.45290142112145704 0.24780268600171584 0.2962649679103174
0.22864052835331483 0.5772217516005524 0.05418792147622242 0.1399497985699103
0.09331338995400074 0.2759017564203128 0.17135466147383427 0.4594301921518522
0.2396294240336183 0.49090127387793114 0.061125046558276774 0.20834425553017377
0.4656865577567181 0.13746508381201195 0.3901411847821783 0.00670717364909168
0.395954046904182 0.128695398641284 0.3190142613564546 0.1563362930980794
0.06134432300631054 0.849339602576309 0.009025349983058595 0.08029072443432184
0.8761434995768898 0.018499288917159462 0.08598643652776317 0.01937077497818762
0.680111829304676 0.2249651198416136 0.0010782826069350993 0.09384476824677535
0.22233237386421167 0.25593882023735304 0.409212282792636 0.1125165231057993
0.1455453626890275 0.5232238370434535 0.16824893606162183 0.1629818642058971
0.08764892380455869 0.18381358805978198 0.2665631835749408 0.46197430456071853
0.41035417857281875 0.07967804647619925 0.11033704033311686 0.39963073461786514
0.4543903076107496 0.40449916355748927 0.028765966038964086 0.11234456279279703
0.4012964984806886 0.18916126506266795 0.22962664138257027 0.17991559507407318
0.24411249672277346 0.08362909368974991 0.46971124905545814 0.2025471605320185
0.4606464683225363 0.006954722125579349 0.23456310155599758 0.29783570799588677
0.04120749026614079 0.13803898285902783 0.18586577371681678 0.6348877531580146
0.17672956273072515 0.018033919798031484 0.6094148599163738 0.19582165755486958
0.38227876105705216 0.1288579554841306 0.01206598246978885 0.4767973009890284
0.2465759340069429 0.42881645690592785 0.14063799917757613 0.18396960990955313
0.03510298901951303 0.034866430676747884 0.36882225372834576 0.5612083265753933
0.0745612011704414 0.6377888015027829 0.06689662657762963 0.22075337074914603
0.4617322192499923 0.1530313552507938 0.22875558330602075 0.15648084219319314
0.46279892782768084 0.21013032214901306 0.059638237331582244 0.26743251269172386
0.3633094554071753 0.1156960701893166 0.29301997493382126 0.22797449946968684
0.16283091474667466 0.06597062171621026 0.557026632174991 0.21417183136212403
0.139303583663965 0.13682863719127847 0.6489903717668954 0.07487740737786108
0.1104778922193611 0.255390099155999 0.14596468765994874 0.4881673209646912
0.31195917200078416 0.011999994209317633 0.009809251090203697 0.6662315826996945
0.08828575481211265 0.12997319032001398 0.5595181253042837 0.2222229295635897
0.27425062088316965 0.06342549897124283 0.004293833433323124 0.6580300467122644
0.2831144435519859 0.4606506914413133 0.13737603850219182 0.11885882650450896
0.1331934419386872 0.14076765015040382 0.5384948354846931 0.18754407242621585
0.03553603828633134 0.16672141229077786 0.742156792104307 0.05558575731858384
0.7019345905358452 0.07497970654292252 0.19174960762170812 0.03133609529952419
0.04611928160405354 0.8909448889486667 0.014244892782807272 0.04869093666447244
0.22657122914667616 0.2841040673552878 0.3043881286771096 0.1849365748209264
0.5888823929995796 0.006336676154584109 0.06065792322709718 0.34412300761873915
0.037249817803254426 0.11561989251589122 0.20646436006049584 0.6406659296203585
0.06339631150714065 0.02575312061838242 0.038998959638207764 0.8718516082362692
0.5086943502391282 0.1924960941921492 0.10045639710381704 0.19835315846490553
0.2702639872994994 0.02344262733628799 0.4594254286409333 0.24686795672327932
0.003625425493034462 0.26609191387021514 0.2377169486771381 0.4925657119596123
0.026905988350189647 0.23597915998556784 0.6131894494310847 0.12392540223315784
0.0435690573567461 0.26338470332675035 0.3313568487157085 0.3616893906007951
0.03180339498236395 0.8647421544203088 0.05439926100047321 0.049055189596854065
0.04220004399144828 0.7094427832246937 0.007205733783698931 0.24115143900015912
0.02784998733220334 0.7130157141964034 0.10546949753417467 0.15366480093721857
0.04180538641387077 0.38986687881607884 0.15115819539240016 0.4171695393776502
0.4514123775335215 0.4667890435991765 0.060616209511740515 0.021182369355561503
0.18289419417475994 0.4575138941299969 0.03798514215752724 0.32160676953771594
