83 60 4 163.6048023059538 327.2096046119076
3.3133818439462592 7.154088247639653 6.97277581812204 7.994173910197599 8.446299655019125 4.210157293613609 4.480624600732158 7.6906824516981 3.5428646358620095 3.6466893269331746 6.165918232935329 1.4241200626177766 4.483757289296621 8.51119411124835 5.689603620179559 2.147720146462476 4.734314731825382 8.387412102391615 4.101845806882377 9.242790112292997 2.687024529590963 1.2460320694290923 3.1346505031608087 7.477809349947511 3.4229807618837444 6.097410459706706 6.669714450043726 2.913063788273501 7.643587041849626 4.121501428918789 3.9240133569491418 3.8537619909424303 9.744849096922659 2.0324582989350173 3.9817576884072707 9.805319810712405 9.974063088748888 2.6278530615649696 2.253185064642352 7.393882595652726 6.912933976508744 6.501021621283072 5.498911306520965 9.993306145270926 7.655008821985865 9.06842984439129 5.929891764857133 7.808160593626864 6.606348922176405 2.8639124362676025 8.83318272630671 4.196598184177329 5.917342718400441 1.5120171842569003 3.765588742607894 5.430329538622067 4.471537031356544 5.351105230394462 2.312776207787481 3.235869178930538
0.6626763687892518 1.4308176495279306 1.394555163624408 1.59883478203952 1.689259931003825 0.8420314587227218 0.8961249201464316 1.53813649033962 0.708572927172402 0.7293378653866349 1.2331836465870658 0.2848240125235553 0.8967514578593242 1.70223882224967 1.137920724035912 0.4295440292924952 0.9468629463650764 1.677482420478323 0.8203691613764754 1.8485580224585996 0.5374049059181927 0.24920641388581846 0.6269301006321617 1.4955618699895021 0.6845961523767489 1.2194820919413412 1.333942890008745 0.5826127576547002 1.5287174083699253 0.8243002857837578 0.7848026713898284 0.7707523981884861 1.9489698193845317 0.40649165978700347 0.7963515376814542 1.961063962142481 1.9948126177497776 0.525570612312994 0.4506370129284704 1.478776519130545 1.3825867953017488 1.3002043242566144 1.099782261304193 1.9986612290541852 1.531001764397173 1.8136859688782578 1.1859783529714265 1.5616321187253728 1.321269784435281 0.5727824872535205 1.766636545261342 0.8393196368354658 1.1834685436800882 0.30240343685138005 0.7531177485215788 1.0860659077244135 0.8943074062713088 1.0702210460788923 0.46255524155749617 0.6471738357861077
0.7990403864693919 0.07366755425147253 0.02430123312198007 0.10299082615715549
0.11988695428329366 0.21497228696744364 0.22794662248320297 0.43719413626605974
0.14531338775692626 0.6695787665614022 0.07700623718409416 0.10810160849757733
0.0278316311773108 0.4644332844966169 0.07027161305166674 0.43746347127440555
0.11062251468591999 0.1580466079199414 0.23392602715717647 0.4974048502369621
0.5273667514032582 0.09177080878039812 0.3024083492047305 0.07845409061161324
0.42050532125791784 0.1913775061893812 0.13040891870959048 0.25770825384311047
0.34411802387716117 0.08592713180580958 0.3870318555262289 0.18292298879080038
0.4742132052512713 0.06645353218377004 0.22259224490104135 0.2367410176639173
0.4000054983475064 0.22341316206182138 0.20855285865212758 0.1680284809385446
0.4094738127614169 0.5227303251023833 0.04509473559355048 0.02270112654264933
0.3041020985544086 0.2358076912700493 0.034169687601790066 0.425920522573752
0.19707730164360193 0.009343723955078431 0.1687910144251411 0.6247879599761785
0.6017692858239941 0.03092250859458323 0.09995275876146448 0.26735544681995815
0.0772846458207852 0.16282042640562155 0.47784482011026175 0.2820501076633315
0.3912482333174975 0.014328232981969169 0.13082174519985423 0.4636017885006791
0.1317025193197039 0.7491425529076655 0.017239591445492253 0.10191533632713834
0.3086991773018334 0.40267612976938416 0.03172917281089527 0.2568955201178872
0.30082132016408714 0.4008217013463389 0.09558428238903238 0.2027726961005416
0.621570189586627 0.08861251792017488 0.21538069994213926 0.07443659255105883
0.15212818628293956 0.1008622059785852 0.6940543514701438 0.05295525626833142
0.31820916104305297 0.039835266868479935 0.42141242327488393 0.22054314881358317
0.4210788140195142 0.18505169570633317 0.2869181331160271 0.10695135715812554
0.018004519887032444 0.21861744699875563 0.6795191953021213 0.08385883781209058
0.13352488831949527 0.020857063566511513 0.5554991096173012 0.290118938496692
0.005615238198661721 0.39723908056273627 0.10516016493179214 0.49198551630680987
0.04943839843506426 0.12326495521657466 0.6281931403404916 0.19910350600786952
0.2800441856403356 0.29346021051757365 0.18141459097753054 0.2450810128645602
0.034521672553695315 0.43307257959068857 0.4630049310702623 0.06940081678535381
0.3721802909121653 0.18026121092062952 0.24820406005889784 0.19935443810830733
0.33823829792790905 0.2633922884105171 0.2897377691390657 0.10863164452250818
0.6276474260693278 0.2645740020274132 0.0009087420775072408 0.10686982982575177
0.2190225297430307 0.09617071569886704 0.044098565955643654 0.6407081886024586
0.036962556463811524 0.080495024336395 0.53216238660022 0.3503800325995735
0.2700081796273853 0.32545477097719033 0.28717027872893575 0.1173667706664886
0.2538427952648502 0.43838117307185664 0.11704872094013108 0.19072731072316207
0.11900660500695082 0.2410869198541019 0.044946279338486494 0.5949601958004608
0.10096249085685738 0.1534528475417577 0.10466716016589062 0.6409175014354943
0.47007395627131066 0.3203876079705127 0.026549138326784738 0.18298929743139192
0.01767480587743897 0.166466070398672 0.47754411924084716 0.33831500448304186
0.1221228950669222 0.14134198928733177 0.36023906613486245 0.3762960495108836
0.08511965271648769 0.3581081240149715 0.3687509636022839 0.18802125966625693
0.14439198876735337 0.07257819300845592 0.5585020742726295 0.22452774395156117
0.07631088010111742 0.10020904634168959 0.11041374654636982 0.7130663270108232
0.6288516645909088 0.022567023485412507 0.2962996110447792 0.052281700878899495
0.22432663875192183 0.3318275856415276 0.3190060846872299 0.12483969091932068
0.2842752363211152 0.1274732307873806 0.3203935975557898 0.26785793533571445
0.4413334599827776 0.03643632252758111 0.35374138974549096 0.1684888277441503
0.09125831973842502 0.09878000005130416 0.41854904048049013 0.3914126397297807
0.7636765558690453 0.043442901110209986 0.00462919112436222 0.18825135189638253
0.14032014713772534 0.46370644505592096 0.3398139564145404 0.05615945139181333
0.0399972516582936 0.047422193331198015 0.6975864127072017 0.2149941423033067
0.13994692109188778 0.13324391077055808 0.29028441664653304 0.4365247514910211
0.08322831963946875 0.15678331344247842 0.08408332588010647 0.6759050410379464
0.1320779706901487 0.13916107742978234 0.2238409406538403 0.5049200112262286
0.4941539401015903 0.21364066382775948 0.16168608860476996 0.13051930746588025
0.1688994104927074 0.21445041838636913 0.48686514652860624 0.12978502459231722
0.25624149254037554 0.329700355106614 0.20636724876327206 0.2076909035897384
0.20997859462375645 0.09850816465102152 0.4142321319803284 0.27728110874489365
0.33848080852354123 0.5019076069563544 0.06982530095870121 0.08978628356140317
0.025693375377467853 0.5363471216021565 0.08292945959221898 0.3550300434281567
0.014449019599514279 0.18397770943262515 0.6323711211581956 0.16920214980966497
0.5094070142707654 0.010996631156233505 0.3415909544729425 0.13800540010005857
0.13164590294839118 0.08150370670009233 0.7456027196579382 0.041247670693578264
0.01679640632243018 0.607470424662529 0.3447729232653828 0.030960245749658055
0.2437213341172092 0.40079932930849027 0.18858281862309267 0.16689651795120786
0.0679945469237192 0.03903462162403715 0.32754074279702317 0.5654300886552205
0.6511733547719446 0.07501482455504727 0.0030141733179270824 0.27079764735508105
0.05288554374231147 0.0713678244839443 0.525195073935281 0.35055155783846326
0.1190304498692043 0.1571860010412206 0.14522896875080848 0.5785545803387666
0.15964745182290674 0.45416854087115255 0.2903261022472796 0.0958579050586611
0.4674155132990423 0.3891305103587217 0.11462444286856965 0.028829533473666347
0.1356019636912177 0.014749936050190704 0.6952522952818657 0.1543958049767259
0.08765396440964612 0.42645630204483653 0.4799318112584976 0.005957922287019746
0.6522238819403492 0.012038040906228509 0.1029961137516936 0.2327419634017287
0.15509415363382728 0.55094293126866 0.1736663707859195 0.1202965443115932
0.015346382420000082 0.17593151185509293 0.6026340135264433 0.2060880921984637
0.2547714734567399 0.046260288111034775 0.5416322932858094 0.1573359451464159
0.010651122657789003 0.010351279743660569 0.48371230036479973 0.4952852972337507
0.5038404295745738 0.1686346747683991 0.28225531615737465 0.04526957949965249
0.05401483150295727 0.15052502839263393 0.17991156142567133 0.6155485786787375
0.5096938787522453 0.12952022041628153 0.06464135415714545 0.29614454667432777
0.3044672299480693 0.1457991773638584 0.09668745049151739 0.4530461421965549
0.5145180398091073 0.11216855289066696 0.1448560431787561 0.22845736412146966
0.18014732149115364 0.6574967720572987 0.1326215696325882 0.029734336818959428
0.5581726467648654 0.17429181733005883 0.24220296139387065 0.025332574511205075
0.20464041796658528 0.47947652172721456 0.26514892397316436 0.050734136333035806
0.46467553630386904 0.16843882784411612 0.06627445996273362 0.3006111758892812
0.12433685215013968 0.507884905182514 0.07256442992000367 0.2952138127473427
0.37029660727625513 0.19973955125290177 0.19046896079743403 0.23949488067340907
0.2669831206645459 0.19150881956428412 0.06277827323233465 0.47872978653883536
0.08801147099401696 0.08748582074626166 0.014541295808210841 0.8099614124515105
0.3398356635099724 0.25694995558445055 0.10202528971087854 0.3011890911946985
0.14271167538668894 0.13661653857511036 0.26450464282015074 0.45616714321804996
0.27089236272808503 0.49182611673687215 0.15837768709957167 0.07890383343547114
0.2548196488968363 0.16456592859143693 0.3587564347818849 0.2218579877298419
0.5385418743044611 0.023888823109127433 0.018742273942890186 0.4188270286435213
0.5518640146851709 0.17521886002929055 0.12157324113532475 0.15134388415021383
0.6039862281016035 0.03877130865931344 0.10712916162777275 0.2501133016113103
0.30442359150474374 0.3183982201265416 0.26607303430918816 0.11110515405952648
0.2626962597150765 0.3170880174028078 0.3985013365254827 0.02171438635663303
0.6275554022450059 0.08778962062934759 0.1695454749665063 0.11510950215914018
0.327834807232371 0.13411864452814792 0.07345094530368945 0.4645956029357916
0.1739058082878039 0.056883625328025045 0.4353295681082897 0.33388099827588136
0.5118956434401102 0.39329586516565473 0.09379516317972447 0.0010133282145106115
0.17597995432704017 0.636529007048514 0.11610243240374929 0.07138860622069654
0.12840416254305198 0.5690203444293835 0.11899356342569367 0.1835819296018708
0.2171671814516487 0.5447283152454298 0.007153294772993535 0.230951208529928
0.04691896830235265 0.23493380543570475 0.6203252074052984 0.09782201885664421
0.3047754460432769 0.2910958452326461 0.3484462245287232 0.05568248419535382
0.18097214862310762 0.0898982082225882 0.09060479819106126 0.6385248449632429
0.10205048116112347 0.40957264070000154 0.48387329705777393 0.004503581081101049
0.025694617952766285 0.2591021132619903 0.42361181414009685 0.2915914546451466
0.15109027690494314 0.19700850338269105 0.26227178955005415 0.38962943016231166
0.08969159074704947 0.319958778689322 0.048046305512310816 0.5423033250513177
0.15372187307770602 0.5138405885342363 0.2663126037303293 0.0661249346577284
0.13127099781033624 0.11479858382286345 0.45225097981994455 0.30167943854685575
0.24453112582189496 0.3723415232699001 0.048887322549654444 0.3342400283585505
0.4418731274777321 0.15395868296696447 0.22376626409076328 0.18040192546454015
0.00860144857870615 0.26224427771919123 0.14005756676915226 0.5890967069329504
