68 20 4 58.47034818979021 116.94069637958043
3.3343432295359907 1.3902494604571023 6.2382730791394385 2.0126095103000923 6.496991042474353 3.6674916246615434 8.265269740700704 1.8535396142459775 7.300903364160124 9.396064207605296 8.57988009188761 8.199630859677232 9.755409646603516 5.824777810818929 5.565095245516277 9.593477715587488 7.981270983670573 6.315002798230625 2.5199023841425214 2.6505139701650413
0.6668686459071982 0.27804989209142045 1.2476546158278876 0.4025219020600185 1.2993982084948708 0.7334983249323087 1.653053948140141 0.3707079228491955 1.4601806728320248 1.8792128415210592 1.715976018377522 1.6399261719354463 1.9510819293207031 1.164955562163786 1.1130190491032554 1.9186955431174977 1.5962541967341146 1.2630005596461251 0.5039804768285043 0.5301027940330083
0.03175320156246686 0.2582139624103371 0.2399442125227098 0.4700886235044862
0.5487854890940059 0.2016575411685203 0.2351915213901853 0.014365448347288479
0.015894399656419034 0.65717490146162 0.13273341332455868 0.19419728555740223
0.13592195314073963 0.22336330883164957 0.12702479366700714 0.5136899443606037
0.17031529324098993 0.435208554406015 0.09687258451000325 0.2976035678429918
0.004687771227048887 0.13487325113948634 0.4971598334815681 0.36327914415189666
0.5682915698793861 0.16809985042600928 0.11105313335644362 0.15255544633816098
0.024332949147116922 0.0504695090108902 0.02529412933559083 0.899903412506402
0.0856984031740875 0.07803131186527423 0.5587327925944953 0.277537492366143
0.14739564716195452 0.4020166336184461 0.4416086468661551 0.008979072353444306
0.015595528187677954 0.608529378618015 0.019539270944332054 0.35633582224997495
0.574718909061079 0.025831475963080885 0.2618508516757454 0.13759876330009468
0.4594076163653087 0.05132098697078202 0.001306418902671247 0.48796497776123804
0.1983977541580224 0.3781482568058949 0.07219695070679844 0.35125703832928423
0.1095481855231134 0.36795827659804226 0.23896895131184448 0.28352458656699986
0.02258089717404843 0.8632189674387843 0.1023040864180148 0.011896048969152417
0.010594959841800478 0.23474487480938566 0.04552692399968472 0.7091332413491291
0.11417357070503098 0.08776921368312063 0.6222679463064967 0.17578926930535166
0.5209295099701224 0.038014780699549444 0.0463654541000732 0.3946902552302549
0.5426276633242777 0.10989502754081226 0.24967501096602884 0.0978022981688812
0.0900997516998211 0.13952359894213429 0.46229221234886664 0.308084437009178
0.15826334405839215 0.366431220107284 0.2484762738188948 0.22682916201542902
0.5131849757159096 0.17135636627118112 0.03202419158140013 0.28343446643150916
0.33018248996540067 0.036229915008900826 0.6315070077068763 0.0020805873188222135
0.4553597977795659 0.3850620896362762 0.15129877855055507 0.008279334033602814
0.018322050880861362 0.05393348734676018 0.5730805393420554 0.3546639224303231
0.2549609915624972 0.4144261021101404 0.3278088388819913 0.0028040674453710945
0.28214660288909 0.5145705267021377 0.19797416037688553 0.005308710031886821
0.7846115358449065 0.08184648021979057 0.042833943674498554 0.09070804026080437
0.12789470182948137 0.2356831893408784 0.32027790240446763 0.3161442064251726
0.05661556341560747 0.31779658290037516 0.04384712511607858 0.5817407285679388
0.02040479616295443 0.20789330418901275 0.16992439706181695 0.6017775025862159
0.5067139824770768 0.03704125193988217 0.023514024965569313 0.43273074061747174
0.03531920784249731 0.22757364390817647 0.7148819502400321 0.022225198009294123
0.6384527367003133 0.051837658629402816 0.11060711101357013 0.19910249365671373
0.10734526153649171 0.004064819184836921 0.0166156854132129 0.8719742338654585
0.12460725038120568 0.41523653124985027 0.3147353164231824 0.14542090194576163
0.44221010243491143 0.011581895148816801 0.33188116352755503 0.21432683888871673
0.22836612379551113 0.038842590624798334 0.4794023369921938 0.2533889485874967
0.42936767751605454 0.025401839394342374 0.06476019734808669 0.4804702857415164
