62 100 4 285.59523388551224 571.1904677710245
1.303792393808875 5.401967571690262 8.614765875527945 4.70261799828797 6.682738363576883 3.6184891353952064 5.885202600371884 3.053632419129734 3.162486964783617 9.581117743578663 6.812293889485764 1.1607143814227343 9.96513236691955 7.616750810849052 7.497482147792426 4.694468574544193 2.834021735555413 9.658922761346702 3.020239252348672 1.4300448878709124 8.954624508031653 9.00218857316055 9.665037094861669 6.500571739104927 9.872324895075282 4.627809072610388 2.4122432132287015 6.287042170178333 4.4607081170041045 3.6451380794623356 1.158190368059559 5.201740952147584 9.190597857504702 1.9226792249295306 4.857522180015508 2.177797826041328 2.0080910235607545 9.359520350813725 6.573481092969985 3.438251002714994 7.613856281511767 2.700839168636786 3.5413682844510084 3.6232042505525 5.658667380197252 4.472751504195453 3.0873560848173325 8.256166858042135 7.36914829214976 8.647462267396591 4.27475421231798 4.020900570284936 9.369199457740175 7.966027246255505 6.317519915451821 8.988623447266292 7.117597777903638 1.1605018144440242 8.200473194894608 6.976535005283782 3.69023782946946 5.744503381509864 2.759936275528026 2.689746835009542 7.841707568709565 5.87826469481664 8.810403031205448 2.5216307419152315 3.5138063018188506 5.622230373285779 5.674045956440873 1.3529026210789445 7.590350698303416 3.421878378613114 9.174664253390306 8.91352471682666 4.121599335814395 4.1242874146149155 6.920714484031232 8.129106353015118 4.529816175802271 9.737475544813073 7.360129436913242 8.691322573712597 9.2940801494606 5.585252662885947 7.708076561993645 2.194509872580027 3.9083712890286963 9.33401176093336 9.996280069919205 1.8410163780895525 9.28436432395173 1.316240301531904 2.1539474313707037 8.933323558557571 8.433338970833022 5.322278487509157 2.6470617231783438 7.048635023006694
0.260758478761775 1.0803935143380525 1.722953175105589 0.9405235996575939 1.3365476727153767 0.7236978270790413 1.1770405200743768 0.6107264838259467 0.6324973929567234 1.9162235487157324 1.3624587778971526 0.23214287628454686 1.9930264733839098 1.5233501621698102 1.4994964295584852 0.9388937149088387 0.5668043471110826 1.9317845522693404 0.6040478504697344 0.2860089775741825 1.7909249016063307 1.80043771463211 1.9330074189723336 1.3001143478209856 1.9744649790150564 0.9255618145220776 0.4824486426457403 1.2574084340356666 0.8921416234008209 0.7290276158924671 0.23163807361191183 1.0403481904295169 1.8381195715009404 0.3845358449859061 0.9715044360031015 0.43555956520826566 0.40161820471215093 1.871904070162745 1.314696218593997 0.6876502005429989 1.5227712563023534 0.5401678337273572 0.7082736568902017 0.7246408501105 1.1317334760394504 0.8945503008390906 0.6174712169634665 1.651233371608427 1.4738296584299522 1.7294924534793181 0.854950842463596 0.8041801140569872 1.873839891548035 1.593205449251101 1.2635039830903643 1.7977246894532584 1.4235195555807276 0.23210036288880484 1.6400946389789215 1.3953070010567563 0.738047565893892 1.1489006763019727 0.5519872551056052 0.5379493670019084 1.568341513741913 1.1756529389633281 1.7620806062410896 0.5043261483830463 0.7027612603637701 1.1244460746571558 1.1348091912881746 0.27058052421578893 1.5180701396606833 0.6843756757226228 1.8349328506780611 1.782704943365332 0.824319867162879 0.8248574829229831 1.3841428968062464 1.6258212706030235 0.9059632351604542 1.9474951089626145 1.4720258873826484 1.7382645147425193 1.85881602989212 1.1170505325771893 1.5416153123987288 0.4389019745160054 0.7816742578057393 1.866802352186672 1.9992560139838411 0.3682032756179105 1.8568728647903459 0.2632480603063808 0.4307894862741407 1.7866647117115142 1.6866677941666044 1.0644556975018316 0.5294123446356688 1.4097270046013388
0.7246604421484288 0.20879623604685726 0.025047082623565586 0.04149623918114831
0.05924963099262137 0.0633542469354943 0.8418064352539495 0.03558968681793484
0.2098962200631701 0.2767480417765683 0.4220836753819672 0.09127206277829436
0.1120088878878085 0.09887688264244998 0.7041877722646495 0.08492645720509207
0.24416677916328455 0.17305665416662164 0.014266517663907852 0.568510049006186
0.2227386552670807 0.2851211132588999 0.10458330288976925 0.38755692858425017
0.2788141482084502 0.056814627573352317 0.4445529255405951 0.2198182986776024
0.5390308207140199 0.02840112696971675 0.10690954348076731 0.3256585088354961
0.37316604284799537 0.08890079785562832 0.07726310047905527 0.46067005881732104
0.2927669493860734 0.08376736453616807 0.21748391425688274 0.4059817718208758
0.16883892775736264 0.050617170484224205 0.6880959621651919 0.09244793959322128
0.014546503205853378 0.7460537713799412 0.18553548769454853 0.05386423771965687
0.11487100164347808 0.2536672907271419 0.2980508244624105 0.33341088316696954
0.32121950524292153 0.29978006282366143 0.23962800519939065 0.1393724267340264
0.00520303448989512 0.46967726253006326 0.4598000480280793 0.06531965495196235
0.25647318295245947 0.6349618161795023 0.013604681549178266 0.09496031931885995
0.2397027700941523 0.015039975881932621 0.07632453526037752 0.6689327187635375
0.13502170760124843 0.13249810276797447 0.24637236846010457 0.4861078211706725
0.3967741204803219 0.07708472456564708 0.18415729080452337 0.34198386414950765
0.11468470215441873 0.5707465301205376 0.3100459593592565 0.004522808365787223
0.47009321592225306 0.29813059360826144 0.031422092766485665 0.20035409770299983
0.3180945957246365 0.18522467465551795 0.1492623232290463 0.34741840639079924
0.5116315825766709 0.01869380037104562 0.05950338997916593 0.4101712270731176
0.03343755017137595 0.5370004222385675 0.027806768465270526 0.40175525912478605
0.16263956242325373 0.030803514179355895 0.3126443543105859 0.4939125690868045
0.28698033336477236 0.16907049456949796 0.36523756124041185 0.17871161082531783
0.2028649428305911 0.336911904351874 0.249715481182598 0.2105076716349369
0.09318092565573344 0.5421632821952994 0.04761768475453787 0.3170381073944293
0.28672172940650964 0.2215289946673079 0.27331183232045253 0.21843744360572992
0.3372324382735564 0.07181974301467242 0.020885694504912178 0.570062124206859
0.15430822394316923 0.6108275566552355 0.07569950747617826 0.15916471192541704
0.29354262710292933 0.0910355445149994 0.45848845768089785 0.1569333707011734
0.12592590931282566 0.24684984930672105 0.040084994919746486 0.5871392464607068
0.2516584039226216 0.3917553793369567 0.07990975563469871 0.27667646110572297
0.0657116264194526 0.1223406839515917 0.09663644608667377 0.7153112435422819
0.030573701383478036 0.042233582054927 0.21009797473969738 0.7170947418218976
0.05464541551930613 0.1900035472977305 0.6366554752227734 0.11869556196018993
0.28083555469742205 0.02990728258447828 0.12755862843395027 0.5616985342841494
0.14474241720406011 0.15329354336384093 0.6132194467929429 0.08874459263915602
0.20793155107344863 0.030915419580353598 0.7347693334463737 0.026383695899824033
0.042628143773370764 0.37785206766502044 0.46344077576230547 0.11607901279930333
0.29393303022964445 0.19305989693842895 0.32784585983579007 0.18516121299613653
0.5327756814662334 0.19067269003571863 0.04868061310326177 0.22787101539478616
0.013812067412492968 0.043589016850347106 0.7427480953660845 0.19985082037107538
0.32872194150612577 0.05603805351602675 0.611751461145389 0.003488543832458446
0.07118017888877148 0.0803630439034958 0.6621202865300919 0.1863364906776408
0.27771842905935107 0.13663498263737983 0.4912320483006154 0.0944145400026537
0.11687563439272664 0.3048831648189184 0.08477392308033505 0.4934672777080199
0.40795183549554825 0.20848865083442225 0.1505893332055661 0.23297018046446338
0.07986734762684189 0.24305388932238337 0.5571986872369487 0.11988007581382609
0.10135406267370517 0.0106679814968762 0.5463856100568302 0.34159234577258846
0.303532048985537 0.10755446075874009 0.3373584967058997 0.25155499354982325
0.17881780192336305 0.11966483100527958 0.2930781416140751 0.4084392254572823
0.11321777208151818 0.22084513517170778 0.5902019057054617 0.07573518704131232
0.5546421057630753 0.13786995688699255 0.2765389915376605 0.0309489458122717
0.26951465037398736 0.4080710316241998 0.2968744627020866 0.025539855299726244
0.05332861368394093 0.23044700515232974 0.4523649686922879 0.2638594124714414
0.1352521382051891 0.486286343858207 0.22608191646612508 0.1523796014704788
0.3179998346342928 0.42237185476103745 0.16855848689369368 0.09106982371097605
0.3906009362402456 0.047892529566320396 0.3811618820613939 0.1803446521320401
0.09475775606360815 0.37629921022704504 0.313445242266713 0.2154977914426338
0.06942775869810403 0.33269486352333244 0.4577217329193324 0.14015564485923115
0.16495098372885786 0.46527362812628925 0.22917746698520125 0.14059792115965164
0.1771441123124622 0.3835897764431775 0.258232664751083 0.18103344649327735
0.26909602685807943 0.11391998956094973 0.43695607716602747 0.18002790641494337
0.4430863809403397 0.15896312766451093 0.02023242255613833 0.37771806883901105
0.6525589695780838 0.16480044256010518 0.0007733463471757407 0.1818672415146353
0.2607386220945258 0.09339570335132463 0.12210041178015796 0.5237652627739916
0.4654459461189101 0.2235391343324702 0.021417190785777085 0.2895977287628426
0.3808299615551075 0.3474650373080096 0.04318063933905114 0.22852436179783175
0.13843517995360854 0.12436437318931937 0.2899262688073183 0.4472741780497538
0.20607487239343747 0.6500637713752154 0.10990426856272528 0.03395708766862182
0.5862073798197343 0.04945518068467858 0.2823039219989948 0.08203351749659238
0.18943406366148252 0.4132411044963281 0.20461318250118843 0.19271164934100093
0.5605760140410045 0.09167614185744588 0.1762679989159498 0.17147984518559978
0.4697030341365286 0.032498539525211534 0.18506855176537196 0.3127298745728879
0.7536098818982605 0.09307225779551576 0.053055069612070516 0.10026279069415323
0.08843112305323009 0.12203061152058958 0.10383020278322208 0.6857080626429582
0.11686353162714314 0.12153040567037365 0.28531056394851184 0.47629549875397137
0.058133912373845686 0.04573943095064947 0.6971181009281163 0.19900855574738852
0.6913164203307015 0.10572073109262337 0.15658703294303655 0.04637581563363857
0.1301818274052644 0.3718659415186568 0.47903142930882503 0.018920801767253748
0.02198739383699455 0.039327822043104144 0.6601375279130209 0.27854725620688037
0.6095643191818244 0.2109230652503098 0.0078004242436618965 0.1717121913242039
0.7620720010525398 0.02854057746914551 0.05004809217531703 0.15933932930299766
0.20056341043393955 0.32062299934748184 0.2734045168555943 0.2054090733629843
0.03804239199002046 0.3108309221165336 0.48416035862273377 0.16696632727071214
0.08518333736567252 0.6191809334188603 0.14318962843450034 0.15244610078096688
0.4013565862057257 0.3014631261725831 0.15140320329763357 0.14577708432405767
0.12812732107487046 0.16589327593041592 0.4296782244252485 0.2763011785694651
0.46082634633260366 0.45863821073282796 0.004763051374817473 0.0757723915597509
0.02588089370043134 0.20036937657941212 0.48181310935511656 0.29193662036504
0.5600187052582052 0.013691712821780166 0.231591496534862 0.19469808538515265
0.15790809930861605 0.31318259792510894 0.20635095411342885 0.32255834865284616
0.471035345817285 0.0665693037033771 0.21895784007205166 0.24343751040728623
0.02910492712611279 0.4477613545598558 0.08947649500312349 0.43365722331090795
0.4357300876477521 0.18887564796253753 0.12424229203942083 0.2511519723502895
0.021032772900122065 0.48641742842211266 0.3649498197715312 0.1275999789062341
0.01657938095628042 0.27658943645901624 0.005853279516835341 0.700977903067868
0.2233129490835336 0.6974965513614074 0.02347292449997218 0.05571757505508679
0.05682917782949237 0.12587740944602088 0.4921439207884071 0.32514949193607967
0.3554672761085238 0.23684875354264467 0.2935517510231951 0.11413221932563644
0.09093628318566616 0.5041882993883162 0.27165913001827513 0.1332162874077425
0.059256660826141117 0.1437820308811094 0.38518693054387665 0.4117743777488728
0.3245229023884728 0.33245952333727613 0.3313237436039418 0.011693830670309269
0.007557313723873249 0.2785407394003946 0.5163963077005291 0.19750563917520303
0.15868184030012988 0.3658759037317014 0.3911285856372151 0.0843136703309536
0.16628893072148088 0.025109910633292154 0.5374634448204407 0.27113771382478624
0.13089540769072794 0.08282280999594382 0.5413285877779159 0.2449531945354123
0.5597727062167529 0.25411903210862075 0.07490774736824557 0.11120051430638078
0.6463035058961492 0.0014679591404102021 0.18420216012758583 0.1680263748358548
0.09379525790319243 0.6197458244039313 0.17568439598764019 0.11077452170523605
0.35693618142270944 0.33311217476158483 0.27796040154597534 0.03199124226973038
0.2832096136826431 0.005805296390843928 0.7087243262836083 0.0022607636429047284
0.05002744928705827 0.1355386663912983 0.04133485259696901 0.7730990317246744
0.495401603827781 0.30814431527704467 0.16981657331367772 0.026637507581496633
0.5145549266106005 0.09942075671296413 0.13051124227396804 0.2555130744024673
0.30211350287363237 0.33790674340207083 0.07410816559799616 0.28587158812630065
0.1459349161026119 0.5179352258360665 0.11436621869349772 0.22176363936782384
0.504279706426365 0.11840496130439282 0.2642780106171616 0.11303732165208058
0.6082086304012174 0.08516876724531952 0.1893705882623553 0.11725201409110775
0.4223638602889259 0.1982157157855846 0.34519842590989624 0.034221998015593225
0.30016033238316164 0.3139559147241511 0.09350287103828903 0.29238088185439826
0.5018411360153784 0.10029924476076824 0.24244603758991112 0.15541358163394225
5.58491246687165e-05 0.2661037229602953 0.6642433405376689 0.06959708737736714
0.21920359922957344 0.0936064345624531 0.4341955750943791 0.25299439111359434
0.5606217841404123 0.15477751146725816 0.1827449843240746 0.10185572006825494
0.19215811234928715 0.00022638636356786535 0.29880835366359204 0.508807147623553
0.12236890499423914 0.14680865817169308 0.515945246363792 0.21487719047027576
0.3165140166105741 0.4346805338626206 0.18145408855420808 0.0673513609725972
0.1581176472607274 0.29223334516396804 0.07261832510807131 0.47703068246723324
0.40461508429790616 0.2635061269012595 0.07138013841378565 0.26049865038704867
0.5894580502438044 0.30206309469879655 0.08816223252811006 0.020316622529289008
0.2913070032334305 0.5550939639052505 0.06136001790008183 0.09223901496123721
0.5863353297395953 0.32364826658262313 0.0769946702906984 0.013021733387083123
0.6081040315215719 0.02443610376663119 0.08330538414657818 0.28415448056521875
0.038404945267458857 0.47024107436144513 0.11659650782108699 0.374757472550009
0.2425240963249259 0.26898591216758416 0.150233546602617 0.33825644490487294
0.4898634266355044 0.06851087380827403 0.3841920668702654 0.05743363268595614
0.07688927162151904 0.06915636402320002 0.41424030447543114 0.4397140598798498
0.29346308806759647 0.1792681216222931 0.0881153328667591 0.4391534574433513
0.32473045429427805 0.23563933427564976 0.35199576027761503 0.08763445115245716
0.016419632617796553 0.3850051350837185 0.261921489649508 0.33665374264897696
0.17657506218074503 0.3303986394657352 0.012000297291177797 0.48102600106234195
0.04800687525579184 0.4388796669117502 0.3278075182719167 0.1853059395605413
0.07410341112811192 0.4862396096756917 0.18240119507267205 0.25725578412352434
0.8712641281594483 0.02157172896344617 0.09420357976876859 0.012960563108336931
0.10620927740561215 0.5221501438346994 0.29619942153437295 0.07544115722531552
0.20255259387324798 0.44340744969850143 0.013641199908847823 0.34039875651940277
0.03612817334874019 0.02609228632672389 0.4526144538263418 0.4851650864981941
0.03660271535828441 0.2958496806373152 0.17566100959906117 0.4918865944053392
0.33579905066597426 0.16361529386783258 0.20933122951628746 0.2912544259499057
0.2791924481917535 0.6094408921809601 0.10785436958550143 0.0035122900417849934
0.26148168759983104 0.36516744303890736 0.09802646891919364 0.27532440044206796
0.10497351672863242 0.45142660421603276 0.08758927731521915 0.3560106017401157
0.15325209485807023 0.5510420609698284 0.17103434020080777 0.12467150397129356
0.021906635516603656 0.14161501905361018 0.5544256522453641 0.28205269318442205
0.28815138688943076 0.35248436665711236 0.17997973522644695 0.17938451122700994
0.19705467318064807 0.5436135898510287 0.17522541686031168 0.08410632010801156
0.15715706738161428 0.2771337622447084 0.10185557134313472 0.4638535990305426
0.5339179786981296 0.21096205926171074 0.1440616975903264 0.11105826444983324
0.1692501120065223 0.1043816778156762 0.03459164445835328 0.6917765657194482
0.053153386524180446 0.16838282271888272 0.4831771887131069 0.29528660204382995
0.2669076737036715 0.017278360605050613 0.40786873240685506 0.3079452332844228
0.29459178070124326 0.1897493991220328 0.30643257634227206 0.20922624383445187
0.039801624668664326 0.15176906189297112 0.5201861698014234 0.28824314363694115
0.3848629380036013 0.0966911966711862 0.4492092309148271 0.06923663441038541
0.02017253919162032 0.05514254187832801 0.5596179026309852 0.36506701629906646
0.11815044354861703 0.7592437238151424 0.1099157893143975 0.012690043321843092
0.19540481327768267 0.3992933994999974 0.09716545203517613 0.3081363351871438
0.16698417971969037 0.6296298988311385 0.08637868071876176 0.11700724073040936
0.1572705992279846 0.16834350930811381 0.22643743848718456 0.44794845297671704
0.14696205667356355 0.36369078344644323 0.32459475591240816 0.16475240396758506
0.4044568433809953 0.19830399255475684 0.34334452436533214 0.053894639698915725
0.0520332684267758 0.7200238894732007 0.06502240549937854 0.16292043660064492
0.37507304759050175 0.5293312868270139 0.06983543166058481 0.025760233921899522
0.22079769537991856 0.37957231381944634 0.36094727746799693 0.038682713332638174
0.1899854038317882 0.14561039995781289 0.09027500005631639 0.5741291961540825
0.04775814006467316 0.25197981058670205 0.4421048401811484 0.2581572091674764
0.028187937149077857 0.6751522742387404 0.2609843867142325 0.035675401897949266
0.25191456943477475 0.25259147134578874 0.12102480623099332 0.3744691529884432
0.33578727466894287 0.30027457822428616 0.1978110446030975 0.16612710250367346
0.12805989759917658 0.18602431016271592 0.04744491796094852 0.638470874277159
0.07097266900659471 0.10271634481964342 0.5745561242198688 0.25175486195389307
0.19187108620050108 0.14866647834816638 0.32900292572425327 0.33045950972707927
0.20036166434185643 0.5621067439538265 0.15717880110980353 0.0803527905945135
0.16056462302817098 0.5553686998766535 0.28214439298335325 0.00192228411182227
0.3328544072157795 0.1066272419987716 0.5099220129465893 0.05059633783885953
0.019557718954164027 0.49757400882086145 0.36321682327636584 0.11965144894860869
0.5581948891824023 0.050116067478536475 0.15730775551110254 0.23438128782795864
0.07480617931496691 0.117429537732604 0.2245239369806915 0.5832403459717376
0.015455289041387044 0.3188706580290812 0.2430729478231557 0.42260110510637605
0.2750863909640534 0.13418997861659854 0.4968983013781345 0.09382532904121355
0.23333153514590332 0.48853879689088286 0.2686720648037261 0.009457603159487737
0.027378133849979447 0.12573394565314688 0.13868787115594639 0.7082000493409273
0.11041557194375995 0.8087608341424696 0.05568675280960256 0.025136841104167917
0.07072328004107664 0.2612469010116236 0.0935961988574251 0.5744336200898746
0.3743764101003907 0.13205117145835044 0.2952800250810832 0.19829239336017568
0.3120296605540721 0.5097792065291399 0.10874437092982925 0.06944676198695876
0.8733206521288618 0.03832852470335313 0.04236255099157904 0.045988272176206046
