79 20 4 53.0932780691914 106.1865561383828
5.50601313706343 5.212606833533036 5.507042730780091 2.3426034890689733 8.382501422374734 3.892276284486741 8.01256597396672 8.335722770913005 1.1332204955323666 3.048217555293667 7.405584178746709 8.390016059498263 8.139929280771616 5.456943870382062 6.045172258930392 5.634376929824458 3.583119958604634 2.6928081757475986 4.069050721652306 3.396784011212003
1.101202627412686 1.0425213667066073 1.1014085461560181 0.4685206978137947 1.6765002844749468 0.7784552568973482 1.6025131947933438 1.667144554182601 0.22664409910647332 0.6096435110587334 1.4811168357493418 1.6780032118996526 1.6279858561543232 1.0913887740764125 1.2090344517860783 1.1268753859648917 0.7166239917209267 0.5385616351495197 0.8138101443304612 0.6793568022424006
0.20280881938498652 0.3184357385524399 0.441899795317618 0.03685564674495556
0.08506933756842283 0.7049554801854327 0.14915754314372487 0.06081763910241955
0.6917685936330435 0.06408328485537784 0.09834925660668647 0.14579886490489213
0.21280323381524213 0.4217774104891465 0.04061771566856409 0.32480164002704726
0.00458459022687685 0.437396536427368 0.34859954469495325 0.20941932865080193
0.004242533523914349 0.21954842260585228 0.4204878278883414 0.355721215981892
0.65536917364675 0.14315535794891565 0.08563325553493051 0.11584221286940388
0.726665196030265 0.07831696194101767 0.15147175117338108 0.04354609085533623
0.6087534493280077 0.0596281791821448 0.2684427814786965 0.06317559001115103
0.5403370323274739 0.114041803803823 0.2733153285236596 0.07230583534504353
0.24736209870064818 0.23228346905875819 0.3620025356158548 0.1583518966247388
0.47618762520078517 0.16148373764470902 0.17574361228103863 0.18658502487346718
0.027090013154109416 0.47175290416410076 0.25115289390411777 0.25000418877767205
0.7104925356695022 0.08637237385527885 0.1495294247465505 0.05360566572866843
0.38565820044484844 0.2147174466450713 0.029271025482336177 0.3703533274277441
0.26327021375988213 0.2010833995315513 0.5125858479162029 0.023060538792363694
0.1367780215464478 0.3499774075753508 0.03790157634039093 0.4753429945378105
0.24822016184578022 0.4185656337161767 0.13619792348468807 0.197016280953355
0.19657789999122866 0.41454004278763956 0.18442827773815085 0.20445377948298094
0.05340391742297246 0.2179083649186383 0.11983347909786768 0.6088542385605216
0.00845287026843422 0.39921470379141044 0.45280670445029114 0.1395257214898642
0.5326463126160471 0.21949745493865402 0.2320797113334867 0.01577652111181216
0.19535249989556558 0.11498545495363222 0.1277498294567576 0.5619122156940446
0.16899291464630273 0.11004663503314338 0.1048435750189548 0.6161168753015991
0.32221451363105724 0.3660119890530442 0.23590757035400556 0.07586592696189298
0.4000460860863845 0.17512957101049154 0.2810663515989764 0.14375799130414757
0.0599098979516014 0.5041878073433824 0.16880938697069803 0.26709290773431815
0.4739631107941299 0.20602051298540314 0.10535956196695273 0.21465681425351424
0.008847423462379878 0.04415705595361774 0.28073079253614286 0.6662647280478595
0.21523186676285588 0.2827413819373883 0.26817416238613057 0.23385258891362526
0.2743611576685989 0.37565135067091604 0.06203906903074208 0.28794842262974296
0.19274148690320825 0.503910186536307 0.2033339409575795 0.10001438560290521
0.0050347147725186 0.2839107437673929 0.07081916886397921 0.6402353725961093
0.23948181033097693 0.29835906975886406 0.07973116786215806 0.38242795204800095
0.6208822152462379 0.028352794980813223 0.04344669610623908 0.3073182936667098
0.2875122348946346 0.06803138948947274 0.48528053615592737 0.15917583945996527
0.49352241061601854 0.33379193261632334 0.08690754981591753 0.0857781069517406
0.4416290443012363 0.010978454023093942 0.07649680766484679 0.470895694010823
0.13524499700781734 0.3998249152811807 0.2766912621843718 0.18823882552663018
0.11425567547659077 0.004244402099015887 0.7353818696687031 0.14611805275569023
