85 20 4 50.29573804673481 100.59147609346962
6.583364330979304 5.580577617808663 3.6842035758285583 6.884188411533362 3.4615588091703993 5.708134705150308 4.359247678893491 4.323507342159129 7.612242412685536 6.837749880807694 9.332170607609392 3.0443332915441097 4.649974783363562 8.953126663606893 2.8801100399967217 2.9240853639171505 3.55096316239917 5.07815955113373 4.038142481657352 1.1056353832251342
1.3166728661958609 1.1161155235617326 0.7368407151657117 1.3768376823066724 0.6923117618340798 1.1416269410300617 0.8718495357786982 0.8647014684318257 1.5224484825371072 1.3675499761615388 1.8664341215218783 0.6088666583088219 0.9299949566727124 1.7906253327213786 0.5760220079993443 0.5848170727834301 0.710192632479834 1.015631910226746 0.8076284963314704 0.22112707664502684
0.3969468728569585 0.32224223778903005 0.11601419523860956 0.16479669411540188
0.36749219960723123 0.16916696120508046 0.06193298134426939 0.4014078578434189
0.22372452950629262 0.015855211950505432 0.1727403646194895 0.5876798939237124
0.258292664417614 0.1613397381340438 0.10451707058456972 0.4758505268637725
0.00163988114286151 0.9765211721642386 0.011425416957051682 0.010413529735848193
0.623441821693624 0.19440714126305447 0.046977406586864334 0.13517363045645714
0.6816976657513556 0.01687113944886387 0.1840782378202419 0.11735295697953863
0.6094352933191975 0.21352535305058984 0.0889621383241953 0.08807721530601731
0.368499092059986 0.006071546617047563 0.4081623478466976 0.21726701347626887
0.5379855975511549 0.020819651893171143 0.03710206378302794 0.404092686772646
0.0941653509822915 0.3149943340455932 0.5517438944363532 0.03909642053576212
0.06053018611847594 0.2827149258360382 0.48812550701924085 0.16862938102624503
0.14607977173094322 0.7360875611619375 0.06086926025172812 0.05696340685539114
0.2437226950629785 0.1946143591473285 0.26341630726120024 0.29824663852849276
0.1966079223238475 0.17384134234327708 0.41457067735305964 0.2149800579798158
0.39964827064113173 0.04669121941752874 0.157287213898339 0.39637329604300053
0.5606681544070187 0.19920691517636158 0.17284220371258652 0.06728272670403324
0.09219302487950909 0.2534344138152834 0.316009047330547 0.33836351397466047
0.29193904174846086 0.12727405423628146 0.1997426581732159 0.3810442458420418
0.24037664941773051 0.10866694869710902 0.0917140238366898 0.5592423780484707
0.3157884855992429 0.18920137075122634 0.18415245380238832 0.31085768984714246
0.03160998225835787 0.1513508682220719 0.5931340886416062 0.22390506087796402
0.30725726207810244 0.3138153106460815 0.005200318184360508 0.37372710909145557
0.09376532194332521 0.12611875071594048 0.6468678884522373 0.133248038888497
0.10036909757312329 0.5033616466160856 0.06700140269721444 0.32926785311357665
0.07962356800939752 0.23215485749999343 0.38709606272749764 0.3011255117631114
0.19280916609810417 0.3521769127229195 0.40951390382004194 0.045500017358934386
0.0896839695388787 0.047836963812310285 0.7236433270759428 0.1388357395728682
0.07773425813959045 0.1439273629951474 0.3113755687722384 0.46696281009302376
0.11247798312700319 0.2951931086958133 0.2688298993081373 0.32349900886904626
0.1313395181528637 0.7927292092035474 0.04934615545930843 0.02658511718428047
0.335996112291177 0.12200739781068315 0.4156075045074171 0.12638898539072274
0.02105608163849859 0.09356664868146025 0.13255630054359369 0.7528209691364475
0.5764502621644098 0.04366400805420112 0.1436329316102899 0.23625279817109923
0.28307331262117086 0.033778434075614316 0.10083492775297576 0.5823133255502391
0.1224551957685045 0.12758259791137094 0.31919612555785415 0.4307660807622704
0.02968835534866432 0.16593222153029175 0.06423502341678067 0.7401443997042633
0.3167420180525774 0.034248993121314686 0.27765156481566866 0.37135742401043925
0.012734960997164757 0.02758089212958892 0.15746414012227417 0.8022200067509722
0.1329278267554579 0.11865833260893155 0.5768963919805749 0.1715174486550357
