58 70 4 190.72892542685454 381.45785085370915
4.285950247204245 5.060853243040041 5.464543138910106 1.6805985993562325 6.145854240949488 3.6067060519656273 3.779240129095823 4.3738854985469855 8.342710069879129 9.719512243365816 8.09993097248023 4.426136444378569 2.4644459470403417 5.926489090572676 8.019466110333443 3.7003933606021504 6.875526592900989 3.6684912691597042 1.2936633796624233 9.538797193716821 2.374678692418283 3.509981151471286 6.170570644836414 5.984972826419963 1.7151378891353266 2.483131369809502 7.548066668835 2.1069983855849124 4.306484536293279 1.128371578819094 5.645087833798616 3.1626694784507494 5.550142047202594 4.342433591070812 4.336590856814192 4.822597335732367 6.207537479484383 6.3972190255196235 5.880344292996898 8.594663247928109 3.559245153700463 1.74485484098178 6.92503735858805 2.9876086413635665 8.418076264808217 4.576938127170532 7.078546091122522 9.175355920086448 7.149785536388647 9.471285298261112 9.743614659159338 6.200742668748335 9.906038720685617 3.4069367001375417 6.027373295795908 1.11575655647608 7.7395647130797425 8.93762544476982 1.1757102635820302 3.892591729223033 1.2405088829521138 8.0550007790955 6.335364582434159 6.096968576269441 9.11617261652981 6.233978384464723 8.155576686654111 6.340846463604706 7.153543697688028 4.75632944410564
0.8571900494408491 1.0121706486080082 1.092908627782021 0.3361197198712465 1.2291708481898975 0.7213412103931255 0.7558480258191647 0.8747770997093971 1.6685420139758258 1.9439024486731633 1.619986194496046 0.8852272888757138 0.49288918940806836 1.185297818114535 1.6038932220666886 0.7400786721204301 1.3751053185801978 0.7336982538319409 0.25873267593248467 1.9077594387433643 0.4749357384836566 0.7019962302942572 1.2341141289672828 1.1969945652839926 0.34302757782706533 0.4966262739619004 1.5096133337670001 0.42139967711698245 0.8612969072586558 0.2256743157638188 1.1290175667597233 0.6325338956901498 1.1100284094405188 0.8684867182141623 0.8673181713628384 0.9645194671464734 1.2415074958968766 1.2794438051039247 1.1760688585993795 1.7189326495856219 0.7118490307400925 0.348970968196356 1.38500747171761 0.5975217282727133 1.6836152529616435 0.9153876254341065 1.4157092182245044 1.8350711840172895 1.4299571072777293 1.8942570596522224 1.9487229318318675 1.240148533749667 1.9812077441371234 0.6813873400275083 1.2054746591591816 0.223151311295216 1.5479129426159486 1.787525088953964 0.23514205271640604 0.7785183458446066 0.24810177659042276 1.6110001558191 1.2670729164868317 1.2193937152538883 1.823234523305962 1.2467956768929445 1.6311153373308223 1.2681692927209411 1.4307087395376057 0.9512658888211281
0.2272642455964723 0.0928747500878504 0.18972576548613107 0.49013523882954624
0.656064638601271 0.1017406623491025 0.15167102965138457 0.09052366939824197
0.043254626485143555 0.6180469727908685 0.04990816038055479 0.28879024034343315
0.14484819856710662 0.25718514115084534 0.565791947857463 0.03217471242458503
0.013077797949059389 0.7193039155388253 0.1632089047777463 0.10440938173436898
0.2065832323107859 0.18654100422618924 0.3853954844895462 0.22148027897347866
0.13088153716354956 0.31356125972859206 0.25935733892624324 0.29619986418161515
0.4584893254042859 0.06744071015874231 0.31652562223115466 0.15754434220581714
0.5518723540839358 0.23625442843421374 0.18007999298760224 0.03179322449424826
0.06850929791416993 0.7375479900675384 0.09049277931440391 0.1034499327038878
0.08881795606246179 0.47145893959357243 0.18561357352431784 0.25410953081964793
0.109827314823014 0.8151498962700053 0.06259683225598978 0.012425956650990888
0.3417847153949394 0.2780990629657675 0.2907762618112585 0.08933995982803467
0.4191243283463809 0.3511605954031569 0.149761688518796 0.07995338773166616
0.687960213647061 0.013664131783126532 0.057073670139959565 0.24130198442985296
0.2216408566705239 0.2973871341770771 0.030688777249602173 0.45028323190279684
0.306392563858085 0.3695211328122089 0.06170499395857476 0.26238130937113135
0.39472876543834345 0.07638619790154355 0.153684961041042 0.375200075619071
0.02778964759389002 0.052311208975661216 0.01880383686515541 0.9010953065652934
0.10153516954652575 0.20366553122313258 0.4008809619071204 0.29391833732322126
0.14436744306745597 0.0687751108604634 0.08110231854954475 0.7057551275225359
0.1820594394625077 0.3796005103371618 0.23303473851762968 0.20530531168270083
0.039993755006489495 0.08232369210152124 0.495939004419819 0.3817435484721703
0.4015222896478545 0.21629939024642064 0.24627946488623909 0.13589885521948575
0.0803899819601317 0.2693484616115319 0.22743400978774075 0.42282754664059563
0.259153391823408 0.3813574993182981 0.19296737484059867 0.1665217340176952
0.0761162810800049 0.4551416417621319 0.1654034179435515 0.3033386592143117
0.11184788818375602 0.3412179490939875 0.32477704097151083 0.22215712175074565
0.1885653021594894 0.6924220298027578 0.043202369791422224 0.07581029824633057
0.032630745659982585 0.587561249435394 0.27854755452489355 0.10126045037972986
0.19710149329851578 0.3009581543590236 0.49895723228071387 0.0029831200617467246
0.024939241302277204 0.3966149520183573 0.07051653114180811 0.5079292755375574
0.3184191344572125 0.23182357397625153 0.025691509272086077 0.4240657822944499
0.17108611767227933 0.40097664951433665 0.2751747159810044 0.15276251683237962
0.43169212656285194 0.49848146487880973 0.029003093357364507 0.04082331520097382
0.09220313098727817 0.2256338956201024 0.11902567734679059 0.5631372960458289
0.008613837738724928 0.17499044550915632 0.6199679958574748 0.196427720894644
0.11000184880799613 0.3614461163499251 0.3843797718284061 0.1441722630136727
0.12560422056711773 0.40261802806949987 0.1319573654614209 0.3398203859019615
0.04861413952965421 0.7250766897530253 0.19933072041847655 0.026978450298843937
0.3219105816583522 0.19182882360447318 0.3003263014331191 0.18593429330405553
0.0742301042530581 0.4666078412807735 0.025438658297263883 0.43372339616890454
0.25184243028209863 0.18048571221072718 0.40546649439226046 0.16220536311491374
0.15737256368450636 0.18322586874202407 0.599873120047585 0.0595284475258846
0.1514026756124056 0.0768444522687114 0.7432331925921957 0.028519679526687325
0.062366854451980425 0.06201482129953384 0.16953606176785618 0.7060822624806296
0.2413411458590371 0.021138110339994354 0.20216114211779945 0.5353596016831691
0.33984063268690756 0.0005363336429894394 0.38111083081552843 0.27851220285457456
0.23625274440958377 0.285812905532115 0.3272406590975636 0.1506936909607376
0.1728045855785364 0.06861307870763345 0.6751319721636434 0.08345036355018676
0.02000435376476961 0.3842657312920643 0.38776257877198483 0.20796733617118124
0.14872136960860538 0.8077901937644243 0.037628708718503545 0.005859727908466783
0.04836513557303268 0.5201307187727294 0.09684073975971652 0.33466340589452137
0.03973929231616735 0.320817099237361 0.2878634018631211 0.35158020658335054
0.4191476252940166 0.12383070610601976 0.14947847686882154 0.3075431917311421
0.10666273774068469 0.3080620016343729 0.0262833368378369 0.5589919237871055
0.20640005100507786 0.11137989342675758 0.6808810317141542 0.0013390238540104127
0.07963537511537433 0.28387254888665614 0.3706165100870791 0.26587556591089045
0.21504979890264597 0.13699393368072776 0.14483506719605987 0.5031212002205664
0.4766723433638197 0.25412235756936385 0.25074047510543296 0.018464823961383492
0.08704578028116616 0.3230323483232266 0.5703094996320113 0.01961237176359598
0.03791297724661902 0.001322866646535914 0.47675989869699 0.4840042574098551
0.25455380535078054 0.4116840558692545 0.3010814073163762 0.03268073146358874
0.146268106729168 0.41269991444829757 0.2729048269342156 0.16812715188831884
0.19437236673231206 0.2540435693372164 0.40557576433242426 0.1460082995980473
0.2883134969757689 0.32288182675437194 0.31857173717169085 0.0702329390981683
0.21483462475232273 0.5314828935080981 0.02545380239201611 0.22822867934756308
0.07295138665507017 0.4127209478973779 0.22311407397884775 0.2912135914687042
0.477059286573435 0.22057317613730476 0.1942493114572721 0.10811822583198816
0.1871552643147386 0.2511054443077312 0.3665841102908002 0.19515518108673002
0.10295144450078453 0.18137349423521887 0.5880113734440395 0.12766368781995707
0.06463408079257549 0.5057275574379242 0.37016226908228556 0.059476092687214765
0.053321994278267226 0.2872141135599403 0.20751060979002456 0.4519532823717679
0.08354141602970644 0.3326512126383565 0.19364231905481144 0.3901650522771256
0.12823408494136102 0.0509895036208029 0.04025752161177487 0.7805188898260612
0.06993689982266416 0.20725085526305087 0.5914256479310654 0.13138659698321953
0.06331719542470648 0.06319179614231984 0.5904382089544435 0.2830527994785301
0.6151328864024215 0.30663431776953953 0.01554512009314446 0.06268767573489453
0.01087047835302668 0.11665982391281504 0.870968807854957 0.0015008898792012726
0.3297976336059891 0.30247997692131756 0.07986937882552791 0.2878530106471654
0.21542024864515907 0.08993261025167043 0.007386047639861171 0.6872610934633093
0.20672631726173107 0.07378041721579554 0.07856754763781393 0.6409257178846595
0.017440138610337774 0.4500629030405936 0.26753065064793313 0.2649663077011355
0.25349543304777356 0.32664129569022615 0.32943323388413304 0.09043003737786726
0.3369688014394495 0.4888076903037487 0.06494301413548054 0.10928049412132124
0.6608451462796076 0.19648143825012387 0.04084044647340246 0.10183296899686611
0.09959776466548043 0.2104909593139046 0.03762915826514379 0.6522821177554712
0.052898133896164046 0.5966095958363642 0.020598111268052888 0.3298941589994189
0.04133771357373295 0.16578715326929505 0.43591274088547327 0.35696239227149873
0.061537741085971875 0.056694523942134145 0.676611684653308 0.20515605031858597
0.4226870072784531 0.09294066966641046 0.40407692244194393 0.08029540061319251
0.44298905948957934 0.321565085558146 0.0441300397464881 0.19131581520578655
0.00174259113006614 0.6780753783339948 0.14557140575427074 0.17461062478166833
0.1583600884970111 0.6852806376141489 0.10363134057119894 0.05272793331764103
0.30866987598898155 0.1835040359844332 0.010577916603945914 0.49724817142263933
0.031113022038775195 0.3460920316678904 0.5226778476840495 0.10011709860928497
0.14626396463982405 0.15686066925182474 0.13939327399857226 0.557482092109779
0.07676722784389878 0.021971116626345433 0.06774150786132382 0.833520147668432
0.32786785494626003 0.08921102170116335 0.33121695548413344 0.2517041678684432
0.2140608743763165 0.344831802166771 0.32764455984523977 0.11346276361167273
0.052432972434031666 0.17945419508388538 0.12900788211040448 0.6391049503716785
0.03863879758875677 0.7155574408319064 0.09847429248299644 0.14732946909634037
0.053801092143879514 0.14951382753807363 0.5717992460486274 0.22488583426941944
0.47716976915414155 0.04183854740557702 0.13486035940917374 0.3461313240311077
0.3307827130791646 0.14362343893262552 0.14882693366630295 0.3767669143219069
0.06718481324498626 0.39715002869233407 0.3323240410266438 0.20334111703603586
0.5348282629211669 0.05289792007913119 0.40175475554706097 0.010519061452640921
0.005002479382960057 0.41892236103884384 0.1806285573962808 0.3954466021819153
0.17354490750059892 0.710837666343851 0.018832324052458493 0.09678510210309155
0.2052217349504809 0.7026667114512416 0.01102245012032499 0.0810891034779525
0.020948863145524244 0.13199541145243743 0.21041174938755525 0.6366439760144831
0.16394986232981223 0.11938467770587924 0.1037208113475162 0.6129446486167923
0.037303866448964995 0.10177364714893455 0.6487108815448464 0.2122116048572541
0.5535271086447427 0.38526010702554647 0.053586091786265944 0.007626692543444835
0.2701175565609386 0.388541707494077 0.34055916504915906 0.000781570895825312
0.3230495191583883 0.09128622560076294 0.46591615522916097 0.11974810001168779
0.2549917352890442 0.1676687256087197 0.24330537923439033 0.3340341598678458
0.3051613332195203 0.22417529837968353 0.4130406711418674 0.05762269725892877
0.012817079546836418 0.4381630936426748 0.48424514523072015 0.06477468157976862
0.2353565939308776 0.1817255951540987 0.3066990960999666 0.2762187148150571
0.09773741134456415 0.14951103272713617 0.5559081907652822 0.19684336516301748
0.12879428538504334 0.05848688626073584 0.13890837493722885 0.673810453416992
0.11073486528432841 0.692172945842112 0.09941669174375567 0.09767549712980395
0.25678509207782274 0.3065200717735337 0.4108609705576274 0.025833865591016192
0.6978211430598615 0.09172955673734018 0.04180364476249987 0.16864565544029841
0.2841931234286823 0.2652478130469168 0.2037737023720798 0.24678536115232108
0.23484713314997874 0.22292107680176865 0.10278907106326807 0.43944271898498455
0.19227725675691232 0.5726444791670732 0.13969779224453482 0.09538047183147969
0.011194193567789057 0.023095734001203128 0.28908195640165824 0.6766281160293496
0.023489979975232944 0.35511050048490245 0.455315313258694 0.1660842062811706
0.19916368796160688 0.14576062461611483 0.4615454352973444 0.1935302521249339
0.6480039543172404 0.06406084496822839 0.05468135229697524 0.23325384841755592
0.10492471681368465 0.16987194787787352 0.4368698435330799 0.28833349177536194
0.057678950591610434 0.13895327556794967 0.7644653369271985 0.038902436913241356
0.45568877079061576 0.0796094481739118 0.3367522991165506 0.12794948191892186
0.03715683863702568 0.13617551931193173 0.5824532179500808 0.24421442410096184
0.5665330167690328 0.027250437018529472 0.3583640967689623 0.04785244944347544
0.30954925096098396 0.3002037905756346 0.010175456836435615 0.3800715016269458
0.17103066732033212 0.4345995374968199 0.16694927041316254 0.22742052476968544
0.2579790208189019 0.15481330188089848 0.4512407601901284 0.13596691711007125
