15 10 4 19.494725004643264 38.98945000928653
8.639359275417208 2.610063324288986 1.4892689287578829 4.253846014794006 3.478608357457708 5.770002024058828 3.753270241623244 3.740269232387288 2.0056714855803524 3.2490911249210304
1.7278718550834415 0.5220126648577972 0.29785378575157656 0.8507692029588012 0.6957216714915415 1.1540004048117656 0.7506540483246489 0.7480538464774577 0.40113429711607046 0.649818224984206
0.7177736874735561 0.08930579477181966 0.11055041559118672 0.08237010216343754
0.03942231175749811 0.12782071969894737 0.8313003712707265 0.0014565972728279863
0.10944664834182993 0.40026865747582474 0.250794968111295 0.23948972607105035
0.14155525990080142 0.15744339659944406 0.3666288813246089 0.3343724621751456
0.39042032609654065 0.029561494000832744 0.20303679923718698 0.3769813806654396
0.029158960905142917 0.049171947727945975 0.0013351967568089318 0.9203338946101022
0.13263431774446122 0.506855110569418 0.3351172074056675 0.025393364280453246
0.1954248232131871 0.15567403405399383 0.4407006441022938 0.20820049863052525
0.2688283012582403 0.1025042645095845 0.3561899828100875 0.2724774514220877
0.42529029529235085 0.09520617951739019 0.30335263364666976 0.1761508915435892
0.21055058265882798 0.053596270594545636 0.6015681809367804 0.13428496580984595
0.04670639168207169 0.15352441809340123 0.1725561685524153 0.6272130216721118
0.46509316076483553 0.008381281918325656 0.4715639745072815 0.05496158280955732
0.364328800568146 0.17341641885069004 0.0006035427380896019 0.4616512378430744
0.40324243401016224 0.0029470884623292726 0.2365353627727198 0.3572751147547887
0.056831201412083754 0.4426612183170002 0.1961853909100436 0.3043221893608724
0.030755633545785144 0.2990102988258062 0.11623221514802118 0.5540018524803875
0.4438745891254291 0.24017162318798035 0.0869899010258588 0.22896388666073175
0.023904422054516594 0.07382645760134665 0.3617135456798525 0.5405555746642843
0.45187126344277295 0.15160179386848194 0.08109598559225928 0.31543095709648583
