71 60 4 167.6928498099477 335.3856996198954
2.670177473366854 4.47939372737863 8.487065787734528 2.7882770413589397 9.249021693095425 8.094796305746044 7.503438559418536 9.961250687780183 8.60834928328903 3.1035393119991315 3.9017298864573897 7.449904065330275 1.9254916031265643 6.400816138502858 2.2263750813362795 9.093284947605001 3.214065732686359 9.582369911470096 8.094614886040596 4.906848608745898 3.2916299683296066 4.344657801817731 6.124663814394537 3.58805178847809 8.73488105481827 9.339609635247166 1.3375222229660941 3.9167408256526235 4.040575725382795 6.643977805809383 1.67934674599184 3.0387011465825378 9.28633095009477 3.2830900308221516 8.89238229511421 3.6174705532860534 3.1260292128204967 2.6642397497837056 2.2349517658694644 5.347850613090662 7.576232377114181 7.914389566847469 3.7881571326570493 7.254976582636597 9.549544485068262 5.767888136539317 4.7743649726289945 6.083584184014599 7.9455027391118085 4.917246782934846 7.404292600926618 7.290327987606761 2.4338593950564857 1.1239874723452266 8.714985382667972 5.954568279691441 1.7135169061030644 5.845983142918019 3.2784045258680137 9.78037252833778
0.5340354946733707 0.895878745475726 1.6974131575469056 0.557655408271788 1.849804338619085 1.6189592611492087 1.5006877118837072 1.9922501375560366 1.721669856657806 0.6207078623998263 0.7803459772914779 1.489980813066055 0.38509832062531285 1.2801632277005717 0.4452750162672559 1.8186569895210003 0.6428131465372717 1.916473982294019 1.618922977208119 0.9813697217491797 0.6583259936659214 0.8689315603635462 1.2249327628789073 0.717610357695618 1.7469762109636542 1.8679219270494332 0.2675044445932188 0.7833481651305247 0.808115145076559 1.3287955611618767 0.33586934919836803 0.6077402293165075 1.857266190018954 0.6566180061644303 1.778476459022842 0.7234941106572107 0.6252058425640994 0.5328479499567411 0.4469903531738929 1.0695701226181324 1.515246475422836 1.582877913369494 0.7576314265314099 1.4509953165273193 1.9099088970136524 1.1535776273078633 0.9548729945257989 1.2167168368029198 1.5891005478223617 0.9834493565869693 1.4808585201853235 1.4580655975213523 0.48677187901129715 0.22479749446904532 1.7429970765335945 1.1909136559382882 0.3427033812206129 1.1691966285836037 0.6556809051736028 1.9560745056675561
0.22256042299483692 0.0440618993714158 0.18279320677180477 0.5505844708619425
0.3649652479788772 0.5272645870854719 0.0723634963527916 0.035406668582859346
0.35708775803115733 0.5026098951572208 0.08085884635373775 0.05944350045788416
0.2735942557731593 0.46952885935644306 0.23916991581922908 0.01770696905116853
0.14035695943246929 0.6539107028797636 0.03688197932413073 0.16885035836363638
0.7664833518138289 0.036972610463078315 0.06523959371321564 0.13130444400987717
0.5389955461100301 0.15130908459980164 0.15864112046433665 0.15105424882583163
0.09555949648247752 0.5088139971470756 0.17079269339791125 0.22483381297253557
0.18681716568218643 0.21187268604664167 0.06902087161108916 0.5322892766600827
0.19652400481718024 0.16858202245138254 0.36657051575517363 0.2683234569762636
0.25480478851709576 0.13222909857148835 0.1963279248881865 0.4166381880232294
0.19465607725825929 0.3059100757329377 0.017915315685438138 0.48151853132336486
0.13828317810310353 0.47960642742447646 0.16449042529002456 0.21761996918239546
0.40779025990643347 0.040526360558823415 0.31748358274078503 0.23419979679395808
0.1431376454253337 0.014518125276529847 0.3225802097136532 0.5197640195844833
0.29238251378569813 0.15527902396067872 0.5512422212667978 0.0010962409868253697
0.024298904357968443 0.33380692756153907 0.12463997053155218 0.5172541975489403
0.0688681896097516 0.7125128832170374 0.08199457491182216 0.1366243522613888
0.4847104516518015 0.23928405316429346 0.2008151357444835 0.07519035943942154
0.3059354872794532 0.4478678891894071 0.2382217466789367 0.007974876852202994
0.5732983123334657 0.2085624234398591 0.024865058535788687 0.1932742056908865
0.3695627506418979 0.16376456606007428 0.38672063394796474 0.07995204935006306
0.1891224389469246 0.5312832683440737 0.12520696551588673 0.154387327193115
0.05546044457228749 0.023027654758283833 0.7110568627584262 0.2104550379110025
0.006282861512538207 0.13291661104676045 0.10013828734179853 0.7606622400989028
0.3737380080057582 0.009724278102700046 0.3822781528416115 0.2342595610499303
0.12738551711093604 0.812999735478176 0.024880742455279603 0.0347340049556083
0.009945759601361681 0.7082020003473772 0.09341395139100783 0.18843828866025325
0.2426988571135592 0.40003108161356626 0.03779014484960208 0.31947991642327245
0.06904706722557585 0.30678141842428397 0.011393379150079985 0.6127781352000602
0.14000546588245633 0.3269462474618867 0.15254097322480842 0.38050731343084854
0.44724224870562734 0.049746654301737525 0.04636106964333231 0.4566500273493028
0.06157509903375069 0.8618125598698031 0.04866265731127695 0.027949683785169266
0.2880185928636477 0.050626211115775144 0.500836055061718 0.1605191409588591
0.07611023081332635 0.4986681058293738 0.378737928733495 0.04648373462380484
0.8385107422707124 0.03923403155706651 0.07040728400793195 0.05184794216428912
0.020074104992482744 0.661227662076402 0.2783466510896002 0.040351581841514994
0.10828952488322352 0.028759324859026547 0.33263760394918584 0.5303135463085641
0.5328128101456313 0.04449546721911879 0.4082215611418696 0.014470161493380318
0.23910061089080215 0.05568803783671672 0.4154669634914586 0.2897443877810225
0.010411070962279112 0.7251995737754023 0.07091595730119526 0.19347339796112328
0.2183747002282047 0.3210447800271923 0.1398499462011925 0.3207305735434105
0.37653276103250055 0.25410184733378915 0.16346877849141606 0.20589661314229424
0.20929096825535465 0.027352389439715408 0.48576600467447606 0.2775906376304539
0.8186569136269676 0.033053834118478176 0.07317048762725109 0.07511876462730316
0.006989441817608966 0.8265870086167671 0.13206675050388406 0.03435679906173983
0.0629835201785316 0.5140843489404215 0.08783163369940239 0.3351004971816445
0.21154788205899122 0.009944984342576846 0.6063328655643295 0.1721742680341024
0.1282984642099051 0.09576009982451428 0.29797055997126076 0.47797087599431987
0.6669135433353377 0.09315494828872939 0.08346360869227754 0.15646789968365538
0.2525509411859481 0.2544132511684928 0.35569134990260187 0.13734445774295723
0.36269879939282823 0.13944268563797502 0.14074041659797087 0.3571180983712259
0.2600983279819751 0.26689272829172284 0.003529957875858414 0.4694789858504437
0.12245346415498948 0.1503377231119386 0.5294997118281413 0.19770910090493066
0.4777294255005955 0.036445101381722744 0.4153027805829136 0.07052269253476817
0.5559862355244182 0.1223000385977675 0.11127856655502888 0.21043515932278545
0.5365407010700164 0.18488086654554425 0.23866753268020768 0.03991089970423167
0.15429259082530888 0.3119452744095219 0.33681013663224235 0.19695199813292685
0.48827258400266116 0.21191731766602773 0.18301600743826618 0.11679409089304493
0.4221475650913358 0.33066695518089895 0.04846230586799283 0.19872317385977245
0.14744345966989247 0.46618876819975164 0.35803893617497595 0.02832883595537994
0.11504425234136706 0.007695801759277976 0.44535268745984635 0.4319072584395086
0.19228086580854764 0.044027356722057265 0.42116889029933613 0.34252288717005897
0.3002799385965972 0.3151295614751003 0.21976936075364661 0.1648211391746559
0.42734206757533155 0.2997102518790189 0.07895650727782844 0.19399117326782112
0.1564969165656349 0.3838098841576627 0.2552491570227188 0.2044440422539836
0.07662576448073122 0.6055933749505457 0.07119247134502504 0.24658838922369808
0.015887579297748644 0.644305842639859 0.07029311444784025 0.2695134636145521
0.2940825946511658 0.5560213222328929 0.13042035303538124 0.019475730080560028
0.14463136734874604 0.6465935555104669 0.016588105228057648 0.19218697191272938
0.4579513539268951 0.04630404465798421 0.298207183646234 0.19753741776888667
0.05736544960643486 0.25092113700760743 0.4580757380678212 0.2336376753181365
0.10017915519815968 0.7063276313123833 0.07284306873140312 0.12065014475805391
0.2597830573522183 0.08688799814148562 0.10023528014944305 0.553093664356853
0.03496601142728906 0.05847847789650196 0.5072932579034514 0.3992622527727576
0.006788540305981083 0.4949629268384783 0.3030152938023031 0.19523323905323753
0.5816086863029722 0.0361179787664776 0.3356878009133547 0.04658553401719545
0.05314603680398633 0.03802833737476197 0.4698896873868197 0.438935938434432
0.3254235658301954 0.19090338969319942 0.4813623931739336 0.002310651302671607
0.2762935852018974 0.422270500290008 0.004391815076945527 0.29704409943114907
0.3534210669806055 0.07207982059862816 0.0607145557385016 0.5137845566822647
0.024025817405461503 0.4541650044332506 0.25307242776277616 0.26873675039851175
0.17806318901280105 0.2844910946011592 0.2711997116420043 0.2662460047440355
0.38409500909952654 0.3117194493447166 0.3021603032744613 0.002025238281295527
0.2996485081328998 0.2722920534055786 0.20218783722489553 0.22587160123662609
0.1342191223166923 0.165787928431137 0.0403294772172299 0.6596634720349408
0.17371039372883312 0.48547165145473403 0.19160398031009762 0.14921397450633522
0.24396023978921022 0.4240160955991349 0.30182796295652525 0.030195701655129636
0.27906098209008734 0.28875037545943205 0.2223412499880737 0.2098473924624069
0.49635271307944306 0.12910188658959065 0.025128719068701955 0.34941668126226433
0.5799830358660198 0.17747513591257946 0.201744921063573 0.04079690715782769
0.20411171355593727 0.08766448393861082 0.23863508833522173 0.4695887141702302
0.027111796941622024 0.12303701835276581 0.691994870494092 0.15785631421152013
0.21233817765298213 0.43017054754773554 0.10326583076191265 0.2542254440373697
0.45374660778184306 0.15682152986447795 0.24202596939628074 0.14740589295739825
0.028666834791846618 0.17716239905108855 0.23631316078361364 0.5578576053734512
0.4512649236257361 0.11993650995534011 0.28781488583212234 0.14098368058680144
0.0008077679609105326 0.10753146352649001 0.7193496241077684 0.17231114440483108
0.29392983046566323 0.44709543955474096 0.06231001857577123 0.19666471140382458
0.20912377027842732 0.017191716106438437 0.07499499109267227 0.698689522522462
0.2545135483115568 0.08303535074702928 0.3276376721130966 0.3348134288283173
0.3332058363684819 0.13463522991792354 0.0977858119660896 0.434373121747505
0.6655342846754405 0.11792448901082486 0.15167218399531068 0.06486904231842394
0.12773390080595104 0.5039585441993782 0.09439344399665006 0.27391411099802065
0.31097873489571304 0.23276795973243924 0.09359881862782515 0.36265448674402256
0.022344838084923935 0.408038514351854 0.4252352038693874 0.14438144369383465
0.061132922357823416 0.7394055771921152 0.054216570402988884 0.1452449300470725
0.28566337966423694 0.5690035961120977 0.028988503546154676 0.11634452067751067
0.1869360828954142 0.0524036473708005 0.3333798378232331 0.4272804319105522
0.190783504787701 0.006110643475639166 0.06877320574983725 0.7343326459868226
0.3115060996482055 0.3079915044505396 0.1442858636575901 0.2362165322436648
0.0016403547919680017 0.6561922972342323 0.06548128387779795 0.2766860640960017
0.0494938200766224 0.642449518049412 0.1830762290258865 0.12498043284807914
0.4107419654052802 0.11394423670853515 0.277994473778278 0.19731932410790665
0.3288235701329004 0.4967942680085222 0.09864736844468291 0.07573479341389444
0.4442417251573956 0.07269025455201239 0.1723054817994234 0.31076253849116864
0.21484031494149125 0.06647028885040707 0.4987810693911039 0.2199083268169978
0.33807610184002534 0.11859523852734899 0.07383381054761684 0.4694948490850088
0.2931890883265328 0.3751844449856492 0.01776473162943404 0.313861735058384
0.3464475979357491 0.3309431752786304 0.242341782222376 0.08026744456324453
