45 60 4 155.85886538419092 311.7177307683818
9.9011036212804 5.945902541602529 3.5330257175955655 1.6956060947125544 5.000225463746228 5.255271727799368 1.4366980081580127 2.4699200338744007 2.0435564034815 6.646525144339834 8.70563843736062 6.850921789787973 9.916495162820201 5.2331567356340685 6.564650352106224 3.5440048587805064 9.784029842357874 7.057611992185077 4.9647779989709 3.6071860622688536 5.587297156424271 2.0121480621639516 3.0425931040805727 5.306970741955252 3.1848234110210174 4.491842658464503 8.36986084808839 1.6708670664539196 9.308345851249022 3.024064738085121 7.357343361471965 1.9950891109526014 6.409037111708677 4.661132842794643 8.531465053888507 3.250273850595632 5.119641923145819 6.016894324138682 3.2675517981239968 1.9921719003915923 7.539734766772217 3.7906654376460014 8.431785689474848 5.064998739818982 1.8472503619044325 8.984829138488756 7.675787151645486 2.097390478913191 8.70282164515266 1.6024444406951446 2.6555678727177723 2.549501355757883 9.30050179711989 6.996992241011208 3.2955107980312297 3.2618462755406648 9.856329085344026 7.1091583689907365 4.6213415556011626 1.5775506636948318
1.98022072425608 1.1891805083205058 0.7066051435191131 0.3391212189425109 1.0000450927492455 1.0510543455598735 0.28733960163160255 0.49398400677488014 0.4087112806963 1.3293050288679669 1.7411276874721238 1.3701843579575947 1.9832990325640403 1.0466313471268136 1.3129300704212448 0.7088009717561012 1.9568059684715748 1.4115223984370153 0.9929555997941801 0.7214372124537707 1.1174594312848543 0.4024296124327903 0.6085186208161145 1.0613941483910503 0.6369646822042034 0.8983685316929005 1.673972169617678 0.3341734132907839 1.8616691702498045 0.6048129476170242 1.471468672294393 0.3990178221905203 1.2818074223417353 0.9322265685589286 1.7062930107777015 0.6500547701191264 1.0239283846291638 1.2033788648277364 0.6535103596247993 0.39843438007831844 1.5079469533544434 0.7581330875292003 1.6863571378949698 1.0129997479637964 0.3694500723808865 1.7969658276977512 1.5351574303290971 0.4194780957826382 1.7405643290305322 0.3204888881390289 0.5311135745435545 0.5099002711515765 1.8601003594239782 1.3993984482022417 0.659102159606246 0.6523692551081329 1.971265817068805 1.4218316737981473 0.9242683111202326 0.31551013273896633
0.3225899537209548 0.12128417236247169 0.2801382447864197 0.27598762913015384
0.14019181542772763 0.04755391272320186 0.30401742888109295 0.5082368429679776
0.30491329572436365 0.5749002307760112 0.060491106930248284 0.059695366569376906
0.03941980288626623 0.0248123685536612 0.7755403178195541 0.16022751074051844
0.25263224568082887 0.6882454835598995 0.04703791358073717 0.01208435717853451
0.2372215788455453 0.3670166238017809 0.08048448549182441 0.3152773118608494
0.5237494966813177 0.19900571055871974 0.11803719283544611 0.1592075999245165
0.04442158058212842 0.5265641262930728 0.4190213884957106 0.009992904629088195
0.030473341519351438 0.4427740074218701 0.49414152561132174 0.0326111254474567
0.07445300675121813 0.11006839655495015 0.05178870174398986 0.7636898949498419
0.07036985367114024 0.07728300954979406 0.5898959059163964 0.2624512308626693
0.5346123521023269 0.39481153409836933 0.035378014386926004 0.035198099412377726
0.31738832906629 0.33791388947374756 0.15449491205425459 0.19020286940570785
0.30903249402955024 0.07963137394530184 0.48159332715211123 0.1297428048730367
0.1517106503440303 0.25927363759969846 0.19150542593458497 0.39751028612168626
0.2025824851018787 0.03109172320565945 0.18549577339124634 0.5808300183012155
0.39023364997316157 0.3385788478770956 0.09401453258558168 0.17717296956416118
0.0951198285526551 0.06864457755051112 0.1494527273487174 0.6867828665481164
0.4458548735203173 0.10000774575874172 0.002980353355301446 0.45115702736563956
0.12543415040740347 0.7517669978745709 0.09503355550606574 0.02776529621195989
0.3531409204404511 0.5537586207175694 0.07868413744606984 0.014416321395909648
0.05504379602223486 0.22215708732637918 0.13873107306632293 0.584068043585063
0.10431775641310781 0.3311945085288688 0.45174045315637945 0.11274728190164396
0.3810573736781755 0.27875538736659744 0.026335399547798843 0.3138518394074282
0.5440263175004111 0.2996141466007912 0.04734368721966098 0.10901584867913672
0.30401828157870536 0.054883202309678025 0.4403793956418658 0.20071912046975082
0.4035604768232044 0.2422911454850929 0.2854251911873924 0.06872318650431031
0.08764698750893873 0.2598518262143712 0.47657219043316057 0.1759289958435295
0.37051211495154457 0.46659616404231774 0.11778781084963075 0.04510391015650694
0.7272713391330065 0.15048154846829875 0.04539350712128021 0.07685360527741458
0.7267414758828553 0.12350201031210362 0.12618879070426803 0.02356772310077304
0.38546896745722814 0.016044846847368732 0.33490099510450333 0.2635851905908998
0.03143591821773073 0.5631429028762964 0.1765985597143137 0.22882261919165914
0.23584306680715827 0.04934525871965101 0.493723160520959 0.22108851395223172
0.195168349136833 0.26162711111772763 0.2730010186775764 0.27020352106786294
0.1721147210951368 0.256040469879246 0.38602510693704806 0.18581970208856913
0.0212937590674126 0.23418351920822755 0.05168419989036277 0.6928385218339971
0.4408910429721735 0.03888871360924928 0.08718185215543517 0.43303839126314203
0.08629635265872171 0.31102079237543867 0.5564480414307386 0.04623481353510106
0.5516686454541706 0.17906303832926962 0.06944209600236906 0.19982622021419072
0.08880626551940107 0.24097381368241177 0.15259333714111 0.5176265836570771
0.044396975656120885 0.14221833163777742 0.46769074422575607 0.3456939484803456
0.2610887995132456 0.18342455451737083 0.06264672382800407 0.4928399221413795
0.5231087713657611 0.010488361997560758 0.41573608044871924 0.050666786187958945
0.21967795603794382 0.07968710400111945 0.688959035639872 0.01167590432106469
0.06670102141056655 0.49802645269412027 0.2474699212574134 0.18780260463789977
0.13054982916411617 0.15108796281819747 0.620748829763974 0.0976133782537123
0.12414789989190056 0.17980128828579056 0.008418332862650257 0.6876324789596586
0.152725566284017 0.2283080105486125 0.0651847350109217 0.5537816881564488
0.01067578360211352 0.39889515910437345 0.2552182875399699 0.33521076975354314
0.34862424839660777 0.23450317809373522 0.3503893288268426 0.06648324468281441
0.8858703828337904 0.010445374087162174 0.025551141001534772 0.07813310207751267
0.021059907633108832 0.5519111850743896 0.3539298619690634 0.07309904532343814
0.40444243707135974 0.03486583668690879 0.2535801011255765 0.307111625116155
0.07734286041181904 0.5884765166776688 0.13015208204859496 0.20402854086191724
0.128620498208615 0.27294503539523796 0.3042195629701452 0.2942149034260019
0.7781397689109422 0.1491279294549981 0.03263173877249392 0.040100562861565825
0.2091832800015787 0.07992661795102285 0.14635859533625373 0.5645315067111447
0.10514112720557778 0.04986378487904786 0.11372164639243443 0.7312734415229399
0.014759622967374764 0.0228626878318704 0.06953774442449012 0.8928399447762647
0.20709162827460148 0.26124086906148547 0.18115345299154606 0.350514049672367
0.0947696581546128 0.2016177825269292 0.694391262547107 0.009221296771350973
0.16127882072143063 0.4435163965649669 0.12832428329086532 0.26688049942273717
0.15996243096834317 0.28458803598109206 0.11298490687311313 0.44246462617745164
0.7267483961714403 0.03644720665614021 0.14425829940590518 0.09254609776651435
0.10523491740724167 0.6320260148127631 0.2517249773722908 0.011014090407704402
0.29788447696729425 0.13521576253427514 0.23553574598692228 0.3313640145115083
0.22671595816392676 0.22654928587831047 0.12072264046274994 0.42601211549501283
0.07475668562383264 0.004097259576059442 0.32872340520460785 0.5924226495955001
0.12888529643023605 0.24441551613816037 0.03391400649084286 0.5927851809407607
0.3455340811149984 0.03517581680360038 0.4935663958713381 0.12572370621006312
0.11351235681208072 0.300057744138732 0.191044732221473 0.3953851668277143
0.10949532823123653 0.2683342931196596 0.3756366224845611 0.24653375616454276
0.5886472898861005 0.16200282544072253 0.1814691345322792 0.06788075014089778
0.42199938071274934 0.05637674792377123 0.15024335935006294 0.3713805120134165
0.11489528131347349 0.49320504910175356 0.2707951645229326 0.12110450506184034
0.325377541118959 0.19173943900702584 0.06584245990125859 0.4170405599727566
0.3550985492284746 0.5817650102595086 0.046471882763178374 0.01666455774883846
0.30738284945655314 0.2033187518532532 0.23576523706974095 0.2535331616204527
0.31603742394293355 0.2731368984746686 0.21734641417399825 0.1934792634083996
0.03308766534076857 0.5015067393170664 0.4443409509090477 0.021064644433117397
0.037927969657492566 0.7242278051320911 0.16866209782141284 0.06918212738900353
0.15531994360418555 0.43371479701185967 0.40189256222107805 0.00907269716287673
0.6359045669890764 0.24055923671075585 0.0745898853079886 0.048946310992179165
0.4712740362006985 0.15042790602074219 0.2445419152892908 0.13375614248926848
0.1863418397393688 0.007037653361442908 0.21479283878291255 0.5918276681162757
0.6799004781766753 0.11774401953061542 0.008939171717308736 0.19341633057540053
0.4054141691131068 0.3955913826100742 0.19649137565069608 0.0025030726261229264
0.2562303752517052 0.10864424547222007 0.36913999367137673 0.265985385604698
0.022809128242531562 0.34027742919884785 0.19729751851778354 0.43961592404083705
0.26287231163749214 0.2630845269768025 0.14492983563560247 0.3291133257501029
0.3320251753103365 0.17072310643890065 0.2590990486412318 0.23815266960953108
0.25918372252368294 0.3663604702702037 0.19285241031987865 0.18160339688623472
0.05550741667072345 0.44494101538394726 0.008539218563569761 0.4910123493817595
0.2693760452152669 0.37227842360603214 0.3119986218775078 0.04634690930119312
0.28539682742366335 0.2486607893650794 0.30669266248364646 0.1592497207276108
0.6071725965694521 0.2045583831044342 0.03070399516451161 0.1575650251616021
0.09709797452405466 0.5868838064839162 0.17889903413980013 0.13711918485222896
0.021652800562997898 0.14724684427717472 0.6941297026219061 0.1369706525379213
0.5954225940802139 0.02463995549894371 0.14140565676939354 0.23853179365144883
0.6562300478659369 0.17722838841360644 0.05778784047774477 0.10875372324271193
0.18592169116037682 0.41862691149617126 0.013702720458058537 0.3817486768853934
0.30843233912391066 0.033328915284528304 0.4912385583538851 0.16700018723767596
0.028097820491729042 0.21295437257655658 0.2701323278278651 0.48881547910384926
0.3269286005810931 0.4417296550444072 0.19645217911791646 0.034889565256583266
0.8408828011365699 0.035945117721839726 0.044240325799717706 0.07893175534187269
0.2115324329510766 0.023514383591457855 0.10502943447706103 0.6599237489804045
0.10625679460472437 0.08066628954820299 0.6278622514982051 0.18521466434886757
0.0420938536834351 0.25852368447810725 0.22313414739467707 0.4762483144437806
0.36324049592455365 0.41360309020757546 0.07783483823285287 0.14532157563501802
0.5389109418753851 0.15704943399142623 0.182202702888688 0.12183692124450063
0.3826684074399561 0.2075199945057672 0.0349482434636178 0.3748633545906589
0.04396299198636289 0.39409316398361005 0.3827841975683184 0.17915964646170868
0.09346489265793367 0.6748941488504222 0.21327437633666613 0.018366582154977995
0.5276189775344835 0.39120750604164245 0.022859126878945868 0.05831438954492818
0.35852996399592507 0.17997500890368 0.26656517965674953 0.1949298474436454
0.2841867651075328 0.5057419037324785 0.1472484687806953 0.06282286237929335
0.20903651846732663 0.2028202402775673 0.5014849688930598 0.08665827236204626
0.3990458303277232 0.04978980014804768 0.4364909126745018 0.1146734568497273
0.2683122467724147 0.5055014610235278 0.14510574901789075 0.08108054318616675
