5 20 4 53.10470343917058 106.20940687834116
2.9979385398076555 8.836590755596387 2.8604723980548377 9.267498171441295 5.395700699153462 6.505694766123812 7.89317070832284 5.665761890856489 3.6712045141859977 2.6894910579512645 1.7266714188838739 7.64596266579073 4.971783006063578 2.4247888094138608 8.91943328081151 3.4667781579300216 4.728115171729462 3.6647193946028316 6.65909117991535 6.218540291705906
0.599587707961531 1.7673181511192773 0.5720944796109675 1.853499634288259 1.0791401398306923 1.3011389532247624 1.578634141664568 1.1331523781712978 0.7342409028371996 0.5378982115902529 0.3453342837767748 1.529192533158146 0.9943566012127156 0.4849577618827722 1.7838866561623021 0.6933556315860043 0.9456230343458923 0.7329438789205663 1.3318182359830701 1.243708058341181
0.2846858806413638 0.042878067047370294 0.27236524893625347 0.40007080337501244
0.024306561629486967 0.14130629957178065 0.7946138540844262 0.03977328471430619
0.001642172716045276 0.021290919723036206 0.676910521687476 0.3001563858734425
0.25909759641110575 0.3806975797197514 0.230687910870626 0.12951691299851686
0.0022142125324435824 0.8115182650544746 0.16773626001909236 0.0185312623939895
0.029111563672717722 0.0823422487053056 0.6594002747622012 0.22914591285977548
0.6353562055818931 0.18130399703346878 0.1482550899110031 0.03508470747363501
0.3610484184638091 0.46376230197471635 0.10187189480534886 0.0733173847561257
0.05114280310134711 0.3143349648108177 0.1808805806286421 0.4536416514591931
0.5834997437200565 0.0553779383403088 0.15620979086066666 0.204912527078968
0.10082727286264515 0.7427276932475786 0.09998511590565584 0.05645991798412042
0.3715126153280073 0.13884218201124066 0.3493520896489436 0.14029311301180847
0.47833904398678495 0.036398923013894136 0.2857384537498906 0.19952357924943032
0.05396210214514685 0.5186565466626524 0.4125181488880053 0.014863202304195466
0.3320481495356774 0.12037069628129804 0.46905172014220153 0.07852943404082302
0.3302532519595063 0.07743247671763731 0.1190318367814478 0.4732824345414086
0.7100490473544384 0.059883629536876315 0.12305161746398363 0.10701570564470164
0.23964043961222492 0.13407407778374436 0.39361686372181415 0.23266861888221657
0.0600961698663498 0.30350362693775623 0.4495707306792389 0.18682947251665505
0.06340098197336863 0.021669479776846967 0.08517961388786655 0.8297499243619179
0.14416430065342045 0.10942390512036704 0.012230911761719754 0.7341808824644928
0.18841465559593518 0.016140890784015482 0.7593749826879912 0.036069470932058145
0.5154726119053935 0.06219024622436253 0.20185172742577373 0.22048541444447023
0.8024968852628702 0.12025272868279968 0.06287478885851894 0.014375597195811163
0.3989448039028505 0.07054356785472682 0.07696812621490046 0.45354350202752225
0.08652568840220509 0.16471942328834255 0.23368596329791036 0.515068925011542
0.5660819960927563 0.06568405664498911 0.1801363384426652 0.18809760881958937
0.03550903176033027 0.0586937004169924 0.8184240315264605 0.08737323629621685
0.18866773579310792 0.05562313116480044 0.5518518538980959 0.20385727914399576
0.3520949357663685 0.1413201161303912 0.4458843000680919 0.06070064803514841
0.11169242718357142 0.23433572457238094 0.03738091431116286 0.6165909339328848
0.01236941160035765 0.09874133794000761 0.8499923324247646 0.038896918034870165
0.020391378448150643 0.4262164494741626 0.40337220446388034 0.15001996761380643
0.19047777345550265 0.2209058423238739 0.39001791463169355 0.1985984695889299
0.3599831951713076 0.34295888194667057 0.2506884286093689 0.04636949427265291
0.08273856907998767 0.5781058218783977 0.23772676392633796 0.10142884511527672
0.7015528325813724 0.057546285707953615 0.20605842872501468 0.034842452985659356
0.08305444303844489 0.13842831700455027 0.7528667188426488 0.025650521114356062
0.2642383745406488 0.18550518335590727 0.3605706742157957 0.18968576788764824
0.1953446255624387 0.04676304669349618 0.5656697630914171 0.19222256465264798
