38 40 4 119.67689923728925 239.35379847457847
4.462958075650693 8.737370619315572 9.49779672226678 7.325424042496564 6.7027068745426615 6.453651537915382 2.80114158573914 4.486490989000311 3.3308484737628845 1.671465532777911 3.528612772100117 4.9459073603144486 5.349241392305169 8.816405376586552 5.766664456038561 6.060368298112802 5.2394980959567174 7.199578062971397 5.543457448387413 8.408581792891413 9.643304385879274 8.723298148436136 3.7825878200334797 5.947489562311442 6.892105434717362 9.557728549132003 9.772926828271322 5.03681192229157 8.193456358870508 7.55518273346095 1.7933099989141867 8.137311482392741 9.30847865998903 6.534156148694587 2.8970733333348324 3.174770692721435 4.718611113503462 7.562704356363241 1.1358131593578518 2.65850827677057
0.8925916151301386 1.7474741238631144 1.899559344453356 1.4650848084993129 1.3405413749085322 1.2907303075830765 0.5602283171478281 0.8972981978000621 0.6661696947525769 0.3342931065555822 0.7057225544200234 0.9891814720628898 1.0698482784610337 1.7632810753173103 1.1533328912077123 1.2120736596225605 1.0478996191913434 1.4399156125942794 1.1086914896774824 1.6817163585782826 1.9286608771758549 1.7446596296872272 0.7565175640066959 1.1894979124622884 1.3784210869434723 1.9115457098264006 1.9545853656542644 1.0073623844583142 1.6386912717741016 1.51103654669219 0.35866199978283736 1.6274622964785483 1.861695731997806 1.3068312297389173 0.5794146666669665 0.634954138544287 0.9437222227006924 1.5125408712726482 0.22716263187157035 0.531701655354114
0.1271929826764855 0.09068573972928373 0.22515463749660736 0.5569666400976234
0.12116783759476857 0.20282403838540863 0.15474573828872862 0.5212623857310942
0.29481288648625625 0.06847288687415087 0.07858742991091117 0.5581267967286817
0.3294575572858509 0.08781610497149894 0.2720535998982204 0.3106727378444297
0.391248612897663 0.18806188624496567 0.06468840004493381 0.3560011008124375
0.02715249618524962 0.4285190524945206 0.18034708617082296 0.3639813651494068
0.4166562861167462 0.1273142444861295 0.24394887202022297 0.21208059737690133
0.032681883466592954 0.2648475124919052 0.43954415463033125 0.2629264494111706
0.2223293912331995 0.627296514001178 0.023840296779391035 0.12653379798623143
0.14731208958794795 0.3627900617975395 0.43950536097178006 0.05039248764273252
0.21067825196239698 0.3099580669091857 0.37218060973736 0.10718307139105732
0.03698088916499831 0.06628060489708887 0.5089996123472078 0.387738893590705
0.0884656219527149 0.062116317945155486 0.17613906145553948 0.6732789986465901
0.448445646003794 0.0789320558327864 0.4561670778287472 0.016455220334672394
0.48631900057132904 0.28869190265386013 0.02062641676150956 0.20436268001330127
0.31018012874268597 0.24140324174266703 0.16626863285958293 0.28214799665506407
0.3018397331562893 0.4099652210139443 0.016707460095972126 0.2714875857337943
0.4182691451817704 0.11963716035752969 0.08343076620498424 0.3786629282557157
0.21493613130690503 0.08678403964468373 0.31957107565755705 0.3787087533908542
0.27755361129573375 0.006386284833571398 0.14140748298900196 0.5746526208816929
0.7140786607160332 0.08838659202312937 0.06018380281733027 0.13735094444350715
0.0744326893605407 0.11859616661424177 0.4698338128499925 0.33713733117522504
0.006353076172511352 0.08869742030947392 0.09825265981182618 0.8066968437061885
0.1903361726911975 0.19746553267595746 0.49209754699073693 0.1201007476421081
0.027675815559792927 0.1649788903299525 0.20449065337209882 0.6028546407381558
0.1643808865820401 0.3947089756240717 0.09793203276151541 0.3429781050323728
0.002964390736657996 0.6635671285377693 0.17720236645861975 0.15626611426695292
0.13340377784937885 0.11779621830511 0.489446605726791 0.25935339811872016
0.2533414804953589 0.1701093022614505 0.18369305383994694 0.3928561634032437
0.6204738724631073 0.057845021021637355 0.05535899229864161 0.2663221142166138
0.7198617230056045 0.22316064064748342 0.04784130765482453 0.00913632869208758
0.2543435934413354 0.16085235608804305 0.11591790314731387 0.4688861473233077
0.7718947541215962 0.10320685733609236 0.052817536101020135 0.07208085244129125
0.49596117875130974 0.31328593204245603 0.05614415778962378 0.13460873141661045
0.010048879290294521 0.29457551714227337 0.39923484885149996 0.29614075471593215
0.2704579942621854 0.053619197499348736 0.45711234472743945 0.2188104635110264
0.24110542539024227 0.0021152185883331898 0.23813491163064304 0.5186444443907815
0.06672960380151838 0.09414057440537504 0.1910146275184874 0.6481151942746192
0.08559098772816831 0.10565029563112738 0.23589574086067433 0.57286297578003
0.3403873711420655 0.3311827280430708 0.20481566737760526 0.12361423343725841
0.09042597346230319 0.5079733967190231 0.21344567616031884 0.18815495365835488
0.4017410368124711 0.01596368764221001 0.5742937648301365 0.008001510715182403
0.25006978324328 0.3194375968726402 0.03176052702351739 0.39873209286056244
0.2907360027058288 0.3575794982803159 0.2715244243428854 0.08016007467096997
0.6625087757167445 0.007643466389617659 0.058644363857758064 0.2712033940358798
0.4580688025734684 0.06821592312164104 0.11549092113653114 0.35822435316835943
0.6157460098784675 0.1299225953210883 0.22192623169468506 0.03240516310575914
0.019853526969808466 0.4962432860942949 0.026721310907744433 0.4571818760281522
0.36011858810158326 0.29040180132398874 0.20461629861727604 0.14486331195715196
0.24932814440963513 0.15832416827546236 0.269286610580899 0.3230610767340035
0.2362862251202137 0.11986569144569148 0.22855824005177916 0.41528984338231567
0.2953283625939106 0.22625729294942298 0.4773855828488123 0.001028761607854145
0.6547789069824529 0.15771986299848018 0.142003870774411 0.04549735924465592
0.4409570335519626 0.07103476344289306 0.25417862520376533 0.23382957780137903
0.043028117943009314 0.6522819027563431 0.19806880850129294 0.10662117079935463
0.4998716555485203 0.20207243289797394 0.29694899490996507 0.0011069166435406785
0.30326851404266764 0.18417273206725893 0.17928448254885465 0.3332742713412188
0.3532914805165168 0.18136170008362051 0.44001697433314146 0.0253298450667212
0.06848946019364521 0.17025846241223452 0.07701377745607674 0.6842382999380435
0.5830857494201339 0.2679583294056942 0.0595719968802515 0.08938392429392039
0.2221468302720142 0.00990026636539254 0.13669879170256838 0.6312541116600249
0.07697742872354629 0.3678338408520986 0.24038358246535396 0.31480514795900116
0.5218059801734477 0.08212831638235163 0.2950133502554104 0.10105235318879024
0.1891958933686272 0.1436598811758556 0.018684591016299712 0.6484596344392175
0.0703090159330606 0.4851525670986093 0.4133043210955506 0.031234095872779477
0.04877453977030011 0.4529444423810216 0.46500338812012687 0.03327762972855142
0.22213100012321763 0.6255355124370835 0.05913455226291986 0.09319893517677902
0.3516736001656581 0.43412339544608025 0.14572016688843525 0.06848283749982642
0.02494741720345428 0.42125382704349157 0.5127670045225803 0.04103175123047387
0.20176744869904928 0.42897306725181594 0.3057413360881951 0.06351814796093969
0.24553951786378658 0.4824966018072433 0.03893543526053578 0.23302844506843434
0.30504194455352207 0.24639131897740918 0.38833885838498994 0.06022787808407881
0.03036742203995968 0.12391064015787501 0.4403993807714638 0.4053225570307015
0.7442066041302413 0.05123772186449882 0.05937448639859377 0.1451811876066661
0.07432136214775864 0.02002956082010543 0.8605375877648216 0.04511148926731434
0.08642277831693224 0.3175563544492642 0.11459503651023761 0.48142583072356593
0.3781576680034504 0.2159245901280229 0.17978428404980173 0.22613345781872496
0.008785391048810154 0.176985060135468 0.3153987568932195 0.49883079192250235
0.0741818997630852 0.575744171562409 0.007248799418476226 0.3428251292560296
0.47777450068694205 0.19812736585444835 0.21465215759266476 0.10944597586594484
