84 90 4 226.86307893737478 453.72615787474956
1.4143689426833697 4.3321808450403925 3.1808644074226424 6.656320045401265 9.910990540242251 2.1752924433247594 2.562302470119843 3.3248265189371176 4.765590700143563 2.1791700394560376 3.614051128790898 5.457754852799872 9.703038830850087 3.67650876826561 6.86621742807468 5.820516078534764 8.983237427673556 8.781384228433947 9.464795408228195 1.952498246514709 6.519000876438943 2.6073172993026885 1.667593534067283 9.96339465708284 4.206465796789214 8.555270398113851 6.742642741807486 2.8866148294000324 9.805842466046476 2.245702272563431 5.979007988412547 3.4006094047951283 3.8052262684022984 3.9789850960905673 2.312478436746791 8.386832542754835 2.450056985641673 5.48509032459439 3.9792830885137285 2.753580382149586 2.316948092923351 7.180533930299622 9.951571919129146 3.5628137072461827 6.095727417314985 2.0827679302599518 1.3902665167815242 2.4206676362152404 4.897128621945015 4.394938886503589 1.5415873361248233 6.623537215727235 5.390169854011488 4.705445102926241 5.063813682233623 5.973485020822918 9.41337429096213 3.3797261759593695 1.159113899369062 7.285713986004666 8.266085025147586 6.78108539082314 5.747536598135219 8.491271923757646 4.159983996458815 2.7060726935730304 1.1555606692599014 9.826524616509568 8.299215474328697 9.647157408988909 1.1145794495250967 3.54803506124389 3.045877480233926 1.0245898301691498 4.140650739405131 4.958333939660842 2.6337734761524785 5.570439042464136 3.5452207523382753 9.568426498188664 5.273671357576801 3.3403537834387156 3.7811109221063486 1.1924142650749108 3.544133330439264 3.3214102552295737 9.531440406036264 7.506390153879377 8.461450474213503 6.161126896979164
0.28287378853667394 0.8664361690080785 0.6361728814845284 1.331264009080253 1.98219810804845 0.4350584886649519 0.5124604940239685 0.6649653037874235 0.9531181400287126 0.4358340078912075 0.7228102257581795 1.0915509705599744 1.9406077661700174 0.735301753653122 1.373243485614936 1.1641032157069529 1.7966474855347112 1.7562768456867892 1.892959081645639 0.3904996493029418 1.3038001752877886 0.5214634598605377 0.3335187068134566 1.992678931416568 0.8412931593578428 1.7110540796227702 1.348528548361497 0.5773229658800065 1.9611684932092952 0.4491404545126862 1.1958015976825094 0.6801218809590257 0.7610452536804597 0.7957970192181134 0.46249568734935825 1.677366508550967 0.49001139712833464 1.097018064918878 0.7958566177027457 0.5507160764299173 0.46338961858467015 1.4361067860599244 1.990314383825829 0.7125627414492366 1.2191454834629971 0.41655358605199033 0.27805330335630485 0.4841335272430481 0.979425724389003 0.8789877773007179 0.30831746722496467 1.324707443145447 1.0780339708022977 0.9410890205852482 1.0127627364467247 1.1946970041645835 1.882674858192426 0.6759452351918739 0.2318227798738124 1.4571427972009332 1.6532170050295172 1.356217078164628 1.1495073196270438 1.6982543847515292 0.831996799291763 0.5412145387146061 0.2311121338519803 1.9653049233019135 1.6598430948657394 1.9294314817977818 0.22291588990501934 0.709607012248778 0.6091754960467852 0.20491796603382997 0.8281301478810261 0.9916667879321684 0.5267546952304957 1.1140878084928272 0.709044150467655 1.913685299637733 1.0547342715153603 0.6680707566877431 0.7562221844212698 0.23848285301498215 0.7088266660878528 0.6642820510459148 1.906288081207253 1.5012780307758755 1.6922900948427007 1.2322253793958329
0.1232860646617715 0.4209274250695991 0.06143103174404407 0.3943554785245853
0.3176573411121302 0.1204539443094027 0.38994720609723843 0.1719415084812287
0.40685301347650205 0.38591203999422274 0.11559344911307645 0.09164149741619876
0.2643735529203316 0.21158766145829144 0.4722154350737162 0.05182335054766074
0.3723431733077667 0.11927394914774381 0.15629941030004602 0.3520834672444435
0.3420358166348584 0.06768718593836498 0.14099122106180362 0.449285776364973
0.20702036365103182 0.01120886175100344 0.4225817740540746 0.35918900054389014
0.28245433747906 0.3137853982958998 0.3814905265004489 0.022269737724591288
0.004696588272405489 0.08244863477723419 0.03142332668773318 0.8814314502626271
0.35769092186235873 0.2714699706072673 0.3599374813835441 0.01090162614682988
0.11655708586008529 0.2746116280818224 0.4778549920239904 0.13097629403410194
0.3303135681961269 0.0686895767812814 0.5829033883585133 0.018093466664078406
0.14343171588218562 0.2666659239524325 0.0736952181257513 0.5162071420396306
0.4888948515374687 0.012582082266430317 0.4581841442143042 0.04033892198179678
0.049034220585271626 0.23055842347747046 0.19590636805403616 0.5245009878832217
0.31685728561258475 0.016542901548100453 0.01659845793204673 0.6500013549072681
0.23875844606493146 0.19479860014471473 0.2196865460502725 0.3467564077400813
0.03945523214365321 0.5240482484501205 0.07009843670097837 0.3663980827052479
0.0880863416960832 0.16703251448050338 0.17677016493017816 0.5681109788932353
0.248051221045003 0.24807330882050038 0.2321599827180748 0.2717154874164218
0.13754686344846212 0.2756469987444824 0.18995854388411237 0.3968475939229431
0.18271220337762395 0.20168530993864553 0.5488347314487994 0.06676775523493117
0.06450087529431103 0.3681501076461221 0.3454835551468244 0.22186546191274248
0.04916895658516618 0.6718111472781654 0.06373592643907422 0.21528396969759422
0.640558881410096 0.02839270367532365 0.2954979601311065 0.03555045478347385
0.5895110351330404 0.04786634803873269 0.36195290594655205 0.0006697108816748898
0.08934285257744179 0.38001035143546946 0.2874503008007493 0.24319649518633946
0.1459572101790425 0.13952549304189044 0.08048378736490569 0.6340335094141614
0.08884073892427724 0.038680419534322 0.39422685905874755 0.4782519824826532
0.2518407690452077 0.41154449429945006 0.15074892856359356 0.18586580809174869
0.07514328531444325 0.08133937241957989 0.6672355586119945 0.1762817836539824
0.22070342450441027 0.2286022657459973 0.3366317503433607 0.21406255940623176
0.08061662730061703 0.04279122457074469 0.7556013290545345 0.1209908190741038
0.21497427118691192 0.0805802430773378 0.5361525326793929 0.16829295305635739
0.3342948368242167 0.06322528949817252 0.16465857688100016 0.43782129679661064
0.4180077688722047 0.33686827203307534 0.07515473000113371 0.16996922909358625
0.038831529167245304 0.09455095756049514 0.2712527287084716 0.5953647845637879
0.19414508837609812 0.04544091135978001 0.1854313365412733 0.5749826637228486
0.39839603887376884 0.057304445522533554 0.29152505719007493 0.25277445841362267
0.14509429771432392 0.2228597449175137 0.5788435652710192 0.05320239209714317
0.0862232794452229 0.24371985891950088 0.6024813760372565 0.06757548559801974
0.0408034519719247 0.3711334415253741 0.06786772285167131 0.5201953836510299
0.576456462104882 0.13100872334810343 0.15400094934592645 0.13853386520108812
0.19836586003674217 0.3353658905143061 0.3315830028080229 0.13468524664092885
0.32974257788926886 0.3253012179801036 0.011009260221311767 0.3339469439093158
0.11931202492801074 0.4866717344013175 0.293724540376501 0.10029170029417078
0.21411033602806784 0.07782235549814576 0.5194306349450551 0.18863667352873126
0.326143996857148 0.252648231196854 0.3199643912764971 0.1012433806695009
0.2795645265170553 0.45987967972531807 0.15912995695579568 0.10142583680183093
0.40336699972479817 0.33554548886404834 0.254255014897808 0.0068324965133454985
0.10013990191319089 0.27296605369994453 0.4269018856021992 0.19999215878466536
0.36187946187772724 0.3460387704311263 0.1693189191059663 0.12276284858518016
0.15726949570382542 0.28195829362432445 0.17203327194622875 0.3887389387256214
0.7046451907592458 0.011255614172681172 0.16429460192815315 0.11980459313991987
0.26917405929046545 0.027806880844114756 0.08803727079787449 0.6149817890675453
0.27979780736474713 0.04234640015763391 0.4354357316632348 0.24242006081438416
0.2905647864235362 0.02972622247662582 0.2999386019355943 0.37977038916424366
0.12372847826282096 0.5624299138843182 0.09016188388011792 0.22367972397274294
0.4439566633996693 0.04291670968932859 0.32301125860790925 0.19011536830309284
0.05414074963950222 0.5122346062273253 0.006524881639969449 0.42709976249320303
0.5777379194604433 0.24887050400895272 0.10082245150565183 0.07256912502495216
0.45459592119420944 0.16804239969855417 0.10494605893719855 0.27241562017003784
0.5027031007846092 0.279312769089904 0.08454005486526195 0.13344407526022484
0.26920396405435454 0.4487574605468402 0.23343409322545317 0.048604482173352115
0.20931123184546396 0.16317578778360864 0.606851809241829 0.020661171129098377
0.00270477491511556 0.23473953615726506 0.2376155226736275 0.5249401662539919
0.21577221929388868 0.04769097385547649 0.4998212723142813 0.23671553453635352
0.05769392289222086 0.6112730064454243 0.09191107525613407 0.2391219954062208
0.039763356363143765 0.28767305966361834 0.5333146848982466 0.13924889907499127
0.24211967415287272 0.03825508518134757 0.10779312804707852 0.6118321126187012
0.23044447675712965 0.516008437476208 0.14800564632352442 0.10554143944313799
0.4200908291540406 0.17214311004195304 0.3397076295890281 0.06805843121497823
0.5902395327883818 0.05112727460016808 0.30476972870003516 0.053863463911414944
0.3644760938253193 0.03800937573729002 0.11107066082645489 0.4864438696109358
0.0781876270423052 0.17372202956984983 0.3112090356958348 0.43688130769201017
0.010709195777283687 0.6657052019969221 0.0373666854549034 0.28621891677089084
0.3985307083868751 0.09624224590302588 0.21836568849093163 0.2868613572191674
0.07907971672224312 0.08165109249400726 0.40570384432907036 0.43356534645467926
0.08290608882927175 0.01984727711467682 0.5912455426243093 0.30600109143174214
0.6192488263234219 0.18487408359693236 0.029331691713190722 0.166545398366455
0.36626149095850213 0.08245555310966335 0.42983695756615403 0.12144599836568049
0.415219062795839 0.06849534071265084 0.03770498461550742 0.47858061187600276
0.28930814987118947 0.3751236644010667 0.2360141671271403 0.09955401860060353
0.03647481065225566 0.3173115266409946 0.5336186961559906 0.11259496655075918
0.11317811974452885 0.520269542626164 0.35789657738370007 0.008655760245607103
0.1643548292298025 0.21238131260065574 0.26252698385350814 0.36073687431603363
0.5402106206533264 0.27093224991494547 0.05580938476243136 0.1330477446692968
0.16007333870560037 0.4366936925428395 0.39908941621252014 0.004143552539039974
0.38515777584487787 0.16757433832723923 0.03841516626299335 0.40885271956488956
0.05831689152122965 0.005648576531438021 0.8293818281286703 0.10665270381866199
0.4826839664897631 0.05601194928636133 0.04049411117912727 0.4208099730447483
0.3237711904052051 0.04825416786336212 0.34190365998439254 0.28607098174704026
0.10692096760365 0.7717489140025655 0.013905070078944592 0.1074250483148399
0.03412241914895142 0.5711498087535899 0.3173350245545081 0.07739274754295056
0.07843130850332536 0.5519499654270046 0.3386599391915447 0.030958786878125366
0.3864750635949675 0.07344005876307302 0.06983205004433468 0.47025282759762477
0.14530370073250687 0.049722219281079894 0.34267821235759466 0.4622958676288186
0.18586830547745126 0.3899693488907622 0.018781216287178548 0.405381129344608
0.13869615009083103 0.29402734130855634 0.18849753284646298 0.37877897575414965
0.20813987005259416 0.05446320272158567 0.673961238196732 0.06343568902908814
0.09965864804718061 0.35696070967923044 0.04995880888131443 0.4934218333922745
0.40420094843381627 0.12984434122407051 0.26150963674572714 0.20444507359638608
0.41400323478591006 0.04439874504569674 0.466976130718316 0.0746218894500772
0.08012925836831719 0.4064229075280553 0.02041110732999374 0.49303672677363375
0.20261899066422862 0.05423407677034564 0.13941788150258982 0.6037290510628359
0.02975778802371576 0.11105804189773472 0.7305137392288743 0.12867043084967522
0.3572588986554004 0.15882427569744972 0.10387538814131803 0.38004143750583186
0.7212280275216089 0.011119910459836402 0.08200902979980806 0.18564303221874667
0.10590407766483956 0.12880422649665413 0.513436132819943 0.25185556301856327
0.002395005244030801 0.5961975565303322 0.3576711152930264 0.04373632293261054
0.21901233821781307 0.32543398966324577 0.34665279185010545 0.10890088026883571
0.23977470380970267 0.5623255125214777 0.18761863624718422 0.01028114742163544
0.04103214352507467 0.17574968310535632 0.127780607041586 0.655437566327983
0.5536181867309853 0.24925651142967464 0.11630222270985668 0.08082307912948339
0.09828370882239557 0.5012900722776169 0.125874198217928 0.2745520206820595
0.2652746394250164 0.12201841195837015 0.3449981558084855 0.267708792808128
0.19585158707442263 0.5694619730941441 0.045444183585722 0.18924225624571123
0.6020806606913538 0.11554996779966609 0.26608645694156885 0.016282914567411266
0.17043807593862503 0.19522049943166941 0.045334381058405704 0.5890070435712998
0.5903566121964084 0.006094618265363394 0.21658363882011766 0.1869651307181105
0.05366439821911495 0.3916910532955298 0.27721508245569193 0.27742946602966334
0.29674276043909475 0.18395869466576353 0.18138010067169585 0.33791844422344586
0.36020399293437233 0.02597032463293325 0.32913556451463555 0.28469011791805887
0.6026819123642823 0.07820222741146765 0.22767590506923607 0.09143995515501402
0.005339604580371193 0.6796583683762385 0.21109298510460994 0.10390904193878037
0.30743506795972664 0.07486708814086507 0.006934283659682294 0.610763560239726
0.8644272993613652 0.020557855217383736 0.10176475888720804 0.013250086534043026
0.21712986518792732 0.34139798865605453 0.25706756975263734 0.18440457640338082
0.20441816084594355 0.4230485687904916 0.1371574268694451 0.23537584349411977
0.2607590979196398 0.2469352868136171 0.11464547144855386 0.37766014381818924
0.1884918931918773 0.09693672922559915 0.20550473896756938 0.5090666386149542
0.2842642658169866 0.6676831037179026 0.005063380991956246 0.04298924947315452
0.3370528100994633 0.12106695496764097 0.14542983515258245 0.39645039978031327
0.08017698647661142 0.014016553316285485 0.6638021747055559 0.24200428550154718
0.40065525764598076 0.17373042257345117 0.10961335197943622 0.31600096780113185
0.039002652409287575 0.3192896261301842 0.435432649697595 0.20627507176293325
0.02379185231611225 0.4967175057048895 0.20465614838318247 0.2748344935958158
0.07077775412581588 0.3374432278552957 0.2319141494468261 0.35986486857206235
0.19001086850290605 0.2706978844268073 0.0767612923364468 0.46252995473383984
0.3414432690800927 0.26288600872814605 0.10540941028099571 0.29026131191076554
0.2912169872345357 0.1212114214175053 0.3503938378180269 0.2371777535299321
0.10096143490763898 0.5558283655003164 0.29141719208070016 0.05179300751134441
0.19268678615468326 0.24920185976070441 0.07845072348915971 0.4796606305954526
0.43980655331204843 0.21833518063295132 0.3080326751171233 0.03382559093787696
0.4375807283620001 0.208841305038156 0.19776578574341153 0.15581218085643234
0.13444197565250748 0.43911514592416667 0.19469882105083736 0.2317440573724885
0.3564614246377431 0.3803347775851962 0.19552081249449893 0.06768298528256178
0.4318464562288188 0.03582974152036267 0.03353608813256104 0.4987877141182575
0.4426830673416581 0.12299372920408658 0.36198921040316523 0.07233399305109012
0.14925468258450625 0.33607547979176056 0.2885622614996406 0.2261075761240926
0.10736406411558674 0.4781877483565943 0.2842555136550089 0.13019267387281008
0.45478524365174655 0.246658986113499 0.026163155866583687 0.27239261436817075
0.06326667800204244 0.11049923146796803 0.4823245871631633 0.34390950336682624
0.4273422783410866 0.21430440690516117 0.3174375208585327 0.04091579389521949
0.7351033266383856 0.14898117061495553 0.023125554287091177 0.09278994845956767
0.17449606578432164 0.2741867537866327 0.2020304622351694 0.34928671819387624
0.414383717346408 0.19935723111408477 0.29726952752936864 0.0889895240101386
0.21934823042138107 0.32237051878243983 0.36339040559785196 0.09489084519832713
0.15822744998493155 0.31511753003142284 0.26775751373178014 0.2588975062518655
0.14054489501426526 0.40894288461757733 0.40409161701238505 0.04642060335577236
0.32719604743483144 0.5268821905932356 0.12621187858646665 0.01970988338546631
0.6453010715681498 0.13049133908378652 0.11404433748465981 0.11016325186340392
0.13389773255199477 0.34255463731393454 0.4704390441124596 0.05310858602161106
0.1579483228335241 0.13768781039077982 0.5025396405333753 0.20182422624232077
0.4187733153037294 0.3565208804559896 0.059184901182277705 0.16552090305800327
0.6328725534764349 0.04248623440745214 0.28423934368539494 0.040401868430718024
0.021380049498328058 0.06644251584414318 0.4287550019928854 0.48342243266464335
0.018929326947746516 0.594051514495503 0.2238233609283966 0.1631957976283539
0.07572026226361839 0.5648018068140287 0.1957037026674866 0.16377422825486632
0.06852401045232082 0.0879844589200538 0.2441487070252616 0.5993428236023638
0.11714521405342482 0.49392523512189956 0.12984385881824145 0.25908569200643417
0.1144761404287572 0.02807362538089686 0.07010975247121631 0.7873404817191296
0.6954579826473033 0.0513362096095048 0.05704737826214534 0.19615842948104656
0.40000879310469706 0.018732081958479085 0.09445098234238436 0.4868081425944395
0.14851496082819526 0.01617311024255419 0.4928455099902682 0.34246641893898233
0.024746501234876872 0.11284789917872262 0.5430937005197688 0.3193118990666317
0.0916803734938314 0.04629680653627721 0.08886334177986632 0.7731594781900251
0.4080323926387608 0.33593323036672673 0.12761966675708492 0.12841471023742757
0.6304644733652461 0.1183399466266265 0.24995955849574003 0.0012360215123873308
0.1437509565687095 0.05519059320053887 0.6229051218799105 0.17815332835084108
