18 50 4 136.06584453711852 272.131689074237
6.853368175656325 5.549080363613586 8.907413238293968 2.63656202834381 8.670097618071374 7.751226574954096 6.994915007367903 9.89105903448366 3.3127158034344713 1.254753327452483 6.721472039149015 8.625811487379636 7.625571626044096 1.1872640073114136 2.004428175985295 3.6795136767027383 7.182731722058594 8.754634504014817 2.787709232654028 6.914701275493803 7.296900660928856 4.171532218820616 8.10964493042776 8.326431443053437 2.7767915605191975 9.545097647763841 5.289403473868935 6.999403131834076 2.901808335262602 8.267736914645306 3.8771750850168925 3.645423772316096 3.7172635988522096 8.451004616305756 5.972803199669913 2.7250966443939326 7.428310666269764 6.758833214988779 5.798834482119622 6.1527512202669215 1.1109928373462856 7.257141804740187 5.8119328933344745 1.7122124555507434 1.1227375156973252 3.5006773604205437 9.97646754231682 3.030405741579078 1.9451381789442206 1.146707008517743
1.370673635131265 1.1098160727227173 1.7814826476587935 0.527312405668762 1.7340195236142748 1.550245314990819 1.3989830014735807 1.978211806896732 0.6625431606868942 0.2509506654904966 1.344294407829803 1.725162297475927 1.5251143252088193 0.2374528014622827 0.400885635197059 0.7359027353405476 1.4365463444117188 1.7509269008029633 0.5575418465308056 1.3829402550987606 1.4593801321857711 0.8343064437641232 1.621928986085552 1.6652862886106874 0.5553583121038395 1.909019529552768 1.057880694773787 1.3998806263668153 0.5803616670525205 1.6535473829290612 0.7754350170033785 0.7290847544632192 0.7434527197704419 1.6902009232611512 1.1945606399339828 0.5450193288787866 1.4856621332539528 1.3517666429977557 1.1597668964239243 1.2305502440533842 0.22219856746925712 1.4514283609480374 1.162386578666895 0.3424424911101487 0.22454750313946503 0.7001354720841088 1.995293508463364 0.6060811483158156 0.38902763578884414 0.2293414017035486
0.2173196229012333 0.12430782939600782 0.6468704237466837 0.011502123956075194
0.5156439876610373 0.14913748313287123 0.12012128312449377 0.21509724608159775
0.4302592813664673 0.045406423919942984 0.0205796846011157 0.503754610112474
0.6596553956120715 0.24654336837151547 0.037997597968805974 0.05580363804760702
0.14801784040784915 0.21422502084896367 0.11370063401546249 0.5240565047277247
0.06712698614922485 0.45611512727589865 0.2711736137452916 0.2055842728295849
0.07910067289179656 0.2980835182367181 0.001741834894242511 0.6210739739772428
0.04750509506272138 0.14893985195909798 0.6373458528201336 0.16620920015804708
0.47602647516617136 0.18270110320240684 0.14480665799110404 0.19646576364031776
0.4882682202390717 0.14847425215381393 0.2823703675672623 0.08088716003985208
0.256353254245148 0.28473178534871657 0.32600819221751476 0.13290676818862068
0.018164056326049893 0.2750235310785293 0.19206644395713846 0.5147459686382824
0.12131955319591026 0.273407540991377 0.49142742146142715 0.11384548435128561
0.4152168868506033 0.05725569248435969 0.105035103132055 0.422492317532982
0.04046598393017187 0.618914715075888 0.005146873948557618 0.3354724270453825
0.32641078967217463 0.2033677413754872 0.2537457707054427 0.2164756982468955
0.43241356871768444 0.09829161053297697 0.2886854714913214 0.1806093492580172
0.3396121612440991 0.040369506562571544 0.5502464305313626 0.06977190166196678
0.11384884850088828 0.1806496955010879 0.4466126414388657 0.25888881455915813
0.8750947273085697 0.028169508624105388 0.09211860001845118 0.00461716404887369
0.33448650393035495 0.04688369699457906 0.32460666182632136 0.2940231372487446
0.2828861645349776 0.39241093741839717 0.025037442186929715 0.2996654558596955
0.31613157040344286 0.3029561833345338 0.1785183351343832 0.20239391112764016
0.38311223259409477 0.06326491069682694 0.5505800362767036 0.0030428204323746932
0.1886669957191217 0.1326107898761546 0.12101625688850293 0.5577059575162208
0.09366103431999973 0.021976087346293416 0.454789892597973 0.4295729857357339
0.22143781771587367 0.5173097882988329 0.019047251181099067 0.24220514280419436
0.047535339760941375 0.6524737364784758 0.2652068530867241 0.03478407067385869
0.0318622152017487 0.19535851566613815 0.7056646265761156 0.06711464255599753
0.29394707750518156 0.023279219456016853 0.4139145249153743 0.2688591781234273
0.0190105000007168 0.42581374488344315 0.15524268984979583 0.3999330652660442
0.14202807089901648 0.5823903761406136 0.22479079426640647 0.050790758693963434
0.541987020488821 0.037999808604644136 0.20534054319010697 0.21467262771642792
0.020143207160926435 0.6464804026796143 0.007292695066685506 0.3260836950927738
0.679937983364803 0.04575814926899657 0.11087518696415954 0.16342868040204084
0.1511505840691001 0.16441510788686398 0.39477830459887864 0.2896560034451573
0.2910103308317967 0.23561324601767564 0.13909379183698523 0.3342826313135424
0.17927579328391818 0.18649537607015898 0.47679267189284835 0.15743615875307448
0.36947804784421834 0.13086535096969754 0.09413629507277921 0.4055203061133049
0.10699452478533411 0.0876152854513047 0.4500952400364071 0.3552949497269541
0.1945571174820958 0.38270836527352103 0.14313508406744302 0.27959943317694014
0.04020483312341183 0.14473070278202438 0.44779741246799676 0.36726705162656703
0.3719201339909096 0.1698427050906265 0.3385655250318844 0.11967163588657947
0.32800310804776833 0.1278523228354268 0.3200898038536396 0.22405476526316526
0.08467557870610176 0.11805288326792152 0.535887856437357 0.2613836815886197
0.5351816034274306 0.11129691493687843 0.10496274086687296 0.248558740768818
0.17661641792489713 0.2921875210375485 0.04186037771449291 0.48933568332306143
0.177451049568639 0.1768935461297858 0.40798274333202844 0.23767266096954676
0.0647294046357233 0.5026645833314034 0.02357106921342278 0.4090349428194505
0.0369242616001787 0.41655412323568 0.010910461025401386 0.5356111541387399
0.011016694853989928 0.7971813638861484 0.12640690912386943 0.06539503213599229
0.2691131705792609 0.41625044823315016 0.09176083398391621 0.22287554720367275
0.26097774276247965 0.4105443449728158 0.3162641541507233 0.012213758113981288
0.035368885940296746 0.3833764355661339 0.2683859791765216 0.31286869931704775
0.13563371823783865 0.19052996269351996 0.4697220233038292 0.20411429576481221
0.6293531339196942 0.1579168792081893 0.10690429960759107 0.10582568726452546
0.15341645416108574 0.19783696901792347 0.11936896354145832 0.5293776132795325
0.23732518632069322 0.14912545826122936 0.3884956353184963 0.22505372009958113
0.19148278819959308 0.34498230329523927 0.11092540998366773 0.3526094985214999
0.4555562943106152 0.08378880477548134 0.06401456483592827 0.3966403360779752
0.011649132417856034 0.2797938674114486 0.4677356641076714 0.24082133606302392
0.5840203754759804 0.30658303224256 0.0982796644207401 0.011116927860719494
0.15072594151523566 0.39819613354276584 0.08721566567206751 0.363862259269931
0.26349231633707004 0.2756447676546969 0.2072189166403623 0.25364399936787074
0.24285693642029493 0.526024580096555 0.04710616591972794 0.18401231756342218
0.14874138671722426 0.6971652710469805 0.03582579831438226 0.11826754392141303
0.32783075020539776 0.17146624990523285 0.46989777401158916 0.03080522587778023
0.007713667317334472 0.8055036710703274 0.05990356753329207 0.12687909407904607
0.3925254620750772 0.2507106410888251 0.048583575321530015 0.30818032151456765
0.7661186313720085 0.1794176276697782 0.03690345920582605 0.01756028175238722
0.5161664715570445 0.3372681279179168 0.017230743353305877 0.12933465717173276
0.5630449235923632 0.37492400211506616 0.060994992509510904 0.0010360817830596947
0.04095008744288198 0.496394532757661 0.07886334240952675 0.3837920373899303
0.12682815343460896 0.25874468007294016 0.5288675972880968 0.08555956920435404
0.2871399442716809 0.19934218628092115 0.4618603751002588 0.05165749434713918
0.22213702297526816 0.48472631417948064 0.26471313375264194 0.028423529092609257
0.5098156818212571 0.1184141612781775 0.3013429696498118 0.07042718725075359
0.12217133094164534 0.28953036451782277 0.07115796160756016 0.5171403429329717
0.021977495277442083 0.31256841014530157 0.6342641547378738 0.031189939839382563
0.06609480201595608 0.12711082662609263 0.32842326691020785 0.47837110444774344
0.009576272764185267 0.0040181269453986035 0.3512564716086308 0.6351491286817853
0.22400794340064112 0.2927753930603062 0.36172593266574604 0.12149073087330664
0.07634098888665986 0.4172284395645003 0.23640088279923055 0.2700296887496093
0.0893184328568466 0.6733387448817096 0.19398507272415544 0.043357749537288326
0.19874891199696232 0.3662703437105095 0.3510790169221152 0.08390172737041302
0.28204578234389155 0.042783500029790145 0.5018436111007377 0.1733271065255806
0.36108479529428883 0.3282231744097739 0.18601290503211654 0.12467912526382074
0.24630446935898098 0.0013720528607127358 0.6512332601245286 0.10109021765577764
0.21775185118765394 0.48677719879416737 0.24025935642318097 0.05521159359499772
0.542001823769638 0.126386466317579 0.24810063995475562 0.08351106995802737
0.2948764121633155 0.21948153758221345 0.09261070673879057 0.3930313435156805
0.4498580019511258 0.10971101793851434 0.2842692124047691 0.15616176770559076
0.12481460162540658 0.5844181438767707 0.11172723383656846 0.17904002066125424
0.3059561684212585 0.39351514558408596 0.2948944335369217 0.005634252457733857
0.11462059868440189 0.45401362158704195 0.22507622426009788 0.20628955546845829
0.02337627536652309 0.2822733155325241 0.5507532250778364 0.1435971840231164
0.20221867570420304 0.6027699076929501 0.12121096947250742 0.0738004471303394
0.008567437747802775 0.023829725787042566 0.2259312741247349 0.7416715623404198
0.6018939294902158 0.10281005157512901 0.2825990739408919 0.012696944993763282
0.03382864405578645 0.41943506785147544 0.3951009815221753 0.1516353065705628
