51 100 4 253.1142707228828 506.2285414457656
7.081582739531971 1.4024096398265145 4.0897330528833304 6.796177543178478 3.5579169886626056 9.544040259850046 2.4190315189638754 4.491756661804861 6.309943088250829 5.390162121815565 2.5690904742170915 2.963643050648896 6.820709897845528 3.2484826822810113 4.692231874914458 1.4295320469678625 3.911934664323683 3.629815828390938 5.008694526401623 1.5424732506568244 7.7917455265660704 7.55839747397056 6.082848448520835 7.427092558707146 6.241204724951688 6.7522520223915 8.156788556994037 8.825415039139084 4.1499270842064515 3.77109754577186 6.433515414741037 4.349333608491711 8.773971757841347 7.404340779158669 4.8072413820696775 8.89443044230805 1.1719288552046567 5.118158636636846 2.5220241264926275 8.58587255374768 2.120102284916487 7.686284869555087 8.6284095012821 2.5694686623299656 3.4427165335446537 9.292808213165262 6.845924587247051 3.851603350505845 4.735339348847216 2.479768215323018 2.767681263543271 2.7747103775542765 8.673246167823262 7.200770957057103 1.9197424771099163 3.94053656742779 6.225225200247053 1.1073090331636855 2.9595909375825946 7.286349413533672 3.470822677534824 4.392672404133249 1.374894814080935 1.6679085456387077 3.279883847937236 1.2573490377661276 2.5703870877152997 5.173134489301055 8.2367458767922 6.868432977001357 9.135959971538371 6.733637435066085 5.816701575890798 3.8393704439633174 2.0075988447936846 7.066925184547139 5.50359396361156 5.347750661677859 6.407902389519607 5.637544639208599 8.989241042514454 2.1548756033521212 2.879100675994348 9.021173622382536 1.053994554071342 4.1727690150385595 1.0579128685251091 7.219687082454216 5.8075575240114645 2.215465938770822 6.858192760381112 7.13473001542648 2.6939957858652646 4.604089253870102 6.445275403236328 5.760507220649725 7.284721475019357 2.86519391338538 4.990022948938653 9.006281463073114
1.4163165479063942 0.2804819279653029 0.8179466105766661 1.3592355086356958 0.7115833977325211 1.9088080519700092 0.48380630379277506 0.8983513323609722 1.2619886176501658 1.078032424363113 0.5138180948434183 0.5927286101297792 1.3641419795691054 0.6496965364562023 0.9384463749828915 0.2859064093935725 0.7823869328647366 0.7259631656781875 1.0017389052803245 0.3084946501313649 1.5583491053132141 1.511679494794112 1.216569689704167 1.4854185117414294 1.2482409449903376 1.3504504044783 1.6313577113988074 1.7650830078278168 0.8299854168412903 0.754219509154372 1.2867030829482073 0.8698667216983422 1.7547943515682694 1.4808681558317338 0.9614482764139355 1.77888608846161 0.23438577104093133 1.0236317273273692 0.5044048252985255 1.7171745107495362 0.4240204569832974 1.5372569739110173 1.7256819002564199 0.5138937324659931 0.6885433067089307 1.8585616426330525 1.3691849174494102 0.770320670101169 0.9470678697694431 0.4959536430646036 0.5535362527086541 0.5549420755108553 1.7346492335646524 1.4401541914114206 0.3839484954219833 0.788107313485558 1.2450450400494106 0.2214618066327371 0.5919181875165189 1.4572698827067343 0.6941645355069648 0.8785344808266498 0.274978962816187 0.33358170912774154 0.6559767695874472 0.2514698075532255 0.5140774175430599 1.034626897860211 1.6473491753584402 1.3736865954002713 1.8271919943076742 1.346727487013217 1.1633403151781596 0.7678740887926635 0.4015197689587369 1.4133850369094278 1.1007187927223119 1.0695501323355718 1.2815804779039213 1.1275089278417199 1.7978482085028908 0.43097512067042426 0.5758201351988695 1.8042347244765071 0.2107989108142684 0.8345538030077119 0.21158257370502181 1.4439374164908432 1.1615115048022928 0.4430931877541644 1.3716385520762224 1.426946003085296 0.5387991571730529 0.9208178507740203 1.2890550806472656 1.1521014441299449 1.4569442950038716 0.573038782677076 0.9980045897877305 1.8012562926146227
0.7988417708079415 0.08022197020838429 0.06683000744322654 0.05410625154044768
0.048837312695234725 0.2634771411313279 0.292196869547949 0.39548867662548837
0.25350302755533494 0.6449556524533653 0.08434204088078612 0.017199279110513666
0.39832616326346537 0.034004816471602695 0.19545200646798133 0.3722170137969506
0.042693217596753374 0.5543418484686239 0.36060890657808053 0.0423560273565422
0.3862733543078446 0.05485361032819003 0.5416523934243637 0.01722064193960171
0.2312444261405272 0.5959626809782972 0.08543440138304925 0.08735849149812636
0.4201208659644594 0.10398666351666563 0.4276015266473302 0.048290943871544756
0.05570066485194414 0.2504610599520031 0.377444533862788 0.3163937413332648
0.11102613713211695 0.5477116513667768 0.33631587818755226 0.0049463333135539855
0.48789521924254475 0.42323156265179307 0.0389359863474984 0.04993723175816378
0.5071999004302182 0.40127052331966473 0.06619698353096981 0.02533259271914723
0.037842748305568774 0.3818241115456802 0.45049361894046036 0.12983952120829068
0.06308765546426032 0.3971745127618591 0.25973154904509554 0.280006282728785
0.5875717537232402 0.004178865966662837 0.2472737641057171 0.16097561620437983
0.10897234248733945 0.12571971179826924 0.5927568094057853 0.17255113630860597
0.11543532744378304 0.37011068857926366 0.11781716126414365 0.39663682271280964
0.14423524153423595 0.24531574953040525 0.2049291494612372 0.4055198594741216
0.40455521511373593 0.040488336851022155 0.497307377339545 0.05764907069569691
0.35458498295543517 0.36053613735608203 0.2542082610218003 0.030670618666682525
0.23905049132545952 0.027254536523402262 0.3309908137009484 0.4027041584501898
0.32147982231337946 0.19747009512526936 0.04635856404268213 0.43469151851866905
0.7408272834248666 0.07228477568719749 0.052053211053474824 0.1348347298344611
0.3749597868681135 0.04524474437564896 0.5003718401185584 0.07942362863767916
0.13060365511466032 0.2934259345543998 0.4800811962276338 0.09588921410330609
0.15686025726169206 0.48635362605600163 0.07303029348990575 0.28375582319240056
0.19938596711146406 0.27350466256917316 0.10573874006503525 0.4213706302543275
0.34364846263235393 0.1791622466206475 0.02851941802678215 0.4486698727202164
0.017196408493772908 0.6565421203027212 0.08810826968131025 0.23815320152219566
0.6400655963412384 0.26001130488579216 0.039978325503052026 0.05994477326991743
0.1470069200234655 0.11849187166311936 0.034698615223261564 0.6998025930901536
0.1913390384843634 0.2591785702218655 0.03696119337975645 0.5125211979140146
0.09742262034663018 0.7378105556431844 0.03184819093426017 0.13291863307592522
0.03667037496413594 0.018802091783016284 0.3927369658605646 0.5517905673922832
0.10334450758013891 0.026118840919967523 0.11883898892674538 0.7516976625731482
0.68610954789605 0.10642910189869459 0.04436787427078581 0.16309347593446955
0.2461652873110154 0.04336643543652463 0.03361547672066334 0.6768528005317966
0.2570762362781972 0.2162284559916544 0.49486445441024174 0.03183085331990665
0.2627804788332765 0.13156677441840614 0.028461409354340605 0.5771913373939768
0.12761634540888844 0.05105561422699001 0.75418043965731 0.06714760070681158
0.19601095695014215 0.44897819376205494 0.19920603422190153 0.15580481506590138
0.5522306809253388 0.0783495408574495 0.3031691598303009 0.06625061838691082
0.22333958924557307 0.061452126876404556 0.29287486659802486 0.4223334172799975
0.14639621495299715 0.17317014022219313 0.6123061107014193 0.06812753412339045
0.1561202299302621 0.21290806196297096 0.18050381041111252 0.45046789769565443
0.619792248852576 0.18022716191708976 0.05338718778738438 0.14659340144294986
0.3841146491416938 0.05812307338436162 0.017188064107353074 0.5405742133665915
0.5872202974484246 0.2564368105406186 0.12023946491884796 0.036103427092108786
0.0816602631307416 0.14031733229689303 0.13528786549846206 0.6427345390739033
0.4300622280274772 0.038958565906928366 0.3699765260413903 0.16100268002420415
0.008495692103709929 0.5892085363136961 0.3649489445141967 0.037346827068397315
0.04415666391027173 0.7498902536987344 0.06154581501916867 0.1444072673718252
0.037924990023521454 0.013401975514665265 0.5134753315554241 0.43519770290638915
0.14082820855310219 0.12721168395743654 0.01105222950454443 0.7209078779849168
0.4708142192052225 0.20769809573665865 0.012883985098251949 0.3086036999598669
0.11806349429426255 0.68237974715558 0.056330515283401605 0.14322624326675581
0.3203693693633486 0.13416746785913958 0.11886215852132265 0.4266010042561892
0.007229324880731913 0.10970308332218037 0.4485896287808526 0.4344779630162351
0.2517396320542796 0.4477873703410845 0.15927975979927966 0.1411932378053562
0.013290792620142766 0.18894405340772502 0.43926710989214235 0.35849804407998986
0.08046175282769263 0.3722435786753764 0.34484051208294264 0.20245415641398834
0.0996287142080089 0.365054170893216 0.13900847443402842 0.3963086404647467
0.195900016055086 0.22286582037971792 0.13706488674770423 0.44416927681749185
0.45431570819474265 0.08056534807077165 0.40694942428048 0.058169519454005725
0.10848600047841617 0.19926747452320737 0.006066753536098202 0.6861797714622783
0.126149430675503 0.4075321280688142 0.10891721565305756 0.3574012256026252
0.02854818503641099 0.37606131103698903 0.5197653799465574 0.07562512398004262
0.09083475478101222 0.35696736578842614 0.20027709391567683 0.3519207855148848
0.4722208388052651 0.38768657278566265 0.08674960392072706 0.05334298448834518
0.32107896078717724 0.12389172608301802 0.37952365355003126 0.1755056595797735
0.008020067067220915 0.06672523122674268 0.4430195161207079 0.4822351855853285
0.21256959159041222 0.14278642352657456 0.4006883026928013 0.2439556821902119
0.008597760428377454 0.032362340174988846 0.25441006349134765 0.704629835905286
0.015668814174939594 0.04389590964230228 0.40408536051650046 0.5363499156662577
0.11744417502744597 0.14896951076873644 0.34156823126579283 0.39201808293802476
0.06587403760425692 0.025798126306789237 0.5922369194795584 0.3160909166093955
0.27850661563610235 0.4261279117307978 0.07924202764254618 0.2161234449905537
0.2603859007397179 0.45202640052285226 0.2782320789881604 0.009355619749269461
0.29720549203546487 0.06908750852841572 0.406896001434767 0.2268109980013524
0.029335507705208763 0.7057257988139581 0.23513166027849852 0.029807033202334576
0.14949512969529444 0.2008967943592994 0.10516368948194188 0.5444443864634643
0.26727381134332395 0.5404803344636406 0.06352699002509099 0.12871886416794442
0.6419962803741652 0.004915560724110812 0.024416346019569657 0.3286718128821543
0.06694568032564363 0.060060885231840166 0.11172047443226407 0.7612729600102521
0.2169679261234857 0.21799864269685998 0.5311354638138823 0.033897967365772
0.582962608209524 0.34096379618780914 0.0012931882905422576 0.07478040731212465
0.11539920124402514 0.02805727475996822 0.16795754909126148 0.6885859749047452
0.6726427331460453 0.2583933794328994 0.0633141104144086 0.005649777006646706
0.014071963932482667 0.05996421217990766 0.21577711563041635 0.7101867082571933
0.017892636074490764 0.5138404787538634 0.14614174684647308 0.32212513832517276
0.533881493565883 0.058103637267107655 0.3571308828499642 0.05088398631704516
0.3965079289515363 0.09193544191101244 0.3478944104131353 0.16366221872431597
0.3436751053980225 0.37909609721806725 0.26996905535530336 0.007259742028606908
0.32223646556284125 0.32158899554026865 0.10743908561982995 0.24873545327706015
0.1285364412899952 0.14804986414716959 0.26189936377740697 0.46151433078542825
0.32572798406066517 0.16148293466856145 0.17803369624482557 0.3347553850259478
0.3529390012529242 0.0642421089988674 0.3330893756009765 0.24972951414723188
0.1063337724868797 0.2963991028296722 0.5297504881033708 0.06751663658007734
0.4943601311056831 0.02865487945448031 0.39605254067264595 0.08093244876719063
0.04556697283869038 0.0028612986521842076 0.4684682058702855 0.48310352263883993
0.1001826524548296 0.04050837560290077 0.566122251851944 0.29318672009032565
0.32006464140661606 0.264397669933359 0.25204525774144937 0.16349243091857557
0.03030897441866809 0.18848196079000656 0.23142392372823373 0.5497851410630916
0.12370521710620608 0.02764215905976053 0.2233172711251713 0.6253353527088621
0.014417203985236382 0.720909497152197 0.09105108069233614 0.1736222181702305
0.08668495560529477 0.5160953946326692 0.1466879122426218 0.25053173751941427
0.09071632059714263 0.21899152126427557 0.0896377295544285 0.6006544285841533
0.3559533794425288 0.1644922126755528 0.35234619696257163 0.12720821091934675
0.28700769580892604 0.3315058712572767 0.055671041467012294 0.32581539146678495
0.5261869851824212 0.09347966778782624 0.377832338708889 0.002501008320863529
0.5043112418942842 0.00013512921534863942 0.3938150893455409 0.10173853954482626
0.1468317085644505 0.5059658764859952 0.3106798687376906 0.03652254621186368
0.03677582554838332 0.36372380436604435 0.13433762163732854 0.4651627484482438
0.5974358209720746 0.08181892845575822 0.14027940279176276 0.18046584778040442
0.20180416247482402 0.1993676026228367 0.39520149462589615 0.20362674027644312
0.1363776552024516 0.7238390814124582 0.1284770106657357 0.011306252719354482
0.6352552819335276 0.16656252722591247 0.04522767399342498 0.1529545168471349
0.5940440910593291 0.16640055646426266 0.1663590571247694 0.07319629535163885
0.014423243377552963 0.2205112200354451 0.30478886213021406 0.4602766744567879
0.1777977043283665 0.6679339853233683 0.12608584952842417 0.028182460819840993
0.18972249256656093 0.12075187449303226 0.596467776399673 0.09305785654073384
0.20775925550184393 0.0022114356052910233 0.5473273903736131 0.24270191851925194
0.12546428489810302 0.2059228659842708 0.25152070472683397 0.41709214439079223
0.5795200108757105 0.0005681698731572205 0.23080752301964746 0.18910429623148484
0.24001120434671597 0.2164213130267637 0.34460687840265347 0.19896060422386685
0.04754631272265364 0.4299276486037982 0.20290113503274299 0.3196249036408052
0.3107783336396087 0.05086766880326332 0.03866924110586789 0.5996847564512601
0.05394104102624475 0.06799039912131544 0.22952492460154805 0.6485436352508918
0.18996058973415386 0.09643062781154832 0.6916919208292694 0.021916861625028372
0.2622575843024175 0.0032360129861234155 0.658648682032548 0.07585772067891106
0.0041454042313781025 0.22081445304337177 0.1329118747729664 0.6421282679522837
0.2623672913215499 0.03184249327481248 0.3146082359239383 0.39118197947969935
0.1501998920762455 0.4598370152394712 0.01526873596290812 0.3746943567213752
0.07741276529844421 0.5737293192795072 0.11664431403510822 0.23221360138694036
0.5632560181816925 0.16397538416294843 0.1620761659915163 0.1106924316638428
0.039696563782517846 0.4171222856095378 0.5377166226696616 0.005464527938282782
0.0632484249710843 0.7219141165501034 0.04406841769483416 0.17076904078397814
0.17264497683937896 0.3069134133383342 0.5094781413070882 0.010963468515198582
0.14885924808535267 0.11863136728986956 0.06087126272929688 0.6716381218954809
0.07459302799075618 0.4283541627979488 0.46074703394121785 0.03630577527007717
0.2023040799563458 0.43800097734318755 0.12266844376035291 0.23702649894011374
0.026150679777719454 0.16095283009211414 0.004242501212321836 0.8086539889178446
0.06776945806425239 0.020871238597010344 0.8506898065676193 0.06066949677111799
0.05383026019769177 0.44155315919836313 0.3805014988457287 0.1241150817582164
0.3512862123867545 0.3578186503940092 0.0062470272849993735 0.28464810993423695
0.11213335802471447 0.2616461212503197 0.35438601714802553 0.2718345035769403
0.2611060404028953 0.5640098172096947 0.07368887320576056 0.10119526918164945
0.15921218200266984 0.3759289630079359 0.3903475792904195 0.07451127569897475
0.2853571928576729 0.21096671022934166 0.35950572329927266 0.14417037361371277
0.00634593281658713 0.8367430637295782 0.11411902845506416 0.04279197499877052
0.4684760821461834 0.16244856309651312 0.22757248484058734 0.14150286991671612
0.05970579065403003 0.2005091397511365 0.6861285834280924 0.053656486166741124
0.10581270499539186 0.19077327111339393 0.6876311954608838 0.01578282843033041
0.04902154219463617 0.2847183409650472 0.22962304931325095 0.43663706752706566
0.49897694332015385 0.3778284288307706 0.01623942680480228 0.10695520104427325
0.20866758419204168 0.393868951175965 0.09118564675874452 0.3062778178732488
0.08229110228420589 0.3490963933827752 0.46350192035565996 0.10511058397735895
0.7259688191227004 0.09847420427265463 0.06803637216543734 0.10752060443920763
0.10045950739921727 0.2178293401262711 0.5439782718772372 0.1377328805972744
0.12614629993887538 0.3099366434992613 0.21686379545162882 0.3470532611102345
0.16983583268172397 0.15758108128309445 0.376152798779514 0.29643028725566756
0.3892109413026469 0.40531823246671816 0.025495214768947005 0.17997561146168795
0.040282616234630364 0.30157384170762935 0.492228486571168 0.16591505548657226
0.3064656125174978 0.24084548097167235 0.07773973437918691 0.3749491721316429
0.0850839284143361 0.3987628981604171 0.29098580381339967 0.22516736961184713
0.12373029473395336 0.355130644351792 0.4602191778704434 0.06091988304381124
0.3363595077069884 0.38955542890988604 0.19326661598559058 0.08081844739753496
0.05524907565574222 0.4614324302291021 0.3081733560554505 0.17514513805970522
0.17329821646302623 0.46472987078183037 0.35366676209890957 0.008305150656233828
0.10754911424479308 0.4311506216744365 0.3167492987233982 0.14455096535737222
0.21228356010855265 0.30735759359086623 0.24438198339677075 0.23597686290381037
0.27435475973097456 0.23263547967731169 0.48489241520130155 0.0081173453904122
0.02689811006399523 0.23988376664754496 0.6208982677261213 0.11231985556233848
0.20538840204922681 0.6133078720357584 0.03986248362646061 0.14144124228855415
0.11866145854390264 0.40679637734797414 0.1473643013571494 0.3271778627509738
0.4232170757447282 0.08843751310776449 0.13010905363873848 0.3582363575087688
0.3509003385284112 0.11956914598801993 0.17429109261684805 0.35523942286672083
0.2031835287981708 0.09429969159009388 0.2074655469032678 0.4950512327084675
0.010604430169655399 0.07695150633076153 0.7185935728326348 0.19385049066694826
0.005331184353188578 0.41599225185982014 0.42400761889870087 0.15466894488829042
0.010557824451576714 0.2369235867425591 0.0457083112251816 0.7068102775806826
0.06160355072214918 0.040600169934484676 0.778675851597428 0.11912042774593812
0.49910527653596026 0.09630499037715867 0.01460265178216924 0.3899870813047118
0.020376758287054875 0.033733963039461634 0.5975885298657171 0.3483007488077664
0.0007814014370680633 0.052782224821081636 0.8620708167989373 0.08436555694291303
0.5577030260917596 0.18166533141599295 0.033151950417259934 0.22747969207498753
0.7288358709608888 0.06261209244137345 0.0842769401498138 0.124275096447924
0.045536925003927364 0.06502789086550642 0.24813979969902955 0.6412953844315367
0.009899769402308078 0.08820209010624802 0.7766628904878514 0.12523525000359248
0.2391626088760137 0.18206811549787683 0.024770896727120628 0.5539983788989888
0.149097562375322 0.09769748008528722 0.19245595935433657 0.5607489981850542
0.5404837606287178 0.04107357745487672 0.16266271821954148 0.25577994369686397
0.21286157871685574 0.06393557918532922 0.5679427694737638 0.15526007262405128
0.06907052549880854 0.0903437043534212 0.6328541425798274 0.20773162756794283
0.01869062417682521 0.6069122841154917 0.36350683049645893 0.010890261211224161
0.4800290470297499 0.001963068779886279 0.4731664442426622 0.04484143994770162
0.007724419370346958 0.032641742515620686 0.5623124738104521 0.3973213643035802
0.0598609301002182 0.20610318978182007 0.6535346949215044 0.08050118519645733
0.037657638321270004 0.2051129588430145 0.26961064727099593 0.48761875556471956
0.18937248878121304 0.23018271266435297 0.015368643972612839 0.5650761545818211
