36 70 4 169.58106395257462 339.1621279051493
7.556564724361531 6.41452791133192 9.569626006654124 2.288561029489274 8.266232168831483 4.268931368689261 2.6790113106038427 3.3323611445915247 6.667861083507543 1.2930482938503638 9.525088658595344 9.138864192563856 5.951171400596491 2.7730745887667245 3.0882954834705365 1.021293775397902 3.034499904770371 4.378089137995842 5.074693348072057 3.2147127106682754 5.141139216921088 2.893662805984956 7.037999921823656 5.065922799142123 6.334163160979067 3.943108787361089 3.0159141664147633 2.940562283792678 2.545163504221028 1.2041131783187444 6.661620698527605 5.782718229116593 3.190528326750615 5.723452872094174 2.568048898153292 4.07742177101877 9.983604841343825 3.0919320942882496 1.22875190624598 2.356596139228432 5.348660506256771 4.1838614472390825 6.757923101158258 4.774717663277958 2.683087642983115 4.1658819087753445 5.340174614527091 8.218083708760574 4.6254135842423025 4.941938461908845 8.857374056575843 2.7679666819881232 7.49544857786998 7.121441695063474 2.848810229403307 1.7471140504416804 2.865738691242824 8.819597387300169 7.452560773339851 7.008735414819645 4.6025081007052595 1.6957349599582585 3.0781378620669675 2.8112974070770482 2.459079237039988 9.524216607500602 3.2558013853735 9.125671567635292 7.939655454011813 2.3225612820713133
1.5113129448723062 1.282905582266384 1.9139252013308248 0.45771220589785483 1.6532464337662964 0.8537862737378521 0.5358022621207685 0.6664722289183049 1.3335722167015087 0.25860965877007275 1.9050177317190689 1.8277728385127712 1.1902342801192982 0.5546149177533449 0.6176590966941073 0.20425875507958038 0.6068999809540742 0.8756178275991685 1.0149386696144114 0.6429425421336551 1.0282278433842176 0.5787325611969912 1.407599984364731 1.0131845598284246 1.2668326321958134 0.7886217574722177 0.6031828332829526 0.5881124567585356 0.5090327008442056 0.2408226356637489 1.332324139705521 1.1565436458233187 0.638105665350123 1.1446905744188347 0.5136097796306583 0.815484354203754 1.996720968268765 0.6183864188576499 0.245750381249196 0.4713192278456864 1.0697321012513543 0.8367722894478165 1.3515846202316515 0.9549435326555915 0.536617528596623 0.8331763817550689 1.0680349229054182 1.6436167417521148 0.9250827168484606 0.9883876923817689 1.7714748113151686 0.5535933363976246 1.499089715573996 1.4242883390126948 0.5697620458806614 0.3494228100883361 0.5731477382485648 1.7639194774600337 1.4905121546679703 1.401747082963929 0.9205016201410519 0.3391469919916517 0.6156275724133935 0.5622594814154096 0.4918158474079976 1.9048433215001204 0.6511602770747 1.8251343135270583 1.5879310908023627 0.46451225641426264
0.3182165971684565 0.3455456841937823 0.2206680054320549 0.1155697132057063
0.7122919451793149 0.07458792457763674 0.18030028879080096 0.03281984145224737
0.12481023203090114 0.14517237055071586 0.7232888878715745 0.006728509546808481
0.011134131546525206 0.4128291732878675 0.5272084556711274 0.0488282394944799
0.8346712784970781 0.10299602017706333 0.022947272720942213 0.03938542860491634
0.1815335527484172 0.0584957600770748 0.29497383124896936 0.46499685592553863
0.08497961390002984 0.22387927216230252 0.32000958103827004 0.3711315328993976
0.5092201227544335 0.09214545192397183 0.13188120175637397 0.2667532235652207
0.4436152299391738 0.3541353357513132 0.09804134433204004 0.104208089977473
0.22273906702959434 0.582743292436611 0.13194650730088786 0.06257113323290675
0.21503144759329162 0.1979243650804947 0.40377145046225293 0.18327273686396073
0.3288737143608237 0.02041349135624826 0.25121859963160487 0.3994941946513232
0.17416937094190243 0.2167209366145928 0.08737848424209149 0.5217312082014133
0.7942409300927656 0.05641087500973485 0.11860549881564575 0.03074269608185376
0.22454207137504067 0.29545903519328276 0.15399877512450955 0.326000118307167
0.14506527197206232 0.14176213328302778 0.6254578523068711 0.08771474243803878
0.5828966914265736 0.06886042692285588 0.105557855155334 0.2426850264952365
0.393825535659339 0.06931574894524628 0.45738813646963583 0.07947057892577891
0.14181403341004506 0.21299357451576018 0.3402089515573741 0.3049834405168207
0.447882620517436 0.16385220579081738 0.38348343747094005 0.004781736220806576
0.3947560715690017 0.2006855727045067 0.22209249695043443 0.18246585877605714
0.2868812534858374 0.03984982547719018 0.24446882544317372 0.4288000955937987
0.018272276526084652 0.06230576350770978 0.5161551387449052 0.4032668212213004
0.11565142381607696 0.23312176350693237 0.5294771559559258 0.12174965672106486
0.08785602121064096 0.49765590074946986 0.283911021239731 0.1305770568001582
0.11266037012092156 0.4718387060384932 0.37593802663479114 0.03956289720579409
0.13056945926866803 0.03992778701019739 0.6056123623654611 0.22389039135567346
0.02512937078282218 0.27285138487380267 0.1857347894518837 0.5162844548914914
0.9190409187842812 0.02006959995605062 0.010448746726942404 0.050440734532725795
0.32301370312390065 0.11693393902243199 0.4787695199490387 0.08128283790462865
0.3282337355345488 0.011067072752704465 0.6160445683777837 0.04465462333496306
0.41227240540440047 0.35500191648263524 0.12716559218512957 0.10556008592783472
0.17134702238076327 0.5449905744200273 0.12022132843025857 0.16344107476895087
0.252313500632504 0.10386954544021942 0.12132985320824774 0.5224871007190288
0.16035635581843177 0.22628615436586352 0.4401016928920405 0.17325579692366422
0.5246012772511951 0.038198347243577846 0.012436582940401841 0.4247637925648252
0.17715640786402387 0.511382643505441 0.0683722486512921 0.24308869997924298
0.2678810416884332 0.2245313135204282 0.38768923607374717 0.11989840871739144
0.23998929639058741 0.07952978484931739 0.41419781442679204 0.26628310433330316
0.23943089251804817 0.3384193423247117 0.2789460630674365 0.1432037020898036
0.1097103733154502 0.19878333307635188 0.05266525830783797 0.63884103530036
0.14550795364966296 0.19525519688874038 0.29124303925986683 0.36799381020172983
0.1779950787016772 0.14329153684350382 0.613983617173625 0.06472976728119395
0.14633416154071388 0.3545886298157158 0.27400350934234186 0.22507369930122845
0.047629065558118966 0.27444696597722407 0.1970560428986048 0.4808679255660522
0.12786627938350925 0.051800063455797574 0.14200994044064352 0.6783237167200497
0.004442744200772508 0.6262637205871328 0.09396563812350456 0.2753278970885902
0.13356881535240828 0.009101490787467581 0.5947032040810396 0.26262648977908454
0.5816803650176137 0.14287698131022186 0.18633734856428696 0.08910530510787751
0.07540338960995563 0.6194209580133606 0.27450216683616424 0.03067348554051952
0.1746461997452321 0.3192241387718895 0.1432974024886292 0.3628322589942492
0.0672750331885642 0.00254064819650901 0.7783534115338919 0.15183090708103486
0.11250748418533263 0.24539765419489512 0.06975697847951079 0.5723378831402615
0.14035385319853644 0.5636268441669567 0.07903551548693677 0.21698378714757005
0.500155551173277 0.120448068006479 0.3716981529823151 0.007698227837928839
0.25161340563540324 0.5132104602771175 0.012415264448832564 0.22276086963864672
0.11904763230081838 0.15590121490817987 0.5784886215501924 0.1465625312408093
0.027053731394722003 0.6587849248173898 0.03423620381767922 0.27992513997020896
0.5884917935454423 0.049470135045141195 0.10255131996271738 0.2594867514466991
0.06807340034396314 0.16950533357031772 0.29283170487816146 0.4695895612075577
0.3796174245029089 0.13123025555363754 0.4394421755897562 0.04971014435369736
0.35653561777255693 0.21074698957592253 0.11475106432350324 0.3179663283280173
0.2720631047616261 0.35113598657172673 0.07753065382753122 0.29927025483911596
0.0024613585863427767 0.4349297556885968 0.2316594023216202 0.3309494834034402
0.22709494313731227 0.2185958239908905 0.11462379461056116 0.4396854382612361
0.1003779459001678 0.07032757766409303 0.0013374509190982042 0.827957025516641
0.10420739221492437 0.14776199644122257 0.71078668131474 0.03724393002911308
0.10102022930459387 0.09174263866878973 0.12206497664788407 0.6851721553787323
0.5214455163623518 0.29913678863259496 0.06371659701298915 0.11570109799206407
0.2394184063024517 0.24393360277449316 0.36104755622202367 0.15560043470103146
0.07505873780081751 0.37565648938360885 0.1814542484652767 0.36783052435029695
0.33458639377540567 0.16540612468979465 0.3690884196534925 0.1309190618813072
0.38549435136733545 0.17640333485225912 0.32834198035413575 0.10976033342626967
0.1777520084161225 0.07667897110670852 0.5172491889770662 0.22831983150010282
0.3674047532916348 0.1230983243283783 0.2833014627016225 0.2261954596783644
0.14814689934151082 0.43245303473750063 0.20425543241352617 0.21514463350746238
0.18395653298413783 0.4026088603628458 0.2671432844593691 0.14629132219364727
0.2677455681933064 0.03737017181415914 0.28104689705159835 0.4138373629409361
0.16111788293748974 0.7550647812960308 0.019011030423376374 0.06480630534310305
0.07234999067650782 0.00901254876605273 0.8475158459621178 0.07112161459532162
0.18219733244591219 0.3231690217880798 0.23550758245083658 0.2591260633151714
0.4004889606342268 0.38048384806375113 0.02162612474885961 0.19740106655316247
0.38369830586005793 0.15343490050851594 0.4084581818020293 0.054408611829396825
0.018651759739112594 0.32659500274252085 0.12691363135640354 0.527839606161963
0.4600931393737876 0.004210858376947457 0.1775770000650475 0.35811900218421744
0.2281201664037107 0.257451751319844 0.3555662256155335 0.1588618566609118
0.5682613375214154 0.015430084573026304 0.3242370783648628 0.09207149954069549
0.10185524734338003 0.22004939674536173 0.4878613876824671 0.19023396822879113
0.20888911626634699 0.7507959474295153 0.011478897418711553 0.028836038885426185
0.030313599362268517 0.612144974908729 0.09992892071789372 0.25761250501110877
0.14146383935849727 0.45788633156757863 0.15637810144255637 0.24427172763136773
0.3947893449142662 0.12272960805335931 0.2691347289330759 0.2133463180992986
0.2423678231591775 0.025673774135719363 0.2853829348699207 0.4465754678351824
0.04943793435365995 0.7254901001953907 0.10504545508274332 0.120026510368206
0.30338398086120266 0.1641429521885216 0.26914413629006073 0.263328930660215
0.1937875047586135 0.021647952794621728 0.375007147674129 0.40955739477263575
0.3267638930540663 0.06535991570260435 0.16254975641662017 0.4453264348267092
0.1553056850142719 0.4835544996228377 0.33340652416172256 0.027733291201167853
0.1627328339159949 0.13987505592773564 0.3587542054908819 0.33863790466538757
0.3387696463009514 0.3964449213146346 0.07419156601903187 0.19059386636538211
0.281500583774537 0.5845423817955866 0.030026658714834897 0.10393037571504149
0.4424980145686638 0.33618596015375524 0.02245757047385122 0.19885845480372977
0.27488447915182457 0.23715210964910294 0.3738113496225438 0.11415206157652869
0.4568026629314119 0.024062338557561125 0.2771170953866028 0.24201790312442417
0.16206400614183758 0.042839124186831556 0.38812138521059536 0.4069754844607355
0.010517951278532833 0.47700259184239857 0.22133246583831245 0.29114699104075614
0.17232645577163463 0.05877139341392801 0.36440961462872345 0.4044925361857139
0.009010884600033298 0.22286190856497323 0.12531275390967755 0.6428144529253159
0.12188562841392925 0.5366326767138245 0.2288356009190462 0.11264609395320002
0.2847635067933011 0.10314683037238659 0.2932038389835163 0.318885823850796
0.1212441886679273 0.26845291408355976 0.6068387986419442 0.0034640986065687107
0.43973586051137636 0.06149841335692907 0.3181847349154072 0.18058099121628735
0.47115701385638453 0.023742564476282313 0.15557565669801554 0.3495247649693176
0.1094638721790121 0.02690138535628317 0.8315250228064521 0.0321097196582526
0.016354097193481687 0.06784858611938371 0.264972775159541 0.6508245415275936
0.012948819533193268 0.5184348125929717 0.16905000215279364 0.29956636572104134
0.0968226363956487 0.09634978180813125 0.740953951395754 0.06587363040046601
0.18244393721828644 0.03547768179049071 0.6053790691803386 0.17669931181088427
0.34287925499302774 0.5031363564019486 0.010263675225199331 0.14372071337982428
0.09812382414285348 0.667135809289624 0.04178153565121978 0.19295883091630273
0.0008132726556593362 0.13508587889036783 0.7928966970816409 0.07120415137233194
0.16218752844877482 0.35067999530893534 0.12869185147507733 0.3584406247672125
0.19567190328261141 0.30617503816931313 0.142805764441447 0.35534729410662846
0.07456939920394567 0.7252158279736851 0.01692079692225612 0.1832939759001131
0.15393006619188332 0.10203399479965625 0.5273007186226687 0.21673522038579174
0.5154901422657185 0.04632884696563122 0.27325820619251284 0.1649228045761374
0.22277269845086756 0.0450509285593097 0.549391168511085 0.1827852044787377
0.37174881185554964 0.02401146267889942 0.4127201469210382 0.19151957854451274
0.30316511726829887 0.2248488283231188 0.15098536482733949 0.32100068958124284
0.1811610835825106 0.16031889695386425 0.062466005247320044 0.5960540142163051
0.749644994585526 0.004456316507138514 0.22219965981350875 0.023699029093826707
0.03130376103373633 0.4420161546866588 0.005780903919443081 0.5208991803601618
0.005789766283412212 0.07103092576543268 0.7737144678965036 0.14946484005465155
0.20237312939437968 0.3857855629274226 0.00502930874215235 0.40681199893604536
0.04876776900261959 0.2179101514773456 0.0039555076705792835 0.7293665718494555
0.028363986450643308 0.7735393736967265 0.16849924772757385 0.0295973921250563
0.3223736156380568 0.14438755701178174 0.27475378396368266 0.2584850433864788
0.11911005026751864 0.07533035849466052 0.5706225623498308 0.23493702888799006
0.3557322468223775 0.15806220341713395 0.14511412672240653 0.34109142303808204
0.013083374441851037 0.8408664192794156 0.12390304568973864 0.022147160588994685
