15 90 4 225.7721148000649 451.5442296001299
8.639359275417208 2.610063324288986 1.4892689287578829 4.253846014794006 3.478608357457708 5.770002024058828 3.753270241623244 3.740269232387288 2.0056714855803524 3.2490911249210304 9.258669080529062 3.3773216792803624 7.459963187262005 8.791435307711387 8.263715340208382 2.8949552439294517 2.5051872831080093 1.420357525138645 1.354800805817483 2.802077287979256 9.986890624544548 4.355082804950994 7.844592465360547 5.26126998414845 5.587437752358892 9.505345754713984 1.9850198350764694 5.18583844688352 2.273997339107213 5.84513885941233 3.6909879085022093 5.839706974769524 6.99064784042369 4.278959205113313 6.607167574011044 6.784523967206902 4.779836380876361 4.6291819060914605 4.513782934868866 4.6557057022524235 1.7169949485090803 1.5114808127087538 1.7049781776978001 7.261100295752148 1.2624306481462861 5.495431777561755 2.193708859700151 1.2768007019120664 6.7554048548249135 5.013983327676513 9.771459721475921 3.9678933913443224 2.758823408918684 7.1564159108206855 4.159889715404629 7.939325020053414 8.126195512325273 4.994871302128862 3.4194547113241627 1.2151397984906493 4.341993091910423 1.879577916902769 7.547702937201211 5.134999828021441 5.68446827328767 7.161121386131628 4.827612657631158 6.431257515801294 8.414641976107697 5.066841370984957 8.99150680929975 2.98359583006275 1.9614038654847157 1.1080911306646786 9.26147258786509 6.729095928050864 2.9778583360342123 5.927971902813752 9.2871970331248 8.880993478732167 2.1483293945683553 3.732883658084796 3.6576691452893675 6.12194533878318 7.69077666519399 3.970136667433008 6.470670766352756 5.6410781783347215 9.278206521609459 2.8122995006678058
1.7278718550834415 0.5220126648577972 0.29785378575157656 0.8507692029588012 0.6957216714915415 1.1540004048117656 0.7506540483246489 0.7480538464774577 0.40113429711607046 0.649818224984206 1.8517338161058123 0.6754643358560725 1.491992637452401 1.7582870615422774 1.6527430680416764 0.5789910487858904 0.5010374566216018 0.28407150502772904 0.2709601611634966 0.5604154575958512 1.9973781249089098 0.8710165609901989 1.5689184930721094 1.05225399682969 1.1174875504717785 1.9010691509427968 0.3970039670152939 1.037167689376704 0.4547994678214426 1.169027771882466 0.7381975817004418 1.1679413949539048 1.3981295680847379 0.8557918410226627 1.3214335148022087 1.3569047934413805 0.9559672761752722 0.9258363812182921 0.9027565869737731 0.9311411404504847 0.34339898970181604 0.30229616254175073 0.34099563553956 1.4522200591504295 0.2524861296292572 1.0990863555123511 0.4387417719400302 0.2553601403824133 1.3510809709649827 1.0027966655353027 1.9542919442951843 0.7935786782688645 0.5517646817837367 1.4312831821641372 0.8319779430809258 1.5878650040106828 1.6252391024650545 0.9989742604257724 0.6838909422648325 0.24302795969812988 0.8683986183820845 0.3759155833805538 1.509540587440242 1.0269999656042883 1.136893654657534 1.4322242772263256 0.9655225315262316 1.2862515031602588 1.6829283952215395 1.0133682741969914 1.79830136185995 0.5967191660125499 0.39228077309694315 0.22161822613293572 1.8522945175730179 1.3458191856101727 0.5955716672068425 1.1855943805627505 1.85743940662496 1.7761986957464333 0.42966587891367103 0.7465767316169593 0.7315338290578735 1.224389067756636 1.538155333038798 0.7940273334866016 1.294134153270551 1.1282156356669444 1.8556413043218918 0.5624599001335612
0.0016447577600704477 0.4188497387558515 0.1532571900469505 0.42624831343712755
0.015004156349900266 0.18571580995417747 0.7315573772368319 0.06772265645909037
0.5990396713972187 0.016360495520231666 0.006220167160935097 0.37837966592161454
0.009044383533662548 0.1123801213431267 0.5569502183621796 0.32162527676103114
0.20999573804245497 0.45575660579913213 0.2751265368347334 0.05912111932367947
0.40128849973594516 0.2817328511632654 0.3108933503286685 0.0060852987721209395
0.2154033690963183 0.15458587726975292 0.0640324251936849 0.5659783284402439
0.6781169710862006 0.03831658420047168 0.14349909601759514 0.14006734869573256
0.11538834870299763 0.4361335235910033 0.19391635532851226 0.2545617723774868
0.06600112254706125 0.5575809310713433 0.006620874578705083 0.36979707180289034
0.7612766711569552 0.027943057820307704 0.1805229830467352 0.030257287976001912
0.03612705238698832 0.06316350500544798 0.6980949383929437 0.20261450421462002
0.18474297802999107 0.5597707503184086 0.22399152236940756 0.03149474928219276
0.21738165701726286 0.03158326411780099 0.1895443881588249 0.5614906907061112
0.7698532438293518 0.05199326167552132 0.005965830591568189 0.17218766390355866
0.030873134596241747 0.4213928872504451 0.2960698054178015 0.25166417273551167
0.16787213484059926 0.09437546490483462 0.5550088611349252 0.18274353911964092
0.1585468371652191 0.3256652861997221 0.23334137758938533 0.2824464990456734
0.26826425539294463 0.043877281413340796 0.45705645094362535 0.23080201225008923
0.0073315085486058695 0.2018756192129627 0.2786794963633936 0.5121133758750378
0.2094201517943991 0.2786449354763699 0.13538617672385778 0.3765487360053732
0.2644763042373123 0.43862257185928377 0.20574953276783825 0.0911515911355657
0.026123872851089747 0.39365439668782454 0.2581229481850278 0.3220987822760579
0.015936433652146365 0.1284938103330051 0.08091929546621346 0.7746504605486351
0.5284065440430642 0.21414203117914032 0.11598754436486125 0.14146388041293423
0.24776276007443354 0.02171977709283568 0.678067103726662 0.05245035910606877
0.32233959235494003 0.6031390438054753 0.01991069251383626 0.05461067132574837
0.08258403571946071 0.567481887983015 0.15506043949681036 0.1948736368007139
0.06040716813355995 0.11387153860824073 0.6258321731206731 0.19988912013752624
0.25064275513904455 0.1678212443621785 0.5099019929728841 0.07163400752589288
0.6694029462121013 0.016565908152207376 0.12739529110127945 0.1866358545344119
0.3927243966621393 0.08115295139515988 0.5047056258504149 0.021417026092285907
0.06944861711891037 0.2626128493296468 0.49587344788825605 0.1720650856631868
0.25069695786415136 0.22446332523925794 0.11713181597196665 0.40770790092462406
0.0423843533949293 0.17673592360972146 0.5528497610195422 0.22802996197580705
0.4137737339418399 0.5192580415109429 0.059001342680355395 0.007966881866861786
0.07119029432072288 0.09652932291073335 0.5684287913668787 0.26385159140166503
0.22940538998195215 0.16226842103173145 0.07684996146424328 0.5314762275220731
0.5307177414357697 0.02057196077093182 0.166872091381291 0.2818382064120075
0.21965130223389528 0.4763701840118505 0.2259703590554515 0.07800815469880273
0.3983457517212088 0.1385195952743521 0.3474210288342565 0.1157136241701826
0.6122942199379403 0.30155394415467207 0.010842679557124701 0.07530915635026292
0.27245316628494876 0.1857915633845415 0.32168537569190814 0.2200698946386016
0.16246289295671446 0.3504453693380445 0.3658832316003643 0.12120850610487677
0.1400774452313912 0.14136514863909744 0.24144521906499483 0.4771121870645165
0.23494528842582862 0.08963745488205288 0.6295918345875671 0.04582542210455143
0.27479569082489963 0.35970753896035035 0.2979092350584871 0.06758753515626292
0.2566506548202463 0.0006316619079357322 0.5156045763254535 0.22711310694636444
0.09295844822640453 0.27067625824918673 0.4443856150802993 0.19197967844410946
0.16902762897776125 0.2025248124179092 0.28262926771325936 0.3458182908910702
0.15837764953054034 0.3412582647979824 0.15247737884696044 0.34788670682451683
0.3510307265594219 0.32586111909173354 0.2923888362524031 0.03071931809644146
0.12498032517357816 0.35962167543371504 0.3630727609723109 0.15232523842039591
0.10915397628833723 0.07618744821516332 0.17396750533181982 0.6406910701646796
0.004431500595257765 0.33783591862417506 0.4731283508837413 0.1846042298968259
0.014117552797614286 0.371463171557603 0.37907901063348515 0.23534026501129757
0.06637855862288944 0.6739585229863384 0.19641906388922192 0.06324385450155023
0.07256092793071645 0.44285550733431245 0.2940619146253327 0.1905216501096384
0.0015305757069687953 0.1612996683220087 0.5549797963790737 0.2821899595919488
0.3065075111655624 0.10339231742251953 0.5144502240560381 0.07564994735587993
0.7054193261138666 0.04084415161817956 0.24109523678587852 0.012641285482075326
0.1342294362586932 0.02042185288582088 0.4127528127545902 0.4325958981008957
0.0783707345766026 0.23029961432990187 0.3706922475848716 0.3206374035086239
0.3485977202104804 0.023878447619553378 0.45432971020317625 0.17319412196678996
0.4048062959423362 0.1972308592636085 0.24612525506917693 0.15183758972487837
0.0856036751180107 0.45436632649760944 0.05793905702274804 0.4020909413616318
0.3664194553274732 0.08100912949933003 0.2326439442048368 0.31992747096835994
0.334196221794947 0.12989516556808378 0.34581572169270736 0.19009289094426185
0.21980997388888435 0.263467573105039 0.06924324980982588 0.4474792031962508
0.16456379085694806 0.6656914214623643 0.013927247258655906 0.15581754042203178
0.3574896982521377 0.13390650634004997 0.06977908258696053 0.4388247128208518
0.01980614859064589 0.0533962366211872 0.8076318345440459 0.11916578024412106
0.27098517538194233 0.2917958495227354 0.019433431857526107 0.41778554323779615
0.24463685740621377 0.7070613178272939 0.01730407518387589 0.030997749582616474
0.0804141022081849 0.3126621307420542 0.11284257036595469 0.49408119668380623
0.2346080323835179 0.24634598754779624 0.39787585024169314 0.12117012982699271
0.009379422328582243 0.2326343702591266 0.3664417824921674 0.39154442492012376
0.048042628669234255 0.040249852614727355 0.35148590183511774 0.5602216168809206
0.37422707934576005 0.05468314456367407 0.36503524630855955 0.20605452978200633
0.44575237740218643 0.05277090454105615 0.016621394361004405 0.484855323695753
0.5339457782738669 0.040154161983683156 0.17776312337056177 0.24813693637188816
0.37285239938140247 0.2665448818114531 0.13489107669009048 0.22571164211705397
0.012178780072376383 0.09369470278288816 0.10556392105744772 0.7885625960872877
0.41391550603436067 0.10024610323605643 0.20720094408712209 0.2786374466424608
0.5085007892893103 0.052424532375701216 0.11109325473270526 0.3279814236022832
0.6589761432746107 0.0696347165106922 0.11702281816572313 0.15436632204897394
0.0409368447168037 0.026309456945874166 0.5583470530262709 0.3744066453110513
0.3185305062521535 0.03443392976752957 0.11213915098388483 0.5348964129964321
0.17271395471943496 0.38678191602662926 0.13312999101539347 0.3073741382385423
0.1990777018690172 0.35237789679906284 0.3460918591908154 0.10245254214110455
0.07173319673476697 0.4271841751170742 0.38145601012822317 0.11962661801993568
0.363290798030508 0.05788726123950394 0.4785493495409425 0.10027259118904552
0.13927871531915537 0.796983740947085 0.034679612046293884 0.029057931687465732
0.5173941425728488 0.02894490476025413 0.2284311925869612 0.2252297600799359
0.12398756441911152 0.24138013765252408 0.3975451394321651 0.23708715849619932
0.09621129351913138 0.49379416788656727 0.021503412142293232 0.3884911264520081
0.12915869529940904 0.09905378405513643 0.6218534671850584 0.14993405346039612
0.36501978739945595 0.01285618967890012 0.08787480185556695 0.534249221066077
0.15953575050217628 0.31280594362541303 0.1139270061667933 0.4137312997056174
0.29991891969923234 0.1932686175431284 0.31882615304340767 0.18798630971423158
0.12149158646230274 0.7172983411567934 0.025019300303381287 0.13619077207752261
0.3426550027332561 0.24418587673340564 0.38229017761729767 0.030868942916040587
0.07902950509210371 0.08798674036141219 0.7165194894336451 0.11646426511283903
0.10164343205158344 0.4110139977499281 0.4539548874913045 0.03338768270718395
0.04753698969229203 0.38757914103122804 0.5304854323294949 0.03439843694698508
0.19843054054272513 0.05433848655544482 0.3381269852493545 0.4091039876524756
0.13324374974499853 0.2771549309257698 0.5404621231930918 0.04913919613613982
0.14609124865294976 0.22376289367766877 0.23319403427098784 0.39695182339839363
0.540824693036656 0.19220602829821698 0.189148037225637 0.07782124143948999
0.8413234965408011 0.043280559379842765 0.011486488827865737 0.10390945525149042
0.2621881360813587 0.19299258800118335 0.0393298276650863 0.5054894482523716
0.2051949544912982 0.21177838615658773 0.13801900525927557 0.4450076540928385
0.020042648764431514 0.34489611051110924 0.34408916278821544 0.2909720779362438
0.5090010027717701 0.2188924956556334 0.21314189911051262 0.058964602462083904
0.40841077734630393 0.3920089767256161 0.07234545142003546 0.12723479450804454
0.1540113346811094 0.11017487071584575 0.5959431114835222 0.13987068311952267
0.26051744673573085 0.24280213715088206 0.25663728572102595 0.24004313039236114
0.053528109550113 0.1178917127949638 0.14030888823039034 0.6882712894245329
0.40250834314536 0.02705567022476707 0.17287580208374653 0.3975601845461264
0.31155852147103 0.5590816350968268 0.057622605759246714 0.07173723767289641
0.05719820305014256 0.2636994673943589 0.6191079571731077 0.059994372382390804
0.7596996443042733 0.1317338972004316 0.009285578542193695 0.09928087995310142
0.04275684111415434 0.09233141183678306 0.4819015843223947 0.3830101627266679
0.6823524940331293 0.25275038008408524 0.026825278005517483 0.03807184787726803
0.26267733568740925 0.6113786878113284 0.0876619374726878 0.03828203902857452
0.0014446131712595456 0.7068583290017556 0.15132408513513362 0.14037297269185123
0.23701682545985148 0.02326602874609862 0.71440188371155 0.0253152620824999
0.02376043597771016 0.03741522910192807 0.2477175135167805 0.6911068214035813
0.36863282446382717 0.4813399819876718 0.14609392216880512 0.003933271379695902
0.43810491758683967 0.10674029561390952 0.2855736987085927 0.16958108809065808
0.04987925451626962 0.1825243348301483 0.022227628649652886 0.7453687820039292
0.14886116166459085 0.6235074227573054 0.057055645685998524 0.1705757698921052
0.08300444961733455 0.23471321176354476 0.4627791195658131 0.2195032190533076
0.05767769217676777 0.47144660387068904 0.11978169815473794 0.35109400579780525
0.2388503381673568 0.24227589581499487 0.2989185503674112 0.21995521565023712
0.43506233209579703 0.2643267536389512 0.26309637529444085 0.03751453897081092
0.48568849249538815 0.040371072849175293 0.23942651832929618 0.23451391632614038
0.47328996329014317 0.2794135257106153 0.0031305418589689937 0.24416596914027255
0.07247963302692106 0.8640152045455692 0.05466221575327801 0.008842946674231689
0.6774958221035816 0.09144245983390953 0.12919678592216066 0.1018649321403482
0.32562636251375787 0.42463111934714437 0.1612721463286121 0.08847037181048567
0.19992496383687497 0.12440239053804814 0.07494015552522859 0.6007324900998483
0.027920634394469346 0.021719352297689287 0.33399396438270645 0.6163660489251349
0.2590875834049883 0.5216086600441705 0.04289923299439147 0.17640452355644975
0.01605009084128528 0.7823962508167261 0.0688493781980889 0.13270428014389968
0.007716472820713749 0.26501218207846033 0.3558801286243374 0.37139121647648854
0.0038870686586055525 0.0172948825435566 0.9119924353096927 0.0668256134881452
0.3150049817971128 0.3207244064953678 0.02640241885588379 0.3378681928516356
0.07234425409434497 0.6634634880695173 0.12574417975466323 0.13844807808147452
0.2289677431194469 0.19737083298791602 0.13002860418237383 0.44363281971026325
0.5772304822361366 0.0760854099379138 0.14471783058797671 0.2019662772379729
0.11233924060815947 0.06117962702684743 0.11749963016132059 0.7089815022036725
0.2298361116698331 0.6372939210593448 0.11743327225266487 0.015436695018157254
0.05017624721884817 0.11783052802283489 0.7134948855772234 0.11849833918109354
0.5936574250913008 0.07699607067301384 0.09457576805855195 0.2347707361771334
0.1842442842175519 0.6857122589177013 0.032763440611582095 0.09728001625316474
0.2420234055668965 0.0035969904243633444 0.10506787691055697 0.6493117270981832
0.38925466495797956 0.3845569456870328 0.025412913031097384 0.20077547632389026
0.08454245952201345 0.3216070921835442 0.18579545936366548 0.40805498893077685
0.05714726165088835 0.04593541178570226 0.7490968028030854 0.14782052376032395
0.1570946076137859 0.15718243902986195 0.16278311444309956 0.5229398389132526
0.03385320356616561 0.04766708054325308 0.3757709692538348 0.5427087466367465
0.14551023397126883 0.06590106541484675 0.29772689205511305 0.4908618085587714
0.06976131386398343 0.10383822001310894 0.19033821583431265 0.636062250288595
0.4665195967353608 0.20997474965941876 0.06853440317998538 0.25497125042523505
0.8122909096065456 0.06332658192052076 0.005323195512407786 0.11905931296052585
0.10279655944524202 0.17148821059336128 0.28508134313456823 0.44063388682682847
0.11745450275723746 0.24970597442339748 0.23691316399419304 0.395926358825172
0.010324374137284265 0.2646892133367301 0.21320501669854552 0.5117813958274401
0.4225601554034617 0.18652958337761982 0.2731711005035249 0.11773916071539359
0.43210992138574666 0.07032638619742881 0.09003571017668532 0.4075279822401392
0.2530838289143259 0.20541234476318893 0.362415584157431 0.17908824216505415
0.13646283014414506 0.32976858378291274 0.00011069693607967945 0.5336578891368625
0.041159582038499565 0.041066135322638364 0.2758921977251674 0.6418820849136947
0.017492800192041025 0.12591757289727135 0.5362389383963418 0.3203506885143458
0.33463556463243294 0.33875213909219315 0.02990822122025294 0.296704075055121
0.07774999476670796 0.0811293829178884 0.34149801014043946 0.4996226121749642
0.03384038502489861 0.05271655078752091 0.2780753436261789 0.6353677205614016
0.06935285266320013 0.1129840458412209 0.420769210682153 0.39689389081342596
0.02549812999240242 0.3068420355665912 0.342082334355576 0.3255775000854304
