65 40 4 91.84018092741572 183.68036185483146
2.967805451324854 1.282624475523225 3.5841274960573304 2.5538018999968584 3.730387427905693 2.466552002563795 7.293823779049899 7.943597485013739 5.630972028654402 3.122261993058068 3.070356639388968 5.551436497258527 2.2076646668861426 6.053160366864671 5.338001827945359 7.117018800810793 7.648365627372926 2.4862659010412864 1.906243365385364 9.348288162502863 2.9824437787601177 1.9018726435003046 8.137506629646914 1.9668378401524294 5.101668150779914 1.964045164986628 5.793153206380665 5.014673300453581 2.6174819553357653 9.865364744522672 6.969038434892873 6.671155464335833 5.952435812257969 1.2694362893334965 1.9521205618697204 4.14827814075057 1.4536364926468832 5.964890635226401 8.261849026218446 4.389717688175503
0.5935610902649708 0.256524895104645 0.7168254992114661 0.5107603799993716 0.7460774855811386 0.493310400512759 1.4587647558099799 1.5887194970027478 1.1261944057308804 0.6244523986116136 0.6140713278777936 1.1102872994517052 0.44153293337722854 1.2106320733729343 1.0676003655890718 1.4234037601621585 1.5296731254745852 0.49725318020825726 0.38124867307707283 1.8696576325005725 0.5964887557520235 0.38037452870006094 1.627501325929383 0.3933675680304859 1.0203336301559829 0.3928090329973256 1.158630641276133 1.0029346600907163 0.5234963910671531 1.9730729489045344 1.3938076869785747 1.3342310928671666 1.1904871624515938 0.2538872578666993 0.3904241123739441 0.829655628150114 0.2907272985293766 1.1929781270452802 1.6523698052436893 0.8779435376351007
0.41065642736484065 0.00013412691902103813 0.5205147600684749 0.06869468564766346
0.06251671369760159 0.8080715499221955 0.06499664997582899 0.06441508640437388
0.049855573308633105 0.6479340133953436 0.18694317999856502 0.11526723329745825
0.5309502648501147 0.2808208379305742 0.1408970395535668 0.047331857665744326
0.28542069701080586 0.03247362514072882 0.5768441047778522 0.10526157307061312
0.04208975435279538 0.11891480976586233 0.46472842831371386 0.37426700756762843
0.60165001243862 0.32964526916929393 0.00873726413819631 0.05996745425388972
0.3546109378449469 0.0355561383095655 0.202942079917814 0.4068908439276736
0.18689798072911978 0.0029046315642012877 0.04271670064730637 0.7674806870593726
0.17497349061381862 0.6211311903802906 0.1835793188513063 0.020316000154584457
0.0652959808594108 0.19653929241316814 0.37722653309452714 0.3609381936328939
0.24371750851755136 0.18684178366479687 0.5657852242026237 0.003655483615028099
0.2540470058681832 0.03128009247805974 0.548866370911624 0.16580653074213303
0.059444946414107136 0.28450012679956527 0.5491822351669595 0.10687269161936808
0.059206391436551375 0.15496127415644256 0.056324592123199846 0.7295077422838062
0.6234185836406302 0.09741211831238716 0.18848767144433187 0.09068162660265078
0.1778183279128559 0.5441594567019025 0.10009816340732836 0.17792405197791328
0.1149066708604275 0.07860409475140562 0.6293997328277243 0.17708950156044256
0.1298753827816871 0.017983643895417067 0.04451533791176765 0.8076256354111282
0.22521331243609943 0.05240522054985264 0.5352739856253703 0.1871074813886776
0.05559638157166902 0.6366823103708373 0.2884537564403392 0.019267551617154433
0.3452627920551209 0.24640107976075487 0.22637949219450482 0.18195663598961942
0.03361092405247501 0.22925581845716136 0.004678835841368301 0.7324544216489953
0.4515765699604669 0.12174499022335017 0.023569809070323133 0.4031086307458598
0.011237981536530772 0.3337875480019542 0.17755909896497546 0.47741537149653956
0.2120049247424478 0.04667283770393127 0.08400483569050698 0.6573174018631139
0.3794767929747599 0.17762441347608904 0.37628982423332535 0.06660896931582572
0.15082030059033324 0.19551912016210038 0.17502276324392696 0.4786378160036394
0.24005450254422311 0.2423103110819077 0.29589952449120893 0.22173566188266025
0.0442668520445072 0.38893518573944297 0.30776959645083724 0.2590283657652126
0.04630253238918536 0.1649473560164032 0.14625672340366558 0.6424933881907459
0.49091084623242576 0.20933595566334284 0.28809362397103866 0.01165957413319274
0.06970460134086798 0.6192187727721159 0.016120842840733896 0.2949557830462822
0.09038003657406235 0.10172473305878404 0.10329244122194992 0.7046027891452037
0.549552164267232 0.08145930321966988 0.17923781527742755 0.1897507172356706
0.3936638467895234 0.16361154643991083 0.09857432512374598 0.3441502816468198
0.06420347003222526 0.25135585286581996 0.5933579637804894 0.09108271332146534
0.2928891654398925 0.2604080513004361 0.29333652567234625 0.15336625758732514
0.3165136992091867 0.047067823354451366 0.126651752502142 0.5097667249342199
0.11377403366201944 0.5726255002086547 0.26043595798861696 0.053164508140708944
0.09286040856678823 0.11885824219536534 0.09224386553434194 0.6960374837035045
0.3317851365720451 0.12469012929772338 0.1840958158995114 0.3594289182307201
0.03072132911453762 0.6456756375845448 0.04381489668960026 0.2797881366113173
0.10791120756576411 0.24629318011564705 0.24335640379544132 0.4024392085231475
0.1431906187777091 0.1354449734629991 0.3948792150925443 0.32648519266674747
0.09563274693878077 0.031801399493344595 0.5482675865258919 0.3242982670419827
0.01685499543285429 0.4501396280066866 0.06646566441309498 0.4665397121473641
0.24991336732741143 0.37135512150803796 0.13084019867109975 0.24789131249345087
0.3215916518882752 0.1424335990019372 0.001802183222872178 0.5341725658869154
0.40244270568539475 0.10463380683312751 0.1479387979455974 0.34498468953588035
0.3808576313128208 0.4139929917309556 0.0622853796318259 0.1428639973243977
0.46696824033448936 0.32637069188330226 0.025174882548015365 0.18148618523419302
0.2713862456830156 0.5647711001351918 0.04628785740410335 0.11755479677768921
0.16903295725314194 0.04134253488159578 0.36968326166909504 0.41994124619616724
0.21564494203327167 0.2914840005300543 0.4761065452466602 0.016764512190013847
0.29825318288360725 0.1500417298369282 0.12625635395271473 0.4254487333267498
0.19758259204120787 0.016821272340926785 0.3250884535379588 0.46050768207990656
0.05725192389507028 0.06622725718065392 0.10362535911707771 0.7728954598071981
0.046365519907953234 0.6075037904639857 0.2080818018498991 0.13804888777816193
0.17880665739028578 0.5126743413029041 0.08195628949821776 0.22656271180859233
0.6062979721028205 0.08611349380264877 0.2112535160402298 0.09633501805430089
0.2959601131306182 0.6082408941797229 0.06500123652042122 0.030797756169237633
0.15462484571343993 0.5495597890438717 0.07510117106537573 0.22071419417731264
0.5179320818450958 0.08330252240319658 0.25957085162557314 0.13919454412613452
0.03371300555049628 0.3686420510506603 0.06899382992524672 0.5286511134735967
0.12448595469085988 0.015875594355547085 0.30240752618243383 0.5572309247711592
0.08214167820278451 0.3202973655117075 0.35893633390489443 0.23862462238061355
0.5537776155047401 0.4170798341835349 0.019756631669591518 0.00938591864213345
0.2322029683412652 0.1954479066140271 0.4422560570419115 0.13009306800279619
0.16635734539244573 0.24344807278706526 0.5101025570208296 0.08009202479965938
0.0820189375608601 0.052678072815803945 0.7563270311762822 0.10897595844705377
0.0036837435588820133 0.062176161163338795 0.8386217086760567 0.09551838660172252
0.2192222294414461 0.10210062586662749 0.2643142157082815 0.4143629289836449
0.077410011445737 0.14720324251966865 0.448499754151092 0.32688699188350234
0.591097725344326 0.11929088491509188 0.18393464217081124 0.10567674756977086
0.2854169526784851 0.2188033887062122 0.012154351875092173 0.48362530674021054
0.09783405918715382 0.28930172002578936 0.19824034695973436 0.41462387382732246
0.11848671813305145 0.10747423637341114 0.19163857680883523 0.5824004686847022
0.168559639082973 0.03692586811799092 0.5109661840254378 0.28354830877359827
0.11100312393181622 0.18197507756516074 0.04745799566729003 0.659563802835733
