70 90 4 249.36546520183924 498.7309304036785
9.34732484757063 8.85183664968294 6.261681453359978 9.146531563514172 3.8514931407166553 2.332072908368053 8.735806920188862 4.903308700760383 5.441687175209001 5.073073275225309 4.268392073086812 3.3605620055670435 6.321955343957896 3.790098804293568 1.393341819480739 7.373172476553156 2.6659844938520223 2.7164367896781014 7.6145415661217095 2.1335157895025962 3.7635819549831995 9.407359086290398 9.871521529178883 9.801741568597 2.1810454302031443 1.0440409399415314 8.091922804070288 7.072409285184418 4.098748944029223 4.0720905994994006 5.395110474829797 5.76177457815315 9.929782263499726 9.53220697220062 8.207287356665029 2.6833723745966953 2.396026842624277 1.2921312637210782 3.4014654409686647 4.294448725278549 9.71624746566165 4.292272218376217 5.354992578124489 2.7837765254471667 9.234428490437944 2.9222642471192644 8.597729956829403 1.469636427725499 3.089201636978759 8.190585739672565 2.9848021394040893 3.6986719410937066 4.748834298839457 5.447526004437868 2.6627321038004523 2.286309927799723 1.9807301196474811 4.970326736061487 8.469429464915768 9.520556901927884 5.812214255251733 6.567737102967416 4.160047006974441 8.79346960363615 6.224460604485013 9.696618727403285 8.759979772359179 4.334080741454693 3.5760731021121073 7.845630673505074 2.2004148018222414 9.580996372048853 6.87078085504032 9.009554930637544 7.0319576024822705 8.035656996379492 4.44911499141404 9.225634046736198 1.2115764894386616 5.072626217811793 2.3589119193735306 9.90914025782074 9.317638927448332 2.9009761695355722 3.0841011155822686 3.6550124225540817 1.6296734747135633 9.831125970322775 4.474442326804086 2.8093417700572965
1.8694649695141259 1.770367329936588 1.2523362906719957 1.8293063127028344 0.770298628143331 0.4664145816736106 1.7471613840377724 0.9806617401520766 1.0883374350418002 1.0146146550450619 0.8536784146173624 0.6721124011134088 1.2643910687915791 0.7580197608587136 0.2786683638961478 1.4746344953106312 0.5331968987704044 0.5432873579356203 1.522908313224342 0.42670315790051927 0.7527163909966399 1.8814718172580798 1.9743043058357768 1.9603483137194 0.43620908604062886 0.20880818798830628 1.6183845608140577 1.4144818570368836 0.8197497888058447 0.8144181198998801 1.0790220949659592 1.15235491563063 1.9859564526999454 1.9064413944401242 1.641457471333006 0.5366744749193391 0.4792053685248554 0.25842625274421566 0.6802930881937329 0.8588897450557098 1.94324949313233 0.8584544436752435 1.0709985156248978 0.5567553050894334 1.8468856980875887 0.5844528494238529 1.7195459913658806 0.2939272855450998 0.6178403273957518 1.6381171479345131 0.5969604278808178 0.7397343882187413 0.9497668597678913 1.0895052008875736 0.5325464207600905 0.4572619855599446 0.3961460239294962 0.9940653472122974 1.6938858929831535 1.904111380385577 1.1624428510503466 1.3135474205934832 0.8320094013948882 1.75869392072723 1.2448921208970025 1.9393237454806571 1.7519959544718358 0.8668161482909387 0.7152146204224215 1.5691261347010148 0.4400829603644483 1.9161992744097707 1.374156171008064 1.8019109861275087 1.406391520496454 1.6071313992758984 0.8898229982828081 1.8451268093472397 0.24231529788773232 1.0145252435623586 0.4717823838747061 1.981828051564148 1.8635277854896664 0.5801952339071145 0.6168202231164537 0.7310024845108163 0.32593469494271265 1.966225194064555 0.8948884653608171 0.5618683540114593
0.08005388427905313 0.02439410452984836 0.5528366907154777 0.3427153204756208
0.01030334456194093 0.059132435687761276 0.6931959425368767 0.23736827721342113
0.21545362765779774 0.3930634286833661 0.34698966973566026 0.044493273923175924
0.4892605657527902 0.10636241012645864 0.16015181859253258 0.24422520552821858
0.2700647561648236 0.0369448051333745 0.0996065827279915 0.5933838559738104
0.5819753930177932 0.22731196656845443 0.12053337343835036 0.070179266975402
0.09038581352446784 0.012767123099813649 0.41721634946887776 0.47963071390684076
0.1707851185015402 0.049775962092007964 0.5552679505216153 0.22417096888483656
0.453678965846001 0.016166194825840585 0.05529662017383319 0.47485821915432525
0.12064733458120613 0.5880031123633893 0.2378211056230669 0.053528447432337645
0.5884981594032654 0.0769652657944766 0.2931876651608981 0.04134890964135984
0.6450317645883793 0.036358234709148785 0.20952202735655578 0.10908797334591613
0.38500840526319 0.044062627945540056 0.05963407429967038 0.5112948924915995
0.00445161509871117 0.36901235308629454 0.27740649137713136 0.34912954043786293
0.0372598560904267 0.31282959634666274 0.31701913912640434 0.3328914084365062
0.07889483915027506 0.5327249700774261 0.2685784218389222 0.11980176893337657
0.4696592249039453 0.07114860566627124 0.25751797573141555 0.20167419369836792
0.3615247284095475 0.10524344778993788 0.00912517305339089 0.5241066507471237
0.08192292092982334 0.12687017419580227 0.704206484666438 0.08700042020793641
0.15235061019493545 0.32439523026499306 0.08750766707086866 0.43574649246920283
0.12649027390620904 0.5655147997358565 0.2502675369949249 0.057727389363009585
0.028324193616855786 0.5573067468594622 0.4078886962888546 0.006480363234827369
0.09797120762485767 0.2283171525355464 0.183240247103308 0.4904713927362879
0.2871470933959488 0.038632074500347224 0.28127572818329805 0.39294510392040594
0.580778996547311 0.3980047870287412 0.004381072390492791 0.016835144033454985
0.15665486541672968 0.23803642480010068 0.395431014159228 0.20987769562394165
0.1995536355524964 0.32790189963727456 0.27098123596693435 0.2015632288432947
0.07408157648255864 0.09001945329542971 0.3068074289003535 0.5290915413216581
0.10476745004991017 0.0480520833868594 0.6330078803894251 0.2141725861738053
0.07776144429904919 0.06602747948750298 0.028120611001058005 0.8280904652123898
0.005865828852322785 0.41293164865998044 0.2755475244063782 0.3056549980813186
0.4633204823693384 0.23860422116364843 0.2585021582619439 0.03957313820506925
0.12341554131180632 0.2414415182713382 0.1598719507597961 0.4752709896570594
0.04090246623007898 0.3356707643495431 0.37755610204413614 0.24587066737624175
0.06740079766605145 0.19178702561823324 0.5691782381047605 0.17163393861095477
0.20488526755416314 0.019963394692846137 0.048350078987572154 0.7268012587654186
0.0646336256625819 0.04616032325785169 0.21447895359766767 0.6747270974818987
0.004758573262586441 0.2467184626920239 0.6653891972935252 0.08313376675186446
0.05548250772734786 0.02422008272303866 0.04455127785163138 0.8757461316979821
0.13335218214299083 0.6646788806177228 0.20022334120037266 0.001745596038913666
0.07145053850253813 0.4943996577932447 0.30683838629299565 0.12731141741122154
0.05694203117982577 0.7110026639579329 0.21804001961189245 0.014015285250348897
0.22472214778979016 0.3199135641256332 0.06481191341801162 0.390552374666565
0.185433453007536 0.13568654888558018 0.23058071199467067 0.44829928611221315
0.01159303205696871 0.27860151209145834 0.3945991916586926 0.31520626419288034
0.18351910383750236 0.2992522696022465 0.0295735076059509 0.48765511895430025
0.6614281666593197 0.17072199650469932 0.11787927783765151 0.04997055899832947
0.18291914210150506 0.021164124194523293 0.4376208531418133 0.35829588056215833
0.06299294445755921 0.15669293964575393 0.49657262354714415 0.2837414923495427
0.38645492123564074 0.042498281711157215 0.025953946391920835 0.5450928506612812
0.22796955930832197 0.29872640558922126 0.22349766978499475 0.24980636531746203
0.3740912912375094 0.3214959554583605 0.18838786880371217 0.11602488450041792
0.6184457930397924 0.017388880781720517 0.01843309806690363 0.34573222811158344
0.14014237659018813 0.016799364359005975 0.12890096589822386 0.714157293152582
0.33544216604053834 0.051431113789537464 0.30864023979382127 0.30448648037610293
0.21814840821304038 0.2851741445355699 0.41490278001600744 0.08177466723538229
0.03785775214301135 0.013779717040379946 0.9100702528545793 0.038292277962029386
0.3486717399097521 0.05867459220078819 0.08533718133768864 0.5073164865517711
0.06625570598633013 0.4026592153659154 0.45717351400788364 0.07391156463987081
0.19891772704997668 0.14512718550245518 0.1600681317328767 0.49588695571469144
0.4782075035818425 0.12312608812019576 0.21858082472172924 0.1800855835762325
0.38332930967020595 0.04198435855756344 0.4598455764529965 0.1148407553192341
0.1516604516405946 0.10738636783217814 0.1860548847652942 0.5548982957619331
0.47880842361653264 0.04129756539456697 0.23428967583451532 0.24560433515438507
0.29157680468037994 0.005452718159618786 0.021981311720410845 0.6809891654395904
0.4074737000062001 0.19566791355447322 0.27137053588705595 0.12548785055227074
0.2221397777449764 0.39711050198470965 0.20812956922071124 0.1726201510496027
0.47237499639407143 0.1502833097866204 0.3431574494614613 0.03418424435784684
0.18935268458455523 0.027083181484611307 0.5554566284406613 0.2281075054901721
0.3405283395691703 0.33409417306625067 0.010681889178765891 0.31469559818581316
0.017841815111407033 0.6441579835620049 0.17331070242080593 0.1646894989057821
0.2601394202125671 0.5050632750226506 0.21755365349945788 0.017243651265324456
0.24779801349160901 0.11721704656255749 0.6095902228557597 0.025394717090073793
0.5349553167274379 0.23761915866945116 0.18480110029227637 0.042624424310834574
0.05037530211448804 0.4314400063353193 0.14502565494195974 0.3731590366082329
0.39570199110052395 0.1318381126301017 0.0559371474602538 0.41652274880912055
0.19062361273784545 0.2282256020387189 0.4808734689854236 0.10027731623801206
0.0820840924036238 0.3603046614677048 0.5180409736414806 0.039570272487190805
0.08196294026697792 0.5193479260338988 0.2129925252956345 0.18569660840348878
0.16299923061357813 0.09312639775800391 0.7284640436208132 0.015410328007604779
0.5850516341118439 0.04164794285320739 0.03756136210249217 0.33573906093245653
0.16796287313158742 0.5170330744460857 0.2972996702488234 0.017704382173503452
0.4698556246783908 0.17883771966706563 0.2880282971417074 0.06327835851283614
0.08686591466078697 0.07296483351507865 0.5304860353916835 0.3096832164324509
0.18847762233132614 0.12161479847317347 0.11732021005619431 0.5725873691393061
0.3219126420436099 0.06069976049926595 0.11676763789357913 0.500619959563545
0.0029762599681675272 0.16136419381864775 0.37772022808588446 0.45793931812730027
0.24517761379927305 0.11297974561334634 0.34658179366689845 0.29526084692048216
0.01826887975093716 0.5022747069951502 0.455107831381231 0.02434858187268163
0.09935970654479276 0.7208013133425877 0.02996730350046728 0.14987167661215228
0.28277434361544307 0.2175561487652623 0.05214196936683746 0.44752753825245717
0.22281996812283233 0.317519090812466 0.1507197484662698 0.3089411925984319
0.6419273232864979 0.23487322922388643 0.03361716728028996 0.08958228020932568
0.18751211896058306 0.16450108154048848 0.5424263947761123 0.10556040472281614
0.024283045431891415 0.5730777359842996 0.2840088119914199 0.1186304065923891
0.040618943491545934 0.30587844230311234 0.3958049114477523 0.2576977027575894
0.2992602789876445 0.1714122057511508 0.14072147583905514 0.38860603942214955
0.3286168747453452 0.3604684043858566 0.06914773876016378 0.24176698210863445
0.17623798231251042 0.112760519059242 0.3332189580880127 0.37778254054023486
0.15499574026417806 0.5756275093944908 0.24115504650986397 0.02822170383146716
0.0189366392704422 0.13816951376853204 0.15202021110255903 0.6908736358584667
0.22683434410955228 0.05473479714379814 0.22720472269920877 0.4912261360474408
0.00047802489941950466 0.6055429896027222 0.2895927535589734 0.10438623193888485
0.028731548799580398 0.811250060092628 0.13268055488539088 0.027337836222400713
0.01659476882037192 0.7994913875904267 0.07171858647942186 0.11219525710977951
0.1512736729124795 0.5809249089777131 0.2654924963643781 0.002308921745429293
0.052027102504060174 0.2069889363110612 0.29603643339000096 0.4449475277948777
0.059304900530968485 0.42257971953827733 0.22814377639935823 0.28997160353139595
0.3375311542005299 0.2644152017194089 0.03261223512886202 0.36544140895119914
0.21106539564718263 0.2856130999635679 0.20135134020880774 0.30197016418044176
0.31621207410317553 0.0712064644310757 0.010988751827867405 0.6015927096378814
0.10922899805645403 0.6195379860344453 0.03346794028424516 0.2377650756248555
0.06376311111988575 0.029548706372508504 0.17576095525793756 0.7309272272496682
0.3489943949501113 0.29990479805329484 0.06791896046624601 0.28318184653034784
0.01651050939998233 0.1657570021778768 0.14638905479169995 0.6713434336304409
0.044719961861107826 0.5293460288981324 0.4197285881737829 0.006205421066976857
0.5535462964139763 0.08917608485590844 0.18699103477411327 0.17028658395600194
0.07644639794560704 0.42317632677512784 0.49287605021287617 0.00750122506638895
0.07955831738318397 0.6816533106689503 0.15615223005726242 0.08263614189060331
0.11406521936316927 0.1739134852911265 0.295116676988903 0.41690461835680126
0.009209617738055509 0.3529720253886174 0.34359921326937704 0.2942191436039501
0.19150878053242937 0.6170489141241833 0.029661704882618323 0.16178060046076903
0.46178184522720545 0.12471460795914613 0.25294527053982263 0.1605582762738258
0.09909948339210306 0.0017869951285302 0.20644485656678013 0.6926686649125866
0.005554115775879387 0.06151130281980244 0.7061265103678823 0.22680807103643585
0.5078538304616673 0.4474185868377074 0.008539068435254427 0.03618851426537084
0.6199597177931138 0.03613547294844477 0.1705903853262296 0.17331442393221186
0.6208665295192075 0.03838599928126385 0.30504033214661685 0.035707139052911785
0.4867558297460908 0.07967701989060161 0.01910437395425757 0.41446277640905005
0.481860556963588 0.23355712583769817 0.23637019822437721 0.04821211897433664
0.04013937883442098 0.04803133887589095 0.5817295538132137 0.3300997284764744
0.419518581450654 0.05081670526997861 0.03779882282004943 0.49186589045931794
0.10125731213441758 0.10464201018108599 0.7679356955100729 0.026164982174423534
0.27161681657770353 0.49892148487637444 0.0564297900321622 0.17303190851375982
0.1618614724357902 0.48340958246009724 0.14173849739702626 0.2129904477070863
0.7085283207281612 0.11483463162992602 0.15591921660212216 0.020717831039790635
0.20581769538243355 0.12586394114552557 0.4427522629394175 0.22556610053262338
0.5114842399021767 0.2130497712855347 0.04841382335183175 0.2270521654604568
0.42875620019071703 0.14118396814357614 0.2511436248944292 0.17891620677127762
0.12820033031566758 0.1656503777594298 0.6345491576979965 0.07160013422690614
0.08109194060418023 0.7560841641318325 0.014782785272541954 0.14804110999144526
0.23930981046759103 0.022982447537584494 0.16050179773912643 0.577205944255698
0.15485861315355898 0.012882650553259656 0.39158580005976484 0.4406729362334165
0.1364494111824356 0.4134122945199483 0.3493017011720112 0.10083659312560489
0.0532190885547128 0.24516974066813224 0.3589865408517795 0.34262462992537546
0.35947623098575576 0.2670801014577754 0.36072123002142775 0.012722437535041098
0.07555822746764096 0.2170253624584092 0.03774232268938249 0.6696740873845674
0.4200941714762936 0.34340136515174324 0.0678494378085257 0.16865502556343748
0.09124920140947157 0.4079368756589834 0.3246198227664362 0.17619410016510884
0.13909252581594223 0.33505475625977477 0.352085420939798 0.173767296984485
0.5624356383954383 0.0069078789056703505 0.19432416268192954 0.2363323200169618
0.34127124086049443 0.16255233391889878 0.3054510797638845 0.19072534545672226
0.3152045783524723 0.3473200239962434 0.15539357436334045 0.18208182328794387
0.09604158193268064 0.4724662722847677 0.3074608933715165 0.12403125241103519
0.18336626621795638 0.12238564718413614 0.03712072441888803 0.6571273621790195
0.5486372557445545 0.07773952862687405 0.26368409613447763 0.10993911949409385
0.31721648652079626 0.027104766414765114 0.619066918970915 0.03661182809352359
0.1444924743096173 0.3622019195054935 0.30461021229157104 0.18869539389331813
0.03645508620679716 0.7709730381332354 0.009313244449562164 0.1832586312104053
0.2756428940991157 0.05624903753203936 0.45807344935875316 0.2100346190100918
0.16653957374549322 0.2720388454350483 0.09762951469668091 0.46379206612277757
0.05206889686378813 0.48724010424375463 0.04346249415995718 0.41722850473250006
0.0639888337892921 0.08486834871381854 0.05448001796588808 0.7966627995310013
0.6283353036024713 0.07886360404487835 0.24256076061611198 0.05024033173653841
0.42902909687819946 0.22942386274623716 0.05648187099796498 0.2850651693775984
0.7068891638788245 0.057172198331763346 0.16546786790617074 0.07047076988324141
0.06117420072162694 0.3601189663706057 0.04958577506051276 0.5291210578472546
0.5865956873454402 0.00958535467074284 0.22037378676081765 0.1834451712229993
0.11643136583692182 0.03545571756875876 0.0578674904386598 0.7902454261556596
0.4046636454913446 0.2642749935205927 0.3244328058239241 0.0066285551641386276
0.08589021683291309 0.49664876902254174 0.002079649150177554 0.4153813649943676
0.6684134551203967 0.0834540295031837 0.17983458701492516 0.0682979283614944
0.18396304618673465 0.35330232677676343 0.20736962308501083 0.2553650039514911
0.33273657400722323 0.12354980608188626 0.32730538251921815 0.21640823739167236
0.03659081817233689 0.2965020926889157 0.6402299399873939 0.026677149151353552
0.02121286010975576 0.33593391634142356 0.5051227614453376 0.13773046210348305
0.27883112770786034 0.047956765044440575 0.30352134149135546 0.36969076575634363
0.3108247647394621 0.5146446658795701 0.061132475567371114 0.11339809381359667
0.0031171440001493966 0.060257748048624826 0.2512385119698267 0.6853865959813991
0.28908490281012544 0.1315110679940481 0.2446369258745188 0.33476710332130766
