65 50 4 119.96938562974023 239.93877125948043
2.967805451324854 1.282624475523225 3.5841274960573304 2.5538018999968584 3.730387427905693 2.466552002563795 7.293823779049899 7.943597485013739 5.630972028654402 3.122261993058068 3.070356639388968 5.551436497258527 2.2076646668861426 6.053160366864671 5.338001827945359 7.117018800810793 7.648365627372926 2.4862659010412864 1.906243365385364 9.348288162502863 2.9824437787601177 1.9018726435003046 8.137506629646914 1.9668378401524294 5.101668150779914 1.964045164986628 5.793153206380665 5.014673300453581 2.6174819553357653 9.865364744522672 6.969038434892873 6.671155464335833 5.952435812257969 1.2694362893334965 1.9521205618697204 4.14827814075057 1.4536364926468832 5.964890635226401 8.261849026218446 4.389717688175503 9.38174782917103 3.7356626466684597 4.697114988554755 2.9054678568593824 4.695907846283566 1.8357436771010942 8.835294372578174 3.986066229148406 9.420264222360634 6.765139735923519
0.5935610902649708 0.256524895104645 0.7168254992114661 0.5107603799993716 0.7460774855811386 0.493310400512759 1.4587647558099799 1.5887194970027478 1.1261944057308804 0.6244523986116136 0.6140713278777936 1.1102872994517052 0.44153293337722854 1.2106320733729343 1.0676003655890718 1.4234037601621585 1.5296731254745852 0.49725318020825726 0.38124867307707283 1.8696576325005725 0.5964887557520235 0.38037452870006094 1.627501325929383 0.3933675680304859 1.0203336301559829 0.3928090329973256 1.158630641276133 1.0029346600907163 0.5234963910671531 1.9730729489045344 1.3938076869785747 1.3342310928671666 1.1904871624515938 0.2538872578666993 0.3904241123739441 0.829655628150114 0.2907272985293766 1.1929781270452802 1.6523698052436893 0.8779435376351007 1.876349565834206 0.7471325293336919 0.9394229977109511 0.5810935713718764 0.9391815692567131 0.36714873542021886 1.7670588745156348 0.7972132458296812 1.884052844472127 1.3530279471847038
0.049855573308633105 0.012661140388968484 0.6352728730063751 0.3022104132960233
0.8117711027806889 0.07296166392185288 0.06793537563171392 0.047331857665744326
0.28542069701080586 0.2455295678393088 0.3637881620792722 0.10526157307061312
0.04208975435279538 0.11891480976586233 0.15688975803287697 0.6821056778484653
0.6257329924323716 0.3055622891755424 0.00873726413819631 0.05996745425388972
0.3901670761545124 0.202942079917814 0.008540856366293648 0.39834998756137996
0.18689798072911978 0.0029046315642012877 0.16480832555162583 0.6453890621550531
0.23251931294062744 0.5635853680534818 0.1835793188513063 0.020316000154584457
0.17497349061381862 0.08686178265876032 0.37722653309452714 0.3609381936328939
0.0652959808594108 0.17842152765814057 0.7526270078674205 0.003655483615028099
0.2540470058681832 0.03128009247805974 0.1452321938361053 0.5694407078176518
0.3439450732136724 0.49024839604419457 0.05893383912276495 0.10687269161936808
0.059444946414107136 0.1547227191788868 0.056324592123199846 0.7295077422838062
0.059206391436551375 0.5642121922040788 0.28589978975671904 0.09068162660265078
0.1778183279128559 0.5430123740401614 0.0011470826617410168 0.27802221538524163
0.1149066708604275 0.07860409475140562 0.6285651824102536 0.17792405197791328
0.1298753827816871 0.06249898180718472 0.6305361338506856 0.17708950156044256
0.14785902667710416 0.12975950630884792 0.5352739856253703 0.1871074813886776
0.05559638157166902 0.16961693086443042 0.7555191359467461 0.019267551617154433
0.5916638718158758 0.10061482012663059 0.12576467206787423 0.18195663598961942
0.03361092405247501 0.22925581845716136 0.08239604954548452 0.6547372079448791
0.2675455783510047 0.18403099160946224 0.12174499022335017 0.4266784398161829
0.345025529538485 0.17755909896497546 0.07430674075067978 0.4031086307458598
0.011237981536530772 0.2474397809098483 0.08400483569050698 0.6573174018631139
0.2120049247424478 0.3450962817084011 0.37628982423332535 0.06660896931582572
0.15082030059033324 0.19551912016210038 0.03313737222232627 0.6205232070252401
0.24005450254422311 0.2423103110819077 0.03899737037022977 0.4786378160036394
0.43320203778395017 0.30776959645083724 0.03729270388255235 0.22173566188266025
0.0442668520445072 0.002035680344678159 0.1649473560164032 0.7887501115944114
0.35750661180925414 0.13340423442317162 0.4974295796343815 0.01165957413319274
0.6889233741129839 0.011323427782784723 0.0047974150579491726 0.2949557830462822
0.06970460134086798 0.020675435233194372 0.10172473305878404 0.8078952303671536
0.2953972108547963 0.25415495341243566 0.2606971184970974 0.1897507172356706
0.3936638467895234 0.23734762069737847 0.024838250866278333 0.3441502816468198
0.3155593228980452 0.24171607033138898 0.35164189344910046 0.09108271332146534
0.06420347003222526 0.22868569540766726 0.2604080513004361 0.4467027832596714
0.36358152256363807 0.126651752502142 0.3564004673468948 0.15336625758732514
0.11377403366201944 0.20273966554716727 0.3698858346614874 0.3136004661293259
0.4007847508508713 0.5125542373983571 0.03349650361006262 0.053164508140708944
0.2996345532104847 0.2342573834735866 0.14071628466886799 0.3253917786470607
0.2626115200582386 0.05536099633774827 0.008981161813788274 0.6730463217902248
0.13587928600328048 0.2638595320338806 0.13843489349785332 0.46182628846498563
0.006037165903530983 0.9167317242448791 0.05943775404477314 0.017793355806816735
0.08217468721647314 0.6747495461562705 0.13883866966202585 0.10423709696523054
0.03254823384749295 0.025436414035420962 0.6851654891798352 0.2568498629372509
0.16159963827688306 0.554393876758792 0.1314331497482506 0.1525733352160743
0.020564633830848944 0.48583188319050785 0.14750156579858842 0.3461019171800548
0.00732563662042629 0.46395758183472335 0.12609664170329837 0.402620139841552
0.27354330352447753 0.014170981362525592 0.13124025741342793 0.581045457699569
0.17653667091630199 0.16681591263418027 0.42198871784470604 0.2346586986048117
0.4564752658697685 0.21992170082931395 0.04381489668960026 0.2797881366113173
0.03072132911453762 0.07718987845122649 0.48964958391108837 0.4024392085231475
0.2786355922407082 0.07556879544070294 0.31931041965184137 0.32648519266674747
0.09563274693878077 0.047557871838928345 0.5325111141803082 0.3242982670419827
0.12743414643212536 0.33956047700741554 0.06646566441309498 0.4665397121473641
0.01685499543285429 0.6044134934025951 0.13084019867109975 0.24789131249345087
0.24991336732741143 0.07167828456086378 0.14423578222480937 0.5341725658869154
0.40244270568539475 0.06158254520481765 0.043051261628309856 0.49292348748147774
0.3808576313128208 0.27415767915129885 0.20212069221148266 0.1428639973243977
0.46696824033448936 0.32637069188330226 0.0015116908259847905 0.2051493769562236
0.818513814765807 0.017643531052400463 0.04628785740410335 0.11755479677768921
0.21037549213473772 0.061010753548277896 0.30867250812081715 0.41994124619616724
0.16903295725314194 0.046611984780129734 0.2914840005300543 0.49287105743667403
0.29825318288360725 0.27629808378964293 0.40868422113673597 0.016764512190013847
0.21440386438213466 0.2338910483384008 0.09119740519955799 0.46050768207990656
0.05725192389507028 0.1403306681461376 0.029521948151594035 0.7728954598071981
0.1234791810757242 0.5303901292962148 0.2080818018498991 0.13804888777816193
0.046365519907953234 0.6451154787852367 0.08195628949821776 0.22656271180859233
0.17880665739028578 0.42749131471253476 0.29736700984287856 0.09633501805430089
0.2959601131306182 0.3964513527748511 0.21178954140487183 0.09579899268965886
0.15462484571343993 0.6246609601092474 0.189916438008075 0.030797756169237633
0.5179320818450958 0.18625255291221587 0.15662082111655384 0.13919454412613452
0.40235505660115656 0.06899382992524672 0.12988571772188906 0.39876539575170766
0.03371300555049628 0.10664854349591069 0.30240752618243383 0.5572309247711592
0.08214167820278451 0.04234427648807537 0.27795308902363214 0.597560956285508
0.5537776155047401 0.2075977621146463 0.20948207206888858 0.02914255031172497
0.4276508749552923 0.4422560570419115 0.12070714936066274 0.00938591864213345
0.2322029683412652 0.1776024498382458 0.5101025570208296 0.08009202479965938
0.13469701037666404 0.03166033501578169 0.7246666961605005 0.10897595844705377
0.06585990472222081 0.016159032838639287 0.8224626758374174 0.09551838660172252
0.0036837435588820133 0.21553848588256408 0.366414841574909 0.4143629289836449
0.22461325396540566 0.09670960134266793 0.3517901528084241 0.32688699188350234
0.077410011445737 0.513687713898589 0.3032255270859031 0.10567674756977086
0.2854169526784851 0.23095774058130436 0.19401391699962844 0.2896113897405821
0.09783405918715382 0.28930172002578936 0.11708456217175411 0.4957796586153027
0.11848671813305145 0.10747423637341114 0.35941517166621495 0.41462387382732246
0.168559639082973 0.2490398922323248 0.2988521599111039 0.28354830877359827
0.20548550720096392 0.08749269429601303 0.04745799566729003 0.659563802835733
0.11100312393181622 0.16444969822981814 0.577899560898057 0.1466476169403086
0.021155069769512647 0.7903065174674736 0.061273849389979596 0.12726456337303416
0.33344788475264386 0.084685111617266 0.2360792129086775 0.34578779072141264
0.16207351376723722 0.3959430884712366 0.035769961876204515 0.40621343588532166
0.6775241441216724 0.05378521240814671 0.15728465343034725 0.11140599003983365
0.21187006028307132 0.652355720934179 0.10858081708600842 0.027193401696741226
0.03368841404653711 0.01967114143510218 0.3114759960005118 0.6351644485178489
0.3540973349813624 0.07062891967320895 0.032591560260991415 0.5426821850844372
0.008723597177381248 0.17776599670785886 0.5861698142287823 0.22734059188597755
0.4966444262160049 0.06736866424968868 0.3654456998666863 0.07054120966762012
0.26852168736030846 0.0007143250833827608 0.493467793341536 0.23729619421477277
0.005706512530641139 0.6147481995075318 0.11049471185716342 0.26905057610466365
