77 40 4 94.76732653004959 189.5346530600992
9.271981286192636 6.779760399314699 7.78341006756259 2.2538311129246154 1.7858759319064006 8.092018522328427 3.9353584333103995 5.869610393283709 3.1621165828120543 5.908806330183144 4.604990533119003 7.436726985517812 8.530119469730753 6.296330282920146 3.6653910763002364 3.5291592158856777 7.350375201916863 4.803367871707769 1.5158438672248553 7.723245760364094 5.070817117533672 2.5819726422819196 1.4443929938303832 3.632278048254593 1.6011921798231517 7.760408373920121 1.573943716725906 4.887174874705943 4.27755172098715 2.3677437312330483 5.920393057443242 4.989637338421002 1.3245517900261992 8.40603872106555 3.459634148169857 2.5208669734555755 6.799327792398256 1.967869709223333 4.179205883053925 4.471332923040457
1.8543962572385273 1.3559520798629399 1.5566820135125181 0.45076622258492305 0.3571751863812801 1.6184037044656854 0.7870716866620799 1.173922078656742 0.6324233165624109 1.1817612660366288 0.9209981066238007 1.4873453971035624 1.7060238939461505 1.2592660565840292 0.7330782152600472 0.7058318431771355 1.4700750403833727 0.9606735743415538 0.30316877344497106 1.5446491520728187 1.0141634235067343 0.5163945284563839 0.28887859876607663 0.7264556096509186 0.3202384359646303 1.552081674784024 0.3147887433451812 0.9774349749411886 0.85551034419743 0.47354874624660964 1.1840786114886483 0.9979274676842005 0.2649103580052398 1.68120774421311 0.6919268296339715 0.5041733946911151 1.3598655584796513 0.3935739418446666 0.8358411766107849 0.8942665846080914
0.44555591001588435 0.2838380990375007 0.1653612302406684 0.10524476070594657
0.1294506297724709 0.1325497115620703 0.6777646936328162 0.060234965032642585
0.43477497268288456 0.27492860531354824 0.2375903430041013 0.05270607899946589
0.13474393062097323 0.010070517596736939 0.4442576488328026 0.4109279029494872
0.4534082266242594 0.4040376617734279 0.14118671518347814 0.0013673964188345433
0.5419776327479333 0.09654454808987267 0.1780012627877765 0.1834765563744175
0.2770886884732112 0.14333831509296524 0.0945472645428731 0.48502573189095044
0.01192155358275615 0.7745496280738987 0.03924656668726134 0.1742822516560838
0.053153112317169016 0.22799754873910272 0.6124786985708474 0.10637064037288091
0.10036080873450193 0.6450165654143698 0.16386216874016035 0.09076045711096792
0.2136507101264129 0.09882757685063293 0.24908781370067534 0.43843389932227883
0.01447453844780433 0.25896825674447943 0.5884030151355754 0.13815418967214088
0.1603909008190777 0.2624162925931496 0.44405759801558753 0.1331352085721852
0.39179478271945045 0.08515900890848027 0.4492268239823005 0.07381938438976876
0.2349904981777623 0.3307978486909038 0.3549569229260189 0.07925473020531504
0.026819636699749072 0.6925572900544394 0.07209144697589576 0.20853162626991573
0.247322610822856 0.2510911078692528 0.22022549215467768 0.2813607891532135
0.06467290721485874 0.6684993450727894 0.23707115900225062 0.02975658871010123
0.03452878136675119 0.2617227120802744 0.34642712074713855 0.35732138580583583
0.02079884965962986 0.30412609456760353 0.673395011453692 0.0016800443190746472
0.3544317346711524 0.03718790932328775 0.48767284546641365 0.12070751053914619
0.03043433541242735 0.807122353358724 0.15721047588765458 0.00523283534119412
0.6533569100468444 0.2698244978152431 0.056707491191689385 0.020111100946223148
0.4614049918736365 0.4227538321245399 0.07589921903693841 0.03994195696488523
0.3422069204813598 0.1114314924742883 0.10809501454681347 0.4382665724975384
0.4072568134150685 0.13011047194310454 0.45077335051504686 0.011859364126780125
0.07992740717930857 0.48051324016617847 0.3662339525987248 0.07332540005578814
0.8790267074009325 0.028252278471309067 0.009868577547054391 0.08285243658070407
0.4643382701748804 0.201642970016774 0.10846044954025413 0.22555831026809148
0.008136159216853733 0.4768710135457487 0.2293836287604224 0.2856091984769752
0.10535091978828215 0.06783391948145312 0.3632484869012208 0.46356667382904393
0.020419173931602197 0.501699319076179 0.12870736194366506 0.3491741450485537
0.0014967060919942599 0.224989845917131 0.49036469250219794 0.2831487554886768
0.24858879025151703 0.5645236661122902 0.011650791597565102 0.17523675203862765
0.12719144495990675 0.02403281093215459 0.36902392816029317 0.4797518159476455
0.0367399634931056 0.6624053540271746 0.07780038021363855 0.22305430226608125
0.24297004887259976 0.13551226451321952 0.1880790488719265 0.4334386377422542
0.10613138083153562 0.06835019922959418 0.6382042425297509 0.18731417740911926
0.3574715982219876 0.10293787366541107 0.47762257607872416 0.06196795203387717
0.04239144690620611 0.5354064419321721 0.10569407641352857 0.3165080347480932
0.31223505833115306 0.47103853684340435 0.19377906625934982 0.022947338566092768
0.30948318615494275 0.057559687005606985 0.05512848307304308 0.5778286437664072
0.049976404839687016 0.20479654324902197 0.6623206062706103 0.08290644564068073
0.2576384903723663 0.06926011828550549 0.17960733444883192 0.4934940568932963
0.31945566560822425 0.364518086432404 0.18364842573426676 0.13237782222510497
0.11232380884068305 0.10860783750713132 0.11096065563513324 0.6681076980170524
0.526087767924768 0.3783328637357821 0.044593871375810834 0.050985496963639076
0.05972078070924791 0.344916206564687 0.0769099087146281 0.518453104011437
0.20228926948995807 0.057349778717150524 0.6836639928553491 0.05669695893754234
0.573043065535953 0.027717412980091227 0.3378172838960011 0.06142223758795473
0.2883443963127228 0.4827091398183806 0.11977809722656885 0.10916836664232776
0.2485007122242413 0.010639887176107199 0.3499723769539671 0.3908870236456844
0.056531631540942984 0.3699982226497891 0.30946620060260055 0.26400394520666737
0.3592419246788816 0.09344236038861042 0.24801498583098847 0.2993007291015195
0.027818070849014997 0.051726280173815864 0.2153442151096624 0.7051114338675067
0.09880201298166347 0.2794668161521614 0.32356226160612644 0.2981689092600487
0.26278232187865447 0.04140503718166699 0.3064734663167429 0.38933917462293566
0.14801435238687422 0.06268304161011418 0.26082480979884004 0.5284777962041716
0.17735672485066722 0.13527662265649143 0.598958819849268 0.08840783264357333
0.09962483101455777 0.2551582810771871 0.22329430099796987 0.4219225869102853
0.1426086960632018 0.40729026769953347 0.05477572817915044 0.3953253080581143
0.5901740250590545 0.1587466143622298 0.1745332029797294 0.07654615759898631
0.3373415663707561 0.24325006505942337 0.2480543848783865 0.17135398369143406
0.28677530002424323 0.41601778673936085 0.17077664869941145 0.12643026453698447
0.22870334707513662 0.0023713728872709616 0.01434795871417549 0.7545773213234169
0.151807374862318 0.30358375105520863 0.31185967266881454 0.23274920141365885
0.5625557169033366 0.16970751862131428 0.08302976524080896 0.18470699923454015
0.2391263931429055 0.0016259835863379202 0.3080592425908245 0.45118838067993206
0.2044735264450087 0.30456913300222055 0.3405426219251365 0.15041471862763423
0.5794206502551287 0.004526896765943977 0.11160979479651623 0.3044426581824111
0.9192334109128145 0.024007210935509837 0.020642285406007876 0.03611709274566777
0.23898134606461818 0.24783130506879492 0.49377515563605123 0.019412193230535668
0.09814214842393099 0.4574623289318861 0.2514978777537201 0.1928976448904628
0.22914746879818138 0.41482619142070465 0.15900194253787503 0.19702439724323895
0.132253164794226 0.2502799340388615 0.5745146514277137 0.042952249739198756
0.015593907299812138 0.20851106332396463 0.012307319451334009 0.7635877099248892
0.39402845103050055 0.04199207348216438 0.4927854669312698 0.07119400855606528
0.1500351492335973 0.13148673254493615 0.23873570134192434 0.4797424168795422
0.6678576604892063 0.07599200501071979 0.03970570625968284 0.21644462824039112
0.25699309284017724 0.05422248162550747 0.46750596950369827 0.22127845603061702
