13 50 4 135.0575226039643 270.1150452079286
7.999321695164381 3.1378709803142106 8.418506793952318 9.691742782386997 9.75341002514404 5.08104322675581 6.481382164851501 7.97973863144362 6.774520102831622 7.498164065652524 1.3153287169129357 3.6860452380026145 1.5266124269386727 8.71354848328479 4.355686250873267 7.118631564202873 3.306519543939671 4.128230936372428 1.0847149307287247 4.225004044344727 9.541847635103894 2.9610910821852 3.8745222974232814 9.259951474005288 1.2871329979590524 1.5857608333826305 6.668460991970407 8.864320989515848 1.0784415907340636 7.719195132945438 8.31557053902361 1.6814570155504005 6.90809801137262 5.583359800751664 5.318950523467448 9.600167304379596 1.0001083021253658 3.222808308927247 7.410094101204251 3.921238448080418 3.4929672074542855 7.2590090729812715 9.266965733313539 3.200281319781913 5.1227723554908735 3.276934145393558 4.413999623347595 6.440849457685399 7.951408837125022 1.6112574711497305
1.5998643390328762 0.6275741960628421 1.6837013587904637 1.9383485564773995 1.950682005028808 1.016208645351162 1.2962764329703003 1.595947726288724 1.3549040205663245 1.4996328131305048 0.26306574338258715 0.7372090476005229 0.30532248538773454 1.742709696656958 0.8711372501746535 1.4237263128405746 0.6613039087879342 0.8256461872744856 0.21694298614574495 0.8450008088689455 1.9083695270207788 0.59221821643704 0.7749044594846562 1.8519902948010576 0.25742659959181047 0.3171521666765261 1.3336921983940813 1.7728641979031696 0.21568831814681272 1.5438390265890876 1.6631141078047222 0.3362914031100801 1.381619602274524 1.1166719601503328 1.0637901046934897 1.9200334608759193 0.20002166042507316 0.6445616617854494 1.4820188202408502 0.7842476896160836 0.6985934414908571 1.4518018145962543 1.8533931466627078 0.6400562639563826 1.0245544710981747 0.6553868290787116 0.8827999246695191 1.2881698915370798 1.5902817674250045 0.3222514942299461
0.13798605275825726 0.10757305256639837 0.4405259738626578 0.31391492081268657
0.2376589218796833 0.31897312955471935 0.3693624280558152 0.07400552050978215
0.14487098904632512 0.34576914801883574 0.34906837335091 0.16029148958392914
0.499041683900894 0.41417112308874904 0.07172565071136505 0.015061542298991926
0.13635835175923794 0.09022952514019045 0.3688113684529508 0.4046007546476208
0.12895807457854047 0.07267600053557477 0.7573006568691819 0.04106526801670285
0.43711801265081107 0.40744052015530696 0.12269457575445131 0.03274689143943066
0.08190006001834516 0.02740484806120047 0.8571571331978447 0.03353795872260967
0.2777215297314206 0.37240898828171276 0.04659432584011758 0.30327515614674905
0.2035981361555802 0.4853081634031091 0.1567657549204554 0.15432794552085527
0.12426071024992369 0.1551988433987005 0.4700261417863505 0.2505143045650253
0.25439918504137593 0.3574504042841652 0.1480694912952003 0.24008091937925857
0.013200625564899537 0.5284100027151141 0.27495089943356443 0.18343847228642196
0.14500296285546677 0.026672334821698063 0.39248498118464625 0.4358397211381889
0.37224601242411803 0.18793540589196267 0.39068961431006466 0.04912896737385464
0.07107351246240812 0.32416830580122435 0.3254722123595123 0.27928596937685524
0.27608308497765854 0.028600845327423463 0.38956612729347007 0.3057499424014479
0.37007687764929276 0.13661447290982576 0.07474695025425582 0.41856169918662567
0.1223312112911773 0.047231267367705776 0.6748517778288365 0.15558574351228038
0.7140509260335566 0.1960777040279924 0.00317261396532853 0.08669875597312249
0.00984544079968852 0.12255239558238273 0.7678776153684871 0.09972454824944166
0.14059766517175454 0.16325660765928351 0.03043397954958471 0.6657117476193772
0.11961014615577858 0.5749290804865708 0.24106015863956765 0.064400614718083
0.16338249440464603 0.1154810569017648 0.029472478694121174 0.691663969999468
0.09284603190663265 0.20296822558709826 0.5379011235929864 0.16628461891328272
0.15973108250577628 0.3147369885837331 0.44447321951530705 0.08105870939518356
0.14352054836853012 0.07543093015841273 0.6601240151697003 0.12092450630335683
0.08285801012063598 0.13265468703111805 0.39793354825426386 0.3865537545939821
0.16519309664977355 0.5652242359101043 0.19538476011366845 0.0741979073264537
0.23368185982132328 0.06363035974235898 0.47008928555499097 0.23259849488132678
0.1029163661719199 0.17017759394591003 0.5599907051562858 0.16691533472588427
0.32173941183739707 0.17982335945919636 0.09437729450908428 0.4040599341943223
0.02909409645982286 0.7990665004568357 0.04102832628109976 0.1308110768022417
0.01478673530954211 0.16756520809067832 0.1350832700141843 0.6825647865855953
0.056852855598646945 0.06586872064167726 0.2434469566187194 0.6338314671409564
0.04307662809459589 0.17367429957970304 0.21219985204140857 0.5710492202842925
0.48181488624170676 0.08350630364738698 0.27878297999172785 0.1558958301191784
0.24040895632467896 0.48994819533210354 0.1845801131873409 0.08506273515587659
0.04553264565460491 0.4743767514288759 0.04580225993345599 0.4342883429830632
0.001573158600998159 0.21132881187121033 0.3140594595549253 0.4730385699728662
0.05564220864270886 0.017998918866900193 0.17006140048337104 0.7562974720070199
0.5024918501138289 0.29428690582948913 0.06919896388817481 0.13402228016850715
0.2430797680627348 0.11684368211249097 0.20182179110334686 0.4382547587214274
0.03074675838642149 0.3104603956370132 0.5273916197538208 0.13140122622274453
0.21464574557780058 0.5998418350602286 0.17688340038508465 0.008629018976886171
0.21070032586890497 0.11281654911292394 0.40390817581103944 0.27257494920713166
0.22416302568145985 0.4131067497102876 0.11145198854914096 0.2512782360591116
0.024158957115163582 0.10479623039611152 0.2273501455403536 0.6436946669483713
0.021397673413144136 0.18674035694950653 0.6296362921330395 0.16222567750430983
0.0932686731653416 0.30311587277962626 0.5885427260579044 0.015072727997127777
0.09875321920491842 0.05303344337955418 0.39647343481135267 0.45173990260417474
0.07273721088434781 0.4961480416722126 0.11121976304808168 0.3198949843953579
0.19092005866659367 0.21439943403153772 0.3067048815516219 0.2879756257502467
0.10677999399370885 0.2581359668925761 0.5098705408487595 0.12521349826495554
0.23638016015282026 0.3275424489258948 0.3085092532667134 0.12756813765457153
0.17572986321318163 0.27750947001041826 0.30732834354379013 0.23943232323261
0.14302607708757153 0.19723472576024104 0.3291453371328503 0.3305938600193371
0.08825354002927399 0.1060439451837325 0.07508721006685715 0.7306153047201364
0.23362646184796687 0.3131507834966937 0.4163208323582681 0.03690192229707134
0.06759889360357696 0.08589574337479577 0.07071783364640838 0.7757875293752189
0.03382173104378916 0.14625766437422627 0.04472787849078097 0.7751927260912036
0.22601441426661684 0.4428402921546596 0.24340137789734262 0.08774391568138096
0.07972011775621979 0.2942249718199762 0.45537260494512555 0.17068230547867846
0.09851907591702669 0.25126313768400477 0.48836681861996845 0.1618509677790001
0.7100658900630638 0.03798544206312371 0.010425973472016237 0.2415226944017963
0.04180861912122957 0.11953020433396211 0.46050654549578673 0.3781546310490216
0.05286620198352476 0.0833671791384265 0.09026994219119333 0.7734966766868554
0.17972812863224774 0.10179070823617908 0.22301007610644363 0.49547108702512954
0.1306641990394306 0.2615343477086387 0.4089805216724315 0.1988209315794992
0.09936765398837333 0.4786116921773931 0.2515981309207691 0.1704225229134645
0.563570171869058 0.12906608587225943 0.30160310505527477 0.0057606372034078035
0.180203757609243 0.4334507762889587 0.05559287674124558 0.33075258936055274
0.20290489288829328 0.18928577002462843 0.5527763702210977 0.05503296686598058
0.2046000739957785 0.2541132317301661 0.3368962646854763 0.20439042958857911
0.16611979665729038 0.5156737565517442 0.1872256249330322 0.13098082185793325
0.07142513371862946 0.2888042860504776 0.6076863395272425 0.03208424070365046
0.6689037930967858 0.042876613285963816 0.08110757454741446 0.2071120190698359
0.48007181603936633 0.1609582686107529 0.31491994603780327 0.0440499693120775
0.25198515520957565 0.48541474362649306 0.22130078256656138 0.041299318597369905
0.28135794224944166 0.404429656760421 0.07871517818680374 0.23549722280333363
0.16353307883213053 0.15972359765257294 0.16612488413233173 0.5106184393829648
0.18164138015089026 0.5136723394679076 0.17532744724338267 0.12935883313781948
0.29775374029236545 0.3454265486562127 0.20735716729222298 0.14946254375919887
0.08165793637092456 0.06982297765492362 0.13044080820739468 0.7180782777667571
0.06325138074870928 0.7191253985707158 0.12159693997216348 0.09602628070841146
0.8881709899968181 0.05990196163047534 0.01848649997191576 0.033440548400790804
0.2514120803260531 0.08954397740397946 0.4812857521711045 0.17775819009886296
0.5096042161455406 0.2817075455674677 0.16381197991335494 0.044876258373636735
0.01615903613308811 0.47759517540349905 0.4062145498222257 0.10003123864118713
0.19914291926856253 0.03479750193143427 0.3841766667664964 0.38188291203350677
0.2081983805383275 0.2282048571511417 0.3620225149386783 0.20157424737185248
0.15507878896953398 0.10646435131446019 0.19948008730622468 0.5389767724097811
0.27668452729256576 0.035561738531992404 0.2577260723745737 0.43002766180086816
0.38575461454897286 0.24408508848384558 0.14279973681075397 0.22736056015642758
0.4159324605560283 0.4979655273640322 0.00798860001195012 0.07811341206798939
0.4512756567910182 0.017925921709621817 0.25568086254137823 0.27511755895798173
0.1834242420995823 0.1557772792504265 0.1285092417120106 0.5322892369379806
0.1050294917167729 0.35947626771487784 0.45495386347666067 0.0805403770916886
0.05984421036917731 0.32090903755110733 0.3214161339995282 0.2978306180801872
0.11899849121120365 0.026296285164986943 0.6460478992726232 0.20865732435118622
