82 30 4 81.30156307482551 162.60312614965102
3.477031028212039 6.753076848327427 6.615092911018419 8.002380765838744 5.3030217655045 9.632204969399263 9.97690786038536 8.492619488173613 2.834605467863149 2.2064500132971805 6.535131551810037 6.33688351843367 6.803024441979704 9.898484786401415 4.01646351176842 8.276669422368014 7.038234287424518 5.8432605329290395 1.6255791319431832 1.8055110909135599 8.846130637883864 6.292306545114345 1.6890896229489596 4.096971285182821 4.2970873916610834 1.1068142921676087 4.9764930427931695 1.4818843044855494 7.0532950422712055 1.2904205911511502
0.6954062056424078 1.3506153696654855 1.3230185822036837 1.6004761531677487 1.0606043531009 1.9264409938798526 1.995381572077072 1.6985238976347226 0.5669210935726298 0.4412900026594361 1.3070263103620072 1.2673767036867338 1.3606048883959407 1.979696957280283 0.8032927023536841 1.655333884473603 1.4076468574849037 1.168652106585808 0.3251158263886366 0.361102218182712 1.7692261275767727 1.258461309022869 0.33781792458979193 0.8193942570365642 0.8594174783322167 0.22136285843352174 0.995298608558634 0.2963768608971099 1.4106590084542412 0.25808411823023003
0.09734246767297083 0.28714806188997155 0.5136020857662175 0.10190738467084015
0.16459860466929155 0.09759533544818921 0.7261318994103927 0.011674160472126549
0.015089156761581957 0.7057161122776058 0.1807981241658737 0.09839660679493856
0.004796904840458249 0.0652311148075283 0.026601821516656354 0.9033701588353571
0.2747781398918774 0.539526656659614 0.0821952143467547 0.10349998910175395
0.02147903629339143 0.210654382629881 0.10110797588333398 0.6667586051933936
0.28349568241695977 0.015029263493131939 0.2591659125013541 0.44230914158855417
0.05773277831971424 0.23328942894420535 0.6728361006213148 0.03614169211476559
0.5844944243634748 0.13614520335163738 0.0658080839836459 0.21355228830124195
0.32395144337357584 0.07026330515799528 0.5976477669156477 0.008137484552781182
0.445980387327782 0.2756094669603182 0.1626710436413259 0.11573910207057392
0.6918715851174692 0.06051642618984221 0.05491316849227568 0.19269882020041296
0.11597282733154879 0.041234387216575685 0.40948291223247046 0.43330987321940506
0.1852220426010599 0.11284152910465906 0.6114185414903943 0.09051788680388673
0.14053916033501102 0.6660658354479685 0.012648988196826472 0.18074601602019402
0.06630833471503983 0.3759840738568484 0.08128864537584812 0.47641894605226365
0.4454537628633445 0.08272777264947984 0.2423086899202731 0.22950977456690258
0.2511163898776163 0.27542805720124497 0.4579536678990864 0.015501885022052297
0.019407164738009297 0.42416358945238963 0.5289624216598826 0.02746682414971846
0.05426589150573313 0.12025021145426107 0.0909454821661636 0.7345384148738422
0.2978916663044704 0.012542827803421197 0.21069909480913784 0.47886641108297057
0.4591916733536159 0.08504406467745895 0.34934338820582167 0.1064208737631035
0.3821243839080696 0.3735056195351748 0.07338833841316006 0.17098165814359556
0.6163638026831147 0.04732554981202164 0.15265871660449748 0.18365193090036613
0.1617030417947687 0.522495034384691 0.26438541505060675 0.05141650876993353
0.23352789540820396 0.14529509804368768 0.5508042372404337 0.07037276930767467
0.06576038985039157 0.24082941487147946 0.6304419258289646 0.06296826944916434
0.596871414809514 0.16682861207725153 0.20353317123774572 0.03276680187548875
0.3533078731297673 0.4716904744937064 0.03181902458212427 0.14318262779440205
0.24180724264153997 0.078271735072592 0.5841767401688017 0.09574428211706631
0.18839489018807598 0.14139384032652258 0.4943437030206609 0.17586756646474055
0.09290576071897483 0.03976447857091925 0.8045970905386313 0.06273267017147466
0.15402306254098452 0.03731454862395778 0.4230702867622709 0.3855921020727868
0.16650007316095417 0.29777210234677964 0.44385860562692514 0.09186921886534105
0.15904685815599096 0.24343320696896786 0.1786077278949132 0.418912206980128
0.1199266965234368 0.18658168991028556 0.420853811493348 0.27263780207292965
0.33733418078191457 0.48399434599326785 0.13112163699857637 0.047549836226241204
0.19911251439476108 0.14720469795624935 0.10668974100098871 0.5469930466480009
0.03356490134629886 0.1867882202703679 0.056184999699809834 0.7234618786835234
0.21655608469331733 0.028545800592746473 0.5085606026682211 0.24633751204571508
0.3552896615587159 0.4470392305071931 0.10019562960546124 0.0974754783286298
0.6168482570917437 0.13823826727110278 0.10249615567093684 0.14241731996621665
0.3608459842598638 0.07401593200882484 0.3330613752884256 0.23207670844288575
0.2941783780833477 0.09577736080595711 0.42992452600613384 0.18011973510456136
0.09010178797648039 0.038558199528479276 0.21488868561488128 0.6564513268801591
0.00526085006499355 0.15309618146405424 0.6753514201427224 0.1662915483282298
0.7242205846748522 0.007197621678595834 0.25434146806709346 0.014240325579458535
0.06684511640086743 0.7054690210563772 0.2070820712270246 0.020603791315730757
0.3779981210082678 0.4187353235263832 0.13157048110670178 0.07169607435864722
0.5203332879695607 0.08901331601662332 0.025509140002290875 0.3651442560115251
0.2786774648688938 0.25194937518824345 0.1322539006897382 0.3371192592531246
0.10442088906218283 0.23522120223666043 0.3006607813527088 0.35969712734844794
0.2588879724875579 0.41777479282877805 0.10222606101273557 0.22111117367092847
0.5408782640265938 0.03922713197091787 0.4090531926831157 0.010841411319372662
0.08400200022541182 0.6654139731298742 0.05188765394848682 0.1986963726962272
0.2294106232167511 0.3525993840981291 0.37422274090121976 0.04376725178390006
0.06717131123151132 0.36191005470632465 0.5641646178085205 0.00675401625364358
0.07763992708047962 0.24316098264582642 0.604353477396076 0.07484561287761793
0.00668794561891739 0.17449713926084764 0.14206925858435004 0.6767456565358849
0.3070604502352746 0.18931630250963216 0.15313578651574622 0.350487460739347
