26 80 4 234.1661810882212 468.33236217644236
3.7714145736247375 5.674523313747707 7.914678953841761 8.102986625537739 8.835058562282411 2.69129252459862 3.4255472105522644 5.465729268890751 7.652095724023396 2.754567924774765 2.617707220533208 5.84943632717638 3.544890441498798 7.848458825158888 3.4272364748135264 3.6416755838260464 9.66164960451497 9.21892893553999 6.113573608651983 5.369431186031763 6.883339335837266 5.8296645867643715 9.961650076603776 2.27784217493293 9.778074729163539 6.576017266023768 7.4843758693447695 3.655572142380146 6.401187690130746 7.7557192485207915 6.772295571764386 9.309695135662386 8.998572172624325 6.802042172650315 3.660781690556169 7.143343415489678 3.4929754118045437 2.137869583168579 6.129255439941813 4.681535448306217 6.043646325565329 8.689090782683504 1.8704700744834817 4.189085858224982 9.762595941354412 9.29769514789476 9.717998395740377 1.4586074643758962 8.95200292128418 7.9297721803779275 3.1565388672202683 1.9343327526400746 2.6766758918166316 7.77448239003021 9.57607503321366 8.115238216212724 2.67948322932213 5.608422444314372 1.7330417909532498 5.709157968583231 2.204732239875214 2.7876206191673916 1.9737577875235095 6.6945270303236555 9.56726471653246 5.73723849699346 4.03135514698033 5.574771456151927 9.91422933494111 6.69937374425716 4.282476828028012 9.781525853636923 8.042060553967994 1.3491529090959964 9.868652043148987 4.1686507688442145 3.500670455758325 3.823552593550021 6.7615636888852615 5.382080181198878
0.7542829147249475 1.1349046627495414 1.5829357907683521 1.6205973251075476 1.7670117124564821 0.5382585049197239 0.6851094421104529 1.0931458537781502 1.530419144804679 0.550913584954953 0.5235414441066416 1.169887265435276 0.7089780882997596 1.5696917650317777 0.6854472949627053 0.7283351167652092 1.932329920902994 1.8437857871079981 1.2227147217303966 1.0738862372063527 1.3766678671674533 1.1659329173528743 1.9923300153207553 0.455568434986586 1.9556149458327077 1.3152034532047536 1.4968751738689539 0.7311144284760293 1.280237538026149 1.5511438497041583 1.3544591143528772 1.8619390271324772 1.799714434524865 1.3604084345300629 0.7321563381112338 1.4286686830979356 0.6985950823609087 0.4275739166337158 1.2258510879883626 0.9363070896612434 1.2087292651130659 1.7378181565367008 0.37409401489669636 0.8378171716449965 1.9525191882708826 1.859539029578952 1.9435996791480754 0.29172149287517923 1.790400584256836 1.5859544360755855 0.6313077734440536 0.38686655052801494 0.5353351783633263 1.554896478006042 1.915215006642732 1.6230476432425447 0.535896645864426 1.1216844888628743 0.34660835819064995 1.141831593716646 0.4409464479750428 0.5575241238334783 0.3947515575047019 1.3389054060647312 1.913452943306492 1.147447699398692 0.806271029396066 1.1149542912303854 1.982845866988222 1.339874748851432 0.8564953656056025 1.9563051707273846 1.608412110793599 0.2698305818191993 1.9737304086297975 0.8337301537688429 0.7001340911516649 0.7647105187100042 1.3523127377770523 1.0764160362397757
0.2714507069953772 0.13833065721303917 0.45357201370561984 0.1366466220859638
0.06674945786468267 0.6338473565256525 0.04470098199067629 0.25470220361898854
0.38226205304884064 0.22998245577112553 0.3012807124716339 0.08647477870839992
0.10370929014777408 0.2609729248086159 0.1908498699258846 0.44446791511772543
0.08527820827265054 0.17726256425865083 0.013086640082335621 0.724372587386363
0.2271162687640278 0.46798652255438955 0.11191635623621798 0.19298085244536467
0.5539161096852093 0.03527152123704691 0.2681539743087814 0.14265839476896236
0.11345208392919537 0.4601161625149772 0.4145103915000611 0.011921362055766327
0.058418338736477504 0.4271722469009973 0.3148755756008369 0.1995338387616883
0.07040963791060295 0.1947538290501567 0.29503770532637896 0.4397988277128614
0.24305996931962692 0.12706977170808653 0.4328238266008374 0.19704643237144914
0.05315249970252589 0.16277213127949341 0.6525791836235196 0.13149618539446106
0.18079532374809626 0.11197360647102084 0.5671841958031908 0.1400468739776921
0.4993762741751385 0.3942187493921868 0.0028771909888781755 0.10352778544379648
0.4698033808371014 0.13508568721335046 0.29811761379104296 0.0969933181585052
0.40620396062325914 0.2632668204026746 0.09217945707345332 0.23834976190061297
0.30440174022842126 0.11479106188756794 0.5663494790745881 0.014457718809422704
0.14564488059067515 0.13171969018858098 0.050817792173886156 0.6718176370468577
0.11918020133296636 0.08133737545508823 0.702091571511239 0.09739085170070638
0.11756727849874493 0.03162582916052037 0.3114803952351147 0.53932649710562
0.10014906120750511 0.07061718291065688 0.3802566476886212 0.4489771081932168
0.07339122040597457 0.21015691730398445 0.04767748243003478 0.6687743798600062
0.38512185350142825 0.2082300387491387 0.3344418927207279 0.07220621502870517
0.00945339630568276 0.6513646449386934 0.12112946851917816 0.21805249023644568
0.29887959455137214 0.48360981050938723 0.08824193694214222 0.1292686579970984
0.5288645526059376 0.20384769882850018 0.17345571198021026 0.093832036585352
0.31094675853066167 0.1950951070064023 0.1225730275213246 0.3713851069416114
0.2248670330846605 0.12500290512158896 0.27006765132054555 0.380062410473205
0.47268418758241904 0.15679031311134306 0.15004744632046207 0.22047805298577583
0.40736538818573387 0.3903210218434321 0.10970493864620567 0.09260865132462837
0.17373449801095397 0.46246455949049325 0.22370018841040828 0.14010075408814449
0.028804658170423658 0.0430207302449962 0.18497883081841238 0.7431957807661678
0.32639423906744813 0.6014590112119197 0.05545084716841109 0.016695902552221087
0.587614365080564 0.19920067380376394 0.13260768911879972 0.08057727199687237
0.14859503200170088 0.22580865200243416 0.10713734002578901 0.518458975970076
0.05428863060603761 0.1327517024127588 0.1751353151442212 0.6378243518369824
0.4530723520901453 0.4590450919622173 0.04420895033273553 0.043673605614901856
0.21585010498615087 0.22948712525181303 0.027314776036877153 0.527347993725159
0.574536571660792 0.23507215683259586 0.0008676690620623706 0.1895236024445498
0.45223042429337645 0.229958335831688 0.03070389142000518 0.28710734845493036
0.5515664258268529 0.14126117369270097 0.011983341945924653 0.2951890585345215
0.45768629352699575 0.0818100390308697 0.08288548133461293 0.3776181861075216
0.513963429643238 0.21480549076941313 0.22616908420229376 0.045061995385055065
0.43530623658399925 0.13815030269498374 0.19196818313526232 0.2345752775857547
0.3014882162506768 0.2925876504305651 0.12144036557282245 0.28448376774593565
0.2475519916419191 0.09735274920048353 0.5931579390853599 0.06193732007223751
0.4816416289284772 0.10993393363303483 0.24794429582190436 0.16048014161658364
0.11596816278082245 0.27037767137957336 0.055325751527794065 0.5583284143118101
0.5656494966868131 0.2931055268054563 0.009029414648272893 0.1322155618594577
0.3748618109811651 0.05606169644947423 0.38718470368952873 0.18189178887983193
0.038527273406506746 0.10776410100761225 0.35081014940040744 0.5028984761854736
0.038805180316193066 0.16303070084498783 0.6574314032075522 0.14073271563126688
0.02581550998282145 0.05929827580471647 0.14472990759030635 0.7701563066221557
0.15843916556680504 0.061762221878523205 0.273991519386671 0.5058070931680008
0.02768544220899838 0.5842543663207073 0.3855624487372932 0.0024977427330011848
0.6761615738662058 0.11491171277464518 0.03805498041087596 0.17087173294827307
0.6388908191185644 0.018756963300833096 0.24598832609928245 0.09636389148132007
0.33296810868866156 0.5275782952463671 0.11883144689170644 0.02062214917326488
0.2974835815540403 0.23799242221135364 0.22380604073587407 0.24071795549873198
0.33137485223882135 0.08760628012547134 0.48662347630794733 0.09439539132775998
0.07387711603055236 0.21338780449954697 0.033322088444414866 0.6794129910254858
0.11420788444611985 0.03234484674066873 0.4028544202567449 0.45059284855646653
0.23410206876192186 0.16665245144536311 0.5258941937075229 0.07335128608519215
0.1893223523830081 0.141360490272479 0.24234991587947918 0.42696724146503373
0.14900409276391746 0.16687502290521228 0.013532110528317598 0.6705887738025527
0.25729562008396234 0.03323293963707419 0.16851453830651286 0.5409569019724506
0.11485363464955856 0.09687791517774802 0.4346196369224462 0.3536488132502472
0.07878972387742178 0.6026391342426283 0.30434423242168307 0.014226909458266879
0.1100296525137282 0.2245617785712205 0.521364354485225 0.1440442144298263
0.0905377254827684 0.05851807474553483 0.3690119852088344 0.4819322145628624
0.5442554454316996 0.19716774335015008 0.013660281040432265 0.24491653017771808
0.04488811335821297 0.14667505841035156 0.1909823792116938 0.6174544490197417
0.20686557006167905 0.28260354102294816 0.4601947071284851 0.0503361817868877
0.11009889129277317 0.18009009785329877 0.14441252651746017 0.5653984843364679
0.3471409690566867 0.029824591507533582 0.5505423787547359 0.07249206068104386
0.6315862464827741 0.14230622769859613 0.1054385715490751 0.1206689542695547
0.06953153405308532 0.5179498857209016 0.11548517166276007 0.297033408563253
0.32248667394901154 0.09076675370568665 0.004827285089045397 0.5819192872562564
0.21995296207208448 0.4939533721740831 0.016626920668098788 0.26946674508573365
0.06257941572016446 0.29304081113883007 0.40179331096615123 0.24258646217485424
0.26775209091489005 0.19357923397461463 0.48457865417308144 0.054090020937413885
0.06151639886477467 0.2348743185330403 0.1575188380247603 0.5460904445774247
0.01343251361449116 0.24359576310512543 0.4225919705408656 0.3203797527395178
0.005044305171323482 0.7644197052408955 0.0643929350442215 0.1661430545435595
0.18765982074701926 0.10481842294859667 0.3525682568772127 0.35495349942717136
0.5139522806639644 0.3637304757139521 0.022868793631415807 0.09944844999066771
0.4377752881819109 0.18312788933935864 0.16434750615570382 0.21474931632302663
0.1328640222180001 0.5687384308175409 0.034657139578276874 0.2637404073861821
0.06030629779692065 0.03552042184928317 0.4637101628473136 0.4404631175064826
0.08612453271754317 0.3437192915840863 0.06289612946639422 0.5072600462319763
0.14501094055062158 0.04390681237405403 0.749711861291349 0.061370385783975356
0.17409627024575736 0.118807973313241 0.27582785425788636 0.4312679021831153
0.08279114714619884 0.8523621631148812 0.03255195570047342 0.032294734038446515
0.8097574654899066 0.13282296020615691 0.05412755192452279 0.0032920223794137282
0.10653309772623099 0.23366249271296957 0.08654378662701823 0.5732606229337812
0.40500390516965146 0.4462471618467905 0.11071069831977132 0.03803823466378675
0.17990150104605152 0.4652857985003098 0.25964299646722133 0.09516970398641733
0.09720666426833735 0.17916437934970864 0.18612341445867164 0.5375055419232824
0.13254191010062122 0.46234400681353427 0.15840192804084274 0.24671215504500177
0.006035351707172398 0.5719232555948258 0.2105764959312083 0.21146489676679348
0.5156240985086713 0.1320281682145661 0.24698029906238061 0.105367434214382
0.14600951476106527 0.2384915620738941 0.4093123547552716 0.206186568409769
0.005661317413282685 0.2096094982244313 0.5222951837408348 0.26243400062145117
0.2277531540942479 0.16429969108181008 0.4268908618875725 0.1810562929363695
0.2973013198998874 0.5547742940268001 0.14001757103802925 0.007906815035283232
0.04218835425117573 0.13777632318212707 0.6917488859230969 0.1282864366436003
0.07673428668314675 0.6876253718068094 0.03763780528610716 0.1980025362239367
0.019703076308489442 0.3205295004949892 0.5871476083779523 0.07261981481856905
0.12247814071122165 0.38804136120836275 0.21587793251437215 0.27360256556604345
0.052621971602350937 0.06324623074298108 0.35795146344865325 0.5261803342060147
0.5012171285145081 0.15201029779568043 0.12974238828478424 0.21703018540502728
0.2358629574349117 0.12378558364959791 0.519947099446287 0.12040435946920336
0.6118662011842609 0.04071544279955919 0.2874095495324668 0.060008806483713095
0.1387982393908257 0.31106438145290916 0.07837526698193642 0.47176211217432873
0.5099987839769065 0.11499508004408687 0.18182903549288665 0.19317710048612002
0.2961882911348497 0.43897076095547094 0.16302264126934762 0.10181830664033176
0.1313784434809886 0.46551211344654086 0.3918076794001094 0.011301763672361131
0.2418995555009944 0.28248108766898217 0.28679244705100315 0.18882690977902028
0.1361180161942498 0.3563802089985225 0.28151565470919493 0.22598612009803276
0.05710227020523195 0.0644322650272352 0.4320512950787362 0.44641416968879666
0.0800803711316066 0.5508472258157825 0.28499388587723695 0.08407851717537396
0.16713729985595127 0.4488708895262815 0.16868650902016602 0.2153053015976012
0.4768705837603533 0.0871065415442509 0.2403980565386531 0.1956248181567427
0.40787082496492866 0.410907967204163 0.05631655527589374 0.1249046525550146
0.09386814757403039 0.011485611283622021 0.06462210082847941 0.8300241403138682
0.14248855675293315 0.10581132258195114 0.10900718028625234 0.6426929403788634
0.14587001311848624 0.014527443629853476 0.6682586716739588 0.17134387157770148
0.043253740839746535 0.46310805473153327 0.1411962552404098 0.3524419491883104
0.15048872086954357 0.17716761112018398 0.12031500171616394 0.5520286662941085
0.2814746438751917 0.1747996853972893 0.40200976583738446 0.14171590489013453
0.42832989964796275 0.16777833555560662 0.2284621813928951 0.17542958340353554
0.34519416855147367 0.08805239737239279 0.38794035078465927 0.17881308329147427
0.007686450506097953 0.41881821111551265 0.5162845000240727 0.05721083835431673
0.12660783253608 0.2798817513496684 0.27398748975465514 0.31952292635959645
0.27194331225061874 0.23158410181576095 0.28922645068597896 0.20724613524764135
0.08868400476423977 0.1066943947049408 0.5677385411505926 0.2368830593802268
0.4621065039220644 0.2675091271242871 0.1228433062001355 0.14754106275351297
0.19825711962241777 0.13423445681455237 0.5740865238115906 0.09342189975143922
0.26351760374791044 0.22675716014877878 0.34065861649113693 0.16906661961217384
0.14263100064125556 0.8319895626196895 0.014286815674007136 0.011092621065047825
0.37656292836954075 0.4563300870648198 0.1363147913537599 0.030792193211879537
0.47520339310912585 0.09631685033290127 0.31093834449593316 0.11754141206203972
0.20018228553803497 0.6976401627998062 0.0038107595420483475 0.09836679212011046
0.15181696836527303 0.4097968258814477 0.3633755626261971 0.07501064312708217
0.009925833089151403 0.43923190234855947 0.44971511913402806 0.10112714542826107
0.006535829925860548 0.4964972072032455 0.46983825435017623 0.027128708520717693
0.595142188598296 0.09971513174218949 0.30118631604016344 0.003956363619351033
0.43483862359939496 0.37724138098201543 0.13066908218170137 0.057250913236888246
0.4503732521311935 0.08917640756029388 0.29782618698496477 0.16262415332354785
0.17297526620340498 0.386888614559013 0.3360793355973639 0.10405678364021809
0.2891818316826722 0.27345633966471095 0.39017440302806405 0.0471874256245528
0.36679216710517215 0.1349382087825074 0.10311130463681573 0.3951583194755047
0.22191751065835652 0.31453503013453965 0.17572953188853346 0.28781792731857037
0.5317119047358047 0.13029857020252156 0.3021174853719446 0.035872039689729185
0.017302846814527983 0.3143607416364068 0.1644464595394557 0.5038899520096095
0.02414691293365423 0.8500573003631579 0.11548555772715419 0.01031022897603373
0.28527172851051963 0.11881723712802172 0.4629666503776686 0.13294438398379005
0.7162214835396503 0.07313680467698902 0.17054239796054604 0.04009931382281462
0.5452816236160506 0.04243006765137136 0.3572046462537949 0.05508366247878316
0.42975392176503824 0.1607474025476071 0.09399705485109211 0.31550162083626254
