80 40 4 108.09266788633047 216.18533577266098
5.697241448502293 7.294657303131976 3.4288207396565524 7.070336872200931 9.172648749819833 7.166351837434666 2.9048800959376972 3.855394667135624 3.405694644666593 2.0845568682415534 9.971712066714217 1.7239572043461462 3.5613977472096745 5.817251792705351 8.612218969814787 2.8011172246711293 8.30839196017254 4.356431118845587 8.286771169050262 1.1079573649876395 7.012624713192254 3.614717765444226 3.9044782481167575 4.759389234347514 5.3775639710032905 9.484106679650308 7.589329516202727 9.780555016602431 6.209489377418542 5.633927999497578 5.005533916463483 8.7915612406368 6.5930020300121 5.763909822556199 1.5986519317697312 5.282802808842224 3.1117214334582486 5.764473397775272 1.9219603072103988 2.357746517215772
1.1394482897004585 1.4589314606263952 0.6857641479313105 1.4140673744401862 1.8345297499639668 1.4332703674869332 0.5809760191875395 0.7710789334271249 0.6811389289333186 0.41691137364831066 1.9943424133428433 0.34479144086922925 0.712279549441935 1.1634503585410703 1.7224437939629573 0.5602234449342258 1.6616783920345077 0.8712862237691175 1.6573542338100524 0.2215914729975279 1.402524942638451 0.7229435530888452 0.7808956496233515 0.9518778468695028 1.0755127942006582 1.8968213359300616 1.5178659032405455 1.9561110033204863 1.2418978754837084 1.1267855998995155 1.0011067832926965 1.7583122481273599 1.31860040600242 1.1527819645112398 0.31973038635394624 1.0565605617684448 0.6223442866916498 1.1528946795550543 0.38439206144207977 0.47154930344315443
0.0767871701244357 0.014669717802286208 0.8570448714069271 0.051498240666351
0.5992110827446835 0.11573564752645149 0.16770882961135036 0.11734444011751466
0.7378533205495407 0.17376831963029205 0.040329754313409016 0.04804860550675827
0.6542334437761992 0.17216635001023306 0.1433943842349933 0.030205821978574465
0.005383539245101487 0.010307502140923797 0.9002767379040608 0.0840322207099139
0.5899830415126296 0.10738878107133476 0.02691048533238183 0.2757176920836538
0.4471730587080509 0.018920464909925494 0.089393534016598 0.4445129423654256
0.22647320825294603 0.07820941460549447 0.5688782775022896 0.12643909963926991
0.2833075953015237 0.08482810790348716 0.45421289096888906 0.17765140582610006
0.40899617937290333 0.3500419516812655 0.05244953451107848 0.18851233443475268
0.08957725429258723 0.23584597651864236 0.434561486174424 0.24001528301434638
0.08545856617175385 0.26079484468651426 0.4850421666125224 0.16870442252920947
0.45645759056447066 0.29645504364856723 0.12434165972191802 0.12274570606504409
0.14066560206830547 0.08065049671707125 0.0070594409565808425 0.7716244602580424
0.20089651177586254 0.08601889784737926 0.10680682586189794 0.6062777645148603
0.07839058241845209 0.8618018280161313 0.04001431745063233 0.01979327211478432
0.5705732028188387 0.036688019695192864 0.010000579181286717 0.3827381983046817
0.5319638710979459 0.20595741659300892 0.12156422643207243 0.1405144858769728
0.45298586504579974 0.24943590742687027 0.27318296450691204 0.024395263020417945
0.703987293430583 0.07193962837573897 0.17453809350560068 0.04953498468807738
0.11844977066355078 0.04914024909540671 0.009293211107743615 0.8231167691332989
0.19170421681453875 0.43551052874164964 0.02457566091408514 0.34820959352972647
0.0008253982792368886 0.4914650207313146 0.0787999180060518 0.4289096629833967
0.47177283790391644 0.13089569867326833 0.07113593252147477 0.32619553090134046
0.5613741362138627 0.03312476830774136 0.05157731974362245 0.3539237757347735
0.4135769173166236 0.4213426091871715 0.1172041754768447 0.04787629801936022
0.39742549606303945 0.16047553315619412 0.3279828578897368 0.11411611289102963
0.021949613134583434 0.16444909359081528 0.41195515015495554 0.40164614311964575
0.45443373671392595 0.03005687511385935 0.14938714273871134 0.36612224543350336
0.4882473613757149 0.28385139854412844 0.05179147332157552 0.17610976675858114
0.05540564892066635 0.006185806349430223 0.722795981301965 0.21561256342793844
0.3321870558511042 0.5188813062114015 0.08830100573582722 0.06063063220166709
0.14306042473054692 0.17480836255737553 0.6383410993595849 0.04379011335249261
0.24853933071324397 0.46035451786970194 0.05828274668415179 0.2328234047329023
0.554095314346297 0.09295332172386506 0.17808346957255394 0.174867894357284
0.23538600126132736 0.4539144225749623 0.30429259487347105 0.006406981290239311
0.055781114740433235 0.3119390597508964 0.5311637865752696 0.10111603893340071
0.6588279880639012 0.13078685756185138 0.14943669079953836 0.060948463574709066
0.7457211974468424 0.08549935573696066 0.08977602560187292 0.07900342121432402
0.4195856945233649 0.17974734240572532 0.2548828417231249 0.14578412134778485
0.7148226904410083 0.10648167720383794 0.15298955242261114 0.02570607993254259
0.17184986925202905 0.08827621274128972 0.16676444063782547 0.5731094773688558
0.029057403894830025 0.5934734893028915 0.06398009768003365 0.31348900912224487
0.2671876896868418 0.30810914274432977 0.3937129939319246 0.030990173636903817
0.21055362615659312 0.3809331788574216 0.3242866680437805 0.08422652694220478
0.14370081690754344 0.24824415019105295 0.5109381468089484 0.09711688609245517
0.19572575509783163 0.653701974572318 0.05066839342037843 0.09990387690947189
0.5963392026232874 0.18604229722058885 0.1840894819933162 0.03352901816280751
0.013982255318108372 0.11698298744920343 0.6226279368978295 0.24640682033485872
0.16079453326742543 0.4980941012857121 0.007172752839256558 0.33393861260760593
0.12765165710234982 0.08865959735616369 0.4539876911351137 0.32970105440637276
0.17989323401071577 0.0003208100600933239 0.22093913822930655 0.5988468176998843
0.013414863053786141 0.6473326136747365 0.05924931774786346 0.2800032055236139
0.11461667700655731 0.01819020772490565 0.6213056736843501 0.24588744158418696
0.3083279007473647 0.07105865434173197 0.27497664472262806 0.34563680018827525
0.12291832581004791 0.35811715056070315 0.05931830725372955 0.4596462163755194
0.4289931250990495 0.17062047291279814 0.014135380754305982 0.38625102123384636
0.0931599099434981 0.3968242690488818 0.34102892842279364 0.16898689258482646
0.22509763356154622 0.12440676213604052 0.07687975659698232 0.573615847705431
0.16057726579085174 0.08119470945824059 0.4835875788485975 0.2746404459023102
0.2629612477622032 0.3198472994286292 0.405037134067905 0.012154318741262604
0.11221917389611458 0.04639958568078317 0.27751685510243507 0.5638643853206672
0.039038326506971144 0.0725515981523881 0.048958875154901604 0.8394512001857392
0.1803522443004436 0.28458933276790543 0.4840534694947264 0.05100495343692457
0.13457386579026587 0.27388480292196893 0.10189362617085529 0.4896477051169099
0.7625696352146939 0.07780393554388465 0.000807866581747696 0.15881856265967376
0.01371898409950345 0.7490996912852401 0.16636261426646626 0.07081871034879017
0.19181907158547007 0.3406882946010399 0.19127922015208265 0.2762134136614074
0.11767527833891311 0.11116665269913639 0.5834326825765757 0.18772538638537484
0.18091908648935706 0.3049457461206555 0.4223481279262017 0.09178703946378575
0.006584352091248968 0.8360224303117226 0.14625876277175331 0.011134454825275086
0.16070233244557597 0.07892388723978117 0.19571180334120852 0.5646619769734343
0.23172476975456835 0.09400721528577916 0.05428405830636207 0.6199839566532904
0.6861709283326246 0.0007422119863431664 0.11845687809793781 0.1946299815830944
0.2788936893750258 0.3712341745792128 0.24038117436779194 0.10949096167796946
0.1830964490609608 0.40598221574306925 0.2856304811581373 0.1252908540378327
0.42576223001288804 0.3008310927733199 0.15691811826267155 0.11648855895112054
0.1170436387955538 0.0972356504622629 0.746381213229503 0.03933949751268029
0.4570023299317433 0.2405774029161516 0.03563287772176882 0.2667873894303363
0.5084652081766594 0.04432681720570952 0.004585543455689733 0.44262243116194133
