2 40 4 93.23591956781203 186.47183913562404
4.923954119278034 1.2333360864510219 5.946962300908382 4.917901533564492 4.783310218787401 3.9730133890348673 2.8418377063405824 6.573438697155973 3.6968920630707083 3.4014454759258 6.590204494923654 5.762278848493351 2.211219508104402 5.622203091391718 2.6599587908222375 8.068016330350062 8.6857776337554 5.448131536437351 8.619053368217212 1.7168092930815488 5.547214811095335 1.5875785394819029 4.853100948376505 1.8687782409455131 2.144439745311497 6.370707780807362 3.0341080054381226 1.9625111587898467 2.9827558636350373 4.1484365650296935 5.210087361240702 2.815689036384688 6.763660526934233 5.347628519965765 5.547130480166942 4.482033860067034 8.142737089974194 6.22003760990026 2.4606873865208247 7.306771119464406
0.9847908238556068 0.24666721729020438 1.1893924601816763 0.9835803067128983 0.9566620437574802 0.7946026778069735 0.5683675412681165 1.3146877394311947 0.7393784126141416 0.68028909518516 1.3180408989847308 1.1524557696986704 0.4422439016208804 1.1244406182783435 0.5319917581644475 1.6136032660700124 1.73715552675108 1.0896263072874701 1.7238106736434424 0.34336185861630975 1.1094429622190671 0.31751570789638056 0.970620189675301 0.3737556481891026 0.42888794906229943 1.2741415561614724 0.6068216010876245 0.39250223175796933 0.5965511727270074 0.8296873130059387 1.0420174722481403 0.5631378072769376 1.3527321053868466 1.069525703993153 1.1094260960333884 0.8964067720134068 1.6285474179948387 1.244007521980052 0.49213747730416496 1.4613542238928812
0.5671441276277093 0.32237593631843564 0.07503101614311025 0.035448919910744836
0.436747263026799 0.09885691047085732 0.008603986650445816 0.45579183985189786
0.24717723899735333 0.11916516267766708 0.0399326413729304 0.5937249569520492
0.7649598604516815 0.03529849068090529 0.19359366028868608 0.006147988578727115
0.2930232318194398 0.06360104930331911 0.6265291642344538 0.01684655464278728
0.25974475274713704 0.24425568663201558 0.32801646025534825 0.16798310036549913
0.37921056694163746 0.2034743215873971 0.21472005050355902 0.20259506096740643
0.3508719013016405 0.14620189743287215 0.16512822053381315 0.3377979807316742
0.3132585284297136 0.42514123019118677 0.23451093125392453 0.027089310125175126
0.1704771334837707 0.04415861291618295 0.4292061877482414 0.356158065851805
0.7780081598084683 0.02057749429061262 0.0703309723329979 0.1310833735679212
0.2208379150614619 0.04294061421855788 0.3283060483863566 0.40791542233362366
0.4197354613068207 0.1887066964982289 0.015121026757081157 0.3764368154378692
0.24581116390413071 0.30209661618624595 0.04334957256316918 0.40874264734645416
0.010250039399590904 0.10033310839657017 0.1845891574235814 0.7048276947802575
0.09528805226080372 0.11963633186989153 0.25648547333898375 0.528590142530321
0.04886808622935135 0.5944433410188839 0.2018016883264664 0.1548868844252984
0.741755038883449 0.05713047262118065 0.07126038186437189 0.1298541066309985
0.08756250900112283 0.14201151974322235 0.12756090495521555 0.6428650663004393
0.043501186059715646 0.008721541324444582 0.6162043186318975 0.33157295398394226
0.6152545734642763 0.004386890245688391 0.2566249879941944 0.12373354829584093
0.42536729190538647 0.02264742461870317 0.05960277014787174 0.4923825133280386
0.042429191882546125 0.4077979877348271 0.32736072868816035 0.2224120916944664
0.33187371253987585 0.17090503996934558 0.24559524683181488 0.2516260006589637
0.008448363578819729 0.4060116915540918 0.030110886617797705 0.5554290582492908
0.2008423437754454 0.46112544666426225 0.2784827031023809 0.05954950645791146
0.501216451687087 0.41549816027079556 0.009186984550616728 0.07409840349150076
0.21882078632937274 0.19901545767334305 0.45872562442061127 0.12343813157667294
0.13139460547944382 0.7109384406240274 0.098782827530151 0.05888412636637774
0.2085024945255225 0.3606380375301129 0.2231896872506225 0.2076697806937421
0.04312903635336274 0.6875511641727529 0.10248104420786064 0.16683875526602376
0.43508364985882764 0.27792364368815337 0.16761477261869973 0.11937793383431927
0.33074702616940477 0.2955969330316216 0.3104371130331596 0.06321892776581406
0.38079258371620806 0.006107759296160142 0.3947590826537132 0.21834057433391862
0.2594804044042771 0.5307633981897681 0.1902412764047332 0.01951492100122154
0.120039792177414 0.34169911257911767 0.07460456833953688 0.46365652690393144
0.1757241932567306 0.023174898572768554 0.44291267179933247 0.35818823637116837
0.17559907090882187 0.5401315168621433 0.16953308663952393 0.11473632558951086
0.08778755488499446 0.09336267452365199 0.47175672129256807 0.3470930492987855
0.3237505822561465 0.28517956667824507 0.3860201110334016 0.0050497400322068176
0.34161365267110966 0.0859323106250004 0.07246239787410669 0.49999163882978326
0.0820949222750248 0.6944642627220755 0.17718304194776635 0.046257773055133344
0.02720236589484959 0.03994200484210508 0.783706133267547 0.14914949599549832
0.16922544658417793 0.43259167482128946 0.36876319197170615 0.029419686622826458
0.04567896524540005 0.39567595410944667 0.0827119559455175 0.4759331246996358
0.32354131753469884 0.06334856778606357 0.3498571709663505 0.2632529437128871
0.01301733669455063 0.012533605155142125 0.24383785574660843 0.7306112024036988
0.3875234258732815 0.027382411501405746 0.13607206794973203 0.44902209467558074
0.04179770981531006 0.0709785054227614 0.5447361724209725 0.34248761234095604
0.4167534401953371 0.24472788652010424 0.2201709090331072 0.11834776425145144
0.133954208171691 0.4093910224122117 0.20543264769295178 0.2512221217231455
0.34623790945514643 0.5676775677099856 0.0045431694244685294 0.08154135341039948
0.17671216158442604 0.3634793540827048 0.2860583127670271 0.17375017156584205
0.1866271455864802 0.30263902140837895 0.210254452795689 0.30047938020945186
0.18728654470189776 0.08677270783415592 0.3553004702935285 0.3706402771704178
0.28375580746525464 0.0018479264456476852 0.2638930871775057 0.450503178911592
0.1614665628916767 0.07065168854448722 0.7563914493480004 0.011490299215835664
0.031247562265261597 0.18615486403976433 0.4356180869260752 0.3469794867688989
0.03058948319431931 0.5591925082774445 0.11484550764869539 0.2953725008795408
0.06566366620637754 0.13236344560979207 0.1971236466513342 0.6048492415324962
0.2904267429349884 0.141962352509859 0.5212708669374753 0.046340037617677354
0.20704983825331424 0.23752442651044348 0.0811589850472002 0.4742667501890421
0.16441908617012002 0.5435520844488008 0.06913182885072389 0.22289700053035533
0.4814581623460332 0.37638135609348067 0.09890807486773368 0.04325240669275243
0.025201423670748957 0.6905456606156053 0.13293742998096914 0.1513154857326766
0.10213794823119349 0.18112079558992733 0.1050754382936383 0.6116658178852409
0.5060868335126388 0.06418737623808024 0.13199003106900586 0.29773575918027506
0.004663522735049885 0.5587125876039852 0.11420872988887432 0.32241515977209056
0.346630014990264 0.46938913693413 0.11014213500052594 0.07383871307508005
0.3490016406838594 0.45612989957184213 0.06224999690082189 0.13261846284347656
0.10718740423157991 0.0986062727184921 0.597620487209377 0.196585835840551
0.2208812218607441 0.4988063158636672 0.05017211926829068 0.23014034300729802
0.2286102518330989 0.18586899769229026 0.22797316937740308 0.35754758109720775
0.1783098277777202 0.2938987596380812 0.38291107338838914 0.14488033919580945
0.24625358896778982 0.4461456569134412 0.06993599834282782 0.23766475577594115
0.12578138255308757 0.17073136824154145 0.5423898437643716 0.16109740544099937
0.07923817070079964 0.00814100808899676 0.34220944026661737 0.5704113809435862
0.10174481096338206 0.6115767511940285 0.2698167988856617 0.016861638956927716
0.4777363530063754 0.03666570746484521 0.0445487342260561 0.4410492053027233
0.8261508194397967 0.007061670682807497 0.1556496031971023 0.011137906680293463
