6 80 4 237.1281038063643 474.25620761272864
9.035741362924014 3.987818247710595 8.391062107520487 1.375269631527249 1.9689101194237115 6.355468577856162 5.768356259735395 4.769266857009889 4.018670643459963 6.6026748897648115 4.943272834979867 7.622938957138212 5.662327707993419 6.209727402035414 6.8081958630603445 9.912018442360747 8.378723772296572 4.718808413345627 8.886408896859646 8.413834893134691 1.4902705704011918 7.467735129077749 8.219535061820277 7.62765979430295 7.382185757030506 5.868431688722753 2.123417569425488 9.618825659227015 4.629306688614278 2.952560442912041 7.455482618079875 9.947866945797438 3.3005265004075155 7.041784887453524 6.391053218252049 7.455989309999618 9.436145811804142 4.166287916857318 3.282706877242564 4.622252581330957 7.718596454664865 7.516635106705195 4.654970164525504 9.904418634520022 5.054493526706494 4.364275906903176 7.386657455522819 1.7421269798053762 4.585356269301549 7.937928696770918 7.882758851504204 3.554734452019276 2.705879713333425 5.241258682617835 4.0132544005236115 7.612615393422859 2.701964039813779 3.979936667089789 8.59805578740312 6.535216308901385 8.967376717636345 9.788977183669102 8.532177336164644 2.627421634773454 6.565694576091295 5.284979859460098 4.637409892054553 7.676953187941082 8.433399602522652 7.149068474388775 2.2534444494187515 7.3254255165857005 1.5295356114772427 2.733989272760943 9.323143884596767 4.6459221162759246 2.334623793408489 7.140584176071254 2.471398756881566 6.8340271695985955
1.807148272584803 0.797563649542119 1.6782124215040972 0.2750539263054498 0.3937820238847423 1.2710937155712325 1.1536712519470789 0.9538533714019778 0.8037341286919926 1.3205349779529623 0.9886545669959734 1.5245877914276424 1.1324655415986837 1.2419454804070829 1.361639172612069 1.9824036884721494 1.6757447544593145 0.9437616826691254 1.777281779371929 1.6827669786269381 0.29805411408023835 1.4935470258155497 1.6439070123640556 1.52553195886059 1.4764371514061012 1.1736863377445506 0.4246835138850976 1.923765131845403 0.9258613377228556 0.5905120885824082 1.491096523615975 1.9895733891594876 0.6601053000815031 1.4083569774907048 1.2782106436504097 1.4911978619999235 1.8872291623608284 0.8332575833714635 0.6565413754485128 0.9244505162661915 1.5437192909329729 1.503327021341039 0.9309940329051007 1.9808837269040045 1.0108987053412988 0.8728551813806351 1.4773314911045639 0.34842539596107525 0.9170712538603099 1.5875857393541835 1.5765517703008407 0.7109468904038552 0.541175942666685 1.048251736523567 0.8026508801047223 1.5225230786845718 0.5403928079627558 0.7959873334179578 1.7196111574806239 1.307043261780277 1.793475343527269 1.9577954367338204 1.7064354672329287 0.5254843269546907 1.313138915218259 1.0569959718920194 0.9274819784109105 1.5353906375882165 1.6866799205045304 1.4298136948777551 0.45068888988375033 1.4650851033171401 0.30590712229544853 0.5467978545521885 1.8646287769193535 0.9291844232551849 0.46692475868169775 1.4281168352142508 0.4942797513763132 1.366805433919719
0.25161414317047803 0.2613260429151604 0.4457824142303354 0.04127739968402622
0.11703303553464184 0.4868335211724638 0.05614326193829211 0.33999018135460224
0.036608530436010756 0.16791472740912206 0.6585071492542091 0.13696959290065813
0.12565834166662404 0.4210494846098616 0.2814488588224615 0.17184331490105287
0.17940634553953905 0.08793265983440479 0.34065731546034883 0.39200367916570733
0.5612751321916013 0.18915533932923612 0.187962135145747 0.06160739333341558
0.013623744191839093 0.02910875746103858 0.5240642696721736 0.43320322867494876
0.03979555804662849 0.022980681784635748 0.4227090259594255 0.5145147342093103
0.12433568320054367 0.055981948302800566 0.0963489571751871 0.7233334113214687
0.24581485130675285 0.009170842586462169 0.524248259632812 0.22076604647397302
0.2246456342207055 0.25885794386962224 0.4895689267889384 0.02692749512073389
0.019385808980997732 0.567688612019815 0.38159165931463135 0.0313339196845559
0.249559169039823 0.11670196586320425 0.4002202787726431 0.23351858632432965
0.02640239805893896 0.2397956471352205 0.6853012656355074 0.04850068917033312
0.23813067121040488 0.11805549363150958 0.608246851265093 0.03556698389299251
0.26954809001645963 0.027313016814385027 0.5675753781014663 0.13556351506768904
0.2522774400445402 0.24993744250196182 0.4030437483673728 0.09474136908612518
0.014306451540300857 0.22732125226478628 0.42866199236968516 0.3297103038252277
0.2070889975480471 0.21174870787092526 0.03685029014326713 0.5443120044377605
0.007894747940961677 0.2074289170308833 0.4293388626701753 0.35533747235797974
0.17963963084022172 0.39851383358614245 0.24369371782332694 0.1781528177503089
0.28471208776287205 0.28545505829414897 0.34078505029714934 0.08904780364582965
0.04177758422838851 0.0656773853713094 0.8354487316564602 0.05709629874384192
0.10724631864191714 0.0827128038134185 0.6261267095049918 0.18391416803967253
0.21696878840289835 0.10262159855276332 0.46603699080891603 0.2143726222354223
0.13990345034074603 0.5223071367506008 0.18928443989092503 0.14850497301772814
0.27679967455769117 0.4011629134362563 0.04644352086369863 0.2755938911423539
0.8293857531324988 0.01034737984286016 0.07036808347923018 0.08989878354541081
0.0335122841211396 0.424764962943026 0.11534368484863944 0.42637906808719495
0.6149501149592423 0.06647073951126459 0.13936386525773992 0.17921528027175315
0.5947785357950778 0.03968180015734357 0.09088531763241992 0.27465434641515873
0.08873827959453551 0.26685581659313884 0.29609967965558537 0.3483062241567403
0.6407812555275828 0.16488106618192144 0.08439131821408741 0.10994636007640834
0.23554235584663108 0.0019780780400828757 0.7594861985791692 0.002993367534116831
0.06272351305437274 0.7382106771836924 0.029585106332199795 0.1694807034297351
0.278834905055085 0.04085853498766645 0.6651849528134703 0.015121607143778193
0.39721597996270086 0.21141122937642942 0.03436314857066536 0.35700964209020436
0.08124660268089434 0.7876126344630081 0.053460112818307426 0.07768065003779012
0.1741540254821745 0.2542432247323556 0.20575868557610721 0.36584406420936266
0.45391223385225765 0.04313985644914087 0.12128453795782301 0.38166337174077847
0.39219678496357857 0.18195546675233554 0.29326103641514367 0.13258671186894222
0.038657577468729554 0.10257948587608401 0.8569749973198688 0.0017879393353176232
0.17779878214748912 0.5861567857657826 0.22079172653804247 0.015252705548685852
0.21321954583550817 0.5505398786283685 0.2051241555758362 0.031116419960287134
0.6701770037575367 0.017967838350782195 0.12924975911098624 0.18260539878069482
0.7774417941022584 0.052703193835104134 0.11953449283756024 0.05032051922507719
0.42106198180891186 0.46442825491108186 0.05274183941796007 0.061767923862046215
0.09081424695910889 0.015585264240729813 0.47661160307536576 0.41698888572479553
0.3239317346389542 0.5722082857456513 0.07108228416693485 0.032777695448459654
0.2604803022610297 0.6601679017685362 0.014702597124830574 0.0646491988456035
0.1833561539607267 0.15484996304350207 0.6178738324053491 0.043920050590422144
0.059312038573707815 0.7440904774164679 0.15437077580444547 0.04222670820537877
0.14248950260666826 0.3082026525063615 0.321662472251945 0.22764537263502527
0.06029360541553519 0.017388750734847358 0.001423391472105462 0.920894252377512
0.031953009971600776 0.44338998696872867 0.41983127560134514 0.10482572745832541
0.588156891126261 0.24950362741464183 0.09536941103695606 0.06697007042214109
0.2391995650077272 0.46614561663092136 0.20968037958316132 0.08497443877819011
0.024999796961841736 0.3971161039348068 0.2562506192212075 0.32163347988214397
0.1520549768911198 0.3022642936738903 0.36396402916308557 0.18171670027190434
0.5750314838240178 0.06936806652473448 0.15804345455554591 0.1975569950957018
0.2514099569280247 0.03986809000915548 0.13260688983404378 0.576115063228776
0.0636696825852231 0.15748960484761476 0.7644356200674812 0.014405092499680916
0.13020198138280692 0.19862559146192682 0.39802090334083695 0.2731515238144293
0.31527701037299305 0.13246941153896563 0.17905901484619302 0.3731945632418483
0.11658668220381208 0.44056721884564265 0.1600234898688413 0.282822609081704
0.2609490239374326 0.2712916941823197 0.3135278354105493 0.15423144646969844
0.6796141588757911 0.04295613752261496 0.1119403712063195 0.1654893323952744
0.02254245360714846 0.09267414732794921 0.43303275786797124 0.4517506411969311
0.04237443625984927 0.16751411841907005 0.12263200927287077 0.6674794360482099
0.271062770458006 0.058060061919781525 0.6292642208137437 0.04161294680846883
0.40067683647505936 0.15230962887614408 0.3402390236652282 0.10677451098356838
0.2576935539281323 0.25381143430301967 0.059081001832611335 0.4294140099362367
0.005395043445200809 0.35280435144132394 0.2557952410753195 0.3860053640381558
0.17395567484113938 0.1274042366840853 0.12932528813651378 0.5693148003382615
0.05578389762681202 0.38994942817821954 0.17871901385108746 0.375547660343881
0.4083089956048178 0.1836822873279067 0.10409599601037967 0.3039127210568958
0.4201762527396614 0.045401442129945235 0.3889523472229638 0.14546995790742956
0.17837043163533284 0.11282154453112492 0.6201034390340411 0.08870458479950116
0.07601921311589255 0.02003949761050894 0.8401442434684301 0.06379704580516843
0.05475961732612922 0.09397107935346882 0.8064412488547362 0.044828054465665734
0.04137550130090173 0.02484497951252984 0.2750761104064894 0.658703408780079
0.5872136909757353 0.12323664446704163 0.13397700167601234 0.15557266288121074
0.31540357558877097 0.17496421766838866 0.06809882496700925 0.4415333817758311
0.27635045943263903 0.09147419950147317 0.194956420558564 0.4372189205073238
0.04174887615355327 0.7332860521528051 0.008221743031137208 0.21674332866250445
0.49705097583455327 0.1710867589923888 0.11786812398502122 0.21399414118803672
0.11291833478714641 0.43712285092795855 0.26682631073063845 0.1831325035542566
0.3014220971351398 0.2733021278318841 0.05916991150708917 0.3661058635258869
0.011605844415387367 0.05537211866607972 0.23456757701269415 0.6984544599058388
0.40074847422831616 0.12302371362768494 0.32813627394842615 0.14809153819557275
0.35474752954185884 0.26840242159421623 0.35556385449039574 0.021286194373529188
0.612830389452099 0.09227354626928908 0.2765774530161126 0.01831861126249934
0.12943570725402642 0.07065779786019366 0.734087659968598 0.06581883491718188
0.1423277134001134 0.10528423918984997 0.008451651717721331 0.7439363956923153
0.04893908806575353 0.607088736048756 0.22679693144819557 0.11717524443729488
0.059335972698002504 0.09580492472274993 0.3930637532901853 0.4517953492890623
0.4846893932379276 0.35998869239669573 0.07059030010791345 0.08473161425746323
0.01876689223113215 0.0783634991391885 0.17343301701619263 0.7294365916134867
0.11350963458792207 0.007038592429625012 0.6245072387693258 0.2549445342131271
0.641871839423087 0.038379440953712485 0.24999197379050497 0.06975674583269553
0.646829335341223 0.07944366826364035 0.058255211066867596 0.21547178532826905
0.08526762186705172 0.37718828933709814 0.3790206403377786 0.15852344845807154
0.040492282104544364 0.4110708727398996 0.30415643286257055 0.24428041229298547
0.2880185884350409 0.13117915071605857 0.4242128463233227 0.15658941452557784
0.4642672233505861 0.2414834612061012 0.20334349109712635 0.09090582434618633
0.25897947376885955 0.3528418613932133 0.3119471299813974 0.07623153485652978
0.3055872539721948 0.20090618788873993 0.12898454999825715 0.36452200814080815
0.11993962069041586 0.5633584386081576 0.26497179640656976 0.051730144294856784
0.004145027377523536 0.4083209868142733 0.06518580279409403 0.5223481830141091
0.3463091534927728 0.04655819288905216 0.3620240881756085 0.24510856544256654
0.38773661731380515 0.17573602249320774 0.30431983662875184 0.13220752356423526
0.12859401976213314 0.18613232668366508 0.3627400316765448 0.322533621877657
0.35732326166237793 0.24150928569775054 0.26508283023592527 0.13608462240394625
0.05247463699615418 0.2785121299286296 0.2587094956321926 0.4103037374430236
0.31825678376579114 0.12542265688013943 0.2947678112332831 0.2615527481207863
0.15254138302835663 0.10908866437188902 0.46697010560566965 0.2713998469940847
0.0489065953670772 0.37787293491012763 0.4908053810873262 0.08241508863546898
0.2333694530363959 0.21731103518378336 0.3555465182823917 0.19377299349742905
0.3123774638444279 0.5124166510793169 0.034479575289024345 0.14072630978723089
0.25827167315041755 0.31714584778607746 0.007043219305341908 0.4175392597581631
0.6764406534395973 0.01764191135280735 0.2304940306370692 0.07542340457052621
0.025184666744696993 0.9129836527358143 0.002213895371450003 0.05961778514803873
0.30504792192778496 0.3180421604590511 0.3203713654432917 0.05653855216987225
0.13345376194280623 0.3938645426323869 0.04569796427716255 0.4269837311476443
0.4287647624422234 0.3479934184080876 0.01709287496540124 0.20614894418428775
0.0858496575056974 0.391276043504746 0.43876436283142095 0.08410993615813567
0.08495536383678282 0.22990156100222348 0.37048156345294836 0.31466151170804535
0.010084976149848046 0.19793006863602447 0.17723656706006952 0.614748388154058
0.08154113332918334 0.5864842488609716 0.21804145381136364 0.11393316399848141
0.23305637395567025 0.296615176618762 0.3714564362558105 0.09887201316975724
0.05497749128620599 0.09183440238910912 0.07842360351625166 0.7747645028084332
0.3391275677947776 0.12419685793698232 0.3559069134736458 0.1807686607945943
0.2833714394891985 0.46544777648138647 0.1612645917331652 0.08991619229624981
0.11125397669992088 0.5587014568836026 0.0557053947059285 0.274339171710548
0.08095789618432081 0.4022747103329358 0.15638470170972896 0.3603826917730144
0.7089873799772215 0.23708795577871045 0.02828048740449174 0.025644176839576316
0.3895009631179359 0.07517310834191437 0.11492102293608109 0.4204049056040686
0.05261135107345383 0.1114491583019438 0.08981504764073012 0.7461244429838723
0.19758303353832596 0.5432593835680171 0.1509190734903051 0.10823850940335189
0.4104289593490509 0.07808619175904219 0.45979362695701864 0.05169122193488829
0.002623751928110152 0.5374600996786709 0.43911981972441094 0.020796328668807984
0.14221099459460396 0.39351632594460606 0.10621007258359161 0.3580626068771984
0.5041134315464814 0.21637973588822113 0.0017054845016539755 0.27780134806364354
0.5165665220022991 0.17954907525960806 0.16347809289129112 0.1404063098468017
0.4385655784346367 0.1948171534851697 0.25653954378453936 0.11007772429565421
0.34575917170916914 0.2284948229762469 0.22285765167459315 0.2028883536399908
0.09326760963179992 0.2432064854032815 0.11641093652269374 0.5471149684422248
0.7051149610228079 0.12315306643185298 0.16493922551489748 0.006792747030441637
0.13394620545335334 0.18690819313415674 0.25346575299751495 0.42567984841497497
0.21679778175382514 0.04931904711672486 0.4209767581178101 0.3129064130116399
0.30546908109644577 0.12028211726933147 0.15850030264873172 0.41574849898549104
0.11958667542365975 0.13037771872490111 0.6599543182363629 0.09008128761507628
0.17371699902726312 0.39838581422456376 0.11117995562946359 0.31671723111870953
0.13472271783753675 0.5811466224590465 0.00980672746653688 0.2743239322368799
0.3884812680679235 0.16692437040874497 0.0289419725176272 0.41565238900570434
0.2707223442226018 0.4471632125792978 0.057752404391828605 0.2243620388062718
0.40393177871054875 0.2302620066632879 0.3609028676882534 0.004903346937909947
0.15447052435305197 0.12563271402835785 0.3671567843605835 0.35273997725800665
0.2509784126155946 0.06391407201255217 0.18443751651725904 0.5006699988545942
0.19983772782664444 0.04636074366337661 0.5953292929143804 0.15847223559559853
