29 30 4 92.63177724301336 185.26355448602675
8.773839870130747 3.564153687048641 1.6593074927536242 7.869134838972565 5.074471518394702 5.88067186607897 7.539722045447566 8.6401459685334 7.91379980028084 7.598293509880157 3.177877822334966 7.482778232992649 1.5253957523054906 4.687020335420058 6.496050464718941 3.303233871056995 3.571047347916987 7.16017372129106 8.568277618497032 8.282380780907392 1.0005714617916515 9.312490852497572 8.262686468310868 9.604111608588099 5.362560909184589 6.963166032152694 7.604259918310112 5.195009142856425 8.249033787580945 4.941887759790994
1.7547679740261493 0.7128307374097282 0.33186149855072483 1.573826967794513 1.0148943036789404 1.176134373215794 1.507944409089513 1.7280291937066798 1.582759960056168 1.5196587019760313 0.6355755644669931 1.4965556465985297 0.3050791504610981 0.9374040670840117 1.2992100929437882 0.6606467742113991 0.7142094695833974 1.432034744258212 1.7136555236994062 1.6564761561814785 0.20011429235833028 1.8624981704995143 1.6525372936621736 1.9208223217176197 1.0725121818369179 1.392633206430539 1.5208519836620225 1.039001828571285 1.649806757516189 0.9883775519581988
0.08335293128691434 0.04568683902326243 0.3496039327416619 0.5213562969481613
0.42787300055514477 0.049827017407529706 0.013240067113640897 0.5090599149236846
0.11374120342961302 0.1937962352996745 0.5658242232532494 0.12663833801746305
0.23656967978232846 0.05945638598029712 0.5075049185973273 0.19646901564004715
0.3596218148891144 0.3838669647183117 0.13487395085845622 0.12163726953411769
0.12385949297344134 0.3793271942337417 0.050180994957029545 0.4466323178357874
0.17442064952655978 0.33027967153182813 0.4712611458103515 0.024038533131260587
0.004839738263887616 0.41964682704504974 0.35718925457228157 0.21832418011878107
0.26921945805776737 0.20416458640619717 0.33564207734343654 0.19097387819259892
0.36734918081640466 0.029425764066315918 0.49500914272920227 0.10821591238807715
0.37484161205273614 0.46971840776364027 0.024397683019681926 0.13104229716394167
0.08180587340534173 0.5847408483165748 0.3325636751283997 0.000889603149683782
0.5011660922664252 0.07761171584685689 0.17629234145629835 0.2449298504304196
0.14037805465328812 0.06666558181384152 0.7130569711759104 0.07989939235695998
0.03061151866749723 0.6253352089708007 0.2579651444231311 0.0860881279385709
0.369697829461213 0.09726953254307069 0.1851866938153306 0.3478459441803857
0.42692202999785844 0.10780289029919354 0.04157166168907578 0.42370341801387224
0.3833817422841894 0.08179425234365978 0.4257922366397756 0.10903176873237519
0.08841171639002099 0.17921953605633412 0.582566843357134 0.14980190419651085
0.575410332454759 0.1082667244208454 0.20152010128700437 0.1148028418373912
0.059740840488262115 0.01558060185220933 0.8610204045285075 0.06365815313102108
0.3094322948926478 0.3228591993549933 0.35292521543834376 0.014783290314015152
0.061694827215412085 0.6699606032619414 0.07936696563542767 0.18897760388721885
0.047331256096581065 0.6119706797436462 0.30078663006665673 0.03991143409311604
0.0019273820582688117 0.1945131939530087 0.7465209432771899 0.05703848071153261
0.14168044809136637 0.7124775449197461 0.024201716894036607 0.12164029009485089
0.3201180062498874 0.06288921253581392 0.5974071449235301 0.019585636290768593
0.18140886749297647 0.14809510216639477 0.6487260513282842 0.021769979012344565
0.08865528585488813 0.19300911704313883 0.024822538396343075 0.69351305870563
0.06961973783101116 0.3724640639018947 0.40678411309641727 0.1511320851706769
0.6421505722429552 0.015970199803036822 0.005602366249401025 0.3362768617046069
0.32981060187099254 0.42550393965329425 0.164222331460265 0.08046312701544822
0.9472620379674533 0.023253147164217447 0.01440411341739678 0.015080701450932432
0.1630047862908065 0.40408839642863403 0.2904428327283691 0.14246398455219034
0.037903610520085174 0.6156953671562145 0.30793165782510745 0.03846936449859284
0.3915569175495335 0.008359268015927901 0.07595251214125309 0.5241313022932855
0.03711694924275055 0.3335248190429069 0.01346408219714379 0.6158941495171988
0.2631942850500456 0.3768516815569334 0.10181981518967587 0.25813421820334514
0.003200372093831838 0.37145127885394913 0.16562270683243352 0.4597256422197855
0.1410864084572968 0.3561475337123773 0.47807921069954395 0.024686847130781953
0.03329565526928435 0.13452465676234782 0.4951143379248123 0.33706535004355553
0.27871551246921167 0.3721190268757527 0.08267980004648634 0.2664856606085493
0.47704741875864487 0.07652599153809647 0.20365528459438786 0.2427713051088708
0.37679080733121795 0.10409020292789783 0.09679096381905283 0.4223280259218314
0.6508538048914047 0.05331725262792675 0.168137989323491 0.1276909531571776
0.06812662607244035 0.42232894743840443 0.20623401096142246 0.30331041552773275
0.2681896695829906 0.38281491869483486 0.08301363099285797 0.26598178072931655
0.03960732545122547 0.12324123482437765 0.47014741497615864 0.36700402474823823
0.3269552096521894 0.264034506453969 0.04782053560447996 0.3611897482893617
0.6902609161508061 0.004046415582697915 0.19367784319442216 0.11201482507207383
0.06488164489318593 0.6620514365951052 0.007286409767122137 0.2657805087445867
0.03193046680152323 0.05601130041339053 0.23258811770426846 0.6794701150808178
0.1621344970774884 0.10283413175084477 0.07700532881121991 0.6580260423604469
0.17426054994843232 0.15212219486461565 0.34180430079397717 0.33181295439297487
0.21889154162574442 0.5974863878717122 0.017780912158147366 0.16584115834439606
0.08978561396615037 0.024131218736365923 0.6136830697636965 0.27240009753378724
0.24923165825363158 0.0032933278184745785 0.5641096003995866 0.18336541352830726
0.05835935991634067 0.01659181203794935 0.19284526213606235 0.7322035659096476
0.5146880674795481 0.07788987916161316 0.3675986178266828 0.03982343553215595
0.4533465675322703 0.08955592232635379 0.44446052732507235 0.012636982816303544
