22 80 4 212.2831250648661 424.5662501297322
2.8761448362295834 5.335129555870293 4.784842317829373 8.732637986692097 2.54045398250506 4.049775645433304 3.4347954996804804 7.219372154046365 2.983640649739531 8.30755828484818 1.094741868844976 6.050833269966998 8.323535686736768 7.705902664529521 2.702002197345058 1.055267797114884 7.948394843000826 9.620489512839477 7.317440956848801 3.6782044017854547 7.9119346776003185 7.193964924033527 4.4846513234292 6.536852425837506 4.847997158599066 6.258606788412054 7.323719669789067 2.0070565469530903 9.309429332600054 9.899976464769841 7.09669696139236 8.156482979118875 1.261687144042809 2.599831639321522 8.874349707499453 7.704388696317561 5.572811469053544 2.1550051164499155 5.3585581460779785 5.6419613906457835 3.8013819708194596 1.4109538833891146 4.939125940738896 1.8629614892623705 1.4068910071692418 7.16345846800415 8.642716706868212 2.126864648740258 2.1615760649065257 5.257540018680908 2.778026582488052 8.034604739442335 6.466724768277925 4.991500848492178 9.838261977219132 7.380598724255187 2.968573738797942 2.5073946832832044 5.848889257897183 3.8207870940815076 9.203832976468398 1.7763011179231778 3.8266662686195225 2.9722362567790226 7.6299960656586805 8.456863284523408 7.701080166572582 2.5978333414244243 8.726078762683569 1.0496117071323159 4.21878852767177 9.57833424041369 9.475987474721826 1.2074411140941619 7.057143973244476 2.4770290009510116 6.113191332749159 3.179106610298096 2.4207032275164297 5.532065393642132
0.5752289672459167 1.0670259111740585 0.9569684635658746 1.7465275973384196 0.508090796501012 0.8099551290866607 0.686959099936096 1.443874430809273 0.5967281299479061 1.6615116569696362 0.21894837376899517 1.2101666539933995 1.6647071373473536 1.5411805329059043 0.5404004394690116 0.21105355942297682 1.589678968600165 1.9240979025678953 1.4634881913697602 0.735640880357091 1.5823869355200637 1.4387929848067054 0.89693026468584 1.3073704851675012 0.9695994317198131 1.2517213576824109 1.4647439339578134 0.4014113093906181 1.8618858665200109 1.9799952929539681 1.419339392278472 1.631296595823775 0.2523374288085618 0.5199663278643044 1.7748699414998907 1.5408777392635122 1.114562293810709 0.43100102328998313 1.0717116292155957 1.1283922781291567 0.7602763941638919 0.28219077667782294 0.9878251881477793 0.3725922978524741 0.28137820143384834 1.43269169360083 1.7285433413736424 0.4253729297480516 0.43231521298130515 1.0515080037361817 0.5556053164976105 1.606920947888467 1.293344953655585 0.9983001696984356 1.9676523954438263 1.4761197448510375 0.5937147477595884 0.5014789366566409 1.1697778515794366 0.7641574188163015 1.8407665952936796 0.35526022358463555 0.7653332537239045 0.5944472513558046 1.5259992131317361 1.6913726569046816 1.5402160333145163 0.5195666682848848 1.7452157525367138 0.20992234142646318 0.843757705534354 1.9156668480827381 1.8951974949443653 0.24148822281883237 1.4114287946488953 0.4954058001902023 1.2226382665498319 0.6358213220596192 0.48414064550328595 1.1064130787284263
0.5081672404877015 0.06362790594053269 0.31470320883186775 0.1135016447398981
0.6573113025961376 0.039911877355893965 0.16486463251023464 0.13791218753773382
0.44080286851070616 0.06574260703263834 0.29730809266745983 0.19614643178919566
0.057952871572311215 0.30446399266007995 0.08762481444546966 0.5499583213221392
0.7042966206017258 0.1275561169138405 0.04033670198073236 0.12781056050370132
0.16892308055411542 0.22701410240458952 0.33500490512377734 0.2690579119175177
0.26704436661784337 0.16794268033313076 0.13041098853833155 0.4346019645106943
0.04895546575127907 0.48994587715416105 0.33348506818127543 0.12761358891328445
0.21210285489211833 0.18595230212627356 0.25308251038111274 0.3488623326004954
0.11557638066163867 0.33620244368744123 0.16232971833995657 0.3858914573109635
0.4585916249356583 0.35835829000935826 0.04675614007071183 0.1362939449842716
0.026716901748386812 0.809530386334822 0.0724343581257475 0.0913183537910437
0.05196410414210806 0.41959572064025386 0.06829505980699391 0.4601451154106442
0.27705080775062785 0.09944249617746326 0.05439004402291303 0.5691166520489959
0.1878703577436346 0.3204569858655224 0.0033269343164951115 0.4883457220743479
0.2612231950610343 0.29286808415696397 0.30518926985992456 0.14071945092207716
0.3158046151931876 0.4297120262352173 0.053034585713303106 0.201448772858292
0.35089860250058036 0.05497576337966992 0.4287629942875465 0.16536263983220323
0.18199141156667276 0.20612883228132328 0.4454833661058757 0.16639639004612827
0.04671699281628905 0.1782859205434325 0.31559423942780573 0.4594028472124727
0.5902617662697432 0.18713138797711182 0.2034733356963978 0.019133510056747127
0.08555555540611037 0.013077558903866415 0.29668493854650413 0.6046819471435191
0.18055741592171026 0.5007570688203213 0.1258499705998921 0.19283554465807629
0.03413318609729077 0.09982405659132287 0.8220092103071437 0.04403354700424267
0.4691051649234972 0.25453618380575393 0.10126059207789195 0.17509805919285693
0.07426182678102977 0.26687422345490175 0.27444568624153287 0.3844182635225356
0.3856478756384203 0.15434898118365348 0.08250345813474413 0.3774996850431821
0.19258926429661427 0.04712535748359481 0.030556339075041516 0.7297290391447494
0.11995862795621237 0.6458554654809525 0.008021197944084957 0.22616470861875015
0.5253924029563282 0.29392372821158097 0.13527194829678113 0.045411920535309735
0.4412371233208401 0.1318168710340737 0.15527693575616108 0.27166906988892514
0.3693220042549855 0.0716749342883749 0.15277846014917162 0.40622460130746796
0.07290652362018879 0.011837805528539747 0.014255301270148735 0.9010003695811227
0.09503729325046173 0.2766128373676323 0.2774413825730816 0.35090848680882436
0.8846092505568012 0.09309273140660634 0.02060730952707368 0.0016907085095188013
0.03489931126739765 0.10668351021745315 0.36716309191360086 0.49125408660154835
0.08443428687245969 0.2018402260614589 0.4654852422186323 0.2482402448474491
0.3510529206062005 0.1227337400808074 0.19668618177197839 0.3295271575410137
0.16760486259245444 0.028936748304274174 0.6082168591488697 0.1952415299544017
0.045055813731915584 0.03832083046217083 0.9076069037866878 0.00901645201922574
0.06207543004290317 0.29719683532196917 0.20123735378236784 0.4394903808527598
0.5364895476356428 0.10437204405820444 0.0007767681591663855 0.35836164014698635
0.5591263812251417 0.020302902915928844 0.3935765759771821 0.02699413988174737
0.5163090488619533 0.12664145755274314 0.34723659180217903 0.00981290178312455
0.16485870958581972 0.19753818931271494 0.08962031811063187 0.5479827829908335
0.20900763201317285 0.11452503122479996 0.04686640277785925 0.6296009339841679
0.0766487297259637 0.5290054513164685 0.3147752422796902 0.07957057667787759
0.10885918308000486 0.047677794910665816 0.0961563364535577 0.7473066855557716
0.11208433944137242 0.39261247608405636 0.04224874523004263 0.4530544392445286
0.4745333290501076 0.035459539155884845 0.40730181708101976 0.08270531471298781
0.8915328635108561 0.0787792646557326 0.011226330809553153 0.018461541023858108
0.5930034370529494 0.2037309021272259 0.09021025141328043 0.11305540940654424
0.5975536575049502 0.3003289986892729 0.0734597514009303 0.028657592404846666
0.20236204618277365 0.4804882760099364 0.21487212759697238 0.10227755021031759
0.008356193007746593 0.14448410279172574 0.5856609394191732 0.2614987647813545
0.16268169022577594 0.16206026927275263 0.11978441067134926 0.5554736298301222
0.46280692985544714 0.18600125395870637 0.18052421188730616 0.17066760429854033
0.5547692745681909 0.24484282553189185 0.058438072129389784 0.14194982777052745
0.44151196549386307 0.023582672353157585 0.5198883751349964 0.01501698701798293
0.06058962448837457 0.7533636254435196 0.06870780731483317 0.11733894275327261
0.03226618250038771 0.5403425787756867 0.10923101030433913 0.31816022841958647
0.06625877932384139 0.17884100997065533 0.31979643251942613 0.43510377818607715
0.09287068003672994 0.10173129862962027 0.6360306260332506 0.16936739530039924
0.4835310705297833 0.28993903450239245 0.04645824931406761 0.18007164565375666
0.014257577583936643 0.8675920331962205 0.08979057898533438 0.02835981023450851
0.30039580955602363 0.3931993920250386 0.1742296220506584 0.13217517636827936
0.1463270155831281 0.05114693648211144 0.36722331428039034 0.4353027336543701
0.5662044134558586 0.34885983808482446 0.019164551157333953 0.065771197301983
0.5502701135457998 0.007653612195641313 0.21341889430063388 0.228657379957925
0.3642506465310954 0.04350942681204828 0.5745295381610795 0.017710388495776774
0.0804644863847993 0.7569194947330687 0.06494922155650062 0.09766679732563133
0.11462335865450535 0.21578060884491468 0.3629431298415994 0.3066529026589806
0.4222975841229475 0.27231716571860665 0.1145446387964939 0.19084061136195196
0.19297012084705245 0.5392329606389288 0.15154730927913063 0.11624960923488814
0.5175566877669104 0.2767716418593299 0.004783288756683546 0.20088838161707612
0.0173869082844903 0.017076507642639682 0.1672679032654606 0.7982686808074094
0.15933543813715256 0.20710991025684033 0.05403999104214474 0.5795146605638624
0.2095243500126398 0.18532138755175076 0.45465258602746994 0.1505016764081395
0.12547662210518562 0.4066118126343853 0.2403510825130568 0.22756048274737228
0.46527979295449906 0.08162671788092435 0.3234140603840111 0.1296794287805655
0.2518355107948953 0.07191609911678365 0.14620080339347408 0.530047586694847
0.030453593675645596 0.6047425958518448 0.36412623211146034 0.0006775783610493136
0.20002865147795024 0.6076434077402758 0.12497369237587563 0.06735424840589832
0.2024276263846314 0.5878784086342183 0.06090476150922586 0.14878920347192448
0.028732626188844312 0.5739753716133829 0.16028791384059182 0.237004088357181
0.19343626241123058 0.6937577747425935 0.0023018009235381554 0.11050416192263779
0.0345150171194456 0.4801534870913571 0.14915084378809185 0.3361806520011055
0.007408867991093193 0.34266656178421795 0.583226364880457 0.06669820534423188
0.7248406917784315 0.01124004267990164 0.18895458692912448 0.07496467861254241
0.03709209948967984 0.5675829448493824 0.1517691886864303 0.24355576697450743
0.2289650591090845 0.27141640343212037 0.14875735046134708 0.35086118699744806
0.03525687011793488 0.11935998588944363 0.35576605621226876 0.48961708778035273
0.07888159132338357 0.6162572685809659 0.24341842447595696 0.06144271561969361
0.17891537035148664 0.3995691113378659 0.3930791036615857 0.02843641464906177
0.04351748164020386 0.2965291639233898 0.6577676434925704 0.0021857109438359057
0.40790441822953094 0.07577152548688959 0.514451084402246 0.0018729718813335072
0.06273854583665517 0.020041670317956783 0.1703191058023602 0.7469006780430278
0.656195856479694 0.06543057701670196 0.054812267657305846 0.22356129884629816
0.4643317597631371 0.1991853805055659 0.18407885568270643 0.15240400404859056
0.005999501419766795 0.5031980784225901 0.06003768812062549 0.4307647320370176
0.4481509117058249 0.3408598561668694 0.018595687419341256 0.19239354470796444
0.19078757459849527 0.4395028989614975 0.36739384761923644 0.0023156788207707724
0.004424057058423636 0.43835752481874446 0.01053697417463717 0.5466814439481947
0.5090980721619948 0.02425690007025405 0.10520738504093874 0.36143764272681245
0.43590873889026993 0.12322163055899715 0.35876047506264375 0.08210915548808917
0.439584709675796 0.30425516012228093 0.11360676247709911 0.14255336772482397
0.13272304660747247 0.40642923733046077 0.4000577635153515 0.060789952546715265
0.5796218025666536 0.03161358309230633 0.34790488436256883 0.040859729978471204
0.5890825396816645 0.08074716844282648 0.026596500443721194 0.30357379143178786
0.16853418667348852 0.17465290492250785 0.07687099490470717 0.5799419134992965
0.46166349260089956 0.00021797606990070495 0.28701324940568673 0.251105281923513
0.10848146527958291 0.12472397000642965 0.694272125306958 0.0725224394070294
0.07597209972196106 0.0075643258146897985 0.3039312427511003 0.6125323317122489
0.586751071737942 0.011736664817539988 0.03639293528507659 0.36511932815944137
0.24668447288721684 0.16244553997441724 0.4543488003063204 0.1365211868320455
0.0854670099632292 0.47719004407061316 0.035852517876701184 0.40149042808945645
0.17738310952472258 0.4163499298306642 0.11223929417752365 0.29402766646708955
0.41568933449931667 0.1773054274947865 0.26473055219806974 0.1422746858078271
0.3093621104422112 0.30502307877490786 0.34683676389894524 0.03877804688393571
0.035683434769886446 0.05239745782587757 0.7601411382035794 0.15177796920065656
0.2228464717017291 0.09023443710695545 0.028909755439068485 0.658009335752247
0.18311328223873646 0.21238653291938092 0.13682986900017302 0.4676703158417096
0.012398541640499028 0.4179054211732477 0.09733938662426933 0.47235665056198395
0.5199862946571434 0.02676288130417248 0.03230258514716344 0.42094823889152067
0.2562284671695474 0.1753796826040971 0.16475264919077115 0.40363920103558437
0.19026685671748678 0.017144763781982486 0.06563060923141395 0.7269577702691168
0.6273656814261789 0.0792996473468931 0.024446553628521106 0.2688881175984069
0.08121051918434286 0.2371437670100569 0.3592753345702573 0.32237037923534295
0.06605126019846663 0.41769563084061856 0.24639639793175883 0.269856711029156
0.4170235506518686 0.029224398564169363 0.34455485613700876 0.2091971946469533
0.10304271951918564 0.05207615382788322 0.185842032926831 0.6590390937261001
0.32362641037919604 0.06284040573712013 0.3628218276234463 0.25071135626023755
0.23701178654944 0.1691751921389486 0.49138923419319425 0.10242378711841715
0.040297561223197276 0.40188155059931085 0.014115009292844483 0.5437058788846474
0.06070385431419245 0.8644207903653159 0.04207013485058608 0.03280522046990553
0.01722703671924819 0.26243175301158117 0.5036060052105964 0.21673520505857424
0.033440960387530416 0.16477486393596563 0.046339471864313975 0.75544470381219
0.6869872991905126 0.06850322471121872 0.1268427116007359 0.11766676449753277
0.37085207204895565 0.17472652243243747 0.1476510590708192 0.30677034644778767
0.16258017940351344 0.47354173681188605 0.28873432079019745 0.07514376299440306
0.041114592329783206 0.7021112216819846 0.013855419653747814 0.2429187663344844
0.44945593867879885 0.294819381519721 0.027236099758966348 0.22848858004251382
0.016457001871998722 0.22424943830957356 0.017539739498982465 0.7417538203194453
0.016384383528544544 0.6379303873322016 0.24208224470089057 0.10360298443836324
0.11736576636513718 0.02277080488883898 0.8545491322599325 0.0053142964860913855
0.0190371874344748 0.3968619115626193 0.3066923906546939 0.277408510348212
0.10778588455022087 0.057539573504994834 0.5810298826501941 0.25364465929459024
0.1310058210539029 0.1642809177505935 0.2592784892393286 0.445434771956175
0.031827076935659004 0.02785075101015899 0.38971426258320996 0.550607909470972
0.2942311790284191 0.4509132096514439 0.07745382317262617 0.17740178814751084
0.3455388030316252 0.3065279586870533 0.014353507605130322 0.3335797306761912
0.4992128688133619 0.3613486559957354 0.09126262601717139 0.0481758491737313
0.5747014995301859 0.1543349029904466 0.17170494150446358 0.09925865597490391
0.09302746452225885 0.3742602652160567 0.23797056119192872 0.2947417090697557
0.400531989280281 0.22011011866971286 0.000991559846047818 0.3783663322039583
0.6325572919599722 0.06166174384186207 0.0035708092609180175 0.3022101549372477
0.3582288164053953 0.3167033495831243 0.06927412198422356 0.25579371202725687
0.15175193073606374 0.2596574030364315 0.0897915483941728 0.498799117833332
0.4949015078699148 0.0021577419139154896 0.15101022204349535 0.35193052817267434
0.03333901121650962 0.6508164463316314 0.16571511838108033 0.15012942407077867
