89 60 4 140.2044641730443 280.4089283460886
5.4972488842195055 3.3034342088050317 3.3229056788971705 1.872295384952477 6.077666031057322 1.1439106611449883 2.3733570599552687 5.322229575057099 1.8988548379526777 4.75267503094745 9.222857321169268 4.156475592745339 2.0314393474415153 7.413475514519655 1.9169753777352112 4.651303954434905 6.989332951671957 2.245234339554528 8.473897803111107 2.108797202656313 6.290123990034035 1.5678863720376977 5.473924697108847 9.355551588685492 8.254277570967554 2.785521143202616 4.107551849525411 5.8126282503147575 9.8072512186213 5.527400544083389 4.127027537730877 2.915078745845588 2.597086223716702 1.936257435130381 2.687099083422171 1.3628237382690882 3.1592554273170217 5.9161843313985765 2.870048511664457 9.93433581137419 3.8576447253623862 4.739090263823898 9.465609754794938 2.5641796443527287 6.180553494331611 3.8636277539922346 4.676379037049037 6.593107986162279 8.110978194873361 6.200146658977005 3.5993950342797376 1.5905406761759782 3.328270018629742 5.709970427940026 5.8016147469955355 6.540792166086754 1.5109763296353131 3.3384617942238344 9.611198589820084 1.864710220103241
1.099449776843901 0.6606868417610063 0.6645811357794341 0.3744590769904954 1.2155332062114643 0.22878213222899765 0.4746714119910537 1.0644459150114198 0.3797709675905355 0.9505350061894899 1.8445714642338538 0.8312951185490679 0.4062878694883031 1.482695102903931 0.3833950755470422 0.930260790886981 1.3978665903343914 0.4490468679109056 1.6947795606222216 0.42175944053126263 1.2580247980068069 0.3135772744075395 1.0947849394217695 1.8711103177370982 1.6508555141935108 0.5571042286405232 0.8215103699050822 1.1625256500629515 1.96145024372426 1.105480108816678 0.8254055075461754 0.5830157491691176 0.5194172447433404 0.3872514870260762 0.5374198166844342 0.27256474765381766 0.6318510854634043 1.1832368662797152 0.5740097023328914 1.986867162274838 0.7715289450724773 0.9478180527647796 1.8931219509589876 0.5128359288705457 1.2361106988663222 0.772725550798447 0.9352758074098073 1.3186215972324558 1.6221956389746723 1.240029331795401 0.7198790068559475 0.31810813523519565 0.6656540037259484 1.141994085588005 1.1603229493991072 1.3081584332173508 0.30219526592706264 0.6676923588447669 1.922239717964017 0.37294204402064823
0.5728982778247383 0.07354711290039184 0.0008776362783455838 0.35267697299652423
0.2007603924487681 0.15594692856288828 0.36453712774118385 0.2787555512471598
0.009173893122563115 0.26422044783197096 0.14827309072980177 0.5783325683156642
0.35319235178505204 0.3027727300517833 0.13522652184149908 0.2088083963216656
0.18936290021438285 0.04460030962870598 0.28993901092478747 0.4760977792321237
0.23730174120872305 0.6991166182816622 0.036335550884720735 0.027246089624894054
0.043369007091964784 0.23597634200475026 0.4007160791852509 0.3199385717180341
0.3668858494904247 0.08107349524889951 0.4577223486787463 0.09431830658192952
0.1226414959390123 0.11752450524540303 0.5647616472237771 0.19507235159180758
0.10578014620629406 0.5253741491426699 0.237177993422249 0.13166771122878707
0.3410767838237394 0.004306736264562683 0.5184883763620955 0.13612810354960236
0.2858863165160178 0.21728501518259347 0.3405118609489861 0.1563168073524026
0.03073701900332526 0.7946865816041541 0.15172687016516873 0.02284952922735195
0.3170396721091122 0.22393434820673508 0.4477912480840086 0.011234731600144099
0.03466716841380646 0.5707197446022164 0.3375210793456622 0.0570920076383149
0.14594890883581646 0.20314457747163994 0.10849430833168594 0.5424122053608577
0.11475443534853114 0.2945591230006853 0.0801270648165191 0.5105593768342644
0.012343959188117593 0.03439417834620073 0.1153423776609035 0.8379194848047782
0.1038712337841643 0.366389293332962 0.1554213474683508 0.3743181254145229
0.025376618596796963 0.22087398852400997 0.04020572064288841 0.7135436722363047
0.29957881937735964 0.4925987188323764 0.16288670358416302 0.04493575820610096
0.1262297358608172 0.1053334495886653 0.7232549721841106 0.04518184236640688
0.3252086897509737 0.06716353897374183 0.15663700089961285 0.4509907703756716
0.008113365696991837 0.04021152550646645 0.8449822740754416 0.10669283472110014
0.0548339310549103 0.06193641362294455 0.4831410786481263 0.40008857667401887
0.5245130131002922 0.0640822969844671 0.3153972836269596 0.09600740628828108
0.12239402493316409 0.2789529106574652 0.1168775501208672 0.4817755142885035
0.1416412941152293 0.11365672793926596 0.383497398055204 0.36120457989030075
0.03675790662350553 0.09518587997788241 0.5894864686779635 0.27856974472064855
0.00809659567552623 0.1468384500969876 0.32248946608150064 0.5225754881459855
0.02168453021423178 0.4699768881064662 0.08769394249407181 0.4206446391852302
0.12162073121301342 0.22420671522686553 0.08770078088817279 0.5664717726719483
0.4084954588244303 0.14280779404926136 0.14004941864216325 0.3086473284841451
0.027575335189634287 0.74672154582419 0.04704457450865973 0.17865854447751595
0.6035119758578477 0.04289605060076107 0.2030985524890444 0.15049342105234687
0.13494074444811777 0.5642750974757749 0.26816856937595945 0.03261558870014791
0.04588198549320199 0.22831613599935374 0.3771084829607725 0.3486933955466718
0.24470040350777533 0.31253594811474905 0.00911739637527631 0.4336462520021993
0.03431559001742612 0.5812354719529857 0.20578894600331543 0.1786599920262727
0.11813015615797251 0.2078374437513678 0.2867058039355116 0.3873265961551481
0.1050485880328963 0.0895770992281113 0.0014067771792931616 0.8039675355596992
0.07598175336734159 0.23716757460172777 0.2875243064195695 0.39932636561136114
0.6017888568869251 0.018520421670633058 0.08283461062246933 0.29685611081997254
0.049585905421404175 0.3341869139280531 0.1090907863575531 0.5071363942929896
0.14791955704110638 0.06757806490226714 0.5676206660357176 0.2168817120209089
0.23604221184315488 0.7315590814354219 0.008558822508438979 0.02383988421298422
0.1505175357249242 0.05015644769550587 0.4489478828249306 0.35037813375463933
0.30824103387371404 0.5305261161436488 0.09566779536722791 0.06556505461540929
0.5709661231261727 0.09160963946985179 0.1464174521026076 0.19100678530136794
0.5454723142127468 0.3411629386966155 0.03137551218455559 0.08198923490608212
0.1403447864352615 0.20233102828485794 0.4417227917083155 0.21560139357156505
0.12885826688027724 0.42744316916349256 0.182958484448543 0.2607400795076872
0.133951580190235 0.1422943310472613 0.6369235663490229 0.08683052241348077
0.44533848590670866 0.286087405888487 0.2420848097757683 0.026489298429036023
0.5098217459952159 0.2144201579282905 0.244918054928411 0.030840041148082586
0.2926664228772098 0.33968652948590616 0.054259518587610134 0.3133875290492739
0.02613334075964724 0.24301882144722287 0.2080173028308926 0.5228305349622373
0.6172932011871327 0.18547512216086026 0.13747165594478938 0.05976002070721764
0.8516760340211086 0.06084594090397233 0.06888936767579723 0.018588657399121855
0.4674129587423975 0.07651798644550123 0.07244517425411712 0.38362388055798413
0.05946706042689531 0.800604607972314 0.06241597830331924 0.07751235329747141
0.230436419739672 0.47611795382127997 0.28161375405340916 0.011831872385638875
0.3067594798192562 0.11480297146043028 0.3073904670163965 0.271047081703917
0.30498641799744397 0.36808773850019527 0.2440672669710936 0.08285857653126716
0.08750568959431348 0.6503004974293618 0.26139586532223313 0.0007979476540915798
0.6902405288571012 0.06567439226595218 0.13436934850274873 0.1097157303741979
0.07976805951033772 0.2062127459862716 0.6185302455230983 0.09548894898029237
0.2237989584398633 0.19546839982181785 0.012272124675022478 0.5684605170632964
0.2952712942668514 0.024566623662688247 0.6710157140095083 0.009146368060952037
0.42409998566184226 0.09226216738504511 0.07701293925770958 0.40662490769540305
0.37924544608583366 0.39690987212564377 0.12828264059787609 0.09556204119064649
0.30866017786735 0.504184178376379 0.16044926231738343 0.026706381438887594
0.047904267251766997 0.5697508692488858 0.03736127956529045 0.3449835839340567
0.21578972969435073 0.7061947915878747 0.00048565250529020165 0.07752982621248439
0.21920934989417395 0.42169230775677047 0.03368877049574004 0.32540957185331554
0.2362182622500132 0.2389189454447901 0.5090799395539782 0.01578285275121849
0.16264179309719995 0.056875824648523254 0.5892915990312695 0.1911907832230073
0.059875511540089854 0.5688037636035118 0.2514652023650925 0.11985552249130582
0.18257660031602574 0.31183125295469705 0.1832267603074511 0.3223653864218261
0.14218340624804238 0.38541163032250114 0.37884316107679294 0.09356180235266354
0.12058170185689254 0.29393463508598683 0.5311034781766455 0.054380184880475135
0.1693466871822702 0.20266025140718158 0.3436619728267639 0.2843310885837843
0.2229736089198977 0.296282138340487 0.3471154129387275 0.1336288398008878
0.01910377790353346 0.10235363281068577 0.4967511262219292 0.3817914630638516
0.10158607548995291 0.011940982902092445 0.06284404622876916 0.8236288953791855
0.39253092743452733 0.25309650984591614 0.21347831698704345 0.14089424573251308
0.5632482906945077 0.1794332018556709 0.08821002482660278 0.16910848262321865
0.20310000723598287 0.04133387535987754 0.1657879691831704 0.5897781482209692
0.15899521023883378 0.5854064741786887 0.16331342144190875 0.09228489414056873
0.3391129754340818 0.3574109318497324 0.26287780353549317 0.04059828918069264
0.1458625173302921 0.02578460567197738 0.5459144444545362 0.28243843254319434
0.07467165526610287 0.26020441159539054 0.495782009093795 0.1693419240447116
0.18844288132906462 0.3180759768018492 0.23318525642874832 0.2602958854403379
0.222437577533373 0.04282973505112475 0.4148624182926476 0.31987026912285466
0.7653724625379317 0.08808583847909757 0.13558816451983902 0.010953534463131742
0.5394883485375073 0.15711447015263502 0.15687779052691642 0.1465193907829413
0.316676927555097 0.09936688411252226 0.179590112032604 0.4043660762997767
0.23268449214394082 0.17226378817246546 0.4057464638317293 0.18930525585186442
0.5991956852664186 0.050773118671193274 0.2622511720244567 0.08778002403793139
0.05352809007927595 0.2259653899702735 0.37903309048247313 0.34147342946797743
0.0692187356759657 0.16575154179874185 0.2839091530274511 0.4811205694978413
0.1416425194568397 0.547433073216041 0.24157124703699817 0.06935316029012117
9.594626570708087e-05 0.5205989619920292 0.36695504842282933 0.11235004331943443
0.040951776491190195 0.31447045934360374 0.43592477524073836 0.2086529889244677
0.2609520605262461 0.22909511012067385 0.37100566178491623 0.13894716756816383
0.7255875115831458 0.17463623432038744 0.04920808058499726 0.05056817351146947
0.5362373029081904 0.012521015767846366 0.36062454843170555 0.0906171328922577
0.06053717588212493 0.03664463018894526 0.15148168374818205 0.7513365101807478
0.5528785829366837 0.353574749769037 0.0152594682542746 0.0782871990400047
0.1083520947148725 0.07932027013006493 0.11675117504832588 0.6955764601067367
0.3456700508798831 0.5071676685700813 0.10080085853786114 0.046361422012174414
0.03672284071845111 0.04364178564197441 0.42906009501045117 0.4905752786291233
0.41037181272950407 0.38220482148416346 0.06211492667174723 0.14530843911458524
0.3733003964041377 0.25531267490072773 0.17161353441126947 0.1997733942838651
0.6987260238647831 0.14639813799221346 0.07327261202354063 0.0816032261194628
0.24995905883377412 0.23412462249960408 0.06181515457789977 0.45410116408872203
0.131250855164873 0.11529818152518956 0.7416382281125768 0.011812735197360591
0.3331098987184362 0.430222693579678 0.029281227519611708 0.20738618018227406
0.6161176685612391 0.3131885297600864 0.0691244201391632 0.0015693815395113608
0.07534195698116919 0.7583607698262282 0.09792795381734642 0.06836931937525614
