82 50 4 128.02426166146378 256.0485233229275
3.477031028212039 6.753076848327427 6.615092911018419 8.002380765838744 5.3030217655045 9.632204969399263 9.97690786038536 8.492619488173613 2.834605467863149 2.2064500132971805 6.535131551810037 6.33688351843367 6.803024441979704 9.898484786401415 4.01646351176842 8.276669422368014 7.038234287424518 5.8432605329290395 1.6255791319431832 1.8055110909135599 8.846130637883864 6.292306545114345 1.6890896229489596 4.096971285182821 4.2970873916610834 1.1068142921676087 4.9764930427931695 1.4818843044855494 7.0532950422712055 1.2904205911511502 4.4604147660664815 8.417191901817336 9.082833537962438 3.9680985746313873 1.8760822090567375 2.6955540116926837 2.4813874420236237 9.435405968456728 9.894932555750861 1.8361518464707736 3.3597454610573267 2.194032153609047 7.48724742135269 2.722038500484481 1.1358024108542377 2.3862075628688606 9.114430538845554 6.529671081344919 1.8696685704817861 2.4985006584485876
0.6954062056424078 1.3506153696654855 1.3230185822036837 1.6004761531677487 1.0606043531009 1.9264409938798526 1.995381572077072 1.6985238976347226 0.5669210935726298 0.4412900026594361 1.3070263103620072 1.2673767036867338 1.3606048883959407 1.979696957280283 0.8032927023536841 1.655333884473603 1.4076468574849037 1.168652106585808 0.3251158263886366 0.361102218182712 1.7692261275767727 1.258461309022869 0.33781792458979193 0.8193942570365642 0.8594174783322167 0.22136285843352174 0.995298608558634 0.2963768608971099 1.4106590084542412 0.25808411823023003 0.8920829532132963 1.6834383803634672 1.8165667075924876 0.7936197149262775 0.3752164418113475 0.5391108023385367 0.49627748840472474 1.8870811936913454 1.9789865111501723 0.3672303692941547 0.6719490922114654 0.43880643072180936 1.497449484270538 0.5444077000968962 0.22716048217084756 0.4772415125737721 1.8228861077691108 1.3059342162689838 0.37393371409635723 0.4997001316897175
0.004796904840458249 0.0652311148075283 0.20475012024389083 0.7252218601081226
0.23213341892327244 0.5821713776282189 0.0821952143467547 0.10349998910175395
0.02147903629339143 0.26201664612356834 0.049745712389646646 0.6667586051933936
0.2910222072639196 0.007502738646172125 0.2591659125013541 0.44230914158855417
0.05773277831971424 0.5267616460437605 0.37936388352175965 0.03614169211476559
0.32395144337357584 0.3966881843415363 0.0658080839836459 0.21355228830124195
0.3942147485315711 0.49004614939785496 0.10760161751779274 0.008137484552781182
0.445980387327782 0.24589119778968715 0.02971826917063103 0.2784101457118998
0.5666901267805949 0.18569788452671643 0.05491316849227568 0.19269882020041296
0.11597282733154879 0.041234387216575685 0.14085635715759448 0.701936428294281
0.1852220426010599 0.6340319413787461 0.0902281292163073 0.09051788680388673
0.14053916033501102 0.38304189361272534 0.28302394183524315 0.1933950042170205
0.06630833471503983 0.3759840738568484 0.08588912694093609 0.4718184644871757
0.4454537628633445 0.0810906842155168 0.24394577835423614 0.22950977456690258
0.019407164738009297 0.231709225139607 0.7333817251003314 0.015501885022052297
0.1745161029599942 0.26905465123040473 0.5289624216598826 0.02746682414971846
0.05426589150573313 0.21119569362042467 0.2556720037908716 0.47886641108297057
0.2978916663044704 0.012542827803421197 0.5831446321290049 0.1064208737631035
0.3821243839080696 0.0770672894455463 0.08504406467745895 0.45576426196892517
0.7556300034432444 0.060718065656389486 0.012670272756770573 0.17098165814359556
0.6163638026831147 0.04732554981202164 0.020508723684323327 0.3158019238205403
0.1617030417947687 0.7679241888975566 0.018956260537741132 0.05141650876993353
0.06576038985039157 0.1677675055578124 0.14529509804368768 0.6211770065481084
0.30658980472187103 0.29028161008764297 0.34016031574132166 0.06296826944916434
0.7637000268867655 0.061298320736708156 0.14223485050103757 0.03276680187548875
0.24180724264153997 0.11150063048822734 0.5035094990758306 0.14318262779440205
0.32007897771413196 0.5599957516171158 0.024180988551685934 0.09574428211706631
0.034077545002250575 0.11514096371227922 0.45882321927834746 0.39195827200712274
0.01647562579532913 0.46371557560027776 0.4465846203778838 0.07322417822650928
0.2358569910278513 0.10257574237409683 0.09820896501693832 0.5633583015811136
0.07782594563509004 0.0044651216143020145 0.4149465994863425 0.5027623332642654
0.2771748483319951 0.010409840755642552 0.500191473338452 0.21222383757391028
0.2871047855742307 0.35670175270262605 0.08638589670395092 0.26980756501919234
0.7783140952809577 0.1858517961844146 0.0017525180384800887 0.03408159049614756
0.07013695461600866 0.008067312791903647 0.23999473544900507 0.6818009971430826
0.6055941379197994 0.013500834716000054 0.3248202258728923 0.056084801491308234
0.3103123196163027 0.47704941110596755 0.11000058406380131 0.10263768521392846
0.33659401211287987 0.03782389941701292 0.4913486638615959 0.1342334246085113
0.4158226994916199 0.19238009609162154 0.03950900253642298 0.3522882018803356
0.4713184504160042 0.16980727013396968 0.26604747251244587 0.09282680693758028
0.33572988223716393 0.2874174647182447 0.23514304439472833 0.14170960864986304
0.10989069163706555 0.4195815372302981 0.17315765037329334 0.297370120759343
0.18362871065916708 0.3100379683024923 0.38108817802062656 0.12524514301771406
0.13793830679878638 0.027486182349672816 0.674844884996744 0.1597306258547968
0.22463778413865343 0.3944375929103425 0.09969684851136829 0.28122777443963576
0.09196218605434336 0.44155998886922 0.4386212309827089 0.02785659409372776
0.3890771052849641 0.03322004580847737 0.11568859317765712 0.4620142557289014
0.41467908902210626 0.05568303151657017 0.2210181024634884 0.30861977699783516
0.07288265933748828 0.22359401915977317 0.1917353353007023 0.5117879862020362
0.2722127531713653 0.04616303482373241 0.06440726351915382 0.6172169484857485
0.4642721755077338 0.1168156175121382 0.32704298811478694 0.09186921886534105
0.1199266965234368 0.03912016163255416 0.24343320696896786 0.5975199348750412
0.30650838643372236 0.420853811493348 0.09396632884811207 0.17867147322481758
0.33733418078191457 0.008983031569095856 0.6061329514227484 0.047549836226241204
0.19911251439476108 0.021240607221905683 0.23265383173533238 0.5469930466480009
0.03356490134629886 0.21153698393976494 0.03143623603041279 0.7234618786835234
0.21655608469331733 0.13873357686539856 0.39837282639556904 0.24633751204571508
0.802328892065909 0.05525378796787439 0.044941841637586855 0.0974754783286298
0.43486191626868864 0.1819863408230551 0.13823826727110278 0.2449134756371535
0.2941783780833477 0.06666760617651613 0.40707730729725045 0.23207670844288575
0.09010178797648039 0.2998539509128244 0.42992452600613384 0.18011973510456136
0.12865998750495966 0.21488868561488128 0.49015977855192927 0.1662915483282298
0.00526085006499355 0.15309618146405424 0.5730611748244002 0.268581793646552
0.7242205846748522 0.25517562400941707 0.0063634657362722225 0.014240325579458535
0.06684511640086743 0.7054690210563772 0.15598978818410814 0.07169607435864722
0.3779981210082678 0.23134848297791621 0.187386840548467 0.203266555465349
0.5203332879695607 0.01029355208757654 0.10422890393133766 0.3651442560115251
0.2786774648688938 0.3616254077826583 0.02257786809532336 0.3371192592531246
0.10442088906218283 0.23522120223666043 0.43924673503022826 0.22111117367092847
0.2588879724875579 0.32121742350995375 0.0965573693188243 0.32333723468366404
0.08400200022541182 0.45687626380118196 0.44828032465403356 0.010841411319372662
0.5820100073148802 0.1674059660404058 0.05188765394848682 0.1986963726962272
0.2294106232167511 0.7268221249993488 0.03701323553025648 0.00675401625364358
0.06717131123151132 0.010468615848968299 0.35144143885735635 0.570918634062164
0.18118508487976503 0.139615824846541 0.604353477396076 0.07484561287761793
0.00668794561891739 0.3165663978451977 0.1731224092807917 0.5036232472550932
0.3070604502352746 0.3424520890253784 0.31644694985843613 0.03404051088091087
0.22637470735724652 0.6087164196401117 0.13503122994878491 0.029877643053856873
0.20968745804962408 0.5726327434273284 0.0031817501515462032 0.21449804837150133
0.3363946043899193 0.08607189109485203 0.2652301592927877 0.31230334522244096
0.48239630474586415 0.2391725252702781 0.24067931950084165 0.0377518504830161
0.4958279062368197 0.031252417449737724 0.03161300137197598 0.4413066749414666
0.7062593949684285 0.13133879630332979 0.09339049660253895 0.06901131212570277
0.4655045446300764 0.0370515191300923 0.2567124317841084 0.2407315044557229
0.26477910645960223 0.6309960023844787 0.017621230914037445 0.0866036602418816
0.34665517530805257 0.14865995300455837 0.4469231546038256 0.05776171708356348
0.2656374011074941 0.09486735457706963 0.6050854452570004 0.034409799058435886
0.06840166705530193 0.2866998594946283 0.5838953323613225 0.06100314108874727
0.1750469249021317 0.11068037994218316 0.5910499035705035 0.12322279158518168
0.3731558753939589 0.5499599792249341 0.0013959064710551417 0.07548823891005185
0.056048351192202306 0.2819264751656638 0.1346025131826003 0.5274226604595336
0.3957353828556224 0.07338734192839047 0.2461357185064994 0.28474155670948775
0.22757915485316205 0.006072717744532996 0.4757479992857859 0.29060012811651903
0.53486252718303 0.018484350379311065 0.3437700552087334 0.1028830672289256
0.11022336643492503 0.1992702195062277 0.37378881663641284 0.31671759742243444
0.002524917564590834 0.531621431291282 0.2313978199236184 0.23445583122050873
0.39213802763943917 0.03996209384344729 0.4776062484268476 0.09029363009026592
0.5181151465234857 0.04861315737630523 0.2787150158520818 0.1545566802481273
0.08329069088320684 0.18173187138408253 0.1575238197952613 0.5774536179374493
0.0851378853156104 0.22337294979005295 0.6677111988915173 0.02377796600281934
