58 40 4 99.3704363778911 198.74087275578216
4.285950247204245 5.060853243040041 5.464543138910106 1.6805985993562325 6.145854240949488 3.6067060519656273 3.779240129095823 4.3738854985469855 8.342710069879129 9.719512243365816 8.09993097248023 4.426136444378569 2.4644459470403417 5.926489090572676 8.019466110333443 3.7003933606021504 6.875526592900989 3.6684912691597042 1.2936633796624233 9.538797193716821 2.374678692418283 3.509981151471286 6.170570644836414 5.984972826419963 1.7151378891353266 2.483131369809502 7.548066668835 2.1069983855849124 4.306484536293279 1.128371578819094 5.645087833798616 3.1626694784507494 5.550142047202594 4.342433591070812 4.336590856814192 4.822597335732367 6.207537479484383 6.3972190255196235 5.880344292996898 8.594663247928109
0.8571900494408491 1.0121706486080082 1.092908627782021 0.3361197198712465 1.2291708481898975 0.7213412103931255 0.7558480258191647 0.8747770997093971 1.6685420139758258 1.9439024486731633 1.619986194496046 0.8852272888757138 0.49288918940806836 1.185297818114535 1.6038932220666886 0.7400786721204301 1.3751053185801978 0.7336982538319409 0.25873267593248467 1.9077594387433643 0.4749357384836566 0.7019962302942572 1.2341141289672828 1.1969945652839926 0.34302757782706533 0.4966262739619004 1.5096133337670001 0.42139967711698245 0.8612969072586558 0.2256743157638188 1.1290175667597233 0.6325338956901498 1.1100284094405188 0.8684867182141623 0.8673181713628384 0.9645194671464734 1.2415074958968766 1.2794438051039247 1.1760688585993795 1.7189326495856219
0.28436057263338477 0.37397691165417635 0.1658932118022407 0.17576930391019818
0.6753940101247247 0.00791549391845836 0.2882032358634101 0.028487260093406852
0.558597032866212 0.1902434908093149 0.2407193341784305 0.010440142146042608
0.01952336262022558 0.007199846596675941 0.5660950777202273 0.4071817130628712
0.683727077520892 0.11133699877400927 0.10673288109729973 0.098203042607799
0.2272642455964723 0.0928747500878504 0.18972576548613107 0.49013523882954624
0.656064638601271 0.1017406623491025 0.15167102965138457 0.09052366939824197
0.043254626485143555 0.6180469727908685 0.04990816038055479 0.28879024034343315
0.14484819856710662 0.25718514115084534 0.565791947857463 0.03217471242458503
0.013077797949059389 0.7193039155388253 0.1632089047777463 0.10440938173436898
0.2065832323107859 0.18654100422618924 0.3853954844895462 0.22148027897347866
0.13088153716354956 0.31356125972859206 0.25935733892624324 0.29619986418161515
0.4584893254042859 0.06744071015874231 0.31652562223115466 0.15754434220581714
0.5518723540839358 0.23625442843421374 0.18007999298760224 0.03179322449424826
0.06850929791416993 0.7375479900675384 0.09049277931440391 0.1034499327038878
0.08881795606246179 0.47145893959357243 0.18561357352431784 0.25410953081964793
0.109827314823014 0.8151498962700053 0.06259683225598978 0.012425956650990888
0.3417847153949394 0.2780990629657675 0.2907762618112585 0.08933995982803467
0.4191243283463809 0.3511605954031569 0.149761688518796 0.07995338773166616
0.687960213647061 0.013664131783126532 0.057073670139959565 0.24130198442985296
0.2216408566705239 0.2973871341770771 0.030688777249602173 0.45028323190279684
0.306392563858085 0.3695211328122089 0.06170499395857476 0.26238130937113135
0.39472876543834345 0.07638619790154355 0.153684961041042 0.375200075619071
0.02778964759389002 0.052311208975661216 0.01880383686515541 0.9010953065652934
0.10153516954652575 0.20366553122313258 0.4008809619071204 0.29391833732322126
0.14436744306745597 0.0687751108604634 0.08110231854954475 0.7057551275225359
0.1820594394625077 0.3796005103371618 0.23303473851762968 0.20530531168270083
0.039993755006489495 0.08232369210152124 0.495939004419819 0.3817435484721703
0.4015222896478545 0.21629939024642064 0.24627946488623909 0.13589885521948575
0.0803899819601317 0.2693484616115319 0.22743400978774075 0.42282754664059563
0.259153391823408 0.3813574993182981 0.19296737484059867 0.1665217340176952
0.0761162810800049 0.4551416417621319 0.1654034179435515 0.3033386592143117
0.11184788818375602 0.3412179490939875 0.32477704097151083 0.22215712175074565
0.1885653021594894 0.6924220298027578 0.043202369791422224 0.07581029824633057
0.032630745659982585 0.587561249435394 0.27854755452489355 0.10126045037972986
0.19710149329851578 0.3009581543590236 0.49895723228071387 0.0029831200617467246
0.024939241302277204 0.3966149520183573 0.07051653114180811 0.5079292755375574
0.3184191344572125 0.23182357397625153 0.025691509272086077 0.4240657822944499
0.17108611767227933 0.40097664951433665 0.2751747159810044 0.15276251683237962
0.43169212656285194 0.49848146487880973 0.029003093357364507 0.04082331520097382
0.08276164899797556 0.13808375559797625 0.1765921650896628 0.6025624303143854
0.5778602965275927 0.3305125834820126 0.032881042019407114 0.05874607797098752
0.01286183960845333 0.2545755715179402 0.6145209716258087 0.11804161724779783
0.32139908102478143 0.2449307607829343 0.21755913364733992 0.21611102454494435
0.41736993823396007 0.16418321559545357 0.011874231015553627 0.40657261515503273
0.10295144450078453 0.18137349423521887 0.5880113734440395 0.12766368781995707
0.06463408079257549 0.5057275574379242 0.37016226908228556 0.059476092687214765
0.053321994278267226 0.2872141135599403 0.20751060979002456 0.4519532823717679
0.08354141602970644 0.3326512126383565 0.19364231905481144 0.3901650522771256
0.12823408494136102 0.0509895036208029 0.04025752161177487 0.7805188898260612
0.06993689982266416 0.20725085526305087 0.5914256479310654 0.13138659698321953
0.06331719542470648 0.06319179614231984 0.5904382089544435 0.2830527994785301
0.6151328864024215 0.30663431776953953 0.01554512009314446 0.06268767573489453
0.01087047835302668 0.11665982391281504 0.870968807854957 0.0015008898792012726
0.3297976336059891 0.30247997692131756 0.07986937882552791 0.2878530106471654
0.21542024864515907 0.08993261025167043 0.007386047639861171 0.6872610934633093
0.20672631726173107 0.07378041721579554 0.07856754763781393 0.6409257178846595
0.017440138610337774 0.4500629030405936 0.26753065064793313 0.2649663077011355
0.25349543304777356 0.32664129569022615 0.32943323388413304 0.09043003737786726
0.3369688014394495 0.4888076903037487 0.06494301413548054 0.10928049412132124
0.6608451462796076 0.19648143825012387 0.04084044647340246 0.10183296899686611
0.09959776466548043 0.2104909593139046 0.03762915826514379 0.6522821177554712
0.052898133896164046 0.5966095958363642 0.020598111268052888 0.3298941589994189
0.04133771357373295 0.16578715326929505 0.43591274088547327 0.35696239227149873
0.061537741085971875 0.056694523942134145 0.676611684653308 0.20515605031858597
0.4226870072784531 0.09294066966641046 0.40407692244194393 0.08029540061319251
0.44298905948957934 0.321565085558146 0.0441300397464881 0.19131581520578655
0.00174259113006614 0.6780753783339948 0.14557140575427074 0.17461062478166833
0.1583600884970111 0.6852806376141489 0.10363134057119894 0.05272793331764103
0.30866987598898155 0.1835040359844332 0.010577916603945914 0.49724817142263933
0.031113022038775195 0.3460920316678904 0.5226778476840495 0.10011709860928497
0.14626396463982405 0.15686066925182474 0.13939327399857226 0.557482092109779
0.07676722784389878 0.021971116626345433 0.06774150786132382 0.833520147668432
0.32786785494626003 0.08921102170116335 0.33121695548413344 0.2517041678684432
0.2140608743763165 0.344831802166771 0.32764455984523977 0.11346276361167273
0.052432972434031666 0.17945419508388538 0.12900788211040448 0.6391049503716785
0.03863879758875677 0.7155574408319064 0.09847429248299644 0.14732946909634037
0.053801092143879514 0.14951382753807363 0.5717992460486274 0.22488583426941944
0.47716976915414155 0.04183854740557702 0.13486035940917374 0.3461313240311077
0.3307827130791646 0.14362343893262552 0.14882693366630295 0.3767669143219069
