24 30 4 97.40646009347451 194.81292018694904
9.640155730023267 7.295608449546185 9.998805633614912 2.980605698045666 4.2495071856765225 7.658568911884934 9.968101525801872 3.8471228001154754 2.2289012184117216 4.4558200913644015 3.884673552086738 4.297732777751636 7.386864063293147 9.101281874710361 5.807038952779485 3.2256438841895063 7.046259063193677 6.055561965818239 5.883038890385588 9.041028433254107 8.585015946085386 3.754113309546607 6.6805279970967595 7.122149744015396 9.733848043557886 9.04210436728685 9.481832752247024 6.78002933100515 6.531828704578758 3.049149289581783
1.9280311460046533 1.459121689909237 1.9997611267229825 0.5961211396091332 0.8499014371353045 1.5317137823769866 1.9936203051603745 0.7694245600230951 0.4457802436823443 0.8911640182728803 0.7769347104173476 0.8595465555503272 1.4773728126586294 1.8202563749420722 1.161407790555897 0.6451287768379013 1.4092518126387354 1.2111123931636478 1.1766077780771176 1.8082056866508214 1.7170031892170772 0.7508226619093213 1.3361055994193518 1.4244299488030792 1.9467696087115773 1.80842087345737 1.896366550449405 1.3560058662010301 1.3063657409157516 0.6098298579163566
0.48603186896637274 0.27176618088806725 0.08642210366792302 0.15577984647763699
0.4022184145807711 0.4481094820141909 0.011286282455151841 0.13838582094988616
0.14303670588390183 0.27379320487860026 0.5245892646769204 0.05858082456057756
0.7367514493829402 0.17991289982802738 0.05466734401832207 0.028668306770710306
0.5608910506455944 0.012537988272806944 0.12605956731878865 0.30051139376281
0.11409656487218656 0.42940319122166826 0.4093103042791818 0.047189939626963384
0.2756954606457642 0.1662537102392605 0.1549422728420845 0.4031085562728908
0.6595604191091031 0.13731369344724442 0.0918500338275009 0.11127585361615155
0.343833423729332 0.018978345256389084 0.421861208901931 0.2153270221123479
0.06556553529884612 0.02308844392790843 0.0768587032335648 0.8344873175396806
0.47195269795088235 0.20871026622004651 0.08488846251770577 0.23444857331136537
0.20978981055078283 0.3941900107070586 0.1651827926958812 0.23083738604627735
0.46378770760574095 0.05532546114206949 0.12441219316102714 0.3564746380911624
0.25675936951200384 0.3915280036652332 0.28411771384146756 0.06759491298129539
0.11044039822543339 0.35848343823651374 0.34767986608434254 0.18339629745371033
0.5282710737487201 0.12282027486553082 0.06070826475839464 0.2882003866273545
0.578734368065148 0.1863152526853109 0.1472866879034207 0.0876636913461204
0.17621021357620914 0.37219639195606025 0.08754487367936525 0.36404852078836536
0.689698697488411 0.14358820004996686 0.06858198055733766 0.09813112190428452
0.4210961338309971 0.13748815858256225 0.3686995557347874 0.07271615185165325
0.045574626831785925 0.5432401809110837 0.16017055239660094 0.2510146398605294
0.0249223184136671 0.7144554705012645 0.24291520757545693 0.01770700350961152
0.35033697346952086 0.0369458907611131 0.17952221837242732 0.4331949173969387
0.18024039388297874 0.4999408560427815 0.24973489570181018 0.07008385437242959
0.2512847168134523 0.31162353608791327 0.017966812296759782 0.4191249348018746
0.2294505756274452 0.14518395127116546 0.530735058718616 0.09463041438277331
0.17801445745707967 0.5866655336793594 0.15721328254645783 0.07810672631710314
0.10226279433958463 0.021425956062766094 0.351969661032153 0.5243415885654963
0.03459653327767165 0.2517978864494528 0.43864265960416415 0.2749629206687114
0.31771564479989034 0.3237878822067638 0.35540876678867683 0.0030877062046690273
0.4996768861038394 0.03500398012611783 0.27253843315845605 0.1927807006115867
0.23169719664900035 0.38799957870707147 0.004678286803813658 0.3756249378401145
0.12279848359327927 0.28646053890995127 0.14762395954872942 0.44311701794804004
0.002023272594058212 0.8870249041046656 0.1064024976675253 0.004549325633750878
0.0975246685479263 0.2532377921725153 0.4692746556096541 0.17996288366990432
0.031438805443634976 0.2573046689164368 0.5908456173520491 0.12041090828787915
0.25902153226143165 0.396264513715878 0.2026864119618098 0.14202754206088053
0.1794644011767761 0.10559618988854169 0.687059668301506 0.02787974063317622
0.08788606476009508 0.48322358093100926 0.3990182428846115 0.029872111424284142
0.19938767830182724 0.43222826055128427 0.28125825235187163 0.08712580879501686
0.012743533666867535 0.26285910625667064 0.16539454027419964 0.5590028198022622
0.1361227536800812 0.3384614989054274 0.07138859360178207 0.4540271538127093
0.24883145382893634 0.18941891890797946 0.5059426730623996 0.0558069542006846
0.02299406471310539 0.333745461046722 0.03551948057473808 0.6077409936654345
0.05814587189395937 0.23119538230509917 0.15921694644267015 0.5514417993582713
0.15370561722706666 0.5284428817992545 0.06046818411355048 0.2573833168601284
0.05123622729922084 0.32926350508022706 0.05654327331362974 0.5629569943069224
0.5517914990855354 0.2696292945349211 0.09890728577736208 0.07967192060218142
0.05522385012184483 0.23102191121378224 0.373773258524422 0.33998098013995093
0.1574407373971164 0.2937310195476819 0.33572382960845637 0.21310441344674536
0.06176831515473502 0.4438747465983026 0.3336105918535117 0.16074634639345065
0.009683949656655533 0.03620965300381096 0.5466959385527221 0.40741045878681137
0.09945230026698948 0.2950111622762013 0.008235709857590034 0.5973008275992192
0.7305131084085753 0.15338527688540815 0.05823930483986417 0.05786230986615237
0.31027156380941834 0.3885029253388773 0.11414404830525038 0.18708146254645397
0.1496799063141213 0.672136395551816 0.09642239882233383 0.08176129931172882
0.09803848432106199 0.23190556969365672 0.06981388198950855 0.6002420639957727
0.09267715374413865 0.5359798576705478 0.07363205175924104 0.2977109368260725
0.018205185772184884 0.35294144901049973 0.5082800832296462 0.12057328198766915
0.1535907037805837 0.22153760856987326 0.4399238506222206 0.18494783702732243
