96 50 4 140.14465315416516 280.2893063083303
2.93218200115144 9.185521342074972 8.355118358471112 9.134924272615967 7.361913429769851 2.0626858120679605 1.831607335680888 6.057765984814115 6.142707686675583 1.3506126811717944 3.9389271912439794 3.6173636559920155 5.595068596190384 3.7346213452388306 3.7336958635434563 2.288549456045356 1.3269702566767276 4.593118041940829 7.721578294143155 8.694709729852784 6.892124142933159 9.696610395600906 6.79289794677858 7.6984045438765225 8.488023225404074 1.0536225147505185 5.8002190563311515 9.287448154648803 2.6495547975799534 9.88253363976123 5.226328787049672 6.006316715909251 3.2601700185850433 4.925460170838183 8.426269734417922 6.732887371353441 8.407059360481737 3.5502952857321928 5.056563872506285 2.573669961261884 1.4049639976622812 6.995101816901467 3.9374855727990847 3.3321119658619804 7.7302051179333 7.262498258807671 9.692809933398346 4.014134692034103 9.004004828096134 4.849889093674186
0.586436400230288 1.8371042684149945 1.6710236716942224 1.8269848545231935 1.4723826859539701 0.4125371624135921 0.3663214671361776 1.211553196962823 1.2285415373351165 0.2701225362343589 0.7877854382487959 0.723472731198403 1.1190137192380767 0.7469242690477661 0.7467391727086913 0.4577098912090712 0.26539405133534555 0.9186236083881658 1.544315658828631 1.7389419459705568 1.3784248285866316 1.9393220791201813 1.358579589355716 1.5396809087753045 1.6976046450808149 0.2107245029501037 1.1600438112662304 1.8574896309297606 0.5299109595159907 1.976506727952246 1.0452657574099344 1.2012633431818502 0.6520340037170087 0.9850920341676366 1.6852539468835843 1.3465774742706882 1.6814118720963473 0.7100590571464386 1.011312774501257 0.5147339922523768 0.28099279953245626 1.3990203633802936 0.787497114559817 0.666422393172396 1.54604102358666 1.4524996517615343 1.938561986679669 0.8028269384068206 1.8008009656192268 0.9699778187348371
0.21609459094336847 0.6410141576946901 0.07556382703002862 0.06732742433191286
0.301664042459554 0.003450156985550401 0.03402984292105904 0.6608559576338365
0.19325979443655517 0.17481350555319153 0.25844210974811377 0.37348459026213954
0.14280213746836024 0.10908314023844701 0.17781039978177393 0.5703043225114188
0.044345001064540424 0.31070778582587044 0.4593607095193709 0.18558650359021822
0.11125097444127774 0.131968678306707 0.42640461897492443 0.33037572827709083
0.26502522209495183 0.06653545533004468 0.6171054950104199 0.0513338275645836
0.2650387582290835 0.28127955816586514 0.28382942901879127 0.16985225458626008
0.11295392520061687 0.7486327999327266 0.07195015739505373 0.06646311747160283
0.385319992446691 0.011876566556169088 0.5673615557540799 0.03544188524306002
0.2098680648214234 0.23593630471900018 0.14448811876548762 0.4097075116940888
0.27427047103103575 0.12951110021992207 0.0002120719535579907 0.5960063567954842
0.38473060452926533 0.2756500337319647 0.07225982245871987 0.2673595392800501
0.06819271606573463 0.08436615256602531 0.40492231099278575 0.4425188203754543
0.020324746699501905 0.34086056018107813 0.533593067074676 0.10522162604474394
0.3398873705029275 0.008291711980982996 0.5646304381443329 0.08719047937175661
0.3189667498185973 0.15165403255053655 0.14798928715386062 0.38138993047700553
0.16043195377733488 0.34694549513558814 0.48476199919141116 0.007860551895665813
0.4631533817834457 0.30246365993582824 0.048159364468864596 0.1862235938118615
0.7440902990346757 0.156420591538042 0.022911335666450983 0.0765777737608313
0.20888350832786484 0.34615186343697324 0.09634538974876761 0.3486192384863943
0.135132651490679 0.7541650412786128 0.020378331780974923 0.09032397544973325
0.3146947974519465 0.3672488628111502 0.07802266180927353 0.24003367792762975
0.04421946835703583 0.3959781884929944 0.16781428674068655 0.39198805640928325
0.5886222292785327 0.1088871283589774 0.20224807052516824 0.10024257183732166
0.3665214819635554 0.19854576975818516 0.42593386689077817 0.008998881387481283
0.02403961534949417 0.23748307984021433 0.5353890315674357 0.20308827324285583
0.08790235177791894 0.7874677254722716 0.015014127525416865 0.10961579522439258
0.07140600231236949 0.12740706040624905 0.3560973521727172 0.44508958510866425
0.3625075547417015 0.14040061088938505 0.033969336316921894 0.46312249805199157
0.15824074880100414 0.4351466619786628 0.11385589720737932 0.29275669201295373
0.29804039713136055 0.14878446407630985 0.4805509591465199 0.0726241796458097
0.4281637337230376 0.4328303156619221 0.07180713643450176 0.06719881418053852
0.09100899188031153 0.30264416436369646 0.23329057934511988 0.37305626441087214
0.22259168352400405 0.556628848506167 0.2026187405930665 0.018160727376762442
0.4653089492842305 0.1465570864235225 0.1948060926692835 0.1933278716229635
0.2352933863896256 0.47688894508728175 0.22736658668473608 0.06045108183835657
0.4777495198152618 0.014428109152684776 0.1621645719882332 0.3456577990438202
0.5219778677898039 0.20214502041467597 0.04905263231096191 0.2268244794845582
0.2729630458336658 0.10672703797587224 0.13935509863103512 0.4809548175594268
0.7531337088067509 0.1213460427649764 0.11789145294939563 0.007628795478877071
0.5157097292519193 0.01773171107384741 0.39330169350920485 0.07325686616502847
0.764086363424143 0.05772072742812928 0.08456121113186144 0.09363169801586624
0.4811991775695095 0.08281176213716812 0.15721273271908942 0.278776327574233
0.1382907855516058 0.14804041872876084 0.15347819801654272 0.5601905977030907
0.2959588442569693 0.27540420923747744 0.12173817738569548 0.3068987691198578
0.4990003905587531 0.32029556361417977 0.15433298618974722 0.026371059637319894
0.07830376268944206 0.27633009659109364 0.10342211874258544 0.5419440219768789
0.3036836250669175 0.02659461522410067 0.5859859360439051 0.0837358236650767
0.1263601184656865 0.5972942986690878 0.196517547949561 0.0798280349156647
0.7684400356776071 0.09212686910904933 0.13903161952559717 0.00040147568774639986
0.22408316518713312 0.052836605664818626 0.43650527677887285 0.2865749523691754
0.1810468666253544 0.0632211301097706 0.7459106540687305 0.009821349196144524
0.7390790706934468 0.018886364090043517 0.08576239583971335 0.15627216937679633
0.024860008605800843 0.28455506837663647 0.6025640358102698 0.08802088720729284
0.2607918552515799 0.28898667716708903 0.20285015744109858 0.2473713101402325
0.07127456329147219 0.032216013889798556 0.2597079704349258 0.6368014523838035
0.5502365517103456 0.32117471914164 0.10811070926844446 0.020478019879569986
0.02474555396430922 0.6790236790967232 0.12933272917852323 0.16689803776044432
0.13101874275050418 0.06459285594777042 0.04646863324298178 0.7579197680587436
0.05770424960306242 0.34513066003326454 0.2870330475203242 0.31013204284334883
0.26081586264924106 0.09752316724118415 0.40613476578321195 0.23552620432636284
0.11232874164862694 0.20620149142160815 0.6633694248227254 0.01810034210703948
0.64346215516905 0.15302618673342017 0.06642236840380844 0.13708928969372136
0.13854428014052933 0.26486097517206064 0.3574001638251286 0.2391945808622814
0.21513978217331675 0.37713283364982164 0.1018768012488277 0.3058505829280339
0.27376658763693307 0.18495877676817918 0.46022541337417433 0.08104922222071342
0.0473419581208675 0.6729327096629025 0.079516309648206 0.20020902256802398
0.5713485125987866 0.1672999864278505 0.04779108665483667 0.21356041431852624
0.29685464701419206 0.11905488725245894 0.16092795746478694 0.42316250826856205
0.49207967227259064 0.07390874972112149 0.18832792061026815 0.24568365739601972
0.2325948061545564 0.08126298962733047 0.2650506368781581 0.421091567339955
0.09293951957770286 0.002922910231898057 0.5028926095399718 0.40124496065042725
0.7864487702553237 0.09599773407586143 0.07799247641110663 0.039561019257708274
0.44162060928102564 0.015937735870783176 0.3885484965854471 0.15389315826274408
0.256904205641187 0.26177489872151094 0.07212128644744542 0.40919960918985665
0.3710998983100331 0.07316171693491624 0.23199225861495099 0.3237461261400997
0.15218768416781858 0.5065221454090133 0.13988413929680077 0.20140603112636735
0.00012342114702956763 0.7231935080524894 0.24468244159166297 0.03200062920881808
0.07208595696723286 0.10574105151375424 0.7591971860579201 0.06297580546109283
0.060623593037815615 0.10257456060713366 0.4371055509408386 0.39969629541421214
0.07979883327625115 0.6866321635101585 0.10951720522553932 0.124051797988051
0.47300155767457797 0.018388942738865377 0.319617465193176 0.18899203439338064
0.22569881308567497 0.1572463438918561 0.20915274737896983 0.4079020956434991
0.178780131284749 0.35540652222302693 0.23798701867942929 0.22782632781279477
0.28200966773177516 0.13053464483270127 0.17509418985734027 0.4123614975781833
0.33833119593334926 0.2251473057556086 0.03768277384006691 0.39883872447097524
0.2086407742366907 0.6177629411627203 0.0754725868038848 0.09812369779670416
0.01856806866863503 0.5363201950895703 0.12593894708050668 0.319172789161288
0.053503454920096005 0.27225776020413395 0.5317604130060732 0.1424783718696968
0.28738637137803213 0.16811466196171354 0.24407007715301343 0.3004288895072409
0.31502853547833676 0.2648873083345221 0.29383182027422217 0.12625233591291896
0.14999360433640474 0.11297928264986501 0.5628373592758015 0.17418975373792878
0.07645887823117914 0.5411159799945675 0.18886386137186384 0.1935612804023895
0.5363157909027143 0.05039944631401827 0.39176303839913973 0.021521724384127694
0.3740748512267944 0.081473007799032 0.5425681663079457 0.0018839746662279167
0.013322943520973185 0.4495863978609048 0.3025945609352737 0.2344960976828483
0.15138062071202174 0.06377666517629033 0.18577895630098484 0.5990637578107031
0.009731744974039724 0.2389101114846861 0.5326628916299487 0.21869525191132544
0.1451777571954992 0.19431735637564795 0.1222173786081373 0.5382875078207155
