52 30 4 88.48983307533223 176.97966615066446
8.407993066388126 1.235061834128806 2.8969357593816456 6.565795924146492 1.8845601880320926 6.58118178889173 1.485011976385994 9.645886520238147 9.823864367935661 5.690148852441014 6.72898010351993 7.882812534423249 7.884597651551373 4.7591702160375045 7.919247756913684 4.808815753708285 9.334932143741483 7.137338363851585 4.316100321922196 8.73018869817538 4.424461119850509 1.8545883749524696 3.924016422731409 4.736009675282421 7.680465539653422 6.921179808279631 2.8118514820851708 8.276391219190113 8.077621945687909 4.554456741137017
1.6815986132776253 0.2470123668257612 0.5793871518763292 1.3131591848292985 0.3769120376064185 1.316236357778346 0.2970023952771988 1.9291773040476294 1.9647728735871322 1.138029770488203 1.345796020703986 1.5765625068846498 1.5769195303102745 0.9518340432075009 1.5838495513827369 0.9617631507416571 1.8669864287482967 1.427467672770317 0.8632200643844392 1.7460377396350761 0.8848922239701018 0.37091767499049394 0.7848032845462818 0.9472019350564842 1.5360931079306845 1.3842359616559263 0.5623702964170342 1.6552782438380227 1.615524389137582 0.9108913482274034
0.07874907332177594 0.36662842256925154 0.0652387390980309 0.4893837650109416
0.4343886448729798 0.016438064958470222 0.41081400844172067 0.13835928172682932
0.1228875539702794 0.21192810244490523 0.16291183976266488 0.5022725038221505
0.4719474542548665 0.24825671814357386 0.06718111923835246 0.21261470836320717
0.37451251076585956 0.26406416867265814 0.05591674502647748 0.3055065755350048
0.4542809790228073 0.2897864239146143 0.14711058631897167 0.10882201074360676
0.20178386343344057 0.48824248514665236 0.06198357509360242 0.24799007632630465
0.34974214023403494 0.08784637098746717 0.5208584092591029 0.04155307951939502
0.28024548115249903 0.18491948061133967 0.5192218801777813 0.015613158058380039
0.3432296625039042 0.19347470086536278 0.27812090344393003 0.185174733186803
0.18821937901900487 0.5622889996141331 0.2199147005185632 0.02957692084829877
0.5147723383402653 0.26524396762280733 0.19116605834962153 0.028817635687305887
0.017670713942223193 0.18290181626434554 0.1987931738046732 0.6006342959887581
0.0770699849538371 0.026085953685468954 0.11802962174915732 0.7788144396115366
0.16681383022164675 0.339046618901539 0.07776867766152407 0.4163708732152902
0.12844700539551834 0.15335975654278977 0.5256732567871506 0.19251998127454129
0.376781625067915 0.0005069675649586047 0.2345975166110904 0.388113890756036
0.035422261525915544 0.10446053084300988 0.6854283461773725 0.1746888614537021
0.39961381223594616 0.2683243896613633 0.2986703617954123 0.033391436307278255
0.20792820112526988 0.484542604938783 0.1266167242112941 0.18091246972465302
0.7512679969383042 0.028734587399893874 0.09455180644533834 0.12544560921646364
0.06326987753641777 0.01084876281089886 0.4455656133432254 0.48031574630945795
0.15621439152967642 0.7722014014704057 0.06653620438042951 0.005048002619488345
0.01711858051649795 0.38354939579233294 0.4848382091879856 0.11449381450318352
0.01804589989745986 0.3896851544109864 0.4225569135376517 0.16971203215390207
0.4790087163565897 0.16295811639117785 0.1914395106814012 0.16659365657083125
0.08639050145364857 0.20967754375947645 0.16071388355281824 0.5432180712340567
0.138018188110413 0.06502088384379945 0.3308731674892327 0.4660877605565549
0.17440176578793287 0.045186087511566386 0.3386211658198546 0.44179098088064617
0.11012856694924311 0.296539992598179 0.13873838338020938 0.4545930570723685
0.4876452580166796 0.25542165249353554 0.053092630991809386 0.2038404584979755
0.020022559117985117 0.027400315227273042 0.19863507132765812 0.7539420543270837
0.15743374693326317 0.7013402571947414 0.042816027022432035 0.09840996884956343
0.5392553233782389 0.12568373445085568 0.23574844590117372 0.09931249626973171
0.425568262771457 0.1022181821383148 0.06653823969853467 0.40567531539169355
0.32033320619063854 0.5954432105060903 0.01370938514327702 0.07051419815999416
0.058868078357722564 0.23651304908348747 0.4276806392132735 0.2769382333455165
0.004363273526967193 0.1931190964583397 0.732133297688415 0.07038433232627817
0.42788389922088954 0.0498436657518152 0.3773962496317298 0.14487618539556546
0.1456551348709756 0.5499647681890342 0.08658467929707325 0.217795417642917
0.4554246915674217 0.05686420222411692 0.48205689569944354 0.005654210509017821
0.06917213261814714 0.7793225019223018 0.106325773056553 0.04517959240299807
0.16744375511655984 0.07331472570183795 0.5561653761093618 0.20307614307224042
0.4146662527865721 0.3171678685094069 0.2080882938906814 0.06007758481333958
0.4938081387298918 0.11499736441579844 0.19001512930144537 0.20117936755286436
0.2602992874062112 0.31515352216197556 0.08027635530559729 0.3442708351262159
0.1783917410558119 0.23899407897524394 0.20709195002845393 0.3755222299404902
0.34245557716776287 0.004926694522588648 0.1012386246432192 0.5513791036664293
0.23428878581295864 0.17421238911706083 0.5480394487748488 0.043459376295131746
0.1855220308693205 0.07823993104250648 0.44408985481578755 0.29214818327238545
0.10402202815782546 0.24840535673549824 0.2341135588731359 0.4134590562335404
0.2195194629827696 0.22281331141901828 0.03945614802898745 0.5182110775692247
0.5600587647975362 0.06252628977649843 0.10196464205129863 0.2754503033746667
0.2906306842979809 0.09327927844543105 0.24816417009498826 0.3679258671615998
0.49797429854584496 0.3383901108940991 0.07755721749082911 0.08607837306922683
0.02470636091673062 0.017156123434714954 0.009037858594683867 0.9490996570538706
0.2561358600492145 0.28717286783403073 0.36487995403492335 0.0918113180818314
0.02414861532989465 0.008550493980308937 0.8545754354664657 0.11272545522333066
0.4409295740083149 0.33677998282640464 0.09209538888274393 0.13019505428253653
0.14940494850065522 0.49022069362483334 0.05677123038226228 0.30360312749224916
