13 20 4 56.13801130204887 112.27602260409772
7.999321695164381 3.1378709803142106 8.418506793952318 9.691742782386997 9.75341002514404 5.08104322675581 6.481382164851501 7.97973863144362 6.774520102831622 7.498164065652524 1.3153287169129357 3.6860452380026145 1.5266124269386727 8.71354848328479 4.355686250873267 7.118631564202873 3.306519543939671 4.128230936372428 1.0847149307287247 4.225004044344727
1.5998643390328762 0.6275741960628421 1.6837013587904637 1.9383485564773995 1.950682005028808 1.016208645351162 1.2962764329703003 1.595947726288724 1.3549040205663245 1.4996328131305048 0.26306574338258715 0.7372090476005229 0.30532248538773454 1.742709696656958 0.8711372501746535 1.4237263128405746 0.6613039087879342 0.8256461872744856 0.21694298614574495 0.8450008088689455
0.03190366643989473 0.28748769994046985 0.6297028152978458 0.05090581832178964
0.008715732303784862 0.6211132668040381 0.18301217189480046 0.18715882899737657
1.2033569485092599e-05 0.47987135792689806 0.17657194310057467 0.3435446654030422
0.2769963563838095 0.43523632152777403 0.20631907023436524 0.08144825185405125
0.37933329148306616 0.07875252579369751 0.31429294240379435 0.22762124031944198
0.13798605275825726 0.10757305256639837 0.4405259738626578 0.31391492081268657
0.2376589218796833 0.31897312955471935 0.3693624280558152 0.07400552050978215
0.14487098904632512 0.34576914801883574 0.34906837335091 0.16029148958392914
0.499041683900894 0.41417112308874904 0.07172565071136505 0.015061542298991926
0.13635835175923794 0.09022952514019045 0.3688113684529508 0.4046007546476208
0.12895807457854047 0.07267600053557477 0.7573006568691819 0.04106526801670285
0.43711801265081107 0.40744052015530696 0.12269457575445131 0.03274689143943066
0.08190006001834516 0.02740484806120047 0.8571571331978447 0.03353795872260967
0.2777215297314206 0.37240898828171276 0.04659432584011758 0.30327515614674905
0.2035981361555802 0.4853081634031091 0.1567657549204554 0.15432794552085527
0.12426071024992369 0.1551988433987005 0.4700261417863505 0.2505143045650253
0.25439918504137593 0.3574504042841652 0.1480694912952003 0.24008091937925857
0.013200625564899537 0.5284100027151141 0.27495089943356443 0.18343847228642196
0.14500296285546677 0.026672334821698063 0.39248498118464625 0.4358397211381889
0.37224601242411803 0.18793540589196267 0.39068961431006466 0.04912896737385464
0.06508453704251449 0.15281447208917442 0.6998733768688985 0.08222761399941259
0.07571744617226672 0.6708597908216708 0.12723620628560117 0.1261865567204613
0.24697870099191632 0.26228349909160187 0.4463119448475481 0.044425855068933706
0.2444757021979903 0.08010634758872281 0.37086340276676144 0.30455454744652544
0.0679174967944145 0.18507518602709194 0.3515461458102046 0.39546117136828896
0.09875321920491842 0.05303344337955418 0.39647343481135267 0.45173990260417474
0.07273721088434781 0.4961480416722126 0.11121976304808168 0.3198949843953579
0.19092005866659367 0.21439943403153772 0.3067048815516219 0.2879756257502467
0.10677999399370885 0.2581359668925761 0.5098705408487595 0.12521349826495554
0.23638016015282026 0.3275424489258948 0.3085092532667134 0.12756813765457153
0.17572986321318163 0.27750947001041826 0.30732834354379013 0.23943232323261
0.14302607708757153 0.19723472576024104 0.3291453371328503 0.3305938600193371
0.08825354002927399 0.1060439451837325 0.07508721006685715 0.7306153047201364
0.23362646184796687 0.3131507834966937 0.4163208323582681 0.03690192229707134
0.06759889360357696 0.08589574337479577 0.07071783364640838 0.7757875293752189
0.03382173104378916 0.14625766437422627 0.04472787849078097 0.7751927260912036
0.22601441426661684 0.4428402921546596 0.24340137789734262 0.08774391568138096
0.07972011775621979 0.2942249718199762 0.45537260494512555 0.17068230547867846
0.09851907591702669 0.25126313768400477 0.48836681861996845 0.1618509677790001
0.7100658900630638 0.03798544206312371 0.010425973472016237 0.2415226944017963
