63 30 4 86.32662028884275 172.65324057768552
5.985469202505278 4.566231043348301 1.4331409532206902 5.731053049835674 2.377347236307013 5.500091448947385 3.304781017445328 5.887838420825595 5.934395075666245 3.032098424709843 1.8032167985742558 5.066826627134538 7.960460596276131 7.139031848248497 8.759271930191854 5.084604967186923 6.124959653745853 1.047449284762255 8.870717967444769 6.200914112479511 9.507061736478468 9.02608189499293 7.136916487656036 9.01315824084015 2.741154005895508 8.22303531750521 1.2106941115426657 9.283960581194181 7.021939314462561 7.679339228261873
1.1970938405010556 0.9132462086696602 0.286628190644138 1.146210609967135 0.4754694472614026 1.100018289789477 0.6609562034890656 1.177567684165119 1.1868790151332491 0.6064196849419685 0.3606433597148512 1.0133653254269075 1.5920921192552262 1.4278063696496994 1.7518543860383708 1.0169209934373846 1.2249919307491706 0.20948985695245098 1.7741435934889538 1.2401828224959022 1.9014123472956936 1.8052163789985858 1.427383297531207 1.80263164816803 0.5482308011791016 1.6446070635010421 0.24213882230853315 1.8567921162388363 1.4043878628925122 1.5358678456523747
0.29563491561031274 0.019008907189838165 0.6512436638834634 0.03411251331638565
0.29309260314011454 0.16577137670140318 0.24073152441201728 0.300404495746465
0.11023417417608061 0.15163306419521083 0.6482839098243582 0.08984885180435032
0.5581118670093825 0.11276391825649956 0.31557699311279475 0.013547221621323158
0.40519864457010535 0.5072403218338752 0.05533299543181169 0.03222803816420772
0.5515358133156282 0.3662804356881143 0.03518456367779399 0.04699918731846353
0.4872058009313527 0.4490844240596481 0.04506543641769123 0.018644338591307985
0.34318093403268435 0.25949509469862475 0.3666194803234246 0.030704490945266283
0.16080569616840745 0.5773160692798281 0.13878329585387206 0.12309493869789234
0.15392172555529515 0.328893000734509 0.2059713794700273 0.31121389424016854
0.4465376354012137 0.10423713917189403 0.3669868737941744 0.08223835163271787
0.12542122434175307 0.00275063797743913 0.8300430319482845 0.04178510573252325
0.39694022284780095 0.008959909602082483 0.2857182980488847 0.30838156950123186
0.3119102614035103 0.018100601985334697 0.3376821518957299 0.3323069847154251
0.14881209990661093 0.41331056888464 0.1119796762888996 0.32589765491984946
0.6490412112103092 0.004963932120152781 0.32546126505956763 0.02053359160997037
0.22507638098068572 0.2852169281713137 0.11463229964559862 0.37507439120240194
0.08589182170647036 0.0079305233251169 0.8356418403752235 0.07053581459318925
0.2609389101321983 0.028554378839155015 0.58675363292866 0.1237530780999867
0.5496276567844249 0.21247077274131254 0.09444985936218564 0.14345171111207689
0.0761475461744674 0.088544632299985 0.48331000823594084 0.3519978132896068
0.08513150781720502 0.06418091429612038 0.5289397150123765 0.32174786287429813
0.026578721191264365 0.1014152120219648 0.22141058810962266 0.6505954786771482
0.21004189284184815 0.3468342139760845 0.13703187340766232 0.30609201977440503
0.39809909780134733 0.27080491232300785 0.04700660746812535 0.28408938240751946
0.13337320043053236 0.20950308450877664 0.34670099555773704 0.31042271950295397
0.025856249217368732 0.3319459745113147 0.593017592953551 0.049180183317765525
0.16343741627177077 0.19443692961535175 0.28274415541980824 0.35938149869306923
0.14739786431636126 0.1239317930653625 0.24680042892331122 0.481869913694965
0.086952214896727 0.5672051890689734 0.014758200360430185 0.3310843956738694
0.3998269963150798 0.0912699159684417 0.05033999220876917 0.45856309550770935
0.2358622014173526 0.11101644636531227 0.2555302523122498 0.39759109990508534
0.18107984952091305 0.22058261088806652 0.19695498743653428 0.40138255215448615
0.604682323646212 0.08258205677938069 0.2545614343767686 0.05817418519763873
0.05473041729110828 0.4831669309255153 0.3091852434815139 0.1529174083018625
0.0025798305263317056 0.7343490029854269 0.0868151780163876 0.17625598847185375
0.25002634098670573 0.307915759183068 0.04256650850398602 0.39949139132624023
0.18562775810391152 0.4212271801644967 0.01305510476619598 0.3800899569653958
0.10362821959350876 0.636521616879844 0.05973649746059295 0.2001136660660543
0.019201335402125763 0.07576093276904383 0.5137087297136309 0.3913290021151995
0.020468516786217972 0.294752354861365 0.23639220232067104 0.448386926031746
0.0625368175255695 0.17609020691275334 0.18825317438629985 0.5731198011753773
0.23391572794400706 0.17522231894177842 0.34498255350564744 0.24587939960856708
0.37577170299566 0.12652452578018059 0.4229068610023683 0.07479691022179114
0.08650182292070141 0.6262711809958312 0.11479043608311734 0.17243656000035001
0.35114942167279584 0.4456600106079359 0.18292677676764324 0.020263790951625005
0.12998945288880792 0.7375024400636451 0.006138581891923067 0.12636952515562394
0.2990872963019978 0.3432622453551961 0.017933511837117555 0.3397169465056885
0.05492180165587002 0.2607452843991087 0.5907796621894599 0.0935532517555614
0.28978730710089773 0.010101568217882773 0.3142233978124498 0.3858877268687697
0.3049462774960804 0.17563478699780577 0.37345384671287574 0.1459650887932381
0.075708051339623 0.32625656741479414 0.18936605629061942 0.40866932495496344
0.30872011247025155 0.08738129939417916 0.16164091600634334 0.44225767212922595
0.011905032020026574 0.023926845943250563 0.581837965854442 0.38233015618228083
0.4637377038735673 0.16004140144769763 0.250101913155686 0.12611898152304912
0.18800805799339482 0.3620782812233906 0.13604487450181235 0.31386878628140225
0.1426261488874676 0.10657715303249271 0.36647251880988474 0.38432417927015494
0.6045975418016165 0.2625176313689306 0.10871543111519011 0.024169395714262798
0.19336911262702916 0.4503165563359849 0.016689363375667954 0.339624967661318
0.1231851780583667 0.3963185363012536 0.01835331239630844 0.4621429732440713
