83 10 4 28.725868891881863 57.45173778376373
3.3133818439462592 7.154088247639653 6.97277581812204 7.994173910197599 8.446299655019125 4.210157293613609 4.480624600732158 7.6906824516981 3.5428646358620095 3.6466893269331746
0.6626763687892518 1.4308176495279306 1.394555163624408 1.59883478203952 1.689259931003825 0.8420314587227218 0.8961249201464316 1.53813649033962 0.708572927172402 0.7293378653866349
0.38708414325518015 0.13398292565365977 0.05292384586175225 0.42600908522940784
0.18744716995455146 0.15720236414349043 0.07027432499366726 0.5850761409082909
0.23718338924008986 0.0320366954136595 0.36074818757333127 0.37003172777291937
0.3248903729943491 0.41328596498894266 0.2334735616747815 0.028350100341926754
0.13924278496026132 0.19206362486276873 0.6658117111490687 0.0028818790279012685
0.4998790340578849 0.1571136299986422 0.08245276060856899 0.2605545753349039
0.5477657516507926 0.07516190636880804 0.24742597823670054 0.12964636374369887
0.3072876380675438 0.07843869874984999 0.1606450763382108 0.45362858684439544
0.1458640230874979 0.653176363381894 0.0979687873734526 0.10299082615715549
0.3348592412507373 0.22794662248320297 0.3099020769869242 0.12729205927913556
0.04712445140197519 0.08040000931607771 0.707052662753986 0.16542287652796106
0.027336896603232463 0.7934866703291691 0.0950420011001537 0.08413443196744474
0.21256264314150008 0.35381629682591165 0.15337765447120055 0.2802434055613877
0.11471758877055749 0.20236707688971256 0.029748826441817644 0.6531665078979123
0.18087256239610772 0.5295588371208618 0.26793746833996435 0.021631132143066112
0.611224624587008 0.2852675803453576 0.10276403343107077 0.0007437616365636446
0.20710138180751136 0.14807619421219187 0.40128471216105943 0.24353771181923733
0.056890798250766705 0.4265653384597291 0.00880270091417834 0.5077411623753258
0.24842990877005977 0.31361058820956456 0.08292945959221898 0.3550300434281567
0.014449019599514279 0.011244355777953574 0.17273335365467157 0.8015732709678606
