76 40 4 132.82328298902175 265.64656597804344
3.7974681978071976 8.370884986469651 4.012773621143726 2.743421668061884 1.9928199254734036 9.660790787015987 8.785425265643218 8.671707765183006 1.7155992889185332 7.84664999255794 8.741739476302143 2.4881610458858487 6.906752730394965 4.32510146134716 8.356948471718034 9.268755235233188 2.468981888985737 8.48911153095937 4.985540277306267 9.888921201844822 7.653015540223786 6.063211236016267 8.01822252517507 5.448038154995137 9.120231602582704 7.053832586766008 8.814945964371617 8.3412581000973 9.191551598358249 5.111992193951426 3.5529255270888447 9.188044899425785 2.0110401225318406 1.7021690368281974 7.449761768073649 5.700461912617461 9.716042577025418 9.98485558879316 8.917562944123969 9.089847280745497
0.7594936395614396 1.6741769972939302 0.8025547242287452 0.5486843336123768 0.3985639850946807 1.9321581574031974 1.7570850531286435 1.7343415530366013 0.3431198577837066 1.569329998511588 1.7483478952604288 0.49763220917716977 1.381350546078993 0.8650202922694319 1.6713896943436068 1.8537510470466376 0.49379637779714736 1.697822306191874 0.9971080554612535 1.9777842403689643 1.530603108044757 1.2126422472032534 1.6036445050350139 1.0896076309990275 1.824046320516541 1.4107665173532016 1.7629891928743233 1.66825162001946 1.8383103196716497 1.0223984387902854 0.710585105417769 1.837608979885157 0.4022080245063681 0.3404338073656395 1.4899523536147297 1.1400923825234923 1.9432085154050835 1.996971117758632 1.7835125888247938 1.8179694561490993
0.03782519133623763 0.04288984325002587 0.5191107351475523 0.40017423026618415
0.1988209906766346 0.3058355341094259 0.2083974495214055 0.286946025692534
0.12663637676840755 0.1553082628773531 0.5909156419482501 0.12713971840598925
0.6483632316155289 0.07838851610805497 0.20569348317484726 0.06755476910156888
0.3322256298167455 0.09128310120071592 0.10922966056268968 0.4672616084198489
0.008916724294643519 0.03467479857813138 0.1885384836324253 0.7678699934947998
0.11294486188761865 0.017629249926659707 0.755098343453462 0.11432754473225959
0.07081839391475964 0.0433307103305669 0.1800939732119632 0.7057569225427103
0.0890590333167256 0.06302365422904943 0.35340457396393654 0.49451273849028843
0.12096773711797304 0.04383613974886469 0.5005861341059775 0.33460998902718475
0.35456941515418117 0.402962725974534 0.22425070702443284 0.01821715184685202
0.006043446239698325 0.6458344728291134 0.20782474170316856 0.14029733922801968
0.07255114599442603 0.4249645831880813 0.209708545213256 0.2927757256042367
0.11955444872731213 0.34153686776973957 0.4168914035689927 0.12201727993395561
0.21239334246652253 0.18039551543545584 0.3152589462196239 0.2919521958783977
0.2775613640157897 0.009589158114008622 0.3880588711725461 0.3247906066976556
0.04284650223485087 0.286160269894704 0.3087322375289496 0.3622609903414955
0.13289159259247352 0.8476030990224477 0.004864185355715311 0.01464112302936349
0.25682174080740583 0.024317823295590624 0.469697824537037 0.24916261135996653
0.39041152592781947 0.2062364122966699 0.016375043887367102 0.38697701788814354
0.4076767155636005 0.06299241693652669 0.4114324534699222 0.1178984140299506
0.02553419880481933 0.5225216243769824 0.02607562440724953 0.4258685524109488
0.03695767424560148 0.472026908010895 0.3609409011071306 0.13007451663637293
0.11982287190635899 0.20846551667295876 0.5681837090793376 0.10352790234134468
0.04679530876806626 0.19494558470416568 0.6056252890081055 0.15263381751966254
0.049878747634995446 0.5812479558461965 0.14391809923603616 0.2249551972827719
0.01188010397339112 0.6037484117274771 0.19078862891580994 0.19358285538332187
0.16443909062178463 0.02281085651935799 0.6167758353930748 0.19597421746578259
0.4165231213662063 0.18881160528937158 0.3101418365177304 0.08452343682669172
0.26512430647498064 0.023269843143710722 0.09613583219068289 0.6154700181906257
0.5226035493317873 0.09424323285365277 0.06499836519572955 0.31815485261883036
0.2238286196398196 0.5530672858550616 0.15297598959534564 0.07012810490977317
0.39234589689120836 0.4399729397857801 0.07897179361963458 0.08870936970337695
0.035778914648463056 0.7289036972135857 0.07757650901935631 0.1577408791185949
0.7430646301324536 0.16796989877288027 0.05776496061212566 0.031200510482540467
0.01588296437408343 0.5711100684386036 0.34254171962340774 0.07046524756390526
0.6410713153663613 0.18952568521527902 0.12839344182783619 0.04100955759052349
0.5770168928607126 0.27145120204402695 0.05475235045501825 0.09677955464024224
0.24039451872341222 0.11042317433185456 0.31863057342245915 0.33055173352227407
0.1086141418476686 0.07213977143241834 0.5210683357811038 0.29817775093880927
0.5407606738501642 0.1421694104235407 0.10987759579473244 0.20719231993156262
0.22558085584056897 0.03212825437482336 0.2693267633128682 0.47296412647173947
0.1252335116673149 0.16391309139180288 0.6125550482588158 0.09829834868206644
0.04555487192544605 0.05492159929010809 0.5925254303547975 0.3069980984296483
0.6942843459478502 0.10560387470579768 0.18434560574135117 0.015766173605000988
0.3579937838765065 0.013953062133165495 0.059516508798366785 0.5685366451919612
0.1103012445547844 0.271994062027308 0.46996716509190306 0.1477375283260045
0.2863838218679684 0.18038483022948515 0.37855119564280815 0.1546801522597383
0.1753034241890179 0.10542331954771267 0.4957129658142301 0.22356029044903936
0.08005191427350578 0.2634172835424369 0.22110787862349912 0.43542292356055823
0.10654890425227925 0.08854439574816853 0.4904382225352538 0.3144684774642984
0.015998121311615487 0.43896155861593367 0.24767953428583778 0.29736078578661307
0.06789515134696755 0.22833623316150553 0.6356041055648362 0.06816450992669076
0.04289465068264553 0.8657495678055199 0.030543000504625217 0.06081278100720933
0.21943515124379398 0.4359222680294381 0.11391296412500895 0.23072961660175895
0.43101995237867496 0.179659726881225 0.25399556189996486 0.13532475884013517
0.10880559528734557 0.16859700088800822 0.0377564960976815 0.6848409077269647
0.14221834065486727 0.07248384522367157 0.45791089215107417 0.327386921970387
0.4448640951628614 0.04075574557236428 0.3680436974184579 0.14633646184631643
0.5323173265482405 0.2733870226877523 0.009464519661112059 0.18483113110289517
0.03001220853363451 0.6040965125696708 0.053762637312662065 0.31212864158403264
0.084100398498267 0.09260076914859305 0.11962447614130012 0.7036743562118398
0.06973420017185528 0.03415545239888951 0.2839545114992442 0.612155835930011
0.23824571859180876 0.2530524039396572 0.3144231630596144 0.19427871440891964
0.5280706142703044 0.09208759766623809 0.3286616727124031 0.05118011535105438
0.14042804410159138 0.13942763957455784 0.20927708714144255 0.5108672291824082
0.2820468343261008 0.18239431923431992 0.06261036432816092 0.4729484821114184
0.047700139009944076 0.8050079424320828 0.008034362421572627 0.13925755613640045
0.11586107610359209 0.7593952098192246 0.08187661056283169 0.042867103514351634
0.0848716132013746 0.40393682663867514 0.20596808745552453 0.30522347270442574
0.1097261542939193 0.4414298454526383 0.2352461263718062 0.2135978738816362
0.571660256162711 0.30187899886033576 0.07223468340836592 0.054226061568587336
0.32118108617512375 0.09855332667849448 0.3572876841530631 0.22297790299331866
0.19336801064014475 0.37905754465719776 0.17541708332660888 0.2521573613760486
0.22916132237807785 0.21826446308670233 0.40501496033012185 0.14755925420509797
0.10495245125240149 0.5773611053915981 0.16139083633700402 0.15629560701899636
0.059080748305332165 0.813348722844403 0.013663470808644163 0.11390705804162071
0.16028282136774985 0.49181484630690364 0.10558879649809105 0.24231353582725546
0.02784401053435137 0.02527145455723845 0.8086382424333035 0.13824629247510667
0.17291230327201745 0.008899888193826921 0.774771176912106 0.04341663162204967
