75 50 4 145.36166789024114 290.7233357804822
6.120461981073211 1.593678048304982 8.992996029102315 9.36692359456662 7.11722837238517 5.898482347823506 2.690644079422032 6.564371159665128 4.367149915468441 9.402239514447306 6.833270821852608 7.046120596411429 9.38416211041898 7.029892768763796 3.089120602353807 3.3025091594100706 3.024926413123228 1.7263058984096236 2.656002180279843 7.524544314331576 9.99037572217632 2.2885310371508174 2.9864934954524696 3.5060765666486557 7.723519835564919 9.82433787367127 8.001955825047396 7.256285448197962 9.536094476715443 1.7006343595954683 2.890587457147289 6.9893096578408125 8.194377928487345 6.74507668553688 1.2996909738486067 3.566735825401541 1.7666935426084045 8.877433006042814 9.592490874364774 7.555713968085853 1.227398660024874 7.80049581886157 9.026258570254546 3.3868916204565194 9.382302323262534 4.6681455625184665 4.7365188828570055 2.7812881679348305 9.870940283848297 3.819651423264909
1.2240923962146422 0.3187356096609964 1.798599205820463 1.873384718913324 1.4234456744770339 1.1796964695647012 0.5381288158844064 1.3128742319330255 0.8734299830936882 1.8804479028894612 1.3666541643705217 1.4092241192822859 1.8768324220837962 1.4059785537527592 0.6178241204707614 0.6605018318820142 0.6049852826246456 0.3452611796819247 0.5312004360559686 1.5049088628663152 1.9980751444352642 0.4577062074301635 0.5972986990904939 0.7012153133297312 1.5447039671129839 1.964867574734254 1.6003911650094793 1.4512570896395924 1.9072188953430884 0.34012687191909363 0.5781174914294578 1.3978619315681624 1.638875585697469 1.3490153371073759 0.25993819476972135 0.7133471650803082 0.3533387085216809 1.7754866012085628 1.9184981748729548 1.5111427936171706 0.2454797320049748 1.560099163772314 1.8052517140509092 0.6773783240913038 1.876460464652507 0.9336291125036933 0.9473037765714011 0.5562576335869661 1.9741880567696595 0.7639302846529817
0.1790259749355051 0.2891025979868872 0.33351740140762387 0.19835402566998384
0.28349574410329315 0.31830032096836436 0.2799539413521078 0.11824999357623467
0.499439359189373 0.3042738219967115 0.15530618151165065 0.040980637302264866
0.4727669339302132 0.002038448009883842 0.2872089682292659 0.23798564983063708
0.12888924772511057 0.004665138824008985 0.6562690133507 0.21017660010018047
0.5350908640734875 0.04593625871007179 0.004906369457324922 0.4140665077591158
0.4401987920585194 0.12581204661075507 0.16069157496721354 0.273297586363512
0.1752508034152379 0.1876777592508564 0.2867501959648573 0.3503212413690484
0.09769487097691432 0.43271668771971494 0.11059567092875566 0.3589927703746151
0.1207351481018426 0.13981892029717236 0.644845625980094 0.09460030562089106
0.22404769354084852 0.4870969761706164 0.19401893750827603 0.09483639278025902
0.04954795462878481 0.5071434354769689 0.3049779684153774 0.13833064147886887
0.23404508307535132 0.07047403547819087 0.6050170213326355 0.09046386011382235
0.593220007769397 0.1319155108558704 0.2607792224713873 0.014085258903345332
0.7456436508615017 0.10120783497701213 0.12367028991167761 0.029478224249808505
0.6033237895908639 0.10237901808893068 0.1887209678946551 0.10557622442555037
0.1170232925893957 0.09348256541188493 0.6800320482512594 0.10946209374745997
0.3851960686895535 0.16146781778552421 0.36184112413956915 0.09149498938535316
0.27357277062014207 0.2477624595265363 0.33396148455201013 0.1447032853013115
0.17519462317842593 0.04469043631129843 0.4425364932450556 0.33757844726522
0.6743732870444936 0.036881634893749626 0.21544373302015962 0.07330134504159713
0.15293921296398527 0.2764921217786285 0.5393520983418244 0.03121656691556185
0.2183026179625036 0.2530220341653401 0.18540179162874937 0.34327355624340694
0.08019972499412731 0.1901371256554364 0.4907952994589114 0.23886784989152487
0.7814996994398048 0.0019944094529458223 0.06253634532472463 0.15396954578252475
0.12327012650874114 0.0853409721624423 0.24870943728168426 0.5426794640471323
0.08990346159013407 0.1200795091954685 0.549263532364721 0.2407534968496764
0.05924161698045727 0.08386985993141594 0.8278433407830371 0.02904518230508968
0.0894664175230776 0.16432670490146606 0.4081516329597532 0.33805524461570313
0.11757608825364119 0.042453495875644065 0.7759358584270399 0.06403455744367481
0.35291765390364493 0.08377042868565299 0.3345803765621239 0.22873154084857816
0.0748064871812053 0.6538195909494788 0.013010888169543211 0.25836303369977265
0.014112292021196904 0.7798822621341784 0.1242732543782965 0.08173219146632815
0.06989967169330602 0.08552136465700433 0.7894736055354044 0.0551053581142853
0.32096038573605723 0.10214750938820238 0.419387591809282 0.1575045130664584
0.2778971890122406 0.07340053486537645 0.03538822006605735 0.6133140560563256
0.5692081298739587 0.23173544651252953 0.18124461190172014 0.01781181171179158
0.7409454464970928 0.15531701937017128 0.10076308334122319 0.002974450791512706
0.6504231827665701 0.09704442913029643 0.13578592479525542 0.11674646330787808
0.14941052778589048 0.016872744009580165 0.6891585717049536 0.1445581564995757
0.7406210382110152 0.2391223138768248 0.019460730678918514 0.000795917233241461
0.49092816811914186 0.4394764085798941 0.03671560689698328 0.032879816403980744
0.09611235635624127 0.3231348254185443 0.24024046008084 0.3405123581443744
0.770322661883045 0.08190716692510902 0.0989052184664394 0.048864952725406585
0.47655729274131875 0.12486216822960805 0.1659248333463137 0.2326557056827595
0.16723477642318996 0.268442318340144 0.3580684810686702 0.2062544241679959
0.023787982037158595 0.5923590822704392 0.06433690597542385 0.31951602971697834
0.15032231543743668 0.3119072561004822 0.07619437702172738 0.46157605144035374
0.05448607288827567 0.48322860641225895 0.25308233897355825 0.20920298172590712
0.14635644896821765 0.16735131618801358 0.6108782620607892 0.07541397278297957
0.011494983299081274 0.49238416462950607 0.27556980294657807 0.2205510491248346
0.1083644308967946 0.5359728853120895 0.2963823862076106 0.05928029758350528
0.48728262493231467 0.04401222049732245 0.20074813492931132 0.26795701964105156
0.42603476495242876 0.06086795766537023 0.10827399682821937 0.40482328055398165
0.11706077800390091 0.22344530095447523 0.3622681066582928 0.29722581438333107
0.0866576741164563 0.20348854512861103 0.5184769772764628 0.19137680347846986
0.19162877904928532 0.47245939276533067 0.3011069675680488 0.03480486061733523
0.10737451467375025 0.14679813446610157 0.2420155904845861 0.5038117603755621
0.01475583931602964 0.31978116179381866 0.16957122030777028 0.4958917785823814
0.006121316512578079 0.4080673892505786 0.08914456175491359 0.4966667324819297
0.00024501492006312464 0.09110215219111661 0.40836149345654427 0.500291339432276
0.3013855176357072 0.26408346126680793 0.06715197484138835 0.3673790462560965
0.07716242149265828 0.33349486790818816 0.2432725206945784 0.34607018990457517
0.19950437931416476 0.5350617433838367 0.054256362839984695 0.21117751446201383
0.41923582844777785 0.17132082186417197 0.2535712935428929 0.1558720561451573
0.19134383432152524 0.19607887977017613 0.37593625484853166 0.23664103105976697
0.3561894618781505 0.3139031829272563 0.09302330373405254 0.2368840514605407
0.03945686679860183 0.4487475995898931 0.2107995419836065 0.3009959916278986
0.17574190292187053 0.24937263415790478 0.1995360061405853 0.3753494567796394
0.12202709816948476 0.4220749168102025 0.23933431274600847 0.2165636722743043
0.11409139657349998 0.649935408136487 0.16983442555462291 0.06613876973539012
0.4672094084763676 0.009250643963125582 0.500190314723935 0.023349632836571765
0.5615407229930586 0.1182185511467535 0.19731063338080412 0.1229300924793838
0.41396794211534127 0.008340303837031215 0.3868575520648406 0.1908342019827869
0.0802642232989963 0.1373439175893474 0.4729715439438049 0.3094203151678514
0.3101874308947248 0.09884951369943695 0.024794895463923994 0.5661681599419143
0.02518825934793234 0.05374888523538068 0.2950357940963718 0.6260270613203152
0.1613674380891591 0.6168459659508474 0.11026252426643668 0.11152407169355683
0.21939567086416734 0.5356396401632132 0.1314002920816557 0.11356439689096376
0.1230562634336293 0.19076258420699932 0.0918599490256844 0.594321203333687
0.49354548607439175 0.4334717713950955 0.02539236935507516 0.04759037317543757
0.631072149084112 0.043723743622730016 0.11522756081886032 0.20997654647429764
0.1970377605734941 0.008212753604922018 0.5871618604842337 0.2075876253373502
0.19424067215980156 0.5286163622180851 0.23384525034309078 0.0432977152790226
0.22231535181173812 0.6096621300114167 0.10460233907784988 0.06342017909899533
0.5436984005036617 0.12087733463707151 0.136352017745752 0.1990722471135148
0.11118367407236363 0.3947828203977338 0.38640585104247027 0.10762765448743228
0.6178087951524556 0.1473402495465338 0.1021528935323136 0.13269806176869703
0.00404420885880441 0.04050929032123962 0.18504926043958692 0.770397240380369
0.5992230131029438 0.07056667199517441 0.13581683258646438 0.19439348231541742
0.3944057721529417 0.21978332735725903 0.02807055503991185 0.3577403454498874
0.5398129023152387 0.1254773035467791 0.07533301234916978 0.2593767817888124
0.06005816751548965 0.46524171837607686 0.3190937944984229 0.1556063196100106
0.060345349321584196 0.15599368650802603 0.020042480423155262 0.7636184837472345
0.06904066327539993 0.3218201669389561 0.2046770923821033 0.4044620774035407
0.42418704686288233 0.3372888586793654 0.15052897861173864 0.0879951158460136
0.1099531671129298 0.14023489586343763 0.09107696436629065 0.6587349726573419
0.13644507601627542 0.11123949586105963 0.5193002755676378 0.23301515255502714
0.5679019771743888 0.21377528421744463 0.07245235411507189 0.14587038449309464
0.03489046844948296 0.15038319879621276 0.25530285116089113 0.5594234815934132
