45 100 4 271.92708090963305 543.854161819266
9.9011036212804 5.945902541602529 3.5330257175955655 1.6956060947125544 5.000225463746228 5.255271727799368 1.4366980081580127 2.4699200338744007 2.0435564034815 6.646525144339834 8.70563843736062 6.850921789787973 9.916495162820201 5.2331567356340685 6.564650352106224 3.5440048587805064 9.784029842357874 7.057611992185077 4.9647779989709 3.6071860622688536 5.587297156424271 2.0121480621639516 3.0425931040805727 5.306970741955252 3.1848234110210174 4.491842658464503 8.36986084808839 1.6708670664539196 9.308345851249022 3.024064738085121 7.357343361471965 1.9950891109526014 6.409037111708677 4.661132842794643 8.531465053888507 3.250273850595632 5.119641923145819 6.016894324138682 3.2675517981239968 1.9921719003915923 7.539734766772217 3.7906654376460014 8.431785689474848 5.064998739818982 1.8472503619044325 8.984829138488756 7.675787151645486 2.097390478913191 8.70282164515266 1.6024444406951446 2.6555678727177723 2.549501355757883 9.30050179711989 6.996992241011208 3.2955107980312297 3.2618462755406648 9.856329085344026 7.1091583689907365 4.6213415556011626 1.5775506636948318 4.994867134750838 2.863824654471413 3.903309583488593 6.845373552948697 7.516111337828615 5.214992476024783 2.6897115533583653 3.667486966133878 2.2617263388495488 1.8529269233915153 5.425868413288202 9.917008329057841 8.918321738503373 2.4515093864928756 3.744219661519273 6.443156955577578 9.462741700875608 7.598075505195365 1.354778225976396 2.4396618787150883 1.578089542959347 5.000954202544917 8.557952403335335 6.0178183644029355 9.89124078539319 7.868760425448224 9.467899563166554 7.540735565542962 3.2736902111274597 9.16708512010137 7.162504193252356 1.947114256665175 6.438143823825936 7.635348389980043 3.1349942096099075 9.90087318633066 8.567131600679351 4.8979021555141244 7.504796865160337 7.017723869396425
1.98022072425608 1.1891805083205058 0.7066051435191131 0.3391212189425109 1.0000450927492455 1.0510543455598735 0.28733960163160255 0.49398400677488014 0.4087112806963 1.3293050288679669 1.7411276874721238 1.3701843579575947 1.9832990325640403 1.0466313471268136 1.3129300704212448 0.7088009717561012 1.9568059684715748 1.4115223984370153 0.9929555997941801 0.7214372124537707 1.1174594312848543 0.4024296124327903 0.6085186208161145 1.0613941483910503 0.6369646822042034 0.8983685316929005 1.673972169617678 0.3341734132907839 1.8616691702498045 0.6048129476170242 1.471468672294393 0.3990178221905203 1.2818074223417353 0.9322265685589286 1.7062930107777015 0.6500547701191264 1.0239283846291638 1.2033788648277364 0.6535103596247993 0.39843438007831844 1.5079469533544434 0.7581330875292003 1.6863571378949698 1.0129997479637964 0.3694500723808865 1.7969658276977512 1.5351574303290971 0.4194780957826382 1.7405643290305322 0.3204888881390289 0.5311135745435545 0.5099002711515765 1.8601003594239782 1.3993984482022417 0.659102159606246 0.6523692551081329 1.971265817068805 1.4218316737981473 0.9242683111202326 0.31551013273896633 0.9989734269501677 0.5727649308942826 0.7806619166977187 1.3690747105897394 1.503222267565723 1.0429984952049565 0.5379423106716731 0.7334973932267757 0.45234526776990974 0.37058538467830304 1.0851736826576404 1.9834016658115683 1.7836643477006746 0.4903018772985751 0.7488439323038546 1.2886313911155156 1.8925483401751215 1.519615101039073 0.2709556451952792 0.4879323757430177 0.3156179085918694 1.0001908405089834 1.711590480667067 1.2035636728805872 1.978248157078638 1.573752085089645 1.8935799126333108 1.5081471131085924 0.6547380422254919 1.833417024020274 1.4325008386504712 0.389422851333035 1.2876287647651872 1.5270696779960087 0.6269988419219815 1.980174637266132 1.7134263201358704 0.9795804311028249 1.5009593730320674 1.403544773879285
0.04442158058212842 0.47932791609918923 0.04723621019388358 0.4290142931247988
0.47324734894122156 0.49414152561132174 0.022618220818368506 0.009992904629088195
0.030473341519351438 0.043979665231866694 0.11006839655495015 0.8154785966938317
0.07036985367114024 0.07728300954979406 0.08865724182922385 0.7636898949498419
0.5346123521023269 0.20293641703500376 0.19187511706336557 0.07057611379930373
0.6553022185400376 0.15449491205425459 0.15500476999333013 0.035198099412377726
0.30903249402955024 0.008355835036739756 0.07127553890856209 0.6113361320251479
0.41098428794372877 0.19150542593458497 0.2677674812486496 0.1297428048730367
0.1517106503440303 0.0508718347578484 0.2165874965969058 0.5808300183012155
0.23367420830753816 0.1565594416656234 0.3385788478770956 0.27118750214974285
0.0951198285526551 0.21809730489922852 0.5096098969839552 0.17717296956416118
0.16376440610316623 0.28209046741715105 0.10298809911404316 0.45115702736563956
0.12543415040740347 0.4204284688716555 0.4263720845089811 0.02776529621195989
0.3531409204404511 0.5240602278415233 0.10838253032211598 0.014416321395909648
0.27720088334861404 0.13873107306632293 0.49096758474308355 0.09310045884197948
0.05504379602223486 0.04927396039087295 0.7829349616852482 0.11274728190164396
0.3810573736781755 0.0544548912638011 0.2506358956505952 0.3138518394074282
0.6598127610447729 0.18382770305642937 0.04734368721966098 0.10901584867913672
0.30401828157870536 0.24000803592170572 0.2552545620298381 0.20071912046975082
0.3589014838883834 0.2869501384199139 0.2854251911873924 0.06872318650431031
0.34749881372330993 0.056061663099894465 0.4205105273332661 0.1759289958435295
0.08764698750893873 0.28286512744260583 0.5843839748919485 0.04510391015650694
0.7272713391330065 0.10983693986085585 0.08603811572872311 0.07685360527741458
0.7267414758828553 0.1510114117184499 0.09867938929792175 0.02356772310077304
0.38546896745722814 0.35094584195187206 0.11382867678585873 0.14975651380504107
0.03143591821773073 0.37007789608686614 0.369663566503744 0.22882261919165914
0.23584306680715827 0.04934525871965101 0.30939049556721787 0.40542117890597285
0.195168349136833 0.534628129795304 0.049115007115631215 0.22108851395223172
0.4281551909743828 0.02864026928017782 0.35738483765687024 0.18581970208856913
0.0212937590674126 0.15082096202772421 0.08336255718050334 0.7445227217243598
0.3071614781660029 0.1337295648061706 0.03888871360924928 0.5202202434185772
0.08629635265872171 0.48066525607813626 0.38680357772804097 0.04623481353510106
0.3973171450341604 0.15435150042001022 0.24850513433163868 0.19982622021419072
0.32978007920181285 0.15259333714111 0.24835826744051737 0.2692683162165598
0.044396975656120885 0.04440928986328019 0.5654997860002533 0.3456939484803456
0.1866153072938983 0.07447349221934729 0.2460712783453749 0.4928399221413795
0.4445133540306164 0.08908377933270539 0.41573608044871924 0.050666786187958945
0.21967795603794382 0.30343081532781724 0.46521532431317425 0.01167590432106469
0.06670102141056655 0.23266403862849672 0.26536241406562355 0.4352725258953132
0.13054982916411617 0.15108796281819747 0.5305596033797866 0.18780260463789977
0.12414789989190056 0.18821962114844082 0.5900191007059463 0.0976133782537123
0.152725566284017 0.1512236218936741 0.07708438865493838 0.6189664231673705
0.01067578360211352 0.39889515910437345 0.036647369137064234 0.5537816881564488
0.34862424839660777 0.23450317809373522 0.08166180375611387 0.33521076975354314
0.8858703828337904 0.010445374087162174 0.03720099839623303 0.06648324468281441
0.021059907633108832 0.5519111850743896 0.34889580521498886 0.07813310207751267
0.43930827375826853 0.2535801011255765 0.23401257979271683 0.07309904532343814
0.07734286041181904 0.3270995766595407 0.26137694001812806 0.3341806229105122
0.40156553360385294 0.3042195629701452 0.09018636256408463 0.20402854086191724
0.128620498208615 0.7986472001573253 0.03263173877249392 0.040100562861565825
0.28910989795260156 0.14635859533625373 0.3426712756220869 0.22186023108905784
0.10514112720557778 0.04986378487904786 0.054178367916953074 0.7908167199984213
0.03762231079924516 0.06953774442449012 0.16156650325332478 0.7312734415229399
0.014759622967374764 0.09732632295319865 0.5547496799194767 0.3331643741599499
0.16955849718721172 0.23988408571515374 0.12790181561692793 0.4626556014807066
0.32990360888018233 0.28257818533430223 0.11212845737257104 0.2753897484129444
0.18821101810449203 0.029330018779302303 0.4098943551584132 0.37256460795779245
0.2918022586282094 0.4445750059084814 0.20709739241833547 0.0565253430449737
0.47462771273777193 0.012690027238122514 0.458494363081418 0.05418789694268755
0.18712366118103285 0.21465817239676432 0.47471628240269503 0.12350188401950779
0.1550238099457928 0.011779382581452613 0.34950765386573823 0.48368915360701636
0.08676286488953744 0.3342137024876054 0.5357510521013632 0.04327238052149396
0.2882661357879912 0.08017236324669808 0.5268001791747137 0.10476132179059705
0.038559394077905096 0.2084971758448113 0.10752990470426682 0.6454135253730168
0.31221733574995325 0.29768215441026713 0.31513391908949495 0.07496659075028467
0.03093052604469748 0.04350681590022787 0.5002301099239433 0.4253325481311313
0.19518209576438905 0.47746898572192187 0.3082556954470753 0.019093223066613763
0.1927682662871083 0.008454426498492262 0.5103629133978982 0.28841439381650125
0.06346887941038903 0.5312521706006087 0.20213786907771558 0.2031410809112867
0.13446984895675573 0.017815896510569695 0.5976696663221925 0.25004458821048203
0.5677610631206301 0.23518638125599967 0.14202381502858563 0.055028740594784575
0.07623269527854093 0.32279890484133633 0.3228735816191233 0.27809481826099947
0.22522309552934305 0.43832714006960893 0.026061656214882434 0.3103881081861656
0.3868735310488932 0.17592623084230596 0.21828619911947134 0.21891403898932948
0.3526463386378824 0.2566750678565628 0.2605689256907653 0.1301096678147895
0.17190282410571167 0.29459156773117234 0.3817624647664726 0.1517431433966434
0.34046612407362875 0.08865738367694032 0.22557325797239391 0.345303234277037
0.5662393634927764 0.013316741901778006 0.18517377063943175 0.23527012396601388
0.0006170788309720621 0.09272077381387933 0.04822240451639459 0.858439742838754
0.24670958007975585 0.04354987325688464 0.03635027749006681 0.6733902691732927
0.22653528622033126 0.21864508737365618 0.49757376286699706 0.05724586353901551
0.5245510067529855 0.12867858861431625 0.13183211906197767 0.2149382855707206
0.1764535118123497 0.4375826851384783 0.17621654212758509 0.2097472609215869
0.12397464553974491 0.47637584702651314 0.05411428699235765 0.3455352204413843
0.18732785880066116 0.37799752742987536 0.43022025271028563 0.004454361059177847
0.057155138216029466 0.29555710475309827 0.03976284386482243 0.6075249131660498
0.1415645886757365 0.5146535463021235 0.003934738659478687 0.33984712636266134
0.06463153634905328 0.17554934190165095 0.4288291477022398 0.330989974047056
0.287561135018787 0.07880631219652812 0.05807667593860888 0.575555876846076
0.012781660338630596 0.23434935790213685 0.302092582365438 0.45077639939379455
0.39636823226862694 0.10974634645647219 0.28425120086553557 0.2096342204093653
0.10467456574436551 0.6472646167029054 0.1708778391885417 0.07718297836418742
0.41237705914938405 0.3344023997243095 0.1810265219220466 0.07219401920425983
0.6494720258777499 0.04016334844020175 0.054765327245408946 0.2555992984366394
0.35507575374489786 0.3877683110014366 0.06046115001988617 0.19669478523377937
0.48654979029546375 0.10188878235847709 0.04905811272209237 0.3625033146239668
0.3512080668581463 0.04971478184003808 0.5027484268292691 0.09632872447254648
0.02989072533801196 0.6863476249334018 0.20321722559705413 0.08054442413153207
0.01748319946113097 0.795588551594988 0.10220499382126924 0.0847232551226118
0.12405552645862306 0.27991845527785486 0.24173695029776598 0.3542890679657561
0.29788447696729425 0.15538076707494297 0.12072264046274994 0.42601211549501283
0.07885394519989208 0.14786201296403467 0.18086139224057318 0.5924226495955001
0.07475668562383264 0.05412861080640341 0.24441551613816037 0.6266991874316036
0.3455340811149984 0.03517581680360038 0.026504921140640514 0.5927851809407607
0.11351235681208072 0.300057744138732 0.4607061928391242 0.12572370621006312
0.37782962135089615 0.22678521182138955 0.14885141066317154 0.24653375616454276
0.10949532823123653 0.47915196165486396 0.16200282544072253 0.24934988467317698
0.42199938071274934 0.05637674792377123 0.45374312122258165 0.06788075014089778
0.11489528131347349 0.51372420667311 0.25027600695157615 0.12110450506184034
0.5171169801259848 0.06584245990125859 0.025140890387983617 0.39189966958477296
0.325377541118959 0.029721008109515612 0.6282368930226869 0.01666455774883846
0.30738284945655314 0.43908398892299416 0.19039672110843586 0.06313644051201683
0.31603742394293355 0.1946641773668728 0.29581913528179404 0.1934792634083996
0.03308766534076857 0.5015067393170664 0.05457991775976723 0.41082567758239785
0.7621557747895836 0.16866209782141284 0.04811748295588614 0.021064644433117397
0.037927969657492566 0.11739197394669298 0.43371479701185967 0.4109652593839548
0.6359045669890764 0.24055923671075585 0.11446349913729104 0.00907269716287673
0.4712740362006985 0.15042790602074219 0.32935174678638013 0.048946310992179165
0.1863418397393688 0.22183049214435546 0.45807152562700726 0.13375614248926848
0.1933794931008117 0.4865209850758636 0.12668319124792415 0.19341633057540053
0.7976444977072907 0.0033610540158902635 0.19649137565069608 0.0025030726261229264
0.3648746207239253 0.0405395483891815 0.32860044528219523 0.265985385604698
0.022809128242531562 0.23342124700917366 0.30415370070745773 0.43961592404083705
0.26287231163749214 0.10021424580388727 0.3078001168085177 0.3291133257501029
0.5027482817492371 0.023208556865057517 0.23589049177617427 0.23815266960953108
0.25918372252368294 0.07284145278665355 0.4863714278034288 0.18160339688623472
0.05550741667072345 0.44494101538394726 0.1250957607392159 0.3744558072061134
0.2693760452152669 0.23961160540297355 0.4446654400805664 0.04634690930119312
0.28539682742366335 0.3562576413976357 0.19909581045109015 0.1592497207276108
0.5340576167887428 0.07311497978070935 0.2045583831044342 0.1882690203261137
0.09709797452405466 0.7453370003143432 0.02044584030937313 0.13711918485222896
0.1688996448401726 0.5150821361677983 0.1790475664541078 0.1369706525379213
0.021652800562997898 0.573769793517216 0.02463995549894371 0.37993745042084237
0.6562300478659369 0.10523815848261431 0.1297780704087369 0.10875372324271193
0.18592169116037682 0.4323296319542298 0.21520711316493668 0.1665415637204567
0.34176125440843896 0.2627873482481091 0.22845121010577596 0.16700018723767596
0.028097820491729042 0.21295437257655658 0.06738014605562503 0.6915676608760893
0.5111845208961507 0.25747373472934953 0.19645217911791646 0.034889565256583266
0.3269286005810931 0.5139542005554768 0.035945117721839726 0.1231720811415904
0.2115324329510766 0.1285438180685189 0.5809919936385318 0.07893175534187269
0.10625679460472437 0.08066628954820299 0.0481237323896071 0.7649531834574655
0.0420938536834351 0.4816578318727843 0.291033650094913 0.18521466434886757
0.30061753816154235 0.0626229577630113 0.49143792844042833 0.14532157563501802
0.5389109418753851 0.23793264425674399 0.10131949262337026 0.12183692124450063
0.5901884019457233 0.0349482434636178 0.07082373045747026 0.30403962413318864
0.04396299198636289 0.33870541545359323 0.4381719460983352 0.17915964646170868
0.43805615596997294 0.33030288553838294 0.21327437633666613 0.018366582154977995
0.09346489265793367 0.43415408487654983 0.39120750604164245 0.08117351642387405
0.35852996399592507 0.44654018856042954 0.1366154578987172 0.05831438954492818
0.5385049728996051 0.25142369594040626 0.1472484687806953 0.06282286237929335
0.20903651846732663 0.0751502466402062 0.6291549625304209 0.08665827236204626
0.3990458303277232 0.012810928417170686 0.036978871730876994 0.5511643695242291
0.7738137077959425 0.11151283535433021 0.03359291366356054 0.08108054318616675
0.2683122467724147 0.22046780278865963 0.3767892775020535 0.13443067293687216
0.12901441129605828 0.3469528057700274 0.11006619241655291 0.4139665905173614
0.4802666844787926 0.289945382046081 0.13116602016825618 0.0986219133068702
0.13533891154014555 0.11949818902825382 0.0725461581644622 0.6726167412671384
0.5681804014138215 0.04504707968844146 0.13370644397390286 0.25306607492383415
0.07658409398285493 0.27212162400308415 0.13304646133263975 0.5182478206814212
0.02311331874871625 0.7244201539609549 0.17317122624957826 0.07929530104075055
0.11779496228170105 0.30498581653792534 0.44372571033360053 0.13349351084677308
0.43895457885113787 0.19821549619123635 0.20487575519233114 0.15795416976529464
0.13867259836354784 0.2399371883697139 0.5874591956859442 0.03393101758079409
0.14552915253710963 0.11955123807621804 0.046618352161522214 0.6883012572251501
0.04277141684157226 0.1713269073653001 0.6739170892376487 0.11198458655547894
0.5849598184550445 0.04637718115321565 0.00874847629946951 0.3599145240922703
0.28638312103582686 0.267767109013209 0.24345198592571893 0.20239778402524522
0.35454454171980865 0.12172129504872553 0.3210081754849008 0.20272598774656503
0.04091334372613087 0.0655706190830635 0.09161044456068734 0.8019055926301183
0.2380644950963876 0.661965786454397 0.016513207726233547 0.08345651072298188
0.12838913796331253 0.33998885663931555 0.2782977316587091 0.25332427373866284
0.10823036724337975 0.2232096406216122 0.34467070683015544 0.3238892853048526
0.009997349168476721 0.3674154153804471 0.27817857838344073 0.34440865706763546
0.43252543752450723 0.014813880748724917 0.13679761363200893 0.4158630680947589
0.04650494709436148 0.08123704195834314 0.8155163634656357 0.05674164748165966
0.1409170637953373 0.3481394755787419 0.07641180739213194 0.43453165323378884
0.20076298693855854 0.6529920314617399 0.011966729533981146 0.13427825206572042
0.30486593676536256 0.07345189499412175 0.12247380303265987 0.49920836520785583
0.256343297094934 0.15149110073604288 0.07977520104429636 0.5123904011247268
0.522143465535743 0.22073520613169717 0.0648698681743124 0.19225146015824746
0.03744697313909884 0.45730122207337476 0.13899307018547746 0.36625873460204894
0.06328001821621265 0.038586662323887744 0.603134728609213 0.2949985908506866
0.1870722966596099 0.6826399018116135 0.12386455432927812 0.006423247199498494
0.17596830443958367 0.5147661285395685 0.09313447419914178 0.21613109282170606
0.23921430757383388 0.42264765821479644 0.29601140899345935 0.04212662521791033
0.6554687417305481 0.04067884123683674 0.03797716930980277 0.26587524772281235
0.15534872966007918 0.08762203065250651 0.18988521235659606 0.5671440273308183
0.05148580416761395 0.1405753808327289 0.5515760040973048 0.25636281090235236
0.4843851290277771 0.09375587683062503 0.067985778111335 0.3538732160302629
0.14082413162556362 0.04569538640166826 0.7108675840537642 0.10261289791900396
0.34522609466068044 0.46970410695254905 0.13299544144173936 0.05207435694503115
0.8430093767647481 0.020851397901458957 0.055930164952784134 0.08020906038100883
0.21822111293499624 0.04834294405515149 0.4500295423460736 0.28340640066377865
0.025521797412805025 0.0806078810025671 0.2737868765623046 0.6200834450223233
0.47101170535831194 0.1262158416756367 0.05028725838886994 0.3524851945771814
0.08790593675083735 0.7624824380212109 0.14338772177170456 0.006223903456247237
0.058540379393549946 0.006935897107626987 0.6595035970430995 0.2750201264557236
0.2383753440880999 0.17670281665748866 0.27764254644482345 0.307279292809588
0.0431092437133872 0.4183112770952645 0.1254345778298962 0.4131449013614521
0.010650863566202817 0.43493527599835147 0.5223741555078594 0.03203970492758634
