24 60 4 192.16079477855013 384.3215895571003
9.640155730023267 7.295608449546185 9.998805633614912 2.980605698045666 4.2495071856765225 7.658568911884934 9.968101525801872 3.8471228001154754 2.2289012184117216 4.4558200913644015 3.884673552086738 4.297732777751636 7.386864063293147 9.101281874710361 5.807038952779485 3.2256438841895063 7.046259063193677 6.055561965818239 5.883038890385588 9.041028433254107 8.585015946085386 3.754113309546607 6.6805279970967595 7.122149744015396 9.733848043557886 9.04210436728685 9.481832752247024 6.78002933100515 6.531828704578758 3.049149289581783 5.374286820697355 8.264973694495719 8.597981381701267 5.812127796069615 7.82018244868996 5.497091974934555 8.652951069354657 6.577270978204647 8.754527611451024 3.085274769841003 4.61996573122694 6.61937555943897 2.2873303529551166 2.1051863523395133 4.751469196862519 6.011946838467639 9.472772578954801 4.683331202529075 7.6307630444464625 9.959056069296242 9.24997914289871 1.018209453346524 9.741985239063608 9.001433590288514 7.29539745613471 1.8777220169313367 6.160861350265613 8.380334046970862 6.0480194558103495 4.156862146483975
1.9280311460046533 1.459121689909237 1.9997611267229825 0.5961211396091332 0.8499014371353045 1.5317137823769866 1.9936203051603745 0.7694245600230951 0.4457802436823443 0.8911640182728803 0.7769347104173476 0.8595465555503272 1.4773728126586294 1.8202563749420722 1.161407790555897 0.6451287768379013 1.4092518126387354 1.2111123931636478 1.1766077780771176 1.8082056866508214 1.7170031892170772 0.7508226619093213 1.3361055994193518 1.4244299488030792 1.9467696087115773 1.80842087345737 1.896366550449405 1.3560058662010301 1.3063657409157516 0.6098298579163566 1.074857364139471 1.6529947388991437 1.7195962763402535 1.162425559213923 1.564036489737992 1.099418394986911 1.7305902138709315 1.3154541956409294 1.7509055222902048 0.6170549539682006 0.923993146245388 1.3238751118877938 0.4574660705910233 0.4210372704679027 0.9502938393725039 1.2023893676935278 1.8945545157909602 0.936666240505815 1.5261526088892925 1.9918112138592483 1.849995828579742 0.2036418906693048 1.9483970478127215 1.8002867180577027 1.459079491226942 0.3755444033862673 1.2321722700531226 1.6760668093941724 1.20960389116207 0.8313724292967949
0.11409656487218656 0.42940319122166826 0.4093103042791818 0.047189939626963384
0.2756954606457642 0.1662537102392605 0.1549422728420845 0.4031085562728908
0.6595604191091031 0.13731369344724442 0.0918500338275009 0.11127585361615155
0.343833423729332 0.018978345256389084 0.421861208901931 0.2153270221123479
0.06556553529884612 0.02308844392790843 0.0768587032335648 0.8344873175396806
0.47195269795088235 0.20871026622004651 0.08488846251770577 0.23444857331136537
0.20978981055078283 0.3941900107070586 0.1651827926958812 0.23083738604627735
0.46378770760574095 0.05532546114206949 0.12441219316102714 0.3564746380911624
0.25675936951200384 0.3915280036652332 0.28411771384146756 0.06759491298129539
0.11044039822543339 0.35848343823651374 0.34767986608434254 0.18339629745371033
0.5282710737487201 0.12282027486553082 0.06070826475839464 0.2882003866273545
0.578734368065148 0.1863152526853109 0.1472866879034207 0.0876636913461204
0.17621021357620914 0.37219639195606025 0.08754487367936525 0.36404852078836536
0.689698697488411 0.14358820004996686 0.06858198055733766 0.09813112190428452
0.4210961338309971 0.13748815858256225 0.3686995557347874 0.07271615185165325
0.045574626831785925 0.5432401809110837 0.16017055239660094 0.2510146398605294
0.0249223184136671 0.7144554705012645 0.24291520757545693 0.01770700350961152
0.35033697346952086 0.0369458907611131 0.17952221837242732 0.4331949173969387
0.18024039388297874 0.4999408560427815 0.24973489570181018 0.07008385437242959
0.2512847168134523 0.31162353608791327 0.017966812296759782 0.4191249348018746
0.2294505756274452 0.14518395127116546 0.530735058718616 0.09463041438277331
0.17801445745707967 0.5866655336793594 0.15721328254645783 0.07810672631710314
0.10226279433958463 0.021425956062766094 0.351969661032153 0.5243415885654963
0.03459653327767165 0.2517978864494528 0.43864265960416415 0.2749629206687114
0.31771564479989034 0.3237878822067638 0.35540876678867683 0.0030877062046690273
0.36913285641972904 0.363926287657664 0.11992705462155884 0.14701380130104813
0.0557266814938735 0.5072004152243981 0.22967448449832817 0.20739841878340026
0.031169561221821906 0.680360095094623 0.08948642012684882 0.19898392355670624
0.01156202888314628 0.5913419047875738 0.015605643402172853 0.3814904229271071
0.011952713141286542 0.19381887134779696 0.17535220593774348 0.618876209573173
0.07183356892844561 0.9136981235543329 0.004594079874280843 0.009874227642940658
0.2651874728015893 0.235829228474986 0.39757887992193364 0.10140441880149109
0.010064105629034814 0.4974559544396443 0.17370773312471655 0.31877220680660434
0.24642167220932465 0.3670916127562268 0.06387146493190221 0.3226152501025463
0.059797227161024424 0.5341657416950447 0.37978013720904946 0.026256893934881398
0.3235694128028398 0.04145373713822165 0.6296485974816208 0.005328252577317727
0.04828704990528554 0.1179795101510086 0.20995926769374174 0.6237741722499641
0.14961043798701457 0.14294305428788334 0.5132985935933728 0.19414791413172927
0.04095061157841895 0.8273560676576224 0.016747870659424624 0.11494545010453405
0.1442367950610135 0.026374533598189087 0.722248317504144 0.10714035383665343
0.12811783327338133 0.0630105784196141 0.2760320672485046 0.5328395210585
0.42490342701034367 0.23140446166322226 0.1945481517113371 0.14914395961509697
0.09375561971819235 0.17755799282114437 0.31999090641814765 0.40869548104251563
0.20100966327800285 0.6275658143334527 0.1644886191288042 0.00693590325974025
0.3387082768567302 0.06990333451310837 0.13894459243495294 0.45244379619520847
0.1708662037726033 0.4470773103617697 0.08243109114229719 0.29962539472332983
0.07521778324986406 0.2002690288601069 0.6631856255083979 0.06132756238163117
0.027697733910809985 0.7517891303876411 0.0852707046088027 0.13524243109274625
0.04370542230775165 0.32574843938465825 0.4059828885712625 0.22456324973632757
0.2783487714874162 0.4650844180552782 0.24325195047561965 0.013314859981685911
0.5130960221495895 0.10125968963580656 0.11578891167070726 0.2698553765438967
0.1386980172243214 0.03826303983340462 0.12041377114422147 0.7026251717980525
0.35549773177592614 0.34833319957523534 0.01718137959854571 0.2789876890502928
0.22324944101099775 0.11844968677360401 0.12472334657595041 0.5335775256394478
0.4608559998131557 0.14701648645659526 0.20678509941071144 0.18534241431953757
0.2764001362283851 0.40182360121859284 0.140205755987736 0.18157050656528606
0.4406824586264747 0.20845769914088885 0.14975185392641588 0.20110798830622056
0.1516144967260986 0.5096233207011658 0.13779383133775258 0.20096835123498302
0.18783414177589397 0.13388341910243262 0.0880566127127127 0.5902258264089607
0.07264460108719473 0.3147964716919698 0.5391897763247483 0.0733691508960872
0.031438805443634976 0.2573046689164368 0.5908456173520491 0.12041090828787915
0.25902153226143165 0.396264513715878 0.2026864119618098 0.14202754206088053
0.1794644011767761 0.10559618988854169 0.687059668301506 0.02787974063317622
0.08788606476009508 0.48322358093100926 0.3990182428846115 0.029872111424284142
0.19938767830182724 0.43222826055128427 0.28125825235187163 0.08712580879501686
0.012743533666867535 0.26285910625667064 0.16539454027419964 0.5590028198022622
0.1361227536800812 0.3384614989054274 0.07138859360178207 0.4540271538127093
0.24883145382893634 0.18941891890797946 0.5059426730623996 0.0558069542006846
0.02299406471310539 0.333745461046722 0.03551948057473808 0.6077409936654345
0.05814587189395937 0.23119538230509917 0.15921694644267015 0.5514417993582713
0.15370561722706666 0.5284428817992545 0.06046818411355048 0.2573833168601284
0.05123622729922084 0.32926350508022706 0.05654327331362974 0.5629569943069224
0.5517914990855354 0.2696292945349211 0.09890728577736208 0.07967192060218142
0.05522385012184483 0.23102191121378224 0.373773258524422 0.33998098013995093
0.1574407373971164 0.2937310195476819 0.33572382960845637 0.21310441344674536
0.06176831515473502 0.4438747465983026 0.3336105918535117 0.16074634639345065
0.009683949656655533 0.03620965300381096 0.5466959385527221 0.40741045878681137
0.09945230026698948 0.2950111622762013 0.008235709857590034 0.5973008275992192
0.7305131084085753 0.15338527688540815 0.05823930483986417 0.05786230986615237
0.31027156380941834 0.3885029253388773 0.11414404830525038 0.18708146254645397
0.1496799063141213 0.672136395551816 0.09642239882233383 0.08176129931172882
0.09803848432106199 0.23190556969365672 0.06981388198950855 0.6002420639957727
0.09267715374413865 0.5359798576705478 0.07363205175924104 0.2977109368260725
0.018205185772184884 0.35294144901049973 0.5082800832296462 0.12057328198766915
0.1535907037805837 0.22153760856987326 0.4399238506222206 0.18494783702732243
0.016731749271506113 0.27066139885838003 0.022097810537849538 0.6905090413322643
0.029209489317782777 0.06172313604198809 0.6294172099618552 0.2796501646783739
0.4805047631149235 0.0020961914228769807 0.06627318472913979 0.4511258607330597
0.7592791718698868 0.04165285445768285 0.12786601817727217 0.07120195549515818
0.2707413083513932 0.2926342688068817 0.43577576080877833 0.0008486620329467565
0.24019426443006098 0.5236599647706437 0.21017368903873523 0.025972081760560095
0.5254843248347338 0.17015319397300144 0.26980216677931523 0.03456031441294949
0.438633283195327 0.41352025955982064 0.10298883570882045 0.0448576215360319
0.1386328445952434 0.4968705214952993 0.2892393350686223 0.07525729884083499
0.06494250091092246 0.09337283320252521 0.5634884984271007 0.27819616745945164
0.42025776739532594 0.4409235188624281 0.13387909669102038 0.004939617051225587
0.1600449569054968 0.06621700194863 0.14110119343638705 0.6326368477094861
0.010994743642253946 0.4076110689620992 0.5596656374712553 0.02172854992439155
0.00021870577242200095 0.10650963663414181 0.5459482034733296 0.34732345412010657
0.016225608667717384 0.15438455613044344 0.02941323669835849 0.7999765985034807
0.15492202166880842 0.1981814462894267 0.04965139054399015 0.5972451414977747
0.27861263474293885 0.040665972117797544 0.4031877203278327 0.27753367281143093
0.03303613538949435 0.11532527875621224 0.8341146884271552 0.017523897427138224
0.42626626782930743 0.13658088779414868 0.42624572404786476 0.010907120328679132
0.0071680473780662 0.11056339224379996 0.7918175098069405 0.09045105057119329
0.006594100552938298 0.45096103696039014 0.22170773825724077 0.3207371242294308
0.26971156486397363 0.11846567498760618 0.3903557856950589 0.22146697445336128
0.11234048033630806 0.29864195043871644 0.20622658613622968 0.3827909830887458
0.3863430534945762 0.29961571212993277 0.006211425717112862 0.30782980865837817
0.07570719302199114 0.502222254909353 0.19123406375283558 0.23083648831582027
0.07612399817055049 0.6284778535413209 0.23905161018434573 0.05634653810378287
0.2703933273580663 0.04716799819096551 0.1749323908525533 0.5075062835984149
0.007463749442434664 0.7057687131226583 0.22951693862133915 0.057250598813567866
0.16860373042578947 0.5814042890764042 0.23560741372585947 0.014384566771946883
0.3062375122298582 0.14989106222376614 0.06302868261611849 0.4808427429302572
0.3618812342433523 0.5684935660833085 0.0016653461519582358 0.06795985352138101
0.02753341232569917 0.03972923356797997 0.44174250513420366 0.4909948489721172
0.226083864456869 0.34474036266935504 0.07588767175333988 0.35328810112043607
0.1318651901900102 0.4378709065241635 0.3237993727238022 0.1064645305620241
0.11021138515943396 0.12021930338002207 0.40772387714977876 0.3618454343107652
