48 60 4 153.76922432086866 307.5384486417373
1.1574124383803737 9.024159404622326 3.563750507265265 3.690787397130621 8.128308345898864 3.9202353773040595 8.782393480212324 5.027613689924867 5.934069157150848 4.214547953469905 2.0108082285343882 2.277074393634674 5.004631690409664 7.587822026682207 5.140911053766444 6.3346996807783515 4.030424716861731 5.089850387454608 2.6841499554747226 4.679516919490395 2.1889183595132446 1.3339928348635477 1.7378904767599994 2.9209595597230718 5.907063373432729 6.895597135361253 6.299091242309179 6.1748522843590825 4.012167859171249 4.42515194827247 4.614766227345562 7.113923489249577 2.315587785251987 8.099057964683222 1.3368435006191 6.522673487377751 2.368610428962131 7.946893451337486 3.368071359309197 7.94772306818334 3.587071135907183 6.865114366022506 9.555299547427808 9.266269082196697 2.4830504220639993 4.040143394914258 1.8106026928874797 7.235544989124054 7.119232227441388 9.18249102779788 3.7546836997383926 2.638967552416248 1.3130002842440875 4.331791456252025 9.66562642373528 6.213208061353055 9.006043146346201 5.659298455051001 7.552908292531984 4.445099743754062
0.23148248767607474 1.8048318809244652 0.7127501014530531 0.7381574794261242 1.6256616691797727 0.7840470754608119 1.7564786960424648 1.0055227379849734 1.1868138314301695 0.8429095906939811 0.4021616457068776 0.4554148787269348 1.0009263380819329 1.5175644053364414 1.0281822107532888 1.2669399361556704 0.8060849433723462 1.0179700774909217 0.5368299910949446 0.935903383898079 0.43778367190264894 0.26679856697270954 0.3475780953519999 0.5841919119446144 1.1814126746865459 1.3791194270722507 1.2598182484618357 1.2349704568718165 0.8024335718342497 0.885030389654494 0.9229532454691125 1.4227846978499152 0.46311755705039737 1.6198115929366446 0.26736870012381997 1.30453469747555 0.4737220857924262 1.5893786902674971 0.6736142718618394 1.589544613636668 0.7174142271814367 1.3730228732045011 1.9110599094855616 1.8532538164393393 0.49661008441279986 0.8080286789828517 0.36212053857749593 1.4471089978248108 1.4238464454882775 1.836498205559576 0.7509367399476785 0.5277935104832496 0.2626000568488175 0.8663582912504051 1.933125284747056 1.242641612270611 1.8012086292692402 1.1318596910102001 1.5105816585063967 0.8890199487508124
0.06077463391516946 0.08189081127612097 0.8490899052766596 0.008244649532049952
0.46677098673987094 0.2226368450169709 0.023127212102340033 0.28746495614081813
0.35293931410909596 0.26356642107268 0.3099213887855189 0.07357287603270513
0.01553175440855492 0.46914825230460633 0.2596875111611774 0.25563248212566136
0.06666673861374961 0.21169851721239918 0.7057969642636435 0.01583777991020774
0.03984569310124453 0.22889819859340932 0.5303504109631555 0.20090569734219066
0.25839358997133954 0.45621927719929933 0.21541777101674386 0.06996936181261726
0.028767325522239817 0.16600025297493337 0.2565573458078957 0.5486750756949311
0.41441444089796775 0.022680224107693103 0.38707204787235316 0.17583328712198598
0.15587814262589017 0.02946051316325482 0.093976225859973 0.720685118350882
0.559589952847043 0.16451894499859632 0.2074965919239543 0.06839451023040632
0.10775789740363695 0.2517434675733923 0.6107308098868354 0.029767825136135406
0.40794052726749364 0.39849189436747756 0.10675787999290265 0.08680969837212615
0.46781611809916657 0.1776391409462761 0.08457545744845418 0.26996928350610316
0.33626769893982944 0.28227403834057085 0.0223718093466988 0.3590864533729009
0.3840704205349681 0.15528386963520702 0.06763592727737389 0.393009782552451
0.3724920263235939 0.27332893427495464 0.30914566407649613 0.04503337532495533
0.2274290870826432 0.15548628275354937 0.5904221339362409 0.026662496227566557
0.41441409176372845 0.24046896303403853 0.31736380211038195 0.027753143091851062
0.6214500618686376 0.10679104839335041 0.16713201398553534 0.10462687575247664
0.33641143186840883 0.07798699976058077 0.4031764485717175 0.18242511979929288
0.4444010648550607 0.05257548565912129 0.2975769733118059 0.20544647617401213
0.002284185279189832 0.08555507374273741 0.8803968423337282 0.03176389864434459
0.11171651349206269 0.18206277273199378 0.6393186492447888 0.06690206453115477
0.6359558550391426 0.10663095451440341 0.0529438974822406 0.20446929296421334
0.44281979072780775 0.05582945886672419 0.18118989488749404 0.320160855517974
0.10543877746756292 0.6393690248259732 0.18168426171853846 0.07350793598792538
0.08966191934454237 0.6995446284682063 0.11165424486643005 0.09913920732082127
0.0770330145756829 0.33634812545615245 0.4709914519437699 0.11562740802439475
0.15848072980973626 0.6886876783711761 0.14240332113236454 0.01042827068672314
0.19712224566218872 0.2147396874505385 0.046155222206409885 0.5419828446808629
0.7868801369143655 0.11482500256187778 0.04878816977638656 0.04950669074737013
0.190561563524138 0.3339932503624409 0.33073592599065427 0.14470926012276686
0.2868779772323412 0.032034881764695156 0.3055683135753704 0.37551882742759324
0.041274500658022295 0.2303229596741314 0.2345948480941512 0.4938076915736951
0.06366370807698418 0.44101110143754674 0.11900012527700332 0.37632506520846576
0.20762708989171197 0.15010572991511584 0.41158775644098256 0.23067942375218964
0.0892071198676061 0.49781030068318566 0.1161161552162393 0.29686642423296894
0.282317548437342 0.04236548029453924 0.12109347687553995 0.5542234943925788
0.10108117649256643 0.33807382220589677 0.2094403288438852 0.3514046724576516
0.00824020038648865 0.23172979859258536 0.7197583090485237 0.040271691972402324
0.4996209631329379 0.16755468582733923 0.25719638236768916 0.0756279686720337
0.2205400757350341 0.34711945590916293 0.30062632128856537 0.1317141470672376
0.4987311400372253 0.010299416571048492 0.2993086039268352 0.191660839464891
0.6064082838322801 0.11043854151024224 0.06868643908348848 0.2144667355739892
0.3761733552758525 0.16277030663043646 0.325432860450212 0.13562347764349902
0.23331445975540166 0.32142695406733934 0.14739517704617566 0.29786340913108333
0.17561390856577697 0.6417027586546807 0.10613463678442125 0.07654869599512104
0.4055132387883694 0.2730556224766918 0.1722291787502076 0.14920195998473118
0.28294876099118094 0.009741477829395162 0.6724664690845823 0.034843292094841605
0.5864911403939743 0.07742721110297812 0.07332820550202257 0.262753443001025
0.35758649890055194 0.30130886352153197 0.31364696300132955 0.027457674576586544
0.14828046898835867 0.4759836563677514 0.16739329959705596 0.20834257504683396
0.1115490271084707 0.28341946911260907 0.1902537255970811 0.41477777818183914
0.3721654934919193 0.3948963639610821 0.14355379928829026 0.08938434325870837
0.015922830409413113 0.17888480321325884 0.7151644617213008 0.09002790465602728
0.03311262528286529 0.3638391747311778 0.5936414348350734 0.009406765150883567
0.49300354311930517 0.14199513901584782 0.010817820114854326 0.3541834977499927
0.10243036267568639 0.16950591379285418 0.32160100149141313 0.4064627220400463
0.030160718637201933 0.7721311210712054 0.004676629244294128 0.19303153104729853
0.09164294417442653 0.30099278762599246 0.5143846887899841 0.09297957940959689
0.0007973040569280165 0.3799687752053982 0.22599629409777655 0.39323762663989725
0.07990278953207586 0.257798422172548 0.26165897172771024 0.4006398165676659
0.35017046646380356 0.2237616123597358 0.25704830178225013 0.1690196193942105
0.2797879009724844 0.08130740712649365 0.08558314761483121 0.5533215442861907
0.0242773773017666 0.2172485938047498 0.5649741348315663 0.19349989406191725
0.39337442224446295 0.21394501441037206 0.38087701468866453 0.011803548656500462
0.11479585648509816 0.16422583328400386 0.47000961984078893 0.25096869039010905
0.24033877033048523 0.014439623596891438 0.6621146113886087 0.08310699468401461
0.05549228289894903 0.07092124507874242 0.808648509384179 0.06493796263812956
0.3406667872106023 0.5587586238738659 0.09505738346705683 0.005517205448475004
0.42218717214460855 0.13721628373697992 0.275385842789602 0.16521070132880955
0.3205935830740604 0.0079930089575031 0.020889098730644373 0.6505243092377921
0.2840711389291112 0.36042282764063527 0.21056715308659757 0.14493888034365598
0.03671572664813327 0.6463155580287231 0.24859559020441713 0.06837312511872651
0.5506805596166198 0.13632057030918954 0.019494149433219476 0.2935047206409712
0.2375625796209596 0.6706115063338256 0.055172560961281425 0.03665335308393336
0.3630415130217123 0.1090439436433488 0.16087932836239127 0.36703521497254765
0.04841733111474089 0.0964890051595797 0.8339423054306975 0.021151358294981937
0.10202687035475166 0.023476236313332066 0.3639801283067764 0.5105167650251399
0.23216123148463996 0.15386561420643252 0.3023817552589789 0.3115913990499486
0.07932121218190968 0.7936442724919183 0.105508350447867 0.021526164878305054
0.49661342735748104 0.029595566134748896 0.40315719617643253 0.07063381033133753
0.49765975109945015 0.0385221789735718 0.1149100275650149 0.34890804236196316
0.3389927612104614 0.03885983875152765 0.585564346764317 0.03658305327369393
0.32526055035497914 0.03763898608783711 0.13670906909924063 0.5003913944579431
0.32679942650851646 0.1618546130893086 0.024576844294574518 0.48676911610760043
0.012065928181838825 0.3720030130426085 0.5362315862568509 0.0796994725187018
0.03685702080561026 0.07115975407999098 0.8051847439697803 0.08679848114461841
0.2513037664674528 0.09592101357814664 0.027141332445612676 0.6256338875087879
0.34793709482725654 0.14609555916537842 0.38141484873936893 0.12455249726799611
0.004331761134991674 0.24650215857058422 0.10560645264615243 0.6435596276482717
0.5962519746257992 0.07281021154569156 0.07697353575871446 0.2539642780697948
0.061113263933407325 0.4384137500185791 0.39839425608380796 0.10207872996420564
0.37863369880196973 0.12530520602534545 0.46441643027072566 0.03164466490195916
0.032873048845245 0.15476617882833432 0.2817295340814112 0.5306312382450095
0.38463387934452276 0.12052211656082878 0.04519247067908683 0.44965153341556163
0.03669265565421642 0.7628316102217949 0.13316554814293502 0.06731018598105365
0.033960698875975304 0.40714043157877144 0.10608023813127365 0.4528186314139796
0.23611688074581172 0.2838432200233879 0.2463509302817387 0.23368896894906166
0.3578248485179012 0.019224757701036266 0.5998239218149163 0.023126471966146256
0.08207096273822923 0.09491230517222571 0.7809780330057076 0.042038699083837505
0.3880618441268613 0.026913651334458888 0.36964425645513244 0.2153802480835474
0.30687759111999957 0.19323948386524148 0.1045196437125463 0.39536328130221265
0.012040393975534025 0.5540605555867274 0.08754838808942567 0.3463506623483129
0.4718728441825867 0.0425164160403273 0.33722517581412503 0.148385563962961
0.2817857174456726 0.3649031517244278 0.134954532009241 0.2183565988206586
0.6240087244534236 0.09746151763394273 0.1186324503664965 0.15989730754613718
0.15277840523322794 0.030445983713804692 0.09251141721499478 0.7242641938379726
0.059203088633445033 0.22047739787264253 0.6180866192317062 0.10223289426220628
0.5105984543390019 0.24268212381760557 0.23489328937821652 0.011826132465176054
0.3674917381791841 0.27183252027171323 0.22425118875123484 0.1364245527978678
0.689602393923474 0.11906118036899871 0.08872840946542637 0.10260801624210092
0.08493236107354829 0.07097392310410422 0.3243375567595105 0.519756159062837
0.15282639439112478 0.07290012994792083 0.08004246608896648 0.6942310095719879
0.04871799704517532 0.33418053655249 0.016209949410802005 0.6008915169915326
0.23181806858385712 0.19912269602552446 0.337216377011605 0.23184285837901342
0.20221042570352588 0.34108696799359006 0.3431828601097906 0.11351974619309346
0.2694844219400163 0.4939044049712522 0.05113754183356389 0.18547363125516758
0.26553936625095587 0.01708523629653802 0.33470197952309566 0.38267341792941045
