37 90 4 267.6307275355518 535.2614550711035
9.500469425715762 5.176883568739668 2.7351552606144187 6.237053891919928 6.580757891562644 7.158016157168567 1.9309379951799825 7.709281896559901 3.5378116306681235 7.780821284298549 8.134350666136445 6.646605366514238 4.991399594005613 9.671188171667191 9.07359898347597 2.771238592706717 6.363560198688306 6.160392509329119 7.344544187604809 9.363358165607433 1.4610684599885775 2.2133079002284104 2.053256555048087 4.28252284630532 8.230697544504727 9.732184487743144 3.9968133303657867 5.305778867444513 2.6104370276428845 9.122810395145999 7.872181165615516 2.789744773757009 4.291175510846803 6.360240446626722 1.3608484082853418 8.421651848487764 6.76244244468023 1.1722330968655301 8.254345345232203 4.64403386786616 1.0324349593282198 5.187100741087177 4.031658265849292 5.818594715649678 9.4311243794297 8.888991849473861 7.76866924277896 5.184965603053114 7.335105897189402 1.3484921209076104 7.117311490868986 4.770816571706496 9.125726145233584 9.506454691012113 9.793461165784255 6.226069035557532 9.778202121844197 6.2855640024869155 3.9821620138481535 5.277356116978368 4.98855059247788 7.570424861002642 6.666690861651468 8.767552116458841 4.0242800415847 7.216769648938152 4.767452207456158 2.8419629342605432 1.3567093576648896 6.3776861567312775 9.459826266120412 9.689507563046329 8.562595164099864 9.329893826177003 6.257374169933494 4.6742006475332705 9.72909274388847 1.6423320312959957 7.186051026731127 5.239022307190943 8.031782094530707 5.367473746709514 3.9123882336203955 2.2370443746278905 4.9095096332660715 9.756307661044463 8.133848589847002 3.9383552917807516 1.9508924556608211 2.980417574860664
1.9000938851431524 1.0353767137479335 0.5470310521228837 1.2474107783839856 1.3161515783125288 1.4316032314337135 0.38618759903599653 1.5418563793119802 0.7075623261336247 1.5561642568597098 1.626870133227289 1.3293210733028475 0.9982799188011227 1.9342376343334382 1.814719796695194 0.5542477185413434 1.2727120397376612 1.2320785018658238 1.4689088375209618 1.8726716331214868 0.2922136919977155 0.44266158004568207 0.4106513110096174 0.856504569261064 1.6461395089009454 1.9464368975486288 0.7993626660731573 1.0611557734889026 0.5220874055285769 1.8245620790291999 1.5744362331231032 0.5579489547514018 0.8582351021693606 1.2720480893253445 0.27216968165706834 1.684330369697553 1.352488488936046 0.234446619373106 1.6508690690464405 0.9288067735732319 0.20648699186564395 1.0374201482174352 0.8063316531698584 1.1637189431299357 1.8862248758859401 1.7777983698947721 1.5537338485557919 1.0369931206106229 1.4670211794378805 0.26969842418152207 1.4234622981737972 0.9541633143412993 1.8251452290467167 1.9012909382024226 1.9586922331568508 1.2452138071115064 1.9556404243688394 1.257112800497383 0.7964324027696307 1.0554712233956736 0.997710118495576 1.5140849722005283 1.3333381723302937 1.7535104232917682 0.80485600831694 1.4433539297876306 0.9534904414912315 0.5683925868521087 0.27134187153297795 1.2755372313462554 1.8919652532240825 1.9379015126092658 1.7125190328199729 1.8659787652354005 1.2514748339866988 0.9348401295066541 1.945818548777694 0.32846640625919915 1.4372102053462252 1.0478044614381887 1.6063564189061412 1.073494749341903 0.782477646724079 0.4474088749255781 0.9819019266532143 1.9512615322088926 1.6267697179694003 0.7876710583561504 0.39017849113216424 0.5960835149721329
0.12181969616369315 0.18052535884135767 0.36233551644883266 0.3353194285461165
0.40704283646483963 0.04918313568689081 0.16047555570021887 0.3832984721480507
0.2449937392641175 0.5217723047305007 0.04587790591722807 0.1873560500881537
0.17293286856056744 0.33451141747248425 0.33054441598347417 0.16201129798347413
0.09107030481693645 0.37492207369683117 0.05118846954685008 0.4828191519393823
0.37209843570175927 0.438303989659785 0.1651962942612778 0.024401280377177925
0.6430092412146702 0.1006637808032741 0.07441775260986949 0.18190922537218623
0.03371652819289683 0.13596019234886547 0.6455913256102541 0.18473195384798358
0.5311614635318087 0.40874718762431705 0.017592724975348917 0.04249862386852532
0.18240508997401006 0.3118356833905982 0.15934306655450214 0.3464161600808896
0.32863031798333364 0.08976406469245812 0.562158861970108 0.01944675535410023
0.32352382750465924 0.296534962414875 0.1048158261685046 0.2751253839119612
0.6159458979988995 0.10652841935915958 0.259381699502344 0.018143983139596864
0.04713783184133191 0.28293695339324265 0.27578925151484746 0.394135963250578
0.18289522374541167 0.17297882776834395 0.06838479690224941 0.575741151583995
0.24534260252080775 0.1392421711211086 0.012943205952540504 0.6024720204055432
0.005550731753927063 0.3991107193155401 0.5669327205823306 0.028405828348202267
0.026163540734479906 0.06310950105268676 0.7303898453446321 0.1803371128682012
0.2873804029522674 0.38082304113282783 0.2621089120430923 0.06968764387181248
0.38731427244966166 0.32187803133721227 0.08646408357804758 0.2043436126350785
0.24310302546164475 0.22222205788777694 0.48636391685869285 0.04831099979188547
0.3763854635688144 0.1410343881828079 0.044744554752046306 0.4378355934963314
0.2654414946159699 0.46974187868108797 0.026567563864169808 0.23824906283877234
0.24777544870707713 0.04027871691259688 0.6629483397086323 0.048997494671693675
0.19342067237671123 0.1720155813946589 0.1485827067801594 0.4859810394484705
0.11297568740355268 0.01715787870348706 0.26123663222426274 0.6086298016686975
0.09092358729273753 0.5465121079519141 0.24039939456712567 0.12216491018822273
0.33367735306007973 0.05083931926986818 0.07651178141628767 0.5389715462537644
0.07908720188136409 0.10746130093309891 0.3660138308908367 0.4474376662947003
0.11547717604207264 0.07185684636742018 0.4603491210394317 0.3523168565510755
0.24872307821422968 0.5342839553379661 0.1398928640189071 0.07710010242889709
0.24946397535895004 0.01192281339820156 0.14007280584947923 0.5985404053933692
0.21948930836764702 0.023982984837488286 0.4183234465913236 0.3382042602035411
0.04873752173956514 0.8300441331223628 0.03768531614797599 0.08353302899009607
0.0103549870536489 0.033912210982223634 0.16460359615348952 0.791129205810638
0.08684723050631127 0.5270232104388728 0.07898341672571385 0.3071461423291021
0.2509869315175334 0.4935141368592204 0.1466572088866579 0.10884172273658832
0.2583674100555785 0.455035644856428 0.1964510013029207 0.09014594378507279
0.2467696108205948 0.11127878259078461 0.23093761551905345 0.41101399106956715
0.4724634785678312 0.3121079855287753 0.08066386329210695 0.13476467261128655
0.04574723899279942 0.5034735856008594 0.0977347669084484 0.35304440849789276
0.08768884937313459 0.23023219010737106 0.5344394876402939 0.14763947287920043
0.06212915002535435 0.12818373157462126 0.30939009418684005 0.5002970242131843
0.44079539745094265 0.28658587374691147 0.04921309688462572 0.22340563191752016
0.2755058056783545 0.18495396375655115 0.21904195404267623 0.32049827652241814
0.2122482242626348 0.5126145149493367 0.10502593739090726 0.1701113233971212
0.024598150636278016 0.14498466210455063 0.36583896553289286 0.4645782217262785
0.0002836506918622028 0.2322761935858877 0.22969723517744745 0.5377429205448027
0.20222897978256316 0.1257996380449562 0.5859608925208322 0.08601048965164848
0.13085297309161403 0.6971201839910894 0.08807158618881761 0.08395525672847892
0.30464014982583376 0.0956227262215289 0.10509759369200677 0.49463953026063057
0.15300458586144328 0.3064569114437482 0.28773714656392213 0.2528013561308864
0.5188851562835365 0.3107453782240449 0.1156257163544292 0.054743749137989406
0.10021102437797724 0.3480160456744842 0.22433878716414357 0.327434142783395
0.20004922429055083 0.12429139303016601 0.023742708302951776 0.6519166743763314
0.2803947180078451 0.1647815149217794 0.08613250444353393 0.4686912626268416
0.42331383483601015 0.2300278996592664 0.2962268749987139 0.05043139050600953
0.671115604008575 0.012579273154188497 0.25806948058079904 0.058235642256437514
0.2561549560099712 0.37891900059941164 0.35970535316580443 0.005220690224812752
0.2116696439823651 0.06318704616207316 0.03320790281612629 0.6919354070394355
0.3318560599528506 0.6118966825913454 0.04777782568828737 0.008469431767516578
0.19984725105364765 0.4518566304617244 0.08332587625528853 0.2649702422293394
0.43172143112023453 0.16022340571403326 0.3842277749592319 0.023827388206500322
0.016029607061015416 0.14293993832556173 0.7758316467945972 0.0651988078188257
0.19572130685943978 0.46028028781041774 0.12887043362909723 0.21512797170104525
0.4141170280214589 0.23027133558640123 0.25341196072891503 0.10219967566322485
0.10611266109263784 0.20791702889547015 0.6394441105015827 0.04652619951030934
0.01391837433698917 0.45881555678508845 0.0576578436870222 0.4696082251909002
0.24955572203975385 0.1553090601472632 0.39773396527953275 0.1974012525334502
0.10452300968131045 0.03743296548989883 0.8531252689604605 0.004918755868330238
0.3521058772903548 0.12720535070368388 0.1393620763030774 0.3813266957028839
0.29444970792905545 0.08664443098787489 0.23025605975220909 0.3886498013308606
0.08353478125280278 0.6842625271951733 0.07459610189194554 0.15760658966007834
0.02906556492972956 0.7900403655851984 0.10069316584329624 0.08020090364177579
0.298748417988255 0.3857887332882588 0.011477198145225853 0.3039856505782603
0.25471944183537243 0.39932571631219693 0.09948170120752065 0.24647314064491
0.09690671774485127 0.799179721910169 0.025224997247295544 0.07868856309768424
0.05425813230279608 0.11247990773941885 0.375143708800309 0.45811825115747606
0.28094597641221464 0.504239459838781 0.17531107530195167 0.03950348844705265
0.45478335666973924 0.09950033068648556 0.10676814204302265 0.33894817060075255
0.056349839711204996 0.3550798986119069 0.312395039790061 0.2761752218868271
0.17901449426502736 0.49876186980712345 0.2726495038132596 0.04957413211458961
0.041659862702875805 0.5188793029647243 0.16885986328573677 0.27060097104666314
0.5625164323963655 0.08426230611701147 0.21601722701401427 0.13720403447260876
0.20279881405640177 0.19476027307936994 0.1809476451761779 0.4214932676880504
0.7010262104866193 0.03889982646553802 0.10290598194037337 0.15716798110746932
0.05922483780688781 0.05306496750441492 0.768001302674418 0.11970889201427926
0.30429545277993597 0.07044199734083245 0.33324434848408646 0.2920182013951451
0.06506406097281714 0.5504597565863559 0.35359657462342886 0.03087960781739807
0.13679071863160375 0.07946491012694368 0.6997802333130365 0.08396413792841606
0.19318416057479748 0.17812453969458408 0.17627023422327548 0.45242106550734296
0.3574527044920053 0.19343189963083096 0.059747789232888926 0.38936760664427483
0.2608241854094867 0.42911758827788293 0.01623579895280791 0.29382242735982245
0.47269834643618247 0.20190599281926702 0.007808185800885714 0.3175874749436648
0.004110485069153236 0.020705478404708044 0.053633343928847 0.9215506925972917
0.16282219412576682 0.4139376263925516 0.34718540398334385 0.07605477549833772
0.1082467156325485 0.3730463443935421 0.20771707980411458 0.3109898601697948
0.04412111139287256 0.19172869766604084 0.0016102161730550124 0.7625399747680316
0.16629329014354577 0.4640563260724023 0.11506522304903599 0.2545851607350159
0.1068767515049035 0.38139751255696486 0.3334396965388521 0.17828603939927956
0.15743754492694007 0.504816345717963 0.06020657899986259 0.2775395303552344
0.24828028906114463 0.2394481220675887 0.2837734697025178 0.22849811916874885
0.5196314095919995 0.22405969669829873 0.009832690184811033 0.24647620352489075
0.409210741763089 0.22738912154734092 0.01444381782470483 0.3489563188648652
0.13396220722112795 0.04632641787926306 0.19981604320701996 0.619895331692589
0.28392708438707026 0.07435550056776685 0.2083942304921934 0.4333231845529695
0.3785848799023701 0.0808952603513281 0.2418002819785533 0.2987195777677485
0.13429867250695138 0.3107790887356814 0.5045812618470734 0.05034097691029382
0.023853801283035714 0.013148715454295745 0.06881151628152049 0.894185966981148
0.307965773132275 0.15354183493656437 0.19469328028784227 0.34379911164331833
0.13043739354285633 0.3054156842322735 0.406998658664667 0.15714826356020317
0.36993783015108217 0.055123364222756654 0.5125527663721002 0.06238603925406094
0.13661189945169294 0.007268350644909716 0.48100872317562726 0.3751110267277701
0.46176495443086585 0.03530739335819211 0.4926305791403933 0.010297073070548723
0.070483346681663 0.8318625116372054 0.015444332026499863 0.08220980965463176
0.16335820759647368 0.6281405801058307 0.2077273901569736 0.0007738221407219692
0.41634090406763014 0.46045116956065346 0.013054050148327723 0.11015387622338868
0.03293020005447733 0.25261519613140815 0.6022080303944918 0.11224657341962274
0.33636926431073433 0.02885340310700224 0.44094711585026736 0.19383021673199607
0.05721156409754924 0.2099645578810745 0.5851729930695181 0.14765088495185819
0.5295217162105049 0.12397096166073918 0.018299445195674835 0.32820787693308107
0.09872173576906329 0.30577242226577406 0.3336423233598501 0.26186351860531254
0.06229593656609611 0.2773680375438251 0.17352178653679895 0.48681423935327983
0.027365980868308104 0.07252500115180605 0.27063147565870826 0.6294775423211776
0.33237062312321264 0.10202675176435971 0.09936501425020261 0.46623761086222504
0.6069629050750448 0.30550784007786425 0.025955626193047254 0.0615736286540437
0.2609833754665263 0.4523368996088939 0.10271286427846293 0.1839668606461169
0.24111220551650103 0.45295915465212844 0.1353035509492545 0.17062508888211603
0.13976465737607247 0.3774295659202369 0.031025446224473008 0.4517803304792176
0.18085625131825134 0.23814421233958882 0.5718185120494573 0.009181024292702511
0.3159045579368913 0.2972529196057877 0.36254363707874004 0.024298885378580937
0.08040442878779608 0.09544421784887658 0.2115966716371841 0.6125546817261432
0.17246930513942715 0.39602816519953155 0.42537527880398796 0.006127250857053346
0.016608314799860024 0.2426282376361576 0.28965546843015477 0.4511079791338276
0.18848895035716529 0.21973818834434578 0.5512517847639934 0.04052107653449555
0.15857570031730694 0.2525355739850017 0.5332068920878592 0.05568183360983214
0.011561901416525355 0.1439211010176058 0.514679451257151 0.32983754630871787
0.33085625475302616 0.046857595028917176 0.258998737980797 0.3632874122372597
0.188494365614842 0.0652350327691229 0.029370975303524727 0.7168996263125104
0.13674418653013265 0.33341640064477707 0.46592099564827405 0.06391841717681623
0.16563951289150858 0.31580780865365166 0.05620455164151317 0.4623481268133266
0.16799890881886537 0.4409235120467122 0.015844617707834074 0.37523296142658835
0.14536652861789034 0.43587299985778205 0.011382752324277878 0.4073777192000497
0.1262278701615437 0.3748895144863902 0.29781568771524225 0.20106692763682388
0.2672141367238655 0.15550432672136139 0.13453282854047843 0.44274870801429467
0.6180682027091454 0.06187095955737232 0.06029143383397795 0.2597694038995043
0.16486426552925737 0.6120756569803811 0.04802541139671335 0.17503466609364815
0.11320441863634179 0.5130582058175595 0.06305299185408042 0.31068438369201834
0.7131783716059623 0.020750021239482996 0.2205471679850376 0.045524439169517095
0.32224908350712866 0.29696195120126434 0.11759238291767793 0.26319658237392907
0.06794639645631184 0.3070990273269556 0.25469725062172544 0.3702573255950071
0.10102235672663507 0.30274351446703884 0.33985814799274094 0.25637598081358515
0.2830554584896918 0.4401120411987255 0.03610043453121381 0.24073206578036888
0.2609776594619183 0.3388123030721166 0.3823011552536232 0.01790888221234188
0.6733624282163547 0.04784044713276403 0.2432982093459447 0.03549891530493654
0.4753523071726363 0.18520730779164785 0.3127792500178118 0.026661135017904014
0.5771931550458295 0.1405151046481261 0.24462277020156242 0.037668970104482
0.17212349516888636 0.0016945612059735549 0.15975465466753436 0.6664272889576057
0.4583275012035529 0.19839625939389727 0.18734247779352475 0.15593376160902506
0.4351789892512481 0.08329027144809553 0.30330394607983013 0.17822679322082624
0.21027618047889474 0.18192970685550447 0.2580094879547794 0.3497846247108214
0.3118461259820362 0.30642721820876695 0.23526513467655374 0.1464615211326431
0.42240680600462244 0.38745210274585806 0.10127542287805058 0.08886566837146892
0.018494849380150113 0.5522864331574577 0.3926262903771536 0.03659242708523858
0.7660888174940553 0.03925626985262054 0.1176580996927552 0.07699681296056893
0.266408702025005 0.21100128693193854 0.001978927769100469 0.520611083273956
0.3599655086217509 0.1664180369746353 0.21863330350464416 0.2549831508989696
0.02616632171319755 0.6840373533888687 0.009396546350041723 0.280399778547892
0.39590641569956353 0.48621196306243686 0.07409164662007983 0.04378997461791978
0.25446234884294316 0.16971777899375506 0.22381517996139777 0.352004692201904
0.2957399771817856 0.047796700884270016 0.16663045226167694 0.48983286967226747
0.06472180679292838 0.7011280809661 0.007148320610340431 0.22700179163063117
0.16907525839362747 0.43203181288858183 0.21801314238832015 0.18087978632947055
0.3169387655427832 0.2986918279769506 0.23056091485925811 0.15380849162100807
0.14862129483484676 0.7886799055708867 0.003010720783943488 0.05968807881032301
0.14945076308602967 0.15480477782025648 0.23277995417408193 0.4629645049196319
0.16051701588321754 0.2647347524192404 0.13624596134526634 0.43850227035227574
0.3245674090456869 0.5896380038170383 0.03372905031422502 0.05206553682304971
0.15970106969583608 0.023639083134299743 0.6948396402444262 0.12182020692543793
0.004909279113507581 0.074887628244928 0.4854350647948771 0.43476802784668733
