94 30 4 82.1703975338604 164.34079506772076
7.474472076195626 6.464990580597906 7.208754531208873 4.810896810104815 5.056894995312373 4.5322477299072235 5.607164333181606 2.0147676309530946 9.768673115748545 5.453314933023011 9.582533068377362 3.7626930390605398 7.960810859508484 3.818303187323722 3.721407035095736 7.957564226720459 4.099750665952495 9.77500176020531 1.25293706370404 5.722614378197641 7.302270302631717 3.691806176164816 1.5486686522636877 6.650172251866753 5.649899237658159 1.1532982904734719 2.292779559149225 6.735086901258235 8.600864328539348 4.6701573473364855
1.4948944152391253 1.2929981161195812 1.4417509062417746 0.962179362020963 1.0113789990624746 0.9064495459814447 1.1214328666363211 0.4029535261906189 1.953734623149709 1.090662986604602 1.9165066136754725 0.7525386078121079 1.592162171901697 0.7636606374647444 0.7442814070191471 1.5915128453440919 0.819950133190499 1.955000352041062 0.250587412740808 1.1445228756395283 1.4604540605263434 0.7383612352329633 0.30973373045273755 1.3300344503733506 1.1299798475316318 0.23065965809469438 0.458555911829845 1.347017380251647 1.7201728657078696 0.9340314694672971
0.024024467078657907 0.4546517936424177 0.2518994913260767 0.2694242479528477
0.2394363436673198 0.02787801353368069 0.0025617462936792235 0.7301238965053203
0.4417673141221342 0.10469140122568554 0.3616617053625625 0.09187957928961776
0.6223211910354054 0.1325725084553495 0.1897926456486665 0.0553136548605786
0.39945282036317 0.06907276665632511 0.0369397719264849 0.49453464105402
0.01708899549345466 0.7050703905429102 0.02559226435773576 0.25224834960589937
0.4501403140058552 0.02467500574441639 0.011098849151891299 0.5140858310978371
0.30405971059775905 0.46789504748049693 0.12469085280272785 0.10335438911901618
0.2825936819588175 0.2767680500497428 0.3076183062173695 0.13301996177407016
0.03152734448597905 0.01467252476702674 0.09275221445158732 0.8610479162954069
0.019862612206428487 0.39821501091184497 0.32019646663218293 0.2617259102495436
0.20356742896574076 0.072390000335958 0.16223460803319978 0.5618079626651015
0.059930807585060086 0.28800209202924854 0.33242513905805393 0.31964196132763745
0.10534345505829901 0.7587459557175513 0.0359154319085746 0.09999515731557507
0.3813832162331734 0.45940107498213045 0.053158581097685675 0.10605712768701048
0.018145976559878152 0.2276449964344145 0.39807993472352654 0.3561290922821808
0.10877514141692146 0.01664074630528567 0.6187784408680199 0.25580567140977295
0.5807309511366365 0.21007013071201064 0.052387307244265546 0.15681161090708728
0.018121050069946465 0.19522368659088885 0.41544486293637595 0.37121040040278874
0.016452996204240455 0.009582157167288496 0.9391089470805324 0.03485589954793866
0.16562771623456785 0.3270063108729081 0.48966676792671204 0.01769920496581201
0.19108137374383227 0.44424855443476685 0.11330265136849649 0.2513674204529044
0.03356140002411623 0.21825151187986935 0.3585253407172765 0.38966174737873793
0.3604580563214942 0.012239895899332054 0.17805459432854653 0.4492474534506272
0.10928044948723625 0.18306263999095396 0.4942696669242056 0.2133872435976042
0.11470328043341782 0.13320812668312743 0.5929416223247606 0.1591469705586942
0.24723743900462858 0.14075263086775092 0.608584820192056 0.003425109935564552
0.43576358216797706 0.00508089128068423 0.29062208186432137 0.26853344468701734
0.12125493090251804 0.054618887002908956 0.6158196405183491 0.20830654157622386
0.40577180676801683 0.019117320794687198 0.14772522592766701 0.42738564650962896
0.1435435141685799 0.05871309744862774 0.004424419170659832 0.7933189692121325
0.017076978431587286 0.8595516960637238 0.050446690422666474 0.0729246350820224
0.30049964467652657 0.38651368569041444 0.21775933482418908 0.09522733480886991
0.20528460760370126 0.4259834805216972 0.2984136000043526 0.07031831187024895
0.04752810918127104 0.4277447015773501 0.1571900591848454 0.36753713005653343
0.5807382404873948 0.051030247074628776 0.07389373456897153 0.29433777786900495
0.20720620963879588 0.21575769240058562 0.21687050883954884 0.36016558912106966
0.029767862866476147 0.12826543213952113 0.18937673945009204 0.6525899655439107
0.48410186685171996 0.23385050578946565 0.07267924727298469 0.2093683800858297
0.20399778175675432 0.09033872128246001 0.027071028468441782 0.6785924684923439
0.20115912307062855 0.5371173545445846 0.0061055490075020424 0.25561797337728476
0.010492079301753554 0.10165386977359192 0.07224069488992191 0.8156133560347326
0.08344909538962364 0.43081642465742265 0.18255560060581744 0.3031788793471363
0.07972447623397838 0.45813455444179463 0.20074702715108594 0.26139394217314105
0.09423660975018211 0.17558560474363993 0.07206271698538624 0.6581150685207917
0.6170166021917664 0.28285302097323495 0.05328170209517269 0.04684867473982601
0.10304066521727417 0.267632370842513 0.34749823384583134 0.2818287300943815
0.34335660366717136 0.42215318510484 0.057240316919512924 0.1772498943084757
0.3977260948748589 0.012212949084438152 0.16905826787444 0.42100268816626296
0.45701671750845774 0.10631975316125675 0.23305672096349017 0.20360680836679534
0.2993569778167685 0.05021605752210234 0.0165879950332819 0.6338389696278472
0.44570703365539055 0.05033499415815357 0.23956885185814436 0.2643891203283115
0.4424454042967999 0.20692512358767268 0.17012979423237506 0.18049967788315235
0.32462368454424884 0.5479074914411405 0.019548319193990693 0.10792050482061999
0.36035886520536187 0.18440499268996402 0.09659103423872673 0.3586451078659474
0.24077876494366568 0.016940124554970626 0.4472330281573573 0.29504808234400637
0.2555551640383248 0.07321788248342698 0.003609126979857158 0.6676178264983911
0.1531088987150777 0.3242891494461355 0.2689598745387498 0.25364207730003696
0.14480139568937467 0.27709271342677255 0.15025069523397927 0.4278551956498735
0.6100822319651069 0.15876038286292615 0.20929695060306153 0.021860434568905407
