84 40 4 101.27645237032567 202.55290474065134
1.4143689426833697 4.3321808450403925 3.1808644074226424 6.656320045401265 9.910990540242251 2.1752924433247594 2.562302470119843 3.3248265189371176 4.765590700143563 2.1791700394560376 3.614051128790898 5.457754852799872 9.703038830850087 3.67650876826561 6.86621742807468 5.820516078534764 8.983237427673556 8.781384228433947 9.464795408228195 1.952498246514709 6.519000876438943 2.6073172993026885 1.667593534067283 9.96339465708284 4.206465796789214 8.555270398113851 6.742642741807486 2.8866148294000324 9.805842466046476 2.245702272563431 5.979007988412547 3.4006094047951283 3.8052262684022984 3.9789850960905673 2.312478436746791 8.386832542754835 2.450056985641673 5.48509032459439 3.9792830885137285 2.753580382149586
0.28287378853667394 0.8664361690080785 0.6361728814845284 1.331264009080253 1.98219810804845 0.4350584886649519 0.5124604940239685 0.6649653037874235 0.9531181400287126 0.4358340078912075 0.7228102257581795 1.0915509705599744 1.9406077661700174 0.735301753653122 1.373243485614936 1.1641032157069529 1.7966474855347112 1.7562768456867892 1.892959081645639 0.3904996493029418 1.3038001752877886 0.5214634598605377 0.3335187068134566 1.992678931416568 0.8412931593578428 1.7110540796227702 1.348528548361497 0.5773229658800065 1.9611684932092952 0.4491404545126862 1.1958015976825094 0.6801218809590257 0.7610452536804597 0.7957970192181134 0.46249568734935825 1.677366508550967 0.49001139712833464 1.097018064918878 0.7958566177027457 0.5507160764299173
0.14632756588037232 0.41986436937684823 0.4284271668682401 0.0053808978745393254
0.04336294630905824 0.016813424371477703 0.37283792064668797 0.5669857086727761
0.4515348535815137 0.036261796864207274 0.44702271521673786 0.06518063433754118
0.017679322152117982 0.5098247443073508 0.2798387141124853 0.19265721942804592
0.017284518806655713 0.3338248141332125 0.4599146086522091 0.18897605840792264
0.012731049947232953 0.21458867007875881 0.12164147324124497 0.6510388067327633
0.1815303862391643 0.10127191957619963 0.1920500672487251 0.525147626935911
0.2826814811599182 0.02633084351856496 0.638925498214435 0.05206217710708183
0.1232860646617715 0.4209274250695991 0.2848365629590187 0.17094994730961066
0.3176573411121302 0.1204539443094027 0.16753323605388182 0.3943554785245853
0.7927650534707248 0.03529343804804652 0.08030001106502993 0.09164149741619876
0.40685301347650205 0.069108200902121 0.4722154350737162 0.05182335054766074
0.2643735529203316 0.10796962038743507 0.2755733594477898 0.3520834672444435
0.3420358166348584 0.06768718593836498 0.08189411988228712 0.5083828775444895
0.20702036365103182 0.01120886175100344 0.3324849982329917 0.449285776364973
0.28245433747906 0.35835666197704985 0.33691926281929885 0.022269737724591288
0.004696588272405489 0.08244863477723419 0.5090945127253201 0.4037602642250402
0.11856854973737285 0.23912237212498588 0.6314074519908114 0.01090162614682988
0.11655708586008529 0.5126038066095407 0.23986281349627203 0.13097629403410194
0.39116871394190766 0.007834431035500633 0.5829033883585133 0.018093466664078406
0.14343171588218562 0.18688185231394128 0.07978407163849122 0.5899023601653819
0.4837928579603694 0.0176840758435296 0.4581841442143042 0.04033892198179678
0.049034220585271626 0.23055842347747046 0.2093022074747266 0.5111051484625313
0.31685728561258475 0.03314135948014718 0.12550036702404632 0.5245009878832217
0.23875844606493146 0.09464174109575374 0.10015685904896099 0.5664429537903538
0.03945523214365321 0.5941466851510989 0.019641674965166556 0.3467564077400813
0.0880863416960832 0.34380267941068154 0.131614459487009 0.43649651940622625
0.2551188561765866 0.2410056736889168 0.2321599827180748 0.2717154874164218
0.248051221045003 0.16514264114794153 0.18995854388411237 0.3968475939229431
0.13754686344846212 0.04516533992916183 0.20168530993864553 0.6156024866837305
0.06450087529431103 0.7136336627929465 0.1550977066778113 0.06676775523493117
0.04916895658516618 0.38348202635526696 0.35206504736197264 0.21528396969759422
0.6689515850854196 0.052028518777911925 0.2434694413531946 0.03555045478347385
0.5895110351330404 0.04786634803873269 0.0031814982383229218 0.359441118589904
0.08934285257744179 0.6674606522362188 0.24252678430466457 0.0006697108816748898
0.1459572101790425 0.22000928040679613 0.10338671342707262 0.5306467959870887
0.08884073892427724 0.1966419642966557 0.23626531429641384 0.4782519824826532
0.12752115845859924 0.5358641048860585 0.15074892856359356 0.18586580809174869
0.07514328531444325 0.08133937241957989 0.09535811131118455 0.7481592309547923
0.22070342450441027 0.2286022657459973 0.37441252609561004 0.1762817836539824
0.12030754780666131 0.1644495307762479 0.40196891367260434 0.31327400774448644
0.15785195957947118 0.219363472254261 0.24762203658040505 0.37516253158586277
0.26441401955104105 0.14730210299631907 0.14089332421074185 0.447390553241898
0.6423428212025711 0.05606984390905845 0.13395088197255323 0.1676364529158172
0.1895636326192256 0.7712316350462086 0.019929689724517807 0.019275042610047977
0.00273220335212776 0.2803828034527489 0.15669987537966135 0.560185117815462
0.2600393092709684 0.2477872510028244 0.4442208284138366 0.04795261131237061
0.021379362786101197 0.23655511001718477 0.4649977665166448 0.2770677606800692
0.4826839664897631 0.09077457761903296 0.005731482846455638 0.4208099730447483
0.3237711904052051 0.21492472537091933 0.17523310247683532 0.28607098174704026
0.10692096760365 0.2651043906649172 0.5066445233376483 0.12133011839378449
0.03412241914895142 0.8584525325362087 0.030032300771889342 0.07739274754295056
0.07843130850332536 0.526840919399216 0.02510904602778863 0.36961872606967006
0.3864750635949675 0.1432721088074077 0.4392940407194994 0.030958786878125366
0.14530370073250687 0.3146114216255337 0.07778901001314087 0.4622958676288186
0.18586830547745126 0.009157614536135505 0.3808117343546267 0.42416234563178656
0.13869615009083103 0.45592272056456096 0.026602153590458366 0.37877897575414965
0.20813987005259416 0.22458362134679322 0.5038408195715245 0.06343568902908814
0.2626030727741798 0.19401628495223122 0.04995880888131443 0.4934218333922745
0.09965864804718061 0.43438664161070617 0.26150963674572714 0.20444507359638608
0.40420094843381627 0.05420103139779053 0.466976130718316 0.0746218894500772
0.08012925836831719 0.33387397641759287 0.0929600384404562 0.49303672677363375
0.25685306743457426 0.13941788150258982 0.09028121695920843 0.5134478341036275
0.02975778802371576 0.11105804189773472 0.06180316074277814 0.7973810093357714
0.3572588986554004 0.26269966383876775 0.25137100665615664 0.12867043084967522
0.5160831743528501 0.20514485316875875 0.011119910459836402 0.26765206201855474
0.10590407766483956 0.12880422649665413 0.5796486636197596 0.18564303221874667
0.598592561774363 0.1495518752070737 0.20811924008595273 0.04373632293261054
0.002395005244030801 0.21661733297378227 0.32543398966324577 0.45555367211894116
0.8021002163311803 0.08899890339998395 0.09861973284720027 0.01028114742163544
0.04103214352507467 0.198742560284628 0.10478772986231433 0.655437566327983
0.216781826630431 0.5860928715302289 0.11630222270985668 0.08082307912948339
0.09828370882239557 0.4553344779085897 0.045955594369027186 0.40042621889998753
0.38729305138338654 0.33815492793455393 0.0068432278739315455 0.267708792808128
0.19585158707442263 0.06942305235059376 0.5000389207435504 0.23468643983143322
0.7176306284910199 0.09312711526326889 0.17295934167829996 0.016282914567411266
0.17043807593862503 0.19522049943166941 0.23642208532105935 0.3979193393086462
0.41099295642870015 0.1854582740330717 0.21658363882011766 0.1869651307181105
0.05366439821911495 0.3916910532955298 0.14500116068176372 0.40964338780359155
0.29674276043909475 0.18395869466576353 0.24186907886547837 0.27742946602966334
