36 30 4 69.82912903388375 139.65825806776746
7.556564724361531 6.41452791133192 9.569626006654124 2.288561029489274 8.266232168831483 4.268931368689261 2.6790113106038427 3.3323611445915247 6.667861083507543 1.2930482938503638 9.525088658595344 9.138864192563856 5.951171400596491 2.7730745887667245 3.0882954834705365 1.021293775397902 3.034499904770371 4.378089137995842 5.074693348072057 3.2147127106682754 5.141139216921088 2.893662805984956 7.037999921823656 5.065922799142123 6.334163160979067 3.943108787361089 3.0159141664147633 2.940562283792678 2.545163504221028 1.2041131783187444
1.5113129448723062 1.282905582266384 1.9139252013308248 0.45771220589785483 1.6532464337662964 0.8537862737378521 0.5358022621207685 0.6664722289183049 1.3335722167015087 0.25860965877007275 1.9050177317190689 1.8277728385127712 1.1902342801192982 0.5546149177533449 0.6176590966941073 0.20425875507958038 0.6068999809540742 0.8756178275991685 1.0149386696144114 0.6429425421336551 1.0282278433842176 0.5787325611969912 1.407599984364731 1.0131845598284246 1.2668326321958134 0.7886217574722177 0.6031828332829526 0.5881124567585356 0.5090327008442056 0.2408226356637489
0.17422765535036577 0.06916438095525812 0.3856769301974433 0.3709310334969328
0.02541687847177554 0.45776762222342127 0.5149938150096726 0.0018216842951306322
0.18700973810923505 0.29523188572710835 0.15752760962568524 0.36023076653797137
0.4028237315824781 0.31889277706974195 0.15132505318954015 0.12695843815823982
0.20542335882258966 0.0018809402043907797 0.5096468980107808 0.2830488029622388
0.16211991522666536 0.06878429166966438 0.16937447095981017 0.5997213221438601
0.2506445983748333 0.5204282298487015 0.11335745857075885 0.1155697132057063
0.3182165971684565 0.3455456841937823 0.12311758839471287 0.21312013024304832
0.269982602581617 0.44230934259769794 0.2548882133684377 0.03281984145224737
0.12481023203090114 0.29915307280349157 0.5693081856187988 0.006728509546808481
0.011134131546525206 0.9400376289589949 0.009442810889563558 0.03938542860491634
0.5350031440744614 0.29966813442261675 0.10299602017706333 0.06233270132585855
0.1815335527484172 0.0584957600770748 0.3888391542751104 0.3711315328993976
0.08497961390002984 0.22387927216230252 0.292506688616073 0.39863442532159465
0.5092201227544335 0.2240266536803458 0.06450378925570766 0.20224943430951303
0.4436152299391738 0.4521766800833532 0.041636956744566245 0.06257113323290675
0.21503144759329162 0.007707619436302715 0.582743292436611 0.1945176405337946
0.41295581267378634 0.18754999267489048 0.21622145778736246 0.18327273686396073
0.3288737143608237 0.02041349135624826 0.041603101839423284 0.6091096924435048
0.17416937094190243 0.3040994208566843 0.4909885121195595 0.03074269608185376
0.5200011065683234 0.2742398235244422 0.05641087500973485 0.1493481948974995
0.14506527197206232 0.07947679940297836 0.4494578103177923 0.326000118307167
0.2868274052550901 0.29606928617148354 0.3293885661353876 0.08771474243803878
0.393825535659339 0.25793158269009053 0.105557855155334 0.2426850264952365
0.46314128460458526 0.23187527487859405 0.22551286159104178 0.07947057892577891
0.14181403341004506 0.21299357451576018 0.6404106558533882 0.004781736220806576
0.447882620517436 0.16385220579081738 0.20579931491568948 0.18246585877605714
0.2868812534858374 0.10787481808316435 0.2006855727045067 0.40455835572649157
0.018272276526084652 0.3084588024369429 0.24446882544317372 0.4288000955937987
0.08057804003379443 0.2681951472892149 0.24795999145569025 0.4032668212213004
0.34193575233541884 0.18289234456393377 0.0065850396691577995 0.4685868634314896
0.15073290435871467 0.08170399500664638 0.12132548366120366 0.6462376169734353
0.35176465653059386 0.06764841716695702 0.3825962272758461 0.19799069902660305
0.19644074244312482 0.24155241999119126 0.24216702590606998 0.31983981165961395
0.08301267227129783 0.584624596041996 0.2012068858311693 0.13115584585553686
0.07730388443980651 0.12395138301319886 0.7458799111581726 0.05286482138882198
0.07505873780081751 0.07189251576266176 0.7559011428404421 0.09714760359607866
0.45071522718442636 0.1814542484652767 0.23691146246898975 0.1309190618813072
0.33458639377540567 0.16540612468979465 0.06190516775439425 0.43810231378040543
0.1777520084161225 0.20774234295121297 0.5047453152063949 0.10976033342626967
0.254430979522831 0.5172491889770662 0.0021243718217384133 0.2261954596783644
0.3674047532916348 0.1230983243283783 0.09009685645899834 0.41940006592098855
0.14814689934151082 0.035809633642627015 0.6008988335083998 0.21514463350746238
0.5861626370590639 0.0004027562879197477 0.2671432844593691 0.14629132219364727
0.2677455681933064 0.03737017181415914 0.611066924226055 0.08381733576647943
0.07234999067650782 0.08876789226098192 0.7740758117194072 0.06480630534310305
0.08136253944256056 0.42400381479143145 0.42351203117068636 0.07112161459532162
0.18219733244591219 0.2182916281883146 0.3403849760506018 0.2591260633151714
0.7809728086979779 0.02162612474885961 0.14299245472376565 0.054408611829396825
0.018651759739112594 0.36504654612094534 0.15343490050851594 0.46286679363142613
0.34524676248163344 0.11905723526910161 0.007856396087301931 0.527839606161963
0.2281201664037107 0.2319729729700769 0.18178785844199497 0.35811900218421744
0.4855719177235547 0.09811950437088701 0.2574467212446465 0.1588618566609118
0.32190464408874175 0.24635669343267363 0.3396671629378891 0.09207149954069549
0.10185524734338003 0.7079107844278288 0.1499190319246534 0.04031493630413774
0.20888911626634699 0.5334983787225442 0.2287764661256826 0.028836038885426185
0.030313599362268517 0.612144974908729 0.11326969809763476 0.24427172763136773
0.14146383935849727 0.45788633156757863 0.1873035109746255 0.2133463180992986
0.26804159729489685 0.12674774761936936 0.12272960805335931 0.4824810470323745
0.2423678231591775 0.3110567090056401 0.32654895746697643 0.120026510368206
