20 50 4 139.84406757061498 279.68813514122996
6.293177209695468 9.079423551184762 9.023776565272373 8.342537295769155 1.3230062705516796 7.225818235829955 4.408128478048673 5.666598509032726 6.9215631900293175 2.744651960946535 3.4508476185992554 7.4674534024104915 8.047032485131094 8.652948757974958 7.977204045949264 1.329978757789772 2.0502436161960564 7.7615262953893085 3.1529639457964853 3.293254125479321 8.718629780527863 9.548011235028724 6.055181722100421 2.609024678649789 7.932267398245602 5.431429356530946 6.6812775900719075 8.555481306223353 5.149354566631876 5.481460659765746 7.114700057979257 6.857073227109971 3.4191571486991865 1.6059220024511596 7.943006245227065 5.328857190696813 3.962857669602821 5.595769505576365 3.372659457940511 3.7946039504166764 6.64168093944715 6.017048295150542 3.8672160362182177 4.553588987725846 3.3217712727866666 6.24017010956694 2.454658393994086 6.383204377885178 8.432412195304092 2.4075254665985253
1.2586354419390937 1.8158847102369524 1.8047553130544745 1.668507459153831 0.2646012541103359 1.445163647165991 0.8816256956097346 1.133319701806545 1.3843126380058635 0.548930392189307 0.6901695237198511 1.4934906804820982 1.6094064970262187 1.7305897515949915 1.5954408091898529 0.2659957515579544 0.41004872323921127 1.5523052590778617 0.6305927891592971 0.6586508250958641 1.7437259561055725 1.9096022470057448 1.2110363444200842 0.5218049357299578 1.5864534796491205 1.0862858713061891 1.3362555180143816 1.7110962612446705 1.0298709133263753 1.0962921319531493 1.4229400115958515 1.3714146454219942 0.6838314297398373 0.3211844004902319 1.5886012490454129 1.0657714381393626 0.7925715339205641 1.1191539011152731 0.6745318915881022 0.7589207900833352 1.32833618788943 1.2034096590301084 0.7734432072436436 0.9107177975451692 0.6643542545573333 1.248034021913388 0.4909316787988172 1.2766408755770358 1.6864824390608184 0.48150509331970504
0.7343005193170531 0.04438738504627704 0.007383539163520636 0.21392855647314923
0.4256364789640509 0.0756213647520464 0.16323135910950604 0.3355107971743967
0.37980555470253063 0.32831054047898334 0.06969243943572889 0.22219146538275714
0.5572288624869921 0.07405280665705383 0.25995586579569263 0.10876246506026144
0.2682906336751031 0.07646099333189238 0.18258597772788943 0.4726623952651151
0.04815737001461995 0.2511145076367408 0.03298006247192664 0.6677480598767126
0.10760726484068206 0.647916333955065 0.15911438220657192 0.08536201899768103
0.035537026671508265 0.8554710283921447 0.03341095656500814 0.07558098837133886
0.3543459622518986 0.4189104250545054 0.05220836395772155 0.17453524873587445
0.37382380916296487 0.021241372390922386 0.020877776453660957 0.5840570419924518
0.662804842833816 0.0596738082786209 0.24019548741202457 0.03732586147553851
0.08463830480062273 0.7221583925670986 0.18980415718568655 0.0033991454465921445
0.23757338754052892 0.5276854503877516 0.15068816010798125 0.08405300196373822
0.44437532809698 0.2496160433120984 0.04074138605903388 0.2652672425318877
0.25781466546308895 0.5873258578861551 0.10025538809467016 0.054604088556085784
0.07703627432303728 0.7139287379103657 0.07542483351691986 0.13361015424967715
0.10550224951235221 0.3696540937426206 0.010836789103543243 0.514006867641484
0.3817833671806402 0.29957935164072413 0.05510831187325971 0.26352896930537595
0.12840324209091825 0.2812658619623778 0.20839692219704353 0.3819339737496604
0.6487204821640175 0.01878190874289054 0.1968668563842555 0.1356307527088365
0.3111033204530341 0.1063222066876699 0.5399550150383396 0.04261945782095633
0.44285458769839303 0.08993669742127586 0.15673607588292104 0.31047263899741007
0.15460408804807246 0.048917975433147576 0.26431714795926486 0.5321607885595151
0.3949697311980225 0.26561631241055916 0.24610324723485544 0.09331070915656292
0.04094531689192238 0.5894268830093985 0.2075994495147111 0.16202835058396803
0.01764816102195388 0.3797991602683931 0.08260446325105641 0.5199482154585966
0.11697344103324736 0.18926439618334168 0.24731367324119524 0.4464484895422157
0.05648415778874394 0.7681851140477092 0.12711229178530348 0.04821843637824341
0.4636752334600328 0.3112978140509449 0.15780539083280654 0.06722156165621573
0.0666108795857503 0.29425995996752874 0.5973316663351851 0.04179749411153588
0.8592468041192756 0.04815284173576151 0.09106749835599837 0.00153285578896456
0.25295970733706297 0.18555096212828637 0.02805069986347075 0.5334386306711799
0.11294580848818636 0.2858012137756276 0.09463166362003628 0.5066213141161497
0.014856534491363371 0.04010659830691443 0.8819900426832692 0.063046824518453
0.6213697482806605 0.3300721631641562 0.007512357944903236 0.04104573061028005
0.17932344965903535 0.6281087044135089 0.13918450120803927 0.053383344719416526
0.4199958200906918 0.06380116606412045 0.24723732759591988 0.26896568624926787
0.3803763791439956 0.27248818766806426 0.08636671339574264 0.2607687197921975
0.19231991095160006 0.014565408984167139 0.5998868383259531 0.19322784173827967
0.30075099827281215 0.19536515377283492 0.15074989430218566 0.35313395365216727
0.04171737215813076 0.6556165572405981 0.11735995790366005 0.1853061126976111
0.3198365000196619 0.43307111836257794 0.2311261983832732 0.015966183234486953
0.23810884918604158 0.5869528419094533 0.15544729991806827 0.019491008986436853
0.043288047570647525 0.7234135635940572 0.13821678021581485 0.09508160861948045
0.2069495695838911 0.37756587010727427 0.37512965918211894 0.04035490112671569
0.03213032387438486 0.05209190893301341 0.8455638303000514 0.07021393689255029
0.4763733968019681 0.2250621957859631 0.09439695009282778 0.20416745731924102
0.25714537167900353 0.006597797739172018 0.5352144441959809 0.2010423863858436
0.12303384607450973 0.09943006378386532 0.39013497546891995 0.387401114672705
0.048288595436065784 0.2674446118326911 0.5174657861354696 0.16680100659577357
0.40864343207882226 0.18364358657699065 0.2116835489551957 0.1960294323889914
0.0370838109187992 0.47648452283894405 0.1329989530178658 0.35343271322439096
0.29189220355372114 0.16751726209415818 0.16102113456913025 0.3795693997829904
0.08416360169753323 0.7944189780658582 0.06598790815697664 0.05542951207963198
0.607767079418287 0.05154987616228246 0.0437835764614003 0.29689946795803024
0.1654377455053304 0.00019780940098068633 0.5298650845180161 0.30449936057567284
0.11700177023270109 0.16702323568750743 0.5548694522756514 0.16110554180414005
0.12144376980074678 0.3936484644419703 0.066150395467791 0.4187573702894919
0.38540456172748716 0.03727233261746854 0.005401628112849832 0.5719214775421945
0.37158097618591446 0.05296350017730833 0.4200852377842629 0.15537028585251433
0.13266124581933758 0.05711467979698526 0.0638850472859478 0.7463390270977294
0.009592770783399152 0.34540267960909476 0.3761733253163261 0.26883122429118
0.4619247817133454 0.12552199933634367 0.38505653327118705 0.02749668567912389
0.3842205296299164 0.056855410513248605 0.2855650335664258 0.2733590262904092
0.007775148666466225 0.6287117933132187 0.15718232283034927 0.2063307351899658
0.2307541223479932 0.5061332579561809 0.25253775867536 0.010574861020465898
0.27593379095952353 0.46700147846341367 0.016717564892476333 0.24034716568458647
0.49045199887010105 0.1857493996427585 0.29440329668559195 0.029395304801548505
0.25559737579752306 0.2482335560731349 0.3911835167157294 0.10498555141361265
0.5758533559110415 0.206875420743174 0.1783479890735451 0.038923234272239426
0.2719138604328001 0.24452881957774475 0.12242038902477625 0.3611369309646789
0.3135613791412937 0.45492511575386274 0.18282799522391036 0.04868550988093323
0.7029292205042402 0.02807016597211054 0.2543482320485678 0.01465238147508141
0.7364286770216462 0.056887636629492366 0.1288394151784401 0.07784427117042136
0.5419266925445466 0.2524154165575967 0.17814180941855062 0.027516081479306065
0.06360523439451415 0.4399344454003963 0.2063790830513953 0.29008123715369427
0.6132937810052304 0.17384931727283137 0.04374210414360635 0.16911479757833192
0.22111916087186334 0.5980934061853764 0.07112240923352542 0.10966502370923481
0.4151637641120025 0.2662332580560002 0.17616868100998895 0.14243429682200837
0.6336035390500487 0.0058609615830300665 0.23194394554230946 0.12859155382461174
0.2964234085168108 0.21062597363022828 0.4897536751302264 0.0031969427227345193
0.21574383918081574 0.0020330835924732282 0.6588870267976504 0.1233360504290606
0.30795609759987397 0.078547412920696 0.5385315494810198 0.07496493999841025
0.21151983351021797 0.028767536878199995 0.1858084878979036 0.5739041417136784
0.1519708928486615 0.2091083469817725 0.11750358423699081 0.5214171759325752
0.03715947899189653 0.595774493875968 0.25724496727037205 0.10982105986176338
0.4024654526672212 0.05628064479225836 0.38046638490285223 0.1607875176376682
0.16933922089386577 0.21086687291218076 0.5662556426100872 0.053538263583866263
0.18425801925975938 0.1883413481558568 0.11798046851421107 0.5094201640701728
0.1304642656478725 0.46170302070963753 0.324484679491172 0.08334803415131797
0.21283004541559547 0.050419917388280555 0.08635914392146027 0.6503908932746637
0.6364599554717726 0.3214467800823072 0.004337811788004409 0.0377554526579158
0.22024129559959682 0.09046081666201022 0.32811844881141405 0.3611794389269789
0.004398189215633064 0.000471116482380296 0.00882342938263303 0.9863072649193536
0.3294685883210785 0.48203663015971865 0.09737678548811135 0.0911179960310915
0.1763476899015104 0.08379380125477143 0.49592652328483655 0.24393198555888163
0.5295796670013982 0.16103209643680028 0.028254197752003107 0.28113403880979837
0.05072108117190677 0.15725524202371155 0.11388961472866455 0.6781340620757171
0.3206982284220442 0.07316894926675666 0.26801455517135564 0.3381182671398435
0.4168589909837761 0.18946080809516985 0.2783259229697784 0.11535427795127562
