36 90 4 229.17905492783524 458.3581098556704
7.556564724361531 6.41452791133192 9.569626006654124 2.288561029489274 8.266232168831483 4.268931368689261 2.6790113106038427 3.3323611445915247 6.667861083507543 1.2930482938503638 9.525088658595344 9.138864192563856 5.951171400596491 2.7730745887667245 3.0882954834705365 1.021293775397902 3.034499904770371 4.378089137995842 5.074693348072057 3.2147127106682754 5.141139216921088 2.893662805984956 7.037999921823656 5.065922799142123 6.334163160979067 3.943108787361089 3.0159141664147633 2.940562283792678 2.545163504221028 1.2041131783187444 6.661620698527605 5.782718229116593 3.190528326750615 5.723452872094174 2.568048898153292 4.07742177101877 9.983604841343825 3.0919320942882496 1.22875190624598 2.356596139228432 5.348660506256771 4.1838614472390825 6.757923101158258 4.774717663277958 2.683087642983115 4.1658819087753445 5.340174614527091 8.218083708760574 4.6254135842423025 4.941938461908845 8.857374056575843 2.7679666819881232 7.49544857786998 7.121441695063474 2.848810229403307 1.7471140504416804 2.865738691242824 8.819597387300169 7.452560773339851 7.008735414819645 4.6025081007052595 1.6957349599582585 3.0781378620669675 2.8112974070770482 2.459079237039988 9.524216607500602 3.2558013853735 9.125671567635292 7.939655454011813 2.3225612820713133 8.959872581148643 1.6755286402073577 6.973860532260149 6.689525280847327 3.8639493745161086 5.0564370446598375 8.081918827812565 8.821728443068235 7.410627506613834 5.499932666186803 9.704621426929773 4.011277543978651 3.429843423234553 6.057079175976352 9.939443414078724 9.012156999163572 2.1232920882781103 4.469449162306019 4.815669743509535 2.5997680757451023
1.5113129448723062 1.282905582266384 1.9139252013308248 0.45771220589785483 1.6532464337662964 0.8537862737378521 0.5358022621207685 0.6664722289183049 1.3335722167015087 0.25860965877007275 1.9050177317190689 1.8277728385127712 1.1902342801192982 0.5546149177533449 0.6176590966941073 0.20425875507958038 0.6068999809540742 0.8756178275991685 1.0149386696144114 0.6429425421336551 1.0282278433842176 0.5787325611969912 1.407599984364731 1.0131845598284246 1.2668326321958134 0.7886217574722177 0.6031828332829526 0.5881124567585356 0.5090327008442056 0.2408226356637489 1.332324139705521 1.1565436458233187 0.638105665350123 1.1446905744188347 0.5136097796306583 0.815484354203754 1.996720968268765 0.6183864188576499 0.245750381249196 0.4713192278456864 1.0697321012513543 0.8367722894478165 1.3515846202316515 0.9549435326555915 0.536617528596623 0.8331763817550689 1.0680349229054182 1.6436167417521148 0.9250827168484606 0.9883876923817689 1.7714748113151686 0.5535933363976246 1.499089715573996 1.4242883390126948 0.5697620458806614 0.3494228100883361 0.5731477382485648 1.7639194774600337 1.4905121546679703 1.401747082963929 0.9205016201410519 0.3391469919916517 0.6156275724133935 0.5622594814154096 0.4918158474079976 1.9048433215001204 0.6511602770747 1.8251343135270583 1.5879310908023627 0.46451225641426264 1.7919745162297285 0.33510572804147154 1.3947721064520298 1.3379050561694654 0.7727898749032217 1.0112874089319674 1.616383765562513 1.764345688613647 1.4821255013227668 1.0999865332373606 1.9409242853859545 0.8022555087957303 0.6859686846469106 1.2114158351952704 1.9878886828157447 1.8024313998327144 0.42465841765562207 0.8938898324612039 0.9631339487019069 0.5199536151490205
0.011134131546525206 0.9400376289589949 0.009442810889563558 0.03938542860491634
0.5350031440744614 0.29966813442261675 0.10299602017706333 0.06233270132585855
0.1815335527484172 0.0584957600770748 0.3888391542751104 0.3711315328993976
0.08497961390002984 0.22387927216230252 0.292506688616073 0.39863442532159465
0.5092201227544335 0.2240266536803458 0.06450378925570766 0.20224943430951303
0.4436152299391738 0.4521766800833532 0.041636956744566245 0.06257113323290675
0.21503144759329162 0.007707619436302715 0.582743292436611 0.1945176405337946
0.41295581267378634 0.18754999267489048 0.21622145778736246 0.18327273686396073
0.3288737143608237 0.02041349135624826 0.041603101839423284 0.6091096924435048
0.17416937094190243 0.3040994208566843 0.4909885121195595 0.03074269608185376
0.5200011065683234 0.2742398235244422 0.05641087500973485 0.1493481948974995
0.14506527197206232 0.07947679940297836 0.4494578103177923 0.326000118307167
0.2868274052550901 0.29606928617148354 0.3293885661353876 0.08771474243803878
0.393825535659339 0.25793158269009053 0.105557855155334 0.2426850264952365
0.46314128460458526 0.23187527487859405 0.22551286159104178 0.07947057892577891
0.14181403341004506 0.21299357451576018 0.6404106558533882 0.004781736220806576
0.447882620517436 0.16385220579081738 0.20579931491568948 0.18246585877605714
0.2868812534858374 0.10787481808316435 0.2006855727045067 0.40455835572649157
0.018272276526084652 0.3084588024369429 0.24446882544317372 0.4288000955937987
0.08057804003379443 0.2681951472892149 0.24795999145569025 0.4032668212213004
0.11565142381607696 0.46986049814403386 0.2927384213188243 0.12174965672106486
0.08785602121064096 0.024804348910280605 0.7567625730789203 0.1305770568001582
0.13056945926866803 0.45392961689074673 0.37593802663479114 0.03956289720579409
0.17049724627886542 0.31321829882964314 0.292394063535818 0.22389039135567346
0.02512937078282218 0.27285138487380267 0.6210601631276563 0.08095908121571882
0.32301370312390065 0.6160968156164311 0.010448746726942404 0.050440734532725795
0.3282337355345488 0.11171390661178382 0.4787695199490387 0.08128283790462865
0.3393008082872533 0.555139105784912 0.06090546259287166 0.04465462333496306
0.17134702238076327 0.2409253830236372 0.35500191648263524 0.2327256781129643
0.4775128992809712 0.23882469751981938 0.12022132843025857 0.16344107476895087
0.252313500632504 0.10386954544021942 0.47056115700361234 0.17325579692366422
0.16035635581843177 0.22628615436586352 0.1885936972508795 0.4247637925648252
0.5246012772511951 0.038198347243577846 0.19411167552598407 0.24308869997924298
0.17715640786402387 0.09072463382440932 0.42065800968103173 0.3114609486305351
0.3195190812399048 0.1728932739689566 0.38768923607374717 0.11989840871739144
0.23943089251804817 0.0005584038725392482 0.49372759927610943 0.26628310433330316
0.1097103733154502 0.4681398615273097 0.2789460630674365 0.1432037020898036
0.30849370639180207 0.03226944414660127 0.020395814161236703 0.63884103530036
0.14550795364966296 0.17577866189551805 0.31071957425308916 0.36799381020172983
0.1779950787016772 0.3229277126547525 0.43434744136237635 0.06472976728119395
0.047629065558118966 0.09870509598259491 0.6285921391580577 0.22507369930122845
0.32167628327995035 0.00039974825539268455 0.1970560428986048 0.4808679255660522
0.004442744200772508 0.12342353518273674 0.051800063455797574 0.8203336571606932
0.6307064647879053 0.09396563812350456 0.012701407309505641 0.26262648977908454
0.13356881535240828 0.009101490787467581 0.7682243887522466 0.08910530510787751
0.5816803650176137 0.11314398260570258 0.029732998704519287 0.2754426536721645
0.07540338960995563 0.09924281013527647 0.7946803147142484 0.03067348554051952
0.4938703385171216 0.1432974024886292 0.21100135191321434 0.15183090708103486
0.0672750331885642 0.00254064819650901 0.28808945699515454 0.6420948616197723
0.11250748418533263 0.3151546326744059 0.27631858050575464 0.2960193026345068
0.14035385319853644 0.3598016979747406 0.2828606616791529 0.21698378714757005
0.620603619179756 0.15663551118159724 0.21506264180071788 0.007698227837928839
0.11904763230081838 0.13256577333458486 0.5132104602771175 0.23517613408747928
0.027053731394722003 0.24789511581427626 0.5784886215501924 0.1465625312408093
0.6379619285905835 0.04787672762152828 0.03423620381767922 0.27992513997020896
0.23757873391428086 0.3509130596311615 0.15202145500785857 0.2594867514466991
0.06807340034396314 0.3115440241589458 0.1507930142895334 0.4695895612075577
0.5108476800565465 0.056434927291933 0.3830072482978232 0.04971014435369736
0.2720631047616261 0.08447251301093084 0.32549805389942577 0.3179663283280173
0.0024613585863427767 0.62073773274701 0.07753065382753122 0.29927025483911596
0.4373911142749396 0.008299652853263173 0.22335974946835702 0.3309494834034402
0.17070552356426083 0.056389419573051436 0.33321961860145166 0.4396854382612361
0.1003779459001678 0.07166502858319124 0.7907130954875279 0.03724393002911308
0.10420739221492437 0.08855547575845923 0.05920652068276333 0.7480306113438531
0.10102022930459387 0.2138076153166738 0.5694710573866683 0.11570109799206407
0.2394184063024517 0.2820271100599001 0.29913678863259496 0.17941769500505322
0.48335200907694487 0.12091104775115968 0.24013650847086399 0.15560043470103146
0.043570739588212226 0.2582509294553772 0.3728205402661823 0.3253577906902283
0.6809051946982251 0.27228612573422584 0.009435700177997552 0.03737297938955153
0.1665261475876546 0.3733690244390535 0.03324690619329762 0.42685792177999426
0.0745849220607101 0.3157198973164833 0.1852777812903157 0.4244173993324909
0.3957054456813559 0.45647014566966804 0.12535507543857882 0.022469333210397235
0.2705512213559219 0.25912616335202676 0.43507673581686923 0.035245879475182096
0.4904734585763151 0.18231716129343922 0.2676085381983918 0.05960084193185389
0.2793758781327498 0.2237732371430058 0.2923829036066139 0.20446798111763054
0.49339374070518427 0.007288596563801764 0.023919485695714893 0.4753981770352991
0.5272869158749232 0.32036965007754725 0.08520267178131735 0.06714076226621224
0.05559689465755657 0.43420815765120835 0.11651001573677022 0.39368493195446486
0.24105097104876627 0.021025935958289832 0.03570184720335767 0.7022212457895862
0.09124119856493162 0.10960180049111246 0.08086421302495794 0.718292787918998
0.030398522158649466 0.3708064298616015 0.01932194535303322 0.5794731026267158
0.16239325501262925 0.26768420865464915 0.22222030049143904 0.34770223584128257
0.013431034821268506 0.3350408755594805 0.20122541692739526 0.45030267269185575
0.05967244291104523 0.13850608340257808 0.425594387661137 0.3762270860252397
0.4189439225485502 0.0795183329848228 0.11939205008252607 0.38214569438410095
0.26704464074720236 0.05504631033537477 0.43933065503936797 0.2385783938780549
0.351521347282283 0.07046252245773676 0.18086781679024433 0.3971483134697359
0.04216835257994389 0.16008677641684144 0.5014014622554566 0.2963434087477581
0.6783116389690258 0.28686178694939946 0.025360932833509375 0.00946564124806537
0.21430849776965022 0.018283427065893698 0.4286439388471964 0.33876413631725966
0.254430979522831 0.5172491889770662 0.0021243718217384133 0.2261954596783644
0.3674047532916348 0.1230983243283783 0.09009685645899834 0.41940006592098855
0.14814689934151082 0.035809633642627015 0.6008988335083998 0.21514463350746238
0.5861626370590639 0.0004027562879197477 0.2671432844593691 0.14629132219364727
0.2677455681933064 0.03737017181415914 0.611066924226055 0.08381733576647943
0.07234999067650782 0.08876789226098192 0.7740758117194072 0.06480630534310305
0.08136253944256056 0.42400381479143145 0.42351203117068636 0.07112161459532162
0.18219733244591219 0.2182916281883146 0.3403849760506018 0.2591260633151714
0.7809728086979779 0.02162612474885961 0.14299245472376565 0.054408611829396825
0.018651759739112594 0.36504654612094534 0.15343490050851594 0.46286679363142613
0.34524676248163344 0.11905723526910161 0.007856396087301931 0.527839606161963
0.2281201664037107 0.2319729729700769 0.18178785844199497 0.35811900218421744
0.4855719177235547 0.09811950437088701 0.2574467212446465 0.1588618566609118
0.32190464408874175 0.24635669343267363 0.3396671629378891 0.09207149954069549
0.10185524734338003 0.7079107844278288 0.1499190319246534 0.04031493630413774
0.20888911626634699 0.5334983787225442 0.2287764661256826 0.028836038885426185
0.030313599362268517 0.612144974908729 0.11326969809763476 0.24427172763136773
0.14146383935849727 0.45788633156757863 0.1873035109746255 0.2133463180992986
0.26804159729489685 0.12674774761936936 0.12272960805335931 0.4824810470323745
0.2423678231591775 0.3110567090056401 0.32654895746697643 0.120026510368206
0.04943793435365995 0.4180889986960643 0.3074011014993264 0.22507196545094932
0.21543545755323523 0.08794852330796743 0.4332870884785823 0.263328930660215
0.1937875047586135 0.19833630399805713 0.19831879647069361 0.40955739477263575
0.3267638930540663 0.22790967211922453 0.08418661946381878 0.3611398153628904
0.1553056850142719 0.14730220482945866 0.6696588189551016 0.027733291201167853
0.1627328339159949 0.4986292614186175 0.07385247228097358 0.264785432384414
0.281500583774537 0.057269062526414394 0.4706364873336665 0.19059386636538211
0.778683974722419 0.0873589908477046 0.030026658714834897 0.10393037571504149
0.4424980145686638 0.35864353062760645 0.08470639322720108 0.11415206157652869
0.27488447915182457 0.23715210964910294 0.24594550807464832 0.24201790312442417
0.16206400614183758 0.29473865678957434 0.024062338557561125 0.519134998511027
0.20490313032866914 0.28261741279226227 0.10550397241833309 0.4069754844607355
0.010517951278532833 0.2205798979070298 0.4777551597736812 0.29114699104075614
0.17232645577163463 0.18485909130304945 0.238321916739602 0.4044925361857139
0.009010884600033298 0.22286190856497323 0.6554811128817934 0.11264609395320002
0.12188562841392925 0.5366326767138245 0.02259587102145022 0.318885823850796
0.1212441886679273 0.1635193181253738 0.10314683037238659 0.6120896628343123
0.38969710275148706 0.11153717111681838 0.49530162752512585 0.0034640986065687107
0.43973586051137636 0.05516371782129048 0.3245194304510458 0.18058099121628735
0.13636525753529527 0.33479175632108926 0.17931822117429785 0.3495247649693176
0.0842026833128654 0.0252611888661467 0.8584264081627353 0.0321097196582526
0.016354097193481687 0.3328213612789247 0.18220817365375863 0.468616367873835
0.012948819533193268 0.18022359867058668 0.5072612160751787 0.29956636572104134
0.0968226363956487 0.12109898261312846 0.7162047505907568 0.06587363040046601
0.18244393721828644 0.6408567509708293 0.03297859843105999 0.14372071337982428
0.34287925499302774 0.46416191409066954 0.03897444231127911 0.15398438860502361
0.0008132726556593362 0.09731055148719414 0.667135809289624 0.2347403665675225
0.13589915154602716 0.026288376902747657 0.7666083201788932 0.07120415137233194
0.5128675237577102 0.12869185147507733 0.003093330660584037 0.35534729410662846
0.19567190328261141 0.30617503816931313 0.31485908264796236 0.1832939759001131
0.07456939920394567 0.1813946617875939 0.5438211661860912 0.2002147728223692
0.15393006619188332 0.3615600760738352 0.2677746373484897 0.21673522038579174
0.5618189892313498 0.25539580628991254 0.0178623999026003 0.1649228045761374
0.22277269845086756 0.0450509285593097 0.10392518484537239 0.6282511881444504
0.39576027453444906 0.1322536710569686 0.2804664758640696 0.19151957854451274
0.1811610835825106 0.12200403368578827 0.3758341931504583 0.32100068958124284
0.34147998053637485 0.062466005247320044 0.5723549851224784 0.023699029093826707
0.4791008196398382 0.27054417494568783 0.004456316507138514 0.24589868890733546
0.03130376103373633 0.4420161546866588 0.37721524422495334 0.14946484005465155
0.005789766283412212 0.07103092576543268 0.5113380002729574 0.4118413076781977
0.04876776900261959 0.1536053603917601 0.39081487166957496 0.40681199893604536
0.2666779204799652 0.0039555076705792835 0.5312699319968254 0.19809663985263015
0.028363986450643308 0.29400962918741347 0.6480289922368869 0.0295973921250563
0.4667611726498385 0.27475378396368266 0.023548014498488756 0.23493702888799006
0.11911005026751864 0.07533035849466052 0.1612918380601983 0.6442677531776225
0.5137944502395114 0.14511412672240653 0.31894426244908736 0.022147160588994685
0.013083374441851037 0.20648124369327137 0.6343851755861443 0.14605020627873333
0.23790066835797685 0.0917018596349598 0.5557088427209429 0.11468862928612045
0.20913442659242587 0.3576146230933288 0.29933408509900006 0.13391686521524526
0.23897632965914462 0.4371462895548647 0.277593739664328 0.04628364112166272
0.22866054237193612 0.5793276783654149 0.16835072109218763 0.02366105817046138
0.6228709210024729 0.033006082364507305 0.014042061470856737 0.3300809351621631
0.34191998962321124 0.35110483207833265 0.21458293486024882 0.09239224343820729
0.2786541930738722 0.10987921362493958 0.08185000434686895 0.5296165889543193
0.42928337075599643 0.015297242296873237 0.16648539834988862 0.3889339885972417
0.021276885963879555 0.370885240520451 0.08363835992824187 0.5241995135874276
0.4650116223648342 0.04051063469099858 0.19385183768229408 0.30062590526187316
0.007166800769459636 0.6581050709847299 0.23509041058798785 0.09963771765782259
0.4656972938370654 0.07080225040001842 0.13505646788238623 0.32844398788053
0.6499263926549488 0.1411811914216401 0.13762346586087004 0.07126895006254108
0.32326533390401146 0.32049308920750696 0.10086659062216063 0.25537498626632094
0.2191289079043921 0.20486253731800752 0.15512586916018067 0.4208826856174197
0.013407753581194726 0.7871214224985394 0.08134612547737596 0.11812469844288986
0.5724412992363836 0.012737970239921403 0.19786676111134305 0.2169539694123519
0.1607545739056344 0.09485778339723938 0.2819602958266092 0.462427346870517
0.1542229887858989 0.05363995271923272 0.6908909601711035 0.10124609832376485
0.2978500733891253 0.0871382253357158 0.3955000539687953 0.21951164730636363
0.3379440172446878 0.21013152476681307 0.4479312085516134 0.003993249436885726
0.13139407233751255 0.10458906444620408 0.6368902552503309 0.12712660796595243
0.1327295483348777 0.3182039899641763 0.11573166400380541 0.43333479769714056
