60 50 4 131.48927471854464 262.9785494370893
3.7078599704195687 2.6825123470769023 3.908644092713975 6.991746132594781 6.10273720872292 4.584285630088882 4.414734239721369 1.0952338229077867 2.533290408943409 2.1105403361209363 7.231611487636774 8.869974045154223 4.036572141747611 9.932133031116107 2.183860637053463 5.502968529015628 3.5795845590555437 2.98526369324097 5.518769919741634 6.724562857562587 6.721092451531546 1.7238977977855563 6.232903765628063 8.552717734772393 3.637164268788706 9.891367849343743 5.924719364475903 9.634473030404875 4.206583718071354 5.65505012414163 9.892120561363866 2.8382682943859705 9.78447581719546 1.359363403322365 1.1739401072534035 2.7461547221966143 1.1042699039167163 5.021854182080118 6.867435804826801 7.4018474221337796 3.2950760311821212 7.875266804395707 9.699222704291905 5.812824760950216 4.8778112435796395 5.499062661892706 7.895442312152957 3.9190450238771377 2.473053387626749 6.565159092886052
0.7415719940839137 0.5365024694153805 0.781728818542795 1.3983492265189563 1.220547441744584 0.9168571260177764 0.8829468479442738 0.21904676458155733 0.5066580817886818 0.42210806722418726 1.4463222975273546 1.7739948090308446 0.8073144283495222 1.9864266062232214 0.4367721274106926 1.1005937058031257 0.7159169118111087 0.5970527386481941 1.1037539839483268 1.3449125715125174 1.3442184903063092 0.34477955955711126 1.2465807531256126 1.7105435469544787 0.7274328537577411 1.9782735698687486 1.1849438728951807 1.926894606080975 0.8413167436142708 1.1310100248283261 1.9784241122727733 0.5676536588771941 1.956895163439092 0.271872680664473 0.2347880214506807 0.5492309444393229 0.22085398078334326 1.0043708364160238 1.3734871609653603 1.4803694844267559 0.6590152062364243 1.5750533608791415 1.939844540858381 1.1625649521900432 0.9755622487159279 1.0998125323785413 1.5790884624305914 0.7838090047754276 0.4946106775253498 1.3130318185772105
0.6398363638472603 0.2879078820180827 0.03506704935426519 0.037188704780391824
0.02937152540713983 0.4425610279756982 0.21641033455993408 0.3116571120572279
0.38656119113683385 0.12680339844093802 0.4760482618791211 0.01058714854310705
0.44778805320241 0.21634022175941792 0.26469633043895346 0.07117539459921862
0.0034176043962366176 0.27406964947706636 0.2106523970044668 0.5118603491222302
0.4435017965074094 0.05021820485517792 0.12685345174865104 0.37942654688876165
0.02636720355422406 0.3883048041735292 0.17788102371673975 0.407446968555507
0.0049081104377101115 0.4878119079823523 0.013578946997911068 0.4937010345820265
0.18987112472232637 0.4118312239104063 0.05767477098542684 0.3406228803818405
0.030768584070215432 0.18043033681671772 0.16242848551491507 0.6263725935981518
0.22435260111920963 0.013620211814606598 0.4235914401505947 0.3384357469155891
0.19044923534064961 0.44208187943252064 0.1393583575499162 0.22811052767691353
0.33997446377846285 0.3981971206401148 0.23719671360668548 0.024631701974736853
0.34898520151809465 0.21535540258688435 0.36370791404962133 0.07195148184539968
0.10864763288662427 0.34573363306744176 0.28126208452289936 0.2643566495230346
0.13517190374773946 0.055734871805655395 0.24587082825791007 0.5632223961886951
0.013316137497819791 0.6761640322079377 0.16284814705800776 0.1476716832362347
0.020874914530764288 0.11254215841190951 0.28028046507250637 0.5863024619848198
0.20475577614723306 0.43153160110039757 0.06745166620290854 0.29626095654946083
0.35488158765349964 0.11168562866364884 0.01035675156818594 0.5230760321146656
0.2548653247391197 0.23374864330152545 0.4930460510561716 0.01833998090318323
0.34106268676877527 0.01994733032577245 0.6336084703641385 0.005381512541313804
0.7853988560660876 0.0044087411405534516 0.18224955284195965 0.027942849951399285
0.2029873865751255 0.11217959492230478 0.24703072058788822 0.4378022979146815
0.11593902509528708 0.5368339484726966 0.08160608106245049 0.2656209453695658
0.37972574682454874 0.1383078116165496 0.3213640650124716 0.16060237654643006
0.13186538675378534 0.40549659082560185 0.04627988027989205 0.41635814214072076
0.057445586256732684 0.7036336953558364 0.20743681836376138 0.03148390002366952
0.20445815414738855 0.3201085226407421 0.09644951889433206 0.3789838043175373
0.2667400435266656 0.48434469893035337 0.06632051606761058 0.18259474147537047
0.15638791325176782 0.16010409687136284 0.17151134227822373 0.5119966475986456
0.06368913142789578 0.28513478937533265 0.11699811324263887 0.5341779659541327
0.018183571337899607 0.6737298056520052 0.3079771196313692 0.00010950337872595028
0.34782388991778157 0.12778755004482922 0.03773525599633443 0.4866533040410548
0.26068986010668793 0.669942169224561 0.00037722010002105844 0.06899075056873005
0.17639844529609117 0.5533894639561594 0.04294266166589389 0.22726942908185555
0.3904714157563549 0.37045890330789777 0.11581549205465513 0.12325418888109219
0.24449455296463685 0.13947065765500566 0.10596294927037997 0.5100718401099775
0.02556284374280937 0.6515721528113829 0.2758541197173182 0.047010883728489494
0.018493533781462457 0.10735935645195016 0.3794551836709825 0.49469192609560486
0.18278156995608863 0.0757396646219548 0.13416640755965992 0.6073123578622966
0.23983217172951055 0.4484755018872253 0.27960025952207423 0.03209206686118993
0.7262452710817231 0.08956958282952565 0.06329275848366156 0.12089238760508969
0.14991357415147433 0.5514443311099118 0.2602225474463977 0.038419547292216194
0.3185057279481469 0.5032542194917698 0.08255414433713026 0.09568590822295298
0.02955615158896896 0.003685060921997385 0.20974727153340178 0.7570115159556319
0.3495145291706627 0.093275340312021 0.24559613538811964 0.31161399512919663
0.13303523309705856 0.009843852860950353 0.5746972615408124 0.28242365250117873
0.09182714134824799 0.4052074451105362 0.07186412769744732 0.4311012858437685
0.12328102549039399 0.38838919109792847 0.1488577222815919 0.33947206113008566
0.552858881677099 0.2328590624852992 0.05237251981268598 0.16190953602491587
0.14328132104059144 0.5388273846515429 0.043962100463100784 0.2739291938447649
0.39267927903982724 0.05424771345536372 0.4739902326547426 0.07908277485006643
0.2632820251791992 0.25275145030705004 0.31625335028922785 0.16771317422452292
0.27360294526350015 0.30947006449073244 0.2197906093174441 0.1971363809283233
0.3255831749732978 0.2782117706163717 0.1077027549077777 0.2885022995025528
0.3967570436405615 0.07936082293424829 0.280196908875721 0.24368522454946917
0.16835322310715428 0.5737152629768774 0.09994544805870165 0.1579860658572667
0.16063346882923113 0.38449278044957114 0.10169853316512678 0.35317521755607095
0.32558595728677 0.14159934049548073 0.4436215004040611 0.08919320181368817
0.15012986068343237 0.33233847947238626 0.35082288827755115 0.16670877156663022
0.18360452279033046 0.7684847862255847 0.042905545751610985 0.005005145232473862
0.29856735762799724 0.26207134325295667 0.015521624321326422 0.42383967479771967
0.45199994049529935 0.36776936860175924 0.02779176544200901 0.1524389254609324
0.042946563137421845 0.18095281382611705 0.3740915258367422 0.4020090971997189
0.5556088496259134 0.28255132919956105 0.13330398370372754 0.02853583747079802
0.12712716834598148 0.09691378735988487 0.008258472929952965 0.7677005713641807
0.20470670058705598 0.23278991554815143 0.38697259890668434 0.17553078495810825
0.20939215041196935 0.3414548061797269 0.1343270143673847 0.31482602904091905
0.19245540225455027 0.37615347888044925 0.2435613678432611 0.18782975102173938
0.1076818418185328 0.34989869716056266 0.4489338483752736 0.09348561264563093
0.3383551505567589 0.08189769330659813 0.2557731657514344 0.3239739903852086
0.16082931387052002 0.31067135128182866 0.07650171731407496 0.45199761753357637
0.2001319221701513 0.03197531496322181 0.021224925181698162 0.7466678376849287
0.21260891825821815 0.010103807819381139 0.6457087511071775 0.1315785228152232
0.033799091155620964 0.15393342157083345 0.024553673198931203 0.7877138140746144
0.4570666189002798 0.09650149461715662 0.05376121758764363 0.39267066889491997
0.13299839942953973 0.12472671198587437 0.22301967648531518 0.5192552120992707
0.06543494789858217 0.6684995747751686 0.21289386656362574 0.053171610762623445
0.04005160232356353 0.02682326158009829 0.7620817026568311 0.17104343343950712
0.1499991450613236 0.08718963457886164 0.17970542623170815 0.5831057941281066
0.3093028474169337 0.33814178819633867 0.2591482105104217 0.09340715387630594
0.0019146447428080027 0.30613344381148844 0.081165904722036 0.6107860067236676
0.017451385047954737 0.24477807665726403 0.6141590385625202 0.12361149973226104
0.009696967179979255 0.23044206138183843 0.17920201858934648 0.5806589528488358
0.15166483412232523 0.5398163261281457 0.09001076730740043 0.21850807244212866
0.04296217976878225 0.3276520058651279 0.4216665493542172 0.20771926501187266
0.1447258304087523 0.15738690558835267 0.03140676377440865 0.6664805002284864
0.23096054005551125 0.49795803249117154 0.1220599878950922 0.149021439558225
0.2068125390464427 0.2345575690377949 0.0766210072477177 0.4820088846680447
0.074916046057252 0.5058261347092874 0.204667340530456 0.21459047870300463
0.3094587244020226 0.439311315354331 0.11581537958686028 0.13541458065678613
0.1908241185050168 0.13405976924340113 0.5492714063273133 0.12584470592426877
0.12897239103294145 0.6094477690867387 0.16760326175793672 0.09397657812238314
0.3887915909599793 0.3034392583004992 0.14469819637548598 0.16307095436403551
0.10834471102479637 0.15971074037060484 0.24594061466796657 0.4860039339366322
0.36592631714404955 0.2838550371571886 0.32439761772149267 0.02582102797726915
0.06839782358011881 0.11718480303618972 0.24690095092123165 0.5675164224624598
0.3486697667567368 0.4182169973514023 0.17007772965683288 0.06303550623502807
0.4227281745938021 0.09119275825064388 0.22960929860879786 0.2564697685467562
