38 100 4 285.7416830750365 571.4833661500732
4.462958075650693 8.737370619315572 9.49779672226678 7.325424042496564 6.7027068745426615 6.453651537915382 2.80114158573914 4.486490989000311 3.3308484737628845 1.671465532777911 3.528612772100117 4.9459073603144486 5.349241392305169 8.816405376586552 5.766664456038561 6.060368298112802 5.2394980959567174 7.199578062971397 5.543457448387413 8.408581792891413 9.643304385879274 8.723298148436136 3.7825878200334797 5.947489562311442 6.892105434717362 9.557728549132003 9.772926828271322 5.03681192229157 8.193456358870508 7.55518273346095 1.7933099989141867 8.137311482392741 9.30847865998903 6.534156148694587 2.8970733333348324 3.174770692721435 4.718611113503462 7.562704356363241 1.1358131593578518 2.65850827677057 4.987300239121389 6.385594331631936 2.1447368440883694 8.306605417074806 2.960908501651923 1.8138337611607287 2.090510538352917 9.927986403563358 3.915926883821595 4.61566933131224 5.308638528420152 4.7593425200921295 3.6533159783763063 6.125566421043281 4.269571960243664 3.25062804918952 4.9768588294418645 6.411411164254938 3.965118015572658 6.834839508875302 4.755462960316149 3.616624024352459 7.203945359400133 9.27855932796127 6.213794492283658 7.03137017895726 6.795990092688062 6.962578981450701 4.521237516078967 7.559169453677082 6.724167713655339 5.122619223161215 1.2443724656672466 5.736562531255985 5.101043938117932 6.775980821484765 5.895734775425881 9.708353532048168 8.091274623607887 6.5417140889062075 4.749906575050716 7.711017446796002 1.2941369511993366 1.1786817427282763 7.6336619552994645 5.64487131757693 3.677764563626483 5.88536311574663 8.646633147109398 4.241067292914249 8.861195818123917 8.696230192385633 3.0009645210987954 6.854683504830148 9.546467611215407 7.092450309393969 5.5909193624693865 3.243953299686716 2.3258088062915316 4.668870814165878
0.8925916151301386 1.7474741238631144 1.899559344453356 1.4650848084993129 1.3405413749085322 1.2907303075830765 0.5602283171478281 0.8972981978000621 0.6661696947525769 0.3342931065555822 0.7057225544200234 0.9891814720628898 1.0698482784610337 1.7632810753173103 1.1533328912077123 1.2120736596225605 1.0478996191913434 1.4399156125942794 1.1086914896774824 1.6817163585782826 1.9286608771758549 1.7446596296872272 0.7565175640066959 1.1894979124622884 1.3784210869434723 1.9115457098264006 1.9545853656542644 1.0073623844583142 1.6386912717741016 1.51103654669219 0.35866199978283736 1.6274622964785483 1.861695731997806 1.3068312297389173 0.5794146666669665 0.634954138544287 0.9437222227006924 1.5125408712726482 0.22716263187157035 0.531701655354114 0.9974600478242778 1.2771188663263873 0.42894736881767387 1.6613210834149612 0.5921817003303846 0.3627667522321457 0.4181021076705834 1.9855972807126716 0.783185376764319 0.9231338662624481 1.0617277056840304 0.9518685040184259 0.7306631956752613 1.2251132842086563 0.8539143920487329 0.650125609837904 0.995371765888373 1.2822822328509875 0.7930236031145317 1.3669679017750602 0.9510925920632298 0.7233248048704918 1.4407890718800265 1.855711865592254 1.2427588984567317 1.4062740357914518 1.3591980185376125 1.3925157962901402 0.9042475032157935 1.5118338907354165 1.3448335427310678 1.024523844632243 0.2488744931334493 1.147312506251197 1.0202087876235866 1.355196164296953 1.179146955085176 1.9416707064096337 1.6182549247215774 1.3083428177812415 0.9499813150101432 1.5422034893592005 0.25882739023986734 0.23573634854565526 1.526732391059893 1.128974263515386 0.7355529127252967 1.177072623149326 1.7293266294218796 0.8482134585828499 1.7722391636247834 1.7392460384771264 0.6001929042197591 1.3709367009660296 1.9092935222430814 1.4184900618787937 1.1181838724938773 0.6487906599373432 0.4651617612583063 0.9337741628331756
0.21067825196239698 0.3099580669091857 0.37218060973736 0.10718307139105732
0.03698088916499831 0.06628060489708887 0.5089996123472078 0.387738893590705
0.0884656219527149 0.062116317945155486 0.17613906145553948 0.6732789986465901
0.448445646003794 0.0789320558327864 0.4561670778287472 0.016455220334672394
0.48631900057132904 0.28869190265386013 0.02062641676150956 0.20436268001330127
0.31018012874268597 0.24140324174266703 0.16626863285958293 0.28214799665506407
0.3018397331562893 0.4099652210139443 0.016707460095972126 0.2714875857337943
0.4182691451817704 0.11963716035752969 0.08343076620498424 0.3786629282557157
0.21493613130690503 0.08678403964468373 0.31957107565755705 0.3787087533908542
0.27755361129573375 0.006386284833571398 0.14140748298900196 0.5746526208816929
0.7140786607160332 0.08838659202312937 0.06018380281733027 0.13735094444350715
0.0744326893605407 0.11859616661424177 0.4698338128499925 0.33713733117522504
0.006353076172511352 0.08869742030947392 0.09825265981182618 0.8066968437061885
0.1903361726911975 0.19746553267595746 0.49209754699073693 0.1201007476421081
0.027675815559792927 0.1649788903299525 0.20449065337209882 0.6028546407381558
0.1643808865820401 0.3947089756240717 0.09793203276151541 0.3429781050323728
0.002964390736657996 0.6635671285377693 0.17720236645861975 0.15626611426695292
0.13340377784937885 0.11779621830511 0.489446605726791 0.25935339811872016
0.2533414804953589 0.1701093022614505 0.18369305383994694 0.3928561634032437
0.6204738724631073 0.057845021021637355 0.05535899229864161 0.2663221142166138
0.7198617230056045 0.22316064064748342 0.04784130765482453 0.00913632869208758
0.2543435934413354 0.16085235608804305 0.11591790314731387 0.4688861473233077
0.7718947541215962 0.10320685733609236 0.052817536101020135 0.07208085244129125
0.49596117875130974 0.31328593204245603 0.05614415778962378 0.13460873141661045
0.010048879290294521 0.29457551714227337 0.39923484885149996 0.29614075471593215
0.2704579942621854 0.053619197499348736 0.45711234472743945 0.2188104635110264
0.24110542539024227 0.0021152185883331898 0.23813491163064304 0.5186444443907815
0.06672960380151838 0.09414057440537504 0.1910146275184874 0.6481151942746192
0.08559098772816831 0.10565029563112738 0.23589574086067433 0.57286297578003
0.3403873711420655 0.3311827280430708 0.20481566737760526 0.12361423343725841
0.12649277480946286 0.08391128354582977 0.34162380534931536 0.447972136295392
0.11069298497814384 0.4832602165386921 0.04005385931017569 0.36599293917298836
0.24534178546014596 0.16964793324882677 0.4538854988554708 0.13112478243555648
0.5352403782055861 0.12921573025079847 0.26491750025173544 0.07062639129187998
0.5640518447178356 0.04343585502465597 0.028096019858318888 0.3644162803991895
0.5330704023631755 0.3874457286550391 0.02012123437986324 0.05936263460192215
0.7399072256864518 0.09826938931979223 0.1330011194106333 0.02882226558312262
0.6337590867533814 0.0419799801762738 0.15728432967822092 0.16697660339212383
0.28603623480006535 0.0029898681697940743 0.3616515127019718 0.34932238432816876
0.5152114105339475 0.01523922477593076 0.3727777580439853 0.09677160664613649
0.09077790216677328 0.3135764301349233 0.29684850506082927 0.29879716263747413
0.1834951546989625 0.13124042567712602 0.5964954519794077 0.08876896764450382
0.5608976243492427 0.132403226541294 0.04528934069823831 0.26140980841122496
0.2860247902077643 0.1311820201582975 0.17593180421390286 0.40686138542003536
0.4231642653768217 0.04796736667710233 0.13312340935880118 0.39574495858727476
0.26542860921620604 0.23209264772274452 0.3619288317341869 0.14054991132686256
0.289446022546589 0.009300258632011227 0.6447156208394493 0.05653809798195042
0.10165542054032317 0.2337188025028606 0.5576863121743529 0.1069394647824633
0.03258792519320797 0.5988316091138717 0.10069639805818098 0.2678840676347394
0.3987382006730582 0.04132576559579815 0.3143925540673863 0.24554347966375734
0.24513265359292158 0.25173999287047566 0.4241474728740161 0.07897988066258665
0.4641624609527256 0.07915666176353542 0.25733694405869845 0.19934393322504051
0.31542506669730086 0.14014561534352277 0.060330042642336434 0.48409927531683994
0.3002138459546634 0.46712293741289623 0.0926723351586386 0.1399908814738018
0.25838227359448496 0.18134166921463846 0.21156978713081798 0.3487062700600586
0.1371847040639339 0.4157019311676683 0.009892085826957442 0.43722127894144036
0.11357636606980392 0.3389023370891687 0.16198439622319472 0.38553690061783263
0.07372250838499483 0.6948267166689926 0.09180835490668915 0.13964242003932337
0.295356547547567 0.4697314435900609 0.17995107265383925 0.05496093620853282
0.1837497761165947 0.019734694533517394 0.31825916235230045 0.47825636699758745
0.17271954420381186 0.3043676270541372 0.14069933798005718 0.38221349076199373
0.27962639873907613 0.2391975460213397 0.4207026379399681 0.060473417299616083
0.2146637089952944 0.23713053652572347 0.26782155857828416 0.28038419590069796
0.10719274156307246 0.22834398696235425 0.12395552658735198 0.5405077448872213
0.790574919970125 0.1902119388478377 0.008621270050943819 0.0105918711310935
0.17042498031255304 0.572100775912454 0.10036609881815828 0.15710814495683467
0.010148312937776627 0.2718329207763529 0.693480773167712 0.02453799311815852
0.4155713284814757 0.2226301195190008 0.12234417553450982 0.23945437646501366
0.013365328927252507 0.08176356219388647 0.3760945129448179 0.5287765959340431
0.7143126327141228 0.030707256761867474 0.21123993001815522 0.04374018050585449
0.07358941846411016 0.12833500887895277 0.1805815994976897 0.6174939731592474
0.2029599040716853 0.11452993047802795 0.3374189193289342 0.34509124612135256
0.7702104426629967 0.05031892661722148 0.1462174049852938 0.03325322573448808
0.07252364902062769 0.041964314505267386 0.6162238772345894 0.26928815923951555
0.317462279115192 0.3304555236486725 0.2903647332438326 0.061717463992302934
0.3037306358320607 0.582288019542374 0.09256771959269694 0.021413625032868366
0.5988966748869333 0.10806008287172297 0.12092493104754998 0.17211831119379373
0.2954548676400819 0.08475703825965208 0.5197693428170688 0.10001875128319726
0.6675080278717832 0.2926330269881541 0.03280783412351618 0.007051111016546541
0.05574908879212115 0.10013587011406977 0.7280321138768657 0.11608292721694335
0.10787676780872923 0.44399599887735475 0.44289670186124463 0.005230531452671383
0.4488083182066005 0.21442602029052027 0.04466011204781162 0.2921055494550676
0.7457112883397172 0.09378325060316439 0.08511290894501289 0.0753925521121055
0.38998441292646224 0.053426248926258135 0.5402630681886613 0.0163262699586183
0.026083434266366057 0.5045313298519546 0.2934791783162035 0.17590605756547584
0.11840190233946302 0.4951247476948035 0.3854143971269628 0.001058952838770666
0.3051856587854783 0.06508821711186918 0.5845435903194096 0.045182533783242884
0.4452697367203181 0.03747570733400751 0.1486798741429367 0.36857468180273767
0.42885201378976445 0.35212318740393234 0.20361067575331293 0.01541412305299028
0.29473270917058403 0.4065164921662623 0.025556337960709663 0.273194460702444
0.24335030297657056 0.2006126072296398 0.18608784438694015 0.3699492454068495
0.006698927979150837 0.30356249846971783 0.6320578291709272 0.057680744380204096
0.26191143678683704 0.05543934073856294 0.0776033410352156 0.6050458814393844
0.11550088893466537 0.019765272078744678 0.06635393334691375 0.7983799056396762
0.6162192892202895 0.009790245818926069 0.20661645375187032 0.16737401120891415
0.20098445451835034 0.09847571909982289 0.4437364491842889 0.2568033771975379
0.17926282573742391 0.13096106579163502 0.6526785386340636 0.03709756983687751
0.25550825727730997 0.22577264545932296 0.037748826476458164 0.4809702707869089
0.20821951001289707 0.1490500038164969 0.40823358886010397 0.23449689731050205
0.10108851659859197 0.2149190034397518 0.46779948760566115 0.2161929923559951
0.2362862251202137 0.11986569144569148 0.22855824005177916 0.41528984338231567
0.2953283625939106 0.22625729294942298 0.4773855828488123 0.001028761607854145
0.6547789069824529 0.15771986299848018 0.142003870774411 0.04549735924465592
0.4409570335519626 0.07103476344289306 0.25417862520376533 0.23382957780137903
0.043028117943009314 0.6522819027563431 0.19806880850129294 0.10662117079935463
0.4998716555485203 0.20207243289797394 0.29694899490996507 0.0011069166435406785
0.30326851404266764 0.18417273206725893 0.17928448254885465 0.3332742713412188
0.3532914805165168 0.18136170008362051 0.44001697433314146 0.0253298450667212
0.06848946019364521 0.17025846241223452 0.07701377745607674 0.6842382999380435
0.5830857494201339 0.2679583294056942 0.0595719968802515 0.08938392429392039
0.2221468302720142 0.00990026636539254 0.13669879170256838 0.6312541116600249
0.07697742872354629 0.3678338408520986 0.24038358246535396 0.31480514795900116
0.5218059801734477 0.08212831638235163 0.2950133502554104 0.10105235318879024
0.1891958933686272 0.1436598811758556 0.018684591016299712 0.6484596344392175
0.0703090159330606 0.4851525670986093 0.4133043210955506 0.031234095872779477
0.04877453977030011 0.4529444423810216 0.46500338812012687 0.03327762972855142
0.22213100012321763 0.6255355124370835 0.05913455226291986 0.09319893517677902
0.3516736001656581 0.43412339544608025 0.14572016688843525 0.06848283749982642
0.02494741720345428 0.42125382704349157 0.5127670045225803 0.04103175123047387
0.20176744869904928 0.42897306725181594 0.3057413360881951 0.06351814796093969
0.24553951786378658 0.4824966018072433 0.03893543526053578 0.23302844506843434
0.30504194455352207 0.24639131897740918 0.38833885838498994 0.06022787808407881
0.03036742203995968 0.12391064015787501 0.4403993807714638 0.4053225570307015
0.7442066041302413 0.05123772186449882 0.05937448639859377 0.1451811876066661
0.07432136214775864 0.02002956082010543 0.8605375877648216 0.04511148926731434
0.08642277831693224 0.3175563544492642 0.11459503651023761 0.48142583072356593
0.3781576680034504 0.2159245901280229 0.17978428404980173 0.22613345781872496
0.008785391048810154 0.176985060135468 0.3153987568932195 0.49883079192250235
0.0741818997630852 0.575744171562409 0.007248799418476226 0.3428251292560296
0.47777450068694205 0.19812736585444835 0.21465215759266476 0.10944597586594484
0.17836355735103215 0.6616972786824626 0.13520411370275687 0.024735050263748337
0.0630161697845858 0.21496860948801033 0.45949512200533493 0.26252009872206894
0.11088959075504634 0.43105289685434267 0.10864482638755613 0.34941268600305486
0.21672263367940092 0.2566251263707402 0.2262911687548027 0.3003610711950562
0.40922289782608445 0.12068830560414678 0.10133845758334126 0.3687503389864275
0.011416318667181291 0.2738736923473305 0.19747767824733875 0.5172323107381495
0.15058071415303587 0.6595281540425635 0.01976109298545392 0.17013003881894673
0.012019303093654399 0.844744838129097 0.06957089511865822 0.07366496365859043
0.09556424542238118 0.0027475878704927847 0.7284310685596315 0.17325709814749457
0.24675854829067356 0.5124999282309876 0.03595428158242964 0.20478724189590924
0.03955309937885587 0.14744081931179187 0.4836271242396575 0.3293789570696948
0.22143177711849837 0.21924167547672735 0.5418192404163746 0.01750730698839964
0.10735643100425873 0.5654739333380528 0.30050991555593987 0.026659720101748552
0.19501669384718612 0.48691984223447937 0.026510287472069516 0.291553176446265
0.011883452129815342 0.3152034035711212 0.43183028918793454 0.24108285511112892
0.014075350395599151 0.10122296084664284 0.699676828534472 0.18502486022328601
0.042945422500622055 0.3511948372909348 0.11595307597615534 0.4899066642322878
0.2887445749598494 0.03451906018288364 0.4384933472612276 0.23824301759603939
0.18526381278191473 0.07631752549362181 0.37554214217930726 0.3628765195451562
0.41234384611716945 0.047313358020860896 0.27758814969916956 0.2627546461628001
0.1144666565477459 0.09938907812263464 0.4877477823002496 0.29839648302936983
0.17178858598649072 0.22336167949801566 0.1461571240795302 0.45869261043596343
0.07975577553770008 0.22769361865955762 0.41271030422218413 0.27984030158055817
0.21537259704425538 0.3090664584253523 0.03896271777517546 0.43659822675521687
0.08008550138747739 0.7170004420944119 0.10393172165069398 0.0989823348674167
0.2131847379510552 0.046986895959808206 0.43624629091194334 0.30358207517719327
0.051166795274359744 0.15974715602994183 0.43422855319234477 0.35485749550335366
0.002447069379205802 0.7816207755518766 0.14657133283193302 0.06936082223698459
0.004516890741848911 0.38449296302352254 0.29420407695667206 0.3167860692779565
0.17354786034096203 0.5140155581573836 0.04757506148757329 0.26486152001408103
0.05874772829962427 0.7171402646208725 0.10594005131170214 0.11817195576780104
0.33119581972629364 0.19433400348935737 0.06852095347528553 0.40594922330906347
0.43804932495164683 0.09899345445276608 0.06186722514520426 0.4010899954503828
0.26152041623719824 0.006218738745507824 0.05237846432404403 0.6798823806932499
0.07861307619080937 0.23538095010170546 0.41565053880478564 0.27035543490269953
0.019681820278308115 0.2577960279375685 0.37654434975315765 0.34597780203096573
0.11017518100594981 0.21973491797751288 0.24904286312497892 0.4210470378915584
0.0867727818798757 0.0742829562200149 0.675189256063395 0.16375500583671443
0.2783368949523788 0.5387471286973328 0.13011150429207596 0.05280447205821248
0.16422790169202905 0.2279237256269494 0.20337104645002468 0.40447732623099686
0.21854356333412073 0.08685179753814731 0.4488312711257967 0.24577336800193528
0.13401075129539497 0.19057406011144085 0.16661547955531064 0.5087997090378535
0.2966630329259804 0.3989352490061706 0.27345875329848623 0.030942964769362757
0.3305524863638637 0.481100801686728 0.010704896644602946 0.17764181530480538
0.11403377679844862 0.005625759845053091 0.4865208387902622 0.3938196245662361
0.5288027076884503 0.13608088428249587 0.12210648601486274 0.2130099220141911
0.27213799760354995 0.4361706841141023 0.09916028949983091 0.19253102878251682
0.0086223941730873 0.23199082804621163 0.5698709837352497 0.18951579404545138
0.38093129167267403 0.16959273152866827 0.2622988650008826 0.18717711179777508
0.08937137619227176 0.17155463891428424 0.410657767815117 0.328416217078327
0.1011818190737811 0.3123933334088539 0.38132821859844646 0.20509662891891856
0.012620274052275171 0.19953684928832305 0.07858733921242045 0.7092555374469813
0.5017490931000298 0.14193631197420287 0.10966074152039096 0.24665385340537638
0.488014295718038 0.3919786762016376 0.08084993016161424 0.03915709791871014
0.06276749925975666 0.15204641775852568 0.08949518885171293 0.6956908941300047
0.4375448448323932 0.08926531644276148 0.2066083786861448 0.26658146003870054
0.25281914228781066 0.1783709988721739 0.3899127802569793 0.17889707858303616
0.21613019822667412 0.2761635574875084 0.22079630418092655 0.2869099401048909
0.01572715743731179 0.5641832188975325 0.2435380182027994 0.17655160546235626
0.10049688968217518 0.3589560810472362 0.2523042994577065 0.2882427298128821
0.21516452890607596 0.13226423249806407 0.3628162728822266 0.28975496571363335
0.5381220177064935 0.2636288851152744 0.05469822861855034 0.1435508685596818
0.16437540330974343 0.5530287120150796 0.11374523893188304 0.1688506457432939
0.2592578667761787 0.036501867105230734 0.2827743185646423 0.4214659475539483
0.34726302019801536 0.10738513749024181 0.36391781188507655 0.18143403042666628
0.21772386123514742 0.36729605570605806 0.11218154032524041 0.3027985427335541
0.49317212280580824 0.1855508802697814 0.1120911734668616 0.20918582345754877
0.22301563117478984 0.3100932355012219 0.02942267663545295 0.4374684566885353
0.15294418703816448 0.26681593336259024 0.23081726125695334 0.34942261834229194
0.21516539100913357 0.13887017065555796 0.4761510321917568 0.16981340614355167
