4 80 4 228.88127775139938 457.7625555027988
9.70326855112309 5.925090242581501 9.75415923968396 7.433343943069282 7.2795594213754375 2.9448054602233875 9.786470092986177 1.0560722968413088 3.2768412614509956 4.913123791640012 8.014446296143772 2.7791656714022777 8.766939120393001 9.850606094577815 2.4745801726422885 6.376005495395733 1.080874879007995 4.4791415437926645 1.3974405213834962 9.609876709428123 4.925319821918179 9.540795761034065 8.076753873415548 8.796603687235287 2.5584887934635336 1.6745372831179632 6.406684492399924 2.5117496534656345 7.600421507595129 4.675994741368132 5.751179410761283 9.438144255558477 5.695265102004622 1.9737404459850763 2.4240106646631947 5.906823865328915 5.71963672061626 6.738492197133943 4.613458992312456 6.848245981174081 4.572100026115594 6.615245021934007 7.906644703811114 2.6107651903701776 4.3801819172878815 5.522797533942409 7.180003719247112 3.2831168379524485 5.992667766483027 6.624377596576879 9.059510494505314 4.265682295898138 6.73801365716863 2.7230176190706703 5.4801470315557514 2.6420086411408614 9.265447352257864 4.886398642071049 8.471692918885116 4.750986742105264 9.142008298690303 4.643426955798154 3.9805705278201047 6.1492489324547375 8.60899284184702 8.749128805777648 6.36119305361501 1.7619544991836924 6.375399465872574 3.209083377247919 7.59334103730971 9.051861630850649 5.632605738218306 6.432071593241858 1.585610311445266 5.860672566785257 2.162681053033939 6.531065617152988 4.272853123403541 7.909822308976712
1.940653710224618 1.1850180485163002 1.9508318479367919 1.4866687886138563 1.4559118842750876 0.5889610920446775 1.9572940185972354 0.21121445936826175 0.6553682522901991 0.9826247583280023 1.6028892592287545 0.5558331342804556 1.7533878240786003 1.970121218915563 0.49491603452845767 1.2752010990791465 0.216174975801599 0.8958283087585329 0.27948810427669923 1.9219753418856247 0.9850639643836357 1.908159152206813 1.6153507746831095 1.7593207374470574 0.5116977586927067 0.33490745662359267 1.2813368984799847 0.502349930693127 1.520084301519026 0.9351989482736265 1.1502358821522567 1.8876288511116954 1.1390530204009244 0.39474808919701526 0.48480213293263896 1.181364773065783 1.143927344123252 1.3476984394267886 0.9226917984624912 1.3696491962348163 0.9144200052231188 1.3230490043868015 1.5813289407622229 0.5221530380740356 0.8760363834575763 1.104559506788482 1.4360007438494224 0.6566233675904897 1.1985335532966055 1.3248755193153758 1.8119020989010628 0.8531364591796275 1.347602731433726 0.544603523814134 1.0960294063111502 0.5284017282281723 1.8530894704515728 0.9772797284142097 1.6943385837770233 0.9501973484210527 1.8284016597380606 0.9286853911596309 0.796114105564021 1.2298497864909474 1.721798568369404 1.7498257611555297 1.2722386107230022 0.3523908998367385 1.2750798931745149 0.6418166754495838 1.518668207461942 1.8103723261701297 1.1265211476436612 1.2864143186483716 0.3171220622890532 1.1721345133570513 0.4325362106067878 1.3062131234305976 0.8545706246807082 1.5819644617953423
0.04853413641955251 0.5231072351951966 0.11238184350887848 0.3159767848763724
0.4877376391496743 0.022505990145265775 0.15668414224468596 0.333072228460374
0.35028521085551567 0.014267964470240146 0.10806813384001723 0.527378690834227
0.2609221572944955 0.15811187725780484 0.19989589209179326 0.38107007335590637
0.08318412257086116 0.5955012799081228 0.30093085956150134 0.020383737959514647
0.34745133671105566 0.26437047974423644 0.14770771270803928 0.24047047083666862
0.17377979375527586 0.23484699299462208 0.05686288806763773 0.5345103251824643
0.01597127753156069 0.7368489179488522 0.22045779864851778 0.02672200587106932
0.03387761789840915 0.4074630864742609 0.09356189729178255 0.4650973983355474
0.006323937265482749 0.6253683078594968 0.3179766948228644 0.05033106005215604
0.35414553817936534 0.05347613911229232 0.3128304441329587 0.27954787857538366
0.07365237412062664 0.10731246190447574 0.5819169538182211 0.23711821015667656
0.08877285739020269 0.6512718726117233 0.04668758443315857 0.2132676855649155
0.32832213688090817 0.01160427960124688 0.02640972276937925 0.6336638607484657
0.08691561764276523 0.8483752395909222 0.03338326814349446 0.031325874622818106
0.557082075265204 0.3271157887100642 0.07160673000864726 0.044195406016084515
0.1184455163335848 0.10313541364696821 0.03522399090100414 0.7431950791184428
0.029773996732739172 0.5943792475975851 0.3216750503451191 0.05417170532455662
0.8248209282060244 0.08264371822205685 0.025914521652959044 0.06662083191895973
0.33345638176379444 0.0745258871301564 0.45267359324193035 0.1393441378641188
0.23074594172777607 0.16250078663877954 0.4654741201227294 0.14127915151071502
0.12322788872941182 0.07953715901004699 0.03195200534338283 0.7652829469171584
0.5488051182820823 0.3995207656608035 0.00589320538979432 0.04578091066731982
0.5109061295180553 0.45084718822780445 0.014151963861655736 0.02409471839248456
0.17984963291789824 0.3019175284820328 0.47218881255435163 0.046044026045717334
0.23185520181835473 0.0475984023722521 0.5866705846497867 0.13387581115960645
0.04289853088357365 0.19088189934412614 0.17002983147950113 0.5961897382927991
0.08270761181285646 0.5534264029512869 0.3500907085659093 0.013775276669947378
0.4226559214656044 0.1616197312431833 0.3044269283276241 0.11129741896358825
0.16773020775391967 0.4264179241204453 0.049160389440137564 0.35669147868549744
0.1935149634645531 0.035278958652470216 0.35512595182963136 0.4160801260533453
0.06833463001706253 0.37226441714434844 0.401457600880609 0.15794335195798004
0.36397732246604353 0.04545826981100454 0.2766007108672178 0.3139636968557341
0.4262711666896969 0.2125919364538984 0.2210181749163057 0.140118721940099
0.1232166332489254 0.382590437529332 0.43413446375707365 0.060058465464668975
0.5610325638154504 0.11603476889337994 0.05292565584241904 0.2700070114487506
0.15148924924481755 0.28424549199918214 0.2879977695048376 0.27626748925116273
0.4002717027882252 0.07658116304292373 0.3911154632972572 0.13203167087159384
0.11948191776460548 0.204270042317807 0.38344788842658983 0.2928001514909977
0.027100400960439974 0.6304872197443028 0.10662122374285543 0.23579115555240182
0.30481570769324307 0.1304606004970419 0.09695221472473514 0.4677714770849799
0.49107075059232264 0.3571555767416853 0.06041408523481073 0.09135958743118133
0.2866870363919519 0.5446402957587474 0.014211768265239733 0.15446089958406095
0.07776876792584475 0.20754216400694236 0.5721823028907758 0.14250676517643712
0.14772701167278024 0.10588551409416525 0.7014534119062203 0.04493406232683417
0.4508077288322858 0.028880090734617836 0.1693199144968235 0.35099226593627286
0.516746763881536 0.10839443089869827 0.3573706731698666 0.017488132049899185
0.4980329091126755 0.004521608670298605 0.40438059626465994 0.09306488595236595
0.3732878321504155 0.32176584506641837 0.029343328720751405 0.27560299406241473
0.38063989163532486 0.19128261865417517 0.06824758268411124 0.35982990702638873
0.2888549243542371 0.03755684678365345 0.5459722130685821 0.12761601579352733
0.2880990716215327 0.21456641454328884 0.12357204823210255 0.3737624656030759
0.8017140895687547 0.15958970748386359 0.0020783714158086886 0.03661783153157305
0.06780815958339637 0.25661342885851046 0.6166759254975732 0.058902486060519954
0.10788422569526912 0.36704284665185016 0.17657431677446078 0.34849861087841993
0.3327916032795297 0.23865371961598048 0.12936190739421893 0.29919276971027087
0.4394741852014621 0.24121484907798163 0.16300283098414314 0.15630813473641314
0.16927356464293164 0.4679785486559812 0.2750476098923895 0.08770027680869763
0.47835052792857613 0.28630595037176565 0.19909296383064112 0.0362505578690171
0.23237430225331868 0.034527994551894925 0.4806195823261522 0.2524781208686342
0.12898378152341738 0.5781628471483207 0.056845418417005855 0.2360079529112561
0.1943989049435213 0.5629774876669247 0.00786700392016848 0.23475660346938554
0.6849288487479599 0.20253349201617055 0.024693001643605994 0.08784465759226356
0.2941670573303842 0.2803329549241055 0.09017095262771402 0.3353290351177963
0.32976213143304 0.05744375222633902 0.5967598321034925 0.016034284237128493
0.22171571038708582 0.14850841859582486 0.4398581381255028 0.18991773289158653
0.4577592029670843 0.4276987052886153 0.01804979431124376 0.09649229743305665
0.19341897434087696 0.6119695441868677 0.09223506894475153 0.10237641252750385
0.28585677559016565 0.3347667121325594 0.2698343509233092 0.10954216135396577
0.2279174946289676 0.13030055178528188 0.3283812379877008 0.3134007155980497
0.7190984938726488 0.08032781619111784 0.0801921258186119 0.12038156411762146
0.317729034170636 0.5752699959292936 0.015779229410571305 0.09122174048949905
0.06489936033511412 0.2050064182920206 0.31558154866572397 0.4145126727071413
0.37637562136604996 0.038342125610879796 0.05751639466450931 0.5277658583585609
0.007389096728895872 0.8432153683474078 0.07790988446849523 0.07148565045520106
0.13318810235162593 0.7015144526742318 0.08017976789008552 0.08511767708405671
0.03980947012484115 0.003772447669106449 0.7927946883859149 0.16362339382013746
0.13617425128557037 0.41935603072136507 0.42106672451889815 0.02340299347416641
0.7129463152147333 0.009361490395623617 0.19543353923514728 0.08225865515449582
0.05888517446850716 0.019024297837186954 0.35689827963688137 0.5651922480574245
0.10981811811784403 0.40483557896581246 0.3290532969069989 0.1562930060093446
0.14872683943405696 0.661417582692088 0.11657627111410629 0.07327930675974881
0.18902575945615485 0.20375541536597508 0.47299374112196935 0.13422508405590072
0.4124722116627568 0.02429408027675639 0.46565556393662766 0.09757814412385912
0.6235688394069139 0.10942987818908112 0.09302414942922455 0.17397713297478046
0.05888009415812312 0.06513452415514887 0.6704086992633702 0.2055766824233578
0.7629936412753662 0.17959220845161405 0.0012116561560653327 0.05620249411695444
0.040091124641168374 0.5031991903823657 0.4379196041077267 0.018790080868739234
0.2724714587237361 0.3850131771115364 0.00907376026498763 0.33344160389973987
0.0993277648941745 0.18870906210353366 0.44023261319553875 0.2717305598067531
0.5519264407313746 0.2296046831663351 0.14427747338154928 0.07419140272074098
0.13475260700177727 0.27483878266587214 0.5812054288494077 0.009203181482942857
0.6882212732041261 0.14119667651687962 0.004363420200385604 0.1662186300786087
0.3225749762532557 0.1219656882810447 0.3959254001878818 0.15953393527781778
0.09091055162091022 0.7166384015936905 0.11243839448329707 0.0800126523021022
0.15188560123269723 0.4849630716339036 0.21933509806121676 0.1438162290721824
0.3122050322800519 0.020290134707444563 0.042844976348839214 0.6246598566636643
0.4451251930602681 0.09265647311527858 0.07403068242618238 0.38818765139827094
0.1852092341733128 0.1506401757291439 0.3986696431061926 0.2654809469913507
0.16511812039988727 0.572333853014789 0.14868225793945644 0.11386576864586728
0.05243487868640262 0.21793060355189964 0.06885942598581662 0.6607750917758811
0.45693924176206524 0.05444804037368345 0.05176595279417706 0.43684676507007425
0.05720591625564686 0.3146277901072132 0.2279637848263396 0.40020250881080033
0.7365002639632688 0.02298587620201198 0.1656989910631419 0.07481486877157728
0.43702347241547124 0.2228707584647469 0.27899974843904785 0.06110602068073401
0.12278925276601593 0.0022033120207080037 0.4522395054657131 0.42276792974756294
0.38358001004032216 0.18378895445599164 0.2713417323761588 0.16128930312752743
0.10451524198326945 0.02832676448282012 0.02369020626566365 0.8434677872682468
0.01753367137178896 0.36661399184363663 0.4909146839185875 0.1249376528659869
0.037745180036163894 0.2994346506199923 0.2729265696623657 0.3898935996814781
0.021329839501554315 0.4046879207237898 0.019339284302013482 0.5546429554726424
0.1990556539637539 0.1562809749193742 0.31211790364497705 0.33254546747189484
0.245071897044153 0.33229180174682627 0.2994178038807753 0.12321849732824541
0.19012999559238153 0.2380249858498188 0.40582191124249856 0.16602310731530112
0.6510515583677586 0.15719816826618194 0.09921248238573799 0.09253779098032144
0.31942519516947254 0.15553872400338742 0.09686077447052488 0.42817530635661516
0.0577250991689825 0.2690796702087881 0.03517734890332502 0.6380178817189044
0.27309617663809704 0.2981380272470697 0.3768236014364923 0.051942194678340936
0.11562865386689491 0.3992795842179351 0.2812761404663616 0.20381562144880838
0.03104266800163158 0.2190992431356884 0.31264170199876506 0.43721638686391495
0.06353737904188561 0.00863004102570386 0.8666614885880348 0.061171091344375705
0.7345191799960762 0.1739903044458343 0.03908408082726045 0.052406434730829066
0.16200423390405105 0.25363809025361206 0.1462199455450226 0.4381377302973143
0.28727828024231794 0.14589037356651613 0.2638827840728615 0.30294856211830445
0.061629093926618306 0.48851833366143327 0.1529824524636536 0.2968701199482948
0.07398244677620602 0.30176987374387776 0.230391892518104 0.3938557869618122
0.021469889231514494 0.465297224299721 0.36640631959060876 0.14682656687815576
0.32266101367486877 0.24992015374953847 0.22386086652650128 0.2035579660490915
0.49187326955992816 0.16288267885326757 0.14874005094620013 0.19650400064060414
0.6348911246127822 0.1470133640083997 0.16703494259477758 0.05106056878404053
0.0817140255333002 0.22777695229816208 0.3637054946890921 0.32680352747944563
0.5351042723800182 0.04495922209159886 0.11701506296618347 0.30292144256219944
0.6933444907173139 0.058038961659751864 0.05927995638564276 0.18933659123729152
0.011921328044363078 0.32853129671656245 0.6212219613269985 0.038325413912076
0.12163763566341879 0.39596248772551135 0.3165172189365725 0.1658826576744974
0.120931260717003 0.06676145772701303 0.1462098347438362 0.6660974468121478
0.2302661821822669 0.16619854458407246 0.1431869267040502 0.46034834652961043
0.18207500771674012 0.08971840987479929 0.46568825111663215 0.26251833129182844
0.08282352311052688 0.006592132809876361 0.7457835887347491 0.16480075534484762
0.1084466488831709 0.533398269455294 0.20157369023301186 0.15658139142852323
0.3436202707396958 0.15124944742990232 0.026250614911223158 0.4788796669191787
0.17601348447979936 0.12832804568304979 0.15635894284391016 0.5392995269932407
0.29832699589018796 0.2873563850427344 0.21389816355093827 0.20041845551613935
0.03095690735949652 0.26932435833112633 0.6491202318758921 0.05059850243348507
0.4305465117595232 0.06012540019865631 0.0038636714333817324 0.5054644166084388
0.2907453201715785 0.19135252687658755 0.41077794817899516 0.1071242047728388
0.46253665229483 0.2508807806956319 0.24470135756342615 0.041881209446111956
0.019018880500788038 0.6529375274632782 0.16410049037673535 0.16394310165919845
0.15537164309331097 0.6269682041682368 0.024680687373676458 0.19297946536477573
0.331314234773714 0.24635630457382518 0.18351501567597317 0.23881444497648763
0.1895568782570074 0.4693421866441213 0.3219605668994905 0.01914036819938081
0.4550829068896304 0.18378157188035582 0.1454230071535858 0.215712514076428
0.0403580956649916 0.02239371736164031 0.5216988714298133 0.4155493155435548
0.018570894573084584 0.10260291239970709 0.5537069121402115 0.3251192808869968
0.2509361896170623 0.19162346575633304 0.4910776494247664 0.06636269520183824
0.06909730082066201 0.7213848231386344 0.05375660199186294 0.15576127404884066
0.0009066702152890072 0.17518851010169567 0.6416525440363885 0.18225227564662683
0.1479855800997535 0.7635205396897529 0.0878579198456243 0.0006359603648693479
0.5847623337664664 0.01484891228815688 0.37871018975824033 0.02167856418713643
0.07720747221195945 0.0308035566541226 0.5461258400041579 0.3458631311297601
