91 10 4 26.195468341772777 52.39093668354555
2.809032365061765 3.961184198429638 3.668497198309649 1.8400030163269108 3.997709312479151 7.527004665507592 6.871264695281681 5.543650856231832 9.52597617044255 6.646614205474785
0.561806473012353 0.7922368396859276 0.7336994396619299 0.36800060326538214 0.7995418624958301 1.5054009331015183 1.3742529390563363 1.1087301712463664 1.90519523408851 1.3293228410949571
0.342608527100256 0.3675961074308509 0.28208170633593166 0.0077136591329614035
0.00934138260430839 0.07156531787748244 0.5012616000064175 0.41783169951179167
0.3953914318204177 0.07261632320982747 0.3022905159734458 0.22970172899630903
0.008160271266523522 0.5266432421952096 0.21212666045831552 0.2530698260799513
0.46576155157442567 0.05379372401156968 0.39198469601786323 0.08846002839614142
0.38499160976302804 0.09676721113214704 0.27787551922582887 0.24036565987899605
0.5099694985853361 0.1619890112570861 0.001472841680499215 0.32656864847707856
0.5314159269441421 0.08440265900471433 0.3350787152889717 0.04910269876217188
0.8579366429674524 0.01690851853835884 0.10611669189574124 0.019038146598447492
0.08690474009531401 0.45376008438587845 0.37141957567799355 0.08791559984081398
0.07612124428230826 0.23081426976185748 0.6103820293332889 0.08268245662254536
0.06283323210746627 0.359093356733981 0.24727163390762175 0.33080177725093096
0.07320406111685307 0.11615519208460134 0.4623892752006632 0.3482514715978824
0.06797500951575741 0.08949520371167285 0.5188061499731904 0.3237236367993793
0.10767423956091271 0.13697376857014398 0.2747522927789693 0.480599699089974
0.2879164616398725 0.46079308539566843 0.0032312555253029007 0.24805919743915616
0.17557386243501794 0.07819600147719696 0.042753542969605984 0.7034765931181791
0.14124576790182963 0.2166708731173035 0.11247680981048969 0.5296065491703772
0.32509150352799665 0.34905372493477715 0.13995195027714724 0.18590282126007895
0.4910803159054672 0.13887058709167233 0.2103772248065836 0.15967187219627688
