11 40 4 106.85489593964182 213.7097918792836
2.6224271998909225 1.1752771733886211 5.168966738485102 7.524405362729331 4.781832441289547 5.368843883510042 1.1150273313154777 5.386344465878844 9.476259871090296 8.657155804391008 7.569680231987367 1.9786246468207744 9.04513753256573 8.714388223655465 2.485779558357044 6.691006124411465 1.184352515121094 2.050635419020146 3.8473058045128634 2.4212107600744326 7.830816293444548 8.364478220777292 4.101620418632956 3.8691891717619025 2.0049510879519437 1.7555782898985135 7.414533421199586 6.3958905663189 1.5010631162657058 5.318175534934873 4.61508832567587 8.63181097792277 7.4606426140589095 6.418576461239421 5.971454393549475 9.541921579719737 9.880059973226217 4.04248644684575 3.1588721114722604 8.167921785891515
0.5244854399781845 0.23505543467772422 1.0337933476970202 1.5048810725458661 0.9563664882579094 1.0737687767020083 0.22300546626309553 1.0772688931757688 1.8952519742180591 1.7314311608782016 1.5139360463974734 0.3957249293641549 1.809027506513146 1.742877644731093 0.4971559116714088 1.338201224882293 0.2368705030242188 0.4101270838040292 0.7694611609025727 0.4842421520148865 1.5661632586889096 1.6728956441554583 0.8203240837265913 0.7738378343523805 0.4009902175903887 0.3511156579797027 1.4829066842399172 1.27917811326378 0.30021262325314113 1.0636351069869747 0.923017665135174 1.726362195584554 1.492128522811782 1.283715292247884 1.1942908787098951 1.9083843159439475 1.9760119946452435 0.80849728936915 0.6317744222944521 1.633584357178303
0.06368643077465541 0.006336371849847033 0.0003597924824544352 0.9296174048930431
0.6160183850726514 0.17408273836113808 0.0025202616461367233 0.2073786149200738
0.020732978881171316 0.1480843197042815 0.5640080377627233 0.26717466365182385
0.29995200943055433 0.10037642349125409 0.3343392879826933 0.2653322790954983
0.6422148587410551 0.010399881174528836 0.15395205101213716 0.1934332090722789
0.33387442145109236 0.277757575283722 0.3382013090023668 0.050166694262818834
0.019343362298242628 0.433415802193755 0.00878112689530286 0.5384597086126995
0.36761762506764994 0.37233389273024475 0.05392088883691237 0.20612759336519293
0.1930180802665976 0.45503836170921586 0.08615654532953954 0.265787012694647
0.3188702397585751 0.01521265454376397 0.3246094571307494 0.34130764856691154
0.31818719398704765 0.12003347689029609 0.406717859994832 0.15506146912782426
0.30097916984093387 0.04273413711937046 0.6302549488049548 0.02603174423474086
0.2693035401785444 0.264390441717809 0.09330383729495728 0.3730021808086893
0.4155036692248403 0.10350407236281867 0.20490352103195508 0.276088737380386
0.4477711603657113 0.04972519238255113 0.4736788508827323 0.028824796369005257
0.5565211058717441 0.28416432451690077 0.07111005388732916 0.08820451572402599
0.42039077484565157 0.17509591561740268 0.3352792319962151 0.06923407754073063
0.505473168619571 0.03337712326550468 0.17411262834795904 0.28703707976696524
0.14491946190451044 0.21286977939130702 0.5982690227524696 0.04394173595171291
0.23288283262928866 0.3210444401922973 0.09411920035101096 0.3519535268274031
0.05411530447521384 0.0009695276305721201 0.9339963294735699 0.010918838420644117
0.35583007986260196 0.12242656037023492 0.28895964438133726 0.23278371538582587
0.3605798783967624 0.2533904508266013 0.0675887137748652 0.3184409570017711
0.05295186810844732 0.02542793960721257 0.6277678201120739 0.29385237217226623
0.1759034817259575 0.11513449407737086 0.5234028951117222 0.18555912908494943
0.17079014782816504 0.5026999958920305 0.07837702544265879 0.24813283083714566
0.02773266075835501 0.03771392195183987 0.2549258669789868 0.6796275503108183
0.6037265473927619 0.08420969947867563 0.21471118214758733 0.09735257098097516
0.14062588525348063 0.6526561769943544 0.06811062516550936 0.1386073125866556
0.5443871912785486 0.07910941217873646 0.1490411439610605 0.22746225258165442
0.234288511937924 0.259265850413138 0.41489358050947733 0.09155205713946069
0.3743355683698556 0.04097194724299569 0.05521253360235112 0.5294799507847976
0.27399239180774915 0.17361238532062384 0.4354019911624232 0.11699323170920384
0.5932158595891228 0.16567424403361453 0.1786140807500275 0.06249581562723516
0.2840215869807551 0.0464605218854407 0.1102718747497522 0.559246016384052
0.01836989442987258 0.3357327379512579 0.4744275408595484 0.1714698267593211
0.4945636354870594 0.007606147548613995 0.3371186275662096 0.16071158939811703
0.27827656976936765 0.060411900606652136 0.5211827155913707 0.14012881403260946
0.5171443992591588 0.1612051596487306 0.07693407381605566 0.24471636727605495
0.2115011781361238 0.10314594199423122 0.679129349258487 0.00622353061115799
0.29026366713531204 0.029104039915597957 0.0452479359451311 0.6353843570039589
0.3614835422032018 0.2003351679416766 0.34358161065519344 0.09459967919992818
0.06288762386070046 0.37335330980446046 0.3343071327498581 0.22945193358498095
0.35843792834815624 0.3427263466953606 0.23174035214382904 0.0670953728126541
0.7644910965444714 0.04647547741059588 0.1464774788708878 0.04255594717404487
0.33436415416124 0.0313060134159131 0.3725824552715199 0.261747377151327
0.07500199310871569 0.5478320145442739 0.13681545989918398 0.24035053244782645
0.16902881059075237 0.24963461959108846 0.4143739784025866 0.16696259141557257
0.6960661747706572 0.07156606016865086 0.10766234508437478 0.12470541997631712
0.4379592060627783 0.13033046286448802 0.007268872127968229 0.4244414589447655
0.09141458692565019 0.12658878834486975 0.0841613125170908 0.6978353122123893
0.08569480601338675 0.5395300340579335 0.08407617770011544 0.2906989822285643
0.6567088061886622 0.168943422883588 0.08546943572847665 0.08887833519927313
0.2860446694951897 0.2078683316383162 0.428537237137364 0.07754976172913008
0.5506394709523689 0.09808272733233159 0.283691520653937 0.06758628106136255
0.12704826111139933 0.18663089199195504 0.052748057938129866 0.6335727889585158
0.23834610123997146 0.6938025204292503 0.027814025671260012 0.040037352659518244
0.13648451325554378 0.09155235293871344 0.2935366252015459 0.4784265086041969
0.04587020519081331 0.8837349091594312 0.03632578234907213 0.03406910330068336
0.05293284911473728 0.6529514095105737 0.030425213156760278 0.2636905282179287
0.2477996424832022 0.5986973346641565 0.13319633117164675 0.020306691680994526
0.05317982877899563 0.40101797134810735 0.46130520397155694 0.08449699590134008
0.24699815272037573 0.06554660656082789 0.6354052704709502 0.05204997024784619
0.8316599395304785 0.07987290723860474 0.04064263352515918 0.04782451970575763
0.19072161285288602 0.5998919131201221 0.17077424578406597 0.03861222824292587
0.2484196822431457 0.050670548048839636 0.5801658327604134 0.12074393694760122
0.2987078763658917 0.12395209828045917 0.15199596915425861 0.42534405619939053
0.5310294059139394 0.037276425013967995 0.031344273318276494 0.4003498957538161
0.2218770910355624 0.0078066327971237914 0.1222878700713077 0.6480284060960061
0.14322266096375436 0.236274527422781 0.5233396441542181 0.09716316745924658
0.18776571431877243 0.03587276613302037 0.25872261513057504 0.5176389044176322
0.05971972772944523 0.35608982814743917 0.2523614663908279 0.3318289777322877
0.023839804008858878 0.9168691883615274 0.009702273212108592 0.04958873441750511
0.3006610742984531 0.1333309882888637 0.1534421612098954 0.4125657762027878
0.25036821423134437 0.09582749972413596 0.296723557881199 0.3570807281633207
0.3248058703912017 0.2209794646751947 0.19579329548640734 0.2584213694471963
0.173345022674655 0.13749273031147047 0.46805547861544083 0.22110676839843368
0.11521202185396162 0.3689358607037504 0.048092296549034796 0.4677598208932532
0.10519406923913521 0.2756763924330461 0.17605063387276743 0.44307890445505127
0.17521486475504 0.49181922941626643 0.22347052661757794 0.10949537921111563
