20 30 4 90.18712630542646 180.37425261085295
6.293177209695468 9.079423551184762 9.023776565272373 8.342537295769155 1.3230062705516796 7.225818235829955 4.408128478048673 5.666598509032726 6.9215631900293175 2.744651960946535 3.4508476185992554 7.4674534024104915 8.047032485131094 8.652948757974958 7.977204045949264 1.329978757789772 2.0502436161960564 7.7615262953893085 3.1529639457964853 3.293254125479321 8.718629780527863 9.548011235028724 6.055181722100421 2.609024678649789 7.932267398245602 5.431429356530946 6.6812775900719075 8.555481306223353 5.149354566631876 5.481460659765746
1.2586354419390937 1.8158847102369524 1.8047553130544745 1.668507459153831 0.2646012541103359 1.445163647165991 0.8816256956097346 1.133319701806545 1.3843126380058635 0.548930392189307 0.6901695237198511 1.4934906804820982 1.6094064970262187 1.7305897515949915 1.5954408091898529 0.2659957515579544 0.41004872323921127 1.5523052590778617 0.6305927891592971 0.6586508250958641 1.7437259561055725 1.9096022470057448 1.2110363444200842 0.5218049357299578 1.5864534796491205 1.0862858713061891 1.3362555180143816 1.7110962612446705 1.0298709133263753 1.0962921319531493
0.26879523874435407 0.4106158788088967 0.09203402080531198 0.22855486164143723
0.26362882866005677 0.06557757907358996 0.2976470299827033 0.37314656228364995
0.16162871044378735 0.09634587542139783 0.06060497371461682 0.681420440420198
0.7343005193170531 0.04438738504627704 0.04713567289268006 0.1741764227439898
0.4256364789640509 0.23885272386155243 0.12158224070124746 0.21392855647314923
0.5012578437160973 0.2068582514654167 0.06969243943572889 0.22219146538275714
0.37980555470253063 0.17742330778446147 0.07405280665705383 0.36871833085595407
0.34475162700699546 0.18258597772788943 0.36389993020485367 0.10876246506026144
0.04815737001461995 0.22013326366048314 0.030981243976257677 0.7007281223486392
0.10760726484068206 0.22464467528260534 0.5823860408790316 0.08536201899768103
0.035537026671508265 0.7199865721242388 0.13548445626790595 0.10899194493634701
0.773256387306404 0.05220836395772155 0.09895426036453558 0.07558098837133886
0.3543459622518986 0.019477846911066243 0.021241372390922386 0.6049348184461127
0.4159429580075482 0.2468618848262678 0.0596738082786209 0.2775213488875631
0.08463830480062273 0.7221583925670986 0.15587744115674018 0.03732586147553851
0.23757338754052892 0.5276854503877516 0.23134201662512732 0.0033991454465921445
0.44437532809698 0.2496160433120984 0.22195562662718338 0.08405300196373822
0.25781466546308895 0.47691809200502333 0.21066315397580193 0.054604088556085784
0.07703627432303728 0.7139287379103657 0.05417551111584107 0.15485947665075595
0.10550224951235221 0.3696540937426206 0.39123350249535005 0.13361015424967715
0.3817833671806402 0.10420976517787583 0.250477898336108 0.26352896930537595
0.12840324209091825 0.2812658619623778 0.2716936147680683 0.31863728117863566
0.6180660262503396 0.03065445591367788 0.01878190874289054 0.332497609093092
0.3111033204530341 0.5532659268381294 0.09301129488788018 0.04261945782095633
0.417425527140704 0.02542906055768901 0.2466727733041969 0.31047263899741007
0.20352206348122004 0.26431714795926486 0.06495207367918399 0.4672087148803311
0.15460408804807246 0.5059819555605092 0.24610324723485544 0.09331070915656292
0.04094531689192238 0.3540244143061001 0.4430019182180095 0.16202835058396803
0.397447321290347 0.08260446325105641 0.15032041535991747 0.3696278000986791
0.01764816102195388 0.09932528001129348 0.18926439618334168 0.693762162783411
0.06732466693901773 0.41365946536062814 0.16980178182368422 0.3492140858766699
0.3105115500462974 0.20012950612885438 0.046808754397130725 0.4425501894277175
0.3948432208584274 0.18739790242678822 0.01589269647980418 0.4018661802349802
0.15639171851094724 0.252251713567875 0.39532713553218635 0.1960294323889914
0.5135683337577432 0.07871868489806966 0.05428026811979614 0.35343271322439096
0.0370838109187992 0.4223256547290801 0.16102113456913025 0.3795693997829904
0.08416360169753323 0.2077286018561879 0.6526782843666469 0.05542951207963198
0.6593169555805695 0.0437835764614003 0.17548204772142162 0.12141742023660862
0.1656355549063111 0.4421315245119759 0.08773356000604016 0.30449936057567284
0.11700177023270109 0.04843597527262933 0.1185872604148781 0.7159749940797915
0.12144376980074678 0.3936484644419703 0.32380222395314284 0.16110554180414005
0.38540456172748716 0.03727233261746854 0.1585657353655524 0.4187573702894919
0.37158097618591446 0.056497546271891075 0.41655119168968013 0.15537028585251433
0.18977592561632284 0.0638850472859478 0.17088350346095216 0.5754555236367772
0.13266124581933758 0.22233420457315634 0.3761733253163261 0.26883122429118
0.009592770783399152 0.45233201092994624 0.5105785326075307 0.02749668567912389
0.441075940143165 0.14637084090652408 0.13919419265990174 0.2733590262904092
0.3842205296299164 0.25226641234976854 0.15718232283034927 0.2063307351899658
0.007775148666466225 0.7291122316377079 0.25253775867536 0.010574861020465898
0.2307541223479932 0.512181147074944 0.016717564892476333 0.24034716568458647
0.27593379095952353 0.400267607553336 0.29440329668559195 0.029395304801548505
0.25559737579752306 0.23485462307257798 0.013378933000556925 0.49616906812934203
0.5758533559110415 0.31916109267534587 0.06606231714137323 0.038923234272239426
0.2719138604328001 0.24452881957774475 0.26628609664367064 0.21727122334578453
0.6388630690353211 0.12962342585983533 0.18282799522391036 0.04868550988093323
0.3135613791412937 0.38936784136294655 0.28241839802067836 0.01465238147508141
0.7309993864763508 0.0054292905452953955 0.056887636629492366 0.20668368634886147
0.5419266925445466 0.2524154165575967 0.12781361972743532 0.07784427117042136
0.5035396797949104 0.2063790830513953 0.2625651556743882 0.027516081479306065
0.06360523439451415 0.5496885466107162 0.21759142141643772 0.16911479757833192
