94 20 4 58.022896010189434 116.04579202037885
7.474472076195626 6.464990580597906 7.208754531208873 4.810896810104815 5.056894995312373 4.5322477299072235 5.607164333181606 2.0147676309530946 9.768673115748545 5.453314933023011 9.582533068377362 3.7626930390605398 7.960810859508484 3.818303187323722 3.721407035095736 7.957564226720459 4.099750665952495 9.77500176020531 1.25293706370404 5.722614378197641
1.4948944152391253 1.2929981161195812 1.4417509062417746 0.962179362020963 1.0113789990624746 0.9064495459814447 1.1214328666363211 0.4029535261906189 1.953734623149709 1.090662986604602 1.9165066136754725 0.7525386078121079 1.592162171901697 0.7636606374647444 0.7442814070191471 1.5915128453440919 0.819950133190499 1.955000352041062 0.250587412740808 1.1445228756395283
0.0609631835848542 0.4556922872660524 0.183596784997062 0.2997477441520314
0.1436421732388028 0.5869335788083495 0.1139647289016642 0.1554595190511835
0.024024467078657907 0.2458516364160218 0.2088001572263959 0.5213237392789244
0.2394363436673198 0.02787801353368069 0.6408060635093817 0.09187957928961776
0.4417673141221342 0.10469140122568554 0.07586247568758564 0.3776788089645946
0.4685255870194951 0.2863681124712598 0.1897926456486665 0.0553136548605786
0.01708899549345466 0.3823638248697153 0.10601253858281001 0.49453464105402
0.4859141689021629 0.236245217134202 0.02559226435773576 0.25224834960589937
0.30405971059775905 0.14608060340809614 0.02467500574441639 0.5251846802497284
0.5593617320085603 0.21259302606969566 0.12469085280272785 0.10335438911901618
0.04619986925300579 0.23639381270581172 0.5843863562671123 0.13301996177407016
0.03152734448597905 0.10742473921861406 0.27912553941368035 0.5819223768817265
0.019862612206428487 0.25609481709527027 0.46231666044875763 0.2617259102495436
0.059930807585060086 0.14363662138068067 0.23462460836915777 0.5618079626651015
0.10534345505829901 0.24258944455600961 0.33242513905805393 0.31964196132763745
0.8640894107758503 0.029853461537139192 0.00606197037143541 0.09999515731557507
0.24579097299429264 0.13559224323888075 0.45940107498213045 0.15921570878469615
0.018145976559878152 0.10726991116232898 0.518455019995612 0.3561290922821808
0.10877514141692146 0.6354191871733056 0.09899406050268567 0.15681161090708728
0.2133447366608353 0.3673862144758012 0.21007013071201064 0.20919891815135283
0.017033143385941307 0.2820564317434827 0.32870734174465965 0.3722030831259163
0.20668103078786748 0.20111423002729756 0.22943661710241658 0.3627681220824184
0.017076978431587286 0.12646653573699262 0.05871309744862774 0.7977433883827924
0.30049964467652657 0.5761290298187846 0.050446690422666474 0.0729246350820224
0.687013330366941 0.21775933482418908 0.02490902293862096 0.07031831187024895
0.20528460760370126 0.2699882031549199 0.15599527736677732 0.3687319118746015
0.04752810918127104 0.5849347607621955 0.07319935218752849 0.29433777786900495
0.20720620963879588 0.3735320308485989 0.051030247074628776 0.36823151243797647
0.029767862866476147 0.39319603917290535 0.21687050883954884 0.36016558912106966
0.15803329500599728 0.18937673945009204 0.443221585458081 0.2093683800858297
0.2943365030392143 0.18976536381250564 0.23385050578946565 0.2820476273588144
0.20399778175675432 0.11740974975090179 0.4168689461075571 0.2617235223847868
0.18438664396526738 0.01677247910536117 0.5432229035520867 0.25561797337728476
0.010492079301753554 0.10165386977359192 0.5846751715775182 0.3031788793471363
0.08344909538962364 0.43081642465742265 0.22434053777981267 0.26139394217314105
0.07972447623397838 0.2621604552452299 0.19597409919656472 0.462140969324227
0.09423660975018211 0.17558560474363993 0.6833291107663519 0.04684867473982601
0.10304066521727417 0.5139759369744922 0.28285302097323495 0.1001303768349987
0.3706730360597872 0.34749823384583134 0.04733851886639284 0.23449021122798863
0.34335660366717136 0.23564070816656568 0.24375279385778725 0.1772498943084757
