65 30 4 68.32390165456188 136.64780330912373
2.967805451324854 1.282624475523225 3.5841274960573304 2.5538018999968584 3.730387427905693 2.466552002563795 7.293823779049899 7.943597485013739 5.630972028654402 3.122261993058068 3.070356639388968 5.551436497258527 2.2076646668861426 6.053160366864671 5.338001827945359 7.117018800810793 7.648365627372926 2.4862659010412864 1.906243365385364 9.348288162502863 2.9824437787601177 1.9018726435003046 8.137506629646914 1.9668378401524294 5.101668150779914 1.964045164986628 5.793153206380665 5.014673300453581 2.6174819553357653 9.865364744522672
0.5935610902649708 0.256524895104645 0.7168254992114661 0.5107603799993716 0.7460774855811386 0.493310400512759 1.4587647558099799 1.5887194970027478 1.1261944057308804 0.6244523986116136 0.6140713278777936 1.1102872994517052 0.44153293337722854 1.2106320733729343 1.0676003655890718 1.4234037601621585 1.5296731254745852 0.49725318020825726 0.38124867307707283 1.8696576325005725 0.5964887557520235 0.38037452870006094 1.627501325929383 0.3933675680304859 1.0203336301559829 0.3928090329973256 1.158630641276133 1.0029346600907163 0.5234963910671531 1.9730729489045344
0.10579117354108003 0.444479472265361 0.11295584695943373 0.33677350723412525
0.05040405473854259 0.7564680592857292 0.12443320032806471 0.06869468564766346
0.41065642736484065 0.00013412691902103813 0.45979770933593545 0.12941173638020287
0.06251671369760159 0.6352728730063751 0.2377953268916494 0.06441508640437388
0.049855573308633105 0.7619155294720558 0.07296166392185288 0.11526723329745825
0.28542069701080586 0.2455295678393088 0.421717877484141 0.047331857665744326
0.04208975435279538 0.2758045677987393 0.5768441047778522 0.10526157307061312
0.1610045641186577 0.46472842831371386 0.3142995533137387 0.05996745425388972
0.5931091560723264 0.008540856366293648 0.32964526916929393 0.06870471839208603
0.18980261229332107 0.16480832555162583 0.0355561383095655 0.6098329238454876
0.18689798072911978 0.04562133221150766 0.7471646869047881 0.020316000154584457
0.17497349061381862 0.08686178265876032 0.5342694077215303 0.20389531900589075
0.0652959808594108 0.5737658255076953 0.3572827100178658 0.003655483615028099
0.24371750851755136 0.010329497350631822 0.17651228631416505 0.5694407078176518
0.2853270983462429 0.05861797486742948 0.49024839604419457 0.16580653074213303
0.059444946414107136 0.21104731130208665 0.6226350506644381 0.10687269161936808
0.059206391436551375 0.15496127415644256 0.6951507078043553 0.09068162660265078
0.6234185836406302 0.09741211831238716 0.0011470826617410168 0.27802221538524163
0.1149066708604275 0.0629116570524284 0.6442576201092308 0.17792405197791328
0.1298753827816871 0.06363538283014603 0.6293997328277243 0.17708950156044256
0.14785902667710416 0.04451533791176765 0.6205181540224506 0.1871074813886776
0.22521331243609943 0.05240522054985264 0.7031139153968935 0.019267551617154433
0.05559638157166902 0.6366823103708373 0.12576467206787423 0.18195663598961942
0.2628667425096364 0.08239604954548452 0.24640107976075487 0.40833612818412424
0.03361092405247501 0.23393465429852967 0.18403099160946224 0.5484234300395331
0.5225846285034604 0.050736931680356645 0.023569809070323133 0.4031086307458598
0.011237981536530772 0.2474397809098483 0.0863477670921059 0.654974470461515
0.2120049247424478 0.13067767339443825 0.5907084325472882 0.06660896931582572
0.15082030059033324 0.22865649238442665 0.17762441347608904 0.44289879354915107
0.3463394207524336 0.1360253928736972 0.03899737037022977 0.4786378160036394
0.02993736548149961 0.3198713168241193 0.2803197026205847 0.3698716150737964
0.3039625162964955 0.07267278238967156 0.17501921633898854 0.4483454849748444
0.09286040856678823 0.11885824219536534 0.12006648580989154 0.6682148634279549
0.4564752658697685 0.1840958158995114 0.03582588492980254 0.32360303330091755
0.03072132911453762 0.07718987845122649 0.6123006558229186 0.2797881366113173
0.2786355922407082 0.07556879544070294 0.24335640379544132 0.4024392085231475
0.1431906187777091 0.5303241885555434 0.002186925624764746 0.3242982670419827
0.09563274693878077 0.031801399493344595 0.33956047700741554 0.5330053765604591
0.01685499543285429 0.5166052924197816 0.21864839965391325 0.24789131249345087
0.24991336732741143 0.21591406678567315 0.1554410547223648 0.3787315111645506
0.3215916518882752 0.1424335990019372 0.043051261628309856 0.49292348748147774
0.3808576313128208 0.021585074372573954 0.2525726047787249 0.34498468953588035
0.7933389322177916 0.0015116908259847905 0.0622853796318259 0.1428639973243977
0.46696824033448936 0.3515455744313176 0.017643531052400463 0.16384265418179256
0.2713862456830156 0.30867250812081715 0.30238644941847803 0.11755479677768921
0.16903295725314194 0.04134253488159578 0.29675345042858825 0.49287105743667403
0.21564494203327167 0.3589063246399785 0.40868422113673597 0.016764512190013847
0.21440386438213466 0.08384931850147259 0.1500417298369282 0.5517050872794645
0.19758259204120787 0.029521948151594035 0.31238777772729154 0.46050768207990656
0.05725192389507028 0.06622725718065392 0.7384719311461139 0.13804888777816193
0.046365519907953234 0.6075037904639857 0.03761168832125095 0.3085190013068101
0.17880665739028578 0.42749131471253476 0.16713931608858712 0.22656271180859233
0.6924114659054693 0.2112535160402298 0.0005360253646420343 0.09579899268965886
0.2959601131306182 0.48332569269206915 0.189916438008075 0.030797756169237633
0.15462484571343993 0.36330723613165583 0.18625255291221587 0.29581536524268837
0.40235505660115656 0.19887954764713578 0.25957085162557314 0.13919454412613452
0.03371300555049628 0.4090560696783445 0.028579811297562485 0.5286511134735967
0.12448595469085988 0.015875594355547085 0.26207749466808505 0.597560956285508
0.08214167820278451 0.47163593730195563 0.2075977621146463 0.23862462238061355
0.8699069319972038 0.10095051769107122 0.019756631669591518 0.00938591864213345
