35 20 4 54.44640799779352 108.89281599558703
5.122494534016814 3.775146462684205 3.0833834053200606 3.4968209658051332 8.355113307124029 2.0021197248324833 6.637935060588272 3.4910909797286287 7.139572067696458 7.110737055196687 8.170456767289686 1.4122194627045976 9.213384469693317 2.9243438770336 3.732735711452646 9.901572611053048 2.6729335262901603 9.898523518700452 7.750758082347687 3.001474406029078
1.024498906803363 0.755029292536841 0.6166766810640121 0.6993641931610266 1.6710226614248058 0.4004239449664967 1.3275870121176543 0.6982181959457258 1.4279144135392916 1.4221474110393373 1.634091353457937 0.2824438925409195 1.8426768939386633 0.58486877540672 0.7465471422905292 1.9803145222106096 0.5345867052580321 1.9797047037400906 1.5501516164695375 0.6002948812058155
0.14790390832973144 0.19032186186423894 0.05603254837949878 0.6057416814265308
0.5335943207155707 0.23393353734544764 0.05680333766195245 0.17566880427702924
0.4029578863451557 0.4786607405485085 0.09704384487607454 0.02133752823026125
0.2453605527430487 0.3976734060448942 0.22688669653778826 0.13007934467426885
0.11976084216652405 0.23562705072252466 0.2763990721858276 0.3682130349251237
0.49363013902602626 0.15948161332793354 0.14892358067698308 0.19796466696905712
0.1549182335015491 0.15674063633498225 0.20084402002549484 0.4874971101379738
0.11548316767295841 0.021457602923394825 0.6157218572830657 0.24733737212058104
0.4401318553618526 0.13334711646358421 0.09931168907931864 0.3272093390952445
0.45796700591089756 0.07654067151538402 0.325103223298042 0.14038909927567644
0.040619300617455 0.30621342736027835 0.12631757178429748 0.5268497002379692
0.37598711029863163 0.17329813524043947 0.30686620791178354 0.14384854654914536
0.014654075559076607 0.5559712385268468 0.008970536646197513 0.42040414926787906
0.32634559720401324 0.0441944402382326 0.011003063385720657 0.6184568991720335
0.40057938004872184 0.05036111710230762 0.12783083365677672 0.4212286691921938
0.22893557389823438 0.24141576499641937 0.4597139315281943 0.06993472957715197
0.3203095187462669 0.06720933122644668 0.5706681178695214 0.041813032157764995
0.6731088771363121 0.01810589962509568 0.2066879993768822 0.10209722386171005
0.512848971911941 0.06342756613238065 0.18138526257851917 0.24233819937715917
0.2815190905620122 0.06853999910922859 0.26249578408691265 0.38744512624184657
0.011037221290141064 0.05884290408206816 0.4459101497392509 0.48420972488853986
0.08441274952858868 0.42016844548176735 0.3701409354458022 0.1252778695438418
0.1740462848126646 0.4451184803921393 0.21296177888165047 0.16787345591354563
0.24887690008033958 0.05157375889036209 0.24557302436724593 0.4539763166620524
0.23541176494649163 0.10768494056831646 0.4884552160420237 0.16844807844316823
0.6037128619658576 0.07513656299834981 0.2542017315830831 0.06694884345270946
0.12014239391120318 0.34146157978038705 0.3045079933023217 0.23388803300608807
0.9491856569629707 0.0019206750417118945 0.039168094298401956 0.009725573696915402
0.1136119942608963 0.02853886755340751 0.12321233958652222 0.734636798599174
0.0030834986940074804 0.45248404278709975 0.24872151827746658 0.2957109402414262
0.22154597283124156 0.3992114842858282 0.3377797287696491 0.04146281411328112
0.36791660296125894 0.15924431745001943 0.21542854901593989 0.25741053057278174
0.07257532288356017 0.5761732684436117 0.24822905511010274 0.10302235356272538
0.03226078537495891 0.25489737383369937 0.20836774171183392 0.5044740990795078
0.7482378502531969 0.20012666441283855 0.031325616369666576 0.020309868964297983
0.018532760954094618 0.5054812095227114 0.3531288011359365 0.12285722838725754
0.011428469478960368 0.30995285619104374 0.5452691139182733 0.13334956041172263
0.45680970286049294 0.22683842214571925 0.2907684635829324 0.025583411410855406
0.19630106895472432 0.4386095519774912 0.305841225867165 0.05924815320061949
0.16065446013896723 0.20480589061143795 0.3820480729975019 0.25249157625209295
