28 90 4 262.7406302001004 525.4812604002007
7.561123680602072 6.05115642094877 2.1247038280831685 4.578331318301054 8.031773856461285 5.598936834878018 2.644240225742425 8.681615877239675 9.598347033713283 9.85792121426601 2.7343087644463147 9.737155912331955 3.113275191412986 1.237184636588836 9.514543087872601 9.29552366818852 3.645781910307825 2.4964633197912183 4.558805558491835 5.596027612796165 3.772335056416566 4.866119502327439 8.470624650859833 6.061542143255042 8.477994791915751 9.97236361976169 3.9932092467435845 1.8190731374831306 7.964484027299679 2.344453574503387 7.528195536831286 9.596317908858282 1.6578619728936408 5.02446475835967 8.570062609997201 2.3098570088734136 7.887443824133701 8.036064262580474 7.075706907505778 2.185319673869267 1.3537286395230361 6.904207692914146 3.2606435253311497 9.89576545628461 5.800447401371454 1.5325771919394207 7.2887978267361735 6.644572898253345 9.062006848783426 2.4573220376489915 6.493434205653911 3.8528658799043063 7.8693910292111635 2.4065387342530977 9.368988176520944 5.480294679214056 8.499105727151973 3.0697248464379507 1.9612901015195454 7.063303427930754 6.210849269196872 8.882644364452116 9.97414876806852 3.477757076238638 7.68372636302594 3.5625875727987104 7.536238034662041 5.419633102840148 8.8121448316709 2.460355330100386 9.741925896601867 1.4399712426121158 7.30491319069403 6.867504186770638 1.4181318113162584 2.7757078870809844 3.975463052738951 7.773804521275609 4.285131235387404 5.7769390577531645 4.18763186086575 5.632066551730106 3.355294347367513 8.665655370038019 6.609171346684559 3.7402277537280595 7.97930701795031 9.059967847487354 7.63666931678755 8.699971698760045
1.5122247361204144 1.210231284189754 0.4249407656166337 0.9156662636602109 1.606354771292257 1.1197873669756038 0.528848045148485 1.7363231754479351 1.9196694067426567 1.971584242853202 0.546861752889263 1.947431182466391 0.6226550382825973 0.24743692731776717 1.9029086175745202 1.8591047336377042 0.729156382061565 0.4992926639582437 0.911761111698367 1.119205522559233 0.7544670112833132 0.9732239004654877 1.6941249301719665 1.2123084286510084 1.6955989583831503 1.994472723952338 0.7986418493487168 0.36381462749662613 1.5928968054599357 0.46889071490067746 1.5056391073662572 1.9192635817716563 0.33157239457872817 1.004892951671934 1.7140125219994402 0.4619714017746827 1.5774887648267402 1.607212852516095 1.4151413815011558 0.43706393477385336 0.2707457279046072 1.3808415385828292 0.6521287050662299 1.9791530912569217 1.160089480274291 0.30651543838788414 1.4577595653472346 1.328914579650669 1.8124013697566852 0.4914644075297983 1.2986868411307824 0.7705731759808613 1.5738782058422327 0.48130774685061956 1.8737976353041887 1.0960589358428112 1.6998211454303944 0.6139449692875901 0.3922580203039091 1.4126606855861508 1.2421698538393744 1.7765288728904232 1.994829753613704 0.6955514152477276 1.536745272605188 0.7125175145597421 1.5072476069324083 1.0839266205680296 1.76242896633418 0.4920710660200772 1.9483851793203733 0.28799424852242317 1.460982638138806 1.3735008373541278 0.28362636226325166 0.5551415774161969 0.7950926105477902 1.5547609042551218 0.8570262470774808 1.1553878115506329 0.83752637217315 1.1264133103460212 0.6710588694735027 1.7331310740076038 1.3218342693369118 0.7480455507456119 1.595861403590062 1.8119935694974707 1.52733386335751 1.739994339752009
0.38212961816063273 0.03337633432869547 0.4046193811308624 0.17987466637980942
0.06125105420094468 0.32062146807424996 0.001759583926356889 0.6163678937984485
0.16996923167825784 0.0632460136384213 0.21013656126956748 0.5566481934137534
0.03229214935934144 0.47409941918460996 0.08840849338096446 0.40519993807508414
0.18160441277596107 0.18701310754070988 0.44083808227415666 0.1905443974091724
0.03305478887490143 0.05026633686124149 0.5215623843894998 0.3951164898743573
0.0046106436381342375 0.36573988538078983 0.48618712126249597 0.14346234971857996
0.45676896087516683 0.18060450478103385 0.10932662611682831 0.253299908226971
0.18912247948386984 0.1334386119616373 0.048630532182943886 0.628808376371549
0.4098686663130222 0.26594297644674014 0.14059297978903873 0.18359537745119892
0.16223588719182513 0.57526790768856 0.06036237910811848 0.20213382601149643
0.042522637916886596 0.0825351164171445 0.24261848448869838 0.6323237611772705
0.49544312249379485 0.4248319476316348 0.03742705288776238 0.04229787698680798
0.07657687259032664 0.06456564160583733 0.44657443348297243 0.4122830523208636
0.12733874611496532 0.36996299782404996 0.4134050243866133 0.08929323167437142
0.03969860522025748 0.249127446404109 0.17229425214816074 0.5388796962274728
0.6456734735735264 0.14120129317749086 0.08658346181409693 0.12654177143488576
0.2863795603946072 0.2221066716065745 0.20201572600017814 0.28949804199864015
0.05821517051272407 0.21181955601804248 0.6236810436474699 0.10628422982176355
0.4637231427762093 0.05531788745034372 0.15677366844958274 0.32418530132386425
0.4369287176902945 0.06196990690583981 0.42902840832170974 0.07207296708215594
0.22655561619609033 0.4587430780740712 0.24052095129631312 0.07418035443352533
0.6610306305972653 0.02149775294165146 0.3035272150003605 0.013944401460722733
0.13189901364247092 0.6104261627640797 0.03947761685715534 0.21819720673629406
0.2008958082747897 0.25760655587574155 0.02868077670054281 0.5128168591489259
0.2981106828233008 0.22721625675154644 0.40338162811084677 0.07129143231430601
0.1074402787964196 0.05317191501496554 0.3855586051128248 0.45382920107579006
0.14508841074841683 0.2772421513788492 0.5096567998779301 0.06801263799480384
0.021161793023728115 0.012465742439351168 0.9267459324835176 0.03962653205340316
0.06412032476464846 0.26088657047221864 0.2874896276202409 0.387503477142892
0.10225701770007622 0.0021438953876116162 0.4372744583567739 0.45832462855553824
0.06619898508305289 0.3288485618929179 0.5310378617094862 0.07391459131454303
0.3136567600914668 0.0904491204738117 0.49015121063392575 0.10574290880079573
0.3224653197663393 0.106325541745945 0.44219461324686593 0.12901452524084978
0.5037046629661923 0.39243206199665304 0.06217749082667723 0.04168578421047742
0.031320948146206784 0.35872125657816534 0.21646183886225012 0.39349595641337776
0.36300839733468604 0.2785254358336704 0.07444930252774551 0.28401686430389805
0.12793033616378247 0.555367316768414 0.2629923507787276 0.05370999628907591
0.35666132235909453 0.5190795925919327 0.03637376129251657 0.08788532375645619
0.18804533220929165 0.005512798955372822 0.6563458118630754 0.15009605697226014
0.25020340051125245 0.20334574760380497 0.005982154053926214 0.5404686978310164
0.1978433830502605 0.33929740888014126 0.377098162740102 0.08576104532949624
0.5856451163787701 0.26386942495409194 0.09361174896168667 0.05687370970545125
0.17370857064434397 0.33277254885679464 0.1812430855055187 0.3122757949933427
0.1639188380442067 0.5304374462199818 0.0520979348685372 0.2535457808672743
0.16926827940469302 0.6719868274288121 0.13915151590673092 0.019593377259763956
0.5214391564211935 0.3384326852520687 0.006462361057609334 0.13366579726912842
0.16821227489707757 0.09388296339480495 0.2200739543122594 0.5178308073958581
0.021494056972506503 0.762503549001585 0.06503940556690258 0.1509629884590059
0.493564030351917 0.03183319081467151 0.03861461613685768 0.4359881626965538
0.27839771626757037 0.00902363820738239 0.043501140859958376 0.6690775046650889
0.05989628072374065 0.22614550276169632 0.39747067261473146 0.3164875438998316
0.33442534018667824 0.054368030036245685 0.46681754676719334 0.14438908300988273
0.6430907306724517 0.03140334031947911 0.14710617459067088 0.1783997544173983
0.11756983003273813 0.10988732807481227 0.2647071210211336 0.507835720871316
0.05474668314373432 0.11605777692957187 0.7813664321970444 0.047829107729649434
0.12408572701855891 0.07151358387718432 0.03711608370426167 0.7672846053999951
0.00048540144226905113 0.896702160940341 0.059957782271197746 0.04285465534619215
0.23930149087304597 0.07025936596557902 0.4946819947526261 0.19575714840874892
0.034913149117821174 0.019802172882286806 0.24954874795969928 0.6957359300401927
0.2837162461513837 0.23515438276748846 0.011473250711887317 0.46965612036924054
0.11360211789052121 0.48314770629718273 0.39771213779590364 0.00553803801639241
0.35979721522805164 0.12990812151530906 0.14453813846345687 0.36575652479318244
0.20285919813714715 0.11377449759347213 0.5659205449297096 0.11744575933967116
0.006044822466573785 0.15512510892189624 0.8060601992557486 0.03276986935578141
0.13091711763867053 0.4974950102498962 0.2603668549649666 0.1112210171464667
0.0710799891509134 0.35101346862608673 0.07808548494516321 0.49982105727783666
0.19741900259459055 0.008356181452494393 0.45071862300696364 0.3435061929459514
0.7109576639890041 0.12258287358340902 0.06996402358097553 0.09649543884661138
0.2909696467473287 0.06151818254712338 0.35456888206061055 0.29294328864493735
0.1889067268784781 0.4266646854385918 0.30147141882233197 0.08295716886059812
0.17925766668576315 0.0152367687025593 0.08670495420763413 0.7188006104040434
0.23564484971522837 0.045781489215032334 0.33240559174866746 0.38616806932107184
0.027265773998349285 0.2789141519705608 0.31558115717960056 0.37823891685148936
0.3053622449937826 0.1789379005270253 0.3918828672602894 0.12381698721890266
0.5114537827400244 0.10193963699247233 0.005992040894740702 0.3806145393727626
0.4531707609139928 0.00993077824002453 0.4330842596624248 0.10381420118355789
0.36709778352974487 0.40720688215992595 0.20385161289504072 0.021843721415288453
0.0529409140662499 0.3320540243695931 0.2146686887341379 0.4003363728300191
0.46607899236363715 0.4278544861298995 0.05035612116721111 0.05571040033925223
0.12433803069347582 0.11466886437990675 0.313676636297204 0.44731646862941343
0.05155750610108334 0.009880725893781639 0.32473890102676295 0.6138228669783721
0.3830974264581929 0.3350578132379909 0.02977843605903896 0.25206632424477726
0.22481621491172055 0.0024206337189147664 0.3290690883097538 0.4436940630596109
0.030825809727226927 0.19270202908744205 0.2531530022236711 0.5233191589616599
0.09032392878101281 0.014359098696983152 0.4681502849151684 0.4271666876068356
0.162131332677102 0.15287666961923452 0.06383086350205935 0.6211611342016041
0.098238178621051 0.389714276833823 0.45286297950957155 0.05918456503555447
0.0902670539209629 0.5077507540914341 0.19178441556025383 0.21019777642734916
0.3387022958140403 0.24076460955484702 0.31691267910889753 0.10362041552221513
0.24213480168928625 0.36927225795437635 0.2538138862070872 0.13477905414925018
0.630149684044205 0.18736642313597207 0.16132437379511655 0.021159519024706364
0.02552222740561172 0.3890488808585687 0.36467734718160505 0.22075154455421453
0.22840922120522034 0.2102239802738597 0.4722368764212269 0.08912992209969306
0.24255621832412255 0.21979745137473605 0.05693479847691518 0.4807115318242262
0.39902017750242713 0.08414617711734784 0.07421228475334796 0.44262136062687707
0.7181202822190859 0.04606812701685159 0.08356813282767095 0.1522434579363916
0.497620392610885 0.3612984310728681 0.08885329206843584 0.05222788424781111
0.20617277306409065 0.00310097244654417 0.5505423024000907 0.24018395208927446
0.008539339348597408 0.12694864858597943 0.5027955001459514 0.36171651191947174
0.5841178399194442 0.18305241450545795 0.19351664514145273 0.03931310043364511
0.19873519126015626 0.14395349675761937 0.5429122965226295 0.11439901545959485
0.06295161015162654 0.17362508971093338 0.2817122774599419 0.4817110226774982
0.2297986241617741 0.6330902136728702 0.031424273313518936 0.10568688885183675
0.5087329248262589 0.10292099270443278 0.16775351574073116 0.2205925667285772
0.4906407333394609 0.22981733915270985 8.88083449590571e-06 0.27953304667333334
0.18879163909114705 0.29332826511209464 0.07851326377203482 0.4393668320247235
0.18311127133811422 0.20110868130941595 0.26755180155194114 0.3482282458005287
0.2768991509890214 0.31897825377955047 0.29173767226238767 0.11238492296904046
0.16908189663687712 0.008196680362695052 0.011888173889164966 0.8108332491112629
0.4872926174300951 0.021267216445613912 0.3953306881741552 0.0961094779501358
0.024915194399081186 0.43575599783006447 0.3741920391134308 0.16513676865742355
0.24928416598434722 0.20943113835835636 0.4847383228283093 0.05654637282898711
0.01176331365706873 0.42324060219818094 0.5422524147695605 0.02274366937518979
0.18703144379158954 0.2592515327309466 0.5140930971729818 0.03962392630448208
0.29029079930137713 0.24163574645306807 0.3611077396721136 0.10696571457344117
0.2347406246926933 0.09354113743064763 0.369598456997839 0.3021197808788201
0.4044155485330636 0.29274853247270216 0.11215092566486928 0.19068499332936495
0.06197548622144622 0.19000734222901894 0.4797978503182778 0.268219321231257
0.10133041267469522 0.25160735692736846 0.029619533198481873 0.6174426971994544
0.7857455302821946 0.1353333528463404 0.07083054729218452 0.008090569579280449
0.06883798333383306 0.3957915873625967 0.30370170826661846 0.2316687210369518
0.3628744963930697 0.3582784179119507 0.11285464405011425 0.16599244164486537
0.2167694852325348 0.2524901387387347 0.3805353324533882 0.15020504357534226
0.3097108030777018 0.23909850686427947 0.010332265424297105 0.4408584246337216
0.03217532404835377 0.3168407628794685 0.3911828316257636 0.2598010814464141
0.07043806153718057 0.24380872757548655 0.6402611546731927 0.04549205621414021
0.2571597908963674 0.25126450733983496 0.17038043717231954 0.32119526459147807
0.36287821754654837 0.35796170068795585 0.26222586368206613 0.016934218083429653
0.06285622499807064 0.03847027134486403 0.6293115811717422 0.2693619224853231
0.0727554469953332 0.6465289777047677 0.21795395060093936 0.06276162469895974
0.010743351541806723 0.09565545749759097 0.7089736158567101 0.18462757510389216
0.2858670931185684 0.2440182698750325 0.3558542105387813 0.1142604264676178
0.015029560274369191 0.2367909054300278 0.7181033334633801 0.030076200832222955
0.06164565391281085 0.09502737426481278 0.17763367898584692 0.6656932928365294
0.13816274566512288 0.6360442312233295 0.20015813625114776 0.02563488686039983
0.19846747497160877 0.5732088975644358 0.10563890411961208 0.12268472334434333
0.028203172028391177 0.8137940164065803 0.07626157123657018 0.08174124032845831
0.03474333210017777 0.11212095179675485 0.4432688492805037 0.4098668668225637
0.0848669057476854 0.2853144614653391 0.27180580609109506 0.3580128266958804
0.3662179938044241 0.3853727353290003 0.18388141702982974 0.06452785383674586
0.3322629190586327 0.1498196667514886 0.4201048974853272 0.09781251670455149
0.006112769725199363 0.7504330306348841 0.04093308285784736 0.2025211167820692
0.36345136747077067 0.25167365455852786 0.31126281512972187 0.0736121628409796
0.07700724520754199 0.3691361456208314 0.057096948662956004 0.4967596605086706
0.5224053474052296 0.1484300635961625 0.15113153515140876 0.17803305384719914
0.12335312736781823 0.137465007632109 0.5181506115323046 0.2210312534677682
0.49549779813693007 0.02128805433405101 0.43253265180374145 0.05068149572527747
0.7133314643344736 0.20140374385744697 0.07242216438210947 0.012842627425969977
0.5264532981801509 0.0997879916084834 0.2844053436251879 0.08935336658617787
0.1464098951702818 0.05624472599430941 0.5158757301429533 0.2814696486924555
0.2019023394108027 0.10541294807117618 0.482696337182963 0.2099883753350581
0.5667024269336682 0.06845338183715832 0.11648339814002528 0.24836079308914816
0.4370483752904156 0.008049739946829337 0.4812821068672013 0.07361977789555374
0.43249143917282595 0.1178945149130377 0.17858152566802865 0.2710325202461077
0.012803126326418113 0.6434064552694758 0.31242190496544187 0.0313685134386642
0.15703952016759848 0.07996540034077693 0.2673373260302253 0.4956577534613993
0.2740025514048292 0.20105397414399317 0.36602346507871675 0.15892000937246087
0.11721636686348857 0.5731072843943631 0.16820754840953334 0.141468800332615
0.013323348196361495 0.0739435087233733 0.24973913813131576 0.6629940049489494
0.1160592534888949 0.033030216153057235 0.15513536951008655 0.6957751608479613
0.770332291848623 0.06941792174884176 0.12375625556493697 0.03649353083759832
0.6366243665644169 0.1838602206616422 0.06779332695513829 0.11172208581880261
0.03654793265948453 0.8710751841134496 0.05368098120616438 0.03869590202090145
0.3187828193440313 0.34920245838614794 0.12911337894240182 0.20290134332741894
0.36292469014996565 0.015155145941223913 0.43660508248032626 0.18531508142848419
0.3135982400106666 0.3711364811028778 0.026286351828162302 0.2889789270582933
0.22837358810020036 0.10808486155882113 0.6253324135732087 0.038209136767769825
0.10189844358923195 0.08237133323386425 0.5337180508141876 0.28201217236271625
0.16746869658641117 0.22689870011120117 0.5425788356504114 0.06305376765197623
0.3786756156828084 0.12260417672242907 0.44896605731216 0.04975415028260255
0.048095798907407006 0.044797255837604966 0.8167555479709652 0.09035139728402286
0.204566575336803 0.0007527387188738244 0.7881773599581501 0.006503325986173092
0.008453162528569091 0.5806847926849855 0.1789551748200524 0.23190686996639298
0.19468987782537417 0.5087071419232616 0.14174761789738066 0.15485536235398356
0.10582620914209417 0.42613706006982843 0.3598482773760553 0.1081884534120221
0.1132648370563295 0.4263773110725674 0.17526681963774826 0.28509103223335486
0.26060857790932845 0.586087700896073 0.04085612231827862 0.11244759887631994
0.015258248107873018 0.7235446963443658 0.006433215982343254 0.2547638395654179
0.7235265688171167 0.016615663074907694 0.2388058690069429 0.021051899101032667
