71 10 4 32.47265493558365 64.9453098711673
2.670177473366854 4.47939372737863 8.487065787734528 2.7882770413589397 9.249021693095425 8.094796305746044 7.503438559418536 9.961250687780183 8.60834928328903 3.1035393119991315
0.5340354946733707 0.895878745475726 1.6974131575469056 0.557655408271788 1.849804338619085 1.6189592611492087 1.5006877118837072 1.9922501375560366 1.721669856657806 0.6207078623998263
0.10283240034739605 0.03343149757885722 0.1861505339023456 0.6775855681714011
0.24600730363181766 0.008618248404805295 0.5336649908567764 0.2117094571066006
0.037502469218454904 0.531904621269827 0.29002413782485936 0.14056877168685877
0.07548297177687113 0.2623587754878839 0.5828616916346638 0.07929656110058114
0.13721686287438495 0.09900860521678134 0.6407058980326348 0.12306863387619893
0.30979523696189437 0.42089724938412576 0.2192569008837868 0.05005061277019307
0.419373885847666 0.29221418092195817 0.06013445979835452 0.22827747343202132
0.07927965623367383 0.08003805432815791 0.6979028875123873 0.14277940192578098
0.22256042299483692 0.03059563543494237 0.013466263936473433 0.7333776776337473
0.3649652479788772 0.0844502811591803 0.5151778022790832 0.035406668582859346
0.6000906820558731 0.1165653252030463 0.1825978758083029 0.10074611693277769
0.37162864464641454 0.062465645214240806 0.5195023669693553 0.0464033431699894
0.2875613098308989 0.03652100413050374 0.6025409788438381 0.0733767071947593
0.22652234962028195 0.02715432047106825 0.3734319749985813 0.37289135491006853
0.1849155277537451 0.10591453372248305 0.19226445108940093 0.5169054874343709
0.5297653485043685 0.1652320495663645 0.07326810935676353 0.23173449257250345
0.4352496425483162 0.129593044564417 0.13408264484357357 0.3010746680436932
0.013776385816136272 0.5246661856191992 0.012065015197046836 0.4494924133676177
0.14744345966989247 0.46618876819975164 0.3619647197234426 0.024403052406913317
0.11504425234136706 0.007695801759277976 0.848931109943975 0.02832883595537994
