13 10 4 36.407850234248514 72.81570046849703
7.999321695164381 3.1378709803142106 8.418506793952318 9.691742782386997 9.75341002514404 5.08104322675581 6.481382164851501 7.97973863144362 6.774520102831622 7.498164065652524
1.5998643390328762 0.6275741960628421 1.6837013587904637 1.9383485564773995 1.950682005028808 1.016208645351162 1.2962764329703003 1.595947726288724 1.3549040205663245 1.4996328131305048
0.035036524101437316 0.02347596778063743 0.31434153599273273 0.6271459721251925
0.009412770080969413 0.2468671792456607 0.6928142323515802 0.05090581832178964
0.03190366643989473 0.28748769994046985 0.3104376327274584 0.370171000892177
0.008715732303784862 0.647739602293173 0.1563858364056656 0.18715882899737657
1.2033569485092599e-05 0.47987135792689806 0.23234928641520036 0.2877673220884165
0.2769963563838095 0.1810894608929542 0.4604659308691851 0.08144825185405125
0.37933329148306616 0.30675178770424727 0.0862936804932446 0.22762124031944198
0.13798605275825726 0.10757305256639837 0.6804353741655622 0.07400552050978215
0.2376589218796833 0.31897312955471935 0.2830764589816682 0.16029148958392914
0.14487098904632512 0.34576914801883574 0.4942983206358472 0.015061542298991926
0.2984494708891794 0.3813984806889176 0.17721299100910193 0.1429390574128011
0.21789900913168891 0.12968220602080305 0.010752567552477776 0.6416662172950303
0.06508453704251449 0.8087289062370242 0.04395894272104872 0.08222761399941259
0.07571744617226672 0.43354475391125147 0.23731503691041933 0.2534227630060625
0.24697870099191632 0.0776033487947968 0.6309920951443532 0.044425855068933706
0.2444757021979903 0.008516980623516135 0.4424527697319681 0.30455454744652544
0.0679174967944145 0.48034260060141076 0.05627873123588578 0.39546117136828896
0.09875321920491842 0.05303344337955418 0.5283183530201695 0.3198949843953579
0.07273721088434781 0.3325822818137836 0.16356575985842903 0.4311147474434396
0.19092005866659367 0.5211043155831596 0.16276212748529117 0.12521349826495554
