31 60 4 142.79054135729552 285.58108271459105
3.5744843949446405 9.622950098671 7.932816389969902 9.881830027832166 2.8734891571424908 2.2322534395944533 9.1753642206091 1.6177466617940826 1.6779945010569144 5.891812205385815 1.804597448662612 4.44153940773682 7.017043957130068 4.862521203056589 1.39560676737763 2.7485738987411854 5.019935355754937 1.5631595029180947 3.678105538136517 9.492678099257635 3.545299681849877 3.4092419189755923 4.664971037209495 8.433913626576679 5.560305968729154 3.4252784294132286 4.061694586772742 9.770246663410655 2.658741212083254 3.1804495536296704 7.214133823300248 4.455417487727736 5.15298207606448 7.077024883400982 1.7715754346727386 3.1061498255723845 5.702129904013703 1.6220500798104827 1.8121302845954659 1.7557107218500185 3.9052049742981882 9.198130598750021 8.48791011692263 7.750722427214426 5.223284332724012 8.805919333821084 3.513591142173843 1.7347248755995772 2.3429032923723523 5.452907902827234 3.733407379334807 3.7159018577725313 1.066482302023037 6.21517030099528 7.464862575855227 4.665371337467562 2.4666778025985505 2.8927601077915894 7.841107234709287 4.220093343908548
0.7148968789889281 1.9245900197341999 1.5865632779939802 1.9763660055664332 0.5746978314284982 0.44645068791889064 1.8350728441218203 0.3235493323588165 0.3355989002113829 1.178362441077163 0.3609194897325224 0.888307881547364 1.4034087914260136 0.9725042406113179 0.279121353475526 0.5497147797482371 1.0039870711509873 0.31263190058361895 0.7356211076273034 1.8985356198515269 0.7090599363699754 0.6818483837951185 0.9329942074418989 1.6867827253153358 1.112061193745831 0.6850556858826458 0.8123389173545483 1.9540493326821309 0.5317482424166509 0.6360899107259341 1.4428267646600497 0.8910834975455473 1.030596415212896 1.4154049766801964 0.3543150869345477 0.6212299651144769 1.1404259808027406 0.3244100159620965 0.3624260569190932 0.3511421443700037 0.7810409948596376 1.8396261197500041 1.6975820233845258 1.5501444854428852 1.0446568665448024 1.7611838667642168 0.7027182284347686 0.34694497511991546 0.46858065847447045 1.0905815805654469 0.7466814758669613 0.7431803715545062 0.2132964604046074 1.243034060199056 1.4929725151710453 0.9330742674935124 0.4933355605197101 0.5785520215583179 1.5682214469418574 0.8440186687817096
0.387051136446375 0.010384686164183421 0.4700007239422158 0.13256345344722575
0.07404448852014722 0.4795313211444491 0.3079933269217521 0.13843086341365163
0.35354708096758203 0.066838935974878 0.21112720729738577 0.3684867757601542
0.036922046805748066 0.14331050891905672 0.6453196383101908 0.17444780596500442
0.318744523687554 0.11343496407232534 0.11033630849418596 0.4574842037459347
0.23100274723505876 0.12905517624292184 0.01484631010141535 0.625095766420604
0.35509570210938735 0.42716074551883243 0.1221535174669176 0.09559003490486262
0.3334993216886738 0.24918592594507705 0.3241820497301554 0.09313270263609374
0.29384797217510616 0.014095374420021511 0.5058414394834826 0.18621521392138973
0.4633299835924899 0.4446567187428333 0.07811319864713429 0.013900099017542522
0.31275269620020085 0.08266442687713993 0.11495717021873386 0.48962570670392536
0.0420887970229713 0.22647841480687048 0.7114727470905752 0.019960041079583046
0.03478870878171647 0.18161555705314658 0.2687500226083047 0.5148457115568322
0.39377486836479103 0.2643419000516044 0.20299770949258844 0.13888552209101612
0.00047059662956350223 0.7459473626955464 0.03970948963395038 0.21387255104093972
0.3607073468881903 0.1057188294691308 0.5236065772710403 0.009967246371638594
0.12673788098139827 0.5919380063707694 0.22954864313752743 0.05177546951030487
0.4643537107173321 0.3313933299392313 0.11028075928875847 0.0939722000546781
0.23443836482562908 0.25886549910737733 0.4389314334749179 0.06776470259207568
0.131325605226299 0.1237816076658469 0.26439823386613415 0.48049455324171997
0.49415717510647006 0.4084837628619946 0.035923031979088305 0.06143603005244702
0.16420411701004767 0.11858291192420833 0.26651429020177164 0.45069868086397236
0.11359799387981628 0.052321658856684605 0.6811098913849568 0.1529704558785423
0.34484747530736715 0.09569553740818793 0.1359512027830737 0.4235057845013712
0.3644034308050347 0.280079051746571 0.32406715855997814 0.031450358888416186
0.11011504387103044 0.0021790356307582748 0.3099647578442871 0.5777411626539242
0.5183027673519796 0.3185864105159183 0.10909780697993776 0.05401301515216439
0.13431335779676334 0.04110123537437915 0.765412936407424 0.059172470421433476
0.1110785810176882 0.0032446840569976265 0.5021805041122378 0.3834962308130764
0.7445828810371493 0.1519903928459596 0.0908249681629073 0.012601757953983772
0.02614256509479218 0.6123673178249299 0.13218375079265277 0.22930636628762513
0.16102999074147994 0.39087867437506596 0.36723724323405427 0.08085409164939983
0.3080629110538772 0.41682463712604834 0.009297474961195151 0.26581497685887934
0.041915867253347394 0.4832161103264855 0.26447785303593885 0.21039016938422828
0.22219057005781417 0.3931517994958842 0.23130688610476047 0.15335074434154117
0.15179149757274257 0.5890294540299981 0.017811375365876292 0.24136767303138307
0.4494197853289291 0.06488832005142076 0.4337165367403474 0.05197535787930274
0.6050455547506376 0.037303779066690246 0.30332304832498547 0.054327617857686694
0.325357837562957 0.021222285567605303 0.0733800007458475 0.5800398761235902
0.2816823504133108 0.4516600200835814 0.040959880265115656 0.22569774923799213
0.5344314514049213 0.31026489735397844 0.03085131656265605 0.12445233467844419
0.027075018879067936 0.29299803967045435 0.38996128905646044 0.2899656523940173
0.1972225370220253 0.6232485095968842 0.13308810987841835 0.04644084350267219
0.15726167197860763 0.48197044431089253 0.02811970089172766 0.3326481828187722
0.33332217026639865 0.5118247138195487 0.08406637703667352 0.07078673887737907
0.29440434539436455 0.08473721499599474 0.17565381558140247 0.44520462402823824
0.35588809178650804 0.11415299976484339 0.3456592176719774 0.1842996907766712
0.10251515306060477 0.04950166217978391 0.7394836289552839 0.10849955580432746
0.3585990594385918 0.5639699379926105 0.04015141335966044 0.03727958920913721
0.27599391646702853 0.14345331588650934 0.5349705025218829 0.04558226512457919
0.22871191612796893 0.1986172773895888 0.35278316013924027 0.21988764634320201
0.3200236340541007 0.18577429724179761 0.20833286928027062 0.28586919942383104
0.045033215431179774 0.19201220938287145 0.1927276002884888 0.57022697489746
0.27744196619738215 0.39655572987307686 0.11924184662387571 0.20676045730566528
0.0020145021060725687 0.23841689971840685 0.5219500918387698 0.23761850633675075
0.002668699777878092 0.31464939233377565 0.23501003066623516 0.4476718772221111
0.4336852011862815 0.39138170101447045 0.0052469496027137685 0.16968614819653427
0.5099652642369579 0.13148264372748686 0.19233116638170777 0.1662209256538475
0.04694764701424692 0.28658227729288943 0.026729491535999794 0.6397405841568639
0.35024011070230987 0.023676391364204297 0.002447465532054105 0.6236360324014317
0.4200798620312942 0.32954495122580807 0.004298744959500667 0.24607644178339705
0.3206589836303395 0.1448239936855007 0.3582506757406472 0.17626634694351262
0.04223346123892646 0.47293563695878704 0.14617301263714855 0.33865788916513795
0.4029011030129518 0.036137103995952824 0.3412182874282035 0.2197435055628919
0.015297177725249411 0.4488288002303811 0.1547059876817113 0.3811680343626582
0.151714262142986 0.4002859556091949 0.08158575539185098 0.36641402685596813
0.6822950656499717 0.08919704950836316 0.21485647221803605 0.013651412623629122
0.07942594040181516 0.3985340061256225 0.0722350456280304 0.4498050078445319
0.06139173250395913 0.10407088509711515 0.7269161002975553 0.10762128210137045
0.3101080806763581 0.15893068618419925 0.4945648826320128 0.03639635050742984
0.23803329334148204 0.3423797778497323 0.38575231615967187 0.033834612649113804
0.14856182612859403 0.007337122483335068 0.30126935250022835 0.5428316988878426
0.5473081738624622 0.16135670156130655 0.11284353103921729 0.17849159353701394
0.22908746604512287 0.01700788524057828 0.5859550544634934 0.16794959425080547
0.1419379448182697 0.056222347483717905 0.768128996103443 0.0337107115945694
0.0657953487343943 0.18110138537037035 0.2947357843469828 0.4583674815482526
0.044954436415257426 0.09253617540264891 0.6571815865961337 0.20532780158595998
0.26474584654165234 0.1062678745886606 0.574563579833373 0.054422699036314026
0.03398399717507794 0.04586995542414263 0.11114386513284735 0.8090021822679321
0.02686205885698789 0.1953316245157628 0.0967744183826642 0.6810318982445851
0.20349961593191335 0.04748987128681115 0.3218511966552873 0.42715931612598823
0.18473416522887742 0.3162771009228035 0.2823448690311726 0.21664386481714648
0.05243217312911197 0.4329869994478115 0.29681917533324 0.21776165208983655
0.1818237082725016 0.16768958670545664 0.6050882290514723 0.04539847597056945
0.3924749486571433 0.010924540655137371 0.30320032753511394 0.2934001831526054
0.1018669925345781 0.425184021111468 0.4044173118863883 0.06853167446756558
0.6652508490968092 0.2154343264206039 0.03359203598662297 0.08572278849596393
0.30477035510732065 0.04927164862596012 0.2643296109103531 0.3816283853563661
0.47264306653700816 0.15855540049239125 0.23940372040550506 0.12939781256509553
0.1900245173006775 0.02522907886244663 0.16627221726882058 0.6184741865680553
0.002561663531373659 0.31463172215141866 0.5427306455318458 0.14007596878536188
0.23255686510573936 0.012994556134397484 0.4371992955795163 0.31724928318034684
0.388615930916289 0.12317310441977902 0.31279614942228373 0.17541481524164826
0.5513883267896182 0.10247833819286767 0.03176629478136572 0.31436704023614837
0.11536960330387191 0.11476436648106692 0.4187122907182371 0.35115373949682405
0.08027124058107526 0.05017025044879275 0.07703251796880395 0.792525991001328
0.1211668583149973 0.003232414304450426 0.3493784595695515 0.5262222678110008
0.09881989277412462 0.19957001226427196 0.4443987564162718 0.2572113385453316
0.28017767620895917 0.2611795090302277 0.20132107064826243 0.2573217441125507
0.17700318420093308 0.3115766395912578 0.3843425026725247 0.12707767353528443
0.049258337041838685 0.29663989908875865 0.16902718292955132 0.48507458093985134
0.028892129419524015 0.25498255614293364 0.6232336011845854 0.09289171325295698
0.03831346132904856 0.18026963664456996 0.5389716756931116 0.24244522633326993
0.436041043431706 0.30987722464027734 0.134967617652208 0.11911411427580865
0.23126821532398023 0.537114867206751 0.16897397467117403 0.06264294279809479
0.43629964716753866 0.22206048852960825 0.23823038834386623 0.10340947595898686
0.15440627625138936 0.25913914186590237 0.25265140980845446 0.3338031720742538
0.04358966764039274 0.06226945645891724 0.056776331478276876 0.8373645444224131
0.34098109422081313 0.3388539074034903 0.13820248899242116 0.1819625093832754
0.44075625093257886 0.3644543976922511 0.007724938323302344 0.18706441305186772
0.2851228921155671 0.346925712490854 0.2969069235734456 0.07104447182013329
0.1942923285524012 0.3295943548516741 0.37201469939528475 0.10409861720063995
0.4668554697000957 0.039438981386540894 0.14974757396098615 0.34395797495237723
0.44676221469956134 0.03931857880549339 0.3003523014409406 0.21356690505400466
0.407363321671547 0.18936648058664418 0.10694009128577142 0.2963301064560374
0.16639363893150727 0.19818665969444837 0.49154764003809315 0.1438720613359512
0.4272904663977466 0.011810751935190211 0.4558174661986206 0.10508131546844257
0.08178450867829457 0.45690143295369845 0.08294984172415054 0.37836421664385644
0.013602147087650951 0.09900296429549094 0.23199262098612872 0.6554022676307294
0.4337992829875875 0.2056718971455357 0.24545167436866233 0.11507714549821446
