27 40 4 114.99328058386484 229.98656116772972
4.831492694670062 8.331253664450973 7.618575611797116 8.812028798917622 4.450426955853581 9.815109689300686 9.038749120436218 2.887436527789379 7.676448826714667 6.968289872167686 8.981213153427433 8.722114409219916 7.74335992369167 8.831302480497293 2.6808025912427174 3.930100452948241 4.356436914590178 8.143417225753089 2.3595424259328044 2.529484291340288 1.7305218365486108 3.7465780750281428 8.049608216369869 2.46615563781052 1.6357716629679377 7.309640556023842 2.6288189119033207 6.390255253408827 4.737372842758557 5.622150241569413 2.98590555651546 7.530157068716164 8.644914534785705 9.360035452122526 7.623460356091416 5.289285166662879 5.436036759336192 6.350682445913682 1.6843326883452203 2.0572922741097446
0.9662985389340124 1.6662507328901945 1.5237151223594232 1.7624057597835243 0.8900853911707163 1.963021937860137 1.8077498240872436 0.5774873055578758 1.5352897653429334 1.3936579744335371 1.7962426306854866 1.7444228818439833 1.548671984738334 1.7662604960994586 0.5361605182485435 0.7860200905896482 0.8712873829180356 1.6286834451506178 0.47190848518656087 0.5058968582680576 0.34610436730972216 0.7493156150056286 1.6099216432739738 0.493231127562104 0.32715433259358756 1.4619281112047684 0.5257637823806641 1.2780510506817655 0.9474745685517114 1.1244300483138825 0.597181111303092 1.506031413743233 1.7289829069571412 1.8720070904245052 1.5246920712182832 1.0578570333325756 1.0872073518672383 1.2701364891827365 0.33686653766904406 0.4114584548219489
0.0924219138777983 0.7445081945900863 0.12953555755618373 0.03353433397593164
0.28815289454812154 0.4164333661555063 0.0011076442691791977 0.29430609502719296
0.5202924997698993 0.07592146299426616 0.32767534832901457 0.07611068890681993
0.5833700814446411 0.32760112874661795 0.08073968667179221 0.00828910313694875
0.6758213297659811 0.23471404009004349 0.06506016289840377 0.02440446724557166
0.5610275846761363 0.11209226153252327 0.22748045351021995 0.09939970028112044
0.015087921518884051 0.19523964868394006 0.18519626252927834 0.6044761672678975
0.17126442146678234 0.02284370971349481 0.2655368665128055 0.5403550023069174
0.03541708769813445 0.18587099707355348 0.4998642922753834 0.27884762295292864
0.7096489722082104 0.02976200791038308 0.09095219544010513 0.16963682444130135
0.9037267212089181 0.035513582116467046 0.00350750045376802 0.057252196220846874
0.4009708638307262 0.0026103908890506844 0.1514820239106911 0.444936721369532
0.7070466136636511 0.23570500406755712 0.004343779531866487 0.05290460273692532
0.059746398956140645 0.05131367089477712 0.20313867630400517 0.6858012538450771
0.23079652496098557 0.4004271011667909 0.03746058355405335 0.33131579031817016
0.09649789260292185 0.016736444577588272 0.6147884388209572 0.27197722399853264
0.44775763660558765 0.3929975750643653 0.004394555759185459 0.1548502325708616
0.3569744523974929 0.21710989349783705 0.35675186235181966 0.06916379175285037
0.028698282795897367 0.5623612067323668 0.4060282960490321 0.0029122144227037294
0.6697843150385578 0.025865157419729168 0.11806722014362125 0.18628330739809174
0.5778184951133303 0.12159726412376026 0.05873050802604518 0.24185373273686428
0.03515779060951896 0.7517924504408718 0.16833842729567805 0.04471133165393115
0.07537514715469074 0.45379008764356343 0.014326277512767605 0.4565084876889782
0.460989199529272 0.20530651851055082 0.27788539442153337 0.055818887538643835
0.20059085604706395 0.4554287548479009 0.27966133699652274 0.06431905210851241
0.49347961654612027 0.44027753479185316 0.028731200765548914 0.03751164789647765
0.12604244511704188 0.26854643034256853 0.07895466221445824 0.5264564623259314
0.42197876809509394 0.3212672927092264 0.24131219672417858 0.015441742471501096
0.1369960228560375 0.6223850265373511 0.13661686206287282 0.1040020885437386
0.1791305081362896 0.22901257001654707 0.044082613472194554 0.5477743083749688
0.1809813678317418 0.7124982085217585 0.020859786912582612 0.0856606367339171
0.8148040979816457 0.11945691112245804 0.05954820174163167 0.006190789154264631
0.2780354131934121 0.27799001629891607 0.3129133822064203 0.13106118830125157
0.04029604852209678 0.0587429196746968 0.397035456542685 0.5039255752605214
0.4163531436153779 0.00898520327689678 0.5699076158822235 0.004754037225501828
0.19293218484158436 0.21700090791926385 0.13613597863730353 0.45393092860184825
0.049530230252839536 0.056946222060731744 0.21739053658886964 0.6761330110975591
0.05772085927177162 0.5621266364714524 0.1598949192010749 0.22025758505570103
0.4594136104183023 0.033185237539803736 0.4345559571155806 0.07284519492631336
0.21855892906659413 0.3240642611230141 0.30264886592274953 0.15472794388764222
0.013629501631003293 0.5696927888020344 0.33146560896228183 0.08521210060468043
0.38700659769417056 0.29701324807670404 0.23929131077168309 0.07668884345744231
0.2642754157843866 0.22495474074636368 0.38813561871780755 0.12263422475144214
0.12165793024523441 0.08874003314321344 0.43850198772865867 0.3511000488828935
0.2416879299437812 0.06204175023405012 0.4510217253295936 0.24524859449257508
0.10466007199390026 0.36295837801581066 0.4019244071721175 0.13045714281817156
0.2095178826973032 0.18369607345881234 0.5874890575882796 0.01929698625560483
0.1925857832764143 0.26794723374997054 0.3890975594697156 0.1503694235038996
0.5143700168027616 0.43713791710981875 0.03129710024599586 0.01719496584142377
0.18319228819522537 0.32754009539708007 0.21696074313109381 0.27230687327660075
0.3918676582027327 0.0853048335049228 0.2864858384254163 0.23634166986692817
0.07195334754183935 0.13817411368624988 0.3481461023370256 0.4417264364348852
0.3116763122648373 0.3100608349820515 0.10068517403379751 0.2775776787193137
0.1824852963657133 0.14957898354688715 0.39564813996229253 0.272287580125107
0.03482098205022799 0.18936314411548738 0.3991407342233966 0.37667513961088805
0.11199090772310505 0.04207354013653508 0.6798363197418459 0.16609923239851399
0.15609123866945562 0.7174130702400858 0.06138482940978196 0.06511086168067659
0.17642631942207654 0.3546863865479194 0.3774135750760296 0.09147371895397449
0.09431945517848339 0.13556027669384452 0.7407760377694802 0.029344230358191892
0.21851275214530497 0.049200763263334 0.48319297870813394 0.2490935058832271
0.4049516458945601 0.11558500068546596 0.4329939134595784 0.04646943996039554
0.5288188708963109 0.12103511646564113 0.22777663960820738 0.12236937302984063
0.12199785075308123 0.037442449596691296 0.3751547470885138 0.46540495256171366
0.2739501975099675 0.32111327134725653 0.23499486630859778 0.16994166483417816
0.011781954018039276 0.03301284057980736 0.5941483848633746 0.36105682053877874
0.7545601133853822 0.03987461453041763 0.06663240159733663 0.13893287048686354
0.06936129737930274 0.0695144936619202 0.8264448677040679 0.03467934125470917
0.3705101912939688 0.045927064947525076 0.5137267886857925 0.06983595507271367
0.04832574604511497 0.2430216314716548 0.24280663942932867 0.46584598305390157
0.0833195650126739 0.43086346714413404 0.39239380462673135 0.09342316321646071
0.16991180600377054 0.12392253407453035 0.3210707864858109 0.3850948734358882
0.02379481017078322 0.41285849004956854 0.27865674430629894 0.2846899554733493
0.5143463801321635 0.28014259151185406 0.06791247616391671 0.13759855219206574
0.47114237410141213 0.28068612934964676 0.12007170944609014 0.12809978710285097
0.20355087760088675 0.10777419767439533 0.5995781273600127 0.08909679736470522
0.23350669659241385 0.4678485965776681 0.023451935519726463 0.2751927713101916
0.11596149886818852 0.1540867296109566 0.5551832265411262 0.1747685449797287
0.01227390724578703 0.3531376170839665 0.2793173122188597 0.35527116345138676
0.2374185692290719 0.18513474410702202 0.11606076304408464 0.46138592361982145
0.22149471675674648 0.18993457707187877 0.2379165374260872 0.35065416874528754
