22 40 4 112.97856333691526 225.9571266738305
2.8761448362295834 5.335129555870293 4.784842317829373 8.732637986692097 2.54045398250506 4.049775645433304 3.4347954996804804 7.219372154046365 2.983640649739531 8.30755828484818 1.094741868844976 6.050833269966998 8.323535686736768 7.705902664529521 2.702002197345058 1.055267797114884 7.948394843000826 9.620489512839477 7.317440956848801 3.6782044017854547 7.9119346776003185 7.193964924033527 4.4846513234292 6.536852425837506 4.847997158599066 6.258606788412054 7.323719669789067 2.0070565469530903 9.309429332600054 9.899976464769841 7.09669696139236 8.156482979118875 1.261687144042809 2.599831639321522 8.874349707499453 7.704388696317561 5.572811469053544 2.1550051164499155 5.3585581460779785 5.6419613906457835
0.5752289672459167 1.0670259111740585 0.9569684635658746 1.7465275973384196 0.508090796501012 0.8099551290866607 0.686959099936096 1.443874430809273 0.5967281299479061 1.6615116569696362 0.21894837376899517 1.2101666539933995 1.6647071373473536 1.5411805329059043 0.5404004394690116 0.21105355942297682 1.589678968600165 1.9240979025678953 1.4634881913697602 0.735640880357091 1.5823869355200637 1.4387929848067054 0.89693026468584 1.3073704851675012 0.9695994317198131 1.2517213576824109 1.4647439339578134 0.4014113093906181 1.8618858665200109 1.9799952929539681 1.419339392278472 1.631296595823775 0.2523374288085618 0.5199663278643044 1.7748699414998907 1.5408777392635122 1.114562293810709 0.43100102328998313 1.0717116292155957 1.1283922781291567
0.04521011190769353 0.2660545515166909 0.1264159966577152 0.5623193399179004
0.1290640072118362 0.06849450195350293 0.65163223604224 0.1508092547924209
0.21873041542199356 0.3886834477199981 0.3746152454379118 0.017970891420096557
0.3140740298466136 0.22469144325307344 0.3727715242856906 0.08846300261462237
0.7366662295176312 0.007898233434877944 0.11388873290122081 0.14154680414627008
0.35764316974130783 0.31537282728585614 0.2687603890530389 0.058223613919797135
0.1578559141684922 0.41027645613696995 0.0036627761227719935 0.42820485357176585
0.5081672404877015 0.3539205719745647 0.02441054279783572 0.1135016447398981
0.5065454755433445 0.15076582705279307 0.039911877355893965 0.30277682004796846
0.057952871572311215 0.38284999693839494 0.3630506997000982 0.19614643178919566
0.36241686423239117 0.08762481444546966 0.42214776081843786 0.12781056050370132
0.39593718295870495 0.3083594376430209 0.1275561169138405 0.16814726248443368
0.16892308055411542 0.09812128606372794 0.4638977214646389 0.2690579119175177
0.4349870469509741 0.13041098853833155 0.3069883755974099 0.12761358891328445
0.04895546575127907 0.16314738914083926 0.3267984880133218 0.4610986570945599
0.3980551570183919 0.21605338567064458 0.03702912471046815 0.3488623326004954
0.11557638066163867 0.33620244368744123 0.4119272306666485 0.1362939449842716
0.4585916249356583 0.35835829000935826 0.019297373138192242 0.1637527119167912
0.026716901748386812 0.4448429230339751 0.4371218214265944 0.0913183537910437
0.05196410414210806 0.3789192438088961 0.10897153663835168 0.4601451154106442
0.27705080775062785 0.09944249617746326 0.135160973997561 0.4883457220743479
0.1878703577436346 0.3204569858655224 0.04576393560884129 0.4459087207820017
0.2612231950610343 0.5373280320806737 0.06072932193621483 0.14071945092207716
0.3158046151931876 0.03509398730739277 0.39461803892782454 0.2544833585715951
0.38812024384799604 0.017754122032254238 0.4287629942875465 0.16536263983220323
0.18199141156667276 0.0430115017930488 0.6086006965941502 0.16639639004612827
0.04671699281628905 0.49388015997123824 0.4402693371557256 0.019133510056747127
0.3953180528564809 0.19494371341326233 0.18713138797711182 0.22260684575314493
0.08555555540611037 0.013077558903866415 0.7085313410319469 0.19283554465807629
0.18055741592171026 0.5007570688203213 0.27465196825372573 0.04403354700424267
0.03413318609729077 0.09982405659132287 0.6909446981185294 0.17509805919285693
0.07426182678102977 0.3948433381424674 0.25453618380575393 0.2763586512707489
0.3411360502359315 0.27444568624153287 0.00691857847935351 0.3774996850431821
0.23971462178020908 0.1459332538582112 0.15434898118365348 0.46000314317792623
0.19258926429661427 0.07768169655863633 0.5035643305259992 0.22616470861875015
0.11995862795621237 0.6458554654809525 0.18877398602752538 0.045411920535309735
0.5253924029563282 0.04766159139858561 0.24626213681299536 0.18068386883209087
0.3693220042549855 0.07191511906585457 0.2870938067902348 0.27166906988892514
0.09899963041887727 0.34199730812448315 0.15277846014917162 0.40622460130746796
0.07290652362018879 0.011837805528539747 0.5643471840424471 0.35090848680882436
0.04566154259879052 0.050223067319250636 0.5889441087490866 0.3151712813328722
0.125207183193362 0.34785281888229447 0.3085627467512696 0.21837725117307394
0.16748829814257826 0.27601179613433047 0.2654553195292232 0.2910445861938681
0.08625567976924198 0.13288168209509388 0.09428342636694276 0.6865792117687214
0.005512411903590642 0.1720246260324565 0.6510033270109981 0.1714596350529548
0.02304901267712911 0.14106532076187217 0.7890339154958532 0.0468517510651455
0.24212295669978845 0.22782945660536458 0.03361040821063932 0.49643717848420765
0.2518355107948953 0.07191609911678365 0.3114445796158114 0.36480381047250965
0.030453593675645596 0.9021921579184561 0.066676670044849 0.0006775783610493136
0.20002865147795024 0.5902773835408994 0.017366024199376384 0.19232794078177395
0.2024276263846314 0.40028037141759576 0.24850279872584835 0.14878920347192448
0.028732626188844312 0.16470363622238626 0.5695596492315884 0.237004088357181
0.6638193479988945 0.22337468915492953 0.0023018009235381554 0.11050416192263779
0.0345150171194456 0.31556041265586554 0.16459307443549154 0.4853314957891973
0.007408867991093193 0.7174318237873383 0.20846110287733666 0.06669820534423188
0.03709209948967984 0.6989886349686533 0.18895458692912448 0.07496467861254241
0.5003814625412049 0.10429358179785742 0.1517691886864303 0.24355576697450743
0.2289650591090845 0.2814178531105628 0.13875590078290467 0.35086118699744806
0.03525687011793488 0.04362472120544869 0.07573526468399494 0.8453831439926215
0.6951388599043494 0.24341842447595696 0.03300630097063184 0.02843641464906177
0.17891537035148664 0.3995691113378659 0.4193298073668116 0.0021857109438359057
0.04351748164020386 0.2965291639233898 0.14362929815282688 0.5163240562835795
0.06273854583665517 0.34516587239287577 0.5902226098891356 0.0018729718813335072
0.08278021615461195 0.1703191058023602 0.40309653452272187 0.34380414352030597
0.663517140268703 0.05810929322769298 0.054812267657305846 0.22356129884629816
0.005999501419766795 0.4583322583433703 0.3832642361882723 0.15240400404859056
0.5091975798423569 0.06003768812062549 0.23837118732905316 0.19239354470796444
0.4481509117058249 0.1821395618541679 0.15872029431270152 0.2109892321273057
0.19078757459849527 0.26253098145331 0.544365765127424 0.0023156788207707724
0.004424057058423636 0.43835752481874446 0.09057339035508072 0.4666450277677512
0.43590873889026993 0.07318933327172483 0.1294642851111928 0.36143764272681245
0.5591303694492671 0.18470950034880984 0.1740509747138339 0.08210915548808917
0.13272304660747247 0.3068616630683235 0.41786192259938004 0.14255336772482397
0.5391522839379332 0.07208310172102672 0.3279746617943248 0.060789952546715265
0.5796218025666536 0.1168044060015585 0.26271406145331666 0.040859729978471204
0.16853418667348852 0.42054835300817595 0.08074716844282648 0.33017029187550906
0.34318709159599636 0.07687099490470717 0.041823382170096735 0.5381185313291997
0.10848146527958291 0.35318202732131665 0.28723122547558744 0.251105281923513
0.07597209972196106 0.1572333355640515 0.694272125306958 0.0725224394070294
0.08353642553665086 0.3039312427511003 0.1992834034501909 0.41324892826205795
