30 30 4 81.41290788087248 162.825815761745
6.797291824615015 4.426736406716049 6.967431148021017 2.47285653492478 9.663470323068868 4.119956563417891 9.925758930642468 3.1155210604508103 6.271248416694919 4.6602109146268065 2.2261088981714225 5.897226588743618 5.6635871214326095 7.901695956686549 9.404651289867218 1.8073304450733474 2.7619413109302253 9.947743158676253 3.1166244785529003 3.1508773474838594 6.661898477444818 7.614573189788255 7.195099447604834 1.2801767357586447 9.122624589236816 3.5779179512111883 6.000513074254986 4.387782200765889 1.2396192829580293 5.447342093924842
1.359458364923003 0.8853472813432098 1.3934862296042034 0.49457130698495605 1.9326940646137736 0.8239913126835783 1.9851517861284935 0.6231042120901621 1.2542496833389838 0.9320421829253613 0.4452217796342845 1.1794453177487236 1.132717424286522 1.5803391913373097 1.8809302579734435 0.3614660890146695 0.5523882621860451 1.9895486317352507 0.62332489571058 0.6301754694967718 1.3323796954889635 1.522914637957651 1.4390198895209667 0.25603534715172893 1.8245249178473633 0.7155835902422376 1.2001026148509972 0.8775564401531778 0.24792385659160585 1.0894684187849684
0.38615208845684734 0.1292300237840608 0.31933298125250653 0.16528490650658534
0.24483180845708308 0.07130157345117083 0.0191086977579511 0.664757920333795
0.21208083139141454 0.16181324732611335 0.5434640000012735 0.08264192128119863
0.16318089235945177 0.1761861639918908 0.4452865708114958 0.21534637283716163
0.047830899151430684 0.7596238167086213 0.03785772802351928 0.1546875561164287
0.31343675340085886 0.1504304067176797 0.3558204925672942 0.18031234731416723
0.13782687945281946 0.18620694435284335 0.3086161599857127 0.3673500162086245
0.03082189126169621 0.22601582398463782 0.23662597777416172 0.5065363069795042
0.38770822445994335 0.19506699910968217 0.40360891941553423 0.013615857014840249
0.1617182284919555 0.14500843136111896 0.6831878406882224 0.010085499458703184
0.025844836873522903 0.024809166040942965 0.23982374473890467 0.7095222523466295
0.07160379461879807 0.04548371720579136 0.7952939845797409 0.0876185035956697
0.15160629830825234 0.16403620519184559 0.0943180709399678 0.5900394255599343
0.015456051150818495 0.08119344435047438 0.12001881926650837 0.7833316852321988
0.2967776353328905 0.3830080980081296 0.27712704474055116 0.04308722191842873
0.14577254819859586 0.025118675083836473 0.732155088055756 0.09695368866181164
0.2863958303231542 0.3048856978558132 0.3973770128546519 0.011341458966380724
0.20648364149092824 0.22232457496401248 0.4406113369050928 0.13058044663996649
0.2939110734492527 0.07442365050900246 0.4210758764413086 0.2105893996004362
0.05043075239597339 0.646550732210022 0.025589948683350516 0.2774285667106541
0.043944343559712884 0.8055338227634992 0.010277183054620331 0.14024465062216762
0.17419507532441425 0.22599703195834175 0.09446681247384847 0.5053410802433955
0.18058988238275897 0.0864220138100823 0.5726908203790926 0.16029728342806615
0.5378108117386575 0.1578624782943887 0.17351133840232802 0.13081537156462575
0.19520152534907897 0.0019052877841220228 0.3515057544739961 0.4513874323928029
0.17407204806712828 0.6114912629666461 0.05981837847718652 0.15461831048903907
0.27808553632662203 0.04318656348942107 0.6517048095084569 0.027023090675500017
0.3373039792603426 0.03818531583944007 0.24574218145906657 0.37876852344115075
0.4289059471044482 0.26359606709421124 0.16940587258444761 0.13809211321689296
0.6439524238978356 0.006071360131659653 0.31505369195867794 0.03492252401182683
0.36698733001025263 0.10539179541502719 0.2717578790150158 0.2558629955597044
0.3462504239281453 0.2491878642728833 0.1025118767809724 0.302049835017999
0.26729316832645944 0.3057953384564749 0.24588742997198154 0.18102406324508413
0.024154769854872082 0.24070260910232655 0.5495122061534345 0.18563041488936682
0.2641457863972352 0.10104419799278863 0.1283716524089118 0.5064383632010644
0.4625367885188232 0.22195423658085467 0.008864034397392917 0.30664494050292923
0.5768119991495879 0.019649668416953037 0.021539356261857545 0.3819989761716015
0.05713460300902695 0.086477521769588 0.7955436030042744 0.06084427221711064
0.3570967475164035 0.582493889743796 0.053512496516224584 0.0068968662235758815
0.3408632429762164 0.02762699750517672 0.4965661336411141 0.13494362587749276
0.5316390522364949 0.10622502055883809 0.2973202379362141 0.06481568926845294
0.19351250766628814 0.11719990669614755 0.3807820242799882 0.3085055613575761
0.13435027437450497 0.3775930849065928 0.2950867524635332 0.19296988825536898
0.37901324152236826 0.0631733544544043 0.3847157637929428 0.17309764023028462
0.26942989118265326 0.350056557517083 0.3639058088062469 0.016607742494016864
0.04905917212119215 0.0525824064554925 0.29763290531462616 0.6007255161086892
0.34675085470817635 0.33059716528407024 0.02782378883486525 0.29482819117288817
0.7803478367384922 0.0397444927097641 0.03142475998754968 0.14848291056419405
0.22912990202758132 0.4089983922393211 0.26212789715420093 0.09974380857889664
0.031066724263415058 0.24472434790604836 0.49653659016805274 0.22767233766248385
0.24473725573165206 0.5344556185192353 0.1717803898336493 0.04902673591546336
0.2537116326210229 0.29575894926087976 0.3800573983544957 0.07047201976360162
0.2758065539982788 0.5134069893167231 0.08571279932349174 0.12507365736150633
0.3045112636953058 0.3702011625868903 0.19206799768408778 0.13321957603371615
0.5510805727250121 0.1617915791599227 0.07713934872423711 0.2099884993908281
0.2905840977853211 0.5625057546113349 0.002426981130826733 0.14448316647251724
0.06037287491829957 0.24921533613829927 0.4605910336688598 0.22982075527454138
0.023491251065060226 0.01278107572950793 0.6122240126787319 0.3515036605266999
0.047706208496565594 0.4750455997341475 0.47465915403141756 0.0025890377378693374
0.13705238465905678 0.30348679445685167 0.10248856174592835 0.4569722591381632
