39 30 4 95.23701370249378 190.4740274049876
5.922002405308192 8.181091191543448 8.383616919085432 2.09844880147181 6.418018061122942 5.729631250281253 5.175175652290616 5.243011699820642 6.694415585895983 9.330974924253972 8.339526241753976 9.499975771450039 9.276266278535857 4.733477167159189 8.432307660728354 9.516341069554752 6.652414479118475 3.2704281312661614 6.331158125425379 8.743634299656144 1.4360718846881837 8.693186925806375 7.481926157783402 3.6637609317132864 5.368658249615223 8.59847948207008 6.422420296133518 2.4143123768938946 5.734920225626897 2.6883751589341314
1.1844004810616384 1.6362182383086896 1.6767233838170863 0.419689760294362 1.2836036122245884 1.1459262500562506 1.0350351304581231 1.0486023399641284 1.3388831171791966 1.8661949848507944 1.6679052483507952 1.8999951542900078 1.8552532557071715 0.9466954334318378 1.6864615321456706 1.9032682139109505 1.330482895823695 0.6540856262532323 1.2662316250850758 1.7487268599312287 0.28721437693763674 1.7386373851612749 1.4963852315566804 0.7327521863426573 1.0737316499230445 1.7196958964140159 1.2844840592267037 0.4828624753787789 1.1469840451253794 0.5376750317868263
0.1564259040495929 0.3865273502147658 0.1274937503685598 0.3295529953670815
0.013558732596354317 0.42151315040681236 0.2362756432988593 0.328652473697974
0.11325298922511051 0.10810438054451965 0.49390661157368865 0.2847360186566812
0.13349053598295024 0.06990721101433461 0.07725913845734167 0.7193431145453735
0.10934287709299495 0.10988420849493463 0.503669777074606 0.2771031373374644
0.5411800162429459 0.3276894539813595 0.01770763794843877 0.11342289182725585
0.31815538716099034 0.6297935512628522 0.028343772114895693 0.02370728946126177
0.3077583769093687 0.10353338380971977 0.5392089795559732 0.049499259724938294
0.0908245617633181 0.6316160876587217 0.11167179596953525 0.16588755460842497
0.30867440877913765 0.17225476774934734 0.4008700046301634 0.11820081884135158
0.011519220430084354 0.5097306906812321 0.43257601373458265 0.04617407515410088
0.3425843014914942 0.15038851141690845 0.3774239915871652 0.1296031955044321
0.03288953333391487 0.6166518320747916 0.1576798299392106 0.19277880465208297
0.15915484144645686 0.3034413260386869 0.46058805974220085 0.07681577277265539
0.0467470253531852 0.3470790789917153 0.5472821842843199 0.05889171137077964
0.33429111615661433 0.05290264880673412 0.29061674158538287 0.3221894934512687
0.5291465414236582 0.03815140258309235 0.34644648829735347 0.08625556769589593
0.14618543855534272 0.2759128105152783 0.1799381500631736 0.3979636008662054
0.25617198938335595 0.3796327275560816 0.3460664353335652 0.0181288477269973
0.6669642428976391 0.16899986787745003 0.012473993877428757 0.1515618953474821
0.2504383454445074 0.057628949745541225 0.6845998714140741 0.007332833395877314
0.1688753210093794 0.03415523658135455 0.5181920590813672 0.2787773833278988
0.22989237861318845 0.16830835552218337 0.5555695195463805 0.04622974631824772
0.4635165288407693 0.022503490805744764 0.358207604998796 0.1557723753546899
0.24828928580664844 0.432449766314832 0.12055628439762267 0.19870466348089688
0.1360602539335347 0.10799174078226559 0.05000132125310386 0.7059466840310958
0.2654697032801968 0.3327821748972202 0.07561043905423837 0.32613768276834465
0.22861205646290272 0.7208793987701828 0.04869753235592644 0.0018110124109880221
0.3182250470105832 0.1959881423421379 0.13599302508961142 0.3497937855576675
0.19927185245437606 0.2887588340193705 0.03130028928118911 0.4806690242450643
0.5487491729542607 0.10380805663398429 0.27993900904046687 0.0675037613712881
0.477456963246889 0.34148826089744366 0.028899556968317586 0.15215521888734973
0.03972312647679699 0.5726390741589898 0.2278291496688004 0.15980864969541275
0.2936529251318867 0.4293083497410394 0.06789021268287798 0.20914851244419597
0.23472960321027847 0.1119175699187559 0.5932312938289597 0.06012153304200596
0.013636860110358584 0.2878187807415835 0.5943691073103876 0.10417525183767029
0.01607688827247833 0.28236803754578643 0.515953938303183 0.1856011358785522
0.33999991104526905 0.09841304826177921 0.2523531335625162 0.3092339071304355
0.11435661244016126 0.6047746571615199 0.2315055554993115 0.04936317489900732
0.5675540848731845 0.13629769126161662 0.09274713769081022 0.20340108617438868
0.4017813542114521 0.1615237738899602 0.21433618757974904 0.22235868431883865
0.3277816179429439 0.2682438740593003 0.0512203050969714 0.3527542029007844
0.04912258805601377 0.2208722164552953 0.6354344055618095 0.0945707899268814
0.16843821282748472 0.1907837361397423 0.20348516998385247 0.4372928810489205
0.39876265903467123 0.36277345489133417 0.02447144304936022 0.21399244302463438
0.16921891214984552 0.005093933290440167 0.6714135202165559 0.15427363434315844
0.4381962319751088 0.2942956132102007 0.25152506164822364 0.015983093166466844
0.10296695459087479 0.09764066285760242 0.044717306039149696 0.7546750765123731
0.08073652364191242 0.032525568072183764 0.21053118993718556 0.6762067183487183
0.32551381866326934 0.4807526557897952 0.006753796986062821 0.18697972856087264
0.7473334785738057 0.20475120508142608 0.011151003175679852 0.03676431316908835
0.24848229413241063 0.022337153138226262 0.16194498400843205 0.5672355687209311
0.3987183435894226 0.041492507642766796 0.12032651221308432 0.4394626365547263
0.3267620341546601 0.24590846566662294 0.10809578902916939 0.31923371114954757
0.4563701888209881 0.014752338321853187 0.26824174816369917 0.2606357246934595
0.06299893461740802 0.5414066933369002 0.3603318452619375 0.0352625267837543
0.2753988923225884 0.3598989266348327 0.16403794463792043 0.20066423640465847
0.2807218862171942 0.3004973473445378 0.2914949774704727 0.1272857889677953
0.23745666867329795 0.14130028971004505 0.33892340970415635 0.28231963191250065
0.1424651833393632 0.46728101139247946 0.029950045752816012 0.3603037595153413
