5 70 4 192.09241759642285 384.18483519284575
2.9979385398076555 8.836590755596387 2.8604723980548377 9.267498171441295 5.395700699153462 6.505694766123812 7.89317070832284 5.665761890856489 3.6712045141859977 2.6894910579512645 1.7266714188838739 7.64596266579073 4.971783006063578 2.4247888094138608 8.91943328081151 3.4667781579300216 4.728115171729462 3.6647193946028316 6.65909117991535 6.218540291705906 6.399362769624888 3.392372057819565 3.5621729257722743 3.2822938519640874 3.948075529198607 2.297478705880784 2.4905157508114084 9.675374761611476 9.642040437571245 2.6957319003634166 1.2187590546653828 2.840999917419556 7.298592527139017 8.01563126999977 1.2063978319517332 6.198965723167804 1.0147795544444076 5.639253507148542 6.758156585177714 9.8706196252377 3.331878367699952 8.222471967365832 8.83434778301335 9.304746525511028 1.0199279127919922 5.225395345818196 9.833218638454095 4.590503235125654 8.323592298282264 5.9181084817522995 7.937686784262021 5.364379674896122 1.2620040730544595 1.7787311956198457 2.00308431140221 3.2612060052149285 9.684237632737284 6.685894474639709 8.349941823538256 6.094737964834807 6.718205850237037 8.307121520623696 9.34014353719487 9.213640873334048 8.423296483946729 1.847824589595904 4.249435766174281 1.3195812858429723 5.917225136867262 8.165284487704039
0.599587707961531 1.7673181511192773 0.5720944796109675 1.853499634288259 1.0791401398306923 1.3011389532247624 1.578634141664568 1.1331523781712978 0.7342409028371996 0.5378982115902529 0.3453342837767748 1.529192533158146 0.9943566012127156 0.4849577618827722 1.7838866561623021 0.6933556315860043 0.9456230343458923 0.7329438789205663 1.3318182359830701 1.243708058341181 1.2798725539249776 0.678474411563913 0.7124345851544549 0.6564587703928175 0.7896151058397214 0.45949574117615677 0.4981031501622817 1.9350749523222952 1.9284080875142489 0.5391463800726833 0.24375181093307657 0.5681999834839112 1.4597185054278035 1.6031262539999538 0.24127956639034664 1.2397931446335608 0.2029559108888815 1.1278507014297083 1.3516313170355427 1.97412392504754 0.6663756735399904 1.6444943934731664 1.76686955660267 1.8609493051022057 0.20398558255839844 1.0450790691636391 1.966643727690819 0.9181006470251308 1.6647184596564528 1.18362169635046 1.5875373568524043 1.0728759349792243 0.2524008146108919 0.35574623912396913 0.400616862280442 0.6522412010429857 1.936847526547457 1.3371788949279417 1.6699883647076512 1.2189475929669613 1.3436411700474076 1.6614243041247392 1.8680287074389739 1.8427281746668096 1.6846592967893457 0.3695649179191808 0.8498871532348563 0.26391625716859446 1.1834450273734523 1.6330568975408077
0.05114280310134711 0.3143349648108177 0.4296097050088672 0.204912527078968
0.5834997437200565 0.0553779383403088 0.30466239995551425 0.05645991798412042
0.10082727286264515 0.4095275244766028 0.3332001687709758 0.15644503388977626
0.3715126153280073 0.10682642865877767 0.3813678430014066 0.14029311301180847
0.5147379670006791 0.05788068180712014 0.22785777194277046 0.19952357924943032
0.05396210214514685 0.3984567436718286 0.5327179518788291 0.014863202304195466
0.3320481495356774 0.07563757914146618 0.5137848372820334 0.07852943404082302
0.3302532519595063 0.1964643134990851 0.366266728896707 0.10701570564470164
0.7100490473544384 0.05728233376334502 0.002601295773531298 0.23006732310868527
0.23964043961222492 0.12395935719188111 0.010114720591863247 0.6262854826040307
0.0600961698663498 0.0033048121070188285 0.7497695455099763 0.18682947251665505
0.0850704617502156 0.08517961388786655 0.6443919359197782 0.1853579884421397
0.05982163675463459 0.5111535801011712 0.018398661377936776 0.41062612176625746
0.5809185276333954 0.24478729886495532 0.16079561490504524 0.013498558596604093
0.031130063418406073 0.3335801153739789 0.2875606071953156 0.3477292140122994
0.4593455947586442 0.17355994603232294 0.3283055993831481 0.03878885982588476
0.4966955091225945 0.1072886319736891 0.15187969016433056 0.24413616873938582
0.2184977813400989 0.14683523759430417 0.058516583870819594 0.5761503971947773
0.13436372785235862 0.0021163659689165115 0.4056103152557333 0.45790959092299155
0.5487261970931809 0.13045648377791008 0.318042785691831 0.0027745334370780084
0.35478546069796135 0.23371460427510982 0.1382893056605049 0.27321062936642393
0.2456309985441607 0.10209816912297187 0.2568741465661508 0.3953966857667166
0.16564182663829652 0.11251410724881994 0.31306637750254007 0.40877768861034347
0.4977680192642012 0.12698644789818514 0.2690081860699005 0.10623734676771313
0.5094750943074225 0.1319896782304092 0.12886459057975974 0.22967063688240852
0.11976902075848306 0.6407625196582584 0.1495658925455503 0.08990256703770827
0.00038289436747096506 0.15436221517386683 0.6571990820160866 0.18805580844257563
0.16113245334394066 0.421778362579473 0.01708235081427234 0.400006833262314
0.30049586977343923 0.037842779199424026 0.041439740445354034 0.6202216105817827
0.0859497793298083 0.11708220145800852 0.2351369118183434 0.5618311073938398
0.37243245491648513 0.26128402237418535 0.21241634516009478 0.15386717754923473
0.009708308333148619 0.6978179169588477 0.0064328336762219385 0.2860409410317818
0.1906563341982922 0.1018241254324751 0.6460724744786228 0.06144706589060989
0.5711786015957309 0.01702101110889276 0.06801166633944122 0.34378872095593516
0.13793535839611237 0.167613171330393 0.4715857625207246 0.22286570775277004
0.08162956241513852 0.12487311616769214 0.4624107615593207 0.33108655985784863
0.2789776720743462 0.16833248191891348 0.3639058285399357 0.18878401746680462
0.047738377113599184 0.08516741928059635 0.5814117939179655 0.285682409687839
0.006608107989574563 0.9066094343262434 0.012434270767860855 0.07434818691632117
0.2310328751730122 0.14499914273178394 0.2070806109387926 0.4168873711564113
0.03834193016002463 0.5059630008104299 0.18687906889778794 0.26881600013175755
0.06881640857365579 0.03574379786847681 0.17027419756967144 0.725165595988196
0.4696664849381693 0.24973339789770288 0.21884221050627994 0.06175790665784786
0.6531640777505399 0.1329633004465215 0.10377160724588386 0.11010101455705479
0.3708627664523175 0.11375784153397783 0.3272096474530828 0.18816974456062185
0.22027202611951346 0.5443306240745418 0.042027014959611364 0.19337033484633337
0.37907264280754116 0.3776773534141469 0.21870921488245276 0.0245407888958592
0.2573873511452943 0.03780412931295429 0.073050921367669 0.6317575981740824
0.3210437359855205 0.30314477646749316 0.2499952079326495 0.12581627961433683
0.29898286145862574 0.16959064132895874 0.051192985664462065 0.48023351154795346
0.3406637209165282 0.021873974903634408 0.5330618643207305 0.10440043985910685
0.12426283961828377 0.2972927813714775 0.16552197173204997 0.41292240727818874
0.5882685699028393 0.16994702469668088 0.07287223313907709 0.16891217226140276
0.04287194516336823 0.3378051121600244 0.2053460438816942 0.4139768987949132
0.20754234112530112 0.43059253349244275 0.16607627548613058 0.19578884989612555
0.38711374679552535 0.11394087700435052 0.38634834841598953 0.1125970277841346
0.046565623732697126 0.24818102121627605 0.6206540899002203 0.08459926515080651
0.11303781858891349 0.38027317192358345 0.1945357656205069 0.31215324386699617
0.22690730721217645 0.19759147356378226 0.5026226225784595 0.07287859664558183
0.27020384847136114 0.41925535755257415 0.18865107371844103 0.12188972025762368
0.27853119786035485 0.5928196826235546 0.050701299883530226 0.07794781963256037
0.16556515600327382 0.17109328870713691 0.0879986351054508 0.5753429201841385
0.21152689505945843 0.3950759929177452 0.23237932253094107 0.1610177894918553
0.3212490423026746 0.19044091027083487 0.21637988961226384 0.2719301578142267
0.051457931533825385 0.03985868002765436 0.6615893822469104 0.24709400619160982
0.03602349506840796 0.15337420656560585 0.5535440216516192 0.257058276714367
0.09116169080056102 0.4950064041526382 0.1645328915350983 0.24929901351170247
0.004021782407716112 0.23587889789026162 0.155191149510717 0.6049081701913053
0.1236616225165289 0.4023726566895516 0.13281090458773337 0.34115481620618615
0.005287650017404277 0.7836572457726247 0.04086350707391395 0.17019159713605703
0.18866773579310792 0.05562313116480044 0.10780406880846016 0.6479050642336315
0.11169242718357142 0.3817226247131883 0.4458843000680919 0.06070064803514841
0.34602815175595236 0.03738091431116286 0.5776940158980146 0.038896918034870165
0.01236941160035765 0.09874133794000761 0.7388692828458283 0.15001996761380643
0.020391378448150643 0.3909922373312259 0.035224212142936695 0.5533921720776868
0.19047777345550265 0.5124643036624755 0.09845945329309191 0.1985984695889299
0.3599831951713076 0.5385879597134157 0.05505935084262381 0.04636949427265291
0.08273856907998767 0.5781058218783977 0.3043131560559553 0.034842452985659356
0.7015528325813724 0.057546285707953615 0.21525036059631797 0.025650521114356062
0.08305444303844489 0.13842831700455027 0.5888314720693566 0.18968576788764824
0.24210767225593488 0.02213070228471392 0.18550518335590727 0.5502564421034439
0.1953446255624387 0.6124328097849133 0.00250809383514361 0.18971447081750437
0.3025181125003943 0.6122162276170677 0.050262300152870254 0.03500335972966773
0.10748953357509894 0.3653386214821879 0.18658912529603444 0.34058271964667874
0.24185905409742914 0.3023732986487566 0.34810092255232494 0.1076667247014893
0.4186541000368995 0.10852473290966269 0.2618312816096815 0.2109898854437563
0.21114100089423782 0.53743480966058 0.24492819737784943 0.0064959920673327565
0.31864643768233136 0.10699089585265531 0.052303976569569754 0.5220586898954436
0.26523024662679795 0.03665585110593195 0.015814105619859742 0.6822997966474104
0.560914589810152 0.040426566085236315 0.041008384259833885 0.35765045984477783
0.6050043134902023 0.010809226028292929 0.16156845511001894 0.2226180053714858
0.012848073980403552 0.05841791011456421 0.23796478737850946 0.6907692285265228
0.06036643241777773 0.28796556192123335 0.42668113569709754 0.2249868699638914
0.1596809333223338 0.48395928606866034 0.08695104661570796 0.2694087339932979
0.16820815801861322 0.01327305110084287 0.8066865538433708 0.011832237037173066
0.1428757978793307 0.6063088617311014 0.18115718337731057 0.0696581570122573
0.19227929577547498 0.21479966074599466 0.4384388596423402 0.15448218383619017
0.7392507348926605 0.031009268078800667 0.1912074828747109 0.03853251415382797
0.4970103500750551 0.24574039144247606 0.056035533049137 0.20121372543333182
0.1260458531287345 0.10961778453643811 0.6058791041979625 0.15845725813686484
0.2186817294576564 0.35669293560149573 0.31355387861696404 0.11107145632388382
0.2651126682511451 0.28435079127784535 0.2562311501110326 0.19430539035997696
0.2581863842453116 0.16745762779391382 0.20857026398541034 0.36578572397536424
0.47277887411000685 0.41512052285296663 0.102156156360097 0.009944446676929508
0.17750904732011363 0.035535916974338 0.1371346138022448 0.6498204219033036
0.3307044032080019 0.04070054380744492 0.06513060645432522 0.563464446530228
0.027528463477695997 0.047642036408946375 0.37062196130404845 0.5542075388093092
0.36528645954502703 0.46515124083121406 0.03314787947486886 0.13641442014889005
0.4329305855133808 0.00045730547422606627 0.5279801851438439 0.03863192386854919
0.026037244426359463 0.322790327796737 0.006994003934701953 0.6441784238422016
0.019519958823183248 0.8395782581298694 0.13941755030978142 0.0014842327371659136
0.2959974276602575 0.22945205341723274 0.445156226484271 0.029394292438238767
0.1368790323208824 0.14830203194959257 0.6815456045660048 0.03327333116352027
0.44126029355469865 0.28022843479727066 0.04548440427900724 0.23302686736902345
0.09738624473422608 0.3642752959498673 0.42447275214385893 0.11386570717204769
0.19656782979436171 0.46077843295368337 0.09156885643141 0.2510848808205449
0.2236880773986134 0.16460507225484033 0.4556604725025519 0.15604637784399433
0.6528298804275758 0.11120478523364385 0.09446426702929966 0.14150106730948064
0.3428080361137673 0.14258863695376256 0.018925741058836043 0.4956775858736341
0.061414021493359505 0.11146308544026007 0.27627703769617695 0.5508458553702035
0.29485052230878517 0.5139035386511938 0.10627926146259803 0.08496667757742304
0.7568315587776803 0.14161595320429232 0.09816358793480029 0.00338890008322712
0.34411893928019344 0.17044708102898198 0.31871570390823223 0.16671827578259235
0.443504721482604 0.1517804060472393 0.2194201496379662 0.1852947228321905
0.6561496917280327 0.2992018858110086 0.016384440580959114 0.028263981879999567
0.058385754783147226 0.6140225276743835 0.2328280262087058 0.0947636913337635
0.177693587280222 0.07502269147246099 0.08909200201792944 0.6581917192293876
0.4717910210361883 0.3452938066192778 0.12476010911634905 0.05815506322818487
0.19040336327223983 0.011949491156868386 0.6452400942492534 0.15240705132163834
0.021931894908752914 0.2736792062643153 0.15025757873845846 0.5541313200884733
0.08162815976425408 0.08443162007189997 0.08027141626834589 0.7536688038955001
0.013140081523351776 0.5645184232293631 0.10277652671410242 0.3195649685331827
0.3469168821812806 0.10179242672546918 0.5264407198206512 0.024849971272599025
0.014097884116019754 0.2522256657106695 0.3596955216854064 0.3739809284879043
0.15814617408626652 0.24847115188155766 0.3674498234245045 0.22593285060767132
0.20778884719084 0.03688737340340886 0.5952246011222887 0.16009917828346243
0.1287675352661406 0.22905003822224113 0.1367812388484334 0.5054011876631849
0.3564244417945589 0.28224226015192544 0.13478681602890585 0.2265464820246098
0.39875712332682633 0.025249043036041363 0.35536173193061493 0.22063210170651737
0.07816590847055904 0.43860325764045505 0.22234173965546522 0.2608890942335207
