93 50 4 146.6968360342068 293.3936720684136
6.457189039988279 6.917604117560341 3.765169084092129 9.65803136635758 5.823270165981643 6.936712217979729 9.994388759409443 7.758855342389721 5.846699833025205 7.709549081490495 3.1203837521470503 4.747154414433243 8.605177811204012 4.650820706287571 5.271026902058378 7.238612654140764 2.6664703463243673 1.6144737113010772 6.600628047830755 6.409165326713743 8.825001513117908 1.4738120104043984 6.121580972141318 4.6480138415382495 8.222622196714896 8.068348449177673 8.00841505657712 1.8328176423524982 9.63261434338023 8.595661557265494 3.445076734130764 5.297546868684331 5.29794466066402 6.893786054606546 2.8094557838074543 4.376645746067995 3.507479037955874 3.9229776956761615 6.031239534309991 8.743640818830055 9.531518594330063 5.092763491227696 5.1914035140125145 9.343929658316638 2.147974268615208 2.588165657601668 5.210060388217909 9.519251707819066 6.20928790166593 1.0132536884883625
1.2914378079976558 1.3835208235120682 0.7530338168184258 1.931606273271516 1.1646540331963284 1.3873424435959458 1.9988777518818885 1.5517710684779442 1.169339966605041 1.541909816298099 0.62407675042941 0.9494308828866487 1.7210355622408025 0.9301641412575142 1.0542053804116756 1.4477225308281527 0.5332940692648734 0.3228947422602154 1.3201256095661509 1.2818330653427485 1.7650003026235814 0.29476240208087967 1.2243161944282637 0.9296027683076499 1.6445244393429792 1.6136696898355347 1.601683011315424 0.36656352847049967 1.9265228686760458 1.7191323114530987 0.6890153468261528 1.0595093737368662 1.059588932132804 1.3787572109213093 0.5618911567614908 0.875329149213599 0.7014958075911748 0.7845955391352323 1.2062479068619982 1.748728163766011 1.9063037188660126 1.018552698245539 1.038280702802503 1.8687859316633275 0.42959485372304157 0.5176331315203335 1.0420120776435817 1.9038503415638133 1.241857580333186 0.2026507376976725
0.04135017792114337 0.6015056650814379 0.07772626678254113 0.2794178902148776
0.030385909819087176 0.42479627487503757 0.24766870785218364 0.2971491074536916
0.2185274228754771 0.03250742135656304 0.24606452764213027 0.5029006281258296
0.1566115789174478 0.016349241802498082 0.6147812149473959 0.2122579643326582
0.02131357166239689 0.2769552828599835 0.26900487232300163 0.432726273154618
0.015288212306103666 0.9179915512025374 0.03999676545966302 0.026723471031695922
0.10545275432797807 0.07443243599553317 0.47953161464814176 0.340583195028347
0.21605898983343408 0.24027041825489093 0.29049509511545146 0.25317549679622353
0.2469599584726011 0.2463029048902391 0.11319152166084567 0.39354561497631413
0.3839127356484605 0.09978031460313452 0.20873773955822827 0.3075692101901767
0.796038215112848 0.08621805802497418 0.012842555321652016 0.1049011715405258
0.4625944808387332 0.1293638645276115 0.2366442705429369 0.17139738409071836
0.051065977815109354 0.016898720150764768 0.0643324478167443 0.8677028542173816
0.20043922276363857 0.656930808651455 0.09853143088239491 0.04409853770251149
0.10411882435360587 0.12259093230532359 0.5980378860748007 0.17525235726626986
0.39996216171295174 0.41126848924106996 0.08152855147088633 0.10724079757509197
0.6408224159603861 0.09557764535975233 0.18272339314301467 0.08087654553684687
0.35805167354836864 0.016356934879133034 0.04227306642461337 0.583318325147885
0.3245344260570253 0.050216713691196735 0.029355660795748917 0.595893199456029
0.20633330721092313 0.41980630428823096 0.2984229291811705 0.07543745931967538
0.16083629236784758 0.04783070679550816 0.396237947743039 0.39509505309360526
0.013437542004900438 0.13846441610808757 0.45881660859653395 0.38928143329047804
0.878949367495305 0.022087644769854475 0.08722665512398864 0.01173633261085194
0.18633383831529882 0.4350199477663622 0.15493660156055444 0.22370961235778453
0.6397541839014067 0.24970336481797284 0.06491876640289063 0.04562368487772983
0.29035059062866697 0.417911973027123 0.034647407652982576 0.25709002869122743
0.7033469618746097 0.20385941933213947 0.04939666041380031 0.04339695837945057
0.1405154583664593 0.03708622799743322 0.20593327728668742 0.6164650363494201
0.11686039375251656 0.15206944483055274 0.2267149870950208 0.5043551743219099
0.2623176109589074 0.2067169864788363 0.2170325898907045 0.3139328126715518
0.3634891802538711 0.0052500766515672925 0.015568213147086785 0.6156925299474748
0.08045859797469368 0.005411957900382958 0.3129498554237806 0.6011795887011427
0.8194744004043104 0.0025302571958265574 0.04792692614329652 0.1300684162565665
0.2348731383916871 0.166051604752102 0.42364292156277705 0.17543233529343383
0.11292346617847038 0.31755188138199164 0.07690826083319402 0.49261639160634396
0.12718592281529584 0.185954194307399 0.4786383500222682 0.20822153285503697
0.029745316777515685 0.0802791163766825 0.5143174613150625 0.3756581055307393
0.13499078516651164 0.12090296466615758 0.13747137362353856 0.6066348765437922
0.5203864952089516 0.06960001782029424 0.05166865602650217 0.35834483094425196
0.45924844618232696 0.11195062157428881 0.07903857767392908 0.34976235456945515
0.4378653940771836 0.39064883286787966 0.06716309679106125 0.10432267626387548
0.09837994658827154 0.09715730571884007 0.5431528568943587 0.26130989079852973
0.21404246271298655 0.41168529588181546 0.17257152148995603 0.20170071991524197
0.10740324960684278 0.005206501764749238 0.5362998027297317 0.35109044589867633
0.5218961228121767 0.10870003160099917 0.23707694631732867 0.13232689926949548
0.6459418276378595 0.022927787592796234 0.034015328509195086 0.2971150562601492
0.5751591678305751 0.3575007449017118 0.06101984485543088 0.00632024241228224
0.14916152653041637 0.3853437279839742 0.40168577382635184 0.06380897165925759
0.2685591442117643 0.1900966107240687 0.3320281868725945 0.2093160581915725
0.008563455088261174 0.3687323693353909 0.15907915539473927 0.46362502018160867
0.09256217559492996 0.3295031826742463 0.3772304165915771 0.20070422513924668
0.034520955228579564 0.1708435701853469 0.0065287363176758095 0.7881067382683977
0.21276314484677283 0.4102007660460183 0.2045064991371901 0.17252958997001877
0.43966611885521945 0.3122938026826647 0.02014121995490037 0.22789885850721547
0.011608644237339316 0.29339814003257403 0.11539949797801752 0.5795937177520691
0.027501299290905612 0.5899227790034017 0.3011734414405195 0.08140248026517316
0.4235806602693767 0.15896219197384376 0.4113878934261326 0.006069254330646978
0.2535784302187696 0.009517215382662592 0.314150496885476 0.4227538575130918
0.02149321148885175 0.029698906946886372 0.544187479809427 0.4046204017548348
0.0270415242687001 0.1590139482264179 0.29170992098731063 0.5222346065175714
0.1011097596662347 0.265771486097655 0.4718710753638624 0.1612476788722479
0.03024549908583518 0.11159459396008664 0.7554050401185682 0.10275486683550994
0.11257294772916693 0.04349441668922949 0.7765210492135547 0.06741158636804889
0.16521034637538212 0.09742613566164682 0.4295835089021469 0.30778000906082414
0.13320235450899975 0.2317849532210433 0.21126131784682678 0.42375137442313016
0.18874570178818484 0.5226099351519937 0.2060086507126584 0.08263571234716305
0.1391540493227692 0.5627775182535513 0.2607192621609451 0.03734917026273443
0.6704165111570333 0.025474942647522814 0.1827664919120906 0.12134205428335332
0.03474672458781369 0.2228778342772718 0.48451321169511163 0.25786222943980286
0.01060920475521554 0.2138104518763948 0.50091399521995 0.2746663481484397
0.0554434966811751 0.13005238236637462 0.5932523839951989 0.22125173695725142
0.3180002196249929 0.07108443909716089 0.06229775515018443 0.5486175861276618
0.44322803782300135 0.07023935642985091 0.014361665648888966 0.4721709400982588
0.02756794958040265 0.6886218266466069 0.07716739938482597 0.2066428243881645
0.17509521484562784 0.035352651401374335 0.5584163448423455 0.23113578891065234
0.03922701778890514 0.04758962339274164 0.08376780103242121 0.829415557785932
0.08262685854772389 0.1683087801565819 0.7366806197853336 0.01238374151036059
0.17848102776226993 0.44602069287099055 0.26007361914753224 0.11542466021920728
0.026929151565349585 0.17054996987714133 0.7084254201444972 0.09409545841301192
0.36256445132572157 0.2984721398168795 0.005932378939025318 0.33303102991837363
0.47136782262553434 0.25071618799964046 0.046087159613233286 0.23182882976159191
0.04662377691468911 0.2684386756587598 0.5487714121679483 0.13616613525860277
0.09748943032479607 0.35550392811280773 0.2909952084695744 0.2560114330928218
0.5929553043929737 0.24951777196374325 0.1536034586306736 0.003923465012609428
0.3100920214137499 0.2736514386377763 0.0037759086985938994 0.4124806312498799
0.14952136517815606 0.16684002772770223 0.29865539254577633 0.38498321454836537
0.22134021591699982 0.36682846656965495 0.1460257483334072 0.26580556917993803
0.3611370764140962 0.1758226702775595 0.1531506492086574 0.3098896040996869
0.7989830736440341 0.141363265826434 0.0025413151357520647 0.05711234539377985
0.04886970904195964 0.3707217705827087 0.5130148431476672 0.06739367722766443
0.2025506844518391 0.19091425496229364 0.46795688849907624 0.13857817208679102
0.02319827393306617 0.35412678173906076 0.3121249277577314 0.3105500165701417
0.09364508517078951 0.40576379581040456 0.22961222252424185 0.2709788964945641
0.13332130790532437 0.1324328094430991 0.5077662118284323 0.22647967082314424
0.14435176430013108 0.048947419144403925 0.24147143666034543 0.5652293798951196
0.1307243699584144 0.005002978523720336 0.35105942369969156 0.5132132278181737
0.174317191792414 0.41808420051933104 0.10076356118227847 0.3068350465059765
0.15182352839955404 0.2527745411460245 0.42290494400682577 0.1724969864475957
0.03088312887766187 0.23883302663397143 0.6698724575824796 0.0604113869058871
0.7163290534792105 0.21198521308127827 0.03935821417335139 0.03232751926615984
