97 30 4 76.92364194465144 153.8472838893029
8.532497118380714 9.732122667462969 5.024384067353602 3.561229081257684 7.940949292087787 3.690492690121998 9.78701567405756 9.362367775879626 2.84206659165032 4.106291654994576 2.911600448848282 3.6897409622617325 4.092853906247518 9.189659969205943 2.2207761593996143 2.7533175201624283 2.4472802230101642 2.0094078933004624 4.736361899170247 3.7125304605929195 2.2294887875390814 7.888556097037692 6.42284620515235 6.551728971544035 7.001036165744823 7.667680257663719 4.651323350239121 2.572621400687338 2.5524071518052422 3.9666494464432773
1.7064994236761428 1.9464245334925938 1.0048768134707204 0.7122458162515368 1.5881898584175573 0.7380985380243996 1.957403134811512 1.8724735551759253 0.5684133183300639 0.8212583309989151 0.5823200897696564 0.7379481924523466 0.8185707812495036 1.8379319938411887 0.44415523187992284 0.5506635040324857 0.48945604460203285 0.4018815786600925 0.9472723798340494 0.7425060921185839 0.4458977575078163 1.5777112194075384 1.28456924103047 1.310345794308807 1.4002072331489646 1.5335360515327436 0.9302646700478242 0.5145242801374675 0.5104814303610484 0.7933298892886554
0.26815567738855517 0.36924626213698897 0.3589526273310665 0.003645433143389387
0.4164374207777264 0.4046833493254195 0.11542388575021811 0.063455344146636
0.1862458148152415 0.31093842318291265 0.42052809404045455 0.08228766796139131
0.08865063550512475 0.16378935853349008 0.5051418643301713 0.2424181416312139
0.6299161251514728 0.2823651045165605 0.036827603681141796 0.05089116665082494
0.09471310769730656 0.22851055115386631 0.03266003385318972 0.6441163072956374
0.08878287134098584 0.012068844661984102 0.38889508233657955 0.5102532016604505
0.2274146541027121 0.1103990988381568 0.04162884955302015 0.6205573975061109
0.02732268019559303 0.1874697233145236 0.3870814585558181 0.39812613793406526
0.44188386062924345 0.06413038846874175 0.24765842604289667 0.24632732485911812
0.023271498583203876 0.21748424626198448 0.46641630540836465 0.292827949746447
0.19434702531066483 0.03434026258036982 0.45527886679065266 0.3160338453183127
0.31866366429295945 0.3103348721488207 0.31394882513110167 0.05705263842711816
0.026273757540205334 0.24295097771548468 0.2347153741494351 0.4960598905948749
0.3220582514213226 0.04310583880189556 0.06471488393355329 0.5701210258432285
0.5366515272915842 0.08737370174473735 0.06790172975502984 0.30807304120864865
0.2778684836018218 0.38190084667987156 0.041920851248018365 0.29830981847028826
0.3785696734010082 0.0631765359628027 0.2916311084801898 0.26662268215599927
0.09307201481444483 0.7491454666154664 0.07916196719613289 0.07862055137395585
0.32306547592826507 0.5134181578042365 0.1352569211223097 0.028259445145188744
0.36607147491321823 0.15656458673903983 0.4453056394308821 0.03205829891685985
0.14013080000907474 0.000239852244217853 0.46872859392973887 0.39090075381696854
0.3138783547795223 0.39682789608509994 0.24054803020871696 0.0487457189266608
0.26283398652667844 0.08002081825885976 0.3985012010472141 0.2586439941672477
0.16727310164808395 0.39246945470706307 0.044830844042045626 0.39542659960280735
0.13757748041190643 0.046460549023202735 0.272234537994133 0.5437274325707578
0.23826617490903634 0.4022346654546989 0.019225934317224525 0.34027322531904025
0.37348677791242413 0.07982296638119535 0.017020695803056207 0.5296695599033243
0.019175380923277863 0.06387011923819841 0.8928801193153162 0.02407438052320754
0.2965280776134517 0.37272971841914393 0.1483091630083615 0.1824330409590429
0.006916205448348478 0.07813602728946956 0.855893871956373 0.05905389530580896
0.1269063662027078 0.23607759390887395 0.5032498610140201 0.13376617887439812
0.1675798155129289 0.09591560133908916 0.40093081975484723 0.3355737633931347
0.43907436013695744 0.41703725097623423 0.025959715893781654 0.11792867299302667
0.26773327185621687 0.25744047651231783 0.4738425011347198 0.0009837504967454835
0.05021302009603057 0.14505740802065326 0.30820229232451757 0.4965272795587986
0.4445551934694424 0.3657594412061117 0.09423923788863153 0.09544612743581438
0.112297864746421 0.4256372495929688 0.08804430760554016 0.37402057805507005
0.18661451156212727 0.6619903228637065 0.05605657880374648 0.09533858677041973
0.13766772273836803 0.10733956793002519 0.6678878472324056 0.08710486209920121
0.3218338639209367 0.2074064700350986 0.22016377312126933 0.25059589292269535
0.37995470972885415 0.5329255167601251 0.07459909819354216 0.01252067531747858
0.31329294100507044 0.3775851368015878 0.04402518868962635 0.26509673350371543
0.415633001536889 0.45450810671585695 0.1282784316905734 0.001580460056680666
0.0019566612608010736 0.05062209709718202 0.5401527989560908 0.4072684426859261
0.27869539214318806 0.016743293965532424 0.40143448092004386 0.30312683297123566
0.17966575690792408 0.1397133240025572 0.3510549744912179 0.3295659445983008
0.35315183956091467 0.58320584015938 0.06233587371615523 0.0013064465635500566
0.12241447163426966 0.3127870900683972 0.35292429448356366 0.21187414381376946
0.0529214860673749 0.19140623202505003 0.7405455560840689 0.01512672582350616
0.8461804519048608 0.013958615506056371 0.07082011777170538 0.06904081481737745
0.19508204757084824 0.0034490021054692788 0.2026376879350712 0.5988312623886113
0.3213721037386562 0.04723540068462939 0.21522847244554655 0.41616402313116785
0.3090385905303078 0.04380300181507102 0.2534968546429789 0.3936615530116423
0.4146366016838221 0.2174790503685553 0.07447658252661415 0.29340776542100844
0.37711912476716525 0.27555525069682374 0.2952686615118283 0.05205696302418272
0.09422337638446021 0.350382066457143 0.3165482875722887 0.2388462695861081
0.062035523892610356 0.061364124835965206 0.7281544620270269 0.1484458892443975
0.2725194516330126 0.28671705680315607 0.19969485634651818 0.24106863521731314
0.7174268322762626 0.04357117060975857 0.06724592078533675 0.1717560763286421
