87 20 4 58.962915713480484 117.92583142696098
6.906377667096612 9.594112392219047 9.737884314944347 1.8804895958384846 3.1667042420306286 8.817777882224114 5.927076410072622 7.472379681358821 9.331153124415867 6.553347554003919 7.001743225786027 4.005116571531379 2.646198953204893 4.262153783245832 4.616704798638317 7.857197742024841 3.4006152052178713 3.4038597108362567 9.78469272679685 1.5602458454742558
1.3812755334193223 1.9188224784438095 1.9475768629888695 0.3760979191676969 0.6333408484061257 1.7635555764448227 1.1854152820145243 1.4944759362717641 1.8662306248831733 1.3106695108007838 1.4003486451572054 0.8010233143062757 0.5292397906409786 0.8524307566491665 0.9233409597276634 1.5714395484049681 0.6801230410435742 0.6807719421672513 1.95693854535937 0.31204916909485114
0.08948537224711073 0.3297245600720988 0.5216481721262752 0.05914189555451521
0.18610586053639722 0.1541454696327419 0.31365900881499265 0.34608966101586824
0.192038773487181 0.4458537590517565 0.11281067982217807 0.2492967876388844
0.35837842175395485 0.05382879372476379 0.3491572661423583 0.23863551837892305
0.1639713326650435 0.5359797277972475 0.23393499153534336 0.0661139480023657
0.013435769845112744 0.6851173830130843 0.14863263753569478 0.15281420960610814
0.3059460462334047 0.10225534788599033 0.3948354693110069 0.19696313656959807
0.049269671285265826 0.079604442062428 0.3040239221875599 0.5671019644647463
0.1932492531169835 0.16021531215331974 0.2536465603154978 0.39288887441419895
0.09926015266712118 0.07808168406309479 0.0782457148881468 0.7444124483816372
0.46840640685740154 0.02194167500560873 0.3329042752209158 0.17674764291607392
0.8268197218491675 0.0768635453315556 0.024091279919128405 0.07222545290014848
0.01455872474920672 0.03865535240447937 0.8677231941953008 0.07906272865101316
0.03785655105330277 0.42292505590998963 0.3621697222039658 0.17704867083274178
0.18779133386451463 0.08952038050602218 0.43253759737032194 0.29015068825914125
0.6291861559757751 0.31009980377071544 0.047399890431877756 0.013314149821631704
0.10767012190947867 0.5136543822213698 0.2586068611507524 0.12006863471839913
0.12515465461466335 0.37097218132871945 0.48501326373039455 0.018859900326222645
0.12776722743960212 0.30302045971501346 0.078011776441552 0.49120053640383243
0.531736854312618 0.3521491011434452 0.08287307168343772 0.033240972860499096
0.010565432184878931 0.18679245925042265 0.1538919318249119 0.6487501767397865
0.02201669091092373 0.30452592088311825 0.6589452456705294 0.014512142535428652
0.031948062711015135 0.19500385057425418 0.7255299815822825 0.04751810513244814
0.2717906960233123 0.19022682828015014 0.48506497491905454 0.05291750077748303
0.6182247440337096 0.03062609158294527 0.1047698063482716 0.2463793580350735
0.2071523251755012 0.6138084161326709 0.07045073775210442 0.10858852093972349
0.22545637843580102 0.05018364999397573 0.1949372436772563 0.529422727892967
0.2647274021289385 0.18940759538235552 0.13446025197091127 0.4114047505177947
0.4864422244505876 0.062001768988582895 0.08669569928280807 0.36486030727802143
0.47785619638782273 0.12712884748053155 0.37170332075134593 0.02331163538029979
0.009054484934107876 0.025884314411005693 0.452791730483889 0.5122694701709974
0.5258591930028916 0.013982274324987554 0.29702488735085086 0.16313364532126995
0.03508918777833525 0.2800394583339756 0.0697348569952273 0.6151364968924619
0.33150419289640487 0.19253156660654003 0.40251395443344007 0.07345028606361503
0.38524449898687263 0.2637394731644026 0.29259223917606236 0.0584237886726624
0.4559828255138677 0.03535090337115665 0.34382808207286775 0.1648381890421079
0.6597153483022601 0.0838659487604494 0.04572193664301205 0.21069676629427847
0.4351741379776326 0.22560642411611354 0.045626782957041145 0.2935926549492127
0.2460747272116488 0.4997717731199258 0.07316258230437767 0.1809909173640477
0.5679994536652642 0.06891391140534409 0.18565250315713533 0.17743413177225642
