14 100 4 264.7217997426096 529.4435994852192
5.6254900939542125 7.958485468713671 8.833849171523314 1.0724225367683613 3.787623329546837 9.618433654293018 5.6180504104109845 3.8645598238488876 5.852799436830833 2.991294481849839 8.25833222131843 4.080291630532159 5.849999641604302 1.0528640699595249 7.058372303624728 2.8902183596086433 9.393018335908407 4.368202745333429 7.771770298773518 7.8682510166096975 8.83449509744575 1.991000604309415 3.7008278235440546 5.274151893554217 7.056430472499272 3.3183318962855597 7.310361877520387 6.913000534368361 2.638069819407048 3.898566935461907 8.987837112287455 1.7501424494478108 7.7190770812636735 1.5611504408512875 7.5833301391545564 7.682602194941895 4.671242321064952 9.92244699008633 5.069235688825526 2.7089068881512937 4.164638248894443 7.433304997827339 4.216918269265891 1.4645669859556838 3.843271039167692 9.989241504084829 3.591143709555827 5.156162842742253 7.61741299885576 9.493110556708237 2.578623783989894 2.911792383127601 2.1922985165550553 2.8781307302273165 9.961191500891765 3.2198124872558145 1.9904784274979455 5.520882144385049 5.105096337010265 7.610412060512936 6.588491871900695 6.589632040199325 2.351553707764298 5.844470913865125 2.083125191605307 2.3772296981925667 5.051607011326229 4.86165112486038 7.60295872754411 1.6621439505535636 3.5090724678664746 2.487643971229061 5.572793246145296 6.213260373233629 6.747471354047463 2.9262313390556964 4.758198835806373 5.201327625393689 1.7476229405549772 6.132456172461195 3.05665806398292 1.3215674780331899 9.680763503980064 1.6719395190200328 7.574322167681129 5.523669312495595 1.8334975130742346 5.7155441892340475 4.9079616533153505 5.932147660340205 9.41506271470756 9.955452726612414 6.960862664025368 4.187172448684756 4.952413126291029 7.979642888793685 6.6582155692189335 1.881918290310784 6.86427454065504 9.717544075162175
1.1250980187908426 1.5916970937427342 1.7667698343046627 0.21448450735367225 0.7575246659093674 1.9236867308586034 1.1236100820821968 0.7729119647697775 1.1705598873661667 0.5982588963699678 1.651666444263686 0.8160583261064318 1.1699999283208604 0.21057281399190497 1.4116744607249456 0.5780436719217287 1.8786036671816813 0.8736405490666858 1.5543540597547036 1.5736502033219395 1.7668990194891498 0.398200120861883 0.7401655647088109 1.0548303787108435 1.4112860944998544 0.6636663792571119 1.4620723755040774 1.3826001068736722 0.5276139638814097 0.7797133870923814 1.797567422457491 0.35002848988956214 1.5438154162527347 0.3122300881702575 1.5166660278309112 1.5365204389883789 0.9342484642129903 1.984489398017266 1.0138471377651053 0.5417813776302587 0.8329276497788886 1.4866609995654678 0.8433836538531783 0.29291339719113674 0.7686542078335383 1.9978483008169658 0.7182287419111655 1.0312325685484507 1.5234825997711519 1.8986221113416473 0.5157247567979788 0.5823584766255202 0.43845970331101103 0.5756261460454632 1.992238300178353 0.6439624974511629 0.39809568549958907 1.1041764288770097 1.0210192674020528 1.5220824121025873 1.317698374380139 1.317926408039865 0.47031074155285957 1.168894182773025 0.4166250383210614 0.47544593963851334 1.0103214022652458 0.972330224972076 1.520591745508822 0.3324287901107127 0.701814493573295 0.4975287942458122 1.1145586492290591 1.2426520746467258 1.3494942708094926 0.5852462678111393 0.9516397671612745 1.0402655250787378 0.34952458811099546 1.226491234492239 0.611331612796584 0.26431349560663797 1.9361527007960126 0.33438790380400657 1.5148644335362258 1.104733862499119 0.3666995026148469 1.1431088378468095 0.9815923306630701 1.1864295320680411 1.8830125429415119 1.9910905453224828 1.3921725328050736 0.8374344897369512 0.9904826252582059 1.595928577758737 1.3316431138437868 0.3763836580621568 1.372854908131008 1.943508815032435
0.0826652146717024 0.15428675239131273 0.05254433672885983 0.710503696208125
0.007062522868663268 0.15607252743247924 0.6906798437045544 0.14618510599430312
0.26761772236847525 0.034527189439703676 0.4381705560614817 0.2596845321303394
0.07624613540160274 0.8120722501800157 0.016922493412027784 0.09475912100635375
0.13308405138174717 0.07142694709703112 0.2076879232823512 0.5878010782388705
0.1301536970709083 0.24965447908616212 0.5660297955816685 0.05416202826126104
0.15242661730936846 0.27614220718579785 0.19210038070402569 0.379330794800808
0.19569040002525562 0.20590380874515146 0.2024952867341666 0.3959105044954263
0.21708887349205896 0.2780590343352213 0.24065752929916084 0.2641945628735589
0.44090703676897136 0.5177779324748117 0.02336538831432511 0.01794964244189179
0.4939436141326402 0.16702055790250625 0.1435728030734571 0.19546302489139644
0.5205341493580471 0.050939304153199694 0.03602070470112917 0.39250584178762404
0.2655824352378039 0.37369270231320695 0.1333662315819184 0.22735863086707075
0.4430711279584959 0.12424725187591557 0.38608354551670077 0.046598074648887766
0.2253937767754437 0.20880388405168848 0.03988836621513081 0.525913972957737
0.1468667460901354 0.2651096952363191 0.15955973993788652 0.428463818735659
0.037295544350340215 0.3586204513377388 0.4041176433231972 0.19996636098872378
0.014509495003620976 0.20777074025474584 0.46043506785328403 0.31728469688834915
0.5643102418817786 0.13008385872413952 0.18545425750786948 0.12015164188621241
0.32604150479871685 0.4770241739777532 0.014690944405085338 0.1822433768184446
0.09570661511230627 0.1977703736066846 0.645008273921818 0.06151473735919111
0.3976741866578708 0.378960100910809 0.05319519714558596 0.17017051528573424
0.23427277168929428 0.23511312129941364 0.502663173972232 0.027950933039060044
0.025156964345572574 0.4849281745834615 0.12200140519825664 0.3679134558727093
0.2465362703154238 0.18276589588823366 0.015107807975553444 0.5555900258207891
0.6502391544119632 0.02014835024130912 0.020019145184606235 0.3095933501621214
0.49502464845912997 0.17433980770190005 0.1712608483118141 0.15937469552715589
0.2554829000386051 0.6891654883698766 0.014544696866102602 0.040806914725415755
0.3349864394754333 0.1579560400903135 0.007686222740658777 0.49937129769359445
0.34743942932323046 0.020465379839904818 0.16254167942434972 0.469553511412515
0.14307068305012494 0.1309438435879523 0.19918381437797072 0.526801658983952
0.332462540281946 0.6300930132262312 0.011817406344614367 0.025627040147208402
0.07517959917340289 0.1089640701660588 0.808623975922658 0.007232354737880309
0.18007857725718557 0.13714738599660137 0.2572627863498711 0.42551125039634197
0.3336911733784297 0.11591511071790661 0.34261506501270067 0.20777865089096303
0.09606291291699409 0.6746382785338199 0.11302896849655619 0.11626984005262986
0.18694069221272858 0.7971996742372601 0.012976127036019358 0.0028835065139919402
0.36766381348140087 0.4070061792460623 0.19146908642150318 0.03386092085103365
0.2493584118221659 0.22606320020420856 0.08018759711612877 0.4443907908574968
0.3530543021975223 0.6305209646567461 0.010480177792664969 0.005944555353066594
0.22011354689304485 0.03387869003676469 0.6563434250115816 0.08966433805860885
0.07923975259429128 0.2090966788899773 0.45353326114045356 0.25813030737527787
0.4920361208915195 0.14957108553284748 0.022525398462958757 0.33586739511267427
0.5015098891974644 0.044792779714930564 0.018657815888352025 0.435039515199253
0.07298522213407133 0.3215768355992802 0.5509224353937869 0.05451550687286155
0.2875581199714565 0.13335570387457152 0.5638697623159942 0.015216413837977782
0.1762517070510703 0.29226306243795586 0.1526373546836507 0.37884787582732316
0.4346551085684084 0.2774524794360198 0.010549497459737434 0.2773429145358344
0.211281095529103 0.23010179386429652 0.45650407199237775 0.10211303861422272
0.4577256096906104 0.35366311849074705 0.17705062012027084 0.011560651698371727
0.10885949278977536 0.11460506385778757 0.43587568827015344 0.34065975508228363
0.4600268640489116 0.019152943308239245 0.5171434830658761 0.0036767095769730807
0.057221709874766824 0.13959604990140972 0.28223499180348754 0.5209472484203359
0.2810125413881728 0.10813321064710402 0.4262326635225063 0.18462158444221688
0.017911177963622182 0.2571762456291553 0.45324549689877836 0.27166707950844415
0.04236232219165126 0.10425204330927595 0.5168688431499002 0.33651679134917256
0.4650592225221921 0.03157861479347057 0.4165900099853599 0.08677215269897742
0.24308628981224278 0.10779629277536473 0.39037112982499655 0.25874628758739593
0.2612632063543112 0.2867820395373829 0.0191205309015664 0.4328342232067395
0.37967577570443434 0.15865586025251743 0.11519057693955859 0.34647778710348964
0.28622773714684746 0.2342592360062169 0.06111014154823069 0.41840288529870495
0.26311934996964637 0.27232976825264876 0.014978093335928921 0.44957278844177595
0.3066246973477452 0.02890040689030038 0.5810061105499075 0.08346878521204693
0.22410502258819942 0.34056539935023644 0.19263964998184202 0.24268992807972212
0.0819595055173683 0.5941145396676012 0.30681103276331334 0.017114922051717163
0.19322345544362585 0.5133723513478696 0.2188875430492837 0.07451665015922082
0.1208196014010059 0.250047570646457 0.19486205350171937 0.43427077445081774
0.2852928133523852 0.31360871791617095 0.13309392187130542 0.2680045468601384
0.17389253815793682 0.7635109316550751 0.008520540937209997 0.05407598924977808
0.06116696305980518 0.3553785148889297 0.40610961998201456 0.17734490206925058
0.041762695779149595 0.059048645276359224 0.2892833562849628 0.6099053026595284
0.2671160480897268 0.4153998868370974 0.21600253681527615 0.10148152825789969
0.23455132405804924 0.6662387844853221 0.06197190572975808 0.03723798572687054
0.007631633881163169 0.24795603169540614 0.14372950871200108 0.6006828257114296
0.04782014400823442 0.008389446539452172 0.49628774425799527 0.44750266519431814
0.2346768775282424 0.3565878813767257 0.3706099705537885 0.03812527054124337
0.06374094300454469 0.3678728639148071 0.03023102867939753 0.5381551644012507
0.4082310991482121 0.1328982683607529 0.4575369348104438 0.001333697680591217
0.37227527046521014 0.039653752173631096 0.1754843838034269 0.41258659355773186
0.2940665376197966 0.09774903444113847 0.5977838825737951 0.010400545365269798
0.026763985609398855 0.3283553994683742 0.47689396565834763 0.1679866492638793
0.1853116247072124 0.01723272215057614 0.7431115059287785 0.05434414721343295
0.402871733451554 0.22130023413778876 0.0979437161713288 0.2778843162393284
0.02651912104129117 0.26763409698532503 0.11604358155405636 0.5898032004193274
0.1771910516772529 0.0005426517298084965 0.45347769587310516 0.36878860071983344
0.20720629038925564 0.12155988412545349 0.624364267940387 0.04686955754490385
0.310186875298187 0.15059655958260343 0.3887694901929073 0.15044707492630227
0.366961567910736 0.060228061601757865 0.43241902469535387 0.1403913457921523
0.3306614311869902 0.040098311474604076 0.0628626391411633 0.5663776181972424
0.597635702196669 0.04458031530861317 0.1926480883734727 0.16513589412124519
0.03981582352852786 0.18075352169981052 0.1933704125627873 0.5860602422088743
0.2940281100035276 0.3807862013775365 0.0749325162891391 0.2502531723297968
0.49825776734129357 0.10663117421843893 0.3038188215666717 0.09129223687359578
0.4150381121010752 0.0061205456228844435 0.572689664333164 0.006151677942876299
0.007164772286795684 0.7414966395712723 0.06980086239814154 0.18153772574379046
0.15029210678965232 0.06290229495354838 0.6677799740474099 0.11902562420938945
0.11459904968845758 0.8447953997131203 0.004978708812558352 0.03562684178586373
0.5771667608395548 0.3427585705836008 0.03663006308310568 0.04344460549373874
0.04384641001524914 0.5994825206016859 0.2637243782337574 0.09294669114930754
0.0007565083617669943 0.4253716271066559 0.5167868634066252 0.05708500112495196
0.16399808241071 0.22872566460940646 0.4308270534403672 0.17644919953951632
0.27796369277115407 0.4707919048858792 0.1769468347896367 0.07429756755333006
0.389271280785603 0.08485908063384617 0.17650686136284133 0.3493627772177095
0.20627827017716915 0.20642682476803453 0.31813707169722727 0.26915783335756904
0.34693136737190944 0.40835314085633356 0.09953661058841279 0.1451788811833442
0.27219737646072817 0.20215815022118377 0.002522477326461936 0.5231219959916261
0.5521470351732273 0.29687955491482554 0.10906036145145859 0.0419130484604886
0.0796724169393287 0.1991439576462557 0.23777291940266465 0.48341070601175096
0.2055806154418085 0.08787568758161224 0.1806156824851728 0.5259280144914065
0.40996198940723616 0.04296171112141789 0.4431828591971796 0.10389344027416636
0.25539501241507867 0.2190802900885691 0.4595060358501083 0.06601866164624393
0.06326907301116036 0.028210172473341566 0.5061731610015257 0.4023475935139724
0.3109784917360907 0.2141335364193221 0.01525486393493769 0.4596331079096495
0.37684684568187754 0.03602832461784733 0.18380384529464322 0.4033209844056319
0.4543218475802414 0.3062357656605609 0.23494192528828906 0.0045004614709086566
0.21742302808987402 0.03728184674807822 0.4333513068556596 0.3119438183063882
0.0684440013800035 0.00028425170014489964 0.13056602786532612 0.8007057190545255
0.09834928329363357 0.16630666824243945 0.12058756443182173 0.6147564840321053
0.09187012885513157 0.329847846553042 0.026317954948401723 0.5519640696434247
0.10044930100646587 0.014491943485321124 0.22162207525876465 0.6634366802494484
0.09860670523694193 0.0315777351395764 0.5668270539507394 0.30298850567274227
0.39732124641348965 0.03111267188107858 0.1396249905955521 0.43194109110987966
0.08651005505353382 0.23234062182718795 0.1335645069936826 0.5475848161255956
0.14254450954075593 0.050100916813314744 0.3196159780655615 0.4877385955803678
0.6527038227583593 0.019108354814123985 0.29417623030841433 0.03401159211910243
0.18293421078774463 0.6297631389606783 0.13634983371177645 0.05095281653980066
0.46036160469005283 0.004281720610000206 0.4564661664959132 0.07889050820403376
0.6148008677161223 0.3451428416595925 0.02771117009155888 0.012345120532726295
0.07031813354991545 0.3897540346732141 0.019682164220291787 0.5202456675565786
0.20920896966062041 0.07676882529063866 0.5458610811738605 0.16816112387488047
0.3778691841600531 0.18190973492726392 0.36508835908527015 0.07513272182741282
0.06125709448844452 0.3610695383535092 0.40806255580170137 0.16961081135634493
0.1118693145882581 0.5051256152499549 0.1156832618921545 0.2673218082696325
0.5272816356960266 0.3098704754805972 0.1300591885016461 0.03278870032173009
0.4005801562854373 0.004202226512610818 0.5025450732289226 0.09267254397302926
0.14365736167306975 0.2663723270545476 0.07284601999852947 0.5171242912738532
0.16232500380379788 0.2852433049795928 0.24197393619049234 0.31045775502611694
0.29762472582356725 0.3502742137174759 0.20163963155164055 0.15046142890731629
0.43556726442329186 0.06724309440597032 0.16320177854701812 0.3339878626237197
0.5292793135640694 0.01931322842508476 0.28371551392006955 0.16769194409077626
0.3604854666489441 0.5551586754308507 0.049080608802830716 0.03527524911737445
0.17662198743169488 0.2357642361468809 0.5474924644276739 0.04012131199375035
0.4867072170252864 0.46644001229684706 0.04026196230924506 0.00659080836862147
0.05867099546165999 0.4346047677493655 0.2152442765774275 0.291479960211547
0.659486599781533 0.0030897457649692317 0.08074436824363485 0.2566792862098629
0.5750670316104027 0.07398213921911245 0.07560373626111716 0.27534709290936765
0.1301340593724516 0.39706336815632093 0.4717609826917418 0.0010415897794856521
0.7875945657487796 0.01737451689777314 0.07293679114411866 0.12209412620932858
0.49406600044791826 0.212602310752941 0.2697519932703565 0.02357969552878425
0.06442476707661193 0.06085556182653806 0.6877374121197002 0.18698225897714982
0.2162619666534542 0.16137406536708532 0.5305738545493336 0.09179011343012689
0.22963567058645762 0.1454862787544281 0.5119484457692113 0.112929604889903
0.1491110561304423 0.354944043036867 0.4718906583082765 0.024054242524414238
0.009554472598895525 0.004298573674179962 0.7941734998094883 0.19197345391743625
0.5014993307259615 0.210879770478265 0.09535873613588253 0.19226216265989093
0.44132594763771127 0.3116345607279273 0.16665260237304336 0.0803868892613181
0.11131076830279707 0.12964670274513157 0.03540063262059756 0.7236418963314738
0.05837764955632374 0.2561519127890606 0.4888015645917454 0.1966688730628703
0.012873757745329284 0.009134919733616575 0.7667367407144267 0.21125458180662748
0.1844770768163816 0.06694641572155957 0.1735985083826589 0.5749779990794
0.08888617579747393 0.12026061083707196 0.7099791561354548 0.0808740572299993
0.4077228049710666 0.2839391693865819 0.16641870823551608 0.1419193174068354
0.37735818545225963 0.5083397476194974 0.06195302229527322 0.05234904463296974
0.17094301096960773 0.5076423519346638 0.04724371725518872 0.27417091984053976
0.035401325859717114 0.036069481249835444 0.4934063347697276 0.4351228581207198
0.05044956100669107 0.07971984619991401 0.7404451396912121 0.12938545310218286
0.2772452675682662 0.6214463217469801 0.04399911764268927 0.057309293042064446
0.4532159747754686 0.1365576299916298 0.20120952334305175 0.20901687188984985
0.27789768800119874 0.36151458766589817 0.19731855078927063 0.16326917354363246
0.16914655988673277 0.5632120070186986 0.013277932730559439 0.25436350036400923
0.5555883682478613 0.057940725311204755 0.1321726797958035 0.25429822664513047
0.08386699931593011 0.13930363555324354 0.27464125716713406 0.5021881079636923
0.024928813453840903 0.1790489078894415 0.573193271016782 0.22282900763993563
0.3190639076307651 0.17261125276672296 0.08188014588080117 0.4264446937217108
0.33335564056819134 0.10856918471844879 0.16409038734962933 0.39398478736373055
0.21457481987517102 0.08463823303677076 0.23330292131056263 0.4674840257774956
0.1322770278406381 0.22034712370761544 0.30775104821987564 0.3396248002318708
0.2994690388903105 0.5793779705900994 0.038705042428223924 0.08244794809136613
0.11059053829919008 0.39206383427848046 0.07973457229748282 0.41761105512484664
0.3038633470465898 0.3105341994161862 0.13757014697036374 0.24803230656686026
0.00836672938633598 0.3293719608853256 0.08440495142564086 0.5778563583026975
0.5048041213841289 0.02471175368678602 0.3067115161322673 0.16377260879681776
0.058737085508797415 0.023737361562336856 0.49881589637219304 0.4187096565566727
0.14351335446848212 0.6329966607972128 0.1464425935666147 0.07704739116769033
0.1422945046607591 0.6633863023228546 0.12562814639625863 0.0686910466201277
0.270100220129873 0.3815197028133752 0.15600798740716515 0.19237208964958663
0.32245157117122203 0.014911485223507936 0.48382683234018453 0.1788101112650855
0.2828181449323893 0.34475169218912316 0.1653518184905457 0.20707834438794182
0.025069573858048422 0.4219027765383362 0.17384436503083778 0.3791832845727776
0.17821476553143079 0.08085897014926358 0.23375119528766508 0.5071750690316406
0.006749864620427037 0.3053044816067435 0.6356526769578582 0.05229297681497125
0.14169309799849816 0.5295213577787508 0.0437716429434275 0.2850139012793236
0.263029042271791 0.34741987902441784 0.27415235647543545 0.11539872222835568
0.013462280794439563 0.8485539039506247 0.02856342964755121 0.10942038560738454
0.2732507074025541 0.3093705978635165 0.17120900205671297 0.24616969267721645
0.031491258087288476 0.24506265099050506 0.112071428101155 0.6113746628210515
0.20922084649364314 0.2664569324691185 0.2524808958002278 0.27184132523701054
0.1934041283702046 0.17681979032819828 0.33730452171572267 0.29247155958587445
0.35797916804027663 0.4412938685124078 0.10462266271330178 0.09610430073401377
0.6118115570247546 0.1707861040928712 0.21666036606748829 0.0007419728148858606
