22 70 4 186.65322961721472 373.30645923442944
2.8761448362295834 5.335129555870293 4.784842317829373 8.732637986692097 2.54045398250506 4.049775645433304 3.4347954996804804 7.219372154046365 2.983640649739531 8.30755828484818 1.094741868844976 6.050833269966998 8.323535686736768 7.705902664529521 2.702002197345058 1.055267797114884 7.948394843000826 9.620489512839477 7.317440956848801 3.6782044017854547 7.9119346776003185 7.193964924033527 4.4846513234292 6.536852425837506 4.847997158599066 6.258606788412054 7.323719669789067 2.0070565469530903 9.309429332600054 9.899976464769841 7.09669696139236 8.156482979118875 1.261687144042809 2.599831639321522 8.874349707499453 7.704388696317561 5.572811469053544 2.1550051164499155 5.3585581460779785 5.6419613906457835 3.8013819708194596 1.4109538833891146 4.939125940738896 1.8629614892623705 1.4068910071692418 7.16345846800415 8.642716706868212 2.126864648740258 2.1615760649065257 5.257540018680908 2.778026582488052 8.034604739442335 6.466724768277925 4.991500848492178 9.838261977219132 7.380598724255187 2.968573738797942 2.5073946832832044 5.848889257897183 3.8207870940815076 9.203832976468398 1.7763011179231778 3.8266662686195225 2.9722362567790226 7.6299960656586805 8.456863284523408 7.701080166572582 2.5978333414244243 8.726078762683569 1.0496117071323159
0.5752289672459167 1.0670259111740585 0.9569684635658746 1.7465275973384196 0.508090796501012 0.8099551290866607 0.686959099936096 1.443874430809273 0.5967281299479061 1.6615116569696362 0.21894837376899517 1.2101666539933995 1.6647071373473536 1.5411805329059043 0.5404004394690116 0.21105355942297682 1.589678968600165 1.9240979025678953 1.4634881913697602 0.735640880357091 1.5823869355200637 1.4387929848067054 0.89693026468584 1.3073704851675012 0.9695994317198131 1.2517213576824109 1.4647439339578134 0.4014113093906181 1.8618858665200109 1.9799952929539681 1.419339392278472 1.631296595823775 0.2523374288085618 0.5199663278643044 1.7748699414998907 1.5408777392635122 1.114562293810709 0.43100102328998313 1.0717116292155957 1.1283922781291567 0.7602763941638919 0.28219077667782294 0.9878251881477793 0.3725922978524741 0.28137820143384834 1.43269169360083 1.7285433413736424 0.4253729297480516 0.43231521298130515 1.0515080037361817 0.5556053164976105 1.606920947888467 1.293344953655585 0.9983001696984356 1.9676523954438263 1.4761197448510375 0.5937147477595884 0.5014789366566409 1.1697778515794366 0.7641574188163015 1.8407665952936796 0.35526022358463555 0.7653332537239045 0.5944472513558046 1.5259992131317361 1.6913726569046816 1.5402160333145163 0.5195666682848848 1.7452157525367138 0.20992234142646318
0.35764316974130783 0.31537282728585614 0.2687603890530389 0.058223613919797135
0.1578559141684922 0.41027645613696995 0.0036627761227719935 0.42820485357176585
0.5081672404877015 0.3539205719745647 0.02441054279783572 0.1135016447398981
0.5065454755433445 0.15076582705279307 0.039911877355893965 0.30277682004796846
0.057952871572311215 0.38284999693839494 0.3630506997000982 0.19614643178919566
0.36241686423239117 0.08762481444546966 0.42214776081843786 0.12781056050370132
0.39593718295870495 0.3083594376430209 0.1275561169138405 0.16814726248443368
0.16892308055411542 0.09812128606372794 0.4638977214646389 0.2690579119175177
0.4349870469509741 0.13041098853833155 0.3069883755974099 0.12761358891328445
0.04895546575127907 0.16314738914083926 0.3267984880133218 0.4610986570945599
0.3980551570183919 0.21605338567064458 0.03702912471046815 0.3488623326004954
0.11557638066163867 0.33620244368744123 0.4119272306666485 0.1362939449842716
0.4585916249356583 0.35835829000935826 0.019297373138192242 0.1637527119167912
0.026716901748386812 0.4448429230339751 0.4371218214265944 0.0913183537910437
0.05196410414210806 0.3789192438088961 0.10897153663835168 0.4601451154106442
0.27705080775062785 0.09944249617746326 0.135160973997561 0.4883457220743479
0.1878703577436346 0.3204569858655224 0.04576393560884129 0.4459087207820017
0.2612231950610343 0.5373280320806737 0.06072932193621483 0.14071945092207716
0.3158046151931876 0.03509398730739277 0.39461803892782454 0.2544833585715951
0.38812024384799604 0.017754122032254238 0.4287629942875465 0.16536263983220323
0.18199141156667276 0.0430115017930488 0.6086006965941502 0.16639639004612827
0.04671699281628905 0.49388015997123824 0.4402693371557256 0.019133510056747127
0.3953180528564809 0.19494371341326233 0.18713138797711182 0.22260684575314493
0.08555555540611037 0.013077558903866415 0.7085313410319469 0.19283554465807629
0.18055741592171026 0.5007570688203213 0.27465196825372573 0.04403354700424267
0.03413318609729077 0.09982405659132287 0.6909446981185294 0.17509805919285693
0.07426182678102977 0.3948433381424674 0.25453618380575393 0.2763586512707489
0.3411360502359315 0.27444568624153287 0.00691857847935351 0.3774996850431821
0.23971462178020908 0.1459332538582112 0.15434898118365348 0.46000314317792623
0.19258926429661427 0.07768169655863633 0.5035643305259992 0.22616470861875015
0.11995862795621237 0.6458554654809525 0.18877398602752538 0.045411920535309735
0.5253924029563282 0.04766159139858561 0.24626213681299536 0.18068386883209087
0.3693220042549855 0.07191511906585457 0.2870938067902348 0.27166906988892514
0.09899963041887727 0.34199730812448315 0.15277846014917162 0.40622460130746796
0.07290652362018879 0.011837805528539747 0.5643471840424471 0.35090848680882436
0.09503729325046173 0.2766128373676323 0.6060518513453135 0.022298018036592482
0.1415828214848508 0.7430264290719504 0.11370004093368002 0.0016907085095188013
0.03489931126739765 0.04953497560506204 0.42431162652599197 0.49125408660154835
0.2862745129339186 0.3841983295250677 0.08128691269356458 0.2482402448474491
0.3510529206062005 0.1227337400808074 0.3309718093585904 0.1952415299544017
0.16760486259245444 0.028936748304274174 0.7944419370840456 0.00901645201922574
0.045055813731915584 0.03832083046217083 0.47713297495315377 0.4394903808527598
0.06207543004290317 0.29719683532196917 0.28158932632897493 0.35913840830615273
0.5364895476356428 0.02263683358949886 0.08251197862787196 0.35836164014698635
0.5794292841410705 0.3935765759771821 0.01718123809862282 0.00981290178312455
0.16485870958581972 0.35145033927613356 0.12664145755274314 0.3570494935853036
0.36239689889853466 0.008002167117297398 0.08161815099333447 0.5479827829908335
0.20900763201317285 0.11452503122479996 0.2821215178044594 0.3943458189575678
0.0766487297259637 0.07988824826470697 0.7638924453314517 0.07957057667787759
0.10885918308000486 0.14383413136422352 0.2520035010812004 0.4953031844745712
0.11208433944137242 0.434861221314099 0.3703491245315408 0.08270531471298781
0.4745333290501076 0.035459539155884845 0.4603192599605963 0.02968787183341126
0.5930034370529494 0.2985294264579067 0.09000559546528575 0.018461541023858108
0.7967343391801753 0.09021025141328043 0.08439781700169757 0.028657592404846666
0.5975536575049502 0.30016879228473226 0.0001602064045406193 0.10211734380577697
0.15284029579947234 0.04952175038330131 0.4804882760099364 0.31714967780729
0.008356193007746593 0.316385766490782 0.41375927572011695 0.2614987647813545
0.16268169022577594 0.2818446799441019 0.018280559685569298 0.5371930701445529
0.6488081838141535 0.15080391628592926 0.0297202956013769 0.17066760429854033
0.5547692745681909 0.30328089766128163 0.12693284075254452 0.01501698701798293
0.06058962448837457 0.3809223410054885 0.023582672353157585 0.5349053621529793
0.5726087612760744 0.2413444886558198 0.06870780731483317 0.11733894275327261
0.03226618250038771 0.5326300393135351 0.11694354976649068 0.31816022841958647
0.06625877932384139 0.026611900712888548 0.15222910925776678 0.7549002107055033
0.1946019786663502 0.2889290918634331 0.3471015341698175 0.16936739530039924
0.7734701050321757 0.04645824931406761 0.15171183541924815 0.02835981023450851
0.014257577583936643 0.853567246047784 0.014024787148436468 0.11815038921984289
0.30039580955602363 0.26430145678960626 0.12889793523543236 0.30640479841893775
0.1463270155831281 0.05114693648211144 0.7175902994754435 0.08493574845931695
0.5502701135457998 0.01593429991005879 0.3680243892421584 0.065771197301983
0.02304901267712911 0.14106532076187217 0.7890339154958532 0.0468517510651455
0.24212295669978845 0.22782945660536458 0.03361040821063932 0.49643717848420765
0.2518355107948953 0.07191609911678365 0.3114445796158114 0.36480381047250965
0.030453593675645596 0.9021921579184561 0.066676670044849 0.0006775783610493136
0.20002865147795024 0.5902773835408994 0.017366024199376384 0.19232794078177395
0.2024276263846314 0.40028037141759576 0.24850279872584835 0.14878920347192448
0.028732626188844312 0.16470363622238626 0.5695596492315884 0.237004088357181
0.6638193479988945 0.22337468915492953 0.0023018009235381554 0.11050416192263779
0.0345150171194456 0.31556041265586554 0.16459307443549154 0.4853314957891973
0.007408867991093193 0.7174318237873383 0.20846110287733666 0.06669820534423188
0.03709209948967984 0.6989886349686533 0.18895458692912448 0.07496467861254241
0.5003814625412049 0.10429358179785742 0.1517691886864303 0.24355576697450743
0.2289650591090845 0.2814178531105628 0.13875590078290467 0.35086118699744806
0.03525687011793488 0.04362472120544869 0.07573526468399494 0.8453831439926215
0.6951388599043494 0.24341842447595696 0.03300630097063184 0.02843641464906177
0.17891537035148664 0.3995691113378659 0.4193298073668116 0.0021857109438359057
0.04351748164020386 0.2965291639233898 0.14362929815282688 0.5163240562835795
0.06273854583665517 0.34516587239287577 0.5902226098891356 0.0018729718813335072
0.08278021615461195 0.1703191058023602 0.40309653452272187 0.34380414352030597
0.663517140268703 0.05810929322769298 0.054812267657305846 0.22356129884629816
0.005999501419766795 0.4583322583433703 0.3832642361882723 0.15240400404859056
0.5091975798423569 0.06003768812062549 0.23837118732905316 0.19239354470796444
0.4481509117058249 0.1821395618541679 0.15872029431270152 0.2109892321273057
0.19078757459849527 0.26253098145331 0.544365765127424 0.0023156788207707724
0.004424057058423636 0.43835752481874446 0.09057339035508072 0.4666450277677512
0.43590873889026993 0.07318933327172483 0.1294642851111928 0.36143764272681245
0.5591303694492671 0.18470950034880984 0.1740509747138339 0.08210915548808917
0.13272304660747247 0.3068616630683235 0.41786192259938004 0.14255336772482397
0.5391522839379332 0.07208310172102672 0.3279746617943248 0.060789952546715265
0.5796218025666536 0.1168044060015585 0.26271406145331666 0.040859729978471204
0.16853418667348852 0.42054835300817595 0.08074716844282648 0.33017029187550906
0.34318709159599636 0.07687099490470717 0.041823382170096735 0.5381185313291997
0.10848146527958291 0.35318202732131665 0.28723122547558744 0.251105281923513
0.07597209972196106 0.1572333355640515 0.694272125306958 0.0725224394070294
0.08353642553665086 0.3039312427511003 0.1992834034501909 0.41324892826205795
0.598487736555482 0.03639293528507659 0.22859814132739587 0.1365211868320455
0.0854670099632292 0.16121746292398764 0.16244553997441724 0.5908699871383659
0.17738310952472258 0.3852739445091198 0.035852517876701184 0.40149042808945645
0.41568933449931667 0.17804370485607013 0.11223929417752365 0.29402766646708955
0.3093621104422112 0.283632651551892 0.26473055219806974 0.1422746858078271
0.035683434769886446 0.5787017544472326 0.34683676389894524 0.03877804688393571
0.08808089259576402 0.1347655791059651 0.6253755590976143 0.15177796920065656
0.31308090880868455 0.028909755439068485 0.19033901991053737 0.4676703158417096
0.18311328223873646 0.21238653291938092 0.13214353427989867 0.47235665056198395
0.012398541640499028 0.4179054211732477 0.08968233184339669 0.4800137053428566
0.2562284671695474 0.2905207087917685 0.03230258514716344 0.42094823889152067
0.20741162049946926 0.22419652927417522 0.16475264919077115 0.40363920103558437
0.19026685671748678 0.08277537301339644 0.43362309904218876 0.293334671226928
0.08121051918434286 0.546155162241836 0.1037462009754142 0.2688881175984069
0.06605126019846663 0.25230302599593313 0.3592753345702573 0.32237037923534295
0.4170235506518686 0.06672334038721661 0.24639639793175883 0.269856711029156
0.34096090627389986 0.10528704294213809 0.34455485613700876 0.2091971946469533
0.10304271951918564 0.05207615382788322 0.5941697703926936 0.25071135626023755
0.23701178654944 0.08661462382975604 0.06284040573712013 0.6135331838836838
0.4061869786883886 0.03599213313411953 0.4553971010590747 0.10242378711841715
0.040297561223197276 0.020406293090995176 0.39559026680116016 0.5437058788846474
0.01722703671924819 0.9078976079602602 0.04207013485058608 0.03280522046990553
0.19821582432349605 0.08144296540733331 0.5036060052105964 0.21673520505857424
0.033440960387530416 0.2111143358002796 0.5109352277139213 0.24450947609826867
0.6869872991905126 0.006242354361699731 0.1891035819502549 0.11766676449753277
0.37085207204895565 0.17472652243243747 0.09054332173400637 0.3638780837846005
0.16258017940351344 0.5806456346082544 0.18163042299382914 0.07514376299440306
0.041114592329783206 0.40834134634901564 0.30762529498671676 0.2429187663344844
0.016457001871998722 0.7278183183265211 0.027236099758966348 0.22848858004251382
0.24070644018157228 0.017539739498982465 0.638150835881082 0.10360298443836324
0.016384383528544544 0.12375218772543162 0.51417819960677 0.3456852291392538
0.0190371874344748 0.09832857893066238 0.8773199371487714 0.0053142964860913855
0.1653254580552157 0.2505736409418784 0.3066923906546939 0.277408510348212
0.10778588455022087 0.18750085425427554 0.45106860190091336 0.25364465929459024
0.059677827945817996 0.07132799310808491 0.4235594069899221 0.445434771956175
