5 90 4 243.6555213758723 487.31104275174465
2.9979385398076555 8.836590755596387 2.8604723980548377 9.267498171441295 5.395700699153462 6.505694766123812 7.89317070832284 5.665761890856489 3.6712045141859977 2.6894910579512645 1.7266714188838739 7.64596266579073 4.971783006063578 2.4247888094138608 8.91943328081151 3.4667781579300216 4.728115171729462 3.6647193946028316 6.65909117991535 6.218540291705906 6.399362769624888 3.392372057819565 3.5621729257722743 3.2822938519640874 3.948075529198607 2.297478705880784 2.4905157508114084 9.675374761611476 9.642040437571245 2.6957319003634166 1.2187590546653828 2.840999917419556 7.298592527139017 8.01563126999977 1.2063978319517332 6.198965723167804 1.0147795544444076 5.639253507148542 6.758156585177714 9.8706196252377 3.331878367699952 8.222471967365832 8.83434778301335 9.304746525511028 1.0199279127919922 5.225395345818196 9.833218638454095 4.590503235125654 8.323592298282264 5.9181084817522995 7.937686784262021 5.364379674896122 1.2620040730544595 1.7787311956198457 2.00308431140221 3.2612060052149285 9.684237632737284 6.685894474639709 8.349941823538256 6.094737964834807 6.718205850237037 8.307121520623696 9.34014353719487 9.213640873334048 8.423296483946729 1.847824589595904 4.249435766174281 1.3195812858429723 5.917225136867262 8.165284487704039 1.4602852279121241 2.6980096221379712 4.289299911209483 3.1986178026211753 8.155787256289287 4.168854421897317 6.749899138543288 5.440735467070837 6.251497693480509 9.453694167683665 9.491860738142917 2.0052318446521427 8.591994694992014 4.114253365803571 1.9074454557638063 4.450681594604037 5.593193176053232 9.649927737686168 4.3436135379520655 1.1113247044032188
0.599587707961531 1.7673181511192773 0.5720944796109675 1.853499634288259 1.0791401398306923 1.3011389532247624 1.578634141664568 1.1331523781712978 0.7342409028371996 0.5378982115902529 0.3453342837767748 1.529192533158146 0.9943566012127156 0.4849577618827722 1.7838866561623021 0.6933556315860043 0.9456230343458923 0.7329438789205663 1.3318182359830701 1.243708058341181 1.2798725539249776 0.678474411563913 0.7124345851544549 0.6564587703928175 0.7896151058397214 0.45949574117615677 0.4981031501622817 1.9350749523222952 1.9284080875142489 0.5391463800726833 0.24375181093307657 0.5681999834839112 1.4597185054278035 1.6031262539999538 0.24127956639034664 1.2397931446335608 0.2029559108888815 1.1278507014297083 1.3516313170355427 1.97412392504754 0.6663756735399904 1.6444943934731664 1.76686955660267 1.8609493051022057 0.20398558255839844 1.0450790691636391 1.966643727690819 0.9181006470251308 1.6647184596564528 1.18362169635046 1.5875373568524043 1.0728759349792243 0.2524008146108919 0.35574623912396913 0.400616862280442 0.6522412010429857 1.936847526547457 1.3371788949279417 1.6699883647076512 1.2189475929669613 1.3436411700474076 1.6614243041247392 1.8680287074389739 1.8427281746668096 1.6846592967893457 0.3695649179191808 0.8498871532348563 0.26391625716859446 1.1834450273734523 1.6330568975408077 0.29205704558242485 0.5396019244275942 0.8578599822418965 0.6397235605242351 1.6311574512578573 0.8337708843794633 1.3499798277086577 1.0881470934141675 1.2502995386961018 1.890738833536733 1.8983721476285833 0.40104636893042855 1.7183989389984027 0.8228506731607143 0.38148909115276125 0.8901363189208074 1.1186386352106463 1.9299855475372336 0.8687227075904131 0.22226494088064377
0.47833904398678495 0.036398923013894136 0.34496891998751245 0.14029311301180847
0.5726186488077992 0.22785777194277046 0.18466037694523485 0.014863202304195466
0.05396210214514685 0.27808604739053056 0.12037069628129804 0.5475811541830246
0.3302532519595063 0.07743247671763731 0.5137848372820334 0.07852943404082302
0.5267175654585914 0.24321511143272334 0.12305161746398363 0.10701570564470164
0.3737145173959693 0.33633452995846913 0.05728233376334502 0.23266861888221657
0.0600961698663498 0.17954426974587512 0.12395935719188111 0.636400203195894
0.06340098197336863 0.021669479776846967 0.7281000657331294 0.18682947251665505
0.17025007563808214 0.4191238025956604 0.22526813332411777 0.1853579884421397
0.05982163675463459 0.5111535801011712 0.2547306096425449 0.17429417350164933
0.5809185276333954 0.07135225835430525 0.3342306554156953 0.013498558596604093
0.031130063418406073 0.3335801153739789 0.09463541596625924 0.5406544052413558
0.4966955091225945 0.13621003166837264 0.3283055993831481 0.03878885982588476
0.2184977813400989 0.3854863597561847 0.15187969016433056 0.24413616873938582
0.36533301893440306 0.058516583870819594 0.11824080627178579 0.45790959092299155
0.13436372785235862 0.0021163659689165115 0.5427025870498159 0.320817319128909
0.5487261970931809 0.17806317354039514 0.2704360959293459 0.0027745334370780084
0.35478546069796135 0.23371460427510982 0.016103249260212227 0.3953966857667166
0.16564182663829652 0.07998917190586419 0.10209816912297187 0.6522708323328674
0.27815593388711646 0.31306637750254007 0.03353215577272983 0.37524553283761364
0.4977680192642012 0.011707075043221327 0.3842875589248643 0.10623734676771313
0.11976902075848306 0.5216957517793487 0.12886459057975974 0.22967063688240852
0.7605315404167414 0.05141265114068294 0.09815324140486736 0.08990256703770827
0.00038289436747096506 0.15436221517386683 0.006387343802602863 0.8388675466560593
0.3797783894182173 0.20313242650519636 0.01708235081427234 0.400006833262314
0.0859497793298083 0.21454609044363093 0.037842779199424026 0.6616613510271367
0.2030319807878168 0.16940047412866832 0.06573643768967508 0.5618311073938398
0.6337164772906705 0.08024258167754772 0.13217376348254706 0.15386717754923473
0.009708308333148619 0.18094802586514358 0.5168698910937041 0.29247377470800373
0.2924804596307673 0.27869814196496356 0.36737433251365925 0.06144706589060989
0.30554852972650537 0.28265108297811825 0.06801166633944122 0.34378872095593516
0.13793535839611237 0.530978081746039 0.10822085210507859 0.22286570775277004
0.08162956241513852 0.12487311616769214 0.6047133039503647 0.18878401746680462
0.047738377113599184 0.23123929496074702 0.16833248191891348 0.5526898460067403
0.13290579639419553 0.5814117939179655 0.19889995200365695 0.08678245768418202
0.006608107989574563 0.5765045208540142 0.3425391842400901 0.07434818691632117
0.2310328751730122 0.14499914273178394 0.35515198196344633 0.26881600013175755
0.03834193016002463 0.030474478413631156 0.47548852239679873 0.4556950690295455
0.1045602064421326 0.17027419756967144 0.19483208092636528 0.5303335150618307
0.7193998828358722 0.17049910260707302 0.04834310789920693 0.06175790665784786
0.6531640777505399 0.1329633004465215 0.02570287724231679 0.18816974456062185
0.22027202611951346 0.15059074033280406 0.11375784153397783 0.5153793920137046
0.7646026501940553 0.042027014959611364 0.16882954595047417 0.0245407888958592
0.3682424018259176 0.010830240981623551 0.3776773534141469 0.24325000377831196
0.2573873511452943 0.03780412931295429 0.025852255527271883 0.6789562640144795
0.4685735027875845 0.15561500966542918 0.2499952079326495 0.12581627961433683
0.29898286145862574 0.04168085945790245 0.17910276753551835 0.48023351154795346
0.3625376958201626 0.059017925169598695 0.47404393915113185 0.10440043985910685
0.12426283961828377 0.4628147531035275 0.0011909771810280079 0.41173143009716073
0.38067705732339263 0.3775385372761275 0.07287223313907709 0.16891217226140276
0.04287194516336823 0.5431511560417186 0.05211177341265705 0.3618651253822561
0.20754234112530112 0.17957140567022423 0.4170974033083491 0.19578884989612555
0.2947466449489732 0.20630797885090268 0.38634834841598953 0.1125970277841346
0.046565623732697126 0.06647219485621636 0.80236291626028 0.08459926515080651
0.22690730721217645 0.2664036833003205 0.1945357656205069 0.31215324386699617
0.4244987807759587 0.2649604252479766 0.23766219733048288 0.07287859664558183
0.27020384847136114 0.6011470320125483 0.006759399258466914 0.12188972025762368
0.27853119786035485 0.05812724685005588 0.5853937356570289 0.07794781963256037
0.16556515600327382 0.2590919238125877 0.1819458081613421 0.39339711202279637
0.21152689505945843 0.10972214724321616 0.5177331682054701 0.1610177894918553
0.5116899525735095 0.21637988961226384 0.024836151622616875 0.24709400619160982
0.03602349506840796 0.015434436465417423 0.03985868002765436 0.9086833884385203
0.18939770163401382 0.3967703933191854 0.1567736283324338 0.257058276714367
0.09116169080056102 0.1487389894974167 0.5108003061903198 0.24929901351170247
0.004021782407716112 0.3910700474009786 0.13094244939738575 0.4739657207939195
0.005287650017404277 0.11837397249912462 0.535183561277285 0.34115481620618615
0.5277993576896584 0.26114553810037067 0.04086350707391395 0.17019159713605703
0.25443145441429216 0.21659425804944676 0.4727972000474401 0.056177087488821
0.41014770059459915 0.14962767464693572 0.3292239802004727 0.11100064455799241
0.43573865057021555 0.09337670902603767 0.22543229270824738 0.2454523476954994
0.002104848701460993 0.7111121409069999 0.26680425853988743 0.019978751851651655
0.20820116627245155 0.09105246907673503 0.4672356541689585 0.2335107104818549
0.03177488747995427 0.125934060282065 0.05765285183990565 0.7846382003980751
0.2010538597345054 0.022868760890083273 0.14167513943288634 0.634402239942525
0.079705132066611 0.07725043042295165 0.4204271531096927 0.42261728440074464
0.0770507900942935 0.3549214722770945 0.28467013219196924 0.2833576054366428
0.7379274286622641 0.1673991773547846 0.030199479309013122 0.06447391467393815
0.0016787689092433444 0.31950013996718907 0.29573923854306894 0.38308185258049865
0.17475749052605716 0.4648712206766943 0.05992996851105248 0.3004413202861961
0.2169440102673399 0.1490269721616887 0.4604341958001916 0.17359482177077978
0.01464380310050073 0.7568141161321461 0.1117186627920147 0.11682341797533846
0.034320365271447884 0.39060965173276607 0.5055088583208582 0.06956112467492781
0.3517796032589069 0.5709141204227828 0.037691179705842126 0.039615096612468204
0.16555631776981028 0.29492952493504165 0.49326517482643173 0.04624898246871634
0.027448514864242823 0.014539718913333388 0.3811898098804304 0.5768219563419934
0.23701044259636284 0.0608746842420671 0.11892087402494833 0.5831939991366217
0.27776782917302856 0.007226731267109043 0.0693708020882634 0.645634637471599
0.4505720146485206 0.16930629873641756 0.006372415845190438 0.3737492707698714
0.11755810682133061 0.7873029038886359 0.024672298959678263 0.07046669033035524
0.21281212452735265 0.320866554235425 0.26001906999469726 0.2063022512425251
0.11111074954036526 0.335497078381948 0.40337220446388034 0.15001996761380643
0.020391378448150643 0.3909922373312259 0.39001791463169355 0.1985984695889299
0.19047777345550265 0.16950542171580496 0.34295888194667057 0.2970579228820218
0.08273856907998767 0.8158325858047356 0.05505935084262381 0.04636949427265291
0.6608443909583853 0.09825472733094065 0.20605842872501468 0.034842452985659356
0.08305444303844489 0.6184983895429275 0.2727966463042716 0.025650521114356062
0.22148276004299516 0.2282607978535609 0.3605706742157957 0.18968576788764824
0.24210767225593488 0.02213070228471392 0.5435390608067032 0.19222256465264798
0.1953446255624387 0.6149409036200569 0.10444881093496639 0.08526565988253798
0.3025181125003943 0.35689916785292697 0.305579359917011 0.03500335972966773
0.10748953357509894 0.1343695205223302 0.23096910095985768 0.5271718449427132
0.4186541000368995 0.12557825270928624 0.34810092255232494 0.1076667247014893
0.21114100089423782 0.3160378320523244 0.2618312816096815 0.2109898854437563
0.4256373335349867 0.32293847701983114 0.24492819737784943 0.0064959920673327565
0.26523024662679795 0.05341619105553341 0.15929487242222506 0.5220586898954436
0.3018860977327299 0.015814105619859742 0.28364095254279864 0.3986588441046117
0.560914589810152 0.0548989497083433 0.026536000636726897 0.35765045984477783
0.3092307714734772 0.2957735420167251 0.17237768113831187 0.2226180053714858
0.012848073980403552 0.047518358437374175 0.010899551677190034 0.9287340159050322
0.1596809333223338 0.18865106101667728 0.42668113569709754 0.2249868699638914
0.16820815801861322 0.4754320613723809 0.08695104661570796 0.2694087339932979
0.1814812091194561 0.7488606338682866 0.05782591997508424 0.011832237037173066
0.1428757978793307 0.04940349789614429 0.5569053638349571 0.2508153403895679
0.40707895652146964 0.33217177837119083 0.10626708127114937 0.15448218383619017
0.4970103500750551 0.273249652896406 0.1912074828747109 0.03853251415382797
0.23566363766517262 0.5070871038523586 0.056035533049137 0.20121372543333182
0.1260458531287345 0.0926358763289219 0.6228610124054788 0.15845725813686484
0.2651126682511451 0.31026199680800703 0.31355387861696404 0.11107145632388382
0.5494634595289904 0.08475081649564531 0.17148033361538728 0.19430539035997696
0.2581863842453116 0.16745762779391382 0.5644115412838451 0.009944446676929508
0.3501795780966964 0.12259929601331043 0.41512052285296663 0.11210060303702651
0.17750904732011363 0.035535916974338 0.15835998272099516 0.6285950529845532
0.3307044032080019 0.10583115026177015 0.009256907720918806 0.5542075388093092
0.027528463477695997 0.047642036408946375 0.7884150799644676 0.13641442014889005
0.36528645954502703 0.06810143144257985 0.3970498093886342 0.1695622996237589
0.34882757222309646 0.08410301329028436 0.52843749061807 0.03863192386854919
0.026037244426359463 0.32978433173143895 0.6426941911050357 0.0014842327371659136
0.019519958823183248 0.505929522254307 0.33364873587556243 0.14090178304694734
0.28518106427047496 0.010816363389782535 0.6746082799015037 0.029394292438238767
0.1368790323208824 0.30438126123381626 0.5254663752817811 0.03327333116352027
0.4616615406840934 0.25982718766787594 0.04548440427900724 0.23302686736902345
0.09738624473422608 0.651528874445229 0.13721917364849723 0.11386570717204769
0.19656782979436171 0.19172531985909202 0.26905311309459135 0.3426537372519549
0.2236880773986134 0.42914180302896243 0.19112374172842983 0.15604637784399433
0.5043224141263659 0.2597122515348538 0.09446426702929966 0.14150106730948064
0.061414021493359505 0.2813940146204078 0.14258863695376256 0.5146033269324701
0.17287710693361957 0.1219734153751656 0.15430362232101136 0.5508458553702035
0.8087540609599789 0.08969345102199366 0.016585810440604365 0.08496667757742304
0.5145660203091754 0.24226553846850485 0.2397795411390926 0.00338890008322712
0.34411893928019344 0.25116618824964987 0.23799659668756434 0.16671827578259235
0.443504721482604 0.3712005556852055 0.14064630037123182 0.04464842246095868
0.6561496917280327 0.24908661693820378 0.06649970945376393 0.028263981879999567
0.058385754783147226 0.11930783249707477 0.4947146951773087 0.3275917175424693
0.252716278752683 0.08909200201792944 0.6000366560012027 0.05815506322818487
0.20235285442910822 0.2694381666070801 0.3452938066192778 0.18291517234453392
0.19040336327223983 0.25546531663928684 0.401724268766835 0.15240705132163834
0.021931894908752914 0.14412788492740114 0.12955132133691416 0.7043888988269318
0.08162815976425408 0.16470303634024586 0.43410383536231734 0.3195649685331827
0.013140081523351776 0.3337768006579288 0.23074162257143427 0.42234149524728515
0.014097884116019754 0.43461142479073 0.5264407198206512 0.024849971272599025
0.15814617408626652 0.10817737574042274 0.3596955216854064 0.3739809284879043
0.20778884719084 0.19882847877698417 0.3674498234245045 0.22593285060767132
0.24467622059424887 0.24992259174256626 0.34530200937972244 0.16009917828346243
0.1287675352661406 0.2276569065284183 0.0013931316938228244 0.6421824265116183
0.6386667019464843 0.13478681602890585 0.005914380318092438 0.22063210170651737
0.07816590847055904 0.3205912148562673 0.025249043036041363 0.5759938336371323
0.5167691661110141 0.21052630984075682 0.0118154298147084 0.2608890942335207
0.2083833139929948 0.7000005657293445 0.04004221150823706 0.05157390876942358
0.5839311165207918 0.22323037077143804 0.09621274693420223 0.09662576577356796
0.09507706410043781 0.5827764602581221 0.021312846314809897 0.30083362932663016
0.19768911719883886 0.015314744534523195 0.4693336111028594 0.3176625271637785
0.829340621289375 0.05136437830292806 0.05509195656691157 0.06420304384078535
0.3668869436420428 0.3883437661259733 0.05220031284922655 0.19256897738275736
0.2675229041664744 0.08705598650483493 0.39303123747381796 0.2523898718548727
0.09841149553940587 0.44665294583912674 0.22879853782991166 0.22613702079155573
0.3768962543863842 0.19139234646629644 0.023961245008237375 0.407750154139082
0.25138327823283846 0.24020702525091364 0.4589608819505546 0.04944881456569328
0.08212009040304313 0.13422971352989643 0.5464689057629102 0.23718129030415025
0.3181689154948444 0.1668583313807651 0.0668131790709725 0.448159574053418
0.13299612306597275 0.3405556575734412 0.013262745466028347 0.5131854738945577
0.6928559486659069 0.08615758628602677 0.15795360435480965 0.06303286069325664
0.08364082849284105 0.10156635078928589 0.5696674264732902 0.2451253942445829
0.6260065958254272 0.07311431238604282 0.08494807957112394 0.21593101221740607
0.05674264812504226 0.37361556938876006 0.30427630946588735 0.2653654730203103
0.17452871626694177 0.18507410716704442 0.2754930521950597 0.3649041243709541
0.5407770785563972 0.15922332927603267 0.1980632237484431 0.10193636841912701
0.6762385286612236 0.0072511914321268245 0.265088004828932 0.05142227507771757
0.15635950597639103 0.2997410619212174 0.3168919471842354 0.22700748491815614
0.15474598471370005 0.45994895284463355 0.05576303195637444 0.32954203048529196
0.012508678515450677 0.05641690476749872 0.9040697749543548 0.02700464176269579
