33 30 4 78.3431768958381 156.6863537916762
3.2365911469395696 5.049778789457159 4.698467226968868 3.342697217982099 8.833561195122545 2.665359344457145 1.176952828870396 9.579268283533409 7.124057242579354 5.3792931389547505 9.685241378793586 4.5405886520947005 1.716018141582048 4.162666819724166 2.4727164634458574 9.84850138930508 8.925653657937172 5.446571213004071 4.608633170066306 5.061623167078869 7.487891636535066 3.2299145599303567 6.605019571637358 2.2820393427888592 2.8105865422472327 1.730959565038222 9.581250653282133 1.501644426779534 6.395828351098915 7.506978674441342
0.647318229387914 1.0099557578914318 0.9396934453937735 0.6685394435964198 1.7667122390245091 0.533071868891429 0.2353905657740792 1.9158536567066817 1.4248114485158707 1.07585862779095 1.9370482757587173 0.9081177304189401 0.3432036283164096 0.8325333639448331 0.49454329268917147 1.969700277861016 1.7851307315874343 1.0893142426008142 0.9217266340132613 1.0123246334157738 1.4975783273070131 0.6459829119860714 1.3210039143274717 0.4564078685577718 0.5621173084494465 0.3461919130076444 1.9162501306564266 0.3003288853559068 1.2791656702197831 1.5013957348882685
0.3539821955907989 0.17356887184856218 0.4427386519254609 0.029710280635178
0.2952378310408912 0.06732417837278104 0.19335237101171387 0.4440856195746139
0.4723878660443215 0.2380138781722102 0.06281403004715347 0.22678422573631485
0.30619704551042826 0.28953867421640234 0.20659149461624238 0.19767278565692703
0.05949432526546028 0.3683941498556035 0.19188702688462633 0.3802244979943099
0.017372025919124345 0.3267643679692559 0.3884940411742449 0.26736956493737485
0.7687325308162815 0.07572693213320802 0.04879105424650565 0.10674948280400487
0.32627747822946596 0.10275868751893091 0.4722601519502483 0.09870368230135484
0.43452837306630976 0.017917165153791936 0.3108830990881766 0.23667136269172173
0.42086348967800447 0.2684196311382502 0.2783484647762916 0.03236841440745375
0.235905365849035 0.4174095760541392 0.3195492694123472 0.027135788684478634
0.34182884121892165 0.046864996068950004 0.49678181103745966 0.11452435167466868
0.3732680338790636 0.07029245335525536 0.3408608365458682 0.21557867621981286
0.3185012124023998 0.4876288688558207 0.0015499446667694983 0.19231997407501
0.5171186228655802 0.29895589166835757 0.00984889752033924 0.174076587945723
0.5581334424594048 0.19753794410007686 0.23086485745842455 0.013463755982093817
0.12204580491917427 0.5799142837614275 0.06541897237000738 0.23262093894939084
0.1232362346056739 0.07806725428439365 0.06809256531009011 0.7306039457998423
0.47768857577024304 0.08510871411282916 0.04521183037969079 0.391990879737237
0.053834636192314766 0.13182154340282737 0.27638419088744326 0.5379596295174146
0.7234742705999655 0.07941972541923104 0.07135633914709094 0.12574966483371253
0.24539328023763607 0.1056527246322212 0.4176053589329902 0.2313486361971525
0.567789060257676 0.011072157650531267 0.2512077108188485 0.16993107127294427
0.22477339370013216 0.14153394409952103 0.3461147128122499 0.2875779493880969
0.14567470634167745 0.19001576788818453 0.5205057811848606 0.14380374458527745
0.38911347642867267 0.03803633027472486 0.3651573083201861 0.20769288497641636
0.13449071015925307 0.06988439568469951 0.4347944486795263 0.3608304454765211
0.4190304370079745 0.22713404095001088 0.25409984843810796 0.09973567360390667
0.5274399791836082 0.0028328621246840324 0.40877315715316664 0.060954001538541136
0.37750036153856803 0.07116459484767079 0.14814531523789376 0.4031897283758674
0.07903030125787225 0.25244642828579533 0.49009272786850155 0.17843054258783086
0.16579446288973876 0.17501951463293297 0.49979450763596733 0.15939151484136094
0.03170775152874872 0.20953704064177014 0.49033183043502915 0.268423377394452
0.13664963834754318 0.0259192281320626 0.3375577857056261 0.4998733478147681
0.08898163794389724 0.09921020534801528 0.20367393268400258 0.6081342240240849
0.3932993553912639 0.0035853802877995333 0.07148026090989923 0.5316350034110373
0.16156441191215443 0.11350388495465902 0.5589343247199704 0.16599737841321616
0.6860843061868155 0.11140488829887218 0.17433572537129816 0.028175080143014175
0.1739191529496058 0.33627524100014317 0.38799697253400156 0.10180863351624947
0.28597000375671067 0.27474048764966597 0.007210255851305081 0.4320792527423183
0.17099071752127593 0.39530327203962157 0.3975772745353624 0.036128735903740106
0.36822584666470326 0.2981818562784464 0.18426383331499818 0.14932846374185216
0.6089401865000075 0.06378411250575933 0.29525169860668654 0.03202400238754666
0.15996464727464832 0.10705886456709368 0.4304366345089117 0.3025398536493463
0.5526963757668745 0.2025170913331733 0.11756077726321856 0.12722575563673366
0.5101813017674265 0.42641392947882484 0.05712330542888089 0.0062814633248677865
0.263394990697595 0.1688792565461643 0.1980125245175287 0.369713228238712
0.2645241089710051 0.4581546761522387 0.13528852212433096 0.14203269275242525
0.26883229662811836 0.15331041374424026 0.29664674841699346 0.2812105412106479
0.029429883845652594 0.008890194490281833 0.34843540616901725 0.6132445154950483
0.1329187732743955 0.1359757923506799 0.3022953770621776 0.428810057312747
0.19513580829480015 0.2109536143127395 0.40086843828803054 0.1930421391044298
0.3552262414904054 0.4478699186433277 0.13371349378498942 0.0631903460812775
0.21733253164834898 0.12492513134932348 0.06025026434891112 0.5974920726534164
0.048596783290192236 0.3787226623836587 0.22139514375316371 0.35128541057298535
0.12474737731623808 0.28867289075181346 0.15000081377105046 0.436578918160898
0.04954139199958063 0.0978666967788715 0.6340557024755303 0.21853620874601754
0.33375383351084353 0.09418670850685107 0.5235093031504481 0.04855015483185732
0.4559452348163896 0.07761832009618164 0.2939999566560496 0.17243648843137915
0.16797686601183437 0.39136850108858123 0.3784271356641803 0.062227497235404106
