69 30 4 75.14484160203118 150.28968320406233
3.666242455051902 8.28160944105994 4.152272727010703 8.104683307878034 6.052140781935153 3.2823005879811986 1.9447937531659814 1.5261465627719175 7.059631426928598 7.280466913015391 7.595048853564885 8.090866526479394 1.687386883542335 3.8591253695796786 7.669209494652641 3.956448062575432 5.231309364280398 2.629771459612159 3.911539616281906 5.094155403702894 5.766674639335774 3.637274937872363 3.4927763309216275 7.103377647774547 3.101128305450868 7.095298327585637 4.890992478101437 4.488996567392054 4.019015859746441 5.6189991188110735
0.7332484910103804 1.6563218882119881 0.8304545454021406 1.6209366615756067 1.2104281563870305 0.6564601175962397 0.3889587506331963 0.3052293125543835 1.4119262853857195 1.4560933826030782 1.519009770712977 1.6181733052958787 0.337477376708467 0.7718250739159357 1.5338418989305282 0.7912896125150863 1.0462618728560797 0.5259542919224318 0.7823079232563812 1.0188310807405787 1.1533349278671547 0.7274549875744726 0.6985552661843255 1.4206755295549094 0.6202256610901735 1.4190596655171275 0.9781984956202875 0.8977993134784109 0.8038031719492882 1.1237998237622147
0.11655619545171181 0.5638799621885195 0.3072549567195054 0.012308885640263223
0.33195253580190287 0.08166355875806652 0.044100601488423985 0.5422833039516066
0.03198771223661634 0.15892980933623702 0.0025916900169000723 0.8064907884102466
0.25709201836437945 0.6700974227239118 0.0401065958377409 0.032703963073967834
0.3910502178883323 0.05200120472265657 0.20852297753209448 0.3484255998569167
0.1267851475022781 0.03613260717249811 0.8196946138460587 0.01738763147916511
0.6738103391962849 0.09581523048548968 0.20854993432206037 0.021824495996165094
0.4046784137150877 0.016161337730137948 0.17074138110373904 0.4084188674510353
0.02170204214452065 0.2377829452207627 0.2880309126425141 0.4524840999922025
0.19507262853552654 0.03403618125087071 0.17331328679646785 0.5975779034171349
0.26542900734015074 0.16179252867010552 0.2916096530216692 0.28116881096807456
0.18924039702508433 0.4282485671238745 0.07337118429685974 0.30913985155418144
0.06714565067377654 0.23966728208143018 0.2774975086245758 0.4156895586202175
0.06778206723193037 0.49800203993565595 0.3247362876490938 0.1094796051833199
0.5520888235734707 0.3450036767726644 0.0712952515392069 0.031612248114658015
0.09049883039021211 0.35636773846155867 0.4388117333290179 0.11432169781921131
0.04235634543141953 0.38843107473669913 0.003749703834396212 0.5654628759974851
0.41905871456184207 0.1546457608690115 0.1689250372807558 0.2573704872883906
0.4316559043322441 0.07456099435816088 0.1779554135002699 0.31582768780932513
0.19078937730632906 0.26241482327374865 0.14199044559664253 0.40480535382327976
0.1219738702378863 0.4173210578665203 0.1651164263025231 0.2955886455930703
0.09294767183181452 0.0684488148659842 0.7173859408327428 0.12121757246945852
0.13597082143499084 0.19152109467894707 0.35674573202641435 0.31576235185964774
0.12860831401405548 0.20335350633594163 0.37158220499026484 0.29645597465973805
0.07135745038468833 0.8779431438429567 0.006718653904943195 0.043980751867411794
0.04992439340382204 0.8063703711733745 0.07706581185434691 0.06663942356845654
0.04251279730225055 0.3229275660062654 0.14949320649636932 0.48506643019511475
0.10505671876021139 0.4386636949677848 0.0787318193628338 0.37754776690917
0.13703470807427443 0.020295027218601436 0.6635567047324457 0.17911355997467848
0.4581365206020631 0.1681449346518331 0.18568361769719144 0.18803492704891234
0.39113473324146986 0.13977963804268423 0.17631135508523588 0.29277427363061004
0.0937152433162668 0.36231778876058873 0.3497598766281267 0.1942070912950178
0.07588166476887537 0.07657388490521533 0.31257294171655614 0.5349715086093532
0.06937376769742032 0.4772521524094915 0.3506826023572308 0.10269147753585739
0.37876973050352947 0.15403237786552948 0.3234762552489917 0.14372163638194935
0.301446129711462 0.25371243600205806 0.3905766554149317 0.054264778871548236
0.28127815478903406 0.030671865916791385 0.12112375724331659 0.566926222050858
0.05818320873854366 0.5228352822404131 0.11369051735980473 0.3052909916612385
0.36389084535177874 0.15474596847816968 0.1755990646924258 0.30576412147762577
0.001007943590017546 0.06554641673714934 0.04738900147795455 0.8860566381948786
0.6176427024608999 0.05714551669013901 0.08560972706170877 0.2396020537872523
0.5403514236240866 0.06543230756505569 0.11847631497512023 0.27573995383573746
0.6041657131130971 0.2415113350466619 0.013836348245954255 0.14048660359428677
0.2282102698780194 0.35036071917256195 0.249265259078001 0.17216375187141764
0.4201677351565193 0.20120821294686786 0.044225018286752515 0.33439903360986034
0.22445298556976356 0.037582324941020206 0.4118209247575707 0.3261437647316455
0.33140249622173956 0.39284737082190646 0.16444401562210365 0.11130611733425033
0.2880079704388021 0.16584531467908437 0.19337675396364262 0.3527699609184709
0.08079130110978516 0.2925464102486378 0.019586816482968117 0.6070754721586089
0.3514311885453367 0.4546413237525171 0.05426484949323507 0.13966263820891112
0.5478651497090192 0.21511149013623787 0.08684358660325298 0.15017977355148993
0.46080967106902626 0.019668985749623724 0.005554592846794715 0.5139667503345553
0.2738796474053551 0.6237457237109963 0.07582544300658511 0.026549185877063453
0.2084703210831398 0.38466702480992254 0.17615330467018864 0.23070934943674903
0.037567314675084895 0.1502478488214155 0.31952211695663946 0.49266271954686014
0.4028536793757789 0.02190172626259257 0.13459882929533684 0.4406457650662917
0.12728766392940616 0.4128940588806599 0.15222942935631312 0.30758884783362084
0.10642168087601855 0.04324144718286094 0.6275130888570277 0.22282378308409279
0.09463344244170413 0.12397388933992104 0.6615600214332249 0.11983264678514993
0.232786594227967 0.12024455122141786 0.47261986012257273 0.17434899442804241
