69 70 4 182.51981766038088 365.0396353207617
3.666242455051902 8.28160944105994 4.152272727010703 8.104683307878034 6.052140781935153 3.2823005879811986 1.9447937531659814 1.5261465627719175 7.059631426928598 7.280466913015391 7.595048853564885 8.090866526479394 1.687386883542335 3.8591253695796786 7.669209494652641 3.956448062575432 5.231309364280398 2.629771459612159 3.911539616281906 5.094155403702894 5.766674639335774 3.637274937872363 3.4927763309216275 7.103377647774547 3.101128305450868 7.095298327585637 4.890992478101437 4.488996567392054 4.019015859746441 5.6189991188110735 9.88922002923763 5.778229341557386 7.123925418762083 4.520212599173229 2.0490057590654063 7.365031537324509 4.722544851039725 5.1042972886917 3.9875728222171256 1.843437189846401 5.119450264435541 8.25213617834484 2.741582904307781 5.185256422515821 2.71825769415568 1.6829349829198783 1.287889410129547 2.3720999470668165 3.313828165279415 1.624363909276783 9.344704969794622 5.9196332809622065 9.70566433233429 9.075776702177283 4.51945196099499 4.408927574531765 6.86416960128775 8.706505272562456 4.9874628034989 5.79521897532153 2.466259792072986 5.996427091421681 2.1410663275205026 9.511616990156066 9.843511316687515 3.713015167403158 7.9266301271359705 3.807550186352429 9.803579536034514 3.5315033931013065
0.7332484910103804 1.6563218882119881 0.8304545454021406 1.6209366615756067 1.2104281563870305 0.6564601175962397 0.3889587506331963 0.3052293125543835 1.4119262853857195 1.4560933826030782 1.519009770712977 1.6181733052958787 0.337477376708467 0.7718250739159357 1.5338418989305282 0.7912896125150863 1.0462618728560797 0.5259542919224318 0.7823079232563812 1.0188310807405787 1.1533349278671547 0.7274549875744726 0.6985552661843255 1.4206755295549094 0.6202256610901735 1.4190596655171275 0.9781984956202875 0.8977993134784109 0.8038031719492882 1.1237998237622147 1.9778440058475262 1.1556458683114772 1.4247850837524165 0.9040425198346458 0.40980115181308124 1.4730063074649018 0.944508970207945 1.0208594577383399 0.7975145644434252 0.3686874379692802 1.0238900528871082 1.650427235668968 0.5483165808615562 1.0370512845031643 0.543651538831136 0.3365869965839757 0.2575778820259094 0.4744199894133633 0.662765633055883 0.3248727818553566 1.8689409939589243 1.1839266561924413 1.9411328664668581 1.8151553404354566 0.903890392198998 0.8817855149063529 1.37283392025755 1.7413010545124912 0.99749256069978 1.159043795064306 0.4932519584145972 1.1992854182843362 0.42821326550410055 1.902323398031213 1.9687022633375029 0.7426030334806316 1.5853260254271941 0.7615100372704858 1.9607159072069027 0.7063006786202612
0.4046784137150877 0.186902718833877 0.08222920664732014 0.32618966080371514
0.02170204214452065 0.2377829452207627 0.16135476407994231 0.5791602485547743
0.22910880978639725 0.17331328679646785 0.1450938034249324 0.4524840999922025
0.19507262853552654 0.23214890747472972 0.2916096530216692 0.28116881096807456
0.18924039702508433 0.07618861031506641 0.3520599568088081 0.3825110358510412
0.3068129327552067 0.2774975086245758 0.10654970706603606 0.30913985155418144
0.06714565067377654 0.4986384564938098 0.3247362876490938 0.1094796051833199
0.06778206723193037 0.4843067563415403 0.3450036767726644 0.10290749965386492
0.4468665688517708 0.4388117333290179 0.0827094497045533 0.031612248114658015
0.04235634543141953 0.048142484958792586 0.34403829361230276 0.5654628759974851
0.41905871456184207 0.01172870560627659 0.3118420925434907 0.2573704872883906
0.506216898690405 0.06748757674044858 0.1104678367598213 0.31582768780932513
0.19078937730632906 0.24086652702591504 0.02154829624783361 0.5467957994199223
0.1219738702378863 0.47322077593883394 0.10921670823020946 0.2955886455930703
0.1613964866977987 0.3778984414066079 0.3394874994261349 0.12121757246945852
0.09294767183181452 0.2345442442821234 0.35674573202641435 0.31576235185964774
0.13597082143499084 0.19599099891500626 0.37158220499026484 0.29645597465973805
0.12860831401405548 0.8206922802135895 0.006718653904943195 0.043980751867411794
0.07135745038468833 0.7849373141925082 0.07706581185434691 0.06663942356845654
0.04251279730225055 0.007411596101571494 0.3155159699046939 0.6345596366914841
0.5149335698048852 0.028786843923110927 0.0787318193628338 0.37754776690917
0.10505671876021139 0.03197798931406304 0.6838517319510471 0.17911355997467848
0.15732973529287586 0.30080678530918725 0.35382855234902455 0.18803492704891234
0.2453231074615938 0.3809583477923024 0.12757515145840947 0.2461433932876943
0.02273287017168002 0.6294554841755923 0.07138669025050237 0.27642495540222534
0.528712931960023 0.22971898171431604 0.15414800291093778 0.08742008341472318
0.1912863171395125 0.28366847836575027 0.34080548806481936 0.18423971642991788
0.2727042524948051 0.16316258611002865 0.3244561971817793 0.2396769642133869
0.031225466941162128 0.6227553352428727 0.32760427695610184 0.018414920859863293
0.1772149995544633 0.02435052685527772 0.4283457726388853 0.3700887009513737
0.23314203282881585 0.05357185807724407 0.41638745891674733 0.29689865017719275
0.012466879902763517 0.18549865214017547 0.21081946775195293 0.5912150002051081
0.18690859079993993 0.23852199094464965 0.13425068179549604 0.4403187364599144
0.04811273940763683 0.36308048129053894 0.47770500050833675 0.11110177879348748
0.8748633748188587 0.02392069783909334 0.01822066892576013 0.08299525841628785
0.3206571462359713 0.24841005747648814 0.05760252148807954 0.373330274799461
0.4956880350756393 0.00020069942342737512 0.3593007945473068 0.14481047095362654
0.17956034310096147 0.07885483837291118 0.3204394491047984 0.42114536942132896
0.05873288438914437 0.5204256164798148 0.23596076192066673 0.18488073721037412
0.11894056653782792 0.2571352101073182 0.33325538301574675 0.2906688403391071
0.28754616806746003 0.25263728003184915 0.2684291734980496 0.1913873784026412
0.030991330033534936 0.42637388094610285 0.41458907222709396 0.12804571679326826
0.03387218313693563 0.24451041553955566 0.30312222035284886 0.41849518097065985
0.021686811809642714 0.5827697700654976 0.2684195278388868 0.12712389028597293
0.28905782601544694 0.5130810628207073 0.12957357353277488 0.06828753763107087
0.30853853165622025 0.22024595958889925 0.05676003226178261 0.4144554764930979
0.004217857715184348 0.05794028270444773 0.41118569991693243 0.5266561596634355
0.44952487920122486 0.07411646487582646 0.3658425288223697 0.11051612710057901
0.12135931577911652 0.29028325247132103 0.3919954758264331 0.19636195592312933
0.4074615098089561 0.30051814225962103 0.23921542496268167 0.052804922968741175
0.2804102177266975 0.4995956811176536 0.03165025454962467 0.1883438466060242
0.35644450137376404 0.4688759787391321 0.0025231749478952237 0.17215634493920862
0.025851892631968854 0.15743499210133594 0.5297085968996905 0.2870045183670047
0.30481642347818805 0.13026733408097368 0.4309220852162904 0.13399415722454788
0.4600083308162355 0.0157468035548749 0.2148756498525739 0.3093692157763157
0.1460076562348538 0.2669861753199906 0.04429107438131019 0.5427150940638454
0.24765003990940815 0.06146307636897419 0.3683133511067447 0.322573532614873
0.3613972356999483 0.2968916839811523 0.30250980942186656 0.03920127089703285
0.10347192921731885 0.26226064437636687 0.40158601409312356 0.23268141231319073
0.012698641215112882 0.0798132621284765 0.09338653309980949 0.8141015635566011
0.4363752728141719 0.2291412319756504 0.09152364600832441 0.24295984920185332
0.3241404183565243 0.1581275298193906 0.07010543293625071 0.4476266188878344
0.10239525242764447 0.19187808554651975 0.20583858963829504 0.49988807238754074
0.3935193924946895 0.15057152368889637 0.0809837828128741 0.37492530100354005
0.2376503896276947 0.06742558601878279 0.26133409425153686 0.43358993010198565
0.009036474415700546 0.2633146674251782 0.1938418357673386 0.5338070223917827
0.7576979251075426 0.005826801450379282 0.08130772993755209 0.155167543504526
0.05323875257524535 0.19557770683027575 0.1159254298961192 0.6352581106983597
0.28009769303613574 0.06646861415537342 0.47973534978814925 0.1736983430203416
0.11551382429792201 0.6531079856718595 0.18952399529608233 0.04185419473413621
0.05818320873854366 0.3748905692105984 0.1479447130298147 0.41898150902104325
0.5186368138299484 0.1755990646924258 0.00047312981638725216 0.3052909916612385
0.001007943590017546 0.06554641673714934 0.29733648502461185 0.6361091546482213
0.11394336180512143 0.5036993406557785 0.14275524375184778 0.2396020537872523
0.6057837311891423 0.06900448796189662 0.04947182701322361 0.27573995383573746
0.5403514236240866 0.06381428948901047 0.25534768329261615 0.14048660359428677
0.2282102698780194 0.35036071917256195 0.2671060591091776 0.15432295184024103
0.4201677351565193 0.20120821294686786 0.20646030002519522 0.17216375187141764
0.22445298556976356 0.037582324941020206 0.4035656558793559 0.33439903360986034
0.33140249622173956 0.3424537390466149 0.2148376473973952 0.11130611733425033
0.2880079704388021 0.16584531467908437 0.27039658192575955 0.275750132956354
0.08079130110978516 0.2925464102486378 0.2738923277231061 0.3527699609184709
0.3929245278413911 0.4131479844564627 0.05426484949323507 0.13966263820891112
0.3514311885453367 0.4115454512999204 0.08684358660325298 0.15017977355148993
0.46080967106902626 0.02522357859641844 0.06183190004357453 0.45213485029098077
0.2738796474053551 0.2065990094132949 0.41714671429770145 0.10237462888364857
0.2084703210831398 0.5608203294801112 0.20416016355968558 0.026549185877063453
0.1878151634965004 0.31952211695663946 0.08580006543992247 0.40686265410693767
0.037567314675084895 0.365286364700694 0.1565005555579294 0.4406457650662917
0.12728766392940616 0.2974677417089653 0.2676557465280077 0.30758884783362084
0.1496631280588795 0.39051859475118655 0.23699449410584117 0.22282378308409279
0.09463344244170413 0.011788238434314424 0.11218565090560662 0.7813926682183748
0.232786594227967 0.12024455122141786 0.5271362077654652 0.11983264678514993
0.025185538057022616 0.22331935357014376 0.5771461139447912 0.17434899442804241
0.1121359144976225 0.1258745958533959 0.6630300594950711 0.09895943015391051
0.34172038437199403 0.6157541593359693 0.02029383664466433 0.022231619647372303
0.20817234540837615 0.2030489903945677 0.12212391820588353 0.4666547459911726
0.15057691306313192 0.3020586132293781 0.0973788518418699 0.4499856218656201
0.32717544424533396 0.20138874325757228 0.05016889809703673 0.42126691440005704
0.4623772199778461 0.47620507072147344 0.009434354223927244 0.051983355076753224
0.21942279354819327 0.5318191111598904 0.20213946399244687 0.046618631299469415
0.018821500158281324 0.21064329744070787 0.667253867262467 0.10328133513854376
0.8219217388538976 0.04520523116209718 0.10305251457644149 0.029820515407563697
0.054257595353084276 0.21105110821096795 0.4253598007553524 0.30933149568059537
0.4423162143316315 0.11724330270903904 0.038529742555083235 0.40191074040424624
0.19464673114229025 0.16517368063176274 0.5464787106828314 0.09370087754311562
0.4119184433609153 0.012210834034018458 0.07013810074400118 0.505732621861065
0.23782133564114438 0.17951388982762118 0.4779844465030113 0.10468032802822314
0.031054394032625998 0.372186295701912 0.5037044592706497 0.09305485099481237
0.8000091199589647 0.05071381153062271 0.10082426973762759 0.048452798772784966
0.08751334231973251 0.28619972512629266 0.18271047157199494 0.4435764609819799
0.00547751457631851 0.6730351060637187 0.19093601164477103 0.1305513677151917
0.3665087355632922 0.20975521562375776 0.3005793743010894 0.12315667451186063
0.4342069471807547 0.30071780051448815 0.15659839690685562 0.10847685539790153
0.05260207165046005 0.6037820388878814 0.06468618907267787 0.2789297003889807
0.08748131719858654 0.33208664542508104 0.2022314277728373 0.3782006096034951
0.04665647720674093 0.1506169221433472 0.46399622406567864 0.3387303765842332
0.38002574992251537 0.061070166033796114 0.5069062045648335 0.051997879478855036
0.093899979672327 0.11717827322644325 0.09351735211579049 0.6954043949854393
0.34659443955705926 0.28024489627947424 0.11616779762009288 0.2569928665433736
0.37102320309471293 0.19060787758589892 0.299727483559428 0.13864143575996013
0.374741387500905 0.32219839885447854 0.25164693330895826 0.051413280335658174
0.19552325590484498 0.0659245257841854 0.04366438814668283 0.6948878301642868
0.2141813675152332 0.22486870103788048 0.05522717888640272 0.5057227525604836
0.3651599034904116 0.187305475248011 0.33432711377635294 0.11320750748522446
0.3228883359200472 0.43824763390522614 0.09476467816391476 0.14409935201081192
0.14516940514569165 0.10563721139588278 0.27599690213013406 0.4731964813282915
0.49509787693434604 0.10350577283649309 0.2736800726471602 0.12771627758200066
0.567114144776809 0.0698893545449304 0.07538068473315385 0.28761581594510677
0.6119699187186505 0.20035262442229673 0.10815522437640257 0.07952223248265022
0.1792236134573718 0.28171431449316886 0.5243562665265349 0.014705805522924442
0.02528090106053349 0.522987405334981 0.40250823500110233 0.049223458603383174
0.04820929394952489 0.6398306576027123 0.19966148849259324 0.11229855995516957
0.19890783445150473 0.2027337933634078 0.3367134181859627 0.2616449539991248
0.27410653763006854 0.039923867257444234 0.024601182620612616 0.6613684124918746
0.18111975417487935 0.12378796437601569 0.6038967572784801 0.09119552417062482
0.04055103989228226 0.036006920058449965 0.8729094371454091 0.05053260290385864
0.2629228271029793 0.36693373496343396 0.16874486912433184 0.20139856880925489
0.06146254696164377 0.3801030409238165 0.06693650409309004 0.49149790802144966
0.08782496193789102 0.038206124460206325 0.7777733556969241 0.09619555790497858
