4 100 4 283.9425510621946 567.8851021243893
9.70326855112309 5.925090242581501 9.75415923968396 7.433343943069282 7.2795594213754375 2.9448054602233875 9.786470092986177 1.0560722968413088 3.2768412614509956 4.913123791640012 8.014446296143772 2.7791656714022777 8.766939120393001 9.850606094577815 2.4745801726422885 6.376005495395733 1.080874879007995 4.4791415437926645 1.3974405213834962 9.609876709428123 4.925319821918179 9.540795761034065 8.076753873415548 8.796603687235287 2.5584887934635336 1.6745372831179632 6.406684492399924 2.5117496534656345 7.600421507595129 4.675994741368132 5.751179410761283 9.438144255558477 5.695265102004622 1.9737404459850763 2.4240106646631947 5.906823865328915 5.71963672061626 6.738492197133943 4.613458992312456 6.848245981174081 4.572100026115594 6.615245021934007 7.906644703811114 2.6107651903701776 4.3801819172878815 5.522797533942409 7.180003719247112 3.2831168379524485 5.992667766483027 6.624377596576879 9.059510494505314 4.265682295898138 6.73801365716863 2.7230176190706703 5.4801470315557514 2.6420086411408614 9.265447352257864 4.886398642071049 8.471692918885116 4.750986742105264 9.142008298690303 4.643426955798154 3.9805705278201047 6.1492489324547375 8.60899284184702 8.749128805777648 6.36119305361501 1.7619544991836924 6.375399465872574 3.209083377247919 7.59334103730971 9.051861630850649 5.632605738218306 6.432071593241858 1.585610311445266 5.860672566785257 2.162681053033939 6.531065617152988 4.272853123403541 7.909822308976712 1.4368072277759727 1.9883630630605964 7.156208936112648 5.6318832737529085 6.1447723445327425 8.5933629459159 5.389638752347069 8.291299799135304 5.59219266365446 9.34048623916226 7.002349943856634 2.3385415549065125 4.280978577931802 8.791974243496893 4.152566897699641 2.7012318351053937 5.253591782491958 4.535030573399169 6.570369339796843 4.930896627455619
1.940653710224618 1.1850180485163002 1.9508318479367919 1.4866687886138563 1.4559118842750876 0.5889610920446775 1.9572940185972354 0.21121445936826175 0.6553682522901991 0.9826247583280023 1.6028892592287545 0.5558331342804556 1.7533878240786003 1.970121218915563 0.49491603452845767 1.2752010990791465 0.216174975801599 0.8958283087585329 0.27948810427669923 1.9219753418856247 0.9850639643836357 1.908159152206813 1.6153507746831095 1.7593207374470574 0.5116977586927067 0.33490745662359267 1.2813368984799847 0.502349930693127 1.520084301519026 0.9351989482736265 1.1502358821522567 1.8876288511116954 1.1390530204009244 0.39474808919701526 0.48480213293263896 1.181364773065783 1.143927344123252 1.3476984394267886 0.9226917984624912 1.3696491962348163 0.9144200052231188 1.3230490043868015 1.5813289407622229 0.5221530380740356 0.8760363834575763 1.104559506788482 1.4360007438494224 0.6566233675904897 1.1985335532966055 1.3248755193153758 1.8119020989010628 0.8531364591796275 1.347602731433726 0.544603523814134 1.0960294063111502 0.5284017282281723 1.8530894704515728 0.9772797284142097 1.6943385837770233 0.9501973484210527 1.8284016597380606 0.9286853911596309 0.796114105564021 1.2298497864909474 1.721798568369404 1.7498257611555297 1.2722386107230022 0.3523908998367385 1.2750798931745149 0.6418166754495838 1.518668207461942 1.8103723261701297 1.1265211476436612 1.2864143186483716 0.3171220622890532 1.1721345133570513 0.4325362106067878 1.3062131234305976 0.8545706246807082 1.5819644617953423 0.28736144555519455 0.3976726126121193 1.4312417872225296 1.1263766547505818 1.2289544689065486 1.7186725891831798 1.0779277504694138 1.6582599598270609 1.118438532730892 1.868097247832452 1.4004699887713268 0.4677083109813025 0.8561957155863604 1.7583948486993788 0.8305133795399282 0.5402463670210788 1.0507183564983915 0.9070061146798338 1.3140738679593684 0.9861793254911237
0.2609221572944955 0.15811187725780484 0.560582227488185 0.020383737959514647
0.08318412257086116 0.2642672141401945 0.33123406576792835 0.321314597521016
0.40862678674989794 0.20319502970539416 0.14770771270803928 0.24047047083666862
0.17377979375527586 0.2917098810622598 0.28733052066287723 0.2471798045195871
0.01597127753156069 0.01790634036684846 0.9394003762305215 0.02672200587106932
0.44134070437267003 0.09356189729178255 0.4147663382833914 0.05033106005215604
0.006323937265482749 0.4012977400261749 0.2240705678333219 0.36830775487502043
0.18096483602510238 0.17318070215426296 0.366306583245251 0.27954787857538366
0.07365237412062664 0.6663923558812993 0.0228370598413975 0.23711821015667656
0.08877285739020269 0.25115355909195236 0.44680589795292946 0.2132676855649155
0.32832213688090817 0.03801400237062613 0.5689547179821531 0.06470914276631257
0.08691561764276523 0.4701664576224388 0.41159205011197786 0.031325874622818106
0.221580929980553 0.6626169339947152 0.07160673000864726 0.044195406016084515
0.029773996732739172 0.08867151960084563 0.13835940454797235 0.7431950791184428
0.6241532443303243 0.309225923750716 0.012449126594403115 0.05417170532455662
0.40798226889395084 0.41683865931207353 0.08264371822205685 0.09253535357191878
0.23074594172777607 0.10271044003601837 0.5271994803720867 0.1393441378641188
0.12322788872941182 0.2700188396371438 0.4654741201227294 0.14127915151071502
0.2027650477394588 0.03195200534338283 0.7136088308600442 0.05167411605711414
0.5488051182820823 0.40541397105059784 0.007534228413179522 0.038246682254140296
0.5109061295180553 0.4430498444362274 0.021949307653232775 0.02409471839248456
0.17984963291789824 0.3019175284820328 0.3843570274404625 0.13387581115960645
0.23185520181835473 0.001925228409345059 0.04567317396290704 0.7205463958093932
0.04289853088357365 0.36091173082362726 0.23232375305694242 0.36386598523585667
0.08270761181285646 0.3399483096527479 0.5635688018644482 0.013775276669947378
0.16773020775391967 0.416545444954868 0.3044269283276241 0.11129741896358825
0.22879392211702332 0.3653542097573417 0.049160389440137564 0.35669147868549744
0.1935149634645531 0.3904049104821016 0.2581367740953653 0.15794335195798004
0.06833463001706253 0.37226441714434844 0.24543725598285493 0.3139636968557341
0.36397732246604353 0.04545826981100454 0.45044568578285293 0.140118721940099
0.4262711666896969 0.07953590408856048 0.13305603236533792 0.3611368968564047
0.1232166332489254 0.553850699459905 0.2628742018265007 0.060058465464668975
0.15148924924481755 0.40954331457063287 0.16896042473579898 0.2700070114487506
0.4357347412439997 0.04111812458714925 0.24687964491768832 0.27626748925116273
0.11948191776460548 0.28078978502361973 0.46769662634018094 0.13203167087159384
0.027100400960439974 0.2966515591219725 0.38344788842658983 0.2928001514909977
0.43527630819028496 0.2223113125144578 0.10662122374285543 0.23579115555240182
0.30481570769324307 0.22741281522177703 0.31599780441898784 0.15177367266599207
0.49107075059232264 0.3402565815583767 0.07731308041811935 0.09135958743118133
0.2866870363919519 0.5588520640239871 0.011954134407623829 0.14250676517643712
0.07776876792584475 0.20754216400694236 0.6697550057403787 0.04493406232683417
0.14772701167278024 0.10588551409416525 0.39539520829678165 0.35099226593627286
0.4508077288322858 0.028880090734617836 0.5028240483831972 0.017488132049899185
0.4980329091126755 0.01871385476886045 0.10839443089869827 0.3748588052197658
0.5025545177829741 0.22184248815461116 0.18253810811004878 0.09306488595236595
0.3732878321504155 0.19863467813908453 0.12313116692733383 0.30494632278316613
0.38063989163532486 0.2595302013382864 0.2322138912328614 0.12761601579352733
0.2880990716215327 0.0007558527327043985 0.03755684678365345 0.6735882288621095
0.5026654861648215 0.12357204823210255 0.33506626265569417 0.03869620294738174
0.8017140895687547 0.13938342437072537 0.0222846545289469 0.03661783153157305
0.06780815958339637 0.25661342885851046 0.15050548390521246 0.5250729276528807
0.10788422569526912 0.4635610972002411 0.08005606622606987 0.34849861087841993
0.3327916032795297 0.347897430999914 0.020118196010285416 0.29919276971027087
0.4394741852014621 0.4042176800621248 0.06860785792771551 0.08770027680869763
0.16927356464293164 0.4679785486559812 0.12740436500142893 0.23534352169965822
0.23237430225331868 0.24597622567525745 0.4853989142024068 0.0362505578690171
0.2669022968052136 0.44024433186652445 0.040375250459627754 0.2524781208686342
0.12898378152341738 0.06541512342010392 0.5695931421452226 0.2360079529112561
0.6849288487479599 0.07244754386248609 0.00786700392016848 0.23475660346938554
0.2941670573303842 0.5932952834337463 0.024693001643605994 0.08784465759226356
0.32976213143304 0.24473788082144965 0.09017095262771402 0.3353290351177963
0.22171571038708582 0.1654901732722932 0.5967598321034925 0.016034284237128493
0.3702241289829107 0.4398581381255028 0.09342543545852988 0.09649229743305665
0.19341897434087696 0.2643402286262073 0.4276987052886153 0.11454209174430041
0.620623487722725 0.1847650308050196 0.09223506894475153 0.10237641252750385
0.28585677559016565 0.07236127082408383 0.5322397922317847 0.10954216135396577
0.2279174946289676 0.4586817897729827 0.19301915148042825 0.12038156411762146
0.7190984938726488 0.08032781619111784 0.10935194944673432 0.09122174048949905
0.317729034170636 0.26775829312222266 0.30751170280707096 0.10700096990007035
0.06489936033511412 0.2050064182920206 0.10646984273891524 0.62362437863395
0.41471774697692976 0.05751639466450931 0.4562802079033599 0.07148565045520106
0.007389096728895872 0.12579900562273005 0.7174163627246778 0.14939553492369628
0.8347025550258578 0.0016740511540047631 0.07850571673608076 0.08511767708405671
0.03980947012484115 0.003772447669106449 0.933015088731886 0.02340299347416641
0.13617425128557037 0.41935603072136507 0.36221106283856874 0.08225865515449582
0.4348077519425755 0.2781385632721578 0.009361490395623617 0.2776921943896431
0.05888517446850716 0.019024297837186954 0.8051510944752939 0.11693943321901201
0.11353719257244288 0.5146562341597916 0.36247438633774676 0.009332186930018804
0.6370510738948615 0.1528013799795208 0.18581734518391524 0.024330200941702462
0.1463116077077461 0.42706109700822403 0.1470220708189558 0.2796052244650741
0.040197842538693074 0.6582301697122791 0.2483415182493226 0.053230469499705224
0.12126053579092888 0.2543043833475789 0.6024312568275615 0.022003824033930752
0.04115322964481116 0.11541944026664253 0.1394981905841306 0.7039291395044157
0.16526104868769964 0.0930477314703968 0.41977373641311433 0.32191748342878923
0.08201221542892123 0.21600088548243102 0.10764978805128778 0.59433711103736
0.07073798395264685 0.42997810309708173 0.19891829566255026 0.30036561728772115
0.06959531498843963 0.007835830857964465 0.2806716530923289 0.641897201061267
0.031891394718374655 0.2454061006204452 0.26802596125019096 0.4546765434109892
0.3042662473306361 0.04977546883974904 0.6394471348154389 0.006511149014175932
0.01459296447396441 0.13998043804364946 0.041472525372525104 0.803954072109861
0.2734313840595398 0.3621362477662613 0.036284838690666676 0.3281475294835322
0.04613576611557246 0.3239476737336403 0.16893763833650655 0.4609789218142807
0.5811681878389622 0.10348938482754266 0.17948526717990154 0.13585716015359361
0.47770922107263736 0.21348642743505297 0.16137927922586848 0.1474250722664412
0.04889807272877755 0.5586857539152359 0.1515362351413656 0.24087993821462095
0.18214451480516292 0.1449570461247648 0.07185270102087893 0.6010457380491934
0.7054113678622571 0.024060082583820308 0.1051145677312324 0.16541398182269018
0.13794833139508578 0.03018199829461199 0.36638227691689396 0.4654873933934083
0.04870465492088327 0.524825262917456 0.3549661649145559 0.07150391724710481
0.06416658760401361 0.11369879853818399 0.004818671383898354 0.817315942473904
0.4124722116627568 0.21109662774415705 0.278853016469227 0.09757814412385912
0.05888009415812312 0.6741186234378719 0.09302414942922455 0.17397713297478046
0.12401461831327198 0.6704086992633702 0.14937418830640337 0.05620249411695444
0.7629936412753662 0.17959220845161405 0.03862406940428054 0.018790080868739234
0.040091124641168374 0.5031991903823657 0.11419432081173841 0.3425153641647275
0.2724714587237361 0.394086937376524 0.06171104409298678 0.2717305598067531
0.0993277648941745 0.18870906210353366 0.49349429690000157 0.21846887610229027
0.4095913896676494 0.14233505106372524 0.37388215654788437 0.07419140272074098
0.13475260700177727 0.699028762919614 0.15701544859566585 0.009203181482942857
0.4445406645343004 0.24368060866982566 0.14119667651687962 0.1705820502789943
0.3225749762532557 0.5178910884689265 0.07952128297571559 0.0800126523021022
0.09091055162091022 0.7166384015936905 0.04863481771321687 0.1438162290721824
0.15188560123269723 0.18060956575479925 0.30435350587910437 0.36315132713339915
0.3122050322800519 0.06313511105628378 0.16244152283921098 0.4622183338244533
0.4451251930602681 0.16668715554146096 0.12270670440692022 0.2654809469913507
0.1852092341733128 0.1506401757291439 0.40160256351221957 0.2625480265853237
0.05243487868640262 0.11268324171348465 0.7210161109542454 0.11386576864586728
0.27036548223830226 0.06885942598581662 0.11771433353794636 0.5430607582379348
0.37183370636286006 0.13955357577288863 0.05176595279417706 0.43684676507007425
0.05720591625564686 0.5425915749335528 0.32538764003922305 0.07481486877157728
0.7365002639632688 0.02298587620201198 0.17940783915398517 0.06110602068073401
0.43702347241547124 0.14020859783696582 0.08266216062778109 0.34010576911978185
0.12278925276601593 0.0022033120207080037 0.2585874452535982 0.6164199899596778
0.13284200646608957 0.43452695803022423 0.2713417323761588 0.16128930312752743
0.10451524198326945 0.05201697074848377 0.7185301344022599 0.1249376528659869
0.01753367137178896 0.31964615928436724 0.046967832559269396 0.6158523367845744
0.037745180036163894 0.3882725801891802 0.18408864009317782 0.3898935996814781
0.021329839501554315 0.1777258144621996 0.24630139056360367 0.5546429554726424
0.245071897044153 0.11026473183897512 0.31211790364497705 0.33254546747189484
0.5773636987909793 0.2566131938937196 0.04280460998705571 0.12321849732824541
0.19012999559238153 0.2380249858498188 0.2228965769255583 0.34894844163224137
0.31942519516947254 0.488824531464468 0.09921248238573799 0.09253779098032144
0.3619821182810956 0.11298180089176435 0.09686077447052488 0.42817530635661516
0.0577250991689825 0.2690796702087881 0.6212530359438885 0.051942194678340936
0.27309617663809704 0.2981380272470697 0.22495017466602485 0.20381562144880838
0.11562865386689491 0.3992795842179351 0.047875375051255054 0.43721638686391495
0.03104266800163158 0.04112475206595789 0.1779744910697305 0.74985808886268
0.06353737904188561 0.8752915296137387 0.00876465661354664 0.052406434730829066
0.16200423390405105 0.5725149460920251 0.1739903044458343 0.09149051555808951
0.4156423241576631 0.017526329651170958 0.12869361589385164 0.4381377302973143
0.28727828024231794 0.26286914734573363 0.14690401029364397 0.30294856211830445
0.061629093926618306 0.3141232265934655 0.3273775595316214 0.2968701199482948
0.021469889231514494 0.05251255754469153 0.5321617662619818 0.3938557869618122
0.4867671135312355 0.08581405389317176 0.280592265697437 0.14682656687815576
0.32266101367486877 0.33209493473832696 0.14168608553771278 0.2035579660490915
0.49187326955992816 0.3116227297994677 0.1454434318565636 0.05106056878404053
0.3094909778314623 0.3254001467813199 0.1470133640083997 0.2180955113788181
0.0817140255333002 0.5914824469872542 0.023882084917246194 0.30292144256219944
0.5351042723800182 0.04495922209159886 0.2305999142910914 0.18933659123729152
0.3404526247609255 0.35289186595638833 0.058038961659751864 0.24861654762293428
0.011921328044363078 0.10971630761905571 0.8400369504245052 0.038325413912076
0.3339025531878522 0.1836975702010779 0.3165172189365725 0.1658826576744974
0.120931260717003 0.06676145772701303 0.35195893502637354 0.46034834652961043
0.2302661821822669 0.0415272354092725 0.12467130917479996 0.6035352732336606
0.08941565592040324 0.09265935179633689 0.5554066609914314 0.26251833129182844
0.08282352311052688 0.7523757215446255 0.008219363916324385 0.15658139142852323
0.1084466488831709 0.2351736218565249 0.2982246475987691 0.3581550816615351
0.30434153016284915 0.19052818800674898 0.026250614911223158 0.4788796669191787
0.17601348447979936 0.28468698852695995 0.33888107147710134 0.20041845551613935
0.03095690735949652 0.26737008853069144 0.2873563850427344 0.4143166190670776
0.30028126569062286 0.19039064626755664 0.45872958560833543 0.05059850243348507
0.2907453201715785 0.13980119158794468 0.06398907163203804 0.5054644166084388
0.48209784704816605 0.23131958594229585 0.1794583622366993 0.1071242047728388
0.46253665229483 0.37352024604597156 0.1220618922130865 0.041881209446111956
0.019018880500788038 0.6529375274632782 0.13506412667115808 0.19297946536477573
0.15537164309331097 0.42229889625422823 0.2046693079140086 0.21766015273845218
0.331314234773714 0.3275848301274147 0.10228649012238367 0.23881444497648763
0.1895568782570074 0.5947306076665646 0.1965721458770472 0.01914036819938081
0.0403580956649916 0.4147248112246388 0.18378157188035582 0.3611355212300138
0.06275181302663191 0.05842199394615977 0.46327687748365354 0.4155493155435548
0.018570894573084584 0.23236529504397774 0.42394452949594086 0.3251192808869968
0.06909730082066201 0.37346235455273336 0.4910776494247664 0.06636269520183824
0.7904821239592964 0.027265600394076772 0.026491001597786168 0.15576127404884066
0.0009066702152890072 0.17518851010169567 0.823268859318146 0.0006359603648693479
0.1479855800997535 0.43677675366671287 0.32674378602304 0.08849388021049365
0.07720747221195945 0.5224037738426638 0.37871018975824033 0.02167856418713643
0.10801102886608205 0.5461258400041579 0.2838671781589691 0.06199595297079097
0.22092885701913123 0.25303522752649465 0.4456861298337029 0.08034978562067119
0.11207881367463868 0.3756911326838043 0.28049224671792217 0.23173780692363488
0.11746765688936 0.4455109812817194 0.2994924841399177 0.1375288776890029
0.06462229810580788 0.012936870876203321 0.7677622064959533 0.1546786245220355
0.3887896685110287 0.1453004388123037 0.07517344068311538 0.3907364519935522
0.10292077943567313 0.571907250076455 0.2982184881803237 0.026953482307548127
0.3785099924936569 0.30845353435507994 0.3028557300169973 0.010180743134265868
0.0219420403081807 0.3012767531985321 0.42208898663494543 0.2546922198583418
0.08630340582616236 0.093626706032926 0.7751712516321408 0.044898636508770795
0.1966681161544238 0.27427925388649377 0.2101258950926398 0.31892673486644263
0.13813877203071356 0.2759475597936768 0.44891082544871386 0.13700284272689578
0.29194479550538666 0.6157579076978809 0.08282348977558918 0.00947380702114331
0.02304841001974245 0.10243819222771078 0.7274078206632575 0.14710557708928929
0.016503554685818655 0.10541003641766977 0.43497404038377374 0.44311236851273783
0.07218765162111662 0.39101754826422486 0.24627275894493417 0.29052204116972435
0.07725556984683157 0.40093853780821076 0.02497470794861767 0.49683118439634
0.30540661644329115 0.052258519527636715 0.24441704249122986 0.3979178215378423
0.6990040625523832 0.09886147602714046 0.08093632976516985 0.12119813165530646
0.3356988729325273 0.007418318755006648 0.2998659302676795 0.35701687804478655
0.5258506475196314 0.06622374456480384 0.007568082915592078 0.4003575249999727
0.275313903038908 0.4025545497873121 0.1829084073621784 0.1392231398116015
0.14637945210609116 0.46671297572748416 0.1162613749395931 0.2706461972268316
0.08790871077497642 0.0412848230512054 0.6541873976173063 0.21661906855651192
