19 40 4 106.2246161282661 212.44923225653218
1.8778024157450641 7.851247450073707 3.2224417584969434 2.2431851872868758 3.983019069438383 1.7469960850620359 7.0477937315242 8.259344183454917 9.844677230897926 6.720946613171673 2.943309304424623 5.941246888758517 5.910039622083035 3.1066846583230148 2.023532587063715 5.496933403440592 2.368975801796092 5.794174725015426 4.483060916018941 7.194946450799479 4.356344407675536 9.515440404670533 7.996221262960363 6.47230872760709 6.537088329274621 6.786888411423911 3.416351564173012 7.751405337429039 3.58147440478138 7.3843845204361065 1.5830809792458904 7.208726313153122 5.969510501227097 5.984438322795047 4.118757668115313 2.5535166407577794 5.877393738068665 1.46592138714197 8.43001852063789 7.399602732082687
0.3755604831490128 1.5702494900147415 0.6444883516993887 0.44863703745737515 0.7966038138876766 0.34939921701240717 1.40955874630484 1.6518688366909835 1.9689354461795852 1.3441893226343347 0.5886618608849246 1.1882493777517034 1.182007924416607 0.6213369316646029 0.404706517412743 1.0993866806881185 0.4737951603592184 1.1588349450030853 0.8966121832037881 1.438989290159896 0.8712688815351072 1.9030880809341066 1.5992442525920727 1.294461745521418 1.3074176658549241 1.3573776822847823 0.6832703128346024 1.5502810674858076 0.716294880956276 1.4768769040872214 0.3166161958491781 1.4417452626306244 1.1939021002454193 1.1968876645590094 0.8237515336230625 0.5107033281515558 1.1754787476137332 0.29318427742839404 1.6860037041275782 1.4799205464165373
0.010343895110245693 0.03382332755272255 0.5552766744339589 0.40055610290307286
0.13565977671520735 0.22871862525087572 0.08587709899642038 0.5497444990374966
0.9209482505872632 0.015354658280661626 0.002689726574804485 0.06100736455727074
0.44892175700184356 0.27938768932678415 0.13079504397938457 0.14089550969198772
0.16483069676401785 0.4256771072643587 0.3078079418449503 0.10168425412667315
0.13052339190334605 0.6296631293652845 0.23725081118100955 0.0025626675503599428
0.6526793788019437 0.2245858381933331 0.07216890502755713 0.05056587797716605
0.05391789471661923 0.19572074586985255 0.15130869148163817 0.59905266793189
0.4221684603378789 0.2085736406399803 0.11014407078919008 0.2591138282329507
0.07858701687903547 0.20893441919179379 0.5476659091111324 0.1648126548180383
0.3330956994836386 0.48773917275243506 0.16260090880970246 0.016564218954223886
0.18849319518824292 0.15906453313559354 0.3223861770116192 0.33005609466454433
0.014979197663230304 0.8180808457219159 0.15171702857391345 0.015222928040940387
0.4771041099158344 0.23484133265856566 0.14965888785544768 0.13839566957015226
0.05655338856796899 0.2571373261241452 0.27030653987395103 0.4160027454339348
0.056686266327217405 0.0694446051127302 0.17717381106822871 0.6966953174918237
0.162180741260738 0.15020965990600776 0.03565350922157584 0.6519560896116784
0.25215345299998027 0.34541712357533594 0.016134976975945237 0.38629444644873856
0.5574421797709572 0.0022757830646085164 0.04581867833068454 0.3944633588337497
0.060526567455402525 0.1230898470171331 0.02376201062128358 0.7926215749061808
0.5937149309805152 0.07338857789040742 0.17989274005985467 0.1530037510692227
0.12489571073937256 0.14784999593640769 0.4855625318232041 0.24169176150101568
0.050327417125237806 0.4272960337075653 0.39375373358384325 0.12862281558335364
0.08203183389714397 0.2621452478570323 0.4401358341134367 0.21568708413238702
0.11659282648731484 0.2482831539947279 0.4937599593085926 0.14136406020936465
0.017534314743064883 0.009938693458807712 0.444986781189608 0.5275402106085194
0.19736489490056042 0.018442835082999154 0.11760933363075765 0.6665829363856828
0.1926123361340779 0.1226747610720037 0.32643229331377266 0.35828060948014573
0.15401655534776437 0.5100684620701114 0.0822152460722071 0.2536997365099172
0.49025892095773627 0.10515620487305488 0.3437763928058265 0.06080848136338235
0.3436989769732147 0.13565053554487572 0.04442777531710462 0.47622271216480494
0.13908707985752178 0.290704162714572 0.4112862143978083 0.1589225430300979
0.3463125746312026 0.07089278922964892 0.3260931759604181 0.2567014601787304
0.1278628031348774 0.07600489093101237 0.7369031614144635 0.05922914451964667
0.2865322895218563 0.2720639415737841 0.24593686010116944 0.19546690880319018
0.6149198892672592 0.015107812650411168 0.26687135917077565 0.10310093891155403
0.34571059419232464 0.3336840318402362 0.09560385982481301 0.22500151414262615
0.20099338300343494 0.0016484271953111085 0.529100104552412 0.268258085248842
0.1839425804312511 0.12098872576713515 0.2804930094274313 0.41457568437418246
0.23808231587029338 0.1501940250603988 0.36417824568459434 0.24754541338471348
0.0765365615356286 0.10320224122907462 0.8145660194932391 0.005695177742057633
0.7156744827027806 0.14816224434037129 0.10753304144181974 0.028630231515028415
0.5242277302153967 0.14854631466921542 0.26259037766324866 0.06463557745213921
0.03127758666552116 0.1512512073575305 0.7848394846396408 0.03263172133730752
0.3614592485935443 0.07875251184782228 0.39415974234955264 0.1656284972090808
0.18204234531958974 0.08680955608511409 0.1734219314679657 0.5577261671273305
0.1639605602220474 0.23620644095557553 0.31056567244551037 0.2892673263768667
0.3484708615800669 0.1467333017142154 0.41662217683160374 0.08817365987411396
0.06326975075740693 0.2978872574231711 0.613073842488818 0.025769149330603924
0.08207576786149495 0.12379045558168345 0.17560338641329132 0.6185303901435303
0.6756317627705831 0.14102551289129206 0.14254202388137305 0.04080070045675177
0.34828456138236175 0.28338098238536746 0.2612961036239183 0.10703835260835248
0.1420305629591706 0.6096006761320605 0.10564323275986431 0.1427255281489046
0.09318029011083084 0.7026238236176304 0.060736073099955434 0.1434598131715833
0.2670659728825079 0.3741565196302382 0.2690296191767161 0.08974788831053782
0.029364493641441447 0.0702366502750218 0.23182815823572311 0.6685706978478136
0.15088139339611384 0.19853398935180266 0.2103852338568739 0.4401993833952096
0.07022964247308394 0.24166881740677137 0.21356744859071464 0.47453409152943005
0.07536713361265246 0.3122813154262416 0.2072080524466352 0.40514349851447073
0.042419133629680195 0.3374720633579419 0.10647120005012356 0.5136376029622544
0.07007925347440236 0.44202442669998987 0.23268688260926318 0.2552094372163446
0.23371067335722562 0.025924104434960515 0.5734258790379647 0.16693934316984915
0.24418834657693944 0.2765735343654203 0.3775318203913369 0.10170629866630332
0.10632956221260637 0.7407219465431364 0.01736571040037671 0.13558278084388053
0.09833603119427892 0.011769020976248323 0.31489782507761654 0.5749971227518562
0.08268172460873968 0.04091730061247301 0.28801029084602325 0.5883906839327641
0.2251957083167826 0.21942313943482894 0.3130839433664765 0.24229720888191197
0.14802901927812395 0.3784086691527566 0.4538906592721934 0.019671652296926023
0.0571361284285018 0.17499090898964342 0.6206175452026389 0.14725541737921588
0.09243052796434459 0.39175756893295655 0.4693820886442176 0.04642981445848127
0.49919534177933633 0.16044337117608853 0.12247384827174246 0.21788743877283268
0.09126212613680684 0.011691127302421611 0.8545879195544454 0.042458827006326194
0.15282440000454978 0.30492569204745346 0.23673335713590293 0.30551655081209383
0.39830299483347154 0.024252974818546935 0.17447926002691128 0.40296477032107025
0.3431823041372002 0.25857678350491686 0.19581294913218528 0.20242796322569767
0.3653332364537416 0.3670286264867465 0.10551760315273195 0.16212053390677994
0.23143007474648547 0.4887368629154121 0.004116494777827384 0.27571656756027507
0.5303706067571673 0.012470314502645019 0.3129905026101396 0.14416857613004808
0.006081184955352259 0.720239512203526 0.09647696229115121 0.17720234054997053
0.17007573137860998 0.16801964874980257 0.511810780240106 0.15009383963148148
