1 100 4 268.6450674200656 537.2901348401313
4.753198042323167 7.482920440979423 1.001029373356104 3.7209931536865577 2.3208030173540175 1.8310473529191802 2.676341902399038 4.11004654338743 4.570907268076029 5.849350606030212 4.772750629629654 7.166975503570836 2.840070247583657 8.90305692751851 1.2464883387813355 7.03420759160562 4.755743221304143 6.028208456011765 2.263482447357104 2.782913401763909 8.206701118079831 9.714354181474578 3.8208176034331855 7.230903541023826 8.887502370664345 9.051459971534626 1.7653979023280013 1.3514930490959411 2.5284737760811202 8.903282530864718 1.8851215044974508 4.78996862504547 9.621005771354518 5.798487564757154 7.226894025554261 3.8396406790545665 7.178508349134253 8.511631047076357 1.1645944960977261 7.751298834504707 9.899749800158453 7.733490889418555 3.5239959285796467 8.103513956063397 1.9290340591987782 5.0310417355831465 9.17735952783786 3.6425273353631153 3.5899780472771385 2.170257149064499 1.1743026208326737 7.109519796459018 2.9046530440005314 3.389919934350036 5.424158433523044 1.4802629060537233 6.167058449428118 2.3205571741522912 6.303749832129558 7.297825240188381 1.9210098594504326 4.726503890376115 7.249601419549706 4.727613425742124 1.4495811305147845 5.823067653239605 6.974151806978099 5.634002008524777 9.50135280391732 6.278995364517936 9.130617237590952 2.2372723373161376 2.253487125256827 8.266521598385715 4.579091532869802 2.488187774052395 9.347577223564304 4.129892737709559 7.7573089282254 7.533981868154063 8.949754820852288 6.61304986350048 7.758481906246034 4.140085077800583 3.429351025885235 9.062975963764602 4.852820708841654 9.68356042433547 6.970973480366033 6.595261481882096 2.032713756580377 9.54540332836364 5.0492092013194645 6.205506529484186 4.673231224851531 3.1332428221872495 9.130415685060283 6.163115380050573 1.0258329432804307 6.554304222586515
0.9506396084646334 1.4965840881958845 0.2002058746712208 0.7441986307373115 0.4641606034708035 0.366209470583836 0.5352683804798076 0.822009308677486 0.9141814536152058 1.1698701212060425 0.9545501259259307 1.4333951007141672 0.5680140495167314 1.7806113855037018 0.2492976677562671 1.406841518321124 0.9511486442608286 1.2056416912023529 0.4526964894714208 0.5565826803527818 1.6413402236159662 1.9428708362949156 0.7641635206866371 1.4461807082047653 1.777500474132869 1.8102919943069253 0.3530795804656003 0.27029860981918824 0.5056947552162241 1.7806565061729436 0.37702430089949013 0.957993725009094 1.9242011542709037 1.1596975129514306 1.445378805110852 0.7679281358109133 1.4357016698268505 1.7023262094152714 0.23291889921954523 1.5502597669009415 1.9799499600316905 1.546698177883711 0.7047991857159294 1.6207027912126795 0.3858068118397556 1.0062083471166292 1.835471905567572 0.7285054670726231 0.7179956094554277 0.4340514298128998 0.23486052416653475 1.4219039592918037 0.5809306088001063 0.6779839868700072 1.0848316867046088 0.2960525812107447 1.2334116898856236 0.46411143483045825 1.2607499664259116 1.459565048037676 0.38420197189008654 0.9453007780752231 1.4499202839099412 0.9455226851484249 0.2899162261029569 1.1646135306479208 1.3948303613956199 1.1268004017049553 1.9002705607834638 1.2557990729035873 1.8261234475181904 0.44745446746322753 0.4506974250513654 1.653304319677143 0.9158183065739604 0.497637554810479 1.8695154447128608 0.8259785475419118 1.5514617856450799 1.5067963736308125 1.7899509641704576 1.322609972700096 1.5516963812492068 0.8280170155601165 0.685870205177047 1.8125951927529205 0.9705641417683308 1.936712084867094 1.3941946960732066 1.319052296376419 0.40654275131607537 1.9090806656727282 1.009841840263893 1.2411013058968372 0.9346462449703061 0.6266485644374499 1.8260831370120567 1.2326230760101144 0.20516658865608614 1.310860844517303
0.32664490177209615 0.5592971975386783 0.022593051609024695 0.0914648490802008
0.015821242846556283 0.15651926549877226 0.5185564091715954 0.30910308248307605
0.06600017272206249 0.6878760157391839 0.1787192745759172 0.06740453696283644
0.01988013383979559 0.008426354180999018 0.6832182706076771 0.28847524137152825
0.12417331511991114 0.42864866356585474 0.30720596999712213 0.139972051317112
0.56103021925571 0.024729052202577928 0.21487340122232845 0.19936732731938367
0.5562402339904189 0.25086496162836025 0.05643665894064953 0.13645814544057133
0.044551878544761725 0.015365810967449933 0.16579164909564303 0.7742906613921453
0.07197427968948678 0.48774270236465567 0.008383479865799681 0.4318995380800579
0.1954294811093188 0.056896263461004626 0.7176942445179889 0.02998001091168767
0.15679139464608427 0.08305636450150189 0.3801079592337936 0.38004428161862025
0.07002214371922233 0.24734026560293843 0.2889670523311696 0.39367053834666965
0.5509482191178968 0.028797000127900096 0.08948767420738768 0.3307671065468154
0.06633483442844157 0.5633826725931229 0.12303804671724938 0.24724444626118613
0.19343428262332774 0.06688081595521322 0.26435521054519273 0.4753296908762663
0.263296770487111 0.4717691928015585 0.17274988921485457 0.09218414749647597
0.013951572975597015 0.6028267840260606 0.33339776224542206 0.049823880752920324
0.39000771414124624 0.214302768778727 0.3112958668463013 0.08439365023372547
0.17395566668046436 0.22091994624309053 0.5313058137828988 0.07381857329354635
0.021524805274197978 0.11355435277253334 0.6920363131240012 0.17288452882926753
0.1309968448109169 0.04519941076413836 0.1685403971082382 0.6552633473167065
0.45988026581680697 0.12213391413027308 0.2627202654451418 0.15526555460777813
0.015533275550835723 0.474720247069092 0.30835006853211167 0.20139640884796062
0.31524480309537295 0.11843154589408533 0.1441808662950772 0.4221427847154645
0.053909272073752956 0.6251595644916766 0.10886039726007468 0.21207076617449572
0.00040202489135743313 0.37617828985441704 0.22813578622827857 0.39528389902594696
0.28557628169569393 0.28913522301240835 0.17531025899455766 0.24997823629734006
0.6707887907875872 0.08429339768009292 0.10939724158691966 0.13552056994540018
0.3821027520315172 0.01937683143802338 0.22043978445076085 0.37808063207969855
0.19856988842711087 0.14477635134731215 0.6304558381528292 0.026197922072747737
0.25236670150458973 0.4103531108706725 0.21727847618816953 0.12000171143656824
0.5190116274640558 0.008703018844690824 0.04477387088285967 0.4275114828083937
0.3426889079532818 0.03523527137481808 0.1909338113766157 0.43114200929528446
0.6884132523859433 0.12344544533459645 0.17095841600990525 0.017182886269554998
0.16097143681560877 0.18420061433960622 0.24733981761058177 0.40748813123420324
0.19296273201911285 0.06415556176308335 0.6591872596861545 0.08369444653164926
0.24803355837723073 0.1678151598902966 0.3127369497070689 0.27141433202540377
0.15267164409316325 0.08099449514608681 0.28219087772927975 0.4841429830314702
0.1445455401246598 0.07750359967526288 0.32196097901401544 0.4559898811860619
0.3243624597261865 0.46093356849543243 0.059413579380450665 0.1552903923979304
0.09874340182034835 0.727663595808993 0.04020127653717165 0.13339172583348702
0.703516988152653 0.06672174640232698 0.029376527181048107 0.20038473826397196
0.2596983932983531 0.3726049241317747 0.1642853605771597 0.2034113219927125
0.30024833953390007 0.48250107525027186 0.1185590215651019 0.09869156365072618
0.5264259339055213 0.44831443694956097 0.019172653755396674 0.0060869753895210765
0.03039968992878883 0.12999548959086027 0.195309991464232 0.6442948290161189
0.44190428074842336 0.2490378613177452 0.17140411077187556 0.13765374716195589
0.24773290176235485 0.5024395115356379 0.23957929436571246 0.010248292336294762
0.05692943841109499 0.15503072623258096 0.08537121686359628 0.7026686184927278
0.3810161240622142 0.130125354234914 0.08229097116749284 0.40656755053537896
0.03232306662357398 0.4326784149399321 0.49443283949824635 0.040565678938247585
0.081473964877262 0.027544799141806298 0.11241397030442002 0.7785672656765117
0.7662113810757705 0.0367518562979674 0.04288824565393978 0.15414851697232235
0.01833264291300729 0.12509040575723762 0.6805868217420739 0.17599012958768123
0.027783348848669953 0.36706713161196947 0.0637333332477924 0.5414161862915682
0.45240482674645155 0.02566767997137942 0.32509083539633865 0.19683665788583038
0.6185135669120855 0.15536077580833318 0.13081181762320437 0.09531383965637696
0.538627282576347 0.2573396593659224 0.15522684354793514 0.0488062145097955
0.14555823115839706 0.04207344174403693 0.7181778231058679 0.09419050399169815
0.24985068022503676 0.46127177854077916 0.19817074577843852 0.09070679545574556
0.119457050333729 0.027335323083514163 0.6722968052162877 0.1809108213664692
0.5336533449712114 0.37711948620262603 0.07164461811910539 0.017582550707057165
0.43359232727316455 0.2832863363585246 0.22200781373802414 0.06111352263028669
0.027287223517468817 0.29870258825255647 0.23252673915249256 0.44148344907748216
0.2900968516874258 0.16275664826411163 0.12390243503555332 0.42324406501290923
0.37129376127905445 0.05518102722234153 0.09079280999973383 0.4827324014988702
0.08748220955359087 0.8327243047520696 0.016661867003433195 0.06313161869090633
0.31437661611405043 0.29271754585841003 0.20925734985475364 0.1836484881727859
0.05696439948283272 0.517254689358027 0.12765744091545073 0.29812347024368957
0.5190159840736788 0.0516998674725776 0.09338670380853709 0.33589744464520654
0.5956079336026455 0.2212271751889764 0.15915395953928302 0.02401093166909507
0.09357709581748075 0.35815605287399455 0.5236168855788113 0.024649965729713452
0.668732770206732 0.15550506941776576 0.14854975230815737 0.027212408067344818
0.013136356923072245 0.45549198582303696 0.023443458747449242 0.5079281985064416
0.13766274094560316 0.620615519531393 0.2261051897165145 0.0156165498064893
0.12482254311167629 0.21388548237000338 0.41618343157885307 0.24510854293946727
0.022915131322381765 0.4816040383786129 0.2656307866110975 0.22985004368790785
0.44924675358663757 0.22322309106709637 0.13751886600868235 0.1900112893375837
0.4844284455143756 0.15993263924261736 0.1860384852803465 0.16960042996266056
0.27411977516685215 0.39761000965056814 0.001968639081211365 0.32630157610136834
0.7473208103319232 0.026478476912258797 0.08202908000974574 0.14417163274607225
0.21369323762958115 0.09494871000106997 0.49905646148155836 0.19230159088779053
0.14251833776584466 0.07159379905480379 0.5303610162570837 0.2555268469222679
0.026627884691621473 0.05390164243676443 0.5940344966350246 0.3254359762365895
0.20762566180381437 0.09689232611680587 0.4067965302158665 0.2886854818635133
0.1262101037493587 0.30909585388016125 0.2707458467064132 0.2939481956640668
0.14675148076429412 0.013082169579799241 0.2713481048162776 0.5688182448396291
0.18874506687718595 0.412209181230454 0.1533517024686587 0.24569404942370132
0.29548228565549706 0.34273642496483636 0.3070897293796163 0.054691560000050266
0.3950968688899732 0.3870849479414321 0.053089785658560595 0.1647283975100341
0.08010364380604929 0.29005053374768897 0.12396208834258682 0.5058837341036749
0.20645405888943302 0.1506075499933589 0.15086009106249554 0.49207830005471254
0.5724051124346493 0.21514672721785788 0.1981569840606806 0.014291176286812202
0.14993148491725594 0.3779724934908707 0.2592123112477075 0.21288371034416587
0.2166172083287794 0.5062979852274343 0.13905136411085972 0.13803344233292658
0.4032204721058492 0.31370852958662065 0.14330799573064534 0.1397630025768848
0.2780850486129828 0.45076582890627315 0.20505173079563188 0.0660973916851122
0.3748759435368594 0.3320803017119016 0.043668073926414364 0.24937568082482464
0.0031128578251921057 0.3987530661426453 0.4945506784890096 0.10358339754315304
0.12076718430922972 0.18132954698086856 0.24106969894799624 0.4568335697619055
0.35726976000249977 0.16978834225510953 0.09630201353419343 0.3766398842081973
0.13713574962887776 0.7923014841148835 0.0678856167077192 0.0026771495485194974
0.6968181614899002 0.05864489111256621 0.16756148294401696 0.07697546445351666
0.026210986877719278 0.09805997509444542 0.1219401056308812 0.7537889323969541
0.2791836790111395 0.25964738533051335 0.30319982801795287 0.1579691076403943
0.01864728937294302 0.2143269844680774 0.7366214744786541 0.030404251680325456
0.13645522566068502 0.25140541840348674 0.35926099867301287 0.2528783572628154
0.1074941291060929 0.013849326634644443 0.5916455246419393 0.28701101961732334
0.012555980159115854 0.19073725450187462 0.7639830953392815 0.03272366999972798
0.5813589272732578 0.16246692680183517 0.10300294741494231 0.15317119850996475
0.018576202177409518 0.47519351209132044 0.3352111852814488 0.17101910044982127
0.4863451109370318 0.08250632614944953 0.41976471732596754 0.011383845587551122
0.2649195576628094 0.11522161496074101 0.3651932582829517 0.2546655690934979
0.06653648135411494 0.14363752856072465 0.1599101879992667 0.6299158020858937
0.6394608808799401 0.1652936828634053 0.12005340665600528 0.0751920296006493
0.06596109068402378 0.706216938859223 0.1597940396535905 0.06802793080316272
0.2343620861214205 0.3222911020737359 0.39236313249246 0.05098367931238357
0.48599066709690975 0.06355725441165283 0.09201828743777496 0.35843379105366246
0.12632951943963733 0.7924039161939688 0.04452909280710571 0.03673747155928819
0.015018980742122379 0.4906431849347743 0.4423080455407843 0.05202978878231901
0.332063574366837 0.4774271177597451 0.13061679020678507 0.05989251766663284
0.5463468160203733 0.3324851683914708 0.026560334296805155 0.09460768129135078
0.28571885173414757 0.3077625564624896 0.005628899449241165 0.40088969235412164
0.18401020162746506 0.6233503272573764 0.0855281796403099 0.10711129147484866
0.4201936800011322 0.1918374970438017 0.3065706009325919 0.08139822202247415
0.828845807980693 0.14493773037762958 0.0029756106727371057 0.023240850968940352
0.586833340656083 0.04124285765126745 0.23023763812169196 0.14168616357095765
0.32268099683674645 0.12819293957660272 0.24718331203395383 0.301942751552697
0.3173839459582769 0.0934274039639087 0.01943592089907875 0.5697527291787357
0.4267010093480328 0.2510998820862783 0.11983791252425546 0.20236119604143343
0.2702082620297578 0.5846896806676446 0.048944013128969566 0.09615804417362805
0.7331425252875111 0.037741385214376866 0.03127717350271009 0.19783891599540193
0.06820934841670412 0.011416729281548244 0.3860838008937285 0.5342901214080191
0.18161285133076377 0.38788156141461194 0.3054672322105224 0.12503835504410188
0.2250399578140846 0.08722987988783237 0.15461018506138935 0.5331199772366937
0.1108913007440292 0.38869286993485685 0.41005135427267103 0.09036447504844292
0.20819443840879148 0.4084906287464447 0.2349868077811308 0.14832812506363302
0.10196725942579743 0.37517372762398493 0.14466524469063313 0.3781937682595845
0.519351824366033 0.13478552260471133 0.09739047016449953 0.24847218286475614
0.02233042799180618 0.5161101646027375 0.33448178380556737 0.12707762359988894
0.651304332340991 0.20281111149554765 0.09569054751708783 0.05019400864637347
0.03457121987163425 0.5756695927749954 0.12148778809289729 0.26827139926047305
0.2570692988221467 0.08822816276893486 0.10084877041237572 0.5538537679965427
0.14300582825809938 0.3985535506292739 0.44891240473646743 0.009528216376159304
0.1354279030721699 0.4106429010707817 0.0905335958589456 0.3633955999981028
0.026218567296373285 0.34032452994737106 0.3790940954637517 0.25436280729250393
0.18863680095531088 0.3929406063889803 0.1111003101630631 0.3073222824926457
0.20390622523312185 0.05826685853979008 0.19480224366278087 0.5430246725643072
0.02760601195450363 0.48091022865573596 0.2900880041499706 0.2013957552397898
0.5409518049621886 0.20890650576395475 0.09398211820504543 0.15615957106881118
0.7093872512312951 0.09457364026735171 0.14358804989645302 0.05245105860490018
0.2670720196843658 0.16154680897942075 0.20516793194813132 0.36621323938808215
0.3424541198435198 0.08631465515592274 0.2680317211207359 0.30319950387982153
0.06672499763935646 0.011661902215591491 0.5481092587693458 0.37350384137570625
0.11334192276759048 0.6335965728399346 0.00792298578294226 0.24513851860953262
0.40239251985773583 0.04769422714302529 0.02391717956143291 0.525996073437806
0.010364261335231939 0.026696786618803925 0.08858033318370295 0.8743586188622612
0.0030179566195963625 0.9023840770831817 0.009872286212009418 0.08472568008521253
0.15773006987053328 0.46476583242938785 0.3674592760591525 0.010044821640926349
0.17343017078712286 0.22744356158399803 0.3309266767711744 0.26819959085770473
0.2642974827269007 0.046289769067309305 0.5020233362386187 0.1873894119671713
0.2666387021516352 0.04782830903421442 0.0520896326653848 0.6334433561487656
0.030949006271150714 0.48134368600721067 0.3787262620139775 0.1089810457076611
0.5220512472525107 0.1681766209102371 0.169261452702838 0.14051067913441417
0.009348577966515781 0.30209563616594703 0.3168648233888943 0.37169096247864286
0.2473960366023854 0.6690098164515124 0.01545526358264282 0.06813888336345941
0.22730973628468876 0.0005905536666281908 0.6164296586143962 0.1556700514342868
0.17476587635631158 0.010364521912719082 0.22845601673213067 0.5864135849988387
0.22881367096037586 0.011541953888763001 0.10863197237165001 0.6510124027792111
0.1747201501089225 0.3225299432516088 0.4995033318476787 0.0032465747917900245
0.032426325314457105 0.5619462985165207 0.3071899608383435 0.09843741533067873
0.06537171504222639 0.10261157815738853 0.20745153996824284 0.6245651668321422
0.47688233352119336 0.15573348325680392 0.1348590520850158 0.23252513113698692
0.3530060855418248 0.1043988305476069 0.27268629500067265 0.26990878890989567
0.01088873380347899 0.209345492355677 0.09971861191852238 0.6800471619223216
0.3125013784920495 0.15135640540824613 0.06003835176583605 0.4761038643338683
0.13033578095435427 0.3887465412576352 0.15476668580487818 0.32615099198313235
0.012603767029876312 0.6742044596271155 0.22798046008494244 0.08521131325806575
0.005239837651465851 0.643914359461012 0.2101636089851221 0.1406821939024
0.35242963021640883 0.20810036031964996 0.017969589253141738 0.4215004202107995
0.1950374860087073 0.09456526017817013 0.1381345831491988 0.5722626706639238
0.3535348626679904 0.3797102050584371 0.03403944069533904 0.23271549157823346
0.1989479234270667 0.022448777481134385 0.15568589829913304 0.6229174007926659
0.11092036903424063 0.12078194145155141 0.5680742264115942 0.20022346310261374
0.5538846110514143 0.2809694365803842 0.08247951544983212 0.08266643691836939
0.47803130796528337 0.4454249071534918 0.05258733534897242 0.0239564495322524
0.2026021252196626 0.20159978055548466 0.3251170135859761 0.27068108063887664
0.21073239208332073 0.43316325222834207 0.10503273093417365 0.25107162475416356
0.42556139026154693 0.17156591268510213 0.13447916829485973 0.2683935287584912
0.056141039661915304 0.1361089771602324 0.10783102910320874 0.6999189540746436
0.13216114194293815 0.39853629653320133 0.3739335644601034 0.09536899706375712
0.07618880903232117 0.03187651966491567 0.15348422313575028 0.7384504481670129
0.044845334589088126 0.061738542199712976 0.07057728764961624 0.8228388355615827
0.18960594781829654 0.3614812263686752 0.18899036897209986 0.2599224568409284
0.019775099516344263 0.15677393476073875 0.5826470150400617 0.24080395068285532
0.5589038111609383 0.19984311986139824 0.22857924378608996 0.012673825191573451
0.0037936724093425855 0.5128951105121958 0.3412083216163554 0.1421028954621062
0.6132112115442597 0.15711131378569787 0.01020703154678515 0.21947044312325725
0.23931570743750463 0.4579923118268363 0.07758862746025685 0.2251033532754022
0.2202839877937276 0.06642766181270299 0.5963168589574036 0.11697149143616581
