13 40 4 109.03929999210271 218.07859998420543
7.999321695164381 3.1378709803142106 8.418506793952318 9.691742782386997 9.75341002514404 5.08104322675581 6.481382164851501 7.97973863144362 6.774520102831622 7.498164065652524 1.3153287169129357 3.6860452380026145 1.5266124269386727 8.71354848328479 4.355686250873267 7.118631564202873 3.306519543939671 4.128230936372428 1.0847149307287247 4.225004044344727 9.541847635103894 2.9610910821852 3.8745222974232814 9.259951474005288 1.2871329979590524 1.5857608333826305 6.668460991970407 8.864320989515848 1.0784415907340636 7.719195132945438 8.31557053902361 1.6814570155504005 6.90809801137262 5.583359800751664 5.318950523467448 9.600167304379596 1.0001083021253658 3.222808308927247 7.410094101204251 3.921238448080418
1.5998643390328762 0.6275741960628421 1.6837013587904637 1.9383485564773995 1.950682005028808 1.016208645351162 1.2962764329703003 1.595947726288724 1.3549040205663245 1.4996328131305048 0.26306574338258715 0.7372090476005229 0.30532248538773454 1.742709696656958 0.8711372501746535 1.4237263128405746 0.6613039087879342 0.8256461872744856 0.21694298614574495 0.8450008088689455 1.9083695270207788 0.59221821643704 0.7749044594846562 1.8519902948010576 0.25742659959181047 0.3171521666765261 1.3336921983940813 1.7728641979031696 0.21568831814681272 1.5438390265890876 1.6631141078047222 0.3362914031100801 1.381619602274524 1.1166719601503328 1.0637901046934897 1.9200334608759193 0.20002166042507316 0.6445616617854494 1.4820188202408502 0.7842476896160836
0.2769963563838095 0.1810894608929542 0.4604659308691851 0.08144825185405125
0.37933329148306616 0.30675178770424727 0.0862936804932446 0.22762124031944198
0.13798605275825726 0.10757305256639837 0.6804353741655622 0.07400552050978215
0.2376589218796833 0.31897312955471935 0.2830764589816682 0.16029148958392914
0.14487098904632512 0.34576914801883574 0.4942983206358472 0.015061542298991926
0.2265878768994284 0.2724538070014656 0.41417112308874904 0.08678719301035698
0.13635835175923794 0.45904089359314126 0.36353548663091795 0.04106526801670285
0.12895807457854047 0.07267600053557477 0.23548393753669583 0.5628819873491889
0.10930490807954563 0.7352536247265724 0.12269457575445131 0.03274689143943066
0.08190006001834516 0.5682304579947882 0.31633152326425695 0.03353795872260967
0.2777215297314206 0.41900331412183034 0.14894721062589378 0.15432794552085527
0.2035981361555802 0.4853081634031091 0.06057939587628536 0.2505143045650253
0.12426071024992369 0.13013847479145224 0.02506036860724825 0.7205404463513758
0.5416106282800136 0.07023896104552751 0.1480694912952003 0.24008091937925857
0.013200625564899537 0.1584746721122653 0.6448862300364132 0.18343847228642196
0.14500296285546677 0.41517845546061394 0.003978860545730378 0.4358397211381889
0.07107351246240812 0.3011724999617099 0.5786250202020273 0.04912896737385464
0.27608308497765854 0.11915873328597393 0.3254722123595123 0.27928596937685524
0.304683930305082 0.2767543705082923 0.11281175678517774 0.3057499424014479
0.1223312112911773 0.24774566635811546 0.13661447290982576 0.4933086494408815
0.16956247865888308 0.6748517778288365 0.06571437357382937 0.08987136993845102
0.7140509260335566 0.18622452571700177 0.01302579227631917 0.08669875597312249
0.00984544079968852 0.12255239558238273 0.2018904159985515 0.6657117476193772
0.14059766517175454 0.16325660765928351 0.6317451124508789 0.064400614718083
0.11961014615577858 0.04377234824886744 0.5311567322377033 0.30546077335765065
0.09284603190663265 0.18601751939977818 0.029472478694121174 0.691663969999468
0.2958142574937309 0.5379011235929864 0.08522590951809916 0.08105870939518356
0.15973108250577628 0.05922039602116658 0.25551659256256654 0.5255319289104906
0.14352054836853012 0.07199214878322391 0.6635627965448891 0.12092450630335683
0.08285801012063598 0.08233508652913757 0.44825314875624434 0.3865537545939821
0.23368185982132328 0.49673547273855456 0.19538476011366845 0.0741979073264537
0.27309396011782994 0.02421825944585232 0.47008928555499097 0.23259849488132678
0.1029163661719199 0.4930236996337578 0.23714459946843802 0.16691533472588427
0.32173941183739707 0.17982335945919636 0.3265978256200651 0.17183940308334145
0.01478673530954211 0.01430736115028075 0.8400948267379355 0.1308110768022417
0.18235194340022043 0.1350832700141843 0.04873331944463888 0.6338314671409564
0.056852855598646945 0.06586872064167726 0.3062292034753833 0.5710492202842925
0.04307662809459589 0.17367429957970304 0.3485702622147948 0.43467881011090626
0.48181488624170676 0.24854226541507574 0.1137470182240391 0.1558958301191784
0.04553264565460491 0.19487631067007405 0.6745283085194445 0.08506273515587659
0.2444757021979903 0.008516980623516135 0.4424527697319681 0.30455454744652544
0.0679174967944145 0.48034260060141076 0.05627873123588578 0.39546117136828896
0.09875321920491842 0.05303344337955418 0.5283183530201695 0.3198949843953579
0.07273721088434781 0.3325822818137836 0.16356575985842903 0.4311147474434396
0.19092005866659367 0.5211043155831596 0.16276212748529117 0.12521349826495554
0.10677999399370885 0.2581359668925761 0.5075159014591435 0.12756813765457153
0.23638016015282026 0.21685917307077962 0.11068327585511517 0.43607739092128495
0.17572986321318163 0.16453093963463095 0.42030687391957744 0.23943232323261
0.08825354002927399 0.054772537058297543 0.5263800628930914 0.3305938600193371
0.1942974852130065 0.07508721006685715 0.2773925500647969 0.45322275465533945
0.2242124706247811 0.009413991223185758 0.7294716158549618 0.03690192229707134
0.06759889360357696 0.08589574337479577 0.026584758439642697 0.8199206045819846
0.03382173104378916 0.19098554286500724 0.44404743251248 0.3311452935787236
0.22601441426661684 0.14793067530957915 0.538310994742423 0.08774391568138096
0.07972011775621979 0.7495975767651017 0.008831337699678365 0.1618509677790001
0.09851907591702669 0.25126313768400477 0.3602836764620323 0.28993410993693625
0.6218453689509784 0.12620596317520905 0.010425973472016237 0.2415226944017963
0.04180861912122957 0.11953020433396211 0.06516449985795292 0.7734966766868554
0.05286620198352476 0.0833671791384265 0.04349474751029647 0.8202718713677523
0.1306641990394306 0.15085463782899622 0.22301007610644363 0.49547108702512954
0.3921985467480693 0.4089805216724315 0.028398408666034713 0.1704225229134645
0.09936765398837333 0.4642025178806847 0.014409174296708405 0.4220206538342336
0.180203757609243 0.5124325001320744 0.30160310505527477 0.0057606372034078035
0.20290489288829328 0.4107496410099084 0.05559287674124558 0.33075258936055274
0.3921906629129217 0.06652264281302289 0.4862537274080748 0.05503296686598058
0.2046000739957785 0.5910094964156424 0.07340960773064586 0.13098082185793325
0.07142513371862946 0.09469466293866091 0.5156737565517442 0.31820644679096544
0.36022941976910705 0.3515509866136426 0.2561353529135999 0.03208424070365046
0.6689037930967858 0.12398418783337828 0.1630620497577584 0.0440499693120775
0.25198515520957565 0.22808666082979068 0.1609582686107529 0.35896991534988076
0.7373998988360687 0.02710287836059766 0.19419790420596372 0.041299318597369905
0.16353307883213053 0.11782486341731113 0.404429656760421 0.31421240099013736
0.18164138015089026 0.1416152963338132 0.16612488413233173 0.5106184393829648
0.29775374029236545 0.3975599793264324 0.17532744724338267 0.12935883313781948
0.15148091402584818 0.49169937492272997 0.20735716729222298 0.14946254375919887
0.08165793637092456 0.2002637858623183 0.6220519970583457 0.09602628070841146
0.06325138074870928 0.7191253985707158 0.18418267227978413 0.033440548400790804
0.822241809901137 0.06592918009568105 0.05990196163047534 0.051927048372706563
0.2514120803260531 0.08954397740397946 0.6141676838963307 0.044876258373636735
0.5096042161455406 0.2817075455674677 0.10865699964580455 0.10003123864118713
