30 90 4 245.3148233088977 490.62964661779534
6.797291824615015 4.426736406716049 6.967431148021017 2.47285653492478 9.663470323068868 4.119956563417891 9.925758930642468 3.1155210604508103 6.271248416694919 4.6602109146268065 2.2261088981714225 5.897226588743618 5.6635871214326095 7.901695956686549 9.404651289867218 1.8073304450733474 2.7619413109302253 9.947743158676253 3.1166244785529003 3.1508773474838594 6.661898477444818 7.614573189788255 7.195099447604834 1.2801767357586447 9.122624589236816 3.5779179512111883 6.000513074254986 4.387782200765889 1.2396192829580293 5.447342093924842 8.512435841440732 4.302885970092274 5.638439010168173 5.251412128827519 4.475368796111626 7.6972330399626605 4.017178716995845 6.358944593809258 3.8452004371742854 4.116253815353308 3.2034862761137477 7.281551484838009 2.908727482522731 3.405638514938135 4.365046708457751 6.157796561046409 9.256222708469213 8.370783430794242 2.468628031235066 1.2173929286938487 8.061882644465545 3.3837164106147877 4.054303507162083 8.329326265995698 8.267092442740468 5.442054731190421 8.607811994952142 4.286709859510214 1.4304780923628762 3.377312077575117 5.174804441066847 7.240195535473637 3.8209307806077297 5.162831096669409 8.377188874172495 7.160419225897101 3.9163044142509653 6.1913079923462915 6.693849854122379 6.368155008098869 2.240441915075375 6.562009214455586 5.441173237184461 2.2925091230075347 1.277397021355266 9.452401550046003 3.3115394372170064 1.5142114270812426 4.48937402013949 4.213870727647632 9.877457286866438 9.456315735341796 6.24497701212663 9.937928203987816 9.90923050487167 8.785507367102564 2.4554640564275996 4.316412164332538 3.7605399386776703 4.067769186785948
1.359458364923003 0.8853472813432098 1.3934862296042034 0.49457130698495605 1.9326940646137736 0.8239913126835783 1.9851517861284935 0.6231042120901621 1.2542496833389838 0.9320421829253613 0.4452217796342845 1.1794453177487236 1.132717424286522 1.5803391913373097 1.8809302579734435 0.3614660890146695 0.5523882621860451 1.9895486317352507 0.62332489571058 0.6301754694967718 1.3323796954889635 1.522914637957651 1.4390198895209667 0.25603534715172893 1.8245249178473633 0.7155835902422376 1.2001026148509972 0.8775564401531778 0.24792385659160585 1.0894684187849684 1.7024871682881464 0.8605771940184548 1.1276878020336345 1.0502824257655037 0.8950737592223252 1.5394466079925322 0.803435743399169 1.2717889187618516 0.7690400874348571 0.8232507630706616 0.6406972552227496 1.4563102969676018 0.5817454965045462 0.681127702987627 0.8730093416915501 1.2315593122092818 1.8512445416938426 1.6741566861588484 0.49372560624701317 0.24347858573876974 1.612376528893109 0.6767432821229575 0.8108607014324166 1.6658652531991396 1.6534184885480936 1.0884109462380842 1.7215623989904283 0.8573419719020429 0.28609561847257525 0.6754624155150234 1.0349608882133694 1.4480391070947274 0.764186156121546 1.0325662193338818 1.6754377748344988 1.4320838451794202 0.783260882850193 1.2382615984692582 1.3387699708244758 1.2736310016197738 0.44808838301507503 1.3124018428911173 1.0882346474368922 0.45850182460150696 0.2554794042710532 1.8904803100092007 0.6623078874434013 0.3028422854162485 0.897874804027898 0.8427741455295263 1.9754914573732876 1.8912631470683592 1.248995402425326 1.9875856407975632 1.9818461009743342 1.7571014734205128 0.4910928112855199 0.8632824328665076 0.7521079877355341 0.8135538373571896
0.025844836873522903 0.024809166040942965 0.23982374473890467 0.7095222523466295
0.07160379461879807 0.04548371720579136 0.7952939845797409 0.0876185035956697
0.15160629830825234 0.16403620519184559 0.0943180709399678 0.5900394255599343
0.015456051150818495 0.08119344435047438 0.12001881926650837 0.7833316852321988
0.2967776353328905 0.3830080980081296 0.27712704474055116 0.04308722191842873
0.14577254819859586 0.025118675083836473 0.732155088055756 0.09695368866181164
0.2863958303231542 0.3048856978558132 0.3973770128546519 0.011341458966380724
0.20648364149092824 0.22232457496401248 0.4406113369050928 0.13058044663996649
0.2939110734492527 0.07442365050900246 0.4210758764413086 0.2105893996004362
0.05043075239597339 0.646550732210022 0.025589948683350516 0.2774285667106541
0.043944343559712884 0.8055338227634992 0.010277183054620331 0.14024465062216762
0.17419507532441425 0.22599703195834175 0.09446681247384847 0.5053410802433955
0.18058988238275897 0.0864220138100823 0.5726908203790926 0.16029728342806615
0.5378108117386575 0.1578624782943887 0.17351133840232802 0.13081537156462575
0.19520152534907897 0.0019052877841220228 0.3515057544739961 0.4513874323928029
0.17407204806712828 0.6114912629666461 0.05981837847718652 0.15461831048903907
0.27808553632662203 0.04318656348942107 0.6517048095084569 0.027023090675500017
0.3373039792603426 0.03818531583944007 0.24574218145906657 0.37876852344115075
0.4289059471044482 0.26359606709421124 0.16940587258444761 0.13809211321689296
0.6439524238978356 0.006071360131659653 0.31505369195867794 0.03492252401182683
0.24554984243354894 0.0877251993840813 0.396181082348103 0.27054387583426676
0.37521035127296276 0.0746575709636963 0.39290542249891525 0.1572266552644257
0.2894864355051986 0.3954607473916639 0.16634435759270794 0.14870845951042955
0.11273641347072239 0.09212411347425997 0.7740172652900283 0.021122207764989298
0.3926931406676183 0.11094940688276844 0.07906881394855991 0.41728863850105335
0.4617039357137769 0.2614009325375629 0.09270036453829633 0.18419476721036387
0.45708606951825637 0.06049074953208555 0.133463182581661 0.34895999836799707
0.20083476895972585 0.15787335976039008 0.011466374233746968 0.6298254970461371
0.6089529658169998 0.03440860859520556 0.05469300291861068 0.301945422669184
0.2655983362319444 0.06615370681622823 0.4048952216276873 0.26335273532414005
0.08873803419263016 0.04941788330757746 0.7596549029603118 0.10218917953948059
0.045481568465384314 0.40895862245010783 0.1509308043272588 0.39462900475724905
0.18873588261142438 0.060760785191467104 0.4431304984872457 0.3073728337098628
0.5051374471007245 0.1411748455042211 0.2598142894618185 0.09387341793323589
0.01925511671485103 0.296961468947329 0.18339262823938762 0.5003907860984323
0.1311962092341592 0.1292141760077049 0.28226308791068855 0.45732652684744735
0.16019687452048825 0.043596539813859025 0.3909648105876594 0.4052417750779933
0.4777897521353772 0.4564871929479891 0.03451380266199844 0.031209252254635222
0.38103122674403056 0.14629148143840232 0.134265186546218 0.33841210527134913
0.29676873430731276 0.16797340740169098 0.5342000002524738 0.00105785803852243
0.27721521233652735 0.43085225379742653 0.08242166286522645 0.20951087100081967
0.06544602028998625 0.1482355723806743 0.7388234233788075 0.04749498395053198
0.5627553803778818 0.31799203312981783 0.09532298603627554 0.02392960045602488
0.34834840341597584 0.36931053875190245 0.1949015268610399 0.08743953097108181
0.6828085496193502 0.13048154440314597 0.1577148230005172 0.028995082976986608
0.08258573476868769 0.1929838643106283 0.06903124453804443 0.6553991563826396
0.2508491257873098 0.6907013209857475 0.0538425399614324 0.004607013265510274
0.2927425457625511 0.2073813924093738 0.3299204032116333 0.1699556586164418
0.3247079710938833 0.39125852395312777 0.2700730859166267 0.013960419036362248
0.6001173401093163 0.11195124565541392 0.13355465968099245 0.15437675455427735
0.2613763366468642 0.4756233117175437 0.18545355343460457 0.07754679820098753
0.04920975633489988 0.8758980933782321 0.00412619640180345 0.07076595388506457
0.32222295235194676 0.15324734512757066 0.5163817500198656 0.00814795250061695
0.688316959743038 0.03832296929217638 0.17776299123773043 0.09559707972705522
0.31521503084409075 0.19026305503019703 0.19861206786932128 0.29590984625639094
0.645120698546058 0.3155057197221234 0.028768821955370782 0.010604759776447814
0.1610098362434006 0.09355230296870964 0.6611127848497115 0.08432507593817828
0.2248483940902991 0.29318762823153843 0.22954535847533886 0.2524186192028236
0.46874535085467284 0.20520170719986008 0.20981408611102537 0.11623885583444171
0.01228220897313581 0.5281742581874397 0.12331913665223992 0.3362243961871846
0.1429872179860041 0.7597336441493172 0.05767203263095 0.03960710523372868
0.0818117715100165 0.0949485475046915 0.3029073787245389 0.5203323022607531
0.06302219167848677 0.36604927044860214 0.2917270038588481 0.279201534014063
0.29083106102924083 0.05724936185623408 0.2513500155947843 0.40056956151974077
0.046467746256692366 0.5356859470922877 0.05521670739929263 0.36262959925172733
0.14866802125292078 0.09783530571515864 0.0910762570038981 0.6624204160280225
0.9315990201849987 0.004765052354509747 0.024061871028852377 0.03957405643163914
0.3017669637670518 0.20534729074340485 0.4108063403015497 0.08207940518799361
0.09126276333929007 0.30171432539324927 0.18466325405046646 0.4223596572169942
0.095239436796698 0.0944868380715721 0.17074246656810566 0.6395312585636242
0.22184708082559768 0.3309178669955346 0.38887851137378204 0.05835654080508568
0.1168260089148001 0.17819883308318407 0.22796174813631453 0.4770134098657013
0.2893121344613798 0.34403419575342187 0.04399301006293266 0.32266065972226565
0.27659465247717807 0.20732577909785055 0.4997742360214942 0.016305332403477202
0.039728862673249266 0.2268809320515367 0.7278225775482354 0.005567627726978608
0.040435327612929006 0.06518882545727 0.42163573456564074 0.47274011236416025
0.031001413577894654 0.31423305642567967 0.27616292643624807 0.3786026035601776
0.10759412860364903 0.3585137237760876 0.1460904929221405 0.3878016546981229
0.38716863705192983 0.06195073172146304 0.23225400131304952 0.3186266299135576
0.1656287061222449 0.3596415432796338 0.3714791889140652 0.10325056168405611
0.04996795574545154 0.26939575302602325 0.1059051224447235 0.5747311687838017
0.36396781300958736 0.45783156943293235 0.026568640099319363 0.15163197745816093
0.1259045844219303 0.3131166334030294 0.10814050897454841 0.45283827320049186
0.4422696204938319 0.21356134082873734 0.07056556593849617 0.2736034727389346
0.16642899673039846 0.4784012833107075 0.3420879329156138 0.013081787043280224
0.16761374457164857 0.30338220290862516 0.3752934082122339 0.15371064430749237
0.6436332925141953 0.125849993051091 0.1147545616603518 0.11576215277436186
0.057021735771372595 0.5985392263569639 0.2859733776662503 0.05846566020541322
0.419214878465759 0.05035461454360468 0.34066210167608446 0.18976840531455186
0.7135842944955014 0.05876717478930982 0.1649387130323342 0.06270981768285455
0.5316390522364949 0.10622502055883809 0.2973202379362141 0.06481568926845294
0.19351250766628814 0.11719990669614755 0.3807820242799882 0.3085055613575761
0.13435027437450497 0.3775930849065928 0.2950867524635332 0.19296988825536898
0.37901324152236826 0.0631733544544043 0.3847157637929428 0.17309764023028462
0.26942989118265326 0.350056557517083 0.3639058088062469 0.016607742494016864
0.04905917212119215 0.0525824064554925 0.29763290531462616 0.6007255161086892
0.34675085470817635 0.33059716528407024 0.02782378883486525 0.29482819117288817
0.7803478367384922 0.0397444927097641 0.03142475998754968 0.14848291056419405
0.22912990202758132 0.4089983922393211 0.26212789715420093 0.09974380857889664
0.031066724263415058 0.24472434790604836 0.49653659016805274 0.22767233766248385
0.24473725573165206 0.5344556185192353 0.1717803898336493 0.04902673591546336
0.2537116326210229 0.29575894926087976 0.3800573983544957 0.07047201976360162
0.2758065539982788 0.5134069893167231 0.08571279932349174 0.12507365736150633
0.3045112636953058 0.3702011625868903 0.19206799768408778 0.13321957603371615
0.5510805727250121 0.1617915791599227 0.07713934872423711 0.2099884993908281
0.2905840977853211 0.5625057546113349 0.002426981130826733 0.14448316647251724
0.06037287491829957 0.24921533613829927 0.4605910336688598 0.22982075527454138
0.023491251065060226 0.01278107572950793 0.6122240126787319 0.3515036605266999
0.047706208496565594 0.4750455997341475 0.47465915403141756 0.0025890377378693374
0.13705238465905678 0.30348679445685167 0.10248856174592835 0.4569722591381632
0.02778913215990464 0.037211840182103995 0.06667556340899161 0.8683234642489998
0.09672584836407216 0.2688510459857282 0.21212961221546578 0.4222934934347339
0.379525930770802 0.12593375100601767 0.2556380545920771 0.23890226363110323
0.0752792120967416 0.6267417275849472 0.28242704983886235 0.015552010479448874
0.01727272531182844 0.035303463567645355 0.36221576771103214 0.5852080434094941
0.12238303294629305 0.5266158307629666 0.28813426136828146 0.0628668749224589
0.1933226798911324 0.2464630932865367 0.18438517545948196 0.37582905136284894
0.12393211115936964 0.2674988732468466 0.5369667762210844 0.07160223937269938
0.12024253194369527 0.6008751585737395 0.10361559551211197 0.17526671397045324
0.16657217770061472 0.3759398852750554 0.44062187766714556 0.016866059357184326
0.04010323433090479 0.6355467396597858 0.005930071988316632 0.31841995402099277
0.042693284778339335 0.7768501277827861 0.16787990205303704 0.01257668538583756
0.33559454577637005 0.4077448941133761 0.09435391502728185 0.162306645082972
0.1063561641668227 0.059672971054131274 0.5513732451179723 0.2825976196610738
0.18031423096230903 0.08851836253319534 0.2126944990747116 0.518472907429784
0.16986923199210513 0.032595049616610194 0.5146883928666438 0.28284732552464087
0.003640463270014549 0.548755471652219 0.11855054130146858 0.3290535237762978
0.053806389706302915 0.6387494699435862 0.08443110735265524 0.22301303299745567
0.0331037332842421 0.11127862286053325 0.42758341402696354 0.4280342298282611
0.35158949487996405 0.29451198394014366 0.1863231663544337 0.1675753548254586
0.04198408828964706 0.3530914105759181 0.4087757565443978 0.19614874459003706
0.007862106452541595 0.04375846599879518 0.03471124400370729 0.9136681835449559
0.010315084145431253 0.4986745618985793 0.20348201505202745 0.287528338903962
0.11818482298458877 0.45415327648001436 0.14400405578423903 0.28365784475115785
0.5729097753625723 0.20400492934405756 0.013890034694011955 0.20919526059935822
0.20701305502663914 0.4527738680956981 0.004666716761259293 0.3355463601164035
0.13991477151371756 0.08581214731658504 0.45016721036543295 0.32410587080426445
0.11716666648784235 0.62907795332788 0.07235869487630464 0.18139668530797304
0.052305186394099645 0.07231655771268708 0.3904796544198311 0.48489860147338215
0.05908375703668933 0.3896435536141605 0.5335961953582903 0.01767649399085991
0.08384577446107366 0.4381668778180857 0.077820352346048 0.4001669953747926
0.029214231081925 0.3131277020325609 0.15468343290820497 0.5029746339773091
0.05785964440030311 0.05602048664655623 0.17032111892154134 0.7157987500315993
0.09041975662214607 0.3758317281157152 0.5061529147794204 0.027595600482718363
0.23392680861448523 0.18160489887714792 0.08091501146385882 0.503553281044508
0.1974370303809594 0.27935428443926613 0.20853507039264663 0.31467361478712785
0.12367145517613698 0.3665527132834754 0.03521468850990184 0.4745611430304858
0.051619221872775345 0.6172620292290512 0.05512583915761149 0.275992909740562
0.43735545235391526 0.31902434459859763 0.09334513372077846 0.15027506932670864
0.04928589835030617 0.10924487665919125 0.6789057114009616 0.16256351358954102
0.15939497323300122 0.09783696933955033 0.6806786806060159 0.06208937682143256
0.3007089309786517 0.09716626210059165 0.010667075265458958 0.5914577316552977
0.057609634749722805 0.21769828184223983 0.6658552143456921 0.05883686906234531
0.23094136238843166 0.12412033564771452 0.12939521726550562 0.5155430846983482
0.0032277049554489956 0.4484007568493128 0.4388275371454139 0.10954400104982431
0.016538017303562746 0.22470544428297168 0.30189712551472936 0.4568594128987362
0.12854730794596136 0.08984424799232593 0.7761529781091057 0.0054554659526070415
0.2803637454777367 0.40507582052967217 0.05925307161943494 0.2553073623731562
0.13882931954949773 0.025493293221279245 0.06040303986555229 0.7752743473636707
0.1700877206365069 0.24979481651421376 0.11646124240030187 0.4636562204489775
0.24268802408591428 0.2187109308820251 0.3550067624423272 0.18359428258973343
0.6391464971040576 0.20477744570989587 0.12957346355087695 0.026502593635169602
0.08445127245165773 0.07138083890155711 0.03126783262073707 0.8129000560260481
0.1732961550631723 0.2038314683165403 0.01833744732835696 0.6045349292919304
0.2866533781098539 0.010225201115808158 0.19847220646953057 0.5046492143048074
0.22746210045949344 0.0574466863157892 0.6181954549655327 0.09689575825918462
0.1359970876241342 0.1974037811237228 0.4799242414733259 0.18667488977881708
0.27949009635396516 0.520434920210654 0.01693270202176478 0.1831422814136161
0.4537004222056049 0.01644437799179821 0.12622570533157185 0.40362949447102503
0.5115356751657012 0.0016755427073997797 0.263082695077572 0.22370608704932704
0.10919787862719887 0.16831267171911224 0.4069684469997822 0.3155210026539067
0.29142138378500726 0.0030219458124048915 0.3691866247419736 0.33637004566061424
0.443412845929811 0.09538234350628716 0.12338598248089527 0.33781882808300656
0.2760542092960008 0.07715711424333538 0.35740548030823704 0.2893831961524268
0.17284627917429307 0.025119594734779982 0.6868993813492943 0.11513474474163266
0.07946134309659814 0.07356248534037235 0.16071613221711123 0.6862600393459183
0.23732392085738874 0.27082187283360937 0.3258951536619099 0.165959052647092
0.37466973140529114 0.12380356930282421 0.045018538427624044 0.4565081608642606
0.5696931141131747 0.3382498711835894 0.02019502526493422 0.07186198943830169
0.1010664457084598 0.5651432068470102 0.060244986587553284 0.27354536085697667
