35 10 4 25.10720678149638 50.21441356299275
5.122494534016814 3.775146462684205 3.0833834053200606 3.4968209658051332 8.355113307124029 2.0021197248324833 6.637935060588272 3.4910909797286287 7.139572067696458 7.110737055196687
1.024498906803363 0.755029292536841 0.6166766810640121 0.6993641931610266 1.6710226614248058 0.4004239449664967 1.3275870121176543 0.6982181959457258 1.4279144135392916 1.4221474110393373
0.3036373012725162 0.4930801173152266 0.11588085582262564 0.08740172558963155
0.14790390832973144 0.03797759459139749 0.5642027284508363 0.24991576862803477
0.3382257701939704 0.05603254837949878 0.37326953948754915 0.2324721419389817
0.5335943207155707 0.2907368750074001 0.05728743117069346 0.11838137310633579
0.4029578863451557 0.4669627689805754 0.1087418164440076 0.02133752823026125
0.11976084216652405 0.12559971057652464 0.3976734060448942 0.3569660412120571
0.3553878928890487 0.2763990721858276 0.17024836795606657 0.19796466696905712
0.31165886983653135 0.1819712691894949 0.15948161332793354 0.3468882476460402
0.1549182335015491 0.3575846563604771 0.24015973801739277 0.24733737212058104
0.11548316767295841 0.021457602923394825 0.3031910847654994 0.5598681446381474
0.04580216252273306 0.1680138238143336 0.775247637113272 0.010936376549661286
0.222386045114342 0.2934042299971181 0.47293456029970127 0.011275164588838593
0.011037221290141064 0.05884290408206816 0.804842005083949 0.1252778695438418
0.08441274952858868 0.08963353528407592 0.33053491019769143 0.49541880498964397
0.24887690008033958 0.3702878651244643 0.21296177888165047 0.16787345591354563
0.30045065897070167 0.04264604654410642 0.2029269778231395 0.4539763166620524
0.23541176494649163 0.368301097019366 0.22783905959097417 0.16844807844316823
0.12014239391120318 0.5587070310530042 0.2542017315830831 0.06694884345270946
0.46160397369159023 0.3045079933023217 0.1849943650107707 0.04889366799531736
0.1421508618143038 0.8070347951486669 0.04108876934011385 0.009725573696915402
