14 30 4 82.37478299270438 164.74956598540876
5.6254900939542125 7.958485468713671 8.833849171523314 1.0724225367683613 3.787623329546837 9.618433654293018 5.6180504104109845 3.8645598238488876 5.852799436830833 2.991294481849839 8.25833222131843 4.080291630532159 5.849999641604302 1.0528640699595249 7.058372303624728 2.8902183596086433 9.393018335908407 4.368202745333429 7.771770298773518 7.8682510166096975 8.83449509744575 1.991000604309415 3.7008278235440546 5.274151893554217 7.056430472499272 3.3183318962855597 7.310361877520387 6.913000534368361 2.638069819407048 3.898566935461907
1.1250980187908426 1.5916970937427342 1.7667698343046627 0.21448450735367225 0.7575246659093674 1.9236867308586034 1.1236100820821968 0.7729119647697775 1.1705598873661667 0.5982588963699678 1.651666444263686 0.8160583261064318 1.1699999283208604 0.21057281399190497 1.4116744607249456 0.5780436719217287 1.8786036671816813 0.8736405490666858 1.5543540597547036 1.5736502033219395 1.7668990194891498 0.398200120861883 0.7401655647088109 1.0548303787108435 1.4112860944998544 0.6636663792571119 1.4620723755040774 1.3826001068736722 0.5276139638814097 0.7797133870923814
0.7314811265727285 0.015082993567679726 0.14097333678042012 0.1124625430791717
0.3516264720993826 0.0562893413522787 0.044221485306730535 0.5478627012416082
0.28790485661731413 0.028014147734651607 0.04151635889979988 0.6425646367482344
0.1324776129505617 0.04292502971498202 0.5598654683184295 0.26473188901602673
0.11005315861088283 0.3460686566124799 0.5395661293201667 0.00431205545647062
0.12034724351170079 0.02982539068433232 0.47077090712626635 0.37905645867770055
0.27878582976294164 0.17139272705108377 0.28348352402420907 0.2663379191617655
0.4175776484229303 0.0905104900376581 0.13051978976690748 0.3613920717725041
0.0830692156172197 0.14544834704754916 0.7360117155552383 0.035470721779992886
0.09261083478602605 0.3416071266934574 0.2962622793739753 0.26951975914654125
0.43915701403233653 0.22316105974825984 0.2726888945202436 0.06499303169916004
0.23695196706301513 0.3917386517390886 0.02289544127067844 0.3484139399272178
0.0826652146717024 0.0804698356294401 0.12636125349073246 0.710503696208125
0.007062522868663268 0.29508238893951566 0.551669982197518 0.14618510599430312
0.26761772236847525 0.4726977455011854 0.16492541112398562 0.09475912100635375
0.07624613540160274 0.12826486307717555 0.6838073871028402 0.11168161441838154
0.13308405138174717 0.24672412477532324 0.03239074560405908 0.5878010782388705
0.1301536970709083 0.02227292023846017 0.7934113544293705 0.05416202826126104
0.19569040002525562 0.2328784244699107 0.19210038070402569 0.379330794800808
0.4015942087704071 0.09355369905687316 0.10894158767729345 0.3959105044954263
0.21708887349205896 0.5187165636343821 0.24624492043166712 0.01794964244189179
0.44090703676897136 0.2200571352661751 0.29772079720863664 0.0413150307562169
0.4939436141326402 0.11355054407973575 0.1970428168962276 0.19546302489139644
0.5205341493580471 0.050939304153199694 0.20116791562168246 0.22735863086707075
0.2655824352378039 0.177488692720692 0.19620400959251494 0.36072486244898916
0.474086027042263 0.09323235279214848 0.38608354551670077 0.046598074648887766
0.2253937767754437 0.20880388405168848 0.13733852043720884 0.428463818735659
0.1468667460901354 0.2490492495979436 0.016060445638375498 0.5880235586735455
0.037295544350340215 0.1849846909080266 0.5777534037529094 0.19996636098872378
0.014509495003620976 0.6682058081080299 0.011678797494267257 0.3056058993940819
0.0623500489834764 0.020999112066280357 0.6591621939437871 0.2574886450064562
0.18987854312792152 0.5249331232973383 0.2765713324732213 0.008617001101518862
0.05161855399507598 0.41017731742072994 0.537008740149175 0.0011953884350190958
0.2086811922474796 0.003740183655587148 0.7312575748422929 0.05632104925464032
0.2466458319173127 0.2556744063476928 0.2321699906808763 0.2655097710541182
0.1530255220213963 0.3852490239636176 0.08279568070379995 0.37892977331118616
0.07357155006150706 0.09172222451949974 0.26377857262570203 0.5709276527932912
0.21402570433952184 0.25278847625977696 0.11243697198221547 0.4207488474184857
0.03572971978146555 0.03893022677631586 0.49561296149346246 0.42972709194875613
0.5026299236106216 0.021319430748717005 0.024067052345128626 0.4519835932955327
0.35413027207608405 0.4213856044565476 0.2195344264243032 0.004949697043065138
0.09799092114564267 0.2947328258744738 0.5758922613312363 0.03138399164864725
0.16399808241071 0.11396561036044406 0.5455871076893296 0.17644919953951632
0.4741303614194492 0.27462523623758406 0.1769468347896367 0.07429756755333006
0.389271280785603 0.2613659419966875 0.08020494386014043 0.26915783335756904
0.20627827017716915 0.14065309719474028 0.06577372757329425 0.5872949050547963
0.4768780040083739 0.2784065042198691 0.09953661058841279 0.1451788811833442
0.27219737646072817 0.20215815022118377 0.07779150849131533 0.4478529648267727
0.516589293988249 0.33243729609980377 0.10906036145145859 0.0419130484604886
0.0796724169393287 0.1991439576462557 0.19525561092300914 0.5259280144914065
0.2055806154418085 0.08787568758161224 0.1594673975052333 0.547076299471346
0.40996198940723616 0.4861445703185975 0.037874778627922434 0.06601866164624393
0.06326907301116036 0.1921259394039183 0.2190802900885691 0.5255246974963522
0.09147924548450193 0.4336327826709109 0.07254037833061477 0.4023475935139724
0.3109784917360907 0.06586835394578683 0.16352004640847295 0.4596331079096495
0.41287517029972487 0.18380384529464322 0.39882052293472325 0.0045004614709086566
0.4543218475802414 0.2337343341133704 0.07250143154719046 0.2394423867591977
0.0684440013800035 0.1489790267098705 0.03728184674807822 0.7452951251620478
0.0687282530801484 0.13056602786532612 0.0653616705905985 0.735344048463927
0.09187012885513157 0.0064791544385019995 0.2868942326742612 0.6147564840321053
