30 10 4 29.21024106158931 58.420482123178616
6.797291824615015 4.426736406716049 6.967431148021017 2.47285653492478 9.663470323068868 4.119956563417891 9.925758930642468 3.1155210604508103 6.271248416694919 4.6602109146268065
1.359458364923003 0.8853472813432098 1.3934862296042034 0.49457130698495605 1.9326940646137736 0.8239913126835783 1.9851517861284935 0.6231042120901621 1.2542496833389838 0.9320421829253613
0.13623432201904695 0.3819420248067985 0.4156737964927343 0.06614985668142026
0.19577125677002505 0.039409240846963844 0.3939193332102131 0.370900169172798
0.5556125638061096 0.13273181926109423 0.2141694601813312 0.09748615675146499
0.026624364773114362 0.48875774746779377 0.31933298125250653 0.16528490650658534
0.3161333819082539 0.0191086977579511 0.050910008790642336 0.6138479115431527
0.21208083139141454 0.03275097706566854 0.1290622702604448 0.6261059212824721
0.16318089235945177 0.6214727348033866 0.132704451555963 0.08264192128119863
0.33936705635134257 0.46808765950870945 0.03785772802351928 0.1546875561164287
0.047830899151430684 0.2656058542494282 0.1504304067176797 0.5361328398814614
0.3240338238056628 0.3086161599857127 0.18703766889445728 0.18031234731416723
0.08970338278592749 0.4544329048522523 0.2227188186603256 0.2331448937014946
0.23898637194265104 0.49596620470048847 0.25924110765422204 0.005806315702638454
0.031130748417627196 0.25530457949472707 0.08998491661718888 0.6235797554704569
0.36698733001025263 0.10539179541502719 0.021769996121924873 0.5058508784527953
0.3462504239281453 0.2491878642728833 0.148698716239267 0.2558629955597044
0.26729316832645944 0.3057953384564749 0.1248616581990667 0.302049835017999
0.024154769854872082 0.24070260910232655 0.5541185577977172 0.18102406324508413
0.3651899843900238 0.1283716524089118 0.32080794831169757 0.18563041488936682
0.2641457863972352 0.198391002121588 0.23081827097824759 0.30664494050292923
0.5768119991495879 0.019649668416953037 0.0880293575331369 0.31550897490032215
