80 50 4 137.27252040542723 274.5450408108544
5.697241448502293 7.294657303131976 3.4288207396565524 7.070336872200931 9.172648749819833 7.166351837434666 2.9048800959376972 3.855394667135624 3.405694644666593 2.0845568682415534 9.971712066714217 1.7239572043461462 3.5613977472096745 5.817251792705351 8.612218969814787 2.8011172246711293 8.30839196017254 4.356431118845587 8.286771169050262 1.1079573649876395 7.012624713192254 3.614717765444226 3.9044782481167575 4.759389234347514 5.3775639710032905 9.484106679650308 7.589329516202727 9.780555016602431 6.209489377418542 5.633927999497578 5.005533916463483 8.7915612406368 6.5930020300121 5.763909822556199 1.5986519317697312 5.282802808842224 3.1117214334582486 5.764473397775272 1.9219603072103988 2.357746517215772 9.536515834002842 9.768645280607117 1.6910845311199214 8.391739308803617 1.8231119913404972 7.433404213969075 6.392899744702151 2.5466488232682614 7.434520572440215 3.341134737939869
1.1394482897004585 1.4589314606263952 0.6857641479313105 1.4140673744401862 1.8345297499639668 1.4332703674869332 0.5809760191875395 0.7710789334271249 0.6811389289333186 0.41691137364831066 1.9943424133428433 0.34479144086922925 0.712279549441935 1.1634503585410703 1.7224437939629573 0.5602234449342258 1.6616783920345077 0.8712862237691175 1.6573542338100524 0.2215914729975279 1.402524942638451 0.7229435530888452 0.7808956496233515 0.9518778468695028 1.0755127942006582 1.8968213359300616 1.5178659032405455 1.9561110033204863 1.2418978754837084 1.1267855998995155 1.0011067832926965 1.7583122481273599 1.31860040600242 1.1527819645112398 0.31973038635394624 1.0565605617684448 0.6223442866916498 1.1528946795550543 0.38439206144207977 0.47154930344315443 1.9073031668005682 1.9537290561214236 0.33821690622398426 1.6783478617607233 0.36462239826809945 1.486680842793815 1.2785799489404304 0.5093297646536523 1.486904114488043 0.6682269475879739
0.7378533205495407 0.14480223933294467 0.028966080297347374 0.08837835982016728
0.8263997937864322 0.12555160070680949 0.017842783528183803 0.030205821978574465
0.005383539245101487 0.6488499045310977 0.2617343355138869 0.0840322207099139
0.015691041386025284 0.6816807811979391 0.02691048533238183 0.2757176920836538
0.4471730587080509 0.10831399892652349 0.03449598387805519 0.4100169584873704
0.3046826228584405 0.1614109007595359 0.4074673767427537 0.12643909963926991
0.22647320825294603 0.056834387048577684 0.08482810790348716 0.6318642967949891
0.40899617937290333 0.3500419516812655 0.0633104631197311 0.17765140582610006
0.3254232308112296 0.434561486174424 0.0515029485795937 0.18851233443475268
0.08545856617175385 0.00411868812083338 0.7417183231782033 0.16870442252920947
0.3462534108582681 0.11020417970620255 0.42079670337048525 0.12274570606504409
0.22131609878537672 0.0070594409565808425 0.5245370944710803 0.2470873657869621
0.14066560206830547 0.06023090970755707 0.1928257237092772 0.6062777645148603
0.2869154096232418 0.6532770008113415 0.04001431745063233 0.01979327211478432
0.07839058241845209 0.49218262040038663 0.04668859887647958 0.3827381983046817
0.6072612225140316 0.1306600651769232 0.12156422643207243 0.1405144858769728
0.45298586504579974 0.07897800605214611 0.17045790137472416 0.29757822752733
0.703987293430583 0.07193962837573897 0.1996778151732601 0.024395263020417945
0.1675900197589575 0.009293211107743615 0.7735817844452215 0.04953498468807738
0.11844977066355078 0.5087649748926376 0.02457566091408514 0.34820959352972647
0.0008253982792368886 0.19087881853530186 0.30058620219601273 0.5077095809894485
0.47177283790391644 0.09931749911268684 0.10271413208205626 0.32619553090134046
0.594498904521604 0.008169632055580744 0.04340768768804171 0.3539237757347735
0.4135769173166236 0.14779721889723907 0.3907495657667771 0.04787629801936022
0.39742549606303945 0.43749403044075563 0.050964360605175285 0.11411611289102963
0.1863987067253987 0.37150232249383486 0.04045282766112068 0.40164614311964575
0.021949613134583434 0.4324841235793425 0.1794440178525707 0.36612224543350336
0.4844906118277853 0.28760814809205804 0.05179147332157552 0.17610976675858114
0.05540564892066635 0.43284171245504854 0.29614007519634666 0.21561256342793844
0.06159145527009657 0.2705956005810076 0.5188813062114015 0.1489316379374943
0.14306042473054692 0.17480836255737553 0.6215005805104105 0.06063063220166709
0.24853933071324397 0.46035451786970194 0.24731603806456148 0.04379011335249261
0.554095314346297 0.09295332172386506 0.12012795919693564 0.2328234047329023
0.23538600126132736 0.4539144225749623 0.13583168180642635 0.174867894357284
0.055781114740433235 0.843102846326166 0.0947090576431614 0.006406981290239311
0.36772017449132965 0.4218946711344229 0.14943669079953836 0.060948463574709066
0.6588279880639012 0.0868932093829412 0.08549935573696066 0.16877944681619694
0.4195856945233649 0.17974734240572532 0.32166354185658574 0.07900342121432402
0.3822847114891873 0.09570588682056413 0.3762252803424637 0.14578412134778485
0.4323577978946883 0.1148293327783414 0.04457258712855794 0.40824028219841235
0.07957413615744902 0.2687737128520663 0.42973258931537084 0.22191956167511384
0.052755900896652386 0.19772157292221015 0.2597664020734558 0.48975612410768166
0.5816715872068846 0.005242330202419265 0.3145772196271909 0.09850886296350525
0.1192183896783483 0.28143272315382273 0.12922067752761346 0.4701282096402155
0.04254870582862935 0.611371679032731 0.17619458136021315 0.16988503377842645
0.39620269063111746 0.4372372430467606 0.09473677335849173 0.07182329296363021
0.18695731906731894 0.05707590190222589 0.4910051473101279 0.2649616317203273
0.334681546483227 0.43726195079551977 0.14990349050044238 0.07815301222081084
0.0027423988356570783 0.5477848176233999 0.003826841111205903 0.4456459424297371
0.001861747020095783 0.18793628098577608 0.4200646553590486 0.39013731663507956
0.029057403894830025 0.3978331187363142 0.2596204682466109 0.31348900912224487
0.2671876896868418 0.35534320351087967 0.3464789331653747 0.030990173636903817
0.5752968324311716 0.01618997258284316 0.3242866680437805 0.08422652694220478
0.14370081690754344 0.06685280924904968 0.18139134094200327 0.6080550329014036
0.8494277296701497 0.05066839342037843 0.0027869908170167212 0.09711688609245517
0.19572575509783163 0.4006134475254558 0.37013177921390505 0.03352901816280751
0.013982255318108372 0.7396109243470329 0.028788320178735005 0.21761850015612372
0.1309652427673118 0.029829290500113625 0.5052668541249686 0.33393861260760593
0.12765165710234982 0.5312369774507877 0.011410311040489729 0.32970105440637276
0.17989323401071577 0.0003208100600933239 0.036097210387704415 0.7836887455414865
0.013414863053786141 0.3877383192463295 0.259594294428407 0.33925252327147737
0.13280688473146296 0.5871899097449231 0.034115763939426946 0.24588744158418696
0.11461667700655731 0.1937112237408074 0.34603529906436004 0.34563680018827525
0.12291832581004791 0.2564682292790488 0.16096722853538392 0.4596462163755194
0.4289931250990495 0.05204235127170154 0.13271350239540258 0.38625102123384636
0.0931599099434981 0.5064536880683496 0.23139950940332588 0.16898689258482646
0.22509763356154622 0.20128651873302283 0.06360002669781084 0.5100158210076201
0.16057726579085174 0.08119470945824059 0.1077324204484944 0.6504956043024133
0.2629612477622032 0.3198472994286292 0.1425510069068574 0.2746404459023102
0.11221917389611458 0.32391644078321824 0.5517100665794046 0.012154318741262604
0.039038326506971144 0.1195804330699266 0.0019300402373630954 0.8394512001857392
0.11158992465935924 0.06876231964108437 0.7686428022626318 0.05100495343692457
0.13457386579026587 0.27388480292196893 0.05648290835611425 0.535058422931651
0.5103522948830901 0.33002127587548846 0.000807866581747696 0.15881856265967376
0.01371898409950345 0.7488506511151904 0.0002490401700496747 0.23718132461525643
0.53250736618651 0.19127922015208265 0.20539470331261722 0.07081871034879017
0.19181907158547007 0.03702285945257944 0.5834326825765757 0.18772538638537484
0.11767527833891311 0.36818955427109945 0.4223481279262017 0.09178703946378575
0.006584352091248968 0.1743347343981081 0.6616876959136145 0.1573932175970284
0.16070233244557597 0.07892388723978117 0.7492393254893678 0.011134454825275086
0.3257319850403475 0.05428405830636207 0.05532197967985608 0.5646619769734343
0.23172476975456835 0.45444615857805626 0.11919909008428098 0.1946299815830944
0.2788936893750258 0.3712341745792128 0.03678527636472917 0.3130868596810322
0.58907866480403 0.2856304811581373 0.015799892359863232 0.10949096167796946
0.1830964490609608 0.24266578095192726 0.3008310927733199 0.2734066772137921
0.1170436387955538 0.7664678022533257 0.07714906143844025 0.03933949751268029
0.2142792892578167 0.24272304067392658 0.2405774029161516 0.3024202671521051
0.5527920253823689 0.004585543455689733 0.17583504173160502 0.2667873894303363
0.4740661413952286 0.03439906678143079 0.43086028385846076 0.06067450796487983
0.034225430974804016 0.8074235014887235 0.046992456231605084 0.11135861130486735
0.07910611915933397 0.6910372280073948 0.13509102091453262 0.09476563191873866
0.3169734200312715 0.03720824005925483 0.46288804158310415 0.18293029832636953
0.4331666552977954 0.3571386479987312 0.0017575380740844082 0.207937158629389
0.5801269799739017 0.06856113892413285 0.0021016145590099233 0.3492102665429555
0.7294151040782701 0.03419838173825984 0.056711548469159156 0.17967496571431085
0.2560808826282105 0.4574634754422784 0.16137902634852952 0.1250766155809816
0.4846332230113677 0.10867880131531882 0.29839659751371284 0.10829137815960066
0.05509849919590892 0.5830022135513588 0.30908478503229897 0.05281450222043327
0.3488426625354667 0.47367061770354835 0.043563937490645355 0.1339227822703396
0.326427400804711 0.2237204472230656 0.37935472335299114 0.07049742861923225
