50 10 4 27.495568144311108 54.991136288622215
5.451414809842193 3.052747940044026 3.299265313814902 4.566969187504992 4.395835879220116 9.969168071391843 4.673774802998773 7.947045953557422 7.844830192079959 3.7900841381679884
1.0902829619684387 0.6105495880088052 0.6598530627629804 0.9133938375009985 0.8791671758440233 1.9938336142783686 0.9347549605997546 1.5894091907114842 1.5689660384159918 0.7580168276335977
0.14546685649615498 0.20107434806654234 0.5626372334297928 0.0908215620075099
0.3135907464967046 0.19359337741627192 0.16738894190928744 0.32542693417773605
0.3270573040630146 0.34128026471366546 0.25966335903987237 0.07199907218344759
0.1798276940637874 0.5528599148427292 0.2053276140358753 0.061984777057608076
0.5987651786627821 0.08444059186456299 0.24812349707860304 0.06867073239405186
0.6823571691363788 0.11436009414468962 0.12116095587732145 0.08212178084161015
0.2949295455270283 0.4308207328222434 0.1905581710036396 0.08369155064708866
0.2271141706968911 0.24073205828439337 0.3711496597228935 0.16100411129582204
0.13896007126961285 0.3388248941487667 0.001331279624573356 0.5208837549570471
0.5266640910849083 0.39259292536284074 0.038814032655815844 0.04192895089643511
0.3517648174965624 0.20819228622556263 0.41270758099532523 0.027335315282549733
0.3910874476385616 0.13301605502555236 0.3640965348597742 0.11179996247611179
0.05225869110650927 0.004142948064984164 0.5149714298674332 0.4286269309610734
0.46174767626443214 0.25234503116966156 0.21184046506694887 0.07406682749895743
0.22203939207967582 0.18438085126113168 0.2434956247482547 0.3500841319109378
0.43200224779808094 0.349831429928675 0.09622262487559019 0.12194369739765387
0.12485469348959277 0.2628563002407034 0.2290204209922181 0.38326858527748575
0.17861920235967843 0.07671971198488492 0.40453753168974316 0.3401235539656935
0.07344734233770289 0.03885984130074838 0.4279890456319706 0.45970377072957813
0.2520088647581922 0.3317834466652704 0.33847037742119224 0.07773731115534521
