63 10 4 21.876222936405675 43.75244587281136
5.985469202505278 4.566231043348301 1.4331409532206902 5.731053049835674 2.377347236307013 5.500091448947385 3.304781017445328 5.887838420825595 5.934395075666245 3.032098424709843
1.1970938405010556 0.9132462086696602 0.286628190644138 1.146210609967135 0.4754694472614026 1.100018289789477 0.6609562034890656 1.177567684165119 1.1868790151332491 0.6064196849419685
0.08924631095269508 0.6841381997446528 0.0887568148795248 0.13785867442312727
0.5694399615273169 0.3050842570776575 0.07070486322596636 0.05477091816905921
0.023410456838073967 0.17005109937253804 0.4884180535289475 0.3181203902604405
0.3146438228001509 0.35446054547346695 0.2967831184099965 0.03411251331638565
0.29309260314011454 0.0025423124701982047 0.40396058864322226 0.300404495746465
0.11023417417608061 0.15163306419521083 0.19699674147022628 0.5411360201584823
0.5581118670093825 0.35203928118626715 0.07630163018302716 0.013547221621323158
0.40519864457010535 0.26567714069577675 0.2968961765699102 0.03222803816420772
0.9124389664039806 0.00537728259976189 0.03518456367779399 0.04699918731846353
0.5515358133156282 0.3847544116753726 0.04506543641769123 0.018644338591307985
0.4518696252371709 0.00197537111693169 0.22826965345128603 0.3178853501946114
0.005272142751361675 0.5726072030796951 0.31390753139037975 0.10821312277856343
0.8025594797228013 0.08779143592610439 0.030089148928225562 0.07955993542286877
0.3998269963150798 0.0912699159684417 0.25105189085668667 0.25785119685979185
0.2358622014173526 0.11101644636531227 0.1945582567096258 0.45856309550770935
0.40166246040897957 0.19695498743653428 0.0037914522494008063 0.39759109990508534
0.18107984952091305 0.5061845309046796 0.2545614343767686 0.05817418519763873
0.05473041729110828 0.4831669309255153 0.06678497542958839 0.395317676353788
0.0025798305263317056 0.8211641810018145 0.02333858016999124 0.1529174083018625
0.25002634098670573 0.307915759183068 0.1789867333419849 0.26307116648824136
