37 20 4 64.4337127190817 128.86742543816337
9.500469425715762 5.176883568739668 2.7351552606144187 6.237053891919928 6.580757891562644 7.158016157168567 1.9309379951799825 7.709281896559901 3.5378116306681235 7.780821284298549 8.134350666136445 6.646605366514238 4.991399594005613 9.671188171667191 9.07359898347597 2.771238592706717 6.363560198688306 6.160392509329119 7.344544187604809 9.363358165607433
1.9000938851431524 1.0353767137479335 0.5470310521228837 1.2474107783839856 1.3161515783125288 1.4316032314337135 0.38618759903599653 1.5418563793119802 0.7075623261336247 1.5561642568597098 1.626870133227289 1.3293210733028475 0.9982799188011227 1.9342376343334382 1.814719796695194 0.5542477185413434 1.2727120397376612 1.2320785018658238 1.4689088375209618 1.8726716331214868
0.05122982888761973 0.06579867722883437 0.6863823321618489 0.19658916172169705
0.17893744751587604 0.1540418114136558 0.43059642613885885 0.23642431493160931
0.0400942675872602 0.3255919002846068 0.2745852148703807 0.3597286172577523
0.0036038843698021905 0.3332470340578969 0.46918745326476785 0.19396162830753305
0.703900655243267 0.048173705065506334 0.18471723740563795 0.06320840228558877
0.6797012767632207 0.22315718381828864 0.07419278006118568 0.022948759357305004
0.33135133487201707 0.11182095318108076 0.5321835032629241 0.024644208683978097
0.33603111573163336 0.08257468509682864 0.21102651713281229 0.3703676820387257
0.03963437307387663 0.8006539784927751 0.0996923446689496 0.06001930376439868
0.584152685548166 0.10318631742195916 0.2825601907952604 0.03010080623461442
0.32359869262448837 0.11079126662729732 0.34691916236273723 0.21869087838547707
0.1056547172956468 0.5590258541582367 0.1279692718624501 0.2073501566836664
0.12181969616369315 0.18052535884135767 0.3143564728468985 0.3832984721480507
0.2449937392641175 0.16204909720072214 0.04918313568689081 0.5437740278482696
0.7667660439946182 0.04587790591722807 0.02534475210467957 0.16201129798347413
0.09107030481693645 0.08186256374363099 0.33451141747248425 0.4925557139669483
0.4659923785137676 0.05118846954685008 0.2932215773009266 0.18959757463845572
0.37209843570175927 0.371574586316185 0.2319256976048778 0.024401280377177925
0.6430092412146702 0.17225880493734624 0.0028227284757973425 0.18190922537218623
0.03371652819289683 0.13596019234886547 0.7702319306143635 0.06009134884387424
0.13481198891426782 0.2299127717863233 0.6055179601597581 0.02975727913965076
0.19886053041744545 0.279559343743056 0.42411461418905394 0.09746551165044459
0.019137010762836693 0.5764452610845769 0.22904571131789353 0.17537201683469283
0.4048926519851288 0.0603407636912241 0.07016599717361138 0.4646005871500357
0.038721346767512266 0.4262748313495004 0.4115584718245273 0.12344535005846002
0.41897961907849957 0.1616947182056706 0.36448729505050903 0.0548383676653208
0.4752617907753742 0.1120230983898386 0.1427623176128585 0.26995279322192867
0.20466254825117147 0.4860896349641788 0.17230916305785426 0.13693865372679548
0.597520684081253 0.32802307438285827 0.03995708187436964 0.03449915966151906
0.07137022569955509 0.33687429069303054 0.06275796218418583 0.5289975214232285
0.1374493749586545 0.347825485786847 0.48764821270388337 0.02707692655061511
0.19318416057479748 0.02686223663194298 0.10643752410223195 0.6735160786910276
0.37130870026938156 0.17627023422327548 0.0033056696301791977 0.44911539587716376
0.3574527044920053 0.2531796888637199 0.09554517928445239 0.29382242735982245
0.2608241854094867 0.4137801538459628 0.01533743443192015 0.31005822631263036
0.004110485069153236 0.46858786136702923 0.20971417862015274 0.3175874749436648
0.02481596347386128 0.053633343928847 0.08437288672305854 0.8371778058742332
0.5767598205183184 0.11225031931188678 0.23493508467145707 0.07605477549833772
0.1082467156325485 0.1276030934263649 0.24544325096717723 0.5187069399739094
0.04412111139287256 0.19333891383909585 0.3928895909839797 0.3696503837840519
