88 30 4 84.83089100587719 169.66178201175438
6.8279594441772105 5.564347193917722 5.755072421370155 9.066566836088992 7.299920716007391 7.428673916840214 7.456045438822607 3.00537515964575 2.5763907099162076 5.111573395042729 9.35864588384706 1.088972983364036 1.809299752155582 8.651802410694339 5.370589530055585 8.891520327538977 3.766005449786537 4.491689915452761 6.233011686468533 2.0231846246423357 7.910921663192715 3.813094358227061 6.814094137770565 1.2942902529643678 2.4975601923853032 4.872727291467213 3.0502582300656176 9.696767194789405 9.144454677458874 8.790966217598566
1.3655918888354421 1.1128694387835443 1.151014484274031 1.8133133672177983 1.4599841432014782 1.4857347833680428 1.4912090877645214 0.60107503192915 0.5152781419832415 1.0223146790085458 1.8717291767694122 0.2177945966728072 0.3618599504311164 1.7303604821388678 1.074117906011117 1.7783040655077955 0.7532010899573074 0.8983379830905521 1.2466023372937065 0.40463692492846715 1.582184332638543 0.7626188716454122 1.3628188275541129 0.2588580505928736 0.49951203847706066 0.9745454582934426 0.6100516460131236 1.939353438957881 1.8288909354917748 1.7581932435197132
0.03216278237427883 0.19754966430766185 0.6764430649287626 0.09384448838929671
0.4610959555568859 0.1344331159657629 0.38311489006285004 0.021356038414501177
0.22009192158356383 0.3277976561506679 0.3726633884596148 0.07944703380615348
0.01335761082193243 0.8047106692302448 0.11775971015009723 0.06417200979772553
0.23893021786916158 0.016124047932766228 0.12865314715237774 0.6162925870456945
0.03701249401745954 0.02272490667479432 0.12253819264872934 0.8177244066590168
0.1768276507373302 0.5477294405475144 0.2720925726650324 0.003350336050123026
0.4025450163412203 0.24243245905127364 0.33095701428480273 0.02406551032270332
0.1346814544713808 0.42865826207935376 0.3672113959547172 0.06944888749454825
0.14749908542014212 0.06226920713939721 0.3311537584032248 0.45907794903723587
0.6259684349210761 0.2676311463667218 0.03508689137485077 0.0713135273373513
0.013298934642535065 0.10534641996994765 0.8250648506020045 0.05628979478551277
0.36401901069435694 0.2597820448683035 0.3122013777696915 0.06399756666764811
0.0825612522630994 0.1911499173781237 0.7234636878540877 0.0028251425046892376
0.29799644450810314 0.15400334366093615 0.4860290678252074 0.06197114400575332
0.30170685926082563 0.16530055532816357 0.18880075586891742 0.3441918295420934
0.0022117101770328107 0.03181107976741959 0.04332950502338173 0.9226477050321659
0.018020550862854923 0.6389535233555992 0.3007382031779793 0.04228772260356661
0.4607131561416947 0.24347524287347877 0.10050082285201178 0.19531077813281472
0.30854508861882923 0.026654397751444736 0.3199899112556811 0.3448106023740449
0.8678491220531231 0.05092584798781019 0.05188260547084966 0.029342424488217
0.9367445934871075 0.006115741595588475 0.03555986851295456 0.021579796404349483
0.14462968896308814 0.17964700236668651 0.35333197021692864 0.3223913384532967
0.10077231999450043 0.3025057864773051 0.5659895835341513 0.030732309994043194
0.21821109934690042 0.23124913689590132 0.031265815384014295 0.519273948373184
0.029602235047850534 0.33948460897610533 0.012713498659223776 0.6181996573168204
0.2659503689306931 0.140207663827158 0.26082504938259266 0.3330169178595562
0.18730906618786192 0.025877095742649625 0.533038492876933 0.2537753451925555
0.25575593721047984 0.23970123758002904 0.1995837981374461 0.30495902707204503
0.045912068721731925 0.0686915670616357 0.10115049570105517 0.7842458685155772
0.41143559913670025 0.292497731617299 0.09556442000637266 0.20050224923962812
0.22579966191833112 0.10324629815188835 0.20680038082050156 0.46415365910927897
0.039284599755643135 0.050902117366068866 0.5206361247073114 0.38917715817097664
0.08991106293562512 0.12620138125004776 0.467457136988933 0.31643041882539413
0.10652100887834604 0.14887750222422835 0.4821351627234909 0.2624663261739347
0.16596351873022874 0.5348899265267804 0.19207888795892303 0.10706766678406787
0.11102718879446327 0.22638620381235552 0.6044544847849767 0.05813212260820455
0.03568397319303829 0.38232779684865226 0.34675408802122876 0.2352341419370807
0.2120311202186913 0.42274362369046115 0.31564781715066303 0.049577438940184515
0.022090075421856592 0.15124316220668155 0.5531617963891264 0.2735049659823354
0.3692636602666949 0.14561705392100266 0.4360518043721666 0.04906748144013584
0.3382768422891246 0.0023523163393766033 0.2288419345052639 0.4305289068662349
0.1571720858355934 0.04230270313907003 0.45526082125539746 0.3452643897699391
0.4049227457005531 0.09918845404414245 0.1889859410721334 0.30690285918317106
0.11554519989399392 0.24126368055200598 0.6211228315858803 0.02206828796811977
0.028553616178786156 0.0038887270977659982 0.9456544881601827 0.02190316856326513
0.2765933959541076 0.06752054426659204 0.34327067287516877 0.3126153869041316
0.09120484819736518 0.7968728634707992 0.09167321153094143 0.02024907680089416
0.0753490635974221 0.5613975583069664 0.3374853535031055 0.025768024592506045
0.002407874896818596 0.6774094005629389 0.11659885948545134 0.2035838650547912
0.2701784934674605 0.21563523816914354 0.12139634862592841 0.3927899197374676
0.39066756345559717 0.44286309207297503 0.11521423288217936 0.05125511158924845
0.0010904450900737217 0.1646529908468949 0.20008575714911214 0.6341708069139192
0.4379103137019372 0.07672751899558783 0.040413784003087705 0.44494838329938724
0.16951761832943235 0.43502363911115616 0.12057682312557794 0.27488191943383355
0.4992819886514719 0.12251826198463966 0.0043165175092014785 0.37388323185468697
0.07234237796772713 0.6942941683015351 0.0011239794675258485 0.2322394742632119
0.3384497359832035 0.12649896488015644 0.06510569462131544 0.46994560451532463
0.2842899623295385 0.35043951999394374 0.11351524996861284 0.2517552677079049
0.42112249938261215 0.009101214361663779 0.06303757210559369 0.5067387141501304
