18 40 4 117.7586378678948 235.51727573578964
6.853368175656325 5.549080363613586 8.907413238293968 2.63656202834381 8.670097618071374 7.751226574954096 6.994915007367903 9.89105903448366 3.3127158034344713 1.254753327452483 6.721472039149015 8.625811487379636 7.625571626044096 1.1872640073114136 2.004428175985295 3.6795136767027383 7.182731722058594 8.754634504014817 2.787709232654028 6.914701275493803 7.296900660928856 4.171532218820616 8.10964493042776 8.326431443053437 2.7767915605191975 9.545097647763841 5.289403473868935 6.999403131834076 2.901808335262602 8.267736914645306 3.8771750850168925 3.645423772316096 3.7172635988522096 8.451004616305756 5.972803199669913 2.7250966443939326 7.428310666269764 6.758833214988779 5.798834482119622 6.1527512202669215
1.370673635131265 1.1098160727227173 1.7814826476587935 0.527312405668762 1.7340195236142748 1.550245314990819 1.3989830014735807 1.978211806896732 0.6625431606868942 0.2509506654904966 1.344294407829803 1.725162297475927 1.5251143252088193 0.2374528014622827 0.400885635197059 0.7359027353405476 1.4365463444117188 1.7509269008029633 0.5575418465308056 1.3829402550987606 1.4593801321857711 0.8343064437641232 1.621928986085552 1.6652862886106874 0.5553583121038395 1.909019529552768 1.057880694773787 1.3998806263668153 0.5803616670525205 1.6535473829290612 0.7754350170033785 0.7290847544632192 0.7434527197704419 1.6902009232611512 1.1945606399339828 0.5450193288787866 1.4856621332539528 1.3517666429977557 1.1597668964239243 1.2305502440533842
0.012332537482920625 0.0013049642612266155 0.5210217086263499 0.46534078962950287
0.10501535321602451 0.2366120990812166 0.6557578301824056 0.002614717520353249
0.2173196229012333 0.567583131017169 0.20359512212552255 0.011502123956075194
0.4756657052864103 0.03997828237462697 0.14913748313287123 0.3352185292060915
0.4302592813664673 0.06598610852105868 0.447950972064867 0.05580363804760702
0.4759434952722753 0.18371190033979623 0.24654336837151547 0.09380123601641299
0.14801784040784915 0.21422502084896367 0.16099925216831068 0.4767578865748765
0.06712698614922485 0.3117990398735323 0.41548970114765793 0.2055842728295849
0.04750509506272138 0.03159557782907518 0.2980835182367181 0.6228158088714854
0.19644494702181936 0.6070892893378629 0.030256563482270682 0.16620920015804708
0.47602647516617136 0.012241745072900323 0.17045935812950652 0.3412724216314218
0.256353254245148 0.38038921814773763 0.2823703675672623 0.08088716003985208
0.2931875874045792 0.24789745218928538 0.32600819221751476 0.13290676818862068
0.018164056326049893 0.10315549686986036 0.3639344781658074 0.5147459686382824
0.39472709418728724 0.07774548514767576 0.4136819363137514 0.11384548435128561
0.04046598393017187 0.37475090292043145 0.16229079561641468 0.422492317532982
0.5297785310476618 0.12960216795839807 0.005146873948557618 0.3354724270453825
0.32641078967217463 0.4571135120809299 0.035866348988878305 0.1806093492580172
0.43241356871768444 0.09829161053297697 0.3995229190873718 0.06977190166196678
0.11384884850088828 0.22576331274321082 0.040369506562571544 0.6200183321933294
0.29449854400197617 0.4466126414388657 0.16215305049183326 0.09673576406732487
0.7059768627512554 0.16911786455731437 0.12028810864255657 0.00461716404887369
0.2828861645349776 0.05160033939537734 0.04688369699457906 0.618629799075066
0.6190877537379766 0.056209348215398136 0.025037442186929715 0.2996654558596955
0.31613157040344286 0.481474518468917 0.19935109069526546 0.0030428204323746932
0.3212777855952763 0.06183444699881846 0.06326491069682694 0.5536228567090783
0.09366103431999973 0.09500596139912199 0.2536270467646575 0.5577059575162208
0.11563712166629314 0.454789892597973 0.18736784293153952 0.24220514280419436
0.22143781771587367 0.47857125852354354 0.038738529775289354 0.26125239398529343
0.047535339760941375 0.17968539110694548 0.7379951984582545 0.03478407067385869
0.0318622152017487 0.699278606674824 0.20174453556742977 0.06711464255599753
0.29394707750518156 0.023279219456016853 0.12759794792296153 0.55517575511584
0.0190105000007168 0.12301757089829968 0.4580388638349393 0.3999330652660442
0.5799868290934651 0.144431617946165 0.22479079426640647 0.050790758693963434
0.020143207160926435 0.5218438133278945 0.2433403517947511 0.21467262771642792
0.6666236098405407 0.007292695066685506 0.05177982772657341 0.2743038673662004
0.31556569195596407 0.364372291408839 0.15663333623315612 0.16342868040204084
0.1511505840691001 0.5145667846173575 0.044626627868385116 0.2896560034451573
0.2910103308317967 0.23561324601767564 0.31594026439745315 0.15743615875307448
0.17927579328391818 0.18649537607015898 0.1345722294598387 0.4996566011860841
0.07913471728341592 0.19871832276331114 0.41738493825773815 0.3047620216955348
0.016300778724193665 0.20929985922903727 0.5825974207869073 0.19180194125986172
0.011016694853989928 0.6743469239584211 0.24924134905159667 0.06539503213599229
0.2691131705792609 0.5080112822170664 0.21066178908969146 0.012213758113981288
0.26097774276247965 0.4105443449728158 0.015609212947656825 0.31286869931704775
0.035368885940296746 0.1002648322975419 0.28311160326859197 0.5812546784935694
0.3261636809313586 0.4697220233038292 0.09828860850028676 0.10582568726452546
0.4706223867204675 0.15873074719922664 0.1579168792081893 0.21272998687211653
0.15341645416108574 0.08390873215960748 0.11392823685831599 0.6487465768209908
0.19148278819959308 0.1949678563823295 0.3884956353184963 0.22505372009958113
0.5364650914948323 0.0028800075912641665 0.10804540239240357 0.3526094985214999
0.4555562943106152 0.1478033696114096 0.1558190000149513 0.24082133606302392
0.011649132417856034 0.2797938674114486 0.6974400723099758 0.011116927860719494
0.5840203754759804 0.05211736525408861 0.2544656669884714 0.10939659228145959
0.15072594151523566 0.39819613354276584 0.19743392557412776 0.25364399936787074
0.26349231633707004 0.2756447676546969 0.27685059844481086 0.18401231756342218
0.24285693642029493 0.526024580096555 0.07702514124735482 0.1540933422357953
0.14874138671722426 0.35055561339340635 0.38243545596795636 0.11826754392141303
0.32783075020539776 0.5452901557155562 0.09607386820126584 0.03080522587778023
0.007713667317334472 0.6841060111680979 0.1213976599022295 0.18678266161233814
0.3925254620750772 0.2507106410888251 0.12288252820810619 0.23388136862799147
0.8534345994749614 0.09210165956682537 0.03690345920582605 0.01756028175238722
0.5161664715570445 0.3544988712712227 0.12829857538867306 0.0010360817830596947
0.04095008744288198 0.5220948361494813 0.37492400211506616 0.0620310742925706
0.3855728335075491 0.15177178669299385 0.07886334240952675 0.3837920373899303
0.12682815343460896 0.3596539771179931 0.42795830024304393 0.08555956920435404
0.22213702297526816 0.06500292129641272 0.6612025613811799 0.05165749434713918
0.5098156818212571 0.19704765533349167 0.26471313375264194 0.028423529092609257
0.4117016954594681 0.21652814763996653 0.3013429696498118 0.07042718725075359
0.12217133094164534 0.36068832612538293 0.48595040309358917 0.031189939839382563
0.021977495277442083 0.044117306738513995 0.2684511034067876 0.6654540945772563
0.013594399709583871 0.17961122893246484 0.32842326691020785 0.47837110444774344
0.009576272764185267 0.35527459855402943 0.5136583978084787 0.12149073087330664
0.07634098888665986 0.14766695451398126 0.2927753930603062 0.4832166635390527
0.49356942845116014 0.23640088279923055 0.22667193921232098 0.043357749537288326
0.0893184328568466 0.10943047914011572 0.5639082657415939 0.23734282226144376
0.3248292823736817 0.2401899733337901 0.3510790169221152 0.08390172737041302
0.28204578234389155 0.07903901295039728 0.4655880981801306 0.1733271065255806
0.24630446935898098 0.44300350034508174 0.18601290503211654 0.12467912526382074
0.24767652221969372 0.6512332601245286 0.045878624060779916 0.05521159359499772
