8 70 4 186.2083783955463 372.41675679109255
8.860864625126347 9.716865965388388 8.822750861925279 5.777701224000391 3.094554951795616 1.102589238496869 4.874219364632415 4.621162240336283 5.704072042173126 5.305526162221621 5.998208264400974 5.890474157882863 7.84806018042636 7.411371166738821 6.577138864930957 4.83482593428573 3.6016752521627895 9.764697170804016 4.003966409596034 2.9692095473784517 1.5922754900849028 9.845834918980904 2.1507014163252864 3.899177138837614 1.6384856027517887 3.0229294507124087 4.542714234492444 9.065305043925717 4.109154507980803 9.862744935567441 1.2585884406696586 4.165162626431081 4.428630002834677 7.877441182293641 9.449235219796945 3.877208168203249 4.8922833951137426 3.431311674323188 8.20950297693755 6.744149255108092 1.6182112011234149 6.432800287322001 8.16017102586079 1.2880734078321712 5.099030398953397 8.11155287204457 9.897368663023563 6.2556808915087005 1.3502106787808965 5.017806167661123 2.6935526376398284 6.643500821697236 2.937860195254716 2.3587309689174676 5.82529876011617 1.903481148020944 7.580425887825965 9.456859354970574 9.489863660168817 4.372646545159986 6.361752212866232 6.9578444104702095 5.595224097279433 5.238033234794646 1.0798505702663577 1.6110676320883228 4.913346055452299 4.883442677923247 2.672953169677939 5.767347850317141
1.7721729250252694 1.9433731930776776 1.7645501723850558 1.1555402448000782 0.6189109903591232 0.2205178476993738 0.974843872926483 0.9242324480672567 1.1408144084346252 1.0611052324443242 1.1996416528801948 1.1780948315765727 1.569612036085272 1.482274233347764 1.3154277729861914 0.966965186857146 0.7203350504325579 1.9529394341608033 0.8007932819192067 0.5938419094756904 0.3184550980169806 1.9691669837961807 0.43014028326505727 0.7798354277675228 0.3276971205503577 0.6045858901424818 0.9085428468984889 1.8130610087851433 0.8218309015961607 1.9725489871134883 0.2517176881339317 0.8330325252862162 0.8857260005669353 1.5754882364587282 1.889847043959389 0.7754416336406498 0.9784566790227485 0.6862623348646376 1.64190059538751 1.3488298510216183 0.32364224022468296 1.2865600574644003 1.632034205172158 0.25761468156643424 1.0198060797906794 1.622310574408914 1.9794737326047127 1.25113617830174 0.2700421357561793 1.0035612335322246 0.5387105275279657 1.3287001643394472 0.5875720390509432 0.47174619378349353 1.165059752023234 0.3806962296041888 1.516085177565193 1.8913718709941147 1.8979727320337634 0.8745293090319972 1.2723504425732464 1.391568882094042 1.1190448194558866 1.0476066469589291 0.21597011405327154 0.32221352641766454 0.9826692110904599 0.9766885355846494 0.5345906339355878 1.1534695700634283
0.3063958566392335 0.2926903963009059 0.22369616755738708 0.17721757950247352
0.7065155434054563 0.12354611758766132 0.036200021888529776 0.1337383171183526
0.2985348512836252 0.19506964663784276 0.32533107911111825 0.18106442296741376
0.1787570156678676 0.38352636829376585 0.3769207520622382 0.06079586397612835
0.008308374432570376 0.1300763322835199 0.6682616284971356 0.19335366478677418
0.5020773926354885 0.3478798975542323 0.13408335718375974 0.015959352626519485
0.09562836130088648 0.14050600895136311 0.7410366312960096 0.0228289984517408
0.2172111529162143 0.24514892562180668 0.5265788619224012 0.011061059539577811
0.4719531205359291 0.057339331772401025 0.3042565489408603 0.1664509987508096
0.16029869282555476 0.44606793033186687 0.0314742388641579 0.3621591379784205
0.032865810850571386 0.33470472669852136 0.5103225357124029 0.12210692673850432
0.04823177716362981 0.4959897734533697 0.01255388204934993 0.44322456733365057
0.4657003666305104 0.31787030613616785 0.08185335844778407 0.13457596878553768
0.007206409512140133 0.1701066911218717 0.05977795891203974 0.7629089404539484
0.5318263245473747 0.005243792398566094 0.3941453224790138 0.06878456057504545
0.02799536548956172 0.24257815652235337 0.339042688218515 0.3903837897695699
0.2451045610443593 0.3858246810937981 0.3445774711075785 0.0244932867542641
0.16973160496332196 0.45100042643203075 0.09471703838389567 0.2845509302207516
0.6322237729028609 0.14289243745724167 0.08832801269932733 0.13655577694057008
0.3109550914270601 0.040921330475839124 0.02217231807854958 0.6259512600185512
0.18404426502894977 0.10577656907099031 0.5006710688929926 0.2095080970070673
0.017206897789604936 0.16529258163368243 0.2040124121931075 0.6134881083836051
0.21890147556152073 0.08464000646418968 0.5733086460578073 0.1231498719164823
0.2600309355727194 0.31339052282931534 0.22580829741495656 0.2007702441830087
0.18914978645463199 0.7409289490127074 0.004878523981181049 0.06504274055147952
0.8617010353460368 0.053270566577167555 0.045071023629113305 0.039957374447682326
0.662767517135585 0.009216866874965368 0.02538961281526897 0.30262600317418065
0.0471371476582344 0.3642638914191656 0.05834765609353498 0.530251304829065
0.5021837351462156 0.22728319047074508 0.026100908300459635 0.24443216608257967
0.3572116459902588 0.07092420102353525 0.32242841311488046 0.2494357398713255
0.3400816634013232 0.20434227940645566 0.18785690745473949 0.2677191497374817
0.03636596001217551 0.32662789077579 0.45763242277509897 0.1793737264369355
0.1569092802598817 0.013608709126822216 0.2280505727795521 0.601431437833744
0.6009990274558735 0.031753547025088036 0.006952914615879435 0.360294510903159
0.2194459412669486 0.06723420892875653 0.42083965840824433 0.2924801913960505
0.14462775460926192 0.25883069670811054 0.3731358036213843 0.22340574506124322
0.3487405060728357 0.11818791040048449 0.16429076522438646 0.36878081830229337
0.34277275183558253 0.17618247770710738 0.4755731979713881 0.005471572485922005
0.04858155412802745 0.13585062445477558 0.16303784570134394 0.652529975715853
0.08310961623983193 0.6053961429801386 0.276116822713969 0.03537741806606054
0.35383154448083065 0.08644777629472533 0.3531879435233365 0.20653273570110753
0.38281250667697964 0.25136264999512825 0.248898260747611 0.1169265825802811
0.14751577732278343 0.16538780221006377 0.2559968665074841 0.4310995539596687
0.1629521986614073 0.7981824927679977 0.011044419300444419 0.027820889270150584
0.1888996122393528 0.18516052355664625 0.5764320439981416 0.04950782020585931
0.36862211259104327 0.11295408508557114 0.27493636905924645 0.24348743326413913
0.027776066486046802 0.026646101480626627 0.4286004224227081 0.5169774096106184
0.3304221561852697 0.4076956167643546 0.10130105529422473 0.16058117175615094
0.08398236965997374 0.6396515401785208 0.12714487977798494 0.14922121038352054
0.11233523940260592 0.21308756076209134 0.344792588179311 0.3297846116559917
0.004549084393891123 0.13809586472636104 0.27913224610441223 0.5782228047753356
0.47462436564196786 0.45822575076803174 0.006455568063184591 0.06069431552681581
0.5249385387840816 0.1409010360661863 0.013873331012142276 0.3202870941375898
0.08996603923732083 0.4389377871297413 0.15532014186698873 0.31577603176594915
0.24653833096694677 0.1452644268811326 0.08537719733376292 0.5228200448181577
0.4024545581358052 0.09535204592130597 0.0015730599187068206 0.500620336024182
0.01888949283812813 0.5664886515173274 0.04773456831380862 0.36688728733073583
0.31290546914433603 0.5541686156323499 0.1230422194565256 0.009883695766788492
0.2598206145087132 0.08647041999829463 0.02306457767076897 0.6306443878222232
0.5060043045748848 0.14377098976089153 0.3291025018811664 0.021122203783057292
0.6154055228316493 0.1515485286068139 0.1290287603683301 0.10401718819320671
0.031073627393035763 0.16939381030646583 0.07036072871799248 0.7291718335825059
0.10111760125553282 0.3804412910742858 0.024704213763288352 0.493736893906893
0.5332656820965375 0.25440100563158163 0.06339179460183586 0.14894151767004504
0.018326738022273137 0.3077396335130004 0.396519427090836 0.2774142013738905
0.1745479614182004 0.46985038290416703 0.08496897942197745 0.2706326762556551
0.0011784646174798352 0.4113748352246127 0.3574522022690185 0.22999449788888893
0.026570034654705754 0.0052624504308675935 0.15457657351136211 0.8135909414030645
0.022776536595427888 0.013246665894989018 0.5418153479715145 0.42216144953806856
0.15418933799441736 0.1419086272097413 0.5256990818117357 0.1782029529841056
0.4043954647747654 0.18273488646053182 0.13379411545228626 0.2790755333124165
0.20340977215199052 0.3071724745301919 0.21009576479763947 0.2793219885201781
0.4758040220637739 0.05191981635613818 0.07995229229787548 0.3923238692822124
0.619725416595909 0.1036579983913648 0.04002119964987261 0.23659538536285363
0.2986252025528 0.3367727116260637 0.1531853503190257 0.2114167355021106
0.22707862658327538 0.5857389090548962 0.18430112589835035 0.002881338463478045
0.500606105944316 0.15624718826125827 0.07471522059683511 0.26843148519759064
0.0007438894434061982 0.6046336118692107 0.2722424398624781 0.12238005882490499
0.06281332248498894 0.2962955923082913 0.20571419589045792 0.43517688931626186
0.14544547855627277 0.358167266384416 0.3792933954206099 0.11709385963870134
0.2406502518590784 0.18737164960904173 0.04848517801721275 0.5234929205146671
0.17516677920914991 0.12388596940756658 0.23103273435618388 0.46991451702709963
0.3680968485294903 0.38326134825631175 0.09558834676080086 0.15305345645339707
0.2528705036510319 0.028020346385577488 0.11100471181294491 0.6081044381504457
0.32599705246637256 0.09706225121160661 0.31701805608593314 0.2599226402360877
0.18725043421724963 0.016743115791061802 0.2722303619630261 0.5237760880286625
0.3014236164863119 0.13490694589341734 0.43481777898736906 0.1288516586329017
0.06610071679227247 0.27178635745378577 0.3218430770048316 0.34026984874911015
0.7033525199361095 0.185276291179299 0.060095098771053235 0.051276090113538286
0.05920180480396464 0.11164917058775214 0.33312005654100363 0.4960289680672796
0.4400613534000898 0.5119527410075486 0.00046780569547966167 0.04751809989688194
0.24627961648822094 0.014371350856959175 0.23651708420657758 0.5028319484482423
0.00416519878445154 0.008875858816626891 0.2230540090133336 0.763904933385588
0.2749924989931889 0.2454140939910472 0.25793791778466846 0.22165548923109546
0.5257099285645006 0.17178520744401515 0.11886982517423672 0.18363503881724752
0.2500167685956758 0.3976196273173359 0.2554150433943856 0.09694856069260271
0.12363180317953704 0.37451858277189054 0.21149043531753464 0.2903591787310378
0.3178217655823331 0.34130140276849275 0.20755602623131775 0.1333208054178564
0.18829242052539052 0.3155806291107114 0.13581565689854513 0.36031129346535296
0.053127290849074194 0.5559431184820658 0.12065194813624647 0.27027764253261355
0.32622349388281047 0.05232096010394571 0.020623155734838527 0.6008323902784053
0.07736580229194046 0.6077024253644631 0.2553021120290361 0.059629660314560406
0.4116660325463931 0.09890742416271714 0.47209275507071546 0.017333788220174284
0.24621571707358647 0.38968241341397314 0.2937707309237947 0.0703311385886457
0.062083297019820516 0.10474945177255235 0.6893054692818942 0.14386178192573296
0.1949094211027047 0.36056449302402105 0.41023652105115627 0.03428956482211798
0.11053451326006802 0.11213892230076594 0.7124644608214483 0.06486210361771771
0.22383026007101492 0.13817124377735546 0.34175130357969297 0.29624719257193666
0.13291907420805138 0.14487971630765206 0.021112523276058837 0.7010886862082377
0.02914682609792385 0.2505685355613786 0.046681856432190916 0.6736027819085066
0.3252045129714073 0.2008232122232686 0.29325500855849485 0.18071726624682927
0.04075976690697014 0.07119529916917522 0.8302255481424003 0.05781938578145429
0.3632256979625619 0.33985020577182823 0.018027021728499903 0.27889707453711
0.2793623682287333 0.051801912160584385 0.5680383072197968 0.10079741239088558
0.03515798430195982 0.3226939066821315 0.33485356984977344 0.30729453916613525
0.1386590964098453 0.04919537548715258 0.2804680890974418 0.5316774390055603
0.6865324672428712 0.1408185879406062 0.005276398281659378 0.16737254653486322
0.27731095535158823 0.4485881067612767 0.06876017158515968 0.2053407663019754
0.45621729889829077 0.3519739931634631 0.18101080360508803 0.010797904333158082
0.006595243213824764 0.17151957926321149 0.8017790338758574 0.02010614364710639
0.11956368756017821 0.2045364943567215 0.37232607103824833 0.30357374704485196
0.0744766013297431 0.2620727380130222 0.24608838306197955 0.4173622775952551
0.06427165523361389 0.3980576461586385 0.406571335753774 0.1310993628539736
0.40145619971830493 0.25132029746552853 0.045612700055946975 0.30161080276021957
0.05741564825237078 0.2250011487907415 0.1253573068032643 0.5922258961536234
0.19309891252835865 0.22457680799703084 0.23033930646643996 0.35198497300817055
0.20115147973894643 0.653218804398917 0.07475682791117022 0.07087288795096636
0.0009277946734095321 0.14196351861897083 0.30772841893178215 0.5493802677758375
0.004824740631872104 0.22800249488492663 0.7311460229849275 0.036026741498273784
0.4281272886469836 0.24703626177597637 0.2662067100851431 0.05862973949189698
0.07042547466778559 0.23924582973942676 0.07559475438104568 0.614733941211742
0.34786507826683755 0.015177120625433194 0.4527389195801239 0.18421888152760535
0.03149565723160552 0.10877241882402411 0.46569347289395013 0.39403845105042024
0.8053193111261531 0.08529784050102529 0.053404725011141574 0.055978123361680066
0.17552279673474225 0.43951074505045806 0.26579420376987384 0.11917225444492585
0.37764078278001045 0.05800319783493879 0.010965528735388363 0.5533904906496624
0.018196728617452806 0.6716181735553683 0.06129243679669483 0.24889266103048402
0.5920739041814456 0.08705931511376308 0.2027406100564635 0.11812617064832787
0.47654064531463336 0.14157786995157162 0.050582536406259426 0.3312989483275356
0.3717799927684967 0.08755484531806768 0.2237494615476382 0.3169157003657974
