90 80 4 233.47703302595247 466.954066051905
2.377487788895322 2.4191709490846653 9.869420027648374 9.140479577247643 2.674704364003369 3.4093856297184555 4.006460417395412 6.801326838392721 3.262665166821157 6.716857486491543 6.218180009571964 6.569301005586586 4.309949133791452 3.3235056311270106 2.7491517102830194 5.972683568950478 8.430677215012231 5.531051825869226 7.188038891556346 7.8359401882857265 6.7807359037530475 4.465038795395186 1.7209350717215726 8.26740857522951 8.303266130850528 1.4574613438799466 6.348265997355321 9.71436144811626 9.875955252002914 8.378181179573971 7.208932200353061 6.609145678465851 6.393075755308755 7.1343341481033535 8.54852117987438 5.140096323234324 5.929629117922489 9.608475267556816 3.5558145175295546 5.359242853075908 8.318221318743639 6.46136245508822 6.716546387282982 4.750450187331017 8.031202381442363 3.7379938128048384 7.837264191250342 4.599132602355624 7.782007649007542 6.421457706045908 4.972772128352373 6.361026534415664 9.256255676465903 9.12209951808117 6.229665619870738 9.391875159191054 7.210079495296703 9.630811187140372 1.338624244895628 5.161579956529884 1.382913211673241 9.71275202336677 6.727019553420176 1.7917072942956693 8.372535542689219 2.144427323301173 6.974773299144731 9.042035348642889 2.3055218301179448 5.497647038920517 5.29962654705193 4.026579177044999 1.5859962925770434 5.830813557752767 6.757623046814117 3.5980054450690604 1.9651299432295946 6.035240978512383 2.2816049179044264 2.686371303749027
0.4754975577790644 0.48383418981693305 1.973884005529675 1.8280959154495284 0.5349408728006738 0.6818771259436911 0.8012920834790824 1.3602653676785441 0.6525330333642314 1.3433714972983086 1.2436360019143928 1.313860201117317 0.8619898267582904 0.6647011262254021 0.5498303420566039 1.1945367137900955 1.6861354430024462 1.1062103651738453 1.437607778311269 1.5671880376571452 1.3561471807506096 0.8930077590790372 0.34418701434431453 1.653481715045902 1.6606532261701055 0.2914922687759893 1.269653199471064 1.9428722896232522 1.9751910504005827 1.6756362359147943 1.4417864400706122 1.3218291356931702 1.278615151061751 1.4268668296206708 1.709704235974876 1.0280192646468649 1.1859258235844978 1.9216950535113633 0.7111629035059109 1.0718485706151815 1.6636442637487279 1.292272491017644 1.3433092774565965 0.9500900374662035 1.6062404762884726 0.7475987625609677 1.5674528382500683 0.9198265204711248 1.5564015298015084 1.2842915412091815 0.9945544256704746 1.2722053068831327 1.8512511352931806 1.8244199036162339 1.2459331239741476 1.8783750318382109 1.4420158990593406 1.9261622374280745 0.26772484897912563 1.032315991305977 0.2765826423346482 1.942550404673354 1.3454039106840352 0.3583414588591339 1.6745071085378438 0.4288854646602346 1.3949546598289462 1.808407069728578 0.46110436602358895 1.0995294077841034 1.059925309410386 0.8053158354089998 0.3171992585154087 1.1661627115505533 1.3515246093628233 0.719601089013812 0.3930259886459189 1.2070481957024766 0.4563209835808853 0.5372742607498054
0.17222864344596522 0.42500906005637107 0.33502313780336757 0.06773915869429614
0.16234382525204372 0.025744305682973923 0.7104772909833889 0.10143457808159351
0.036555037449919836 0.055768299617967365 0.1569783913897479 0.7506982715423649
0.5174301349944334 0.18981037793163724 0.20022362343094557 0.09253586364298383
0.40861216090048513 0.11852561095019698 0.00780692336017208 0.4650553047891458
0.18775160056804419 0.08886227209393915 0.1500438470890646 0.5733422802489521
0.4695783086815162 0.0790665263749798 0.05324910094901747 0.39810606399448656
0.4766591514344346 0.1584502399849541 0.15812784524702173 0.20676276333358956
0.17581212611303076 0.15998238642023244 0.44318705657867574 0.22101843088806106
0.20949276068203737 0.08667622818916731 0.36545706252582366 0.33837394860297165
0.49131316094127997 0.17213833081146346 0.22640653369500263 0.11014197455225394
0.23281271569816386 0.02295499837188919 0.08157321930927253 0.6626590666206744
0.11352773501344571 0.22011524772238367 0.17141899796954585 0.4949380192946248
0.12982496726322212 0.6691160897807996 0.18957994520381627 0.01147899775216199
0.08772422686790438 0.126515537185518 0.6075924022075789 0.1781678337389987
0.06759164547638152 0.7552065517941206 0.03965772605296969 0.13754407667652824
9.883971227442334e-05 0.42022144003590767 0.2607755752827603 0.3189041449690576
0.7302171050533908 0.05770101905258662 0.08570699145876659 0.12637488443525602
0.06434332030326262 0.6178249471460807 0.013540251541343196 0.30429148100931347
0.03685419770217391 0.058472740256188094 0.7172269121324499 0.18744614990918806
0.016984036662833435 0.5801136908517197 0.17269697278396123 0.23020529970148562
0.39689657595628935 0.3499766599320472 0.12069285878671598 0.13243390532494748
0.25486334132994015 0.1724581602810954 0.37277882294825526 0.1998996754407092
0.11704344667784738 0.2725028971748996 0.07491887293692556 0.5355347832103274
0.1176841277146311 0.17982714874783157 0.5696944963564768 0.1327942271810605
0.3070061966530503 0.3511447139906162 0.1934671895394513 0.1483818998168822
0.13083028886090142 0.4265123725934803 0.2570649753441021 0.18559236320151618
0.2624505762314845 0.19868648324025406 0.3093605245386617 0.22950241598959975
0.1575180095979416 0.02790571921765861 0.4793050994491973 0.3352711717352025
0.3383249296941444 0.31301651804976305 0.041413536553992825 0.3072450157020997
0.048006257230156946 0.10917274642479902 0.5230913790854848 0.3197296172595593
0.2956114202529737 0.1105723184718288 0.5756037560922288 0.018212505182968686
0.03813327486159335 0.6459570961296659 0.09593992655084893 0.21996970245789182
0.23824563640260177 0.34648046016219436 0.1491494099496854 0.2661244934855185
0.2489840391536795 0.038578043177811994 0.19555992458584404 0.5168779930826645
0.0752847770535795 0.2000472672605793 0.06971836446010049 0.6549495912257407
0.29778798777851556 0.07769657105925876 0.3159764704457644 0.3085389707164613
0.059863955494732446 0.288511698256791 0.34884343673335216 0.3027809095151244
0.14265051385160687 0.10895315288366858 0.20641763013626402 0.5419787031284605
0.25902387918355263 0.5983937196199502 0.032369467776183214 0.11021293342031391
0.017983046589151397 0.32919124839342084 0.26046437466296213 0.39236133035446563
0.21554493957926724 0.49316049681199425 0.007386797540242629 0.2839077660684959
0.2594211177192328 0.32906455862806727 0.1778400979139898 0.2336742257387101
0.10711573524984008 0.4418462789633498 0.20020809101524406 0.25082989477156603
0.1382701645917006 0.3792414408283533 0.3396851890853084 0.14280320549463765
0.2551754296475981 0.5106014054989267 0.0953922913325983 0.13883087352087686
0.40944672765268153 0.1705111836012747 0.3568126797458988 0.06322940900014495
0.08798591796479349 0.12502677245242078 0.399220204415755 0.3877671051670307
0.5830384523896545 0.28449174980763614 0.0457648530980832 0.0867049447046262
0.2789423934739562 0.4927987271588007 0.19749016631869465 0.030768713048548446
0.2699928137354204 0.30935990035166894 0.29997534687888283 0.12067193903402784
0.5931514760451544 0.2294241265210697 0.11508163787571735 0.06234275955805857
0.08889307121404455 0.299909385064707 0.4638026454983225 0.14739489822292595
0.2459276376586812 0.3814020900000813 0.31352799710004386 0.05914227524119364
0.012241904863936615 0.17373992138552008 0.07435844237289002 0.7396597313776533
0.7903688657786985 0.1163334330188146 0.03445394688642933 0.058843754316057595
0.09994408639345642 0.19802435809413899 0.26978387954082006 0.43224767597158453
0.43373635204188643 0.14367488441616783 0.3253363653927849 0.09725239814916087
0.2941758555025089 0.058450257599543476 0.19205367743713275 0.45532020946081486
0.2962024025232233 0.26421118950360334 0.2224293654207481 0.2171570425524253
0.10833883315592796 0.12825684328924647 0.5570090145003709 0.2063953090544547
0.4186639022265758 0.00020792494694588104 0.3951169676474253 0.186011205179053
0.006924365001057975 0.7019207578858435 0.21168947071288324 0.07946540640021527
0.054025521982528635 0.7081864638600948 0.21638525283034293 0.02140276132703367
0.058208627538065216 0.14900680496979357 0.6145158271582205 0.1782687403339207
0.24593346541573502 0.1824442484691513 0.1697451121366893 0.4018771739784244
0.18510826051498452 0.4119393816093124 0.006580306334850294 0.39637205154085275
0.045872434649107174 0.20251354801351318 0.6259512213861571 0.12566279595122254
0.7895659293313183 0.18003721597343636 0.015211033294548093 0.015185821400697241
0.4585004482127345 0.10455219372709545 0.2774299728224311 0.15951738523773895
0.34844625822306663 0.170126064839912 0.39153692851014665 0.08989074842687472
0.030611250511832777 0.004298353175950731 0.3490812744503826 0.6160091218618339
0.03109113789317286 0.2205188302386094 0.005884475305413361 0.7425055565628044
0.1542339489370642 0.14179224739554375 0.5607025291920151 0.1432712744753769
0.20152469694973474 0.23287878549255792 0.2228996549279365 0.34269686262977084
0.18283070222714493 0.26884449428959156 0.1321389743627519 0.4161858291205116
0.015089806832388142 0.5692804188035622 0.006169100966358143 0.40946067339769154
0.16722197342086842 0.035232192302919296 0.0012610020542118683 0.7962848322220004
0.5318588849935055 0.08440931609188485 0.026604097986215658 0.35712770092839397
0.07934743163285718 0.23079801729651173 0.67546511057933 0.014389440491301086
0.41599945782845726 0.1327362389002793 0.44143410671138106 0.009830196559882376
0.2915832487376844 0.19718412807472452 0.18512802695206265 0.32610459623552845
0.8456283151753128 0.007225123596855676 0.12564105097668876 0.02150551025114278
0.28385982369897766 0.32779112897543006 0.37099878839360423 0.01735025893198805
0.38379600979100315 0.33654059759221133 0.2287422744203479 0.05092111819643763
0.09376640952597814 0.38346616904148245 0.25570503412295964 0.26706238730957976
0.019901741520077176 0.16959057475671369 0.3810147420690786 0.42949294165413054
0.4710693834429036 0.27095292734042253 0.06181537030040607 0.19616231891626779
0.15444951836875043 0.1309096474765047 0.018688959383926673 0.6959518747708182
0.33489692425257644 0.04180171052864212 0.29111900953233183 0.3321823556864496
0.24751442161634019 0.08513962074844728 0.05481881537812294 0.6125271422570896
0.10594623682506454 0.15988049094450074 0.4656446714426893 0.26852860078774543
0.16301111015871828 0.36836188237039325 0.0235119234167267 0.4451150840541618
0.17582925895277524 0.12141642978958189 0.22608001130181876 0.4766742999558241
0.2728341901503327 0.04960587734025523 0.6747163012925169 0.002843631216895126
0.10245195821578412 0.5094227016567381 0.23441486073201312 0.15371047939546467
0.24630263829079369 0.2384644431513746 0.17953888144490682 0.3356940371129249
0.2895630377864732 0.0971764318025441 0.4603684545204152 0.15289207589056752
0.41641994436270946 0.13043518179697788 0.017475993430482117 0.43566888040983054
0.09354691421661188 0.5711792395368105 0.18178266372195395 0.15349118252462368
0.03944917560818828 0.47903382932969474 0.0010712970177473302 0.48044569804436965
0.1126015822479094 0.29950688934944547 0.5730222013343397 0.01486932706830546
0.07584969559091304 0.3593656450978252 0.3795476805121839 0.18523697879907786
0.2320155447813257 0.23160035066720042 0.10672747228744017 0.4296566322640337
0.33213122201751355 0.5292840604577417 0.0038675384596720264 0.13471717906507275
0.11498102625175632 0.36423784904237055 0.10200595256274181 0.4187751721431313
0.03151333786714772 0.29270870545466243 0.13519690685904961 0.5405810498191402
0.3407173403221613 0.19910467133677034 0.03313620444844989 0.4270417838926185
0.10322076472922082 0.08765990570684246 0.14278002697047465 0.6663393025934621
0.3408505929209228 0.3926552128637345 0.21846594683752774 0.04802824737781497
0.15148200897336872 0.5916254084666331 0.17704105089565747 0.07985153166434067
0.20769008383486742 0.36803471689904554 0.09286341334692527 0.33141178591916176
0.34747619395926976 0.05861357201501294 0.5896937566611357 0.004216477364581639
0.3741763282895121 0.3657559447286941 0.18363584198564664 0.07643188499614717
0.11376176073683564 0.15971894376215678 0.2813019888343756 0.44521730666663195
0.26338653927437716 0.18097056470999107 0.5139312782196268 0.04171161779600496
0.39429616303279247 0.1756100670065438 0.11281795644054138 0.31727581352012235
0.2617740636368636 0.0019535455124866097 0.6160374252852431 0.12023496556540669
0.3460303092314493 0.019893574263621705 0.09638998052566483 0.5376861359792642
0.018902140206333296 0.6301833019075942 0.32479892723512394 0.026115630650948574
0.026027410443060006 0.24872847677465637 0.67570817920789 0.049535933574393676
0.1687989822946181 0.2899567896766212 0.28453247723596586 0.25671175079279485
0.03718648648900669 0.055986211881537185 0.5919953660256444 0.31483193560381173
0.5344220388529428 0.01314518398636344 0.21044256065861133 0.2419902165020824
0.22621712022839124 0.4809385556597596 0.16503562561971719 0.12780869849213194
0.008265775459087243 0.3683712428293996 0.05918677328495614 0.564176208426557
0.15563586686545627 0.03909192028485142 0.03310125896047267 0.7721709538892196
0.21779951176507406 0.27058482983978704 0.2552366195723187 0.2563790388228202
0.08878510693624264 0.7026204246192611 0.08947109842928058 0.11912337001521567
0.25596049062358717 0.35816759153186306 0.28213559837527036 0.10373631946927941
0.5933471716353306 0.17675522283717704 0.20402849872093032 0.02586910680656207
0.08004613301372954 0.34524848568199096 0.22938166636842416 0.34532371493585534
0.3667139213564522 0.08340447617603597 0.206347844945576 0.3435337575219358
0.3651685321000988 0.20598021802042432 0.3898065471761335 0.03904470270334337
0.13776719234697588 0.13465774291558896 0.36660516001090304 0.3609699047265321
0.360071565043922 0.3980318648867047 0.0034707593837768336 0.23842581068559643
0.3178238995238667 0.08413037040667315 0.3719725226429176 0.22607320742654258
0.005850532040855283 0.03688531744662049 0.35792517745265207 0.5993389730598722
0.511547832596111 0.3141968105019828 0.14532881824737764 0.028926538654528544
0.11167083856199111 0.15943458290268164 0.533767067461987 0.19512751107334025
0.2191503130747262 0.23925605041399955 0.2328914709816433 0.3087021655296309
0.1903166971224567 0.04866839685034807 0.2298594278997731 0.5311554781274221
0.26303184964438686 0.07053010734563514 0.1754864145301812 0.4909516284797968
0.2356831337743308 0.4354167355660996 0.022247209217387987 0.3066529214421816
0.556595004649771 0.1471006998519504 0.20142283559556562 0.09488145990271302
0.18533247831557942 0.5650418952811668 0.1582154939185404 0.09141013248471341
0.4045581280668854 0.15178661498198054 0.05055883311294873 0.3930964238381853
0.2348147393305987 0.0945235266374953 0.16637073458221718 0.5042909994496888
0.4196475438775088 0.08859199857501576 0.36868895777165644 0.123071499775819
0.24364967347901478 0.05593851829313856 0.4699048684166637 0.23050693981118298
0.1473450803903923 0.367807151889848 0.30741266428963865 0.17743510343012103
0.23312402620237005 0.05295716322656685 0.5227121047674121 0.19120670580365096
0.13306286392024513 0.6868699403123526 0.04339090786442901 0.13667628790297326
0.00029789545569103293 0.3931976045776979 0.4280027625397048 0.17850173742690623
0.03050843636114975 0.4959621167090139 0.47133516683967835 0.002194280090157985
0.013038451233778892 0.38276396453574435 0.3490844069459701 0.25511317728450666
0.21179034915762673 0.02380917877906008 0.39098853076715256 0.3734119412961606
0.6101755696121047 0.02688620003052844 0.2798123987532911 0.08312583160407572
0.4789729861830331 0.19497541161408682 0.21200404554279473 0.11404755666008537
0.5184737472590781 0.3552632228443793 0.028615241139113734 0.09764778875742885
