45 10 4 21.9639173782952 43.92783475659039
9.9011036212804 5.945902541602529 3.5330257175955655 1.6956060947125544 5.000225463746228 5.255271727799368 1.4366980081580127 2.4699200338744007 2.0435564034815 6.646525144339834
1.98022072425608 1.1891805083205058 0.7066051435191131 0.3391212189425109 1.0000450927492455 1.0510543455598735 0.28733960163160255 0.49398400677488014 0.4087112806963 1.3293050288679669
0.6182944835673582 0.23788756502826625 0.13453963616217568 0.009278315242199908
0.4405308887745445 0.06916879527259678 0.46630363177040035 0.023996684182458372
0.22695478934228586 0.015803367437827176 0.5761152707852635 0.1811265724346235
0.6010041235231863 0.10536736108480982 0.21677805441967302 0.07685046097233084
0.2519501997915552 0.20578779166909134 0.37909145897140983 0.16317054956794363
0.09413892910049249 0.6324982672075317 0.09911676918918122 0.17424603450279463
0.18395198585753025 0.5578021421030793 0.11411494372301934 0.1441309283163711
0.2550567553368033 0.6672212221209624 0.06175858758045949 0.01596343496177488
0.3225899537209548 0.07978133023472989 0.0415028421277418 0.5561258739165735
0.14019181542772763 0.04755391272320186 0.5362666427189167 0.27598762913015384
0.2826672065311674 0.18768354187261804 0.17975167268376713 0.34989757891244744
0.11246089579599461 0.17722644445610025 0.3833806588795804 0.32693200086832475
0.07454078516154661 0.31344173244562035 0.09056978705452767 0.5214476953383054
0.11056545677251128 0.11433062523694659 0.18189645607883587 0.5932074619117063
0.11024132226573247 0.13978910557822666 0.30740227483811666 0.4425672973179242
0.31007393751622236 0.14159258913033124 0.43553671096330804 0.11279676239013836
0.06693827118834939 0.054994004246449624 0.050234541871632454 0.8278331826935685
0.25131625283785164 0.41501621838561586 0.012462903108836576 0.3212046256676959
0.06417229596609242 0.14291933230850906 0.44239432205303153 0.350514049672367
0.0947696581546128 0.2016177825269292 0.17194505665454496 0.531667502663913
