92 50 4 142.91506213903426 285.8301242780685
8.972924494938631 8.097234101233521 4.822553183275968 5.309826821624704 1.003186537583948 8.707303414664676 4.179895240029829 5.380741411351822 4.97145795653803 9.44722490439283 7.459109969553322 8.563142479565384 3.623665493210084 8.517118801556583 5.026933649493586 3.603522293289325 4.630429468499269 8.193599381025795 8.702528229634183 7.444516073809472 8.051047593584308 8.831190621599646 2.538654899121153 4.963498438766608 7.960601921913746 9.281054191266572 4.172910980619147 2.0714540441878277 4.361276390098025 2.6421998737745467 1.0701118799539582 9.250879986016752 7.772404722879258 1.9689942629184563 7.088153285377672 5.85038645121999 5.724230062827497 6.530478421513944 7.517717827129713 1.6129724848000586 5.204140621838083 5.153511522709959 8.41199914713734 4.319001840952161 4.402926203677826 1.6024420274555253 3.7113762293038466 8.844123985187927 5.37313146640665 2.8903389885593285
1.7945848989877262 1.6194468202467043 0.9645106366551935 1.061965364324941 0.2006373075167896 1.741460682932935 0.8359790480059658 1.0761482822703645 0.994291591307606 1.8894449808785658 1.4918219939106643 1.7126284959130769 0.7247330986420167 1.7034237603113165 1.0053867298987171 0.720704458657865 0.9260858936998538 1.638719876205159 1.7405056459268367 1.4889032147618944 1.6102095187168615 1.7662381243199292 0.5077309798242305 0.9926996877533216 1.5921203843827492 1.8562108382533142 0.8345821961238293 0.4142908088375655 0.872255278019605 0.5284399747549093 0.21402237599079163 1.8501759972033505 1.5544809445758516 0.39379885258369124 1.4176306570755344 1.170077290243998 1.1448460125654996 1.3060956843027889 1.5035435654259426 0.32259449696001175 1.0408281243676165 1.0307023045419919 1.682399829427468 0.8638003681904323 0.8805852407355651 0.3204884054911051 0.7422752458607693 1.7688247970375854 1.07462629328133 0.5780677977118657
0.13488626146209104 0.409648205510449 0.2476692150443386 0.20779631798312137
0.26595028761497774 0.45162976758460405 0.09805176827896367 0.18436817652145454
0.44588413796009996 0.14739731246212406 0.18424602318088712 0.22247252639688886
0.011682200972270795 0.4576488751275386 0.4735918511537376 0.05707707274645302
0.18752162812828044 0.3875638907009743 0.3682632399444502 0.05665124122629506
0.8859310299950054 0.000505883100497484 0.10262043302764601 0.010942653876851116
0.1854675964779583 0.10738613967724941 0.40011554287995066 0.30703072096484163
0.024091806084711176 0.00783972541340916 0.7633399170705008 0.2047285514313789
0.5195130579254226 0.3549217482378302 0.11058775273214883 0.014977441104598421
0.008520292661936657 0.06590877310252752 0.8466716943833117 0.07889923985222413
0.23660351106849087 0.48638083598314297 0.16903748212295755 0.10797817082540861
0.11837574854295008 0.5757533712303786 0.2591157078124018 0.04675517241426952
0.23196626729262582 0.08293765048872703 0.4497223030911395 0.23537377912750768
0.052126253361997055 0.3632141398766693 0.40664112306371725 0.17801848369761641
0.0075604631280210555 0.2000709339960366 0.5025588261667885 0.28980977670915387
0.0913554790253589 0.609441847510992 0.11887474698399114 0.180327926479658
0.06632717231572938 0.4670274962928156 0.3880786754916832 0.07856665589977185
0.0011369053030998444 0.11584844237134317 0.8794297594326703 0.0035848928928866597
0.44215584804069274 0.04617877031719486 0.3746952312341869 0.13697015040792548
0.10600315471761013 0.4350626177978293 0.1708441386249563 0.2880900888596043
0.10069783376576269 0.005498429059815457 0.012060999708867093 0.8817427374655548
0.07666534719749418 0.38065675643004204 0.13911155710302614 0.40356633926943764
0.3355604735677691 0.23718222323089333 0.330269499438579 0.09698780376275862
0.0671231753671262 0.17815019914238683 0.2922515294718082 0.46247509601867876
0.32685826534532814 0.18193717547940225 0.3935875463850943 0.09761701279017532
0.17171398799238713 0.5984350005933258 0.21390466958706533 0.015946341827221766
0.2340378827740539 0.008591290629623272 0.6071954685616635 0.1501753580346593
0.10108074077199913 0.3670240967888887 0.4656157316953762 0.06627943074373599
0.23966112423571106 0.24610057212486391 0.16300206236343895 0.35123624127598607
0.07764259549401598 0.14282090541676218 0.33259199766136827 0.4469445014278536
0.1823475111346753 0.4473294736421315 0.17714926847906465 0.19317374674412857
0.11131641377766655 0.5238966507792614 0.3473822603068547 0.01740467513621735
0.6337696394888482 0.0319724136661953 0.2615108088282918 0.07274713801666466
0.5810677945632985 0.100197211763835 0.19974854771841877 0.11898644595444774
0.6587797095101995 0.07006787051895835 0.2362758182040945 0.03487660176674767
0.013388795235033002 0.1064044973507895 0.006740793930993916 0.8734659134831836
0.26485609891707074 0.3657923481723039 0.33406815284072966 0.03528340006989572
0.13512743369473057 0.31318406281398203 0.39567152207685563 0.15601698141443177
0.028992055732313227 0.12827160232814727 0.30707874437025107 0.5356575975692884
0.12558597685606432 0.505430997807804 0.32566588025549115 0.04331714508064055
0.32636895836020674 0.15409828930777814 0.28424781096238083 0.2352849413696343
0.1078189921503393 0.705606183383784 0.06342771128727442 0.12314711317860227
0.20173819851370778 0.13924690112595695 0.19412064549922348 0.4648942548611118
0.07800120519395726 0.010492579547678127 0.3324731223057722 0.5790330929525924
0.07176573935631558 0.003666498318651623 0.6156977474451966 0.30887001487983623
0.19500062531554696 0.08422109476094097 0.3428294977097437 0.3779487822137684
0.1336324952686596 0.1023784844342508 0.648688552235529 0.11530046806156058
0.11123568085950497 0.5944279593996686 0.04168132475316755 0.25265503498765884
0.13746504180899255 0.2636846496351971 0.10823003030261502 0.4906202782531953
0.565494299385209 0.2191491660063697 0.1075510713050245 0.1078054633033968
0.08654682149095139 0.11315411060681346 0.5407830121921486 0.2595160557100865
0.029468553723913105 0.32357195143315454 0.5111673375673162 0.1357921572756161
0.45110398507064386 0.3220517668817614 0.052875369511486414 0.17396887853610832
0.04774350979601483 0.13686419148398976 0.7723376360910368 0.04305466262895863
0.2796089062855116 0.19842963157107074 0.05831316803054842 0.46364829411286923
0.23171934882513978 0.22071754262616294 0.1509877947914957 0.39657531375720156
0.3848339069853146 0.2624779710714855 0.29858164183390856 0.05410648010929131
0.03557627656619933 0.44286777876356964 0.07703412491589245 0.4445218197543386
0.10537433135772378 0.1735354144526432 0.4251958690876567 0.2958943851019763
0.48490037780932815 0.08934397357243407 0.3298443947853661 0.09591125383287169
0.16692360213964585 0.17584470659092 0.024477012052545932 0.6327546792168882
0.18458432655812718 0.45811827220782364 0.29520317518673034 0.062094226047318846
0.013436906978363194 0.34970404007215283 0.2608491980732851 0.37600985487619887
0.1873255874162233 0.2900951225370392 0.30065207148089534 0.2219272185658422
0.03412651134863176 0.30907435893838575 0.22414215968554918 0.4326569700274333
0.04849051908794055 0.4006922505894146 0.4683228678714547 0.08249436245119013
0.005188356321749521 0.4293109469565185 0.44274271899741424 0.12275797772431774
0.009325661498729598 0.7514025879540468 0.06456409232857319 0.17470765821865042
0.6014057556739811 0.19128523889313676 0.13122320839988244 0.07608579703299967
0.45843009486126984 0.15170004162283512 0.009685229149092311 0.3801846343668027
0.009497728619264456 0.5503011152295448 0.3238581863524369 0.1163429697987538
0.1597490454871059 0.5654192473923989 0.1968342510604688 0.0779974560600264
0.43124686637875453 0.5052707749612527 0.04513283975665461 0.018349518903338136
0.30348397455963916 0.009622304722400554 0.27508920791377867 0.4118045128041816
0.19122042113387994 0.36328374406702346 0.37158964804588623 0.07390618675321037
0.2936245207328053 0.34334318897289673 0.11344560188728425 0.2495866884070137
0.42993408768764074 0.05070366625019618 0.5075868479436129 0.011775398118550218
0.19308829250573722 0.1421972373439514 0.028410805304281084 0.6363036648460303
0.04951825669758958 0.6948215043715763 0.18522877358697853 0.07043146534385558
0.0944662616920835 0.3948150054596362 0.04743231504380785 0.46328641780447244
0.8439480216934155 0.037626335404095546 0.023357031321138755 0.09506861158135016
0.03945131599708296 0.7719667723745371 0.1715108684386384 0.017071043189741508
0.010307636431640899 0.2351079665927387 0.4240016129969879 0.3305827839786325
0.19413243832781024 0.3038668864395818 0.020730957207196643 0.4812697180254113
0.5248383204618962 0.0735092140999225 0.2508309106215002 0.15082155481668114
0.32386680266423373 0.16065636724088084 0.02098784729359726 0.49448898280128817
0.2236024967849607 0.20271490525387303 0.37171293956363605 0.20196965839753023
0.5199618638488691 0.02448047664036246 0.227654694185916 0.22790296532485244
0.21738457320533733 0.016612207862684025 0.47459715942248626 0.2914060595094924
0.25692593401548647 0.1364925865736749 0.5518060772616435 0.054775402149195074
0.2723858524065855 0.44851951131847634 0.02677754432003765 0.2523170919549005
0.26461026844801205 0.2829713653656012 0.2993441340059163 0.15307423218047045
0.6069326564888948 0.19146531407447454 0.1259111058907959 0.07569092354583473
0.1598105770400592 0.5456336228047594 0.02496966592834582 0.26958613422683564
0.02359218993629475 0.7054513649179975 0.1643582394278541 0.10659820571785361
0.7342656242367382 0.023522501427209574 0.19241291452602072 0.04979895981003146
0.039829868569541516 0.583958645667714 0.26836897874144194 0.10784250702130249
0.33283993229292985 0.2318996029586573 0.15719709486854816 0.2780633698798647
0.3960248090440309 0.2507091003497517 0.27440022765823247 0.07886586294798492
0.35275910725359505 0.2646291786366115 0.03679432424376927 0.34581738986602417
