9 30 4 84.5524136180841 169.1048272361682
1.0933673849712995 5.516871329338649 5.461959638207315 2.2044657606334894 2.278999769090847 2.9670280806347042 4.766573624594072 3.232910515722032 1.7565368604881506 4.109487760453601 2.500987118790893 8.907031769793932 9.558676284640448 1.3487353824908785 7.291966522588849 6.154838340124683 9.082064064026346 7.002090756276729 5.930540047418334 7.3218468166124975 4.478294526531989 7.249948099880124 8.423834180504933 5.191016278305392 9.464719685739905 8.23365793011086 9.850233234018992 2.526726318253904 5.689762403138175 9.509656752786166
0.2186734769942599 1.1033742658677297 1.0923919276414629 0.4408931521266979 0.45579995381816935 0.5934056161269409 0.9533147249188143 0.6465821031444065 0.35130737209763013 0.8218975520907202 0.5001974237581785 1.7814063539587863 1.9117352569280897 0.2697470764981757 1.4583933045177697 1.2309676680249366 1.8164128128052692 1.4004181512553457 1.1861080094836667 1.4643693633224995 0.8956589053063977 1.4499896199760247 1.6847668361009867 1.0382032556610785 1.8929439371479808 1.646731586022172 1.9700466468037985 0.5053452636507808 1.137952480627635 1.901931350557233
0.2431156753134085 0.4064247878470677 0.32130554892974894 0.02915398790977486
0.3469019537755197 0.2636357870726097 0.2957395360753783 0.09372272307649232
0.4779740135383469 0.20970007965432824 0.18273420323385592 0.12959170357346894
0.461697662470697 0.18541905107441436 0.27808336372599607 0.07479992272889258
0.03857092316235833 0.10016777661719356 0.6558091871989875 0.2054521130214606
0.4844984551528021 0.31665797654288386 0.10831977756256428 0.09052379074174977
0.3428052291614103 0.0323175333343636 0.12301684786601874 0.5018603896382073
0.21425596288493742 0.01805116436156118 0.18361153976829359 0.5840813329852078
0.3026306416600065 0.1917059634727002 0.2404292119034629 0.2652341829638304
0.1831527336532205 0.04168987847008365 0.3900898632389146 0.38506752463778127
0.10305405184612337 0.4365214730773005 0.09251615980903127 0.36790831526754486
0.2622732208029519 0.23783469963880732 0.2912103143026167 0.2086817652556241
0.13353967592343363 0.7081014724906435 0.07555155774635636 0.08280729383956653
0.26101658314752796 0.05283602363039441 0.17923811162503644 0.5069092815970412
0.24980456060231693 0.2559411227876873 0.014566261107149092 0.47968805550284666
0.036451248322167173 0.03674297290866291 0.7310414141479996 0.1957643646211703
0.3083843510756832 0.25180127122637386 0.11874194672854488 0.3210724309693981
0.7166490873934734 0.008699834472778445 0.00553288958071485 0.26911818855303327
0.24471954767634918 0.05797934045240938 0.5404179539233533 0.1568831579478881
0.08023349348478681 0.09838444167406557 0.3572703056847848 0.4641117591563628
0.6640493094413982 0.019421042452146042 0.17810442304295715 0.13842522506349864
0.5797107815939463 0.09351104512539998 0.27928932678982443 0.047488846490829295
0.15642290217843435 0.5782989388348972 0.16378526495780632 0.10149289402886208
0.39563747511048153 0.16881615756699964 0.07598767292215192 0.3595586944003669
0.41645775215958203 0.1622918591610053 0.005558024436314257 0.4156923642430984
0.5917516930676422 0.15166143980951396 0.16126220959489757 0.09532465752794628
0.44165318416092714 0.2529353078961082 0.11310710549376202 0.19230440244920266
0.6663579478569596 0.040259817002819 0.007977394181398756 0.2854048409588227
0.03242495886252683 0.2465615141676778 0.483365611358176 0.23764791561161935
0.10937339268700785 0.1797244385654897 0.07994216521552455 0.6309600035319779
0.18554168693446071 0.675290236291236 0.012568919875428075 0.12659915689887524
0.46353471398405754 0.03274700368712946 0.2619962691254618 0.24172201320335118
0.18735864706142158 0.2481968177049242 0.26797370903504236 0.29647082619861187
0.03945481767426706 0.013604606811125963 0.5849945602319919 0.36194601528261505
0.16260604656008082 0.006925367647796055 0.18338553902480503 0.6470830467673181
0.022866949969676864 0.24390742710226443 0.43096200805183627 0.30226361487622244
0.1996333286482247 0.21471299615139694 0.029765970244424844 0.5558877049559535
0.2166397127268621 0.3672584652869374 0.14518744261261307 0.2709143793735874
0.4300468142111865 0.12616967259246237 0.4145817080098071 0.029201805186544028
0.1093105151646997 0.02945864178997304 0.3531597823300735 0.5080710607152538
0.03796921692694821 0.2513300646212956 0.20130226662607187 0.5093984518256843
0.0835434299294453 0.017315161115776356 0.6571774338775497 0.24196397507722867
0.1125431140433566 0.40491712772547384 0.028614494761590947 0.4539252634695786
0.5758255178198639 0.21579766748687768 0.17353499815330498 0.03484181653995344
0.5214873031839404 0.29158417754432353 0.0899501147690055 0.09697840450273054
0.4063212708530659 0.36093283609951 0.06895289379216951 0.1637929992552546
0.33888996611535227 0.5800389221420653 0.04879007146832148 0.03228104027426093
0.6821527701714027 0.019217135762909066 0.19257283813257386 0.10605725593311432
0.6451189984951727 0.05866169449730818 0.1250005092570935 0.1712187977504256
0.380809518748513 0.42277912832700193 0.08224295735754095 0.11416839556694414
0.17847955589273656 0.10418670640293004 0.17934417900233757 0.5379895587019958
0.46363438246863564 0.012490071942613312 0.37713317600495866 0.1467423695837924
0.025569103332357845 0.3307403739925999 0.12058867284866936 0.5231018498263729
0.04546949815285262 0.09120351218537226 0.5445333704696057 0.3187936191921694
0.1779704602919232 0.5604923738644682 0.14497039192857775 0.1165667739150309
0.053877743676363554 0.1471599178023575 0.27253021876243977 0.5264321197588392
0.13607970210569964 0.5314647568199179 0.2494842985560798 0.08297124251830268
0.14296252407525012 0.6018510771822098 0.1655437919476248 0.08964260679491531
0.04186674974875759 0.14294762508175762 0.6731460389530732 0.14203958621641155
0.3803234809406789 0.43430113024892236 0.08436726416341911 0.10100812464697961
