22 60 4 159.68297964332214 319.3659592866443
2.8761448362295834 5.335129555870293 4.784842317829373 8.732637986692097 2.54045398250506 4.049775645433304 3.4347954996804804 7.219372154046365 2.983640649739531 8.30755828484818 1.094741868844976 6.050833269966998 8.323535686736768 7.705902664529521 2.702002197345058 1.055267797114884 7.948394843000826 9.620489512839477 7.317440956848801 3.6782044017854547 7.9119346776003185 7.193964924033527 4.4846513234292 6.536852425837506 4.847997158599066 6.258606788412054 7.323719669789067 2.0070565469530903 9.309429332600054 9.899976464769841 7.09669696139236 8.156482979118875 1.261687144042809 2.599831639321522 8.874349707499453 7.704388696317561 5.572811469053544 2.1550051164499155 5.3585581460779785 5.6419613906457835 3.8013819708194596 1.4109538833891146 4.939125940738896 1.8629614892623705 1.4068910071692418 7.16345846800415 8.642716706868212 2.126864648740258 2.1615760649065257 5.257540018680908 2.778026582488052 8.034604739442335 6.466724768277925 4.991500848492178 9.838261977219132 7.380598724255187 2.968573738797942 2.5073946832832044 5.848889257897183 3.8207870940815076
0.5752289672459167 1.0670259111740585 0.9569684635658746 1.7465275973384196 0.508090796501012 0.8099551290866607 0.686959099936096 1.443874430809273 0.5967281299479061 1.6615116569696362 0.21894837376899517 1.2101666539933995 1.6647071373473536 1.5411805329059043 0.5404004394690116 0.21105355942297682 1.589678968600165 1.9240979025678953 1.4634881913697602 0.735640880357091 1.5823869355200637 1.4387929848067054 0.89693026468584 1.3073704851675012 0.9695994317198131 1.2517213576824109 1.4647439339578134 0.4014113093906181 1.8618858665200109 1.9799952929539681 1.419339392278472 1.631296595823775 0.2523374288085618 0.5199663278643044 1.7748699414998907 1.5408777392635122 1.114562293810709 0.43100102328998313 1.0717116292155957 1.1283922781291567 0.7602763941638919 0.28219077667782294 0.9878251881477793 0.3725922978524741 0.28137820143384834 1.43269169360083 1.7285433413736424 0.4253729297480516 0.43231521298130515 1.0515080037361817 0.5556053164976105 1.606920947888467 1.293344953655585 0.9983001696984356 1.9676523954438263 1.4761197448510375 0.5937147477595884 0.5014789366566409 1.1697778515794366 0.7641574188163015
0.3140740298466136 0.4225921996710176 0.17487076786774647 0.08846300261462237
0.35764316974130783 0.3869212932112013 0.11388873290122081 0.14154680414627008
0.5681323703054622 0.10488362672170182 0.2687603890530389 0.058223613919797135
0.1578559141684922 0.35031132631920925 0.06362790594053269 0.42820485357176585
0.6972231799520315 0.16486463251023464 0.02441054279783572 0.1135016447398981
0.44080286851070616 0.06574260703263834 0.15076582705279307 0.34268869740386243
0.057952871572311215 0.3920888071055496 0.3538118895329435 0.19614643178919566
0.36241686423239117 0.46943587328317515 0.04033670198073236 0.12781056050370132
0.16892308055411542 0.22701410240458952 0.3083594376430209 0.2957033793982742
0.26704436661784337 0.16794268033313076 0.29595504113150817 0.2690579119175177
0.5389013429054401 0.026496692583865555 0.3069883755974099 0.12761358891328445
0.04895546575127907 0.16314738914083926 0.18595230212627356 0.6019448429816081
0.11557638066163867 0.4985321620273978 0.03702912471046815 0.3488623326004954
0.4517788243490799 0.36517109059593666 0.04675614007071183 0.1362939449842716
0.026716901748386812 0.4318747231872715 0.3776556631475505 0.1637527119167912
0.4715598247823619 0.06829505980699391 0.3688267616196005 0.0913183537910437
0.05196410414210806 0.32452919978598305 0.05439004402291303 0.5691166520489959
0.27705080775062785 0.23127653585852914 0.0033269343164951115 0.4883457220743479
0.1878703577436346 0.3662209214743637 0.30518926985992456 0.14071945092207716
0.2612231950610343 0.05458142013215328 0.4827466119485204 0.201448772858292
0.35089860250058036 0.39461803892782454 0.08912071873939187 0.16536263983220323
0.18199141156667276 0.20612883228132328 0.017754122032254238 0.5941256341197497
0.22500291335972156 0.31559423942780573 0.29300645716634444 0.16639639004612827
0.04671699281628905 0.5435447734534542 0.3906047236735096 0.019133510056747127
0.09863311430997679 0.29668493854650413 0.38207510139037415 0.22260684575314493
0.08555555540611037 0.09500186051559989 0.6266070394202135 0.19283554465807629
0.13395724268861364 0.547357242053418 0.27465196825372573 0.04403354700424267
0.03413318609729077 0.4349719788262064 0.3557967758836459 0.17509805919285693
0.07426182678102977 0.26687422345490175 0.3825052984933196 0.2763586512707489
0.3856478756384203 0.2299338608390441 0.00691857847935351 0.3774996850431821
0.19258926429661427 0.04712535748359481 0.3002822350418647 0.46000314317792623
0.2702709608552506 0.4955431325819143 0.008021197944084957 0.22616470861875015
0.11995862795621237 0.6993575032116968 0.13527194829678113 0.045411920535309735
0.4412371233208401 0.08415527963548808 0.04766159139858561 0.4269460056450862
0.3693220042549855 0.0716749342883749 0.28733399156771444 0.27166906988892514
0.08474432914872854 0.014255301270148735 0.49477576827365477 0.40622460130746796
0.07290652362018879 0.29874360699790525 0.2774413825730816 0.35090848680882436
0.09503729325046173 0.7895719573063394 0.09309273140660634 0.022298018036592482
0.1415828214848508 0.36716309191360086 0.48956337809202954 0.0016907085095188013
0.03489931126739765 0.04953497560506204 0.2018402260614589 0.7137254870660814
0.4737866606870079 0.19668618177197839 0.08128691269356458 0.2482402448474491
0.1965416108967286 0.1545113097094719 0.4537055494393978 0.1952415299544017
0.08337664419408641 0.08422821839836803 0.8233786853883198 0.00901645201922574
0.045055813731915584 0.31421645163295675 0.20123735378236784 0.4394903808527598
0.06207543004290317 0.5787861616509441 0.0007767681591663855 0.35836164014698635
0.5364895476356428 0.02263683358949886 0.020302902915928844 0.42057071585892947
0.6429505064146964 0.3300553537035562 0.01718123809862282 0.00981290178312455
0.16485870958581972 0.2871585074233468 0.06429183185278675 0.4836909511380467
0.20900763201317285 0.1533892668853618 0.008002167117297398 0.6296009339841679
0.0766487297259637 0.2468839335120091 0.2821215178044594 0.3943458189575678
0.15653697799067068 0.0961563364535577 0.667736108877894 0.07957057667787759
0.10885918308000486 0.003225156361367554 0.39261247608405636 0.4953031844745712
0.5099928682059924 0.03695269254947897 0.3703491245315408 0.08270531471298781
0.4745333290501076 0.49577879911648115 0.011226330809553153 0.018461541023858108
0.5930034370529494 0.2939411535405063 0.004588272917400382 0.10846713648914386
0.5975536575049502 0.19918068167522518 0.174608068414978 0.028657592404846666
0.20236204618277365 0.6953604036069088 0.0001602064045406193 0.10211734380577697
0.15284029579947234 0.5300100263932377 0.0556509130259355 0.2614987647813545
0.008356193007746593 0.15432549721802935 0.16206026927275263 0.6752580405014714
0.44452637016987784 0.018280559685569298 0.18600125395870637 0.3511918161858465
0.08625567976924198 0.13288168209509388 0.6094030030827093 0.1714596350529548
0.005512411903590642 0.1720246260324565 0.7756112109988074 0.0468517510651455
0.02304901267712911 0.14106532076187217 0.07800862326078717 0.7578770433002116
0.32375160991167895 0.14620080339347408 0.03361040821063932 0.49643717848420765
0.030453593675645596 0.2213819171192497 0.38336067873259505 0.36480381047250965
0.20002865147795024 0.7326171001161514 0.066676670044849 0.0006775783610493136
0.7903060350188497 0.017366024199376384 0.04353873730984947 0.14878920347192448
0.028732626188844312 0.1736950001957871 0.40028037141759576 0.39729200219777283
0.19343626241123058 0.5695596492315884 0.12649992643454322 0.11050416192263779
0.5146685042108027 0.14915084378809185 0.22337468915492953 0.11280596284617594
0.007408867991093193 0.027106149128352408 0.31556041265586554 0.6499245702246889
0.7248406917784315 0.01124004267990164 0.19722106019743502 0.06669820534423188
0.03709209948967984 0.7193521335358127 0.168591088361965 0.07496467861254241
0.5003814625412049 0.10429358179785742 0.04446376866348967 0.35086118699744806
0.1546168560073785 0.07434820310170598 0.2814178531105628 0.48961708778035273
0.03525687011793488 0.04362472120544869 0.6162572685809659 0.3048611400956506
0.5784844816893525 0.3600728026909539 0.03300630097063184 0.02843641464906177
0.17891537035148664 0.16113127521210702 0.6577676434925704 0.0021857109438359057
0.04351748164020386 0.3643869365893271 0.07577152548688959 0.5163240562835795
0.06273854583665517 0.020041670317956783 0.9153468119640545 0.0018729718813335072
0.25309932195697216 0.40309653452272187 0.06543057701670196 0.278373566503604
0.663517140268703 0.11292156088499883 0.0711572947977076 0.15240400404859056
0.005999501419766795 0.4583322583433703 0.0448658200792198 0.4908024201576431
0.5692352679629824 0.2197754999097119 0.018595687419341256 0.19239354470796444
0.19078757459849527 0.2573633371073296 0.1821395618541679 0.3697095264400072
0.004424057058423636 0.44889449899338163 0.544365765127424 0.0023156788207707724
0.4427815818771681 0.09057339035508072 0.10520738504093874 0.36143764272681245
0.43590873889026993 0.07318933327172483 0.40879277234991607 0.08210915548808917
0.5591303694492671 0.18470950034880984 0.11360676247709911 0.14255336772482397
0.13272304660747247 0.3068616630683235 0.49962533777748874 0.060789952546715265
0.5391522839379332 0.07208310172102672 0.34790488436256883 0.040859729978471204
0.5796218025666536 0.009460737115010831 0.10734366888654767 0.30357379143178786
0.16853418667348852 0.251523899827215 0.2497716216237874 0.33017029187550906
0.34318709159599636 0.1184764010049032 0.00021797606990070495 0.5381185313291997
0.10848146527958291 0.12472397000642965 0.5156892827904744 0.251105281923513
0.07597209972196106 0.3114955685657901 0.5400098923052195 0.0725224394070294
0.08353642553665086 0.5032146462012912 0.048129600102616577 0.36511932815944137
0.24668447288721684 0.3518032636682652 0.26499107661247245 0.1365211868320455
0.0854670099632292 0.3236630028984049 0.15352704117220828 0.43734294596615764
0.17738310952472258 0.4163499298306642 0.004776532555156754 0.40149042808945645
0.41568933449931667 0.1773054274947865 0.11297757153880728 0.29402766646708955
0.3093621104422112 0.30502307877490786 0.24334012497505386 0.1422746858078271
0.035683434769886446 0.812538596029457 0.11299992231672085 0.03877804688393571
0.08808089259576402 0.1347655791059651 0.11914419254602393 0.658009335752247
0.31308090880868455 0.08241890634943283 0.13682986900017302 0.4676703158417096
0.18311328223873646 0.24719068057501026 0.09733938662426933 0.47235665056198395
0.012398541640499028 0.5075877530166444 0.02676288130417248 0.4532508240386841
0.2562284671695474 0.1753796826040971 0.14744361133483486 0.42094823889152067
0.20741162049946926 0.06563060923141395 0.3233185692335324 0.40363920103558437
0.19026685671748678 0.4370988247086921 0.0792996473468931 0.293334671226928
0.08121051918434286 0.2371437670100569 0.4127575962071933 0.2688881175984069
0.06605126019846663 0.41769563084061856 0.19388272972557186 0.32237037923534295
0.4170235506518686 0.31311973831897544 0.06065951638220268 0.2091971946469533
0.10304271951918564 0.2379181867547142 0.10528704294213809 0.5537520507839621
0.15511887334706886 0.2313479427692473 0.3628218276234463 0.25071135626023755
0.23701178654944 0.08661462382975604 0.08256056830919256 0.5938130213116114
0.44217911182250813 0.014115009292844483 0.44128209176623023 0.10242378711841715
0.040297561223197276 0.020406293090995176 0.8644207903653159 0.07487535532049161
0.01722703671924819 0.7660377582221776 0.18392998458866872 0.03280522046990553
0.033440960387530416 0.16477486393596563 0.08144296540733331 0.7203412102691706
