4 10 4 31.036367150487575 62.07273430097514
9.70326855112309 5.925090242581501 9.75415923968396 7.433343943069282 7.2795594213754375 2.9448054602233875 9.786470092986177 1.0560722968413088 3.2768412614509956 4.913123791640012
1.940653710224618 1.1850180485163002 1.9508318479367919 1.4866687886138563 1.4559118842750876 0.5889610920446775 1.9572940185972354 0.21121445936826175 0.6553682522901991 0.9826247583280023
0.16384224140469872 0.6155406803890537 0.0836103138054698 0.13700676440077775
0.008986097667554982 0.03517396026394459 0.3919865889482981 0.5638533531202023
0.17316542149594816 0.42757729988182114 0.18556326455729166 0.21369401406493904
0.521696122444958 0.006212700972962337 0.20547134409264955 0.2666198324894301
0.15822340718479944 0.24327203640547346 0.1229086364782005 0.4755959199315266
0.3755757685875424 0.021324234314190282 0.3705049641883912 0.23259503290987615
0.5547408629425585 0.13192621697378726 0.20883408613980026 0.10449883394385395
0.4977941146173057 0.13976295840143094 0.28082596612102606 0.08161696086023729
0.33117450309112273 0.49901359900722353 0.07447948664502069 0.09533241125663305
0.5956881170683345 0.0015784902508404475 0.24817704177493838 0.1545563509058867
0.19768507460025309 0.3996488693326061 0.38606673324245355 0.016599322824687235
0.3865712826436294 0.5624060241379334 0.007675660932673134 0.04334703228576409
0.07494858701310703 0.09302359670529681 0.6983171148632946 0.13371070141830155
0.10819338288723068 0.30025047726478404 0.5291277237989273 0.06242841604905802
0.5452026517032128 0.09240759242278085 0.012194864893348645 0.3501948909806577
0.17897391004113083 0.32355914928580354 0.1213830542212887 0.3760838864517769
0.25367964866138315 0.10917393977174328 0.2620772556309713 0.3750691559359023
0.18244540457120684 0.009000997547756517 0.24037566922226428 0.5681779286587724
0.40482521731090604 0.011951087367456537 0.15536246559438605 0.4278612297272514
0.08466161102041025 0.16079209756269186 0.6155606031699699 0.13898568824692803
