87 50 4 138.5217298441365 277.04345968827295
6.906377667096612 9.594112392219047 9.737884314944347 1.8804895958384846 3.1667042420306286 8.817777882224114 5.927076410072622 7.472379681358821 9.331153124415867 6.553347554003919 7.001743225786027 4.005116571531379 2.646198953204893 4.262153783245832 4.616704798638317 7.857197742024841 3.4006152052178713 3.4038597108362567 9.78469272679685 1.5602458454742558 4.772889390872886 4.161248409341921 1.8053683502239966 2.7762210229177144 9.467722940009363 1.0950888896639104 2.674952744827575 9.869390717181142 4.062261971522252 3.938883506146378 6.885193050857186 1.1981502181983137 2.7283489613846292 9.572337053807967 7.756328911250041 3.042567219567424 6.741032792850437 1.2875325643991362 4.709864939308468 9.523742493002652 7.852280334589692 5.158157718731162 4.225405795785594 3.4461162642098104 2.4757419939853915 6.839657520549894 7.299559544160618 7.782585777684338 9.40497446797871 6.564022696303387
1.3812755334193223 1.9188224784438095 1.9475768629888695 0.3760979191676969 0.6333408484061257 1.7635555764448227 1.1854152820145243 1.4944759362717641 1.8662306248831733 1.3106695108007838 1.4003486451572054 0.8010233143062757 0.5292397906409786 0.8524307566491665 0.9233409597276634 1.5714395484049681 0.6801230410435742 0.6807719421672513 1.95693854535937 0.31204916909485114 0.9545778781745773 0.8322496818683842 0.3610736700447993 0.5552442045835428 1.8935445880018726 0.21901777793278207 0.534990548965515 1.9738781434362285 0.8124523943044505 0.7877767012292756 1.3770386101714371 0.23963004363966273 0.5456697922769258 1.9144674107615933 1.5512657822500082 0.6085134439134847 1.3482065585700875 0.25750651287982723 0.9419729878616936 1.9047484986005305 1.5704560669179384 1.0316315437462324 0.8450811591571188 0.6892232528419621 0.4951483987970783 1.3679315041099787 1.4599119088321237 1.5565171555368678 1.880994893595742 1.3128045392606773
0.013435769845112744 0.6851173830130843 0.14863263753569478 0.15281420960610814
0.3059460462334047 0.10225534788599033 0.3948354693110069 0.19696313656959807
0.049269671285265826 0.079604442062428 0.3040239221875599 0.5671019644647463
0.1932492531169835 0.16021531215331974 0.2536465603154978 0.39288887441419895
0.09926015266712118 0.07808168406309479 0.0782457148881468 0.7444124483816372
0.46840640685740154 0.02194167500560873 0.3329042752209158 0.17674764291607392
0.8268197218491675 0.0768635453315556 0.024091279919128405 0.07222545290014848
0.01455872474920672 0.03865535240447937 0.8677231941953008 0.07906272865101316
0.03785655105330277 0.42292505590998963 0.3621697222039658 0.17704867083274178
0.18779133386451463 0.08952038050602218 0.43253759737032194 0.29015068825914125
0.6291861559757751 0.31009980377071544 0.047399890431877756 0.013314149821631704
0.10767012190947867 0.5136543822213698 0.2586068611507524 0.12006863471839913
0.12515465461466335 0.37097218132871945 0.48501326373039455 0.018859900326222645
0.12776722743960212 0.30302045971501346 0.078011776441552 0.49120053640383243
0.531736854312618 0.3521491011434452 0.08287307168343772 0.033240972860499096
0.0190216272664937 0.45289080202942444 0.16302913826209142 0.36505843244199043
0.8569876056808177 0.0024462736104143845 0.1049289973693539 0.035637123339414045
0.022675491554436933 0.10213136359305841 0.3077674004774693 0.5674257443750353
0.11120755401369486 0.627368384721849 0.01547823270102866 0.2459458285634275
0.16140211266603965 0.26242850616443825 0.262237492449098 0.3139318887204241
0.24887857142996128 0.10524148447840742 0.02914530425752404 0.6167346398341073
0.14553939530389848 0.06355184559984339 0.3618029589557048 0.42910580014055333
0.027739500352295665 0.178748998696581 0.6252552427765572 0.16825625817456613
0.22092090851918733 0.08406403111715854 0.1992337592616762 0.49578130110197793
0.3429247969570087 0.1977653655529864 0.009814200981769217 0.44949563650823565
0.06764551315445866 0.2487647558984084 0.36935503089596067 0.31423470005117227
0.17409448514140025 0.28924852720218397 0.3064991681946774 0.2301578194617384
0.30513237302830987 0.30648556135170113 0.3612150798433905 0.027166985776598485
0.18747641015825955 0.2178085552107515 0.45106801002374664 0.14364702460724232
0.06617035628175838 0.14993421694129427 0.17682109102669563 0.6070743357502517
0.4072145256782528 0.3289659036835404 0.06531632119740582 0.198503249440801
0.039646354677162376 0.40909915868522817 0.3790338511342669 0.17222063550334255
0.10548565162829537 0.43143252745713223 0.04746238412734294 0.41561943678722946
0.2812222280794514 0.03712934427689374 0.27560688500249997 0.4060415426411549
0.1903167280020246 0.5338408917115113 0.21785537451919412 0.057987005767270006
0.13714644573959434 0.34283384195611466 0.40275203685404226 0.11726767545024874
0.4025241326664306 0.545923254008107 0.040067823325595775 0.011484789999866574
0.1268428687571752 0.20823885179802593 0.045340990910446966 0.6195772885343519
0.09260628198740695 0.5206928486423518 0.2552361065805572 0.1314647627896841
0.22753173825314155 0.4080371918424398 0.006074215556422735 0.3583568543479959
0.1370740214166084 0.1180613430757037 0.4306462305847748 0.3142184049229131
0.12175526934369363 0.7739819912767355 0.016129622009055766 0.0881331173705151
0.5618469984261851 0.20095977790006314 0.23036911684166117 0.00682410683209056
6.907538794920232e-05 0.44472305046390515 0.4445444339445104 0.11066344020363528
0.05712519539544858 0.3764770225695703 0.1921898937411879 0.37420788829379326
0.301730058588382 0.1111842452343107 0.3753234484631023 0.21176224771420504
0.10429000165066982 0.47351151781401146 0.04868437858201535 0.37351410195330337
0.3214387976111668 0.16291482049195194 0.20592715190452704 0.30971922999235424
0.006775076975238603 0.3406528620809325 0.2118728138664564 0.4406992470773725
0.25951810616973303 0.19362693488448968 0.3417234812705915 0.2051314776751858
0.2071523251755012 0.6138084161326709 0.07045073775210442 0.10858852093972349
0.22545637843580102 0.05018364999397573 0.1949372436772563 0.529422727892967
0.2647274021289385 0.18940759538235552 0.13446025197091127 0.4114047505177947
0.4864422244505876 0.062001768988582895 0.08669569928280807 0.36486030727802143
0.47785619638782273 0.12712884748053155 0.37170332075134593 0.02331163538029979
0.009054484934107876 0.025884314411005693 0.452791730483889 0.5122694701709974
0.5258591930028916 0.013982274324987554 0.29702488735085086 0.16313364532126995
0.03508918777833525 0.2800394583339756 0.0697348569952273 0.6151364968924619
0.33150419289640487 0.19253156660654003 0.40251395443344007 0.07345028606361503
0.38524449898687263 0.2637394731644026 0.29259223917606236 0.0584237886726624
0.4559828255138677 0.03535090337115665 0.34382808207286775 0.1648381890421079
0.6597153483022601 0.0838659487604494 0.04572193664301205 0.21069676629427847
0.4351741379776326 0.22560642411611354 0.045626782957041145 0.2935926549492127
0.2460747272116488 0.4997717731199258 0.07316258230437767 0.1809909173640477
0.5679994536652642 0.06891391140534409 0.18565250315713533 0.17743413177225642
0.45075154190443634 0.23688946579515935 0.008835925656664356 0.30352306664373996
0.29584581535903964 0.31264274812918746 0.07444223899501012 0.31706919751676277
0.6141499230816722 0.05172961670055731 0.26352233276844916 0.07059812744932137
0.20167051314531637 0.04044079373839238 0.09149831914907114 0.6663903739672201
0.23198227398644944 0.35715014823786284 0.3217584558058513 0.08910912196983645
0.1840869613590933 0.12169389891351878 0.5161168012626259 0.17810233846476198
0.0956019784737473 0.4074201962130567 0.4845704444137745 0.012407380899421505
0.47769622429635505 0.08761061975032503 0.033180442383030195 0.4015127135702897
0.18037286670593855 0.2501296355643683 0.07636037473574764 0.4931371229939455
0.20666623342378987 0.4486673471019449 0.2804083058940511 0.06425811358021416
0.5020166403140374 0.11227315783102876 0.02024038783173665 0.3654698140231972
0.30685369932930073 0.38312492219603855 0.008039928853750045 0.30198144962091067
0.22049886443171096 0.03322946028976337 0.19228011039124882 0.5539915648872769
0.18635348167962862 0.2541830225023959 0.1450563391562638 0.4144071566617117
0.10569714348810921 0.4147855189985784 0.32746733915647686 0.15204999835683553
0.020631793377538732 0.07433344299099742 0.12315368412735483 0.781881079504109
0.35279767893478653 0.22595310220838094 0.1461811475950482 0.27506807126178434
0.5504340022424478 0.08136792658106873 0.32784853989779483 0.04034953127868868
0.2310340692532158 0.3216622305165704 0.15100842791126268 0.29629527231895114
0.4894685809950984 0.06992812126475267 0.19853267731563984 0.2420706204245091
0.2112209708506836 0.23015504440614043 0.2602094230469322 0.2984145616962438
0.05332652190317755 0.7794994711136127 0.10121074174792444 0.06596326523528528
0.14074297313637296 0.3989781230535524 0.4166278771942238 0.04365102661585085
0.054243769339077264 0.2945197339516433 0.4999820204574372 0.15125447625184218
0.3463924546724214 0.04044340784415601 0.28295877821223125 0.3302053592711913
0.3071306203640328 0.26830980968654994 0.292394083824032 0.13216548612538526
0.15221642886693232 0.0653492682797241 0.09870761747961954 0.683726685373724
0.0067757018530929525 0.27115246263029313 0.6221174290506852 0.09995440646592868
0.16510557938609283 0.011396397615465292 0.0649245005187149 0.758573522479727
0.3936902950323449 0.12438563377654666 0.3811709118661659 0.10075315932494255
0.060704694957601446 0.26207782794020396 0.6515755901782546 0.025641886923939983
0.03720158520399497 0.0813302064850624 0.170369145943433 0.7110990623675096
0.0909307602693803 0.5938868162634307 0.05496705395163104 0.260215369515558
0.4802277924238346 0.2029053191838549 0.22506146038188468 0.0918054280104258
0.12442740314804834 0.0013627159849313175 0.5536601739707926 0.32054970689622775
