32 60 4 168.77601770193158 337.5520354038632
8.730003405637358 4.354400394777519 5.996159001987371 9.600908940925908 7.630026382101014 8.345846252012327 1.9097790427776227 9.356392633671433 6.481982520921783 6.368980925109474 1.8260572131658186 4.106676189748219 6.964772708670289 4.975421396151122 5.963390077545645 7.333412422843752 6.304611081713641 1.4493948347399197 6.056126559413171 7.8972262513679015 9.198174967009841 1.8361895215418964 9.122692511009943 5.148643652941719 5.068166226235665 9.994829383723195 2.4618136919747933 7.384335257792371 2.4456166947796807 8.296990912806374 1.3163245716326744 5.813980558707421 2.498501107234262 3.7756934197096133 1.4055617160228768 3.147185136915206 7.073510767573798 8.041444745658723 7.256814710899674 3.960590044637355 5.44628679671726 5.717092264492894 3.6868712075823074 5.167973261506978 9.863058633615669 5.510214289282442 4.582652021893361 7.551147851851575 8.769978733358881 1.2355258350786724 3.6101546296791662 8.101622747271232 5.114077025321613 1.0623563240038045 4.774019110960328 3.9760728744186844 6.437369149233716 3.9215875298481553 9.831259725587548 6.294087558070653
1.7460006811274718 0.8708800789555038 1.1992318003974742 1.9201817881851817 1.5260052764202028 1.6691692504024656 0.3819558085555245 1.8712785267342866 1.2963965041843566 1.2737961850218948 0.36521144263316374 0.8213352379496438 1.3929545417340576 0.9950842792302245 1.192678015509129 1.4666824845687505 1.260922216342728 0.28987896694798393 1.2112253118826342 1.5794452502735803 1.8396349934019682 0.36723790430837927 1.8245385022019884 1.0297287305883438 1.0136332452471328 1.998965876744639 0.49236273839495864 1.476867051558474 0.4891233389559361 1.6593981825612747 0.26326491432653487 1.1627961117414842 0.4997002214468524 0.7551386839419226 0.28111234320457534 0.6294370273830412 1.4147021535147597 1.6082889491317445 1.4513629421799348 0.792118008927471 1.089257359343452 1.143418452898579 0.7373742415164615 1.0335946523013955 1.9726117267231338 1.1020428578564885 0.9165304043786723 1.510229570370315 1.7539957466717762 0.24710516701573448 0.7220309259358333 1.6203245494542464 1.0228154050643226 0.2124712648007609 0.9548038221920656 0.7952145748837369 1.2874738298467432 0.784317505969631 1.9662519451175098 1.2588175116141307
0.09642990663856532 0.03466204167416198 0.2268864519715651 0.6420215997157076
0.27070274792734816 0.156300296420966 0.19709848232431326 0.3758984733273726
0.2921747478240383 0.11290536801976392 0.06764300095913234 0.5272768831970654
0.2878295455186013 0.14335606612519336 0.269587585298792 0.29922680305741334
0.042663541406911865 0.1287003266877068 0.33274965521055366 0.49588647669482766
0.532939677433977 0.09279244355033167 0.189433468179114 0.18483441083657737
0.29043623903612403 0.29645300269782027 0.21803326736900974 0.19507749089704596
0.12730548551288245 0.5045262214972047 0.12322197944675184 0.244946313543161
0.09425336503598114 0.3124221655320464 0.12491893634728157 0.4684055330846909
0.3813085330899487 0.22290699563790606 0.09909692526998037 0.29668754600216485
0.04512081718521643 0.47111841695520273 0.24515177292847345 0.23860899293110738
0.1595844702708844 0.33976792675886147 0.0990579334621905 0.40158966950806363
0.5659992036150545 0.1775637349610878 0.12333238144294478 0.1331046799809129
0.006845834130041917 0.4434296293735047 0.16094915185113767 0.3887753846453157
0.011096929892732588 0.14543547409992985 0.2323102908412712 0.6111573051660664
0.14020093166504077 0.632856329446305 0.20843272793283407 0.018510010955820166
0.36902067442257425 0.09829936177982301 0.1338755346883388 0.39880442910926395
0.08563918190381448 0.3031912989203559 0.23277255017195397 0.37839696900387565
0.18953057252900685 0.022185002633230533 0.5541724734653389 0.2341119513724237
0.1410486337769331 0.5593180931845967 0.01669775028046505 0.28293552275800515
0.044025079437355674 0.43506821392889394 0.07321221060585603 0.44769449602789435
0.3053399211633677 0.122795062018491 0.2985686012601467 0.27329641555799455
0.09177311712299097 0.07850731219401963 0.11639023368731005 0.7133293369956794
0.04914806374449221 0.44544907982660364 0.4226693792739692 0.08273347715493495
0.16518145384038985 0.5767051231516535 0.10418142725486546 0.15393199575309124
0.17325131471483501 0.09124389806593758 0.6364432367883153 0.09906155043091214
0.12386250542970678 0.08172648697317697 0.3803826032111248 0.4140284043859914
0.09344585393821647 0.4713375726302529 0.1307175446861928 0.30449902874533785
0.486294273696697 0.00966520715327801 0.47238014648266824 0.03166037266735677
0.24096220861481954 0.5800025703998003 0.024120983870412283 0.15491423711496788
0.32442721771417404 0.4591487753942709 0.09084839589481741 0.12557561099673764
0.25816254565296715 0.2597254816591311 0.4527927797524284 0.02931919293547336
0.48713270818720555 0.02477809764840322 0.45928485513736106 0.028804339027030168
0.49165995619322567 0.15665391550089702 0.31188565693860126 0.03980047136727605
0.014770407894532545 0.28956568650168857 0.4339253103463673 0.2617385952574116
0.10632490658303007 0.01463623512654888 0.3616824734992842 0.5173563847911369
0.04825405343867284 0.5568628145277683 0.06021800796582499 0.33466512406773385
0.18027392420530508 0.011734320139312637 0.6585946977582687 0.14939705789711355
0.514705355935294 0.092179807777244 0.034941815345235216 0.3581730209422268
0.1557718849804568 0.0029752947124733753 0.23658827941404703 0.6046645408930228
0.0048780397048603374 0.2599632227810966 0.09130607565633686 0.6438526618577062
0.2893386842444934 0.18787795849582745 0.37683236960327615 0.14595098765640302
0.46487999651053646 0.07539801845910099 0.011859326383078073 0.4478626586472845
0.1395667810811766 0.14091319520217283 0.4758856048025323 0.2436344189141183
0.04662310651389867 0.24231524608714794 0.10382524016097472 0.6072364072379787
0.6025574274120881 0.0561353181085158 0.1338666824248802 0.20744057205451594
0.9164232357650387 0.02291260280038465 0.01717188505182854 0.04349227638274811
0.27568908218555377 0.09807028261985873 0.11432588038584901 0.5119147548087385
0.10224902818013126 0.27406361751649033 0.34892044181945436 0.27476691248392404
0.3473147507696437 0.5393276697883733 0.10929471649513067 0.004062862946852319
0.8816333240240364 0.0494104157371984 0.04938384745953339 0.01957241277923183
0.5012926856358636 0.3042212897394607 0.12394607051919604 0.07053995410547964
0.42414567119666535 0.03758359337211892 0.06956742976242558 0.46870330566879015
0.021683916340511034 0.4506174134349362 0.5205068226171773 0.007191847607375457
0.2243717504036794 0.20792594928105357 0.015378781919848428 0.5523235183954186
0.494399982479663 0.07107689417432173 0.3700823258471114 0.06444079749890386
0.6367804078687224 0.07704370894863644 0.27089152534271943 0.01528435783992177
0.68494181447567 0.16353254567777997 0.120099894564764 0.03142574528178599
0.17059638285021728 0.08454137787156357 0.25047199163900036 0.4943902476392188
0.4301016998815148 0.05110316195115272 0.176287229164506 0.34250790900282646
0.014999977413722387 0.5059777262236322 0.2632570830219282 0.2157652133407172
0.1298177834681652 0.06813403930363537 0.4423371164715 0.35971106075669945
0.3761490407356681 0.014477435971224417 0.16225611345844626 0.4471174098346612
0.21031454511871583 0.5660949112257508 0.0073521724922887 0.21623837116324462
0.13312513390074243 0.09326172041645564 0.01907736366938373 0.7545357820134182
0.37485617684307626 0.2594668567714986 0.10106251477029993 0.2646144516151252
0.38836719306499334 0.26748016025531507 0.22380204660493141 0.12035060007476017
0.21281150919852043 0.3660591753917988 0.37869171961739023 0.04243759579229056
0.1277268853895156 0.09499252677592074 0.6078595630346882 0.16942102479987542
0.18538948338062677 0.06840845758136815 0.02966860794294035 0.7165334510950647
0.27705391812461166 0.46413396225737436 0.20136762650014006 0.05744449311787392
0.41761246950724984 0.2649023949801702 0.31242318964418225 0.005061945868397699
0.045708724123834754 0.16027702964693424 0.7460910541746971 0.04792319205453388
0.04400528066838716 0.3779043205075353 0.08644077717153598 0.49164962165254156
0.5783558355480912 0.18512034158325086 0.129912023705972 0.10661179916268593
0.008677326140518526 0.20494160237655146 0.3591732914875756 0.4272077799953544
0.4135607241308319 0.274965015744436 0.11958670534282578 0.19188755478190633
0.051668924688842766 0.42429854603000006 0.3132635020057031 0.2107690272754541
0.23671207735935584 0.32602758168572354 0.35571169251289625 0.08154864844202436
0.16743427745966943 0.0224019036329407 0.37738631417118984 0.4327775047362
0.28626048793098224 0.5583688058070803 0.02990565566979153 0.12546505059214597
0.35219553575141294 0.48118887064952276 0.02404530323207843 0.14257029036698587
0.1944249437647969 0.00381016892028474 0.36109546204853193 0.4406694252663864
0.08326964169530848 0.492768039923308 0.3807458519303579 0.043216466451025615
0.07574376118379011 0.5229438393646106 0.25919313653476506 0.1421192629168342
0.3031482134963879 0.30112480692938204 0.22422683591801995 0.17150014365621014
0.2442320812182408 0.01701909926150169 0.6352587420870409 0.10349007743321659
0.20890913189343108 0.5088075784050007 0.22935381300467728 0.052929476696890965
0.5910158770883769 0.04549783475347979 0.34990408588710364 0.013582202271039678
0.2386933828237463 0.33492180132425153 0.28020643240790555 0.14617838344409662
0.6377384935251045 0.12675981908243728 0.03716633174464956 0.1983353556478087
0.13547948036316626 0.6717206033899347 0.16806328288481598 0.024736633362083094
0.00821183532894798 0.2511938639414051 0.33276219224833814 0.4078321084813088
0.26883663934301016 0.36526186946265027 0.21129225296802923 0.15460923822631034
0.03695473144514627 0.2238959211953594 0.6859207095360866 0.0532286378234077
0.39816275127851153 0.331150936302709 0.1029488576947667 0.1677374547240128
0.2776172147053496 0.0851076062404541 0.28270371379512915 0.35457146525906713
0.18273467821403333 0.5635993057663551 0.14980341649547468 0.1038625995241369
0.6893084004669467 0.0908696579781727 0.014274870656294736 0.20554707089858582
0.03192384276485305 0.5912685134161629 0.15889553266594436 0.21791211115303966
0.02340906235722484 0.4732483555439859 0.3184653298571728 0.18487725224161644
0.14407118686271714 0.4975896531384316 0.33030954429692294 0.0280296157019283
0.09476954140682792 0.3462398090737112 0.04265246283994095 0.5163381866795199
0.3338370416396297 0.10128199524398818 0.3328146746254397 0.23206628849094246
0.3608737082964162 0.0926835135015287 0.3825691608265652 0.1638736173754899
0.02641413129188508 0.3006416802903277 0.5802933083811234 0.09265088003666389
0.3366718743709439 0.09352680298319538 0.3657382676295088 0.2040630550163519
0.14397745710278043 0.34759872659762514 0.29770105678407555 0.2107227595155189
0.26637597617903486 0.3008544540729803 0.2747222617189966 0.15804730802898825
0.27031883479965024 0.5355186179470051 0.13136323038292808 0.06279931687041662
0.2850684312332453 0.597195906770992 0.07434855131400364 0.043387110681759045
0.012910818094901244 0.6664962268869361 0.19469591947628118 0.12589703554188147
0.0032342877280535642 0.215875519014744 0.6217037426416631 0.15918645061553938
0.37173151587018116 0.019885585751980073 0.26634339303402343 0.34203950534381533
0.0469900709101605 0.2400142046087278 0.3569528533807348 0.3560428711003769
0.5494488670713262 0.137859657650507 0.12448930430190353 0.18820217097626324
0.059827763399542544 0.34577066713146276 0.17187297929213108 0.4225285901768636
0.6348354765318351 0.3077599139023376 0.0030598374410822915 0.05434477212474498
0.337349052768144 0.004600655697479805 0.19226329060537417 0.46578700092900205
0.19829947594859787 0.5512940233885607 0.14652337435857843 0.103883126304263
