31 20 4 48.252251137886326 96.50450227577264
3.5744843949446405 9.622950098671 7.932816389969902 9.881830027832166 2.8734891571424908 2.2322534395944533 9.1753642206091 1.6177466617940826 1.6779945010569144 5.891812205385815 1.804597448662612 4.44153940773682 7.017043957130068 4.862521203056589 1.39560676737763 2.7485738987411854 5.019935355754937 1.5631595029180947 3.678105538136517 9.492678099257635
0.7148968789889281 1.9245900197341999 1.5865632779939802 1.9763660055664332 0.5746978314284982 0.44645068791889064 1.8350728441218203 0.3235493323588165 0.3355989002113829 1.178362441077163 0.3609194897325224 0.888307881547364 1.4034087914260136 0.9725042406113179 0.279121353475526 0.5497147797482371 1.0039870711509873 0.31263190058361895 0.7356211076273034 1.8985356198515269
0.28281107576109743 0.12440792837329084 0.09948165905773998 0.49329933680787175
0.18430457912036158 0.1558837082988319 0.35027102628083406 0.30954068629997245
0.08573060385252651 0.37571184904352684 0.06101642532769147 0.4775411217762552
0.0902366982883851 0.23256385441141358 0.5091894602916046 0.1680099870085967
0.14921147693026138 0.13007642775572115 0.18996591006112995 0.5307461852528875
0.007386922447004118 0.2963250085901966 0.41460613294671333 0.28168193601608593
0.16296420028872782 0.2240869361576472 0.37307188963243465 0.23987697392119034
0.39743582261055843 0.15613998705403787 0.31386073688817795 0.13256345344722575
0.07404448852014722 0.3463415284223128 0.44118311964388834 0.13843086341365163
0.036922046805748066 0.31662503416183396 0.27796614327226377 0.3684867757601542
0.1802325557248048 0.36228324052926053 0.28303639778093026 0.17444780596500442
0.23100274723505876 0.08774177645249526 0.11343496407232534 0.5678205122401206
0.3600579234779806 0.01484631010141535 0.4073522140488238 0.21774355237178022
0.35509570210938735 0.54931426298575 0.002457332268768875 0.09313270263609374
0.29384797217510616 0.039651349513567635 0.24918592594507705 0.41731475236624915
0.3079433465951277 0.5058414394834826 0.09420191625671293 0.09201329766467681
0.4633299835924899 0.04704430970358475 0.47572560768638283 0.013900099017542522
0.31275269620020085 0.08266442687713993 0.5846228358430762 0.019960041079583046
0.0420887970229713 0.17431546881189175 0.05216294599497873 0.7314327881701582
0.03478870878171647 0.35898615958307456 0.09137942007837674 0.5148457115568322
0.2676935465528436 0.0017818344930706775 0.5565150219070499 0.17400959704703578
0.24227217262551892 0.14166310378867397 0.5905365750758799 0.02552814850992724
0.06911667553449807 0.16489997175132243 0.4412083397587331 0.3247750129554464
0.08396785798333539 0.6661124117071564 0.16082313017062166 0.08909660013888654
0.08163609728884191 0.4131314474697396 0.37255682566598325 0.13267562957543522
0.30176687308583683 0.10549660885500334 0.17219988483641313 0.4205366332227467
0.21030667864350994 0.1474814706796621 0.3961354088934309 0.24607644178339705
0.4200798620312942 0.04540311528454599 0.2841418359412621 0.2503751867428977
0.3206589836303395 0.34068312720452254 0.16239154222162533 0.17626634694351262
0.04223346123892646 0.47293563695878704 0.2650873962393946 0.2197435055628919
0.015297177725249411 0.3876039252877024 0.036137103995952824 0.5609617929910954
0.151714262142986 0.3124117158126445 0.1547059876817113 0.3811680343626582
0.5520002177521809 0.08158575539185098 0.0487090925059398 0.31770493435002833
0.5501949921554681 0.22129712300286675 0.21485647221803605 0.013651412623629122
0.06139173250395913 0.018034207897856036 0.3985340061256225 0.5220400534725623
0.16546261760107428 0.7269161002975553 0.07122493159394061 0.03639635050742984
0.23803329334148204 0.07207478733487604 0.15893068618419925 0.5309612331394427
0.14856182612859403 0.4318512450626203 0.38575231615967187 0.033834612649113804
0.1558989486119291 0.30126935250022835 0.3643401053508286 0.17849159353701394
0.5473081738624622 0.16135670156130655 0.12338553032542576 0.16794959425080547
