79 80 4 230.94682741417637 461.89365482835274
5.50601313706343 5.212606833533036 5.507042730780091 2.3426034890689733 8.382501422374734 3.892276284486741 8.01256597396672 8.335722770913005 1.1332204955323666 3.048217555293667 7.405584178746709 8.390016059498263 8.139929280771616 5.456943870382062 6.045172258930392 5.634376929824458 3.583119958604634 2.6928081757475986 4.069050721652306 3.396784011212003 2.8252793744648788 4.669008166538601 5.691201021436838 1.076075832415908 9.6682991792954 8.744268506591222 8.110223359784701 7.76929390799231 9.452641248078224 9.85801130999369 1.7656240381158055 5.793816813544424 7.8026669063957925 3.79304159364278 7.225917342697392 2.75817249906009 8.687810215855972 4.942790058753599 6.711225798739498 3.511355947115015 7.076785239756575 4.454948122285608 2.915229104337179 2.5209362318167248 4.977830139888203 9.317206657342963 8.115226042142783 3.8999306226795154 1.0412613120418917 7.194038524156913 6.798509056162972 4.600414774777461 1.0381828017152293 6.176580913871884 3.0141186051678996 8.706178078262672 8.18672078436099 7.596163830391137 8.957420084175364 6.076879347654854 6.898322562820749 1.5391890815644125 8.244839421741545 8.068088671718371 9.608085182301974 5.265667997147169 7.539986764272385 7.119852614015797 7.015434656591372 1.4770403147439786 6.478781043952069 4.0036174475692645 9.431419689899641 1.079626811161419 9.349247481894608 2.937086800865703 5.863033290947265 5.481759238302198 6.889409525181672 7.895326699777373
1.101202627412686 1.0425213667066073 1.1014085461560181 0.4685206978137947 1.6765002844749468 0.7784552568973482 1.6025131947933438 1.667144554182601 0.22664409910647332 0.6096435110587334 1.4811168357493418 1.6780032118996526 1.6279858561543232 1.0913887740764125 1.2090344517860783 1.1268753859648917 0.7166239917209267 0.5385616351495197 0.8138101443304612 0.6793568022424006 0.5650558748929757 0.9338016333077203 1.1382402042873676 0.21521516648318162 1.9336598358590797 1.7488537013182444 1.6220446719569401 1.553858781598462 1.8905282496156448 1.9716022619987381 0.3531248076231611 1.158763362708885 1.5605333812791584 0.7586083187285559 1.4451834685394784 0.5516344998120181 1.7375620431711944 0.9885580117507198 1.3422451597478997 0.7022711894230029 1.415357047951315 0.8909896244571216 0.5830458208674358 0.504187246363345 0.9955660279776406 1.8634413314685925 1.6230452084285567 0.7799861245359031 0.20825226240837832 1.4388077048313828 1.3597018112325945 0.9200829549554921 0.20763656034304584 1.2353161827743768 0.60282372103358 1.7412356156525344 1.637344156872198 1.5192327660782274 1.791484016835073 1.2153758695309709 1.3796645125641498 0.3078378163128825 1.648967884348309 1.6136177343436742 1.9216170364603946 1.0531335994294337 1.507997352854477 1.4239705228031594 1.4030869313182746 0.29540806294879574 1.2957562087904138 0.8007234895138529 1.8862839379799283 0.21592536223228379 1.8698494963789216 0.5874173601731406 1.172606658189453 1.0963518476604395 1.3778819050363345 1.5790653399554746
0.24736209870064818 0.23228346905875819 0.3620025356158548 0.1583518966247388
0.47618762520078517 0.16148373764470902 0.17574361228103863 0.18658502487346718
0.027090013154109416 0.47175290416410076 0.25115289390411777 0.25000418877767205
0.7104925356695022 0.08637237385527885 0.1495294247465505 0.05360566572866843
0.38565820044484844 0.2147174466450713 0.029271025482336177 0.3703533274277441
0.26327021375988213 0.2010833995315513 0.5125858479162029 0.023060538792363694
0.1367780215464478 0.3499774075753508 0.03790157634039093 0.4753429945378105
0.24822016184578022 0.4185656337161767 0.13619792348468807 0.197016280953355
0.19657789999122866 0.41454004278763956 0.18442827773815085 0.20445377948298094
0.05340391742297246 0.2179083649186383 0.11983347909786768 0.6088542385605216
0.6163240929835 0.31506622252035055 0.05548776929007615 0.013121915206073309
0.1616830749516981 0.5857305496308484 0.206438635807901 0.04614773960955254
0.1268346651574107 0.4634980740341328 0.38539110538786003 0.024276155420596468
0.23446692924543133 0.06223604799632254 0.3711790758776605 0.3321179468805856
0.5915722159174703 0.09215049307758516 0.06150968011793201 0.2547676108870125
0.43884707582902194 0.05280187831790761 0.16357663286093593 0.3447744129921345
0.004246322971503513 0.3543314167875884 0.3638349658398803 0.2775872944010278
0.023216521283324187 0.053393310831267304 0.019397093933560483 0.903993073951848
0.17379345707102412 0.38502455879524167 0.3955793008273396 0.04560268330639461
0.4219316278903996 0.1586074963174784 0.1978529627129727 0.2216079130791493
0.28957238458032764 0.06836284056533615 0.24191723217633399 0.40014754267800223
0.31884352739475097 0.06057904991188001 0.22934050670025663 0.3912369159931124
0.12145959687889163 0.20903997269107977 0.27553060279969543 0.39396982763033317
0.08273657833595627 0.07492939015374933 0.17189687996068725 0.6704371515496071
0.0807242814157112 0.09438395648483533 0.6868474756072199 0.13804428649223355
0.05269827999166876 0.5023941541474267 0.07139777413210946 0.37350979172879506
0.2856984687938958 0.3525834904114844 0.16262997253896683 0.19908806825565295
0.24495194141899979 0.210209078413231 0.05077759981777086 0.49406138034999836
0.43162934538778275 0.138640706007233 0.08677254592184724 0.342957402683137
0.26856231973316047 0.4249556823186208 0.06189379478795454 0.2445882031602642
0.10488563901390746 0.7862972288572302 0.10544786780781656 0.003369264321045784
0.4175882756613031 0.3965842109068969 0.17193091363952762 0.013896599792272424
0.07285936339629384 0.28308944933013536 0.3685191327895164 0.2755320544840544
0.10651434903489221 0.02063659825613695 0.6209556463448792 0.25189340636409163
0.17698524014420858 0.03391373027943856 0.6046628300560402 0.1844381995203127
0.05569518834210452 0.406724573169964 0.520676670628034 0.01690356785989744
0.12729916033267152 0.21497666499766122 0.6419151667841217 0.015809007885545512
0.4726313183137123 0.15077964854583492 0.34467314858402265 0.03191588455643013
0.03496540564767481 0.9018343206187454 0.047640423609330185 0.015559850124249652
0.01801824626900661 0.6766878071998519 0.25155803231837415 0.053735914212767355
0.8857529058495497 0.003080801769511754 0.043953199670468845 0.06721309271046971
0.41322592764361454 0.2779488506864416 0.09252679171941403 0.21629842995052984
0.03778530992144369 0.01291514479100031 0.5263623358661687 0.42293720942138735
0.059192054445667996 0.3246630415456182 0.14987747494383385 0.46626742906487995
0.17603767863348485 0.13654600929189453 0.5010735599756907 0.18634275209892992
0.007510002465926258 0.6070320942348679 0.20545555615313582 0.18000234714607
0.03648787767993256 0.2878713379179032 0.28410185359713325 0.391538930805031
0.0283763037310526 0.09763596136765318 0.5643645465436724 0.3096231883576218
0.3351439649524093 0.19586301875557421 0.2419435410767805 0.227049475215236
0.308711748798118 0.05280028824984695 0.20704699548967032 0.4314409674623647
0.03549036454098342 0.19437449516088834 0.5135464307864639 0.25658870951166435
0.023805901633305537 0.27667448643684645 0.36212965645156914 0.3373899554782789
0.14384176500533297 0.13910037389316576 0.34734368364247614 0.36971417745902513
0.05386537960815463 0.042154761349541436 0.2901687415423393 0.6138111174999646
0.2021161597099589 0.4463542325570835 0.004806818426025927 0.3467227893069317
0.37762727321444 0.21994977599733667 0.06715005812120389 0.33527289266701943
0.6326353578103462 0.08279984182732913 0.1048439422320454 0.17972085813027927
0.18614828143298645 0.3081343057853225 0.041825477593122495 0.4638919351885685
0.09815122648335028 0.7084805117626661 0.18441507558472792 0.008953186169255667
0.06131898792383139 0.6547457210365205 0.05221954695939357 0.23171574408025453
0.23022228439587855 0.48435632045448285 0.2636783031886256 0.021743091961012984
0.4049460826085529 0.3521286460957018 0.13185078997807664 0.11107448131766862
0.024410116219587108 0.2497306111248193 0.6663341568045592 0.05952511585103437
0.026185449375231262 0.33433321187893483 0.3684766100109682 0.2710047287348657
0.031992319111774026 0.35221904810084426 0.4447416301388114 0.1710470026485703
0.03849147117640128 0.3511080030865916 0.2525978598642289 0.3578026658727782
0.10305180721768681 0.32219128577753775 0.5287838250759684 0.045973081928807
0.1653112305661577 0.4520123156642576 0.35789998920976274 0.024776464559821965
0.4677230421558146 0.11304761356293991 0.13622722219894878 0.2830021220822967
0.46623321531215856 0.09489158890269556 0.20892689291374278 0.2299483028714031
0.24056597563208848 0.17664785487850687 0.08365936420847697 0.4991268052809277
0.10483293006782379 0.5069152423298761 0.3798312674223788 0.008420560179921321
0.3729744352010014 0.3390142429631977 0.14949042297419057 0.13852089886161034
0.30413718232946474 0.12875903527140387 0.12256390952657426 0.44453987287255714
0.6149426423012249 0.0028815617647837133 0.26592686549177424 0.11624893044221718
0.2738285936544923 0.19646870642552006 0.365380362482595 0.16432233743739266
0.4034359062378249 0.18353374935709732 0.10925413529139638 0.3037762091136814
0.18960448774226235 0.5404223462333748 0.033176465942051814 0.23679670008231102
0.03138429005588694 0.23588578272081184 0.3543424600728813 0.37838746715041993
0.1817030011525187 0.5112198977493821 0.25305559172643977 0.05402150937165939
0.2743611576685989 0.37565135067091604 0.06203906903074208 0.28794842262974296
0.19274148690320825 0.503910186536307 0.2033339409575795 0.10001438560290521
0.0050347147725186 0.2839107437673929 0.07081916886397921 0.6402353725961093
0.23948181033097693 0.29835906975886406 0.07973116786215806 0.38242795204800095
0.6208822152462379 0.028352794980813223 0.04344669610623908 0.3073182936667098
0.2875122348946346 0.06803138948947274 0.48528053615592737 0.15917583945996527
0.49352241061601854 0.33379193261632334 0.08690754981591753 0.0857781069517406
0.4416290443012363 0.010978454023093942 0.07649680766484679 0.470895694010823
0.13524499700781734 0.3998249152811807 0.2766912621843718 0.18823882552663018
0.11425567547659077 0.004244402099015887 0.7353818696687031 0.14611805275569023
0.39289924654437103 0.5166259717423602 0.07719823632316747 0.013276545390101258
0.012571086788825014 0.23613392535807087 0.5155097776858162 0.23578521016728793
0.5115174847450997 0.16372248056363026 0.17650094773048353 0.1482590869607865
0.11031342465761262 0.05896986822223038 0.7003010970191911 0.13041561010096592
0.18298563174880977 0.04929687696292895 0.6467563307248739 0.12096116056338735
0.07452359903187544 0.12377804033741002 0.09591186646294425 0.7057864941677703
0.0045338324277328645 0.14903355773225535 0.3600554521047651 0.4863771577352467
0.01019908345334708 0.8214971777277178 0.06649198371728393 0.10181175510165119
0.06515623239998403 0.017367018698933423 0.4638414287155267 0.45363532018555586
0.22822800330603465 0.0016145705201179306 0.2085980258250868 0.5615594003487606
0.28934208685826557 0.07282534781239947 0.10837980477368292 0.529452760555652
0.08780557851180693 0.12523355069616715 0.2010377468430049 0.585923123949021
0.08013150444333594 0.024813277719372362 0.0851201240861984 0.8099350937510933
0.20518259845029074 0.2910133723865721 0.16845102253668276 0.3353530066264544
0.40708534050724865 0.10461801086045441 0.21165477908747965 0.2766418695448173
0.035501686448348724 0.2846139866546007 0.5141038229410223 0.16578050395602828
0.5200227952939617 0.04925605632956742 0.0524859393786824 0.3782352089977885
0.12811904377674954 0.10099329041759586 0.7240605134380135 0.04682715236764112
0.16700832532351984 0.5353416908628505 0.12496314639786477 0.17268683741576485
0.4959460514631773 0.08660446002129196 0.051471921002796184 0.3659775675127346
0.32812523844097385 0.11871437632201365 0.31292805554152503 0.24023232969548747
0.010680710117258352 0.17103502305618912 0.7655344626144954 0.052749804212057105
0.4077828625564086 0.35444553662028233 0.20607118605276165 0.031700414770547414
0.09862887807653686 0.12837808962753183 0.6961390822904766 0.0768539500054547
0.16784150846195822 0.49898979685459477 0.13518503512092095 0.19798365956252606
0.21081782611703503 0.17788960644597862 0.01965909701531121 0.5916334704216751
0.06844807589104462 0.457092717478762 0.039641618348774776 0.4348175882814186
0.024085603045624016 0.003586220815398944 0.674553279685627 0.2977748964533501
0.5565457685477245 0.06672629538152264 0.18669720840548143 0.1900307276652714
0.3542747306080446 0.35809042756343634 0.18548012610878795 0.10215471571973112
0.026014396000637596 0.09133829085487077 0.7815276116845595 0.1011197014599321
0.22779691613139386 0.02258334319631039 0.48321584384561667 0.2664038968266791
0.2131228690013628 0.11015515280402766 0.3893550010470036 0.28736697714760595
0.0321120458069476 0.14020912318232437 0.1404749240870714 0.6872039069236566
0.1714741587406975 0.37985078255064786 0.20959498828966305 0.2390800704189916
0.056597609335735766 0.7900128726142216 0.12627395405945085 0.027115563990591784
0.7751491951683995 0.1527414981085884 0.06983381383865483 0.002275492884357244
0.42773446141741034 0.15941382569316243 0.04800815287287008 0.36484356001655716
0.15563865196901183 0.1241232295859811 0.11139041171183983 0.6088477067331672
0.05480084726124823 0.6708141833380956 0.029208810319976908 0.24517615908067925
0.30088503189104554 0.137269971227443 0.2228065902951364 0.3390384065863751
0.001091400317406288 0.43535057259514587 0.10061297974030037 0.4629450473471475
0.14588772153666796 0.14151648326207256 0.30341283927076346 0.40918295593049603
0.2935660996027851 0.011239833090705531 0.3321497013768423 0.36304436592966705
0.14178174111499375 0.327439690745683 0.49262300946831916 0.038155558671004064
0.024714619166815943 0.11019623033611214 0.17529081643983668 0.6897983340572352
0.08967297175567157 0.31508391481779874 0.15978092166895186 0.43546219175757783
0.26145147124192036 0.46091496525421105 0.06706357639937233 0.21056998710449626
0.18699701472724473 0.20032733516779866 0.2438978356261826 0.368777814478774
0.017249033680479697 0.011816358726255416 0.8884149266037994 0.0825196809894655
0.5692933158011085 0.1543580501116626 0.21079867761780102 0.06554995646942785
0.20486721008732067 0.4401567009842078 0.19625452738755345 0.1587215615409181
0.12822910036197188 0.27465282494550436 0.5897700695241164 0.00734800516840739
0.1365738175528035 0.197629050389875 0.4066189957259374 0.2591781363313841
0.36264006467763454 0.2745947775708584 0.01707715706275148 0.3456880006887556
0.4484208671369613 0.3429764948526446 0.16408777571462718 0.044514862295766955
0.152570017295937 0.012852935773571494 0.2078338676189898 0.6267431793115017
0.39836101493905807 0.22513903180474082 0.19809472476069168 0.17840522849550944
0.06733441747572144 0.5002574427860641 0.2992814480695256 0.13312669166868885
0.01312833712983219 0.09956091053339688 0.6563635250158503 0.23094722732092066
0.19462750982063248 0.23877726143320788 0.5435881022959178 0.023007126450241833
0.07863266581701556 0.039430535508960474 0.440974437366076 0.44096236130794797
0.0020015460532104568 0.018692849499945985 0.767049986420147 0.21225561802669657
0.519570357095963 0.35479348433202407 0.10209948532374913 0.023536673248263806
0.3149493670262362 0.13658626734303914 0.05932478364134974 0.4891395819893749
0.001871081879365355 0.5544194727376124 0.33965469508613033 0.10405475029689193
0.35167471420629526 0.11373019682925045 0.339979143229449 0.1946159457350053
0.1632074620900963 0.36175010007344244 0.09164818687808163 0.38339425095837965
0.42809548417088894 0.17233452593558451 0.06357581530946188 0.33599417458406466
0.20754963529310066 0.12599856891822814 0.030367662596431866 0.6360841331922393
