62 70 4 193.223930631412 386.44786126282395
1.303792393808875 5.401967571690262 8.614765875527945 4.70261799828797 6.682738363576883 3.6184891353952064 5.885202600371884 3.053632419129734 3.162486964783617 9.581117743578663 6.812293889485764 1.1607143814227343 9.96513236691955 7.616750810849052 7.497482147792426 4.694468574544193 2.834021735555413 9.658922761346702 3.020239252348672 1.4300448878709124 8.954624508031653 9.00218857316055 9.665037094861669 6.500571739104927 9.872324895075282 4.627809072610388 2.4122432132287015 6.287042170178333 4.4607081170041045 3.6451380794623356 1.158190368059559 5.201740952147584 9.190597857504702 1.9226792249295306 4.857522180015508 2.177797826041328 2.0080910235607545 9.359520350813725 6.573481092969985 3.438251002714994 7.613856281511767 2.700839168636786 3.5413682844510084 3.6232042505525 5.658667380197252 4.472751504195453 3.0873560848173325 8.256166858042135 7.36914829214976 8.647462267396591 4.27475421231798 4.020900570284936 9.369199457740175 7.966027246255505 6.317519915451821 8.988623447266292 7.117597777903638 1.1605018144440242 8.200473194894608 6.976535005283782 3.69023782946946 5.744503381509864 2.759936275528026 2.689746835009542 7.841707568709565 5.87826469481664 8.810403031205448 2.5216307419152315 3.5138063018188506 5.622230373285779
0.260758478761775 1.0803935143380525 1.722953175105589 0.9405235996575939 1.3365476727153767 0.7236978270790413 1.1770405200743768 0.6107264838259467 0.6324973929567234 1.9162235487157324 1.3624587778971526 0.23214287628454686 1.9930264733839098 1.5233501621698102 1.4994964295584852 0.9388937149088387 0.5668043471110826 1.9317845522693404 0.6040478504697344 0.2860089775741825 1.7909249016063307 1.80043771463211 1.9330074189723336 1.3001143478209856 1.9744649790150564 0.9255618145220776 0.4824486426457403 1.2574084340356666 0.8921416234008209 0.7290276158924671 0.23163807361191183 1.0403481904295169 1.8381195715009404 0.3845358449859061 0.9715044360031015 0.43555956520826566 0.40161820471215093 1.871904070162745 1.314696218593997 0.6876502005429989 1.5227712563023534 0.5401678337273572 0.7082736568902017 0.7246408501105 1.1317334760394504 0.8945503008390906 0.6174712169634665 1.651233371608427 1.4738296584299522 1.7294924534793181 0.854950842463596 0.8041801140569872 1.873839891548035 1.593205449251101 1.2635039830903643 1.7977246894532584 1.4235195555807276 0.23210036288880484 1.6400946389789215 1.3953070010567563 0.738047565893892 1.1489006763019727 0.5519872551056052 0.5379493670019084 1.568341513741913 1.1756529389633281 1.7620806062410896 0.5043261483830463 0.7027612603637701 1.1244460746571558
0.5193384396045414 0.2129227490958382 0.17603483945409892 0.09170397184552148
0.3468443706460439 0.0453574266653195 0.2656553675809957 0.3421428351076409
0.7066810485459158 0.038660791675600215 0.17622262082966167 0.07843553894882227
0.3231523654476329 0.5973325594358926 0.07910174955194182 0.0004133255645326628
0.1282163812634115 0.05479047686751559 0.6429196941838531 0.17407344768521982
0.7246604421484288 0.20879623604685726 0.025047082623565586 0.04149623918114831
0.05924963099262137 0.0633542469354943 0.8418064352539495 0.03558968681793484
0.2098962200631701 0.2767480417765683 0.4220836753819672 0.09127206277829436
0.1120088878878085 0.09887688264244998 0.7041877722646495 0.08492645720509207
0.24416677916328455 0.17305665416662164 0.014266517663907852 0.568510049006186
0.2227386552670807 0.2851211132588999 0.10458330288976925 0.38755692858425017
0.2788141482084502 0.056814627573352317 0.4445529255405951 0.2198182986776024
0.5390308207140199 0.02840112696971675 0.10690954348076731 0.3256585088354961
0.37316604284799537 0.08890079785562832 0.07726310047905527 0.46067005881732104
0.2927669493860734 0.08376736453616807 0.21748391425688274 0.4059817718208758
0.16883892775736264 0.050617170484224205 0.6880959621651919 0.09244793959322128
0.014546503205853378 0.7460537713799412 0.18553548769454853 0.05386423771965687
0.11487100164347808 0.2536672907271419 0.2980508244624105 0.33341088316696954
0.32121950524292153 0.29978006282366143 0.23962800519939065 0.1393724267340264
0.00520303448989512 0.46967726253006326 0.4598000480280793 0.06531965495196235
0.25647318295245947 0.6349618161795023 0.013604681549178266 0.09496031931885995
0.2397027700941523 0.015039975881932621 0.07632453526037752 0.6689327187635375
0.13502170760124843 0.13249810276797447 0.24637236846010457 0.4861078211706725
0.3967741204803219 0.07708472456564708 0.18415729080452337 0.34198386414950765
0.11468470215441873 0.5707465301205376 0.3100459593592565 0.004522808365787223
0.47009321592225306 0.29813059360826144 0.031422092766485665 0.20035409770299983
0.3180945957246365 0.18522467465551795 0.1492623232290463 0.34741840639079924
0.5116315825766709 0.01869380037104562 0.05950338997916593 0.4101712270731176
0.03343755017137595 0.5370004222385675 0.027806768465270526 0.40175525912478605
0.16263956242325373 0.030803514179355895 0.3126443543105859 0.4939125690868045
0.28698033336477236 0.16907049456949796 0.36523756124041185 0.17871161082531783
0.2028649428305911 0.336911904351874 0.249715481182598 0.2105076716349369
0.09318092565573344 0.5421632821952994 0.04761768475453787 0.3170381073944293
0.28672172940650964 0.2215289946673079 0.27331183232045253 0.21843744360572992
0.3372324382735564 0.07181974301467242 0.020885694504912178 0.570062124206859
0.15430822394316923 0.6108275566552355 0.07569950747617826 0.15916471192541704
0.29354262710292933 0.0910355445149994 0.45848845768089785 0.1569333707011734
0.12592590931282566 0.24684984930672105 0.040084994919746486 0.5871392464607068
0.2516584039226216 0.3917553793369567 0.07990975563469871 0.27667646110572297
0.0657116264194526 0.1223406839515917 0.09663644608667377 0.7153112435422819
0.030573701383478036 0.042233582054927 0.21009797473969738 0.7170947418218976
0.05464541551930613 0.1900035472977305 0.6366554752227734 0.11869556196018993
0.28083555469742205 0.02990728258447828 0.12755862843395027 0.5616985342841494
0.14474241720406011 0.15329354336384093 0.6132194467929429 0.08874459263915602
0.20793155107344863 0.030915419580353598 0.7347693334463737 0.026383695899824033
0.042628143773370764 0.37785206766502044 0.46344077576230547 0.11607901279930333
0.29393303022964445 0.19305989693842895 0.32784585983579007 0.18516121299613653
0.5327756814662334 0.19067269003571863 0.04868061310326177 0.22787101539478616
0.013812067412492968 0.043589016850347106 0.7427480953660845 0.19985082037107538
0.32872194150612577 0.05603805351602675 0.611751461145389 0.003488543832458446
0.07118017888877148 0.0803630439034958 0.6621202865300919 0.1863364906776408
0.27771842905935107 0.13663498263737983 0.4912320483006154 0.0944145400026537
0.11687563439272664 0.3048831648189184 0.08477392308033505 0.4934672777080199
0.40795183549554825 0.20848865083442225 0.1505893332055661 0.23297018046446338
0.07986734762684189 0.24305388932238337 0.5571986872369487 0.11988007581382609
0.10135406267370517 0.0106679814968762 0.5463856100568302 0.34159234577258846
0.303532048985537 0.10755446075874009 0.3373584967058997 0.25155499354982325
0.17881780192336305 0.11966483100527958 0.2930781416140751 0.4084392254572823
0.11321777208151818 0.22084513517170778 0.5902019057054617 0.07573518704131232
0.5546421057630753 0.13786995688699255 0.2765389915376605 0.0309489458122717
0.26951465037398736 0.4080710316241998 0.2968744627020866 0.025539855299726244
0.05332861368394093 0.23044700515232974 0.4523649686922879 0.2638594124714414
0.1352521382051891 0.486286343858207 0.22608191646612508 0.1523796014704788
0.3179998346342928 0.42237185476103745 0.16855848689369368 0.09106982371097605
0.3906009362402456 0.047892529566320396 0.3811618820613939 0.1803446521320401
0.09475775606360815 0.37629921022704504 0.313445242266713 0.2154977914426338
0.06942775869810403 0.33269486352333244 0.4577217329193324 0.14015564485923115
0.16495098372885786 0.46527362812628925 0.22917746698520125 0.14059792115965164
0.1771441123124622 0.3835897764431775 0.258232664751083 0.18103344649327735
0.26909602685807943 0.11391998956094973 0.43695607716602747 0.18002790641494337
0.03921140234210496 0.2298861952815744 0.6101829264681716 0.12071947590814902
0.3471430460683239 0.44497988204446703 0.17870768797755054 0.02916938390965851
0.13272331917555857 0.37674919892287995 0.345118878980739 0.14540860292082247
0.03513781128132265 0.058308452950849854 0.8325550425382008 0.07399869322962671
0.48025316527879525 0.19181739283305965 0.20940983728343088 0.11851960460471422
0.05682917782949237 0.12587740944602088 0.4921439207884071 0.32514949193607967
0.3554672761085238 0.23684875354264467 0.2935517510231951 0.11413221932563644
0.09093628318566616 0.5041882993883162 0.27165913001827513 0.1332162874077425
0.059256660826141117 0.1437820308811094 0.38518693054387665 0.4117743777488728
0.3245229023884728 0.33245952333727613 0.3313237436039418 0.011693830670309269
0.007557313723873249 0.2785407394003946 0.5163963077005291 0.19750563917520303
0.15868184030012988 0.3658759037317014 0.3911285856372151 0.0843136703309536
0.16628893072148088 0.025109910633292154 0.5374634448204407 0.27113771382478624
0.13089540769072794 0.08282280999594382 0.5413285877779159 0.2449531945354123
0.5597727062167529 0.25411903210862075 0.07490774736824557 0.11120051430638078
0.6463035058961492 0.0014679591404102021 0.18420216012758583 0.1680263748358548
0.09379525790319243 0.6197458244039313 0.17568439598764019 0.11077452170523605
0.35693618142270944 0.33311217476158483 0.27796040154597534 0.03199124226973038
0.2832096136826431 0.005805296390843928 0.7087243262836083 0.0022607636429047284
0.05002744928705827 0.1355386663912983 0.04133485259696901 0.7730990317246744
0.495401603827781 0.30814431527704467 0.16981657331367772 0.026637507581496633
0.5145549266106005 0.09942075671296413 0.13051124227396804 0.2555130744024673
0.30211350287363237 0.33790674340207083 0.07410816559799616 0.28587158812630065
0.1459349161026119 0.5179352258360665 0.11436621869349772 0.22176363936782384
0.504279706426365 0.11840496130439282 0.2642780106171616 0.11303732165208058
0.6082086304012174 0.08516876724531952 0.1893705882623553 0.11725201409110775
0.4223638602889259 0.1982157157855846 0.34519842590989624 0.034221998015593225
0.30016033238316164 0.3139559147241511 0.09350287103828903 0.29238088185439826
0.5018411360153784 0.10029924476076824 0.24244603758991112 0.15541358163394225
5.58491246687165e-05 0.2661037229602953 0.6642433405376689 0.06959708737736714
0.21920359922957344 0.0936064345624531 0.4341955750943791 0.25299439111359434
0.5606217841404123 0.15477751146725816 0.1827449843240746 0.10185572006825494
0.19215811234928715 0.00022638636356786535 0.29880835366359204 0.508807147623553
0.12236890499423914 0.14680865817169308 0.515945246363792 0.21487719047027576
0.3165140166105741 0.4346805338626206 0.18145408855420808 0.0673513609725972
0.1581176472607274 0.29223334516396804 0.07261832510807131 0.47703068246723324
0.40461508429790616 0.2635061269012595 0.07138013841378565 0.26049865038704867
0.5894580502438044 0.30206309469879655 0.08816223252811006 0.020316622529289008
0.2913070032334305 0.5550939639052505 0.06136001790008183 0.09223901496123721
0.5863353297395953 0.32364826658262313 0.0769946702906984 0.013021733387083123
0.6081040315215719 0.02443610376663119 0.08330538414657818 0.28415448056521875
0.038404945267458857 0.47024107436144513 0.11659650782108699 0.374757472550009
0.2425240963249259 0.26898591216758416 0.150233546602617 0.33825644490487294
0.4898634266355044 0.06851087380827403 0.3841920668702654 0.05743363268595614
0.07688927162151904 0.06915636402320002 0.41424030447543114 0.4397140598798498
0.29346308806759647 0.1792681216222931 0.0881153328667591 0.4391534574433513
0.32473045429427805 0.23563933427564976 0.35199576027761503 0.08763445115245716
0.016419632617796553 0.3850051350837185 0.261921489649508 0.33665374264897696
0.17657506218074503 0.3303986394657352 0.012000297291177797 0.48102600106234195
0.04800687525579184 0.4388796669117502 0.3278075182719167 0.1853059395605413
0.07410341112811192 0.4862396096756917 0.18240119507267205 0.25725578412352434
0.8712641281594483 0.02157172896344617 0.09420357976876859 0.012960563108336931
0.10620927740561215 0.5221501438346994 0.29619942153437295 0.07544115722531552
0.20255259387324798 0.44340744969850143 0.013641199908847823 0.34039875651940277
0.03612817334874019 0.02609228632672389 0.4526144538263418 0.4851650864981941
0.03660271535828441 0.2958496806373152 0.17566100959906117 0.4918865944053392
0.33579905066597426 0.16361529386783258 0.20933122951628746 0.2912544259499057
0.2791924481917535 0.6094408921809601 0.10785436958550143 0.0035122900417849934
0.26148168759983104 0.36516744303890736 0.09802646891919364 0.27532440044206796
0.10497351672863242 0.45142660421603276 0.08758927731521915 0.3560106017401157
0.15325209485807023 0.5510420609698284 0.17103434020080777 0.12467150397129356
0.021906635516603656 0.14161501905361018 0.5544256522453641 0.28205269318442205
0.28815138688943076 0.35248436665711236 0.17997973522644695 0.17938451122700994
0.19705467318064807 0.5436135898510287 0.17522541686031168 0.08410632010801156
0.15715706738161428 0.2771337622447084 0.10185557134313472 0.4638535990305426
0.5339179786981296 0.21096205926171074 0.1440616975903264 0.11105826444983324
0.1692501120065223 0.1043816778156762 0.03459164445835328 0.6917765657194482
0.053153386524180446 0.16838282271888272 0.4831771887131069 0.29528660204382995
0.2669076737036715 0.017278360605050613 0.40786873240685506 0.3079452332844228
0.29459178070124326 0.1897493991220328 0.30643257634227206 0.20922624383445187
