88 40 4 114.67972340511906 229.35944681023815
6.8279594441772105 5.564347193917722 5.755072421370155 9.066566836088992 7.299920716007391 7.428673916840214 7.456045438822607 3.00537515964575 2.5763907099162076 5.111573395042729 9.35864588384706 1.088972983364036 1.809299752155582 8.651802410694339 5.370589530055585 8.891520327538977 3.766005449786537 4.491689915452761 6.233011686468533 2.0231846246423357 7.910921663192715 3.813094358227061 6.814094137770565 1.2942902529643678 2.4975601923853032 4.872727291467213 3.0502582300656176 9.696767194789405 9.144454677458874 8.790966217598566 1.2894650413685094 8.195479756843348 9.15539960449633 7.335399976785993 3.067412020137466 4.702920392230302 9.807795654269489 3.9614136406319753 6.359761643703839 5.8226170680164895
1.3655918888354421 1.1128694387835443 1.151014484274031 1.8133133672177983 1.4599841432014782 1.4857347833680428 1.4912090877645214 0.60107503192915 0.5152781419832415 1.0223146790085458 1.8717291767694122 0.2177945966728072 0.3618599504311164 1.7303604821388678 1.074117906011117 1.7783040655077955 0.7532010899573074 0.8983379830905521 1.2466023372937065 0.40463692492846715 1.582184332638543 0.7626188716454122 1.3628188275541129 0.2588580505928736 0.49951203847706066 0.9745454582934426 0.6100516460131236 1.939353438957881 1.8288909354917748 1.7581932435197132 0.2578930082737019 1.6390959513686696 1.8310799208992659 1.4670799953571987 0.6134824040274932 0.9405840784460604 1.9615591308538978 0.7922827281263951 1.271952328740768 1.1645234136032978
0.22009192158356383 0.24100403397332204 0.45945701063696065 0.07944703380615348
0.5478895777342317 0.2701787023179455 0.11775971015009723 0.06417200979772553
0.01335761082193243 0.24169665497999537 0.12865314715237774 0.6162925870456945
0.05973740069225386 0.12253819264872934 0.05665462452817838 0.7610697821308384
0.03701249401745954 0.687544597267385 0.2720925726650324 0.003350336050123026
0.1768276507373302 0.2257173656038901 0.5733894733360764 0.02406551032270332
0.1346814544713808 0.5102960209211131 0.2855736371129578 0.06944888749454825
0.14749908542014212 0.393422965542622 0.022417665587970426 0.43666028344926544
0.20976829255953933 0.4162001423615368 0.2676311463667218 0.10640041871220207
0.013298934642535065 0.9153875380201136 0.015023732551838531 0.05628979478551277
0.11864535461248271 0.24537365608187423 0.571983422637995 0.06399756666764811
0.0825612522630994 0.1911499173781237 0.3500898859214373 0.3761989444373396
0.29799644450810314 0.6400324114861435 0.05914600150106408 0.0028251425046892376
0.4519997881690393 0.015007626419949904 0.18880075586891742 0.3441918295420934
0.0022117101770328107 0.07514058479080132 0.2243545642929915 0.6982931407391744
0.018020550862854923 0.01600223908159748 0.923689487451981 0.04228772260356661
0.4607131561416947 0.19626091807675938 0.14771514764873117 0.19531077813281472
0.33519948637027397 0.3199899112556811 0.04899900138921842 0.2958116009848265
0.30854508861882923 0.5593040334342939 0.10280845345865985 0.029342424488217
0.9187749700409333 0.017969623446174143 0.04167561010854304 0.021579796404349483
0.32427669132977466 0.35333197021692864 0.26525167353599266 0.057139664917304045
0.10077231999450043 0.04385736896858772 0.8246380010428687 0.030732309994043194
0.4032781064718055 0.04618212977099623 0.031265815384014295 0.519273948373184
0.029602235047850534 0.18860886429904988 0.15087574467705545 0.6309131559760441
0.2659503689306931 0.11584997375248651 0.28518273945726413 0.3330169178595562
0.18730906618786192 0.2188489665699892 0.34006662204959337 0.2537753451925555
0.21318616193051154 0.0425697752799683 0.23970123758002904 0.5045428252094911
0.045912068721731925 0.16984206276269087 0.4792868414435322 0.30495902707204503
0.11460363578336763 0.539366898662992 0.06536574926925598 0.28066371628438436
0.4698400287063731 0.01504845099160268 0.08189752424912333 0.4332139960529009
0.164105149099955 0.6572757176795867 0.10654989156268557 0.07206924165777273
0.1653548222138751 0.3008587939124222 0.07228034452708032 0.4615060393466224
0.10483418901857677 0.6205416142681575 0.011941730923927252 0.2626824657893385
0.15740146881320183 0.4109671810574175 0.19907994477864144 0.23255140535073926
0.05323112262204144 0.19077066027769352 0.3542817362043622 0.40171648089590284
0.6827925213210669 0.23930439628259081 0.023146032811899753 0.054757049584442496
0.029494716691179534 0.0019152889501620196 0.10981142792480236 0.8587785664338561
0.3389582932506905 0.20774519646124856 0.4088468517934646 0.04444965849459637
0.09253890305761481 0.10226985875076966 0.7254883109236728 0.0797029272679427
0.04085972116301129 0.04535519267096855 0.4184005738743475 0.4953845122916727
0.039284599755643135 0.18651506216268798 0.38502317991069224 0.38917715817097664
0.08991106293562512 0.0002756541860868822 0.5933828640528939 0.31643041882539413
0.21611244418567288 0.03928606691690151 0.4821351627234909 0.2624663261739347
0.10652100887834604 0.05944250985188271 0.7269688144857034 0.10706766678406787
0.11102718879446327 0.22638620381235552 0.3634400526501903 0.2991465547429909
0.41801177004169054 0.34675408802122876 0.17710201932887615 0.05813212260820455
0.03568397319303829 0.5990907707161142 0.31564781715066303 0.049577438940184515
0.17333323762853814 0.038697882590153165 0.5144639137989733 0.2735049659823354
0.022090075421856592 0.3471735848448383 0.5816688582931693 0.04906748144013584
0.3382768422891246 0.17660387189857296 0.05459037894606755 0.4305289068662349
0.19947478897466342 0.14115436965383776 0.3141064516015597 0.3452643897699391
0.1571720858355934 0.2477506598649597 0.28817439511627585 0.30690285918317106
0.11554519989399392 0.24126368055200598 0.14730231929869564 0.49588880025530446
0.028553616178786156 0.0038887270977659982 0.9454893687553281 0.02206828796811977
0.34411394022069963 0.34327067287516877 0.29071221834086647 0.02190316856326513
0.09120484819736518 0.1853885477567424 0.6114843157140568 0.1119222883318356
0.0753490635974221 0.5613975583069664 0.3430043012947174 0.02024907680089416
0.6798172754597575 0.11659885948545134 0.17781584046228516 0.025768024592506045
0.002407874896818596 0.2677706185706419 0.21563523816914354 0.514186268363396
0.39066756345559717 0.21654251680693526 0.22632057526603977 0.1664693444714278
0.1657434359369686 0.20008575714911214 0.5829156953246708 0.05125511158924845
0.0010904450900737217 0.4368198686118635 0.07672751899558783 0.48536216730247494
0.16951761832943235 0.3855339983711804 0.04948964073997575 0.3954587425594115
0.6218002506361116 0.0043165175092014785 0.09900131242085342 0.27488191943383355
0.4992819886514719 0.26735455761779037 0.0011239794675258485 0.2322394742632119
0.07234237796772713 0.3926063228956328 0.06510569462131544 0.46994560451532463
0.2842899623295385 0.05415977365366498 0.29627974634027876 0.36527051767651775
0.4302237137442759 0.06303757210559369 0.2549834464422255 0.2517552677079049
0.24749470772547844 0.094844482832533 0.07878330882460072 0.5788775006173879
0.08513760623272626 0.3209681372728691 0.5438258833122916 0.05006837318211299
0.03882691793081827 0.045550787194859166 0.801465226870231 0.11415706800409153
0.3667910565311401 0.15898034046766374 0.26563475819509796 0.20859384480609822
0.18072294605546668 0.5152017330391568 0.1690648381247628 0.13501048278061367
0.8978473751940825 0.014519122525659345 0.0707972548203738 0.016836247459884324
0.024652176915595514 0.32877943802611753 0.4610591645268639 0.18550922053142305
0.24320956896255908 0.6268007420718643 0.046279617173181964 0.08371007179239465
0.07019489769613407 0.20402375788059368 0.5768958213756707 0.1488855230476015
0.08029946154415268 0.7566465770942556 0.00823888732346878 0.1548150740381229
0.49718269041407237 0.1857375146615331 0.030629860336986003 0.28644993458740853
0.40301545223978763 0.4242137350826266 0.046570624583799014 0.12620018809378675
