1 40 4 102.66903570364714 205.3380714072943
4.753198042323167 7.482920440979423 1.001029373356104 3.7209931536865577 2.3208030173540175 1.8310473529191802 2.676341902399038 4.11004654338743 4.570907268076029 5.849350606030212 4.772750629629654 7.166975503570836 2.840070247583657 8.90305692751851 1.2464883387813355 7.03420759160562 4.755743221304143 6.028208456011765 2.263482447357104 2.782913401763909 8.206701118079831 9.714354181474578 3.8208176034331855 7.230903541023826 8.887502370664345 9.051459971534626 1.7653979023280013 1.3514930490959411 2.5284737760811202 8.903282530864718 1.8851215044974508 4.78996862504547 9.621005771354518 5.798487564757154 7.226894025554261 3.8396406790545665 7.178508349134253 8.511631047076357 1.1645944960977261 7.751298834504707
0.9506396084646334 1.4965840881958845 0.2002058746712208 0.7441986307373115 0.4641606034708035 0.366209470583836 0.5352683804798076 0.822009308677486 0.9141814536152058 1.1698701212060425 0.9545501259259307 1.4333951007141672 0.5680140495167314 1.7806113855037018 0.2492976677562671 1.406841518321124 0.9511486442608286 1.2056416912023529 0.4526964894714208 0.5565826803527818 1.6413402236159662 1.9428708362949156 0.7641635206866371 1.4461807082047653 1.777500474132869 1.8102919943069253 0.3530795804656003 0.27029860981918824 0.5056947552162241 1.7806565061729436 0.37702430089949013 0.957993725009094 1.9242011542709037 1.1596975129514306 1.445378805110852 0.7679281358109133 1.4357016698268505 1.7023262094152714 0.23291889921954523 1.5502597669009415
0.10322600657764203 0.17721798548676315 0.7084170968420895 0.011138911093505288
0.019366957870297075 0.26840838071605166 0.6208201645067468 0.09140449690690444
0.21162811600005904 0.27994504328027925 0.08254444621167478 0.42588239450798693
0.10233442882782584 0.4869711080754584 0.10509462082446086 0.3055998422722549
0.04995345894608716 0.6138411862737017 0.2808001107710245 0.05540524400918667
0.13927634725075855 0.25840048973477503 0.5057250783023499 0.0965980847121165
0.7508121031361555 0.1324939880696543 0.04420248919022407 0.0724914196039661
0.2699278917650261 0.15816329810626883 0.32285124415604227 0.24905756597266282
0.11474597295337519 0.33516616052656534 0.21352936433850755 0.3365585021815519
0.00287032703115897 0.4052664757301222 0.4952427178009726 0.09662047943774621
0.32664490177209615 0.5592971975386783 0.022593051609024695 0.0914648490802008
0.015821242846556283 0.15651926549877226 0.5185564091715954 0.30910308248307605
0.06600017272206249 0.6878760157391839 0.1787192745759172 0.06740453696283644
0.01988013383979559 0.008426354180999018 0.6832182706076771 0.28847524137152825
0.12417331511991114 0.42864866356585474 0.30720596999712213 0.139972051317112
0.56103021925571 0.024729052202577928 0.21487340122232845 0.19936732731938367
0.5562402339904189 0.25086496162836025 0.05643665894064953 0.13645814544057133
0.044551878544761725 0.015365810967449933 0.16579164909564303 0.7742906613921453
0.07197427968948678 0.48774270236465567 0.008383479865799681 0.4318995380800579
0.1954294811093188 0.056896263461004626 0.7176942445179889 0.02998001091168767
0.15679139464608427 0.08305636450150189 0.3801079592337936 0.38004428161862025
0.07002214371922233 0.24734026560293843 0.2889670523311696 0.39367053834666965
0.5509482191178968 0.028797000127900096 0.08948767420738768 0.3307671065468154
0.06633483442844157 0.5633826725931229 0.12303804671724938 0.24724444626118613
0.19343428262332774 0.06688081595521322 0.26435521054519273 0.4753296908762663
0.263296770487111 0.4717691928015585 0.17274988921485457 0.09218414749647597
0.013951572975597015 0.6028267840260606 0.33339776224542206 0.049823880752920324
0.39000771414124624 0.214302768778727 0.3112958668463013 0.08439365023372547
0.17395566668046436 0.22091994624309053 0.5313058137828988 0.07381857329354635
0.021524805274197978 0.11355435277253334 0.6920363131240012 0.17288452882926753
0.1309968448109169 0.04519941076413836 0.1685403971082382 0.6552633473167065
0.45988026581680697 0.12213391413027308 0.2627202654451418 0.15526555460777813
0.015533275550835723 0.474720247069092 0.30835006853211167 0.20139640884796062
0.31524480309537295 0.11843154589408533 0.1441808662950772 0.4221427847154645
0.053909272073752956 0.6251595644916766 0.10886039726007468 0.21207076617449572
0.00040202489135743313 0.37617828985441704 0.22813578622827857 0.39528389902594696
0.28557628169569393 0.28913522301240835 0.17531025899455766 0.24997823629734006
0.6707887907875872 0.08429339768009292 0.10939724158691966 0.13552056994540018
0.3821027520315172 0.01937683143802338 0.22043978445076085 0.37808063207969855
0.19856988842711087 0.14477635134731215 0.6304558381528292 0.026197922072747737
0.44789352617590517 0.30027212820393423 0.04111367407164912 0.21072067154851148
0.13002857211827767 0.16358557625540182 0.38522138456621147 0.32116446706010904
0.053362545117080384 0.09336602978872977 0.11881808446641606 0.7344533406277738
0.4140559878195683 0.00012328170733433286 0.2855790904940285 0.30024163997906883
0.5148891120583086 0.021007293857203013 0.050658634586481344 0.4134449594980071
0.13747470414623753 0.027879492970695252 0.642037091592591 0.1926087112904762
0.34776585974550656 0.27590634731010233 0.10232577829484257 0.27400201464954854
0.34889834197784253 0.5469878762182243 0.06895382895231872 0.03515995285161444
0.5783896143871318 0.043306105821990015 0.32779353849794945 0.05051074129292876
0.2370269802430277 0.33665250642925815 0.043465426948438024 0.3828550863792761
0.35726976000249977 0.16978834225510953 0.09630201353419343 0.3766398842081973
0.13713574962887776 0.7923014841148835 0.0678856167077192 0.0026771495485194974
0.6968181614899002 0.05864489111256621 0.16756148294401696 0.07697546445351666
0.026210986877719278 0.09805997509444542 0.1219401056308812 0.7537889323969541
0.2791836790111395 0.25964738533051335 0.30319982801795287 0.1579691076403943
0.01864728937294302 0.2143269844680774 0.7366214744786541 0.030404251680325456
0.13645522566068502 0.25140541840348674 0.35926099867301287 0.2528783572628154
0.1074941291060929 0.013849326634644443 0.5916455246419393 0.28701101961732334
0.012555980159115854 0.19073725450187462 0.7639830953392815 0.03272366999972798
0.5813589272732578 0.16246692680183517 0.10300294741494231 0.15317119850996475
0.018576202177409518 0.47519351209132044 0.3352111852814488 0.17101910044982127
0.4863451109370318 0.08250632614944953 0.41976471732596754 0.011383845587551122
0.2649195576628094 0.11522161496074101 0.3651932582829517 0.2546655690934979
0.06653648135411494 0.14363752856072465 0.1599101879992667 0.6299158020858937
0.6394608808799401 0.1652936828634053 0.12005340665600528 0.0751920296006493
0.06596109068402378 0.706216938859223 0.1597940396535905 0.06802793080316272
0.2343620861214205 0.3222911020737359 0.39236313249246 0.05098367931238357
0.48599066709690975 0.06355725441165283 0.09201828743777496 0.35843379105366246
0.12632951943963733 0.7924039161939688 0.04452909280710571 0.03673747155928819
0.015018980742122379 0.4906431849347743 0.4423080455407843 0.05202978878231901
0.332063574366837 0.4774271177597451 0.13061679020678507 0.05989251766663284
0.5463468160203733 0.3324851683914708 0.026560334296805155 0.09460768129135078
0.28571885173414757 0.3077625564624896 0.005628899449241165 0.40088969235412164
0.18401020162746506 0.6233503272573764 0.0855281796403099 0.10711129147484866
0.4201936800011322 0.1918374970438017 0.3065706009325919 0.08139822202247415
0.828845807980693 0.14493773037762958 0.0029756106727371057 0.023240850968940352
0.586833340656083 0.04124285765126745 0.23023763812169196 0.14168616357095765
0.32268099683674645 0.12819293957660272 0.24718331203395383 0.301942751552697
0.3173839459582769 0.0934274039639087 0.01943592089907875 0.5697527291787357
0.4267010093480328 0.2510998820862783 0.11983791252425546 0.20236119604143343
