2 30 4 66.08768807250252 132.17537614500503
4.923954119278034 1.2333360864510219 5.946962300908382 4.917901533564492 4.783310218787401 3.9730133890348673 2.8418377063405824 6.573438697155973 3.6968920630707083 3.4014454759258 6.590204494923654 5.762278848493351 2.211219508104402 5.622203091391718 2.6599587908222375 8.068016330350062 8.6857776337554 5.448131536437351 8.619053368217212 1.7168092930815488 5.547214811095335 1.5875785394819029 4.853100948376505 1.8687782409455131 2.144439745311497 6.370707780807362 3.0341080054381226 1.9625111587898467 2.9827558636350373 4.1484365650296935
0.9847908238556068 0.24666721729020438 1.1893924601816763 0.9835803067128983 0.9566620437574802 0.7946026778069735 0.5683675412681165 1.3146877394311947 0.7393784126141416 0.68028909518516 1.3180408989847308 1.1524557696986704 0.4422439016208804 1.1244406182783435 0.5319917581644475 1.6136032660700124 1.73715552675108 1.0896263072874701 1.7238106736434424 0.34336185861630975 1.1094429622190671 0.31751570789638056 0.970620189675301 0.3737556481891026 0.42888794906229943 1.2741415561614724 0.6068216010876245 0.39250223175796933 0.5965511727270074 0.8296873130059387
0.46778748458230024 0.037449235436248896 0.13517000519636568 0.3595932747850852
0.16229859850231387 0.6313388559392632 0.1709136256476781 0.035448919910744836
0.436747263026799 0.13039686460091027 0.32237593631843564 0.11047993605385509
0.3663424016750204 0.1692617718226359 0.008603986650445816 0.45579183985189786
0.24717723899735333 0.15909780405059748 0.5875769683733221 0.006147988578727115
0.2930232318194398 0.47193662863224173 0.03529849068090529 0.1997416488674132
0.3566242811227589 0.14737615825639372 0.4791530059780601 0.01684655464278728
0.25974475274713704 0.11946581419450042 0.4528063326928634 0.16798310036549913
0.5826848885290346 0.07951713073929123 0.1352029197642678 0.20259506096740643
0.3508719013016405 0.14620189743287215 0.47583689114031225 0.027089310125175126
0.21463574639995364 0.09862278202975994 0.42514123019118677 0.26160024137909965
0.1704771334837707 0.4733648006644243 0.13416622566027325 0.22199184019153173
0.2208379150614619 0.577747739037619 0.0703309723329979 0.1310833735679212
0.26377852928001977 0.15595693202680094 0.17234911635955563 0.40791542233362366
0.5912573526535458 0.01718480515150378 0.015121026757081157 0.3764368154378692
0.11058314779616107 0.13522801610796964 0.30209661618624595 0.45209221990962334
0.010250039399590904 0.08503801286121282 0.19988425295893875 0.7048276947802575
0.21492438413069526 0.25648547333898375 0.3737032581050226 0.1548868844252984
0.04886808622935135 0.5944433410188839 0.2268344661207663 0.1298541066309985
0.22957402874434518 0.5121810101391038 0.05713047262118065 0.2011144884953704
0.05222272738416023 0.03533978161696261 0.2695724246984379 0.6428650663004393
0.043501186059715646 0.6249258599563421 0.20783940568810133 0.12373354829584093
0.44801471652408964 0.16723985694018662 0.004386890245688391 0.38035853629003535
0.042429191882546125 0.38293810002284034 0.08225019476657491 0.4923825133280386
0.45022717961737324 0.0525515728918482 0.27480915579631215 0.2224120916944664
0.33187371253987585 0.08258634259303566 0.3339139442081248 0.2516260006589637
0.008448363578819729 0.4361225781718895 0.4958795517913793 0.05954950645791146
0.2008423437754454 0.46112544666426225 0.2639338060687916 0.07409840349150076
0.21882078632937274 0.2823956653577142 0.41549816027079556 0.08328538804211749
0.4178362440027158 0.42449680210075547 0.0342288223198558 0.12343813157667294
0.20174322626496533 0.18514942485359398 0.09617718443319234 0.5169301644482484
0.5000083611702167 0.0799958177075899 0.1207481677293496 0.29924765339284376
0.34161365267110966 0.0859323106250004 0.34901322170099025 0.2234408150028997
0.0820949222750248 0.7687555817294769 0.10289172294036497 0.046257773055133344
0.02720236589484959 0.03994200484210508 0.9034359426402189 0.029419686622826458
0.16922544658417793 0.3548414287161863 0.07775024610510317 0.3981828785945326
0.04567896524540005 0.2778623522892988 0.11781360182014788 0.5586450806451533
0.01301733669455063 0.3738725486262118 0.3498571709663505 0.2632529437128871
0.025550941849692754 0.24383785574660843 0.11813462827698029 0.6124765741267185
0.11277621523807146 0.30212962213661576 0.13607206794973203 0.44902209467558074
0.04179770981531006 0.37495573038002705 0.24075894746370685 0.34248761234095604
0.133954208171691 0.5275271185437503 0.2201709090331072 0.11834776425145144
0.5433452305839027 0.20543264769295178 0.16968076831274603 0.08154135341039948
0.34623790945514643 0.19395360621198443 0.37372396149800113 0.086084522834868
0.17671216158442604 0.3125540054104331 0.3369836614392988 0.17375017156584205
0.1866271455864802 0.08743210694957348 0.42546136725449446 0.30047938020945186
0.18728654470189776 0.09646926276335688 0.34560391536432755 0.3706402771704178
0.2856037339109023 0.2638930871775057 0.4390128796957563 0.011490299215835664
0.1614665628916767 0.05593586341334922 0.014715825131138005 0.7678817485638361
0.031247562265261597 0.6217729509658395 0.05160698588935808 0.2953725008795408
0.03058948319431931 0.035074183012058224 0.5241183252653863 0.4102180085282362
0.1980271118161696 0.1971236466513342 0.03723833697734358 0.5676109045551526
0.20704983825331424 0.08337690468167414 0.6632332194473343 0.046340037617677354
0.16441908617012002 0.2801551785936377 0.0811589850472002 0.4742667501890421
0.7079711706189208 0.06913182885072389 0.1796445938376029 0.04325240669275243
0.4814581623460332 0.36722635192129016 0.009155004172190506 0.1421604815604861
0.025201423670748957 0.07693652456044453 0.6136091360551608 0.28425291571364575
0.2832587438211208 0.1050754382936383 0.18194002763595996 0.4297257902492809
0.004663522735049885 0.501423310777589 0.1961774073070861 0.29773575918027506
0.5633761103390351 0.11420872988887432 0.2485764466970105 0.07383871307508005
