81 10 4 27.824770374402387 55.64954074880477
4.198772060247128 4.067639890203715 9.397957980534128 9.224372670805238 8.537182555387549 1.5353925915241535 3.233892026089046 5.582074999686456 1.805897989422977 8.066357984904393
0.8397544120494256 0.813527978040743 1.8795915961068257 1.8448745341610475 1.7074365110775098 0.3070785183048307 0.6467784052178092 1.1164149999372912 0.3611795978845954 1.6132715969808786
0.2453688275903022 0.15374266389907798 0.36920538991260154 0.23168311859801827
0.14456955414810635 0.320835148701608 0.4888140418613436 0.04578125528894206
0.3256363323022652 0.09243113742572218 0.29206285087004247 0.28986967940197017
0.10257225865385611 0.22843331427512714 0.6577426706208377 0.011251756450179062
0.08115327437574316 0.11828388948225899 0.05729018945504871 0.7432726466869491
0.21566831348853832 0.07380664976840434 0.053398733863231906 0.6571263028798254
0.4425952818819634 0.39220962303699236 0.145012790382824 0.020182304698220244
0.022025527590031402 0.676272978946748 0.1558230250837339 0.1458784683794867
0.0069532511826085885 0.08008446795215718 0.6440953786365408 0.26886690222869347
0.012587087275658715 0.2553970596105979 0.17228479246171424 0.5597310606520292
0.4426953871356155 0.10231127887824276 0.021091398142501716 0.43390193584364
0.44892919644831064 0.17589253720330789 0.09266909881359098 0.2825091675347905
0.8939421084034027 0.028324948843412412 0.06043307802159503 0.017299864731589842
0.18540435848470616 0.08279046162065451 0.45851474695762895 0.2732904329370104
0.330334076450142 0.24915490846087895 0.13544050238526661 0.2850705127037124
0.1571628679406437 0.21347498993939518 0.14707325496376922 0.4822888871561919
0.2768474287495474 0.062191788011775495 0.6574028147846426 0.0035579684540345546
0.30535163927104414 0.43519676086581505 0.015001902935956601 0.2444496969271842
0.17528303618890018 0.25980171232697113 0.2970255737256494 0.26788967775847927
0.13659101826204145 0.1174175416076435 0.03932286223367143 0.7066685778966436
