86 10 4 25.529364329424013 51.058728658848025
2.823462582660014 2.8638379365487583 2.373739689702213 7.791335303729706 3.0468408916250986 6.976737676309856 6.302960423203684 4.794824987110218 8.704214884796688 5.3807742831617835
0.5646925165320028 0.5727675873097516 0.4747479379404426 1.5582670607459412 0.6093681783250198 1.3953475352619713 1.2605920846407368 0.9589649974220436 1.7408429769593377 1.0761548566323567
0.2503516370151786 0.5494778056604142 0.01984274086386284 0.1803278164605444
0.28752903024863286 0.019307120742528272 0.09108945491413611 0.6020743940947028
0.1612706977610564 0.35702733613302706 0.3385695545168397 0.14313241158907686
0.20353640511525894 0.14245299576737613 0.25596989459643293 0.398040704520932
0.4377283156467784 0.3262236780393869 0.23333284102549068 0.0027151652883440347
0.5645158437957613 0.2660735627956108 0.11819197338851772 0.05121862002011024
0.24843591398052534 0.39761403224862446 0.11977728999756432 0.23417276377328589
0.21702149005161853 0.11118377465289841 0.5198372233446852 0.15195751195079787
0.11091623802032147 0.52345717133159 0.21828835061275964 0.14733824003532892
0.41030201459255833 0.2043091457302424 0.19279026925604514 0.19259857042115414
0.05722548990832932 0.7152158052237707 0.06997758712175739 0.15758111774614258
0.1785092373709669 0.5011085793226129 0.20972387084191135 0.11065831246450886
0.27630845255543857 0.3021495641417329 0.15979002655718266 0.2617519567456459
0.04957245615610706 0.08886012646983388 0.5322782590009023 0.32928915837315675
0.21078453585161572 0.08664593109750884 0.6007384802406509 0.10183105281022453
0.3058735001026506 0.18503212243536593 0.24153658555780189 0.2675577919041816
0.29958135215568815 0.17754037586732263 0.3104314731881178 0.2124467987888714
0.0699843430899234 0.2094909794928428 0.3786391516997102 0.3418855257175236
0.06712348462239459 0.08533161140181511 0.8370656390768171 0.010479264898973217
0.3371958731416018 0.16734796890682024 0.3192517163931051 0.1762044415584728
