64 90 4 222.47469471732947 444.9493894346589
4.411886728903931 6.103883504616526 6.360332613914097 5.048730089699074 5.113178428552468 3.8048589808785596 3.8200362507781334 3.6537351490142242 5.776952151120637 4.56599819439477 7.4687533496646346 5.932827972549015 6.2386757443642695 2.508858440119433 1.2634947783765589 2.878677261226094 1.2031789291991073 6.712069979680181 3.019975652797654 4.584788832709828 6.575507185708307 1.0175364769101782 1.3210297188612785 4.3911059726748825 2.947999906660389 4.6436093456829415 8.793947202016241 3.301510781876557 6.412913913024598 3.042112067659243 2.854791527168067 2.5832794251495774 8.997393935908605 7.044240667350726 4.382383306830859 1.1618918604945438 4.172841206306642 3.754204862722932 4.810082055815276 4.5469556957280854 6.121122317526943 6.176600823075637 6.609545237576271 3.2478986466193884 2.1785091703565787 3.205658449056304 9.90397047471372 9.612633641876702 7.404187721707255 7.908504166377283 1.7825224319728976 9.125306613885229 5.837513335315629 1.890499853185331 8.31335094017959 5.770480704975087 7.255637699540874 3.9868448298859533 9.689996465974692 3.2510613102949324 3.1724422969466346 1.8727126358772233 6.509595512447076 5.660531767147088 5.1879295519566835 8.598143868987059 4.959054773485527 8.593937728702839 1.5837367684162107 8.59583918475769 3.9588131452833233 4.888148117235297 3.3647002570046927 6.856214376973672 1.7043772551201528 1.9678669317666184 3.570074168547632 1.4104174745899598 9.647357879429904 1.145477326097986 6.431515967678352 7.059755560192828 9.475399294082482 7.390389328938519 3.930041712497823 1.914018720707339 5.251551525655441 3.7630087429600794 6.014976577901821 3.973286002065418
0.8823773457807862 1.2207767009233053 1.2720665227828194 1.0097460179398148 1.0226356857104935 0.7609717961757119 0.7640072501556266 0.7307470298028449 1.1553904302241276 0.9131996388789541 1.4937506699329268 1.186565594509803 1.2477351488728539 0.5017716880238866 0.25269895567531175 0.5757354522452187 0.24063578583982145 1.3424139959360362 0.6039951305595308 0.9169577665419656 1.3151014371416614 0.20350729538203566 0.2642059437722557 0.8782211945349765 0.5895999813320778 0.9287218691365883 1.7587894404032482 0.6603021563753114 1.2825827826049196 0.6084224135318486 0.5709583054336134 0.5166558850299154 1.7994787871817208 1.4088481334701453 0.8764766613661719 0.23237837209890877 0.8345682412613284 0.7508409725445864 0.9620164111630553 0.9093911391456171 1.2242244635053887 1.2353201646151273 1.3219090475152542 0.6495797293238776 0.43570183407131574 0.6411316898112608 1.980794094942744 1.9225267283753404 1.480837544341451 1.5817008332754567 0.35650448639457955 1.8250613227770458 1.1675026670631259 0.3780999706370662 1.6626701880359183 1.1540961409950174 1.451127539908175 0.7973689659771906 1.9379992931949386 0.6502122620589865 0.634488459389327 0.3745425271754447 1.3019191024894152 1.1321063534294176 1.0375859103913367 1.7196287737974116 0.9918109546971055 1.7187875457405677 0.31674735368324214 1.719167836951538 0.7917626290566646 0.9776296234470594 0.6729400514009385 1.3712428753947346 0.34087545102403055 0.3935733863533237 0.7140148337095263 0.28208349491799195 1.9294715758859808 0.2290954652195972 1.2863031935356704 1.4119511120385657 1.8950798588164965 1.4780778657877038 0.7860083424995646 0.3828037441414678 1.0503103051310883 0.7526017485920159 1.2029953155803643 0.7946572004130836
0.07940994130836332 0.24504534247431153 0.4724477367607812 0.20309697945654392
0.6023989538220866 0.20486400638753532 0.05956089663297248 0.13317614315740556
0.047073860316548255 0.49712619222136045 0.1957429776461107 0.2600569698159806
0.0071538258880377015 0.8156107948385906 0.0037279424180549636 0.17350743685531678
0.15133760508293048 0.32448907054864806 0.05046090571541184 0.4737124186530096
0.3037778899837317 0.0927475997269348 0.4356466520361908 0.16782785825314273
0.3440471670401263 0.2848532193727453 0.022065388140394382 0.349034225446734
0.06260925718039012 0.09741619841681526 0.013067674414645292 0.8269068699881493
0.1306820766709471 0.606088213603038 0.10852229221479626 0.15470741751121864
0.10394850922899668 0.4283600508737848 0.0739809104134842 0.3937105294837343
0.009091032399944687 0.3600954747096883 0.2732816452954351 0.35753184759493195
0.12625945129931726 0.38867640189891983 0.2077602623696736 0.2773038844320893
0.25045343078556526 0.0034667006717507 0.6537142732800078 0.09236559526267629
0.11701655448833437 0.11450153164937915 0.2810904628491442 0.4873914510131423
0.0862201318148802 0.3175670503315914 0.5285758583060147 0.0676369595475137
0.45052017630995866 0.12266064003862653 0.02456665524995172 0.4022525284014631
0.2205500638766389 0.060203148063829315 0.21222529325243167 0.5070214948071001
0.0482719288247786 0.3938585461254517 0.27986938232569347 0.27800014272407625
0.46155045224195335 0.25271283932802435 0.2730279071446703 0.012708801285352012
0.35804052106251516 0.26085917629262334 0.004771316344013177 0.3763289863008483
0.008704704271813468 0.018790411929113127 0.9625607824383703 0.009944101360703117
0.4299469510443795 0.012667089123459596 0.0037829422886149766 0.5536030175435459
0.7690464622349673 0.07935011117202406 0.014010157844532967 0.13759326874847566
0.14245120360470886 0.2897172483467485 0.3911094015592982 0.17672214648924445
0.14620447289775285 0.34774287928920034 0.2935435252741815 0.21250912253886534
0.4349806972932321 0.07532003096270412 0.45072787122232016 0.03897140052174364
0.6983082362218017 0.028810130801190215 0.14734297710473587 0.1255386558722722
0.233270005273011 0.29166770606363823 0.19373594032611385 0.2813263483372369
0.27307650511996695 0.1958569741674493 0.22553011093478303 0.3055364097778007
0.002402573682349085 0.611384542865589 0.11133188172033037 0.2748810017317316
0.1080822154550467 0.06668698175264665 0.714420165879854 0.11081063691245263
0.3795463639865222 0.007935450107748099 0.40631488745526634 0.20620329845046337
0.03940691738994695 0.27935465286894434 0.40070339666038157 0.28053503308072714
0.13857097808045682 0.3337248439733783 0.07627040184789768 0.4514337760982672
0.16302302744225294 0.2634055443176687 0.2860203520660598 0.28755107617401854
0.06740513335982123 0.2537533312271788 0.4966686602977157 0.18217287511528424
0.3949396636277842 0.17178190427196693 0.09290619506484732 0.34037223703540154
0.02609492029391236 0.5433581283361211 0.01525483078520773 0.41529212058475884
0.14570269088858478 0.5801619420920936 0.12684069322959213 0.1472946737897295
0.473853148303761 0.0682467331669363 0.4222341781515847 0.035665940377717975
0.07292707847339064 0.03768443477063055 0.6586931055350679 0.23069538122091093
0.14980307697242046 0.044495542843263514 0.5938864843427178 0.21181489584159818
0.2742318449140446 0.3619128549499253 0.26311659446273994 0.10073870567329013
0.26622015372191843 0.08332094069782248 0.17561286866022907 0.47484603692003
0.041018316988591264 0.33528003497882397 0.18525573481211466 0.4384459132204701
0.2527700110829505 0.025296369460623302 0.42588002232325683 0.29605359713316937
0.43541998126471404 0.23147406791756975 0.11372323128561379 0.21938271953210242
0.4371558836677616 0.1601997473785648 0.2955352901967767 0.1071090787568969
0.5422214477929082 0.0465223773179394 0.05567287671128107 0.3555832981778714
0.0952658112601309 0.3198141028222127 0.4477381607147546 0.13718192520290184
0.4363780370483008 0.021138946534117853 0.1065502593692832 0.43593275704829815
0.3051808777281808 0.2152874147633559 0.42099334385544473 0.058538363653018566
0.10651941880782867 0.027211095538269725 0.7801813547573011 0.0860881308966005
0.3181290706968295 0.02488050809078801 0.11923809313702705 0.5377523280753554
0.13216976304179684 0.2737896782268079 0.2284155588426141 0.36562499988878117
0.10849387247109332 0.197341429206784 0.2526927228329925 0.4414719754891302
0.21327917883705472 0.3256013722025185 0.23233980659008635 0.22877964237034043
0.16397083380646915 0.41514229631851995 0.12941460696776386 0.29147226290724704
0.6164366863235934 0.12395085016052299 0.06736487287960669 0.19224759063627694
0.16651269236285537 0.5931483129337127 0.07357086593851969 0.1667681287649122
0.2728892054823875 0.016055725924352338 0.15217114586607505 0.5588839227271851
0.03474741549738569 0.5414958671925172 0.23082275021369925 0.19293396709639787
0.20651519302582433 0.2938262357254735 0.34983003329246587 0.1498285379562363
0.00917126854433814 0.4126113073481794 0.0821904775073865 0.49602694660009594
0.2433311226297683 0.45127072897663656 0.041016637408359036 0.2643815109852361
0.06352470929602771 0.4495064007327344 0.24944221866558947 0.23752667130564842
0.07529109672026535 0.756197571945773 0.09008641672535234 0.07842491460860934
0.08253476430871443 0.4765865338207179 0.18748401922434166 0.253394682646226
0.034184559162591444 0.9398239889453595 0.024756687391554566 0.001234764500494534
0.09373496696850214 0.12468184132347049 0.13623291896328793 0.6453502727447394
0.03668923354329323 0.6455666123148418 0.0571598239462594 0.26058433019560556
0.23578277942693482 0.30980519638256543 0.147638653930512 0.30677337025998774
0.35872850740030526 0.08913703051999633 0.15769387647807853 0.3944405856016199
0.377057125452374 0.0868942941938522 0.42562317437708197 0.11042540597669182
0.05674659478035393 0.19459582378303608 0.740519195027649 0.00813838640896103
0.1497928410913265 0.10594465795487329 0.09891962546921496 0.6453428754845852
0.06480261396537579 0.6907293198900205 0.11237936785828828 0.13208869828631542
0.4131368065565938 0.31479510412738265 0.139887675532551 0.13218041378347256
0.34059980493500286 0.4240330024021235 0.10478100201827112 0.13058619064460253
0.29227867709256417 0.07018969877793446 0.039263062932946236 0.5982685611965551
0.7358718761929431 0.11754516013970107 0.12453725143456429 0.022045712232791503
0.15978228020642748 0.6119279087137058 0.010550056603848446 0.21773975447601823
0.3473239091832244 0.041737745262867776 0.012342507198748964 0.5985958383551588
0.3185648224296329 0.555688311933492 0.028939295697253065 0.09680756993962203
0.1113538810666882 0.03496743378626421 0.5545756515645395 0.2991030335825081
0.008034233991367379 0.21997376684851278 0.03641492538975888 0.735577073770361
0.06489615138344329 0.12916623666971228 0.12331873977299324 0.6826188721738512
0.27976619538274416 0.47235091863554146 0.19835428821574919 0.04952859776596519
0.00481534900011471 0.5423188019442183 0.1377663795239945 0.31509946953167245
0.6798858866204599 0.21245078740993284 0.024989370454109427 0.08267395551549783
0.4588355578091533 0.5206313065586811 0.009158217867895724 0.01137491776426991
0.023363770515924642 0.053968657365713435 0.40181964704578865 0.5208479250725733
0.022632746739208343 0.02656377835703949 0.453823318356665 0.49698015654708716
0.050402740750721375 0.32525271987237014 0.5929284677784459 0.0314160715984626
0.16117594469210828 0.06368123975792406 0.26280700167031457 0.5123358138796531
0.2750310998003874 0.360702517408256 0.07257742140949841 0.2916889613818582
0.015229400104253221 0.3626391450288061 0.3494182024826943 0.2727132523842464
0.3375684730702272 0.38510047646203127 0.11957921519542491 0.15775183527231662
0.3326829434673577 0.04231366613126797 0.4903858962957408 0.1346174941056335
0.07387998101526994 0.3836391543832893 0.41424797799597 0.12823288660547072
0.20203849631217208 0.19997037283666808 0.32191050185687686 0.276080628994283
0.2760704204091047 0.049482547663063925 0.03799275029362581 0.6364542816342056
0.2468034257921553 0.12667253546055557 0.3498364910193231 0.276687547727966
0.24635874239802424 0.38542947840470543 0.13997816590809198 0.22823361328917835
0.003372697683293513 0.38405268492726286 0.6086300886748742 0.003944528714569406
0.12185690581350661 0.26784982637739496 0.3668785426737923 0.24341472513530615
0.14020529118107572 0.31389694488052877 0.4514814641111694 0.0944162998272261
0.681497324038476 0.08475358303908698 0.213580453932807 0.02016863898963006
0.12008320823158536 0.1341601559493193 0.25242722532528605 0.4933294104938093
0.37252789166562517 0.08493384778176438 0.3369571680287782 0.20558109252383228
0.14584120128227573 0.4936941861361136 0.04593538606997716 0.3145292265116335
0.023526007924642656 0.03514572796724558 0.1208960441298661 0.8204322199782457
0.24377059399488066 0.5241048322867928 0.15203998440517796 0.08008458931314855
0.0577165377033142 0.03500731622512809 0.34537202705758974 0.561904119013968
0.07513539561091631 0.327417044496338 0.02416840122974373 0.5732791586630019
0.2772400054821649 0.1474960170721178 0.47229953167075056 0.10296444577496677
0.23374979314153765 0.3245594849297704 0.3193688843968905 0.12232183753180148
0.251027298131858 0.4820960499692388 0.038166182537533455 0.22871046936136974
0.179884945209142 0.09410426133450234 0.4978477229722582 0.22816307048409745
0.43162430733851564 0.236188529764648 0.1718165685272185 0.16037059436961787
0.02544462325195118 0.7476054635743059 0.05415181435651395 0.17279809881722896
0.08989381043127409 0.6639391078168859 0.16919750972685166 0.07696957202498833
0.5768766730283932 0.08062341810652696 0.20211035843056802 0.14038955043451185
0.48727333693723585 0.03145070919834314 0.21656924292480384 0.2647067109396172
0.25762836241596687 0.21743153728027986 0.11241097574837156 0.4125291245553817
0.015216662699125139 0.2919346070197365 0.31373354326429514 0.3791151870168432
0.3771195581796972 0.4257855654856981 0.16163633114269083 0.035458545191913826
0.3801519888714211 0.17640879127014275 0.12665434466139402 0.3167848751970421
0.11527805929707513 0.12262386727064634 0.4660986354601879 0.2959994379720906
0.06946701274216094 0.7447287879646219 0.015521974148067774 0.17028222514514935
0.07118578685761423 0.6407598264045867 0.2626237915071439 0.025430595230655162
0.030745145245507866 0.7063231124808269 0.10026490886671902 0.1626668334069462
0.03521225070360712 0.19087859894629022 0.024772592053147746 0.7491365582969549
0.23410473859754188 0.42188473544730454 0.02147819358628844 0.32253233236886514
0.24169405772996932 0.27909839185834007 0.11005232635926454 0.36915522405242607
0.18142322185887316 0.47704820555965644 0.26553344810233814 0.07599512447913226
0.006422824816963213 0.18374755169710422 0.7309928248808806 0.078836798605052
0.3632188618460992 0.119805216820839 0.005376211878610482 0.5115997094544513
0.271369529952617 0.13408503597996624 0.26836979654511195 0.32617563752230483
0.13493033269839017 0.10813194787130698 0.33583480766627494 0.4211029117640279
0.12318955538021303 0.5791398467432185 0.1679167772440774 0.12975382063249108
0.2795790208671689 0.03292265659133753 0.6742733046415832 0.013225017899910374
0.4653098681394957 0.4258901090953793 0.03088371238993648 0.07791631037518854
0.14544359696441833 0.03268317519312214 0.002082150991539855 0.8197910768509197
0.05946127689921421 0.16506675540765137 0.2053861505366229 0.5700858171565115
0.542034741602604 0.2341071728409163 0.17005438708063936 0.05380369847584032
0.6856393312473892 0.147395735293116 0.03682998424375106 0.13013494921574376
0.02784343414740098 0.5870672288921429 0.06891029006639937 0.31617904689405674
0.12661653167533793 0.5310932588100536 0.09687164776897894 0.24541856174562948
0.07451944379003805 0.4819852286210292 0.1491792840915891 0.29431604349734364
0.29820500050787213 0.30206058994519136 0.136494929870133 0.2632394796768035
0.054318868434385825 0.4135440693181669 0.49272313063372575 0.03941393161372153
0.8234862435352026 0.07367181803524059 0.026988365401774073 0.07585357302778273
0.35709058781975955 0.2431199647583212 0.17516740621273907 0.22462204120918017
0.17610122164822628 0.2680925313709064 0.03106050254319237 0.524745744437675
0.174337059403603 0.15388195234616975 0.24614201165060867 0.4256389765996186
0.6277015948436445 0.015806735256476467 0.04510181088210474 0.3113898590177743
0.0461249449408625 0.25771212416001354 0.08727705193962232 0.6088858789595016
0.010322122916568977 0.45719943146733744 0.13841388231764495 0.39406456329844863
0.21248833432389946 0.28569222928987303 0.3385233666974864 0.1632960696887411
0.048557238611517284 0.43408791657212864 0.16806651926670124 0.34928832554965283
0.305825552327161 0.08202401825399686 0.6039166943753591 0.008233735043483015
0.30750523413041164 0.09762986061010703 0.2477886364398938 0.34707626881958753
0.8701724547941367 0.05025570526943368 0.009681882667713748 0.06988995726871583
0.024530404727129418 0.4189960207042739 0.09306858530227491 0.4634049892663218
0.058926941813779554 0.1611232854090996 0.28377343944655375 0.4961763333305671
0.09741699117162972 0.3926368446139833 0.1615142768049932 0.3484318874093938
0.11085694309046334 0.6064340652423702 0.07011832771791715 0.2125906639492493
0.4832101626304436 0.009674904617933078 0.48497102763296485 0.02214390511865849
0.1563154225489961 0.10554650220245065 0.47768248897893906 0.2604555862696142
0.2422452124743848 0.5139540093509822 0.20411343610908483 0.03968734206554814
0.3551138988572555 0.37785399475685455 0.08864814799198906 0.17838395839390087
0.10016852670170806 0.10491808588779639 0.061656189205035794 0.7332571982054598
0.4092406541864225 0.08968307575475054 0.36226639506391634 0.1388098749949106
0.03917170425667171 0.3655479761619932 0.1291216129950733 0.4661587065862618
0.04242502534900261 0.4998652032718437 0.03953230123033291 0.4181774701488208
0.2898630331004999 0.5619974092698726 0.012548913781217585 0.1355906438484099
0.23222540118580504 0.2991186662426306 0.3630238462715484 0.10563208630001597
0.2442817614141638 0.447224009495252 0.03659452819295894 0.2718997008976253
0.11089476889031258 0.3396472487092982 0.3147982671273294 0.23465971527305984
