10 100 4 268.406956003883 536.813912007766
7.941885789400714 1.1867675442346135 6.702834114336479 7.7392349428475065 5.4865631107233135 3.023169809777629 2.782565782836616 7.8447764097906285 2.521997529062819 1.7950583275660925 7.1682383653101756 9.58054011575443 1.03553439695123 5.60973037047199 8.313588654869022 6.512734601464493 7.495797856886196 3.6268846135356982 9.259967102616491 7.431182050579215 5.882899312101351 2.2795304284137425 4.360066840463222 7.067202535597108 4.976498569806965 4.906125939999644 6.559902806223855 5.6182441829895176 6.853574637383205 6.4093505806409 8.247008771494718 5.694824371542707 9.177839927278015 3.8731248008969077 1.8141341434381664 3.70630050972583 2.025859256771948 8.458131936769089 1.4220668745032479 6.636584334802533 5.928275403273192 8.373582961030618 2.7905278571093106 8.711652722119599 4.1648737548887915 7.7918292237687155 3.663655361917108 8.955428316050677 3.9296047404902392 2.485143079472336 4.532763195519285 1.8411433710278526 8.389950920532357 2.3603681767830746 4.457030038229796 9.49834641014921 9.88862927411685 5.106740923853057 8.435105594584659 3.262367207863534 6.376344834077958 9.125485842984647 5.811021539216336 6.311812266868806 1.353535905028486 4.2146358277108265 1.7165178114036777 3.7491392650853643 3.976473807839188 7.964472665895363 1.3596328782097955 4.865429605884745 3.834341846584195 6.728420287607902 4.117124350720298 1.3878762058449499 8.919236570661244 7.869165284293129 8.902869784523725 4.757582294553403 6.450198079543811 5.6211996466745955 6.380529831666763 3.3599409501875526 3.707841780466365 1.2285980384509547 3.7275630458593128 3.1786828786317463 6.018203697963798 6.089563178993508 5.276190226735455 3.6351817866055818 1.57825954625342 9.809372311818784 4.057370592740773 5.455437677942089 9.793726533304136 4.966964424105999 3.864455249310561 5.678172872878421
1.5883771578801427 0.2373535088469227 1.3405668228672958 1.5478469885695012 1.0973126221446627 0.6046339619555259 0.5565131565673231 1.5689552819581256 0.5043995058125639 0.3590116655132185 1.433647673062035 1.9161080231508858 0.20710687939024602 1.121946074094398 1.6627177309738044 1.3025469202928988 1.4991595713772392 0.7253769227071396 1.8519934205232982 1.486236410115843 1.1765798624202701 0.4559060856827485 0.8720133680926445 1.4134405071194216 0.9952997139613929 0.9812251879999287 1.311980561244771 1.1236488365979036 1.370714927476641 1.28187011612818 1.6494017542989436 1.1389648743085414 1.835567985455603 0.7746249601793815 0.3628268286876333 0.741260101945166 0.40517185135438955 1.6916263873538178 0.28441337490064955 1.3273168669605067 1.1856550806546384 1.6747165922061236 0.5581055714218621 1.7423305444239197 0.8329747509777583 1.5583658447537432 0.7327310723834216 1.7910856632101353 0.7859209480980478 0.49702861589446723 0.9065526391038571 0.36822867420557054 1.6779901841064713 0.47207363535661495 0.8914060076459591 1.899669282029842 1.97772585482337 1.0213481847706114 1.6870211189169317 0.6524734415727068 1.2752689668155917 1.8250971685969293 1.1622043078432671 1.2623624533737612 0.27070718100569724 0.8429271655421653 0.34330356228073555 0.7498278530170729 0.7952947615678376 1.5928945331790725 0.2719265756419591 0.9730859211769489 0.766868369316839 1.3456840575215803 0.8234248701440595 0.27757524116898996 1.7838473141322488 1.5738330568586258 1.780573956904745 0.9515164589106806 1.2900396159087621 1.124239929334919 1.2761059663333527 0.6719881900375105 0.741568356093273 0.24571960769019094 0.7455126091718626 0.6357365757263492 1.2036407395927595 1.2179126357987016 1.055238045347091 0.7270363573211164 0.315651909250684 1.9618744623637567 0.8114741185481545 1.0910875355884178 1.9587453066608274 0.9933928848211998 0.7728910498621122 1.1356345745756842
0.06809727353795003 0.5100391563445175 0.2038126887366809 0.2180508813808516
0.29972987242456284 0.050926518858570136 0.23536558877004288 0.41397801994682415
0.05047767015399762 0.05758610262545494 0.565403152505268 0.3265330747152795
0.10687958439356915 0.11188976478596757 0.667057746988169 0.11417290383229428
0.14762019228529766 0.3221651011551968 0.1752868330277474 0.35492787353175814
0.2267733432700092 0.021839164532760247 0.6736202791007768 0.07776721309645374
0.014860024633228108 0.5518898999417718 0.006278979458185896 0.42697109596681415
0.14853345135645857 0.41302390891991037 0.0226384682543066 0.41580417146932447
0.4396052377745905 0.06737339148945687 0.18691143707836433 0.3061099336575883
0.09010673472443853 0.10799392249183037 0.3670256967415356 0.43487364604219547
0.030684840372946276 0.2652189218478911 0.44896031472923037 0.25513592304993227
0.3851135995654865 0.3976012186794846 0.055546502458721725 0.16173867929630714
0.6031629758620348 0.01257390017153448 0.13472773445392172 0.24953538951250898
0.1748138948221194 0.2837003114151536 0.025506684049552808 0.5159791097131742
0.11672951094696327 0.33996802437320894 0.39206653649105994 0.15123592818876785
0.07708540441603862 0.01757363632761444 0.4791171907075491 0.42622376854879784
0.35121350299640874 0.30451323971818944 0.15758934095620591 0.1866839163291959
0.38403076811573245 0.009388344320782949 0.4359828073907205 0.17059808017276412
0.2131865653786481 0.2944143426763113 0.4583453434528557 0.0340537484921849
0.025263945431817092 0.1593628925824484 0.6809257802130176 0.13444738177271687
0.2574754234045431 0.20037408856986738 0.35204215342576817 0.19010833459982135
0.02443264498316411 0.2498621740322321 0.08147752380826712 0.6442276571763367
0.37764191857408025 0.1814445978291781 0.2855323447405922 0.15538113885614946
0.3002106115940131 0.21099803469145229 0.28206458674214874 0.2067267669723859
0.18486754999091237 0.3844038497103761 0.4196455744949127 0.01108302580379883
0.6147017129801696 0.18807422336807678 0.018440539850013926 0.17878352380173967
0.26340316495675753 0.011391966636011164 0.6637190656165688 0.061485802790662514
0.046739227161395 0.41198500202846866 0.22185014525458102 0.3194256255555553
0.8586490154684265 0.07226682037932497 0.032984686990531364 0.03609947716171713
0.11396030875469221 0.5240747725899345 0.12852504522628005 0.23343987342909323
0.3841218491535694 0.1593431893213466 0.35455927037459933 0.10197569115048466
0.08696940892461757 0.3184098795049515 0.491900656389779 0.10272005518065197
0.3045733553466201 0.2963808518990563 0.2775119711809867 0.12153382157333692
0.05662820283810621 0.6351464047383604 0.11123292914043126 0.19699246328310216
0.08262029129549275 0.4462335880666334 0.22843216095348862 0.24271395968438525
0.20476161403019622 0.5885077112962244 0.17008818039507034 0.036642494278509075
0.34523678986185746 0.20542399435995762 0.25019102556180095 0.19914819021638397
0.05794980601005473 0.08530270489512726 0.367079273643663 0.489668215451155
0.14651567931680165 0.14221920122517362 0.31270549564083094 0.3985596238171938
0.5508060640409488 0.029525287427027758 0.0351707655905642 0.38449788294145926
0.4133046555645703 0.09175446199189086 0.011730160263980771 0.48321072217955807
0.3426431255645266 0.2700860563645274 0.05009256947093477 0.3371782486000112
0.009769977119685747 0.12228515015230113 0.08585330893085585 0.7820915637971573
0.08749305252390538 0.6835782027839491 0.13915938135190853 0.089769363340237
0.0871283569325122 0.45070407692146186 0.2353791878982875 0.22678837824773845
0.27252617599113516 0.16821088142266594 0.035947913302860846 0.5233150292833381
0.037322009011339086 0.4398987918965953 0.24101637941171283 0.28176281968035277
0.06785531108690035 0.54634092262779 0.11969780394414309 0.26610596234116657
0.0193474616178273 0.24854072408426453 0.29123711825839027 0.4408746960395179
0.03390251313256176 0.32658279702149695 0.05175209836339656 0.5877625914825447
0.23671087648016043 0.4345460286454712 0.18189850806477048 0.1468445868095979
0.44276965332145124 0.20922519508465875 0.2402746032865779 0.1077305483073121
0.13560977226706927 0.294316330589503 0.0969071186805035 0.4731667784629242
0.058894011440773775 0.1153059317006726 0.36315408228218315 0.46264597457637047
0.5760907120119877 0.07569565976922787 0.15914785329389025 0.18906577492489418
0.5035747397173306 0.11036038694710737 0.19275602294605232 0.19330885038950973
0.28814558099381116 0.15503150603353621 0.2718108688179788 0.28501204415467385
0.11452711222626355 0.17111309600590163 0.3632649432134486 0.3510948485543862
0.10495741202168796 0.26338449330853553 0.3937248966496524 0.23793319802012414
0.0017596491043597728 0.6437290136398159 0.16237787052091657 0.19213346673490772
0.27908960707212593 0.2015986579187311 0.43423916077741154 0.08507257423173142
0.2756196336037614 0.11923866281211248 0.37415386060763256 0.23098784297649355
0.7891887879251763 0.048981760605528724 0.032834426713295284 0.12899502475599967
0.19447817432203818 0.04187522090174012 0.07102602331368613 0.6926205814625356
0.5271468808849665 0.03570016581928981 0.36923662886085296 0.0679163244348907
0.019732459506620614 0.018560944679215985 0.25678248972016204 0.7049241060940014
0.029654940797728235 0.4796804507164104 0.32274936979861 0.16791523868725133
0.33184400023449434 0.08028977512944635 0.1860397326925337 0.4018264919435256
0.016909811354707704 0.06393259243609795 0.7285249300307293 0.19063266617846508
0.28689069833770775 0.3301538546397087 0.29425567137503195 0.0886997756475516
0.2287556137159159 0.5823820260362461 0.03322083375603613 0.15564152649180185
0.024738783415619525 0.5856896655668137 0.029200699513129424 0.3603708515044374
0.1715930195622134 0.1136726035595994 0.2969572794641966 0.4177770974139906
0.1040140651107091 0.09092059967237764 0.1278814707922179 0.6771838644246954
0.09016116884502079 0.0026864762422703636 0.6497430958574496 0.25740925905525924
0.5201746856274987 0.3641509777389348 0.04902265271658568 0.06665168391698084
0.11325313441738971 0.6749587579618306 0.0035798547808667536 0.20820825283991296
0.004223913508407007 0.12806745044695533 0.17063832228726006 0.6970703137573776
0.2556625525155257 0.14613533048357097 0.24641205224249418 0.3517900647584091
0.22743891395182814 0.5270535609564366 0.11027249187471388 0.13523503321702135
0.08046361735719143 0.2919049620551232 0.02784351083046721 0.5997879097572182
0.22636013801884003 0.05456132891436716 0.017905729719475905 0.7011728033473169
0.13978028098719586 0.05581353526356081 0.014398353839289224 0.7900078299099541
0.16769630743472275 0.31698359560755307 0.23266004832102838 0.2826600486366958
0.7236336058193933 0.10603095942408325 0.13163610386823932 0.038699330888284145
0.22286359973606018 0.08041543754980163 0.32470892512057825 0.37201203759355994
0.26521517056103106 0.1538415464478633 0.4532486056510131 0.12769467734009254
0.18915818640159343 0.14622632344579 0.6555522388021932 0.009063251350423407
0.013139545362499061 0.09437279933402876 0.20043510359728223 0.69205255170619
0.06542942286782805 0.8390498314008809 0.04245216652629147 0.05306857920499963
0.4559104342797371 0.1908097608426229 0.10680067738769206 0.24647912748994794
0.010380039277155584 0.014315698636556018 0.8037953535587774 0.171508908527511
0.15823680006023388 0.09066847191493121 0.17980507359850284 0.5712896544263321
0.31512728615391017 0.017908494283415788 0.033911261668196024 0.633052957894478
0.6482792162720238 0.24841933106964198 0.003596071410737478 0.09970538124759676
0.7944176886703367 0.015554413251366417 0.0016260417115964154 0.18840185636670048
0.10716543173998427 0.5656209297228847 0.21229379363477008 0.11491984490236096
0.23723420298054942 0.6810620944176546 0.07875084762222884 0.002952854979567099
0.3590617132505789 0.3410225953666055 0.20105718813446571 0.09885850324834988
0.018674455363305253 0.3673116416328903 0.05716022023707956 0.5568536827667249
0.46453080777933253 0.25407200260291773 0.1353309401182361 0.14606624949951363
0.037094413234407875 0.4752397400391414 0.050856531219195755 0.436809315507255
0.1591937333780935 0.019709075192996917 0.15891307849358904 0.6621841129353205
0.3653649712141158 0.3792382695614448 0.007892929443042207 0.24750382978139718
0.048628006263405577 0.13540681582974567 0.4142208491859579 0.40174432872089083
0.3814115349046321 0.16099698132337215 0.38294835663977256 0.07464312713222321
0.5334708849890026 0.25828611128762136 0.18614226712538096 0.022100736597995052
0.4284507389678964 0.2803990874010588 0.16848541519597948 0.1226647584350653
0.10461974452285316 0.06158240318168051 0.6528337164316789 0.18096413586378746
0.4361182553388343 0.1532294563417731 0.21072103901353778 0.19993124930585482
0.03755767594167769 0.41554732425955576 0.1041904060351635 0.44270459376360305
0.1680727975326186 0.430978999928874 0.24945738443322196 0.15149081810528542
0.021165191172154985 0.1548769421115389 0.6050184840065882 0.2189393827097179
0.0146348751032499 0.4984878326289952 0.3312630868071025 0.1556142054606524
0.3386791329893397 0.07821927406003804 0.32577617025005634 0.2573254227005659
0.20595025836897252 0.08788129683479551 0.42199931754754616 0.2841691272486858
0.09344037694376706 0.6914263413331798 0.01870162946627274 0.1964316522567804
0.2573028872050038 0.4790798166335596 0.12809648996338985 0.13552080619804674
0.31700156230578813 0.32732505273562884 0.25138233366214113 0.1042910512964419
0.049195157773728626 0.019838183843525425 0.24125036532286492 0.689716293059881
0.13021178947959489 0.27325805100107114 0.5101118910900085 0.08641826842932543
0.7091059640719906 0.0852030977545436 0.0625219808012184 0.14316895737224744
0.12250998143741987 0.3062373476916228 0.10940018801091578 0.46185248286004155
0.3964418788784505 0.015834198474950156 0.4794864925822936 0.10823743006430575
0.060050205550819635 0.16873212765114565 0.6114649828864253 0.15975268391160946
0.28825313879221637 0.07977354204324305 0.2595351718701695 0.3724381472943711
0.12233592111500502 0.478715970017505 0.10624441820892727 0.2927036906585627
0.19325373228646103 0.7593902044841628 0.022168562626045274 0.02518750060333086
0.1467688142787268 0.45216763479394806 0.22896672667589635 0.1720968242514288
0.009221101669878884 0.31192092979508057 0.05088687070887499 0.6279710978261656
0.33775464688518353 0.058363145455413434 0.5445892461426263 0.059292961516776765
0.058822368101847045 0.07135317252906537 0.6537887463280754 0.2160357130410122
0.584055872555269 0.061171873128764154 0.23556431492950736 0.11920793938645946
0.18902945285563533 0.10845464412028649 0.21727965288079099 0.4852362501432872
0.17778874861709792 0.30428322110576056 0.21423630208613853 0.303691728191003
0.04173781251696107 0.6296345174404023 0.30402038721596936 0.024607282826667243
0.02042996881149528 0.044477013595114356 0.14302011572554174 0.7920729018678486
0.25660756684899655 0.44328641768025623 0.2953648002910032 0.004741215179744018
0.09727249413988015 0.35224228345879627 0.27128512430873064 0.27920009809259294
0.1845717366096261 0.6540052784442612 0.04837807341472311 0.11304491153138962
0.535468716291723 0.0906749528347004 0.283518907460131 0.09033742341344564
0.1295767771432601 0.7131617223065042 0.09293150254588523 0.06432999800435046
0.22581272666343477 0.6773590130664867 0.004371206786129567 0.09245705348394895
0.11687943957439817 0.46417846756050674 0.1517373616616171 0.267204731203478
0.13147160161175608 0.2259915965081286 0.39726036810706444 0.24527643377305086
0.5566206925418394 0.009896303365488857 0.1272203683545834 0.3062626357380883
0.10017138767093214 0.5786640092220492 0.07754696100261715 0.2436176421044015
0.03733023706427252 0.28423534564763475 0.5163489262542889 0.16208549103380387
0.15168642439497915 0.009166274873568692 0.07485925716744912 0.764288043564003
0.2531791463099399 0.572285382252077 0.15637032952586127 0.01816514191212182
0.5220495668360079 0.1842813183646591 0.0667847140760468 0.2268844007232862
0.30910515867905375 0.24464328257644996 0.23480543321973657 0.21144612552475972
0.7509266518441873 0.033811928916286815 0.05410800685305195 0.16115341238647396
0.09194928490764764 0.15847464824252666 0.18883041744810103 0.5607456494017247
0.2911544297803492 0.34676627097521884 0.2724814228507666 0.08959787639366534
0.9285193564036172 0.037033359218179074 0.016451200721305015 0.017996083656898754
0.008659271417291059 0.16439045205931258 0.6683489340252176 0.1586013424981788
0.501745998146996 0.13494983033839558 0.1611847675358391 0.20211940397876926
0.5106313083459157 0.028907235006336185 0.30034893780212857 0.1601125188456195
0.1530668142526591 0.12100077511081242 0.6929781638665787 0.032954246769949735
0.12067964142197818 0.12319545455383285 0.6884268827867515 0.06769802123743751
0.8847186881060606 0.05313075276035317 0.03239008936017529 0.029760469773410958
0.14647095922681508 0.5655602271603473 0.19719105928434744 0.09077775432849022
0.08981163906322553 0.2639729157077638 0.26202332059612743 0.3841921246328832
0.26375579541254224 0.4273281543705675 0.11329896492597469 0.1956170852909156
0.18333855055950088 0.2503411184143477 0.30964156299870105 0.2566787680274504
0.011428526824066254 0.0020300316756914905 0.4660901416414951 0.5204512998587472
0.03827219890219569 0.023158879703099267 0.8244891749173283 0.11407974647737673
0.08191454230184858 0.7187794605831493 0.06060032234561985 0.13870567476938223
0.1405987267853942 0.2602779578497679 0.44216820062867646 0.15695511473616142
0.22014599338063867 0.3158075405084769 0.3055444372860804 0.15850202882480402
0.005156348033917069 0.5187135350923646 0.16615650218943068 0.30997361468428763
0.05510592078168841 0.24071280578390708 0.39811194712306097 0.30606932631134354
0.34739650514561404 0.0543853473288749 0.5652075353805075 0.03301061214500356
0.005290509169382895 0.05089347174255743 0.4486598255497589 0.49515619353830076
0.19841742953279573 0.4561807738093412 0.33098765331071367 0.01441414334714941
0.33479673167486723 0.17641894693651172 0.39359829809144575 0.09518602329717529
0.07350388060676039 0.1398091705735428 0.7288368680943969 0.05785008072529996
0.09592006679437992 0.1549255140401391 0.4801820595211804 0.26897235964430055
0.4371231912677318 0.05869296707273686 0.1382475947823778 0.36593624687715354
0.5525980303993004 0.041677536704233575 0.12864074684172033 0.27708368605474565
0.0044076449230693315 0.7380399413913314 0.015089097856760825 0.2424633158288384
0.29576370224015924 0.25311833560273234 0.22961013243581052 0.2215078297212979
0.15481361149816686 0.4845267812251166 0.2853422110590047 0.07531739621771183
0.1864099258251244 0.010231837514629971 0.35095582147670357 0.4524024151835421
0.21272669051414417 0.42054943863580785 0.1830916223035145 0.18363224854653348
0.44852458936494555 0.3653336958690445 0.16956718616949662 0.016574528596513316
0.029706053983398317 0.015339495513774781 0.6359039753334161 0.31905047516941076
0.11747222616483843 0.19248541313984957 0.3518529773249076 0.3381893833704044
0.7170386259969244 0.07914152346811099 0.18121039977056963 0.022609450764395023
0.02923457187959755 0.1222491410709039 0.738249233139653 0.11026705390984559
0.11259759396041913 0.2148302488462226 0.48692568606562403 0.18564647112773425
0.24919659562913243 0.009225209775338472 0.017634143152751802 0.7239440514427773
0.2702251773919264 0.03314202038325342 0.045928395522261134 0.650704406702559
0.3114418154612556 0.0618335643354071 0.5936988234971203 0.03302579670621697
0.11143517283136029 0.6681171657651982 0.02522055811225765 0.19522710329118387
0.16124975726807989 0.1611712945552073 0.3917288415312735 0.2858501066454393
0.5159239606629441 0.28979340781699103 0.17890447773886808 0.01537815378119678
0.07655877521919541 0.7370238718925223 0.16212108998125663 0.02429626290702569
0.01620939199104432 0.00949075545603395 0.5184393959150768 0.4558604566378449
