48 50 4 126.47891076315753 252.9578215263151
1.1574124383803737 9.024159404622326 3.563750507265265 3.690787397130621 8.128308345898864 3.9202353773040595 8.782393480212324 5.027613689924867 5.934069157150848 4.214547953469905 2.0108082285343882 2.277074393634674 5.004631690409664 7.587822026682207 5.140911053766444 6.3346996807783515 4.030424716861731 5.089850387454608 2.6841499554747226 4.679516919490395 2.1889183595132446 1.3339928348635477 1.7378904767599994 2.9209595597230718 5.907063373432729 6.895597135361253 6.299091242309179 6.1748522843590825 4.012167859171249 4.42515194827247 4.614766227345562 7.113923489249577 2.315587785251987 8.099057964683222 1.3368435006191 6.522673487377751 2.368610428962131 7.946893451337486 3.368071359309197 7.94772306818334 3.587071135907183 6.865114366022506 9.555299547427808 9.266269082196697 2.4830504220639993 4.040143394914258 1.8106026928874797 7.235544989124054 7.119232227441388 9.18249102779788
0.23148248767607474 1.8048318809244652 0.7127501014530531 0.7381574794261242 1.6256616691797727 0.7840470754608119 1.7564786960424648 1.0055227379849734 1.1868138314301695 0.8429095906939811 0.4021616457068776 0.4554148787269348 1.0009263380819329 1.5175644053364414 1.0281822107532888 1.2669399361556704 0.8060849433723462 1.0179700774909217 0.5368299910949446 0.935903383898079 0.43778367190264894 0.26679856697270954 0.3475780953519999 0.5841919119446144 1.1814126746865459 1.3791194270722507 1.2598182484618357 1.2349704568718165 0.8024335718342497 0.885030389654494 0.9229532454691125 1.4227846978499152 0.46311755705039737 1.6198115929366446 0.26736870012381997 1.30453469747555 0.4737220857924262 1.5893786902674971 0.6736142718618394 1.589544613636668 0.7174142271814367 1.3730228732045011 1.9110599094855616 1.8532538164393393 0.49661008441279986 0.8080286789828517 0.36212053857749593 1.4471089978248108 1.4238464454882775 1.836498205559576
0.03477780936045416 0.271298157277145 0.6567714137774319 0.03715261958496896
0.7281009213924426 0.16145942820157966 0.10219500087392774 0.008244649532049952
0.06077463391516946 0.08189081127612097 0.3241055415485805 0.5332290132601291
0.6894078317568418 0.023127212102340033 0.213892080108113 0.07357287603270513
0.01553175440855492 0.33740755970054104 0.26356642107268 0.383494264818224
0.2783652558261488 0.20631475088701245 0.2596875111611774 0.25563248212566136
0.03984569310124453 0.02682104551250508 0.9174954814760427 0.01583777991020774
0.25839358997133954 0.010350301723314304 0.5303504109631555 0.20090569734219066
0.1947675784971732 0.5198452886734657 0.21541777101674386 0.06996936181261726
0.028767325522239817 0.42255759878282906 0.37284178857294514 0.17583328712198598
0.279314881649118 0.13509955924884975 0.022680224107693103 0.5629053349943391
0.15587814262589017 0.02946051316325482 0.37425129705789806 0.44041004715295695
0.7241088978456394 0.2074965919239543 0.03862668509427092 0.029767825136135406
0.10775789740363695 0.2517434675733923 0.5536889366508446 0.08680969837212615
0.40794052726749364 0.05987559083167293 0.33861630353580463 0.1935675783650288
0.6185417372804003 0.02691352176504236 0.08457545744845418 0.26996928350610316
0.33626769893982944 0.20308659123034567 0.10155925645692399 0.3590864533729009
0.3724920263235939 0.011578394211374188 0.2229197969125809 0.393009782552451
0.2274290870826432 0.41839187351590534 0.30914566407649613 0.04503337532495533
0.38291536983619257 0.03149872192753589 0.558923412008705 0.026662496227566557
0.654883054797767 0.24049006944975637 0.07687373266062558 0.027753143091851062
0.4143984316289896 0.207051630239648 0.10679104839335041 0.271758889738012
0.33641143186840883 0.16056511864577316 0.32059832968652513 0.18242511979929288
0.4444010648550607 0.35015245897092717 0.17368257752966754 0.03176389864434459
0.002284185279189832 0.08555507374273741 0.845258676446918 0.06690206453115477
0.11171651349206269 0.18206277273199378 0.3421765688150862 0.36404414496085735
0.679839144482026 0.06274766507152008 0.0529438974822406 0.20446929296421334
0.10543877746756292 0.33738101326024483 0.05582945886672419 0.5013507504054681
0.08966191934454237 0.6551458829489938 0.18168426171853846 0.07350793598792538
0.7892065478127487 0.09516604416285657 0.016488200703573486 0.09913920732082127
0.0770330145756829 0.33634812545615245 0.433787268149077 0.15283159181908768
0.15848072980973626 0.29953642550940085 0.5315545739941397 0.01042827068672314
0.19712224566218872 0.2147396874505385 0.5386313761399026 0.04950669074737013
0.7868801369143655 0.0684106029628676 0.04641439959901017 0.09829486052375669
0.190561563524138 0.3339932503624409 0.09992635868582789 0.37551882742759324
0.2868779772323412 0.032034881764695156 0.18727944942926855 0.4938076915736951
0.041274500658022295 0.2303229596741314 0.2330773491823772 0.4953251904854691
0.06366370807698418 0.2940691117298436 0.26594211498470643 0.37632506520846576
0.20762708989171197 0.3793903306590798 0.1823031556970186 0.23067942375218964
0.0892071198676061 0.3565693857398151 0.25735707015960985 0.29686642423296894
0.282317548437342 0.04236548029453924 0.3239122988104671 0.3514046724576516
0.10108117649256643 0.13888882248650758 0.1991849997193892 0.5608450013015368
0.00824020038648865 0.49138076274644926 0.46010734489465976 0.040271691972402324
0.2205400757350341 0.44663557322524305 0.25719638236768916 0.0756279686720337
0.567659531644197 0.240679628890912 0.05994669239765338 0.1317141470672376
0.4987311400372253 0.010299416571048492 0.276502707817737 0.2144667355739892
0.3761733552758525 0.23023492855642758 0.11043854151024224 0.2831531746574777
0.538943661906289 0.015797751916452052 0.30963510853376 0.13562347764349902
0.23331445975540166 0.468822131113515 0.11518007635154104 0.1826833327795423
0.17561390856577697 0.22989933022259246 0.5179380652165095 0.07654869599512104
0.18210750582402757 0.18809154487064195 0.20904628945566994 0.42075465984966054
0.382788860417118 0.009846871383300981 0.12506409653858108 0.4823001716609999
0.0007973040569280165 0.09084564011749852 0.8153774764159766 0.09297957940959689
0.07990278953207586 0.30086328973025034 0.22599629409777655 0.39323762663989725
0.33770121170462386 0.26165897172771024 0.2316201971734554 0.1690196193942105
0.2797879009724844 0.07038256549131916 0.2237616123597358 0.42606792117646064
0.0242773773017666 0.33681793079721145 0.08558314761483121 0.5533215442861907
0.2415259711065164 0.5649741348315663 0.1816963454054168 0.011803548656500462
0.39337442224446295 0.21394501441037206 0.14171187295505594 0.25096869039010905
0.11479585648509816 0.1399825374422785 0.024243295841725354 0.720978310230898
0.05549228289894903 0.1848464874315362 0.6765542349855002 0.08310699468401461
0.12641352797769145 0.808648509384179 0.05942075718965456 0.005517205448475004
0.3406667872106023 0.21873666867098618 0.3400219552028797 0.10057458891553184
0.3205935830740604 0.10159358907054816 0.4126021265265819 0.16521070132880955
0.3285865920315635 0.020889098730644373 0.2950182758075386 0.35550603343025355
0.2840711389291112 0.5709899807272328 0.07656575522492948 0.06837312511872651
0.03671572664813327 0.6463155580287231 0.023463994682172418 0.2935047206409712
0.5506805596166198 0.13632057030918954 0.27634551699025733 0.03665335308393336
0.2375625796209596 0.12547893340075267 0.5451325729330729 0.09182591404521478
0.04841733111474089 0.4236681255503202 0.16087932836239127 0.36703521497254765
0.1449063362743206 0.34457689870053954 0.48936540673015794 0.021151358294981937
0.10202687035475166 0.023476236313332066 0.5629054942819677 0.3115913990499486
0.23216123148463996 0.15386561420643252 0.5924469894306225 0.021526164878305054
0.07932121218190968 0.7936442724919183 0.056400704994834516 0.07063381033133753
0.49661342735748104 0.029595566134748896 0.12488296414580691 0.34890804236196316
0.49765975109945015 0.0385221789735718 0.4272350166532841 0.03658305327369393
0.32526055035497914 0.013732210855482263 0.03885983875152765 0.622147400038011
0.32679942650851646 0.036100109934299796 0.13670906909924063 0.5003913944579431
0.012065928181838825 0.4765881114159862 0.024576844294574518 0.48676911610760043
0.10801677488560124 0.2760521663388461 0.5362315862568509 0.0796994725187018
0.03685702080561026 0.33750909168560184 0.5388354063641695 0.08679848114461841
0.2513037664674528 0.09592101357814664 0.0007123147816571196 0.6520629051727435
0.004331761134991674 0.4897008928576433 0.38141484873936893 0.12455249726799611
0.2508339197055759 0.10560645264615243 0.23981160227407083 0.40374802537420085
0.6690621861714907 0.07697353575871446 0.15188554810558919 0.10207872996420564
0.061113263933407325 0.4384137500185791 0.004411890875328783 0.4960610951726848
0.032873048845245 0.34576064995672473 0.5897216362960711 0.03164466490195916
0.18763922767357932 0.2817295340814112 0.08097970482944783 0.44965153341556163
0.03669265565421642 0.34794122369030633 0.12052211656082878 0.49484400409464846
0.033960698875975304 0.765563567000036 0.13316554814293502 0.06731018598105365
0.44110113045474675 0.07885897031445288 0.02722126781682077 0.4528186314139796
0.23611688074581172 0.5301941503051266 0.2105624969829154 0.023126471966146256
0.17698326791045493 0.18084158060744626 0.019224757701036266 0.6229503937810625
0.08207096273822923 0.30599088138863206 0.5698994567893012 0.042038699083837505
0.4149754954613202 0.18966122323646717 0.17998303321866527 0.2153802480835474
0.30687759111999957 0.19323948386524148 0.15353226266644604 0.3463506623483129
0.012040393975534025 0.45983245020705266 0.09422810537967474 0.4338990504377386
0.2817857174456726 0.23260354277724138 0.33722517581412503 0.148385563962961
0.6240087244534236 0.022680144716676787 0.134954532009241 0.2183565988206586
0.15277840523322794 0.5686918368541384 0.1186324503664965 0.15989730754613718
