75 70 4 207.44498420793616 414.8899684158723
6.120461981073211 1.593678048304982 8.992996029102315 9.36692359456662 7.11722837238517 5.898482347823506 2.690644079422032 6.564371159665128 4.367149915468441 9.402239514447306 6.833270821852608 7.046120596411429 9.38416211041898 7.029892768763796 3.089120602353807 3.3025091594100706 3.024926413123228 1.7263058984096236 2.656002180279843 7.524544314331576 9.99037572217632 2.2885310371508174 2.9864934954524696 3.5060765666486557 7.723519835564919 9.82433787367127 8.001955825047396 7.256285448197962 9.536094476715443 1.7006343595954683 2.890587457147289 6.9893096578408125 8.194377928487345 6.74507668553688 1.2996909738486067 3.566735825401541 1.7666935426084045 8.877433006042814 9.592490874364774 7.555713968085853 1.227398660024874 7.80049581886157 9.026258570254546 3.3868916204565194 9.382302323262534 4.6681455625184665 4.7365188828570055 2.7812881679348305 9.870940283848297 3.819651423264909 2.6112337744195457 1.1034548496917314 8.214813768970146 5.534912331357286 5.213157156301531 8.015040557876489 3.551461696929638 1.9752798780711514 8.935750057813888 9.466477321748453 6.416164585644918 6.799035845879957 5.494954232704357 7.588386823230536 9.631174264279617 5.781653608866734 8.23341863067476 5.385543624390832 7.858129151524266 6.3565904750141655
1.2240923962146422 0.3187356096609964 1.798599205820463 1.873384718913324 1.4234456744770339 1.1796964695647012 0.5381288158844064 1.3128742319330255 0.8734299830936882 1.8804479028894612 1.3666541643705217 1.4092241192822859 1.8768324220837962 1.4059785537527592 0.6178241204707614 0.6605018318820142 0.6049852826246456 0.3452611796819247 0.5312004360559686 1.5049088628663152 1.9980751444352642 0.4577062074301635 0.5972986990904939 0.7012153133297312 1.5447039671129839 1.964867574734254 1.6003911650094793 1.4512570896395924 1.9072188953430884 0.34012687191909363 0.5781174914294578 1.3978619315681624 1.638875585697469 1.3490153371073759 0.25993819476972135 0.7133471650803082 0.3533387085216809 1.7754866012085628 1.9184981748729548 1.5111427936171706 0.2454797320049748 1.560099163772314 1.8052517140509092 0.6773783240913038 1.876460464652507 0.9336291125036933 0.9473037765714011 0.5562576335869661 1.9741880567696595 0.7639302846529817 0.5222467548839091 0.22069096993834628 1.6429627537940292 1.1069824662714571 1.0426314312603062 1.6030081115752979 0.7102923393859276 0.3950559756142303 1.7871500115627774 1.8932954643496906 1.2832329171289836 1.3598071691759914 1.0989908465408713 1.5176773646461073 1.9262348528559232 1.156330721773347 1.646683726134952 1.0771087248781663 1.5716258303048531 1.271318095002833
0.4727669339302132 0.002038448009883842 0.3150180179597225 0.21017660010018047
0.12888924772511057 0.004665138824008985 0.45237910569176465 0.4140665077591158
0.4401987920585194 0.09489207201496808 0.04593625871007179 0.4189728772164407
0.3629285626660943 0.20308227600318018 0.16069157496721354 0.273297586363512
0.09769487097691432 0.0775559324383236 0.4744279552157137 0.3503212413690484
0.5304115586966293 0.11059567092875566 0.264392464753724 0.09460030562089106
0.1207351481018426 0.13981892029717236 0.644609538820726 0.09483639278025902
0.22404769354084852 0.4870969761706164 0.15052468880966619 0.13833064147886887
0.04954795462878481 0.5071434354769689 0.3528447497804239 0.09046386011382235
0.23404508307535132 0.07047403547819087 0.4206164000717252 0.2748644813747326
0.593220007769397 0.2536314780691169 0.13906325525814078 0.014085258903345332
0.7456436508615017 0.14878012471294788 0.07609800017574186 0.029478224249808505
0.21050585800128063 0.3928179315895832 0.10237901808893068 0.29429719232020546
0.1170232925893957 0.7735146136631443 0.0179671043621068 0.09149498938535316
0.3851960686895535 0.16146781778552421 0.3086328282236108 0.1447032853013115
0.27357277062014207 0.2477624595265363 0.1410863225881016 0.33757844726522
0.17519462317842593 0.04469043631129843 0.45448822755476925 0.3256267129555064
0.42943133474261375 0.2818235871956295 0.21544373302015962 0.07330134504159713
0.15293921296398527 0.5037872307926078 0.3120569893278451 0.03121656691556185
0.08019972499412731 0.1381028929683763 0.2530220341653401 0.5286753478721563
0.2703368506495637 0.4907952994589114 0.02036754933132967 0.2185003005601952
0.12327012650874114 0.6602239823840095 0.06253634532472463 0.15396954578252475
0.20861109867118344 0.24870943728168426 0.3019259671974559 0.2407534968496764
0.05924161698045727 0.030661844609676803 0.1200795091954685 0.7900170292143974
0.0894664175230776 0.0536450593887956 0.8278433407830371 0.02904518230508968
0.25379312242454366 0.4081516329597532 0.2740206871720283 0.06403455744367481
0.11757608825364119 0.042453495875644065 0.19288806977435968 0.6470823460963551
0.0748064871812053 0.3618815954080926 0.3345803765621239 0.22873154084857816
0.7286260781306841 0.013010888169543211 0.05235758785514799 0.20600544584462466
0.014112292021196904 0.055787379672109116 0.8483681368403658 0.08173219146632815
0.15542103635031035 0.26768685877394927 0.5217867467614551 0.0551053581142853
0.2778971890122406 0.043063196723816644 0.5215351011974844 0.1575045130664584
0.35129772387761704 0.03538822006605735 0.18252218593028435 0.43079187012604125
0.7409454464970928 0.05999812988939546 0.18124461190172014 0.01781181171179158
0.7474676118968665 0.1487948539703976 0.10076308334122319 0.002974450791512706
0.14941052778589048 0.5010126549806796 0.23283035392555185 0.11674646330787808
0.16628327179547064 0.6891585717049536 0.12430150858741573 0.020256647912159975
0.49092816811914186 0.24969287009187335 0.2585830445557433 0.000795917233241461
0.6594876418556256 0.2709169348434104 0.03671560689698328 0.032879816403980744
0.09611235635624127 0.3231348254185443 0.3510754801082594 0.229677338116955
0.47655729274131875 0.37567253606683526 0.0989052184664394 0.048864952725406585
0.6014194609709268 0.1659248333463137 0.02640128151476362 0.2062544241679959
0.16723477642318996 0.268442318340144 0.18046996954426386 0.3838529356924022
0.023787982037158595 0.1265343334002781 0.530161654845585 0.31951602971697834
0.4622295715379189 0.07619437702172738 0.2523730697144466 0.20920298172590712
0.05448607288827567 0.09187037607994197 0.391358230332317 0.4622853206994654
0.3137077651562312 0.23757726066963414 0.3733010013911551 0.07541397278297957
0.5022262664785382 0.19729116955596804 0.29479429569473625 0.005688268270757524
0.6347592026550789 0.12684865920878408 0.08074099421029346 0.15765114392584356
0.05863861011179572 0.14179740470727686 0.17514100232064844 0.624422982860279
0.013117646879614697 0.1393908733410818 0.11914429460226139 0.7283471851770421
0.07024892250587622 0.53082613484053 0.2703533703212727 0.12857157233232108
0.11932921058941504 0.48496011763968894 0.3771250443276972 0.018585627443198804
0.4501264515120238 0.09820941985825249 0.38199060392065143 0.06967352470907229
0.4289087921234568 0.07692620645872517 0.3357159982803739 0.15844900313744414
0.24156277612423183 0.10599706340977133 0.45825362382508883 0.19418653664090801
0.1406480695937411 0.005136782210460655 0.41571749330883934 0.4384976548869589
0.3589805850622412 0.49900119733394965 0.07766060772335115 0.06435760988045802
0.13951281188999776 0.11696100608484095 0.711197992767105 0.03232818925805625
0.14763285796200698 0.24001709894331025 0.4991830691225748 0.11316697397210795
0.17730573327179966 0.050217135148169056 0.3202021233800886 0.4522750081999427
0.4347749870093298 0.07584720388813171 0.2664685020979103 0.2229093070046282
0.2468103204170251 0.3990240086779434 0.28219962641542196 0.07196604448960953
0.08710286120649247 0.48682973527322826 0.34420991801254075 0.08185748550773853
0.5011393820947116 0.03952011949805456 0.20152832976578117 0.2578121686414526
0.05356102867112722 0.37649520315221774 0.22551521247207018 0.34442855570458486
0.2208844429064002 0.38716568403539586 0.35889910204200637 0.03305077101619758
0.11236575179737496 0.5149727045042957 0.17020278773294817 0.2024587559653812
0.13391810502901957 0.05580187379147994 0.22341161698537548 0.586868404194125
0.2250845863361678 0.1628339710014327 0.4306652747188645 0.181416167943535
0.11706077800390091 0.30897398694852785 0.06086795766537023 0.513097277382201
0.29014621924506734 0.05035985971330881 0.3622681066582928 0.29722581438333107
0.0866576741164563 0.10497110493282902 0.6169944174722448 0.19137680347846986
0.2541726491398518 0.40991552267476417 0.3011069675680488 0.03480486061733523
0.01475583931602964 0.09261867535772061 0.38881372495068767 0.5038117603755621
0.3345370011098483 0.16879626640822198 0.0007749538995482919 0.4958917785823814
0.00024501492006312464 0.005876301592514954 0.4080673892505786 0.5858112942368433
0.09134716711117974 0.21003835052452746 0.1983231429320168 0.500291339432276
0.07716242149265828 0.48830655740985685 0.06715197484138835 0.3673790462560965
0.19950437931416476 0.2111529100866817 0.2432725206945784 0.34607018990457517
0.7345661226980015 0.054256362839984695 0.055305458316856515 0.1558720561451573
0.38742271409170137 0.03181311435607648 0.17132082186417197 0.4094433496880502
0.19134383432152524 0.16484562755662524 0.40716950706208255 0.23664103105976697
0.6700926448054068 0.02891136356669466 0.06411194016735788 0.2368840514605407
0.03945686679860183 0.1362850361232687 0.3124625634666244 0.5117955336115051
0.4251145370797753 0.1995360061405853 0.1587857845053351 0.2165636722743043
0.11409139657349998 0.007935701595984779 0.4220749168102025 0.45589798502031276
0.4672094084763676 0.29681739623361936 0.16983442555462291 0.06613876973539012
0.4764600524394932 0.400609855081123 0.09958045964281204 0.023349632836571765
0.5615407229930586 0.1182185511467535 0.12940652387740104 0.1908342019827869
0.0802642232989963 0.333703718816345 0.008340303837031215 0.5776917540476275
0.21760814088834368 0.21622369916974205 0.25674784477406287 0.3094203151678514
0.07893714458331302 0.23125028631141176 0.09884951369943695 0.5909630554058383
0.02518825934793234 0.3487846793317525 0.40424046536032165 0.2217865959599935
0.1613674380891591 0.5936678729382214 0.13344061727906265 0.11152407169355683
0.21939567086416734 0.18628312580214568 0.48075680644272323 0.11356439689096376
0.1230562634336293 0.19076258420699932 0.6131984098288586 0.07298274253051273
0.49354548607439175 0.2964779674513106 0.16238617329886007 0.04759037317543757
0.2052505141784161 0.4258216349056959 0.043723743622730016 0.32520410729315796
0.19424067215980156 0.002797088413692528 0.5953746140891557 0.2075876253373502
0.7228570343778866 0.10912044744526816 0.12472480289782262 0.0432977152790226
0.22231535181173812 0.5786124010747471 0.13565206801451946 0.06342017909899533
0.5436984005036617 0.12087733463707151 0.22779661037183452 0.10762765448743228
0.11118367407236363 0.3947828203977338 0.2591825502288919 0.23485095530101063
0.00404420885880441 0.6137645862936512 0.2494931430788474 0.13269806176869703
0.04455349918004403 0.18504926043958692 0.5760037580649516 0.19439348231541742
0.3944057721529417 0.2048172409500021 0.07056667199517441 0.3302103149018818
0.6141890995102007 0.02807055503991185 0.023030551311905234 0.3347097941379822
0.5398129023152387 0.2008103158959489 0.10377046217880181 0.1556063196100106
0.06005816751548965 0.0002871818060945497 0.4649545365699823 0.4747001141084335
0.06904066327539993 0.1472983725542103 0.020042480423155262 0.7636184837472345
0.390860830214356 0.2046770923821033 0.16593798294578843 0.23852409445775224
0.1099531671129298 0.31423387974995254 0.48781783729110406 0.0879951158460136
0.2501880629763674 0.09107696436629065 0.4257198201023148 0.23301515255502714
0.13644507601627542 0.11123949586105963 0.3202174052970538 0.43209802282561116
0.03489046844948296 0.7467867929423505 0.07245235411507189 0.14587038449309464
0.18527366724569572 0.25530285116089113 0.16572942200540497 0.3936940595880082
0.036175218991359004 0.26217210432576254 0.07797168884579375 0.6236809878370847
0.15569657013638993 0.07259479149998826 0.3882967294627322 0.3834119089008896
0.31846991941520153 0.07889499177164183 0.17772149283685668 0.42491359597629996
0.3931747190717404 0.020942233804295163 0.007862619555700334 0.5780204275682641
0.14349916053935463 0.2962363701204177 0.059671544471087246 0.5005929248691404
0.19238611002525408 0.05683738785301895 0.021457508111382806 0.7293189940103442
0.45128015750607764 0.06465690876023733 0.36343183261861556 0.12063110111506947
0.1974508670773617 0.13961251968570132 0.44028268213270005 0.22265393110423692
0.23271029440368862 0.241717144021235 0.3000295150724396 0.2255430465026368
0.11250491228213277 0.03115452775176175 0.32126997306384264 0.5350705869022628
0.15943121112573755 0.2513453005154319 0.28606159095448724 0.3031618974043433
0.3712061020258036 0.07693601860299815 0.051980678017993553 0.4998772013532047
0.14756170768718213 0.07198461999641304 0.1165092377650303 0.6639444345513745
0.4589978434259451 0.1715224051737232 0.23834412578324848 0.13113562561708325
0.3394636703014807 0.36087515901321876 0.17627795413772962 0.1233832165475709
0.40896764738464386 0.18831926191742887 0.2804808934064228 0.12223219729150447
0.6533432750975846 0.1003185127622761 0.12410709393330199 0.1222311182068373
0.34604894997595503 0.17351137652853754 0.245549884533104 0.23488978896240342
0.19252935944281369 0.1931874050244361 0.4395619961070538 0.1747212394256964
0.045269037212206764 0.5006890614290155 0.05305443170317514 0.4009874696556026
0.07410041868031314 0.5217887906213684 0.2924239884163353 0.11168680228198313
0.38967899178095255 0.2157174971914404 0.1272759956941637 0.26732751533344334
0.11855134227424635 0.4408562504471567 0.4011341216737975 0.03945828560479947
