76 30 4 99.16692716039483 198.33385432078967
3.7974681978071976 8.370884986469651 4.012773621143726 2.743421668061884 1.9928199254734036 9.660790787015987 8.785425265643218 8.671707765183006 1.7155992889185332 7.84664999255794 8.741739476302143 2.4881610458858487 6.906752730394965 4.32510146134716 8.356948471718034 9.268755235233188 2.468981888985737 8.48911153095937 4.985540277306267 9.888921201844822 7.653015540223786 6.063211236016267 8.01822252517507 5.448038154995137 9.120231602582704 7.053832586766008 8.814945964371617 8.3412581000973 9.191551598358249 5.111992193951426
0.7594936395614396 1.6741769972939302 0.8025547242287452 0.5486843336123768 0.3985639850946807 1.9321581574031974 1.7570850531286435 1.7343415530366013 0.3431198577837066 1.569329998511588 1.7483478952604288 0.49763220917716977 1.381350546078993 0.8650202922694319 1.6713896943436068 1.8537510470466376 0.49379637779714736 1.697822306191874 0.9971080554612535 1.9777842403689643 1.530603108044757 1.2126422472032534 1.6036445050350139 1.0896076309990275 1.824046320516541 1.4107665173532016 1.7629891928743233 1.66825162001946 1.8383103196716497 1.0223984387902854
0.11233779139242672 0.1713206005063338 0.43298180455386714 0.28335980354737234
0.0807150345862635 0.7990141814275107 0.08871995921127229 0.03155082477495352
0.03782519133623763 0.46683133344982286 0.09516924494775536 0.40017423026618415
0.12663637676840755 0.07218461390822706 0.5142329836308314 0.286946025692534
0.28194463964576066 0.5909156419482501 0.059584949304420376 0.06755476910156888
0.5327383915801511 0.11562484003537776 0.07838851610805497 0.27324825227641614
0.0435915228727749 0.2886341069439706 0.09128310120071592 0.5764912689825386
0.008916724294643519 0.10402813759297513 0.11918514461758156 0.7678699934947998
0.11414910424532654 0.01642500756895182 0.755098343453462 0.11432754473225959
0.07081839391475964 0.2234246835425301 0.21124418405242185 0.49451273849028843
0.0890590333167256 0.06302365422904943 0.5133073234270402 0.33460998902718475
0.12096773711797304 0.04383613974886469 0.5927282642618774 0.24246785887128486
0.35456941515418117 0.2973085039146306 0.3299049290843362 0.01821715184685202
0.006043446239698325 0.0665076997547277 0.7871515147775543 0.14029733922801968
0.4610913164970517 0.0364244126854556 0.209708545213256 0.2927757256042367
0.11955444872731213 0.09283889373921039 0.6655893775995219 0.12201727993395561
0.2775613640157897 0.11522749388618869 0.3152589462196239 0.2919521958783977
0.04284650223485087 0.24430401989494743 0.3880588711725461 0.3247906066976556
0.13289159259247352 0.19611517953708135 0.3087322375289496 0.3622609903414955
0.25682174080740583 0.7236729508075154 0.004864185355715311 0.01464112302936349
0.28113956410299645 0.10927196182482302 0.360425862712214 0.24916261135996653
0.4076767155636005 0.18897122266088884 0.016375043887367102 0.38697701788814354
0.4706691325001272 0.07738669068167447 0.3340457627882477 0.1178984140299506
0.02553419880481933 0.01142347544078215 0.5371737733434497 0.4258685524109488
0.11982287190635899 0.38916171035013747 0.3609409011071306 0.13007451663637293
0.24174089347223193 0.08654749510708581 0.5681837090793376 0.10352790234134468
0.04679530876806626 0.5843313947131257 0.21623947899914553 0.15263381751966254
0.049878747634995446 0.5657497680658727 0.1594162870163599 0.2249551972827719
0.01188010397339112 0.7921456785608263 0.002391362082460713 0.19358285538332187
0.16443909062178463 0.02281085651935799 0.41808477951443523 0.39466527334442214
0.07801878186979971 0.4442547639765849 0.3875092207564804 0.09021723339713494
0.5407606738501642 0.35811124623266866 0.09944536756085143 0.0016827123563156743
0.25770911021539233 0.4252209740583126 0.10987759579473244 0.20719231993156262
0.1252335116673149 0.10034734417325408 0.30145501768769156 0.47296412647173947
0.10047647121555414 0.18867013184356363 0.6125550482588158 0.09829834868206644
0.04555487192544605 0.6474470296449056 0.0012824443774984706 0.30571565405214984
0.43146335480803877 0.3684248658456091 0.18434560574135117 0.015766173605000988
0.3579937838765065 0.013953062133165495 0.010348460572420448 0.6177046934179076
0.1103012445547844 0.35646740754266915 0.38549381957654194 0.1477375283260045
0.1753034241890179 0.1110803976789505 0.5589360258722933 0.1546801522597383
0.28072674373673057 0.2838503327027112 0.21186263311151887 0.22356029044903936
0.08005191427350578 0.115041385726942 0.14837589781549487 0.6565308021840573
0.015998121311615487 0.09055078294066377 0.5789826182834223 0.3144684774642984
0.2962313845084731 0.15872829541907607 0.24767953428583778 0.29736078578661307
0.04289465068264553 0.025000500664322023 0.8639403387263417 0.06816450992669076
0.21943515124379398 0.6892090672443715 0.030543000504625217 0.06081278100720933
0.43101995237867496 0.22433746689455714 0.11391296412500895 0.23072961660175895
0.10880559528734557 0.5018740839725544 0.25399556189996486 0.13532475884013517
0.21470218587853884 0.06270041029681495 0.0377564960976815 0.6848409077269647
0.14221834065486727 0.30264575450799414 0.2277489828667516 0.327386921970387
0.4856198407352257 0.32954902816187914 0.03849466925657874 0.14633646184631643
0.5323173265482405 0.1017913945550648 0.17159562813268747 0.19429565076400723
0.03001220853363451 0.054088189964632494 0.6037709599177004 0.31212864158403264
0.10388965257074478 0.07281151507611527 0.11962447614130012 0.7036743562118398
0.06973420017185528 0.1685115184199535 0.14959844547818024 0.612155835930011
0.491298122531466 0.12886008940507654 0.18556307365453784 0.19427871440891964
0.2798556836761492 0.24821493059415523 0.4207492703786412 0.05118011535105438
0.14042804410159138 0.3487047267160004 0.037918747070989856 0.4729484821114184
0.2820468343261008 0.18239431923431992 0.39630129030317884 0.13925755613640045
0.047700139009944076 0.8050079424320828 0.022548204480789757 0.12474371407718332
