34 90 4 251.41631737696667 502.8326347539334
1.3470551279326868 8.020904144722074 1.8343337980071999 6.6960341783602955 1.1250176348819683 9.42542682476431 4.839169435619801 3.2777780568231716 2.7096877566430293 4.733421696430943 1.1207854876546226 6.836255063408714 8.824318713541308 6.481321331029479 8.271935369934809 8.438601973773997 3.445150003644713 8.528287968049987 3.542872239359573 2.244777423669865 7.43248246508607 5.252829467901756 6.009296327851245 4.470180159336774 9.470319940511006 1.7307160793451661 9.255407358214166 2.4124098278633563 4.997327379010177 2.9089543882374733 2.5722384284684003 5.633182465239477 9.036077842256583 9.313129606531374 8.523806970459088 5.4969156349376345 8.388675193596008 9.409493445322356 8.153306863338385 5.154265919649688 4.174208251472475 1.9773318290421504 9.86298879698416 2.3595244528944037 3.5057091649798275 7.292165900027012 6.82932464192034 3.0118288975410863 8.216636818548213 5.609010795253806 1.7079614089139152 1.3074378491560488 6.095361764637497 2.347062039118036 3.1710971910258925 1.301371544199685 6.903319924590374 8.689852309018208 2.797784135580593 8.263472389799809 1.6790183924593514 6.724309479300701 8.477588730284454 3.6236938444210356 5.2812563625887226 2.5662193391961132 9.57671348509076 1.3698635628322402 8.662631299877088 8.55461949770395 9.651160741520783 1.8192099783469677 9.669789421686133 2.0090534686041948 1.4001100956446855 7.703038422433099 8.78845319270972 9.42220572775452 6.669342414761879 3.9824562266694032 5.236479978862354 8.219163678745355 9.485236374723652 2.474433293912307 6.568137999515703 1.2099405799562946 1.708607197731143 8.740997792733001 9.742521318475498 9.028782759280006
0.26941102558653734 1.6041808289444148 0.36686675960144 1.339206835672059 0.22500352697639364 1.885085364952862 0.9678338871239601 0.6555556113646344 0.5419375513286059 0.9466843392861886 0.22415709753092453 1.3672510126817428 1.7648637427082616 1.2962642662058959 1.6543870739869617 1.6877203947547994 0.6890300007289426 1.7056575936099976 0.7085744478719146 0.448955484733973 1.486496493017214 1.0505658935803512 1.201859265570249 0.8940360318673548 1.8940639881022012 0.34614321586903324 1.8510814716428332 0.48248196557267126 0.9994654758020355 0.5817908776474947 0.51444768569368 1.1266364930478954 1.8072155684513167 1.8626259213062748 1.7047613940918176 1.099383126987527 1.6777350387192016 1.8818986890644713 1.6306613726676769 1.0308531839299375 0.834841650294495 0.3954663658084301 1.972597759396832 0.47190489057888074 0.7011418329959656 1.4584331800054025 1.365864928384068 0.6023657795082172 1.6433273637096426 1.1218021590507612 0.34159228178278306 0.26148756983120974 1.2190723529274994 0.4694124078236072 0.6342194382051785 0.26027430883993696 1.3806639849180748 1.7379704618036418 0.5595568271161186 1.6526944779599617 0.33580367849187026 1.3448618958601402 1.6955177460568909 0.7247387688842071 1.0562512725177444 0.5132438678392226 1.915342697018152 0.27397271256644806 1.7325262599754176 1.71092389954079 1.9302321483041567 0.36384199566939357 1.9339578843372265 0.40181069372083894 0.2800220191289371 1.5406076844866199 1.7576906385419442 1.884441145550904 1.333868482952376 0.7964912453338806 1.0472959957724708 1.643832735749071 1.8970472749447302 0.49488665878246135 1.3136275999031406 0.2419881159912589 0.3417214395462286 1.7481995585466001 1.9485042636950998 1.805756551856001
0.18760619679225643 0.31125700596534334 0.11217781957528028 0.38895897766711995
0.45998226003504916 0.15362042962022548 0.2078793377930852 0.17851797255164015
0.3947117479468081 0.10497209964526655 0.14087616572219241 0.35943998668573296
0.8067668149432964 0.07720732090309801 0.05174459353711092 0.06428127061649469
0.6522170219600668 0.018758950805242813 0.27887631835945104 0.05014770887523934
0.003800510587876671 0.02551102563909491 0.04159696381740707 0.9290914999556213
0.07443770111831871 0.03884027395945189 0.09270848076753113 0.7940135441546983
0.003203447693671424 0.17628609180906896 0.7376468515479185 0.08286360894934108
0.15897315924185362 0.06385876039750782 0.5475478269677332 0.22962025339290537
0.0322273737454305 0.7309847113143236 0.07097318378668394 0.16581473115356193
0.18184572958442757 0.6307227945315507 0.1580970112647222 0.02933446461929956
0.031824297775214005 0.5946066783893832 0.18053447973958114 0.19303454409582166
0.00617466870848371 0.14901430517991077 0.5043771919771938 0.34043383413441175
0.5121737836783461 0.05090284101725828 0.3999185862019754 0.03700478910242022
0.01808134963530883 0.5332401180451958 0.43622641459828515 0.012452117721210243
0.12402520880106827 0.3740117108510217 0.22486706813875434 0.2770960122091557
0.05447295242692596 0.3616859086850138 0.3359253124332018 0.24791582645485843
0.053906162491266896 0.07484150755609764 0.5739312324722707 0.2973210974803647
0.07852470636135489 0.6036995934719962 0.24748870874451456 0.07028699142213435
0.5241661179354696 0.2605996342082382 0.01221554054654106 0.20301870730975113
0.32668773285030805 0.017131398860805058 0.4454964055844305 0.2106844627044564
0.005724287738359868 0.2986936663039693 0.27907507329194814 0.4165069726657227
0.009478572747183889 0.3962277200762988 0.11453468349915663 0.4797590236773607
0.44951392419739356 0.15680565844589944 0.275296015370852 0.11838440198585498
0.4484770354823613 0.437958633030749 0.008566838822703593 0.10499749266418612
0.5286948912854879 0.09908085108887399 0.3592583627518684 0.012965894873769757
0.5190200140622309 0.016421135922324415 0.36332738180055213 0.1012314682148926
0.034221270940008486 0.5615062748053163 0.024009775201927708 0.38026267905274747
0.1768864452965876 0.28781934903148176 0.2437905665155461 0.29150363915638455
0.1452951926442062 0.1261686151929604 0.18075961780893313 0.5477765743539003
0.3190907842184776 0.3896528746025739 0.22668795797224106 0.06456838320670744
0.34577004012972856 0.1096986746454176 0.26898007532982493 0.2755512098950289
0.6907170634136706 0.0445050967209194 0.06257904540391523 0.2021987944614948
0.03696902055067797 0.08793442532079965 0.8670153515627366 0.008081202565785817
0.3503011048318755 0.39552382985008705 0.24003183814739426 0.014143227170643202
0.07104192029807643 0.3004824862317951 0.22850458190961376 0.39997101156051473
0.22843835624865583 0.15995406576679994 0.2740001622324352 0.33760741575210906
0.4844796163737175 0.3247949135536765 0.1566359588551124 0.034089511217493595
0.4199589811055693 0.07415938629059082 0.059213648963080234 0.44666798364075966
0.2862372852031515 0.4589758744642316 0.214692987712938 0.040093852619678905
0.21133339647532368 0.36872744550923464 0.02635476309053353 0.39358439492490815
0.00013994831612929026 0.030853818569088087 0.4154814466813449 0.5535247864334377
0.3108933516330019 0.019374726910506457 0.04148066291010255 0.6282512585463891
0.16714560338633966 0.33423846978400407 0.40598113108071476 0.09263479574894151
0.28996193513522417 0.13999252574781484 0.1406695716017552 0.4293759675152058
0.019632681581813083 0.1952760610544617 0.035224694663308465 0.7498665627004167
0.04153114106866096 0.6965627385503586 0.11487049066746124 0.14703562971351924
0.38070216585071703 0.1393805556753096 0.2868627512702441 0.1930545272037293
0.07216362634321805 0.2536014091555414 0.4732788697992961 0.20095609470194442
0.09801288150821119 0.15678785097511927 0.3636546445793557 0.38154462293731384
0.050120546352533824 0.11025638545947458 0.294569256366627 0.5450538118213646
0.2762908400520795 0.04638532681854102 0.028739106388492086 0.6485847267408874
0.3907037266137191 0.10095686373123114 0.3348819297473764 0.17345747990767335
0.7184842982762257 0.07664408980394222 0.008142258290731008 0.19672935362910104
0.008224856257509905 0.1769669555268346 0.23105581395075436 0.5837523742649011
0.02180214522779167 0.08038964438786089 0.5382800969792085 0.3595281134051389
0.19781050910837517 0.14739864065988528 0.41970424745317414 0.2350866027785654
0.025063056416832374 0.39733138502565535 0.24939852925095096 0.3282070293065613
0.36130701358051764 0.35628544907438986 0.14866837283259637 0.13373916451249612
0.3698919842969314 0.4427468839081603 0.08360117136775203 0.1037599604271563
0.010706653766978769 0.24406363850745527 0.7253274151638992 0.019902292561666757
0.37030049058002 0.2265340303631983 0.19006896086464753 0.21309651819213415
0.43763098243563325 0.3048907595738094 0.11267224284217858 0.14480601514837876
0.1317978936177786 0.2610381052895836 0.06561910082783107 0.5415449002648067
0.1989582280973533 0.06418730524171012 0.0001445443236236521 0.7367099223373129
0.2612371513823716 0.06680007684880407 0.5045700938344122 0.16739267793441215
0.10786260728572239 0.23737513189107007 0.2711830541162542 0.38357920670695334
0.2870681249266762 0.09780837698743694 0.06394794080745292 0.5511755572784339
0.1913455270158686 0.25327878937704507 0.4252847923337585 0.13009089127332785
0.3749658889079054 0.01692796356424575 0.1737650440894537 0.43434110343839516
0.4506336329176496 0.26396088022379105 0.1553832617673977 0.13002222509116168
0.1587168796626537 0.006101950513752286 0.4463025989127424 0.38887857091085165
0.040309422999301736 0.05149162577482891 0.36599469947897756 0.5422042517468918
0.18609328976072415 0.08819093040931336 0.39019055400197866 0.33552522582798383
0.10363807048823337 0.10862689266471426 0.04485222613648099 0.7428828107105714
0.6389037933382173 0.01227425169227292 0.011748897157280114 0.3370730578122296
0.11822125222849489 0.16349141192286287 0.5961321828144589 0.12215515303418334
0.18277201631374207 0.10984116786550024 0.5646284321697385 0.14275838365101923
0.16598071449343965 0.553015157926148 0.11628766372120802 0.16471646385920435
0.038663598149388245 0.004149674539323911 0.024676828434283204 0.9325098988770046
0.4400460195314402 0.16012607545281 0.25474582302764215 0.14508208198810768
0.5914796464654233 0.2268891796176622 0.1392952699923523 0.04233590392456221
0.41473715287794666 0.06166569535561717 0.06618038329076625 0.4574167684756699
0.13702908359109178 0.2095594560462699 0.200866193257229 0.4525452671054093
0.030749912660604117 0.22877894175996327 0.40974536726866495 0.33072577831076766
0.11268470295233812 0.1371639170308333 0.3108963807629098 0.43925499925391875
0.09831613331399847 0.22750051294005358 0.2984390697741517 0.37574428397179627
0.38580109874223845 0.22666670506356745 0.056482706418474415 0.3310494897757197
0.22380452374751691 0.5630076896577029 0.1008071095141293 0.11238067708065091
0.047396680021230986 0.2745415738150252 0.4417262340813194 0.23633551208242443
0.22386289974195162 0.5588774665344571 0.1886144927703406 0.02864514095325066
0.27743157409208985 0.3087330445327072 0.3432836442639631 0.07055173711123985
0.06943247738154967 0.6956523158079885 0.13799606874591874 0.09691913806454311
0.4137838223159829 0.06745388987921441 0.5142899614363877 0.004472326368414992
0.32911780849335426 0.11971298952610576 0.11822209765857228 0.4329471043219677
0.1689710923582608 0.1531672739338058 0.6359371832609837 0.0419244504469497
0.07479813294833837 0.1853632812849193 0.20918916684975042 0.5306494189169919
0.11784538948342194 0.015886228118891177 0.5984377753023357 0.2678306070953512
0.012567880001711607 0.0008306052791211549 0.036540270330769786 0.9500612443883975
0.4480010986065127 0.39798695549612295 0.12909140930421825 0.02492053659314608
0.2720576438280079 0.16186872498192995 0.561440696528445 0.004632934661617183
0.42576086440405525 0.052367475694082066 0.1854118314961004 0.3364598284057623
0.05842152550785085 0.19737918618680006 0.6619433933239847 0.08225589498136443
0.09137330240516361 0.09399472100846351 0.02121846543682293 0.7934135111495499
0.22144234012583974 0.1309624937350522 0.04006171230502953 0.6075334538340785
0.23721397409804568 0.07568652102897677 0.2770668825364234 0.41003262233655413
0.10555361703549826 0.35393975989782034 0.4070801843003955 0.1334264387662859
0.3679460226180754 0.436219876688291 0.017061347673277827 0.17877275302035578
0.45164500027014887 0.027293653738035606 0.2835230091181652 0.23753833687365034
0.3352793151808562 0.6139961378744553 0.015964501836194245 0.034760045108494286
0.0025219942724545863 0.14078710756458612 0.7855348161900725 0.07115608197288681
0.6369919571995347 0.004855564505419685 0.34623082440892017 0.011921653886125427
0.5533834704746731 0.06666887245919251 0.20125262552769752 0.1786950315384369
0.09206179766825073 0.6164460205347586 0.24451438690398386 0.0469777948930068
0.3609827610565709 0.1823423534188675 0.3251224499942702 0.1315524355302914
0.6158594866395475 0.2915677983958298 0.055240174207810466 0.03733254075681225
0.08784908842872263 0.373419195722567 0.3829971659293312 0.15573454991937918
0.7190301215951636 0.15055489098524522 0.0961831042349427 0.03423188318464854
0.15242447583082286 0.33488372501945163 0.08292398605774698 0.42976781309197853
0.12285058412376038 0.06771606725033719 0.15517095544804382 0.6542623931778586
0.14360933286689526 0.07440477102596033 0.16217190919199131 0.6198139869151531
0.2985771796461125 0.12259644191457464 0.19225211181144508 0.38657426662786776
0.10512605308704281 0.5729705918690842 0.07026983280035637 0.25163352224351665
0.1787014166267511 0.4345297774228283 0.3369029053578737 0.04986590059254692
0.23386245977933318 0.029168073919389803 0.5767723922968695 0.16019707400440752
0.518848397796856 0.18444214563895356 0.1757742738322532 0.12093518273193726
0.8677003622561745 0.024615710577619576 0.0874385656069252 0.020245361559280695
0.17889814896397738 0.3022416961860227 0.3781582715960152 0.1407018832539847
0.03381709201803851 0.09847982807480105 0.3649949568938081 0.5027081230133523
0.1928006901411744 0.4582560436155033 0.1632548499288875 0.18568841631443478
0.04126891954339551 0.34349736748944426 0.4898007513929642 0.12543296157419603
0.07691423842612488 0.3728176325819492 0.23569819697532823 0.31456993201659766
0.47219825554677997 0.2418120031047415 0.022899274139638992 0.26309046720883955
0.004398123570619972 0.18975629846930542 0.1287905868708532 0.6770549910892214
0.45020706480639394 0.21093949852419147 0.21975070322299772 0.11910273344641686
0.692901563674496 0.14053516385929188 0.08350845761054315 0.08305481485566901
0.17830550571093373 0.159402058034818 0.26590716226797906 0.3963852739862692
0.41388026387963606 0.09644289609879675 0.37526213517316664 0.11441470484840055
0.6449729366502188 0.11106649471157803 0.23125976185168196 0.01270080678652119
0.3379271733599588 0.29479565176698386 0.04467375575771315 0.3226034191153442
0.06000366673419433 0.6952252380664327 0.0452570316699934 0.19951406352937961
0.1069285073254832 0.6515984512148354 0.2035173953625653 0.0379556460971161
0.016272848738308587 0.7923303347937354 0.14377990882530434 0.047616907642651696
0.09696485122070542 0.18236486507841976 0.6069023903326911 0.11376789336818371
0.38603562408384173 0.19519996371354653 0.16692381165161418 0.25184060055099755
0.47507498183925057 0.10307666167839014 0.04457251478096391 0.3772758417013954
0.04948966955140377 0.41596875399113387 0.20280637546377922 0.33173520099368314
0.7568076159596994 0.15974033236073681 0.024632340641236095 0.05881971103832773
0.4888114745589015 0.27472765638972707 0.22937456538801626 0.007086303663355165
0.18557572944735135 0.24944894589365874 0.548080757757108 0.016894566901881958
0.1983122644794575 0.22401615475129255 0.10500459559918518 0.4726669851700648
0.5722453322759172 0.06623746543327347 0.3606013417063071 0.000915860584502215
0.1790441687825527 0.04331444095364834 0.7607142344580398 0.01692715580575921
0.5205215057373267 0.03331711885499822 0.12050274532093097 0.3256586300867441
0.17588669551671865 0.6363206796712311 0.04035445627472112 0.14743816853732916
0.25580251622103023 0.06913879828723035 0.1158197758683095 0.5592389096234299
0.08827634855498734 0.548686250675405 0.0002807731502322275 0.36275662761937544
0.04562494808865514 0.17679233659819937 0.7295727835634245 0.04800993174972101
0.1654734043794952 0.2510424260827201 0.5745682398490158 0.008915929688768864
0.31568884445138257 0.40372960073590347 0.2015658646880908 0.07901569012462317
0.36226784458532213 0.19023001123046324 0.3824553255501961 0.06504681863401851
0.11646719763548452 0.025365888986674023 0.1292112105458766 0.7289557028319649
0.10406968107118597 0.22934631303705044 0.23550046271193248 0.4310835431798311
0.4199194184447227 0.15146150070894415 0.27288752635335156 0.1557315544929816
0.33538022744444607 0.5125930081081573 0.13919166459512922 0.012835099852267384
0.005601455780720577 0.09195690101019194 0.1280237600531703 0.7744178831559172
0.04653411951569386 0.4417504863851123 0.3715258289156018 0.14018956518359205
0.3471754764923892 0.31157673427537225 0.000150857698393847 0.3410969315338447
0.13156772718265097 0.2829600327284789 0.288513938506329 0.2969583015825411
0.04244171401201968 0.4583643441520556 0.33235422352322264 0.16683971831270206
0.08255791223222742 0.7798936311917861 0.015204848354083866 0.1223436082219026
0.11824484905460575 0.5473221523292553 0.1706946850064084 0.16373831360973057
0.5825358503664451 0.17844615861514668 0.18360674795272658 0.05541124306568168
0.6914330909584907 0.09643796943280114 0.19847371149123527 0.013655228117472884
0.3738569130616759 0.47146167308712916 0.11058644954867913 0.044094964302515804
0.49661463268522965 0.05375433538039287 0.26638527678191204 0.18324575515246544
0.2201613997859151 0.16996719332288923 0.4105345269025267 0.199336879988669
0.1408533797526358 0.13256819361932426 0.1560773619845759 0.5705010646434641
0.2519524850208055 0.0756251980013053 0.44660822307355486 0.22581409390433438
0.4661308683427353 0.28641221245460113 0.09009363989112906 0.1573632793115345
