27 10 4 35.21490588104899 70.42981176209798
4.831492694670062 8.331253664450973 7.618575611797116 8.812028798917622 4.450426955853581 9.815109689300686 9.038749120436218 2.887436527789379 7.676448826714667 6.968289872167686
0.9662985389340124 1.6662507328901945 1.5237151223594232 1.7624057597835243 0.8900853911707163 1.963021937860137 1.8077498240872436 0.5774873055578758 1.5352897653429334 1.3936579744335371
0.18675584347141305 0.5625063702721058 0.1375392477484182 0.11319853850806294
0.08116909294984564 0.06989117659824373 0.22187716540637492 0.6270625650455357
0.07064129588532642 0.11033858321504253 0.6023099227185053 0.2167101981811258
0.22065617294616224 0.1946074762492329 0.4341712991141278 0.15056505169047707
0.07603696537169113 0.4168560078878857 0.24304706630613604 0.26405996043428714
0.0924219138777983 0.7445081945900863 0.12953555755618373 0.03353433397593164
0.28815289454812154 0.4164333661555063 0.0011076442691791977 0.29430609502719296
0.5202924997698993 0.07592146299426616 0.32767534832901457 0.07611068890681993
0.5833700814446411 0.32760112874661795 0.08073968667179221 0.00828910313694875
0.6758213297659811 0.23471404009004349 0.06506016289840377 0.02440446724557166
0.325566716994249 0.5324459951412972 0.012132007919708476 0.12985527994474533
0.16994269903780979 0.13523264263198387 0.4885376834138828 0.20628697491632353
0.16290618197894668 0.43601106839981185 0.10215392251277944 0.298928827108462
0.5135722490632681 0.21200075857186118 0.20331982037848473 0.07110717198638594
0.11747691934552718 0.3591103213947927 0.11793303102786701 0.4054797282318131
0.013629501631003293 0.5696927888020344 0.33146560896228183 0.08521210060468043
0.38700659769417056 0.29701324807670404 0.23929131077168309 0.07668884345744231
0.2642754157843866 0.22495474074636368 0.38813561871780755 0.12263422475144214
0.12165793024523441 0.08874003314321344 0.43850198772865867 0.3511000488828935
0.2416879299437812 0.06204175023405012 0.4510217253295936 0.24524859449257508
