28 50 4 144.2353918428593 288.47078368571863
7.561123680602072 6.05115642094877 2.1247038280831685 4.578331318301054 8.031773856461285 5.598936834878018 2.644240225742425 8.681615877239675 9.598347033713283 9.85792121426601 2.7343087644463147 9.737155912331955 3.113275191412986 1.237184636588836 9.514543087872601 9.29552366818852 3.645781910307825 2.4964633197912183 4.558805558491835 5.596027612796165 3.772335056416566 4.866119502327439 8.470624650859833 6.061542143255042 8.477994791915751 9.97236361976169 3.9932092467435845 1.8190731374831306 7.964484027299679 2.344453574503387 7.528195536831286 9.596317908858282 1.6578619728936408 5.02446475835967 8.570062609997201 2.3098570088734136 7.887443824133701 8.036064262580474 7.075706907505778 2.185319673869267 1.3537286395230361 6.904207692914146 3.2606435253311497 9.89576545628461 5.800447401371454 1.5325771919394207 7.2887978267361735 6.644572898253345 9.062006848783426 2.4573220376489915
1.5122247361204144 1.210231284189754 0.4249407656166337 0.9156662636602109 1.606354771292257 1.1197873669756038 0.528848045148485 1.7363231754479351 1.9196694067426567 1.971584242853202 0.546861752889263 1.947431182466391 0.6226550382825973 0.24743692731776717 1.9029086175745202 1.8591047336377042 0.729156382061565 0.4992926639582437 0.911761111698367 1.119205522559233 0.7544670112833132 0.9732239004654877 1.6941249301719665 1.2123084286510084 1.6955989583831503 1.994472723952338 0.7986418493487168 0.36381462749662613 1.5928968054599357 0.46889071490067746 1.5056391073662572 1.9192635817716563 0.33157239457872817 1.004892951671934 1.7140125219994402 0.4619714017746827 1.5774887648267402 1.607212852516095 1.4151413815011558 0.43706393477385336 0.2707457279046072 1.3808415385828292 0.6521287050662299 1.9791530912569217 1.160089480274291 0.30651543838788414 1.4577595653472346 1.328914579650669 1.8124013697566852 0.4914644075297983
0.6103815784059902 0.15288409150636129 0.16662190525664222 0.07011242483100633
0.10681001127994949 0.47217324085303636 0.2542507175505666 0.16676603031644754
0.7262486705180046 0.016387592040433163 0.25449137833806446 0.0028723591034978124
0.7005459100771145 0.16747018233076316 0.10330900721455194 0.028674900377570367
0.046459090146250936 0.2841479157136325 0.03440757584982812 0.6349854182902884
0.2616993719297237 0.09248194594424852 0.26905994286875656 0.3767587392572712
0.7374077018652834 0.038070855684751104 0.0446467760701561 0.17987466637980942
0.06125105420094468 0.32087856395968806 0.03337633432869547 0.5844940475106718
0.38187252227519464 0.001759583926356889 0.059719700384695096 0.5566481934137534
0.16996923167825784 0.0632460136384213 0.3615848166082367 0.40519993807508414
0.03229214935934144 0.14931226341661963 0.32478715576799033 0.4936084314560486
0.36861752031667094 0.23626598980897173 0.20457209246518493 0.1905443974091724
0.03305478887490143 0.05026633686124149 0.7732165245452771 0.14346234971857996
0.0046106436381342375 0.36573988538078983 0.3763495627541049 0.253299908226971
0.18912247948386984 0.267646481391297 0.18060450478103385 0.3626265343437993
0.32256109144550715 0.048630532182943886 0.03867704268457117 0.5901313336869778
0.6758116427597624 0.061692152120622734 0.078900827668416 0.18359537745119892
0.042522637916886596 0.11971324927493854 0.6356302867966784 0.20213382601149643
0.1250577543340311 0.24261848448869838 0.5900258841904625 0.04229787698680798
0.14114251419616397 0.3543006082976309 0.4248319476316348 0.07972492987457036
0.07657687259032664 0.42072487134868863 0.09041520374012113 0.4122830523208636
0.12733874611496532 0.3337815576575619 0.44958646455310136 0.08929323167437142
0.03969860522025748 0.249127446404109 0.5846321769407478 0.12654177143488576
0.2863795603946072 0.35929391317891923 0.14120129317749086 0.2131252332489827
0.27003472653076654 0.23845150547041516 0.20201572600017814 0.28949804199864015
0.05821517051272407 0.46082585971382894 0.37467473995168343 0.10628422982176355
0.4637231427762093 0.035175481819925025 0.17691607408000143 0.32418530132386425
0.22655561619609033 0.21037310149420418 0.49099831522754955 0.07207296708215594
0.6610306305972653 0.024268063672896245 0.24052095129631312 0.07418035443352533
0.6825283835389168 0.09927440972478918 0.20425280527557133 0.013944401460722733
0.13189901364247092 0.06899679463231878 0.5414293681317609 0.2576748235934494
0.45850236415053125 0.02868077670054281 0.03814379872377316 0.4746730604251528
0.16061219381138514 0.13749848901191564 0.6305978848623932 0.07129143231430601
0.1074402787964196 0.43873052012779035 0.3858165630809862 0.06801263799480384
0.03362753546307928 0.11146087528533755 0.2772421513788492 0.577669437872734
0.021161793023728115 0.04295853174092035 0.8962531431819484 0.03962653205340316
0.10225701770007622 0.22274987753679087 0.2874896276202409 0.387503477142892
0.06619898508305289 0.038201928004634955 0.4372744583567739 0.45832462855553824
0.3136567600914668 0.08139078688450396 0.5310378617094862 0.07391459131454303
0.3224653197663393 0.08164056079893922 0.49015121063392575 0.10574290880079573
0.4287908615122843 0.44219461324686593 0.02515125020369513 0.10386327503715465
0.3900422047243721 0.1136624582418202 0.45460955282333027 0.04168578421047742
0.031320948146206784 0.5751830954404155 0.035029789581734194 0.35846616683164356
0.36300839733468604 0.3529747383614159 0.23030686801482214 0.05370999628907591
0.12793033616378247 0.22873098619531207 0.32663633057310193 0.31670234706780354
0.18804533220929165 0.6876955827417356 0.03637376129251657 0.08788532375645619
0.19355813116466447 0.25999101695039295 0.39635479491268244 0.15009605697226014
0.25020340051125245 0.20932790165773119 0.4547076525015201 0.08576104532949624
0.1978433830502605 0.33929740888014126 0.3123737494024603 0.15048545866713792
0.17370857064434397 0.4119365457344262 0.3574811739157786 0.05687370970545125
0.1562820815836775 0.1607030161834676 0.18082542214552777 0.5021894800873271
0.22996942738199455 0.44373095349920033 0.20214899294681787 0.12415062617198724
0.27530634180429314 0.009425610728896916 0.20633839222682637 0.5089296552399836
0.04888569362356843 0.11337600972091888 0.4896832062966947 0.348055090358818
0.19730087634233162 0.3334701300746866 0.22187394039138275 0.247355053191599
0.30446975041422886 0.21020431088911629 0.3370654242564347 0.14826051444022015
0.8555524109733382 0.009668534877411594 0.03033103720340047 0.10444801694584971
0.24213480168928625 0.36927225795437635 0.2061090475365145 0.1824838928198229
0.02552222740561172 0.6046274566385933 0.3486907969310886 0.021159519024706364
0.4145711082641804 0.36467734718160505 0.13162162245452147 0.08912992209969306
0.22840922120522034 0.014146997118902216 0.19607698315495747 0.56136679852092
0.4623536696988586 0.05693479847691518 0.03809017119734914 0.44262136062687707
0.39902017750242713 0.08414617711734784 0.3645901874438334 0.1522434579363916
0.7181202822190859 0.04606812701685159 0.0947304144478156 0.14108117631624695
0.497620392610885 0.26219565529984057 0.18795606784146335 0.05222788424781111
0.13548798793457684 0.07068478512951382 0.00310097244654417 0.7907262544893652
0.008539339348597408 0.6297441487319309 0.1288867663443739 0.23282974557509784
0.34268868801777563 0.24142915190166858 0.3765690596469107 0.03931310043364511
0.19873519126015626 0.3195537860623455 0.36731200721790336 0.11439901545959485
0.06295161015162654 0.16684701401014757 0.006778075700785813 0.7634233001374401
0.7794074332714228 0.0834814045632215 0.031424273313518936 0.10568688885183675
0.5087329248262589 0.10292099270443278 0.1088041549614791 0.27954192750782925
0.18879163909114705 0.30184909424831385 0.22982621998720576 0.27953304667333334
0.18311127133811422 0.29900863286512747 0.07851326377203482 0.4393668320247235
0.2768991509890214 0.10732080165850877 0.26755180155194114 0.3482282458005287
0.17727857699957217 0.4185988277689997 0.29173767226238767 0.11238492296904046
0.16908189663687712 0.020084854251860018 0.3193930829869719 0.491440166124291
0.46067119222914565 0.026621425200949456 0.4165979046197691 0.0961094779501358
0.024915194399081186 0.22436897158526603 0.5855790653582292 0.16513676865742355
0.43500391585524967 0.02371138848745391 0.4847383228283093 0.05654637282898711
0.01176331365706873 0.9486127600384492 0.016880256929292292 0.02274366937518979
0.18703144379158954 0.2592515327309466 0.08564356923190908 0.4680734542455548
0.29029079930137713 0.03799096282196379 0.5647525233032179 0.10696571457344117
0.2347406246926933 0.46242345631307247 0.0007161381154141555 0.3021197808788201
0.25198282845046516 0.15243272008259845 0.40489945813757144 0.19068499332936495
0.06197548622144622 0.32058181657909934 0.3492233759681974 0.268219321231257
0.10133041267469522 0.25160735692736846 0.6389716608186559 0.008090569579280449
0.46462957069642974 0.3211159595857649 0.1353333528463404 0.07892111687146497
0.06883798333383306 0.6523149309711873 0.04717836465802783 0.2316687210369518
0.3628744963930697 0.47113306196206495 0.015787398069523118 0.15020504357534226
0.2167694852325348 0.09294131784516702 0.1595488208935677 0.5307403760287305
0.03217532404835377 0.5166339858936275 0.010332265424297105 0.4408584246337216
0.34901608692782227 0.3911828316257636 0.2143090252322739 0.04549205621414021
0.07043806153718057 0.24380872757548655 0.19417750912353526 0.4915757017637976
0.2571597908963674 0.10571842665018094 0.31592651786197357 0.32119526459147807
0.10132649634293467 0.6195134218915695 0.26222586368206613 0.016934218083429653
0.06285622499807064 0.009899221997262564 0.6578826305193437 0.2693619224853231
0.10639880903939769 0.6128856156607032 0.21795395060093936 0.06276162469895974
0.010743351541806723 0.8046290733543011 0.07036714863627436 0.1142604264676178
0.015029560274369191 0.2708375328441992 0.2440182698750325 0.4701146370063991
