78 60 4 166.92818558437648 333.85637116875296
1.4336310475021392 7.128667124809461 8.188264611134215 8.200977324920942 9.687675251406343 4.996178417973604 8.481113889047634 3.219108713894915 1.4525009029893161 5.386886044741782 6.852139782655898 9.28880911453584 7.648606241410635 3.226798655737836 5.662298511085351 6.976754741107615 3.63518482485828 8.861524842431587 8.947616963875069 6.038002057718648 3.0177257099200467 9.400608056770533 4.508574673106882 2.3561121413036794 3.896442069405028 4.010872482504187 9.088776611651426 1.0982879352155162 2.859826273028799 8.23886005622721 6.134352215713046 6.481633878900702 9.67809292430606 4.702472279228251 1.5219018869461032 1.765668047510528 2.025365073465066 9.504750272784595 7.177517155838762 1.7406114017120702 1.0378227212168398 3.6677164258028894 4.317398933590288 4.184410330764239 8.804425892812034 7.854971276121532 3.4452306300656477 1.6051151959222658 8.018687578740622 6.993515030517989 6.266693994568785 7.656787894226581 5.251948651336782 9.070635276637384 3.428241986375548 5.994816754667931 2.1986241260344226 4.681312799780619 9.276291477656091 5.580533982538759
0.2867262095004278 1.425733424961892 1.637652922226843 1.6401954649841883 1.9375350502812687 0.9992356835947207 1.696222777809527 0.643821742778983 0.2905001805978632 1.0773772089483564 1.3704279565311794 1.8577618229071677 1.529721248282127 0.6453597311475672 1.1324597022170702 1.395350948221523 0.727036964971656 1.7723049684863175 1.7895233927750138 1.2076004115437295 0.6035451419840093 1.8801216113541066 0.9017149346213763 0.4712224282607359 0.7792884138810056 0.8021744965008374 1.8177553223302851 0.21965758704310323 0.5719652546057599 1.6477720112454421 1.2268704431426092 1.2963267757801404 1.9356185848612122 0.9404944558456503 0.30438037738922064 0.3531336095021056 0.40507301469301316 1.900950054556919 1.4355034311677524 0.34812228034241405 0.20756454424336795 0.7335432851605779 0.8634797867180575 0.8368820661528478 1.760885178562407 1.5709942552243064 0.6890461260131295 0.3210230391844532 1.6037375157481244 1.3987030061035979 1.253338798913757 1.5313575788453162 1.0503897302673564 1.8141270553274769 0.6856483972751095 1.1989633509335862 0.4397248252068845 0.9362625599561237 1.8552582955312182 1.1161067965077518
0.09055300617101325 0.4524442417909337 0.16447999862295049 0.2925227534151026
0.3284743012686824 0.3794812199374723 0.1219798835033421 0.17006459529050322
0.1019890744290114 0.42925374280117534 0.40875498272844213 0.060002200041371134
0.6136101842775266 0.29668168614504953 0.057671767009287 0.03203636256813691
0.004664666090464342 0.008896998842724546 0.4499702180482319 0.5364681170185792
0.2945715068955429 0.03352787668984736 0.24135629450601315 0.4305443219085966
0.06335583107168075 0.227357558763158 0.47698866896876957 0.2322979411963917
0.4945173697560369 0.007035627530692423 0.1301752362689894 0.3682717664442813
0.3307622936121942 0.1149923242678399 0.2902129862547097 0.2640323958652562
0.2932762437855171 0.029242084479378705 0.1544920321115658 0.5229896396235384
0.014873201001824765 0.18339855962404328 0.44724186824036205 0.3544863711337699
0.43647546781613855 0.04046849497923921 0.4181080183810686 0.10494801882355365
0.5844814658142483 0.26377721907416407 0.15149606261087556 0.0002452525007120565
0.2809962527368075 0.04384507433995344 0.3411543901944726 0.3340042827287665
0.11054347490907124 0.3296730672406162 0.5331943880757835 0.026589069774529128
0.21243224584294407 0.7306857939880722 0.03790234930447667 0.018979610864507057
0.22607805425894045 0.07224392703309823 0.11042771667890261 0.5912503020290587
0.33971315018156845 0.26273113025610884 0.13989465980901894 0.2576610597533038
0.1729636050080463 0.12552880295640323 0.07658571436848538 0.6249218776670651
0.3332637660932175 0.4973653675027211 0.04995971298212287 0.11941115342193853
0.04256939165808049 0.351613038416969 0.5688820156926019 0.03693555423234862
0.28614675992369676 0.24380275246912086 0.3001570647232127 0.1698934228839697
0.2058132696035212 0.12887638147748226 0.6585793413006495 0.006731007618346996
0.04819994312234488 0.28345362667876794 0.16714232317156974 0.5012041070273174
0.41014051453828493 0.07244745230498906 0.3176452495405383 0.19976678361618772
0.7583742195073282 0.15610068278107025 0.0360291997081974 0.04949589800340415
0.2704430164715049 0.5051311690835363 0.00848986649704786 0.21593594794791093
0.16514525070334574 0.14454013936597077 0.5930412734587155 0.09727333647196801
0.49649291762109415 0.24373165987059764 0.06905504233864646 0.19072038016966175
0.10048243829778158 0.24802742305042036 0.44555977152717174 0.2059303671246263
0.3204502570492288 0.3718729484303138 0.02207303797696636 0.285603756543491
0.37321868145133674 0.10232838149995727 0.30787800273847854 0.21657493431022745
0.14565941275494354 0.714835631305135 0.09101277835829313 0.04849217758162827
0.048314252213338627 0.15739309561447756 0.4270054544979862 0.3672871976741976
0.20216184791741232 0.3342466716415423 0.08765281149979953 0.37593866894124583
0.2113682058985038 0.5357443993449931 0.008834129561636317 0.2440532651948668
0.5150294961966864 0.21422604810493773 0.11975840374842528 0.15098605194995063
0.20383710784954245 0.6810993595647205 0.0980805417925581 0.016982990793178998
0.24432822570881163 0.4167853627359157 0.026318772511234823 0.31256763904403784
0.19972079527026854 0.31606931200684907 0.07389720692128743 0.41031268580159497
0.04295276308962093 0.10147202031113922 0.646651642574861 0.2089235740243789
0.4622251879201885 0.27002222885554417 0.15419073496676583 0.11356184825750149
0.16481690450081454 0.3505047680647957 0.2897118946007796 0.19496643283361015
0.4338148434889981 0.069116368145696 0.06941426343379964 0.42765452493150624
0.21698953344457883 0.14097916466489968 0.22988958056768583 0.41214172132283566
0.4385278851957053 0.1392015435828594 0.27016312090470374 0.15210745031673156
0.22081546957544473 0.41065322396428683 0.14006596600308574 0.2284653404571827
0.6991818450586355 0.07871961447903786 0.020048918646242697 0.202049621816084
0.3366772182660187 0.018764599507378632 0.554874186148985 0.08968399607761768
0.1494546414448622 0.16680032716083115 0.45063711541626994 0.2331079159780367
0.37422994262469544 0.19090920990631577 0.10287176389349051 0.3319890835754983
0.5987660638115143 0.23642981368573313 0.016356608430330266 0.1484475140724223
0.08626624223815771 0.2904917665407253 0.2150925269795847 0.4081494642415323
0.4582855728399311 0.39199221826618624 0.11632772822106163 0.033394480672821025
0.2089536042497332 0.1402840555731042 0.11191622882802643 0.5388461113491362
0.2957543506301241 0.2891801841079349 0.2766386877410053 0.13842677752093568
0.35651141767908756 0.03826910377146908 0.05161412057790138 0.553605357971542
0.13904086436598795 0.06383537359407754 0.048516963859774664 0.7486067981801598
0.4609280715658345 0.08567400206694986 0.3713061814598354 0.08209174490738025
0.5508411591226976 0.0629662193611148 0.3205659231767618 0.0656266983394258
0.4803914787255773 0.12015587759076407 0.09465117745298357 0.30480146623067506
0.3022000930503451 0.08774842619535017 0.5226293454494998 0.08742213530480492
0.48949619694574853 0.14413834894376631 0.2594423174102225 0.10692313670026266
0.3431390048468398 0.18173519523531456 0.02882478821612655 0.4463010117017191
0.02409543348627674 0.3595569971527456 0.037108769920673135 0.5792387994403045
0.18847590407718406 0.18013592497058029 0.1751457355621624 0.45624243539007325
0.022043738883720798 0.7531912181417736 0.18438169901288304 0.040383343961622575
0.08157838837856757 0.5686892895974569 0.09975103148417908 0.24998129053979645
0.061886232180981215 0.002522349929059531 0.6537885207671933 0.28180289712276596
0.25895565007265653 0.11581874965920969 0.578178079656055 0.04704752061207873
0.12167553394524244 0.5229965019353886 0.22343859334588967 0.1318893707734793
0.41602760938885097 0.18635001082377267 0.15816164848052194 0.2394607313068544
0.18571586615498825 0.06882751595974979 0.016578191764499484 0.7288784261207625
0.03412119729533636 0.579476819414315 0.07271762253758884 0.31368436075275985
0.20507626134686685 0.6977297356360063 0.08824081522036098 0.008953187796765905
0.6577550191499331 0.3013865103017752 0.026994275346044483 0.013864195202247243
0.017010180133802844 0.3389814428973902 0.5131986440511556 0.1308097329176514
0.11236736313682183 0.1438467042246403 0.6067823167083427 0.13700361593019517
0.15292135763901327 0.3230175278463917 0.45024264669574643 0.0738184678188486
0.1312660472636824 0.22141213743307864 0.0782350043508595 0.5690868109523795
0.4380246048386017 0.3521936582736026 0.06261500733529268 0.14716672955250298
0.2757568630941669 0.22654932966224994 0.4356782691179515 0.06201553812563165
0.6372196827212044 0.005550766792997597 0.3323485830850085 0.02488096740078949
0.027370377829437964 0.5216571350003251 0.4305185910430811 0.02045389612715587
0.2166235996300555 0.2587865707513577 0.36835636235830205 0.15623346726028475
0.6165994254395207 0.05288012250823593 0.2134207082603533 0.11709974379189003
0.6584419122641402 0.021068301512974008 0.18776358880322586 0.13272619741965996
0.24963724641068896 0.5386418003816752 0.14156301764281765 0.0701579355648182
0.5616784866290819 0.19474604533215634 0.12768863953406173 0.1158868285047
0.09368544698782899 0.2564999170695247 0.13379727562005972 0.5160173603225866
0.04899105464540143 0.1421550836261647 0.3289943827410169 0.479859478987417
0.26679243719596624 0.035263604929121395 0.5776952368181824 0.12024872105673001
0.42820412352134263 0.2692997540103098 0.14507165256001375 0.1574244699083338
0.2945722924505312 0.059403840039367495 0.3384891496144955 0.3075347178956058
0.413499764501263 0.41052444197238536 0.05697433895732962 0.119001454569022
0.5028014514107549 0.06353120002194967 0.03227274724648754 0.40139460132080784
0.1187908774259041 0.1750564764695789 0.5026917751362261 0.2034608709682909
0.2776618559639843 0.0659316806760144 0.050216090345947095 0.6061903730140542
0.22269688907395624 0.1267808651600072 0.16938342344206136 0.4811388223239752
0.20706680352025153 0.13972869112296105 0.10952747816107677 0.5436770271957106
0.5621837925651955 0.17701589095855186 0.20376671339174113 0.05703360308451155
0.08418390048712354 0.004551018349443714 0.8965535502920764 0.014711530871356349
0.09146291305192766 0.4797138398311471 0.24334348285735463 0.18547976425957058
0.20336913467100493 0.30258569343901054 0.09144489227302377 0.40260027961696077
0.2054911000102989 0.645588807624336 0.05178010641953812 0.09713998594582696
0.5669482262819798 0.1993679373920214 0.17063061656071354 0.06305321976528522
0.33824543740016166 0.4769383537801336 0.12718184514257946 0.05763436367712527
0.2544841896284765 0.2173859329182669 0.08405835138482554 0.44407152606843103
0.40939086312497175 0.23897730379348336 0.010182447897288172 0.3414493851842567
0.20077325664664947 0.5711221915948463 0.037358725656064906 0.1907458261024393
0.46702683797832467 0.1870033264532912 0.3166939416200293 0.029275893948354836
0.3909037883895655 0.46928059197752203 0.09672376425581297 0.043091855377099475
0.06080473697299427 0.18562021211727997 0.4992869165323015 0.25428813437742426
0.10290588863065775 0.4052884538468574 0.2758339806003288 0.21597167692215602
0.17677019826508655 0.04381967828574285 0.679301840846248 0.1001082826029226
0.5814511269189663 0.1256844965357352 0.2722061406004824 0.020658235944816083
0.04938686439873319 0.05791680641618269 0.6379162518163173 0.25478007736876684
0.021675880710603 0.18916160279276706 0.36484345585421996 0.42431906064241
0.2455896347574329 0.18095359585924597 0.31974387228721646 0.2537128970961047
0.017190484570729803 0.7740943131943061 0.20366128643248282 0.005053915802481268
