34 20 4 50.87156711412627 101.74313422825256
1.3470551279326868 8.020904144722074 1.8343337980071999 6.6960341783602955 1.1250176348819683 9.42542682476431 4.839169435619801 3.2777780568231716 2.7096877566430293 4.733421696430943 1.1207854876546226 6.836255063408714 8.824318713541308 6.481321331029479 8.271935369934809 8.438601973773997 3.445150003644713 8.528287968049987 3.542872239359573 2.244777423669865
0.26941102558653734 1.6041808289444148 0.36686675960144 1.339206835672059 0.22500352697639364 1.885085364952862 0.9678338871239601 0.6555556113646344 0.5419375513286059 0.9466843392861886 0.22415709753092453 1.3672510126817428 1.7648637427082616 1.2962642662058959 1.6543870739869617 1.6877203947547994 0.6890300007289426 1.7056575936099976 0.7085744478719146 0.448955484733973
0.5565884808723606 0.1581317930260917 0.2264263861583261 0.058853339943221616
0.17469315871871116 0.2694543278379752 0.4731199976893321 0.08273251575398155
0.8209639103995563 0.015014641873675738 0.05691898575527721 0.10710246197149076
0.35268980571916386 0.4421220679851011 0.189964659293975 0.015223467001760027
0.27841212944220306 0.3692906085489458 0.15414579740309697 0.19815146460575417
0.0786623787682128 0.16257064245688635 0.3249182859568449 0.43384869281805594
0.07544648805103904 0.12430730479124907 0.456170643223309 0.34407556393440286
0.47569515139874696 0.3551480408550812 0.12212497275625622 0.04703183498991559
0.8514034777641207 0.10983660462707734 0.0020698533517055084 0.03669006425709642
0.04445667729385394 0.5854702576796882 0.23545675310531577 0.1346163119211421
0.4707199976513726 0.1479620022948166 0.3241220416897721 0.05719595836403868
0.07873413308123811 0.5323068892516419 0.3603502352755087 0.028608742391611264
0.18760619679225643 0.31125700596534334 0.11473948689767488 0.38639731034472535
0.3947117479468081 0.06527051208824108 0.3614997674133107 0.17851797255164015
0.4996838475920746 0.14087616572219241 0.16620680162902934 0.19323318505670362
0.8839741358463944 0.05174459353711092 0.014133561741255352 0.05014770887523934
0.02931153622697158 0.6229054857330952 0.018758950805242813 0.3290240272346904
0.003800510587876671 0.06710798945650198 0.042369475033391946 0.8867220249222294
0.003203447693671424 0.07123425342464729 0.13154875472698302 0.7940135441546983
0.17948953950274038 0.04334238013662106 0.6943044714112975 0.08286360894934108
0.08119067548279624 0.3043848977768453 0.08696103428499802 0.5274633924553604
0.15693442531815072 0.05517161781934632 0.30269200855577816 0.4852019483067248
0.49965729277084825 0.42402377462152663 0.010707093198997986 0.06561183940862714
0.10859242544912784 0.04246584709469481 0.310526829639476 0.5384148978167014
0.2235365441712318 0.28857576641252447 0.1870172338636895 0.3008704555525542
0.03348572713329834 0.0006740338840404148 0.11551379888466529 0.850326440097996
0.6360343865889668 0.17101810116656746 0.047375546579822236 0.14557196566464348
0.04109595142580447 0.1329284195959859 0.1174971672472136 0.708478461730996
0.09102333092744086 0.02109372113969188 0.7272851143444172 0.16059783358845003
0.33138402518548926 0.41339802175152174 0.19101858948015782 0.06419936358283118
0.02332673110625494 0.14049919043955694 0.6383033760925609 0.19787070236162718
0.22386289974195162 0.6362479661172709 0.031976107394111386 0.10791302674666614
0.5861646186247971 0.19657574765161168 0.1886144927703406 0.02864514095325066
0.27743157409208985 0.625649287843367 0.026367400953303255 0.07055173711123985
0.06943247738154967 0.4118052348136476 0.28384708099434086 0.23491520681046185
0.32911780849335426 0.08466601382262862 0.5817438513156021 0.004472326368414992
0.44883079801946 0.11822209765857228 0.391022653875018 0.0419244504469497
0.07479813294833837 0.09417295940992243 0.1531672739338058 0.6778616337079334
0.1337316176023131 0.12642979663094456 0.20918916684975042 0.5306494189169919
0.013398485280832761 0.10444690420258917 0.6143240034212268 0.2678306070953512
