66 100 4 252.91891876860817 505.8378375372164
2.3885882031814822 2.2032960463005935 4.264169195591988 7.111979879010684 2.750050516004809 3.260893451382942 7.825747523820459 6.018567306061175 5.633226261049025 5.2101987608899005 1.7845840324806235 8.46185898049971 3.687765031108315 1.2821130048833398 7.102051809697108 9.131401296713845 5.630060664856522 5.851949268871605 6.978947647068161 6.706510797407241 4.180775213281022 1.2397826155754652 2.4876085559262378 8.913870922465408 1.6103841026873997 4.321772217140455 2.0395052774742632 1.8666472841539812 1.753927279455826 1.7823432444454297 1.2003026101734087 7.939384496039796 1.4429136092074388 5.187009162678627 9.47109756996099 2.9486107283546374 4.2518661841314325 1.281867689726223 3.736400811511465 2.694409067512765 2.1354366924349923 4.727951505761935 9.502039916370327 1.3450916459014528 9.613360817149863 2.1368423078978696 1.701528385632396 2.4947470978291526 9.592911108459498 3.4125513020238194 1.9048684700459604 9.169985601206207 5.980372141697501 7.738233593581292 1.960511302628095 8.077729499820585 6.928999590029511 4.257609097039683 6.848693088051687 3.0748901318688198 7.451726595709869 3.3950926400591706 6.6051654702006495 8.328779633491742 1.3543775744326385 6.321359283990661 3.892490474616764 5.602746517404292 5.530652568556642 3.799575600531975 9.171827425832229 3.4673736278714475 8.368085622627678 5.975043085895301 6.8238084290188965 7.325869434962911 4.706252286725256 9.085131651750002 1.5769748537356874 6.980209593110067 3.8519447302120806 7.333632377277793 7.93337178186216 4.762035332326345 1.8030848362752137 3.101669859646904 7.835668365427909 5.222639288120501 2.8265835006790816 7.264844660278316 9.189537703222019 1.5240905246589276 8.097285374338197 4.561153871504235 8.336129774351983 6.097415151744082 4.595793132168311 7.290108291577091 6.275169235118566 5.93434576169029
0.47771764063629646 0.4406592092601187 0.8528338391183976 1.4223959758021367 0.5500101032009618 0.6521786902765884 1.5651495047640918 1.2037134612122349 1.126645252209805 1.04203975217798 0.35691680649612467 1.6923717960999418 0.7375530062216631 0.25642260097666797 1.4204103619394215 1.826280259342769 1.1260121329713044 1.1703898537743211 1.3957895294136322 1.3413021594814483 0.8361550426562043 0.24795652311509303 0.4975217111852476 1.7827741844930816 0.32207682053747994 0.864354443428091 0.40790105549485267 0.3733294568307962 0.3507854558911652 0.3564686488890859 0.24006052203468173 1.5878768992079593 0.28858272184148775 1.0374018325357253 1.8942195139921982 0.5897221456709275 0.8503732368262865 0.2563735379452446 0.747280162302293 0.538881813502553 0.4270873384869985 0.945590301152387 1.9004079832740655 0.26901832918029056 1.9226721634299726 0.4273684615795739 0.3403056771264792 0.4989494195658305 1.9185822216918997 0.6825102604047639 0.38097369400919207 1.8339971202412415 1.1960744283395002 1.5476467187162584 0.392102260525619 1.615545899964117 1.3857999180059022 0.8515218194079367 1.3697386176103374 0.614978026373764 1.4903453191419738 0.6790185280118342 1.3210330940401298 1.6657559266983484 0.2708755148865277 1.2642718567981324 0.7784980949233529 1.1205493034808582 1.1061305137113284 0.7599151201063951 1.8343654851664457 0.6934747255742895 1.6736171245255356 1.1950086171790602 1.3647616858037792 1.465173886992582 0.9412504573450512 1.8170263303500005 0.31539497074713746 1.3960419186220134 0.7703889460424161 1.4667264754555585 1.586674356372432 0.9524070664652691 0.3606169672550427 0.6203339719293808 1.5671336730855818 1.0445278576241002 0.5653167001358164 1.4529689320556631 1.8379075406444039 0.3048181049317855 1.6194570748676393 0.912230774300847 1.6672259548703967 1.2194830303488164 0.9191586264336623 1.4580216583154182 1.2550338470237132 1.186869152338058
0.00051335293990451 0.21554097532135585 0.33795481969136987 0.44599085204736977
0.6470529188210629 0.15090593811448338 0.07131358305190416 0.1307275600125496
0.24041373790070475 0.5121298138772746 0.0666977913647594 0.18075865685726122
0.46511899016714764 0.11747136675020775 0.08004973569443352 0.3373599073882111
0.20195307197780932 0.07439363322779025 0.3486206555968817 0.3750326391975187
0.033115383619756855 0.43828381448245324 0.05582520547059089 0.472775596427199
0.29261831209869504 0.5884412653450072 0.10777863301615043 0.011161789540147349
0.038277043936998933 0.2255402380081094 0.1803330370720908 0.5558496809828009
0.6245310197700382 0.1511424010385939 0.09605712245764164 0.12826945673372625
0.05097153682420763 0.9015445294221985 0.04501730251007907 0.002466631243514761
0.56546105402937 0.06074251926756713 0.2624111093318652 0.11138531737119772
0.13837961103812302 0.7781590997221837 0.039955971102259236 0.04350531813743408
0.46059883191279327 0.20283992652838911 0.017126180009792602 0.319435061549025
0.060666445496510346 0.26851837681731117 0.2284044318888364 0.4424107457973421
0.02238126438691801 0.23990471576558992 0.38447601457653213 0.35323800527095994
0.33097600662221394 0.10401054624863248 0.47483791453965973 0.09017553258949385
0.3491818470545148 0.008724033975424983 0.12754669770626692 0.5145474212637933
0.32993864604237566 0.10671066761873282 0.3457536737142304 0.21759701262466113
0.733530464472264 0.01606913146139588 0.10738924198099187 0.14301116208534825
0.13951728489810544 0.02704202048232407 0.4042836334195611 0.4291570612000094
0.7488796182700594 0.16597772002067845 0.07687886670776967 0.008263795001492436
0.3781825520555142 0.017213992368694808 0.5448850675932692 0.059718387982521826
0.18125698743680096 0.3863214299018102 0.17982748662161574 0.2525940960397731
0.08228945145889943 0.44349548604524724 0.17086253303677434 0.303352529459079
0.5833805156340381 0.08648395660861963 0.2881975336826108 0.04193799407473142
0.07808182254932283 0.011526010819550181 0.6797283168550844 0.2306638497760426
0.636188360658496 0.09166220545704074 0.06286955466258848 0.20927987922187474
0.40208451353705954 0.06679165568294732 0.3326090814000052 0.19851474937998792
0.07690094213274024 0.05028501334429203 0.36826946793154014 0.5045445765914276
0.47076131534378096 0.12813267386039895 0.04313949342255552 0.35796651737326457
0.25335103699185135 0.28948344153208083 0.3962387946408523 0.060926726835215494
0.33486486187603504 0.18255704539673645 0.11735535025552346 0.36522274247170505
0.7119619775725511 0.0013283697751433898 0.2524123331257413 0.03429731952656423
0.05138579809423238 0.08198865678876432 0.652285472166352 0.21434007295065127
0.12200155982579197 0.11440545964373572 0.25698927030864405 0.5066037102218283
0.3796323607508255 0.34455754740887223 0.26233096045005677 0.01347913139024548
0.16026526788790385 0.7233863196942345 0.07806149260708162 0.03828691981078003
0.3524927249649248 0.02377892567787232 0.30644293721159943 0.31728541214560346
0.4331549042803421 0.010842818947308541 0.45092430204908773 0.10507797472326164
0.0721018742513636 0.028994163157584962 0.5941300802836068 0.3047738823074446
0.35447417086470767 0.09432360567923925 0.4972926265121359 0.05390959694391717
0.2661853691198547 0.36813158330105955 0.06499498517744884 0.3006880624016369
0.7890176041395673 0.06565250650976528 0.0679736703150523 0.07735621903561507
0.5857842047105558 0.06996587808302623 0.17852296943121448 0.16572694777520347
0.2726062713160732 0.3754617715246318 0.09891435380170166 0.2530176033575934
0.04278050884027784 0.00885154735302529 0.07044425001955912 0.8779236937871377
0.11442187786350688 0.2645453264705898 0.1858692058202558 0.4351635898456475
0.2049605036963985 0.2988704718954721 0.40188707081103403 0.09428195359709535
0.5282632616870425 0.33659525393444467 0.08621197608558451 0.0489295082929283
0.09395541379839112 0.3859526745756474 0.1296795067633384 0.3904124048626231
0.2268793193330304 0.021815153906939 0.37515423487350763 0.37615129188652296
0.09289386237670039 0.692143952599146 0.05426676771721184 0.1606954173069418
0.36950103245948085 0.21175934542150043 0.4084683021794868 0.010271319939531898
0.4496490034900207 0.003032100133375737 0.4861735640779138 0.06114533229868979
0.1527597637105399 0.24154582949162307 0.4543972524599613 0.15129715433787572
0.25615094789537995 0.1888016515180465 0.26155350485946216 0.2934938957271114
0.3389999230740689 0.36456260174519906 0.26507605308594706 0.031361422094784985
0.644589434779704 0.052104885540215196 0.07435398704277496 0.22895169263730586
0.2384756487622275 0.1656159030373171 0.4784974179252759 0.11741103027517952
0.15935509785566315 0.5083647240424142 0.08140711939665701 0.25087305870526566
0.09793233270705248 0.10330061506411126 0.5391546191480042 0.25961243308083204
0.09042255640114083 0.3597301985472038 0.07793258862908381 0.4719146564225716
0.13449914703697374 0.2773265574195374 0.13869137511251717 0.4494829204309717
0.054315639195798626 0.05645783812897476 0.20034393504500048 0.6888825876302261
0.2581601662059133 0.2725407082226714 0.014641697344213389 0.4546574282272019
0.11130321992994419 0.06634554909078838 0.19352999831596573 0.6288212326633017
0.1284374288693646 0.1012723526556405 0.08434704679817973 0.6859431716768152
0.15358888284825511 0.37283021722400944 0.36961139361908935 0.1039695063086461
0.24968626706387576 0.02157388331793275 0.11790120913428881 0.6108386404839027
0.2282792763182312 0.3472368624801949 0.33591506813324346 0.08856879306833043
0.1933307835414646 0.30271955692636343 0.18195447738763737 0.3219951821445346
0.2457969279073624 0.3018034607031692 0.06271910499560374 0.38968050639386465
0.2659824911444111 0.25394498592499415 0.33527603087148106 0.1447964920591137
0.23014929002268103 0.2141246769083378 0.32377408744035197 0.2319519456286292
0.32016982562445273 0.6374773425403876 0.014201938755516785 0.028150893079642914
0.22565695064527624 0.5280672823513115 0.07641347172210766 0.1698622952813046
0.22901460523066763 0.639446423771499 0.04342920922651827 0.08810976177131513
0.07764981075634159 0.34157399245606646 0.4263916444972853 0.15438455229030668
0.008019807080688057 0.2866702948534253 0.17829631441757832 0.5270135836483083
0.21347640871030937 0.3235586576934756 0.0874245263342428 0.37554040726197224
0.38460074587591675 0.24601577453822698 0.3227492234634156 0.046634256122440654
0.32689725200554764 0.020344685030710408 0.5345539051206694 0.11820415784307259
0.6232854102733106 0.03112339641744366 0.2618176179200108 0.08377357538923491
0.044629913330312965 0.2553021831391893 0.15263769801715155 0.5474302055133462
0.1828815806652866 0.37184488801622184 0.2421530241530968 0.20312050716539476
0.3596203956348323 0.1538406712356023 0.08014763817399029 0.40639129495557513
0.7322718301377353 0.09773322735836454 0.14567000277206332 0.024324939731836803
0.03436383853514713 0.2052340738398878 0.7185239083278014 0.04187817929716364
0.09508445474186111 0.24781186077813477 0.5793116444681712 0.07779204001183293
0.08242522841270261 0.05822105664460142 0.3108218821445402 0.5485318327981558
0.260511252962738 0.21080928468691162 0.5141304654554626 0.014548996894887756
0.020840201222872445 0.019560922491608013 0.3823599511315412 0.5772389251539783
0.3096354303625626 0.10822989631752189 0.04351554760524201 0.5386191257146735
0.043214479043441 0.12672093396296824 0.6377441013108254 0.19232048568276539
0.17907207803114766 0.6426652195686209 0.17418432326312938 0.004078379137102073
0.08144378791932572 0.3480566335302273 0.18024837135881 0.390251207191637
0.26729079202259387 0.029876209208934856 0.03431486572471365 0.6685181330437576
0.6241519285778304 0.15281189156384134 0.11843780534158654 0.1045983745167417
0.011668572151526502 0.07111280091332473 0.33054162385650876 0.58667700307864
0.03613616463021774 0.43545811854959005 0.463402125381868 0.06500359143832424
0.12561547886209345 0.17344125264376775 0.2598844327786236 0.4410588357155152
0.012914291089583307 0.3589356700512695 0.09717457583612132 0.5309754630230259
0.4950777597984466 0.3283826683867973 0.04397004107079705 0.13256953074395905
0.22049671055138453 0.04795009164792796 0.33413404225012877 0.39741915555055873
0.33124961180108303 0.082746835012672 0.1818386850817062 0.4041648681045388
0.2683631339199002 0.10069108073243949 0.5494481528326632 0.08149763251499709
0.05551293763748122 0.48195969510864434 0.4350650234336588 0.027462343820215618
0.3819277127669133 0.4257763114678754 0.11042009903134109 0.0818758767338702
0.061836126129322766 0.17853497635137294 0.5028589023601403 0.256769995159164
0.1062779195468273 0.001342036767714938 0.30778276725295506 0.5845972764325027
0.06051055380448056 0.6344515325073884 0.20210955989269597 0.10292835379543508
0.0623366127899716 0.2283328379142343 0.32304587118865513 0.38628467810713896
0.014820880926713076 0.014400093262350588 0.4459707564895091 0.5248082693214272
0.12548368495337237 0.5759822017642865 0.032871215403084464 0.2656628978792567
0.4294335977943705 0.137314712320588 0.3410317526479517 0.09221993723708977
0.2413520277165523 0.21610986144821265 0.4454233280068385 0.09711478282839658
0.2847331687906677 0.03656142506537252 0.5739842274227767 0.10472117872118314
0.7281193168376029 0.12501474329935836 0.029578138005796784 0.11728780185724197
0.16538702377684067 0.28812540181901836 0.042630184801544124 0.5038573896025969
0.3853840206284206 0.12348249069550588 0.27664336339987916 0.21449012527619438
0.08069640958256397 0.1314675443625426 0.6644370976622631 0.12339894839263033
0.3226320059994895 0.39614045032995426 0.21144537538637176 0.06978216828418449
0.09601730958375931 0.11573136161055941 0.20578622089977072 0.5824651079059106
0.19453078902733134 0.3227589892348238 0.21300464091770277 0.26970558082014207
0.5819937538730172 0.13992742895304366 0.013562537683672882 0.26451627949026624
0.205085688945436 0.41268877123446135 0.22969335521445133 0.15253218460565132
0.12367755764238197 0.5147333096970759 0.3314526048374987 0.030136527823043435
0.11126980173246293 0.1298158222022483 0.7522160124643615 0.006698363600927237
0.15501024132336494 0.5454463109861967 0.11591222853385885 0.18363121915657954
0.29775883359156563 0.14079835070779279 0.5533169772621789 0.008125838438462707
0.21167515143721383 0.2710728522549486 0.4064461681264888 0.11080582818134876
0.5975649860086942 0.09096185705143134 0.15019054011448896 0.16128261682538547
0.017396706856509625 0.2526799161911135 0.6395390916291825 0.09038428532319431
0.14931263318290444 0.10540508557010286 0.719121939786881 0.026160341460111702
0.4050838873746446 0.20826046406896204 0.11197843848396383 0.2746772100724295
0.2104505355580547 0.2421407690278874 0.17036036909393948 0.3770483263201184
0.012986134663578675 0.33465828877409876 0.09744445815558644 0.5549111184067361
0.1596151716074754 0.37745563825187844 0.2801339708649121 0.18279521927573406
0.01784484332550773 0.604912468351997 0.19833640966778399 0.17890627865471131
0.35737756645427377 0.03290946166155295 0.21989023515078554 0.38982273673338774
0.5698891767856176 0.09653551773801194 0.05059788770280538 0.2829774177735651
0.10836979578252137 0.11848479772567366 0.747917834823396 0.025227571668408943
0.154535585761843 0.2555604535801871 0.45588227497092604 0.13402168568704387
0.38283789106350263 0.11238445157938548 0.31237863768569607 0.19239901967141582
0.2298079653725147 0.15547877292723333 0.4556012985085214 0.1591119631917306
0.01985978103475805 0.03293756221891031 0.35103011991050015 0.5961725368358315
0.027473572084353526 0.1333116000885034 0.4009370547261648 0.43827777310097826
0.11603069217627804 0.46666314262375896 0.13459263033541835 0.28271353486454465
0.03908439898588045 0.5371784951107301 0.03411300886050961 0.3896240970428798
0.2909747518237221 0.3447510637855149 0.08225650395977002 0.28201768043099296
0.2906300149312313 0.10990060207529884 0.46170339337283695 0.1377659896206329
0.24866587114254868 0.2339569510431091 0.33670425633385637 0.18067292148048586
0.3030985158472739 0.006108696788488133 0.009424922902573796 0.6813678644616642
0.43806341244802716 0.03999277762111331 0.2651102716219085 0.25683353830895106
0.5824253586400508 0.26335376679567546 0.08590335987408138 0.06831751469019232
0.055503050340029225 0.5286418788517959 0.19088143960497694 0.2249736312031979
0.15274964404580382 0.28818921900218497 0.48425085197848283 0.07481028497352837
0.5571453262363465 0.14781516261959582 0.14616523442619322 0.14887427671786446
0.41832237656122573 0.1396503587008584 0.20388128314127352 0.23814598159664235
0.08735673561561519 0.08129317487737342 0.4630444097563302 0.3683056797506812
0.09485234372343143 0.021873044146563214 0.20192451751305873 0.6813500946169466
0.18738234218777527 0.16552570063006267 0.21496391563963868 0.4321280415425234
0.16805992555992022 0.45139652411994846 0.2928998929681683 0.087643657351963
0.6691727304523559 0.045774180155225386 0.03086513479736841 0.2541879545950503
0.4000456068640822 0.027192142381624373 0.46579325826450557 0.10696899248978786
0.49857106477323343 0.24838385307307664 0.0380590874090837 0.21498599474460622
0.18008607384851527 0.35763327751464413 0.03487819135702286 0.42740245727981774
0.07463140358447329 0.5321811769081226 0.26694440503947847 0.12624301446792563
0.04481858230284852 0.5166931931128629 0.34357700253247536 0.09491122205181324
0.014959778125341217 0.1865893776143982 0.21503483706049187 0.5834160071997687
0.17910270574295029 0.13006544203159642 0.244751681757434 0.4460801704680193
0.07880595293154968 0.27062894867518084 0.5022736335943672 0.14829146479890232
0.0008760138058638844 0.14487410062662742 0.0035191852836081727 0.8507307002839005
0.019272820684632652 0.2614080860426492 0.04652185250779395 0.6727972407649242
0.21816041159639687 0.24362246845022395 0.34504151429653873 0.19317560565684044
0.06059864146826932 0.3113982473355672 0.5573922411725717 0.07061087002359179
0.2677191463722831 0.031075839866407384 0.27871452846615563 0.4224904852951539
0.3317061519142117 0.3181259153347359 0.21861750424297155 0.13155042850808085
0.021058048358085224 0.23271590873535097 0.5097449253311861 0.2364811175753777
0.36186025169442715 0.05514255740919871 0.39599530158620855 0.1870018893101656
0.08413482822650398 0.15645398099176866 0.12423548541121676 0.6351757053705106
0.28746817197457164 0.4173467359797359 0.15801110019249687 0.13717399185319556
0.36561127337385824 0.5082245917847498 0.07659621026401153 0.04956792457738046
0.32573235597622585 0.07838130966382384 0.1176284654859251 0.4782578688740252
0.15156080981431408 0.35672708245254536 0.10509984972324671 0.38661225800989385
0.5664503356773385 0.19217500433706025 0.04252032006646966 0.1988543399191316
0.35098105398466983 0.051739046075933603 0.3679178535889518 0.22936204635044477
0.022773993990714225 0.5188312733409964 0.07335473323176467 0.38503999943652467
0.4226746865065617 0.5111549684190495 0.033476729329156685 0.03269361574523211
0.01967545885384414 0.7368371113093979 0.030046882973874145 0.21344054686288383
0.4199270397121686 0.02222289401597577 0.2610853634667941 0.2967647028050615
0.4278201034960345 0.14195991348588266 0.022302755496222404 0.40791722752186044
0.6127989435766442 0.0937196851171207 0.056172581040746294 0.2373087902654888
0.4489276463765134 0.2585155249841855 0.001430064280006249 0.29112676435929485
0.15950328797350266 0.15300571126181162 0.01985919094401245 0.6676318098206733
0.016952758885894093 0.3042555921873332 0.654485994995448 0.024305653931324667
0.07536830822600682 0.12519988351676548 0.18638748891824664 0.6130443193389811
0.3013025169664091 0.44948681585089534 0.04162084472949279 0.2075898224532028
0.2199348496198511 0.5811349931842202 0.006463295344077413 0.19246686185185125
0.07822619314057289 0.1811051359854492 0.2970138267339627 0.4436548441400152
