24 100 4 297.6888083729454 595.3776167458907
9.640155730023267 7.295608449546185 9.998805633614912 2.980605698045666 4.2495071856765225 7.658568911884934 9.968101525801872 3.8471228001154754 2.2289012184117216 4.4558200913644015 3.884673552086738 4.297732777751636 7.386864063293147 9.101281874710361 5.807038952779485 3.2256438841895063 7.046259063193677 6.055561965818239 5.883038890385588 9.041028433254107 8.585015946085386 3.754113309546607 6.6805279970967595 7.122149744015396 9.733848043557886 9.04210436728685 9.481832752247024 6.78002933100515 6.531828704578758 3.049149289581783 5.374286820697355 8.264973694495719 8.597981381701267 5.812127796069615 7.82018244868996 5.497091974934555 8.652951069354657 6.577270978204647 8.754527611451024 3.085274769841003 4.61996573122694 6.61937555943897 2.2873303529551166 2.1051863523395133 4.751469196862519 6.011946838467639 9.472772578954801 4.683331202529075 7.6307630444464625 9.959056069296242 9.24997914289871 1.018209453346524 9.741985239063608 9.001433590288514 7.29539745613471 1.8777220169313367 6.160861350265613 8.380334046970862 6.0480194558103495 4.156862146483975 5.891497804844693 8.916301825409088 2.026869083849679 1.2829492489927148 9.57529054335733 3.598691269240646 4.977542537965222 3.3311937903528848 6.372022993543983 6.897574413795787 3.481259145811878 8.721752121452075 8.998517317454636 3.56554531958786 6.936043771981928 9.749082334301415 8.171867013007127 2.615179610590985 8.06205680098887 9.731150997181443 4.26530592087149 1.7909745828408559 4.094500813563988 6.139986811219939 2.4896141421428744 6.684543449678004 1.590089817689615 9.215867720844848 1.797885813040791 2.7944891047164453 5.247574281557942 4.96897462177964 7.889962840197712 1.1146918030018078 7.12596667753836 3.4804237593118437 6.435818391320573 5.913755615685616 2.8881082949570454 2.225104783120731
1.9280311460046533 1.459121689909237 1.9997611267229825 0.5961211396091332 0.8499014371353045 1.5317137823769866 1.9936203051603745 0.7694245600230951 0.4457802436823443 0.8911640182728803 0.7769347104173476 0.8595465555503272 1.4773728126586294 1.8202563749420722 1.161407790555897 0.6451287768379013 1.4092518126387354 1.2111123931636478 1.1766077780771176 1.8082056866508214 1.7170031892170772 0.7508226619093213 1.3361055994193518 1.4244299488030792 1.9467696087115773 1.80842087345737 1.896366550449405 1.3560058662010301 1.3063657409157516 0.6098298579163566 1.074857364139471 1.6529947388991437 1.7195962763402535 1.162425559213923 1.564036489737992 1.099418394986911 1.7305902138709315 1.3154541956409294 1.7509055222902048 0.6170549539682006 0.923993146245388 1.3238751118877938 0.4574660705910233 0.4210372704679027 0.9502938393725039 1.2023893676935278 1.8945545157909602 0.936666240505815 1.5261526088892925 1.9918112138592483 1.849995828579742 0.2036418906693048 1.9483970478127215 1.8002867180577027 1.459079491226942 0.3755444033862673 1.2321722700531226 1.6760668093941724 1.20960389116207 0.8313724292967949 1.1782995609689386 1.7832603650818175 0.4053738167699358 0.25658984979854293 1.915058108671466 0.7197382538481292 0.9955085075930444 0.666238758070577 1.2744045987087966 1.3795148827591572 0.6962518291623756 1.744350424290415 1.7997034634909272 0.713109063917572 1.3872087543963856 1.9498164668602829 1.6343734026014254 0.5230359221181969 1.612411360197774 1.9462301994362885 0.853061184174298 0.35819491656817115 0.8189001627127975 1.2279973622439877 0.4979228284285749 1.3369086899356009 0.318017963537923 1.8431735441689696 0.3595771626081582 0.5588978209432891 1.0495148563115884 0.9937949243559281 1.5779925680395424 0.22293836060036157 1.425193335507672 0.6960847518623687 1.2871636782641145 1.1827511231371233 0.577621658991409 0.4450209566241462
0.5191131687478104 0.12441219316102714 0.12563725204488507 0.23083738604627735
0.25675936951200384 0.2070283380937371 0.46861737941296366 0.06759491298129539
0.11044039822543339 0.35848343823651374 0.17936353671528993 0.35171262682276294
0.5282710737487201 0.12282027486553082 0.16551235393203878 0.18339629745371033
0.578734368065148 0.13306524530749753 0.05325000737781338 0.2349503792495411
0.17621021357620914 0.4597412656354255 0.27638482944224496 0.0876636913461204
0.5484066055322694 0.14129209195614156 0.14358820004996686 0.1667131024616222
0.4210961338309971 0.4807727442647184 0.02541497005263127 0.07271615185165325
0.045574626831785925 0.5130096655817734 0.19040106772591125 0.2510146398605294
0.0249223184136671 0.5638924893292026 0.1505629811720619 0.26062221108506844
0.35033697346952086 0.21646810913354042 0.4154879138873272 0.01770700350961152
0.18024039388297874 0.20704247034765522 0.5426332813969365 0.07008385437242959
0.2512847168134523 0.32959034838467305 0.09930618472763486 0.31981875007423977
0.37463452689861065 0.18827372600275494 0.3424613327158611 0.09463041438277331
0.2294505756274452 0.5352294155089938 0.15721328254645783 0.07810672631710314
0.12368875040235072 0.054325707054728944 0.29764395397742405 0.5243415885654963
0.10226279433958463 0.1841316253875398 0.43864265960416415 0.2749629206687114
0.03459653327767165 0.2831191115222187 0.6791966489954406 0.0030877062046690273
0.36913285641972904 0.2723706705869251 0.09155561707073889 0.26694085592260697
0.5629270967182716 0.22967448449832817 0.06038461748235213 0.14701380130104813
0.031169561221821906 0.02455712027205159 0.6558029748225714 0.28847034368355506
0.01156202888314628 0.5913419047875738 0.19811214277257372 0.19898392355670624
0.011952713141286542 0.19381887134779696 0.4127379925838094 0.3814904229271071
0.07183356892844561 0.30929022149838137 0.6090019819302324 0.009874227642940658
0.2651874728015893 0.235829228474986 0.4845149912062032 0.014468307517221501
0.010064105629034814 0.4974559544396443 0.3910755211298298 0.10140441880149109
0.24642167220932465 0.430963077688129 0.0038430432959419836 0.31877220680660434
0.059797227161024424 0.553716057804527 0.36022982109956714 0.026256893934881398
0.36502314994106144 0.2289398189150077 0.40070877856661313 0.005328252577317727
0.04828704990528554 0.1179795101510086 0.15730285274654565 0.6764305871971602
0.2925534922748979 0.08367233547513797 0.42962625811823485 0.19414791413172927
0.04095061157841895 0.10865982640859562 0.7186962412490268 0.13169332076395868
0.1442367950610135 0.026374533598189087 0.7144432212362634 0.11494545010453405
0.19112841169299544 0.2760320672485046 0.42569916722184653 0.10714035383665343
0.12811783327338133 0.29678559373696234 0.42595261337455936 0.14914395961509697
0.09375561971819235 0.497548899239292 0.06500336971608156 0.34369211132643407
0.2713136125393367 0.5572618650721188 0.1644886191288042 0.00693590325974025
0.20100966327800285 0.13769861357872737 0.06990333451310837 0.5913883886301614
0.5475562038047915 0.07038731032958145 0.08243109114229719 0.29962539472332983
0.07521778324986406 0.09564842052273925 0.10462060833736764 0.724513187890029
0.027697733910809985 0.7517891303876411 0.15918557331991778 0.06132756238163117
0.3694538616924099 0.4059828885712625 0.08932081864358132 0.13524243109274625
0.04370542230775165 0.6997277672349428 0.24325195047561965 0.013314859981685911
0.2783487714874162 0.23474725066217328 0.10125968963580656 0.38564428821460395
0.1386980172243214 0.03826303983340462 0.5531835663983773 0.2698553765438967
0.2973748282019475 0.406456103149214 0.01718137959854571 0.2789876890502928
0.22324944101099775 0.11844968677360401 0.013798603991324376 0.6445022682240739
0.4608559998131557 0.005566474547396449 0.14145001190919881 0.392127513730249
0.2764001362283851 0.5382574494520773 0.0037719077542515134 0.18157050656528606
0.4406824586264747 0.20845769914088885 0.02908357967961439 0.32177626255302205
0.6612378174272644 0.13765419426651504 0.00013963707123754165 0.20096835123498302
0.1516144967260986 0.03621964504979536 0.22194003181514532 0.5902258264089607
0.07264460108719473 0.24907295979113186 0.6049132882255862 0.0733691508960872
0.3874410727791645 0.0398784514268814 0.13254442699015545 0.44013604880379864
0.20735494145385402 0.6349825139705358 0.07675439916804372 0.08090814540756641
0.4548534655790766 0.23158518524322347 0.2752178968482262 0.03834345232947378
0.15901161650751605 0.036242650057819126 0.42416508143587184 0.380580651998793
0.10718344781423439 0.11987639652402438 0.7696778357403838 0.003262319921357393
0.3692567867994315 0.05090913319170676 0.0699305643141589 0.5099035156947028
0.40130510984612067 0.3753371159753456 0.21805006588599585 0.005307708292537905
0.00804907670548094 0.5734158711448732 0.2714039530900313 0.14713109905961452
0.14160673999084084 0.24601211192351158 0.07294033151530066 0.5394408165703469
0.019341653349710053 0.31243695595377696 0.5794606816123092 0.08876070908420375
0.2370482547537177 0.2155197645613791 0.03250960519558199 0.5149223754893212
0.2653999469376359 0.05531408833343532 0.5583377752737004 0.12094818945522834
0.02730315749485468 0.5029508981707755 0.3972567334656917 0.0724892108686781
0.3084284332815862 0.24901817116515146 0.125636717581877 0.31691667797138534
0.29577161679165 0.12152771768771997 0.03660835778453386 0.5460923077360962
0.289691918745698 0.6484710676592892 0.04771577073037925 0.014121242864633565
0.12690525622185567 0.03632293870343717 0.31909178109502945 0.5176800239796777
0.6052308487502412 0.20985302326971433 0.05686031760124821 0.1280558103787962
0.32603325622472124 0.09600324889458578 0.49489832184996874 0.08306517303072425
0.09889886467267328 0.1182917411164689 0.4449942457826127 0.3378151484282451
0.0657922800669335 0.1424931354905331 0.564651576072181 0.22706300837035243
0.021279902740375833 0.652628106652462 0.2648523047377398 0.06123968586942241
0.5782975270251259 0.15850113662877396 0.22746490624504012 0.03573643010105998
0.11382574285197822 0.4063335765083931 0.07424726051436703 0.40559342012526167
0.49700417563631705 0.025445520206196504 0.0435462770039825 0.43400402715350395
0.2660168239728604 0.1494435022978159 0.02866939448629402 0.5558702792430297
0.3456837215908035 0.11121777635288121 0.274271312542927 0.26882718951338824
0.32155308534912397 0.003073924928665983 0.44017831383523687 0.23519467588697318
0.2518495935490609 0.21205405862449778 0.4098475752681414 0.12624877255829992
0.5830789667351965 0.2164321074934723 0.1750188847499624 0.02547004102136874
0.06859347556641615 0.2644114475272473 0.3597551006768369 0.3072399762294996
0.19776683242819582 0.2926175329006607 0.23930786172415142 0.27030777294699204
0.21540363275514374 0.098869806838349 0.41218448256328133 0.27354207784322593
0.5570972475267084 0.07533080285581151 0.023723071795744177 0.3438488778217359
0.4363567639932323 0.16452979333601747 0.22040137692062922 0.178712065750121
0.0700748768122691 0.33841913616379116 0.43201629914423945 0.1594896878797003
0.6391718029897006 0.336547203059803 0.006483003904960594 0.01779799004553584
0.5066793305824409 0.2301526946864314 0.16876917757662757 0.09439879715450017
0.4461955262085865 0.01862160464633944 0.034486367478996804 0.5006965016660773
0.2967841211472596 0.010329991826778628 0.45195871113376085 0.24092717589220092
0.5306005589895312 0.4067266902521295 0.0555841264146707 0.007088624343668637
0.3987829748113092 0.3448657321230637 0.21633057791744525 0.04002071514818184
0.04772280467980172 0.5831019715156366 0.3213930562405354 0.04778216756402631
0.38913301316246185 0.04175931681196332 0.3949332684208683 0.17417440160470654
0.43920235159623644 0.25641505806410414 0.010630312812587084 0.29375227752707234
0.30332306342946436 0.296530021891532 0.0703283571683907 0.32981855751061295
0.25832107204495025 0.30381502807025396 0.23063598322432233 0.20722791666047347
0.4382503727369158 0.03633387984859282 0.4696087932138068 0.0558069542006846
0.02299406471310539 0.22583738911583096 0.1434275525056291 0.6077409936654345
0.05814587189395937 0.298593653865868 0.09181867488190132 0.5514417993582713
0.15370561722706666 0.13563563697199188 0.3928072448272626 0.31785150097367887
0.05123622729922084 0.32926350508022706 0.3621169507604237 0.2573833168601284
0.43704300569307764 0.11474849339245774 0.2696292945349211 0.1785792063795435
0.28624576133562707 0.373773258524422 0.2603090595377695 0.07967192060218142
0.05522385012184483 0.10221688727527156 0.6294548491561383 0.21310441344674536
0.4511717569447983 0.05447130480823936 0.3336105918535117 0.16074634639345065
0.009683949656655533 0.05208436549807949 0.5308212260584536 0.40741045878681137
0.04589360266046649 0.05355869760652299 0.2950111622762013 0.6055365374568092
0.4026991724007808 0.3278139360077945 0.21162458172527232 0.05786230986615237
0.6987744891482957 0.11414404830525038 0.07097984784043743 0.11610161470601654
0.31027156380941834 0.511544738056519 0.09642239882233383 0.08176129931172882
0.1496799063141213 0.1802641477005974 0.06981388198950855 0.6002420639957727
0.09803848432106199 0.5306185270936244 0.07363205175924104 0.2977109368260725
0.09267715374413865 0.27846948103854596 0.5082800832296462 0.12057328198766915
0.018205185772184884 0.3569231265782721 0.4399238506222206 0.18494783702732243
0.016731749271506113 0.1368589545090776 0.13380244434930244 0.7126068518701139
0.029209489317782777 0.06172313604198809 0.2185583333079648 0.6905090413322643
0.4805047631149235 0.0020961914228769807 0.2377488807838256 0.2796501646783739
0.5488741392669403 0.21040503260294652 0.16951887263495502 0.07120195549515818
0.2707413083513932 0.2926342688068817 0.23755644916929475 0.19906797367243034
0.7638542292007047 0.21017368903873523 0.02512341972761334 0.0008486620329467565
0.24019426443006098 0.4554432543776743 0.26980216677931523 0.03456031441294949
0.438633283195327 0.08685104163940682 0.3266692179204138 0.14784645724485235
0.1386328445952434 0.4968705214952993 0.3196390123734254 0.0448576215360319
0.06494250091092246 0.6568613316296259 0.20293886861861665 0.07525729884083499
0.15831533411344767 0.7028659521443064 0.13387909669102038 0.004939617051225587
0.1600449569054968 0.20731819538501706 0.05289461510481208 0.5797422326046741
0.010994743642253946 0.21526721521187286 0.19234385375022633 0.5813941873956469
0.00021870577242200095 0.10650963663414181 0.8715431076690446 0.02172854992439155
0.016225608667717384 0.15438455613044344 0.4820663810817326 0.34732345412010657
0.15492202166880842 0.0451013798277109 0.1530800664617158 0.6468965320417649
0.27861263474293885 0.12414222375928641 0.3197114686863438 0.27753367281143093
0.03303613538949435 0.11532527875621224 0.1709171927150298 0.6807213931392636
0.5628471556234561 0.41962894694940567 0.006616777098459092 0.010907120328679132
0.0071680473780662 0.41909822045124123 0.4832826815994993 0.09045105057119329
0.006594100552938298 0.11113733906892787 0.3398236978914623 0.5424448624866716
0.26971156486397363 0.11846567498760618 0.2910856359189894 0.3207371242294308
0.11234048033630806 0.29864195043871644 0.3675505947716142 0.22146697445336128
0.3863430534945762 0.23086596341667798 0.07496117443036765 0.30782980865837817
0.07570719302199114 0.502222254909353 0.10802931769316482 0.31404123437549103
0.7046018517118714 0.06456165997230834 0.1744899502120374 0.05634653810378287
0.07612399817055049 0.19426932918751583 0.2221003890435188 0.5075062835984149
0.007463749442434664 0.31009757610659716 0.6251880756374003 0.057250598813567866
0.16860373042578947 0.5446287321393035 0.27238297066296013 0.014384566771946883
0.4561285744536243 0.06302868261611849 0.23085076243245084 0.24999198049780635
0.3062375122298582 0.0556437220134941 0.5684935660833085 0.06962519967333924
0.06726264589367914 0.44174250513420366 0.4230349954507362 0.06795985352138101
0.02753341232569917 0.19855045213116984 0.4206280344226949 0.35328810112043607
0.1318651901900102 0.43895903693621385 0.32271124231175186 0.1064645305620241
0.11021138515943396 0.45952471155473973 0.0684184689750611 0.3618454343107652
0.01049791211934148 0.1260591143161902 0.09387366210392434 0.769569311460544
0.11833327080465261 0.32304781115742476 0.43606526108842614 0.12255365694949649
0.32942487944294885 0.016371213053527067 0.18514604799891388 0.4690578595046102
0.06951846375219439 0.22238105891529902 0.17427334340173528 0.5338271339307713
0.2283235006925901 0.014978433233762689 0.6262084116365676 0.1304896544370796
0.24999280588155115 0.5911555867156493 0.08307116480831778 0.0757804425944818
0.3846396390694208 0.29444601406316906 0.15714894438431382 0.16376540248309635
0.35603383224393115 0.11398121582522203 0.1732476550589125 0.35673729687193434
0.3877197751815057 0.08164438820325814 0.04262428255089046 0.4880115540643457
0.17617142772151717 0.007282487569053142 0.26023833629177373 0.556307748417656
0.26550269123642667 0.375370215201808 0.19209438222938768 0.16703271133237763
0.02678079622126006 0.6782923828125056 0.08017540225070996 0.2147514187155244
0.010313390628192254 0.035175396390428215 0.0702405921937771 0.8842706207876024
0.27830422970517354 0.445647953726068 0.1691039160268647 0.10694390054189373
0.12073912291665001 0.6481999553449778 0.15610455541509038 0.07495636632328184
0.20362428852007564 0.43183965005070757 0.10699997421607799 0.2575360872131388
0.33326394900923284 0.4369548447929541 0.1701618335008902 0.05961937269692286
0.21059267665184955 0.15121042450768774 0.2736733265864193 0.3645235722540434
0.030689407701078197 0.11871150551585619 0.5462801457837924 0.30431894099927326
0.06922662816488023 0.5187947447147928 0.2704806062885595 0.14149802083176743
0.417570495788814 0.06262481982277979 0.1009176673505312 0.418887017037875
0.0060581703844116985 0.21415856233521957 0.5333891424228409 0.24639412485752787
0.3139730265347134 0.35568278110000107 0.22865386320896808 0.10169032915631748
0.37524023499876724 0.008116263576857241 0.45559542294761246 0.16104807847676306
0.35882056848720856 0.07288075436155927 0.5093174161657332 0.05898126098549894
0.1670794954602146 0.037929915335828346 0.7200613748496629 0.07492921435429412
0.16326251666322522 0.12990996538183675 0.6967521774534141 0.010075340501523922
0.291864854164807 0.32246874010288273 0.2789375329200332 0.10672887281227705
0.33244327483076497 0.22105943056757338 0.3478379861554328 0.09865930844622883
0.369477573121359 0.3687217894816617 0.13465704105690324 0.1271435963400761
0.2570592733585182 0.10071562240962706 0.03164679893300171 0.610578305298853
0.3886767446105046 0.038214604383756234 0.5336981933561026 0.03941045764963658
0.07270291139307083 0.135927021348217 0.2308978516000879 0.5604722156586243
0.0021581312740938108 0.05232062605103249 0.7688715277042443 0.17664971497062942
0.18913695659021468 0.20676108428661488 0.4654556921685937 0.1386462669545767
0.3587736538195969 0.2676095725478539 0.16301961414427557 0.21059715948827362
0.050690399315649004 0.530328892901817 0.19641987081692802 0.22256083696560602
0.29647518779758264 0.3361575903994103 0.24985542522593107 0.117511796577076
0.2777418310885944 0.0673227739634863 0.2160523930859607 0.4388830018619586
0.08776627020632233 0.5630152554968041 0.33111808349398797 0.018100390802885613
0.504557798695943 0.1756125645601736 0.3160160390435377 0.0038135977003457278
0.49287333114575527 0.11075079919403308 0.19136035649406824 0.20501551316614341
0.10975620397442842 0.2804556041718136 0.31504251444189635 0.29474567741186164
0.11736418360074474 0.5182192185062977 0.25337360837684686 0.11104298951611069
0.3550243826565288 0.07860899454961401 0.2717442494691297 0.2946223733247275
0.1023070931741753 0.3155993653825919 0.4856344768690066 0.09645906457422615
0.08836716215854123 0.13692868924983526 0.44166726924396726 0.33303687934765625
