70 100 4 267.9566442118553 535.9132884237106
9.34732484757063 8.85183664968294 6.261681453359978 9.146531563514172 3.8514931407166553 2.332072908368053 8.735806920188862 4.903308700760383 5.441687175209001 5.073073275225309 4.268392073086812 3.3605620055670435 6.321955343957896 3.790098804293568 1.393341819480739 7.373172476553156 2.6659844938520223 2.7164367896781014 7.6145415661217095 2.1335157895025962 3.7635819549831995 9.407359086290398 9.871521529178883 9.801741568597 2.1810454302031443 1.0440409399415314 8.091922804070288 7.072409285184418 4.098748944029223 4.0720905994994006 5.395110474829797 5.76177457815315 9.929782263499726 9.53220697220062 8.207287356665029 2.6833723745966953 2.396026842624277 1.2921312637210782 3.4014654409686647 4.294448725278549 9.71624746566165 4.292272218376217 5.354992578124489 2.7837765254471667 9.234428490437944 2.9222642471192644 8.597729956829403 1.469636427725499 3.089201636978759 8.190585739672565 2.9848021394040893 3.6986719410937066 4.748834298839457 5.447526004437868 2.6627321038004523 2.286309927799723 1.9807301196474811 4.970326736061487 8.469429464915768 9.520556901927884 5.812214255251733 6.567737102967416 4.160047006974441 8.79346960363615 6.224460604485013 9.696618727403285 8.759979772359179 4.334080741454693 3.5760731021121073 7.845630673505074 2.2004148018222414 9.580996372048853 6.87078085504032 9.009554930637544 7.0319576024822705 8.035656996379492 4.44911499141404 9.225634046736198 1.2115764894386616 5.072626217811793 2.3589119193735306 9.90914025782074 9.317638927448332 2.9009761695355722 3.0841011155822686 3.6550124225540817 1.6296734747135633 9.831125970322775 4.474442326804086 2.8093417700572965 1.9400318992801133 3.5449690925389876 1.720484958511478 5.972252155727886 6.915562115719412 5.502974431426348 1.0927301010574684 5.863051530417685 1.6249220222473197 3.005379713105491
1.8694649695141259 1.770367329936588 1.2523362906719957 1.8293063127028344 0.770298628143331 0.4664145816736106 1.7471613840377724 0.9806617401520766 1.0883374350418002 1.0146146550450619 0.8536784146173624 0.6721124011134088 1.2643910687915791 0.7580197608587136 0.2786683638961478 1.4746344953106312 0.5331968987704044 0.5432873579356203 1.522908313224342 0.42670315790051927 0.7527163909966399 1.8814718172580798 1.9743043058357768 1.9603483137194 0.43620908604062886 0.20880818798830628 1.6183845608140577 1.4144818570368836 0.8197497888058447 0.8144181198998801 1.0790220949659592 1.15235491563063 1.9859564526999454 1.9064413944401242 1.641457471333006 0.5366744749193391 0.4792053685248554 0.25842625274421566 0.6802930881937329 0.8588897450557098 1.94324949313233 0.8584544436752435 1.0709985156248978 0.5567553050894334 1.8468856980875887 0.5844528494238529 1.7195459913658806 0.2939272855450998 0.6178403273957518 1.6381171479345131 0.5969604278808178 0.7397343882187413 0.9497668597678913 1.0895052008875736 0.5325464207600905 0.4572619855599446 0.3961460239294962 0.9940653472122974 1.6938858929831535 1.904111380385577 1.1624428510503466 1.3135474205934832 0.8320094013948882 1.75869392072723 1.2448921208970025 1.9393237454806571 1.7519959544718358 0.8668161482909387 0.7152146204224215 1.5691261347010148 0.4400829603644483 1.9161992744097707 1.374156171008064 1.8019109861275087 1.406391520496454 1.6071313992758984 0.8898229982828081 1.8451268093472397 0.24231529788773232 1.0145252435623586 0.4717823838747061 1.981828051564148 1.8635277854896664 0.5801952339071145 0.6168202231164537 0.7310024845108163 0.32593469494271265 1.966225194064555 0.8948884653608171 0.5618683540114593 0.38800637985602265 0.7089938185077975 0.34409699170229563 1.1944504311455773 1.3831124231438825 1.1005948862852697 0.21854602021149366 1.1726103060835371 0.32498440444946397 0.6010759426210982
0.21545362765779774 0.5471780951287811 0.1928750032902452 0.044493273923175924
0.4892605657527902 0.10636241012645864 0.01289408046191498 0.3914829436588362
0.2700647561648236 0.0369448051333745 0.4487652331735833 0.24422520552821858
0.4066161440261896 0.1753592489916036 0.22731196656845443 0.19071264041375235
0.10315293662428149 0.41721634946887776 0.40945144693143876 0.070179266975402
0.09038581352446784 0.13017526706908034 0.5552679505216153 0.22417096888483656
0.1707851185015402 0.28289384734446077 0.07146281499967377 0.47485821915432525
0.46984516067184157 0.23880528627275388 0.2378211056230669 0.053528447432337645
0.12064733458120613 0.4678508248220593 0.0769652657944766 0.33453657480225796
0.6450317645883793 0.036358234709148785 0.2772610910611121 0.04134890964135984
0.38500840526319 0.044062627945540056 0.4618409934453538 0.10908797334591613
0.00445161509871117 0.36901235308629454 0.11524113932339475 0.5112948924915995
0.0372598560904267 0.6136106034717104 0.01623813200135671 0.3328914084365062
0.07889483915027506 0.2711946132868144 0.530108778629534 0.11980176893337657
0.5408078305702165 0.07081197865748468 0.18670599707393087 0.20167419369836792
0.3615247284095475 0.10813449649439777 0.006234124348931003 0.5241066507471237
0.2087930951256256 0.2579750810738598 0.4462314035925782 0.08700042020793641
0.08192292092982334 0.07042768926511211 0.4119028973358617 0.43574649246920283
0.4767458404599285 0.21525923318213702 0.2502675369949249 0.057727389363009585
0.028324193616855786 0.09816608028935325 0.8670293628589636 0.006480363234827369
0.09797120762485767 0.4115573996388544 0.07610233321260595 0.41436905952368197
0.2871470933959488 0.038632074500347224 0.0005091922641080604 0.6737116398395959
0.580778996547311 0.026275899532283042 0.37172888749645816 0.021216216423947776
0.15665486541672968 0.23803642480010068 0.5884735657497147 0.016835144033454985
0.527455535189771 0.2626667691862874 0.008314466780646956 0.2015632288432947
0.16410102977798835 0.03545260577450804 0.27135482312584547 0.5290915413216581
0.07408157648255864 0.03068587356735153 0.0480520833868594 0.8471804665632304
0.07776144429904919 0.09414809048856099 0.6139178790385845 0.2141725861738053
0.005865828852322785 0.13792309493422938 0.27500855372575106 0.5812025224876968
0.4633204823693384 0.231024519549343 0.007579701614305434 0.29807529646701314
0.3648570595831445 0.1598719507597961 0.43569785145199014 0.03957313820506925
0.12341554131180632 0.2531576892678158 0.37755610204413614 0.24587066737624175
0.04090246623007898 0.2182853570542057 0.5691782381047605 0.17163393861095477
0.06740079766605145 0.1374844698881117 0.06831347368041829 0.7268012587654186
0.1107939489204336 0.11405471332657569 0.10042424027109198 0.6747270974818987
0.0646336256625819 0.18684341029202844 0.6653891972935252 0.08313376675186446
0.004758573262586441 0.05072393446476142 0.06877136057467004 0.8757461316979821
0.07970259045038652 0.053649591692604304 0.8649022218180955 0.001745596038913666
0.07145053850253813 0.4943996577932447 0.23218086646493086 0.20196893723928633
0.05694203117982577 0.7110026639579329 0.10474388745101981 0.12731141741122154
0.5446357119154234 0.06481191341801162 0.3765370894162161 0.014015285250348897
0.185433453007536 0.03928869478225416 0.3269785660979967 0.44829928611221315
0.01159303205696871 0.30952696983614747 0.3636737339140035 0.31520626419288034
0.29019454414842705 0.1925768292913218 0.0295735076059509 0.48765511895430025
0.18351910383750236 0.47790906282181733 0.17072199650469932 0.16784983683598098
0.18291914210150506 0.4587849773363366 0.30832532156382886 0.04997055899832947
0.06299294445755921 0.14109032183846915 0.5121752413544289 0.2837414923495427
0.21968588410331313 0.1667690371323276 0.06845222810307805 0.5450928506612812
0.42895320294679795 0.09774276195074527 0.22349766978499475 0.24980636531746203
0.22796955930832197 0.14612173192918743 0.5098838242620727 0.11602488450041792
0.6184457930397924 0.03582197884862415 0.04131947480745335 0.3044127533041301
0.14014237659018813 0.016799364359005975 0.4788929328723188 0.36416532617848707
0.28584270684741797 0.049599459193120365 0.36007135358335873 0.30448648037610293
0.3868732798300758 0.11644927291853446 0.41490278001600744 0.08177466723538229
0.03785775214301135 0.013779717040379946 0.16651093902964909 0.7818515917869596
0.3486717399097521 0.05867459220078819 0.5543613899274303 0.038292277962029386
0.06625570598633013 0.4264278074618988 0.4334049219119003 0.07391156463987081
0.19891772704997668 0.14512718550245518 0.12487000879981369 0.5310850786477544
0.5041130442853086 0.0972205474167297 0.21858082472172924 0.1800855835762325
0.4253136682277694 0.052893835354073104 0.4069517410989234 0.1148407553192341
0.1516604516405946 0.23166885802961135 0.06177239456786099 0.5548982957619331
0.25904681947277275 0.2197616041437599 0.2755872412290823 0.24560433515438507
0.29157680468037994 0.005452718159618786 0.22307646617110088 0.4798940109889004
0.3190108345604096 0.08846286544579052 0.46703844944152917 0.12548785055227074
0.6031416135606733 0.016108666169012742 0.20812956922071124 0.1726201510496027
0.2221397777449764 0.25023521864909504 0.49344075924808173 0.03418424435784684
0.18935268458455523 0.4333056215961366 0.14923418832913604 0.2281075054901721
0.21643586606916654 0.12409247350000374 0.34477606224501656 0.31469559818581316
0.017841815111407033 0.6567806975240139 0.16068798845879695 0.1646894989057821
0.2601394202125671 0.4018603784608449 0.3207565500612636 0.017243651265324456
0.24779801349160901 0.5174046817436087 0.20940258767470854 0.025394717090073793
0.3650150600541665 0.1699402566732714 0.4224202589617275 0.042624424310834574
0.05037530211448804 0.576465661277279 0.14573351200512197 0.22742552460311094
0.39570199110052395 0.0861133173492834 0.0457247952808183 0.47245989626937435
0.41884921477656434 0.16462803641431512 0.3162454325711085 0.10027731623801206
0.0820840924036238 0.10853952033422165 0.7698061147749637 0.039570272487190805
0.4423887538713286 0.15892211242954812 0.2129925252956345 0.18569660840348878
0.08196294026697792 0.0810362903466002 0.8215904413788171 0.015410328007604779
0.25612562837158204 0.3289260057402619 0.04164794285320739 0.3733004230349487
0.16796287313158742 0.49629806593595605 0.02073500851012966 0.3150040524223269
0.4698556246783908 0.17883771966706563 0.3336022734810401 0.017704382173503452
0.15983074817586562 0.5304860353916835 0.24640485791961475 0.06327835851283614
0.08686591466078697 0.10161170767053918 0.12161479847317347 0.6899075791955004
0.3826124025428759 0.04480022831781805 0.07196740957576109 0.500619959563545
0.16434045378681528 0.15757218825679464 0.22014803982908981 0.45793931812730027
0.0029762599681675272 0.24220135383110553 0.4595615392802448 0.29526084692048216
0.01826887975093716 0.33988847966168223 0.16238622733346797 0.47945641325391264
0.09935970654479276 0.750768616843055 0.12552309473947065 0.02434858187268163
0.8201610198873804 0.0015580489173340206 0.06975769996383463 0.10852323123145091
0.08717255345991914 0.24004919283613735 0.4189949210079156 0.25378333269602793
0.3065371488435997 0.11348301610097589 0.5738274493485526 0.006152385706871821
0.09033105896691263 0.6538029934498589 0.12497719293360565 0.1308887546496228
0.0008732818655442509 0.30554136715923497 0.47700298908011096 0.21658236189510982
0.4382562938217357 0.3575553307288375 0.07402394052421146 0.13016443492521534
0.15087013885621492 0.4004082077224467 0.20120803822523115 0.24751361519610726
0.19380606618339158 0.14531532352744736 0.3052031353762231 0.35567547491293794
0.0038815213333105447 0.5171273500731867 0.22120992493063907 0.2577812036628637
0.7538019252421152 0.06307837236206681 0.1035392035898145 0.07958049880600349
0.15240997160453873 0.41498728314720923 0.25418695047287654 0.1784157947753755
0.3046503719371092 0.5435922182194974 0.06892024470168889 0.08283716514170447
0.6419273232864979 0.04913148411507018 0.18574174510881625 0.12319944748961564
0.35201320050107154 0.5424263947761123 0.015978124513490455 0.08958228020932568
0.024283045431891415 0.16322907352869165 0.6938574744470278 0.1186304065923891
0.3464973857946583 0.2508633956215327 0.1449415158262196 0.2576977027575894
0.040618943491545934 0.43005354124724937 0.14072147583905514 0.38860603942214955
0.2992602789876445 0.029356595757700665 0.3604684043858566 0.31091472086879823
0.17623798231251042 0.4459794771472547 0.1360155584316004 0.24176698210863445
0.15499574026417806 0.13400276110757436 0.44162474828691645 0.26937675034133113
0.15710615303897424 0.15202021110255903 0.6626519320269996 0.02822170383146716
0.0189366392704422 0.2626325019829082 0.22720472269920877 0.4912261360474408
0.00047802489941950466 0.22635631921013277 0.37918667039258946 0.39397898549785826
0.8399816088922084 0.055632159168906736 0.07704839571648414 0.027337836222400713
0.01659476882037192 0.012136779979208479 0.8590731940906401 0.11219525710977951
0.1512736729124795 0.5809249089777131 0.08388757452060602 0.18391384358920138
0.052027102504060174 0.5030253697010622 0.4426386060494484 0.002308921745429293
0.059304900530968485 0.19971113828415288 0.22286858125412445 0.5181153799307542
0.3375311542005299 0.2644152017194089 0.10808204054866521 0.28997160353139595
0.21106539564718263 0.2856130999635679 0.13788009543805035 0.36544140895119914
0.31621207410317553 0.0712064644310757 0.310611297285307 0.30197016418044176
0.10922899805645403 0.2891782923056646 0.3303596937287807 0.27123301590910065
0.09331181749239426 0.17576095525793756 0.4931621516248127 0.2377650756248555
0.06376311111988575 0.28523128383022556 0.29990479805329484 0.35110080699659385
0.01651050939998233 0.1657570021778768 0.534550641891793 0.28318184653034784
0.3286565663695591 0.24540942438968116 0.4197285881737829 0.006205421066976857
0.044719961861107826 0.5088263345528685 0.08917608485590844 0.3572776187301152
0.4996227247207349 0.3300906913232632 0.16278535888961299 0.00750122506638895
0.07644639794560704 0.6847652301065272 0.15615223005726242 0.08263614189060331
0.07955831738318397 0.20842038727111178 0.295116676988903 0.41690461835680126
0.009209617738055509 0.10485560162511376 0.5917156370328807 0.2942191436039501
0.3621816431266729 0.44637605152993975 0.029661704882618323 0.16178060046076903
0.19150878053242937 0.3949876726539222 0.25294527053982263 0.1605582762738258
0.09909948339210306 0.20823185169531033 0.15445051013979205 0.5382181547727946
0.06706541859568182 0.033821059924951435 0.6723054504429309 0.22680807103643585
0.005554115775879387 0.5022997146857879 0.4474185868377074 0.04472758270062527
0.6199597177931138 0.03613547294844477 0.3077162949930706 0.03618851426537084
0.6208665295192075 0.03838599928126385 0.16743304726731678 0.17331442393221186
0.4867558297460908 0.07967701989060161 0.39786001131039583 0.035707139052911785
0.58553722359095 0.1298804592103362 0.23637019822437721 0.04821211897433664
0.04013937883442098 0.441721178129167 0.18803971455993762 0.3300997284764744
0.08817071771031193 0.3313478637403421 0.08861552809002804 0.49186589045931794
0.10125731213441758 0.36907797458621505 0.5034997311049438 0.026164982174423534
0.20589932231550356 0.5646389791385744 0.0564297900321622 0.17303190851375982
0.27161681657770353 0.3736542383181839 0.14173849739702626 0.2129904477070863
0.1618614724357902 0.546666848292371 0.11483463162992602 0.1766370476419128
0.20581769538243355 0.5686162040849431 0.20484826949283275 0.020717831039790635
0.3316816365279591 0.3928523746597523 0.04841382335183175 0.2270521654604568
0.5114842399021767 0.058455928432116444 0.2511436248944292 0.17891620677127762
0.12820033031566758 0.30055586987504945 0.49964366558237683 0.07160013422690614
0.08109194060418023 0.21275876747091715 0.5581081819334573 0.14804110999144526
0.23930981046759103 0.18348424527671092 0.4143820489917108 0.16282389526398722
0.16774126370681863 0.0945509942983569 0.29703480576140795 0.4406729362334165
0.15485861315355898 0.39500309254882493 0.3493017011720112 0.10083659312560489
0.0532190885547128 0.08323032262772279 0.16193941804040946 0.701611170777155
0.6265563324435311 0.030819037631093393 0.32990219239033436 0.012722437535041098
0.29258358992605016 0.03774232268938249 0.029150318370323114 0.6405237690142442
0.07555822746764096 0.6879373091603959 0.0678494378085257 0.16865502556343748
0.09124920140947157 0.328844970066822 0.4037117283585976 0.17619410016510884
0.13909252581594223 0.33505475625977477 0.025038794992737978 0.500813922931545
0.5624356383954383 0.20123204158759989 0.0625650230324768 0.173767296984485
0.34127124086049443 0.16255233391889878 0.06551994252171545 0.43065648269889134
0.3152045783524723 0.3473200239962434 0.14675005219456205 0.19072534545672226
0.09604158193268064 0.4724662722847677 0.24941032249460782 0.18208182328794387
0.3057519134020925 0.03712072441888803 0.5330961097679843 0.12403125241103519
0.18336626621795638 0.3652709895265981 0.07773952862687405 0.3736232156285715
0.31721648652079626 0.027104766414765114 0.5457396275703448 0.10993911949409385
0.1444924743096173 0.3622019195054935 0.4566937780913656 0.03661182809352359
0.8074281243400325 0.0038764817666493423 0.005436762682912821 0.1832586312104053
0.03645508620679716 0.23918780789231853 0.5143224868907925 0.2100346190100918
0.33189193163115505 0.10668648754938648 0.09762951469668091 0.46379206612277757
0.05206889686378813 0.11447067688170509 0.4162319215220067 0.41722850473250006
0.14885718250311064 0.05448001796588808 0.33597180063854404 0.46069099889245724
0.0639888337892921 0.5643464698131792 0.32142436466099034 0.05024033173653841
0.42902909687819946 0.22942386274623716 0.04874594802291299 0.2928010923526504
0.7068891638788245 0.008045666743577096 0.04912653158818625 0.23593863778941215
0.06117420072162694 0.40970474143111846 0.4586502879640132 0.07047076988324141
0.42129316709223263 0.16530252025320757 0.2299591414315605 0.1834451712229993
0.15188708340568058 0.0578674904386598 0.3864264681718427 0.40381895798381695
0.11643136583692182 0.2882322796544228 0.5887077993445168 0.0066285551641386276
0.5825389858554548 0.002079649150177554 0.0843200040063049 0.3310613609880627
0.08589021683291309 0.5825232382874836 0.26328861651810886 0.0682979283614944
0.5372653729634981 0.20736962308501083 0.007232488575071527 0.24813251537641956
0.18396304618673465 0.14877352782048858 0.4508551886011044 0.21640823739167236
0.03659081817233689 0.4196955619167726 0.517036470759537 0.026677149151353552
0.3330929108612526 0.024053865589926726 0.5051227614453376 0.13773046210348305
0.02121286010975576 0.2576182675981046 0.35147810653579603 0.36969076575634363
0.3108247647394621 0.015963128012838834 0.5598140134341024 0.11339809381359667
0.0031171440001493966 0.31149626001845154 0.5108560266004313 0.17453056938096778
0.06337489204877422 0.3572210787553993 0.2446369258745188 0.33476710332130766
0.23743522579668752 0.05164967701343792 0.6715115846756265 0.03940351251424801
0.1306317108978342 0.20936786149353004 0.20079818157598828 0.4592022460326475
0.45730172596820884 0.4847127186102652 0.03600635289498444 0.021979202526541508
0.4257865712362341 0.47222563160700326 0.09446505544780459 0.007522741708958058
0.03223397693334917 0.07327342923235447 0.18667897247669796 0.7078136213575984
0.362699518983974 0.3176674069011677 0.0901907712415434 0.2294423028733149
0.04997971132176504 0.02929195449370403 0.35294505681364363 0.5677832773708873
0.2838443860355464 0.03723093528023136 0.15758885578558568 0.5213358228986366
0.34641111993499607 0.008939940150059056 0.20470840757702713 0.43994053233791774
0.2338221027351125 0.010889012777678952 0.15121477755275514 0.6040741069344534
0.03233674208720316 0.13170257163384536 0.6807155709091867 0.15524511536976482
0.923360813828767 0.0019580657287653347 0.045137330123154906 0.029543790319312757
