39 10 4 31.588193245537145 63.1763864910743
5.922002405308192 8.181091191543448 8.383616919085432 2.09844880147181 6.418018061122942 5.729631250281253 5.175175652290616 5.243011699820642 6.694415585895983 9.330974924253972
1.1844004810616384 1.6362182383086896 1.6767233838170863 0.419689760294362 1.2836036122245884 1.1459262500562506 1.0350351304581231 1.0486023399641284 1.3388831171791966 1.8661949848507944
0.8155029157504419 0.010309046552708478 0.09377317975638944 0.08041485794046022
0.0484524316320204 0.5438984711930217 0.03569515041034399 0.3719539467646139
0.4854064721794692 0.1170846718353662 0.11772287351665367 0.27978598246851094
0.1564259040495929 0.3696763432422846 0.14434475734104102 0.3295529953670815
0.013558732596354317 0.5293945216680044 0.1283942720376673 0.328652473697974
0.11325298922511051 0.32181889377805617 0.28019209834015213 0.2847360186566812
0.13349053598295024 0.08786683378667992 0.05929951568499636 0.7193431145453735
0.20339774699728486 0.015829338590644726 0.503669777074606 0.2771031373374644
0.10934287709299495 0.4318371391499509 0.3453970919297983 0.11342289182725585
0.8688694702243054 0.07907946819953715 0.028343772114895693 0.02370728946126177
0.41483079635102105 0.5296109560323166 0.0018183664560793567 0.053739881160583036
0.2522697923629068 0.6025287549489126 0.005605263761085388 0.13959618892709524
0.15714581965487717 0.13882761720215464 0.5483020611507547 0.15572450199221344
0.18759723988157018 0.36115193307269056 0.38374706567445116 0.0675037613712881
0.652557229588245 0.16638799455608766 0.028899556968317586 0.15215521888734973
0.477456963246889 0.13490523738889781 0.2278291496688004 0.15980864969541275
0.03972312647679699 0.2539297986550897 0.4293083497410394 0.27703872512707395
0.23472960321027847 0.1119175699187559 0.44420431442676966 0.20914851244419597
0.013636860110358584 0.8821878880519711 0.04405371879566433 0.06012153304200596
0.01607688827247833 0.28537875257946377 0.5129432232695057 0.1856011358785522
