57 20 4 51.01369302426432 102.02738604852865
1.7861467861195757 3.0742938959655524 4.6995496357502144 3.797044287040783 6.0936030168535495 5.905573334054655 8.26389498547339 9.263395965552377 5.6988167755930945 4.822185352494565 1.6462355909467405 9.08675965161296 4.7846244344954165 6.23952809144556 2.927381822879078 5.027371118047657 5.210774239467984 1.9057344124328195 9.345591053219882 2.4488815990827897
0.35722935722391513 0.6148587791931105 0.9399099271500428 0.7594088574081566 1.2187206033707099 1.181114666810931 1.652778997094678 1.8526791931104754 1.1397633551186188 0.964437070498913 0.3292471181893481 1.817351930322592 0.9569248868990833 1.2479056182891122 0.5854763645758156 1.0054742236095313 1.0421548478935967 0.3811468824865639 1.8691182106439765 0.48977631981655795
0.40198985283691147 0.47260432787505724 0.11768538929909478 0.007720429988936517
0.019193037721577433 0.022272827459140943 0.04147187376744221 0.9170622610518394
0.4291417077819094 0.03252618903317539 0.21137596938431924 0.32695613380059596
0.08372024324543392 0.7029870123870308 0.06597169228754995 0.14732105207998536
0.19747140778361083 0.309818582840784 0.16119423815751033 0.33151577121809483
0.19623779493713178 0.11237076821256553 0.38410543761837934 0.30728599923192335
0.28478415878951946 0.0012786853658304231 0.4894588370914741 0.22447831875317603
0.13456831445065065 0.5121806231238386 0.3507787839278895 0.0024722784976212164
0.45548151539566306 0.12597412676225572 0.1261022538308696 0.2924421040112116
0.11055598496782604 0.2806555446502771 0.18747996812611367 0.4213085022557832
0.12325793922197903 0.5558028644151827 0.2492766510500719 0.07166254531276639
0.5504317793452317 0.3030589915125793 0.03236555811000874 0.11414367103218026
0.16935394902987966 0.3701976217851999 0.3497810541900559 0.11066737499486456
0.4744379565853317 0.19942566741123635 0.14271802442829373 0.1834183515751382
0.36955779037234604 0.056088061804344336 0.43281977912835623 0.1415343686949534
0.3565900840561592 0.2685707997881659 0.3665171875174782 0.008321928638196696
0.491462191538828 0.09542320327195819 0.33234016275760647 0.08077444243160736
0.4642716319496176 0.07378834370496445 0.13114639464498523 0.3307936297004327
0.3519076698430724 0.038035091272878074 0.2664749080944434 0.3435823307896061
0.16687070040077778 0.37118769572166743 0.1561402093486346 0.3058013945289202
0.05216005685825831 0.0196764975827447 0.03331076140287703 0.89485268415612
0.0186505362797188 0.262254017578899 0.4404095930195595 0.2786858531218227
0.019730343818698204 0.6498562324470425 0.12737932756958914 0.20303409616467016
0.5443879376069042 0.11963617309445773 0.2308498310396634 0.1051260582589747
0.2773570455915705 0.26135228617386574 0.19264800180752628 0.2686426664270375
0.3693709457615534 0.22989330995703172 0.05997710707872461 0.3407586372026903
0.6413154450893764 0.02341993458029723 0.2623817721728883 0.07288284815743806
0.4946628445954995 0.31414190544196274 0.12924035372239928 0.0619548962401385
0.378134080120075 0.24997234477041208 0.06289684824180708 0.30899672686770585
0.3106378783190925 0.10250405100782412 0.24885728980368738 0.338000780869396
0.19677946429388138 0.06267919395025812 0.049154189023175476 0.691387152732685
0.3061107848544655 0.14565681034270583 0.507672531102985 0.040559873699843596
0.29627212264631164 0.27152529707980233 0.19335177095279754 0.2388508093210885
0.14812499878391172 0.4321600103182037 0.1836085942176704 0.23610639668021416
0.13700036790532089 0.1408113316532129 0.4562138187149273 0.2659744817265389
0.21555631013948717 0.26043860665369734 0.48263669951761046 0.041368383689205035
0.5035172760771319 0.20957546124690196 0.007278636845587272 0.27962862583037884
0.006677393669449083 0.04417218473980966 0.02627042609514707 0.9228799954955942
0.3817851732835935 0.059087931860151155 0.3437175466379052 0.21540934821835012
0.10199458270183093 0.1649928201131572 0.32231416553665904 0.41069843164835285
