53 90 4 255.5200631210278 511.04012624205563
8.619961664891205 6.050489862385308 5.0938786216517755 4.169574223227656 6.272662457213536 5.821747698457682 8.447106491014114 3.38087978849831 5.305411552048442 4.130065205611497 2.2103049007807636 3.339796153087532 1.4287120855235718 4.5486397425617 4.3445457287939035 6.010596309569885 9.077450989308922 2.506112983057456 4.664857778468439 6.871180049008759 6.10974172142318 6.098669704135352 5.719195896441829 6.468220218530286 2.154050866208927 2.703930657802437 4.970688575997325 8.758306914450621 9.072863598917468 3.0603652620207087 5.196527706601216 5.235052117359741 4.831606836174981 9.730037090379977 8.433064634245994 7.344240453189076 3.73848192672152 2.3419083859873218 9.472096989509588 7.994619397928266 3.211456478020936 7.399716865750152 3.4091641409761104 8.80026028422018 3.0951587814784594 2.9876194153669875 1.2551937682153977 5.462966397584334 7.532042271612476 4.139966061272766 3.2807866222621707 8.371447885600691 8.441139871148714 1.4505727790583436 8.685674041612607 7.279056685682819 1.5437771858168916 4.548638353299863 5.810190607430605 2.44238153898285 9.469927119620923 1.278118727371333 7.583996086719141 2.166070714470524 4.245994786645166 1.3846546605054795 6.702200485346749 7.548284073708169 7.221473804301985 8.518906233886485 9.467026653082618 8.447391222389468 7.371702092794339 5.9199354991561135 6.707715320028645 9.061394336250558 8.8480366702417 6.729464411023961 1.5490695486515673 7.16350526710353 5.298958655785397 7.398402202563376 2.9026458118329304 7.312111053601035 9.07989844729468 7.115042167696329 2.7375094951245673 5.866235483314366 8.873162557287683 6.196439379677145
1.723992332978241 1.2100979724770615 1.018775724330355 0.8339148446455311 1.2545324914427072 1.1643495396915364 1.689421298202823 0.676175957699662 1.0610823104096885 0.8260130411222993 0.4420609801561527 0.6679592306175064 0.2857424171047144 0.90972794851234 0.8689091457587808 1.2021192619139769 1.8154901978617843 0.5012225966114912 0.9329715556936877 1.3742360098017516 1.2219483442846362 1.2197339408270704 1.1438391792883658 1.2936440437060572 0.4308101732417854 0.5407861315604874 0.994137715199465 1.7516613828901242 1.8145727197834938 0.6120730524041418 1.0393055413202432 1.0470104234719482 0.9663213672349962 1.9460074180759954 1.686612926849199 1.4688480906378152 0.747696385344304 0.4683816771974644 1.8944193979019175 1.598923879585653 0.6422912956041872 1.4799433731500304 0.6818328281952221 1.7600520568440359 0.6190317562956918 0.5975238830733975 0.25103875364307954 1.092593279516867 1.5064084543224951 0.8279932122545531 0.6561573244524341 1.6742895771201383 1.6882279742297428 0.29011455581166873 1.7371348083225215 1.4558113371365637 0.30875543716337833 0.9097276706599725 1.162038121486121 0.48847630779657003 1.8939854239241847 0.2556237454742666 1.5167992173438283 0.4332141428941048 0.8491989573290333 0.2769309321010959 1.3404400970693497 1.5096568147416338 1.4442947608603969 1.703781246777297 1.8934053306165235 1.6894782444778937 1.4743404185588678 1.1839870998312227 1.3415430640057289 1.8122788672501116 1.7696073340483403 1.3458928822047922 0.3098139097303135 1.432701053420706 1.0597917311570795 1.479680440512675 0.580529162366586 1.4624222107202072 1.815979689458936 1.4230084335392656 0.5475018990249134 1.1732470966628732 1.7746325114575368 1.2392878759354289
0.17687895631620887 0.15232384224739492 0.539059920075622 0.13173728136077423
0.26713228938649747 0.09267777513886799 0.36021873052846043 0.2799712049461741
0.2617955264960272 0.0013628272772189254 0.2745377049655716 0.46230394126118224
0.34448871919012114 0.2373453944056555 0.40845379333227483 0.009712093071948535
0.12515870156566056 0.5350327292177663 0.07717923551876471 0.2626293336978084
0.08749118198344952 0.5026771893856067 0.38830346314109554 0.02152816548984826
0.44600788927616486 0.007117966660962649 0.11062964443412682 0.4362444996287457
0.6179676557752026 0.02560970546774821 0.12425030091497136 0.2321723378420778
0.5167228887050396 0.052213449232924036 0.1575100897567846 0.2735535723052518
0.4921961509586117 0.21733423838133703 0.2217243317608527 0.06874527889919857
0.26719864087920586 0.03540935922222499 0.1802033925396137 0.5171886073589554
0.10634003089692767 0.10106340967095939 0.27810512266334797 0.514491436768765
0.053292222327243066 0.04123166512297205 0.016558119802019378 0.8889179927477655
0.5260592016229927 0.12286709625261971 0.016666800913987534 0.33440690121040006
0.33756527798899216 0.09765970401450885 0.5083658074523651 0.056409210544133837
0.4270718144523934 0.20277676709906478 0.23195005429039162 0.1382013641581502
0.34068453091441464 0.3650086187005195 0.04137313498899309 0.2529337153960728
0.23530377311169337 0.15256617000582984 0.034553234324373294 0.5775768225581035
0.39013225081456804 0.1737725678713119 0.2541164758554423 0.18197870545867778
0.4115581540978617 0.2641971965646105 0.06226874000275762 0.2619759093347702
0.0026503364006161823 0.17118508389970144 0.13492699041168 0.6912375892880024
0.06595314500858851 0.04507375228595256 0.18381628747869394 0.705156815226765
0.060120639331229686 0.26366080182792817 0.5347880287051335 0.1414305301357086
0.3701028160047972 0.0807173402665351 0.3488974874428441 0.20028235628582358
0.7711378372855822 0.020838344755042204 0.09580498372137014 0.1122188342380055
0.16042409051620066 0.384892102455328 0.29840345112124267 0.15628035590722866
0.03748120859374282 0.34133832535738484 0.17157289491217997 0.44960757113669236
0.08112186787550546 0.42465323163578417 0.14758286661792785 0.3466420338707825
0.07617952034407771 0.22600048708172593 0.19591978273143018 0.5019002098427662
0.10366299413656599 0.0625020288739776 0.12492717618171212 0.7089078008077443
0.18919477733484902 0.42081342228321605 0.36039944590057393 0.029592354481360994
0.3825554461485835 0.10345697091057893 0.3702640763756233 0.14372350656521427
0.3247238074251615 0.2714031524307069 0.16796238510865236 0.23591065503547926
0.16441929744250827 0.02805458323948984 0.3443846470610198 0.4631414722569821
0.32946999771060403 0.07651596683697393 0.4150970897633497 0.17891694568907235
0.10369826566681362 0.7132433356488594 0.16732554644026998 0.01573285224405696
0.25137819237528203 0.2998468034935252 0.2787269035522032 0.17004810057898956
0.38519589769214857 0.5166709048416802 0.036456362676343 0.06167683478982822
0.2061393181801331 0.18833074056951704 0.5052386674940602 0.10029127375628966
0.19102388840214268 0.23294506062783038 0.2707359172406798 0.30529513372934713
0.11956442887294372 0.4124763586453075 0.019700462505360172 0.4482587499763886
0.10178709429966759 0.44570106861917635 0.025552690711752035 0.426959146369404
0.6425789146438253 0.06641420806448617 0.27520773495339323 0.01579914233829527
0.09426532364808415 0.5863927565933017 0.2577542506727867 0.06158766908582747
0.264303127443028 0.2802422477779931 0.25994508390443216 0.19550954087454675
0.1441600051775862 0.1589466607957679 0.4651896411955404 0.23170369283110548
0.10447068460111397 0.28401638044020794 0.09138229423921818 0.5201306407194599
0.11268644775056802 0.05139595847731249 0.19391049688044149 0.642007096891678
0.25099743707665334 0.17003640127900133 0.5435465146816524 0.03541964696269295
0.5083831118337545 0.07877364017479271 0.16790627154757642 0.24493697644387635
0.6341584689799589 0.05019488356109736 0.30316413061434655 0.012482516844597225
0.008733559820958026 0.4053285161506399 0.06799513058053275 0.5179427934478693
0.37480858611302137 0.041470435214316814 0.42600061509690224 0.15772036357575958
0.1752873020306378 0.1710952739482019 0.4467768736765566 0.2068405503446037
0.15779789495186725 0.4181673540994073 0.4159602221036476 0.008074528845077866
0.21029036810341684 0.6914687701754941 0.03831144546864085 0.05992941625244819
0.33846684989248077 0.30370697769741795 0.1771053269970696 0.18072084541303168
0.033903385395096075 0.2241722361959072 0.008783993081753705 0.733140385327243
0.24224076260576177 0.22945497088257816 0.06835790776261808 0.459946358749042
0.026154109054670638 0.03798812114008854 0.3235238929720381 0.6123338768332027
0.006190397610609355 0.5827638302295064 0.06499474811795825 0.346051024041926
0.475118492379485 0.10430662806481217 0.2784350896834903 0.14213978987221254
0.13105700412550325 0.6115443860875963 0.0017550303369103792 0.25564357944999005
0.020448202701881413 0.4135056985221959 0.043776601819615735 0.522269496956307
0.1098841118831525 0.05221677729774765 0.610872924393177 0.22702618642592287
0.019945875277148306 0.39128436594011473 0.04634906489265489 0.5424206938900821
0.17210729322869311 0.05421330595265017 0.7018208053544578 0.07185859546419893
0.5924894090973363 0.060893004470885304 0.13125787755096163 0.2153597088808168
0.21369480886312175 0.031842811906943935 0.36237256850247734 0.39208981072745697
0.30131165091563483 0.07079265645579513 0.18431940089091203 0.443576291737658
0.3321468597504136 0.01643560628628138 0.12455852383496524 0.5268590101283398
0.04413190158036584 0.8055230692918288 0.019283704639967758 0.13106132448783758
0.572419250986492 0.02504458349700034 0.17833599400907751 0.2242001715074301
0.3768118017902844 0.04074642237057813 0.06876551957816046 0.513676256260977
0.18701667736533 0.21746851698010883 0.1540472777298031 0.4414675279247581
0.26726932112602453 0.32356362592506194 0.3848627340094586 0.02430431893945495
0.10415925736004139 0.35937456078817276 0.004089054312910623 0.5323771275388752
0.10240029311684162 0.2987172754516708 0.36636683048233665 0.2325156009491509
0.28077100973508995 0.05924646641753173 0.4916714359274933 0.16831108791988503
0.5030823800249669 0.05881081784675335 0.38700173188761766 0.05110507024066213
0.19978284558882065 0.11529524957217252 0.4730202287522861 0.21190167608672072
0.4480456078489461 0.0788899712455633 0.3731276816756993 0.0999367392297913
0.1452967181311725 0.3199788123497237 0.40145804402979146 0.13326642548931233
0.26179946714273694 0.12304673312634073 0.33766179091163806 0.27749200881928426
0.07154541183514718 0.13646127988150214 0.14017114672472597 0.6518221615586247
0.21761872482713185 0.1737185855132567 0.11801006960607596 0.4906526200535355
0.3851956576460026 0.03427446160572878 0.42055369152251876 0.15997618922574985
0.07107735249084846 0.8092326133677645 0.04563179923900107 0.07405823490238594
0.12134378427071402 0.6360841213391563 0.12950085994301952 0.1130712344471102
0.6965277097266186 0.07393127500221686 0.006184429455242002 0.22335658581592255
0.4803251208243977 0.07725392827089916 0.11325085581286343 0.3291700950918397
0.30113836296867313 0.292366892645349 0.35542207541249604 0.05107266897348184
0.37156293639456317 0.2038110210604217 0.33245056744519197 0.09217547509982316
0.19681160213978166 0.3479765897534489 0.060234280560649944 0.3949775275461195
0.050810151116937985 0.5340280275395543 0.28096640011812324 0.13419542122538453
0.08392991171969799 0.09013836664261998 0.16914035611317368 0.6567913655245083
0.35735849603692615 0.234874388667639 0.2293656717131155 0.17840144358231935
0.5830951536602987 0.09360696481891995 0.24870038533862826 0.07459749618215306
0.43906717804613604 0.20320317814315558 0.21631832777196247 0.1414113160387459
0.3290894003956325 0.05879296213386087 0.20306296850866346 0.40905466896184317
0.2406055957713601 0.2346160090266386 0.17208801703317633 0.352690378168825
0.2511524325195146 0.3356593342168833 0.13895478361682978 0.2742334496467723
0.6160228382104662 0.20782088986408387 0.1582089309771222 0.017947340948327728
0.08732178649683475 0.009169316454332943 0.7592968111356905 0.14421208591314183
0.22799185775650044 0.03365107879361229 0.6268007265682841 0.11155633688160316
0.08693429874597536 0.240480938426736 0.6364618648634028 0.03612289796388579
0.08699079779686991 0.8001336373431898 0.0704063462426876 0.042469218617252724
0.022474812312774484 0.540146087746168 0.14013653301831108 0.2972425669227464
0.7009306037675807 0.01888635440786246 0.15213369922671893 0.12804934259783796
0.00845634746158852 0.8776512370643871 0.046325548280651274 0.06756686719337313
0.4171451916965909 0.16719895316696076 0.14328975343486294 0.2723661017015854
0.6428855667333352 0.06011477541559074 0.27372335964400263 0.023276298207071444
0.28422771590868046 0.285814195536905 0.154723834983425 0.2752342535709895
0.10537658137496164 0.3531448298261969 0.1427342802238698 0.3987443085749717
0.5890314710706456 0.1317713761382413 0.25045705460389744 0.02874009818721568
0.3539488993824472 0.27141407263242445 0.27128396841019775 0.10335305957493057
0.19260870064644298 0.2831906009210201 0.08347432892087492 0.440726369511662
0.17717261402813378 0.12056467929742254 0.6556276422072779 0.04663506446716581
0.4146412273938428 0.0042801136663948025 0.3581649465067469 0.2229137124330155
0.36436539525023526 0.10930416310304425 0.5066439124899591 0.01968652915676139
0.03557702973846755 0.13477717812128576 0.2654919678966364 0.5641538242436103
0.09094439513535846 0.32796332625778435 0.27381190897082486 0.30728036963603234
0.1340418697585044 0.03472725055556081 0.4758388809706504 0.3553919987152844
0.32261529462538174 0.3696555396938833 0.15811731064041212 0.14961185504032282
0.38980615139514874 0.14453549768546237 0.34877186874851984 0.11688648217086905
0.27745966390244736 0.09237510159178863 0.5902101387622061 0.039955095743557933
0.3209000285977113 0.08414734316184158 0.5279436610747187 0.06700896716572846
0.2924424812005062 0.21091836119743013 0.45994221358325493 0.03669694401880874
0.3086715002962367 0.4617001873680233 0.21934874759438017 0.010279564741359826
0.19702146132892784 0.41371428754703155 0.12061967644826677 0.26864457467577385
0.5307462895188321 0.0322059558179707 0.026143600419463064 0.41090415424373417
0.04343569595651364 0.10779567665914369 0.762142143013331 0.08662648437101161
0.031696270096410406 0.6411958618174981 0.06357485257924689 0.2635330155068446
0.3086378138485958 0.32353449524905464 0.07549903796480195 0.2923286529375476
0.15720691288541178 0.05640396547398929 0.6277418741342236 0.15864724750637538
0.06406203048457837 0.35327238470532396 0.40732713219114647 0.1753384526189512
0.3042283709025573 0.12730641788064379 0.17613565935649678 0.39232955186030216
0.6417399567349543 0.13245406379002023 0.20366154762985145 0.022144431845174006
0.0713749980514422 0.10754787176048208 0.09487858330267462 0.7261985468854011
0.41288578160609335 0.08595185536746064 0.036099729342286 0.46506263368416
0.14170197855209843 0.18389642458820088 0.3005864703418871 0.37381512651781357
0.30693255050767154 0.019584179571767724 0.34897161585007985 0.3245116540704809
0.06441802302870137 0.2671848198987651 0.555210413650955 0.11318674342157853
0.22848753932230115 0.39533977041733404 0.12858522493520197 0.24758746532516285
0.24306212681573236 0.04494922421045189 0.6231866219503244 0.08880202702349138
0.1905755154424852 0.3542706027044277 0.12436314716773311 0.330790734685354
0.12654524779056353 0.05078774511587669 0.6400001805279993 0.18266682656556044
0.052809008170516925 0.34337324912325196 0.2676904331422396 0.3361273095639915
0.7167725097400219 0.07333013008069733 0.11552077234611224 0.09437658783316849
0.04418222051362164 0.1539439184391057 0.7464402014081911 0.055433659639081534
0.03157996844693989 0.10752154202472153 0.13574517964218413 0.7251533098861545
0.25083160699921425 0.05651757532551027 0.009501029084711954 0.6831497885905635
0.008181811005129935 0.699638985739073 0.17232867738096525 0.1198505258748318
0.2538392221259492 0.1255327349252774 0.18446606412326128 0.4361619788255121
0.6190707203916078 0.15270148912645987 0.12667886703859732 0.10154892344333499
0.027235728808337023 0.39206067943179435 0.18301745438081196 0.39768613737905667
0.09791475806242411 0.1433694112591838 0.29020447407314565 0.46851135660524645
0.1772903464616633 0.08859112112014189 0.6653437761196948 0.06877475629850005
0.5612593989273054 0.010038706792335095 0.12297268513489101 0.30572920914546853
0.5761380015982651 0.00994022550733531 0.40697106118969206 0.006950711704707513
0.2893022940996359 0.04517322563313608 0.43438463897894974 0.23113984128827825
0.09124747177214598 0.09441540324274045 0.504710746900675 0.3096263780844386
0.05054375362713859 0.18918440087021227 0.3020292282644975 0.45824261723815163
0.5875313927041866 0.04201812261352322 0.210825401568011 0.15962508311427914
0.3477160651160196 0.10577200602690306 0.1410043525124557 0.40550757634462165
0.30278441618096974 0.12519302822745926 0.06928569874713275 0.5027368568444383
0.23032670997108928 0.23995861213826686 0.0636494807308885 0.46606519715975536
0.1935920926727437 0.20125974631389332 0.1737396165131293 0.4314085445002337
0.23860791126020153 0.6324531451654654 0.11202101016686483 0.016917933407468277
0.2491567226118271 0.040479396293878644 0.1856663250841386 0.5246975560101557
0.4593695509059714 0.10355896078376503 0.011343551876065727 0.4257279364341978
0.22794190706381767 0.27584762750403113 0.0625740405559464 0.4336364248762048
0.006606806033144452 0.43812497550541163 0.06535829191657017 0.48990992654487375
0.033436945380120764 0.13465989317679194 0.2689717892489555 0.5629313721941318
0.12100036472547715 0.03750772108924427 0.6713757751813723 0.17011613900390632
0.43121632629021744 0.018747610757298694 0.2666854265231865 0.28335063642929736
0.5281025719132157 0.16371083370384854 0.1911467063620984 0.11703988802083731
0.5046172631632148 0.041828199304454694 0.4172614216221471 0.03629311591018347
0.3111871629667202 0.20633985295313373 0.047092369656721034 0.435380614423425
0.2705243372964844 0.40797833971686426 0.10086394446551528 0.22063337852113607
