40 30 4 90.67110227068103 181.34220454136204
4.669183252722576 1.4982943610067407 8.096813897380773 3.585746663104113 5.053155282705441 3.7352107480668897 5.737595718674309 6.61430991596218 7.990979119524616 7.176174808298116 9.828449768690247 6.407344829943218 8.325716679486959 7.377806369468788 1.2478121229027934 9.138404955085552 5.049143661282665 2.0703218860225427 8.517701583524316 2.820234036563057 2.5678240350212675 5.042323717199482 7.028153025522498 9.616591981773919 8.499999256517201 5.5747896846184055 6.670211929962361 8.515312174087027 5.0259848077511435 7.860614268492859
0.9338366505445151 0.2996588722013481 1.6193627794761547 0.7171493326208226 1.010631056541088 0.7470421496133779 1.1475191437348617 1.322861983192436 1.5981958239049232 1.4352349616596232 1.9656899537380492 1.2814689659886436 1.6651433358973917 1.4755612738937576 0.2495624245805587 1.8276809910171103 1.009828732256533 0.41406437720450856 1.703540316704863 0.5640468073126115 0.5135648070042536 1.0084647434398963 1.4056306051044998 1.9233183963547837 1.6999998513034402 1.114957936923681 1.3340423859924722 1.7030624348174055 1.0051969615502288 1.5721228536985719
0.014574549491022437 0.30358093162476574 0.3187667612556313 0.3630777576285805
0.03665485277358338 0.36232662344232625 0.1499104710636684 0.451108052720422
0.03106401861008723 0.6720136496580859 0.21968713078646696 0.07723520094535996
0.697677595521233 0.25344377409134045 0.015576623600501271 0.0333020067869253
0.19449838173029577 0.213672346627915 0.5176249420396041 0.07420432960218515
0.04860097468345659 0.08374416654351047 0.20839900739906214 0.6592558513739708
0.4682425192680968 0.14477436298969815 0.30807676034443965 0.07890635739776541
0.07744940859494309 0.35125744605084663 0.45115000188703125 0.12014314346717903
0.012082138563782263 0.12164003261352452 0.32198761084905836 0.5442902179736349
0.14140647732409317 0.24215975339183637 0.018130176788222707 0.5983035924958477
0.49316914582832705 0.031083537289374297 0.3520575435422344 0.12368977334006426
0.18124673920870116 0.3383977580746096 0.19112425861149673 0.2892312441051925
0.0042243686391818525 0.39990848530876777 0.057131781171315565 0.5387353648807348
0.7478583530434783 0.014416670142801569 0.14821635065737304 0.08950862615634714
0.5989924498261213 0.021788631090291055 0.3495963481294865 0.029622570954101146
0.2056078484243279 0.04896093668037815 0.1273432008602733 0.6180880140350207
0.4237126327366172 0.07594478698987128 0.1761401923595951 0.3242023879139164
0.08281160692135792 0.18979869173754904 0.5799663730553754 0.1474233282857177
0.11667804413406246 0.12508164339803918 0.67761904226918 0.08062127019871834
0.05070618107573788 0.363257016047728 0.40395303561667617 0.18208376725985798
0.14191602324995178 0.24980933666477656 0.022721395262399247 0.5855532448228724
0.33573483475534327 0.2702123697212616 0.08455280197510484 0.3094999935482903
0.012972035348441269 0.19949112222224175 0.04671348409093712 0.7408233583383799
0.2914319969317626 0.03497387242243 0.17620695824072152 0.4973871724050859
0.10051597803343737 0.42651600663816824 0.3659283007597476 0.1070397145686468
0.13214034604363079 0.6056601564939821 0.06545643058804251 0.19674306687434462
0.4456172194857436 0.23120177518897933 0.0626309902912422 0.26055001503403485
0.5768626873946039 0.130462260603317 0.02373073561123462 0.2689443163908445
0.009641076149634054 0.24668189279911779 0.13850674583591827 0.6051702852153299
0.03062131143614244 0.3175575906915621 0.5355081326002562 0.11631296527203927
0.14499034716650117 0.2173055468672359 0.17968899692435836 0.45801510904190457
0.18748127314065866 0.052556933363431146 0.32850655065487433 0.43145524284103587
0.17905510581496975 0.403770201023793 0.13718748821825122 0.279987204942986
0.5063255292570502 0.32940400260301184 0.07412393595514943 0.09014653218478852
0.06964475381882396 0.10126029688796245 0.22042143018580285 0.6086735191074107
0.2565998959331838 0.20031960525790482 0.053061080890379086 0.4900194179185323
0.08835370272900134 0.5450890669205308 0.11788625230791727 0.24867097804255056
0.11820124030023071 0.7769393643594144 0.06300189079178053 0.0418575045485744
0.14775294913593906 0.5979898343110309 0.07808406501894183 0.1761731515340882
0.6585260783370275 0.2080031820883924 0.06573094604866303 0.06773979352591708
0.11271575614356144 0.0203599427563238 0.1508160082736958 0.716108292826419
0.28960174563550845 0.3770970491094685 0.2990951546924556 0.034206050562567425
0.21779505267446997 0.6866786350180669 0.021632239276426435 0.07389407303103668
0.2473434459622874 0.20915596147150806 0.351094615059112 0.19240597750709254
0.049309308339197666 0.2092056478379648 0.5312186161994713 0.21026642762336623
0.00042666958457104887 0.37587960056925473 0.21867335572515556 0.40502037412101866
0.2916022696275469 0.14562636875035373 0.15215931019247253 0.41061205142962687
0.005853708080804321 0.5110072638804508 0.01824313034070324 0.4648958976980416
0.733795782897683 0.07944316838142429 0.1790359708026088 0.007725077918283918
0.2667732915213632 0.020367017181782354 0.1710298694200285 0.5418298218768259
0.31471122592345147 0.15284797841926545 0.23980561975168047 0.2926351759056026
0.07249752386882291 0.050596849137712785 0.736193924236023 0.14071170275744127
0.058378047850259795 0.5768493466875378 0.026213422066880265 0.3385591833953221
0.12008702451275366 0.4050218597908084 0.4529561180423909 0.02193499765404705
0.2295976805503145 0.5244315567941547 0.024151496866805955 0.2218192657887249
0.26170294898138813 0.5329293119273946 0.0996276802336925 0.1057400588575248
0.33425658245188894 0.4330712120372223 0.1452807841997188 0.08739142131116995
0.08759821089865694 0.15669550723142678 0.16216477835496945 0.5935415035149468
0.08112364865712285 0.14273298857582306 0.07820723080719516 0.6979361319598589
0.00287500863498924 0.34127128504091375 0.4625315980783974 0.19332210824569962
