24 40 4 131.6247943661944 263.2495887323888
9.640155730023267 7.295608449546185 9.998805633614912 2.980605698045666 4.2495071856765225 7.658568911884934 9.968101525801872 3.8471228001154754 2.2289012184117216 4.4558200913644015 3.884673552086738 4.297732777751636 7.386864063293147 9.101281874710361 5.807038952779485 3.2256438841895063 7.046259063193677 6.055561965818239 5.883038890385588 9.041028433254107 8.585015946085386 3.754113309546607 6.6805279970967595 7.122149744015396 9.733848043557886 9.04210436728685 9.481832752247024 6.78002933100515 6.531828704578758 3.049149289581783 5.374286820697355 8.264973694495719 8.597981381701267 5.812127796069615 7.82018244868996 5.497091974934555 8.652951069354657 6.577270978204647 8.754527611451024 3.085274769841003
1.9280311460046533 1.459121689909237 1.9997611267229825 0.5961211396091332 0.8499014371353045 1.5317137823769866 1.9936203051603745 0.7694245600230951 0.4457802436823443 0.8911640182728803 0.7769347104173476 0.8595465555503272 1.4773728126586294 1.8202563749420722 1.161407790555897 0.6451287768379013 1.4092518126387354 1.2111123931636478 1.1766077780771176 1.8082056866508214 1.7170031892170772 0.7508226619093213 1.3361055994193518 1.4244299488030792 1.9467696087115773 1.80842087345737 1.896366550449405 1.3560058662010301 1.3063657409157516 0.6098298579163566 1.074857364139471 1.6529947388991437 1.7195962763402535 1.162425559213923 1.564036489737992 1.099418394986911 1.7305902138709315 1.3154541956409294 1.7509055222902048 0.6170549539682006
0.14303670588390183 0.2591817086968693 0.014611496181730965 0.5831700892374979
0.7367514493829402 0.17991289982802738 0.024754826228454818 0.05858082456057756
0.5734290389184014 0.12605956731878865 0.2718430869920997 0.028668306770710306
0.11409656487218656 0.42940319122166826 0.0173912945517396 0.4391089493544056
0.4419491708850247 0.1549422728420845 0.3559186166459274 0.047189939626963384
0.2756954606457642 0.3838649584633389 0.22916372727474532 0.11127585361615155
0.3628117689857211 0.421861208901931 0.012201134668695435 0.20312588744365245
0.06556553529884612 0.09994714716147324 0.17832074126901265 0.656166576270668
0.08865397922675455 0.3832987187241278 0.2935987287377523 0.23444857331136537
0.20978981055078283 0.3941900107070586 0.07668314291308742 0.31933703582907114
0.5191131687478104 0.12441219316102714 0.12563725204488507 0.23083738604627735
0.25675936951200384 0.2070283380937371 0.46861737941296366 0.06759491298129539
0.11044039822543339 0.35848343823651374 0.17936353671528993 0.35171262682276294
0.5282710737487201 0.12282027486553082 0.16551235393203878 0.18339629745371033
0.578734368065148 0.13306524530749753 0.05325000737781338 0.2349503792495411
0.17621021357620914 0.4597412656354255 0.27638482944224496 0.0876636913461204
0.5484066055322694 0.14129209195614156 0.14358820004996686 0.1667131024616222
0.4210961338309971 0.4807727442647184 0.02541497005263127 0.07271615185165325
0.045574626831785925 0.5130096655817734 0.19040106772591125 0.2510146398605294
0.0249223184136671 0.5638924893292026 0.1505629811720619 0.26062221108506844
0.35033697346952086 0.21646810913354042 0.4154879138873272 0.01770700350961152
0.18024039388297874 0.20704247034765522 0.5426332813969365 0.07008385437242959
0.2512847168134523 0.32959034838467305 0.09930618472763486 0.31981875007423977
0.37463452689861065 0.18827372600275494 0.3424613327158611 0.09463041438277331
0.2294505756274452 0.5352294155089938 0.15721328254645783 0.07810672631710314
0.12368875040235072 0.054325707054728944 0.29764395397742405 0.5243415885654963
0.10226279433958463 0.1841316253875398 0.43864265960416415 0.2749629206687114
0.03459653327767165 0.2831191115222187 0.6791966489954406 0.0030877062046690273
0.36913285641972904 0.2723706705869251 0.09155561707073889 0.26694085592260697
0.5629270967182716 0.22967448449832817 0.06038461748235213 0.14701380130104813
0.031169561221821906 0.02455712027205159 0.6558029748225714 0.28847034368355506
0.01156202888314628 0.5913419047875738 0.19811214277257372 0.19898392355670624
0.011952713141286542 0.19381887134779696 0.4127379925838094 0.3814904229271071
0.07183356892844561 0.30929022149838137 0.6090019819302324 0.009874227642940658
0.2651874728015893 0.235829228474986 0.4845149912062032 0.014468307517221501
0.010064105629034814 0.4974559544396443 0.3910755211298298 0.10140441880149109
0.24642167220932465 0.430963077688129 0.0038430432959419836 0.31877220680660434
0.059797227161024424 0.553716057804527 0.36022982109956714 0.026256893934881398
0.36502314994106144 0.2289398189150077 0.40070877856661313 0.005328252577317727
0.04828704990528554 0.1179795101510086 0.15730285274654565 0.6764305871971602
0.12279848359327927 0.4340844984586807 0.06749208010792551 0.3756249378401145
0.002023272594058212 0.40723574990917233 0.5861916518630186 0.004549325633750878
0.0975246685479263 0.7225124477821694 0.06901106036862814 0.11095182330127618
0.031438805443634976 0.3193236552768066 0.5288266309916793 0.12041090828787915
0.25902153226143165 0.029721942098640097 0.3665425716172379 0.34471395402269034
0.2850605910653178 0.5729118668738017 0.11414780142770431 0.02787974063317622
0.08788606476009508 0.091578336416681 0.7906634873989398 0.029872111424284142
0.5711096456911043 0.060506293162007174 0.28125825235187163 0.08712580879501686
0.012743533666867535 0.1866441446349597 0.24160950189591057 0.5590028198022622
0.1361227536800812 0.13947988624345697 0.2703702062637525 0.4540271538127093
0.4382503727369158 0.03633387984859282 0.4696087932138068 0.0558069542006846
0.02299406471310539 0.22583738911583096 0.1434275525056291 0.6077409936654345
0.05814587189395937 0.298593653865868 0.09181867488190132 0.5514417993582713
0.15370561722706666 0.13563563697199188 0.3928072448272626 0.31785150097367887
0.05123622729922084 0.32926350508022706 0.3621169507604237 0.2573833168601284
0.43704300569307764 0.11474849339245774 0.2696292945349211 0.1785792063795435
0.28624576133562707 0.373773258524422 0.2603090595377695 0.07967192060218142
0.05522385012184483 0.10221688727527156 0.6294548491561383 0.21310441344674536
0.4511717569447983 0.05447130480823936 0.3336105918535117 0.16074634639345065
0.009683949656655533 0.05208436549807949 0.5308212260584536 0.40741045878681137
0.04589360266046649 0.05355869760652299 0.2950111622762013 0.6055365374568092
0.4026991724007808 0.3278139360077945 0.21162458172527232 0.05786230986615237
0.6987744891482957 0.11414404830525038 0.07097984784043743 0.11610161470601654
0.31027156380941834 0.511544738056519 0.09642239882233383 0.08176129931172882
0.1496799063141213 0.1802641477005974 0.06981388198950855 0.6002420639957727
0.09803848432106199 0.5306185270936244 0.07363205175924104 0.2977109368260725
0.09267715374413865 0.27846948103854596 0.5082800832296462 0.12057328198766915
0.018205185772184884 0.3569231265782721 0.4399238506222206 0.18494783702732243
0.016731749271506113 0.1368589545090776 0.13380244434930244 0.7126068518701139
0.029209489317782777 0.06172313604198809 0.2185583333079648 0.6905090413322643
0.4805047631149235 0.0020961914228769807 0.2377488807838256 0.2796501646783739
0.5488741392669403 0.21040503260294652 0.16951887263495502 0.07120195549515818
0.2707413083513932 0.2926342688068817 0.23755644916929475 0.19906797367243034
0.7638542292007047 0.21017368903873523 0.02512341972761334 0.0008486620329467565
0.24019426443006098 0.4554432543776743 0.26980216677931523 0.03456031441294949
0.438633283195327 0.08685104163940682 0.3266692179204138 0.14784645724485235
0.1386328445952434 0.4968705214952993 0.3196390123734254 0.0448576215360319
0.06494250091092246 0.6568613316296259 0.20293886861861665 0.07525729884083499
0.15831533411344767 0.7028659521443064 0.13387909669102038 0.004939617051225587
0.1600449569054968 0.20731819538501706 0.05289461510481208 0.5797422326046741
