1 50 4 130.06950991791948 260.1390198358389
4.753198042323167 7.482920440979423 1.001029373356104 3.7209931536865577 2.3208030173540175 1.8310473529191802 2.676341902399038 4.11004654338743 4.570907268076029 5.849350606030212 4.772750629629654 7.166975503570836 2.840070247583657 8.90305692751851 1.2464883387813355 7.03420759160562 4.755743221304143 6.028208456011765 2.263482447357104 2.782913401763909 8.206701118079831 9.714354181474578 3.8208176034331855 7.230903541023826 8.887502370664345 9.051459971534626 1.7653979023280013 1.3514930490959411 2.5284737760811202 8.903282530864718 1.8851215044974508 4.78996862504547 9.621005771354518 5.798487564757154 7.226894025554261 3.8396406790545665 7.178508349134253 8.511631047076357 1.1645944960977261 7.751298834504707 9.899749800158453 7.733490889418555 3.5239959285796467 8.103513956063397 1.9290340591987782 5.0310417355831465 9.17735952783786 3.6425273353631153 3.5899780472771385 2.170257149064499
0.9506396084646334 1.4965840881958845 0.2002058746712208 0.7441986307373115 0.4641606034708035 0.366209470583836 0.5352683804798076 0.822009308677486 0.9141814536152058 1.1698701212060425 0.9545501259259307 1.4333951007141672 0.5680140495167314 1.7806113855037018 0.2492976677562671 1.406841518321124 0.9511486442608286 1.2056416912023529 0.4526964894714208 0.5565826803527818 1.6413402236159662 1.9428708362949156 0.7641635206866371 1.4461807082047653 1.777500474132869 1.8102919943069253 0.3530795804656003 0.27029860981918824 0.5056947552162241 1.7806565061729436 0.37702430089949013 0.957993725009094 1.9242011542709037 1.1596975129514306 1.445378805110852 0.7679281358109133 1.4357016698268505 1.7023262094152714 0.23291889921954523 1.5502597669009415 1.9799499600316905 1.546698177883711 0.7047991857159294 1.6207027912126795 0.3858068118397556 1.0062083471166292 1.835471905567572 0.7285054670726231 0.7179956094554277 0.4340514298128998
0.019366957870297075 0.19226115812976197 0.27994504328027925 0.5084268407196617
0.10233442882782584 0.47178317666418723 0.015187931411271172 0.41069446309671576
0.04995345894608716 0.6138411862737017 0.03060551250795629 0.3055998422722549
0.13927634725075855 0.764125568037125 0.041192840702929834 0.05540524400918667
0.3976768369855336 0.35313526615062196 0.17669647725987836 0.0724914196039661
0.2699278917650261 0.4810145422623111 0.13236365717847265 0.11669390879419017
0.11474597295337519 0.3133452169179197 0.23535030794715317 0.3365585021815519
0.40813680276128117 0.041775330718659354 0.45346738708231327 0.09662047943774621
0.00287032703115897 0.3237745747409372 0.5592971975386783 0.1140579006892255
0.015821242846556283 0.6750756746703677 0.21763823340287525 0.0914648490802008
0.06600017272206249 0.10634033562326606 0.760254954691835 0.06740453696283644
0.01988013383979559 0.6916446247886762 0.04235142983277462 0.24612381153875362
0.028306488020794607 0.5245154906649713 0.30720596999712213 0.139972051317112
0.12417331511991114 0.4368569041357988 0.024729052202577928 0.4142407285417121
0.8006326726806163 0.006472522938162806 0.05643665894064953 0.13645814544057133
0.044551878544761725 0.015365810967449933 0.49632254447820723 0.4437597660095811
0.07197427968948678 0.15373505891836792 0.33400764344628775 0.44028301794585756
0.1954294811093188 0.056896263461004626 0.3157747173496187 0.4318995380800579
0.23984775914758616 0.3801079592337936 0.3500642707069326 0.02998001091168767
0.07002214371922233 0.08676925092686194 0.4495380670072461 0.39367053834666965
0.31736240932216075 0.23358580979573607 0.028797000127900096 0.4202547807542031
0.06633483442844157 0.5633826725931229 0.039515386431620114 0.3307671065468154
0.19343428262332774 0.06688081595521322 0.4924404551602729 0.24724444626118613
0.263296770487111 0.2613735386366227 0.21039565416493577 0.26493403671133053
0.013951572975597015 0.6028267840260606 0.2910374955018664 0.09218414749647597
0.39000771414124624 0.5255986356250283 0.034569769480805146 0.049823880752920324
0.3948756129235549 0.20943486999641836 0.3218709437864804 0.07381857329354635
0.021524805274197978 0.11355435277253334 0.03887650863373304 0.8260443333195356
0.1309968448109169 0.04519941076413836 0.6509192155956772 0.17288452882926753
0.34473665268329345 0.2372775272637866 0.2627202654451418 0.15526555460777813
0.45988026581680697 0.03037325680312075 0.30835006853211167 0.20139640884796062
0.015533275550835723 0.2997115275445372 0.11843154589408533 0.5663236510105417
0.053909272073752956 0.5239479432107825 0.2100720185409688 0.21207076617449572
0.00040202489135743313 0.37617828985441704 0.30248852181965513 0.3209311634345704
0.28557628169569393 0.28913522301240835 0.030004596265950756 0.39528389902594696
0.7500217637026599 0.005060424765020222 0.10939724158691966 0.13552056994540018
0.3821027520315172 0.01937683143802338 0.26930920731804664 0.32921120921241276
0.19856988842711087 0.4233494794931906 0.3518827100069508 0.026197922072747737
0.343346239774423 0.3193735726008392 0.21727847618816953 0.12000171143656824
0.25236670150458973 0.2753479448041569 0.04477387088285967 0.4275114828083937
0.3426889079532818 0.17632271951077405 0.04984636324065972 0.43114200929528446
0.37792417932809985 0.4339345183924399 0.17095841600990525 0.017182886269554998
0.16097143681560877 0.18420061433960622 0.3432412012307283 0.3115867476140567
0.2571182937821962 0.33539357498360056 0.323793684702554 0.08369444653164926
0.19296273201911285 0.055070826358117886 0.4805521095973655 0.27141433202540377
0.23366613923925006 0.18218257902827728 0.10000829870100247 0.4841429830314702
0.1445455401246598 0.00812610396850344 0.3913384747207749 0.4559898811860619
0.2220491397999227 0.1023133199262638 0.46093356849543243 0.21470397177838108
0.8264069976293413 0.018302609972728257 0.021898666564443392 0.13339172583348702
0.09874340182034835 0.6047735863323046 0.09609827358337508 0.20038473826397196
0.053362545117080384 0.21218411425514583 0.41328887356766475 0.32116446706010904
0.14672857490581015 0.26732741291375817 0.28570237220136285 0.30024163997906883
0.41417926952690265 0.10070984253140591 0.021007293857203013 0.4641035940844884
0.13747470414623753 0.4490803363557554 0.2208362482075309 0.1926087112904762
0.16535419711693278 0.18241166262857378 0.3782321256049449 0.27400201464954854
0.34889834197784253 0.27477386507776635 0.27221401114045796 0.10411378180393316
0.6216957202091218 0.32779353849794945 0.015350788441314323 0.03515995285161444
0.2370269802430277 0.33665250642925815 0.004710127714845913 0.42161038561286823
0.35726976000249977 0.16978834225510953 0.09008681136311458 0.3828550863792761
0.6233601157918027 0.3060771179519586 0.0678856167077192 0.0026771495485194974
0.13713574962887776 0.5596824118610224 0.05864489111256621 0.24453694739753362
0.026210986877719278 0.09805997509444542 0.7987535735743186 0.07697546445351666
0.2462110676030459 0.29261999673860695 0.30319982801795287 0.1579691076403943
0.01864728937294302 0.2605363896381965 0.690412069308535 0.030404251680325456
0.23297427384102043 0.15488637022315133 0.35926099867301287 0.2528783572628154
0.1074941291060929 0.013849326634644443 0.01511176991994767 0.863544774339315
0.012555980159115854 0.7004330002235608 0.25428734961759536 0.03272366999972798
0.20329323466099047 0.3780656926122673 0.16246692680183517 0.25617414592490706
0.49376971426872995 0.3352111852814488 0.017847901939856525 0.15317119850996475
0.018576202177409518 0.4677689087596223 0.08250632614944953 0.43114856291351866
0.3801411726235504 0.3651932582829517 0.2432817235059468 0.011383845587551122
0.2101740099148396 0.0547455477479698 0.1051646402512969 0.6299158020858937
0.06653648135411494 0.5729243995258252 0.1652936828634053 0.19524543625665458
0.06596109068402378 0.706216938859223 0.15262994085610393 0.0751920296006493
0.2343620861214205 0.6976099830754168 0.01704425149077915 0.05098367931238357
0.48599066709690975 0.07066252109824667 0.08491302075118112 0.35843379105366246
0.5495479215085626 0.3691855141250435 0.04452909280710571 0.03673747155928819
0.12632951943963733 0.3793326462372594 0.4423080455407843 0.05202978878231901
0.015018980742122379 0.3170445936247146 0.4774271177597451 0.1905093078734179
0.8788319844118441 0.026560334296805155 0.03471516362471794 0.05989251766663284
0.28571885173414757 0.2606279642862257 0.05276349162550509 0.40088969235412164
0.5934814081966372 0.21387912068820425 0.0855281796403099 0.10711129147484866
0.18401020162746506 0.23618347837366716 0.1918374970438017 0.3879688229550661
0.9186017779775258 0.055181760380796696 0.0029756106727371057 0.023240850968940352
0.586833340656083 0.04124285765126745 0.20076960967334256 0.17115419201930704
0.32268099683674645 0.37537625161055654 0.16025658798173936 0.14168616357095765
0.3173839459582769 0.0934274039639087 0.040062586491163565 0.5491260635866508
0.4267010093480328 0.00354626147323156 0.24755362061304675 0.3221991085656889
0.2702082620297578 0.5274305419288088 0.10620315186780538 0.09615804417362805
0.7331425252875111 0.06901855871708695 0.05273685869280431 0.14510205730259762
0.06820934841670412 0.39750053017527676 0.3051740319099071 0.22911608949811202
0.07962607769825236 0.10198677363251141 0.6933487936251344 0.12503835504410188
0.2250399578140846 0.24184006494922172 0.1026143899820694 0.4305055872546243
0.1108913007440292 0.20137853695788777 0.5973656872496401 0.09036447504844292
0.20819443840879148 0.29138973227009457 0.3520877042574809 0.14832812506363302
0.10196725942579743 0.37517372762398493 0.13954408010545383 0.3833149328447638
0.6218062317404155 0.03233111523032883 0.09739047016449953 0.24847218286475614
0.02233042799180618 0.4970213963742268 0.35357055203407806 0.12707762359988894
0.5384405925945437 0.315674851241995 0.09569054751708783 0.05019400864637347
0.03457121987163425 0.5756695927749954 0.041063519694361394 0.34869566765900895
