64 100 4 253.59403757377194 507.1880751475438
4.411886728903931 6.103883504616526 6.360332613914097 5.048730089699074 5.113178428552468 3.8048589808785596 3.8200362507781334 3.6537351490142242 5.776952151120637 4.56599819439477 7.4687533496646346 5.932827972549015 6.2386757443642695 2.508858440119433 1.2634947783765589 2.878677261226094 1.2031789291991073 6.712069979680181 3.019975652797654 4.584788832709828 6.575507185708307 1.0175364769101782 1.3210297188612785 4.3911059726748825 2.947999906660389 4.6436093456829415 8.793947202016241 3.301510781876557 6.412913913024598 3.042112067659243 2.854791527168067 2.5832794251495774 8.997393935908605 7.044240667350726 4.382383306830859 1.1618918604945438 4.172841206306642 3.754204862722932 4.810082055815276 4.5469556957280854 6.121122317526943 6.176600823075637 6.609545237576271 3.2478986466193884 2.1785091703565787 3.205658449056304 9.90397047471372 9.612633641876702 7.404187721707255 7.908504166377283 1.7825224319728976 9.125306613885229 5.837513335315629 1.890499853185331 8.31335094017959 5.770480704975087 7.255637699540874 3.9868448298859533 9.689996465974692 3.2510613102949324 3.1724422969466346 1.8727126358772233 6.509595512447076 5.660531767147088 5.1879295519566835 8.598143868987059 4.959054773485527 8.593937728702839 1.5837367684162107 8.59583918475769 3.9588131452833233 4.888148117235297 3.3647002570046927 6.856214376973672 1.7043772551201528 1.9678669317666184 3.570074168547632 1.4104174745899598 9.647357879429904 1.145477326097986 6.431515967678352 7.059755560192828 9.475399294082482 7.390389328938519 3.930041712497823 1.914018720707339 5.251551525655441 3.7630087429600794 6.014976577901821 3.973286002065418 3.920097554044074 9.81520177931051 8.172127184891105 9.89762574012157 1.7146894717752699 5.12952002028238 8.80141471158335 5.312368674346841 8.265366641886597 1.2102739346433218
0.8823773457807862 1.2207767009233053 1.2720665227828194 1.0097460179398148 1.0226356857104935 0.7609717961757119 0.7640072501556266 0.7307470298028449 1.1553904302241276 0.9131996388789541 1.4937506699329268 1.186565594509803 1.2477351488728539 0.5017716880238866 0.25269895567531175 0.5757354522452187 0.24063578583982145 1.3424139959360362 0.6039951305595308 0.9169577665419656 1.3151014371416614 0.20350729538203566 0.2642059437722557 0.8782211945349765 0.5895999813320778 0.9287218691365883 1.7587894404032482 0.6603021563753114 1.2825827826049196 0.6084224135318486 0.5709583054336134 0.5166558850299154 1.7994787871817208 1.4088481334701453 0.8764766613661719 0.23237837209890877 0.8345682412613284 0.7508409725445864 0.9620164111630553 0.9093911391456171 1.2242244635053887 1.2353201646151273 1.3219090475152542 0.6495797293238776 0.43570183407131574 0.6411316898112608 1.980794094942744 1.9225267283753404 1.480837544341451 1.5817008332754567 0.35650448639457955 1.8250613227770458 1.1675026670631259 0.3780999706370662 1.6626701880359183 1.1540961409950174 1.451127539908175 0.7973689659771906 1.9379992931949386 0.6502122620589865 0.634488459389327 0.3745425271754447 1.3019191024894152 1.1321063534294176 1.0375859103913367 1.7196287737974116 0.9918109546971055 1.7187875457405677 0.31674735368324214 1.719167836951538 0.7917626290566646 0.9776296234470594 0.6729400514009385 1.3712428753947346 0.34087545102403055 0.3935733863533237 0.7140148337095263 0.28208349491799195 1.9294715758859808 0.2290954652195972 1.2863031935356704 1.4119511120385657 1.8950798588164965 1.4780778657877038 0.7860083424995646 0.3828037441414678 1.0503103051310883 0.7526017485920159 1.2029953155803643 0.7946572004130836 0.7840195108088148 1.963040355862102 1.634425436978221 1.9795251480243141 0.34293789435505395 1.025904004056476 1.76028294231667 1.0624737348693682 1.6530733283773196 0.24205478692866436
0.5442000525379087 0.05819890128417793 0.13754407636193278 0.2600569698159806
0.0071538258880377015 0.039920034428510554 0.779418702828135 0.17350743685531678
0.47582667563157854 0.05046090571541184 0.2964770393796379 0.17723537927337174
0.15133760508293048 0.1524402849008012 0.0927475997269348 0.6034745102893335
0.3440471670401263 0.3069186075131397 0.1812063671935913 0.16782785825314273
0.06260925718039012 0.09741619841681526 0.4688749308156662 0.3710996135871284
0.1306820766709471 0.04241105334090356 0.5636771602621344 0.2632297097260149
0.10394850922899668 0.4283600508737848 0.31298402238599987 0.15470741751121864
0.36918650710963297 0.23710296340663273 0.036178681888802355 0.35753184759493195
0.009091032399944687 0.11716841889937257 0.5964366642685934 0.2773038844320893
0.25045343078556526 0.0034667006717507 0.26101572174092114 0.4850641468017629
0.11701655448833437 0.39559199449852334 0.395025855750466 0.09236559526267629
0.0862201318148802 0.14529795432283332 0.7008449543147728 0.0676369595475137
0.4037871821464716 0.16939363420211362 0.02456665524995172 0.4022525284014631
0.2205500638766389 0.060203148063829315 0.16976696436949046 0.5494798236900413
0.4421304749502303 0.050848030242669595 0.22902135208302388 0.27800014272407625
0.0482719288247786 0.6659913627451991 0.2730279071446703 0.012708801285352012
0.35804052106251516 0.10350993117943819 0.15734924511318515 0.3811003026448615
0.008704704271813468 0.018790411929113127 0.5961758974982251 0.3763289863008483
0.4426140401678391 0.0037829422886149766 0.5436589161828428 0.009944101360703117
0.4299469510443795 0.3390995111905878 0.09336026901655703 0.13759326874847566
0.43216845195145737 0.3911094015592982 0.02511871989623582 0.15160342659300863
0.14245120360470886 0.0037532692930439815 0.6412864045633818 0.21250912253886534
0.4349806972932321 0.058966654893721104 0.016353376068983017 0.4896992717440638
0.7271183670229919 0.14734297710473587 0.08656725535052856 0.03897140052174364
0.233270005273011 0.29166770606363823 0.17337052488515248 0.3016917637781983
0.27307650511996695 0.42138708510223233 0.024210061440563813 0.2813263483372369
0.002402573682349085 0.46653090560506716 0.1448536372605218 0.38621288345206195
0.1080822154550467 0.06668698175264665 0.5503498010605751 0.2748810017317316
0.3874818140942703 0.40631488745526634 0.09539266153801074 0.11081063691245263
0.03940691738994695 0.27935465286894434 0.060784793727630904 0.6204536360134778
0.47229582205383513 0.07627040184789768 0.17089874301754004 0.28053503308072714
0.13857097808045682 0.28785759367946484 0.2860203520660598 0.28755107617401854
0.06740513335982123 0.09561789408243171 0.1581354371447471 0.678841535413
0.3949396636277842 0.17178190427196693 0.2511055569849646 0.18217287511528424
0.02609492029391236 0.5433581283361211 0.09017471433456503 0.34037223703540154
0.5847078794152412 0.14115675356543722 0.12684069322959213 0.1472946737897295
0.14570269088858478 0.32815045741517623 0.490480911318521 0.035665940377717975
0.11061151324402119 0.43148836822667613 0.22720473730839175 0.23069538122091093
0.07292707847339064 0.07687599849902982 0.6383820271859814 0.21181489584159818
0.19429861981568397 0.07993322509836065 0.6250294494126653 0.10073870567329013
0.26622015372191843 0.08332094069782248 0.286603605444229 0.36385530013603007
0.041018316988591264 0.33528003497882397 0.14885561111255474 0.47484603692003
0.2527700110829505 0.025296369460623302 0.2834877062359561 0.4384459132204701
0.6668940491822838 0.037052353684546846 0.07667087760106694 0.21938271953210242
0.43541998126471404 0.0017359024030475512 0.4557350375753415 0.1071090787568969
0.5887438251108476 0.008611805935478833 0.04706107077580224 0.3555832981778714
0.0952658112601309 0.3198141028222127 0.12714153371056458 0.45777855220709185
0.45751698358241866 0.1065502593692832 0.2987508318453963 0.13718192520290184
0.3051808777281808 0.13119715932012 0.0840902554432359 0.4795317075084633
0.1337305143460984 0.7801813547573011 0.027549767243581935 0.058538363653018566
0.10651941880782867 0.21160965188900083 0.02488050809078801 0.6569904212123825
0.13216976304179684 0.3300779088828477 0.17212732818657428 0.36562499988878117
0.3058353016778773 0.10012413959072741 0.15256858324226508 0.4414719754891302
0.10849387247109332 0.1047853063659614 0.3256013722025185 0.4611194489604268
0.16397083380646915 0.5445569032862838 0.06269262053690661 0.22877964237034043
0.5791131301249891 0.16127440635912726 0.06736487287960669 0.19224759063627694
0.6164366863235934 0.14322431897297472 0.07357086593851969 0.1667681287649122
0.16651269236285537 0.10637651311953211 0.1682268717904274 0.5588839227271851
0.03474741549738569 0.25419751590935413 0.5181211014968623 0.19293396709639787
0.20651519302582433 0.2938262357254735 0.07590185393860505 0.4237567173100971
0.00917126854433814 0.4948017848555659 0.34619840864385965 0.1498285379562363
0.2433311226297683 0.17845145326274925 0.2728192757138873 0.30539814839359514
0.06352470929602771 0.6720937797187362 0.026854839679587683 0.23752667130564842
0.5130311100287621 0.3184575586372762 0.09008641672535234 0.07842491460860934
0.07529109672026535 0.007243667588449076 0.6640705530450596 0.253394682646226
0.5591212981294323 0.41488724997851856 0.024756687391554566 0.001234764500494534
0.034184559162591444 0.1842322491293812 0.13623291896328793 0.6453502727447394
0.03668923354329323 0.05704573342520891 0.6456807028358923 0.26058433019560556
0.23578277942693482 0.4464730664312002 0.010970783881877222 0.30677337025998774
0.35872850740030526 0.08913703051999633 0.09772243788919865 0.45441202419049975
0.377057125452374 0.0868942941938522 0.1416079947521539 0.3944405856016199
0.25134241856339 0.6382321754599182 0.10228701956773079 0.00813838640896103
0.05674659478035393 0.09304624631097258 0.10594465795487329 0.7442625009538002
0.35465712451541476 0.40087480933998154 0.11237936785828828 0.13208869828631542
0.06480261396537579 0.6631292967186007 0.139887675532551 0.13218041378347256
0.34059980493500286 0.07253700162159094 0.35149600078053256 0.23536719266287365
0.29227867709256417 0.07018969877793446 0.5069454334848988 0.13058619064460253
0.40173143880344486 0.3341404373894983 0.11754516013970107 0.1465829636673558
0.7717101889201333 0.010550056603848446 0.19569404224322673 0.022045712232791503
0.15978228020642748 0.18754162897679694 0.05408025246161674 0.5985958383551588
0.3185648224296329 0.07049683201645929 0.4851914799170327 0.1257468656368751
0.1463213148529524 0.5545756515645395 0.2022954636428861 0.09680756993962203
0.008034233991367379 0.10331964707532082 0.11665411977319196 0.7719919991601198
0.06489615138344329 0.12916623666971228 0.07036053817648347 0.735577073770361
0.27976619538274416 0.037614932443404636 0.633090274407886 0.04952859776596519
0.00481534900011471 0.6800851814682128 0.06721658354995808 0.24788288598171437
0.547134150944333 0.3452025230860597 0.024989370454109427 0.08267395551549783
0.1439119456714012 0.5359739409490587 0.09671190864000756 0.22340220473953254
0.30256187280878055 0.42246244809860256 0.14000104832270122 0.13497463076991567
0.038175520621896 0.6136702327298588 0.016539471479092516 0.3316147751691527
0.012097930066906959 0.11897293551023536 0.534810807204976 0.3341183272178817
0.31160458117411083 0.37985700386837995 0.1928286181736244 0.11570979678388482
0.09492338878944373 0.1178015233692623 0.058499246671503524 0.7287758411697904
0.33995830970210594 0.01114843962069878 0.19388492919135725 0.45500832148583803
0.003311608895722906 0.042858604847084925 0.239216527776009 0.7146132584811832
0.0038817007837623763 0.655378017474668 0.1138336702607804 0.22690661148078928
0.23952522422852618 0.39443629921161627 0.27711535834224754 0.08892311821761001
0.14354639054881957 0.12179577400193142 0.7180482123974654 0.016609623051783595
0.1387200612693189 0.5125449715716065 0.11036663074000275 0.23836833641907185
0.049196525096247834 0.028135902785390243 0.42568741557127476 0.49698015654708716
0.022632746739208343 0.027769994011513033 0.32525271987237014 0.6243445393769085
0.16117594469210828 0.3264882414282386 0.4809197422811905 0.0314160715984626
0.22485718445003233 0.05017391535035509 0.4332799388177544 0.2916889613818582
0.015229400104253221 0.6205042171043902 0.09155313040711022 0.2727132523842464
0.3375684730702272 0.04030007206283215 0.3448004043991991 0.27733105046774154
0.3326829434673577 0.5095652212603257 0.023134341166683114 0.1346174941056335
0.3749966095986257 0.08252252579993358 0.41424797799597 0.12823288660547072
0.07387998101526994 0.12815851529690214 0.5218808746935449 0.276080628994283
0.3255529680721686 0.03799275029362581 0.03846315078304574 0.5979911308511598
0.2760704204091047 0.0974055408436062 0.3498364910193231 0.276687547727966
0.2468034257921553 0.38498479501057437 0.13997816590809198 0.22823361328917835
0.003372697683293513 0.24298604471473073 0.14106664021253212 0.6125746173894436
0.12185690581350661 0.6347283690511872 0.23947019642073675 0.003944528714569406
0.14020529118107572 0.24950144100982585 0.5158769679818723 0.0944162998272261
0.4541022360616045 0.22739508797687147 0.298334036971894 0.02016863898963006
0.12008320823158536 0.1341601559493193 0.5120075428966583 0.23374909292243706
0.37252789166562517 0.08493384778176438 0.04920885005880116 0.4933294104938093
0.14584120128227573 0.4936941861361136 0.1548835200577784 0.20558109252383228
0.023526007924642656 0.15604177209711168 0.5059029934666122 0.3145292265116335
0.05867173589188823 0.18509885810299243 0.5241048322867928 0.2321245737183265
0.0577165377033142 0.03500731622512809 0.8271915567584092 0.08008458931314855
0.07513539561091631 0.35158544572608175 0.011375039649033969 0.561904119013968
0.2772400054821649 0.12531243462508945 0.022183582447028338 0.5752639774457173
0.23374979314153765 0.3245594849297704 0.3387262761537252 0.10296444577496677
0.7331233481010968 0.038166182537533455 0.10638863182956826 0.12232183753180148
0.179884945209142 0.07114235292271598 0.5208096313840446 0.22816307048409745
0.27398920654364434 0.1576351007948713 0.4080050982918665 0.16037059436961787
0.6678128371031636 0.10523724972309345 0.05415181435651395 0.17279809881722896
0.02544462325195118 0.06444918717932291 0.8331366175437376 0.07696957202498833
0.6575000911349201 0.09633282711323987 0.10577753131732814 0.14038955043451185
0.518724046135579 0.058152626892814197 0.15841661603198964 0.2647067109396172
0.25762836241596687 0.21743153728027986 0.012213437240989111 0.5127266630627642
0.30715126971886164 0.28031960572575665 0.033413937538538496 0.3791151870168432
0.015216662699125139 0.3619028954805721 0.587421896628389 0.035458545191913826
0.5565607801415638 0.12665434466139402 0.11968999886243747 0.19709487633460465
0.11527805929707513 0.26487392957434597 0.3238485731564883 0.2959994379720906
0.06946701274216094 0.16843491382556053 0.5918158482871292 0.17028222514514935
0.07118578685761423 0.7430100138491686 0.16037360406256196 0.025430595230655162
0.711945613262201 0.025122644464133814 0.10026490886671902 0.1626668334069462
0.030745145245507866 0.004467105458099252 0.21565119099943797 0.7491365582969549
0.22609084964989734 0.008013888947644543 0.42188473544730454 0.3440105259551536
0.24169405772996932 0.3891507182176046 0.04662289168356093 0.32253233236886514
0.5207924495883094 0.1376789778302202 0.26553344810233814 0.07599512447913226
0.006422824816963213 0.17500039704190995 0.7397399795360748 0.078836798605052
0.19017037651406743 0.17304848533203177 0.119805216820839 0.5169759213330618
0.271369529952617 0.2170307605929317 0.1854240719321465 0.32617563752230483
0.13493033269839017 0.27052423323419306 0.17344252230338886 0.4211029117640279
0.24306228056969714 0.4592671215537344 0.1679167772440774 0.12975382063249108
0.12318955538021303 0.1893121220782934 0.6742733046415832 0.013225017899910374
0.2795790208671689 0.1857308472723268 0.45677382148531576 0.07791631037518854
0.14544359696441833 0.03476532618466199 0.7109910540857947 0.10880002276512502
0.05946127689921421 0.11866549525832626 0.04640126014932511 0.7754719676931344
0.4299141828434885 0.11212055875911553 0.40416155992155567 0.05380369847584032
0.6856393312473892 0.09050258319613114 0.05689315209698487 0.1669649334594948
0.6149106630395439 0.06891029006639937 0.18604409767831298 0.13013494921574376
0.02784343414740098 0.09877309752793695 0.5310932588100536 0.3422902095146084
0.5565046724110673 0.1491792840915891 0.048897481751714156 0.24541856174562948
0.07451944379003805 0.22368555671783408 0.30206058994519136 0.3997344095469365
0.4678629377525527 0.2688975825706438 0.22382554806308197 0.03941393161372153
0.054318868434385825 0.8428391931360574 0.026988365401774073 0.07585357302778273
0.35709058781975955 0.2431199647583212 0.22327569095712185 0.1765137564647974
0.44419375301913266 0.03106050254319237 0.3001237032284948 0.22462204120918017
0.17610122164822628 0.15211779010154647 0.24614201165060867 0.4256389765996186
0.174337059403603 0.4533645354400415 0.06090854613858121 0.3113898590177743
0.0461249449408625 0.25771212416001354 0.33967126099924494 0.356491669899879
0.010322122916568977 0.3807919981239294 0.07640743334340805 0.5324784456160936
0.21248833432389946 0.3934471023776519 0.23076849360970753 0.1632960696887411
0.048557238611517284 0.43408791657212864 0.015535408430126574 0.5018194363862275
0.305825552327161 0.08202401825399686 0.2628621038691893 0.34928832554965283
0.30750523413041164 0.34541849705000083 0.3388425337761045 0.008233735043483015
0.4051350947405187 0.46503736005361807 0.05993758793714743 0.06988995726871583
0.4435264254314033 0.09306858530227491 0.3838331493298922 0.07957183993642958
0.024530404727129418 0.034396537086650136 0.44489672485565335 0.4961763333305671
0.09741699117162972 0.12263323605124943 0.43151788536772706 0.3484318874093938
0.11085694309046334 0.37919689269514967 0.2973555002651377 0.2125906639492493
0.4832101626304436 0.009674904617933078 0.22440594108445688 0.28270899166716645
0.26186192475144676 0.47768248897893906 0.2383116811509557 0.02214390511865849
0.1563154225489961 0.08592978992538869 0.7180674454600671 0.03968734206554814
0.7329678936141101 0.023231328211256952 0.0654168197807321 0.17838395839390087
0.20508661258950445 0.061656189205035794 0.08837109706271529 0.6448861011427445
0.10016852670170806 0.30907212748471447 0.08968307575475054 0.5010762700588269
0.03917170425667171 0.3655479761619932 0.4564704445864245 0.1388098749949106
0.04242502534900261 0.4914162680647356 0.04798123643744101 0.4181774701488208
0.5422902286208463 0.3095702137495262 0.012548913781217585 0.1355906438484099
0.23222540118580504 0.05763763191469484 0.24148103432793577 0.46865593257156435
0.2442817614141638 0.4838185376882109 0.1662676145976093 0.10563208630001597
0.11089476889031258 0.3396472487092982 0.24096375330980502 0.3084942290905842
0.45673467768485354 0.11530419891152022 0.1933014081305664 0.23465971527305984
0.06218437336138627 0.21530053926019654 0.362129734979445 0.3603853523989722
0.5861133974847633 0.14922214458006222 0.11066701556002978 0.15399744237514468
0.3445046582483968 0.024344839785359174 0.17987541681582309 0.4512750851504209
0.15733976410312 0.5727871236199399 0.14650597368295304 0.12336713859398707
0.09229008083174195 0.34228711958896474 0.27884616542848384 0.2865766341508095
0.42817688033689727 0.14401376973534563 0.07873333852385422 0.3490760114039029
0.0013731729877423104 0.3330272481482348 0.37296068181388997 0.2926388970501329
0.12998512786710992 0.10362985944691383 0.21045492574449787 0.5559300869414784
0.5498625752509245 0.20666955138172793 0.2104649177415968 0.03300295562575073
0.5619141254344711 0.11197245544415613 0.16493093099145506 0.16118248812991776
0.48294223798710256 0.35261247196168544 0.04061908714743623 0.12382620290377577
