54 20 4 56.41975764645914 112.83951529291826
4.781646704266965 4.269155472685771 2.6638901898530656 5.664544553507286 1.0774490680789235 9.720425860475377 8.212431304148147 7.81580789747789 7.0433587165764155 1.2669130794243086 4.524058269822984 4.6431463509697135 2.7066791294587227 7.903950800344654 6.550508307807174 9.336465675917953 3.926116306917713 3.278389171147957 7.481961267148067 9.972617166889192
0.956329340853393 0.8538310945371542 0.5327780379706131 1.1329089107014572 0.2154898136157847 1.9440851720950754 1.6424862608296293 1.563161579495578 1.408671743315283 0.2533826158848617 0.9048116539645967 0.9286292701939427 0.5413358258917446 1.5807901600689307 1.310101661561435 1.8672931351835906 0.7852232613835426 0.6556778342295914 1.4963922534296135 1.9945234333778383
0.17538452565231977 0.1324886465864098 0.27714120427075173 0.4149856234905187
0.054583431488057 0.4061735207379533 0.3954602200785783 0.1437828276954114
0.1955563892886788 0.06552978512238827 0.5553037885156491 0.18361003707328383
0.20938295412814045 0.007679197245093805 0.014320637488513865 0.7686172111382519
0.7287849641727001 0.21288973706769987 0.005300525653123334 0.053024773106476686
0.7827487113247172 0.09949044651162997 0.00048619591879506263 0.11727464624485773
0.041727725605836374 0.6299339379147335 0.039399613410943446 0.28893872306848667
0.00926992477610411 0.18642755416020595 0.6156568646787549 0.18864565638493502
0.0740557112085668 0.29284394977608064 0.39444728310844324 0.23865305590690933
0.6050415513273363 0.06648375649936611 0.15511391874793812 0.1733607734253595
0.037354274305446356 0.1643603913684214 0.26997659102703775 0.5283087432990945
0.20293129264814402 0.016704499128781913 0.3671765095698162 0.4131876986532579
0.23264334763769656 0.034868262672682726 0.5176398013293805 0.21484858836024023
0.274876894021424 0.2340334894469257 0.03245763509583066 0.4586319814358196
0.33970071010769043 0.318005263855617 0.21815942055436255 0.12413460548233002
0.14123556813245097 0.07838607476354587 0.3924995236818859 0.38787883342211726
0.455666094408962 0.19185726128233638 0.23389176638764042 0.1185848779210612
0.06364392228095994 0.5579016471414351 0.35920387161091827 0.019250558966686704
0.01784768851695362 0.28277809927096087 0.6457374510606074 0.053636761151478085
0.7237457977852451 0.1760069043104554 0.04254284888057036 0.057704449023729176
0.16382659214869089 0.008160089538751025 0.301548875673208 0.5264644426393501
0.23515400841256062 0.23573976732965485 0.5223633038063435 0.006742920451440981
0.44061904112717243 0.03043822994568457 0.24146761212239964 0.28747511680474336
0.16071548217278975 0.00046146559219983896 0.3117268641999915 0.5270961880350189
0.12094657309707257 0.5007949455387908 0.2543497089036435 0.12390877246049314
0.09609818119638547 0.5575097154141248 0.003858692456217949 0.34253341093327183
0.45471837477666754 0.17602061284576787 0.16620109073311573 0.20305992164444886
0.047122738848154544 0.12210014932709345 0.5807995606877262 0.2499775511370258
0.4278973929250859 0.3461250554755949 0.03490413214476484 0.19107341945455436
0.1770045898166882 0.22140894392206367 0.3140763507373252 0.2875101155239229
0.1281583883184575 0.15324326215835282 0.1270281042707171 0.5915702452524726
0.0021690805881033892 0.6929179117454186 0.296326480295539 0.008586527370939012
0.2843900203615479 0.10861275214653943 0.3226545614826183 0.28434266600929436
0.09184230040321983 0.03877791832865063 0.8284370199653621 0.040942761302767416
0.505039896786286 0.11236438731843579 0.20826758943564228 0.1743281264596359
0.22542282822884052 0.40355636366702696 0.25912128260434986 0.11189952549978266
0.0757295436635752 0.2757526115698271 0.6331073349917045 0.015410509774893222
0.2574413322071001 0.07274445544025587 0.37940931979818804 0.290404892554456
0.01955593448645554 0.816789637486652 0.051890601266263214 0.11176382676062924
0.30999199838650904 0.0920965003733355 0.04827335529057175 0.5496381459495837
