18 10 4 30.91059558583584 61.821191171671686
6.853368175656325 5.549080363613586 8.907413238293968 2.63656202834381 8.670097618071374 7.751226574954096 6.994915007367903 9.89105903448366 3.3127158034344713 1.254753327452483
1.370673635131265 1.1098160727227173 1.7814826476587935 0.527312405668762 1.7340195236142748 1.550245314990819 1.3989830014735807 1.978211806896732 0.6625431606868942 0.2509506654904966
0.1116031306650328 0.5241159847959689 0.10045550965500905 0.26382537488398927
0.19863435918378092 0.4883358321560628 0.012685437652251386 0.3003443710079049
0.19742128450213303 0.27917910148330427 0.31336016183986926 0.21003945217469344
0.21131203725140024 0.09060614039884529 0.017767942907186973 0.6803138794425675
0.5332038313466246 0.01932985750558791 0.16172305184442792 0.28574325930335953
0.012332537482920625 0.0013049642612266155 0.5210217086263499 0.46534078962950287
0.10501535321602451 0.2366120990812166 0.6557578301824056 0.002614717520353249
0.2173196229012333 0.567583131017169 0.20359512212552255 0.011502123956075194
0.4756657052864103 0.03997828237462697 0.14913748313287123 0.3352185292060915
0.4302592813664673 0.06598610852105868 0.447950972064867 0.05580363804760702
0.020807111923490385 0.27691662993236943 0.5495886456307664 0.15268761251337382
0.35239246875784624 0.3047965618525763 0.20443702539122366 0.1383739439983538
0.666600347981564 0.14744759013548447 0.13540735607893395 0.0505447058040176
0.29393597470178845 0.5135903491476901 0.02036307796227199 0.17211059818824948
0.19167740493265917 0.3808505084303321 0.06734244385798416 0.3601296427790246
0.07913471728341592 0.19871832276331114 0.41738493825773815 0.3047620216955348
0.016300778724193665 0.20929985922903727 0.5825974207869073 0.19180194125986172
0.011016694853989928 0.6743469239584211 0.24924134905159667 0.06539503213599229
0.2691131705792609 0.5080112822170664 0.21066178908969146 0.012213758113981288
0.26097774276247965 0.4105443449728158 0.015609212947656825 0.31286869931704775
