72 90 4 225.13103586702655 450.26207173405317
1.9606438202977965 7.159083699508186 5.814663556519784 4.322683690749686 4.713531793537914 6.290627284226625 7.4446640946279645 2.560006348969599 1.6006806412324366 5.506109854092406 4.889324756650156 9.52008329696418 4.7463388486877545 3.227227175226006 4.637276554367602 6.708331755855227 6.253869497266358 8.038939268866347 6.551831756201629 6.649899896439457 4.328822075900204 2.515390340542273 7.707889486003484 4.5587448193049 6.94480489784547 3.8677982575118137 1.6252399305613885 1.4401216447038876 4.974817132287554 7.313013271106289 8.095354848023987 3.136015120719582 6.859837675763878 8.834433278173709 2.8943933829228383 2.1690208476037447 8.24959736028803 1.3606180943748187 4.249468180407069 7.085573699810209 8.44536916481849 4.92844144815592 1.7110234915331053 1.841841490145022 7.231425799748258 8.153391742208996 3.901336633734781 4.396714607199008 7.595691784715063 3.488391396925744 3.179051472672481 3.4401587893049856 2.4703217170609015 1.424880761352314 8.52224260099745 9.047087938221761 6.382165491562386 4.190496533591182 1.696369249267046 2.5647843356725204 2.608650668635375 4.762178192862881 9.042987187657621 3.3516025370996108 6.824832896679669 9.04969997101398 6.148171488285079 1.923070701019975 6.560926394424121 6.616806065299193 7.276268516588664 7.363776936603095 3.6679387063293794 3.921186678050546 3.4721100835644148 6.100564917029682 1.706880520324551 5.028539535726952 8.417523991112873 8.507642271495971 4.584402246409466 4.279313580554462 2.5326205028495385 2.1784513240957075 2.783815354706089 5.453215932622168 7.650587049133049 2.2653376517518153 2.1183667646739184 2.646644684423719
0.3921287640595593 1.4318167399016373 1.162932711303957 0.8645367381499373 0.9427063587075828 1.258125456845325 1.4889328189255928 0.5120012697939198 0.3201361282464873 1.1012219708184812 0.9778649513300313 1.9040166593928363 0.9492677697375509 0.6454454350452012 0.9274553108735205 1.3416663511710454 1.2507738994532716 1.6077878537732695 1.3103663512403259 1.3299799792878915 0.8657644151800408 0.5030780681084546 1.5415778972006968 0.91174896386098 1.388960979569094 0.7735596515023627 0.3250479861122777 0.2880243289407775 0.9949634264575108 1.4626026542212578 1.6190709696047976 0.6272030241439164 1.3719675351527756 1.7668866556347418 0.5788786765845677 0.43380416952074896 1.649919472057606 0.2721236188749637 0.8498936360814138 1.4171147399620418 1.689073832963698 0.9856882896311839 0.34220469830662104 0.3683682980290044 1.4462851599496516 1.630678348441799 0.7802673267469562 0.8793429214398015 1.5191383569430126 0.6976782793851488 0.6358102945344962 0.6880317578609971 0.4940643434121803 0.2849761522704628 1.70444852019949 1.8094175876443521 1.2764330983124772 0.8380993067182365 0.3392738498534092 0.5129568671345041 0.521730133727075 0.9524356385725762 1.8085974375315241 0.6703205074199221 1.3649665793359338 1.809939994202796 1.2296342976570158 0.384614140203995 1.3121852788848243 1.3233612130598387 1.4552537033177328 1.472755387320619 0.7335877412658759 0.7842373356101092 0.694422016712883 1.2201129834059363 0.3413761040649102 1.0057079071453905 1.6835047982225746 1.7015284542991942 0.9168804492818932 0.8558627161108925 0.5065241005699077 0.4356902648191415 0.5567630709412178 1.0906431865244337 1.53011740982661 0.45306753035036307 0.4236733529347837 0.5293289368847438
0.7503266830309657 0.07231081313430154 0.06868433930638995 0.10867816452834278
0.47123150209091813 0.09153296248720355 0.08568661116845533 0.351548924253423
0.5496516520334948 0.0011723441491590103 0.15685188854217835 0.2923241152751679
0.0153140450721857 0.38158254680414827 0.5918692576241422 0.01123415049952381
0.3074316992318751 0.26936818874255963 0.27206262245751667 0.15113748956804862
0.5922371046035183 0.032343225313319124 0.3306486244754895 0.04477104560767309
0.04298631597798741 0.6789757800233824 0.23961262927066906 0.03842527472796109
0.24324331981476144 0.09185100053159434 0.36465776463903166 0.30024791501461257
0.026297527388746134 0.5787644976444167 0.2996867818918745 0.09525119307496266
0.08129492827769935 0.49019564383316705 0.37621037516966094 0.05229905271947266
0.17740739209851564 0.04567755924818229 0.1775194206602586 0.5993956279930435
0.09921240387139507 0.5341653705032701 0.3348040722857589 0.03181815333957594
0.00873738501131982 0.08549892200508025 0.6135274091099902 0.2922362838736098
0.302156528085187 0.04978172484017407 0.5902740732218955 0.057787673852743415
0.06624057814095152 0.026887317855231463 0.233238173294405 0.673633930709412
0.22725268396301102 0.017550334232332543 0.4347687465352237 0.32042823526943276
0.041081623773059905 0.02172953946727396 0.3608440321054097 0.5763448046542564
0.021381054740895578 0.41011511859356564 0.28348169961152747 0.2850221270540113
0.07527333721837126 0.0663266082615922 0.7221775061898907 0.1362225483301458
0.06092386924792459 0.6624650766417959 0.1675963237960113 0.10901473031426823
0.45805422494274817 0.28194088653586435 0.021571338583265764 0.2384335499381217
0.20944961133957918 0.2608124724796925 0.07447265414065074 0.45526526204007756
0.4785856631723794 0.031285071452265 0.2643371799669001 0.22579208540845552
0.03395653622306749 0.4041317208904871 0.33896823798374454 0.22294350490270087
0.2520032015011283 0.4901242873455681 0.11822284438964425 0.1396496667636593
0.004138275611138886 0.665928077801782 0.13984494043542905 0.19008870615165008
0.06895862506258021 0.04430582926634086 0.4607901610248437 0.4259453846462352
0.08485955878716489 0.4597650479596044 0.3343058726422605 0.1210695206109702
0.13740620352740562 0.472229981146567 0.05866774069834568 0.3316960746276817
0.19933528151405433 0.3840937998985475 0.026955539396357753 0.3896153791910404
0.5422578197664105 0.029348782296263032 0.4250462046749832 0.0033471932623432288
0.06449947367139464 0.3643788179557207 0.21587953069703503 0.35524217767584965
0.44087572770127836 0.01227512125821395 0.49909927267806686 0.04774987836244082
0.15952792080439349 0.4765186932441614 0.29065985649828074 0.07329352945316436
0.5745980630125239 0.16198535687125126 0.1909938499391617 0.07242273017706313
0.20385710475701568 0.6291930403738867 0.060064881955347316 0.10688497291375032
0.111641906512018 0.2932416109475985 0.24100361474198873 0.3541128677983948
0.1188972892878073 0.30554035130145507 0.49881548324512603 0.0767468761656116
0.3671234033384765 0.25064058394895894 0.3257771180992687 0.056458894613295896
0.1503422861348176 0.3411846771710064 0.09128722021641222 0.41718581647776376
0.44920414831497746 0.011110592380173978 0.30423777578576006 0.2354474835190885
0.43406406196923364 0.05907188815664943 0.2348968545062522 0.27196719536786473
0.12127150997093283 0.25308191100657906 0.38035421865161667 0.24529236037087143
0.06700668141306032 0.14543937346921065 0.724693496715966 0.06286044840176308
0.2233865632752705 0.4680233793688885 0.23802566673737158 0.07056439061846942
0.5334964245244977 0.16399552549870267 0.2748281826778851 0.027679867298914473
0.10220509802164612 0.01753193529459207 0.07297185945653273 0.8072911072272291
0.4674110479448177 0.30804024104525074 0.1449826326115249 0.07956607839840668
0.3854538858144385 0.3258258256592621 0.061055369927938696 0.2276649185983607
0.007048745887160424 0.29590708604622484 0.46595511860391803 0.2310890494626967
0.1151448954151727 0.17687531352797525 0.15771375756086958 0.5502660334959825
0.3537985017336842 0.5085184275116377 0.04166135543631844 0.09602171531835968
0.33782458548705185 0.28011427978886083 0.31056733407988857 0.07149380064419875
0.1784183062163044 0.0122343876240395 0.1841627447369153 0.6251845614227408
0.11638572720082185 0.12746610025394667 0.7474158976419228 0.008732274903308634
0.1901969765552276 0.13705574936873965 0.46780978562229936 0.20493748845373339
0.006731985655046624 0.050685811573201955 0.17444787613198887 0.7681343266397626
0.5400808494516406 0.0977982847452531 0.21389351657427091 0.1482273492288354
0.10989242292513957 0.509305922733874 0.14235228292830737 0.23844937141267908
0.0474877927946149 0.273107924041219 0.5514688582156169 0.12793542494854926
0.09441698718458613 0.017321461595878107 0.025486375882519563 0.8627751753370162
0.19868394263936506 0.21588611141513703 0.1919921267325604 0.3934378192129375
0.25547469111454224 0.5511048920839134 0.07212053554335862 0.1212998812581857
0.18611599853406258 0.28565827219759765 0.03705331058221517 0.4911724186861246
0.4425528848546044 0.22313911546233522 0.11435590332131507 0.2199520963617453
0.04299900915726684 0.08047837548724246 0.5026005912291863 0.3739220241263044
0.12781500882251107 0.32613112959528134 0.15032354061504982 0.39573032096715777
0.6628193454028255 0.1491597331723682 0.0877463243681097 0.10027459705669661
0.22267011184820806 0.09710373602685274 0.08505912956602979 0.5951670225589094
0.07509072803441696 0.8436219719817967 0.0479294492010387 0.03335785078274767
0.3909731513511613 0.07587032019733808 0.2649960589434497 0.26816046950805095
0.4588079230001656 0.019578927490708442 0.4460120559602997 0.07560109354882627
0.6561452729155057 0.22223676723574104 0.11878661079721775 0.002831349051535481
0.29607091386325946 0.5136282708545348 0.06978250219205728 0.12051831309014849
0.16221369616091208 0.04569349424374869 0.015380028532131718 0.7767127810632075
0.21919508491678052 0.3736101327707627 0.1374078415446186 0.26978694076783816
0.3378881963341731 0.25244337754916457 0.19137701110202843 0.2182914150146339
0.4688514757607346 0.07287437069489777 0.17998276179428252 0.2782913917500851
0.36820831763021733 0.20516826007496125 0.32573433361520554 0.10088908867961588
0.12799815308849172 0.38315791048809766 0.2064115959568551 0.2824323404665555
0.09776795005549033 0.04735057408121568 0.7576376124716347 0.09724386339165925
0.30343438392224586 0.22288062954327081 0.31258890714128074 0.16109607939320258
0.512137050980812 0.15964562690528494 0.31785364130693794 0.010363680806965148
0.42211395909133886 0.13103776791964517 0.21720914966763294 0.22963912332138303
0.06880691570117858 0.08273484453598068 0.6712272871600842 0.17723095260275656
0.30798901837969817 0.5885744902277302 0.09631850545530629 0.007117985937265314
0.19903155193706124 0.12836591332278557 0.11464536540967729 0.5579571693304759
0.4647670346687177 0.2114550347455949 0.18657950076941265 0.13719842981627473
0.4923140004203609 0.026700893070599974 0.4003275062722814 0.08065760023675772
0.4688392969309435 0.1829632399196386 0.16785391142107786 0.18034355172834005
0.6500204574133983 0.11869886773583027 0.04848706558318672 0.1827936092675847
0.1400531920450807 0.08702033740785542 0.5310739812366477 0.24185248931041614
0.47976635199067275 0.026251933356261636 0.25273041454454637 0.24125130010851925
0.1074602101678136 0.5577081362994376 0.25654196329645507 0.07828969023629373
0.21940195711597799 0.36414838976665487 0.10998113688852695 0.3064685162288402
0.30334027622373294 0.07144378217648284 0.5548514212085912 0.07036452039119301
0.7287217848843386 0.09639877835817456 0.1218536393433205 0.053025797414166354
0.30206903431155874 0.26550352553204015 0.3249339940118051 0.107493446144596
0.2816074672044575 0.1527207031448944 0.11522024940016107 0.45045158025048704
0.19699009521377686 0.24471594863819968 0.4403438766116752 0.11795007953634828
0.34994964268587314 0.5461878567821681 0.09121991327196499 0.012642587259993787
0.4975739381195823 0.24610371674002995 0.10912414940716342 0.14719819573322435
0.060398142683514955 0.06840848137534916 0.49160334334794276 0.3795900325931931
0.35172711987297134 0.2417842959782447 0.3351548703735896 0.07133371377519437
0.17490710452425184 0.627120379530675 0.12756874471736335 0.0704037712277098
0.4136458383075855 0.27687582567469327 0.13500846384270626 0.17446987217501497
0.0784947277373782 0.16106155256450938 0.6869786146764678 0.0734651050216446
0.2099742887708994 0.496070630518879 0.02104056792449749 0.2729145127857241
0.76908283930197 0.14802078518672812 0.047561224227443466 0.035335151283858446
0.6737804438161893 0.17410060170797936 0.13690450451962677 0.015214449956204579
0.1460602810762387 0.13194624769272756 0.45951691318980603 0.2624765580412277
0.775145007785997 0.14200633443306543 0.0791339780073459 0.0037146797735916337
0.3468156553219045 0.08713580215272965 0.031960006569339616 0.5340885359560262
0.3552353113107324 0.3411547838356205 0.09700810947369531 0.20660179537995182
0.04048844089161674 0.10443205043792758 0.4455679589570626 0.4095115497133931
0.16499059592757992 0.6061489939169584 0.19516692076481268 0.03369348939064898
0.022201258734813156 0.5117302444276011 0.34887774707532615 0.11719074976225963
0.3438432725740975 0.054259546350347465 0.4385199532047971 0.16337722787075792
0.22111058655698546 0.5954023659697604 0.1510790858074288 0.03240796166582538
0.1427021639200099 0.003957952764141126 0.12561946296452797 0.727720420351321
0.34023879425520775 0.3139735530673563 0.29415454280073416 0.05163310987670178
0.1349578128720078 0.47502655151739315 0.2599170764817379 0.13009855912886115
0.3382153617953436 0.15274419562110553 0.369355840610455 0.13968460197309585
0.5784173044411636 0.14252440886671103 0.2203843983595699 0.05867388833255549
0.1482933690795054 0.16833593099392763 0.5217883854141805 0.16158231451238647
0.30132169252616314 0.07129006051436848 0.4612857051075592 0.1661025418519092
0.11365699711414523 0.12973246923928694 0.7180510837714987 0.038559449875069096
0.09879258290318893 0.01773451660315517 0.3202759929180071 0.5631969075756488
0.22233432994764568 0.15869856457542197 0.6158527118114676 0.003114393665464732
0.160463697664601 0.21342388863468853 0.35463122436521 0.2714811893355005
0.48291178364555065 0.0069476117249615 0.007625101394865719 0.5025155032346221
0.5601486539515205 0.07478695428160542 0.15531584755427708 0.20974854421259703
0.3647944351544541 0.0029406007467954742 0.21083956182965835 0.4214254022690921
0.2606278515462319 0.5263716999045026 0.21128193710078302 0.0017185114484824515
0.08251468844551557 0.3286280340955663 0.4354031620704576 0.15345411538846054
0.0031837343167789856 0.05548387272328281 0.40604241335140645 0.5352899796085318
0.09898289526166204 0.24410097408574738 0.29267324218341384 0.36424288846917674
0.26166613050703547 0.014677917899717507 0.2804889860771719 0.44316696551607515
0.21988486723583356 0.2963034171007295 0.2342245069630109 0.24958720870042606
0.2619524781460042 0.610065682380825 0.1119847030160156 0.01599713645715517
0.13582536424824865 0.5119820456152437 0.009752557920189586 0.342440032216318
0.2586668862999725 0.27973815259463586 0.24543905189583737 0.2161559092095543
0.31189899236382845 0.12639049258871327 0.2090929656965067 0.3526175493509516
0.2301286876349652 0.06735630548232496 0.012383207862935897 0.690131799019774
0.11000500339416885 0.08098138546008604 0.38818614019256004 0.42082747095318507
0.22563236054139846 0.5336182860955262 0.06182149474205623 0.17892785862101912
0.6735741676108057 0.12783093657049194 0.0770888034246453 0.12150609239405707
0.2241983458938558 0.3263136237540023 0.4168267919695867 0.03266123838255519
0.2540357576835931 0.16325537082907526 0.5099747234721224 0.07273414801520928
0.15126379233292087 0.17714834233711907 0.08417549634475907 0.587412368985201
0.00591870407450501 0.35824532690910627 0.061777688233821015 0.5740582807825677
0.25883964277442206 0.2645091778771226 0.30213251854594436 0.174518660802511
0.14426193769549067 0.19497285460753278 0.11429369174046633 0.5464715159565102
0.2525601112485629 0.3229186142712146 0.05484011127857047 0.369681163201652
0.15199163192189513 0.1017315830347898 0.566064629234767 0.1802121558085481
0.30845415406932053 0.20071693209338137 0.02252084375869612 0.468308070078602
0.41724458292118627 0.13693670348991605 0.06156936454328332 0.38424934904561436
0.21380383106101497 0.1460666301657344 0.19299197769979148 0.44713756107345914
0.2216961713753579 0.5374675502688464 0.14258409333991762 0.09825218501587807
0.4957139274809529 0.010293765804782584 0.40144057431973046 0.09255173239453407
0.3145476096441223 0.03687651096375677 0.6085186264263049 0.04005725296581597
0.36873342786815766 0.062203877510162875 0.19209467596384322 0.37696801865783625
0.22254338122637074 0.5280791028026005 0.025917176352008853 0.2234603396190199
0.019309177189386517 0.5770061897406817 0.29902519848960873 0.10465943458032301
0.24146833172365956 0.31835091638545265 0.14256119203032047 0.2976195598605673
0.2576119986680604 0.018956867943005773 0.09709149601355782 0.626339637375376
0.028288422814807257 0.00656931038213715 0.4863241564296835 0.4788181103733721
0.7498639260715574 0.05457551695095009 0.14234042912601086 0.05322012785148167
0.315574226652788 0.014803502719720085 0.20083476505150788 0.46878750557598403
0.369013130264635 0.22997158631142955 0.2670283582716506 0.13398692515228483
0.600562380115827 0.1521627111928986 0.051152456878646224 0.19612245181262822
0.4721554252832836 0.12706957000352725 0.2538885569193654 0.14688644779382376
0.06569285552511883 7.391734266792849e-05 0.40766408983174807 0.5265691373004652
0.04590520887327876 0.3665814245097926 0.31118206706655216 0.2763312995503765
0.49909681680676354 0.005621745877290474 0.16074717102169322 0.33453426629425276
0.14497749713824626 0.4133399257268483 0.2846075754293249 0.15707500170558053
0.05754804574119776 0.4230977188620032 0.1744280568090928 0.34492617858770624
0.7983834766901732 0.039607764934589396 0.01086253924488978 0.15114621913034765
0.05039789430911723 0.8016204934265047 0.13198705397346988 0.015994558290908234
0.09398096144798229 0.5711902209338764 0.2570120640112975 0.07781675360684381
