84 80 4 200.80632801488784 401.6126560297756
1.4143689426833697 4.3321808450403925 3.1808644074226424 6.656320045401265 9.910990540242251 2.1752924433247594 2.562302470119843 3.3248265189371176 4.765590700143563 2.1791700394560376 3.614051128790898 5.457754852799872 9.703038830850087 3.67650876826561 6.86621742807468 5.820516078534764 8.983237427673556 8.781384228433947 9.464795408228195 1.952498246514709 6.519000876438943 2.6073172993026885 1.667593534067283 9.96339465708284 4.206465796789214 8.555270398113851 6.742642741807486 2.8866148294000324 9.805842466046476 2.245702272563431 5.979007988412547 3.4006094047951283 3.8052262684022984 3.9789850960905673 2.312478436746791 8.386832542754835 2.450056985641673 5.48509032459439 3.9792830885137285 2.753580382149586 2.316948092923351 7.180533930299622 9.951571919129146 3.5628137072461827 6.095727417314985 2.0827679302599518 1.3902665167815242 2.4206676362152404 4.897128621945015 4.394938886503589 1.5415873361248233 6.623537215727235 5.390169854011488 4.705445102926241 5.063813682233623 5.973485020822918 9.41337429096213 3.3797261759593695 1.159113899369062 7.285713986004666 8.266085025147586 6.78108539082314 5.747536598135219 8.491271923757646 4.159983996458815 2.7060726935730304 1.1555606692599014 9.826524616509568 8.299215474328697 9.647157408988909 1.1145794495250967 3.54803506124389 3.045877480233926 1.0245898301691498 4.140650739405131 4.958333939660842 2.6337734761524785 5.570439042464136 3.5452207523382753 9.568426498188664
0.28287378853667394 0.8664361690080785 0.6361728814845284 1.331264009080253 1.98219810804845 0.4350584886649519 0.5124604940239685 0.6649653037874235 0.9531181400287126 0.4358340078912075 0.7228102257581795 1.0915509705599744 1.9406077661700174 0.735301753653122 1.373243485614936 1.1641032157069529 1.7966474855347112 1.7562768456867892 1.892959081645639 0.3904996493029418 1.3038001752877886 0.5214634598605377 0.3335187068134566 1.992678931416568 0.8412931593578428 1.7110540796227702 1.348528548361497 0.5773229658800065 1.9611684932092952 0.4491404545126862 1.1958015976825094 0.6801218809590257 0.7610452536804597 0.7957970192181134 0.46249568734935825 1.677366508550967 0.49001139712833464 1.097018064918878 0.7958566177027457 0.5507160764299173 0.46338961858467015 1.4361067860599244 1.990314383825829 0.7125627414492366 1.2191454834629971 0.41655358605199033 0.27805330335630485 0.4841335272430481 0.979425724389003 0.8789877773007179 0.30831746722496467 1.324707443145447 1.0780339708022977 0.9410890205852482 1.0127627364467247 1.1946970041645835 1.882674858192426 0.6759452351918739 0.2318227798738124 1.4571427972009332 1.6532170050295172 1.356217078164628 1.1495073196270438 1.6982543847515292 0.831996799291763 0.5412145387146061 0.2311121338519803 1.9653049233019135 1.6598430948657394 1.9294314817977818 0.22291588990501934 0.709607012248778 0.6091754960467852 0.20491796603382997 0.8281301478810261 0.9916667879321684 0.5267546952304957 1.1140878084928272 0.709044150467655 1.913685299637733
0.2826814811599182 0.02633084351856496 0.16584004838560584 0.525147626935911
0.1232860646617715 0.7057639880286178 0.11888777020252883 0.05206217710708183
0.4381112854215329 0.10610220430983774 0.06143103174404407 0.3943554785245853
0.3176573411121302 0.5104011504066411 0.08030001106502993 0.09164149741619876
0.40685301347650205 0.069108200902121 0.31680383909210175 0.2072349465292752
0.2643735529203316 0.10796962038743507 0.5758334761445726 0.05182335054766074
0.40972300257322336 0.08189411988228712 0.15629941030004602 0.3520834672444435
0.20702036365103182 0.13501545298382656 0.2086784070001686 0.449285776364973
0.21822922540203527 0.06422511207702475 0.35835666197704985 0.35918900054389014
0.08714522304963968 0.5090945127253201 0.3814905265004489 0.022269737724591288
0.004696588272405489 0.11387196146496736 0.8705298241157973 0.01090162614682988
0.11655708586008529 0.24113383600227345 0.2714699706072673 0.37083910753037397
0.39116871394190766 0.4778549920239904 0.11288282737002353 0.018093466664078406
0.3303135681961269 0.0686895767812814 0.011094494857209813 0.5899023601653819
0.14343171588218562 0.3403611420781838 0.4758682200578338 0.04033892198179678
0.049034220585271626 0.4398606309521971 0.012582082266430317 0.498523066196101
0.2795926440627421 0.07040600102998984 0.12550036702404632 0.5245009878832217
0.23875844606493146 0.07809883954765329 0.016542901548100453 0.6665998128393148
0.4335570462096462 0.20004487108510594 0.019641674965166556 0.3467564077400813
0.03945523214365321 0.048631109552429996 0.47541713889769055 0.43649651940622625
0.2551188561765866 0.17677016493017816 0.29639549147681343 0.2717154874164218
0.248051221045003 0.24807330882050038 0.10702787621155352 0.3968475939229431
0.13754686344846212 0.04516533992916183 0.23048165881532057 0.5868061378070555
0.06450087529431103 0.31989663802195845 0.5488347314487994 0.06676775523493117
0.43265098294043314 0.3454835551468244 0.006581492215148255 0.21528396969759422
0.04916895658516618 0.6197826285002535 0.052028518777911925 0.27901989613666844
0.5895110351330404 0.05104784627705561 0.32389066380643017 0.03555045478347385
0.08934285257744179 0.5480345305943313 0.36195290594655205 0.0006697108816748898
0.1459572101790425 0.32339599383386874 0.2874503008007493 0.24319649518633946
0.08884073892427724 0.1966419642966557 0.08048378736490569 0.6340335094141614
0.12752115845859924 0.39422685905874755 0.14163724582731096 0.33661473665534225
0.15648265773402315 0.09535811131118455 0.5622934228630436 0.18586580809174869
0.07514328531444325 0.14556013918996702 0.6030147918416073 0.1762817836539824
0.44930569025040756 0.3366317503433607 0.09307174033212795 0.1209908190741038
0.08061662730061703 0.04279122457074469 0.7082991950722809 0.16829295305635739
0.21497427118691192 0.0805802430773378 0.10196561205813948 0.6024798736776108
0.3342948368242167 0.08371293204798802 0.14417093433118466 0.43782129679661064
0.038831529167245304 0.7160445117380347 0.07515473000113371 0.16996922909358625
0.13338248672774045 0.10620351300813768 0.16504921570033393 0.5953647845637879
0.19414508837609812 0.23087224790105332 0.03068314811915096 0.5442995156036976
0.14509429771432392 0.2533017411594449 0.3488295027126085 0.25277445841362267
0.3299431383647238 0.03801090426711384 0.5788435652710192 0.05320239209714317
0.0862232794452229 0.3935813369037472 0.4526198980530102 0.06757548559801974
0.0408034519719247 0.3711334415253741 0.4495292413016131 0.13853386520108812
0.19836586003674217 0.3780906020681398 0.13100872334810343 0.2925348145470146
0.5337317505510483 0.12131204531832418 0.2102709574896987 0.13468524664092885
0.32974257788926886 0.2762411814400594 0.06006929676135597 0.3339469439093158
0.11931202492801074 0.17262066659820285 0.6077756081796156 0.10029170029417078
0.21411033602806784 0.11203366082908017 0.48521932961412073 0.18863667352873126
0.578792228054002 0.1606519781883714 0.15931241308812571 0.1012433806695009
0.2795645265170553 0.6190096366811138 0.09459334028848543 0.0068324965133454985
0.3731059556131354 0.03026104411166275 0.33554548886404834 0.2610875114111535
0.10013990191319089 0.6077783303956626 0.0920896089064811 0.19999215878466536
0.36187946187772724 0.07734832745042264 0.43800936208666996 0.12276284858518016
0.15726949570382542 0.4539915655705532 0.09338412948486718 0.2953548092407542
0.26917405929046545 0.44672674564146153 0.16429460192815315 0.11980459313991987
0.2969809401345802 0.08803727079787449 0.37256172825316114 0.24242006081438416
0.27979780736474713 0.04049320153541491 0.001853198622218999 0.677855792477619
0.2905647864235362 0.3296648244122201 0.0659287813113828 0.31384160785286086
0.12372847826282096 0.36314489482617696 0.28944690293825914 0.22367972397274294
0.05414074963950222 0.3898159137601671 0.36592796829723784 0.19011536830309284
0.5663753558668275 0.006524881639969449 0.004837681953646311 0.4222620805395567
0.45459592119420944 0.37201250227518656 0.10082245150565183 0.07256912502495216
0.6226383208927636 0.10494605893719855 0.054431490044551056 0.21798413012548679
0.5027031007846092 0.36385282395516594 0.08483959308687272 0.048604482173352115
0.26920396405435454 0.4487574605468402 0.2613774042697069 0.020661171129098377
0.00270477491511556 0.2066064569303484 0.16317578778360864 0.6275129803709274
0.23744431107238062 0.02601888207698455 0.21159664059664296 0.5249401662539919
0.21577221929388868 0.5451057852998905 0.0024064608698672885 0.23671553453635352
0.05769392289222086 0.26974249313454124 0.341530513310883 0.3310330706623549
0.039763356363143765 0.34840453101815505 0.4725832135437099 0.13924889907499127
0.24211967415287272 0.03825508518134757 0.6140838012226417 0.10554143944313799
0.23044447675712965 0.361789462438864 0.15421897503734394 0.2535470857666624
0.4200908291540406 0.1701487036343412 0.34170203599663995 0.06805843121497823
0.3644760938253193 0.2768907135632306 0.30476972870003516 0.053863463911414944
0.0781876270423052 0.32429784252030414 0.11107066082645489 0.4864438696109358
0.010709195777283687 0.24120046083487134 0.3112090356958348 0.43688130769201017
0.494772954289901 0.18164144348430478 0.0373666854549034 0.28621891677089084
0.07907971672224312 0.319450991664632 0.3146079343939575 0.2868613572191674
0.16073080921625038 0.40570384432907036 0.1275642550229371 0.30600109143174214
0.021379362786101197 0.23655511001718477 0.002104836467682447 0.7399606907290316
0.573458544108796 0.005731482846455638 0.1437422123646791 0.2770677606800692
0.4826839664897631 0.05601194928636133 0.17523310247683532 0.28607098174704026
0.10692096760365 0.21685022280155508 0.04825416786336212 0.6279746417314328
0.03412241914895142 0.8445474624572641 0.013905070078944592 0.1074250483148399
0.6052722279025413 0.02510904602778863 0.2922259785267195 0.07739274754295056
0.07843130850332536 0.30804375509164217 0.5825661495269071 0.030958786878125366
0.45991512235804055 0.06983205004433468 0.007956959968806188 0.4622958676288186
0.14530370073250687 0.049722219281079894 0.3808117343546267 0.42416234563178656
0.13869615009083103 0.04717215538662023 0.40875056517794073 0.405381129344608
0.20813987005259416 0.22458362134679322 0.18849753284646298 0.37877897575414965
0.2626030727741798 0.24397509383354565 0.4299861443631864 0.06343568902908814
0.09965864804718061 0.35696070967923044 0.33893556867720287 0.20444507359638608
0.40420094843381627 0.12984434122407051 0.391332820892036 0.0746218894500772
0.08012925836831719 0.33387397641759287 0.04439874504569674 0.5415980201683932
0.3962709489371641 0.09028121695920843 0.02041110732999374 0.49303672677363375
0.14081582992145047 0.06180316074277814 0.05423407677034564 0.7431469325654257
0.02975778802371576 0.5902007744704524 0.25137100665615664 0.12867043084967522
0.3572588986554004 0.15882427569744972 0.20514485316875875 0.27877197247839114
0.10590407766483956 0.6264438603166057 0.08200902979980806 0.18564303221874667
0.23470830416149369 0.36388425761286936 0.1495518752070737 0.25185556301856327
0.002395005244030801 0.542051322637028 0.4118173491863306 0.04373632293261054
0.21901233821781307 0.6720867815133512 0.09861973284720027 0.01028114742163544
0.04103214352507467 0.198742560284628 0.5623255125214777 0.19789978366881966
0.216781826630431 0.127780607041586 0.45831226448864293 0.19712530183934007
0.5536181867309853 0.045955594369027186 0.31960313977050414 0.08082307912948339
0.09828370882239557 0.6271642704955449 0.0068432278739315455 0.267708792808128
0.2652746394250164 0.12201841195837015 0.37802050878518023 0.23468643983143322
0.19585158707442263 0.5217790414165973 0.09312711526326889 0.18924225624571123
0.36565857537029445 0.23642208532105935 0.38163642474123494 0.016282914567411266
0.17043807593862503 0.24055488049007512 0.40204191285318935 0.1869651307181105
0.44535545151464473 0.14500116068176372 0.006094618265363394 0.40354876953822816
0.05366439821911495 0.2430783622199798 0.4258277735312419 0.27742946602966334
0.3861743175673056 0.09452713753755271 0.18138010067169585 0.33791844422344586
0.36020399293437233 0.3551058891475688 0.19325016276304485 0.09143995515501402
0.6026819123642823 0.07820222741146765 0.004113833180859783 0.3150020270433903
0.005339604580371193 0.3838968351799028 0.5068545183009456 0.10390904193878037
0.30743506795972664 0.07486708814086507 0.4821251432607735 0.1355727006386348
0.8155954235966192 0.06938973098212975 0.10176475888720804 0.013250086534043026
0.20441816084594355 0.012711704341983765 0.34139798865605453 0.44147214615601815
0.6223398561818108 0.00512687345462437 0.1371574268694451 0.23537584349411977
0.2607590979196398 0.02466952449783666 0.22226576231578044 0.4923056152667431
0.1884918931918773 0.30244146819316853 0.46607738914179964 0.04298924947315452
0.2842642658169866 0.0527885442824767 0.6148945594354259 0.04805263046511077
0.4581197650671043 0.14542983515258245 0.1544461142787661 0.24200428550154718
0.08017698647661142 0.014016553316285485 0.30646171785308385 0.5993447423540192
0.039002652409287575 0.5353830278101444 0.10961335197943622 0.31600096780113185
0.35829227853947176 0.16221707948152997 0.273215570216065 0.20627507176293325
0.02379185231611225 0.3844291296649993 0.31694452442307264 0.2748344935958158
0.07077775412581588 0.4666922911403443 0.1026650861617775 0.35986486857206235
0.19001086850290605 0.2706978844268073 0.2490299351595211 0.29026131191076554
0.3414432690800927 0.0709851395719483 0.19190086915619775 0.39567072219176125
0.2912169872345357 0.3655728131734197 0.10603244606211248 0.2371777535299321
0.10096143490763898 0.09172535124704428 0.7555202063339723 0.05179300751134441
0.43980655331204843 0.0020820926033392473 0.07845072348915971 0.4796606305954526
0.6464220334001561 0.011719700544843614 0.3080326751171233 0.03382559093787696
0.13444197565250748 0.30313875270949264 0.40660709078156754 0.15581218085643234
0.3564614246377431 0.21709569693893105 0.19469882105083736 0.2317440573724885
0.5012122858817425 0.2355839163411968 0.19552081249449893 0.06768298528256178
0.4318464562288188 0.03582974152036267 0.4599898091997284 0.07233399305109012
0.4426830673416581 0.12299372920408658 0.20821562733016274 0.2261075761240926
0.10736406411558674 0.041890618468919505 0.33607547979176056 0.5146698376237332
0.585551812472181 0.11589241729306454 0.16836309636194435 0.13019267387281008
0.06326667800204244 0.3915185656497041 0.2728221419800827 0.27239261436817075
0.17376590947001047 0.25357636887107615 0.22874821829208714 0.34390950336682624
0.6416466852462478 0.24243781200709336 0.07499970885143936 0.04091579389521949
0.44868281957095435 0.2864205070674313 0.1721067249020467 0.09278994845956767
0.17449606578432164 0.4392448826761711 0.03697233334563099 0.34928671819387624
0.414383717346408 0.1273350318574129 0.3692917267860405 0.0889895240101386
0.21934823042138107 0.5217542633267535 0.16400666105353834 0.09489084519832713
0.15822744998493155 0.31511753003142284 0.0761427996154882 0.4505122203681574
0.14054489501426526 0.7135333430138018 0.0995011586161606 0.04642060335577236
0.32719604743483144 0.5626407007017646 0.09045336847793761 0.01970988338546631
0.13389773255199477 0.511403339016155 0.13049133908378652 0.22420758934806373
0.1579483228335241 0.3185040470324052 0.4704390441124596 0.05310858602161106
0.29563613322430393 0.5025396405333753 0.036303323184317504 0.16552090305800327
0.4187733153037294 0.21409923817270549 0.14242164228328413 0.22470580424028097
0.08782256534247124 0.5875362225414158 0.28423934368539494 0.040401868430718024
0.018929326947746516 0.002450722550581541 0.4951975178370286 0.48342243266464335
0.6129808414432495 0.02754122763439759 0.19628213329399902 0.1631957976283539
