17 20 4 52.77000871283998 105.54001742567998
3.6519850241839875 5.775280800447647 2.7236870825274537 1.6111032237216223 8.08286913999922 6.907001695982699 6.737688064392723 6.180426043777306 1.3515662456997983 4.22032244035194 9.511148681365668 1.5404021228384681 8.7763789319159 8.895614735332273 1.4607429905840832 6.871767539190893 5.965762317713877 6.377619279151459 5.351757618790019 3.546893447712921
0.7303970048367975 1.1550561600895295 0.5447374165054908 0.32222064474432444 1.616573827999844 1.38140033919654 1.3475376128785446 1.2360852087554612 0.2703132491399597 0.844064488070388 1.9022297362731337 0.30808042456769363 1.75527578638318 1.7791229470664547 0.29214859811681665 1.3743535078381786 1.1931524635427755 1.275523855830292 1.070351523758004 0.7093786895425842
0.29772571830177164 0.09832171774525489 0.022436949298850428 0.581515614654123
0.15090669442067706 0.04786717777966598 0.5192633215033027 0.2819628062963543
0.5449985739307204 0.022992545793910635 0.10877126597832942 0.32323761429703957
0.4449960661200688 0.35227166387524134 0.16352002647146802 0.039212243533221836
0.7187760832244346 0.058198497381145575 0.11076177128005671 0.11226364811436307
0.3903744912765845 0.1302605722347473 0.3086697003970964 0.17069523609157178
0.06570232191808534 0.06472696029053371 0.4503455428781089 0.41922517491327205
0.19744377751367526 0.5981508698398491 0.08826957037971284 0.1161357822667628
0.2738131929177843 0.036706650727603374 0.5615239423077828 0.12795621404682955
0.08273548925340335 0.7023482020105262 0.07344097761359758 0.1414753311224729
0.22019206904373745 0.23354539289846943 0.27367505363202405 0.2725874844257691
0.5156805801975399 0.0579293576034976 0.06726489164345728 0.3591251705555052
0.4981436821039962 0.37290331196096627 0.11695966750646392 0.011993338428573641
0.5147053338756159 0.2174067096590181 0.012867167682172331 0.2550207887831937
0.11938639397855333 0.3295636743184751 0.4099119885498681 0.14113794315310346
0.3651236493904061 0.12797868919612054 0.45482068062203884 0.052076980791434524
0.30893876440744794 0.17391591025799835 0.17825799886062443 0.3388873264739293
0.03696914756503811 0.15161506046809348 0.5225889270356873 0.28882686493118115
0.6439261219721384 0.17025286400249606 0.11486595912456121 0.07095505490080434
0.15720954243394458 0.07832164946046771 0.34990451664531375 0.41456429146027396
0.14390392077532788 0.41760498455103323 0.2271918043525385 0.2112992903211004
0.05524135021582377 0.23707600428831477 0.5390465678063825 0.16863607768947897
0.08233974921248077 0.0361325156665957 0.04048647968819896 0.8410412554327246
0.06797872826362639 0.5912266641123953 0.2287770417811773 0.11201756584280098
0.13394566757579296 0.6096310975583036 0.09441474706122854 0.16200848780467492
0.029156996519808853 0.40809499564823204 0.05562068199764325 0.5071273258343159
0.57928407774407 0.37505378781285426 0.03004566543754794 0.015616469005527822
0.01569619295094371 0.06762920767946135 0.6848650387979072 0.23180956057168778
0.23638112638259945 0.4792621325358746 0.20046682747108124 0.08388991361044473
0.35328125178061953 0.322205191223807 0.017410441112079567 0.3071031158834939
0.06412777290220895 0.18124461755754107 0.24230493900879835 0.5123226705314516
0.10616885236333873 0.4636561935315081 0.39052074812919757 0.03965420597595559
0.08015133786402995 0.6329350711233944 0.11978452608163837 0.16712906493093727
0.4130626280958577 0.41055735892415757 0.02292150809703497 0.15345850488294976
0.3105036139431915 0.21045586738730926 0.3763277936013084 0.10271272506819085
0.1300150130737544 0.3744625049178367 0.2785286031005496 0.21699387890785926
0.16373230849016773 0.37701513670412534 0.4258827090782874 0.03336984572741952
0.6874317440662987 0.094596013961746 0.10614280792781239 0.11182943404414292
0.26988141269516275 0.2155175734067344 0.2096430873022217 0.30495792659588117
0.425240464086586 0.15782600458876728 0.3702362231656825 0.046697308158964224
