35 80 4 219.15408509772462 438.3081701954492
5.122494534016814 3.775146462684205 3.0833834053200606 3.4968209658051332 8.355113307124029 2.0021197248324833 6.637935060588272 3.4910909797286287 7.139572067696458 7.110737055196687 8.170456767289686 1.4122194627045976 9.213384469693317 2.9243438770336 3.732735711452646 9.901572611053048 2.6729335262901603 9.898523518700452 7.750758082347687 3.001474406029078 2.331135174967583 5.642112476003141 4.548324867161222 1.628921128349883 4.044031931745733 1.0993349916112696 7.907750722549165 8.872499174105425 5.802348886440136 1.7597147457572981 8.418980761506738 5.5412307550932045 8.934567642042978 2.5664165633139815 4.626620977106402 8.48913889677809 9.807962245927648 6.572482886843235 8.82928589793158 3.2398921007230563 6.787305629091486 3.704055930736315 3.208244974687438 5.914213150041529 2.0778475794987163 4.087870349633272 6.686082685673886 8.483967294011485 4.198491036001439 3.1187058845184246 8.218317997278486 6.4334157576927185 5.442671251234236 9.397460408925614 6.878005771185638 7.109644824677867 3.804929828528782 2.0812815452008286 2.394264101513942 7.8950077029452075 5.612526008758236 5.154435763224312 7.77396365091477 9.559956988042144 2.232466935367179 9.542670912666736 2.0393485090566257 9.91246983672776 4.9611866982566735 2.2793577563287344 7.0551159481428 3.3882688126074343 6.161310746428931 2.022507948348067 8.736498106518912 1.0277514882460674 5.810569096836534 5.100107873329965 5.121703053198078 7.338601537827165
1.024498906803363 0.755029292536841 0.6166766810640121 0.6993641931610266 1.6710226614248058 0.4004239449664967 1.3275870121176543 0.6982181959457258 1.4279144135392916 1.4221474110393373 1.634091353457937 0.2824438925409195 1.8426768939386633 0.58486877540672 0.7465471422905292 1.9803145222106096 0.5345867052580321 1.9797047037400906 1.5501516164695375 0.6002948812058155 0.4662270349935166 1.128422495200628 0.9096649734322444 0.3257842256699766 0.8088063863491467 0.21986699832225393 1.581550144509833 1.774499834821085 1.1604697772880272 0.3519429491514596 1.6837961523013476 1.108246151018641 1.7869135284085957 0.5132833126627963 0.9253241954212804 1.697827779355618 1.9615924491855297 1.314496577368647 1.765857179586316 0.6479784201446113 1.3574611258182974 0.740811186147263 0.6416489949374876 1.1828426300083057 0.4155695158997433 0.8175740699266545 1.3372165371347773 1.696793458802297 0.8396982072002878 0.6237411769036849 1.6436635994556972 1.2866831515385437 1.0885342502468471 1.8794920817851228 1.3756011542371276 1.4219289649355733 0.7609859657057564 0.41625630904016575 0.47885282030278836 1.5790015405890414 1.1225052017516473 1.0308871526448624 1.554792730182954 1.9119913976084288 0.4464933870734358 1.9085341825333473 0.40786970181132515 1.9824939673455522 0.9922373396513346 0.45587155126574685 1.4110231896285599 0.6776537625214869 1.2322621492857864 0.40450158966961336 1.7472996213037824 0.20555029764921348 1.1621138193673068 1.020021574665993 1.0243406106396156 1.467720307565433
0.040619300617455 0.30621342736027835 0.12631757178429748 0.5268497002379692
0.37598711029863163 0.17329813524043947 0.30686620791178354 0.14384854654914536
0.014654075559076607 0.5559712385268468 0.008970536646197513 0.42040414926787906
0.32634559720401324 0.0441944402382326 0.011003063385720657 0.6184568991720335
0.40057938004872184 0.05036111710230762 0.12783083365677672 0.4212286691921938
0.22893557389823438 0.24141576499641937 0.4597139315281943 0.06993472957715197
0.3203095187462669 0.06720933122644668 0.5706681178695214 0.041813032157764995
0.6731088771363121 0.01810589962509568 0.2066879993768822 0.10209722386171005
0.512848971911941 0.06342756613238065 0.18138526257851917 0.24233819937715917
0.2815190905620122 0.06853999910922859 0.26249578408691265 0.38744512624184657
0.19710289325647512 0.24389903619875508 0.49374707609405966 0.06525099445071014
0.14817095804086522 0.06997860365735409 0.3674834041517976 0.4143670341499831
0.0926447462436063 0.2930481926815175 0.5713738676371843 0.04293319343769186
0.6759224145915318 0.028294609828933948 0.05322655829920009 0.24255641728033417
0.5987795917966887 0.11892639853618536 0.24925196275608097 0.03304204691104495
0.5037984214259044 0.06755866454695647 0.37838611804460165 0.05025679598253752
0.2542308030289825 0.3863185515065175 0.3226480115773066 0.0368026338871934
0.19747217671912465 0.13973727232253774 0.07850790631938287 0.5842826446389547
0.15139081659485043 0.5701952363430117 0.14129806380323928 0.13711588325889856
0.04254440736084231 0.38557473746576243 0.18120018724952958 0.3906806679238657
0.2768343409965883 0.11456297229379175 0.5434667364247917 0.06513595028482821
0.3623199278539977 0.11715762799681717 0.16226367867490998 0.35825876547427515
0.3518413707006136 0.41194109944393154 0.22525363630704853 0.010963893548406323
0.2149245386620895 0.17517535634688208 0.539711842370373 0.07018826262065547
0.6356978660157058 0.10174675128670518 0.14925416612099374 0.11330121657659531
0.12334738350244245 0.3590031924682645 0.3438292408438415 0.17382018318545156
0.5053177670598875 0.31317388675790325 0.1517592712091046 0.02974907497310464
0.03030628043744643 0.3840703402443659 0.32891249362677355 0.2567108856914141
0.059248507728284716 0.7923747248127319 0.0008200015339410172 0.1475567659250424
0.006335799081779614 0.24858042530953617 0.5685889838743704 0.17649479173431382
0.2275381938406117 0.06437559736110976 0.07960398098075083 0.6284822278175277
0.1128528029537329 0.5531199179574052 0.13902900251621786 0.194998276572644
0.01809334551834607 0.4450032187277523 0.27582349407489704 0.2610799416790046
0.13013188183259694 0.1718896205922006 0.3299403849288336 0.3680381126463689
0.4071038589515805 0.3802616413881871 0.1581564563602189 0.05447804330001349
0.006667450639488592 0.7256739647698699 0.1303030929593586 0.1373554916312829
0.34290865602739207 0.10869978085563048 0.5089107932277747 0.039480769889202794
0.014160181302799946 0.3101972625799587 0.48715892346329137 0.18848363265394996
0.21205899880577306 0.00441527534506847 0.31670948916589514 0.46681623668326333
0.29756739938162646 0.336907455166067 0.28790607046492644 0.07761907498738008
0.2365866587997647 0.06279131162840568 0.46318549647309415 0.23743653309873547
0.1009865042298076 0.17785201369309522 0.5488545086150561 0.17230697346204105
0.0784045854475951 0.6743908882830599 0.21683654713381706 0.03036797913552791
0.3600009234610566 0.16746655535635313 0.18723091072555975 0.2853016104570305
0.24250542015003884 0.37745520159428614 0.07985869931931355 0.30018067893636147
0.2737358597133016 0.23912357755267977 0.19304328239363633 0.2940972803403823
0.5063730079159849 0.19935133054134901 0.15643693876208042 0.13783872278058562
0.1562285008027654 0.025302905277489574 0.30761032533154187 0.5108582685882032
0.22923801058453674 0.6196370622576739 0.07161851973740074 0.07950640742038861
0.047524042476329464 0.4811388251039955 0.2598760797332459 0.21146105268642912
0.6899917618381155 0.06280286121904233 0.013441052426307554 0.23376432451653462
0.5589250409524684 0.056952064963264326 0.31037573488089076 0.07374715920337649
0.07246741343769558 0.07987955075418729 0.3171944711404949 0.5304585646676222
0.1722510814536128 0.007813118806776043 0.1617425511301308 0.6581932486094804
0.0832823806157057 0.273661662466692 0.07645235937313832 0.566603597544464
0.42194161793619744 0.31467100449333774 0.08550749690312198 0.17787988066734284
0.7286751301859298 0.09697632410468238 0.16298010354098647 0.011368442168401383
0.04301199696198499 0.3478042191213676 0.3308426134210861 0.2783411704955613
0.17799473404813615 0.11579672168972188 0.09789899135260405 0.6083095529095379
0.1355578142910836 0.14989996671476702 0.6770605942891148 0.03748162470503458
0.028923679365105537 0.1741503058150995 0.27159356401417256 0.5253324508056224
0.1102582627671681 0.05285752580270031 0.07915355645012945 0.7577306549800021
0.4709634513228035 0.10331977633631839 0.07197073251478758 0.35374603982609054
0.7555944495172994 0.03706477811045317 0.17316147500336176 0.0341792973688857
0.28822921026025394 0.2905074712578304 0.4212190428226068 4.427565930886779e-05
0.40405645050798333 0.09661586067303674 0.3625693274087666 0.13675836141021336
0.2724079424688203 0.05232561880411668 0.4857895412674279 0.18947689745963514
0.28688995021428765 0.06592839236804549 0.09843843335034719 0.5487432240673197
0.22439517001140374 0.5188519016723055 0.1449391094064818 0.1118138189098089
0.13662662566958994 0.1373349120861398 0.04589181150455002 0.6801466507397202
0.05935866196624595 0.09768369904224072 0.3354801620523611 0.5074774769391522
0.15035966235261122 0.3223095870666086 0.09077700170625647 0.4365537488745237
0.1504623379579596 0.25553257503605287 0.20730435693575755 0.38670073007023
0.34483960843717176 0.11478414831772699 0.3208743433254254 0.21950189991967584
0.7888104551212671 0.049566325671340006 0.14377665766775172 0.017846561539641148
0.1254011515774045 0.08288762322901122 0.42631514190595654 0.36539608328762774
0.296141383421034 0.5643303693087345 0.139508112380049 2.0134890182488263e-05
0.24589534692801052 0.2716607735788491 0.35272683537707084 0.12971704411606955
0.362834845616985 0.34408869450572466 0.2671438144226497 0.02593264545464069
0.6348016684233634 0.06960401939947491 0.09164577495477222 0.20394853722238948
0.22154597283124156 0.3992114842858282 0.3377797287696491 0.04146281411328112
0.36791660296125894 0.15924431745001943 0.21542854901593989 0.25741053057278174
0.07257532288356017 0.5761732684436117 0.24822905511010274 0.10302235356272538
0.03226078537495891 0.25489737383369937 0.20836774171183392 0.5044740990795078
0.7482378502531969 0.20012666441283855 0.031325616369666576 0.020309868964297983
0.018532760954094618 0.5054812095227114 0.3531288011359365 0.12285722838725754
0.011428469478960368 0.30995285619104374 0.5452691139182733 0.13334956041172263
0.45680970286049294 0.22683842214571925 0.2907684635829324 0.025583411410855406
0.19630106895472432 0.4386095519774912 0.305841225867165 0.05924815320061949
0.16065446013896723 0.20480589061143795 0.3820480729975019 0.25249157625209295
0.7468207117749138 0.044322784685189576 0.1387003842414094 0.0701561192984872
0.3009126112465994 0.24583899345752824 0.27584380909023565 0.1774045862056367
0.5165491651427475 0.15882455735666312 0.24159623547447584 0.08303004202611353
0.20418282716905822 0.07685801043403462 0.15872932116152372 0.5602298412353834
0.7004316508951046 0.07467502572737594 0.157584854898565 0.06730846847895444
0.22672332135341555 0.14692474258316768 0.5495607715282512 0.07679116453516555
0.6055072730407316 0.0046062117766064725 0.2426168853269155 0.14726962985574643
0.3063787240428689 0.1531954141033376 0.5307037591363946 0.009722102717398928
0.3012653731633267 0.05475572620139835 0.3100665734450776 0.33391232719019737
0.49821363450985523 0.2950453482678147 0.10601600285546031 0.10072501436686976
0.017420456187415723 0.231267621020521 0.35023472565636615 0.4010771971356971
0.507229518029706 0.053999286260571155 0.30995355688208437 0.12881763882763853
0.7910476326737684 0.0724810857733057 0.1280217439673892 0.008449537585536682
0.4518917229850289 0.016275219907681104 0.3179154268500418 0.2139176302572482
0.11988235415618542 0.48825363193037785 0.35413661720085265 0.03772739671258407
0.1317009567293146 0.40180808059892603 0.12325403944829272 0.34323692322346666
0.19401303174911522 0.015221265938115125 0.05881899286527881 0.7319467094474909
0.10639856911939494 0.7531529350535938 0.11225760327821821 0.028190892548793034
0.270848513127956 0.4361492833117545 0.1946521069134045 0.09835009664688499
0.5545465190959146 0.035487509150425534 0.12558130468467132 0.2843846670689886
0.29233998303047537 0.2933465574160058 0.17772593999532216 0.23658751955819668
0.5098934532483089 0.28324689163169736 0.1273689124611519 0.07949074265884182
0.14192412545999433 0.47395562928865487 0.26756957945426774 0.11655066579708306
0.31081484950882543 0.34266119219175173 0.2820088791455859 0.06451507915383692
0.07666055343083233 0.11558011908070609 0.47643322271900235 0.33132610476945923
0.020452977962102437 0.17942457998995043 0.07754868248442415 0.722573759563523
0.32117725080306336 0.12992475393465497 0.44731399063664357 0.1015840046256381
0.015163495678212624 0.4309773827527338 0.3939679833868145 0.1598911381822391
0.3489804046680247 0.37826988211017687 0.1301167036799259 0.14263300954187252
0.13467925289599092 0.2971838448516717 0.20199158438540477 0.3661453178669326
0.07657469036968034 0.04795148013563433 0.32939885865380536 0.54607497084088
0.10937242729110119 0.16807226174654222 0.0178395075964769 0.7047158033658797
0.21820529043916548 0.02236583218940935 0.01762688541247337 0.7418019919589518
0.2629105766423714 0.41412923094363674 0.1699851369661306 0.15297505544786127
0.2477458790162198 0.03727877461135498 0.6985735396306872 0.016401806741737968
0.13859528609750515 0.6668557504344134 0.06983255443404979 0.1247164090340317
0.5796929539538936 0.021008621755899903 0.3539683934045288 0.045330030885677663
0.4640324457490219 0.09866683461934433 0.15036363191811242 0.28693708771352133
0.2701680006943936 0.29208395938989207 0.16865801199384145 0.26909002792187287
0.3246630817257221 0.2054962031572961 0.16880374586709368 0.3010369692498881
0.2494591931198873 0.2752760551563662 0.3454899748674838 0.1297747768562627
0.3949162916246196 0.0956179326826514 0.30948909731791907 0.19997667837480992
0.3131828716709215 0.06903317462179781 0.22576583058727118 0.3920181231200095
0.04597044380441462 0.4683261793506357 0.28535420856773375 0.20034916827721594
0.2804656806477859 0.1565395910151015 0.18866974880103504 0.3743249795360776
0.12328664689632074 0.6392723476182277 0.013686480551261648 0.2237545249341899
0.013230925373034275 0.3885963562093889 0.1860441468177244 0.4121285715998524
0.2839715419840343 0.1646550635054943 0.49363036499606827 0.05774302951440313
0.30896065246320803 0.2480760619329252 0.20291268269921447 0.2400506029046523
0.44869071564903007 0.06733738253684607 0.40378079804414657 0.08019110376997729
0.3492134250612673 0.6135277804537166 0.004841859667180648 0.032416934817835474
0.13402560046090273 0.11385309739527694 0.016854198072955406 0.7352671040708649
0.0466133859512422 0.3418023144368656 0.11759753417236474 0.49398676543952746
0.15684160759787602 0.02236590066160582 0.6795636594184188 0.14122883232209937
0.11956609535666829 0.07025236324284156 0.34798567850905804 0.4621958628914321
0.24599032133703524 0.2528779334651273 0.4207962261246073 0.08033551907323011
0.024009898107618555 0.5400996402207943 0.4286221584539356 0.007268303217651595
0.31011946071997554 0.45267446572815984 0.10646101847841005 0.13074505507345457
0.3313845883953661 0.04565535211330218 0.03353465457796334 0.5894254049133684
0.12346529495798031 0.2933730142439286 0.2773149319873158 0.3058467588107753
0.026178775082820516 0.26288624850175846 0.6659006096277241 0.0450343667876969
0.2762668173600361 0.08029188495045436 0.3005124047954991 0.3429288928940104
0.003327897599075036 0.038122663357585074 0.40138594656684734 0.5571634924764926
0.08867729204313723 0.32378607243724455 0.008712452554892836 0.5788241829647254
0.4888256184123515 0.0016945340147324073 0.03290842564083085 0.47657142193208524
0.4292521615687577 0.02944108588283534 0.3539573136969668 0.18734943885144018
0.17819935926511898 0.11760031626174217 0.3775822749620249 0.32661804951111395
0.2254350730239646 0.544253306112301 0.18686436447089272 0.04344725639284164
0.626589052917803 0.05400898539972554 0.09321220801958352 0.22618975366288796
0.7164076972918909 0.14195742296266034 0.09909403861001054 0.04254084113543821
