63 100 4 288.96483813621967 577.9296762724393
5.985469202505278 4.566231043348301 1.4331409532206902 5.731053049835674 2.377347236307013 5.500091448947385 3.304781017445328 5.887838420825595 5.934395075666245 3.032098424709843 1.8032167985742558 5.066826627134538 7.960460596276131 7.139031848248497 8.759271930191854 5.084604967186923 6.124959653745853 1.047449284762255 8.870717967444769 6.200914112479511 9.507061736478468 9.02608189499293 7.136916487656036 9.01315824084015 2.741154005895508 8.22303531750521 1.2106941115426657 9.283960581194181 7.021939314462561 7.679339228261873 9.692987380152529 4.598442966835718 3.831794405201358 5.419872210551693 3.6607142404928146 5.872932140430616 3.6378334282610307 3.1227598127561733 7.296359538281815 4.121907830043984 5.129775818573659 6.421680100854232 1.9921075675847255 4.614962143680816 3.3568051453416228 6.387557030609624 9.191360333760848 2.6297186456882176 9.87807500540809 7.185379423830334 6.023006803084443 9.47643233322125 7.037882067392939 6.442140912815908 4.646787801130948 5.8410761339496124 9.70994765652213 1.4925737556199745 9.211950697635825 8.623743325283238 9.577007314133828 1.0232184747369852 9.260346241033682 8.413696103753317 5.963822319840654 7.632359501605828 9.426612024919008 3.2502370688803515 9.832200952678228 6.0214789015279635 5.384852208382174 6.404577478063838 6.424084258581782 6.461694444415674 9.723659581492603 6.579190387311438 4.088628406294159 2.6706498229352036 8.892145551718968 8.198977005405512 2.447251265515667 7.6613485282601745 7.643095889034121 1.9326539763415789 2.3852955299976566 1.172812018619132 5.345332536608238 6.478038980963205 7.199074951838483 1.8546604135405262 9.25985483530554 1.1842166510759617 5.9569729711579695 3.8369878448282466 5.018838718610923 5.964517665714286 9.62393404840729 1.5628313577301256 2.1287910190757775 4.841921789421605
1.1970938405010556 0.9132462086696602 0.286628190644138 1.146210609967135 0.4754694472614026 1.100018289789477 0.6609562034890656 1.177567684165119 1.1868790151332491 0.6064196849419685 0.3606433597148512 1.0133653254269075 1.5920921192552262 1.4278063696496994 1.7518543860383708 1.0169209934373846 1.2249919307491706 0.20948985695245098 1.7741435934889538 1.2401828224959022 1.9014123472956936 1.8052163789985858 1.427383297531207 1.80263164816803 0.5482308011791016 1.6446070635010421 0.24213882230853315 1.8567921162388363 1.4043878628925122 1.5358678456523747 1.9385974760305058 0.9196885933671435 0.7663588810402716 1.0839744421103386 0.7321428480985629 1.1745864280861231 0.7275666856522062 0.6245519625512347 1.4592719076563632 0.8243815660087968 1.0259551637147317 1.2843360201708465 0.3984215135169451 0.9229924287361632 0.6713610290683245 1.2775114061219248 1.8382720667521695 0.5259437291376435 1.9756150010816182 1.4370758847660667 1.2046013606168886 1.8952864666442502 1.4075764134785878 1.2884281825631816 0.9293575602261896 1.1682152267899224 1.9419895313044262 0.2985147511239949 1.842390139527165 1.7247486650566475 1.9154014628267657 0.20464369494739704 1.8520692482067365 1.6827392207506633 1.1927644639681307 1.5264719003211655 1.8853224049838015 0.6500474137760703 1.9664401905356457 1.2042957803055927 1.0769704416764347 1.2809154956127675 1.2848168517163565 1.2923388888831346 1.9447319162985206 1.3158380774622875 0.8177256812588318 0.5341299645870408 1.7784291103437937 1.6397954010811024 0.4894502531031334 1.532269705652035 1.528619177806824 0.3865307952683158 0.47705910599953133 0.2345624037238264 1.0690665073216477 1.2956077961926409 1.4398149903676967 0.37093208270810524 1.8519709670611078 0.23684333021519235 1.191394594231594 0.7673975689656494 1.0037677437221846 1.1929035331428572 1.9247868096814582 0.3125662715460251 0.4257582038151555 0.968384357884321
0.1281718623191922 0.26876836052860875 0.008959909602082483 0.5940998675501166
0.3119102614035103 0.3557827538810646 0.023925415214193224 0.30838156950123186
0.14881209990661093 0.18119876348223407 0.23211180540240595 0.43787733120874905
0.654005143330462 0.020097201749688542 0.3053640633098791 0.02053359160997037
0.5102933091519994 0.11463229964559862 0.024115602412711157 0.3509587887896908
0.08589182170647036 0.13918455927421536 0.704387804426125 0.07053581459318925
0.09382234503158726 0.16711656510061101 0.615308011767815 0.1237530780999867
0.2894932889713533 0.26013436781307164 0.3069206321034982 0.14345171111207689
0.1646921784744524 0.48331000823594084 0.11409624281534425 0.23790157047426252
0.0761475461744674 0.008983961642737626 0.06418091429612038 0.8506875778866746
0.026578721191264365 0.32282580013158746 0.32884761580285005 0.32174786287429813
0.12799393321322916 0.082047959628619 0.3468342139760845 0.44312389318206735
0.39809909780134733 0.29580888242424763 0.02200263736688557 0.28408938240751946
0.342876284939309 0.3260277251850462 0.020673270372690844 0.31042271950295397
0.13337320043053236 0.22442902329815106 0.593017592953551 0.049180183317765525
0.025856249217368732 0.3320180966697538 0.28274415541980824 0.35938149869306923
0.14739786431636126 0.016039551955409515 0.3546926700332642 0.481869913694965
0.086952214896727 0.18437744248499677 0.38282774658397667 0.34584259603429957
0.23855393010578585 0.18812491105137308 0.2422367631689717 0.3310843956738694
0.09071171938033062 0.05052827228113965 0.23242583333836042 0.6263341750001693
0.752769231858096 0.08791598617352492 0.1321162107694951 0.027198571198884025
0.5460417262478179 0.003932630317874719 0.26979655388223855 0.18022908955206884
0.14973843761232075 0.10814973767222147 0.543311532196885 0.19880029251857279
0.18336482824126743 0.06047510460127237 0.5954462110767608 0.16071385608069944
0.01394034131267341 0.8064707514949573 0.08877281423239203 0.09081609295997728
0.28352292701779 0.32394476943374495 0.1460321008420441 0.24650020270642092
0.1344965894188137 0.2962698900861478 0.06773987037352447 0.501493650121514
0.013322760542641032 0.14894634201507717 0.8002263801391162 0.03750451730316562
0.14061972455523142 0.04870844491606785 0.5576424196770087 0.25302941085169206
0.13083146724199413 0.24331171966600218 0.16056794222914939 0.4652888708628543
0.2571106011587466 0.40693434695112696 0.07245968416952497 0.26349536772060145
0.22951705159564018 0.29927118224402594 0.2027797377385382 0.2684320284217957
0.47967559843365304 0.2073863444990509 0.059802959281713974 0.2531350977855821
0.054515126524603885 0.7024650924435807 0.09731842874900143 0.145701352282814
0.2039601224851485 0.17607196236566236 0.6003471349965281 0.019620780152661
0.333350829740222 0.38895037446223735 0.26803638120212814 0.009662414595412505
0.26015521444602907 0.4306920073919256 0.2810671747533151 0.02808560340873023
0.09996075056969433 0.149880149567705 0.4401351641021445 0.31002393576045617
0.28014864452579313 0.1468295671541564 0.1732888600484701 0.39973292827158036
0.052223979288627986 0.289523078261689 0.45844359612838637 0.19980934632129665
0.23257584488864924 0.022948305112541423 0.19956587618681332 0.544909973811996
0.05269636984746018 0.5578290622366495 0.24899603613323007 0.14047853178266023
0.10779933726585977 0.04515363019929308 0.296608904223318 0.5504381283115292
0.1705685119684679 0.39620174051291435 0.01711413003475304 0.4161156174838647
0.3040771435637275 0.02210703081528964 0.02773339935227015 0.6460824262687127
0.3519096774528149 0.18721616262589358 0.3168394194994488 0.14403474042184272
0.1912522345562252 0.15883383940063334 0.5285130517535527 0.12140087428958879
0.43979104422600535 0.3718054829993678 0.008243848611082516 0.18015962416354436
0.4578469428993519 0.36278568943384704 0.12191490679370776 0.0574524608730933
0.011423110506500245 0.5026285301354497 0.37622678187398106 0.10972157748406897
0.28718823127121296 0.4221477433122921 0.039208585398458284 0.25145544001803666
0.6103057291669376 0.07127194403487735 0.0046696961467649345 0.3137526306514201
0.34399516431327604 0.12929141287130042 0.21515909569402714 0.3115543271213964
0.2672060877071438 0.6429613884900719 0.027834271414842515 0.061998252387941766
0.294003240284719 0.2187189112636101 0.4259930857272297 0.061284762724441166
0.07097139369442473 0.7035644523178926 0.04204786380843939 0.18341629017924332
0.09038196468348703 0.009234130329739298 0.4626647958722523 0.4377191091145214
0.8815064226582137 0.028049317240297467 0.07237350610774473 0.018070753993744137
0.08876790709689542 0.3750507126869306 0.34274814215789706 0.19343323805827695
0.3553388645888952 0.26424641842655905 0.19911095673223767 0.1813037602523081
0.1916579020111212 0.41558677490667983 0.32934253460766405 0.06341278847453491
0.323505518390547 0.2356354304231877 0.35901634215043376 0.08184270903583157
0.10723351963556316 0.5418756610658048 0.06668366772758427 0.2842071515710478
0.12614507809988573 0.02991339564703932 0.7251553099636099 0.11878621628946506
0.26150844203346213 0.5743893512142736 0.057706693077661186 0.10639551367460309
0.05210160413454823 0.37767876261263666 0.3254292216247213 0.24479041162809378
0.2044863060981491 0.38668781808815245 0.29337715923529606 0.11544871657840239
0.021935809896507674 0.19407305034659605 0.13462378157798494 0.6493673581789113
0.03177071232741846 0.14455225097452862 0.497991003947037 0.32568603275101593
0.7668970924288979 0.018444363196531754 0.06571096967265411 0.14894757470191622
0.21862381299328204 0.42218432546279105 0.1645672632230344 0.19462459832089252
0.0008707062752950634 0.3276537380339073 0.22143495066178953 0.4500406050290081
0.15645969606812182 0.022017006092105662 0.4809170590386753 0.3406062388010972
0.057171259897162985 0.18797514990435626 0.722305560379481 0.032548029818999735
0.3157254895420114 0.43532140281637577 0.05983202193637194 0.1891210857052409
0.30036387992546676 0.5447558485084905 0.09328848945417012 0.06159178211187266
0.5464148910122011 0.15333439343803523 0.27888404858657545 0.02136666696318823
0.23144087118156131 0.08400242580347406 0.2097966203891115 0.4747600826258531
0.10051359435018814 0.4161814622095388 0.017159702939636312 0.46614524050063677
0.045872437379102404 0.055783061775257825 0.7073058677972998 0.19103863304834
0.38007685963368976 0.12160260147774848 0.1978168303202712 0.30050370856829056
0.15844580808104214 0.47413931723249814 0.28846272579842425 0.07895214888803548
0.09390931765643407 0.5782879143818849 0.09755067134637341 0.23025209661530766
0.744335663711964 0.013633258133161852 0.1850372048970187 0.05699387325785543
0.10294582624434168 0.3870347031255198 0.3743850505958931 0.13563442003424542
0.017584688044776642 0.025397159052206297 0.779622735494668 0.17739541740834908
0.11149292495558127 0.20477849956054028 0.14407913818045726 0.5396494373034212
0.05609205461954214 0.6512334748642773 0.07933507119745187 0.2133393993187287
0.05462178815502383 0.12757039369834078 0.4980817970605843 0.3197260210860511
0.3020913030654654 0.44768297335734186 0.20012603858579814 0.05009968499139461
0.5472095962303086 0.06244592116298053 0.06559554567731585 0.324748936929395
0.3785503309639181 0.26337816065510233 0.3351308988237197 0.02294060955725985
0.28822931795983064 0.14219027401934325 0.12372207703405591 0.4458583309867702
0.7700878875911324 0.03525441916465377 0.1936976201205277 0.0009600731236860671
0.08355822124550305 0.6224689509587842 0.09323473959976436 0.2007380881959484
0.23113878258548748 0.2913308023229454 0.3648718985353666 0.11265851655620052
0.08680143595628464 0.2735293694446347 0.08707970653832042 0.5525894880607602
0.22874394030801526 0.0981670493994613 0.6642526454666728 0.008836364825850596
0.31119690082798546 0.029892162238646658 0.31608865632654093 0.34282228060682696
0.5195589267357216 0.21050257597972422 0.25503065255583424 0.014907844728719977
0.23391572794400706 0.0047112964943157865 0.5154935759531101 0.24587939960856708
0.4091380468857855 0.09315818189005509 0.4229068610023683 0.07479691022179114
0.37577170299566 0.33700130092087266 0.11479043608311734 0.17243656000035001
0.08650182292070141 0.7103076093600303 0.18292677676764324 0.020263790951625005
0.35114942167279584 0.5163424712796572 0.006138581891923067 0.12636952515562394
0.12998945288880792 0.1690978434131899 0.3432622453551961 0.35765045834280607
0.05492180165587002 0.2607452843991087 0.34461596743933276 0.3397169465056885
0.28978730710089773 0.010101568217882773 0.6065578729256581 0.0935532517555614
0.3049462774960804 0.3091659956351499 0.2399226380755316 0.1459650887932381
0.075708051339623 0.40487301315426316 0.1107496105511504 0.40866932495496344
0.30872011247025155 0.08738129939417916 0.005863206889986428 0.5980353812455829
0.011905032020026574 0.023926845943250563 0.5219104499074969 0.44225767212922595
0.6176698438177192 0.006109261503545738 0.250101913155686 0.12611898152304912
0.18800805799339482 0.27572964588017246 0.22239350984503048 0.31386878628140225
0.1426261488874676 0.10657715303249271 0.3008830372968251 0.4499136607832146
0.6045975418016165 0.011078278928228547 0.36015478355589214 0.024169395714262798
0.19336911262702916 0.4503165563359849 0.22342950420753305 0.1328848268294529
0.1231851780583667 0.3963185363012536 0.14087131797906172 0.339624967661318
0.39993218136955055 0.13792484538637817 0.2098986687537654 0.2522443044903059
0.666003523634194 0.031007975320819336 0.27641000468035604 0.02657849636463061
0.2687543235867541 0.21204717044464605 0.39232042219445484 0.126878083774145
0.20813630913851522 0.2391112262484344 0.4975179969698408 0.055234467643209606
0.13431197814670182 0.5748286642943153 0.10950127843975721 0.18135807911922563
0.3686430258086003 0.30228881412556896 0.3282176104173469 0.000850549648483856
0.3831607931904645 0.13350632119728234 0.17412823279832013 0.30920465281393306
0.0003814587284065585 0.5862005480206357 0.0923791441257108 0.32103884912524694
0.2294264142940836 0.5243188631909517 0.06326558439002394 0.18298913812494078
0.4312387042705169 0.301679611491507 0.09945004313987627 0.1676316410980998
0.48435706960866887 0.25268356457708485 0.18308019485402194 0.07987917096022434
0.40704428923589253 0.1752250746939008 0.2011791792803843 0.21655145678982235
0.16472044172853662 0.5434247791811835 0.1953160920010124 0.0965386870892675
0.10444201086191196 0.10995597340538144 0.7719325987814545 0.013669416951252122
0.288033743684208 0.5957587624709749 0.004588615211950975 0.11161887863286613
0.19576176315125127 0.3354473484204701 0.4265218130605848 0.042269075367693865
0.10007905564965691 0.016053571116544263 0.4196259773714929 0.46424139586230595
0.1695789386083315 0.5330096290731411 0.07436105840759055 0.22305037391093685
0.13212305689787351 0.2504703024715813 0.04069335256968154 0.5767132880608636
0.8146306768283176 0.058470695833674036 0.03225590462092409 0.0946427227170843
0.48505726910490277 0.011591707023182463 0.292501651485109 0.2108493723868058
0.11428407087182346 0.15493208785864043 0.22325325059675794 0.5075305906727782
0.5508184875652652 0.048948413831032433 0.21882365361295097 0.1814094449907514
0.12142736676516264 0.493653906785092 0.033888431738686164 0.3510302947110592
0.05096860020904059 0.603115735790106 0.13018830934214454 0.21572735465870885
0.1921393775148359 0.3952518409310465 0.27420359302170916 0.13840518853240846
0.0015154456942629846 0.4829697118173051 0.31251623718265253 0.2029986053057794
0.8463912816042174 0.03724883468250584 0.05934106598486211 0.05701881772841466
0.4154563034097063 0.14827190818217562 0.058430039776649734 0.37784174863146835
0.47078537188823955 0.059855507805212316 0.25007299748573186 0.21928612282081628
0.7375781016223019 0.24869983448655653 0.007438588807336943 0.006283475083804668
0.19399029363465403 0.5393391532194207 0.07148091237808518 0.19518964076784007
0.0012729053730020645 0.08536542554714499 0.27457398268234456 0.6387876863975084
0.12082330093816052 0.42469263504547217 0.3203373382367105 0.1341467257796568
0.1712632928862785 0.5338712366949497 0.014823156289483386 0.28004231412928837
0.12492046518827338 0.3085813292588303 0.14519578761381458 0.42130241793908174
0.0930965453398781 0.04575038820478705 0.7436887527175003 0.1174643137378345
0.5113602720581661 0.07331226025883364 0.141114683540998 0.27421278414200223
0.07384925709364654 0.28734234267643766 0.5436907580796451 0.09511764215027074
0.14982907795703948 0.1637136681314214 0.1163273936831154 0.5701298602284237
0.484875744265425 0.15775558686104618 0.3489296688490594 0.0084390000244694
0.08853712868279329 0.6824080711491313 0.22088056649134868 0.008174233676726761
0.12299915431805386 0.21014613272830263 0.0715641004031149 0.5952906125505286
0.3226875298219899 0.014871273685132302 0.43083314152104724 0.23160805497183057
0.014725709465510883 0.21163461104351622 0.1423302726571204 0.6313094068338525
0.2046643121352657 0.1255409484519826 0.39989096685331993 0.26990377255943176
0.3851254475279049 0.3008305370804315 0.3085867749348499 0.005457240456813728
0.03759248203160559 0.5556236139132493 0.30003830633760475 0.10674559771754033
0.08293964524262687 0.16739450579791326 0.1448579831268394 0.6048078658326205
0.12959718761547012 0.6034984023826803 0.19245777866446223 0.07444663133738738
0.1656361004595851 0.5313165372745008 0.2128256185641797 0.09022174370173441
0.036958753369463304 0.047407477417261146 0.2598705459145645 0.6557632232987111
0.580471603274833 0.20559765888414439 0.20339405919285336 0.010536678648169207
0.005573445700977286 0.7302956963083597 0.09717544622510321 0.16695541176555984
0.2542261732990295 0.15786063015826834 0.444116926453063 0.14379627008963913
0.2372188362262182 0.2624398700600171 0.38372652024687537 0.11661477346688931
0.3925115134443572 0.2572338045508197 0.32222728677800927 0.028027395226813856
0.678796568256908 0.24369237451255898 0.012880402222495979 0.064630655008037
0.014597123505089349 0.075522583421759 0.6200691417519507 0.28981115132120094
0.04266021557765387 0.09582808289995359 0.3287450058744471 0.5327666956479454
0.018517824085560353 0.7676785275494499 0.000582482310986232 0.21322116605400354
0.25453749398932257 0.42428110215805437 0.21645384122886457 0.10472756262375849
0.00162357360151133 0.5396593530650036 0.03907950198645471 0.4196375713470304
0.023757396870294434 0.5039840222418253 0.2527588699154728 0.2194997109724075
0.019557762943269164 0.6242409587663531 0.10708295688170189 0.24911832140867585
0.6326765075706557 0.22477462101364498 0.004588544111382986 0.1379603273043163
0.17454762668525137 0.38948770410787936 0.06423553690101347 0.3717291323058558
0.2808896400925657 0.5460277066432576 0.02571243708427895 0.14737021617989776
0.31698853101795965 0.4933663860061821 0.1047342607654761 0.08491082221038215
0.4261953936557066 0.13658214609678876 0.4224314230895214 0.014791037157983244
0.3410705849992216 0.37847418382049935 0.1100019457729704 0.17045328540730864
0.4230640894087824 0.2876037183415535 0.21228737218007843 0.07704482006958568
0.47320393993058696 0.2922267436529402 0.1701740804183396 0.06439523599813324
0.38751290999917476 0.18642567004249722 0.1911536720902568 0.23490774786807123
0.2763932516059796 0.3812493619844757 0.008547276361902445 0.33381011004764227
0.1042890589439619 0.18189365867913487 0.45979960963401223 0.254017672742891
0.5642028927022155 0.004608333041829948 0.14411753655305148 0.2870712377029031
0.33312292847806924 0.28943490520268056 0.04740136128492556 0.33004080503432465
0.2625832786344513 0.1052001401042082 0.5528996770300362 0.07931690423130433
0.037924986327186105 0.20546606774032405 0.4379696982761001 0.31863924765638973
0.07078612047177246 0.306347281618201 0.5547535340652834 0.06811306384474314
0.02462243522377261 0.35364785550902245 0.08665096389896565 0.5350787453682393
