26 10 4 28.143947340937075 56.28789468187415
3.7714145736247375 5.674523313747707 7.914678953841761 8.102986625537739 8.835058562282411 2.69129252459862 3.4255472105522644 5.465729268890751 7.652095724023396 2.754567924774765
0.7542829147249475 1.1349046627495414 1.5829357907683521 1.6205973251075476 1.7670117124564821 0.5382585049197239 0.6851094421104529 1.0931458537781502 1.530419144804679 0.550913584954953
0.17974524672591197 0.0899476949200354 0.01307266296503018 0.7172343953890224
0.5681748454057759 0.08552952524280921 0.3087011409641893 0.037594488387225566
0.7204862077049744 0.254855428868752 0.02039726082669313 0.0042611025995804575
0.6001319655700829 0.041234209070404426 0.24736406676221556 0.11126975859729715
0.2769972679782826 0.018645142083513977 0.27427486104284937 0.43008272889535404
0.09671889716483129 0.46368625012020526 0.4132166239765648 0.02637822873839868
0.2396154296911409 0.6439404504515457 0.08511060827291095 0.03133351158440245
0.18629732131295906 0.0003119263894998392 0.76628797821017 0.04710277408737107
0.08144908788369443 0.02674622184113995 0.025663828039078296 0.8661408622360873
0.33681723855337 0.6151010632835701 0.038551624267627815 0.009530073895432145
0.29351950931400517 0.24530674926114815 0.22211361088694537 0.23906013053790132
0.4854923540035292 0.05113704452584544 0.37658492764173546 0.08678567382888991
0.14198246388143665 0.15308110749413517 0.324493902627069 0.38044252599735917
0.6446713525167016 0.10596411954116414 0.1726639874601772 0.07670054048195707
0.12642995368539767 0.28262954057084866 0.27353421857594007 0.3174062871678136
0.3543428731361091 0.500000547162058 0.06762270724569519 0.07803387245613769
0.05095638493065513 0.05285836536268651 0.666159936415317 0.23002531329134135
0.5120469382571524 0.24067332730175983 0.037861758464723616 0.20941797597636413
0.1986245132408213 0.3246152610462043 0.10948545130449161 0.3672747744084828
0.5083079395724364 0.018051893426836996 0.1069039163626333 0.36673625063809334
