61 40 4 106.77099896394456 213.5419979278891
8.420225283219537 2.632147592474798 8.895940913863473 5.495961766119753 9.684337899004106 1.0319099212875775 9.312799119745467 6.664995219110898 3.7386779949941666 4.068325738599709 2.266616626426149 5.383015982709059 8.929420482203023 5.0769553278344315 5.2749836205217395 8.941064781400012 7.00717372136776 1.736458841985613 1.2504108294834577 7.480301141083219 7.406398012926148 1.358858566155244 5.194077825274609 4.306554206058671 6.393006834855653 7.522180053072223 2.727886026441016 5.7539703063257885 3.622987896234239 2.2554207527894476 9.603832969961054 6.445396860043522 9.192539656260811 5.12048470311357 1.3913456572961274 2.1390628205828865 4.011123296792749 5.030702011624007 4.833755415273619 5.94069125337382
1.6840450566439074 0.5264295184949596 1.7791881827726947 1.0991923532239505 1.9368675798008212 0.2063819842575155 1.8625598239490935 1.3329990438221795 0.7477355989988334 0.8136651477199418 0.45332332528522984 1.076603196541812 1.7858840964406046 1.0153910655668863 1.0549967241043479 1.7882129562800024 1.401434744273552 0.3472917683971226 0.2500821658966915 1.4960602282166438 1.4812796025852297 0.27177171323104876 1.0388155650549218 0.8613108412117342 1.2786013669711305 1.5044360106144445 0.5455772052882032 1.1507940612651577 0.7245975792468478 0.45108415055788953 1.920766593992211 1.2890793720087044 1.8385079312521622 1.024096940622714 0.2782691314592255 0.4278125641165773 0.8022246593585498 1.0061404023248015 0.9667510830547238 1.188138250674764
0.19307393357028613 0.5566163734601146 0.020001091211024113 0.23030860175857515
0.010345279282380382 0.16076129665217087 0.5549770181906303 0.27391640587481847
0.2581702677489922 0.11474184100794582 0.11177632710277352 0.5153115641402884
0.038929871611780964 0.09953769614262675 0.8298807203636698 0.031651711881922506
0.47826300983263514 0.1888051127544078 0.06148102252984078 0.27145085488311627
0.12607086533676615 0.5331403322841654 0.16275919101098246 0.17802961136808604
0.12031385849588072 0.35459607929108783 0.17110468887562713 0.3539853733374043
0.017380565625591315 0.5896664804708643 0.05340476253760207 0.3395481913659423
0.6157151009679958 0.18993031737981314 0.08679041002232712 0.10756417162986398
0.6204326207075277 0.24624366946483045 0.036467967597737405 0.09685574222990445
0.06753918183055563 0.44952021579103707 0.4774485903140876 0.005492012064319707
0.2244041840310278 0.4678223400062337 0.18357390154564834 0.12419957441709017
0.21106019774499185 0.10315085856851314 0.48869906558028653 0.19708987810620848
0.41271096054771494 0.1304852261556485 0.4273551622400955 0.029448651056541042
0.44754354287051135 0.25975920331789415 0.2628429561181662 0.02985429769342829
0.1305661096490004 0.5399351781338034 0.2025802791148782 0.12691843310231798
0.26475307721765085 0.25545869770462803 0.46346064370573514 0.016327581371985977
0.1637722178249208 0.17547156795286778 0.41362954542141894 0.24712666880079248
0.1507916724092303 0.21863448406324848 0.5295973947279149 0.10097644879960632
0.32186902980772125 0.2737810136185489 0.1618130443740684 0.24253691219966145
0.10320571664862666 0.02422933258900306 0.05761914215137032 0.814945808611
0.302629697221641 0.35013491036411104 0.14280420121220816 0.20443119120203979
0.7542022974837501 0.006466678951031146 0.09093417380851887 0.14839684975669987
0.4476728119820663 0.1358485520257967 0.26191106484027904 0.15456757115185793
0.0279933311888223 0.5701616038967162 0.38447003686670733 0.01737502804775415
0.2643422085668181 0.13922887134196937 0.36463742540191324 0.23179149468929927
0.17957139433867153 0.30409340879943536 0.4672688734768795 0.0490663233850136
0.35864660842906215 0.5031778836323496 0.014069700620451875 0.12410580731813636
0.21398298882384648 0.09178484225963779 0.6541904835951415 0.0400416853213742
0.18316471483209684 0.29316694335766036 0.012114688775583415 0.5115536530346594
0.05273791475514922 0.4940531852770176 0.2816817397692519 0.17152716019858127
0.14654634340558426 0.29654618990486725 0.5225054268940762 0.034402039795472295
0.39104680378298406 0.07120524441434883 0.442981867342249 0.09476608446041812
0.2188107292904352 0.27850660017466355 0.03210351895833086 0.4705791515765704
0.10662161209783183 0.16005172997091 0.307746819713573 0.4255798382176852
0.18069614011308766 0.35679037925749313 0.44763137607362846 0.014882104555790754
0.10544950995334701 0.1720070492215645 0.2963111645779736 0.4262322762471149
0.12699247422285764 0.047812402736817305 0.19210919943041316 0.6330859236099119
0.34836718534641853 0.21911201260154223 0.0778240741815861 0.35469672787045314
0.2785058265992537 0.43059673898190487 0.1915737524309825 0.0993236819878589
0.26058315838658075 0.03176411063712581 0.6298520008451545 0.07780073013113897
0.45445248332638644 0.18799046736093372 0.1260615658619072 0.23149548345077264
0.0981926085607514 0.17007455126389714 0.05848461055941656 0.6732482296159349
0.12349837203131697 0.06392855888008275 0.1531855068285669 0.6593875622600334
0.24536184183455523 0.19915946129841633 0.12827741037642493 0.4272012864906035
0.3427416748458 0.4511051902375075 0.03687764814518246 0.16927548677151005
0.20370633330540922 0.23060009309719498 0.544315944803763 0.021377628793632808
0.012089946168206356 0.3692806535382891 0.5326015397862416 0.08602786050726297
0.35780278090595274 0.3242357474711771 0.2265616601245144 0.09139981149835574
0.14093050732007484 0.4198873708116938 0.3435200532453482 0.09566206862288318
0.1294365531894901 0.04251788971652115 0.05628562677630422 0.7717599303176845
0.4100373304211916 0.03239315351352534 0.025771369530185884 0.5317981465350972
0.3334914760584162 0.4519889222640592 0.08418469010760665 0.13033491156991794
0.34468330541566294 0.18404724218266177 0.16968492424863446 0.3015845281530408
0.39693145824376697 0.08917056089027764 0.06014211855241858 0.4537558623135368
0.21646082371305975 0.5023386061700219 0.11527958462257581 0.16592098549434253
0.1564108847959157 0.13217904077043352 0.23840865870013894 0.47300141573351184
0.13457222958150816 0.2892312061201858 0.12155457396559632 0.4546419903327097
0.027054599171379534 0.07488156915513655 0.8886657219301952 0.009398109743288696
0.10442050933840297 0.10618253583151882 0.5666449852176877 0.22275196961239052
0.30766573332789904 0.50738301379362 0.01883770975688659 0.16611354312159432
0.018069660695995693 0.06259888698913818 0.8458099536004999 0.0735214987143662
0.11329601649745136 0.3397141640711563 0.2096265723140851 0.33736324711730725
0.6157648639172404 0.04786045408891093 0.16539497853716856 0.17097970345668012
0.702483080952054 0.034630760026249985 0.24608586274128208 0.016800296280413907
0.35221219096767953 0.037203490229818725 0.3378525290635086 0.27273178973899315
0.20736437162727384 0.14149528821818325 0.03473857702981442 0.6164017631247285
0.057298404081927656 0.03681991864697576 0.3006866646608125 0.6051950126102841
0.02978834080024717 0.25832535777912635 0.6010971268769493 0.1107891745436772
0.11340587776251121 0.520855491590702 0.049361413821826794 0.31637721682496
0.0729421324873123 0.36711122432275045 0.30850376252510336 0.2514428806648339
0.14104110832438832 0.37880551281336716 0.4198466661118685 0.060306712750376024
0.01680705126463755 0.3610150507615276 0.03597262167624293 0.5862052762975919
0.09924191005693173 0.0898045859290445 0.6873416421217277 0.12361186189229612
0.35491894984595895 0.2469030265866078 0.33311227251954745 0.06506575104788581
0.20596045978628574 0.05880711229947633 0.005429035888134592 0.7298033920261033
0.06333961101755248 0.09963292989471573 0.03489765019711588 0.8021298088906159
0.30705327700081075 0.5313890023916336 0.008874916032963864 0.15268280457459182
0.2506267438346014 0.26419581708973683 0.11450563791540824 0.37067180116025356
0.5445658428192451 0.33624181358593985 0.0637236071029289 0.055468736491886106
