23 80 4 218.7971849208041 437.5943698416083
5.655680954619303 9.522663434333326 7.889137834572162 3.5415625957040144 2.989408269354873 7.175998767137202 2.5042528279005065 4.5319821981852755 6.562471125275283 4.7073708537287136 1.0221839308079756 8.956289641348942 8.964527845388261 3.7036872042983284 6.306236786932431 9.805842244133478 8.6058443991368 1.5856789515147414 3.6527001824562904 3.591409968705218 8.402197051930898 6.635647341642215 1.9942994252230641 1.0047593005234845 9.479496095699496 2.273506819526708 4.794368735495437 4.118404961336898 8.828065759574633 4.857416311170577 8.4587633589048 7.4606665440343445 2.0730402476571044 6.36745755438648 2.1678066793466195 1.6978068255445946 8.480847301213762 5.1794705330218225 2.4581123110247405 5.93177762883706 6.2963723965810825 7.962518521681608 6.902609122062129 6.019360835305807 2.6042253991312903 3.165251780962118 5.5544916913197335 4.570711289468461 5.347496668986473 9.601658569793672 9.114419735266427 5.5518338977976365 8.386313366466233 8.44944333467483 3.08650012841849 1.7114993776443739 5.191866338311598 8.910782275638457 2.327527528352681 3.0812617477947475 9.261512251335368 2.161571748455536 9.247669498592556 3.1131779582016734 6.543880917755522 9.564289840011378 3.2961773775010226 5.052296335104913 9.752660023838443 3.154338983454748 2.7881317242516603 7.191517392289248 8.605082752021648 5.079845636351246 1.912330247832656 6.605631734973977 1.7512834317380626 1.4794038518404378 4.10930630181276 9.149277026959684
1.1311361909238606 1.9045326868666652 1.5778275669144324 0.7083125191408028 0.5978816538709746 1.4351997534274403 0.5008505655801013 0.9063964396370551 1.3124942250550566 0.9414741707457427 0.20443678616159514 1.7912579282697885 1.7929055690776523 0.7407374408596656 1.2612473573864862 1.9611684488266956 1.7211688798273599 0.31713579030294825 0.7305400364912581 0.7182819937410436 1.6804394103861795 1.327129468328443 0.39885988504461284 0.2009518601046969 1.8958992191398991 0.4547013639053416 0.9588737470990875 0.8236809922673796 1.7656131519149265 0.9714832622341154 1.6917526717809601 1.492133308806869 0.4146080495314209 1.273491510877296 0.4335613358693239 0.33956136510891893 1.6961694602427524 1.0358941066043645 0.4916224622049481 1.186355525767412 1.2592744793162165 1.5925037043363217 1.3805218244124258 1.2038721670611614 0.520845079826258 0.6330503561924237 1.1108983382639468 0.9141422578936922 1.0694993337972947 1.9203317139587344 1.8228839470532854 1.1103667795595273 1.6772626732932465 1.6898886669349662 0.617300025683698 0.34229987552887475 1.0383732676623196 1.7821564551276914 0.4655055056705362 0.6162523495589495 1.8523024502670737 0.4323143496911072 1.8495338997185111 0.6226355916403347 1.3087761835511045 1.9128579680022757 0.6592354755002046 1.0104592670209827 1.9505320047676886 0.6308677966909496 0.557626344850332 1.4383034784578497 1.7210165504043295 1.0159691272702491 0.3824660495665312 1.3211263469947954 0.35025668634761253 0.2958807703680876 0.8218612603625519 1.8298554053919367
0.09272600446654555 0.44167127676442963 0.2642029261197312 0.20139979264929364
0.5035347736778055 0.25423459902136447 0.033521218357177474 0.20870940894365253
0.04662987836169319 0.027829326502810114 0.3611399646518665 0.5644008304836302
0.24018190154641206 0.40327830862329317 0.23480564503956602 0.12173414479072875
0.005024923725740482 0.1403370307684525 0.3837930651844724 0.4708449803213346
0.6034752072158278 0.0020899875548042735 0.23728935627811076 0.15714544895125715
0.5583471760640503 0.0810427026502134 0.31516455263499954 0.04544556865073679
0.3018131639153595 0.3254193358418963 0.22255202866162227 0.15021547158112192
0.2853803359354091 0.043407014004731015 0.15510462138824843 0.5161080286716114
0.0968849642839934 0.09315368710261152 0.5709174944506549 0.2390438541627402
0.12234722973411316 0.44243821942413986 0.32347670268293527 0.11173784815881171
0.1552147464040412 0.0299781710792979 0.5528471068181665 0.2619599756984944
0.08086222034004453 0.032939015890887435 0.6805780701329639 0.20562069363610413
0.14884802489269566 0.30064895783518764 0.1019054214781222 0.4485975957939945
0.1406534791699433 0.23088029796002252 0.5391740503065934 0.0892921725634408
0.05011902966338311 0.15581364446618884 0.17437468872683015 0.6196926371435979
0.19425766330246852 0.4229838304544632 0.023322018091517904 0.3594364881515504
0.17079131745352893 0.15947833569520853 0.6324518164034449 0.03727853044781759
0.028773996896283682 0.5763130092246994 0.3344518515228333 0.060461142356183606
0.8278672160318609 0.12537386734331568 0.03754981251370948 0.009209104111113975
0.06781930482977494 0.05378932813766901 0.8131835895961754 0.06520777743638062
0.31263487955292235 0.3141007964073482 0.0678056811819262 0.3054586428578032
0.08096605281726121 0.33315761593914284 0.3089168601428207 0.27695947110077523
0.3436456284377015 0.004446272024351217 0.1986468671740801 0.4532612323638672
0.09317831284174316 0.31747265010099535 0.24036046217264562 0.3489885748846159
0.3931590930688915 0.0008525060759918546 0.5828200859011258 0.023168314953990854
0.030125761588574607 0.26097985541908264 0.48149880307917436 0.2273955799131684
0.3241235471935223 0.10541871639857414 0.04517889962144739 0.5252788367864561
0.18878963262831439 0.41334418336362655 0.016862920306473628 0.38100326370158544
0.07309111409214941 0.1855384005616444 0.33167447999773547 0.4096960053484707
0.1151005530179735 0.12876740937525055 0.3505145703372654 0.40561746726951053
0.3755784392310356 0.10171545116777436 0.11352083057582141 0.4091852790253686
0.1253607482101322 0.25704389784480985 0.5508374082883428 0.06675794565671511
0.02489530628090697 0.1890644351944173 0.7414469542074934 0.044593304317182336
0.021559629030845406 0.6317517708883371 0.3081777407086831 0.03851085937213439
0.5119850184358926 0.1012779037492536 0.3655219685745189 0.021215109240334873
0.14696006871897738 0.5691875720682534 0.1309660093832875 0.15288634982948168
0.1448598293465332 0.0186472308430905 0.442081445798265 0.3944114940121113
0.02678853814485327 0.24487974632627074 0.5050570971382842 0.22327461839059182
0.10997747968966642 0.27849137511679256 0.25941599825440875 0.35211514693913226
0.4168842668891598 0.19987785373283817 0.03542094422499931 0.3478169351530027
0.5345126828592638 0.2313111051689396 0.08914000139803968 0.14503621057375693
0.04946705171077226 0.3114911369524227 0.35203809952877907 0.287003711808026
0.0489662006098438 0.7453630800685456 0.20084355723143033 0.004827162090180304
0.1197395769791999 0.0743080424964443 0.6500150796491168 0.15593730087523905
0.08362855759432997 0.14371430194005053 0.6671370066001828 0.10552013386543668
0.05167183644896767 0.29766910610512765 0.4585191862514477 0.19213987119445697
0.2983850960245419 0.19042301782608373 0.11079088574123319 0.4004010004081412
0.08774706063976812 0.12264046746005264 0.5213263125755395 0.26828615932463973
0.023169743854271396 0.4401991241310943 0.10500242376430835 0.43162870825032595
0.2625525534849379 0.13940528722114054 0.07583403377601883 0.5222081255179027
0.405200550812272 0.03222063811072029 0.2681405278712655 0.29443828320574217
0.27243960181280913 0.4520408031175258 0.12464656989097767 0.1508730251786874
0.25320217406703527 0.6175250767912437 0.11975428324634063 0.009518465895380412
0.3802029602480851 0.4015028386391366 0.09853454909741899 0.11975965201535932
0.07294111304757134 0.5541849689774313 0.24448302584662807 0.1283908921283693
0.007227984623138783 0.08159742729091979 0.7855373185429771 0.12563726954296428
0.1398182058122156 0.04317053638270629 0.45488700770437474 0.36212425010070337
0.07824100385495825 0.6039844626709538 0.25809007423757724 0.05968445923651067
0.021806789118449688 0.40733430558996686 0.45363457435809507 0.11722433093348839
0.0917493119472077 0.3050498894495781 0.057829995281821533 0.5453708033213926
0.19300320074456478 0.034837572953620666 0.042132895823541405 0.7300263304782731
0.7156670487542581 0.08943192484909124 0.12800662451168499 0.06689440188496565
0.09756212145850385 0.2106703834794902 0.0380677574807704 0.6536997375812356
0.16458012282314227 0.40506877022108523 0.039777785540920596 0.3905733214148519
0.19111219777555954 0.051737257161733496 0.4171140254501131 0.34003651961259385
0.31434967098598876 0.21059886044881937 0.012851549001664297 0.4621999195635276
0.13406142845320113 0.04679494806775686 0.62552330879889 0.19362031468015206
0.4363476980953527 0.021766504872942738 0.38675650760806746 0.15512928942363713
0.21212538395786107 0.5828857376552199 0.13907260086144868 0.06591627752547036
0.35765548924698587 0.21525853336219225 0.30636184624555873 0.12072413114526315
0.3251344852047523 0.10445636210482345 0.2601360558538083 0.31027309683661597
0.149070930621918 0.10879789201629952 0.3376213590589833 0.4045098183027992
0.0010769051076935376 0.281563539274964 0.5878964494099561 0.12946310620738632
0.03119623242181535 0.1927445879247146 0.13385897042775485 0.6422002092257152
0.49078881889177617 0.010381993435959691 0.19409365319114824 0.3047355344811159
0.35560449737706856 0.15760723069776417 0.13414601619327138 0.3526422557318959
0.31786624938645336 0.19440564349390388 0.4262258442558928 0.061502262863749935
0.008892823484124568 0.17335070721094292 0.33817652778426543 0.4795799415206671
0.40680733945979797 0.29947085882350644 0.09212460729278538 0.20159719442391022
0.12672500961990707 0.25750193312852354 0.123077254326738 0.4926958029248314
0.12660677568465384 0.3327573162034779 0.13668716223506783 0.4039487458768004
0.006428299533343673 0.41231410047256956 0.18374544346058552 0.39751215653350125
0.29570680310582675 0.1373108902026715 0.13533208217989767 0.43165022451160406
0.1288935485768078 0.5186014396080727 0.04389427227596454 0.30861073953915497
0.0854957627108347 0.4328186823475819 0.44523033500401743 0.03645521993756595
0.28201638204882773 0.13501172501489012 0.4780728478263344 0.10489904510994774
0.3964306441212516 0.0015139881524955934 0.4407940711814935 0.1612612965447593
0.33885827739248164 0.04563307792464877 0.14451182619556247 0.4709968184873071
0.023379930587594244 0.49801051528391704 0.4409521987025228 0.03765735542596593
0.29823290410761627 0.6614119058203721 0.03894187116574499 0.001413318906266614
0.5663140989773378 0.034804851346181276 0.17973383514517305 0.21914721453130792
0.11651782167819436 0.17141512943326953 0.6393270660371082 0.07273998285142791
0.11965252243926927 0.3249910628390137 0.24401137259118888 0.31134504213052816
0.1830493219429843 0.4282843575889801 0.23328380417648853 0.1553825162915471
0.2635543863600527 0.2723341538804078 0.22182640696132572 0.24228505279821377
0.24598420871622517 0.15412315126072595 0.37880472226018036 0.2210879177628685
0.11917630556450598 0.6444916879344464 0.034953950384885024 0.20137805611616255
0.21749415361126012 0.2953194069225452 0.06373513524166452 0.42345130422453015
0.27628244726328566 0.20440427979467335 0.012561573188850872 0.5067516997531901
0.34246517855265435 0.37889492247626266 0.08820625599937315 0.19043364297170984
0.04517116277350908 0.13032555808202362 0.4248003855119432 0.3997028936325241
0.31370103075151023 0.08109082983478444 0.1168328790609684 0.48837526035273693
0.4689082800259925 0.3142777834457846 0.05168866082937695 0.16512527569884594
0.18415932175163263 0.37319982730748813 0.3156666104946041 0.12697424044627514
0.29572214736158386 0.5230767389883209 0.07202623290930843 0.10917488074078685
0.8124434956156434 0.08736824974487489 0.0809001017134956 0.01928815292598607
0.0030786379783936946 0.2994084782688876 0.5839764640182361 0.11353641973448259
0.08489766344365035 0.5535169509976758 0.13467104747636505 0.22691433808230876
0.2211835831209018 0.3402839515031346 0.12456865632048142 0.31396380905548216
0.09905593656208833 0.4377138574289835 0.2092728020867124 0.2539574039222158
0.0837421396375857 0.15126833834903197 0.606626365931284 0.15836315608209828
0.10869424754894208 0.3773843609633801 0.35326083159493815 0.16066055989273964
0.24522107624938727 0.09842932320129705 0.11500909808029991 0.5413405024690158
0.27241109790784634 0.06496569465232416 0.3751489616734436 0.2874742457663859
0.0425938640226482 0.5052402690680813 0.2631797262312542 0.18898614067801633
0.3423956244586911 0.24785516611467306 0.24063436937408555 0.16911484005255029
0.0941209795675777 0.08952739161435341 0.24178399347709723 0.5745676353409717
0.08871545457591135 0.25353255370296734 0.40137935522822044 0.2563726364929009
0.3152283625220813 0.16284059754666946 0.36447973511403386 0.15745130481721537
0.44175712345987217 0.19375434686572224 0.3607176002745399 0.0037709293998656745
0.1632957510588965 0.19228261626646548 0.4022534911987592 0.24216814147587884
0.27260304365009125 0.18318545276215858 0.1146878975871427 0.42952360600060746
0.01644898236134007 0.07006755602652759 0.544172848123052 0.36931061348908034
0.2984864644256109 0.09674975851531675 0.475915653205231 0.12884812385384137
0.44788372843169166 0.3565838387549163 0.17461705350441226 0.020915379308979798
0.2195151893089342 0.1594474314719716 0.09805437824872287 0.5229830009703713
0.015136608886209824 0.6625704321096832 0.14187786330541607 0.18041509569869085
0.6337757519736682 0.049441783196690126 0.28444662858246383 0.03233583624717784
0.012421362724883922 0.006580382125430662 0.15027242806922791 0.8307258270804575
0.2922293747239416 0.22671004928023442 0.01657377950732175 0.4644867964885022
0.016374825218726685 0.45791884909326486 0.28498868060052174 0.24071764508748672
0.08283183092446611 0.3828040468780176 0.255013314113851 0.2793508080836653
0.1609204521549238 0.2849241153609221 0.24189517075142597 0.31226026173272814
0.2282326164835059 0.02512335528141796 0.7214594982805229 0.025184529954553225
0.030061941010108728 0.46478987867570165 0.05042712781511771 0.4547210524990719
0.18549188512346482 0.0017901887464014665 0.12742222719843588 0.6852956989316978
0.6447215224315602 0.0012025299211471108 0.03095596204101314 0.3231199856062795
0.08274846064207764 0.233169025460934 0.1750072615263082 0.5090752523706802
0.2814696886205028 0.08443156188389733 0.09114452884280932 0.5429542206527905
0.1796720491852063 0.1216071719925309 0.6318413991090288 0.06687937971323399
0.4225565521700051 0.3062304753660551 0.02103583868835124 0.2501771337755886
0.41971538607256254 0.07800775586408248 0.35997108322976334 0.14230577483359164
0.06622660552823434 0.2633612546125724 0.1831846465937882 0.48722749326540504
0.10709021750846526 0.43556660384434187 0.22696111821922627 0.2303820604279666
0.7246209148956595 0.04486650423227756 0.02429314157909712 0.20621943929296582
0.2789254382835451 0.4624696774871869 0.19532542671465125 0.06327945751461672
0.013740711309659592 0.034444237472507244 0.11512945970797928 0.8366855915098539
0.21135520726425006 0.01199815385980707 0.7356785163796659 0.040968122496277015
0.008540302969749836 0.1476111619788325 0.010501720657320468 0.8333468143940972
0.44557618005472377 0.253764262096591 0.2663371552253724 0.034322402623312875
0.2525647588221581 0.1131761144484793 0.5239785658098018 0.11028056091956073
0.04539075480799015 0.36040582117346975 0.25503461776717307 0.339168806251367
0.008248799290777709 0.03477327714844902 0.38324275962457965 0.5737351639361936
0.3751766806204856 0.12247677422267056 0.44170395056297307 0.06064259459387078
0.03615320184031623 0.03589571622913246 0.716523223571203 0.2114278583593483
0.18951097529406513 0.16798321265547866 0.6373178024193445 0.005188009631111656
0.12343411894466438 0.2569587126896343 0.5478708203432088 0.07173634802249251
0.21681643454841037 0.012195464838834713 0.34767284404941223 0.4233152565633427
0.37172655167050905 0.10982425137066343 0.05872381404985394 0.4597253829089736
