12 40 4 112.36721820994075 224.7344364198815
2.387465581417051 7.6604472686386424 3.369835136666212 5.80365454042268 1.131174662368777 9.268723072898965 9.10643368705311 1.3007928486371014 9.612544026476051 2.234883892204688 3.5544551766215124 6.45474865922946 9.49802622447738 8.674619869983564 1.0203331016666217 5.691034244982636 5.968338699381099 5.368396722964388 7.913207386579801 2.446450778130131 7.881044053049909 1.1872881815685954 2.2168916053220515 2.0464571566152086 3.789078260410263 7.043073806908024 5.241068004250127 8.345514682414242 3.606281051774982 7.598133798514036 7.323601197297217 3.948125286370807 4.0118277619545015 9.80252271114867 6.621239005618172 9.552821722295729 7.907280855584398 8.425083278932961 4.659762716259955 5.061775702791828
0.47749311628341023 1.5320894537277285 0.6739670273332423 1.160730908084536 0.22623493247375542 1.853744614579793 1.821286737410622 0.2601585697274203 1.9225088052952102 0.4469767784409376 0.7108910353243025 1.290949731845892 1.899605244895476 1.7349239739967128 0.20406662033332434 1.1382068489965271 1.1936677398762199 1.0736793445928776 1.5826414773159603 0.4892901556260262 1.5762088106099816 0.23745763631371908 0.44337832106441033 0.4092914313230417 0.7578156520820526 1.4086147613816047 1.0482136008500254 1.6691029364828485 0.7212562103549964 1.5196267597028073 1.4647202394594434 0.7896250572741614 0.8023655523909003 1.960504542229734 1.3242478011236343 1.9105643444591458 1.5814561711168795 1.6850166557865922 0.9319525432519911 1.0123551405583657
0.1775641759378893 0.22306745142378426 0.018618642897432647 0.5807497297408938
0.08427266973184566 0.37887619999550026 0.0023592304451650614 0.534491899827489
0.055019993340200135 0.24515006648378646 0.3360299340088809 0.3638000061671325
0.11360171953981701 0.30276793775479316 0.15603485823499919 0.42759548447039064
0.5065560756680948 0.1351220160173281 0.2530649822424679 0.10525692607210924
0.2085004884601801 0.2715462948667101 0.12330881984066344 0.39664439683244634
0.031151070851766383 0.042318973090499146 0.5639154511987039 0.3626145048590306
0.6194234667677466 0.05053416566800839 0.27168007990390186 0.058362287660343126
0.3194763109335812 0.6270795114292219 0.010861601376254026 0.04258257626094286
0.0059093558684842895 0.6830183101639733 0.21117583362452486 0.09989650034301756
0.3122839968432516 0.07293298339982257 0.22559007526133512 0.3891929444955907
0.19467462904253707 0.18276615331810764 0.42329345185488276 0.19926576578447253
0.4190148274837505 0.09262812530958053 0.3735347416394639 0.11482230556720507
0.19171077225555577 0.5867626616037889 0.008371031388380024 0.21315553475227533
0.10948542133151884 0.016901862443078564 0.16373465281322974 0.7098780634121729
0.1775063672167354 0.17793655758428728 0.3040330290397937 0.34052404615918364
0.010438402094721133 0.07420011825740025 0.8839798086178454 0.0313816710300332
0.3168079006890451 0.1741470691359378 0.42182902434584146 0.08721600582917566
0.14922368526773322 0.25623070181727703 0.23827862868019245 0.3562669842347973
0.3445949402799181 0.03123295503954182 0.26561970029615656 0.3585524043843835
0.013353422191246023 0.6003000321838572 0.16402599770451842 0.22232054792037836
0.24660147812309097 0.3854300685907486 0.07095062638617178 0.2970178268999887
0.3903092094231321 0.3531087588023818 0.22790732570206418 0.02867470607242195
0.05103860002507066 0.11344135609384043 0.7573459985649733 0.0781740453161156
0.10589515242345926 0.3227662040927186 0.15922512819542478 0.41211351528839735
0.5213052583204294 0.11760781094172801 0.1373682650031618 0.2237186657346808
0.5310030378042822 0.25857309923800054 0.20969752510196016 0.0007263378557571532
0.0992046992760729 0.04235371287654399 0.6048843490715304 0.2535572387758527
0.2484384892748085 0.2589934922038537 0.07639108549645002 0.4161769330248878
0.39703270686735204 0.28940866393083287 0.02528621690708366 0.28827241229473144
0.215357823464707 0.12884639734008674 0.34191251402563727 0.313883265169569
0.5476525029423075 0.09783286660197288 0.13036357640312646 0.22415105405259317
0.13208530504150873 0.6937598111557941 0.07166679516125196 0.10248808864144521
0.08443780806374235 0.021986855482610257 0.2573131552347985 0.6362621812188489
0.39885519442826 0.08507039503589953 0.03532321530053417 0.4807511952353063
0.3515415467691554 0.26189356776976724 0.19205692574716793 0.19450795971390944
0.2268802895194798 0.15150501110536974 0.3510398205436638 0.2705748788314867
0.037941219451945285 0.13270778676495676 0.14912896785541885 0.6802220259276791
0.23919854104233962 0.1082956436017557 0.3070598151882905 0.3454460001676142
0.03948342177566533 0.38149134823253206 0.18437051624771028 0.39465471374409233
0.4240524465509987 0.5385444564768516 0.03254125731070823 0.004861839661441492
0.03516826147080476 0.33855488735311057 0.35879754931803476 0.2674793018580499
0.027907788861532556 0.19294473196735296 0.30239354994940637 0.4767539292217081
0.048218749825570395 0.22889846459962582 0.5263994362521801 0.19648334932262368
0.4614402600659552 0.03129704537055267 0.1130403876990771 0.39422230686441506
0.4438718561912689 0.444575671038424 0.05613393492663199 0.05541853784367512
0.5951524566360905 0.07010497589469866 0.19720772976682588 0.13753483770238495
0.32258573270881385 0.12304132070181184 0.47870364622136596 0.07566930036800834
0.2914566850066529 0.11450165795298983 0.4512322158723009 0.14280944116805638
0.0032879687523396095 0.639638179683506 0.2769387225264778 0.08013512903767661
0.06987367476308803 0.5258682195238183 0.003877294110431362 0.40038081160266226
0.21060763885288392 0.19223957131978953 0.5085868399606457 0.08856594986668087
0.20215434337007254 0.13167814214453055 0.31412668782465825 0.35204082666073866
0.1354351345676108 0.11837305936007858 0.1487809539682754 0.5974108521040352
0.6050053903635636 0.02152400155900669 0.304146622459316 0.0693239856181137
0.008003339782281182 0.0597228218434136 0.2669979158510778 0.6652759225232274
0.3156682369286655 0.28179056771045774 0.27612374659788963 0.1264174487629871
0.16989826093188554 0.07188197478217717 0.3021631738544509 0.4560565904314864
0.6593433507146707 0.08306696246212297 0.0041734766289622804 0.2534162101942441
0.2982310292316368 0.045213971419638344 0.6451828645238722 0.011372134824852664
0.5744327948270689 0.04395991791227105 0.33148936439841026 0.05011792286224981
0.09547025346487126 0.020735479982953442 0.302732947269748 0.5810613192824273
0.32196758753072663 0.19572170750474172 0.4514930845759729 0.03081762038855873
0.774940215434729 0.1076304849043217 0.06681087004592301 0.05061842961502627
0.6298499789511404 0.2755458876785132 0.08269389106526526 0.011910242305081198
0.25981748776761393 0.16466765110993886 0.4023148362831228 0.1732000248393244
0.6709235888482614 0.2750545338217989 0.03560943202357647 0.018412445306363212
0.026287019886786056 0.49561565547037 0.09468539868331405 0.3834119259595299
0.15391860735096496 0.026430572845976608 0.10534384572566668 0.7143069740773917
0.2651296088121916 0.2478864164000517 0.3457363802397919 0.14124759454796476
0.299692894993413 0.2459094320045928 0.24270646293390707 0.2116912100680871
0.041725950621869345 0.08646715188421683 0.16333034414986036 0.7084765533440535
0.09735237194458535 0.24463677404019746 0.11559380242997752 0.5424170515852397
0.18614562007599367 0.14741554214023855 0.4066654310282142 0.2597734067555536
0.11262227904358624 0.06776970548996175 0.7510963924708145 0.06851162299563751
0.12388215492523169 0.3492176466844942 0.1876356603813496 0.33926453800892453
0.12301160940997591 0.019816535542707014 0.0790955212701302 0.7780763337771869
0.1550112869052518 0.23664833374771843 0.37865258490884 0.22968779443818976
0.2329759428922995 0.42823742530778575 0.08595671903386104 0.2528299127660537
0.6086805065416605 0.06786300900828868 0.22889243922500946 0.09456404522504136
