39 100 4 298.2319268517059 596.4638537034118
5.922002405308192 8.181091191543448 8.383616919085432 2.09844880147181 6.418018061122942 5.729631250281253 5.175175652290616 5.243011699820642 6.694415585895983 9.330974924253972 8.339526241753976 9.499975771450039 9.276266278535857 4.733477167159189 8.432307660728354 9.516341069554752 6.652414479118475 3.2704281312661614 6.331158125425379 8.743634299656144 1.4360718846881837 8.693186925806375 7.481926157783402 3.6637609317132864 5.368658249615223 8.59847948207008 6.422420296133518 2.4143123768938946 5.734920225626897 2.6883751589341314 7.034023041696266 5.9387425565883465 2.407833136446336 9.392466147658407 5.886579288379228 6.873015066294205 7.042127736718234 8.370507017298994 1.122028593367189 8.630603030013852 4.915646947028501 5.297112669222001 7.437375832089869 8.561722152741286 2.0192769030259945 6.511259805722082 2.9922163279266716 1.357508138291173 3.5259119690916387 3.64287632618698 2.201414823846552 7.506651473856334 2.8305797229755636 8.117663388002235 7.5060717639628205 4.1198245581613095 2.9730437702913664 3.112566428892506 1.9840858938369546 9.458906202621947 5.870620146186512 9.062422733460968 8.979193973554697 1.1227317409932271 8.819825232018749 3.7131007676674788 9.531540445814583 1.1446919944523049 9.786634394848644 8.32958977709303 3.863398484448913 3.6860043323643827 4.701625846471796 4.059999199407422 9.554506662475555 4.945716633763435 3.7698253921843183 7.21689483582608 1.817421055869863 9.555731425908935 8.507012008524175 7.472181426415131 7.501965844798358 2.0292095119614513 5.328362588756365 6.10798676385866 3.778069679012239 8.1693902244305 8.936192630427836 7.33466598521321 9.584433323613093 4.616032187903069 5.691249200001848 7.998771841130452 1.103672983870759 6.06974615291271 5.436755316175624 6.8252121738929405 8.833571240460111 6.364229428020198
1.1844004810616384 1.6362182383086896 1.6767233838170863 0.419689760294362 1.2836036122245884 1.1459262500562506 1.0350351304581231 1.0486023399641284 1.3388831171791966 1.8661949848507944 1.6679052483507952 1.8999951542900078 1.8552532557071715 0.9466954334318378 1.6864615321456706 1.9032682139109505 1.330482895823695 0.6540856262532323 1.2662316250850758 1.7487268599312287 0.28721437693763674 1.7386373851612749 1.4963852315566804 0.7327521863426573 1.0737316499230445 1.7196958964140159 1.2844840592267037 0.4828624753787789 1.1469840451253794 0.5376750317868263 1.4068046083392534 1.1877485113176693 0.48156662728926725 1.8784932295316814 1.1773158576758456 1.3746030132588412 1.4084255473436467 1.6741014034597987 0.22440571867343778 1.7261206060027703 0.9831293894057002 1.0594225338444 1.487475166417974 1.7123444305482571 0.4038553806051989 1.3022519611444163 0.5984432655853343 0.2715016276582346 0.7051823938183277 0.728575265237396 0.4402829647693104 1.5013302947712668 0.5661159445951127 1.623532677600447 1.501214352792564 0.8239649116322619 0.5946087540582733 0.6225132857785012 0.3968171787673909 1.8917812405243892 1.1741240292373025 1.8124845466921937 1.7958387947109393 0.22454634819864544 1.7639650464037497 0.7426201535334958 1.9063080891629167 0.22893839889046097 1.9573268789697287 1.665917955418606 0.7726796968897827 0.7372008664728765 0.9403251692943592 0.8119998398814843 1.910901332495111 0.9891433267526869 0.7539650784368637 1.443378967165216 0.36348421117397256 1.9111462851817869 1.701402401704835 1.4944362852830262 1.5003931689596715 0.40584190239229023 1.065672517751273 1.221597352771732 0.7556139358024477 1.6338780448861001 1.7872385260855672 1.466933197042642 1.9168866647226186 0.9232064375806137 1.1382498400003696 1.5997543682260904 0.2207345967741518 1.2139492305825421 1.0873510632351249 1.365042434778588 1.7667142480920224 1.2728458856040397
0.3425843014914942 0.3069570639172122 0.1576798299392106 0.19277880465208297
0.03288953333391487 0.4297066341512289 0.46058805974220085 0.07681577277265539
0.0467470253531852 0.11240781609327166 0.7819534471827635 0.05889171137077964
0.33429111615661433 0.059534988188286175 0.2839844022038308 0.3221894934512687
0.38719376496334845 0.1419527764603098 0.03815140258309235 0.4327020559932494
0.14618543855534272 0.2759128105152783 0.4916461832334831 0.08625556769589593
0.6020363991337946 0.03376831780564293 0.3460664353335652 0.0181288477269973
0.25617198938335595 0.41079225351428317 0.16899986787745003 0.16403588922491086
0.2504383454445074 0.5979997592080105 0.1442290619516048 0.007332833395877314
0.20303055759073396 0.10503673759931464 0.4131553214820526 0.2787773833278988
0.1688753210093794 0.22932541312599242 0.5555695195463805 0.04622974631824772
0.22989237861318845 0.23362415022758087 0.38071109580454077 0.1557723753546899
0.4860200196465141 0.19471903247496636 0.12055628439762267 0.19870466348089688
0.1360602539335347 0.10799174078226559 0.004237291090848139 0.7517107141933516
0.2654697032801968 0.02858361268870735 0.3041985622085128 0.401748121822583
0.22861205646290272 0.4452502607687526 0.2756291380014302 0.050508544766914465
0.5142131893527211 0.13599302508961142 0.34798277314667947 0.0018110124109880221
0.19927185245437606 0.11895319455620712 0.1698056394631634 0.5119693135262534
0.1942905158906546 0.3250404598642811 0.04480101536108594 0.43586800888397836
0.40097893716514976 0.07338523153589716 0.321314412317221 0.20432141898173206
0.0557090044127595 0.4673663456285897 0.40023051473204785 0.07669413522660296
0.13361480256613933 0.13659415846861267 0.4332785370205079 0.2965125019447401
0.0590622843998696 0.05531001757998388 0.06030785969980712 0.8253198383203394
0.02999837511736536 0.2131817633647105 0.3776422571523481 0.379177604365576
0.5288012744868175 0.1198899181161418 0.2565466791146015 0.09476212828243924
0.05203473770228795 0.7333817440732235 0.11481670957409496 0.09976680865039356
0.0642721617873192 0.3021483337315286 0.5037559077919191 0.12982359668923305
0.11758695526862739 0.331795034980392 0.4298883475998193 0.12072966215116132
0.21680859269846198 0.7391297768753313 0.004560839359386226 0.03950079106682047
0.337718103119369 0.5592040459992987 0.00016159754247058178 0.10291625333886167
0.41286293663491136 0.12728241663998074 0.17843385379527132 0.28142079292983657
0.11162199140405527 0.418175552733561 0.2564743640066013 0.21372809185578245
0.22558007367438904 0.332183210298322 0.3655850129625202 0.07665170306476876
0.4578982589489464 0.09240765243062243 0.21255207017689404 0.2371420184435371
0.053845935353760366 0.21713559033336938 0.21162950876079656 0.5173889655520737
0.16434929831599476 0.5533672137471335 0.21293552145608596 0.06934796648078578
0.2488598540065896 0.25828395744506316 0.3718744221030499 0.12098176644529735
0.8698039891750025 0.05271328064166336 0.02049467825657525 0.05698805192675893
0.061062327937558836 0.5640998258659788 0.189035350945032 0.18580249525143033
0.14249927543617324 0.19408766055587856 0.517506908558281 0.14590615544966723
0.20736166395815314 0.6810184443165468 0.026367108012454343 0.08525278371284573
0.2147882397911588 0.09780931116797198 0.13178185059403202 0.5556205984468372
0.300076342606306 0.6043555693455269 0.025310630322642913 0.07025745772552416
0.03088256404034717 0.18640331989478365 0.4087991898567038 0.37391492620816535
0.5830559975353045 0.11848229153312462 0.29834288636367945 0.00011882456789147344
0.17863278585084807 0.32331903278254337 0.3238740078631924 0.17417417350341613
0.24982898449034285 0.09095933278735946 0.12669802881864345 0.5325136539036542
0.07129106290178033 0.05184233501353375 0.8569818480890441 0.019884753995641824
0.16105973083627023 0.5431926404561233 0.18381260041732128 0.11193502829028523
0.16330834917571568 0.00934648043500308 0.39500591738286617 0.43233925300641507
0.3433332621797388 0.06660021035869612 0.29410680894132446 0.2959597185202406
0.23769514802253222 0.21873357755529488 0.10707839216869386 0.43649288225347904
0.46027484391357676 0.12093406431470088 0.0003323217461683736 0.418458770025554
0.0005107431433548637 0.21083064310112776 0.17596577315948558 0.6126928405960318
0.18363800642510142 0.19386755031681824 0.44509410353793766 0.17740033972014269
0.01261788027072619 0.18330733923849452 0.3894609471527779 0.4146138333380014
0.6489648328711786 0.2042536238126439 0.08686255131543075 0.059918992000746796
0.4253250753104909 0.16458384824178307 0.07603442274801187 0.33405665369971416
0.24226578030057333 0.03721695068776909 0.45734711237642567 0.2631701566352319
0.4458318080882755 0.029180916945434454 0.42085709226041645 0.1041301827058736
0.01949665442720383 0.46570103246786776 0.2495364173728155 0.2652658957321129
0.27999321479020767 0.018798016321204924 0.2243586118225508 0.4768501570660366
0.41720029833250083 0.04250818786562216 0.007104989781185789 0.5331865240206912
0.3702026144396583 0.03607365476949498 0.3508258963619685 0.24289783442887825
0.4838294696195088 0.06791067537343864 0.43609151047723327 0.012168344529819297
0.8687901422989951 0.013516700307550145 0.08590391335556957 0.03178924403788519
0.25794509926057274 0.18420022476451348 0.35362955639129356 0.20422511958362022
0.4322865156918946 0.16990519617206823 0.37615893359865815 0.02164935453737904
0.5476935150991135 0.07126695274567663 0.014215441787446603 0.3668240903677633
0.09743446153956514 0.10266150816684427 0.07104073848307757 0.728863291810513
0.2571404481645164 0.2880823191553099 0.16031586001983944 0.29446137266033423
0.3711047374911659 0.04318876939594696 0.02714151605780668 0.5585649770550805
0.45209695819991214 0.34731278992563297 0.18223246770869517 0.018357784165759727
0.18889117782799048 0.006688612702964725 0.4080351708766111 0.3963850385924337
0.186314002825536 0.21288905690665827 0.20881562467513692 0.3919813155926688
0.8582877145148129 0.05904540165453975 0.05236928889261483 0.030297594938032524
0.07743107769546365 0.008635194802226964 0.816989271973954 0.0969444555283554
0.06853351896882043 0.29684965003695407 0.11264064228855519 0.5219761887056703
0.3988640881137695 0.20032057964504602 0.10255018202122201 0.29826515021996247
0.2139540884336978 0.2945081180768494 0.32418093559115546 0.16735685789829735
0.20673197584706138 0.037446141458656546 0.5050659136502001 0.25075596904408193
0.009621274912296474 0.17861208309097887 0.5631471442038389 0.24861949779288572
0.42273635604018434 0.33730522365385796 0.10859987386542802 0.1313585464405297
0.3309628296631201 0.4325485548427854 0.20793831181652656 0.028550303677567945
0.1220495995249199 0.016394688335529928 0.14319002762146482 0.7183656845180854
0.23891087810528822 0.15742215177503394 0.31279972784476084 0.290867242274917
0.7121393002587931 0.04145839630380144 0.021575398160670112 0.22482690527673532
0.0028003270729884955 0.15380396815320163 0.7757653371488951 0.06763036762491481
0.012832693720811195 0.38412721758313406 0.31320737987146474 0.28983270882459
0.3597035404403045 0.17327297997581304 0.17458345671061293 0.29244002287326953
0.4191112178041545 0.2209206748231286 0.29645902357372866 0.06350908379898823
0.17593645459258644 0.2225368656499772 0.4212946876250445 0.18023199213239183
0.2560260821818364 0.07305525307623273 0.6308524362644754 0.040066228477455446
0.2028891406151102 0.19161751899495105 0.5579401180168287 0.04755322237310999
0.294133735728513 0.02207962414089104 0.03858537690326569 0.6452012632273303
0.4559108168157796 0.2909093330023682 0.07427969602468709 0.1789001541571651
0.18309400398638342 0.1749578292273728 0.11574420334702706 0.5262039634392167
0.1123623839896839 0.03322812096132244 0.18034576069247588 0.6740637343565178
0.16831541362924618 0.06963837869861011 0.2351029869530975 0.5269432207190462
0.23508018441873846 0.13408857814889996 0.1354457395056028 0.4953854979267588
0.2699948045113091 0.05778681343163483 0.5776475921301747 0.0945707899268814
0.04912258805601377 0.11931562477147095 0.3942689061235948 0.4372928810489205
0.35922194896722703 0.039540710067444196 0.36277345489133417 0.2384638860739946
0.16921891214984552 0.6167886448255201 0.05971880868147594 0.15427363434315844
0.1743128454402857 0.26388338653482313 0.5458206748584243 0.015983093166466844
0.10296695459087479 0.09764066285760242 0.5318842277368323 0.2675081548146905
0.08073652364191242 0.032525568072183764 0.13206283177353073 0.7546750765123731
0.32379328165128174 0.0017205370119875996 0.487506452775858 0.18697972856087264
0.8062664744530645 0.14581820920216726 0.011151003175679852 0.03676431316908835
0.24848229413241063 0.1842821371466583 0.3145690472947368 0.2526665214261943
0.2708194472706369 0.1278988963187857 0.041492507642766796 0.5597891487678106
0.3267620341546601 0.23377532929061362 0.12022892540517871 0.31923371114954757
0.4563701888209881 0.014752338321853187 0.10154797267844173 0.42732950017871696
0.06299893461740802 0.6763653406891325 0.22537319790970523 0.0352625267837543
0.2753988923225884 0.3290067356317198 0.030892191003112912 0.3647021810425789
0.2807218862171942 0.3004973473445378 0.21811653003360953 0.20066423640465847
0.23745666867329795 0.4802236994142014 0.15503384294470535 0.1272857889677953
0.1424651833393632 0.2362917750439798 0.2609392821013157 0.3603037595153413
0.434397232196 0.17534896253584265 0.3083925205768555 0.08186128469130183
0.14692497933569204 0.09347552998282682 0.5476129893266679 0.21198650135481323
0.4519830052125958 0.4385186329414694 0.025505730989625497 0.08399263085630926
0.02326790375350485 0.44248013140707765 0.28513683145113533 0.24911513338828217
0.20772277076735923 0.34441041286415786 0.22529763710645745 0.22256917926202546
0.4111684578429936 0.17827052457707837 0.03680846573702157 0.37375255184290646
0.47654216845123953 0.04954736301797458 0.09200827854479288 0.381902189985993
0.293894687802156 0.187127144866699 0.42683719287801314 0.09214097445313185
0.8123913277855285 0.12070856429151311 0.061787060634438506 0.005113047288519912
0.10482620415410093 0.5905969829498512 0.26367616540013716 0.040900647495910714
0.2887070354424911 0.023951684836633014 0.14852383398779645 0.5388174457330794
0.17336221305367228 0.497623211268589 0.2625954200817734 0.06641915559596534
0.5504455327546051 0.16733534043233522 0.27862875433187617 0.003590372481183546
0.034017329438797206 0.9130009635720284 0.002389829081334116 0.050591877907840255
0.18312477123208148 0.6223853612735084 0.14218415445575017 0.05230571303865994
0.08672249854586689 0.23294890038924676 0.35304417125131027 0.3272844298135761
0.07672116646537086 0.2584462368917999 0.12468310944135541 0.5401494872014738
0.5229029952068726 0.07136246719705108 0.29137160037587273 0.11436293722020363
0.14381302363533754 0.17513066031953883 0.10611223654155977 0.5749440795035639
0.5640606043013233 0.008599488358341123 0.008184084897965072 0.4191558224423705
0.17971482553428808 0.17426689743253387 0.42803655896277826 0.2179817180703998
0.37856078285468275 0.17072521830598741 0.44329312630649953 0.007420872532830303
0.010679571004913235 0.3857250791104414 0.02792105032145986 0.5756742995631855
0.363558432373 0.19691936891289508 0.29202009923671357 0.14750209947739135
0.09269594274247206 0.09706304241678987 0.8094434642916172 0.0007975505491208956
0.5773043926124289 0.09045240024495838 0.13416393318678488 0.1980792739558278
0.15004451284607379 0.25873276557988956 0.3971248477420408 0.19409787383199584
0.35806837369813505 0.2583381216614582 0.2910146214143904 0.09257888322601637
0.2135230137027665 0.38860729757966905 0.09442495353746516 0.3034447351800993
0.1666905476280769 0.0035073447184386097 0.27160008469063224 0.5582020229628523
0.6001618946964314 0.265554334272219 0.03554817112668096 0.09873559990466863
0.08103354376529082 0.8087171693447822 0.05195299875678272 0.05829628813314425
0.21125309242493484 0.2330430028123398 0.24651256730573778 0.30919133745698757
0.7068935554024162 0.06982058846385297 0.0497253938994916 0.17356046223423927
0.029761423438034007 0.18876880963449139 0.19256694232699556 0.588902824600479
0.5043147334383646 0.08007814153606874 0.30607401877494766 0.10953310625061896
0.5957273067436353 0.2042516893794707 0.15190840660081084 0.04811259727608319
0.4177060342080807 0.21016427589386444 0.007123287446782478 0.36500640245127236
0.4754407112346165 0.13432441156655173 0.10917590197194305 0.2810589752268887
0.03289011523742902 0.32708475384474056 0.3595545628929927 0.2804705680248377
0.07202655150850523 0.29991613590873045 0.20152779805214172 0.4265295145306226
0.4818349594485649 0.10117443241347346 0.029091047360355504 0.3878995607776061
0.2973509020448095 0.020507028595296295 0.19940021449169676 0.48274185486819743
0.029486891570377205 0.0022658536988248157 0.18172362521456886 0.7865236295162291
0.15862285145225052 0.02590518189823454 0.10669638795366043 0.7087755786958545
0.2783968324282825 0.6203199654503724 0.03857883178242938 0.06270437033891574
0.10241007650036316 0.5913390379650664 0.29622862509347925 0.010022260441091224
0.31534545260897506 0.31179934226016237 0.25980722218893526 0.1130479829419273
0.7541471810057476 0.0262895863227407 0.09286449939196795 0.12669873327954373
0.04982991130604497 0.22910398598643722 0.40827997485235445 0.31278612785516335
0.1129217132744692 0.3023984549473212 0.49905003079324295 0.08562980098496664
0.8223060560623184 0.04549632875311238 0.0651286705622579 0.06706894462231128
0.19859984823024046 0.09818276155007921 0.5764255995763721 0.12679179064330826
0.34075509075873966 0.21266549439557525 0.015545426119501715 0.43103398872618337
0.7481003485407208 0.0405322137721319 0.14351831867580833 0.06784911901133894
0.6986370494858493 0.16905337540467924 0.11515729598219615 0.01715227912727535
0.03829122295302578 0.12357478690851253 0.2803043742172243 0.5578296159212374
0.7613754183531645 0.023616139149641446 0.15674314151516755 0.058265300982026536
0.34870167761275017 0.38811594146555806 0.049244224977308515 0.21393815594438326
0.5513294320317644 0.005716274424264811 0.427497024689135 0.015457268854835782
0.040961200589989755 0.18865672981564352 0.07575459450738686 0.6946274750869799
0.5782343621591832 0.22924159228582797 0.0667946754448775 0.12572937011011132
0.1205613404199617 0.3874040218126181 0.09116310544572015 0.40087153232170003
0.3738344962019673 0.3782001898436187 0.20144096528047095 0.04652434867394306
0.1362591132542843 0.018575750546356185 0.29705459397921563 0.5481105422201439
0.4438157431060932 0.179192894898333 0.007693522555448751 0.36929783944012506
0.05067791722840542 0.6546768732209312 0.11582277009267195 0.17882243945799148
0.28320601700650483 0.049833415448428786 0.30590888164030083 0.36105168590476555
0.16909477641726134 0.4620959890681354 0.03112081313514037 0.33768842137946287
0.4084750514032297 0.016805897712924178 0.3170144094180297 0.2577046414658164
0.1604952440566404 0.34275903882965575 0.12525992356935833 0.3714857935443455
0.10058721969641848 0.2305395987994222 0.13016287781199642 0.5387103036921629
0.07129191949054581 0.2781383204020904 0.178302597404981 0.4722671627023828
0.40296608073657036 0.569911299750276 0.011093671342856326 0.01602894817029732
0.6359071179723211 0.19220371286655746 0.10178604790284629 0.07010312125827511
0.26105074809523776 0.440081614752048 0.11210549840802153 0.18676213874469272
0.6549611093535972 0.16289999739625982 0.07941994465415003 0.10271894859599295
0.20235279794133576 0.1035451743258976 0.38779093224718053 0.3063110954855861
0.4572104757154728 0.11711528776699454 0.23428369325387888 0.1913905432636538
0.3369198227094736 0.5424250387199151 0.10532500874312434 0.015330129827486938
0.15773497784844148 0.2403924768905682 0.01870517289921958 0.5831673723617707
0.6022413450320139 0.2012283092178424 0.12046902080079713 0.07606132494934659
