23 100 4 267.38120572729616 534.7624114545922
5.655680954619303 9.522663434333326 7.889137834572162 3.5415625957040144 2.989408269354873 7.175998767137202 2.5042528279005065 4.5319821981852755 6.562471125275283 4.7073708537287136 1.0221839308079756 8.956289641348942 8.964527845388261 3.7036872042983284 6.306236786932431 9.805842244133478 8.6058443991368 1.5856789515147414 3.6527001824562904 3.591409968705218 8.402197051930898 6.635647341642215 1.9942994252230641 1.0047593005234845 9.479496095699496 2.273506819526708 4.794368735495437 4.118404961336898 8.828065759574633 4.857416311170577 8.4587633589048 7.4606665440343445 2.0730402476571044 6.36745755438648 2.1678066793466195 1.6978068255445946 8.480847301213762 5.1794705330218225 2.4581123110247405 5.93177762883706 6.2963723965810825 7.962518521681608 6.902609122062129 6.019360835305807 2.6042253991312903 3.165251780962118 5.5544916913197335 4.570711289468461 5.347496668986473 9.601658569793672 9.114419735266427 5.5518338977976365 8.386313366466233 8.44944333467483 3.08650012841849 1.7114993776443739 5.191866338311598 8.910782275638457 2.327527528352681 3.0812617477947475 9.261512251335368 2.161571748455536 9.247669498592556 3.1131779582016734 6.543880917755522 9.564289840011378 3.2961773775010226 5.052296335104913 9.752660023838443 3.154338983454748 2.7881317242516603 7.191517392289248 8.605082752021648 5.079845636351246 1.912330247832656 6.605631734973977 1.7512834317380626 1.4794038518404378 4.10930630181276 9.149277026959684 8.187401866156357 4.458042484735875 1.83453404019891 2.1405250865791636 5.809575531078776 5.565737773676517 5.53181296310025 2.1394609811618848 8.121615319507127 6.364461287108797 7.81992435429253 5.134276826993186 1.6701328437805296 6.422390591198488 4.920392525647328 1.057854695800093 1.4196689052552387 4.768681600053219 8.904392696883441 4.897159239776484
1.1311361909238606 1.9045326868666652 1.5778275669144324 0.7083125191408028 0.5978816538709746 1.4351997534274403 0.5008505655801013 0.9063964396370551 1.3124942250550566 0.9414741707457427 0.20443678616159514 1.7912579282697885 1.7929055690776523 0.7407374408596656 1.2612473573864862 1.9611684488266956 1.7211688798273599 0.31713579030294825 0.7305400364912581 0.7182819937410436 1.6804394103861795 1.327129468328443 0.39885988504461284 0.2009518601046969 1.8958992191398991 0.4547013639053416 0.9588737470990875 0.8236809922673796 1.7656131519149265 0.9714832622341154 1.6917526717809601 1.492133308806869 0.4146080495314209 1.273491510877296 0.4335613358693239 0.33956136510891893 1.6961694602427524 1.0358941066043645 0.4916224622049481 1.186355525767412 1.2592744793162165 1.5925037043363217 1.3805218244124258 1.2038721670611614 0.520845079826258 0.6330503561924237 1.1108983382639468 0.9141422578936922 1.0694993337972947 1.9203317139587344 1.8228839470532854 1.1103667795595273 1.6772626732932465 1.6898886669349662 0.617300025683698 0.34229987552887475 1.0383732676623196 1.7821564551276914 0.4655055056705362 0.6162523495589495 1.8523024502670737 0.4323143496911072 1.8495338997185111 0.6226355916403347 1.3087761835511045 1.9128579680022757 0.6592354755002046 1.0104592670209827 1.9505320047676886 0.6308677966909496 0.557626344850332 1.4383034784578497 1.7210165504043295 1.0159691272702491 0.3824660495665312 1.3211263469947954 0.35025668634761253 0.2958807703680876 0.8218612603625519 1.8298554053919367 1.6374803732312713 0.891608496947175 0.36690680803978204 0.4281050173158327 1.1619151062157553 1.1131475547353034 1.10636259262005 0.42789219623237695 1.6243230639014254 1.2728922574217594 1.563984870858506 1.0268553653986372 0.3340265687561059 1.2844781182396976 0.9840785051294656 0.2115709391600186 0.2839337810510477 0.9537363200106437 1.7808785393766882 0.9794318479552968
0.005024923725740482 0.23515697782067158 0.40327830862329317 0.3565397898302948
0.14536195449419298 0.3837930651844724 0.07641017509196668 0.3944348052293679
0.6034752072158278 0.23937934383291504 0.11169988030052036 0.04544556865073679
0.5583471760640503 0.06888532369320555 0.012157378957007858 0.36061012128573633
0.2853803359354091 0.016432827979950382 0.5479713645035186 0.15021547158112192
0.0968849642839934 0.23190238565614674 0.15510462138824843 0.5161080286716114
0.12234722973411316 0.06769142165249176 0.5709174944506549 0.2390438541627402
0.1851929174833391 0.3795925316749139 0.32347670268293527 0.11173784815881171
0.1552147464040412 0.5828252778974644 0.05633928206239025 0.20562069363610413
0.08086222034004453 0.032939015890887435 0.43760116797507354 0.4485975957939945
0.1406534791699433 0.008194545722752355 0.30064895783518764 0.5505030172721167
0.05011902966338311 0.3214147474665827 0.5391740503065934 0.0892921725634408
0.20593267412957195 0.17437468872683015 0.23693413090052962 0.3827585062430683
0.19425766330246852 0.4463058485459811 0.3221579577037328 0.03727853044781759
0.17079131745352893 0.15947833569520853 0.27481735297224563 0.3949129938790169
0.028773996896283682 0.9107648607475327 0.013702225731360151 0.046758916624823454
0.06781930482977494 0.7600479112020859 0.16292367985702516 0.009209104111113975
0.12160863296744395 0.1910262465854784 0.622157343010697 0.06520777743638062
0.08096605281726121 0.5457696231430094 0.0678056811819262 0.3054586428578032
0.3436456284377015 0.07047804031870253 0.3089168601428207 0.27695947110077523
0.34809190046205274 0.1986468671740801 0.1042726574792513 0.3489885748846159
0.09317831284174316 0.31747265010099535 0.5661807221032706 0.023168314953990854
0.030125761588574607 0.3630333314803169 0.0008525060759918546 0.6059884008551166
0.29110561700765725 0.1836155462058866 0.29788325687328776 0.2273955799131684
0.3241235471935223 0.10541871639857414 0.1894544727063181 0.38100326370158544
0.18878963262831439 0.4015143620232149 0.011829821340411661 0.39786618400805907
0.07309111409214941 0.042009438925824094 0.1435289616358203 0.7413704853462062
0.24386796239322406 0.13171047683781156 0.21880409349945384 0.40561746726951053
0.47729389039881 0.11352083057582141 0.3424273333686535 0.06675794565671511
0.1253607482101322 0.25704389784480985 0.5730020496278756 0.044593304317182336
0.02489530628090697 0.1890644351944173 0.43935165844385826 0.3466886000808175
0.021559629030845406 0.5917032931543008 0.3482262184427194 0.03851085937213439
0.5119850184358926 0.2041626223513382 0.2626372499724343 0.021215109240334873
0.1448598293465332 0.0021002393724441903 0.7001535814515409 0.15288634982948168
0.02678853814485327 0.13671852204477042 0.442081445798265 0.3944114940121113
0.10997747968966642 0.1616908047814576 0.5050570971382842 0.22327461839059182
0.388468854806459 0.02841541208270082 0.23100058617170793 0.35211514693913226
0.5345126828592638 0.08224943776273419 0.03542094422499931 0.3478169351530027
0.04946705171077226 0.7163567363174311 0.08914000139803968 0.14503621057375693
0.0489662006098438 0.31199198805335115 0.35203809952877907 0.287003711808026
0.1197395769791999 0.6745897036991895 0.20084355723143033 0.004827162090180304
0.1940476194756442 0.6500150796491168 0.050417167009802366 0.10552013386543668
0.08362855759432997 0.14371430194005053 0.12199808301971482 0.6506590574459047
0.05167183644896767 0.43713627740165795 0.3190520149549174 0.19213987119445697
0.21038752809982075 0.08799756792472113 0.3012139035673169 0.4004010004081412
0.08774706063976812 0.48062423110990593 0.16334254892568623 0.26828615932463973
0.023169743854271396 0.37878809685180703 0.06141102727928727 0.5366311320146343
0.2625525534849379 0.14264799732733413 0.07259132366982524 0.5222081255179027
0.27243960181280913 0.16498158711018318 0.2681405278712655 0.29443828320574217
0.7244804049303349 0.12464656989097767 0.14135455928330698 0.009518465895380412
0.25320217406703527 0.12700078618104982 0.49052429061019387 0.12927274914172104
0.6271260820250026 0.15457971686221905 0.09853454909741899 0.11975965201535932
0.07294111304757134 0.015884298866487234 0.7827836959575721 0.1283908921283693
0.007227984623138783 0.6306477652761578 0.2364869805577391 0.12563726954296428
0.1398182058122156 0.04317053638270629 0.7573267985685674 0.05968445923651067
0.021806789118449688 0.05643421473650856 0.6039844626709538 0.3177745334740879
0.3967992013967858 0.03234189331163073 0.45363457435809507 0.11722433093348839
0.0917493119472077 0.13609146175097775 0.2267884229804219 0.5453708033213926
0.19300320074456478 0.07697046877716207 0.5351253040816225 0.19490102639665063
0.09756212145850385 0.6181049272957543 0.21743854936077622 0.06689440188496565
0.30823250493799403 0.0380677574807704 0.22334863062546306 0.4303511069557725
0.16458012282314227 0.026532074952417273 0.41831448080958855 0.3905733214148519
0.24284945493729304 0.07150021604869572 0.3456138094014174 0.34003651961259385
0.5249485314348081 0.012851549001664297 0.2685796048833755 0.19362031468015206
0.13406142845320113 0.04679494806775686 0.6640143340554049 0.15512928942363713
0.4363476980953527 0.021766504872942738 0.33689691864478555 0.20498887838691904
0.21212538395786107 0.6671504848968758 0.05480785361979279 0.06591627752547036
0.3251344852047523 0.03252100404223357 0.21525853336219225 0.4270859773908219
0.149070930621918 0.28051991668765774 0.2601360558538083 0.31027309683661597
0.25786882263821753 0.02477162174444003 0.31284973731454324 0.4045098183027992
0.0010769051076935376 0.030119327314121813 0.8393406613707983 0.12946310620738632
0.22394082034652996 0.13385897042775485 0.3374646747445993 0.3047355344811159
0.49078881889177617 0.010381993435959691 0.14618693194036825 0.3526422557318959
0.35560449737706856 0.15760723069776417 0.42528600906141734 0.061502262863749935
0.008892823484124568 0.3089734259023288 0.19440564349390388 0.48772810711964276
0.1822435306950675 0.33817652778426543 0.27798274709675685 0.20159719442391022
0.40680733945979797 0.29947085882350644 0.1346408280995104 0.1590809736171852
0.2608053566351832 0.00119143213783246 0.68259155569114 0.05541165553584426
0.18462380207402607 0.2438035915117207 0.4575118039395759 0.11406080247467731
0.006424919946722563 0.85355911782247 0.10179802091873147 0.03821794131207601
0.15870647785203362 0.07614597143097468 0.26771990110983235 0.49742764960715935
0.47797758337823937 0.059908777357526755 0.016175949596085815 0.44593768966814806
0.3984387387569285 0.159941605143739 0.41098281389509284 0.030636842204239678
0.05224330720440884 0.2061262403527343 0.20300271486671073 0.5386277375761461
0.010058487645680514 0.6253016616410654 0.0475919193654607 0.3170479313477934
0.3324158262016461 0.10506121377291067 0.43393629842628223 0.128586661599161
0.1493846127018884 0.1948710718752339 0.20963740065020964 0.44610691477266806
0.18946323864463988 0.15381158620847613 0.013714002751650578 0.6430111723952334
0.32350617068469756 0.09423276298593986 0.012644689311375856 0.5696163770179867
0.1239565156596395 0.013838881634198219 0.8064028921929676 0.05580171051319471
0.5286904926660972 0.10903196235921675 0.3549033184335024 0.007374226541183582
0.16911072633770585 0.21640136591125325 0.5880017895067945 0.026486118244246404
0.16118276587560376 0.25611674390642725 0.32250837678017164 0.26019211343779736
0.0777358216074494 0.38389696659253825 0.06436762439955424 0.4739995874004581
0.09317902713926385 0.12192546617854749 0.3274161256811715 0.45747938100101715
0.3084387647669715 0.5439292104631752 0.11302904337783182 0.03460298139202145
0.17772042556429224 0.09120460616520898 0.23932883352455903 0.49174613474593976
0.5420191645640818 0.09885217940415003 0.16566951218024473 0.1934591438515234
0.37574504444873524 0.14155934792646685 0.11752280028905637 0.36517280733574153
0.04358762542521788 0.03410227594523174 0.11960193447736323 0.8027081641521872
0.1288935485768078 0.16681325452901896 0.2726429723825692 0.43165022451160406
0.6474949881848805 0.04389427227596454 0.272155519601589 0.03645521993756595
0.0854957627108347 0.4328186823475819 0.37678650983163564 0.10489904510994774
0.28201638204882773 0.11441426207242389 0.020597462942466227 0.5829718929362822
0.33885827739248164 0.05908635488126557 0.4407940711814935 0.1612612965447593
0.023379930587594244 0.36111142472953617 0.14451182619556247 0.4709968184873071
0.5213904458715113 0.4409521987025228 0.03624403651969932 0.001413318906266614
0.29823290410761627 0.4826198813610758 0.17879202445929632 0.040355190072011604
0.5663140989773378 0.034804851346181276 0.32614106682505306 0.07273998285142791
0.11651782167819436 0.17141512943326953 0.15671063416681907 0.555356414721717
0.11965252243926927 0.5690024354302026 0.15596252583898107 0.1553825162915471
0.1830493219429843 0.0805050644170684 0.3477792931719117 0.3886663204680356
0.5358885402404605 0.22182640696132572 0.02119713503534526 0.2210879177628685
0.24598420871622517 0.15412315126072595 0.3635606335220013 0.23633200650104758
0.11917630556450598 0.09831784804675414 0.5811277902725773 0.20137805611616255
0.480686727057959 0.03212683347584633 0.06373513524166452 0.42345130422453015
0.27628244726328566 0.21696585298352422 0.22811180078210713 0.278639898971083
0.34246517855265435 0.25783192781482156 0.20926925066081425 0.19043364297170984
0.04517116277350908 0.13032555808202362 0.13820430989597754 0.6862989692484898
0.3947918605862947 0.07411641943969782 0.042716459621270575 0.48837526035273693
0.7831860634717771 0.05168866082937695 0.0381510352525708 0.12697424044627514
0.18415932175163263 0.11156282560995123 0.2616370016975369 0.44264085094087924
0.8187988863499047 0.07202623290930843 0.008986626101305184 0.10018825463948167
0.3024871162472813 0.5099563793683621 0.1682683514583705 0.01928815292598607
0.0030786379783936946 0.6353359764629325 0.24804896582419123 0.11353641973448259
0.08489766344365035 0.6011385275008675 0.08704947097317339 0.22691433808230876
0.09905593656208833 0.12212764655881347 0.3402839515031346 0.4385324653759636
0.23501047798661767 0.30175931600445416 0.2092728020867124 0.2539574039222158
0.0837421396375857 0.4023364688747365 0.3555582354055795 0.15836315608209828
0.10869424754894208 0.23495615190174224 0.49568904065657604 0.16066055989273964
0.24522107624938727 0.09215571631078323 0.12128270497081373 0.5413405024690158
0.0425938640226482 0.22981723388519815 0.44011465632576774 0.2874742457663859
0.5478341330907295 0.2631797262312542 0.01987130062546605 0.16911484005255029
0.1836483711819311 0.15874725327675998 0.24785516611467306 0.40974920942663584
0.08871545457591135 0.005405524991666355 0.33131138509145064 0.5745676353409717
0.3422480082788787 0.13582095178987208 0.26555840343834836 0.2563726364929009
0.3152283625220813 0.12652876093779086 0.40079157172291247 0.15745130481721537
0.35557836732536197 0.27993310300023244 0.3607176002745399 0.0037709293998656745
0.1632957510588965 0.29249274535335335 0.3020433621118713 0.24216814147587884
0.08651653838786766 0.1860865052622236 0.2978733503493013 0.42952360600060746
0.01644898236134007 0.37878724057958757 0.23545316356999202 0.36931061348908034
0.2984864644256109 0.5726654117205477 0.10793274454486157 0.020915379308979798
0.2195151893089342 0.22836853912275745 0.3565838387549163 0.19553243281339205
0.3789626207809058 0.09805437824872287 0.2006900419662644 0.3222929590041069
0.015136608886209824 0.6186391430874584 0.18580915232764095 0.18041509569869085
0.1692741729195425 0.5139433622508158 0.28444662858246383 0.03233583624717784
0.012421362724883922 0.006580382125430662 0.5165114586611832 0.4644867964885022
0.2922293747239416 0.18206429958804993 0.04464574969218449 0.48106057599582397
0.016374825218726685 0.44926105258375704 0.29364647711002956 0.24071764508748672
0.08283183092446611 0.3630127365913798 0.2748046244004888 0.2793508080836653
0.1609204521549238 0.06731216432858211 0.45950712178376596 0.31226026173272814
0.25335597176492386 0.24149584792088652 0.4799636503596364 0.025184529954553225
0.030061941010108728 0.28464236005819343 0.23057464643262593 0.4547210524990719
0.18549188512346482 0.0017901887464014665 0.45864197848284105 0.35407594764729267
0.3159174861030116 0.3288040363285486 0.03215849196216025 0.3231199856062795
0.08274846064207764 0.37429731870513183 0.033878968282110344 0.5090752523706802
0.1796720491852063 0.10179763943529652 0.08443156188389733 0.6340987494955999
0.3012792211777372 0.427507806358323 0.20433359275070584 0.06687937971323399
0.4225565521700051 0.3272663140544063 0.10787135894199695 0.14230577483359164
0.41971538607256254 0.07800775586408248 0.015049364797949938 0.48722749326540504
0.06622660552823434 0.2633612546125724 0.44003007943122663 0.2303820604279666
0.10709021750846526 0.43556660384434187 0.18196409354285237 0.2753790851043405
0.741395115770732 0.02809230335720503 0.02429314157909712 0.20621943929296582
0.048184948782166837 0.23074048950137827 0.6577951042018382 0.06327945751461672
0.013740711309659592 0.14957369718048652 0.060038952633911014 0.7766466388759429
0.008540302969749836 0.20281490429450022 0.7476766702394729 0.040968122496277015
0.15615146494858234 0.010501720657320468 0.5326872565454119 0.30065955784868525
0.2525647588221581 0.19301142123256565 0.5201014173219634 0.034322402623312875
0.3657408732706374 0.04005570271082248 0.48392286309897936 0.11028056091956073
0.04539075480799015 0.38087408125581623 0.2345663576848266 0.339168806251367
0.008248799290777709 0.03477327714844902 0.4546313784039294 0.5023465451568438
0.3751766806204856 0.4133954610201661 0.15078526376547752 0.06064259459387078
0.03615320184031623 0.03589571622913246 0.11746205722461645 0.8104890247059349
0.3574941879495438 0.022898643684754916 0.6144191587345896 0.005188009631111656
0.12343411894466438 0.45325062449199294 0.35157890854085017 0.07173634802249251
0.21681643454841037 0.012195464838834713 0.2525389036539274 0.5184491969588275
0.37172655167050905 0.08763317174858654 0.08091489367193083 0.4597253829089736
0.4227936116041937 0.33467798495012335 0.15896701539772207 0.08356138804796087
0.21285193174839834 0.17099569983649776 0.15001924608266526 0.46613312233243864
0.09211617578200748 0.013070749811075921 0.5476349709287521 0.34717810347816447
0.7440497502439124 0.11237373807251116 0.07049337300297576 0.07308313868060068
0.16534047338212798 0.010234034075262355 0.8125098223431447 0.011915670199464934
0.12335021229434073 0.43991527148250775 0.1436767232265368 0.2930577929966147
0.19637759026964796 0.03414492339019559 0.1742010510676456 0.5952764352725108
0.3408701866143472 0.24333413410116522 0.16715069880584899 0.2486449804786386
0.1113033205638061 0.155041010301881 0.32578802657718675 0.40786764255712615
0.18868429465723824 0.06313847539267992 0.023247316662124318 0.7249299132879575
0.10389337563451528 0.007728642605427605 0.0801792685186542 0.8081987132414029
0.434919069250847 0.428790023183655 0.09273832915644187 0.04355257840905613
0.18753524972457392 0.15281624435920227 0.32456592483268343 0.3350825810835404
0.3392938006461159 0.22031678274551203 0.43909409536430255 0.0012953212440695028
0.22805090740532108 0.328931376414627 0.2501897098429109 0.19282800633714103
0.08011193791425386 0.4151072259056111 0.08919819003048546 0.41558264614964957
0.08593184048998381 0.2436788256027621 0.05602507014924041 0.6143642637580137
0.8247896742618842 0.12036571451762546 0.0019475208479946549 0.05289709037249568
0.19471916301336667 0.1570370009033043 0.6148581914263329 0.033385644656996116
0.26548203233118794 0.07688124561625642 0.50397123991582 0.1536654821367356
0.046938545815710775 0.26544486433851944 0.3301053438122131 0.35751124603355666
0.2736228873494274 0.05872090167783317 0.08149794554416367 0.5861582654285757
0.22855792131990504 0.019301503789922014 0.16135487424406025 0.5907857006461127
