93 30 4 93.61013513169266 187.2202702633853
6.457189039988279 6.917604117560341 3.765169084092129 9.65803136635758 5.823270165981643 6.936712217979729 9.994388759409443 7.758855342389721 5.846699833025205 7.709549081490495 3.1203837521470503 4.747154414433243 8.605177811204012 4.650820706287571 5.271026902058378 7.238612654140764 2.6664703463243673 1.6144737113010772 6.600628047830755 6.409165326713743 8.825001513117908 1.4738120104043984 6.121580972141318 4.6480138415382495 8.222622196714896 8.068348449177673 8.00841505657712 1.8328176423524982 9.63261434338023 8.595661557265494
1.2914378079976558 1.3835208235120682 0.7530338168184258 1.931606273271516 1.1646540331963284 1.3873424435959458 1.9988777518818885 1.5517710684779442 1.169339966605041 1.541909816298099 0.62407675042941 0.9494308828866487 1.7210355622408025 0.9301641412575142 1.0542053804116756 1.4477225308281527 0.5332940692648734 0.3228947422602154 1.3201256095661509 1.2818330653427485 1.7650003026235814 0.29476240208087967 1.2243161944282637 0.9296027683076499 1.6445244393429792 1.6136696898355347 1.601683011315424 0.36656352847049967 1.9265228686760458 1.7191323114530987
0.20105064264527273 0.07062455003592327 0.20587421405925066 0.5224505932595533
0.2786087819950971 0.2804178329282353 0.3889198955577856 0.052053489518882
0.12755269651280088 0.3381588050441452 0.002072986022821577 0.5322155124202324
0.04135017792114337 0.5374595889306266 0.1417723429333524 0.2794178902148776
0.45518218469412475 0.1876736583084565 0.05999504954372714 0.2971491074536916
0.030385909819087176 0.22064893441295297 0.24606452764213027 0.5029006281258296
0.1566115789174478 0.016349241802498082 0.04556660215553121 0.7814725771245229
0.2982688545223804 0.26900487232300163 0.22046830882195978 0.2122579643326582
0.015288212306103666 0.006025359356293225 0.9119661918462442 0.06672023649135894
0.10545275432797807 0.5539640506436749 0.3138597239966511 0.026723471031695922
0.17988519032351125 0.27644421776481376 0.29049509511545146 0.25317549679622353
0.21605898983343408 0.030900968639167026 0.35949442655108477 0.39354561497631413
0.3839127356484605 0.09978031460313452 0.009569813111245162 0.5067371366371598
0.6924307898098233 0.10360742530302469 0.09906061334662619 0.1049011715405258
0.4625944808387332 0.1293638645276115 0.29029792777147745 0.11774372686217782
0.051065977815109354 0.08123116796750907 0.6963054701266632 0.17139738409071836
0.06796469796587412 0.13247452479776445 0.7554622395338499 0.04409853770251149
0.22670975665892945 0.5980378860748007 0.03262238868136347 0.1426299685849064
0.10411882435360587 0.29584333735934587 0.4927970407119563 0.10724079757509197
0.6408224159603861 0.09557764535975233 0.07483058963388323 0.1887693490459783
0.35805167354836864 0.016356934879133034 0.5447148460356515 0.08087654553684687
0.3245344260570253 0.050216713691196735 0.041930535103892996 0.583318325147885
0.20633330721092313 0.19777349333304783 0.5204557401363537 0.07543745931967538
0.16083629236784758 0.44406865453854716 0.021234664592759356 0.3738603885008459
0.013437542004900438 0.13846441610808757 0.056765041050367726 0.7913330008366443
0.610718566709522 0.268230800785783 0.022087644769854475 0.09896298773484058
0.621353786081661 0.15493660156055444 0.21197327974693259 0.01173633261085194
0.18633383831529882 0.7031237104040807 0.06491876640289063 0.04562368487772983
0.29035059062866697 0.34940359327273973 0.06850837975438329 0.29173743634421
0.7033469618746097 0.03956300943416291 0.16429640989797656 0.09279361879325088
0.3751828606742217 0.10232234695737064 0.17735990954691283 0.34513488282149485
0.3247752995195735 0.12997619950572603 0.4056530364002623 0.13959546457443817
0.17646285084462976 0.7506404445238856 0.019480227722492027 0.05341647690899265
0.0014726320542625126 0.4205927262149137 0.3772304165915771 0.20070422513924668
0.09256217559492996 0.1128023498189965 0.0065287363176758095 0.7881067382683977
0.034520955228579564 0.17824218961819327 0.4102007660460183 0.37703608910720887
0.7519599215378842 0.02014121995490037 0.0553692685371967 0.17252958997001877
0.30500678426991334 0.11539949797801752 0.019259836607288583 0.5603338811447806
0.011608644237339316 0.015892655053566296 0.8910962204439212 0.08140248026517316
0.4235806602693767 0.15896219197384376 0.0348812260510869 0.38257592170569266
0.26309564560143217 0.314150496885476 0.4166846031824448 0.006069254330646978
0.02149321148885175 0.23208521872991783 0.3418011680263956 0.4046204017548348
0.0270415242687001 0.02415059416703802 0.13486335405937988 0.813944527504882
0.1011097596662347 0.37665563381619394 0.3609869276453235 0.1612476788722479
0.03024549908583518 0.11159459396008664 0.22504115271796787 0.6331187542361103
0.15606736441839641 0.7411777687460936 0.03534328046746105 0.06741158636804889
0.11257294772916693 0.150063534307862 0.4295835089021469 0.30778000906082414
0.13320235450899975 0.03200799186638237 0.19977696135466094 0.6350126922699569
0.5762486255768698 0.13510701136330872 0.2060086507126584 0.08263571234716305
0.18874570178818484 0.5131858657881356 0.2607192621609451 0.03734917026273443
0.1391540493227692 0.5312624618342641 0.025474942647522814 0.3041085461954439
0.03474672458781369 0.7073910459723834 0.13652017515644954 0.12134205428335332
0.01060920475521554 0.24701535410986997 0.4677090929864748 0.2746663481484397
0.0554434966811751 0.13005238236637462 0.038923777584060626 0.7755803433683897
0.3890846587221538 0.06229775515018443 0.32736584917041034 0.22125173695725142
0.3180002196249929 0.12522781819800843 0.07023935642985091 0.48653260574714774
0.02756794958040265 0.5002611103213386 0.1883607163252683 0.2838102237729905
0.17509521484562784 0.5937689962437198 0.024492964522487837 0.2066428243881645
0.08681664118164678 0.08376780103242121 0.03986342403293419 0.7895521337529978
0.03922701778890514 0.21170862091540066 0.7366806197853336 0.01238374151036059
