53 10 4 28.64588878249976 57.29177756499953
8.619961664891205 6.050489862385308 5.0938786216517755 4.169574223227656 6.272662457213536 5.821747698457682 8.447106491014114 3.38087978849831 5.305411552048442 4.130065205611497
1.723992332978241 1.2100979724770615 1.018775724330355 0.8339148446455311 1.2545324914427072 1.1643495396915364 1.689421298202823 0.676175957699662 1.0610823104096885 0.8260130411222993
0.04763467616928574 0.08684364613968798 0.2371378697792378 0.6283838079117885
0.4072064198298265 0.16054266032830466 0.3297454742095268 0.10250544563234198
0.12822787402321412 0.3129597455320442 0.08316748004938934 0.47564490039535234
0.4257340929083312 0.04054676338069285 0.4307039880351392 0.10301515567583674
0.30427576963572445 0.5216203008360527 0.11544803947373261 0.058655890054490234
0.23279542016427324 0.012921966282497421 0.021967518106130512 0.7323150954470988
0.028354863135044206 0.22506587267186362 0.4723617388167006 0.27421752537639155
0.06041968731298797 0.7663736317035359 0.02717046338487683 0.1460362175985993
0.534465623047845 0.1970894976987263 0.20954789254464246 0.05889698670878629
0.3606660874050185 0.27291174430017584 0.05769703543947058 0.3087251328553351
0.25997735034305913 0.13431595438601862 0.16243961855646505 0.4432670767144572
0.16734588700638398 0.3991729690086552 0.08583448276371186 0.347646661221249
0.18932562864471525 0.41825439563642763 0.2544540773244818 0.13796589839437534
0.22892947355785653 0.24163187281544807 0.4994427747800261 0.02999587884666932
0.14910093177636907 0.5558146741335283 0.07226432719324327 0.2228200668968594
0.22084660170744308 0.4902330500425738 0.1556159353855585 0.13330441286442463
0.3488851179191962 0.14700003736795209 0.32316460977959527 0.18095023493325646
0.05006364211759373 0.3442295082490576 0.3033798147092174 0.30232703492413127
0.030902080819037003 0.09866133189991011 0.03070120272359178 0.8397353845574611
0.04273940672283105 0.6848477125780766 0.10784690668647945 0.16456597401261286
