83 40 4 106.67266621808923 213.34533243617844
3.3133818439462592 7.154088247639653 6.97277581812204 7.994173910197599 8.446299655019125 4.210157293613609 4.480624600732158 7.6906824516981 3.5428646358620095 3.6466893269331746 6.165918232935329 1.4241200626177766 4.483757289296621 8.51119411124835 5.689603620179559 2.147720146462476 4.734314731825382 8.387412102391615 4.101845806882377 9.242790112292997 2.687024529590963 1.2460320694290923 3.1346505031608087 7.477809349947511 3.4229807618837444 6.097410459706706 6.669714450043726 2.913063788273501 7.643587041849626 4.121501428918789 3.9240133569491418 3.8537619909424303 9.744849096922659 2.0324582989350173 3.9817576884072707 9.805319810712405 9.974063088748888 2.6278530615649696 2.253185064642352 7.393882595652726
0.6626763687892518 1.4308176495279306 1.394555163624408 1.59883478203952 1.689259931003825 0.8420314587227218 0.8961249201464316 1.53813649033962 0.708572927172402 0.7293378653866349 1.2331836465870658 0.2848240125235553 0.8967514578593242 1.70223882224967 1.137920724035912 0.4295440292924952 0.9468629463650764 1.677482420478323 0.8203691613764754 1.8485580224585996 0.5374049059181927 0.24920641388581846 0.6269301006321617 1.4955618699895021 0.6845961523767489 1.2194820919413412 1.333942890008745 0.5826127576547002 1.5287174083699253 0.8243002857837578 0.7848026713898284 0.7707523981884861 1.9489698193845317 0.40649165978700347 0.7963515376814542 1.961063962142481 1.9948126177497776 0.525570612312994 0.4506370129284704 1.478776519130545
0.4998790340578849 0.1571136299986422 0.08245276060856899 0.2605545753349039
0.5477657516507926 0.07516190636880804 0.24742597823670054 0.12964636374369887
0.3072876380675438 0.07843869874984999 0.1606450763382108 0.45362858684439544
0.1458640230874979 0.653176363381894 0.0979687873734526 0.10299082615715549
0.3348592412507373 0.22794662248320297 0.3099020769869242 0.12729205927913556
0.11988695428329366 0.025426433473632604 0.7465850037454964 0.10810160849757733
0.0278316311773108 0.4644332844966169 0.3226272386444008 0.1851078456816715
0.2686691226058614 0.23392602715717647 0.05994137896255658 0.43746347127440555
0.11062251468591999 0.5085150454977363 0.3024083492047305 0.07845409061161324
0.5273667514032582 0.08451607604404088 0.13040891870959048 0.25770825384311047
0.34411802387716117 0.07638729738075667 0.3965716899512818 0.18292298879080038
0.43004515568297075 0.04416804956830056 0.06645353218377004 0.45933326256495866
0.6234186604093278 0.13984032192675488 0.0687125367253727 0.1680284809385446
0.4000054983475064 0.5321986395162938 0.04509473559355048 0.02270112654264933
0.3041020985544086 0.1053717142070083 0.16460566466483106 0.425920522573752
0.19707730164360193 0.009343723955078431 0.33348876422577756 0.4600902101755421
0.37521204002382147 0.22655724580017267 0.03092250859458323 0.36730820558142263
0.0772846458207852 0.16282042640562155 0.4925394809536351 0.26735544681995815
0.3912482333174975 0.014328232981969169 0.31237342603720186 0.2820501076633315
0.1317025193197039 0.404695692179617 0.3616864521735408 0.10191533632713834
0.3086991773018334 0.43440530258027943 0.1377405923452566 0.11915492777263059
0.30082132016408714 0.4105539869071304 0.08585199682824085 0.2027726961005416
0.621570189586627 0.08007283192379899 0.00853968599637589 0.2898172924931981
0.15212818628293956 0.1008622059785852 0.6725730151874164 0.07443659255105883
0.31820916104305297 0.039835266868479935 0.5890003158201357 0.05295525626833142
0.4210788140195142 0.18505169570633317 0.17332634146056947 0.22054314881358317
0.018004519887032444 0.21861744699875563 0.6564266759560864 0.10695135715812554
0.13352488831949527 0.5763561731838127 0.20626010068460143 0.08385883781209058
0.005615238198661721 0.14876671368734506 0.35363253180718335 0.49198551630680987
0.04943839843506426 0.35341592032633373 0.3980421752307325 0.19910350600786952
0.1727033536516389 0.1073408319886967 0.4748748014951042 0.2450810128645602
0.034521672553695315 0.43307257959068857 0.10591014401352539 0.42649560384209073
0.3721802909121653 0.42846527097952736 0.12995362132295352 0.06940081678535381
0.33823829792790905 0.21420320390488579 0.04918908450563131 0.39836941366157386
0.8913683554774918 0.0008530726192491622 0.0009087420775072408 0.10686982982575177
0.2190225297430307 0.1402692816545107 0.26835561467178637 0.3723525739306722
0.036962556463811524 0.080495024336395 0.19773566464169123 0.6848067545581022
0.2700081796273853 0.32545477097719033 0.05415701679585083 0.3503800325995735
0.6922239683367069 0.11704872094013108 0.07336054005667347 0.1173667706664886
0.2538427952648502 0.10625072959620252 0.044946279338486494 0.5949601958004608
0.611224624587008 0.2852675803453576 0.10276403343107077 0.0007437616365636446
0.20710138180751136 0.14807619421219187 0.40128471216105943 0.24353771181923733
0.056890798250766705 0.4265653384597291 0.00880270091417834 0.5077411623753258
0.24842990877005977 0.31361058820956456 0.08292945959221898 0.3550300434281567
0.014449019599514279 0.011244355777953574 0.17273335365467157 0.8015732709678606
0.5204036454269989 0.3103942047633361 0.031196749709606397 0.13800540010005857
0.13164590294839118 0.08150370670009233 0.2962574046222819 0.4905929857292346
0.01679640632243018 0.9419559229839916 0.01028742494392021 0.030960245749658055
0.2437213341172092 0.38054549686774997 0.020253832440740305 0.35547933657430053
0.0679945469237192 0.03903462162403715 0.7260743135010358 0.16689651795120786
0.4345699113447795 0.29161826798221235 0.0030141733179270824 0.27079764735508105
0.05288554374231147 0.5965628984192253 0.0017249126104078583 0.3488266452280554
0.12425336822625577 0.15196308268416914 0.14522896875080848 0.5785545803387666
0.1190304498692043 0.040617001953702436 0.45416854087115255 0.3861840073059407
0.4674155132990423 0.3891305103587217 0.0475960712835749 0.0958579050586611
0.1356019636912177 0.014749936050190704 0.8208185667849253 0.028829533473666347
0.08765396440964612 0.757950230613628 0.14843788268970615 0.005957922287019746
0.5141102664544827 0.15015165639209505 0.1029961137516936 0.2327419634017287
0.15509415363382728 0.4971297283065219 0.2274795737480576 0.1202965443115932
0.015346382420000082 0.17593151185509293 0.5147591906273943 0.2939629150975127
0.2547714734567399 0.046260288111034775 0.49288014623376164 0.2060880921984637
0.02100240240144957 0.48371230036479973 0.3379493520873348 0.1573359451464159
0.010651122657789003 0.6618239816851839 0.28225531615737465 0.04526957949965249
0.2045398598955912 0.17991156142567133 0.11938900825331122 0.49615957042542624
0.05401483150295727 0.5851992676655695 0.06464135415714545 0.29614454667432777
0.3044672299480693 0.1457991773638584 0.05942747144031757 0.49030612124775474
0.5145180398091073 0.03243581799433781 0.22458877807508526 0.22845736412146966
0.6266865926997742 0.21095750084867815 0.1326215696325882 0.029734336818959428
0.18014732149115364 0.5523171426037706 0.24220296139387065 0.025332574511205075
0.5581726467648654 0.1259442929289344 0.26514892397316436 0.050734136333035806
0.20464041796658528 0.4284739461813999 0.06627445996273362 0.3006111758892812
0.12433685215013968 0.34033868415372937 0.24011065094878825 0.2952138127473427
0.37029660727625513 0.19973955125290177 0.06218559880349672 0.3677782426673464
0.45849194022883 0.06277827323233465 0.23923490586542628 0.23949488067340907
0.08801147099401696 0.1020271165544725 0.07694453311605642 0.7330168793354541
0.17549729174027862 0.1643383717696938 0.3589752452953291 0.3011890911946985
0.14271167538668894 0.4011211813952611 0.05295276231247292 0.40321438090557704
0.2793282139617993 0.4833902655031579 0.15837768709957167 0.07890383343547114
0.2548196488968363 0.016072713831248753 0.14849321476018817 0.5806144225117268
0.5385418743044611 0.023888823109127433 0.21571131485656958 0.2218579877298419
