60 10 4 19.06579209465526 38.131584189310516
3.7078599704195687 2.6825123470769023 3.908644092713975 6.991746132594781 6.10273720872292 4.584285630088882 4.414734239721369 1.0952338229077867 2.533290408943409 2.1105403361209363
0.7415719940839137 0.5365024694153805 0.781728818542795 1.3983492265189563 1.220547441744584 0.9168571260177764 0.8829468479442738 0.21904676458155733 0.5066580817886818 0.42210806722418726
0.1315400707837181 0.20585683385490527 0.3550043717654626 0.307598723595914
0.2866205065617271 0.21546504007623224 0.1335913924211013 0.36432306094093936
0.293018252087634 0.2541727884096886 0.03424271123912881 0.4185662482635486
0.35628707978570595 0.6197657887915674 0.011960527129822762 0.01198660429290388
0.011585544879635146 0.007741133704076364 0.6326106330637108 0.3480626883525777
0.2550084479091246 0.17585946804416863 0.5357123845235853 0.033419699523121515
0.16367259862519434 0.47616376522206594 0.1263238930586238 0.23383974309411593
0.02937152540713983 0.8983727204582032 0.03506704935426519 0.037188704780391824
0.471932553382838 0.21641033455993408 0.30106996351412085 0.01058714854310705
0.38656119113683385 0.06122686206557615 0.06557653637536187 0.48663541042222813
0.500329836557292 0.37411172401539927 0.11801766510687628 0.007540774320432431
0.0804330886428396 0.14015176616171265 0.4154776849246241 0.36393746027082363
0.8391908594191547 0.12019503284805355 0.02854386877098536 0.012070238961806368
0.03992926703581834 0.16432276567373394 0.31297575886174 0.4827722084287077
0.19401719135517936 0.25285549554261155 0.26444369333929574 0.28868361976291335
0.4998958513214118 0.03486245545083444 0.229160227049499 0.23608146617825476
0.32433833598634865 0.29401267433432376 0.16736693384172574 0.21428205583760185
0.14328132104059144 0.4095775606365075 0.2852315822979852 0.16190953602491587
0.39267927903982724 0.2894294266523071 0.043962100463100784 0.2739291938447649
0.2632820251791992 0.18364496731599178 0.4739902326547426 0.07908277485006643
