58 20 4 53.236596911580406 106.4731938231608
4.285950247204245 5.060853243040041 5.464543138910106 1.6805985993562325 6.145854240949488 3.6067060519656273 3.779240129095823 4.3738854985469855 8.342710069879129 9.719512243365816 8.09993097248023 4.426136444378569 2.4644459470403417 5.926489090572676 8.019466110333443 3.7003933606021504 6.875526592900989 3.6684912691597042 1.2936633796624233 9.538797193716821
0.8571900494408491 1.0121706486080082 1.092908627782021 0.3361197198712465 1.2291708481898975 0.7213412103931255 0.7558480258191647 0.8747770997093971 1.6685420139758258 1.9439024486731633 1.619986194496046 0.8852272888757138 0.49288918940806836 1.185297818114535 1.6038932220666886 0.7400786721204301 1.3751053185801978 0.7336982538319409 0.25873267593248467 1.9077594387433643
0.07945976545948075 0.07328231147588404 0.4217657724909034 0.4254921505737318
0.3673871706992532 0.14873369972281525 0.21144209278182047 0.2724370367961111
0.3707323174237991 0.13483902115426694 0.07304393692019873 0.42138472450173525
0.28436057263338477 0.2578999043662705 0.11607700728790582 0.3416625157124389
0.6753940101247247 0.00791549391845836 0.1409211920466188 0.17576930391019818
0.558597032866212 0.41291570704038116 0.018047117947364244 0.010440142146042608
0.01952336262022558 0.007199846596675941 0.7221173144586254 0.2511594763244731
0.5928182869371288 0.2022457893577725 0.10673288109729973 0.098203042607799
0.2272642455964723 0.0928747500878504 0.3635880818365693 0.316272922479108
0.5098647611704538 0.1461998774308172 0.2534116920004871 0.09052366939824197
0.043254626485143555 0.6679551331714233 0.04659554129380661 0.24219469904962654
0.40203333971795197 0.2592682595580601 0.3065236882994029 0.03217471242458503
0.14484819856710662 0.5875335149207781 0.1632089047777463 0.10440938173436898
0.013077797949059389 0.38004643858791576 0.3853954844895462 0.22148027897347866
0.2065832323107859 0.2378595645813557 0.25935733892624324 0.29619986418161515
0.13088153716354956 0.32760778824073633 0.38396633238989697 0.15754434220581714
0.5259300355630282 0.2621967469551213 0.18007999298760224 0.03179322449424826
0.5518723540839358 0.2541849338977725 0.09049277931440391 0.1034499327038878
0.06850929791416993 0.020308658148291858 0.47145893959357243 0.4397231043439658
0.7458904691803521 0.17908674191266727 0.06259683225598978 0.012425956650990888
0.164792374423278 0.11409442018464266 0.27499907499429743 0.4461141303977819
0.014263508757677124 0.1087363118628687 0.11729678809620414 0.75970339128325
0.37138151011897913 0.05335152718461722 0.17495796553191734 0.4003089971644863
0.08276164899797556 0.13808375559797625 0.6230060673960602 0.15614852800798795
0.3974375696856146 0.5109353103239908 0.032881042019407114 0.05874607797098752
0.01286183960845333 0.2545755715179402 0.3104228854011992 0.42213970347240726
0.32139908102478143 0.4624898944302742 0.09806940729714653 0.11804161724779783
0.5663298418077157 0.01522331202169791 0.011874231015553627 0.40657261515503273
0.2843249387360034 0.13304499949795667 0.45496637394608286 0.12766368781995707
0.06463408079257549 0.03831736370820904 0.46741019372971515 0.4296383617695003
0.053321994278267226 0.49472472334996487 0.39247718968455314 0.059476092687214765
0.08354141602970644 0.2569946918085011 0.26929883988466685 0.3901650522771256
0.12823408494136102 0.09124702523257777 0.19671151849412416 0.583807371331937
0.06993689982266416 0.10928668873949976 0.09796416652355111 0.722812244914285
0.06331719542470648 0.6536300050967634 0.1516662024953106 0.13138659698321953
0.12650899156702633 0.7952582126049347 0.01554512009314446 0.06268767573489453
0.12753030226584172 0.48760258413657975 0.38336622371837725 0.0015008898792012726
0.01087047835302668 0.31892715525296245 0.3823493557468455 0.2878530106471654
0.3053528588968295 0.007386047639861171 0.319538703990616 0.3677223894726933
0.21542024864515907 0.06508648583236754 0.07856754763781393 0.6409257178846595
