76 90 4 253.90405964255172 507.80811928510343
3.7974681978071976 8.370884986469651 4.012773621143726 2.743421668061884 1.9928199254734036 9.660790787015987 8.785425265643218 8.671707765183006 1.7155992889185332 7.84664999255794 8.741739476302143 2.4881610458858487 6.906752730394965 4.32510146134716 8.356948471718034 9.268755235233188 2.468981888985737 8.48911153095937 4.985540277306267 9.888921201844822 7.653015540223786 6.063211236016267 8.01822252517507 5.448038154995137 9.120231602582704 7.053832586766008 8.814945964371617 8.3412581000973 9.191551598358249 5.111992193951426 3.5529255270888447 9.188044899425785 2.0110401225318406 1.7021690368281974 7.449761768073649 5.700461912617461 9.716042577025418 9.98485558879316 8.917562944123969 9.089847280745497 1.7264353112763715 5.866846064651478 1.3404267220261388 7.146370758463345 6.398431927604342 8.135269120615936 5.5419087230745445 3.3193819919385312 2.7893889160897114 3.0302277025651208 7.417485768767194 5.743322861754345 2.139727390915668 2.127101605005834 3.537501756811846 3.60231942753206 8.855742534346096 9.115314861861401 9.39200707808588 1.9042882409399873 6.83526908453976 7.237017114133165 7.5407657295122545 1.4099938473290146 5.794645524221361 7.248559113530652 4.811578579157153 9.85810443755499 3.99003066835071 8.19899398588283 1.3923237058549742 4.883170193272349 1.0802505186517917 4.347521614087048 3.089170058546802 4.221944054888558 2.016503756988568 4.440657759238832 8.971052097409665 8.67036224506596 2.1751670063285053 1.9927112009930597 2.0273419382079387 5.200917868877082 3.6481876971156075 8.607878629662356 1.6373655452328366 3.5774543968117154 5.549385353587404 2.577730817701161
0.7594936395614396 1.6741769972939302 0.8025547242287452 0.5486843336123768 0.3985639850946807 1.9321581574031974 1.7570850531286435 1.7343415530366013 0.3431198577837066 1.569329998511588 1.7483478952604288 0.49763220917716977 1.381350546078993 0.8650202922694319 1.6713896943436068 1.8537510470466376 0.49379637779714736 1.697822306191874 0.9971080554612535 1.9777842403689643 1.530603108044757 1.2126422472032534 1.6036445050350139 1.0896076309990275 1.824046320516541 1.4107665173532016 1.7629891928743233 1.66825162001946 1.8383103196716497 1.0223984387902854 0.710585105417769 1.837608979885157 0.4022080245063681 0.3404338073656395 1.4899523536147297 1.1400923825234923 1.9432085154050835 1.996971117758632 1.7835125888247938 1.8179694561490993 0.3452870622552743 1.1733692129302955 0.26808534440522774 1.429274151692669 1.2796863855208684 1.627053824123187 1.108381744614909 0.6638763983877063 0.5578777832179422 0.6060455405130242 1.4834971537534387 1.148664572350869 0.4279454781831336 0.4254203210011668 0.7075003513623692 0.720463885506412 1.7711485068692192 1.8230629723722802 1.878401415617176 0.38085764818799744 1.367053816907952 1.447403422826633 1.5081531459024509 0.28199876946580293 1.158929104844272 1.4497118227061303 0.9623157158314306 1.9716208875109982 0.798006133670142 1.639798797176566 0.27846474117099485 0.9766340386544698 0.21605010373035832 0.8695043228174096 0.6178340117093604 0.8443888109777117 0.4033007513977136 0.8881315518477664 1.7942104194819328 1.7340724490131918 0.43503340126570106 0.39854224019861195 0.40546838764158777 1.0401835737754164 0.7296375394231215 1.721575725932471 0.32747310904656735 0.7154908793623431 1.1098770707174808 0.5155461635402322
0.0890590333167256 0.06302365422904943 0.5133073234270402 0.33460998902718475
0.12096773711797304 0.04383613974886469 0.5927282642618774 0.24246785887128486
0.35456941515418117 0.2973085039146306 0.3299049290843362 0.01821715184685202
0.006043446239698325 0.0665076997547277 0.7871515147775543 0.14029733922801968
0.4610913164970517 0.0364244126854556 0.209708545213256 0.2927757256042367
0.11955444872731213 0.09283889373921039 0.6655893775995219 0.12201727993395561
0.2775613640157897 0.11522749388618869 0.3152589462196239 0.2919521958783977
0.04284650223485087 0.24430401989494743 0.3880588711725461 0.3247906066976556
0.13289159259247352 0.19611517953708135 0.3087322375289496 0.3622609903414955
0.25682174080740583 0.7236729508075154 0.004864185355715311 0.01464112302936349
0.28113956410299645 0.10927196182482302 0.360425862712214 0.24916261135996653
0.4076767155636005 0.18897122266088884 0.016375043887367102 0.38697701788814354
0.4706691325001272 0.07738669068167447 0.3340457627882477 0.1178984140299506
0.02553419880481933 0.01142347544078215 0.5371737733434497 0.4258685524109488
0.11982287190635899 0.38916171035013747 0.3609409011071306 0.13007451663637293
0.24174089347223193 0.08654749510708581 0.5681837090793376 0.10352790234134468
0.04679530876806626 0.5843313947131257 0.21623947899914553 0.15263381751966254
0.049878747634995446 0.5657497680658727 0.1594162870163599 0.2249551972827719
0.01188010397339112 0.7921456785608263 0.002391362082460713 0.19358285538332187
0.16443909062178463 0.02281085651935799 0.41808477951443523 0.39466527334442214
0.38452998180937425 0.03199313955683203 0.498953441807102 0.08452343682669172
0.26512430647498064 0.023269843143710722 0.39345099776247827 0.31815485261883036
0.5226035493317873 0.09424323285365277 0.31302511290478674 0.07012810490977317
0.2238286196398196 0.16851727725138876 0.38455000860367283 0.2231040945051188
0.8323188366769885 0.009940284204416616 0.06903150941521796 0.08870936970337695
0.035778914648463056 0.7289036972135857 0.20411687765541076 0.031200510482540467
0.7430646301324536 0.16796989877288027 0.018500223530760862 0.07046524756390526
0.01588296437408343 0.5711100684386036 0.24360396776895332 0.16940299941835968
0.5770168928607126 0.06405442250564874 0.3179191270431152 0.04100955759052349
0.24039451872341222 0.6080735761813273 0.05475235045501825 0.09677955464024224
0.1086141418476686 0.24220355120759818 0.31863057342245915 0.33055173352227407
0.18075391328008694 0.5210683357811038 0.070717050827097 0.22746070011171227
0.0926762832360728 0.4974789818018841 0.022970584810199424 0.3868741501518437
0.06583822530687988 0.32981508404726856 0.2154804952361008 0.38886619540975076
0.11842131116210697 0.038582769798767624 0.49865786364041154 0.34433805539871387
0.3760147912130214 0.13061419302700905 0.43080261048188906 0.0625684052780805
0.06769042396873937 0.3472098666185659 0.44731294106773334 0.1377867683449614
0.06744698748456379 0.37486034042041794 0.21881824543338158 0.3388744266616367
0.004714557625422056 0.5264049220177056 0.20628094035358424 0.2625995800032881
0.12190567293478871 0.10237990529270602 0.3555273900293834 0.4201870317431219
0.49086300368800684 0.1703972004817278 0.0421712212075287 0.29656857462273667
0.6219651869798751 0.14885551199161207 0.17893969707715818 0.05023960395135463
0.019392018611893325 0.46723253010315335 0.19512276196848344 0.3182526893164699
0.24645621725596123 0.2427612618495144 0.18888336910999837 0.321899151784526
0.406417002067616 0.02516040090042715 0.009662047646076477 0.5587605493858804
0.34953630786536183 0.25023122572767886 0.08530932613145947 0.31492314027549984
0.21013615070669867 0.2120755876475009 0.06924237903746455 0.5085458826083359
0.03766038931739313 0.010773538045801834 0.19834457207773815 0.7532215005590669
0.004907276732489807 0.04399294338250537 0.8311888722310197 0.11991090765398515
0.2821100516499526 0.47606810964707535 0.06990137222306336 0.17192046647990866
0.3514003383709565 0.456016452739499 0.1269323430724445 0.0656508658171
0.28951931554765 0.023493621569609324 0.31713449910424274 0.36985256377849796
0.06216600093096969 0.27406885919966284 0.2904229974950625 0.37334214237430496
0.002229952833512572 0.27168089293146813 0.6092177831682424 0.11687137106677692
0.29527569170518597 0.31728770051393784 0.09791316875020317 0.289523439030673
0.21722583802296402 0.029077887632335875 0.43367121108230244 0.32002506326239766
0.14728615471194273 0.012800210706823911 0.5680899449597938 0.27182368962143955
0.30111524066300055 0.005547364103617003 0.5995223587611135 0.09381503647226896
0.10757226769851969 0.4215385057781458 0.302955541595593 0.16793368492774152
0.3750394410852659 0.014810566606361153 0.5828338882269793 0.027316104081393622
0.21905951135215407 0.5309058494982221 0.07547502244101567 0.1745596167086082
0.05226520195430384 0.03289924255779286 0.19239319596075333 0.72244235952715
0.6292894805802853 0.08803133105788774 0.2822051561879638 0.0004740321738631037
0.24595181356247608 0.3444812874496411 0.3262145852899133 0.08335231369796947
0.0070402718968176625 0.19321797008038866 0.30865364231770553 0.49108811570508815
0.057791167592974646 0.2041832890529176 0.3140056006486387 0.42401994270546906
0.41462308349567734 0.09002801613057487 0.4130361081543821 0.08231279221936572
0.04922247756533238 0.21876934195779485 0.3593974670615585 0.37261071341531427
0.48939942468907993 0.3703793388754031 0.012780966810307715 0.12744026962520927
0.19218595129008442 0.11948406145276314 0.39165078705440337 0.29667920020274907
0.013457774844153891 0.21224465006808513 0.6485573586561117 0.12574021643164923
0.3556444291280194 0.23467339116400165 0.1904733997672311 0.21920877994074783
0.034483093805112164 0.02111158370695776 0.2461783994609662 0.6982269230269639
0.33009710872142783 0.21809762218329376 0.05236444585145894 0.39944082324381947
0.1538546826113164 0.0063785535194147425 0.7263963363762943 0.11337042749297455
0.08260637927079373 0.328077853280768 0.36774412797980005 0.22157163946863823
0.11376980357381605 0.44480118350850273 0.31971458210374215 0.12171443081393907
0.04020010628961734 0.44224379853563045 0.22659209503208366 0.29096400014266854
0.19325131139746865 0.2685286092289404 0.33895295251949953 0.19926712685409143
0.12659565012023488 0.19080353609760126 0.1496478828566219 0.532952930925542
0.054273031491802626 0.4183744405294282 0.11496018500460592 0.4123923429741633
0.0034864303225421445 0.4094711088071352 0.31752267878524476 0.2695197820850779
0.10407634306329505 0.009517088460259449 0.7839185340676051 0.10248803440884036
0.03119588082684177 0.6314483839169354 0.05898570887911214 0.2783700263771107
0.5683967183499278 0.18879858581705022 0.23185227561587773 0.010952420217144265
0.08096501839848025 0.09641950631200336 0.32119764782238713 0.5014178274671293
0.08998211914882726 0.21746032934264126 0.228851528832685 0.4637060226758465
0.012162200859990424 0.04579658417789656 0.645504562897884 0.29653665206422897
0.12089730083015826 0.04547323954993154 0.6559927469232335 0.1776367126966767
0.22886213611575712 0.48911699998966784 0.13662024187250132 0.1454006220220737
0.28072674373673057 0.2838503327027112 0.21186263311151887 0.22356029044903936
0.08005191427350578 0.115041385726942 0.14837589781549487 0.6565308021840573
0.015998121311615487 0.09055078294066377 0.5789826182834223 0.3144684774642984
0.2962313845084731 0.15872829541907607 0.24767953428583778 0.29736078578661307
0.04289465068264553 0.025000500664322023 0.8639403387263417 0.06816450992669076
0.21943515124379398 0.6892090672443715 0.030543000504625217 0.06081278100720933
0.43101995237867496 0.22433746689455714 0.11391296412500895 0.23072961660175895
0.10880559528734557 0.5018740839725544 0.25399556189996486 0.13532475884013517
0.21470218587853884 0.06270041029681495 0.0377564960976815 0.6848409077269647
0.14221834065486727 0.30264575450799414 0.2277489828667516 0.327386921970387
0.4856198407352257 0.32954902816187914 0.03849466925657874 0.14633646184631643
0.5323173265482405 0.1017913945550648 0.17159562813268747 0.19429565076400723
0.03001220853363451 0.054088189964632494 0.6037709599177004 0.31212864158403264
0.10388965257074478 0.07281151507611527 0.11962447614130012 0.7036743562118398
0.06973420017185528 0.1685115184199535 0.14959844547818024 0.612155835930011
0.491298122531466 0.12886008940507654 0.18556307365453784 0.19427871440891964
0.2798556836761492 0.24821493059415523 0.4207492703786412 0.05118011535105438
0.14042804410159138 0.3487047267160004 0.037918747070989856 0.4729484821114184
0.2820468343261008 0.18239431923431992 0.39630129030317884 0.13925755613640045
0.047700139009944076 0.8050079424320828 0.022548204480789757 0.12474371407718332
0.11586107610359209 0.37294736373645765 0.46832445664559863 0.042867103514351634
0.0848716132013746 0.466284386545183 0.14362052754901666 0.30522347270442574
0.1097261542939193 0.6766759718244445 0.08713712890468295 0.12646074497695325
0.571660256162711 0.20536184084397036 0.16875184142473132 0.054226061568587336
0.32118108617512375 0.09855332667849448 0.32810822577033316 0.2521573613760486
0.19336801064014475 0.0357933117379331 0.34326423291926467 0.4275744447026575
0.4474257854647802 0.23488777117921944 0.1701271891509024 0.14755925420509797
0.059080748305332165 0.045871702947069326 0.7387519417286021 0.15629560701899636
0.6520976676746535 0.22033180347508163 0.013663470808644163 0.11390705804162071
0.02784401053435137 0.13243881083339848 0.5974036428049947 0.24231353582725546
0.05311546509158982 0.8086382424333035 0.094829660853057 0.04341663162204967
0.11131001456376044 0.061602288708257014 0.008899888193826921 0.8181878085341556
0.013758456503243477 0.1759893571560437 0.6647894650188216 0.1454627213218912
0.2537689001776271 0.048128738186459574 0.6079360968104093 0.09016626482550405
0.14635789843596847 0.5118311160546251 0.0929869400184461 0.24882404549096038
0.2795635853637729 0.2855680800596375 0.3644746266751714 0.07039370790141819
0.40122915078648147 0.21820635735152094 0.0386495685463899 0.3419149233156077
0.04223671709057153 0.06239630635966109 0.4843506969484217 0.4110162796013457
0.14149240684576114 0.44141347606641324 0.25710022173792735 0.15999389534989827
0.43755439371236216 0.01962419399630655 0.03413006247326478 0.5086913498180665
0.5018752750755943 0.12041500799647253 0.2182447851009771 0.1594649318269561
0.17064351259150534 0.0132720560311953 0.7604849154214515 0.05559951595584789
0.16301988895170094 0.5532834073439818 0.13283319616510636 0.15086350753921085
0.3232054413012889 0.2914277611448973 0.05969103332072623 0.32567576423308753
0.10367993251284668 0.8393730385587672 0.04328234645497053 0.013664682473415568
0.4226209751445329 0.2749486994990268 0.2798864710923382 0.022543854264102103
0.18585078325055615 0.7134187500439505 0.044666503371946 0.05606396333354735
0.39451678946939694 0.018108087120577654 0.08037618518918566 0.5069989382208397
0.496957991614298 0.018980657195026396 0.255809700417163 0.22825165077351262
0.3195726973246298 0.06911616476216231 0.18485958748628106 0.42645155042692684
0.024836394392449446 0.10970447995617216 0.7705578861782881 0.09490123947309026
0.1333192619436474 0.13770795945447667 0.0481454526914058 0.6808273259104701
0.33619525872445577 0.22231441198579727 0.002608951464002307 0.43888137782574466
0.41631643684903097 0.04692649622213285 0.49216655971982926 0.044590507209006924
0.041171302575510826 0.15077592911911375 0.4743643511691815 0.3336884171361939
0.576456440713671 0.022804775736012917 0.09502748381870008 0.30571129973161604
0.08731416183881946 0.17419466275088036 0.1556654373438484 0.5828257380664518
0.46099851112837487 0.015383747255291236 0.3758156437618828 0.1478020978544511
0.02284897515795059 0.5222996119401104 0.002649748494761961 0.452201664407177
0.36400758908094233 0.2044767689228263 0.02875737299156289 0.4027582690046685
0.10312187791321203 0.5190321564978245 0.3088666198264097 0.06897934576255371
0.1297192905764495 0.3624076592002452 0.19357599251021285 0.31429705771309246
0.1617857537765256 0.0899456868225812 0.06638314908229204 0.6818854103186012
0.17639151403285547 0.13505994704716884 0.10568784365789474 0.582860695262081
0.3686445160206683 0.39090723185215637 0.12258115970584771 0.11786709242132765
0.3506122342317777 0.2387984919745768 0.2567385317256249 0.15385074206802063
0.22238912822636991 0.06078869917509755 0.6941876671163808 0.022634505482151734
0.20790629341246714 0.09435116193600968 0.23519604145964024 0.46254650319188295
0.1770480029444632 0.282622032672751 0.1849309408536829 0.3553990235291029
0.22201086239001122 0.14116439551652982 0.012468716042057904 0.6243560260514011
0.14045268770151398 0.6394611860705732 0.024532005638824406 0.1955541205890884
0.11296179844350096 0.5699029168547722 0.29528150366954087 0.021853781032185937
0.02460709286487317 0.28755846924771 0.23589574194904894 0.4519386959383679
0.09471649127396076 0.4509410771174659 0.319635236615439 0.13470719499313433
0.10449622364821964 0.18180112780134428 0.23417724328564282 0.47952540526479326
0.14518316578693236 0.2893063801217455 0.141585290520025 0.42392516357129717
0.31641802588316503 0.23789665896026346 0.2373730845168478 0.2083122306397237
0.10997806018770451 0.4310671525570592 0.3070041138670032 0.1519506733882331
0.09660578280321708 0.6317577478091198 0.20864462741120915 0.06299184197645402
0.04435379019404562 0.09468496628263523 0.6502121354423657 0.21074910808095348
0.20521867942236882 0.24277081512927723 0.4784736424866286 0.07353686296172535
0.27711714971086865 0.003506269785373939 0.11742438786825082 0.6019521926355066
0.3871520196842271 0.10311850315600268 0.4933266254370755 0.016402851722694733
0.09992294144103164 0.047370137911573296 0.16524069761731863 0.6874662230300764
0.022714847077941247 0.5057956826438721 0.12041230618299736 0.3510771640951893
0.036653899461323136 0.028271902447009722 0.221491211752334 0.7135829863393331
0.27907913107071025 0.379993592683055 0.24003215207335193 0.10089512417288282
0.3053991085593265 0.2279053042379935 0.12992481443588344 0.33677077276679657
0.2620169505026809 0.4106489430856721 0.144738250069548 0.18259585634209896
0.05482806966991727 0.5112431940293348 0.2606417439584542 0.17328699234229372
