56 80 4 215.34844857360451 430.69689714720903
9.85772665488319 4.000710394131881 7.063314622022237 2.7675137549307207 4.190018181769212 8.320293578638545 3.2306459816013495 5.127501926315924 8.89571279347379 4.524926150506673 3.93520078315279 1.8108559921939413 8.507959749314505 1.8659044444782737 6.827905738875522 5.945535895306108 8.647664877015512 3.3878558640189924 4.967814888995725 8.927968442453924 7.627219344579116 7.413760336615036 1.3210477204416589 1.177581060482614 3.9501718411961173 6.067149700284598 7.71145342412856 7.566110990379096 9.91172007713859 9.67135364707079 5.951758014510703 9.894355040956992 5.58329154272388 4.147951936096108 9.381877442046571 2.837639397904261 4.610498503033549 5.249769627628187 2.2404463530868894 7.526824476505401 6.2716306277360205 2.4087314441952916 8.074684253954407 2.4880436162673316 7.699038075666495 3.3332838702834597 7.7701878908310675 2.1603175900332103 1.2287887429135271 2.58923039513393 9.707165705846288 3.5408239762482645 8.436706219862709 4.349411685209541 5.220833052550703 2.695496305075551 2.374620145015581 1.0147819262943498 5.127587214549727 1.349316713611315 7.599940819113288 7.113734945891471 2.314841227179248 5.817459902263663 9.659556714528875 7.640146647005808 9.429123863098534 3.9465419120194807 8.638354672382313 8.85944248739131 2.3566092518522477 1.1567226412939702 4.913312475836408 4.628958724400855 4.0042563080322475 1.320965979043228 2.998325502246008 4.279325254489484 5.748867595800011 7.784719581174158
1.9715453309766382 0.8001420788263761 1.4126629244044475 0.5535027509861441 0.8380036363538425 1.664058715727709 0.6461291963202699 1.0255003852631848 1.7791425586947578 0.9049852301013346 0.787040156630558 0.36217119843878826 1.701591949862901 0.37318088889565476 1.3655811477751043 1.1891071790612215 1.7295329754031024 0.6775711728037985 0.9935629777991449 1.7855936884907848 1.5254438689158232 1.4827520673230072 0.26420954408833175 0.2355162120965228 0.7900343682392235 1.2134299400569195 1.542290684825712 1.5132221980758191 1.9823440154277179 1.934270729414158 1.1903516029021406 1.9788710081913983 1.116658308544776 0.8295903872192216 1.8763754884093142 0.5675278795808522 0.9220997006067098 1.0499539255256374 0.4480892706173779 1.50536489530108 1.254326125547204 0.48174628883905835 1.6149368507908815 0.49760872325346633 1.5398076151332991 0.666656774056692 1.5540375781662135 0.43206351800664206 0.24575774858270544 0.517846079026786 1.9414331411692576 0.7081647952496529 1.6873412439725417 0.8698823370419081 1.0441666105101406 0.5390992610151102 0.4749240290031162 0.20295638525886997 1.0255174429099454 0.26986334272226303 1.5199881638226576 1.4227469891782942 0.4629682454358496 1.1634919804527326 1.931911342905775 1.5280293294011615 1.8858247726197068 0.7893083824038961 1.7276709344764627 1.7718884974782618 0.47132185037044955 0.23134452825879404 0.9826624951672815 0.9257917448801709 0.8008512616064495 0.2641931958086456 0.5996651004492015 0.8558650508978968 1.1497735191600023 1.5569439162348315
0.5005600304174201 0.1915145512553602 0.2967252715580462 0.011200146769173469
0.3985822705894927 0.0888499269432742 0.4790228905151791 0.033544911952054
0.4419325166003589 0.07367548726551554 0.3716014578969068 0.11279053823721874
0.06125915966708273 0.004723186946860913 0.8292132326417243 0.10480442074433205
0.08301366707298918 0.016570152902166124 0.5574019540628736 0.34301422596197106
0.24828234336405897 0.31726584567520655 0.1401771669524401 0.2942746440082944
0.16607630654869532 0.0874025141616197 0.06701590890778597 0.679505270381899
0.6190577199774393 0.01748302325337936 0.2375735165782472 0.12588574019093413
0.5294921604425464 0.24645893550030018 0.1581584375608478 0.06589046649630559
0.12049886415634459 0.5321252720315996 0.33843149779895954 0.008944366013096228
0.09308675892807083 0.5009605524223274 0.27720342852415425 0.12874926012544752
0.2329799677109411 0.10998853777501338 0.2025577675691801 0.45447372694486543
0.3663704887028667 0.05971066282511228 0.3643250721901201 0.2095937762819009
0.13740837199588152 0.02198418830751092 0.7041651992476116 0.136442240448996
0.23945208862845324 0.06577816357352029 0.06546238928431636 0.6293073585137101
0.06007652009873099 0.18675658130568573 0.28861116846683854 0.46455573012874474
0.2273836050525455 0.20190214032900988 0.36571037233328385 0.20500388228516075
0.18906620526817564 0.15009689011810456 0.29761121916541555 0.36322568544830425
0.057694042769647624 0.05379517815655832 0.4222406785167542 0.4662701005570399
0.046859712843968504 0.8630194567135119 0.07147771073159026 0.018643119710929357
0.05863628977290836 0.43257847559155416 0.3530623847836162 0.1557228498519213
0.03435585396683105 0.25566038549164516 0.5906716232711686 0.11931213727035517
0.05483006239614374 0.3852956378092649 0.22175333616851378 0.3381209636260776
0.03915218483534466 0.09471958192120544 0.6825240757219461 0.18360415752150383
0.15040324610481237 0.32690408036303853 0.03703384690921263 0.48565882662293647
0.08216068618047856 0.12061569471040778 0.7386427648129337 0.058580854296179985
0.020556406803787675 0.3072953104831707 0.027404167646019495 0.6447441150670221
0.16568716642432957 0.07499685419609592 0.08340233716376622 0.6759136422158083
0.39917074272720876 0.33617376634244267 0.018819017675181904 0.24583647325516667
0.023711955694064812 0.5529608288801011 0.4042058172723231 0.019121398153510993
0.030192143083152545 0.23955289423821258 0.25499221371562875 0.47526274896300613
0.273097177545922 0.20631944258996804 0.013277484173594756 0.5073058956905152
0.3463728688861324 0.5164598544987098 0.00987463852893522 0.1272926380862226
0.5642965755619972 0.09497007399235524 0.21747042198855615 0.12326292845709141
0.6683812645506568 0.18446146291651722 0.07295457485662715 0.0742026976761988
0.22388116908630218 0.07961495340150637 0.13228649887727983 0.5642173786349116
0.34381423268481337 0.2847105679860322 0.20550342118174514 0.16597177814740927
0.5304463891362602 0.017785914869670516 0.18269122550716566 0.26907647048690364
0.6876874671242444 0.14389035886981427 0.0289835944518968 0.13943857955404448
0.15810425835656117 0.2798248794408158 0.12674236643280412 0.4353284957698189
0.21201869711462162 0.16349873176291163 0.4705435132781105 0.15393905784435624
0.4959359138932563 0.20851714161190393 0.052519883372995735 0.24302706112184402
0.11995306299806963 0.2501131690125571 0.29850952139278464 0.33142424659658865
0.01631551543539289 0.045436208593854444 0.15907899606897713 0.7791692799017755
0.37352583757186963 0.32183743216590366 0.07342123454814986 0.23121549571407685
0.08049830443916262 0.642915446113079 0.18182483147210549 0.09476141797565285
0.3356876751252279 0.39982733895236866 0.17918485405490026 0.08530013186750318
0.1434480438294753 0.1004282300335333 0.48827686970482187 0.26784685643216954
0.3317428471699374 0.12771873082866003 0.1752971213525748 0.36524130064882776
0.15955944336720418 0.05991886569753713 0.5229773406454545 0.25754435028980416
0.2163674733248263 0.018186549218584314 0.2616074772029099 0.5038385002536795
0.07918553387523886 0.17433690404266866 0.24003059655688141 0.5064469655252111
0.3682692518897265 0.20628680590759785 0.009146458176501171 0.4162974840261745
0.17854705442163432 0.696402235011691 0.0754232864253025 0.04962742414137222
0.21290871643109832 0.051505998821499976 0.13378357252953532 0.6018017122178664
0.13109330522767726 0.3465388203023684 0.2411178947770778 0.2812499796928766
0.06521645063072523 0.24084558334716755 0.5633392909630668 0.13059867505904044
0.18180148044990585 0.3551154693119638 0.22080963718770874 0.2422734130504216
0.05570003239970944 0.001565902026735011 0.3982180165339376 0.5445160490396179
0.6180611602009543 0.03185834995181025 0.21512062727300274 0.13495986257423276
0.17264515141152326 0.3502266321818468 0.4149477213533884 0.062180495053241525
0.5240578207615469 0.308728438874765 0.022968448527887153 0.14424529183580093
0.10153971974131437 0.09891803574868752 0.7702828316422228 0.029259412867775336
0.12852172480987922 0.005365180302852379 0.11442976606372668 0.7516833288235417
0.08186118040814472 0.1667271961032878 0.22367658755819464 0.5277350359303729
0.694206294483959 0.05018273220789626 0.025703356503163133 0.22990761680498162
0.3748593571628399 0.1557071455319574 0.05644594789631718 0.4129875494088855
0.13766161786810027 0.06423811330885876 0.1199685465477548 0.6781317222752862
0.18339631421824953 0.3509761942221128 0.43731614538515384 0.02831134617448383
0.641083466702449 0.18862553011097571 0.03371083886607318 0.13658016432050213
0.005976812300380496 0.1612527635470531 0.37035372551976986 0.46241669863279655
0.022680850252144835 0.49971453729659565 0.3363139251623446 0.14129068728891492
0.033901862227437296 0.2801546652047604 0.07872173200233712 0.6072217405654652
0.042043852742209786 0.5929198107576792 0.17009936469150855 0.19493697180860248
0.24284845179566383 0.03342267478746086 0.49318282949186065 0.23054604392501465
0.2824180820117541 0.24760780820950934 0.3540465536400613 0.11592755613867523
0.10454121942518202 0.4536852462970208 0.01656077608652451 0.4252127581912727
0.060077019562315814 0.7796549372584162 0.026744114714453926 0.1335239284648141
0.1424591993228569 0.810305534846151 0.024932682401752726 0.02230258342923941
0.7388288231232715 0.1868417979940329 0.05423399479599156 0.020095384086704082
0.11020666723436923 0.5726206460085254 0.25537313589731114 0.06179955085979427
0.20678671606036358 0.01634362375089693 0.28605991253112484 0.49080974765761465
0.5722760306112005 0.11811472469527518 0.03336246944601362 0.27624677524751073
0.033002470287029184 0.6623252537730908 0.2841978930374147 0.020474382902465282
0.27910927839176247 0.22385753061423697 0.2920003605260688 0.20503283046793175
0.5831267904259484 0.021238430893342763 0.09916328727087886 0.29647149140983
0.3060288666239527 0.3039074282235935 0.371909270560545 0.018154434591908797
0.07507984000765366 0.11296313601571029 0.5072404814306936 0.3047165425459425
0.2971545008186979 0.3478254422401008 0.3511297862761401 0.0038902706650612018
0.15157549729490827 0.5305009962464766 0.21973098143433423 0.09819252502428089
0.3872548463012915 0.4920822338461597 0.022145869755435865 0.09851705009711298
0.2896881425772716 0.38926325962429387 0.29201489059783536 0.029033707200599168
0.030076309149594804 0.7260660375165862 0.09909673884704029 0.14476091448677875
0.15588573928011917 0.027668366995090787 0.10207281779650956 0.7143730759282805
0.10155914167724234 0.2807207991273215 0.43150099753710913 0.18621906165832702
0.2455057541771476 0.0652645541407566 0.031037866239895684 0.6581918254422001
0.3210077577408815 0.0654801321353462 0.35824427751824506 0.2552678326055272
0.5576630021354876 0.11018619472064706 0.06311183038034307 0.2690389727635223
0.18668455230122283 0.2881357648107543 0.38590012631868753 0.13927955656933533
0.04099646395813328 0.4262991605274562 0.5109552613381899 0.021749114176220607
0.0871591303929331 0.1934729323869644 0.02873705044151753 0.690630886778585
0.4011881007056405 0.22624380228827212 0.10454364323979859 0.2680244537662888
0.2562101829624709 0.14730646204715458 0.3580625715263648 0.23842078346400974
0.6872128677343929 0.05965398618498907 0.1559031114639874 0.0972300346166306
0.27738391561925524 0.1416717600604417 0.43757656332072414 0.14336776099957893
0.1416815489230322 0.22059983345982037 0.12231084635538747 0.51540777126176
0.07746424697284826 0.062426854312616964 0.7600508738918488 0.100058024822686
0.3618594782435446 0.049553094143269916 0.35052696317681886 0.23806046443636664
0.6775853901090834 0.11735714962221222 0.1934440899282075 0.01161337034049692
0.43012565693065263 0.09906801293905221 0.23170582886825697 0.2391005012620382
0.18764306508796147 0.20282183663489117 0.3487673656603475 0.26076773261679986
0.009463778007164358 0.1524360036956519 0.6017326985163763 0.2363675197808074
0.1401166177021267 0.37541169832235344 0.3857485659554458 0.09872311802007405
0.23875393527315736 0.05514776229425089 0.6540229199729062 0.05207538245968557
0.09721383058479349 0.262745855481878 0.4534562280507932 0.18658408588253528
0.08718170418472326 0.03442638422502242 0.7779709040241294 0.10042100756612493
0.6557570368717098 0.10582466010123204 0.11431037320713422 0.12410792981992391
0.3543474557467705 0.16370378361962212 0.18854966102308401 0.29339909961052335
0.10274039043014371 0.8486689019478799 0.028282476145956026 0.020308231476020344
0.34476518520022537 0.2779588799222079 0.1607422814316256 0.2165336534459411
0.06549981223442503 0.1807202613926947 0.009318775397733403 0.7444611509751469
0.324338126479476 0.21412576596921573 0.07345563780087427 0.388080469750434
0.7924384847362527 0.11099017164569192 0.002255486213325608 0.09431585740472981
0.5870221664474607 0.2574453419605347 0.03876338411385938 0.11676910747814517
0.05890998442604756 0.29759298214282626 0.30705586743930946 0.3364411659918167
0.04002344174357997 0.4473777606504963 0.30387599978338276 0.208722797822541
0.021194702949920208 0.06980951941121427 0.00653814297360833 0.9024576346652572
0.29138008938378723 0.08028899385270682 0.4262457187820311 0.20208519798147484
0.42155066580788003 0.451237769041112 0.0826227499102572 0.044588815240750757
0.1973063396943262 0.2941411538391241 0.08914770509794512 0.4194048013686046
0.040811058004442735 0.6678722514175817 0.1450225219946053 0.1462941685833703
0.5678591241535753 0.32261375188326524 0.04167162555571935 0.0678554984074401
0.019054280577944893 0.19813226803039152 0.7103920823552582 0.07242136903640539
0.08799872110333229 0.21972501085753504 0.22838194598397965 0.463894322055153
0.22744769175561685 0.15218984765000543 0.5611864607760666 0.05917599981831112
0.19453075352284588 0.15996498095370149 0.23664023697430314 0.4088640285491495
0.5072029624057686 0.0997525912343914 0.22167012636372996 0.17137431999611008
0.336133828765522 0.2915113276141301 0.08782430165566424 0.28453054196468364
0.16410730329985102 0.1065925414693869 0.2930884103777053 0.4362117448530568
0.04301818542333413 0.48985567821439036 0.12945993339395845 0.33766620296831706
0.1681039960328472 0.648029133382078 0.16998321888155388 0.013883651703520905
0.0036762006174864137 0.38772757413155856 0.5033288928594628 0.10526733239149222
0.32619553266045587 0.09455158392092067 0.022689358132908954 0.5565635252857145
0.20259122298670995 0.0956766535350504 0.2593817484284686 0.44235037504977104
0.1302263474251002 0.052369145999125455 0.4018723402403578 0.41553216633541656
0.15356453559428052 0.2925055670772787 0.04131136730839835 0.5126185300200424
0.45772329787428134 0.22427410838311124 0.10279484619838741 0.21520774754422
0.2409488280577634 0.17629456152292433 0.03759409835672889 0.5451625120625834
0.034721431271595216 0.07959270612234348 0.8087364316918535 0.0769494309142078
0.043048997360567 0.060686723659510666 0.6391903942422843 0.25707388473763804
0.23804449072619116 0.4219421541892021 0.21767822595300557 0.12233512913160116
0.3916679660421528 0.20628332356216383 0.12430857982146704 0.2777401305742163
0.28392491797891906 0.05934208698304977 0.5396015580659821 0.11713143697204909
0.2769747252206517 0.03016206558255896 0.6390515845097946 0.05381162468699474
0.6104215877338526 0.030413104771883415 0.046593404882403044 0.31257190261186096
0.02278603892155384 0.1380378057583962 0.6925425600666231 0.1466335952534269
0.0324955621231835 0.37816894103089593 0.3192071818990345 0.27012831494688605
0.30424349567649267 0.32046072312329266 0.3489356564875671 0.026360124712647592
0.6620833624313989 0.07638072432584708 0.09446254120729469 0.16707337203545936
0.6266974568914068 0.3182785818278684 0.029857090930594632 0.02516687035013021
