11 10 4 25.638270135984598 51.276540271969196
2.6224271998909225 1.1752771733886211 5.168966738485102 7.524405362729331 4.781832441289547 5.368843883510042 1.1150273313154777 5.386344465878844 9.476259871090296 8.657155804391008
0.5244854399781845 0.23505543467772422 1.0337933476970202 1.5048810725458661 0.9563664882579094 1.0737687767020083 0.22300546626309553 1.0772688931757688 1.8952519742180591 1.7314311608782016
0.16508661759522714 0.5648778526255914 0.16393970006426262 0.10609582971491882
0.020483612791232675 0.2958836988213077 0.442612276547965 0.24102041183949463
0.11166123199466038 0.23296325896455705 0.36810144472962547 0.2872740643111571
0.055673679585078406 0.3460028010455738 0.3161726987092266 0.2821508206601212
0.2398746790524734 0.31250914245302386 0.43428950885297135 0.013326669641531397
0.06368643077465541 0.006336371849847033 0.0003597924824544352 0.9296174048930431
0.6160183850726514 0.17408273836113808 0.0025202616461367233 0.2073786149200738
0.020732978881171316 0.1480843197042815 0.5640080377627233 0.26717466365182385
0.29995200943055433 0.10037642349125409 0.3343392879826933 0.2653322790954983
0.6422148587410551 0.010399881174528836 0.15395205101213716 0.1934332090722789
0.10873607186897494 0.5235979419545211 0.22482023324933353 0.1428457529271704
0.11673726878001622 0.04117503789492072 0.6603630511892066 0.18172464213585648
0.08395314332205706 0.23484565354037656 0.2807445993952219 0.4004566037423445
0.47979728165943036 0.1222667695893942 0.24591494629814992 0.15202100245302552
0.3380540496495278 0.4583817043384184 0.15266664375869132 0.050897602253362484
0.29026366713531204 0.029104039915597957 0.0452479359451311 0.6353843570039589
0.3614835422032018 0.2003351679416766 0.34358161065519344 0.09459967919992818
0.06288762386070046 0.37335330980446046 0.3343071327498581 0.22945193358498095
0.35843792834815624 0.3427263466953606 0.23174035214382904 0.0670953728126541
0.7644910965444714 0.04647547741059588 0.1464774788708878 0.04255594717404487
