32 100 4 269.07544172413697 538.150883448274
8.730003405637358 4.354400394777519 5.996159001987371 9.600908940925908 7.630026382101014 8.345846252012327 1.9097790427776227 9.356392633671433 6.481982520921783 6.368980925109474 1.8260572131658186 4.106676189748219 6.964772708670289 4.975421396151122 5.963390077545645 7.333412422843752 6.304611081713641 1.4493948347399197 6.056126559413171 7.8972262513679015 9.198174967009841 1.8361895215418964 9.122692511009943 5.148643652941719 5.068166226235665 9.994829383723195 2.4618136919747933 7.384335257792371 2.4456166947796807 8.296990912806374 1.3163245716326744 5.813980558707421 2.498501107234262 3.7756934197096133 1.4055617160228768 3.147185136915206 7.073510767573798 8.041444745658723 7.256814710899674 3.960590044637355 5.44628679671726 5.717092264492894 3.6868712075823074 5.167973261506978 9.863058633615669 5.510214289282442 4.582652021893361 7.551147851851575 8.769978733358881 1.2355258350786724 3.6101546296791662 8.101622747271232 5.114077025321613 1.0623563240038045 4.774019110960328 3.9760728744186844 6.437369149233716 3.9215875298481553 9.831259725587548 6.294087558070653 2.179827534814546 5.688799332736192 4.221805602558632 1.1349997967235015 1.8678691597470878 8.058113079933545 4.843027399134828 2.781566404946205 6.616913740053647 6.762600453189705 3.4363247313461334 2.1683600512134866 5.254508051226411 4.515638290362033 4.64572104259422 4.385341366621013 3.6295727304163448 5.97594331148805 4.880670504794152 8.0538546595308 7.30695877248328 7.9876851071002 3.5904659096674116 2.8928309060684425 5.537021709746551 2.198126205106682 2.542274812851568 3.209177961879236 1.3839718726622068 3.0374816888547826 6.631589088858778 6.708907302531173 5.796457096905793 7.618469935463873 8.336490302470803 4.373705591587687 8.244302581926586 8.91684459932716 6.282003175605499 6.902626179882776
1.7460006811274718 0.8708800789555038 1.1992318003974742 1.9201817881851817 1.5260052764202028 1.6691692504024656 0.3819558085555245 1.8712785267342866 1.2963965041843566 1.2737961850218948 0.36521144263316374 0.8213352379496438 1.3929545417340576 0.9950842792302245 1.192678015509129 1.4666824845687505 1.260922216342728 0.28987896694798393 1.2112253118826342 1.5794452502735803 1.8396349934019682 0.36723790430837927 1.8245385022019884 1.0297287305883438 1.0136332452471328 1.998965876744639 0.49236273839495864 1.476867051558474 0.4891233389559361 1.6593981825612747 0.26326491432653487 1.1627961117414842 0.4997002214468524 0.7551386839419226 0.28111234320457534 0.6294370273830412 1.4147021535147597 1.6082889491317445 1.4513629421799348 0.792118008927471 1.089257359343452 1.143418452898579 0.7373742415164615 1.0335946523013955 1.9726117267231338 1.1020428578564885 0.9165304043786723 1.510229570370315 1.7539957466717762 0.24710516701573448 0.7220309259358333 1.6203245494542464 1.0228154050643226 0.2124712648007609 0.9548038221920656 0.7952145748837369 1.2874738298467432 0.784317505969631 1.9662519451175098 1.2588175116141307 0.4359655069629092 1.1377598665472384 0.8443611205117264 0.2269999593447003 0.37357383194941757 1.6116226159867089 0.9686054798269655 0.556313280989241 1.3233827480107294 1.352520090637941 0.6872649462692266 0.4336720102426973 1.0509016102452822 0.9031276580724066 0.9291442085188439 0.8770682733242026 0.725914546083269 1.19518866229761 0.9761341009588304 1.6107709319061598 1.461391754496656 1.59753702142004 0.7180931819334824 0.5785661812136885 1.10740434194931 0.43962524102133643 0.5084549625703136 0.6418355923758472 0.2767943745324414 0.6074963377709566 1.3263178177717556 1.3417814605062346 1.1592914193811585 1.5236939870927746 1.6672980604941607 0.8747411183175373 1.6488605163853172 1.783368919865432 1.2564006351210997 1.3805252359765552
0.12730548551288245 0.16313075352324158 0.464617447420715 0.244946313543161
0.09425336503598114 0.3124221655320464 0.22515617644205965 0.3681682929899128
0.3813085330899487 0.15028593382536037 0.07262106181254568 0.3957844712721452
0.04512081718521643 0.6581916368126187 0.05807855307105747 0.23860899293110738
0.1595844702708844 0.35665476386953476 0.0821710963515172 0.40158966950806363
0.4993523970297459 0.06664680658530864 0.1775637349610878 0.2564370614238577
0.45027546350354664 0.16094915185113767 0.2556707046644028 0.1331046799809129
0.006845834130041917 0.14968656986262052 0.2323102908412712 0.6111573051660664
0.011096929892732588 0.7619603312186132 0.20843272793283407 0.018510010955820166
0.14020093166504077 0.3271191045373565 0.1338755346883388 0.39880442910926395
0.08563918190381448 0.28338149251875977 0.2525823565735501 0.37839696900387565
0.21171557516223738 0.177114905661933 0.37705756780340594 0.2341119513724237
0.1410486337769331 0.04848193875207374 0.510836154432523 0.2996332730384702
0.4790932933662496 0.07321221060585603 0.1647589732698892 0.28293552275800515
0.044025079437355674 0.26131484172601205 0.4213636632786377 0.27329641555799455
0.09177311712299097 0.19489754588132968 0.14146432017753807 0.5718650168181413
0.1702804293170106 0.32431671425408526 0.4226693792739692 0.08273347715493495
0.04914806374449221 0.11603339009589764 0.5767051231516535 0.2581134230079567
0.17325131471483501 0.6728166895320737 0.05487044532217911 0.09906155043091214
0.12386250542970678 0.1406327073510658 0.321476382833236 0.4140284043859914
0.09344585393821647 0.11214313846466728 0.4899119788517784 0.30449902874533785
0.486294273696697 0.07848915287177238 0.40355620076417387 0.03166037266735677
0.495959480849975 0.32500529816464485 0.024120983870412283 0.15491423711496788
0.24096220861481954 0.0834650090993545 0.5499971712890883 0.12557561099673764
0.25816254565296715 0.5254134474554778 0.1871048139560817 0.02931919293547336
0.48713270818720555 0.02477809764840322 0.0059772214764894915 0.48211197268790174
0.49165995619322567 0.4685395724394983 0.010996132340245879 0.028804339027030168
0.014770407894532545 0.28956568650168857 0.3439777772979016 0.3516861283058773
0.12096114170957895 0.3616824734992842 0.25561778953372527 0.2617385952574116
0.04825405343867284 0.058070853144357226 0.5590099693492361 0.33466512406773385
0.19200824434461772 0.41310862362182343 0.2454860741364453 0.14939705789711355
0.18027392420530508 0.3344314317299889 0.1271216231224792 0.3581730209422268
0.1557718849804568 0.2395635741265204 0.21154970460556077 0.393114836287462
0.0048780397048603374 0.15386913998806984 0.10609408279302679 0.735158737514043
0.3561473381422938 0.121069304598027 0.37683236960327615 0.14595098765640302
0.2893386842444934 0.17554131226604308 0.08725734484217906 0.4478626586472845
0.1395667810811766 0.14091319520217283 0.25979803868628804 0.45972198503036255
0.04662310651389867 0.34614048624812266 0.36360198832386037 0.2436344189141183
0.2889383526010466 0.36975439291955725 0.1338666824248802 0.20744057205451594
0.6025574274120881 0.31386580835295064 0.02291260280038465 0.06066416143457665
0.3737593648054125 0.11432588038584901 0.4684224784259904 0.04349227638274811
0.10224902818013126 0.1734400540054225 0.10062356351106783 0.6236873543033784
0.3473147507696437 0.37791833674643227 0.2707040495370717 0.004062862946852319
0.886642420558017 0.04440131920321777 0.04938384745953339 0.01957241277923183
0.8055139753753243 0.07611934864871206 0.04782672187048398 0.07053995410547964
0.42414567119666535 0.07714701443919825 0.03000400869534625 0.46870330566879015
0.021683916340511034 0.44004534822827324 0.010572065206662984 0.5276986702245527
0.2243717504036794 0.223304731200902 0.5451316707880431 0.007191847607375457
0.432297699684733 0.13317917696925174 0.3700823258471114 0.06444079749890386
0.494399982479663 0.2194241343376958 0.27089152534271943 0.01528435783992177
0.6367804078687224 0.048161406606947677 0.16353254567777997 0.15152563984655
0.25513776072178085 0.25047199163900036 0.4629645023574328 0.03142574528178599
0.17059638285021728 0.31060847898245025 0.176287229164506 0.34250790900282646
0.01200626639681901 0.2720059503132526 0.1460894831714432 0.5698983001184852
0.459110467534517 0.30962311350722205 0.1571485774347814 0.07411784152347956
0.5625979843183895 0.18922449106710093 0.002786968230180764 0.24539055638432883
0.0056946107071349505 0.30155221776238894 0.2601355944312902 0.4326175770991859
0.18252284845732092 0.11278754894586362 0.1375143761247296 0.5671752264720858
0.08590090564345321 0.5837151882821395 0.09984378601146604 0.23054012006294122
0.2802850810166111 0.47175177090447784 0.0754237190730257 0.17253942900588537
0.3814882526799347 0.08840024185846485 0.4655331977829078 0.06457830767869266
0.20365278604304204 0.17704586952537604 0.15149602349484936 0.46780532093673255
0.03282780393324625 0.276296336094193 0.6364909381916961 0.054384921780864626
0.1751676844343325 0.07216419927303563 0.20806582639254267 0.5446022899000892
0.3972241494946097 0.4514740818366886 0.09832203193495559 0.05297973673374612
0.17806402878024508 0.18468328437597925 0.2800211524431606 0.35723153440061506
0.08183592127921302 0.08216649609609072 0.3164844280556396 0.5195131545690567
0.2701973314256151 0.3739095102867215 0.3554161531841251 0.0004770051035383194
0.14567280947705852 0.0314480269409938 0.04246818050280221 0.7804109830791455
0.08123969220411043 0.3890741625820081 0.39473618987692227 0.1349499553369592
0.14516356718971046 0.5062338993508121 0.19901483656590913 0.14958769689356832
0.17980405749480977 0.048093735779626945 0.6952308562738618 0.07687135045170146
0.19179886884778297 0.0005024023709494507 0.7599432371093413 0.047755491671926276
0.4580038809398642 0.03521251200187814 0.443469150698487 0.06331445635977062
0.5978283591402774 0.24103973413074609 0.06128825921862047 0.09984364751035602
0.16609940989846395 0.3855979464079008 0.0268042957568696 0.42149834793676566
0.31930559514324963 0.2277678161538046 0.22186326210629936 0.2310633265966464
0.45428442136744174 0.17328607030810483 0.08535056540409025 0.2870789429203632
0.04689643425187029 0.219822391344333 0.6216108370170645 0.11167033738673215
0.2956150638355899 0.2599227319188593 0.28497067253952113 0.1594915317060297
0.765394208521593 0.10328100550321628 0.06717835873571332 0.06414642723947739
0.15575662271227797 0.37133483456619976 0.09139520988309047 0.3815133328384318
0.09825874548546587 0.2222673201946178 0.40188410629800786 0.27758982802190846
0.34298046964033024 0.10538147622024929 0.4103937489033329 0.14124430523608755
0.15284825909878097 0.5726167782516368 0.13621107512748754 0.13832388752209468
0.2885999213713377 0.03696077192360192 0.42015313143485233 0.254286175270208
0.6997743293217145 0.07063745804169208 0.06915435555648364 0.16043385708010982
0.42209513511058505 0.4705144343044507 0.013069620053605568 0.09432081053135866
0.5926404774739863 0.2492101219924434 0.09438420412732551 0.06376519640624478
0.6032403882841404 0.09653905413179553 0.19629866554502906 0.10392189203903501
0.45343127871771116 0.07512278234264014 0.3235935307799215 0.14785240815972722
0.036372648434572774 0.5216500055247819 0.3832086124809 0.05876873355974532
0.586203722919558 0.1896631013278416 0.1658827120940194 0.058250463658581
0.1409968281706825 0.005905449456132028 0.3226433429615695 0.530454379411616
0.7989500730258355 0.010242197911522366 0.020940296915429313 0.16986743214721278
0.13750823594526496 0.5330041980034037 0.207511792994449 0.12197577305688234
0.09622194982580812 0.8172558780587065 0.02938947649003798 0.05713269562544743
0.07707744112207893 0.41304635763531794 0.4242287370584952 0.08564746418410796
0.2887447217392419 0.3099046242127157 0.04867735385777383 0.35267330019026855
0.3660196924221395 0.47452781957212564 0.09107834823617134 0.06837413976956352
0.21281150919852043 0.1755556838664729 0.19050349152532586 0.4211293154096808
0.1277268853895156 0.09499252677592074 0.7348429920422731 0.04243759579229056
0.18538948338062677 0.0980770655243085 0.5471124262951893 0.16942102479987542
0.25379794096199493 0.023255977162616737 0.6655015887575144 0.05744449311787392
0.41761246950724984 0.3235754108747362 0.2537501737496163 0.005061945868397699
0.045708724123834754 0.6368061403635853 0.26956194345804607 0.04792319205453388
0.04400528066838716 0.16198047310238184 0.21592384740515347 0.5780903988240775
0.5083503783474584 0.07000545720063278 0.31503236528922285 0.10661179916268593
0.008677326140518526 0.564114893864127 0.1906839571266965 0.23652382286865792
0.21361892851706998 0.1999417956137619 0.3945517210872618 0.19188755478190633
0.051668924688842766 0.6368568151864251 0.10070523284927801 0.2107690272754541
0.4759674707188428 0.08677218832623657 0.35571169251289625 0.08154864844202436
0.18983618109261013 0.04687589626674571 0.33051041790444413 0.4327775047362
0.16743427745966943 0.6771950162783931 0.02990565566979153 0.12546505059214597
0.28626048793098224 0.06593504782043069 0.5052341738816012 0.14257029036698587
0.1944249437647969 0.3649056309688167 0.2740538316673221 0.1666155935990643
0.08326964169530848 0.11496547098977317 0.3778025689335348 0.42396231838138354
0.07574376118379011 0.5229438393646106 0.35809593300057363 0.043216466451025615
0.6042730204257699 0.22422683591801995 0.029380880739375947 0.1421192629168342
0.2442320812182408 0.01701909926150169 0.04189703301664538 0.6968517865036121
0.20890913189343108 0.5088075784050007 0.17879321226835165 0.10349007743321659
0.5910158770883769 0.04549783475347979 0.31055681146125236 0.052929476696890965
0.5736151841479978 0.28020643240790555 0.13259618117305694 0.013582202271039678
0.2386933828237463 0.3990451107013582 0.16392615082708684 0.1983353556478087
0.7644983126075418 0.042701771145559175 0.16806328288481598 0.024736633362083094
0.13547948036316626 0.1239262189071868 0.33276219224833814 0.4078321084813088
0.00821183532894798 0.2606248040140622 0.36526186946265027 0.36590149119433957
0.03695473144514627 0.8084360303285434 0.10138060040290264 0.0532286378234077
0.26085065264050566 0.13731209863800586 0.331150936302709 0.2706863124187795
0.2776172147053496 0.0851076062404541 0.4695377243301835 0.1677374547240128
0.6454285347409329 0.10090544923945555 0.14980341649547468 0.1038625995241369
0.18273467821403333 0.5065737222529134 0.10514452863446744 0.20554707089858582
0.03192384276485305 0.7482542156802664 0.0019098304018408951 0.21791211115303966
0.02340906235722484 0.4732483555439859 0.12653493827980522 0.376807643818984
0.14407118686271714 0.4975896531384316 0.1734619077572348 0.18487725224161644
0.09476954140682792 0.3462398090737112 0.5309610338175326 0.0280296157019283
0.3338370416396297 0.10128199524398818 0.04854277643686222 0.5163381866795199
0.3608737082964162 0.0926835135015287 0.31437648971111265 0.23206628849094246
0.02641413129188508 0.3006416802903277 0.5090705710422974 0.1638736173754899
0.4301986773541393 0.3657382676295088 0.11141217497968803 0.09265088003666389
0.14397745710278043 0.1926944172681635 0.4526053661135372 0.2107227595155189
0.26637597617903486 0.2252002075213707 0.07565424655160957 0.43276956974798486
0.27031883479965024 0.5355186179470051 0.036115239224356444 0.15804730802898825
0.2850684312332453 0.652132251896338 0.019412206188657577 0.043387110681759045
0.012910818094901244 0.6664962268869361 0.20285729302239996 0.11773566199576269
0.21910980674279756 0.6217037426416631 0.0332894150736579 0.12589703554188147
0.0032342877280535642 0.3684972281421276 0.019885585751980073 0.6083828983778388
0.2870042755188883 0.3569528533807348 0.014003365756561581 0.34203950534381533
0.0469900709101605 0.5024587961611657 0.26234896195241053 0.18820217097626324
0.4055984305310053 0.17187297929213108 0.10983711489869685 0.31269147527816676
0.059827763399542544 0.5750077131322926 0.3108197513434199 0.05434477212474498
0.3419497084656238 0.19226329060537417 0.4083823913631748 0.05740460956582727
0.19829947594859787 0.1390495768195461 0.4122444465690146 0.2504065006628414
0.378493885313102 0.517622988382635 0.010122661346690709 0.09376046495757229
0.28272938203633946 0.3125426086551857 0.13687359632041707 0.2678544129880578
0.0980626466093748 0.4777382796947315 0.3040492856075633 0.12014978808833043
0.05864698562578097 0.3715786215433866 0.006933313432009647 0.5628410793988228
0.4298305579055032 0.06879715456821944 0.06418833120929301 0.43718395631698437
0.44961988538024567 0.07427220439543769 0.26648925909228327 0.20961865113203337
0.15570101585525709 0.6997655773099579 0.11940730564660385 0.02512610118818115
0.5222071430223366 0.07209510624430382 0.3958393826149602 0.009858368118399352
0.07891041675904609 0.21522365387427356 0.7045385035240568 0.0013274258426235752
0.009079142616871705 0.04782804978147748 0.27118767043805636 0.6719051371635945
0.21844967824478823 0.40085929298925416 0.17944209086637475 0.20124893789958287
0.12441985503166586 0.6159910981716475 0.18155674317768933 0.07803230361899727
0.42027392194031965 0.05602981551571029 0.23277130960050563 0.29092495294346443
0.21257396795192562 0.08707319205542752 0.03280351971304929 0.6675493202795976
0.029281527497229898 0.17787398507902552 0.1117685651454483 0.6810759222782963
0.10865364569502423 0.27028356356122474 0.5686555657783696 0.052407224965381416
0.07279558814690046 0.7302131599398545 0.15956137947502957 0.037429872438215495
0.03112513770111791 0.19970728599706689 0.35668436581325913 0.4124832104885561
0.11062305467917555 0.019093282678603996 0.4934664094960248 0.37681725314619563
0.38385150700239734 0.3192213306102841 0.23769384743628508 0.059233314951033456
0.19843696107558828 0.12091479596985732 0.5646147430913366 0.11603349986321776
0.038123149525781996 0.3728569801628602 0.3512226988815542 0.2377971714298036
0.2700729163364729 0.22198201489630587 0.30759802990974117 0.20034703885748006
0.15970447040189928 0.2342473907389826 0.4997926822262735 0.10625545663284464
0.18024235798599442 0.4757956901265933 0.04970221133813435 0.29425974054927795
0.021781677979787695 0.47566406217388146 0.2411978925944721 0.26135636725185873
0.24364837406127993 0.28427293168746204 0.06426488269592578 0.40781381155533225
0.3406683774926046 0.04981754639589597 0.2356964893173098 0.37381758679418964
0.23363740313303738 0.5936218823916356 0.1337145337463116 0.039026180729015425
0.3520817465456535 0.010303151627921614 0.06779250151631055 0.5698226003101143
0.14336071474572942 0.6017624674710915 0.016190896104652297 0.23868592167852676
0.2964309292674122 0.44330794463954737 0.2340824080202496 0.02617871807279082
0.11503381048712547 0.2773428270848808 0.33382822468573115 0.2737951377422626
0.11024036996748954 0.576710272291866 0.011681584497096331 0.30136777324354813
0.12300237815744808 0.2233060876701769 0.05972127714829478 0.5939702570240802
0.2701698926190662 0.4170882461185642 0.2924400081574021 0.02030185310496746
0.4303129263671155 0.20435694039113284 0.2351370223910605 0.13019311085069118
0.11733802956009742 0.008757414574753541 0.4234372030655804 0.4504673527995686
0.39347365910833243 0.11537838678813339 0.26904027124147234 0.22210768286206184
0.015143459026021877 0.006090294249397332 0.48695797995092505 0.49180826677365574
0.3202467512486673 0.1532537345887096 0.29261335354352713 0.23388616061909595
0.09784235342072689 0.3434120091514755 0.17737637616472712 0.38136926126307047
0.4106338865737039 0.1680546587835381 0.12338724631552966 0.2979242083272283
0.17589936700235798 0.05072468674632835 0.16656744615820018 0.6068085000931135
0.11337782090394954 0.251838871417823 0.06999570932540944 0.564787598352818
0.35419990085346775 0.08074338244538548 0.19238778001637125 0.3726689366847755
0.17349640873027106 0.01718501626637814 0.8072105783060518 0.002107996697298997
