35 50 4 133.9111766677194 267.82235333543883
5.122494534016814 3.775146462684205 3.0833834053200606 3.4968209658051332 8.355113307124029 2.0021197248324833 6.637935060588272 3.4910909797286287 7.139572067696458 7.110737055196687 8.170456767289686 1.4122194627045976 9.213384469693317 2.9243438770336 3.732735711452646 9.901572611053048 2.6729335262901603 9.898523518700452 7.750758082347687 3.001474406029078 2.331135174967583 5.642112476003141 4.548324867161222 1.628921128349883 4.044031931745733 1.0993349916112696 7.907750722549165 8.872499174105425 5.802348886440136 1.7597147457572981 8.418980761506738 5.5412307550932045 8.934567642042978 2.5664165633139815 4.626620977106402 8.48913889677809 9.807962245927648 6.572482886843235 8.82928589793158 3.2398921007230563 6.787305629091486 3.704055930736315 3.208244974687438 5.914213150041529 2.0778475794987163 4.087870349633272 6.686082685673886 8.483967294011485 4.198491036001439 3.1187058845184246
1.024498906803363 0.755029292536841 0.6166766810640121 0.6993641931610266 1.6710226614248058 0.4004239449664967 1.3275870121176543 0.6982181959457258 1.4279144135392916 1.4221474110393373 1.634091353457937 0.2824438925409195 1.8426768939386633 0.58486877540672 0.7465471422905292 1.9803145222106096 0.5345867052580321 1.9797047037400906 1.5501516164695375 0.6002948812058155 0.4662270349935166 1.128422495200628 0.9096649734322444 0.3257842256699766 0.8088063863491467 0.21986699832225393 1.581550144509833 1.774499834821085 1.1604697772880272 0.3519429491514596 1.6837961523013476 1.108246151018641 1.7869135284085957 0.5132833126627963 0.9253241954212804 1.697827779355618 1.9615924491855297 1.314496577368647 1.765857179586316 0.6479784201446113 1.3574611258182974 0.740811186147263 0.6416489949374876 1.1828426300083057 0.4155695158997433 0.8175740699266545 1.3372165371347773 1.696793458802297 0.8396982072002878 0.6237411769036849
0.49363013902602626 0.15948161332793354 0.14892358067698308 0.19796466696905712
0.1549182335015491 0.15674063633498225 0.20084402002549484 0.4874971101379738
0.11548316767295841 0.021457602923394825 0.6157218572830657 0.24733737212058104
0.4401318553618526 0.13334711646358421 0.09931168907931864 0.3272093390952445
0.45796700591089756 0.07654067151538402 0.325103223298042 0.14038909927567644
0.040619300617455 0.30621342736027835 0.12631757178429748 0.5268497002379692
0.37598711029863163 0.17329813524043947 0.30686620791178354 0.14384854654914536
0.014654075559076607 0.5559712385268468 0.008970536646197513 0.42040414926787906
0.32634559720401324 0.0441944402382326 0.011003063385720657 0.6184568991720335
0.40057938004872184 0.05036111710230762 0.12783083365677672 0.4212286691921938
0.22893557389823438 0.24141576499641937 0.4597139315281943 0.06993472957715197
0.3203095187462669 0.06720933122644668 0.5706681178695214 0.041813032157764995
0.6731088771363121 0.01810589962509568 0.2066879993768822 0.10209722386171005
0.512848971911941 0.06342756613238065 0.18138526257851917 0.24233819937715917
0.2815190905620122 0.06853999910922859 0.26249578408691265 0.38744512624184657
0.19710289325647512 0.24389903619875508 0.49374707609405966 0.06525099445071014
0.14817095804086522 0.06997860365735409 0.3674834041517976 0.4143670341499831
0.0926447462436063 0.2930481926815175 0.5713738676371843 0.04293319343769186
0.6759224145915318 0.028294609828933948 0.05322655829920009 0.24255641728033417
0.5987795917966887 0.11892639853618536 0.24925196275608097 0.03304204691104495
0.5037984214259044 0.06755866454695647 0.37838611804460165 0.05025679598253752
0.2542308030289825 0.3863185515065175 0.3226480115773066 0.0368026338871934
0.19747217671912465 0.13973727232253774 0.07850790631938287 0.5842826446389547
0.15139081659485043 0.5701952363430117 0.14129806380323928 0.13711588325889856
0.04254440736084231 0.38557473746576243 0.18120018724952958 0.3906806679238657
0.2768343409965883 0.11456297229379175 0.5434667364247917 0.06513595028482821
0.3623199278539977 0.11715762799681717 0.16226367867490998 0.35825876547427515
0.3518413707006136 0.41194109944393154 0.22525363630704853 0.010963893548406323
0.2149245386620895 0.17517535634688208 0.539711842370373 0.07018826262065547
0.6356978660157058 0.10174675128670518 0.14925416612099374 0.11330121657659531
0.12334738350244245 0.3590031924682645 0.3438292408438415 0.17382018318545156
0.5053177670598875 0.31317388675790325 0.1517592712091046 0.02974907497310464
0.03030628043744643 0.3840703402443659 0.32891249362677355 0.2567108856914141
0.059248507728284716 0.7923747248127319 0.0008200015339410172 0.1475567659250424
0.006335799081779614 0.24858042530953617 0.5685889838743704 0.17649479173431382
0.2275381938406117 0.06437559736110976 0.07960398098075083 0.6284822278175277
0.1128528029537329 0.5531199179574052 0.13902900251621786 0.194998276572644
0.01809334551834607 0.4450032187277523 0.27582349407489704 0.2610799416790046
0.13013188183259694 0.1718896205922006 0.3299403849288336 0.3680381126463689
0.4071038589515805 0.3802616413881871 0.1581564563602189 0.05447804330001349
0.006667450639488592 0.7256739647698699 0.1303030929593586 0.1373554916312829
0.34290865602739207 0.10869978085563048 0.5089107932277747 0.039480769889202794
0.014160181302799946 0.3101972625799587 0.48715892346329137 0.18848363265394996
0.21205899880577306 0.00441527534506847 0.31670948916589514 0.46681623668326333
0.29756739938162646 0.336907455166067 0.28790607046492644 0.07761907498738008
0.2365866587997647 0.06279131162840568 0.46318549647309415 0.23743653309873547
0.1009865042298076 0.17785201369309522 0.5488545086150561 0.17230697346204105
0.0784045854475951 0.6743908882830599 0.21683654713381706 0.03036797913552791
0.3600009234610566 0.16746655535635313 0.18723091072555975 0.2853016104570305
0.24250542015003884 0.37745520159428614 0.07985869931931355 0.30018067893636147
0.6037128619658576 0.07513656299834981 0.2542017315830831 0.06694884345270946
0.12014239391120318 0.34146157978038705 0.3045079933023217 0.23388803300608807
0.9491856569629707 0.0019206750417118945 0.039168094298401956 0.009725573696915402
0.1136119942608963 0.02853886755340751 0.12321233958652222 0.734636798599174
0.0030834986940074804 0.45248404278709975 0.24872151827746658 0.2957109402414262
0.22154597283124156 0.3992114842858282 0.3377797287696491 0.04146281411328112
0.36791660296125894 0.15924431745001943 0.21542854901593989 0.25741053057278174
0.07257532288356017 0.5761732684436117 0.24822905511010274 0.10302235356272538
0.03226078537495891 0.25489737383369937 0.20836774171183392 0.5044740990795078
0.7482378502531969 0.20012666441283855 0.031325616369666576 0.020309868964297983
0.018532760954094618 0.5054812095227114 0.3531288011359365 0.12285722838725754
0.011428469478960368 0.30995285619104374 0.5452691139182733 0.13334956041172263
0.45680970286049294 0.22683842214571925 0.2907684635829324 0.025583411410855406
0.19630106895472432 0.4386095519774912 0.305841225867165 0.05924815320061949
0.16065446013896723 0.20480589061143795 0.3820480729975019 0.25249157625209295
0.7468207117749138 0.044322784685189576 0.1387003842414094 0.0701561192984872
0.3009126112465994 0.24583899345752824 0.27584380909023565 0.1774045862056367
0.5165491651427475 0.15882455735666312 0.24159623547447584 0.08303004202611353
0.20418282716905822 0.07685801043403462 0.15872932116152372 0.5602298412353834
0.7004316508951046 0.07467502572737594 0.157584854898565 0.06730846847895444
0.22672332135341555 0.14692474258316768 0.5495607715282512 0.07679116453516555
0.6055072730407316 0.0046062117766064725 0.2426168853269155 0.14726962985574643
0.3063787240428689 0.1531954141033376 0.5307037591363946 0.009722102717398928
0.3012653731633267 0.05475572620139835 0.3100665734450776 0.33391232719019737
0.49821363450985523 0.2950453482678147 0.10601600285546031 0.10072501436686976
0.017420456187415723 0.231267621020521 0.35023472565636615 0.4010771971356971
0.507229518029706 0.053999286260571155 0.30995355688208437 0.12881763882763853
0.7910476326737684 0.0724810857733057 0.1280217439673892 0.008449537585536682
0.4518917229850289 0.016275219907681104 0.3179154268500418 0.2139176302572482
0.11988235415618542 0.48825363193037785 0.35413661720085265 0.03772739671258407
0.1317009567293146 0.40180808059892603 0.12325403944829272 0.34323692322346666
0.19401303174911522 0.015221265938115125 0.05881899286527881 0.7319467094474909
0.10639856911939494 0.7531529350535938 0.11225760327821821 0.028190892548793034
0.270848513127956 0.4361492833117545 0.1946521069134045 0.09835009664688499
0.5545465190959146 0.035487509150425534 0.12558130468467132 0.2843846670689886
0.29233998303047537 0.2933465574160058 0.17772593999532216 0.23658751955819668
0.5098934532483089 0.28324689163169736 0.1273689124611519 0.07949074265884182
0.14192412545999433 0.47395562928865487 0.26756957945426774 0.11655066579708306
0.31081484950882543 0.34266119219175173 0.2820088791455859 0.06451507915383692
0.07666055343083233 0.11558011908070609 0.47643322271900235 0.33132610476945923
0.020452977962102437 0.17942457998995043 0.07754868248442415 0.722573759563523
0.32117725080306336 0.12992475393465497 0.44731399063664357 0.1015840046256381
0.015163495678212624 0.4309773827527338 0.3939679833868145 0.1598911381822391
0.3489804046680247 0.37826988211017687 0.1301167036799259 0.14263300954187252
0.13467925289599092 0.2971838448516717 0.20199158438540477 0.3661453178669326
0.07657469036968034 0.04795148013563433 0.32939885865380536 0.54607497084088
0.10937242729110119 0.16807226174654222 0.0178395075964769 0.7047158033658797
0.21820529043916548 0.02236583218940935 0.01762688541247337 0.7418019919589518
0.2629105766423714 0.41412923094363674 0.1699851369661306 0.15297505544786127
0.2477458790162198 0.03727877461135498 0.6985735396306872 0.016401806741737968
