30 70 4 190.51155874403253 381.02311748806505
6.797291824615015 4.426736406716049 6.967431148021017 2.47285653492478 9.663470323068868 4.119956563417891 9.925758930642468 3.1155210604508103 6.271248416694919 4.6602109146268065 2.2261088981714225 5.897226588743618 5.6635871214326095 7.901695956686549 9.404651289867218 1.8073304450733474 2.7619413109302253 9.947743158676253 3.1166244785529003 3.1508773474838594 6.661898477444818 7.614573189788255 7.195099447604834 1.2801767357586447 9.122624589236816 3.5779179512111883 6.000513074254986 4.387782200765889 1.2396192829580293 5.447342093924842 8.512435841440732 4.302885970092274 5.638439010168173 5.251412128827519 4.475368796111626 7.6972330399626605 4.017178716995845 6.358944593809258 3.8452004371742854 4.116253815353308 3.2034862761137477 7.281551484838009 2.908727482522731 3.405638514938135 4.365046708457751 6.157796561046409 9.256222708469213 8.370783430794242 2.468628031235066 1.2173929286938487 8.061882644465545 3.3837164106147877 4.054303507162083 8.329326265995698 8.267092442740468 5.442054731190421 8.607811994952142 4.286709859510214 1.4304780923628762 3.377312077575117 5.174804441066847 7.240195535473637 3.8209307806077297 5.162831096669409 8.377188874172495 7.160419225897101 3.9163044142509653 6.1913079923462915 6.693849854122379 6.368155008098869
1.359458364923003 0.8853472813432098 1.3934862296042034 0.49457130698495605 1.9326940646137736 0.8239913126835783 1.9851517861284935 0.6231042120901621 1.2542496833389838 0.9320421829253613 0.4452217796342845 1.1794453177487236 1.132717424286522 1.5803391913373097 1.8809302579734435 0.3614660890146695 0.5523882621860451 1.9895486317352507 0.62332489571058 0.6301754694967718 1.3323796954889635 1.522914637957651 1.4390198895209667 0.25603534715172893 1.8245249178473633 0.7155835902422376 1.2001026148509972 0.8775564401531778 0.24792385659160585 1.0894684187849684 1.7024871682881464 0.8605771940184548 1.1276878020336345 1.0502824257655037 0.8950737592223252 1.5394466079925322 0.803435743399169 1.2717889187618516 0.7690400874348571 0.8232507630706616 0.6406972552227496 1.4563102969676018 0.5817454965045462 0.681127702987627 0.8730093416915501 1.2315593122092818 1.8512445416938426 1.6741566861588484 0.49372560624701317 0.24347858573876974 1.612376528893109 0.6767432821229575 0.8108607014324166 1.6658652531991396 1.6534184885480936 1.0884109462380842 1.7215623989904283 0.8573419719020429 0.28609561847257525 0.6754624155150234 1.0349608882133694 1.4480391070947274 0.764186156121546 1.0325662193338818 1.6754377748344988 1.4320838451794202 0.783260882850193 1.2382615984692582 1.3387699708244758 1.2736310016197738
0.03082189126169621 0.10700498819112325 0.3556368135676763 0.5065363069795042
0.25683771524633403 0.13087050921360932 0.5986759185252164 0.013615857014840249
0.1617182284919555 0.42105699507767 0.4071392769716713 0.010085499458703184
0.05065400291446587 0.23982374473890467 0.016248912199703924 0.6932733401469255
0.025844836873522903 0.045758957745275164 0.04548371720579136 0.8829124881754106
0.3156425035000979 0.0943180709399678 0.5024209219642646 0.0876185035956697
0.015456051150818495 0.08119344435047438 0.05495680280695947 0.8483937016917477
0.21666831476780124 0.46311741857321886 0.27712704474055116 0.04308722191842873
0.17089122328243234 0.12588641205045814 0.6062686760052979 0.09695368866181164
0.14577254819859586 0.44550897998037153 0.3973770128546519 0.011341458966380724
0.2863958303231542 0.14241238613178653 0.4406113369050928 0.13058044663996649
0.20648364149092824 0.08742743195832448 0.07442365050900246 0.6316652760417448
0.05043075239597339 0.6721406808933725 0.06683916711021787 0.2105893996004362
0.043944343559712884 0.6530371410462825 0.16277386477183697 0.14024465062216762
0.400192107282756 0.09446681247384847 0.35481924656660757 0.15052183367678795
0.17419507532441425 0.00639480705834472 0.0864220138100823 0.7329881038071587
0.5378108117386575 0.1578624782943887 0.14402942653888762 0.16029728342806615
0.19520152534907897 0.0019052877841220228 0.6720778153021733 0.13081537156462575
0.17407204806712828 0.37454051954006884 0.2967691219037638 0.15461831048903907
0.27808553632662203 0.04318656348942107 0.4642912112177313 0.21443668896622559
0.3373039792603426 0.28392749729850664 0.35174543276565073 0.027023090675500017
0.3754892950997827 0.0534166520046655 0.43300193967865885 0.13809211321689296
0.6439524238978356 0.006071360131659653 0.04247823016916419 0.3074979858013406
0.24554984243354894 0.4839062817321843 0.23562135182243993 0.03492252401182683
0.33327504181763024 0.041935309455332526 0.0746575709636963 0.5501320777633409
0.2894864355051986 0.3954607473916639 0.1578261618387118 0.1572266552644257
0.20486052694498236 0.6464310135445881 0.12758625174544025 0.021122207764989298
0.11273641347072239 0.39090613407966435 0.07906881394855991 0.41728863850105335
0.3926931406676183 0.3304117275837215 0.09270036453829633 0.18419476721036387
0.45708606951825637 0.004617866195520515 0.05587288333656504 0.4824231809496581
0.20083476895972585 0.16933973399413704 0.28086549867814004 0.34895999836799707
0.3587081287201159 0.25024483709688383 0.08910161151381624 0.301945422669184
0.2655983362319444 0.3777632381802609 0.09328569026365463 0.26335273532414005
0.08873803419263016 0.24301400885554247 0.5660587774123468 0.10218917953948059
0.13815591750020761 0.31628427341528453 0.1509308043272588 0.39462900475724905
0.045481568465384314 0.20401509933750717 0.4431304984872457 0.3073728337098628
0.18873588261142438 0.4575764099935212 0.2598142894618185 0.09387341793323589
0.01925511671485103 0.296961468947329 0.18892086143854447 0.4948625528992755
0.1311962092341592 0.36841300466740845 0.043064259250985004 0.45732652684744735
0.16019687452048825 0.10021351072137585 0.3343478396801426 0.4052417750779933
0.20379341433434728 0.27399633780102994 0.4564871929479891 0.06572305491663366
0.5273227081824329 0.134265186546218 0.3072028530167139 0.031209252254635222
0.29676873430731276 0.0842624924367178 0.08371091496497318 0.5352578582909963
0.27721521233652735 0.513273916662653 0.20845301296229723 0.00105785803852243
0.06544602028998625 0.6426214458439676 0.24443754991551414 0.04749498395053198
0.21368159267066056 0.3490737877072212 0.41331501916609337 0.02392960045602488
0.7176589421678783 0.1630884713398213 0.0318130555212186 0.08743953097108181
0.34834840341597584 0.3344601462033744 0.13048154440314597 0.1867099059775038
0.08258573476868769 0.1929838643106283 0.6954353179436974 0.028995082976986608
0.2508491257873098 0.09375171783005065 0.6507921431171293 0.004607013265510274
0.2927425457625511 0.2073813924093738 0.4414265086011324 0.058449553226942674
0.3247079710938833 0.39125852395312777 0.11407784633654716 0.1699556586164418
0.6001173401093163 0.11195124565541392 0.27397099519890755 0.013960419036362248
0.2613763366468642 0.4756233117175437 0.10862359708131475 0.15437675455427735
0.9224532017990125 0.0026546479141195123 0.00412619640180345 0.07076595388506457
0.04920975633489988 0.42626054114461753 0.5163817500198656 0.00814795250061695
0.32222295235194676 0.3660940073910912 0.03832296929217638 0.27336007096478565
0.31521503084409075 0.19026305503019703 0.398924834398657 0.09559707972705522
0.645120698546058 0.058969455197551035 0.2853050864799431 0.010604759776447814
0.1610098362434006 0.7546650878184211 0.04495149420635969 0.0393735817318186
0.2248483940902991 0.02971374512181113 0.49301924158506616 0.2524186192028236
0.46874535085467284 0.049290671467164704 0.15591103573269538 0.3260529419454671
0.01228220897313581 0.5281742581874397 0.3433046770049828 0.11623885583444171
0.1429872179860041 0.5207883858268113 0.2389452583225059 0.09727913786467868
0.0818117715100165 0.0949485475046915 0.7836325757515633 0.03960710523372868
0.4290714621270889 0.05059623561215798 0.2411307682466901 0.279201534014063
0.06302219167848677 0.22780886935075406 0.3085993774510184 0.40056956151974077
0.3480804228854749 0.23407327046350512 0.05521670739929263 0.36262959925172733
0.046467746256692366 0.10220027499622841 0.09783530571515864 0.7534966730319206
0.3375795839719775 0.598784488567531 0.024061871028852377 0.03957405643163914
0.14361212477861496 0.47438889904978354 0.32115470395449086 0.06084427221711064
0.05713460300902695 0.29996214450737657 0.582493889743796 0.060409362739800465
0.3684902404813931 0.4965661336411141 0.12804675965391688 0.0068968662235758815
0.3408632429762164 0.2970008298191166 0.2973202379362141 0.06481568926845294
0.19351250766628814 0.33812654457020674 0.159855386405929 0.3085055613575761
0.3107124143624357 0.2012309449186621 0.2950867524635332 0.19296988825536898
0.13435027437450497 0.2446629671478633 0.0631733544544043 0.5578134040232274
0.26942989118265326 0.5574724685870621 0.15648989773626776 0.016607742494016864
0.04905917212119215 0.0525824064554925 0.5178448701230516 0.38051355130026376
0.34675085470817635 0.05252362918313447 0.27807353610093577 0.3226519800077534
0.7051718088271118 0.07517602791138034 0.0397444927097641 0.17990767055174373
0.6381282942669024 0.21338879516890352 0.048739101985297406 0.09974380857889664
0.031066724263415058 0.19806317776416626 0.04666117014188209 0.7242089278305366
0.24473725573165206 0.5275904066058641 0.1786456017470205 0.04902673591546336
0.2537116326210229 0.29575894926087976 0.22972229236898467 0.22080712574911265
0.2758065539982788 0.5991197886402149 0.054601637597904706 0.07047201976360162
0.3045112636953058 0.48470227961969614 0.07756688065128192 0.13321957603371615
0.5510805727250121 0.12363185355718398 0.11529907432697584 0.2099884993908281
0.2905840977853211 0.4222880540996137 0.14021770051172122 0.14691014760334398
0.06037287491829957 0.24921533613829927 0.5459286224708839 0.14448316647251724
0.023491251065060226 0.6250050884082399 0.12168290525215852 0.22982075527454138
0.036272326794568155 0.01143388170199744 0.9497047537655651 0.0025890377378693374
0.13705238465905678 0.3856994235716563 0.020275932631123705 0.4569722591381632
0.02778913215990464 0.1038874035910956 0.3088626433649082 0.5594608208840915
0.06500097234200863 0.03172487602206353 0.48098065820119396 0.4222934934347339
0.36557689434980034 0.013949036421001648 0.12593375100601767 0.49454031822318034
0.0752792120967416 0.6267417275849472 0.059076796687208 0.23890226363110323
0.052576188879473795 0.36221576771103214 0.5696560329300452 0.015552010479448874
0.01727272531182844 0.1051103076344646 0.814750092131248 0.0628668749224589
0.1933226798911324 0.43084826874601867 0.024827915072108575 0.35100113629074037
0.12393211115936964 0.31585366201829945 0.4886119874496315 0.07160223937269938
0.12024253194369527 0.271188452462521 0.32968670611121853 0.2788823094825652
0.16657217770061472 0.658161108328932 0.1584006546132689 0.016866059357184326
0.04010323433090479 0.5024088286447653 0.13313791101502048 0.3243500260093094
0.042693284778339335 0.6388867612006679 0.3058432686351552 0.01257668538583756
0.33559454577637005 0.4077448941133761 0.07620397267137924 0.1804565874388746
0.16602913522095397 0.5513732451179723 0.12029097457810178 0.162306645082972
0.1063561641668227 0.07395806679548633 0.30121286160790695 0.518472907429784
0.16986923199210513 0.032595049616610194 0.06636831188678904 0.7311674065044956
0.003640463270014549 0.6673060129536876 0.04620619825165695 0.28284732552464087
0.5523959349222336 0.14015992472765548 0.08443110735265524 0.22301303299745567
0.0331037332842421 0.020702656422060817 0.09057596643847243 0.8556176438552247
0.35158949487996405 0.22037627529177484 0.2604588750028025 0.1675753548254586
0.39507549886556514 0.25102597995454257 0.15774977658985523 0.19614874459003706
0.007862106452541595 0.034121981837105464 0.044347728165397005 0.9136681835449559
0.05162057245133678 0.45736907359267376 0.20348201505202745 0.287528338903962
0.010315084145431253 0.10786973883915751 0.45415327648001436 0.4276619005353969
0.5729097753625723 0.1434323798862699 0.06057254945778767 0.22308529529337018
0.6597869231223372 0.004666716761259293 0.12635109951704526 0.20919526059935822
0.20701305502663914 0.018713863803663466 0.45016721036543295 0.32410587080426445
0.11716666648784235 0.02274810502587521 0.6786885431783094 0.18139668530797304
0.052305186394099645 0.4627962121325182 0.23114322128910447 0.2537553801842777
0.05908375703668933 0.06553798707009739 0.3241055665440631 0.5512726893491502
0.5220126522791594 0.077820352346048 0.3824905013839327 0.01767649399085991
0.029214231081925 0.05463154337914866 0.4131795915616172 0.5029746339773091
0.05785964440030311 0.22634160556809757 0.058140683146085226 0.6576580668855141
0.11388013104685935 0.3523713536910019 0.5061529147794204 0.027595600482718363
0.09041975662214607 0.14350705199233915 0.26251991034100675 0.503553281044508
0.41553170749163315 0.06125960732859237 0.20853507039264663 0.31467361478712785
0.12367145517613698 0.07376557520482241 0.292787138078653 0.5097758315403876
0.051619221872775345 0.47381963509673886 0.1985682332899238 0.275992909740562
0.43735545235391526 0.23152579874791124 0.18084367957146485 0.15027506932670864
0.15853077500949742 0.5978490219430155 0.08105668945794609 0.16256351358954102
0.04928589835030617 0.11010907488269506 0.09783696933955033 0.7427680574274484
0.3007089309786517 0.10783333736605061 0.5293683548338651 0.06208937682143256
0.27530791659196263 0.12256727648728072 0.5432879378584113 0.05883686906234531
0.057609634749722805 0.17333172763870885 0.25351555291322014 0.5155430846983482
0.0032277049554489956 0.3518339930806972 0.09656676376861562 0.5483715381952382
0.016538017303562746 0.22470544428297168 0.6492125373636413 0.10954400104982431
0.2183915559382873 0.3247490311629765 0.4514039469461292 0.0054554659526070415
