54 80 4 218.64434685759898 437.28869371519795
4.781646704266965 4.269155472685771 2.6638901898530656 5.664544553507286 1.0774490680789235 9.720425860475377 8.212431304148147 7.81580789747789 7.0433587165764155 1.2669130794243086 4.524058269822984 4.6431463509697135 2.7066791294587227 7.903950800344654 6.550508307807174 9.336465675917953 3.926116306917713 3.278389171147957 7.481961267148067 9.972617166889192 3.7708585501485663 2.5478801351869773 2.578460730870878 2.474439329338218 6.265129388585332 5.261820016245849 5.1468125700340925 3.1163860757130455 8.705954550741296 5.238043981679939 1.4912508833925129 9.93931371593703 2.7600075035981093 7.41272394875731 8.347509666340446 5.239515439655713 3.3497755696996037 4.965571370144552 2.8844465871532643 5.25613430768483 3.0824450997557333 2.450592529884906 2.9535593623591083 2.446439339555108 9.52277704204171 6.59567366772277 7.559064677554301 8.884821047855562 9.4750723111636 2.088519157873653 8.94452818379628 1.8648836307674692 8.044738401922455 6.9171993016005535 8.940152420527124 6.882471069494592 1.3755495304525274 6.676650888601919 7.39955149238362 5.092465372990008 7.044954971685129 8.17246070519996 2.7612773104267907 2.523005993577232 1.083429322984937 7.7502020397667675 8.302189092535585 1.424104649633391 1.666501400877101 8.28033922490901 7.852122496837816 7.966202035606127 4.302096948861827 4.851076536325773 7.043727770440322 2.5930413083501938 6.445373961946027 4.585721803648767 8.439753039171764 7.412408960284694
0.956329340853393 0.8538310945371542 0.5327780379706131 1.1329089107014572 0.2154898136157847 1.9440851720950754 1.6424862608296293 1.563161579495578 1.408671743315283 0.2533826158848617 0.9048116539645967 0.9286292701939427 0.5413358258917446 1.5807901600689307 1.310101661561435 1.8672931351835906 0.7852232613835426 0.6556778342295914 1.4963922534296135 1.9945234333778383 0.7541717100297133 0.5095760270373955 0.5156921461741756 0.49488786586764355 1.2530258777170664 1.05236400324917 1.0293625140068186 0.6232772151426091 1.7411909101482592 1.047608796335988 0.29825017667850257 1.987862743187406 0.5520015007196218 1.4825447897514619 1.6695019332680894 1.0479030879311426 0.6699551139399207 0.9931142740289104 0.5768893174306529 1.051226861536966 0.6164890199511467 0.4901185059769812 0.5907118724718217 0.4892878679110216 1.904555408408342 1.319134733544554 1.5118129355108603 1.7769642095711125 1.89501446223272 0.4177038315747306 1.788905636759256 0.37297672615349386 1.608947680384491 1.3834398603201108 1.7880304841054246 1.3764942138989185 0.27510990609050545 1.3353301777203836 1.479910298476724 1.0184930745980014 1.4089909943370258 1.634492141039992 0.5522554620853581 0.5046011987154464 0.2166858645969874 1.5500404079533534 1.660437818507117 0.2848209299266782 0.33330028017542024 1.656067844981802 1.5704244993675631 1.5932404071212254 0.8604193897723654 0.9702153072651546 1.4087455540880645 0.5186082616700387 1.2890747923892054 0.9171443607297534 1.687950607834353 1.4824817920569386
0.037354274305446356 0.1643603913684214 0.26997659102703775 0.5283087432990945
0.20293129264814402 0.016704499128781913 0.3671765095698162 0.4131876986532579
0.23264334763769656 0.034868262672682726 0.5176398013293805 0.21484858836024023
0.274876894021424 0.2340334894469257 0.03245763509583066 0.4586319814358196
0.33970071010769043 0.318005263855617 0.21815942055436255 0.12413460548233002
0.14123556813245097 0.07838607476354587 0.3924995236818859 0.38787883342211726
0.455666094408962 0.19185726128233638 0.23389176638764042 0.1185848779210612
0.06364392228095994 0.5579016471414351 0.35920387161091827 0.019250558966686704
0.01784768851695362 0.28277809927096087 0.6457374510606074 0.053636761151478085
0.7237457977852451 0.1760069043104554 0.04254284888057036 0.057704449023729176
0.05226692242391218 0.4671721594320689 0.3937332311165439 0.08682768702747501
0.029229931930169317 0.28972282200486443 0.6259319557210576 0.05511529034390861
0.2776144319163767 0.14917102715829167 0.34521426576137526 0.22800027516395638
0.46164756115021854 0.14996439939281925 0.19006140698726048 0.19832663246970172
0.45300247037740604 0.3311648035228396 0.012560240565503422 0.20327248553425092
0.13392543059645812 0.4258114304863255 0.3345876074137818 0.10567553150343456
0.48921993896665705 0.139868816426173 0.03235885522565307 0.3385523893815169
0.20638510773249352 0.3021834965460297 0.23121621441116758 0.2602151813103092
0.07886534688559266 0.036059836751172636 0.4923077036466227 0.392767112716612
0.1277319466531186 0.026749297223884527 0.3631365942217716 0.4823821619012253
0.17076661550905847 0.23826153527323546 0.20680097573467116 0.3841708734830349
0.46081447274290555 0.2575971904831158 0.05479374841552431 0.22679458835845434
0.02095138558484755 0.6747243604891408 0.19599220429001674 0.10833204963599496
0.30520412897369764 0.020513075929108893 0.3008509605471269 0.37343183455006657
0.3713602919967993 0.0773629385984711 0.5016051112660025 0.04967165813872709
0.10373227516826578 0.4304859219919387 0.10030089757334604 0.3654809052664495
0.20942588613369617 0.2602917463609068 0.22103175615044846 0.3092506113549486
0.1620471401436665 0.40708004277091336 0.26699085147914114 0.163881965606279
0.16610021708814038 0.4891620585519889 0.04526310281014023 0.2994746215497305
0.4039494145186807 0.07250441434782129 0.2118037686812939 0.3117424024522041
0.05061389863299326 0.16167886191875624 0.42244314180843356 0.36526409763981693
0.35564210307212574 0.15893524580386487 0.2063335720232804 0.279089079100729
0.49165881428195723 0.1885081197931341 0.20992203926741837 0.10991102665749031
0.17287754873333272 0.16903186875485832 0.02752814761574862 0.6305624348960603
0.054574398916507616 0.32217531892461315 0.4019698664189988 0.22128041573988044
0.2264726849135834 0.5852115065937826 0.13511064740962664 0.053205161083007324
0.17280888090235247 0.23985750626118285 0.39646944057355926 0.19086417226290542
0.10058659991230678 0.1576885420052433 0.3770024187018254 0.36472243938062454
0.030631116275499526 0.1513020256323333 0.7544757663591712 0.06359109173299593
0.46948686984817467 0.007898667082486877 0.1584455128783352 0.36416895019100326
0.05694705935527389 0.6361970526958988 0.09066225151057783 0.21619363643824951
0.42371573151087794 0.3691527018052144 0.0066758223168967845 0.20045574436701086
0.09173913843283776 0.11827958714097997 0.05796594883568407 0.7320153255904982
0.06285009491476312 0.4031247848176691 0.3750927954209202 0.15893232484664754
0.3729426141410008 0.26960668069653293 0.15024554188198957 0.20720516328047667
0.17946321145157418 0.5303225969293466 0.07224674885864768 0.21796744276043156
0.06342495997522479 0.4331143504185724 0.17381952211748153 0.3296411674887213
0.20290591578072403 0.25866152864349323 0.2398750716032776 0.29855748397250514
0.5104863208533283 0.13738493210215197 0.03257117053622316 0.3195575765082965
0.011826861951427792 0.03368896221659923 0.3505856004406793 0.6038985753912937
0.08863282843022668 0.8352455947395749 0.009122372786594779 0.0669992040436036
0.019564023049264412 0.37412134594274693 0.03545605356745496 0.5708585774405337
0.2792435478685462 0.2913956461530586 0.0003612358781418523 0.42899957010025336
0.24587459316434135 0.25703075919241114 0.04415845784186179 0.4529361898013857
0.1764882335219311 0.2643529556330423 0.08627826161621277 0.47288054922881384
0.1997898126413905 0.16771836928545225 0.13618474402974146 0.4963070740434158
0.45838898161418673 0.22283179983825785 0.224764124765352 0.09401509378220341
0.411605248396794 0.28805083792519515 0.2851841554525558 0.015159758225455011
0.3292479237433479 0.22331631333909796 0.2476400753784097 0.19979568753914445
0.2415497429446204 0.4020138049607771 0.1515736235212669 0.2048628285733356
0.09236497085720141 0.39461591377311556 0.4773033845405681 0.035715730829114944
0.6070161368580105 0.09231741574673602 0.23611300304801164 0.06455344434724186
0.2676661473683174 0.026027151812613725 0.05559678480958563 0.6507099160094832
0.19920423632059703 0.5602518427010843 0.23303135611783843 0.007512564860480242
0.10912614579119939 0.08712141092189774 0.3388070191114031 0.4649454241754998
0.04415098361515368 0.3165656834454462 0.02178566083679645 0.6174976721026036
0.03151899047246809 0.38443358825423835 0.011438561323512952 0.5726088599497806
0.02522931082913149 0.3495279341852706 0.01515544862487539 0.6100873063607225
0.04988889950595232 0.5555435234158143 0.15667384848017807 0.23789372859805535
0.42985601909890037 0.2370847888564097 0.21971618743175236 0.11334300461293756
0.011724643622598396 0.2221507192619605 0.508309151312125 0.25781548580331615
0.29786667201537387 0.16581714613147025 0.028443579214194048 0.5078726026389618
0.054388251889996964 0.44698987559446224 0.030831871844633874 0.4677900006709069
0.18780008220200906 0.5408048938562183 0.1914751379161982 0.07991988602557443
0.04059706664687768 0.07715614367242796 0.38671216248326534 0.495534627197429
0.3478718157165098 0.09710725464469616 0.2668502413981805 0.28817068824061354
0.7677564163145821 0.040611286123159895 0.04247675722055355 0.14915554034170442
0.29601738575846503 0.038950020681717934 0.32715039691019066 0.3378821966496264
0.5456409314433857 0.1258924724245748 0.16271756785828362 0.16574902827375593
0.30283187442415016 0.012391771707327748 0.5776014060687886 0.10717494779973347
0.1281583883184575 0.15324326215835282 0.1270281042707171 0.5915702452524726
0.0021690805881033892 0.6929179117454186 0.296326480295539 0.008586527370939012
0.2843900203615479 0.10861275214653943 0.3226545614826183 0.28434266600929436
0.09184230040321983 0.03877791832865063 0.8284370199653621 0.040942761302767416
0.505039896786286 0.11236438731843579 0.20826758943564228 0.1743281264596359
0.22542282822884052 0.40355636366702696 0.25912128260434986 0.11189952549978266
0.0757295436635752 0.2757526115698271 0.6331073349917045 0.015410509774893222
0.2574413322071001 0.07274445544025587 0.37940931979818804 0.290404892554456
0.01955593448645554 0.816789637486652 0.051890601266263214 0.11176382676062924
0.30999199838650904 0.0920965003733355 0.04827335529057175 0.5496381459495837
0.031703452200684934 0.08550450292692591 0.11711205474917197 0.7656799901232172
0.12118225522396187 0.3568376328666384 0.17637120672023376 0.345608905189166
0.31602327331011026 0.3542252573203122 0.31853847481459974 0.011212994554977818
0.17401187736026624 0.14184655892398557 0.43323058421241245 0.25091097950333574
0.2359721798228387 0.3243957370808156 0.11986695841101469 0.319765124685331
0.22953794235485714 0.12202914692232891 0.0044751747435374245 0.6439577359792765
0.29936614259281413 0.18023701108199708 0.2265396237466446 0.2938572225785442
0.36418304347122843 0.36016732752116987 0.10123645309969875 0.17441317590790295
0.3757823845823294 0.21096267927289247 0.07905715934437585 0.3341977768004023
0.2060489366647339 0.18879810443715528 0.11501338032323827 0.49013957857487256
0.2189722221020326 0.2611646225298776 0.2004846926463364 0.3193784627217534
0.12844634775240427 0.012050177808025975 0.5264084986082801 0.33309497583128966
0.10485332263607972 0.610735524792196 0.08549787613077753 0.1989132764409468
0.597950240420926 0.05915729454373475 0.25025476201226127 0.09263770302307794
0.2083071221557221 0.2710299037412599 0.4193786621054768 0.10128431199754118
0.14599208184847623 0.28810568768859024 0.5036955929241372 0.062206637538796294
0.217056843776809 0.11845826085873579 0.006816979691604441 0.6576679156728508
0.02979078390404366 0.11170719766630832 0.24295469736109498 0.615547321068553
0.2942911718376797 0.02737643171951032 0.2245846145185887 0.45374778192422127
0.11362989032498283 0.1863680081213671 0.17313169363165615 0.5268704079219939
0.11658962849758936 0.17858166717536927 0.366802120641313 0.33802658368572835
0.33936077308781964 0.21278748986104945 0.01602201695809602 0.4318297200930349
0.14143401023416546 0.19901104827394744 0.584162657273502 0.07539228421838506
0.3728401796177979 0.309499130698038 0.25237367522805976 0.0652870144561043
0.3850422569035885 0.4102788311940434 0.03365235493519725 0.17102655696717084
0.17319422993020306 0.2229953754385584 0.05789239464759455 0.545917999983644
0.7037951797476105 0.043568027559603095 0.15532680282883482 0.09730998986395156
0.07328094089095438 0.08550288928389693 0.1897472612217107 0.651468908603438
0.10086354693801491 0.09402840513166677 0.6896419350765565 0.11546611285376185
0.11517658791087482 0.6047022428532428 0.05305204924857154 0.22706911998731083
0.02801684911743596 0.33263464343848226 0.4700501532355801 0.1692983542085017
0.13696189186544638 0.10963727886242325 0.42544606027683707 0.3279547689952933
0.12861572961554524 0.2911827611529013 0.5053143079274662 0.07488720130408721
0.21098120991384273 0.3886732771412972 0.3564225968153232 0.043922916129536915
0.2027089713070278 0.028464012021781282 0.743091119550574 0.025735897120616857
0.07920595185281398 0.10680123331139235 0.32484045059763156 0.4891523642381621
0.042463124326531654 0.13704606267573505 0.19767788043543733 0.622812932562296
0.2132041772272063 0.15302273866284855 0.5968228521074315 0.03695023200251368
0.08123951832016141 0.4676925274491577 0.4073453308204893 0.04372262341019162
0.2990546277421934 0.31014868945027785 0.024318836316733372 0.3664778464907954
0.5577012964036572 0.21304875929793765 0.055712241190288836 0.17353770310811634
0.4937371354303355 0.022231387259406654 0.1336125815570881 0.35041889575316976
0.18496073639751676 0.15904693777430923 0.12559417258175432 0.5303981532464197
0.41599095404732367 0.15396121665757634 0.21519569874536937 0.21485213054973062
0.1705643550381919 0.4048524363501649 0.10183250691458834 0.3227507016970549
0.35954782989145306 0.3863724904246848 0.17582831846524827 0.07825136121861387
0.276593063856728 0.31885845812437874 0.18800530259354242 0.21654317542535084
0.09599714998110254 0.40232579771572774 0.26765623747201106 0.23402081483115866
0.46618858312492206 0.3166082778843764 0.1728916074850526 0.04431153150564893
0.33478863648759616 0.14567855491873738 0.06466086541810945 0.454871943175557
0.0018656689008453853 0.47181459152465954 0.30377184274830504 0.22254789682619003
0.0770658076489944 0.2874519936321186 0.051685312814840345 0.5837968859040467
0.38299386211553343 0.25491396794478527 0.05302403267593836 0.30906813726374294
0.09237746990030482 0.24547260787280634 0.016285971948644007 0.6458639502782448
0.15772194723418465 0.25952702851814147 0.2719903062340977 0.3107607180135762
0.28349975945520545 0.0025796914944649085 0.06466293326061923 0.6492576157897104
0.09981131085878125 0.528309358317038 0.10143470708750513 0.27044462373667566
0.005053100197870641 0.2683501053436973 0.6642312460176473 0.06236554844078479
0.7299824431672949 0.009675505450082444 0.21703526643518067 0.043306784947442
0.12290691589926872 0.595237454775805 0.049383109993649366 0.23247251933127688
0.15248736448181532 0.4549083392478195 0.05132596999000438 0.3412783262803608
0.33880660758227976 0.4019732285188491 0.20545474599481528 0.05376541790405587
0.010933018867412048 0.3906413831959491 0.245199176355005 0.35322642158163386
0.034238796850873054 0.08920283371936033 0.8055441280342733 0.07101424139549328
0.3033488701499226 0.02128285761629245 0.6593787691581096 0.01598950307567537
0.4980737726758343 0.20146899106723615 0.09099310208591649 0.20946413417101306
0.011941330161563068 0.3176789327769155 0.6378046317456866 0.03257510531583485
0.4317688047504348 0.27868411708557583 0.2114895189220981 0.07805755924189128
0.31709689779039696 0.4756578039955003 0.17185524864556856 0.0353900495685342
0.10145672010482665 0.03725658808696708 0.6909356074428484 0.17035108436535784
