55 20 4 56.173172713944595 112.34634542788918
1.837974580046722 9.744903279908087 5.354739824172815 3.182704313482577 5.780114468265278 3.569898119183189 8.763673393464757 1.3699013811478633 1.9751296055564835 7.904440408858273 1.4628583799549586 7.981448847795405 1.0822504835522104 6.564809021111506 8.368383994646123 9.087271506833652 9.870504235796544 5.470704301930826 4.170870331933543 8.803764950248395
0.3675949160093444 1.9489806559816174 1.070947964834563 0.6365408626965154 1.1560228936530557 0.7139796238366378 1.7527346786929514 0.27398027622957266 0.3950259211112967 1.5808880817716546 0.2925716759909917 1.596289769559081 0.21645009671044207 1.3129618042223012 1.6736767989292247 1.8174543013667304 1.9741008471593087 1.094140860386165 0.8341740663867085 1.760752990049679
0.020453313165591402 0.3764284325581808 0.03273155629538638 0.5703866979808414
0.7272722271507035 0.05183906299969121 0.12888362776048268 0.09200508208912261
0.35072744767573094 0.007831121853728917 0.5605034226518227 0.0809380078187174
0.24115477122524742 0.5356605792503821 0.1449750072825975 0.07820964224177296
0.07176942249936435 0.5436147111710038 0.22973542878274067 0.15488043754689118
0.20032974767763323 0.18522485465884952 0.2508834867473041 0.36356191091621315
0.20277506130148049 0.4699279677971737 0.15839625663009993 0.16890071427124587
0.07232937282609797 0.11559628535388644 0.18453751566514542 0.6275368261548702
0.037268988528439406 0.6860314718517913 0.1954808509031084 0.08121868871666094
0.39822308321425015 0.4172420214760668 0.01121161275464333 0.1733232825550397
0.06317712391037955 0.21755120648419557 0.2531573267572157 0.4661143428482092
0.22529304783092508 0.36956634382178477 0.17058578194227225 0.2345548264050179
0.2900678995765267 0.028826384275180805 0.1459570979720891 0.5351486181762034
0.182136278225144 0.09976803853810534 0.2090947323308595 0.5090009509058911
0.06818329769779552 0.21879692739780754 0.24056066000849285 0.4724591148959041
0.23588382145652176 0.18078218177537952 0.5353780636009002 0.04795593316719848
0.2916338368695629 0.21276878127250498 0.24903905489050404 0.24655832696742808
0.07646551867205353 0.43374084233713905 0.24119147654688722 0.2486021624439202
0.06024035016238238 0.007790235402086676 0.3058961866282003 0.6260732278073307
0.5028482409893512 0.10719681940663195 0.17940103011875808 0.21055390948525876
0.5585465225030942 0.0851106966736046 0.16442732381269975 0.19191545701060142
0.40255712355177 0.24741248743483502 0.12959142899818132 0.22043896001521368
0.01965992029992103 0.23373700962411093 0.049828521424782224 0.6967745486511858
0.4297658769706628 0.2779338017494407 0.20222346856005735 0.09007685271983912
0.32208111033207776 0.31361183877938925 0.1726214525934514 0.19168559829508158
0.26023188088012206 0.007188188408033369 0.07753768999878652 0.655042240713058
0.5392570650035795 0.2318765065473667 0.07723221386624513 0.15163421458280868
0.1932205721087661 0.009961212147219012 0.12052367705450007 0.6762945386895148
0.27414848204267983 0.33944919195234424 0.3204653061113585 0.06593701989361744
0.030439036469284364 0.44758665774266726 0.2390167399878529 0.2829575658001955
0.16709761140497825 0.4160617562269635 0.010984901054207463 0.4058557313138508
0.3537492865140427 0.3923925724586592 0.23299696948992987 0.020861171537368217
0.6251397492551437 0.23524647171309376 0.06314609721754438 0.07646768181421815
0.283914952465565 0.292540560833051 0.17856033667919669 0.24498415002218732
0.49230762357129976 0.056464523350200024 0.37865400760894075 0.07257384546955947
0.4376373838111266 0.1720257062921875 0.37091947215786314 0.019417437738822763
0.040235095465624315 0.2510845509245888 0.4330968459124437 0.2755835076973432
0.37591330011167434 0.34426580873391066 0.14018794230708653 0.13963294884732846
0.2044739633376852 0.4546231639835787 0.04042021364578996 0.30048265903294613
0.05624317847130522 0.4252834487780669 0.5001245578095211 0.01834881494110674
