7 30 4 84.33436978666433 168.66873957332865
1.6867746043656147 8.019269130161032 4.945683082968042 7.511186600478471 9.801905607969424 5.846462833693903 5.510084172939441 1.648460200237854 3.4159508209168408 5.49894250743004 7.113069965088465 8.23365132493938 4.4284701983368455 1.593427122153146 3.593310393771942 9.186341749476522 2.9204681822192393 5.069115656359148 9.380854177201195 1.224093047953132 6.404940257177103 9.55116550372281 3.0727259111886833 5.936409273124274 9.182155373980581 2.1985250118332513 5.710713226063892 7.753688731918314 7.021119167955224 5.209775737704827
0.3373549208731229 1.6038538260322064 0.9891366165936084 1.5022373200956942 1.9603811215938847 1.1692925667387806 1.1020168345878882 0.3296920400475708 0.6831901641833682 1.099788501486008 1.4226139930176929 1.6467302649878761 0.8856940396673691 0.3186854244306292 0.7186620787543884 1.8372683498953044 0.5840936364438478 1.0138231312718298 1.876170835440239 0.2448186095906264 1.2809880514354206 1.910233100744562 0.6145451822377367 1.1872818546248547 1.8364310747961163 0.4397050023666503 1.1421426452127785 1.5507377463836627 1.4042238335910446 1.0419551475409654
0.20484909029779508 0.16104129548279789 0.006494303604466012 0.627615310614941
0.4528429325464004 0.11978240009755359 0.19602217387555532 0.2313524934804907
0.4129918291138346 0.046101148777596856 0.1983064848883268 0.34260053722024175
0.1804516192026816 0.24192242444045875 0.21200582499069842 0.3656201313661612
0.09226234584675208 0.3226236325926911 0.10945961832575402 0.4756544032348028
0.05312869067295756 0.5394659966504154 0.362873635679553 0.044531676997074054
0.8414767148983973 0.00692416593929146 0.11657011869843814 0.03502900046387314
0.13687611879745087 0.17185753850038454 0.43311354338563135 0.25815279931653323
0.16550140046578743 0.15892476920665555 0.12369448783028036 0.5518793424972767
0.4606302961632769 0.3357604046192716 0.09089825107018634 0.11271104814726518
0.040655809436685786 0.23590726301444842 0.5239159765473294 0.19952095100153644
0.06925207000983546 0.07789550193185757 0.6496133849902093 0.2032390430680977
0.5998544375434464 0.21297511262025992 0.008398058142853215 0.1787723916934405
0.0071432752789984955 0.4559929427591488 0.07830591405707232 0.45855786790478037
0.12814785400273287 0.531010543067828 0.16929479792556446 0.17154680500387465
0.16952372356620915 0.054554913380110204 0.6328969891654408 0.14302437388823985
0.16910106336538333 0.3635437415782903 0.4424948762134421 0.02486031884288431
0.4415297427026398 0.40381541606133364 0.06383730499687523 0.09081753623915134
0.03552880483036336 0.5141853159703641 0.11525484210403358 0.33503103709523896
0.008216505039312039 0.055405780659239845 0.7442485607549997 0.19212915354644844
0.023190368099362146 0.1113800905453255 0.5621254435447253 0.3033040978105871
0.010579906938345762 0.5797659473679894 0.4022118648663051 0.00744228082735976
0.6096147983345592 0.161827546229123 0.15517059320637439 0.0733870622299434
0.023903026142330863 0.2533165565519644 0.633493871593943 0.08928654571176176
0.18140428905736694 0.1793762047278542 0.3117805357368916 0.3274389704778873
0.19250821895985537 0.3424835419680603 0.20209629862437506 0.26291194044770927
0.1068767442566414 0.2714993891747779 0.5403330717108488 0.08129079485773194
0.23267109563197375 0.04364609057881963 0.6462859668671634 0.07739684692204318
0.6501283286286327 0.0946953450531769 0.007129887460397999 0.24804643885779243
0.6035595516954865 0.05289073484311557 0.015918931890684385 0.32763078157071357
0.4774011548515884 0.013364734239482035 0.3471521052181902 0.16208200569073938
0.2760490483306951 0.037945628881967064 0.038983688731732524 0.6470216340556053
0.3703510829880352 0.34897303952100633 0.18709914665529714 0.09357673083566131
0.42645357268494233 0.09645262834340296 0.218212671884919 0.2588811270867357
0.0014268805627581926 0.6947335829542107 0.013233930208243816 0.29060560627478726
0.2351204072574643 0.07373227760633283 0.3740611695116204 0.3170861456245825
0.13111064234791392 0.34121335394048835 0.4727242275043916 0.05495177620720615
0.34353652970435833 0.11945986445005874 0.022828834554479593 0.5141747712911033
0.30041890431803975 0.11448286825521226 0.35999860324076516 0.22509962418598284
0.5223901280016119 0.15252864186517578 0.10329483167710896 0.22178639845610337
0.47576449942424426 0.399907225445839 0.06343962886210208 0.06088864626781465
0.35707062835287895 0.3016776306012665 0.058493973321084525 0.28275776772477
0.4277048330275506 0.3004564501195832 0.032353836833149296 0.2394848800197169
0.05549950311272267 0.3647573305598124 0.18751391777133208 0.39222924855613284
0.13247398881674854 0.09795668559347093 0.711378593781229 0.0581907318085515
0.03367420450284819 0.5411883830863009 0.20736756373462917 0.21776984867622173
0.27425859319442125 0.5226927642491431 0.07974957273807093 0.12329906981836469
0.16827530536724433 0.029257584099912526 0.5216992522251797 0.2807678583076635
0.16471665877901287 0.11681715906948087 0.5263016414475757 0.19216454070393052
0.044766260845139016 0.10472004247909139 0.21213034438782685 0.6383833522879427
0.33135721096240567 0.09569628205132197 0.09766634375490424 0.4752801632313681
0.2416029166538498 0.5890374093399549 0.11002106740258344 0.0593386066036119
0.45860347976796934 0.4075955543164218 0.00642814905979594 0.12737281685581292
0.030439266665623133 0.09019316164053504 0.15096279195340567 0.7284047797404362
0.0713396872572073 0.3467598554203586 0.10291456060461046 0.47898589671782366
0.1602024106191695 0.15684147131702664 0.03746713610940988 0.645488981954394
0.20628585650065434 0.16320005915972968 0.45860765388656355 0.17190643045305243
0.3825111389298338 0.06856746402070868 0.050728288167881 0.49819310888157653
0.06166533016986864 0.5339557828505055 0.3506548141520537 0.05372407282757219
0.14693031569354353 0.1406496264263567 0.4244688446614946 0.2879512132186052
