63 50 4 140.34813287301267 280.69626574602535
5.985469202505278 4.566231043348301 1.4331409532206902 5.731053049835674 2.377347236307013 5.500091448947385 3.304781017445328 5.887838420825595 5.934395075666245 3.032098424709843 1.8032167985742558 5.066826627134538 7.960460596276131 7.139031848248497 8.759271930191854 5.084604967186923 6.124959653745853 1.047449284762255 8.870717967444769 6.200914112479511 9.507061736478468 9.02608189499293 7.136916487656036 9.01315824084015 2.741154005895508 8.22303531750521 1.2106941115426657 9.283960581194181 7.021939314462561 7.679339228261873 9.692987380152529 4.598442966835718 3.831794405201358 5.419872210551693 3.6607142404928146 5.872932140430616 3.6378334282610307 3.1227598127561733 7.296359538281815 4.121907830043984 5.129775818573659 6.421680100854232 1.9921075675847255 4.614962143680816 3.3568051453416228 6.387557030609624 9.191360333760848 2.6297186456882176 9.87807500540809 7.185379423830334
1.1970938405010556 0.9132462086696602 0.286628190644138 1.146210609967135 0.4754694472614026 1.100018289789477 0.6609562034890656 1.177567684165119 1.1868790151332491 0.6064196849419685 0.3606433597148512 1.0133653254269075 1.5920921192552262 1.4278063696496994 1.7518543860383708 1.0169209934373846 1.2249919307491706 0.20948985695245098 1.7741435934889538 1.2401828224959022 1.9014123472956936 1.8052163789985858 1.427383297531207 1.80263164816803 0.5482308011791016 1.6446070635010421 0.24213882230853315 1.8567921162388363 1.4043878628925122 1.5358678456523747 1.9385974760305058 0.9196885933671435 0.7663588810402716 1.0839744421103386 0.7321428480985629 1.1745864280861231 0.7275666856522062 0.6245519625512347 1.4592719076563632 0.8243815660087968 1.0259551637147317 1.2843360201708465 0.3984215135169451 0.9229924287361632 0.6713610290683245 1.2775114061219248 1.8382720667521695 0.5259437291376435 1.9756150010816182 1.4370758847660667
0.40519864457010535 0.15291322243927719 0.11276391825649956 0.3291242147341179
0.9124389664039806 0.04056184627755588 0.014771149154255814 0.03222803816420772
0.5515358133156282 0.3662804356881143 0.018473975987258306 0.06370977500899921
0.4872058009313527 0.11547022779995642 0.3786796326773829 0.018644338591307985
0.34318093403268435 0.5337241272694233 0.09239044775262606 0.030704490945266283
0.15392172555529515 0.0068839706131123 0.5773160692798281 0.2618782345517644
0.48281472628980415 0.2059713794700273 0.22897554260745068 0.08223835163271787
0.4465376354012137 0.10423713917189403 0.407440119694369 0.04178510573252325
0.12542122434175307 0.00275063797743913 0.27772827013069123 0.5940998675501166
0.3119102614035103 0.08502996144429065 0.2946782076509672 0.30838156950123186
0.14881209990661093 0.18119876348223407 0.3376821518957299 0.3323069847154251
0.562122668791251 0.09188247453921106 0.020097201749688542 0.32589765491984946
0.6249256087975981 0.024115602412711157 0.3304251971797204 0.02053359160997037
0.08589182170647036 0.13918455927421536 0.2852169281713137 0.48970669084800056
0.09382234503158726 0.16711656510061101 0.6685252752746125 0.07053581459318925
0.2894932889713533 0.26013436781307164 0.32661926511558836 0.1237530780999867
0.6480021867103932 0.11409624281534425 0.09444985936218564 0.14345171111207689
0.0761475461744674 0.008983961642737626 0.07956067065724737 0.8353078215255476
0.026578721191264365 0.12273370092206104 0.5289397150123765 0.32174786287429813
0.12799393321322916 0.082047959628619 0.13936262848100367 0.6505954786771482
0.39809909780134733 0.1587770090165853 0.13703187340766232 0.30609201977440503
0.6689040101243552 0.020673270372690844 0.026333337095434506 0.28408938240751946
0.13337320043053236 0.20950308450877664 0.6079435317429255 0.049180183317765525
0.025856249217368732 0.3319459745113147 0.28281627757824734 0.35938149869306923
0.14739786431636126 0.016039551955409515 0.19443692961535175 0.6421256541128775
0.27132965738172377 0.24680042892331122 0.13602731766066545 0.34584259603429957
0.086952214896727 0.33972662626043193 0.2422367631689717 0.3310843956738694
0.14123999166147028 0.09731393844431557 0.13511189489404485 0.6263341750001693
0.09071171938033062 0.6620575124777653 0.08791598617352492 0.15931478196837912
0.5460417262478179 0.2737291842001133 0.15303051835318482 0.027198571198884025
0.14973843761232075 0.40023591895337185 0.2512253509157346 0.19880029251857279
0.2438399328425398 0.014048242442002423 0.5813979686347583 0.16071385608069944
0.01394034131267341 0.16942448692859402 0.6370462645663633 0.1795889071923693
0.28352292701779 0.46997687027578905 0.15568410974644364 0.09081609295997728
0.1344965894188137 0.2962698900861478 0.17670121694657348 0.392532303548465
0.013322760542641032 0.14894634201507717 0.33623724732076776 0.501493650121514
0.18932816947129927 0.5576424196770087 0.21552489354852644 0.03750451730316562
0.13083146724199413 0.009788257313237292 0.3940914045819143 0.4652888708628543
0.3741431869079963 0.2899017612018773 0.07245968416952497 0.26349536772060145
0.2571106011587466 0.2716776326809195 0.2027797377385382 0.2684320284217957
0.22951705159564018 0.25015854683801286 0.2073863444990509 0.31293805706729605
0.054515126524603885 0.692349775689814 0.10743374550276807 0.145701352282814
0.2039601224851485 0.17607196236566236 0.3769481341173737 0.24301978103181543
0.7223012042024594 0.25807801564487964 0.009958365557248494 0.009662414595412505
0.333350829740222 0.35749639209773265 0.2810671747533151 0.02808560340873023
0.09996075056969433 0.16019446387633474 0.42982084979351476 0.31002393576045617
0.24984090013739935 0.1771373115425502 0.1732888600484701 0.39973292827158036
0.052223979288627986 0.22792466523716515 0.5200420091529102 0.19980934632129665
0.25552415000119066 0.08622290754912632 0.113342968637687 0.544909973811996
0.05269636984746018 0.17987947504118906 0.6269456233286905 0.14047853178266023
0.5378973482166236 0.06678497542958839 0.3371434911561493 0.05817418519763873
0.0025798305263317056 0.052150586764776574 0.7923521744070292 0.1529174083018625
0.25002634098670573 0.4869024925250529 0.0868151780163876 0.17625598847185375
0.5579421001697737 0.04256650850398602 0.0063463295946484255 0.3931450617315918
0.18562775810391152 0.43428228493069265 0.17997629089934153 0.2001136660660543
0.019201335402125763 0.084426884191383 0.636521616879844 0.25985016352664725
0.020468516786217972 0.07449375138495162 0.5137087297136309 0.3913290021151995
0.0625368175255695 0.25268405412201345 0.23639220232067104 0.448386926031746
0.23391572794400706 0.0047112964943157865 0.18825317438629985 0.5731198011753773
0.4091380468857855 0.34498255350564744 0.17108248938677595 0.07479691022179114
0.37577170299566 0.12652452578018059 0.3252672112238094 0.17243656000035001
0.08650182292070141 0.6262711809958312 0.08403642836419911 0.20319056771926824
0.35114942167279584 0.5224810531715802 0.10610573420399894 0.020263790951625005
0.12998945288880792 0.512360088768386 0.22514235129525906 0.132508107047547
0.2990872963019978 0.01657978975298091 0.34461596743933276 0.3397169465056885
0.05492180165587002 0.24496707366291048 0.6065578729256581 0.0935532517555614
0.28978730710089773 0.32432496603033256 0.2399226380755316 0.1459650887932381
0.3049462774960804 0.17563478699780577 0.1107496105511504 0.40866932495496344
0.075708051339623 0.3203933605248077 0.005863206889986428 0.5980353812455829
0.03583187796327714 0.2728882345069744 0.2490222154005225 0.44225767212922595
0.011905032020026574 0.6057648117976926 0.2562111746592317 0.12611898152304912
0.18800805799339482 0.27572964588017246 0.16004140144769763 0.3762208946787351
0.1426261488874676 0.4074601903293178 0.13604487450181235 0.31386878628140225
0.24920330191996032 0.3553942398816562 0.011078278928228547 0.38432417927015494
0.19336911262702916 0.6737460605435179 0.10871543111519011 0.024169395714262798
0.5195037143596203 0.12418195460339376 0.016689363375667954 0.339624967661318
0.1231851780583667 0.414671848697562 0.2098986687537654 0.2522443044903059
0.39993218136955055 0.26607134226464346 0.3074179800011754 0.02657849636463061
0.2687543235867541 0.21204717044464605 0.2162100049236132 0.30298850104498665
0.20813630913851522 0.2391112262484344 0.4258743808389054 0.126878083774145
0.7091406424410172 0.10950127843975721 0.12612361147601603 0.055234467643209606
0.13431197814670182 0.2343310476618985 0.6305064245429158 0.000850549648483856
0.5166671143877468 0.15426472554642245 0.019863507251897672 0.30920465281393306
0.0003814587284065585 0.3827793344620579 0.2958003576842886 0.32103884912524694
0.2294264142940836 0.35715559245495865 0.23042885512601696 0.18298913812494078
0.7329183157620239 0.02082696172301135 0.07862308141686492 0.1676316410980998
0.4312387042705169 0.05311836533815195 0.4357637594311068 0.07987917096022434
0.5822693639297933 0.15477127025596038 0.04640790902442393 0.21655145678982235
0.16472044172853662 0.24232384750735592 0.49641702367484 0.0965386870892675
0.10444201086191196 0.6037032100478081 0.2781853621390278 0.013669416951252122
0.2143979842672934 0.07363575941691458 0.6003473776829259 0.11161887863286613
0.19576176315125127 0.6880307430039316 0.07393841847712324 0.042269075367693865
0.10007905564965691 0.43113005592206444 0.0045494925659727015 0.46424139586230595
0.11613262676620117 0.053446311842130334 0.6073706874807316 0.22305037391093685
0.3825933593694548 0.04069335256968154 0.27930185574233624 0.2974114323185274
0.13212305689787351 0.6825076199304441 0.09072660045459813 0.0946427227170843
0.49664897612808523 0.292501651485109 0.0839507450487974 0.12689862733800839
0.11428407087182346 0.3707731982330793 0.0074121402223190636 0.5075305906727782
0.2692161587304639 0.33055074266583373 0.21882365361295097 0.1814094449907514
0.12142736676516264 0.42939112080010255 0.09815121772367563 0.3510302947110592
