12 60 4 157.29423895752748 314.588477915055
2.387465581417051 7.6604472686386424 3.369835136666212 5.80365454042268 1.131174662368777 9.268723072898965 9.10643368705311 1.3007928486371014 9.612544026476051 2.234883892204688 3.5544551766215124 6.45474865922946 9.49802622447738 8.674619869983564 1.0203331016666217 5.691034244982636 5.968338699381099 5.368396722964388 7.913207386579801 2.446450778130131 7.881044053049909 1.1872881815685954 2.2168916053220515 2.0464571566152086 3.789078260410263 7.043073806908024 5.241068004250127 8.345514682414242 3.606281051774982 7.598133798514036 7.323601197297217 3.948125286370807 4.0118277619545015 9.80252271114867 6.621239005618172 9.552821722295729 7.907280855584398 8.425083278932961 4.659762716259955 5.061775702791828 4.605684646255062 9.956243443047027 2.598077583441004 9.663372127250653 4.773252432331956 4.816472018958988 5.168339827546113 4.3635083394152385 5.189572901552599 1.3165143532372428 1.758454027586611 7.592686283277551 6.725799944495808 1.251170099753793 3.7015305384158794 2.9876726874599697 1.495179940061801 5.709214637004627 4.747326915651492 1.4339687484301336
0.47749311628341023 1.5320894537277285 0.6739670273332423 1.160730908084536 0.22623493247375542 1.853744614579793 1.821286737410622 0.2601585697274203 1.9225088052952102 0.4469767784409376 0.7108910353243025 1.290949731845892 1.899605244895476 1.7349239739967128 0.20406662033332434 1.1382068489965271 1.1936677398762199 1.0736793445928776 1.5826414773159603 0.4892901556260262 1.5762088106099816 0.23745763631371908 0.44337832106441033 0.4092914313230417 0.7578156520820526 1.4086147613816047 1.0482136008500254 1.6691029364828485 0.7212562103549964 1.5196267597028073 1.4647202394594434 0.7896250572741614 0.8023655523909003 1.960504542229734 1.3242478011236343 1.9105643444591458 1.5814561711168795 1.6850166557865922 0.9319525432519911 1.0123551405583657 0.9211369292510124 1.9912486886094054 0.5196155166882008 1.9326744254501307 0.9546504864663913 0.9632944037917976 1.0336679655092227 0.8727016678830477 1.0379145803105199 0.26330287064744856 0.3516908055173222 1.5185372566555102 1.3451599888991617 0.25023401995075856 0.7403061076831758 0.5975345374919939 0.2990359880123602 1.1418429274009254 0.9494653831302984 0.2867937496860267
0.11360171953981701 0.45880279598979234 0.06927357615581353 0.3583219083145771
0.5065560756680948 0.09679952749945886 0.2913874707603371 0.10525692607210924
0.07347004394226553 0.13503044451791457 0.2715462948667101 0.5199532166731098
0.031151070851766383 0.606234424289203 0.30425221719868745 0.058362287660343126
0.3194763109335812 0.2999471558341654 0.05053416566800839 0.330042367564245
0.6889276660324576 0.2576281563303455 0.010861601376254026 0.04258257626094286
0.0059093558684842895 0.37930762437458987 0.5148865194139083 0.09989650034301756
0.3122839968432516 0.2985230586611577 0.1899271787111182 0.19926576578447253
0.19467462904253707 0.18276615331810764 0.5077369120721502 0.11482230556720507
0.4190148274837505 0.09262812530958053 0.2668304810660136 0.22152656614065536
0.10948542133151884 0.08222535092403693 0.5951336929921689 0.21315553475227533
0.1263872837745974 0.16373465281322974 0.3693540172529892 0.34052404615918364
0.010438402094721133 0.16706796512201427 0.17793655758428728 0.6445570751989773
0.08463852035212138 0.828145473818703 0.05583433479914246 0.0313816710300332
0.3168079006890451 0.08864648639596517 0.08550058273997263 0.5090450301750171
0.14922368526773322 0.49222391034788326 0.0022854201495862148 0.3562669842347973
0.3445949402799181 0.03123295503954182 0.2378255590556433 0.3863465456248968
0.013353422191246023 0.6896287509087653 0.07469727897961032 0.22232054792037836
0.24660147812309097 0.1437077313000411 0.24172233729070747 0.36796845328616046
0.16447995611891109 0.5789380121066028 0.22790732570206418 0.02867470607242195
0.05103860002507066 0.0548565523983886 0.8159308022604251 0.0781740453161156
0.42866135651617787 0.15922512819542478 0.18839484955371655 0.2237186657346808
0.5213052583204294 0.009697779483852753 0.10791003145787526 0.3610869307378426
0.14155841215261689 0.6480177248896658 0.20969752510196016 0.0007263378557571532
0.0992046992760729 0.4082272822025893 0.23901077974548512 0.2535572387758527
0.2484384892748085 0.3353845777003037 0.12790452073015635 0.28827241229473144
0.34420422080479374 0.0528284860625583 0.28940866393083287 0.3135586292018151
0.215357823464707 0.470758911365724 0.08973221111697582 0.22415105405259317
0.5476525029423075 0.09783286660197288 0.18035974665302246 0.17415488380269717
0.08443780806374235 0.04764749697776638 0.7654266063170461 0.10248808864144521
0.1064246635463526 0.2573131552347985 0.15551098598354263 0.4807511952353063
0.39885519442826 0.08507039503589953 0.321566450821931 0.19450795971390944
0.3515415467691554 0.026843753855694152 0.2350498139140731 0.38656488546107737
0.2268802895194798 0.09289768455284109 0.40964714709619243 0.2705748788314867
0.037941219451945285 0.13270778676495676 0.06854953482543757 0.7608014589576604
0.3474941846440953 0.07348058536410207 0.23357922982418844 0.3454460001676142
0.03948342177566533 0.5658618644802423 0.2837110946435767 0.11094361910051564
0.3879035282574149 0.06422802191600363 0.2574807191935128 0.29038773063306866
0.07409320943301223 0.175270313467508 0.6143883029387908 0.13624817416068902
0.14348025691993171 0.12564465103334344 0.26998059584524925 0.4608944962014756
0.4562141122684744 0.07021865214897194 0.07337386365140386 0.4001933719311498
0.5815293692865139 0.1951868426343516 0.13561569937280615 0.08766808870632836
0.154392660663615 0.009394879999755523 0.34531554902010353 0.49089691031652594
0.15142577922920764 0.32677853415367397 0.5128069585820874 0.008988728035031035
0.02676703691902571 0.13753144298338105 0.7651269710495583 0.07057454904803495
0.19805308691961931 0.1792480725417933 0.6151348935289799 0.007563947009607497
0.10721772670927465 0.11804552700636362 0.0855856320740016 0.6891511142103601
0.24598008770581148 0.001240810235469847 0.11321699221157022 0.6395621098471485
0.4111603222947615 0.24499526401656613 0.3185819135380552 0.02526250015061715
0.401525312295424 0.0793996843714535 0.452097622100776 0.06697738123234653
0.5088825801648179 0.0888690839048436 0.3807781816125537 0.021470154317784762
0.3934004315978301 0.06611669519419028 0.2723036195081502 0.2681792536998294
0.39728661495454576 0.4486685556550867 0.11764301355657436 0.036401815833793205
0.20838185059400693 0.353044973733594 0.05336934232509283 0.38520383334730623
0.31132597690349695 0.17470908851022549 0.22852194311821317 0.2854429914680644
0.053283647888419994 0.3945781472418397 0.44847506788693714 0.10366313698280316
0.672450600105991 0.016622859513535038 0.22925314996064294 0.08167339041983102
0.20553461768942993 0.35415501967947627 0.25631872817777135 0.18399163445332245
0.05371435266684366 0.7621571899552217 0.03280061927207889 0.1513278381058557
0.25125457159025977 0.33551842948225297 0.3519776445936803 0.06124935433380696
0.2771172144251962 0.21562009101131163 0.3107793452408685 0.19648334932262368
0.4438718561912689 0.017568403874686278 0.14433743306962976 0.39422230686441506
0.5951524566360905 0.2932950705936024 0.05613393492663199 0.05541853784367512
0.4456270534106257 0.21963037912016348 0.19720772976682588 0.13753483770238495
0.2914566850066529 0.03112904770216096 0.6017449669231778 0.07566930036800834
0.0032879687523396095 0.4026703742073031 0.4512322158723009 0.14280944116805638
0.5957418942869064 0.04718425414893923 0.2769387225264778 0.08013512903767661
0.06987367476308803 0.5297455136342497 0.3118148617359814 0.08856594986668087
0.20215434337007254 0.008453295482811374 0.19223957131978953 0.5971527898273266
0.1354351345676108 0.1983973509469923 0.31412668782465825 0.35204082666073866
0.2538081939276894 0.1487809539682754 0.5280868664859215 0.0693239856181137
0.06772616162569478 0.5372792287378688 0.02152400155900669 0.3734706080774297
0.008003339782281182 0.3267207376944914 0.2627347271623507 0.40254119536087674
0.16989826093188554 0.14576997599678 0.5579143143083474 0.1264174487629871
0.2417802357140627 0.3021631738544509 0.19846690360828 0.2575896868232064
0.2982310292316368 0.36111232148303385 0.08724043909108525 0.2534162101942441
0.34344500065127515 0.2749477120880648 0.3702351524358074 0.011372134824852664
0.1162057334478247 0.4582270613792442 0.3754492823106813 0.05011792286224981
0.09547025346487126 0.22649733406585537 0.09697109318684605 0.5810613192824273
0.5176892950354683 0.4316922753495054 0.01980080922646754 0.03081762038855873
0.774940215434729 0.1076304849043217 0.022825166290602827 0.09460413337034645
0.25981748776761393 0.37003249118352644 0.35823977874377844 0.011910242305081198
0.4244851388775528 0.4023148362831228 0.11917814750938471 0.05402187732993968
0.026287019886786056 0.6446365689614754 0.31066396584537537 0.018412445306363212
0.28569302592260826 0.2362096494345478 0.09468539868331405 0.3834119259595299
0.15391860735096496 0.026430572845976608 0.6784032252550937 0.14124759454796476
0.2651296088121916 0.2478864164000517 0.032586301785762495 0.4543976730019942
0.041725950621869345 0.25796694437154366 0.4886158949384999 0.2116912100680871
0.09735237194458535 0.03084073056150083 0.16333034414986036 0.7084765533440535
0.3419891459847828 0.11559380242997752 0.28264364482968607 0.2597734067555536
0.11262227904358624 0.07352334103240743 0.14741554214023855 0.6664388377837678
0.180391984533548 0.4803434774575275 0.270752915013287 0.06851162299563751
0.12388215492523169 0.09804151129758143 0.25117613538691275 0.5269001983902741
0.12301160940997591 0.019816535542707014 0.2488314757002873 0.6083403793470298
0.1550112869052518 0.5921588003286945 0.023142118327863948 0.22968779443818976
0.2329759428922995 0.42823742530778575 0.015330147349863932 0.3234564844500508
0.17868128271276496 0.42999922382889555 0.29675544823329814 0.09456404522504136
0.16090213785125262 0.2723909989403196 0.4743414573573178 0.09236540585110997
0.013862581448035205 0.36205316158704903 0.13670760184498987 0.4873766551199259
0.1710557216327111 0.4705997797030105 0.18825867443426936 0.17008582423000906
0.11648201134691927 0.12537339738569908 0.5947794839392513 0.16336510732813037
0.5146903058809136 0.15740702020116093 0.2785297459580164 0.04937292795990911
0.4275583551925739 0.026220160897479583 0.11292308121429673 0.4332984026956498
0.607674751836506 0.22094969462265857 0.07152210587609553 0.09985344766473991
0.33397227460555823 0.4947928335507217 0.06150571008624783 0.10972918175747226
0.044698744344091046 0.1313273026341848 0.6422548871495213 0.18171906587220288
0.27060288082145334 0.14098069036143857 0.3994370946667751 0.18897933415033297
0.004862687774620622 0.6289890279490358 0.19605547947607227 0.17009280480027134
0.0899145839845562 0.562447680047419 0.27515400680803537 0.07248372915998946
0.2789496611029252 0.47787117026041415 0.1214357575234517 0.12174341111320897
0.3752731886427574 0.24626500658946693 0.0206249900863138 0.3578368146814619
0.430569631782998 0.5042687399241765 0.06395203716746456 0.0012095911253608982
0.006519602935150193 0.2879400430424789 0.06802148792905394 0.637518866093317
0.10308732733400872 0.07354825210278093 0.03965264506826782 0.7837117754949425
0.11524533439970253 0.6916362360331776 0.14885274299849827 0.04426568656862162
0.5267694798564344 0.3829311878636755 0.010552484345944801 0.07974684793394526
0.40503062548248214 0.16941017856382323 0.25104479263924895 0.17451440331444568
0.560362553856769 0.15537836274809003 0.1422717221068921 0.14198736128824885
0.11927652338471562 0.005945744707539835 0.34540838989050693 0.5293693420172376
0.6411315655900918 0.17200402646724955 0.13440271980257823 0.052461688140080454
