33 10 4 25.543013207432644 51.086026414865294
3.2365911469395696 5.049778789457159 4.698467226968868 3.342697217982099 8.833561195122545 2.665359344457145 1.176952828870396 9.579268283533409 7.124057242579354 5.3792931389547505
0.647318229387914 1.0099557578914318 0.9396934453937735 0.6685394435964198 1.7667122390245091 0.533071868891429 0.2353905657740792 1.9158536567066817 1.4248114485158707 1.07585862779095
0.07955757128689422 0.08407759131820103 0.8013916572608588 0.034973180134045934
0.40095924111847847 0.31991760738541775 0.15975133571134514 0.11937181578475864
0.20117628247191477 0.4216036699322362 0.3306923424049749 0.046527705190874125
0.5275510674393611 0.07198541601607389 0.370753235909387 0.029710280635178
0.2952378310408912 0.058744364549907724 0.2019321848345872 0.4440856195746139
0.3625620094136722 0.10982585663064925 0.2380138781722102 0.2895982557834683
0.30619704551042826 0.28953867421640234 0.17748005453685456 0.22678422573631485
0.05949432526546028 0.5602811767402298 0.18255171233738288 0.19767278565692703
0.34413639388838024 0.08375208123268352 0.3047419599415614 0.26736956493737485
0.017372025919124345 0.8270874370303651 0.04879105424650565 0.10674948280400487
0.35140742441379624 0.041991314707837124 0.5897680819122643 0.01683317896610237
0.2477682844367063 0.20352317857205693 0.042772005102800215 0.5059365318884366
0.055738269642170435 0.025479459806520888 0.06123108641673747 0.8575511841345712
0.3314767295436676 0.39152090094981484 0.09857182691868671 0.17843054258783086
0.07903030125787225 0.08676416163186651 0.6748140222689003 0.15939151484136094
0.03170775152874872 0.309106225993923 0.3907626450828763 0.268423377394452
0.13664963834754318 0.0259192281320626 0.07867592569091308 0.7587552078294811
0.18819184329191252 0.20367393268400258 0.10826087620931679 0.4998733478147681
0.08898163794389724 0.3043177174473667 0.0035853802877995333 0.6031152643209365
0.16156441191215443 0.11350388495465902 0.19329669972214925 0.5316350034110373
