69 80 4 208.10206185648127 416.2041237129626
3.666242455051902 8.28160944105994 4.152272727010703 8.104683307878034 6.052140781935153 3.2823005879811986 1.9447937531659814 1.5261465627719175 7.059631426928598 7.280466913015391 7.595048853564885 8.090866526479394 1.687386883542335 3.8591253695796786 7.669209494652641 3.956448062575432 5.231309364280398 2.629771459612159 3.911539616281906 5.094155403702894 5.766674639335774 3.637274937872363 3.4927763309216275 7.103377647774547 3.101128305450868 7.095298327585637 4.890992478101437 4.488996567392054 4.019015859746441 5.6189991188110735 9.88922002923763 5.778229341557386 7.123925418762083 4.520212599173229 2.0490057590654063 7.365031537324509 4.722544851039725 5.1042972886917 3.9875728222171256 1.843437189846401 5.119450264435541 8.25213617834484 2.741582904307781 5.185256422515821 2.71825769415568 1.6829349829198783 1.287889410129547 2.3720999470668165 3.313828165279415 1.624363909276783 9.344704969794622 5.9196332809622065 9.70566433233429 9.075776702177283 4.51945196099499 4.408927574531765 6.86416960128775 8.706505272562456 4.9874628034989 5.79521897532153 2.466259792072986 5.996427091421681 2.1410663275205026 9.511616990156066 9.843511316687515 3.713015167403158 7.9266301271359705 3.807550186352429 9.803579536034514 3.5315033931013065 7.064293052766564 4.897664001542278 4.642105723435789 6.22916641881061 6.324230192940682 1.523648878646893 4.787557763007031 7.252381075048853 1.1953183793006859 7.248122906701368
0.7332484910103804 1.6563218882119881 0.8304545454021406 1.6209366615756067 1.2104281563870305 0.6564601175962397 0.3889587506331963 0.3052293125543835 1.4119262853857195 1.4560933826030782 1.519009770712977 1.6181733052958787 0.337477376708467 0.7718250739159357 1.5338418989305282 0.7912896125150863 1.0462618728560797 0.5259542919224318 0.7823079232563812 1.0188310807405787 1.1533349278671547 0.7274549875744726 0.6985552661843255 1.4206755295549094 0.6202256610901735 1.4190596655171275 0.9781984956202875 0.8977993134784109 0.8038031719492882 1.1237998237622147 1.9778440058475262 1.1556458683114772 1.4247850837524165 0.9040425198346458 0.40980115181308124 1.4730063074649018 0.944508970207945 1.0208594577383399 0.7975145644434252 0.3686874379692802 1.0238900528871082 1.650427235668968 0.5483165808615562 1.0370512845031643 0.543651538831136 0.3365869965839757 0.2575778820259094 0.4744199894133633 0.662765633055883 0.3248727818553566 1.8689409939589243 1.1839266561924413 1.9411328664668581 1.8151553404354566 0.903890392198998 0.8817855149063529 1.37283392025755 1.7413010545124912 0.99749256069978 1.159043795064306 0.4932519584145972 1.1992854182843362 0.42821326550410055 1.902323398031213 1.9687022633375029 0.7426030334806316 1.5853260254271941 0.7615100372704858 1.9607159072069027 0.7063006786202612 1.4128586105533127 0.9795328003084556 0.9284211446871579 1.245833283762122 1.2648460385881364 0.3047297757293786 0.9575115526014063 1.4504762150097705 0.23906367586013716 1.4496245813402735
0.25948498736528336 0.14293710921758174 0.1450938034249324 0.4524840999922025
0.19507262853552654 0.03403618125087071 0.198112726223859 0.5727784639897437
0.18924039702508433 0.07618861031506641 0.4534021816917747 0.28116881096807456
0.5843104413797825 0.03317852276917632 0.07337118429685974 0.30913985155418144
0.06714565067377654 0.23966728208143018 0.2589711744123796 0.4342158928324137
0.06778206723193037 0.8227383275847497 0.006572105529454975 0.10290749965386492
0.4468665688517708 0.10522225472169988 0.4162989283118713 0.031612248114658015
0.04235634543141953 0.048142484958792586 0.7951794717905766 0.11432169781921131
0.41905871456184207 0.01172870560627659 0.003749703834396212 0.5654628759974851
0.5737044754308536 0.1104678367598213 0.058457200520934505 0.2573704872883906
0.19078937730632906 0.24086652702591504 0.07456099435816088 0.493783101309595
0.4532042005800777 0.14199044559664253 0.10921670823020946 0.2955886455930703
0.1219738702378863 0.4173210578665203 0.3394874994261349 0.12121757246945852
0.09294767183181452 0.0684488148659842 0.5228411614425535 0.31576235185964774
0.13597082143499084 0.19152109467894707 0.37605210922632404 0.29645597465973805
0.12860831401405548 0.20335350633594163 0.6173387738776479 0.05069940577235499
0.07135745038468833 0.7849373141925082 0.09972448355539165 0.043980751867411794
0.04251279730225055 0.007411596101571494 0.8834361830277214 0.06663942356845654
0.3654403633085159 0.14949320649636932 0.10751866328594473 0.37754776690917
0.10505671876021139 0.03197798931406304 0.40668570565372175 0.4562795862720038
0.15732973529287586 0.6546353376582118 0.008921367074233855 0.17911355997467848
0.2453231074615938 0.2128134131404693 0.1681449346518331 0.3737185447461038
0.6521883543472723 0.07138669025050237 0.030281562114531035 0.2461433932876943
0.02273287017168002 0.505980061788343 0.22971898171431604 0.24156808632566096
0.47495479550526276 0.34080548806481936 0.0968196330151947 0.08742008341472318
0.1912863171395125 0.08141793535529263 0.16316258611002865 0.5641331613951662
0.031225466941162128 0.729097568845451 0.22126204335352362 0.018414920859863293
0.1772149995544633 0.452696299494163 0.024069503135408565 0.34601919781596513
0.201565526409741 0.031576506419074835 0.05357185807724407 0.7132861090939401
0.19796553204293899 0.21081946775195293 0.29431635002791534 0.29689865017719275
0.012466879902763517 0.17444171089717642 0.3727726727401457 0.4403187364599144
0.41119322069817577 0.014237361046413821 0.46346763946192293 0.11110177879348748
0.04811273940763683 0.8267506354112218 0.02392069783909334 0.10121592734204798
0.3206571462359713 0.3060125789645677 0.29033501638317316 0.08299525841628785
0.4956880350756393 0.00020069942342737512 0.07317846921339277 0.43093279628754055
0.17956034310096147 0.07885483837291118 0.5967743475725008 0.14481047095362654
0.578854630578671 0.00030387029028811074 0.23596076192066673 0.18488073721037412
0.05873288438914437 0.06020768214868355 0.590390593123065 0.2906688403391071
0.37607577664514613 0.16410767145416305 0.2684291734980496 0.1913873784026412
0.030991330033534936 0.2565548380339251 0.5844081151392717 0.12804571679326826
0.03387218313693563 0.42349302784270215 0.12413960804970237 0.41849518097065985
0.021686811809642714 0.2566957868668486 0.326073983198649 0.3955434181248597
0.28905782601544694 0.5838182836985801 0.05883635265490206 0.06828753763107087
0.30853853165622025 0.27700599185068187 0.21659436532925214 0.19786111116384575
0.004217857715184348 0.05794028270444773 0.4666263508254874 0.4712155087548805
0.44952487920122486 0.023818961135339656 0.050297503740486804 0.4763586559229487
0.41164256825043755 0.3919954758264331 0.08584582882255032 0.11051612710057901
0.12135931577911652 0.2861021940298396 0.5397335672223027 0.052804922968741175
0.2804102177266975 0.42756943434187966 0.07202624677577396 0.21999410115564888
0.35644450137376404 0.45521165202021174 0.013664326718920372 0.17467951988710384
0.025851892631968854 0.15743499210133594 0.6445567703274866 0.17215634493920862
0.43508375755916173 0.2779117240738336 0.1530103611424568 0.13399415722454788
0.30481642347818805 0.17093871089292234 0.2148756498525739 0.3093692157763157
0.1460076562348538 0.3112772497013008 0.002723424880080927 0.5399916691837645
0.24765003990940815 0.16534379164543622 0.26443263583028265 0.322573532614873
0.30911311627838234 0.05228411942156597 0.5994014934030188 0.03920127089703285
0.3657325735936857 0.2925563460874149 0.10902966800570868 0.23268141231319073
0.09251190334358939 0.010960025873729462 0.08242650722608003 0.8141015635566011
0.012698641215112882 0.423676631599059 0.3206648779839748 0.24295984920185332
0.4822679481759149 0.07010543293625071 0.11314312367765667 0.33448349521017773
0.10239525242764447 0.19187808554651975 0.02986708038236008 0.6758595816434757
0.3935193924946895 0.10659253511776978 0.04397898857112659 0.45590908381641415
0.3050759756464775 0.26133409425153686 0.05866462909844561 0.37492530100354005
0.2376503896276947 0.03470075221318403 0.1938418357673386 0.5338070223917827
0.009036474415700546 0.7486614506918421 0.08713453138793137 0.155167543504526
0.2488164594055211 0.1159254298961192 0.3987828372562816 0.23647527344207808
0.05323875257524535 0.2933275546162638 0.47973534978814925 0.1736983430203416
0.11551382429792201 0.16458386873821373 0.678048112229728 0.04185419473413621
0.5594601919427097 0.20916161802707178 0.1182964970144249 0.11308169301579363
0.45688643417806307 0.258669251157841 0.12244044398331311 0.1620038706807828
0.41593828245962117 0.05439528098427904 0.0021725232788539772 0.5274939132772458
0.03129952725999896 0.15793677448231658 0.7372249903719653 0.07353870788571915
0.0009629485421622785 0.4726750683674542 0.4209510949100198 0.1054108881803637
0.4234460560997131 0.4830711629419442 0.003978494087457318 0.08950428687088541
0.6472228288366523 0.21763647056192814 0.02886366790121475 0.10627703270020483
0.08714512801388596 0.23235944164656386 0.3843486937379441 0.29614673660160606
0.06874317891907855 0.4229863003538198 0.42110359427076827 0.0871669264563334
0.34515607065319975 0.042436181369006176 0.1215474728788497 0.49086027509894437
0.1173536082447515 0.045212911324020055 0.6416838344516942 0.19574964597953426
0.1916487782815265 0.16955541638958516 0.0556740415140774 0.583121763814811
0.06655436032716688 0.29733648502461185 0.15474596847816968 0.4813631861700516
0.001007943590017546 0.11293541821510389 0.6464545844076263 0.2396020537872523
0.6176427024608999 0.05714551669013901 0.04947182701322361 0.27573995383573746
0.5403514236240866 0.06381428948901047 0.0016180180760452245 0.3942162688108577
0.2282102698780194 0.6174667782817396 0.013836348245954255 0.14048660359428677
0.4201677351565193 0.15840325389406207 0.249265259078001 0.17216375187141764
0.22445298556976356 0.3969229625336236 0.044225018286752515 0.33439903360986034
0.26203531051078377 0.06936718571095579 0.3424537390466149 0.3261437647316455
0.4538532851178865 0.27039658192575955 0.16444401562210365 0.11130611733425033
0.08079130110978516 0.20721666932901694 0.359222068642727 0.3527699609184709
0.373337711358423 0.019586816482968117 0.4674128339496978 0.13966263820891112
0.3514311885453367 0.4546413237525171 0.04374771415065626 0.15017977355148993
0.46080967106902626 0.08705547863999297 0.21511149013623787 0.2370233601547429
0.48047865681865 0.005554592846794715 0.41159212145090673 0.10237462888364857
0.2738796474053551 0.4954110031578959 0.20416016355968558 0.026549185877063453
0.1878151634965004 0.020655157586639383 0.38466702480992254 0.40686265410693767
0.037567314675084895 0.365286364700694 0.10448360107736099 0.49266271954686014
0.12728766392940616 0.2974677417089653 0.13459882929533684 0.4406457650662917
0.540181722810066 0.15222942935631312 0.08476506474952805 0.22282378308409279
0.10642168087601855 0.04324144718286094 0.06894420372274568 0.7813926682183748
0.09463344244170413 0.2583977030076807 0.5271362077654652 0.11983264678514993
0.025185538057022616 0.20760105617094438 0.5928644113439906 0.17434899442804241
0.1121359144976225 0.1258745958533959 0.01049438127614799 0.7514951083728336
0.34172038437199403 0.5593201854740955 0.056433973861873876 0.042525456292036634
0.20817234540837615 0.2030489903945677 0.5665470445496839 0.022231619647372303
0.45263552629251 0.08070972771631735 0.016669124125552548 0.4499856218656201
0.15057691306313192 0.17659853118220203 0.251557641354609 0.42126691440005704
0.4623772199778461 0.06618696752506015 0.41945245742034054 0.051983355076753224
0.21942279354819327 0.7191594971511263 0.014799078001211052 0.046618631299469415
0.018821500158281324 0.7324204045498024 0.14547676015337252 0.10328133513854376
0.2294647975989892 0.5924569412549084 0.04520523116209718 0.1328730299840052
0.26530870356405223 0.4253598007553524 0.2795109802730317 0.029820515407563697
0.054257595353084276 0.5053019216875863 0.038529742555083235 0.40191074040424624
0.19464673114229025 0.24766948318934123 0.4639829081252529 0.09370087754311562
0.359820411774053 0.052098031586862326 0.012210834034018458 0.5758707226050662
0.23782133564114438 0.25644604249779057 0.4010522938328419 0.10468032802822314
0.031054394032625998 0.372186295701912 0.014094535734227587 0.5826647745312344
0.8000091199589647 0.1069360290462229 0.0446020522220274 0.048452798772784966
0.37371306744602517 0.18271047157199494 0.29429939247156733 0.14927706851041256
0.00547751457631851 0.082035827743414 0.7819352899650758 0.1305513677151917
0.57626395118705 0.10224866945298727 0.1983307048481021 0.12315667451186063
0.3665087355632922 0.06769821161746248 0.30071780051448815 0.26507525230475715
0.05260207165046005 0.6684682279605593 0.17045284499107916 0.10847685539790153
0.4195679626236676 0.2022314277728373 0.034584720141836556 0.34361588946165855
0.04665647720674093 0.04082483999184561 0.1097920821515016 0.8027266006499119
0.38002574992251537 0.2812438734932514 0.2867324971053782 0.051997879478855036
0.21107825289877025 0.09351735211579049 0.13650031094175075 0.5589040840436885
0.093899979672327 0.25269445988473227 0.28024489627947424 0.3731606641634665
0.37102320309471293 0.19060787758589892 0.18137605277601454 0.2569928665433736
0.374741387500905 0.48661717673913485 0.08722815542430196 0.051413280335658174
0.2614477816890304 0.04366438814668283 0.39182761651967035 0.30306021364461644
0.19552325590484498 0.018658111610388217 0.2800958799242832 0.5057227525604836
0.4390500685531137 0.11341531018530893 0.33432711377635294 0.11320750748522446
0.3651599034904116 0.3959760663348617 0.09476467816391476 0.14409935201081192
0.14516940514569165 0.10563721139588278 0.07208171937847274 0.6771116640799528
0.49509787693434604 0.031705641737362456 0.07180013109913064 0.40139635022916087
0.567114144776809 0.0698893545449304 0.23528022309625996 0.12771627758200066
0.6119699187186505 0.10041426533624276 0.09993835908605397 0.1876774568590528
0.46093792795054067 0.4595398395668091 0.06481642695972578 0.014705805522924442
0.1792236134573718 0.3690446929381427 0.40250823500110233 0.049223458603383174
0.02528090106053349 0.6627590504917037 0.19966148849259324 0.11229855995516957
0.04820929394952489 0.15069854050197984 0.2027337933634078 0.5983583721850875
0.27410653763006854 0.039923867257444234 0.42432464111336243 0.2616449539991248
0.18111975417487935 0.12378796437601569 0.03372386895723034 0.6613684124918746
0.07655795995073222 0.832246515878643 0.04066292126676618 0.05053260290385864
0.04055103989228226 0.589305522174131 0.16874486912433184 0.20139856880925489
0.06146254696164377 0.20146028014133555 0.17864276078248098 0.5584344121145397
0.08782496193789102 0.4206771300406593 0.3953023501164711 0.09619555790497858
0.12603108639809735 0.19810989498175946 0.36843563935397317 0.30742337926617
0.003464733372410489 0.1904040923790905 0.19827861046044581 0.6078525637880532
0.08713180633454432 0.08721124690979265 0.025323980247777045 0.800332966507886
0.9311009180936587 0.019279625763315655 0.003335791198541327 0.046283664944484326
0.4148444516457571 0.21268980323232112 0.28411037827090124 0.08835536685102052
0.2310396413024517 0.4254407442314686 0.07673576526730252 0.2667838491987772
0.3799997694604722 0.3324976956808873 0.25769264891780375 0.029809885940836778
0.06054935007738649 0.1885773420628023 0.31717151558901024 0.43370179227080097
0.009474781120481501 0.07988300682254479 0.29942025253821947 0.6112219595187542
0.08496481115670207 0.22568564424426796 0.5729301485319181 0.11641939606711182
0.5559609972520478 0.35928260145570534 0.04856701650107986 0.036189384791166956
0.1541460440008411 0.4015534761626174 0.05979359187147992 0.3845068879650616
