23 50 4 135.98176853846013 271.96353707692026
5.655680954619303 9.522663434333326 7.889137834572162 3.5415625957040144 2.989408269354873 7.175998767137202 2.5042528279005065 4.5319821981852755 6.562471125275283 4.7073708537287136 1.0221839308079756 8.956289641348942 8.964527845388261 3.7036872042983284 6.306236786932431 9.805842244133478 8.6058443991368 1.5856789515147414 3.6527001824562904 3.591409968705218 8.402197051930898 6.635647341642215 1.9942994252230641 1.0047593005234845 9.479496095699496 2.273506819526708 4.794368735495437 4.118404961336898 8.828065759574633 4.857416311170577 8.4587633589048 7.4606665440343445 2.0730402476571044 6.36745755438648 2.1678066793466195 1.6978068255445946 8.480847301213762 5.1794705330218225 2.4581123110247405 5.93177762883706 6.2963723965810825 7.962518521681608 6.902609122062129 6.019360835305807 2.6042253991312903 3.165251780962118 5.5544916913197335 4.570711289468461 5.347496668986473 9.601658569793672
1.1311361909238606 1.9045326868666652 1.5778275669144324 0.7083125191408028 0.5978816538709746 1.4351997534274403 0.5008505655801013 0.9063964396370551 1.3124942250550566 0.9414741707457427 0.20443678616159514 1.7912579282697885 1.7929055690776523 0.7407374408596656 1.2612473573864862 1.9611684488266956 1.7211688798273599 0.31713579030294825 0.7305400364912581 0.7182819937410436 1.6804394103861795 1.327129468328443 0.39885988504461284 0.2009518601046969 1.8958992191398991 0.4547013639053416 0.9588737470990875 0.8236809922673796 1.7656131519149265 0.9714832622341154 1.6917526717809601 1.492133308806869 0.4146080495314209 1.273491510877296 0.4335613358693239 0.33956136510891893 1.6961694602427524 1.0358941066043645 0.4916224622049481 1.186355525767412 1.2592744793162165 1.5925037043363217 1.3805218244124258 1.2038721670611614 0.520845079826258 0.6330503561924237 1.1108983382639468 0.9141422578936922 1.0694993337972947 1.9203317139587344
0.23183334760205443 0.5888681375608604 0.08090070764446589 0.09839780719261926
0.14750305870585345 0.318259867773213 0.45218287922486333 0.0820541942960702
0.25513081972233587 0.36085594891716655 0.3004209534263371 0.08359227793416046
0.19868130269462891 0.646327891974443 0.12750858575742186 0.027482219573506272
0.08347593685978472 0.017894090677177066 0.24410845044223373 0.6545215220208045
0.09272600446654555 0.44167127676442963 0.2642029261197312 0.20139979264929364
0.5035347736778055 0.25423459902136447 0.033521218357177474 0.20870940894365253
0.04662987836169319 0.027829326502810114 0.3611399646518665 0.5644008304836302
0.24018190154641206 0.40327830862329317 0.23480564503956602 0.12173414479072875
0.005024923725740482 0.1403370307684525 0.3837930651844724 0.4708449803213346
0.6034752072158278 0.0020899875548042735 0.23728935627811076 0.15714544895125715
0.5583471760640503 0.0810427026502134 0.31516455263499954 0.04544556865073679
0.3018131639153595 0.3254193358418963 0.22255202866162227 0.15021547158112192
0.2853803359354091 0.043407014004731015 0.15510462138824843 0.5161080286716114
0.0968849642839934 0.09315368710261152 0.5709174944506549 0.2390438541627402
0.12234722973411316 0.44243821942413986 0.32347670268293527 0.11173784815881171
0.1552147464040412 0.0299781710792979 0.5528471068181665 0.2619599756984944
0.08086222034004453 0.032939015890887435 0.6805780701329639 0.20562069363610413
0.14884802489269566 0.30064895783518764 0.1019054214781222 0.4485975957939945
0.1406534791699433 0.23088029796002252 0.5391740503065934 0.0892921725634408
0.05011902966338311 0.15581364446618884 0.17437468872683015 0.6196926371435979
0.19425766330246852 0.4229838304544632 0.023322018091517904 0.3594364881515504
0.17079131745352893 0.15947833569520853 0.6324518164034449 0.03727853044781759
0.028773996896283682 0.5763130092246994 0.3344518515228333 0.060461142356183606
0.8278672160318609 0.12537386734331568 0.03754981251370948 0.009209104111113975
0.06781930482977494 0.05378932813766901 0.8131835895961754 0.06520777743638062
0.31263487955292235 0.3141007964073482 0.0678056811819262 0.3054586428578032
0.08096605281726121 0.33315761593914284 0.3089168601428207 0.27695947110077523
0.3436456284377015 0.004446272024351217 0.1986468671740801 0.4532612323638672
0.09317831284174316 0.31747265010099535 0.24036046217264562 0.3489885748846159
0.3931590930688915 0.0008525060759918546 0.5828200859011258 0.023168314953990854
0.030125761588574607 0.26097985541908264 0.48149880307917436 0.2273955799131684
0.3241235471935223 0.10541871639857414 0.04517889962144739 0.5252788367864561
0.18878963262831439 0.41334418336362655 0.016862920306473628 0.38100326370158544
0.07309111409214941 0.1855384005616444 0.33167447999773547 0.4096960053484707
0.1151005530179735 0.12876740937525055 0.3505145703372654 0.40561746726951053
0.3755784392310356 0.10171545116777436 0.11352083057582141 0.4091852790253686
0.1253607482101322 0.25704389784480985 0.5508374082883428 0.06675794565671511
0.02489530628090697 0.1890644351944173 0.7414469542074934 0.044593304317182336
0.021559629030845406 0.6317517708883371 0.3081777407086831 0.03851085937213439
0.5119850184358926 0.1012779037492536 0.3655219685745189 0.021215109240334873
0.14696006871897738 0.5691875720682534 0.1309660093832875 0.15288634982948168
0.1448598293465332 0.0186472308430905 0.442081445798265 0.3944114940121113
0.02678853814485327 0.24487974632627074 0.5050570971382842 0.22327461839059182
0.10997747968966642 0.27849137511679256 0.25941599825440875 0.35211514693913226
0.4168842668891598 0.19987785373283817 0.03542094422499931 0.3478169351530027
0.5345126828592638 0.2313111051689396 0.08914000139803968 0.14503621057375693
0.04946705171077226 0.3114911369524227 0.35203809952877907 0.287003711808026
0.0489662006098438 0.7453630800685456 0.20084355723143033 0.004827162090180304
0.1197395769791999 0.0743080424964443 0.6500150796491168 0.15593730087523905
0.07905548640493043 0.42670383557258473 0.32195660409746596 0.17228407392501888
0.12906352760617068 0.10218777770435683 0.6477245030937456 0.12102419159572686
0.23479755091129706 0.2154575974336933 0.5013326116562739 0.048412239998735784
0.23937099816163865 0.21394518365516646 0.23463019510422245 0.31205362307897244
0.05326709464893753 0.5695808759037265 0.28262725466507865 0.09452477478225729
0.12672500961990707 0.25750193312852354 0.123077254326738 0.4926958029248314
0.12660677568465384 0.3327573162034779 0.13668716223506783 0.4039487458768004
0.006428299533343673 0.41231410047256956 0.18374544346058552 0.39751215653350125
0.29570680310582675 0.1373108902026715 0.13533208217989767 0.43165022451160406
0.1288935485768078 0.5186014396080727 0.04389427227596454 0.30861073953915497
0.0854957627108347 0.4328186823475819 0.44523033500401743 0.03645521993756595
0.28201638204882773 0.13501172501489012 0.4780728478263344 0.10489904510994774
0.3964306441212516 0.0015139881524955934 0.4407940711814935 0.1612612965447593
0.33885827739248164 0.04563307792464877 0.14451182619556247 0.4709968184873071
0.023379930587594244 0.49801051528391704 0.4409521987025228 0.03765735542596593
0.29823290410761627 0.6614119058203721 0.03894187116574499 0.001413318906266614
0.5663140989773378 0.034804851346181276 0.17973383514517305 0.21914721453130792
0.11651782167819436 0.17141512943326953 0.6393270660371082 0.07273998285142791
0.11965252243926927 0.3249910628390137 0.24401137259118888 0.31134504213052816
0.1830493219429843 0.4282843575889801 0.23328380417648853 0.1553825162915471
0.2635543863600527 0.2723341538804078 0.22182640696132572 0.24228505279821377
0.24598420871622517 0.15412315126072595 0.37880472226018036 0.2210879177628685
0.11917630556450598 0.6444916879344464 0.034953950384885024 0.20137805611616255
0.21749415361126012 0.2953194069225452 0.06373513524166452 0.42345130422453015
0.27628244726328566 0.20440427979467335 0.012561573188850872 0.5067516997531901
0.34246517855265435 0.37889492247626266 0.08820625599937315 0.19043364297170984
0.04517116277350908 0.13032555808202362 0.4248003855119432 0.3997028936325241
0.31370103075151023 0.08109082983478444 0.1168328790609684 0.48837526035273693
0.4689082800259925 0.3142777834457846 0.05168866082937695 0.16512527569884594
0.18415932175163263 0.37319982730748813 0.3156666104946041 0.12697424044627514
0.29572214736158386 0.5230767389883209 0.07202623290930843 0.10917488074078685
0.8124434956156434 0.08736824974487489 0.0809001017134956 0.01928815292598607
0.0030786379783936946 0.2994084782688876 0.5839764640182361 0.11353641973448259
0.08489766344365035 0.5535169509976758 0.13467104747636505 0.22691433808230876
0.2211835831209018 0.3402839515031346 0.12456865632048142 0.31396380905548216
0.09905593656208833 0.4377138574289835 0.2092728020867124 0.2539574039222158
0.0837421396375857 0.15126833834903197 0.606626365931284 0.15836315608209828
0.10869424754894208 0.3773843609633801 0.35326083159493815 0.16066055989273964
0.24522107624938727 0.09842932320129705 0.11500909808029991 0.5413405024690158
0.27241109790784634 0.06496569465232416 0.3751489616734436 0.2874742457663859
0.0425938640226482 0.5052402690680813 0.2631797262312542 0.18898614067801633
0.3423956244586911 0.24785516611467306 0.24063436937408555 0.16911484005255029
0.0941209795675777 0.08952739161435341 0.24178399347709723 0.5745676353409717
0.08871545457591135 0.25353255370296734 0.40137935522822044 0.2563726364929009
0.3152283625220813 0.16284059754666946 0.36447973511403386 0.15745130481721537
0.44175712345987217 0.19375434686572224 0.3607176002745399 0.0037709293998656745
0.1632957510588965 0.19228261626646548 0.4022534911987592 0.24216814147587884
0.27260304365009125 0.18318545276215858 0.1146878975871427 0.42952360600060746
0.01644898236134007 0.07006755602652759 0.544172848123052 0.36931061348908034
0.2984864644256109 0.09674975851531675 0.475915653205231 0.12884812385384137
