2 100 4 257.0127104084872 514.0254208169742
4.923954119278034 1.2333360864510219 5.946962300908382 4.917901533564492 4.783310218787401 3.9730133890348673 2.8418377063405824 6.573438697155973 3.6968920630707083 3.4014454759258 6.590204494923654 5.762278848493351 2.211219508104402 5.622203091391718 2.6599587908222375 8.068016330350062 8.6857776337554 5.448131536437351 8.619053368217212 1.7168092930815488 5.547214811095335 1.5875785394819029 4.853100948376505 1.8687782409455131 2.144439745311497 6.370707780807362 3.0341080054381226 1.9625111587898467 2.9827558636350373 4.1484365650296935 5.210087361240702 2.815689036384688 6.763660526934233 5.347628519965765 5.547130480166942 4.482033860067034 8.142737089974194 6.22003760990026 2.4606873865208247 7.306771119464406 9.680959720803296 5.500075250531951 9.005680575515305 4.074522874039987 6.104297148649383 4.84791366966499 4.930725367241191 7.9890326649739025 5.820437561478907 9.5836800425038 5.897873441332919 1.7388543004752233 4.297081615075184 8.657654536040514 4.656475387431557 1.2448212930536462 3.22459515097618 1.6042993366325922 9.944668102791455 9.735222820394561 8.202325160193281 6.416354092649207 7.884638744065134 2.5230290192576015 3.637209086374958 5.716601877703278 4.20961853010483 1.4111106872086006 9.848381008214915 4.972194274193621 5.536003954412374 3.9118718578122893 3.3377027747242334 4.482008967886862 8.488152096710508 7.630723506584016 4.412895102474737 1.1171560302509556 8.176644451293342 3.4244991783667107 6.244163996761311 1.229958476647235 6.9598181734149325 4.487710832859533 5.473664188610614 4.734152536372185 4.157847111714764 5.9588011479197736 9.756196208873424 2.0149859371426433 3.819326755867422 1.3761793883377904 7.645597827588103 6.917611488931396 2.931721717599583 4.750780961758034 6.7945774073337555 6.953331940438972 2.5342942013539362 8.934870121736937
0.9847908238556068 0.24666721729020438 1.1893924601816763 0.9835803067128983 0.9566620437574802 0.7946026778069735 0.5683675412681165 1.3146877394311947 0.7393784126141416 0.68028909518516 1.3180408989847308 1.1524557696986704 0.4422439016208804 1.1244406182783435 0.5319917581644475 1.6136032660700124 1.73715552675108 1.0896263072874701 1.7238106736434424 0.34336185861630975 1.1094429622190671 0.31751570789638056 0.970620189675301 0.3737556481891026 0.42888794906229943 1.2741415561614724 0.6068216010876245 0.39250223175796933 0.5965511727270074 0.8296873130059387 1.0420174722481403 0.5631378072769376 1.3527321053868466 1.069525703993153 1.1094260960333884 0.8964067720134068 1.6285474179948387 1.244007521980052 0.49213747730416496 1.4613542238928812 1.9361919441606592 1.1000150501063901 1.801136115103061 0.8149045748079974 1.2208594297298767 0.9695827339329981 0.9861450734482382 1.5978065329947806 1.1640875122957814 1.91673600850076 1.1795746882665838 0.34777086009504465 0.8594163230150368 1.7315309072081029 0.9312950774863115 0.24896425861072924 0.644919030195236 0.32085986732651844 1.988933620558291 1.9470445640789122 1.6404650320386562 1.2832708185298414 1.5769277488130267 0.5046058038515203 0.7274418172749917 1.1433203755406556 0.841923706020966 0.2822221374417201 1.969676201642983 0.9944388548387242 1.1072007908824748 0.7823743715624578 0.6675405549448467 0.8964017935773724 1.6976304193421015 1.5261447013168032 0.8825790204949474 0.22343120605019112 1.6353288902586685 0.6848998356733421 1.2488327993522623 0.24599169532944698 1.3919636346829865 0.8975421665719067 1.0947328377221228 0.946830507274437 0.8315694223429528 1.1917602295839547 1.9512392417746849 0.40299718742852864 0.7638653511734844 0.2752358776675581 1.5291195655176206 1.383522297786279 0.5863443435199166 0.9501561923516068 1.358915481466751 1.3906663880877945 0.5068588402707872 1.7869740243473875
0.7780081598084683 0.02057749429061262 0.0703309723329979 0.1310833735679212
0.2208379150614619 0.04294061421855788 0.3283060483863566 0.40791542233362366
0.4197354613068207 0.1887066964982289 0.015121026757081157 0.3764368154378692
0.24581116390413071 0.30209661618624595 0.04334957256316918 0.40874264734645416
0.010250039399590904 0.10033310839657017 0.1845891574235814 0.7048276947802575
0.09528805226080372 0.11963633186989153 0.25648547333898375 0.528590142530321
0.04886808622935135 0.5944433410188839 0.2018016883264664 0.1548868844252984
0.741755038883449 0.05713047262118065 0.07126038186437189 0.1298541066309985
0.08756250900112283 0.14201151974322235 0.12756090495521555 0.6428650663004393
0.043501186059715646 0.008721541324444582 0.6162043186318975 0.33157295398394226
0.6152545734642763 0.004386890245688391 0.2566249879941944 0.12373354829584093
0.42536729190538647 0.02264742461870317 0.05960277014787174 0.4923825133280386
0.042429191882546125 0.4077979877348271 0.32736072868816035 0.2224120916944664
0.33187371253987585 0.17090503996934558 0.24559524683181488 0.2516260006589637
0.008448363578819729 0.4060116915540918 0.030110886617797705 0.5554290582492908
0.2008423437754454 0.46112544666426225 0.2784827031023809 0.05954950645791146
0.501216451687087 0.41549816027079556 0.009186984550616728 0.07409840349150076
0.21882078632937274 0.19901545767334305 0.45872562442061127 0.12343813157667294
0.13139460547944382 0.7109384406240274 0.098782827530151 0.05888412636637774
0.2085024945255225 0.3606380375301129 0.2231896872506225 0.2076697806937421
0.04312903635336274 0.6875511641727529 0.10248104420786064 0.16683875526602376
0.43508364985882764 0.27792364368815337 0.16761477261869973 0.11937793383431927
0.33074702616940477 0.2955969330316216 0.3104371130331596 0.06321892776581406
0.38079258371620806 0.006107759296160142 0.3947590826537132 0.21834057433391862
0.2594804044042771 0.5307633981897681 0.1902412764047332 0.01951492100122154
0.120039792177414 0.34169911257911767 0.07460456833953688 0.46365652690393144
0.1757241932567306 0.023174898572768554 0.44291267179933247 0.35818823637116837
0.17559907090882187 0.5401315168621433 0.16953308663952393 0.11473632558951086
0.08778755488499446 0.09336267452365199 0.47175672129256807 0.3470930492987855
0.3237505822561465 0.28517956667824507 0.3860201110334016 0.0050497400322068176
0.6941525454251833 0.15811038117236786 0.02300588320711139 0.1247311901953374
0.0734983847144366 0.27971550707108195 0.5399522947815248 0.10683381343295661
0.4026379231331474 0.0866633649939782 0.03733713572570774 0.4733615761471667
0.015056134248370046 0.01409318359914169 0.06672399684526042 0.9041266853072278
0.25128292170720934 0.47771788011426763 0.21341981057566617 0.05757938760285686
0.5030067735343265 0.4002893769546889 0.06381698102328082 0.032886868487703724
0.04348969793627744 0.2938785963601809 0.35596553429276456 0.3066661714107771
0.25354826722492296 0.1039699651303091 0.5856524903119762 0.05682927733279175
0.0979603958862586 0.07272513014776749 0.03196352531369773 0.7973509486522762
0.06966059041244543 0.13643704475813823 0.20857062193605325 0.5853317428933631
0.28026828777019874 0.043260227049845446 0.3657233599574998 0.310748125222456
0.3115294033429846 0.07484632175157624 0.13679360108063432 0.4768306738248048
0.0024824262680964715 0.8386405217518115 0.08866747504525474 0.07020957693483731
0.24499413841416973 0.4334273714077129 0.2594916092427211 0.06208688093539627
0.03285393822844762 0.2735107333615596 0.12217560987020204 0.5714597185397907
0.37538143725374984 0.3301215876530499 0.19834313996808683 0.09615383512511344
0.06280543805583938 0.2637828631614001 0.38660365938481656 0.28680803939794397
0.09609070017703092 0.2313034834695099 0.36684493530621964 0.30576088104723953
0.26662589262979464 0.03398589122857165 0.27220050390699047 0.42718771223464325
0.09163641211230289 0.15709787678032738 0.627205783531401 0.12405992757596873
0.22030165511965094 0.08045141488370322 0.2387080245709725 0.46053890542567333
0.034275479609645165 0.4985654078862014 0.2533876292557069 0.21377148324844653
0.31789849019534366 0.05452202494103542 0.3757645125322968 0.2518149723313241
0.3869712250229682 0.0970823493317069 0.11771014573954597 0.3982362799057789
0.09855000940345082 0.4781596510495004 0.16216118876472008 0.2611291507823287
0.22400131801270218 0.33942471808893504 0.07990242319423535 0.35667154070412743
0.5316683919455354 0.014720578018755814 0.4150012272113819 0.03860980282432691
0.36840323003201225 0.17841069308956325 0.017293888762390575 0.4358921881160339
0.06115376859333066 0.27656585211282625 0.09638972617930908 0.565890653114534
0.15594451246101437 0.21529058643336207 0.32696425567597664 0.3018006454296469
0.003335444799077214 0.44948218638299964 0.2007942202309293 0.34638814858699385
0.06571067605898173 0.5198447738185968 0.365738304402231 0.048706245720190444
0.4351226187451721 0.1348540332473781 0.006177702063518642 0.42384564594393115
0.44646810833355155 0.19009530985103007 0.3455152907021065 0.017921291113311866
0.5792019600682361 0.012677108467547549 0.0018613016598323373 0.406259629804384
0.6966211158111947 0.07435685785011648 0.14251751675196866 0.08650450958672018
0.051057148754760195 0.21553269180251766 0.09907072359158775 0.6343394358511344
0.2962049538125301 0.11812599355369258 0.5096842443077297 0.07598480832604759
0.16805312059048538 0.02896713846924248 0.22718605940641268 0.5757936815338595
0.07232532311351159 0.23359182778324228 0.1177317855415394 0.5763510635617067
0.2387654951164666 0.20751947233734525 0.20148451044053017 0.352230522105658
0.24056424441156266 0.26569059092777114 0.306262864082934 0.18748230057773219
0.10274927548709478 0.18770899557597198 0.6392788130759999 0.07026291586093336
0.2429590901039319 0.15445123917049752 0.0978518331844479 0.5047378375411227
0.3501053774260956 0.3520568885236629 0.11310805028511106 0.18472968376513044
0.10148815654607135 0.03547419194068524 0.6992233792111797 0.1638142723020637
0.1811214483155803 0.29174696377464515 0.46610047188024517 0.061031116029529375
0.15012789635989643 0.08134682953645467 0.0721110718527076 0.6964142022509413
0.30085686901076203 0.03278970776443002 0.11205562031160288 0.5542978029132051
0.6478406511531122 0.11502082764039079 0.23541805137826544 0.0017204698282315967
0.005572317266465787 0.0774561816259014 0.9061991328699073 0.010772368237725538
0.3397391482498737 0.11649288845503625 0.46509271311318323 0.0786752501819068
0.3008817133829891 0.3811861477728119 0.13391168741668613 0.1840204514275129
0.31386820410257465 0.27030979602139205 0.05860070914802673 0.35722129072800657
0.05274983106392683 0.37208640460550035 0.30263843779052957 0.27252532654004324
0.1096078744472152 0.7890914449813226 0.09297180782071679 0.008328872750745453
0.2168094894409569 0.312994389281113 0.21666772840161885 0.25352839287631124
0.05307624431274316 0.3895248516002816 0.546141347964073 0.011257556122902246
0.3243950640167801 0.2952379254371411 0.1620413676487219 0.2183256428973569
0.1136339246954815 0.32865113078344865 0.09192960119905003 0.4657853433220198
0.31589214468490867 0.02756613311926337 0.5895269929757383 0.06701472922008966
0.10110999837665002 0.34090533677373813 0.2868911399805928 0.27109352486901905
0.10961266642756529 0.08523659006298323 0.24779425743748185 0.5573564860719696
0.29111611844645613 0.17815166445579 0.386275196994909 0.1444570201028449
0.26961220601569125 0.09354644756399677 0.16731020084935377 0.4695311455709582
0.28606228158838143 0.41527966059862087 0.20483143596636422 0.09382662184663348
0.345215532364175 0.47799835827681414 0.11758152092152674 0.05920458843748411
0.24355073830013474 0.46132411890541536 0.2833803845185099 0.011744758275940015
0.2862202083505607 0.0024681433134615682 0.5275325691293593 0.1837790792066184
0.11253546830774153 0.06941610942267595 0.5411743124609715 0.27687410980861105
0.133954208171691 0.4093910224122117 0.20543264769295178 0.2512221217231455
0.34623790945514643 0.5676775677099856 0.0045431694244685294 0.08154135341039948
0.17671216158442604 0.3634793540827048 0.2860583127670271 0.17375017156584205
0.1866271455864802 0.30263902140837895 0.210254452795689 0.30047938020945186
0.18728654470189776 0.08677270783415592 0.3553004702935285 0.3706402771704178
0.28375580746525464 0.0018479264456476852 0.2638930871775057 0.450503178911592
0.1614665628916767 0.07065168854448722 0.7563914493480004 0.011490299215835664
0.031247562265261597 0.18615486403976433 0.4356180869260752 0.3469794867688989
0.03058948319431931 0.5591925082774445 0.11484550764869539 0.2953725008795408
0.06566366620637754 0.13236344560979207 0.1971236466513342 0.6048492415324962
0.2904267429349884 0.141962352509859 0.5212708669374753 0.046340037617677354
0.20704983825331424 0.23752442651044348 0.0811589850472002 0.4742667501890421
0.16441908617012002 0.5435520844488008 0.06913182885072389 0.22289700053035533
0.4814581623460332 0.37638135609348067 0.09890807486773368 0.04325240669275243
0.025201423670748957 0.6905456606156053 0.13293742998096914 0.1513154857326766
0.10213794823119349 0.18112079558992733 0.1050754382936383 0.6116658178852409
0.5060868335126388 0.06418737623808024 0.13199003106900586 0.29773575918027506
0.004663522735049885 0.5587125876039852 0.11420872988887432 0.32241515977209056
0.346630014990264 0.46938913693413 0.11014213500052594 0.07383871307508005
0.3490016406838594 0.45612989957184213 0.06224999690082189 0.13261846284347656
0.10718740423157991 0.0986062727184921 0.597620487209377 0.196585835840551
0.2208812218607441 0.4988063158636672 0.05017211926829068 0.23014034300729802
0.2286102518330989 0.18586899769229026 0.22797316937740308 0.35754758109720775
0.1783098277777202 0.2938987596380812 0.38291107338838914 0.14488033919580945
0.24625358896778982 0.4461456569134412 0.06993599834282782 0.23766475577594115
0.12578138255308757 0.17073136824154145 0.5423898437643716 0.16109740544099937
0.07923817070079964 0.00814100808899676 0.34220944026661737 0.5704113809435862
0.10174481096338206 0.6115767511940285 0.2698167988856617 0.016861638956927716
0.4777363530063754 0.03666570746484521 0.0445487342260561 0.4410492053027233
0.8261508194397967 0.007061670682807497 0.1556496031971023 0.011137906680293463
0.6409386397788642 0.0927311583181124 0.2178403502487557 0.04848985165426767
0.16477862322429637 0.45860609107154227 0.20150576691084077 0.1751095187933206
0.260720019719452 0.17594986000757795 0.02677937642654249 0.5365507438464275
0.19696432035003852 0.17592856366168763 0.5200129990669896 0.10709411692128423
0.1261601086290215 0.24511106303887487 0.5099641254533351 0.1187647028787685
0.287635258215888 0.09036715043266752 0.29009692697663547 0.33190066437480903
0.24755087562254052 0.2865508244507967 0.4179090050096639 0.04798929491699888
0.009450374137899287 0.2447763160126375 0.3026334760927165 0.4431398337567467
0.06290154018084104 0.28207841949635015 0.15174754263692392 0.5032724976858849
0.2913377184329823 0.1728746315260643 0.47094121339244177 0.06484643664851164
0.11710503569658959 0.09449254771955018 0.4329286059583176 0.3554738106255426
0.3250568036101299 0.28603249670873865 0.2692096558386282 0.11970104384250324
0.492119100230627 0.3560823087656768 0.10608722756002387 0.045711363443672326
0.134426759823139 0.1983331977938102 0.17230196296019185 0.49493807942285895
0.6290094571685604 0.14678845405298857 0.009999951300180054 0.214202137478271
0.09846862942141765 0.09632569907444155 0.6275181401218867 0.17768753138225413
0.220289886607821 0.08831903953239373 0.5045727900396783 0.186818283820107
0.13976349904776564 0.022419948596173356 0.8021833886618095 0.03563316369425151
0.2654434715786691 0.33157307729258567 0.20615932358682199 0.19682412754192324
0.018758146770764816 0.27091734389125144 0.05153446849223586 0.6587900408457479
0.49536200280432574 0.01608672253387744 0.051408673577516995 0.4371426010842798
0.15406612089950988 0.6522690935110071 0.006170367081696493 0.18749441850778648
0.38486989722228293 0.18713891574470287 0.3375210970244763 0.0904700900085379
0.8362491954172746 0.07576958202502448 0.046495289153384634 0.04148593340431628
0.027744297986087574 0.8336564985962432 0.10204224426224207 0.036556959155427116
0.543318637933006 0.1973832730047126 0.20048058474975283 0.058817504312528524
0.044766962053024884 0.5122017706136336 0.18739215666178388 0.25563911067155765
0.20797501638302762 0.26801372449622696 0.20333727270196622 0.3206739864187792
0.37277142561922716 0.2898637750156541 0.31123242082229274 0.026132378542826018
0.43509242639066503 0.19069619373877866 0.31460893005516966 0.05960244981538665
0.8550999869224472 0.02418696849470725 0.04550128085956351 0.07521176372328209
0.15493551669335204 0.16234784079769526 0.20684798755383638 0.4758686549551163
0.18518019414953268 0.727496958364677 0.02145959618007165 0.06586325130571868
0.18524397491309819 0.5771865833896219 0.2360727021083836 0.0014967395888962898
0.5414766389935005 0.11276529563758309 0.05474923766249429 0.2910088277064221
0.08905019629775435 0.2985888528689651 0.06198595589102607 0.5503749949422545
0.203876080671906 0.3489038794595386 0.11086129748780693 0.3363587423807485
0.7731865694302109 0.06868106316178868 0.13671595500830347 0.021416412399696938
0.7442558911563787 0.07465965023591004 0.025176547776588065 0.1559079108311232
0.14074135541701693 0.5686205780668071 0.13674577826834655 0.1538922882478294
0.06392509607999475 0.16933926274255662 0.4599088941804258 0.30682674699702284
0.013903825184684027 0.12628035798270332 0.7107478656614179 0.14906795117119476
0.3093972805382377 0.15391249390492523 0.010995341311586526 0.5256948842452506
0.003573433465069109 0.6966243136826825 0.25349380176548375 0.046308451086764624
0.19809562814943382 0.2613764345418448 0.2939147666508045 0.24661317065791688
0.08725561520610292 0.08169194321183615 0.25842991100001544 0.5726225305820455
0.30632322550236 0.31858917265856523 0.2505089450653215 0.12457865677375324
0.27765307258748995 0.08120852415744173 0.08582022549732793 0.5553181777577404
0.32238179606662043 0.30250577371619936 0.053055873696238764 0.32205655652094145
0.12156159925168775 0.11671230856752468 0.4613127752341507 0.30041331694663687
0.2427191203435788 0.5028341379878735 0.22056091705461023 0.03388582461393752
0.46233760201171836 0.12092687742284047 0.38408882273049716 0.032646697834944005
0.38362915454319146 0.19622157081329117 0.4120745120545296 0.00807476258898776
0.13494683208235536 0.06157038622341604 0.13762576150538564 0.665857020188843
0.324033195537739 0.05653308341805252 0.5152875718306207 0.10414614921358778
0.12159851003346034 0.3416144518051646 0.21241026007435815 0.3243767780870169
0.5475958984972186 0.031151805973306246 0.2790286291002627 0.14222366642921247
0.11305135358948604 0.02636573966667477 0.05883548149626516 0.801747425247574
0.05262956850180167 0.3910274155040555 0.026115632069244388 0.5302273839248984
0.2950208030920727 0.34615650633826955 0.18563130091926394 0.17319138965039382
0.23565003011821917 0.21418384506928922 0.3488787486153623 0.20128737619712933
0.2279527949493233 0.3614268495142109 0.08546795658187156 0.32515239895459425
0.4707147181758239 0.07983072263899582 0.24445274021502406 0.20500181897015624
0.10538986414384344 0.09480647964832989 0.4125625830409868 0.38724107316683987
0.25602141644724075 0.18879545519161056 0.03484676622394289 0.5203363621372058
0.478644727906809 0.030835374351174782 0.024534483287038666 0.46598541445497754
0.11894794111099305 0.09696825169859846 0.6600767422234772 0.12400706496693126
0.38722911850524966 0.043508836756507296 0.2002734597301501 0.36898858500809295
0.17758207395820302 0.3548219401309276 0.29937956887530015 0.16821641703556922
0.09551760554662692 0.32150891581753893 0.18732041593167692 0.39565306270415723
