18 30 4 90.49488961779484 180.98977923558965
6.853368175656325 5.549080363613586 8.907413238293968 2.63656202834381 8.670097618071374 7.751226574954096 6.994915007367903 9.89105903448366 3.3127158034344713 1.254753327452483 6.721472039149015 8.625811487379636 7.625571626044096 1.1872640073114136 2.004428175985295 3.6795136767027383 7.182731722058594 8.754634504014817 2.787709232654028 6.914701275493803 7.296900660928856 4.171532218820616 8.10964493042776 8.326431443053437 2.7767915605191975 9.545097647763841 5.289403473868935 6.999403131834076 2.901808335262602 8.267736914645306
1.370673635131265 1.1098160727227173 1.7814826476587935 0.527312405668762 1.7340195236142748 1.550245314990819 1.3989830014735807 1.978211806896732 0.6625431606868942 0.2509506654904966 1.344294407829803 1.725162297475927 1.5251143252088193 0.2374528014622827 0.400885635197059 0.7359027353405476 1.4365463444117188 1.7509269008029633 0.5575418465308056 1.3829402550987606 1.4593801321857711 0.8343064437641232 1.621928986085552 1.6652862886106874 0.5553583121038395 1.909019529552768 1.057880694773787 1.3998806263668153 0.5803616670525205 1.6535473829290612
0.30191817765024553 0.017767942907186973 0.23284756829478004 0.44746631114778745
0.012332537482920625 0.520871293863704 0.18105290935001583 0.28574325930335953
0.01363750174414724 0.5210217086263499 0.4627260721091496 0.002614717520353249
0.10501535321602451 0.11230426968520879 0.12430782939600782 0.6583725477027589
0.5156439876610373 0.269258766257365 0.20359512212552255 0.011502123956075194
0.4756657052864103 0.0205796846011157 0.1685360809063825 0.3352185292060915
0.4302592813664673 0.22939611424560424 0.28454096634032144 0.05580363804760702
0.3622428612568128 0.11370063401546249 0.4302552687113117 0.09380123601641299
0.14801784040784915 0.37522427301727435 0.2711736137452916 0.2055842728295849
0.06712698614922485 0.01197368674257171 0.2998253531309606 0.6210739739772428
0.04750509506272138 0.14893985195909798 0.18073924410669528 0.6228158088714854
0.6587275783685782 0.14480665799110404 0.030256563482270682 0.16620920015804708
0.47602647516617136 0.012241745072900323 0.43084461972107624 0.08088716003985208
0.256353254245148 0.28473178534871657 0.09565743279902106 0.3632575276071144
0.2931875874045792 0.19206644395713846 0.3818392004496617 0.13290676818862068
0.018164056326049893 0.10315549686986036 0.7648349624528041 0.11384548435128561
0.39472709418728724 0.07774548514767576 0.105035103132055 0.422492317532982
0.04046598393017187 0.37475090292043145 0.24416381215545657 0.3406193009939401
0.32641078967217463 0.2033677413754872 0.1347490419069557 0.3354724270453825
0.43241356871768444 0.35111073303542006 0.035866348988878305 0.1806093492580172
0.3396121612440991 0.1910930180065623 0.3995229190873718 0.06977190166196678
0.11384884850088828 0.26613281930578236 0.3611295176341712 0.25888881455915813
0.29449854400197617 0.608765691930699 0.09211860001845118 0.00461716404887369
0.33448650393035495 0.3714903588209004 0.16911786455731437 0.12490527269143026
0.2828861645349776 0.0984840363899564 0.29392690102844077 0.3247028980466252
0.6190877537379766 0.08124679040232785 0.09727154473205535 0.20239391112764016
0.31613157040344286 0.13024557288747884 0.5505800362767036 0.0030428204323746932
0.1886669957191217 0.1326107898761546 0.06183444699881846 0.6168877674059052
0.09366103431999973 0.3486330081637795 0.12813297178048688 0.4295729857357339
0.11563712166629314 0.6231104843484134 0.019047251181099067 0.24220514280419436
0.19167740493265917 0.10225856976912928 0.5339534271099621 0.17211059818824948
0.5725279133629912 0.06734244385798416 0.055367621083489804 0.3047620216955348
0.07913471728341592 0.146465920669815 0.05225240209349613 0.7221469599532729
0.016300778724193665 0.7918972800159446 0.12640690912386943 0.06539503213599229
0.011016694853989928 0.25809647572527095 0.41625044823315016 0.31463638118758896
0.6715220877352954 0.10560236506103182 0.21066178908969146 0.012213758113981288
0.035368885940296746 0.2256088568221829 0.4261535579204726 0.31286869931704775
0.13563371823783865 0.19052996269351996 0.09258164057507201 0.5812546784935694
0.6293531339196942 0.16653257031549362 0.09828860850028676 0.10582568726452546
0.15341645416108574 0.3172059325593818 0.31664762640741595 0.21272998687211653
0.23732518632069322 0.11392823685831599 0.03519722140291337 0.6135493554180774
0.19148278819959308 0.34498230329523927 0.23848118840558652 0.22505372009958113
0.4555562943106152 0.08378880477548134 0.10804540239240357 0.3526094985214999
0.29144299982930466 0.3119166640927201 0.1558190000149513 0.24082133606302392
0.011649132417856034 0.5723712430581244 0.4048626966633001 0.011116927860719494
0.15072594151523566 0.48541179921483335 0.2544656669884714 0.10939659228145959
0.539137083991767 0.009784991066234539 0.19743392557412776 0.25364399936787074
0.24285693642029493 0.02063537991677511 0.5524953660995078 0.18401231756342218
0.14874138671722426 0.6201401297996256 0.07702514124735482 0.1540933422357953
0.32783075020539776 0.17146624990523285 0.38243545596795636 0.11826754392141303
0.8132173383876619 0.05990356753329207 0.09607386820126584 0.03080522587778023
0.007713667317334472 0.38481179475774274 0.29929421641035514 0.30818032151456765
0.6432361031639023 0.12288252820810619 0.21632108687560425 0.01756028175238722
0.5161664715570445 0.3372681279179168 0.09210165956682537 0.05446374095821327
0.8706653428282672 0.06730358287916216 0.060994992509510904 0.0010360817830596947
0.04095008744288198 0.496394532757661 0.02570030339182028 0.43695507640763676
0.12682815343460896 0.25874468007294016 0.2306351291025206 0.3837920373899303
0.2871399442716809 0.19934218628092115 0.42795830024304393 0.08555956920435404
0.22213702297526816 0.7262054826775927 0.02323396525452992 0.028423529092609257
0.5098156818212571 0.19704765533349167 0.2227094755944976 0.07042718725075359
