50 90 4 265.2854447856144 530.5708895712289
5.451414809842193 3.052747940044026 3.299265313814902 4.566969187504992 4.395835879220116 9.969168071391843 4.673774802998773 7.947045953557422 7.844830192079959 3.7900841381679884 4.118870841064275 4.1658833574690615 2.3092017084653946 9.753982162457053 9.182605941932412 6.039613933499125 3.8223167184703413 8.993800337714994 7.071157592400375 4.5197870287470545 5.5646571152167885 5.716931523977026 9.35200835034897 6.14235762135034 7.0150381189901205 1.4703282199585834 3.9435157365671314 1.507614752543441 2.6184492465740865 9.333398552509383 9.442137006481527 7.426834366906843 7.59418848015865 5.155729086379889 9.381963408453533 4.657782190067268 7.148851934746106 6.84924281280156 6.3888866079650395 2.9983545287170825 7.1412145222274095 8.902506723421116 8.170455369529616 4.888020230182729 9.260903972425508 8.036503099540804 7.531752505143446 2.123692241406335 9.246776044176203 4.489398943572665 3.654365909743255 6.550582732502628 5.21061606083156 3.29805022910107 8.550962998337601 2.607572821237106 3.04402753627202 6.938888014308759 5.312046205386576 1.661026081039326 2.2506406414265157 2.0107646527460616 5.300064688765416 5.862666063433797 9.622639441932083 6.254130802811163 5.739976819764175 9.300364199601892 9.273313148029741 3.2680797828237296 7.143693496445385 9.678485067415624 3.042654823222704 7.444154786817413 8.179840967425822 9.430760796829396 8.683502462068711 4.793912260320064 1.0489588197473863 1.313787959032663 1.1251482911488 6.300189374162045 4.446937866461624 2.033370546998568 8.780086079992557 8.394913281699456 7.637425164173877 8.56309753131368 4.613761931208771 7.737580011468289
1.0902829619684387 0.6105495880088052 0.6598530627629804 0.9133938375009985 0.8791671758440233 1.9938336142783686 0.9347549605997546 1.5894091907114842 1.5689660384159918 0.7580168276335977 0.8237741682128551 0.8331766714938122 0.4618403416930789 1.9507964324914107 1.8365211883864823 1.207922786699825 0.7644633436940682 1.7987600675429989 1.4142315184800751 0.9039574057494109 1.1129314230433578 1.1433863047954052 1.870401670069794 1.228471524270068 1.403007623798024 0.2940656439917167 0.7887031473134263 0.30152295050868816 0.5236898493148173 1.8666797105018766 1.8884274012963054 1.4853668733813685 1.51883769603173 1.0311458172759778 1.8763926816907066 0.9315564380134536 1.429770386949221 1.3698485625603118 1.277777321593008 0.5996709057434165 1.4282429044454819 1.780501344684223 1.6340910739059233 0.9776040460365458 1.8521807944851016 1.6073006199081608 1.5063505010286893 0.424738448281267 1.8493552088352405 0.897879788714533 0.7308731819486509 1.3101165465005256 1.042123212166312 0.659610045820214 1.7101925996675202 0.5215145642474213 0.608805507254404 1.387777602861752 1.0624092410773152 0.3322052162078652 0.45012812828530313 0.4021529305492123 1.0600129377530831 1.1725332126867594 1.9245278883864168 1.2508261605622326 1.147995363952835 1.8600728399203785 1.8546626296059483 0.6536159565647459 1.428738699289077 1.9356970134831246 0.6085309646445408 1.4888309573634826 1.6359681934851644 1.8861521593658792 1.7367004924137421 0.9587824520640128 0.20979176394947724 0.26275759180653263 0.22502965822976 1.260037874832409 0.8893875732923249 0.4066741093997136 1.7560172159985115 1.678982656339891 1.5274850328347753 1.712619506262736 0.9227523862417542 1.5475160022936578
0.29810165145363354 0.12757518815606483 0.13395260559972788 0.44037055479057374
0.049697686154183573 0.4370321709966911 0.4307296254041393 0.08254051744498603
0.07051577837500278 0.3377032443001986 0.5788027756805739 0.012978201644224696
0.2123761181247945 0.16847628894280342 0.32610166805361196 0.2930459248787901
0.17545596569028543 0.12171870123969608 0.20525390218826656 0.49757143088175193
0.12728055084633982 0.24274162593464843 0.21829265233686956 0.4116851708821422
0.16645858516935574 0.24080133926767922 0.4986921231646405 0.09404795239832453
0.17382853179944335 0.6564054859317 0.07219514532588867 0.09757083694296798
0.3084841658471108 0.10412916747415568 0.002472682588411823 0.5849139840903217
0.2444245269759111 0.49011657055036173 0.06072841976109833 0.20473048271262884
0.24305470050611977 0.4319511441167 0.03473721887024861 0.29025693650693163
0.02283521761259677 0.2503002307532637 0.4551382639360225 0.271726287698117
0.32260101781969397 0.16800143520621613 0.24758128348162667 0.26181626349246323
0.23352303568875166 0.23121913490083934 0.10590853721156446 0.42934929219884455
0.018585111354473938 0.2324082508274261 0.3854525962817439 0.36355404153635607
0.17851273856500083 0.37113012979262394 0.16926668055498062 0.2810904510873946
0.13387970383976067 0.008676884922776185 0.7964737520150477 0.060969659222415484
0.10039783847653161 0.3617786087487551 0.3061992250158745 0.2316243277588388
0.33150228369763424 0.05276121060680539 0.5160085495932835 0.09972795610227692
0.0371297051302375 0.07676338177314312 0.32292771582271074 0.5631791972739086
0.005271149971967981 0.4798431811702901 0.26638727646264804 0.24849839239509386
0.1708973128963469 0.1820757775351004 0.012123969837462667 0.63490293973109
0.48513857245258096 0.0403243056976994 0.24960639099640058 0.22493073085331905
0.25084903827471294 0.2496335160635621 0.14288830509405748 0.3566291405676675
0.05222500318557355 0.1392830714099128 0.18921771641790053 0.6192742089866131
0.472146974622041 0.025574448308658293 0.3098258095931664 0.19245276747613427
0.19376318940298287 0.5086883422003464 0.024993682399801376 0.27255478599686933
0.546510981564684 0.31922819894992127 0.05022411292719353 0.08403670655820117
0.19467780362333886 0.172606121101461 0.4344009419393158 0.19831513333588435
0.11083079867785028 0.14463975834181586 0.40244097092052455 0.3420884720598093
0.39116820540443875 0.22085253729612242 0.17305167691009282 0.214927580389346
0.31668102111728114 0.2765405269562393 0.09772800229752521 0.30905044962895434
0.1971193850591424 0.038121535593227285 0.41325938604785595 0.3514996932997744
0.013174975305289327 0.010298184423675139 0.7315963195655216 0.2449305207055139
0.16798213881340296 0.13538628044537793 0.5483530862051841 0.14827849453603503
0.4359324353336932 0.13084173581122294 0.37756619010863324 0.055659638746450635
0.2313886474307819 0.017081728276747365 0.6045631879313589 0.14696643636111184
0.10183042676024279 0.12347277707709614 0.6071995533074933 0.16749724285516776
0.13949692712337403 0.7653533512173841 0.0019422587426698446 0.093207462916572
0.1614468802392014 0.4059442983164223 0.04554238729705162 0.38706643414732467
0.7037152253244602 0.15013256753755833 0.011766175924247002 0.1343860312137345
0.2687215339114395 0.055336935433090595 0.1407939103012601 0.5351476203542098
0.3474476703025565 0.4583561016978206 0.17649550386014667 0.01770072413947621
0.054621796832165836 0.23916429022751406 0.4390073334273863 0.2672065795129338
0.30624897861810374 0.015380596513772438 0.2448969232980468 0.433473501570077
0.06517379997082418 0.2664740111853753 0.2618703594024966 0.40648182944130395
0.3101851601524085 0.2785089323170675 0.2540281575929887 0.1572777499375353
0.517855322277945 0.2024985442530548 0.015944845729431112 0.26370128773956913
0.34759393119895665 0.09802342705448774 0.22633296693889826 0.32804967480765734
0.35071601448394507 0.3532027778552719 0.2215592846848392 0.07452192297594384
0.5276356226761949 0.2880490795087147 0.13254287524096509 0.05177242257412529
0.06647641886859568 0.1963071025291233 0.4396499331926733 0.2975665454096077
0.13533333203146847 0.20101041907361594 0.07625351409628633 0.5874027347986293
0.06589780409546742 0.2478683565917441 0.5546599567970237 0.13157388251576474
0.24146482026113425 0.0032596969423748234 0.31541205390199334 0.4398634288944976
0.4337183870134077 0.4910297203021128 0.029016775408436835 0.04623511727604268
0.10640997508470773 0.18243797323733568 0.5392169797443 0.17193507193365654
0.1343109540892118 0.08228124936402215 0.46148480985896423 0.32192298668780184
0.43592956543928096 0.19637201365583 0.08253813567195967 0.28516028523292936
0.10179335381008958 0.2805574156254156 0.19750785642857338 0.42014137413592145
0.27059022398489374 0.18319378509220163 0.19469812970702138 0.35151786121588324
0.07654064267454697 0.3184707538696828 0.10973363332485697 0.49525497013091324
0.04013983354491557 0.44218405047606 0.0922425255882533 0.4254335903907711
0.6967438482045099 0.02153901351570009 0.20141277903693666 0.0803043592428534
0.22318204134459996 0.08173860181025006 0.5563007504997647 0.1387786063453853
0.23590029325147743 0.15765462446568157 0.5626426802794321 0.0438024020034089
0.1617066527268446 0.3514615420292555 0.36378987082926617 0.12304193441463374
0.0023744656104158768 0.5917923434351855 0.3872735939818326 0.01855959697256604
0.24740549456459504 0.38391148220546545 0.21880736523920896 0.14987565799073055
0.29801984833427086 0.39162336376717055 0.1825972918852139 0.1277594960133447
0.3436837781274187 0.28974514179206734 0.3492062681621346 0.017364811918379353
0.35562194572787087 0.06276804371005551 0.3665110449169662 0.21509896564510744
0.18315250702351582 0.6184046016919612 0.16389599021822554 0.03454690106629743
0.016058265700856333 0.5661978099531095 0.04629194265391223 0.3714519816921219
0.338839716238138 0.13788286611585787 0.32335772281947905 0.19991969482652505
0.25651682801298636 0.07477923500288275 0.6658672219102806 0.0028367150738503044
0.3648617258941115 0.07909399621485147 0.5415214532460846 0.01452282464495247
0.3570062836359148 0.17307155410376351 0.2842174119747549 0.18570475028556677
0.10760637187433408 0.024248028941874056 0.02514868799481451 0.8429969111889773
0.3918064272785511 0.13685396843703646 0.1791155080115695 0.29222409627284296
0.7221345801515271 0.16993414212570246 0.005356075317739406 0.10257520240503104
0.20208464502275192 0.4754891323487834 0.24490382074546313 0.07752240188300152
0.0018441581408408236 0.2493601984502536 0.473616512287626 0.27517913112127956
0.04872200789641257 0.4198680911895162 0.086171838080774 0.44523806283329725
0.22077429316727393 0.454317003256948 0.08322791709291633 0.24168078648286173
0.016399610111863194 0.2895335612115296 0.5141203709244465 0.17994645775216067
0.037549361457090646 0.1699250594124978 0.7740333433142305 0.01849223581618109
0.03158521756097732 0.3250338090770204 0.4529839552037701 0.19039701815823218
0.21367555011290007 0.4426360228454741 0.24908730131539858 0.09460112572622725
0.09839181137564401 0.20124417804807537 0.5551722737286969 0.14519173684758369
0.5385443848349328 0.06383478864989078 0.010858400486107422 0.38676242602906896
0.2628770217325649 0.19981500770077776 0.03719960865155625 0.5001083619151011
0.20908845599764592 0.27795502467002364 0.09506513049791543 0.417891388834415
0.5929682131561674 0.04577228324554217 0.3223945531053598 0.038864950492930594
0.0897930746962542 0.7383511594646598 0.07634522307549607 0.09551054276358995
0.01653445679207788 0.025595046141123956 0.1371387230038501 0.8207317740629481
0.2354009785637614 0.23575917883161435 0.41252833920867604 0.1163115033959482
0.2920076220686647 0.16613548639196363 0.13679381627346843 0.40506307526590324
0.3178787309034169 0.08777220617743986 0.23251613254259362 0.3618329303765496
0.03703341312787889 0.7355374496421914 0.21250599667909764 0.014923140550832104
0.05169587728748348 0.8410688588533175 0.06449957633230607 0.04273568752689294
0.1705935122058415 0.7425490114474249 0.04226279608469896 0.044594680262034614
0.1307157463334474 0.009607827129370472 0.13691488732514911 0.722761539212033
0.4768940450475252 0.0564438881634477 0.27269316397156484 0.19396890281746226
0.05698766494677421 0.603538896262094 0.05229002341152178 0.28718341537961
0.2507041032180798 0.0892193291127763 0.4043964965907545 0.2556800710783894
0.15077407986613078 0.045090932199293166 0.7755878746084296 0.028547113326146456
0.08181246995631308 0.0021975661646298494 0.1263467084396872 0.7896432554393699
0.7005846907443111 0.16474391378686926 0.12299719626205663 0.011674199206763047
0.32698638865567964 0.17433983051977853 0.2323636087280836 0.26631017209645824
0.0065606203211597824 0.25655802675680217 0.3045401690575452 0.43234118386449283
0.30902897800865536 0.06603764118576183 0.6040582435938313 0.020875137211751493
0.23845431522502436 0.3507885588916585 0.38291248999593774 0.0278446358873794
0.05742958022265354 0.19406555562547068 0.17817964022613642 0.5703252239257394
0.37753971041153356 0.1331576643281699 0.40621990383449735 0.0830827214257992
0.09868775811520081 0.48065263501528743 0.3131626538647372 0.10749695300477458
0.33751560808167147 0.01983420803335667 0.13169456472333296 0.5109556191616389
0.22818280696095639 0.4785056270657517 0.25222710520668934 0.04108446076660255
0.14734560965790722 0.2030732526930098 0.38871124798560597 0.260869889663477
0.1094092635570647 0.06061996110427059 0.7764941345648148 0.05347664077384995
0.1081741553279344 0.38064917919452956 0.40942481527938246 0.10175185019815358
0.02025084454427406 0.5642643543663657 0.08570751502521079 0.32977728606414947
0.20096471073552802 0.3847056360383828 0.06880663444115098 0.3455230187849382
0.6389232311550407 0.0034607827312334027 0.1369760280400948 0.22063995807363113
0.41363773774843404 0.21812181845799994 0.17602700150057993 0.1922134422929861
0.3278285514738336 0.06779550810613 0.38105082936754164 0.22332511105249475
0.023975392242924665 0.3690861378136533 0.3148520494605389 0.29208642048288314
0.41100143819980406 0.04383690265267348 0.15866183121830346 0.386499827929219
0.2397423110754925 0.01945050462036013 0.0769286507329009 0.6638785335712465
0.2994816004606906 0.13468864328562768 0.11162996934107305 0.45419978691260865
0.2663665832990548 0.003376594294014823 0.5464450466448952 0.1838117757620351
0.6054933486244406 0.24889512017645876 0.059676213738890316 0.08593531746021033
0.19477317527634497 0.025823032541783197 0.5718449749379618 0.20755881724391
0.15664900192486753 0.08240169529392882 0.5523080091878052 0.20864129359339845
0.3588336867874147 0.1468280373736126 0.36207317575134423 0.13226510008762848
0.0505527247499481 0.15569128347937278 0.0071035603817388715 0.7866524313889403
0.6954685147250925 0.14487917936847616 0.10844789086310092 0.0512044150433304
0.1812131125996156 0.47025739980311165 0.21771343020535716 0.1308160573919156
0.25315756817286006 0.09628853639096369 0.04014866928510674 0.6104052261510695
0.5161445635705466 0.0699729757510219 0.33608928345670586 0.07779317722172563
0.13691661881676342 0.4506239459423306 0.1253669823228748 0.2870924529180312
0.18791635391309247 0.7031628428287787 0.036740718152383556 0.07218008510574525
0.25655643480702406 0.32758094650667324 0.18484761426155683 0.23101500442474587
0.2530671119237191 0.1731971223620432 0.014099699558571266 0.5596360661556664
0.09552301892548332 0.24339755779626016 0.4069192345638102 0.25416018871444634
0.059168204420108395 0.34664109989600966 0.34996058531473495 0.244230110369147
0.08045565983678549 0.4756929691598525 0.043247925227917206 0.4006034457754448
0.22702831347317387 0.1621718012244725 0.3948102006418327 0.21598968466052093
0.06294776867737706 0.09455101259755694 0.5184387820571236 0.32406243666794243
0.04149351259373224 0.5663106564277542 0.0755570815631329 0.3166387494153806
0.03236176857010986 0.022642111555084887 0.8389281686658152 0.10606795120899004
0.33423451528626635 0.296788482140269 0.22719982315805065 0.141777179415414
0.08922299200863959 0.5109225032517838 0.2915710339518711 0.1082834707877055
0.2249051620182022 0.5920142585015601 0.07521313048220613 0.10786744899803158
0.21465201069007955 0.053853355422681215 0.12025446981236476 0.6112401640748745
0.022683833589265734 0.04908529672075512 0.29611285127709586 0.6321180184128833
0.4285922550250829 0.0013158724842159408 0.12486882938364419 0.44522304310705696
0.028071601486209463 0.4240885911341572 0.5181456580588761 0.0296941493207572
0.8492643833958561 0.05178664973467806 0.0554102730125956 0.04353869385687026
0.4545949747802127 0.17534023321389314 0.31488714189615796 0.05517765010973619
0.2402726405896597 0.0823715298026898 0.16593315686355803 0.5114226727440925
0.03579224148968074 0.15301858931618506 0.7099130147560426 0.10127615443809157
0.02275065749652949 0.41225291983147805 0.33312241716606716 0.2318740055059253
0.2230985893545565 0.14573613030275057 0.322905187609424 0.30826009273326893
0.11630566509394391 0.29678203529872704 0.018358435833771836 0.5685538637735572
0.032727350009249756 0.8700259633919064 0.049914379636546546 0.04733230696229729
0.09443511876689958 0.09059373758275435 0.29373869496655314 0.5212324486837929
0.20019995687883219 0.08899201672071155 0.5695436947503245 0.14126433165013175
0.19489328930980432 0.19460825843350893 0.24288644084721644 0.3676120114094703
0.03620565159385458 0.33539247405089256 0.5022593800255781 0.12614249432967473
0.20439188508310846 0.5445784915149953 0.1476906288289871 0.10333899457290918
0.3094949504105652 0.004643237502579778 0.6258594982387228 0.06000231384813226
0.2085192404097015 0.37005669452541645 0.13166127087351176 0.2897627941913703
0.6142885882456314 0.0942439391363743 0.27469846485678606 0.016769007761208266
0.11754563729244272 0.28241299899047334 0.20698165654204237 0.3930597071750416
0.27239314345074184 0.10964693104078171 0.548382271481283 0.0695776540271934
0.4975894195009867 0.049709957424289075 0.18254212999330632 0.2701584930814179
0.005402658082186762 0.16772998985052867 0.7641972908502617 0.0626700612170229
0.28347950527080723 0.49736415143700696 0.05413501236391649 0.16502133092826932
0.06633959829606384 0.18906093830223536 0.4035521198142 0.3410473435875008
