14 50 4 139.68765422227077 279.3753084445415
5.6254900939542125 7.958485468713671 8.833849171523314 1.0724225367683613 3.787623329546837 9.618433654293018 5.6180504104109845 3.8645598238488876 5.852799436830833 2.991294481849839 8.25833222131843 4.080291630532159 5.849999641604302 1.0528640699595249 7.058372303624728 2.8902183596086433 9.393018335908407 4.368202745333429 7.771770298773518 7.8682510166096975 8.83449509744575 1.991000604309415 3.7008278235440546 5.274151893554217 7.056430472499272 3.3183318962855597 7.310361877520387 6.913000534368361 2.638069819407048 3.898566935461907 8.987837112287455 1.7501424494478108 7.7190770812636735 1.5611504408512875 7.5833301391545564 7.682602194941895 4.671242321064952 9.92244699008633 5.069235688825526 2.7089068881512937 4.164638248894443 7.433304997827339 4.216918269265891 1.4645669859556838 3.843271039167692 9.989241504084829 3.591143709555827 5.156162842742253 7.61741299885576 9.493110556708237
1.1250980187908426 1.5916970937427342 1.7667698343046627 0.21448450735367225 0.7575246659093674 1.9236867308586034 1.1236100820821968 0.7729119647697775 1.1705598873661667 0.5982588963699678 1.651666444263686 0.8160583261064318 1.1699999283208604 0.21057281399190497 1.4116744607249456 0.5780436719217287 1.8786036671816813 0.8736405490666858 1.5543540597547036 1.5736502033219395 1.7668990194891498 0.398200120861883 0.7401655647088109 1.0548303787108435 1.4112860944998544 0.6636663792571119 1.4620723755040774 1.3826001068736722 0.5276139638814097 0.7797133870923814 1.797567422457491 0.35002848988956214 1.5438154162527347 0.3122300881702575 1.5166660278309112 1.5365204389883789 0.9342484642129903 1.984489398017266 1.0138471377651053 0.5417813776302587 0.8329276497788886 1.4866609995654678 0.8433836538531783 0.29291339719113674 0.7686542078335383 1.9978483008169658 0.7182287419111655 1.0312325685484507 1.5234825997711519 1.8986221113416473
0.1324776129505617 0.04292502971498202 0.8202853018779857 0.00431205545647062
0.11005315861088283 0.3460686566124799 0.16482172609893675 0.37905645867770055
0.12034724351170079 0.02982539068433232 0.3000059226179923 0.5498214431859746
0.27878582976294164 0.22930230869764678 0.22557394237764605 0.2663379191617655
0.0830692156172197 0.33450843280571063 0.22103027980456558 0.3613920717725041
0.22851756266476886 0.5019626781886899 0.23404903736654836 0.035470721779992886
0.09261083478602605 0.3416071266934574 0.5007890068213565 0.06499303169916004
0.43915701403233653 0.18953360476976722 0.03362745497849262 0.3376819262194036
0.0826652146717024 0.15428675239131273 0.41463409300976706 0.3484139399272178
0.007062522868663268 0.15607252743247924 0.12636125349073246 0.710503696208125
0.30214491180817893 0.4381705560614817 0.11349942613603625 0.14618510599430312
0.07624613540160274 0.1913715869668725 0.637623156625171 0.09475912100635375
0.2045109984787783 0.2076879232823512 0.476119463820489 0.11168161441838154
0.1301536970709083 0.0029303543108388785 0.24672412477532324 0.6201918238429296
0.15242661730936846 0.46824258788982354 0.32516876653954696 0.05416202826126104
0.19569040002525562 0.20590380874515146 0.026974615724759232 0.5714311755048337
0.49514790782728024 0.10894158767729345 0.1317159416218674 0.2641945628735589
0.21708887349205896 0.7415960957517241 0.02336538831432511 0.01794964244189179
0.44090703676897136 0.2200571352661751 0.1435728030734571 0.19546302489139644
0.4939436141326402 0.07752983937860658 0.03602070470112917 0.39250584178762404
0.5205341493580471 0.11874098819296375 0.1333662315819184 0.22735863086707075
0.2655824352378039 0.177488692720692 0.12424725187591557 0.43268162016558853
0.2253937767754437 0.2486922502668193 0.47931589830884924 0.046598074648887766
0.4119764413264545 0.02222121950067768 0.13733852043720884 0.428463818735659
0.1468667460901354 0.2490492495979436 0.4041176433231972 0.19996636098872378
0.014509495003620976 0.02278604934671924 0.1849846909080266 0.7777197647416332
0.6827153031116509 0.011678797494267257 0.18545425750786948 0.12015164188621241
0.32604150479871685 0.23826873708306173 0.23875543689469148 0.19693432122352994
0.09570661511230627 0.7220500080692491 0.1207286394592535 0.06151473735919111
0.29347698871899086 0.10419719793887994 0.43215529805639497 0.17017051528573424
0.23427277168929428 0.23511312129941364 0.3072483945799719 0.2233657124313202
0.5100851389290341 0.12200140519825664 0.33996252283364925 0.027950933039060044
0.025156964345572574 0.22137930596985123 0.1978737038637871 0.5555900258207891
0.42930216620365746 0.24108533844961488 0.020019145184606235 0.3095933501621214
0.6502391544119632 0.019125301749066792 0.1712608483118141 0.15937469552715589
0.49502464845912997 0.4496237399493517 0.014544696866102602 0.040806914725415755
0.2554829000386051 0.0795035394368282 0.1579560400903135 0.5070575204342532
0.34743942932323046 0.020465379839904818 0.13272389314327027 0.49937129769359445
0.14307068305012494 0.1309438435879523 0.25643196194940776 0.469553511412515
0.332462540281946 0.14073580073410197 0.5011746188367436 0.025627040147208402
0.1841436693394617 0.7784118841687155 0.03021209175394246 0.007232354737880309
0.07517959917340289 0.10489897808378268 0.13714738599660137 0.6827740367462131
0.3336911733784297 0.11591511071790661 0.12488246550732174 0.42551125039634197
0.09606291291699409 0.6961584361920429 0.09150881083833318 0.11626984005262986
0.18694069221272858 0.5837604992380854 0.21343917499917475 0.0158596335500113
0.7746699927274632 0.19146908642150318 0.03097741433704171 0.0028835065139919402
0.2493584118221659 0.11830540165923498 0.18794539566110235 0.4443907908574968
0.47542161202637445 0.508153654827894 0.010480177792664969 0.005944555353066594
0.22011354689304485 0.13294075530447746 0.5572813597438688 0.08966433805860885
0.07923975259429128 0.17475248433551827 0.4878774556949126 0.25813030737527787
0.2086811922474796 0.003740183655587148 0.03422445601424595 0.7533541680826873
0.5023202382650055 0.11874998842380835 0.11342000225706794 0.2655097710541182
0.1530255220213963 0.27604682518531254 0.10920219877830506 0.4617254540149861
0.07357155006150706 0.09172222451949974 0.41395737800050747 0.4207488474184857
0.21402570433952184 0.25278847625977696 0.10345872745194507 0.42972709194875613
0.03572971978146555 0.03893022677631586 0.42796997705284023 0.49737007638937836
0.5239493543593386 0.024067052345128626 0.4470338962524676 0.004949697043065138
0.09799092114564267 0.2561393509304414 0.4213856044565476 0.22448412346736835
0.3927237470201165 0.4308270534403672 0.14506520789086907 0.03138399164864725
0.16399808241071 0.11396561036044406 0.4707919048858792 0.25124440234296674
0.4741303614194492 0.17650686136284133 0.2750652096643794 0.07429756755333006
0.20627827017716915 0.18299301060843387 0.34157088585682793 0.26915783335756904
0.34693136737190944 0.06577372757329425 0.3425794132830393 0.244715491771757
0.27219737646072817 0.2046806275476457 0.3779431148082819 0.1451788811833442
0.47435552668191194 0.07779150849131533 0.29687955491482554 0.1509734099119472
0.2788163745855844 0.23777291940266465 0.44149765755126236 0.0419130484604886
0.0796724169393287 0.21378388608409205 0.1806156824851728 0.5259280144914065
0.2055806154418085 0.24734308508684555 0.4431828591971796 0.10389344027416636
0.40996198940723616 0.06451331309641162 0.4595060358501083 0.06601866164624393
0.06326907301116036 0.028210172473341566 0.16391576693057675 0.7446049875849213
0.5251120281554128 0.01525486393493769 0.057285514395677084 0.4023475935139724
0.3109784917360907 0.06586835394578683 0.03602832461784733 0.5871248297002751
0.4543218475802414 0.14235716801412668 0.39882052293472325 0.0045004614709086566
0.21742302808987402 0.4706331536037378 0.07250143154719046 0.2394423867591977
0.0684440013800035 0.00028425170014489964 0.18597662175780383 0.7452951251620478
0.19929428094547452 0.0653616705905985 0.12058756443182173 0.6147564840321053
0.09187012885513157 0.0064791544385019995 0.3496866470629417 0.5519640696434247
0.114941244491787 0.22162207525876465 0.08515465565762192 0.5782820245918264
0.09860670523694193 0.001842595769523947 0.5965621933207919 0.30298850567274227
0.13018444037651833 0.2982494779180499 0.1396249905955521 0.43194109110987966
0.3188506768807218 0.07847056953276788 0.05509393746091473 0.5475848161255956
0.08651005505353382 0.05603445448722211 0.050100916813314744 0.8073545736459293
0.5122614044196322 0.15955077315285104 0.29417623030841433 0.03401159211910243
0.18293421078774463 0.4697696119706146 0.2963433607018401 0.05095281653980066
0.46464332530005303 0.34805402444836986 0.10841214204754335 0.07889050820403376
0.46036160469005283 0.499582104685662 0.02771117009155888 0.012345120532726295
0.4600721682231296 0.019682164220291787 0.13504653527270094 0.3851991322838777
0.07031813354991545 0.21565966140134363 0.5458610811738605 0.16816112387488047
0.20920896966062041 0.1686602144994327 0.5469980940125341 0.07513272182741282
0.4223266328419537 0.13745228624536332 0.27061026955633805 0.16961081135634493
0.06125709448844452 0.05061222009981359 0.6208088771421094 0.2673218082696325
0.5272816356960266 0.08971329414218643 0.3502163698400569 0.03278870032173009
0.4005801562854373 0.4365719548911865 0.07017534485034693 0.09267254397302926
0.4047823827980481 0.005247305929569235 0.07284601999852947 0.5171242912738532
0.14365736167306975 0.018667642130728135 0.5272172411700852 0.31045775502611694
0.4475683087833907 0.20033063075765245 0.20163963155164055 0.15046142890731629
0.29762472582356725 0.1379425385997246 0.06724309440597032 0.49718964117073783
0.5292793135640694 0.13673282381221086 0.16629591853294345 0.16769194409077626
0.3604854666489441 0.1881070753402101 0.41613220889347136 0.03527524911737445
0.17662198743169488 0.7390221546481 0.044234545926454816 0.04012131199375035
