62 20 4 53.34844093714323 106.69688187428645
1.303792393808875 5.401967571690262 8.614765875527945 4.70261799828797 6.682738363576883 3.6184891353952064 5.885202600371884 3.053632419129734 3.162486964783617 9.581117743578663 6.812293889485764 1.1607143814227343 9.96513236691955 7.616750810849052 7.497482147792426 4.694468574544193 2.834021735555413 9.658922761346702 3.020239252348672 1.4300448878709124
0.260758478761775 1.0803935143380525 1.722953175105589 0.9405235996575939 1.3365476727153767 0.7236978270790413 1.1770405200743768 0.6107264838259467 0.6324973929567234 1.9162235487157324 1.3624587778971526 0.23214287628454686 1.9930264733839098 1.5233501621698102 1.4994964295584852 0.9388937149088387 0.5668043471110826 1.9317845522693404 0.6040478504697344 0.2860089775741825
0.8838471675590724 0.07893473187000177 0.023031977801512782 0.014186122769413001
0.01757670756217322 0.1393392050187936 0.22760721153060037 0.6154768758884328
0.11201011372897274 0.3166034618283059 0.4814528530543549 0.08993357138836644
0.28237425382788983 0.33690142316877514 0.11559724317130915 0.2651270798320259
0.2319284538685925 0.2857012550422132 0.1900534346613899 0.29231685642780436
0.36386157914644224 0.22697396701487116 0.33907550469870607 0.07008894913998054
0.29891531438549557 0.3808177720482421 0.12031949077677428 0.19994742278948807
0.19554847505866957 0.5646412547979488 0.1076328291662092 0.13217744097717243
0.2793118113132056 0.2400266282913358 0.2129227490958382 0.2677388112996204
0.3468443706460439 0.3110127942463152 0.2504388632621194 0.09170397184552148
0.3922017973113634 0.31447925123455245 0.21488341250526188 0.07843553894882227
0.3231523654476329 0.42218947477388313 0.2542448342139513 0.0004133255645326628
0.1282163812634115 0.6977101710513687 0.09455837256874533 0.07951507511647449
0.1830068581309271 0.5416535840175017 0.23384331867042285 0.04149623918114831
0.05924963099262137 0.0633542469354943 0.8108528002671704 0.0665433218047139
0.4866442618397384 0.4220836753819672 0.05568237596035952 0.03558968681793484
0.2098962200631701 0.0009895504670883737 0.7041877722646495 0.08492645720509207
0.1120088878878085 0.3052145454420977 0.014266517663907852 0.568510049006186
0.2227386552670807 0.021428123896203854 0.3682762922524653 0.38755692858425017
0.3356287757818025 0.17223099274417808 0.27232193279641703 0.2198182986776024
0.4030898969567097 0.20808474072161554 0.27795742600618034 0.11086793631549441
0.29390423105137065 0.17295587474280538 0.12058902422563877 0.4125508699801852
0.10251991388105897 0.028346511234644156 0.7979691694191552 0.07116440546514169
0.1889821298485318 0.08193464823091201 0.02055036087083395 0.7085328610497222
0.38586127824393923 0.4203794837607425 0.04347726770605065 0.1502819702892676
0.3356556189205484 0.43834740844117437 0.11362180011230971 0.11237517252596751
0.017833534938224926 0.5093335074517599 0.13689240264154645 0.33594055496846875
0.16907008243502575 0.01867956589936781 0.3542797622007887 0.4579705894648177
0.03921140234210496 0.2298861952815744 0.2444835549636295 0.48641884741269115
0.3471430460683239 0.44497988204446703 0.08715759597906003 0.12071947590814902
0.5094725180984385 0.345118878980739 0.11623921901116396 0.02916938390965851
0.0934462642321725 0.03927705494338607 0.7932779875948147 0.07399869322962671
0.03513781128132265 0.4451153539974726 0.40122723011649053 0.11851960460471422
0.05682917782949237 0.6152413802823625 0.0027799499520654303 0.32514949193607967
0.18270658727551325 0.4096094423756552 0.2935517510231951 0.11413221932563644
0.09093628318566616 0.26453099292285764 0.23965730646545857 0.4048754174260176
0.059256660826141117 0.5289689614249861 0.2785580903411303 0.1332162874077425
0.20303869170725053 0.12148421068122228 0.33245952333727613 0.34301757427425106
0.28609805312426784 0.5163963077005291 0.18581180850489376 0.011693830670309269
0.007557313723873249 0.15112452657625663 0.3658759037317014 0.4754422559681687
