33 80 4 211.6656684830792 423.33133696615835
3.2365911469395696 5.049778789457159 4.698467226968868 3.342697217982099 8.833561195122545 2.665359344457145 1.176952828870396 9.579268283533409 7.124057242579354 5.3792931389547505 9.685241378793586 4.5405886520947005 1.716018141582048 4.162666819724166 2.4727164634458574 9.84850138930508 8.925653657937172 5.446571213004071 4.608633170066306 5.061623167078869 7.487891636535066 3.2299145599303567 6.605019571637358 2.2820393427888592 2.8105865422472327 1.730959565038222 9.581250653282133 1.501644426779534 6.395828351098915 7.506978674441342 9.732607474283398 8.394125116709521 5.74795960695425 3.9832905658930082 4.18583976031719 1.7112727113208503 6.003229423828475 2.492150166007649 3.657140479368021 8.565476366427752 4.26305808472305 4.067325797704045 7.3936156979487855 1.2853697637587385 5.251490794398894 7.584189603449932 7.958941968373166 3.17120312953467 3.7557734095938544 2.2298467451278885 6.361621477541475 2.463119798316452 8.220944929087658 5.501139869667087 1.5354489273891425 4.5267919837832356 6.577979518051211 2.6937265896272127 4.850996276089574 1.8008347414950752 7.593673915563627 4.539694198521375 4.097227544995422 4.571962621111571 1.156348233272119 5.215284969300664 9.039254654763957 2.45407970720939 8.600135166545405 3.475614671801321 7.918592777346533 8.506023594281054 9.111666859287807 9.746424278712873 4.861325491735572 7.1747587556813395 3.9364973040651936 8.17740275037119 4.910755357596788 5.59174954554774
0.647318229387914 1.0099557578914318 0.9396934453937735 0.6685394435964198 1.7667122390245091 0.533071868891429 0.2353905657740792 1.9158536567066817 1.4248114485158707 1.07585862779095 1.9370482757587173 0.9081177304189401 0.3432036283164096 0.8325333639448331 0.49454329268917147 1.969700277861016 1.7851307315874343 1.0893142426008142 0.9217266340132613 1.0123246334157738 1.4975783273070131 0.6459829119860714 1.3210039143274717 0.4564078685577718 0.5621173084494465 0.3461919130076444 1.9162501306564266 0.3003288853559068 1.2791656702197831 1.5013957348882685 1.9465214948566796 1.6788250233419042 1.14959192139085 0.7966581131786017 0.8371679520634381 0.34225454226417007 1.200645884765695 0.4984300332015298 0.7314280958736041 1.7130952732855504 0.85261161694461 0.8134651595408091 1.478723139589757 0.2570739527517477 1.0502981588797788 1.5168379206899865 1.591788393674633 0.634240625906934 0.7511546819187709 0.4459693490255777 1.272324295508295 0.49262395966329037 1.6441889858175316 1.1002279739334173 0.3070897854778285 0.9053583967566471 1.3155959036102423 0.5387453179254426 0.9701992552179147 0.360166948299015 1.5187347831127254 0.907938839704275 0.8194455089990844 0.9143925242223142 0.23126964665442382 1.0430569938601328 1.8078509309527913 0.49081594144187796 1.720027033309081 0.6951229343602642 1.5837185554693067 1.7012047188562107 1.8223333718575614 1.9492848557425746 0.9722650983471144 1.434951751136268 0.7872994608130387 1.635480550074238 0.9821510715193575 1.1183499091095481
0.4524455382201017 0.23683758259615295 0.07404551649202362 0.23667136269172173
0.42086348967800447 0.5467680959145418 0.005232625722975115 0.027135788684478634
0.235905365849035 0.4174095760541392 0.23216070642215714 0.11452435167466868
0.34182884121892165 0.046864996068950004 0.0548666499464473 0.556439512765681
0.3732680338790636 0.41115328990112354 0.023258702144802856 0.19231997407501
0.3185012124023998 0.4876288688558207 0.009944433275717257 0.18392548546606224
0.5171186228655802 0.04101481959382458 0.2677899695948722 0.174076587945723
0.7019600886806018 0.05371129787887985 0.23086485745842455 0.013463755982093817
0.12204580491917427 0.0011904296864996278 0.6441428264449353 0.23262093894939084
0.20130348889006755 0.06809256531009011 0.29340123568291454 0.4372027101169278
0.4620403704825854 0.015648205287657646 0.13032054449251995 0.391990879737237
0.053834636192314766 0.13182154340282737 0.5378180910048234 0.2765257294000345
0.7686513638028475 0.034242632216349045 0.07135633914709094 0.12574966483371253
0.24539328023763607 0.1056527246322212 0.47902292385719847 0.16993107127294427
0.567789060257676 0.011072157650531267 0.1335608327036959 0.2875779493880969
0.22477339370013216 0.11091708052972982 0.03061686356979121 0.6336926622003468
0.14567470634167745 0.6466324086819062 0.06388914039113891 0.14380374458527745
0.38911347642867267 0.03803633027472486 0.21201974782008137 0.3608304454765211
0.13449071015925307 0.06988439568469951 0.4417893721140328 0.3538355220420146
0.4190304370079745 0.1084095421756337 0.37282434721248514 0.09973567360390667
0.4486649563862388 0.0816078849220534 0.40877315715316664 0.060954001538541136
0.37750036153856803 0.21930991008556455 0.33771655876180395 0.06547316961406346
0.002671314656475743 0.68535150001175 0.0935713386089213 0.2184058467228529
0.2921683568252421 0.1153255681853157 0.44967010837651766 0.14283596661292453
0.3024441048268546 0.4132074667450124 0.020110310285816557 0.26423811814231646
0.14676996368341344 0.16613352190482011 0.5270741396195774 0.16002237479218906
0.4704296972929237 0.18287426719962108 0.18662646074387879 0.16006957476357642
0.07053759627989531 0.18255336928685706 0.3494071021259987 0.39750193230724895
0.02034549917282147 0.8976898153274033 0.051461872754911764 0.03050281274486344
0.0072096349324279885 0.7169128300235464 0.2619678589324579 0.013909676111567681
0.020960327438552584 0.0056787650198222295 0.5001847618483675 0.4731761456932577
0.03703066736622984 0.23826654208531495 0.37865323290331143 0.3460495576451438
0.5014206209722316 0.04260559175482315 0.4242513024990644 0.031722484773880844
0.17445086259576625 0.6999502861673949 0.047654784252629145 0.07794406698420975
0.1530717067475419 0.2746819936124013 0.2707505490624521 0.3014957505776047
0.031184504971597415 0.8343628139835465 0.079525147622315 0.054927533422541086
0.5834686498859785 0.010899357962349088 0.03108241058485528 0.37454958156681717
0.5028285440751028 0.14053108342847842 0.007184183064238403 0.3494561894321804
0.00042556206057464685 0.7757456440128034 0.1884780788821241 0.03535071504449783
0.4136642739655271 0.3260941634586296 0.16168577642809412 0.09855578614774918
0.18080380120070094 0.24091905619436826 0.00986818269808365 0.5684089599068471
0.05251439815531722 0.11454539678630515 0.13297999794913462 0.699960207109243
0.010725001787691757 0.30104872889955314 0.46782946628864597 0.22039680302410913
0.2976226518037084 0.13236962272950714 0.17168492411698344 0.398322801349801
0.12307614322442317 0.7369286701292396 0.047082405772496894 0.09291278087384036
0.48814987246269015 0.36666264626643996 0.1089344182167965 0.03625306305407339
0.23268514121932393 0.15777650703722945 0.18559561732825058 0.42394273441519603
0.30666260761052133 0.1993578287845863 0.223064571984127 0.2709149916207654
0.06445727025992065 0.3022962051638697 0.07641208181799941 0.5568344427582103
0.26680845144850973 0.6918159978572748 0.020426293748866176 0.020949256945349326
0.4016142378204999 0.3233295936238235 0.08041116185172004 0.19464500670395657
0.771696512945414 0.12666763593054642 0.01816067059646509 0.08347518052757452
0.17397092901901912 0.05461706268838862 0.633131005257967 0.13828100303462532
0.3522337560799167 0.26739945328829595 0.13150655182674909 0.24886023880503827
0.18716247438846134 0.3092472933987691 0.2515906226143615 0.25199960959840806
0.25381445595193697 0.31807234548209184 0.17784564214152065 0.25026755642445053
0.18189813555354628 0.5181857480567129 0.1569682016802405 0.1429479147095003
0.15677440660378505 0.27004725861284584 0.20615842693403574 0.36701990784933336
0.647176871535571 0.1791938366711724 0.08657364962449976 0.08705564216875683
0.37224217526821024 0.46181888419435835 0.10188054839519078 0.06405839214224063
0.10452858680727495 0.33325071205214585 0.059530244305327495 0.5026904568352517
0.44967401528644046 0.27814872268329593 0.06761455217886359 0.20456270985140002
0.162407540185464 0.23926183588205407 0.47169378582272314 0.1266368381097588
0.04058735652287615 0.4443318399260612 0.35729746293649467 0.157783340614568
0.02770305978604437 0.14920161248711394 0.28474166696721026 0.5383536607596314
0.1321410626087287 0.05832176253602883 0.6255833648512341 0.18395381000400834
0.0002044617836346463 0.6081262044353549 0.3084752309113029 0.08319410286970752
0.6943035888103228 0.0038636674325215337 0.17899599608869965 0.12283674766845598
0.45694661602224207 0.15127152179374603 0.19587556654501137 0.19590629563900053
0.07592636384859752 0.5025171788769333 0.1094762021205582 0.312080255153911
0.24923725662124674 0.42664730420350183 0.31306358914692334 0.011051850028328092
0.03494476407774416 0.31231684228259493 0.11493119074289926 0.5378072028967616
0.360788308095234 0.042511211699370555 0.14759853050345106 0.4491019497019444
0.19910407274645514 0.08641247541079711 0.21969779206751816 0.4947856597752296
0.20020251115100984 0.06306752295950635 0.46594125639684514 0.27078870949263867
0.4001093173189054 0.1369260326244266 0.4374609918104959 0.025503658246172067
0.26159200262596594 0.07788888261162419 0.6550354378499254 0.005483676912484525
0.02769216128293006 0.15572922322850347 0.34843316700801075 0.4681454484805557
0.04106770449020225 0.10872353498840714 0.3105683941105801 0.5396403664108105
0.20272465526450667 0.011492659458636534 0.011056760836957835 0.774725924439899
0.1739191529496058 0.11205085080710486 0.6122213627270399 0.10180863351624947
0.17099071752127593 0.3897197738851007 0.007210255851305081 0.4320792527423183
0.36822584666470326 0.19806814289619423 0.3975772745353624 0.036128735903740106
0.6089401865000075 0.057467516443142186 0.18426383331499818 0.14932846374185216
0.6727242990057668 0.024735847344886874 0.27051585126179967 0.03202400238754666
0.15996464727464832 0.10705886456709368 0.6057507325215243 0.12722575563673366
0.5526963757668745 0.2025170913331733 0.23850506957508444 0.0062814633248677865
0.4322742472437593 0.0779070545236672 0.42641392947882484 0.06340476875374867
0.263394990697595 0.366891781063693 0.0923920133619558 0.2773212148767562
0.2645241089710051 0.0043081876571132716 0.5891350106194564 0.14203269275242525
0.3867554845049517 0.035387225867406946 0.29664674841699346 0.2812105412106479
0.029429883845652594 0.008890194490281833 0.23057448728914098 0.7311054343749246
0.1329187732743955 0.4382711694128575 0.23576791820831722 0.1930421391044298
0.19513580829480015 0.2109536143127395 0.5307202313111828 0.0631903460812775
0.21733253164834898 0.1378937098420564 0.4478699186433277 0.19690383986626692
0.34225766299767246 0.06025026434891112 0.024811518327267357 0.5726805543261491
0.048596783290192236 0.07615059402604585 0.5239672121107766 0.35128541057298535
0.14740808877845213 0.2660121792895994 0.15000081377105046 0.436578918160898
0.04954139199958063 0.2842124415112629 0.44770995774313893 0.21853620874601754
0.4279405420176946 0.39962296955092624 0.12388633359952184 0.04855015483185732
0.16797686601183437 0.28796836880455523 0.07761832009618164 0.46643644508742876
0.5307899591648383 0.028555407935577315 0.3784271356641803 0.062227497235404106
0.047465790321446044 0.45544386190878594 0.13721020562920527 0.35988014214056274
0.07849929347475038 0.6063321660591137 0.23090073974159164 0.08426780072454432
0.2902390548483993 0.11000004716378975 0.06386400982231333 0.5358968881654976
0.04824806298546602 0.3200682048142163 0.19928527456401912 0.4323984576362986
0.17371330990516998 0.47579497664679515 0.32609693234060644 0.02439478110742843
0.3704119205824925 0.5203548115661035 0.09347563826582861 0.01575762958557536
0.14503601652960385 0.13760159674272898 0.4304577504690983 0.2869046362585689
0.6467080516702975 0.23362949672359934 0.049289796085729254 0.07037265552037386
0.6150177566750388 0.10996384792959102 0.18630066640895127 0.08871772898641894
0.04773419932390388 0.14144817676885546 0.6058458528000805 0.20497177110716014
0.47504592786223376 0.2566225414103157 0.24426764361949027 0.024063887107960258
0.03337776205672527 0.49333173315664935 0.06626458415880776 0.4070259206278176
0.050299663359801405 0.11318270593760238 0.23494903886946195 0.6015685918331343
0.5071193789604866 0.08156353842179997 0.014310855142804502 0.3970062274749089
0.17907689890519174 0.2322383053515309 0.2835547815266154 0.30513001421666197
0.48159441206260434 0.030806830892261994 0.24609926363112578 0.2414994934140079
0.6833326301973681 0.14141281239063364 0.03491469826883353 0.1403398591431647
0.7989059210982765 0.0531127235728015 0.06238229132261763 0.08559906400630435
0.17161198614079043 0.5224024018319127 0.17267712628188714 0.13330848574540977
0.08886932307963813 0.7483315821951662 0.002564435459379011 0.1602346592658167
0.07886996634346399 0.13000994690032142 0.02063379148275335 0.7704862952734612
0.010442422551755981 0.4500770532176147 0.0959033884296272 0.4435771358010021
0.26908389398859245 0.25947681941583545 0.24005419918036897 0.23138508741520314
0.6355390278771028 0.0664068960670392 0.0674363990034863 0.23061767705237168
0.31896346041745094 0.11849851942856937 0.4599877642093608 0.10255025594461886
0.008406556004809107 0.3714458497745152 0.4671814552800789 0.15296613894059674
0.2380072128402947 0.04990885178422877 0.6346434579824745 0.07744047739300208
0.0871220891219916 0.7383961302879534 0.09151626853519268 0.08296551205486236
0.3715160428190767 0.1403589576687846 0.4765766936875504 0.011548305824588323
0.3468694640509168 0.1224365644697103 0.4161662034836999 0.11452776799567299
0.56094648213134 0.3572761854113201 0.048528009388465354 0.033249323068874514
0.24619230776011758 0.43590892469129006 0.1799143646685608 0.13798440288003155
0.414677754259151 0.4620693912886653 0.11730851253817676 0.005944341914006945
0.5140557097821117 0.10731476890728842 0.14357425201268492 0.23505526929791498
0.209497059640132 0.05259415055868 0.08231302520200334 0.6555957645991847
0.5373168379681229 0.1979979391629415 0.16007131449939127 0.10461390836954432
0.018289541387940922 0.6433201225346236 0.15408132651796325 0.18430900955947227
0.02514826385969937 0.5148091987336106 0.44100237821941 0.01904015918727997
0.0895067935799162 0.46982244156413655 0.3168519090275288 0.12381885582841845
0.13969623137899423 0.2319939852543661 0.4860169101201891 0.14229287324645057
0.4019799624880843 0.03342018276613634 0.25881508480704574 0.3057847699387336
0.26200109332842336 0.3864799032610279 0.10018445914500451 0.25133454426554425
0.16514966225788275 0.17363025648725428 0.3867345492113772 0.2744855320434858
0.6786635624937006 0.06438237034277872 0.17092151824453905 0.0860325489189816
0.12638309293544103 0.7781585858032243 0.0656762219859065 0.029782099275428187
0.4867925598190045 0.048982216436135984 0.4466347017684469 0.017590521976412643
0.3131958663584583 0.24852379183585727 0.22345706286063505 0.21482327894504938
0.7891801387443874 0.05509204066689255 0.15152852095275504 0.0041992996359649926
0.01902092795849697 0.5084103446229484 0.27853642694919545 0.19403230046935915
0.13363116400932296 0.09565631583146739 0.08459347526822514 0.6861190448909845
0.025272372678808996 0.5324821124168058 0.35431913317479424 0.087926381729591
0.1489122460389608 0.5252625357794081 0.24617527502179015 0.07964994315984097
0.11777670268075391 0.6149532687455498 0.2101417309265723 0.057128297647124016
0.4524384988195683 0.16652849745676213 0.2961162919491337 0.08491671177453586
0.04357873619799946 0.2451752514144876 0.15085395323028405 0.5603920591572289
0.09112099176869737 0.051306791874545676 0.44698483740686235 0.4105873789498946
0.2382154975526446 0.17329771458091103 0.2683395732033238 0.32014721466312057
0.23936036907415037 0.08862375460249061 0.2796361901187234 0.3923796862046356
