44 80 4 225.66988452510088 451.33976905020177
8.513579337990844 1.9431649393288277 7.70176433511566 4.244507526306571 4.233797540272647 6.483145425563365 4.544015959794262 4.681653488748088 5.5891216863064574 7.391331939943661 9.644736026851007 5.109589980450435 4.848863689554481 2.0211733100797336 2.961089824118717 9.617248621611257 9.490156483639556 8.93641853040848 6.817695061630541 2.924423309175477 6.731488124261553 2.2523162678641313 5.128336632748263 8.864768666406864 3.3260527528036627 6.983659879862785 8.764069024332635 2.3396325673979703 6.066549623430759 2.432397374318329 2.556054339240692 1.93620664891208 2.826438337001504 5.096703670505991 8.151174246053952 9.917404128827034 8.24515480522407 4.3967386514478015 5.641636830596555 1.5300902923486968 7.399861175827258 1.6525703205787252 8.943504237368918 7.534520367099027 8.500295911975803 7.392076154466556 7.2768692638377255 9.370925230673553 8.935054739715547 1.8547478496681227 5.108467755136622 5.434511426709797 1.9807615354224894 2.383610147755747 9.858556299758602 3.4440413834075376 9.074366979619343 2.4781118097167627 2.191224652646774 3.856180624023874 3.766803029430602 4.798496680789606 3.9789675172068963 6.112678356291222 1.857561954050336 8.181797363660696 3.4179073343013533 9.202734216301257 9.115695816992721 1.1427202031613746 8.683140213840337 7.080455563030496 1.3391226309610733 3.7805304954036094 6.07824542810955 6.346698665075132 7.127320670144403 6.691886425019562 9.448322405878606 7.634076334668828
1.7027158675981688 0.38863298786576556 1.5403528670231321 0.8489015052613142 0.8467595080545294 1.2966290851126732 0.9088031919588524 0.9363306977496176 1.1178243372612915 1.4782663879887321 1.9289472053702013 1.021917996090087 0.9697727379108961 0.4042346620159467 0.5922179648237434 1.9234497243222513 1.8980312967279112 1.787283706081696 1.3635390123261082 0.5848846618350955 1.3462976248523106 0.45046325357282624 1.0256673265496525 1.7729537332813727 0.6652105505607325 1.396731975972557 1.752813804866527 0.4679265134795941 1.2133099246861518 0.48647947486366583 0.5112108678481384 0.387241329782416 0.5652876674003008 1.0193407341011982 1.6302348492107903 1.9834808257654069 1.649030961044814 0.8793477302895603 1.128327366119311 0.30601805846973934 1.4799722351654516 0.330514064115745 1.7887008474737836 1.5069040734198054 1.7000591823951605 1.4784152308933112 1.455373852767545 1.8741850461347105 1.7870109479431093 0.37094956993362455 1.0216935510273244 1.0869022853419594 0.3961523070844979 0.47672202955114945 1.9717112599517204 0.6888082766815076 1.8148733959238688 0.4956223619433525 0.4382449305293548 0.7712361248047748 0.7533606058861204 0.9596993361579212 0.7957935034413792 1.2225356712582445 0.3715123908100672 1.636359472732139 0.6835814668602707 1.8405468432602514 1.8231391633985443 0.2285440406322749 1.7366280427680674 1.416091112606099 0.26782452619221464 0.7561060990807219 1.21564908562191 1.2693397330150265 1.4254641340288807 1.3383772850039124 1.8896644811757213 1.5268152669337656
0.0182551076829518 0.4753801649167676 0.2512202374650431 0.25514448993523753
0.048454148802225094 0.06422572928301273 0.39040999090662687 0.4969101310081353
0.05755525959752117 0.241650656224503 0.04827300106705834 0.6525210831109175
0.09891265041086883 0.5441315005894413 0.04620987794385456 0.31074597105583535
0.002541242720362824 0.3165337136739813 0.3800526882698283 0.30087235533582757
0.13208267917346472 0.18094254404053478 0.1967814980579723 0.4901932787280282
0.0003637751704699266 0.42965524437912883 0.3622761583468386 0.20770482210356267
0.25878023347396073 0.3573635245413075 0.2255314843511378 0.158324757633594
0.5134577603567443 0.2899362079280746 0.17728169733845422 0.01932433437672687
0.26815606288495886 0.09505399233110445 0.04170593402636125 0.5950840107575754
0.4607049014203064 0.024716351289512772 0.36476839735056854 0.1498103499396123
0.17336596120429493 0.16465768712951467 0.6484982999706052 0.013478051695585247
0.3121379551365323 0.405908816735714 0.0708634777135404 0.2110897504142133
0.12889973998601045 0.33077970322660644 0.1198760543359384 0.4204445024514447
0.17111105661548986 0.37831027598968126 0.0026397344231288145 0.44793893297170007
0.405570276316518 0.3007348854730332 0.006299725879162277 0.28739511233128656
0.005883066355186983 0.7565889379096726 0.22023016680948848 0.017297828925651904
0.07897690039948257 0.673929020174122 0.22882697511330163 0.01826710431309375
0.2085981135547098 0.08339674694553478 0.6777997740044405 0.03020536549531494
0.14275535696855057 0.36819291307589985 0.06368566982670265 0.4253660601288469
0.12993429275883883 0.03339737481783356 0.012998172033653055 0.8236701603896746
0.35976216730363153 0.25780164627701196 0.058346827456285943 0.32408935896307056
0.26078603784056 0.4200790953939373 0.12789340651126901 0.19124146025423372
0.523549918088129 0.3938997923444979 0.015314159453041154 0.06723613011433194
0.3514503332058071 0.057157704917087826 0.14637195042828122 0.44502001144882386
0.12623228549869014 0.17833832658819915 0.1985571109967631 0.4968722769163476
0.3901168596680715 0.03198771780900589 0.02626048192118524 0.5516349406017373
0.34691334052889033 0.2565474851811168 0.13296079573353747 0.2635783785564554
0.5938196119770017 0.007030067209846891 0.23491519047403142 0.16423513033911996
0.13885521665528622 0.5263558345458988 0.3058880816814794 0.028900867117335527
0.15381600729306977 0.5580528352896538 0.13116405396105613 0.15696710345622034
0.2725795336469634 0.014926936343831021 0.38315839059484136 0.3293351394143642
0.1545533337289503 0.22982962947575958 0.4674066909956315 0.14821034579965864
0.21774716929496862 0.2715727111811401 0.09188375630633083 0.4187963632175604
0.383568043647754 0.44503594127836277 0.05709300398923345 0.1143030110846498
0.2833497829016478 0.36361505582144926 0.19513468908072107 0.15790047219618186
0.07760553833488038 0.05502229089465971 0.3515112585787409 0.515860912191719
0.8137643764548511 0.05305665959030814 0.08823068556714408 0.04494827838769666
0.12961711703499323 0.24640029545118813 0.5412996985578786 0.08268288895594
0.06657028245059005 0.347332548209745 0.19040626950628003 0.3956908998333849
0.1132882645424308 0.19029873138390851 0.5895748641343507 0.10683813993931002
0.044870978888657764 0.07302834497314836 0.5030675403194257 0.3790331358187682
0.007517058420938527 0.1607278359200054 0.1306413980542328 0.7011137076048233
0.02903430106856353 0.2789237150567905 0.10985041438468723 0.5821915694899588
0.014098171827430672 0.5050020127945591 0.37462606444552127 0.10627375093248892
0.24630126263185181 0.4205346459308278 0.20228106130486012 0.13088303013246028
0.221276823376085 0.14467761157909742 0.49180691527767373 0.14223864976714384
0.3942984256564236 0.19346764929075877 0.39824587650520904 0.0139880485476086
0.3939995908325681 0.13536024093802335 0.3856537576958332 0.08498641053357536
0.6656693608386333 0.0808653634902472 0.12479369162033915 0.12867158405078039
0.5364031881135913 0.17824035983644904 0.03378558590600378 0.25157086614395585
0.2155443643970436 0.11156142747423048 0.642438632215663 0.030455575913062916
0.02812785731896872 0.14748729952534823 0.7183885287123525 0.10599631444333057
0.03244108245772814 0.07544114365415855 0.12279066075763079 0.7693271131304825
0.032713285977953754 0.10570885906376526 0.5003254994401014 0.3612523555181796
0.12390815944557743 0.1953269059630438 0.6334717726408746 0.04729316195050415
0.049114510112086784 0.2745382859385398 0.41286580791422134 0.2634813960351521
0.29684294860996696 0.582910235183513 0.09008587407541235 0.03016094213110765
0.6282022746511503 0.01455360712637599 0.019090200989253292 0.3381539172332204
0.6282937702165428 0.15115510491370066 0.1127830775073454 0.10776804736241119
0.06253269858391963 0.3350459344319965 0.5269939493983014 0.07542741758578253
0.08837079653411473 0.6351487139664517 0.2445309330597446 0.031949556439689
0.09601508650533352 0.3958611601703109 0.07242432146618871 0.43569943185816684
0.08231824693741185 0.07887006762872428 0.6511729946082138 0.1876386908256501
0.2853423916933928 0.16108952162935308 0.19316133289519466 0.36040675378205944
0.2921588344498349 0.15561127733318925 0.4085220674796306 0.14370782073734523
0.2808478477568629 0.35971973102787425 0.051229862169885676 0.3082025590453772
0.12531946923055282 0.2984629654715243 0.3505714752657032 0.2256460900322197
0.011685752017095541 0.07379320383619459 0.17624523221598576 0.7382758119307241
0.6152333415930349 0.06114506973912148 0.3203222975920399 0.003299291075803734
0.32581852606323647 0.13103049599809868 0.3894048200981025 0.15374615784056234
0.14256142571503527 0.4207776523823863 0.3107549243551444 0.12590599754743403
0.442596785024861 0.28220443188925404 0.08130561868243724 0.19389316440344773
0.08501051504439727 0.24581911911233334 0.3147005664913267 0.35446979935194267
0.16040529738404752 0.5522787400749211 0.02613935237395526 0.26117661016707616
0.27339807659967585 0.18561496093242114 0.028473972637095057 0.512512989830808
0.0838843546065835 0.12615111058127126 0.32518900032984277 0.46477553448230247
0.08191528658998548 0.2287396195083229 0.4911803334200787 0.1981647604816129
0.6188075706067205 0.07668310284753688 0.0821309984078431 0.22237832813789948
0.692127129285871 0.12283679694223038 0.08922960475461517 0.09580646901728351
0.10888559529044084 0.07401812545012532 0.6838473153316087 0.13324896392782515
0.4994288951602711 0.2652982398955962 0.08857052415595135 0.14670234078818134
0.551129483776576 0.04417731862394958 0.3361121295058843 0.0685810680935901
0.18216201205132265 0.162613581157112 0.396418439374152 0.25880596741741335
0.21219464549832456 0.05535951871540179 0.15138023246886811 0.5810656033174055
0.370439888594402 0.306859592196424 0.1801265892978311 0.14257392991134288
0.06413964755693335 0.2823847103504731 0.4326206409420563 0.22085500115053724
0.11692560546847719 0.23480436035675922 0.13239457928058262 0.515875454894181
0.362532293062925 0.043153584350999696 0.27113462697512236 0.32317949561095294
0.5009179518847273 0.22733170547318515 0.1495501798536164 0.12220016278847112
0.3149405550065224 0.08965649156377875 0.5312198164710918 0.064183136958607
0.44846886960375876 0.019106320657797937 0.1055172173343949 0.4269075924040484
0.48460396027833175 0.21077799489718974 0.19714354801956868 0.10747449680490984
0.38953335235033526 0.19994628667825654 0.025906045939732225 0.384614315031676
0.4871203044289981 0.04040643974846281 0.4514635283313265 0.02100972749121255
0.20269273565233248 0.33582226877145227 0.2206317686490411 0.24085322692717415
0.24384420395527728 0.3152102429255549 0.22770693117583884 0.213238621943329
0.028544667945797242 0.4808299443725379 0.259150701080498 0.23147468660116688
0.05291761358361302 0.020574270372863745 0.22874678586664743 0.6977613301768758
0.40746714394560435 0.0790340632045533 0.15248347381239102 0.3610153190374513
0.28150944302944736 0.5268359986451578 0.04183001379451312 0.14982454453088168
0.022307575720608153 0.32604570770149954 0.054060358416376464 0.5975863581615158
0.1801066059155938 0.006972748494366798 0.6915760325582145 0.12134461303182487
0.16566384371498255 0.4612319948193554 0.01467076207281548 0.3584333993928466
0.48222250185405446 0.0573590796301221 0.20303067515470796 0.2573877433611155
0.7194543296560749 0.005446511718967262 0.2619549007164186 0.013144257908539236
0.3084005100415098 0.27655473594017943 0.23141362840960866 0.1836311256087021
0.15064106774295083 0.013260672823372732 0.033854618881816956 0.8022436405518595
0.3843549237785746 0.04272617578487359 0.49067026465254604 0.08224863578400576
0.4058216311410574 0.3658389403293498 0.020627653730128648 0.20771177479946412
0.4585549537938596 0.4644681662577339 0.03349420633226141 0.04348267361614511
0.2153139832753106 0.09792486593256289 0.5278080218913157 0.15895312890081081
0.6886440270173915 0.0869527617263901 0.22138246987416255 0.0030207413820558804
0.12370928649004942 0.20047601388865954 0.30320795417487734 0.3726067454464137
0.18671049619779023 0.028686926110276012 0.2838736447366996 0.5007289329552341
0.18909155870229133 0.6011346398507117 0.09890435739040948 0.1108694440565875
0.03729793597817843 0.5534423003805977 0.2902557955266364 0.11900396811458747
0.8377276535293943 0.08132908739125655 0.05351532807164372 0.027427931007705464
0.14654873841072602 0.3370527100604056 0.061603632441915246 0.45479491908695313
0.024388334449047866 0.19951590444503364 0.3377989434596962 0.4382968176462223
0.34694890818704194 0.23921802781493218 0.4058572838964938 0.007975780101532104
0.2652322804566266 0.07324521240734938 0.4382478144197284 0.22327469271629563
0.32506878415962925 0.48691227845487806 0.07721644306892816 0.11080249431656453
0.42292696866542634 0.050806506107617055 0.22220479682829475 0.30406172839866186
0.4268781031084383 0.1613113758458189 0.3854611911213769 0.026349329924365894
0.3288367277608927 0.12688643698352964 0.10943979952387495 0.43483703573170274
0.7983133524260584 0.0941918912064561 0.07357943146807189 0.033915324899413624
0.08329922618176056 0.18604538039044705 0.6004180977919741 0.13023729563581832
0.03681354258433045 0.2585578453634252 0.2826099380403728 0.42201867401187154
0.08172677457251087 0.292101718172992 0.06728570811871448 0.5588857991357826
0.6700047500069983 0.04273403250740693 0.03483879540292789 0.25242242208266685
0.3582503653922805 0.18533255474638055 0.21166608307628743 0.24475099678505152
0.07484242620063308 0.5945350629604123 0.159761355637697 0.17086115520125766
0.2734271812392398 0.33881360989603126 0.23566722142516305 0.15209198743956587
0.004046041316992599 0.49440744462549746 0.2788531619030937 0.2226933521544162
0.32127109772030404 0.3027780907601957 0.13244004991186364 0.24351076160763663
0.4580303936897693 0.26050931607022076 0.23110181833646692 0.050358471903543034
0.5558144254770064 0.04234513814257712 0.1028171854553922 0.29902325092502424
0.5895939364296772 0.1802509437654276 0.051196235691354564 0.17895888411354066
0.8674729368789937 0.018305300743635566 0.09595861438604125 0.018263147991329443
0.36376645493897963 0.5005460578303669 0.06755276476218652 0.06813472246846697
0.342204281954715 0.0632202276962015 0.03096937294055846 0.5636061174085251
0.4926965782189955 0.0820313922883723 0.09463516410720452 0.3306368653854277
0.6047984752059907 0.14691865516243452 0.22571843772877542 0.02256443190279933
0.32871055683199124 0.17522664440891023 0.42191573844296637 0.07414706031613216
0.25092432163809975 0.4731634168326928 0.06929036322849458 0.20662189830071287
0.294127557159801 0.20746548324495073 0.21058366144582985 0.2878232981494184
0.07584330859455934 0.06706677241881343 0.3702940717633849 0.4867958472232423
0.03769481709096978 0.34853229743062786 0.1915228822296744 0.42225000324872797
0.14997623255026626 0.45594096039684584 0.21871919271460227 0.17536361433828562
0.6194100021471409 0.11659052337894216 0.06742291458827221 0.1965765598856447
0.5229985803261964 0.057240904723172004 0.14164127110484326 0.27811924384578834
0.24294547423995516 0.6011083390124193 0.07143303496412945 0.08451315178349605
0.01868823106952411 0.3830656392700136 0.524674830559301 0.07357129910116134
0.45917324681477156 0.38496754537051825 0.1051291566801752 0.05073005113453499
0.23604066022478953 0.3114807649699526 0.4044368972189235 0.048041677586334375
0.018233146380780885 0.4263836277111487 0.40287215002583465 0.15251107588223578
0.053850187410994454 0.09051266276455905 0.4475131393977618 0.40812401042668467
0.33577300297251256 0.4363236513191704 0.12726598081680507 0.10063736489151198
0.6290914550455581 0.2713969121618458 0.0622588172221592 0.037252815570436915
