34 80 4 220.20916688999898 440.41833377999797
1.3470551279326868 8.020904144722074 1.8343337980071999 6.6960341783602955 1.1250176348819683 9.42542682476431 4.839169435619801 3.2777780568231716 2.7096877566430293 4.733421696430943 1.1207854876546226 6.836255063408714 8.824318713541308 6.481321331029479 8.271935369934809 8.438601973773997 3.445150003644713 8.528287968049987 3.542872239359573 2.244777423669865 7.43248246508607 5.252829467901756 6.009296327851245 4.470180159336774 9.470319940511006 1.7307160793451661 9.255407358214166 2.4124098278633563 4.997327379010177 2.9089543882374733 2.5722384284684003 5.633182465239477 9.036077842256583 9.313129606531374 8.523806970459088 5.4969156349376345 8.388675193596008 9.409493445322356 8.153306863338385 5.154265919649688 4.174208251472475 1.9773318290421504 9.86298879698416 2.3595244528944037 3.5057091649798275 7.292165900027012 6.82932464192034 3.0118288975410863 8.216636818548213 5.609010795253806 1.7079614089139152 1.3074378491560488 6.095361764637497 2.347062039118036 3.1710971910258925 1.301371544199685 6.903319924590374 8.689852309018208 2.797784135580593 8.263472389799809 1.6790183924593514 6.724309479300701 8.477588730284454 3.6236938444210356 5.2812563625887226 2.5662193391961132 9.57671348509076 1.3698635628322402 8.662631299877088 8.55461949770395 9.651160741520783 1.8192099783469677 9.669789421686133 2.0090534686041948 1.4001100956446855 7.703038422433099 8.78845319270972 9.42220572775452 6.669342414761879 3.9824562266694032
0.26941102558653734 1.6041808289444148 0.36686675960144 1.339206835672059 0.22500352697639364 1.885085364952862 0.9678338871239601 0.6555556113646344 0.5419375513286059 0.9466843392861886 0.22415709753092453 1.3672510126817428 1.7648637427082616 1.2962642662058959 1.6543870739869617 1.6877203947547994 0.6890300007289426 1.7056575936099976 0.7085744478719146 0.448955484733973 1.486496493017214 1.0505658935803512 1.201859265570249 0.8940360318673548 1.8940639881022012 0.34614321586903324 1.8510814716428332 0.48248196557267126 0.9994654758020355 0.5817908776474947 0.51444768569368 1.1266364930478954 1.8072155684513167 1.8626259213062748 1.7047613940918176 1.099383126987527 1.6777350387192016 1.8818986890644713 1.6306613726676769 1.0308531839299375 0.834841650294495 0.3954663658084301 1.972597759396832 0.47190489057888074 0.7011418329959656 1.4584331800054025 1.365864928384068 0.6023657795082172 1.6433273637096426 1.1218021590507612 0.34159228178278306 0.26148756983120974 1.2190723529274994 0.4694124078236072 0.6342194382051785 0.26027430883993696 1.3806639849180748 1.7379704618036418 0.5595568271161186 1.6526944779599617 0.33580367849187026 1.3448618958601402 1.6955177460568909 0.7247387688842071 1.0562512725177444 0.5132438678392226 1.915342697018152 0.27397271256644806 1.7325262599754176 1.71092389954079 1.9302321483041567 0.36384199566939357 1.9339578843372265 0.40181069372083894 0.2800220191289371 1.5406076844866199 1.7576906385419442 1.884441145550904 1.333868482952376 0.7964912453338806
0.4707199976513726 0.1479620022948166 0.3241220416897721 0.05719595836403868
0.07873413308123811 0.5323068892516419 0.3603502352755087 0.028608742391611264
0.18760619679225643 0.31125700596534334 0.11473948689767488 0.38639731034472535
0.3947117479468081 0.06527051208824108 0.3614997674133107 0.17851797255164015
0.4996838475920746 0.14087616572219241 0.16620680162902934 0.19323318505670362
0.8839741358463944 0.05174459353711092 0.014133561741255352 0.05014770887523934
0.02931153622697158 0.6229054857330952 0.018758950805242813 0.3290240272346904
0.003800510587876671 0.06710798945650198 0.042369475033391946 0.8867220249222294
0.003203447693671424 0.07123425342464729 0.13154875472698302 0.7940135441546983
0.17948953950274038 0.04334238013662106 0.6943044714112975 0.08286360894934108
0.15897315924185362 0.6042389258179005 0.007167661547340498 0.22962025339290537
0.0322273737454305 0.8019578951010076 0.13648026653426237 0.02933446461929956
0.18184572958442757 0.4445852465801696 0.18613754795138104 0.18743147588402176
0.031824297775214005 0.6277418680903742 0.1473992900385901 0.19303454409582166
0.00617466870848371 0.14901430517991077 0.4078876508072099 0.4369233753043956
0.5121737836783461 0.03914768400215851 0.41167374321707517 0.03700478910242022
0.01808134963530883 0.7048226381555355 0.26464389448794545 0.012452117721210243
0.12402520880106827 0.2921336523108715 0.08187805854015018 0.50196308034791
0.053906162491266896 0.0005667899356590622 0.6976112211182156 0.24791582645485843
0.12874767004736454 0.5534766297859866 0.020454602686284185 0.2973210974803647
0.07852470636135489 0.7062410457823529 0.14494725643415785 0.07028699142213435
0.5241661179354696 0.26514941936007397 0.007665755394705265 0.20301870730975113
0.3044179540423292 0.02226977880797887 0.017131398860805058 0.6561808682888869
0.005724287738359868 0.003754285008824021 0.5740144545870934 0.4165069726657227
0.4057062928234827 0.04380763137391086 0.07072705212524577 0.4797590236773607
0.606319582643293 0.275296015370852 0.004820070498965268 0.11356433148688971
0.4484770354823613 0.4465254718534526 0.09203159779041636 0.012965894873769757
0.5190200140622309 0.009674877223256995 0.09908085108887399 0.37222425762563816
0.5354411499845553 0.06028639576076955 0.3030409860397826 0.1012314682148926
0.034221270940008486 0.43048452338806087 0.15503152661918318 0.38026267905274747
0.1452951926442062 0.031591252652381385 0.5316099155470279 0.29150363915638455
0.2714638078371666 0.04762697638131097 0.13313264142762216 0.5477765743539003
0.34577004012972856 0.36297361869132294 0.22668795797224106 0.06456838320670744
0.45546871477514617 0.26898007532982493 0.0733524154335341 0.2021987944614948
0.12490344587147761 0.565813617542193 0.0445050967209194 0.26477783986541004
0.03696902055067797 0.3133320842811975 0.6416176926023387 0.008081202565785817
0.6000289884394853 0.14579594624247727 0.24003183814739426 0.014143227170643202
0.07104192029807643 0.3004824862317951 0.2908681777180194 0.33760741575210906
0.22843835624865583 0.15995406576679994 0.09608719435826174 0.5155203836262825
0.5533320163592403 0.2559425135681537 0.1566359588551124 0.034089511217493595
0.2862372852031515 0.13372169590241778 0.07415938629059082 0.5058816326038399
0.6064156050750918 0.13879755459229126 0.214692987712938 0.040093852619678905
0.030993766885217378 0.1803396295901063 0.36872744550923464 0.4199391580154417
0.00013994831612929026 0.3301281302273791 0.11620713502305391 0.5535247864334377
0.16714560338633966 0.14374774824666225 0.06085538982060901 0.6282512585463891
0.5013840731703437 0.06923995931445048 0.3367411717662643 0.09263479574894151
0.2149087426362748 0.07505319249894937 0.13999252574781484 0.570045539116961
0.019632681581813083 0.23050075571777018 0.48796044231943625 0.2619061203809805
0.04153114106866096 0.3391710247820561 0.4722622044357637 0.14703562971351924
0.32576503549875946 0.19431768602726718 0.2868627512702441 0.1930545272037293
0.07216362634321805 0.18263710614011242 0.5442431728147251 0.20095609470194442
0.09801288150821119 0.062364050303797214 0.45807844525067776 0.38154462293731384
0.050120546352533824 0.22617029369954567 0.17865534812655592 0.5450538118213646
0.3226761668706205 0.028739106388492086 0.14024531708583765 0.5083394096550498
0.3907037266137191 0.40442466146644884 0.0314141320121587 0.17345747990767335
0.008224856257509905 0.7102594420187158 0.08478634809467323 0.19672935362910104
0.02180214522779167 0.16338966655655285 0.23105581395075436 0.5837523742649011
0.10219178961565256 0.5382800969792085 0.12444151062657349 0.2350866027785654
0.025063056416832374 0.1727474526915428 0.14739864065988528 0.6547908502317396
0.4223944414424877 0.24939852925095096 0.1944678647940652 0.13373916451249612
0.36130701358051764 0.35628544907438986 0.09504640555018418 0.18736113179490832
0.25477029227443404 0.11512169202249734 0.5263480552759123 0.1037599604271563
0.010706653766978769 0.5861278671762395 0.3832631864951149 0.019902292561666757
0.37030049058002 0.37222125142942264 0.04438173979842319 0.21309651819213415
0.3928359989073622 0.04479498352827105 0.417563002415988 0.14480601514837876
0.1317978936177786 0.13149218404490848 0.1951650220725062 0.5415449002648067
0.1989582280973533 0.06418730524171012 0.06489169489211222 0.6719627717688244
0.2612371513823716 0.08400058779442088 0.4873695828887954 0.16739267793441215
0.10786260728572239 0.3409618354358437 0.1675963505714806 0.38357920670695334
0.1913455270158686 0.09572259791080762 0.09780837698743694 0.6151234980858868
0.39189385247215114 0.05273046392076253 0.4252847923337585 0.13009089127332785
0.3749658889079054 0.07566774400974419 0.11502526364395527 0.43434110343839516
0.1587168796626537 0.5558776334787869 0.1553832617673977 0.13002222509116168
0.16481883017640597 0.29297691807670223 0.15332568083604015 0.38887857091085165
0.040309422999301736 0.05149162577482891 0.0942922409865935 0.8139067102392759
0.10363807048823337 0.17064614968180414 0.39019055400197866 0.33552522582798383
0.21226496315294763 0.04485222613648099 0.3817866040487887 0.36109620666178266
0.28171266415135776 0.3694653808791325 0.011748897157280114 0.3370730578122296
0.11822125222849489 0.06455076408524718 0.6950728306520746 0.12215515303418334
0.16598071449343965 0.12663246968580266 0.5646284321697385 0.14275838365101923
0.02332673110625494 0.14049919043955694 0.6383033760925609 0.19787070236162718
0.22386289974195162 0.6362479661172709 0.031976107394111386 0.10791302674666614
0.5861646186247971 0.19657574765161168 0.1886144927703406 0.02864514095325066
0.27743157409208985 0.625649287843367 0.026367400953303255 0.07055173711123985
0.06943247738154967 0.4118052348136476 0.28384708099434086 0.23491520681046185
0.32911780849335426 0.08466601382262862 0.5817438513156021 0.004472326368414992
0.44883079801946 0.11822209765857228 0.391022653875018 0.0419244504469497
0.07479813294833837 0.09417295940992243 0.1531672739338058 0.6778616337079334
0.1337316176023131 0.12642979663094456 0.20918916684975042 0.5306494189169919
0.013398485280832761 0.10444690420258917 0.6143240034212268 0.2678306070953512
0.012567880001711607 0.03737087560989094 0.7960492984910331 0.15401194589736433
0.2720576438280079 0.17594345477850482 0.5270783648003412 0.02492053659314608
0.43392636880993785 0.22961380278429988 0.3318268937441451 0.004632934661617183
0.2558007116946509 0.16996015270940434 0.052367475694082066 0.5218716599018627
0.05842152550785085 0.03295177689731277 0.826370802613472 0.08225589498136443
0.18536802341362713 0.02121846543682293 0.014855851275389687 0.7785576598741603
0.23721397409804568 0.11519085976284626 0.04006171230502953 0.6075334538340785
0.31290049512702245 0.14659288180629615 0.13047400073012727 0.41003262233655413
0.10555361703549826 0.715673629944146 0.045346314254069875 0.1334264387662859
0.3679460226180754 0.11099263139010906 0.3252272452981819 0.1958341006936336
0.45164500027014887 0.3108166628562008 0.20277829176515605 0.034760045108494286
0.0025219942724545863 0.3327573209084016 0.6139961378744553 0.05072454694468853
0.1433091018370407 0.7855348161900725 0.05923442808676138 0.011921653886125427
0.5533834704746731 0.08360848672486165 0.004855564505419685 0.3581524782950456
0.6200523429338656 0.20125262552769752 0.1317172366454301 0.0469777948930068
0.09206179766825073 0.26892096338832017 0.34752505714643844 0.29149218179699066
0.5433251144754384 0.3251224499942702 0.09421989477347914 0.03733254075681225
0.4612682841512896 0.15459120248825786 0.2915677983958298 0.09257271496462272
0.08784908842872263 0.6311810331664409 0.12523532848545726 0.15573454991937918
0.15242447583082286 0.7171605367495859 0.0961831042349427 0.03423188318464854
0.12285058412376038 0.3644576167265141 0.08292398605774698 0.42976781309197853
0.19056665137409756 0.02744745251875802 0.1277235029292858 0.6542623931778586
0.14360933286689526 0.23657668021795164 0.23323972028728535 0.38657426662786776
0.2985771796461125 0.12259644191457464 0.2569230233954398 0.321903355043873
0.10512605308704281 0.5081051409625366 0.13513528370690397 0.25163352224351665
0.1787014166267511 0.6611015093688414 0.1103311734118606 0.04986590059254692
0.23386245977933318 0.029168073919389803 0.255817864098133 0.481151602203144
0.7032905434358095 0.1757742738322532 0.10068982117265657 0.020245361559280695
0.4811398451500001 0.38656051710617445 0.024615710577619576 0.1076839271662059
0.13229692009283955 0.04660122887113782 0.6803999677820379 0.1407018832539847
0.03381709201803851 0.1589835981231359 0.30449118684547327 0.5027081230133523
0.38476628703283977 0.26629044672383795 0.1632548499288875 0.18568841631443478
0.04126891954339551 0.03564531888272937 0.7976527999996791 0.12543296157419603
0.4497318710080741 0.022466384538705864 0.21323181243662237 0.31456993201659766
0.004398123570619972 0.7096121350809015 0.022899274139638992 0.26309046720883955
0.1941544220399254 0.1287905868708532 0.12726205589561534 0.5497929351936061
0.6611465633305854 0.031755000343910544 0.18799570287908718 0.11910273344641686
0.6036147260137308 0.22982200152005705 0.08350845761054315 0.08305481485566901
0.17830550571093373 0.159402058034818 0.17261559623268108 0.4896768400215672
0.41388026387963606 0.3421591674821608 0.1295458637898026 0.11441470484840055
0.3379271733599588 0.30704576329026 0.34232625656326 0.01270080678652119
0.06000366673419433 0.5727191583927483 0.04467375575771315 0.3226034191153442
0.1069285073254832 0.6483003974751438 0.0452570316699934 0.19951406352937961
0.7585269585403186 0.05007622499172537 0.15344117037083993 0.0379556460971161
0.016272848738308587 0.8699592578935077 0.06615098572553202 0.047616907642651696
0.09696485122070542 0.18236486507841976 0.4688296831498773 0.25184060055099755
0.38603562408384173 0.08903935775540883 0.1061606059581377 0.41876441220261174
0.04948966955140377 0.5286619739662369 0.04457251478096391 0.3772758417013954
0.46545842354253764 0.20280637546377922 0.2729154899553554 0.05881971103832773
0.7568076159596994 0.00673151498892921 0.1530088173718076 0.08345205167956382
0.18557572944735135 0.30323574511155016 0.5041022217777433 0.007086303663355165
0.4350246753410101 0.09230833948892514 0.4557724182681828 0.016894566901881958
0.1983122644794575 0.22401615475129255 0.5767557201847477 0.000915860584502215
0.22235860973620103 0.3498867225397162 0.06623746543327347 0.3615172022908093
0.1790441687825527 0.3747944558097722 0.4292342196019159 0.01692715580575921
0.5205215057373267 0.1538198641759292 0.17822046154941495 0.14743816853732916
0.17588669551671865 0.2648743948598514 0.37144628481137965 0.18779262481205028
0.25580251622103023 0.06913879828723035 0.312302057872364 0.36275662761937544
0.04562494808865514 0.0426514004663322 0.548686250675405 0.36303740076960767
0.1654734043794952 0.05694388030735931 0.7295727835634245 0.04800993174972101
0.4165158304622153 0.30290261472507074 0.2716656251239451 0.008915929688768864
0.31568884445138257 0.04657900013393956 0.5587164652900547 0.07901569012462317
0.11646719763548452 0.43603065818030085 0.3824553255501961 0.06504681863401851
0.10406968107118597 0.03776340555097257 0.1292112105458766 0.7289557028319649
0.3334159941082364 0.08650342433648628 0.1489970383754462 0.4310835431798311
0.33538022744444607 0.23600069170922078 0.27288752635335156 0.1557315544929816
0.09755835679091251 0.7504148787616909 0.13919166459512922 0.012835099852267384
0.005601455780720577 0.21998066106336223 0.26270248905672333 0.5117153940991939
0.04653411951569386 0.30064135697669536 0.5126349583240187 0.14018956518359205
0.13156772718265097 0.5271844835851105 0.000150857698393847 0.3410969315338447
