11 20 4 48.63233054424777 97.26466108849556
2.6224271998909225 1.1752771733886211 5.168966738485102 7.524405362729331 4.781832441289547 5.368843883510042 1.1150273313154777 5.386344465878844 9.476259871090296 8.657155804391008 7.569680231987367 1.9786246468207744 9.04513753256573 8.714388223655465 2.485779558357044 6.691006124411465 1.184352515121094 2.050635419020146 3.8473058045128634 2.4212107600744326
0.5244854399781845 0.23505543467772422 1.0337933476970202 1.5048810725458661 0.9563664882579094 1.0737687767020083 0.22300546626309553 1.0772688931757688 1.8952519742180591 1.7314311608782016 1.5139360463974734 0.3957249293641549 1.809027506513146 1.742877644731093 0.4971559116714088 1.338201224882293 0.2368705030242188 0.4101270838040292 0.7694611609025727 0.4842421520148865
0.11166123199466038 0.23296325896455705 0.41435509720128794 0.24102041183949463
0.055673679585078406 0.3460028010455738 0.3110494550581907 0.2872740643111571
0.5523838215054973 0.16546535783438154 0.2688241510185898 0.013326669641531397
0.06368643077465541 0.006336371849847033 0.16985187642797095 0.7601253209475266
0.07038259510695688 0.7197185283268326 0.0025202616461367233 0.2073786149200738
0.1688172985854528 0.4472010864871986 0.11680695127552476 0.26717466365182385
0.020732978881171316 0.279219030549383 0.4347157114739474 0.2653322790954983
0.4003284329218084 0.2522863069937755 0.15395205101213716 0.1934332090722789
0.33387442145109236 0.30834043728996274 0.30761844699612606 0.050166694262818834
0.019343362298242628 0.44219692908905783 0.15009170534751393 0.3883680032651856
0.36761762506764994 0.08514153942434766 0.2871923533058971 0.2600484822021053
0.6480564419758135 0.08615654532953954 0.059659419329454066 0.20612759336519293
0.1930180802665976 0.12585215949197748 0.01521265454376397 0.6659171056976609
0.31818719398704765 0.3405051574460408 0.18624617943908728 0.15506146912782426
0.30097916984093387 0.04273413711937046 0.0945073639170394 0.5617793291226563
0.2693035401785444 0.3576942790127663 0.34697043657394844 0.02603174423474086
0.4155036692248403 0.10350407236281867 0.014686240308694476 0.4663060181036466
0.4477711603657113 0.04972519238255113 0.2264149098713516 0.276088737380386
0.5565211058717441 0.28416432451690077 0.1304897732423499 0.028824796369005257
0.42039077484565157 0.49140470943032244 0.018970438183295357 0.06923407754073063
0.08395314332205706 0.23484565354037656 0.4994765610017099 0.18172464213585648
0.47979728165943036 0.11974611459822515 0.24843560128931896 0.15202100245302552
0.3380540496495278 0.2640100015992968 0.34703834649781296 0.050897602253362484
0.31936770705091 0.0452479359451311 0.4318201109919051 0.2035642460120538
0.29026366713531204 0.27155504300956634 0.34358161065519344 0.09459967919992818
0.06288762386070046 0.2985959183425013 0.07475739146195914 0.5637590663348391
0.7011642750435169 0.06938379137150219 0.16235656077232685 0.0670953728126541
0.35843792834815624 0.4060531681963152 0.04647547741059588 0.18903342604493267
0.33436415416124 0.403888468687433 0.21919142997728214 0.04255594717404487
0.07500199310871569 0.2906681744684374 0.39397929997502046 0.24035053244782645
0.16902881059075237 0.24963461959108846 0.20417057747114875 0.3771659923470104
0.6960661747706572 0.1369712338137702 0.04225717143925545 0.12470541997631712
0.4379592060627783 0.13033046286448802 0.1993425660120418 0.2323677650606919
0.21800337527051994 0.0841613125170908 0.2733938532676238 0.4244414589447655
0.08569480601338675 0.005719780912263439 0.6178864308457855 0.2906989822285643
0.6252248400713203 0.031483966117341944 0.168943422883588 0.17434777092774978
0.2860446694951897 0.6250769953055372 0.011328573470143044 0.07754976172913008
0.4939130011335059 0.05672646981886298 0.09808272733233159 0.35127780171529954
0.12704826111139933 0.2393789499300849 0.5659865078971532 0.06758628106136255
0.23834610123997146 0.0753330518633829 0.6462834942371274 0.040037352659518244
