21 80 4 229.98520281392413 459.9704056278482
1.4385239272821457 3.6019869381083516 7.488697121481069 1.1945462492435481 2.853304887406951 1.4569593102583913 3.7204470456815515 6.9751926516223 3.7730295391319095 6.252321485967388 1.626138591513405 8.806640355937795 2.1991646732657295 2.603121954035485 5.463365948435402 8.773296801024012 7.8304945196090285 9.734366128142419 7.833722975069975 4.458250288811165 4.6784649649935925 7.420243850960309 3.4360279540582037 8.686925847922097 9.21847572650625 7.846804626981456 5.650016839822596 2.510521886993566 3.6882306244797913 3.5554874052757044 3.9449131895595784 5.141263004136785 5.899315235118738 2.9566078278374976 8.198814942450788 7.540160043668819 8.643634420520952 3.407696241238651 6.533422400335912 6.8748046587459015 4.48134790720857 4.693187607155369 8.291417945433736 6.403323388439214 9.08506304726225 5.410290025441162 8.454863189946536 8.73000524051415 8.096006292769836 8.988898934864826 7.289747100572393 5.089512768496746 3.7532364830996996 8.380759644333342 2.2569818988161794 4.611668486326197 3.080910834463021 6.314119871890209 8.976412521416313 3.9496743137127104 8.241486868176832 8.177075555211832 6.991242829967753 3.197012470504961 8.374206211791073 5.208410714033041 7.651978542856805 5.145818214902826 8.776771746156768 7.319478628037019 2.511775660896612 2.6132182581265173 8.649145256950817 4.286010221577868 4.429316254697891 1.370867412395267 6.707467692232686 8.237605082006173 9.075816078769039 2.7528713427588096
0.28770478545642914 0.7203973876216703 1.4977394242962139 0.23890924984870962 0.5706609774813902 0.2913918620516783 0.7440894091363103 1.39503853032446 0.7546059078263819 1.2504642971934776 0.325227718302681 1.761328071187559 0.4398329346531459 0.520624390807097 1.0926731896870803 1.7546593602048024 1.5660989039218056 1.9468732256284838 1.5667445950139949 0.8916500577622329 0.9356929929987186 1.4840487701920617 0.6872055908116408 1.7373851695844196 1.84369514530125 1.5693609253962912 1.1300033679645192 0.5021043773987132 0.7376461248959583 0.7110974810551409 0.7889826379119157 1.028252600827357 1.1798630470237477 0.5913215655674995 1.6397629884901577 1.5080320087337638 1.7287268841041903 0.6815392482477302 1.3066844800671824 1.3749609317491802 0.896269581441714 0.9386375214310737 1.6582835890867471 1.2806646776878428 1.81701260945245 1.0820580050882325 1.6909726379893073 1.7460010481028299 1.6192012585539672 1.7977797869729653 1.4579494201144787 1.0179025536993493 0.7506472966199399 1.6761519288666684 0.4513963797632359 0.9223336972652394 0.6161821668926042 1.2628239743780418 1.7952825042832625 0.7899348627425421 1.6482973736353663 1.6354151110423665 1.3982485659935506 0.6394024941009923 1.6748412423582146 1.0416821428066083 1.5303957085713609 1.0291636429805653 1.7553543492313537 1.4638957256074039 0.5023551321793225 0.5226436516253035 1.7298290513901633 0.8572020443155737 0.8858632509395783 0.27417348247905343 1.3414935384465372 1.6475210164012346 1.8151632157538078 0.550574268551762
0.37352109865034655 0.19712392336517648 0.2866973383883017 0.14265763959617528
0.20830305100300806 0.32077425773978674 0.4028002488502118 0.06812244240699339
0.3038669947153547 0.47790244788714276 0.14188860564170003 0.0763419517558025
0.047229130005625786 0.46185053263383535 0.18144212027438933 0.30947821708614953
0.15077454817162717 7.643984440763862e-05 0.45399355088649396 0.39515546109747124
0.6919147835529168 0.2248588370130966 0.06348965828124564 0.019736721152740944
0.002100500892840307 0.4340186366158837 0.14262690310927595 0.42125395938200005
0.284143272181518 0.43167546344054786 0.0448890373721077 0.23929222700582642
0.3302114813466831 0.40839511552212315 0.15899181110620297 0.10240159202499077
0.11546953773860269 0.022059537677977414 0.48104648981247455 0.38142443477094534
0.1881140530715265 0.0712421084228303 0.4061829817817063 0.3344608567239369
0.08833486468591223 0.163958010399331 0.2716558795295817 0.47605124538517507
0.06268918940131918 0.4334429420441934 0.3137011734219768 0.1901666951325106
0.19561039162894633 0.07004526865557448 0.4071141851881539 0.3272301545273253
0.5334355201833139 0.005694409071669626 0.35867857823035243 0.10219149251466408
0.651408998286002 0.3104461924884704 0.008967612133786051 0.029177197091741602
0.3192097458549269 0.10402448043095447 0.551857373723988 0.024908399990130614
0.1294060376887719 0.1731230353771298 0.09318411991274378 0.6042868070213545
0.5194506355698844 0.14342150927349895 0.09423588592472532 0.24289196923189138
0.10754192763516712 0.296710123029558 0.5582009664175893 0.037546982917685545
0.39574151649323897 0.036931639612624245 0.4218225081415462 0.14550433575259059
0.10231052972199373 0.353621816365973 0.24780268600171584 0.2962649679103174
0.003030924966509696 0.8028313549873576 0.05418792147622242 0.1399497985699103
0.22864052835331483 0.1405746180209987 0.17135466147383427 0.4594301921518522
0.09331338995400074 0.14631603407961757 0.49090127387793114 0.26946930208845055
0.4656865577567181 0.13746508381201195 0.1885041029010962 0.20834425553017377
0.524649445545466 0.3190142613564546 0.1496291194489877 0.00670717364909168
0.06134432300631054 0.33460972389787147 0.5147298786784376 0.08931607441738043
0.8761434995768898 0.04356577598878841 0.060919949456134215 0.01937077497818762
0.8946427884940492 0.010434160652240343 0.0010782826069350993 0.09384476824677535
0.4782711941015647 0.20184063520311124 0.20737164758952475 0.1125165231057993
0.22233237386421167 0.4464368258682694 0.16824893606162183 0.1629818642058971
0.08764892380455869 0.057896438884468826 0.39248033275025396 0.46197430456071853
0.27146251186434067 0.29890276166015883 0.3094597299194929 0.12017499655600761
0.03663894959680214 0.29432877719401396 0.36137347971366185 0.30765879349552205
0.30461470896878007 0.5057509872391275 0.05172731043393941 0.13790699335815304
0.0049676848041296795 0.37415582849191853 0.41648335885945154 0.20439312784450026
0.29253149920793964 0.05711577062518691 0.14202838130751738 0.5083243488593561
0.36354242914209145 0.16791249950073728 0.4039769749870673 0.06456809637010397
0.06851284368172861 0.6753998758403768 0.02209273457621952 0.23399454590167512
0.02153771428633222 0.31176083363816054 0.4169777143345147 0.24972373774099255
0.015805383855658328 0.137793263991841 0.3014370269413481 0.5449643252111526
0.030914548326151814 0.3897585961424156 0.5411181982745235 0.03820865725690914
0.12403999137177568 0.24373960267620642 0.5812416138555829 0.050978792096434966
0.0826006013576196 0.008561372327420935 0.1885413538787084 0.7202966724362511
0.16766191769354954 0.16171118293265796 0.1254105485136433 0.5452163508601492
0.19199141985442447 0.3805334653859287 0.3715905148877503 0.055884599871896534
0.5271668652417938 0.10082780180348805 0.23798567440765983 0.13401965854705833
0.10351079433945365 0.03828571588176888 0.2984755629690109 0.5597279268097666
0.37191883215271204 0.32515995274468645 0.29823740701043 0.004683808092171504
0.29966753369942234 0.4548385062208018 0.12619901271919298 0.11929494736058288
0.4615883472629946 0.055907840327895975 0.011215140375865684 0.47128867203324376
0.15948403291891267 0.09793081214533095 0.7356216931167191 0.0069634618190372866
0.41831510689322937 0.3191510503957361 0.10703006679461924 0.1555037759164153
0.1875627141134386 0.2189608263206443 0.15870914625350896 0.43476731331240814
0.6903394402951439 0.06768957402019682 0.21451167204201882 0.027459313642640426
0.2640318645126798 0.2671724170863444 0.24373207761650428 0.2250636407844715
0.5620370511327754 0.17872440636813647 0.16881540376184156 0.09042313873724661
0.140913906568903 0.48473755869702284 0.051753481812548574 0.32259505292152557
0.2032834352698012 0.4518943838737347 0.2133082946279009 0.1315138862285632
0.23731621510740064 0.05344626283080234 0.6776933154728988 0.03154420658889823
0.3654805224611162 0.4160010110879676 0.03216507347534836 0.18635339297556786
0.0902467050301855 0.012230503531600267 0.6812819840340831 0.2162408074041311
0.6617578413264622 0.13257857109423898 0.12378754808678949 0.08187603949250932
0.383077645379008 0.09232431069857339 0.15609552580891228 0.3685025181135063
0.3341075161765812 0.08234346422579053 0.5463624280374888 0.03718659156013948
0.09751378617484696 0.5231814748867784 0.20563149621418486 0.17367324272418982
0.3521278420549254 0.38072550420279305 0.006297370085177056 0.26084928365710447
0.04771821308893087 0.14400576284129496 0.042071245705540994 0.7662047783642332
0.58772800074664 0.12991503708160135 0.10197711998407388 0.18037984218768477
0.017587654975008582 0.30229903201065056 0.6555258389593195 0.024587474055021374
0.3879328484182477 0.23343818510416392 0.3646230134237406 0.014005953053847775
0.4955604985920833 0.07003485740512794 0.3754913495956935 0.05891329440709525
0.3433547445519294 0.14906905670149673 0.13143091348587976 0.37614528526069413
0.3674661568588342 0.18491443100748572 0.1515124405449425 0.29610697158873756
0.05402324792594759 0.159406933245286 0.34610155830270417 0.44046826052606225
0.14260901227395717 0.14103564631671872 0.2457211275866571 0.470634213822667
0.11765498857263645 0.5372425348362612 0.3300498033943132 0.015052673196789157
0.254056716257395 0.00333659719956636 0.46900958853800245 0.2735970980050362
0.08604581550486912 0.3443581939636189 0.49814632884597565 0.07144966168553635
0.17672956273072515 0.205549198326327 0.1288579554841306 0.48886328345881724
0.2465759340069429 0.2766267650040287 0.29282769107947526 0.18396960990955313
0.03510298901951303 0.034866430676747884 0.6054229712166098 0.32460760908712927
0.0745612011704414 0.36423047225416527 0.3404549558262473 0.22075337074914603
0.4617322192499923 0.1530313552507938 0.09758642817243823 0.28764999732677565
0.46279892782768084 0.2697685594805953 0.11095167049853072 0.15648084219319314
0.3633094554071753 0.1156960701893166 0.193923724380202 0.3270707500233061
0.16283091474667466 0.6091945857836385 0.01380266810756281 0.21417183136212403
0.22880153646288492 0.047330684392358546 0.6489903717668954 0.07487740737786108
0.139303583663965 0.22656440771139508 0.14596468765994874 0.4881673209646912
0.1104778922193611 0.20148127978142305 0.011999994209317633 0.6760408337898982
0.08828575481211265 0.12997319032001398 0.11550947216817886 0.6662315826996945
0.27425062088316965 0.06342549897124283 0.44010095058199783 0.2222229295635897
0.2831144435519859 0.05885550973574971 0.5391712202077554 0.11885882650450896
0.1331934419386872 0.14076765015040382 0.4698040429042082 0.2562348650067008
0.03553603828633134 0.16672141229077786 0.610198476996675 0.18754407242621585
0.7019345905358452 0.07497970654292252 0.16749994560264847 0.05558575731858384
0.9370641705527203 0.014244892782807272 0.017354841364948248 0.03133609529952419
0.04611928160405354 0.18045194754262261 0.2841040673552878 0.48932470349803603
0.5888823929995796 0.06699459938168129 0.15918643279781275 0.1849365748209264
0.15286971031914565 0.20646436006049584 0.23588499877452218 0.40478093084583633
0.037249817803254426 0.02614649370388622 0.06475208025659018 0.8718516082362692
0.08914943212552306 0.6120410123057544 0.10045639710381704 0.19835315846490553
0.2702639872994994 0.02344262733628799 0.21498773560334083 0.49130564976087177
0.003625425493034462 0.26609191387021514 0.4834147039134711 0.24686795672327932
0.2628851483357575 0.24454913970463021 0.36864030972645445 0.12392540223315784
0.026905988350189647 0.016663069006556452 0.5947415520424588 0.3616893906007951
0.30695376068349645 0.5895917887191763 0.05439926100047321 0.049055189596854065
0.03180339498236395 0.010396649009084324 0.7166485170083926 0.24115143900015912
0.02784998733220334 0.7130157141964034 0.010777125687535194 0.24835717278385805
0.04180538641387077 0.541025074208479 0.26350473844043165 0.15366480093721857
0.4316722652299496 0.48652915590274837 0.060616209511740515 0.021182369355561503
0.18289419417475994 0.26851818335876154 0.22698085292876258 0.32160676953771594
0.6404080883047568 0.06583146734949386 0.04730208179160644 0.24645836255414288
0.04533114322328202 0.2990578626712368 0.27196857700642896 0.3836424170990522
0.29320362584870374 0.13217020663954504 0.45717809322073477 0.11744807429101645
0.3360210785590967 0.171162607165112 0.07801758487364896 0.41479872940214235
0.4538988277374828 0.20165672580779692 0.1612423446133897 0.18320210184133057
0.2429424780007743 0.01953265192997866 0.5053668695517991 0.23215800051744795
0.3835954243891473 0.13082639118593098 0.08891887404582766 0.3966593103790941
0.3291749019059642 0.29254639660626225 0.009709871867556008 0.36856882962021753
0.33979277877985636 0.14274720421695652 0.19308879384368127 0.32437122315950584
0.12159806492552605 0.1844743624903954 0.6281691312345336 0.065758441349545
0.05313955189247932 0.8442363777692862 0.04899412111426127 0.05362994922397324
0.001041268406025253 0.22434481120153604 0.1998320475056521 0.5747818728867866
0.6051188943104496 0.09807342320477286 0.014067519104888238 0.2827401633798893
0.22678268134127544 0.684744343740905 0.06739398193621426 0.021078992981605316
0.11654549760863497 0.759715970230938 0.08738297178290066 0.03635556037752641
0.33096637528167694 0.1972110672229671 0.377400404646526 0.09442215284882993
0.2932866656556594 0.24799953143123532 0.3526201160079563 0.10609368690514898
0.03466574859325855 0.34492509724536835 0.39096662832756224 0.22944252583381086
0.8853516207885094 0.032719905742304656 0.04520381643782789 0.03672465703135808
0.27234139995879203 0.46492838353722676 0.10432051628950334 0.15840970021447787
0.12153003643249449 0.6280825508423187 0.2417983207313048 0.008589091993882025
0.06925755859446903 0.7061682631183399 0.1116604596085301 0.11291371867866096
0.20310978211056419 0.25053361842644994 0.464701509388072 0.0816550900749139
0.4731223732968437 0.1449377730704976 0.26665721234895223 0.11528264128370647
0.36007083253399985 0.21375921524674135 0.025717489872218446 0.40045246234704035
0.10501362952375426 0.33200838469731997 0.35085158670064354 0.21212639907828224
0.22531560787015104 0.010528511319602973 0.6657958739492255 0.09836000686102053
0.48449692544471556 0.12569224561030834 0.20153428483028724 0.18827654411468886
0.399238847967476 0.2008775410269268 0.07468190092746829 0.3252017100781289
0.055738070564556375 0.18480788567046946 0.05984411457230965 0.6996099291926645
0.08805908543688179 0.26488536108576743 0.6418680522394951 0.005187501237855718
0.28662824589665814 0.07640307268428681 0.12947698717649148 0.5074916942425636
0.20340995788453708 0.2269578799682216 0.003193366529088304 0.566438795618153
0.17198425146854635 0.015519803264468557 0.631557692144419 0.18093825312256606
0.2525073345182196 0.6536509788517105 0.0674626787698972 0.026379007860172665
0.5270254536213593 0.30875444364531535 0.04316031869540893 0.1210597840379164
0.17653598915934632 0.5689829221583284 0.17667798526668277 0.07780310341564256
0.5518685933394677 0.09289651856762371 0.1455775060365604 0.2096573820563482
0.13953886490507528 0.1355230050944719 0.6017222698007065 0.12321586019974629
0.4153128283017069 0.176194375866773 0.13059849088175846 0.27789430494976164
0.27791970892988394 0.5541698506066263 0.09939515590785941 0.06851528455563038
0.25137576062642275 0.023765656823955705 0.661262241996249 0.0635963405533726
0.05441154212653576 0.4509229159347903 0.2849501659507022 0.20971537598797174
0.5502803543143819 0.07170742727911739 0.3656786383559387 0.012333580050561954
0.03559430523271734 0.16286924918588075 0.4311539345519617 0.3703825110294402
0.27709233244247566 0.43097181260363737 0.26676033243088415 0.025175522523002813
0.3074499077900952 0.08243169294014407 0.39876800094756204 0.2113503983221987
