84 50 4 123.42313469963499 246.84626939926994
1.4143689426833697 4.3321808450403925 3.1808644074226424 6.656320045401265 9.910990540242251 2.1752924433247594 2.562302470119843 3.3248265189371176 4.765590700143563 2.1791700394560376 3.614051128790898 5.457754852799872 9.703038830850087 3.67650876826561 6.86621742807468 5.820516078534764 8.983237427673556 8.781384228433947 9.464795408228195 1.952498246514709 6.519000876438943 2.6073172993026885 1.667593534067283 9.96339465708284 4.206465796789214 8.555270398113851 6.742642741807486 2.8866148294000324 9.805842466046476 2.245702272563431 5.979007988412547 3.4006094047951283 3.8052262684022984 3.9789850960905673 2.312478436746791 8.386832542754835 2.450056985641673 5.48509032459439 3.9792830885137285 2.753580382149586 2.316948092923351 7.180533930299622 9.951571919129146 3.5628137072461827 6.095727417314985 2.0827679302599518 1.3902665167815242 2.4206676362152404 4.897128621945015 4.394938886503589
0.28287378853667394 0.8664361690080785 0.6361728814845284 1.331264009080253 1.98219810804845 0.4350584886649519 0.5124604940239685 0.6649653037874235 0.9531181400287126 0.4358340078912075 0.7228102257581795 1.0915509705599744 1.9406077661700174 0.735301753653122 1.373243485614936 1.1641032157069529 1.7966474855347112 1.7562768456867892 1.892959081645639 0.3904996493029418 1.3038001752877886 0.5214634598605377 0.3335187068134566 1.992678931416568 0.8412931593578428 1.7110540796227702 1.348528548361497 0.5773229658800065 1.9611684932092952 0.4491404545126862 1.1958015976825094 0.6801218809590257 0.7610452536804597 0.7957970192181134 0.46249568734935825 1.677366508550967 0.49001139712833464 1.097018064918878 0.7958566177027457 0.5507160764299173 0.46338961858467015 1.4361067860599244 1.990314383825829 0.7125627414492366 1.2191454834629971 0.41655358605199033 0.27805330335630485 0.4841335272430481 0.979425724389003 0.8789877773007179
0.06017637068053594 0.39135848290097774 0.036261796864207274 0.512203349554279
0.017679322152117982 0.7896634584198361 0.12747658509050475 0.06518063433754118
0.017284518806655713 0.3338248141332125 0.17639473351960056 0.4724959335405312
0.012731049947232953 0.21458867007875881 0.5837042215660856 0.18897605840792264
0.1815303862391643 0.10127191957619963 0.06615888745187282 0.6510388067327633
0.2826814811599182 0.02633084351856496 0.16584004838560584 0.525147626935911
0.1232860646617715 0.7057639880286178 0.11888777020252883 0.05206217710708183
0.4381112854215329 0.10610220430983774 0.06143103174404407 0.3943554785245853
0.3176573411121302 0.5104011504066411 0.08030001106502993 0.09164149741619876
0.40685301347650205 0.069108200902121 0.31680383909210175 0.2072349465292752
0.2643735529203316 0.10796962038743507 0.5758334761445726 0.05182335054766074
0.40972300257322336 0.08189411988228712 0.15629941030004602 0.3520834672444435
0.20702036365103182 0.13501545298382656 0.2086784070001686 0.449285776364973
0.21822922540203527 0.06422511207702475 0.35835666197704985 0.35918900054389014
0.08714522304963968 0.5090945127253201 0.3814905265004489 0.022269737724591288
0.004696588272405489 0.11387196146496736 0.8705298241157973 0.01090162614682988
0.11655708586008529 0.24113383600227345 0.2714699706072673 0.37083910753037397
0.39116871394190766 0.4778549920239904 0.11288282737002353 0.018093466664078406
0.3303135681961269 0.0686895767812814 0.011094494857209813 0.5899023601653819
0.14343171588218562 0.3403611420781838 0.4758682200578338 0.04033892198179678
0.049034220585271626 0.4398606309521971 0.012582082266430317 0.498523066196101
0.2795926440627421 0.07040600102998984 0.12550036702404632 0.5245009878832217
0.23875844606493146 0.07809883954765329 0.016542901548100453 0.6665998128393148
0.4335570462096462 0.20004487108510594 0.019641674965166556 0.3467564077400813
0.03945523214365321 0.048631109552429996 0.47541713889769055 0.43649651940622625
0.2551188561765866 0.17677016493017816 0.29639549147681343 0.2717154874164218
0.248051221045003 0.24807330882050038 0.10702787621155352 0.3968475939229431
0.13754686344846212 0.04516533992916183 0.23048165881532057 0.5868061378070555
0.06450087529431103 0.31989663802195845 0.5488347314487994 0.06676775523493117
0.43265098294043314 0.3454835551468244 0.006581492215148255 0.21528396969759422
0.04916895658516618 0.6197826285002535 0.052028518777911925 0.27901989613666844
0.5895110351330404 0.05104784627705561 0.32389066380643017 0.03555045478347385
0.08934285257744179 0.5480345305943313 0.36195290594655205 0.0006697108816748898
0.1459572101790425 0.32339599383386874 0.2874503008007493 0.24319649518633946
0.08884073892427724 0.1966419642966557 0.08048378736490569 0.6340335094141614
0.12752115845859924 0.39422685905874755 0.14163724582731096 0.33661473665534225
0.15648265773402315 0.09535811131118455 0.5622934228630436 0.18586580809174869
0.07514328531444325 0.14556013918996702 0.6030147918416073 0.1762817836539824
0.44930569025040756 0.3366317503433607 0.09307174033212795 0.1209908190741038
0.08061662730061703 0.04279122457074469 0.7082991950722809 0.16829295305635739
0.21497427118691192 0.0805802430773378 0.10196561205813948 0.6024798736776108
0.3342948368242167 0.08371293204798802 0.14417093433118466 0.43782129679661064
0.038831529167245304 0.7160445117380347 0.07515473000113371 0.16996922909358625
0.13338248672774045 0.10620351300813768 0.16504921570033393 0.5953647845637879
0.19414508837609812 0.23087224790105332 0.03068314811915096 0.5442995156036976
0.14509429771432392 0.2533017411594449 0.3488295027126085 0.25277445841362267
0.3299431383647238 0.03801090426711384 0.5788435652710192 0.05320239209714317
0.0862232794452229 0.3935813369037472 0.4526198980530102 0.06757548559801974
0.0408034519719247 0.3711334415253741 0.4495292413016131 0.13853386520108812
0.19836586003674217 0.3780906020681398 0.13100872334810343 0.2925348145470146
0.4117161225473601 0.14089332421074185 0.07222802165603526 0.37516253158586277
0.26441401955104105 0.3779288016515301 0.05606984390905845 0.3015873348883704
0.1895636326192256 0.6427999144649572 0.14836141030576921 0.019275042610047977
0.00273220335212776 0.2803828034527489 0.6776802608605575 0.039204732334565784
0.439814882184538 0.06801167808925479 0.4442208284138366 0.04795261131237061
0.021379362786101197 0.23655511001718477 0.002104836467682447 0.7399606907290316
0.573458544108796 0.005731482846455638 0.1437422123646791 0.2770677606800692
0.4826839664897631 0.05601194928636133 0.17523310247683532 0.28607098174704026
0.10692096760365 0.21685022280155508 0.04825416786336212 0.6279746417314328
0.03412241914895142 0.8445474624572641 0.013905070078944592 0.1074250483148399
0.6052722279025413 0.02510904602778863 0.2922259785267195 0.07739274754295056
0.07843130850332536 0.30804375509164217 0.5825661495269071 0.030958786878125366
0.45991512235804055 0.06983205004433468 0.007956959968806188 0.4622958676288186
0.14530370073250687 0.049722219281079894 0.3808117343546267 0.42416234563178656
0.13869615009083103 0.04717215538662023 0.40875056517794073 0.405381129344608
0.20813987005259416 0.22458362134679322 0.18849753284646298 0.37877897575414965
0.2626030727741798 0.24397509383354565 0.4299861443631864 0.06343568902908814
0.09965864804718061 0.35696070967923044 0.33893556867720287 0.20444507359638608
0.40420094843381627 0.12984434122407051 0.391332820892036 0.0746218894500772
0.08012925836831719 0.33387397641759287 0.04439874504569674 0.5415980201683932
0.3962709489371641 0.09028121695920843 0.02041110732999374 0.49303672677363375
0.14081582992145047 0.06180316074277814 0.05423407677034564 0.7431469325654257
0.02975778802371576 0.5902007744704524 0.25137100665615664 0.12867043084967522
0.3572588986554004 0.15882427569744972 0.20514485316875875 0.27877197247839114
0.10590407766483956 0.6264438603166057 0.08200902979980806 0.18564303221874667
0.23470830416149369 0.36388425761286936 0.1495518752070737 0.25185556301856327
0.002395005244030801 0.542051322637028 0.4118173491863306 0.04373632293261054
0.21901233821781307 0.6720867815133512 0.09861973284720027 0.01028114742163544
0.04103214352507467 0.198742560284628 0.5623255125214777 0.19789978366881966
0.216781826630431 0.127780607041586 0.45831226448864293 0.19712530183934007
0.5536181867309853 0.045955594369027186 0.31960313977050414 0.08082307912948339
0.09828370882239557 0.6271642704955449 0.0068432278739315455 0.267708792808128
0.2652746394250164 0.12201841195837015 0.37802050878518023 0.23468643983143322
0.19585158707442263 0.5217790414165973 0.09312711526326889 0.18924225624571123
0.36565857537029445 0.23642208532105935 0.38163642474123494 0.016282914567411266
0.17043807593862503 0.24055488049007512 0.40204191285318935 0.1869651307181105
0.44535545151464473 0.14500116068176372 0.006094618265363394 0.40354876953822816
0.05366439821911495 0.2430783622199798 0.4258277735312419 0.27742946602966334
0.3861743175673056 0.09452713753755271 0.18138010067169585 0.33791844422344586
0.36020399293437233 0.3551058891475688 0.19325016276304485 0.09143995515501402
0.6026819123642823 0.07820222741146765 0.004113833180859783 0.3150020270433903
0.005339604580371193 0.3838968351799028 0.5068545183009456 0.10390904193878037
0.30743506795972664 0.07486708814086507 0.4821251432607735 0.1355727006386348
0.8155954235966192 0.06938973098212975 0.10176475888720804 0.013250086534043026
0.20441816084594355 0.012711704341983765 0.34139798865605453 0.44147214615601815
0.6223398561818108 0.00512687345462437 0.1371574268694451 0.23537584349411977
0.2607590979196398 0.02466952449783666 0.22226576231578044 0.4923056152667431
0.1884918931918773 0.30244146819316853 0.46607738914179964 0.04298924947315452
0.2842642658169866 0.0527885442824767 0.6148945594354259 0.04805263046511077
0.4581197650671043 0.14542983515258245 0.1544461142787661 0.24200428550154718
