31 40 4 92.44197473771563 184.88394947543128
3.5744843949446405 9.622950098671 7.932816389969902 9.881830027832166 2.8734891571424908 2.2322534395944533 9.1753642206091 1.6177466617940826 1.6779945010569144 5.891812205385815 1.804597448662612 4.44153940773682 7.017043957130068 4.862521203056589 1.39560676737763 2.7485738987411854 5.019935355754937 1.5631595029180947 3.678105538136517 9.492678099257635 3.545299681849877 3.4092419189755923 4.664971037209495 8.433913626576679 5.560305968729154 3.4252784294132286 4.061694586772742 9.770246663410655 2.658741212083254 3.1804495536296704 7.214133823300248 4.455417487727736 5.15298207606448 7.077024883400982 1.7715754346727386 3.1061498255723845 5.702129904013703 1.6220500798104827 1.8121302845954659 1.7557107218500185
0.7148968789889281 1.9245900197341999 1.5865632779939802 1.9763660055664332 0.5746978314284982 0.44645068791889064 1.8350728441218203 0.3235493323588165 0.3355989002113829 1.178362441077163 0.3609194897325224 0.888307881547364 1.4034087914260136 0.9725042406113179 0.279121353475526 0.5497147797482371 1.0039870711509873 0.31263190058361895 0.7356211076273034 1.8985356198515269 0.7090599363699754 0.6818483837951185 0.9329942074418989 1.6867827253153358 1.112061193745831 0.6850556858826458 0.8123389173545483 1.9540493326821309 0.5317482424166509 0.6360899107259341 1.4428267646600497 0.8910834975455473 1.030596415212896 1.4154049766801964 0.3543150869345477 0.6212299651144769 1.1404259808027406 0.3244100159620965 0.3624260569190932 0.3511421443700037
0.3228005526997987 0.1464532620473138 0.3627361982442908 0.1680099870085967
0.14921147693026138 0.13007642775572115 0.02442402635121821 0.6962880689627993
0.007386922447004118 0.1555772778417237 0.5553538636951862 0.28168193601608593
0.387051136446375 0.37307188963243465 0.10731352047396459 0.13256345344722575
0.39743582261055843 0.15613998705403787 0.3079933269217521 0.13843086341365163
0.07404448852014722 0.3463415284223128 0.21112720729738577 0.3684867757601542
0.036922046805748066 0.14331050891905672 0.17331452524277724 0.646452919032418
0.43217948775987935 0.11033630849418596 0.28303639778093026 0.17444780596500442
0.23100274723505876 0.08774177645249526 0.056159709891841936 0.625095766420604
0.3600579234779806 0.4221985241502392 0.1221535174669176 0.09559003490486262
0.35509570210938735 0.2275895455243635 0.3241820497301554 0.09313270263609374
0.29384797217510616 0.014095374420021511 0.025555975093546124 0.6665006783113262
0.4633299835924899 0.3504548024861204 0.09420191625671293 0.09201329766467681
0.3954171230773408 0.11495717021873386 0.47572560768638283 0.013900099017542522
0.2685672118298418 0.044185484370359074 0.6672872627202161 0.019960041079583046
0.03478870878171647 0.007300088241254832 0.17431546881189175 0.783595734165137
0.39377486836479103 0.09137942007837674 0.3759601894658161 0.13888552209101612
0.6581167684163954 0.08830119090871447 0.03970948963395038 0.21387255104093972
0.00047059662956350223 0.3602367502586268 0.6293254067401711 0.009967246371638594
0.4664261763573211 0.2522497109948466 0.22954864313752743 0.05177546951030487
0.12673788098139827 0.33761582973593385 0.3313933299392313 0.20425295934343657
0.23443836482562908 0.6715894351196928 0.026207497462602425 0.06776470259207568
0.131325605226299 0.3619782587067074 0.026201582825273628 0.48049455324171997
0.2551072128921459 0.23904996221432417 0.4444067948410829 0.06143603005244702
0.16420411701004767 0.11858291192420833 0.6198539090342087 0.09735906203153533
0.11359799387981628 0.052321658856684605 0.38338166639952675 0.45069868086397236
0.44054301271555507 0.1359512027830737 0.2705353286228289 0.1529704558785423
0.34484747530736715 0.019555955497667532 0.280079051746571 0.3555175174483943
0.11011504387103044 0.0021790356307582748 0.8562555616097951 0.031450358888416186
0.42225883734607583 0.414630340521822 0.10909780697993776 0.05401301515216439
0.13431335779676334 0.3839894095552162 0.42252476222658697 0.059172470421433476
0.1110785810176882 0.0032446840569976265 0.061091328096456676 0.8245854068288575
0.6165037691869236 0.1280791118502257 0.1519903928459596 0.10342672611689108
0.02614256509479218 0.7445510686175827 0.21670460833364136 0.012601757953983772
0.5519086651165459 0.0866012178031762 0.28063602543087807 0.08085409164939983
0.16102999074147994 0.14703292031239723 0.4261221120872435 0.26581497685887934
0.041915867253347394 0.4832161103264855 0.19975557060009264 0.2751124518200745
0.6153423695536984 0.17426746106207336 0.05703942504268711 0.15335074434154117
0.15179149757274257 0.0703990724850716 0.5364417569108028 0.24136767303138307
0.4494197853289291 0.2914011662738115 0.20720369051795662 0.05197535787930274
0.7500802696904918 0.11724410073407299 0.04357902943654868 0.08909660013888654
0.08163609728884191 0.22013077579699492 0.1930006716727447 0.5052324552414185
0.21030667864350994 0.19695680329733023 0.17219988483641313 0.4205366332227467
0.35778814932317204 0.39183666393393024 0.004298744959500667 0.24607644178339705
0.4200798620312942 0.04540311528454599 0.3582506757406472 0.17626634694351262
0.3206589836303395 0.194510114567374 0.14617301263714855 0.33865788916513795
0.04223346123892646 0.3606676417740253 0.3773553914241563 0.2197435055628919
0.015297177725249411 0.4237410292836552 0.025087770946725874 0.5358740220443695
0.151714262142986 0.4671177034943558 0.014754007506690092 0.36641402685596813
0.5520002177521809 0.13029484789779078 0.08919704950836316 0.22850788484166518
0.4779599465274377 0.0722350456280304 0.4361535952209028 0.013651412623629122
0.06139173250395913 0.018034207897856036 0.08603667719925912 0.8345373823989257
0.46903876686055734 0.4233399510380722 0.07122493159394061 0.03639635050742984
0.23803329334148204 0.07207478733487604 0.27030499051485624 0.4195869288087857
0.14856182612859403 0.3086064749835634 0.5089970862387287 0.033834612649113804
0.1558989486119291 0.5527659268118397 0.11284353103921729 0.17849159353701394
0.22908746604512287 0.31822070781733935 0.2847422318867323 0.16794959425080547
0.19816029230198762 0.04793505898371353 0.7201939371197295 0.0337107115945694
0.1419379448182697 0.10495878928649494 0.2947357843469828 0.4583674815482526
0.044954436415257426 0.020840912319136873 0.07169526308351204 0.8625093881820937
0.26474584654165234 0.5299263518723877 0.15090510254964595 0.054422699036314026
0.07985395259922057 0.11114386513284735 0.18001590339824503 0.628986278869687
0.03398399717507794 0.18820968619767275 0.0967744183826642 0.6810318982445851
0.02686205885698789 0.17663755707492546 0.3693410679420984 0.42715931612598823
0.2509894872187245 0.2500217789329564 0.2823448690311726 0.21664386481714648
0.05243217312911197 0.13230199209976545 0.597504182681286 0.21776165208983655
0.1818237082725016 0.16768958670545664 0.13590587759896522 0.5145808274230765
0.3924749486571433 0.010924540655137371 0.5512020347171499 0.04539847597056945
0.1018669925345781 0.425184021111468 0.17954880320134847 0.2934001831526054
0.6652508490968092 0.24902636240722686 0.017191114028398347 0.06853167446756558
0.30477035510732065 0.04927164862596012 0.5266431717841323 0.1193148244825869
0.6183716146436339 0.01282685238576553 0.23940372040550506 0.12939781256509553
0.1900245173006775 0.1915012961312672 0.09111725310506347 0.5273569334629918
0.21525359616312412 0.1019397895196682 0.5427306455318458 0.14007596878536188
0.002561663531373659 0.2299952015743657 0.4501938517139138 0.31724928318034684
0.24555142124013685 0.14306450967615214 0.43596925384206275 0.17541481524164826
0.511789035336068 0.1420776296464179 0.03176629478136572 0.31436704023614837
0.11536960330387191 0.43601872348574633 0.09745793371355771 0.35115373949682405
0.08027124058107526 0.05017025044879275 0.09969247875507081 0.7698660302150612
0.1211668583149973 0.08630715068367467 0.26630372319032725 0.5262222678110008
