91 30 4 71.27743599951535 142.5548719990307
2.809032365061765 3.961184198429638 3.668497198309649 1.8400030163269108 3.997709312479151 7.527004665507592 6.871264695281681 5.543650856231832 9.52597617044255 6.646614205474785 9.930577067803348 1.6850911985407744 4.083476743902304 3.7624196263974916 7.391841710779962 9.255857890397092 1.7281603043361176 1.5654990889671965 6.239514704393875 7.022784004741621 1.0840724434387754 4.797339299573025 4.558522886383759 1.6588365500516775 7.932684439033219 2.70423327881309 5.212069795272207 6.865736755619059 1.0734424413987118 1.6117750856418167
0.561806473012353 0.7922368396859276 0.7336994396619299 0.36800060326538214 0.7995418624958301 1.5054009331015183 1.3742529390563363 1.1087301712463664 1.90519523408851 1.3293228410949571 1.9861154135606696 0.33701823970815487 0.8166953487804609 0.7524839252794984 1.4783683421559926 1.8511715780794185 0.34563206086722353 0.3130998177934393 1.247902940878775 1.4045568009483242 0.21681448868775507 0.959467859914605 0.9117045772767518 0.3317673100103355 1.5865368878066437 0.5408466557626179 1.0424139590544415 1.3731473511238117 0.21468848827974235 0.32235501712836334
0.5195552755859953 0.015248237875737813 0.21212666045831552 0.2530698260799513
0.46576155157442567 0.015997269320749408 0.4297811507086835 0.08846002839614142
0.38499160976302804 0.2884397417598934 0.08620298859808251 0.24036565987899605
0.5099694985853361 0.021446428358805947 0.14054258289828014 0.3280414901575778
0.6158185859488564 0.3350787152889717 0.03006455216372439 0.019038146598447492
0.08690474009531401 0.7710319028721384 0.01690851853835884 0.12515483849418874
0.23134614061361647 0.309318683867576 0.37141957567799355 0.08791559984081398
0.3944303797828894 0.04879561416137512 0.02623205105409121 0.5305419550016442
0.5373016578343519 0.08378059054483644 0.3404827037583492 0.038435047862462435
0.14499439443462858 0.1928927426648086 0.5955806233019318 0.06653223959863097
0.333650115015933 0.5469370354730011 0.007575177815128398 0.1118376716959375
0.0835986116909847 0.7582810965464643 0.15464047999822617 0.0034798117643248805
0.3712036103987043 0.4086797892922631 0.1876529366333476 0.032463663675684984
0.00667162744288885 0.2057956590607276 0.6440401027026731 0.14349261079371045
0.4584539020152686 0.3237242196057919 0.20349391066794242 0.014327967710997092
0.056197210275942044 0.22966431120758668 0.3659729195653981 0.34816555895107315
0.8587698409642798 0.10825591159388614 0.013981065059047948 0.018993182382786133
0.7801440261493278 0.053231369067978096 0.01609879315558349 0.15052581162711065
0.0857360347488082 0.12399946387115834 0.5421048707741201 0.2481596306059134
0.29854968893267597 0.5838243481418062 0.020332270100220873 0.09729369282529698
0.060320570911529314 0.1190362955240748 0.03349535145337079 0.7871477821110251
0.17290615478234062 0.5574299784224072 0.151463002704886 0.11820086409036623
0.10808519537158412 0.7505408651637797 0.08971116196448192 0.051662777500154244
0.32870256213372995 0.40967407035713244 0.012050989393671774 0.24957237811546584
0.12414516340189807 0.706252267592824 0.15574487983479146 0.013857689170486465
0.30971274211822986 0.4659020451889988 0.11295871412314262 0.11142649856962872
0.10103209542755143 0.5541471063875245 0.029678486924495262 0.3151423112604288
0.53171171946539 0.13073829491642996 0.11565872695000767 0.2218912586681724
0.12696763384686638 0.11012942540255699 0.10853689326068638 0.6543660474898902
0.10261172571013388 0.5465615911419778 0.279034248964257 0.07179243418363135
0.15747021322743027 0.3619300876825957 0.1568760622905947 0.3237236367993793
0.10767423956091271 0.13697376857014398 0.5040615389044842 0.25129045296445907
0.17557386243501794 0.11234259920485457 0.46402434092097133 0.24805919743915616
0.14124576790182963 0.11252409601038527 0.042753542969605984 0.7034765931181791
0.3579166410191331 0.11247680981048969 0.34370372791029824 0.18590282126007895
0.32509150352799665 0.34905372493477715 0.16618289934094932 0.15967187219627688
0.18269034388710492 0.30838997201836227 0.13887058709167233 0.3700490970028605
0.5393116608414386 0.27241374578675537 0.01895547670589881 0.16931911666590727
0.03872856615609821 0.17595322523818724 0.5626312220277954 0.2226869865779192
0.30590167156315284 0.01649148976069892 0.032889003288201435 0.6447178353879468
0.2048494995141139 0.5335637477174351 0.25603140471673347 0.005555348051717535
0.04113208824053727 0.2525405871620445 0.5370556953659484 0.16927162923146977
0.23004964313185416 0.2236754802778922 0.0845634310305432 0.46171144555971044
0.1749112076182442 0.04740800965957448 0.300584922560689 0.4770958601614923
0.16798200618974624 0.3302180306642668 0.07988133193015945 0.4219186312158275
0.4491158865643673 0.06305184520990592 0.3433604385048279 0.1444718297208989
0.2317381143129743 0.4098662665753229 0.08522282748502641 0.2731727916266764
0.18863630752917915 0.2386169586546203 0.3828908116595724 0.18985592215662817
0.5319863554647375 0.17835498360291402 0.2657153571592399 0.023943303773108604
0.10181265009663354 0.6761053604396176 0.025253122626825886 0.19682886683692302
0.0481245407112747 0.7580785850009794 0.07619137095663864 0.11760550333110731
0.29334505096214925 0.20545043478016523 0.10332225259957784 0.3978822616581077
0.20984858722067035 0.5217856424741611 0.19522855549612095 0.07313721480904756
0.14562490831821107 0.0035675895982062444 0.04149771361293231 0.8093097884706504
0.4075962415448273 0.4069390082057932 0.013052852802602821 0.17241189744677665
0.015925833322168792 0.08951581946432774 0.456426172291464 0.4381321749220395
0.1629555590088122 0.4070426689155483 0.3667441559860961 0.06325761608954339
0.27105605010503797 0.3336801904522988 0.01956391547202907 0.37569984397063416
0.06922442238008375 0.30619103208639653 0.08009424797221698 0.5444902975613027
0.26886995351197085 0.47595115747725436 0.007891257238752392 0.2472876317720224
