99 70 4 192.5490478199919 385.09809563998385
7.050507027677126 5.392705593165253 8.429456566323067 1.2830174886366832 8.27244967028363 6.0905567764947754 3.6786024883354957 1.4202614845625794 9.915646595237165 1.0614315973928967 7.928137253709458 7.720903908948697 4.396950427014687 5.447327070168783 9.360535528860213 4.559086399112383 9.76560667146064 5.719732438377161 1.8425178396797732 8.31977571503916 2.9051810703042715 5.989112061316169 3.6304220436324544 8.345281239884693 8.452383095861302 2.9941963455661993 6.803512314429804 1.8566345974017737 4.704969149586446 1.8717873513640044 2.296098990169162 2.9097655778400133 5.2899053901027395 1.6985245294001339 3.1153940337208117 1.0589770241304768 9.087797683651598 5.970109841898969 2.5079196494287315 9.359903651461623 5.878789289361299 1.375826781648159 5.723891559658116 6.761282864628924 8.205923472817695 8.514269665215494 3.273690071371443 9.714461614977555 5.19614321238858 3.376820528693848 5.944405760344647 4.396004085208571 2.8335551318487493 9.239162490818606 9.452596805967806 8.537442333177292 4.895104016719964 7.445016567300402 8.66209591604607 1.7114201678020087 4.68962682527849 6.774130906961173 9.78806189995174 7.347595233221715 6.729580924403128 2.8484803977998054 3.637586016405013 2.4400906662835284 3.735398834052546 7.466557418000439
1.4101014055354253 1.0785411186330507 1.6858913132646134 0.25660349772733665 1.6544899340567258 1.218111355298955 0.7357204976670991 0.2840522969125159 1.983129319047433 0.21228631947857934 1.5856274507418917 1.5441807817897393 0.8793900854029374 1.0894654140337567 1.8721071057720426 0.9118172798224766 1.953121334292128 1.1439464876754322 0.3685035679359546 1.663955143007832 0.5810362140608543 1.1978224122632337 0.7260844087264908 1.6690562479769386 1.6904766191722604 0.5988392691132398 1.360702462885961 0.37132691948035473 0.9409938299172891 0.37435747027280086 0.4592197980338324 0.5819531155680027 1.0579810780205479 0.3397049058800268 0.6230788067441624 0.21179540482609535 1.8175595367303194 1.194021968379794 0.5015839298857463 1.8719807302923246 1.1757578578722598 0.2751653563296318 1.1447783119316233 1.3522565729257847 1.6411846945635389 1.7028539330430987 0.6547380142742887 1.942892322995511 1.039228642477716 0.6753641057387696 1.1888811520689295 0.8792008170417143 0.5667110263697499 1.847832498163721 1.8905193611935611 1.7074884666354584 0.9790208033439928 1.4890033134600804 1.732419183209214 0.3422840335604017 0.9379253650556979 1.3548261813922347 1.9576123799903482 1.469519046644343 1.3459161848806256 0.569696079559961 0.7275172032810027 0.4880181332567057 0.7470797668105092 1.4933114836000878
0.31259445774959593 0.5621764347037352 0.08320910648575464 0.04202000106091419
0.1531184547977973 0.39315018057272366 0.2802898886006281 0.17344147602885096
0.23526653942787257 0.3786135024012163 0.10653751590801086 0.2795824422629003
0.10346633054919097 0.5875635480992355 0.13591658282222174 0.1730535385293518
0.1632088764692049 0.3812085362552975 0.2002298392712848 0.2553527480042128
0.526586339040998 0.24345129150248246 0.225327250065116 0.004635119391403486
0.41494128416141196 0.05982127860823838 0.03231695370799492 0.49292048352235474
0.33170348372063974 0.28333592649000117 0.10918602473866834 0.27577456505069076
0.13313606043554593 0.3833004722405714 0.33179615285673036 0.1517673144671523
0.689531603407933 0.013833249367796951 0.07305823854332172 0.22357690868094837
0.07688890351604516 0.5338544445468293 0.007165551306591911 0.38209110063053364
0.2984511751937855 0.35916446889695863 0.024142911031502012 0.31824144487775385
0.15377469359810714 0.7462826415998822 0.04749726867030879 0.05244539613170185
0.036569392659698385 0.10623460760667902 0.6761744865356683 0.18102151319795434
0.3188977829088504 0.44212221413710306 0.1758660361335319 0.06311396682051462
0.22200462314754843 0.4058558128209947 0.08526935355722964 0.2868702104742272
0.06650677541017858 0.4338933911495839 0.2340700923158393 0.2655297411243982
0.24234657369654944 0.3409428559176306 0.11574319624665219 0.30096737413916774
0.18728599604706986 0.0026145039465149678 0.06059067959374431 0.7495088204126709
0.6681166060285836 0.14935361290493954 0.11069640659894908 0.0718333744675278
0.15187424427171203 0.31351187576500117 0.381870158417414 0.1527437215458728
0.2936366812621213 0.03425967593230239 0.1817497984680747 0.4903538443375016
0.6786528678145932 0.10331712348301925 0.08514125023005803 0.1328887584723295
0.042048944863398385 0.5414340662153482 0.09586832075035334 0.3206486681709001
0.15354461964236843 0.26353446397259805 0.53604614589072 0.046874770494313545
0.04172451242733011 0.04766228967731179 0.037304617884177826 0.8733085800111803
0.023803481188196973 0.05999494901505864 0.8073325517324742 0.10886901806427018
0.46760305126274404 0.027755774369833786 0.3538507484308746 0.15079042593654757
0.5318311145987473 0.3148424149108585 0.07083199230314341 0.08249447818725075
0.10143118966342501 0.19079562580110754 0.2261542351934427 0.48161894934202476
0.11568120372470159 0.2188578808406091 0.6548444098205427 0.01061650561414662
0.3561315526921506 0.3493638599640836 0.08017547801501612 0.2143291093287497
0.22973762378328277 0.4099974204900343 0.02501279748071672 0.3352521582459662
0.23179073851141763 0.6289011618472928 0.0927861393794085 0.046521960261881046
0.054766306743142756 0.12577195078103487 0.38939181822318825 0.43006992425263413
0.5289830146547179 0.19427812076616569 0.04171654195893093 0.23502232262018552
0.2933307026037758 0.5149701488734173 0.046755404957328994 0.1449437435654779
0.2518293523009715 0.005891729186071615 0.2026792338403569 0.5395996846726
0.2987697335133854 0.022192159219373675 0.055948182634208754 0.6230899246330321
0.4298124054238728 0.28998527980191013 0.23806921641961787 0.04213309835459922
0.31687232762034223 0.5585419696905741 0.08876665941003847 0.03581904327904517
0.09716521270663792 0.17990631124383027 0.43961592775620517 0.28331254829332664
0.17559021524034768 0.5889393173979914 0.05000250361267189 0.185467963748989
0.4242363418663041 0.09688462950415322 0.2166848710558319 0.2621941575737108
0.6960385078730588 0.08310290723127345 0.022388575659068932 0.19847000923659885
0.15429501475117713 0.26064287739114456 0.2515772836998118 0.3334848241578665
0.5874975089797344 0.13453378581747177 0.23644462028203428 0.04152408492075954
0.004558333272067117 0.5210759906194324 0.36241127748093815 0.11195439862756229
0.03217275754922133 0.39420865908319613 0.1209088637078819 0.45270971965970064
0.2229177132780502 0.11032296533233577 0.6197041006080592 0.047055220781554774
0.3937157023065978 0.16662446543761067 0.1677445586723999 0.2719152735833916
0.2971745801513792 0.3776832670766741 0.1727339953425644 0.1524081574293823
0.2877629958134339 0.07469599921519177 0.16890437862565544 0.4686366263457189
0.09253468107152485 0.5453460926831005 0.13888749401707268 0.22323173222830195
0.0992727548682667 0.11908708283987601 0.012242707783916895 0.7693974545079404
0.5177463820001909 0.27731103156488657 0.19890298775467063 0.006039598680251945
0.14647368843243913 0.3969007551834226 0.24077322454816086 0.2158523318359774
0.058584533544527306 0.3379351509653753 0.023523519888068667 0.5799567956020287
0.23075699107221903 0.006710587331529183 0.17249371578983386 0.5900387058064179
0.1271827461738262 0.35069397336456565 0.12240524847313305 0.3997180319884751
0.6632472689035073 0.16026920648805676 0.15937882397979564 0.017104700628640335
0.2597852093887342 0.2432489170599903 0.1768288199611413 0.3201370535901342
0.26444713867560354 0.42056994141093096 0.26143890267582703 0.053544017237638464
0.13345937895089877 0.6616839897154578 0.16032378283884208 0.044532848494801325
0.11887094968971768 0.1923735780440492 0.6670659493409804 0.021689522925252724
0.15216835476734036 0.06985366308207075 0.5244603122623034 0.2535176698882855
0.4335866094688666 0.04393431522983149 0.3644558623214963 0.1580232129798056
0.3101444796393379 0.11015792131987856 0.4903043887111762 0.08939321032960734
0.08856712354263074 0.01869701851432448 0.4436308874145247 0.44910497052852005
0.7982964464104141 0.05856686726709037 0.08642546165359277 0.05671122466890277
0.015782220353167897 0.033130466622871 0.6448452125067613 0.3062421005171998
0.47002862075489793 0.04622428755178498 0.40209524040181954 0.08165185129149755
0.10554000904938199 0.1381162949807846 0.578868844976653 0.1774748509931804
0.2988793985952428 0.05592361569756654 0.11072620077277151 0.5344707849344191
0.23282414461674794 0.12208707212333203 0.2932476036569842 0.3518411796029358
0.10662336988183263 0.14966926026644434 0.5340391262637265 0.20966824358799652
0.15462013314913092 0.2795216670710404 0.37273481361886085 0.1931233861609678
0.07674838391545857 0.674605327536735 0.1508256994476167 0.09782058910018976
0.2006592579192613 0.46045773522549216 0.11146352718020591 0.22741947967504061
0.24913734216053152 0.15032306570180887 0.15540358794785814 0.4451360041898015
0.21185787848598392 0.3889282434893382 0.10230720548611705 0.29690667253856085
0.17408102283484006 0.6669818785827566 0.1250076354792493 0.033929463103154034
0.20796988171451258 0.023791370432999726 0.3990049711421222 0.3692337767103655
0.08649102197078118 0.7093948783867043 0.16738394428663717 0.036730155355877314
0.4138407275582775 0.2934421764043288 0.11217387153646241 0.1805432245009313
0.08320396459997825 0.6018165855215154 0.02998508473638173 0.2849943651421246
0.16447437009756782 0.4185852768990945 0.35704295552207577 0.05989739748126188
0.15860332704069646 0.2905197720973669 0.2252415771405425 0.32563532372139414
0.39970980700697123 0.03911621373114027 0.48067079966486137 0.08050317959702713
0.014042530782964135 0.024361729383851394 0.07579373278920432 0.8858020070439802
0.4363721251332012 0.17225289977573566 0.22769254838988562 0.1636824267011775
0.36242166711449064 0.09824572383945496 0.10817519696129163 0.43115741208476277
0.7219641488886522 0.20281548665694338 0.0037400105961965524 0.07148035385820783
0.3938187114217395 0.06804583710498313 0.5255512338089493 0.012584217664328046
0.3331955602651395 0.0936477235158597 0.4443673595951372 0.1287893566238636
0.11952024818869655 0.28295259632801273 0.5870361567539434 0.010490998729347334
0.384237420660842 0.035160492513123254 0.1716477669135663 0.40895431991246844
0.3563730836826636 0.09117195623700336 0.46280952594007974 0.08964543414025328
0.6444695689475489 0.23404467486565428 0.08634945816801398 0.03513629801878282
0.1039296511878981 0.20212808495644596 0.0971802695155396 0.5967619943401163
0.411640239775103 0.010791335812681102 0.5546638662137379 0.02290455819847803
0.6142621079689186 0.08605168196529978 0.15752283781264886 0.1421633722531328
0.050988396525263324 0.014748979906968107 0.0445909453032034 0.8896716782645652
0.12134416008913118 0.17149203728330675 0.6579411309106844 0.049222671716877664
0.4109163200546081 0.043702489618491325 0.32405683605213054 0.22132435427477004
0.7688098438265153 0.06282670483757569 0.1677327388740414 0.000630712461867633
0.5040848010136093 0.041137512927898245 0.021069788576651316 0.43370789748184113
0.11150083577660996 0.5065193899452476 0.12253714257925175 0.2594426316988907
0.7703637590907179 0.09344823176682704 0.11258828019560829 0.02359972894684681
0.1659492465083282 0.0789910474254103 0.1467196532654853 0.6083400528007762
0.014755308159439928 0.12389481679890435 0.3373552247309104 0.5239946503107453
1.7399161704956256e-05 0.07481728541621813 0.6230680502475291 0.3020972651745478
0.13566154879254644 0.14132438827730387 0.18690453266986984 0.5361095302602799
0.28996662309025767 0.5568567148644853 0.10804852965236367 0.04512813239289337
0.2856874913751274 0.09661385545241785 0.043325552318460026 0.5743731008539947
0.6196846027356608 0.10936999620363053 0.25723621407766795 0.013709186983040689
0.10999634864645236 0.513980657796051 0.02730820240419185 0.34871479115330484
0.2348421508510521 0.08698842261092266 0.23172830147112056 0.4464411250669047
0.1595487213961546 0.43110341784437556 0.40857251141588047 0.0007753493435893599
0.4653344305184711 0.09740953989578882 0.15892931862648363 0.27832671095925643
0.31024746062290176 0.06675028135744221 0.34366240490789 0.279339853111766
0.3402506988797521 0.334363321285014 0.29518598273073204 0.03019999710450183
0.19329990704618727 0.3805107219458195 0.02171141055606407 0.4044779604519292
0.1001888938786738 0.4899749769160886 0.17640431218928798 0.23343181701594962
0.19094332198202124 0.33670523458411183 0.20332615622953887 0.26902528720432806
0.16196661733921802 0.32012705526050644 0.34899031334651875 0.16891601405375678
0.4209944409176969 0.03972630753582873 0.27154845443511333 0.26773079711136105
0.12451298179499393 0.5517640212963875 0.15042961087181528 0.17329338603680333
0.6030190971309976 0.12178028213329861 0.24439739635661573 0.030803224379088112
0.2462163773061785 0.33938938229065796 0.3098221616432899 0.10457207875987362
0.015525113045989136 0.2402017311714375 0.49802112691036515 0.2462520288722082
0.1279380606813213 0.5588490349659675 0.31145414064187316 0.0017587637108380516
0.14588130975490177 0.6012231662805549 0.14282852461444462 0.11006699935009867
0.48640932730821973 0.0018995183956561634 0.3254185950518774 0.18627255924424668
0.2920493914490089 0.10563174114997553 0.2967939361431734 0.3055249312578422
0.2836073311095998 0.2790853782435393 0.2812121660552178 0.1560951245916431
0.11267459991411855 0.3363237929930494 0.0865023583580673 0.4644992487347648
0.20476029102875304 0.10715354166217139 0.45813036366685334 0.22995580364222223
0.5504378272456478 0.31410742961322624 0.06801613545424356 0.06743860768688237
0.317198354885053 0.42924925704914785 0.16714632408538066 0.0864060639804185
