62 90 4 257.10699075153826 514.2139815030766
1.303792393808875 5.401967571690262 8.614765875527945 4.70261799828797 6.682738363576883 3.6184891353952064 5.885202600371884 3.053632419129734 3.162486964783617 9.581117743578663 6.812293889485764 1.1607143814227343 9.96513236691955 7.616750810849052 7.497482147792426 4.694468574544193 2.834021735555413 9.658922761346702 3.020239252348672 1.4300448878709124 8.954624508031653 9.00218857316055 9.665037094861669 6.500571739104927 9.872324895075282 4.627809072610388 2.4122432132287015 6.287042170178333 4.4607081170041045 3.6451380794623356 1.158190368059559 5.201740952147584 9.190597857504702 1.9226792249295306 4.857522180015508 2.177797826041328 2.0080910235607545 9.359520350813725 6.573481092969985 3.438251002714994 7.613856281511767 2.700839168636786 3.5413682844510084 3.6232042505525 5.658667380197252 4.472751504195453 3.0873560848173325 8.256166858042135 7.36914829214976 8.647462267396591 4.27475421231798 4.020900570284936 9.369199457740175 7.966027246255505 6.317519915451821 8.988623447266292 7.117597777903638 1.1605018144440242 8.200473194894608 6.976535005283782 3.69023782946946 5.744503381509864 2.759936275528026 2.689746835009542 7.841707568709565 5.87826469481664 8.810403031205448 2.5216307419152315 3.5138063018188506 5.622230373285779 5.674045956440873 1.3529026210789445 7.590350698303416 3.421878378613114 9.174664253390306 8.91352471682666 4.121599335814395 4.1242874146149155 6.920714484031232 8.129106353015118 4.529816175802271 9.737475544813073 7.360129436913242 8.691322573712597 9.2940801494606 5.585252662885947 7.708076561993645 2.194509872580027 3.9083712890286963 9.33401176093336
0.260758478761775 1.0803935143380525 1.722953175105589 0.9405235996575939 1.3365476727153767 0.7236978270790413 1.1770405200743768 0.6107264838259467 0.6324973929567234 1.9162235487157324 1.3624587778971526 0.23214287628454686 1.9930264733839098 1.5233501621698102 1.4994964295584852 0.9388937149088387 0.5668043471110826 1.9317845522693404 0.6040478504697344 0.2860089775741825 1.7909249016063307 1.80043771463211 1.9330074189723336 1.3001143478209856 1.9744649790150564 0.9255618145220776 0.4824486426457403 1.2574084340356666 0.8921416234008209 0.7290276158924671 0.23163807361191183 1.0403481904295169 1.8381195715009404 0.3845358449859061 0.9715044360031015 0.43555956520826566 0.40161820471215093 1.871904070162745 1.314696218593997 0.6876502005429989 1.5227712563023534 0.5401678337273572 0.7082736568902017 0.7246408501105 1.1317334760394504 0.8945503008390906 0.6174712169634665 1.651233371608427 1.4738296584299522 1.7294924534793181 0.854950842463596 0.8041801140569872 1.873839891548035 1.593205449251101 1.2635039830903643 1.7977246894532584 1.4235195555807276 0.23210036288880484 1.6400946389789215 1.3953070010567563 0.738047565893892 1.1489006763019727 0.5519872551056052 0.5379493670019084 1.568341513741913 1.1756529389633281 1.7620806062410896 0.5043261483830463 0.7027612603637701 1.1244460746571558 1.1348091912881746 0.27058052421578893 1.5180701396606833 0.6843756757226228 1.8349328506780611 1.782704943365332 0.824319867162879 0.8248574829229831 1.3841428968062464 1.6258212706030235 0.9059632351604542 1.9474951089626145 1.4720258873826484 1.7382645147425193 1.85881602989212 1.1170505325771893 1.5416153123987288 0.4389019745160054 0.7816742578057393 1.866802352186672
0.1282163812634115 0.792268543620114 0.07910174955194182 0.0004133255645326628
0.1830068581309271 0.5416535840175017 0.10126611016635134 0.17407344768521982
0.05924963099262137 0.8742070472026647 0.025047082623565586 0.04149623918114831
0.12260387792811567 0.36404038391162274 0.47776605134232675 0.03558968681793484
0.2098962200631701 0.6988317171585355 0.006345605573202295 0.08492645720509207
0.1120088878878085 0.09887688264244998 0.20633766279964771 0.5827765666700938
0.24416677916328455 0.1873231718305295 0.1809531204219358 0.38755692858425017
0.2227386552670807 0.2851211132588999 0.27232193279641703 0.2198182986776024
0.2788141482084502 0.056814627573352317 0.2318031719019341 0.4325680523162634
0.5390308207140199 0.0002991204686590976 0.13501154998182496 0.3256585088354961
0.37316604284799537 0.08890079785562832 0.1319513874755005 0.4059817718208758
0.16883892775736264 0.12392802162871075 0.08376736453616807 0.6234656860777585
0.21945609824158685 0.6880959621651919 0.03858370187356441 0.05386423771965687
0.014546503205853378 0.1003244984376247 0.6457292729423165 0.2393997254142054
0.36853829237061997 0.2980508244624105 0.19403845643294315 0.1393724267340264
0.00520303448989512 0.3160164707530264 0.29978006282366143 0.37900043193341704
0.4748802970199584 0.43015938366118167 0.029640664366897607 0.06531965495196235
0.2397027700941523 0.01677041285830716 0.6349618161795023 0.10856500086803822
0.13502170760124843 0.1197210383748365 0.07632453526037752 0.6689327187635375
0.2675198103692229 0.24637236846010457 0.14412395702116487 0.34198386414950765
0.11468470215441873 0.2820894183259032 0.07708472456564708 0.526141154954031
0.6854312322749563 0.11421467002204388 0.1958312893372126 0.004522808365787223
0.3180945957246365 0.15199862019761656 0.29813059360826144 0.2317761904694855
0.5033192703801544 0.027006112567562024 0.12225621066148429 0.34741840639079924
0.5116315825766709 0.07819719035021155 0.008415967948331549 0.40175525912478605
0.03343755017137595 0.12920201225187777 0.4077984099866897 0.42956202759005657
0.19344307660260962 0.2626077513316607 0.050036602978925204 0.4939125690868045
0.28698033336477236 0.25279651381769275 0.28151154199221706 0.17871161082531783
0.2028649428305911 0.43247926502044176 0.15414812051403026 0.2105076716349369
0.09318092565573344 0.1935408037507762 0.3962401631990611 0.3170381073944293
0.3372324382735564 0.17101828580026113 0.27331183232045253 0.21843744360572992
0.15430822394316923 0.2547439573450596 0.020885694504912178 0.570062124206859
0.38457817161792873 0.38055760898047597 0.07569950747617826 0.15916471192541704
0.29354262710292933 0.07923313151661737 0.4702908706792799 0.1569333707011734
0.12592590931282566 0.12573249460979596 0.16120234961667157 0.5871392464607068
0.1880523103710443 0.455361472888534 0.07990975563469871 0.27667646110572297
0.030573701383478036 0.03513792503597457 0.21897713003826547 0.7153112435422819
0.07280728343840503 0.1718416793786316 0.038256295361065784 0.7170947418218976
0.05464541551930613 0.2560974217625942 0.5705616007579097 0.11869556196018993
0.14474241720406011 0.13609313749336194 0.15746591101842855 0.5616985342841494
0.29803596056790105 0.6132194467929429 0.062360896739331984 0.026383695899824033
0.20793155107344863 0.030915419580353598 0.6450740165468944 0.11607901279930333
0.042628143773370764 0.2513048864562737 0.12654718120874675 0.5795197885616088
0.4869929271680734 0.04578275429816003 0.28206310553763003 0.18516121299613653
0.7234483715019521 0.04868061310326177 0.02802019502371078 0.19985082037107538
0.013812067412492968 0.043589016850347106 0.2713208572432857 0.6712780584938742
0.07118017888877148 0.31357981613338104 0.611751461145389 0.003488543832458446
0.15154322279226728 0.12617520626708378 0.5359450802630081 0.1863364906776408
0.4143534116967309 0.0921793105952492 0.3990527377053662 0.0944145400026537
0.11687563439272664 0.2910762011028216 0.013806963716096798 0.578241200788355
0.32292123694922525 0.29351924938074525 0.1505893332055661 0.23297018046446338
0.07986734762684189 0.5785403066005697 0.22171226995876236 0.11988007581382609
0.10135406267370517 0.0106679814968762 0.19151000481495561 0.696467951014463
0.17881780192336305 0.23226870782091402 0.3373584967058997 0.25155499354982325
0.29848263292864263 0.2930781416140751 0.33270403841596996 0.07573518704131232
0.11321777208151818 0.22084513517170778 0.35844915539684186 0.3074879373499322
0.5546421057630753 0.41440894842465303 0.005409090512545456 0.025539855299726244
0.05332861368394093 0.21618603669004643 0.4080710316241998 0.32241431800181286
0.1352521382051891 0.14852348063108156 0.4523649686922879 0.2638594124714414
0.3179998346342928 0.3035386474291033 0.22608191646612508 0.1523796014704788
0.3906009362402456 0.34977075315508466 0.16855848689369368 0.09106982371097605
0.438493465806566 0.03256350048408718 0.3485983815773067 0.1803446521320401
0.06942775869810403 0.02532999736550412 0.689744452493758 0.2154977914426338
0.40212262222143647 0.22810198963371064 0.22961974328562174 0.14015564485923115
0.16495098372885786 0.6540155697778648 0.04043552533362571 0.14059792115965164
0.1771441123124622 0.20587190410656697 0.17771787233661052 0.4392661112443603
0.26909602685807943 0.17399035408226027 0.37688571264471693 0.18002790641494337
0.6020495086048506 0.02023242255613833 0.030277038417094837 0.3474410304219162
0.4762347372260084 0.34112467491218057 0.0007733463471757407 0.1818672415146353
0.2607386220945258 0.09339570335132463 0.33485075500552985 0.3110149195486197
0.4654459461189101 0.24495632511824728 0.017892727625959726 0.2717050011368829
0.13843517995360854 0.24239478160149897 0.39064567664706074 0.22852436179783175
0.20607487239343747 0.05672468074949044 0.2899262688073183 0.4472741780497538
0.5862073798197343 0.26993126394891864 0.10990426856272528 0.03395708766862182
0.6356625605044128 0.17162579015458623 0.11067813184440856 0.08203351749659238
0.18943406366148252 0.371141950379522 0.04209915411680609 0.39732483184218936
0.6522521558984504 0.03501796952866165 0.14125002938728815 0.17147984518559978
0.4697030341365286 0.032498539525211534 0.2514083082365204 0.2463901181017395
0.21046173457381967 0.6362204051199566 0.053055069612070516 0.10026279069415323
0.08843112305323009 0.02843240857391305 0.19742840572989862 0.6857080626429582
0.10387334332449516 0.13452059397302163 0.28531056394851184 0.47629549875397137
0.058133912373845686 0.7428575318787658 0.15263274011374994 0.04637581563363857
0.1301818274052644 0.5611345929254371 0.10572073109262337 0.20296284857667513
0.5020477689239212 0.2194049748691984 0.2596264544396266 0.018920801767253748
0.02198739383699455 0.039327822043104144 0.5482491033017257 0.3904356808181756
0.8204873844321342 0.0078004242436618965 0.012372862021206243 0.15933932930299766
0.5211864097814214 0.24088559127111842 0.02854057746914551 0.20938742147831468
0.03804239199002046 0.16252101844391909 0.5940275162030761 0.2054090733629843
0.3488733141065541 0.48416035862273377 0.01452022648974527 0.15244610078096688
0.08518333736567252 0.31617324884005316 0.3030076845788071 0.2956357292154672
0.03513781128132265 0.058308452950849854 0.7880341311631133 0.11851960460471422
0.48025316527879525 0.19181739283305965 0.0027799499520654303 0.32514949193607967
0.05682917782949237 0.12587740944602088 0.7031611933988503 0.11413221932563644
0.3554672761085238 0.23684875354264467 0.0028085529228139006 0.4048754174260176
0.059256660826141117 0.03167962235952504 0.7758474294065913 0.1332162874077425
0.20303869170725053 0.38518693054387665 0.06875680347462176 0.34301757427425106
0.28609805312426784 0.038424849264204974 0.6637832669412179 0.011693830670309269
0.007557313723873249 0.5170004303079581 0.27793661679296566 0.19750563917520303
0.15868184030012988 0.5701804458750839 0.18682404349383264 0.0843136703309536
0.16628893072148088 0.025109910633292154 0.5636479641098147 0.2449531945354123
0.13089540769072794 0.08282280999594382 0.6750812680069475 0.11120051430638078
0.5597727062167529 0.08653079967939625 0.1675882324292245 0.18610826167462635
0.6477714650365594 0.0657696172705644 0.11843254285702143 0.1680263748358548
0.09379525790319243 0.7954302203915715 0.07878327943550567 0.03199124226973038
0.2832096136826431 0.07372656774006636 0.33311217476158483 0.3099516438157057
0.18556611567835657 0.10344879439513044 0.7087243262836083 0.0022607636429047284
0.05002744928705827 0.1768735189882673 0.2685006355524554 0.504598396172219
0.7444869255975327 0.059058993507292934 0.16981657331367772 0.026637507581496633
0.30211350287363237 0.21244142373696817 0.09942075671296413 0.38602431667643533
0.6400202462757032 0.07410816559799616 0.06410794875847681 0.22176363936782384
0.1459349161026119 0.5179352258360665 0.22309253640924098 0.11303732165208058
0.504279706426365 0.11840496130439282 0.07069272991577913 0.30662260235346306
0.4223638602889259 0.1858447701122915 0.27453935550767483 0.11725201409110775
0.6205795760745105 0.08703954207109121 0.25815888383880503 0.034221998015593225
0.30016033238316164 0.20168080363221674 0.11227511109193433 0.3858837528926873
5.58491246687165e-05 0.6020845316514779 0.24244603758991112 0.15541358163394225
0.266159572084964 0.48084603680144167 0.1833973037362272 0.06959708737736714
0.21920359922957344 0.0936064345624531 0.5853342461397185 0.10185572006825494
0.19215811234928715 0.36846367179112516 0.15477751146725816 0.28460070439232954
0.12236890499423914 0.07001559371861588 0.29880835366359204 0.508807147623553
0.2691775631659322 0.515945246363792 0.14752582949767856 0.0673513609725972
0.1581176472607274 0.1583963693498467 0.4346805338626206 0.24880544952680528
0.45035099242469545 0.07261832510807131 0.21653203208018457 0.26049865038704867
0.40461508429790616 0.2635061269012595 0.22339993374343525 0.10847885505739907
0.5894580502438044 0.2569429168948766 0.13328241033203003 0.020316622529289008
0.2913070032334305 0.29502832650616484 0.32142565529916745 0.09223901496123721
0.7158455194347813 0.19413807688743723 0.0769946702906984 0.013021733387083123
0.508646019628904 0.0994580118926679 0.02443610376663119 0.3674598647117969
0.038404945267458857 0.4731050632250512 0.11373251895748093 0.374757472550009
0.2425240963249259 0.31585020411885256 0.10336925465134861 0.33825644490487294
0.07688927162151904 0.4129741550139854 0.45270294067853944 0.05743363268595614
0.14604563564471906 0.3266855740451705 0.08755473043026063 0.4397140598798498
0.29346308806759647 0.03126736622668158 0.23611608826237063 0.4391534574433513
0.40142476770151503 0.15894502086841278 0.35199576027761503 0.08763445115245716
0.016419632617796553 0.16015542956294848 0.486771195170278 0.33665374264897696
0.5069737016464803 0.012000297291177797 0.29572006150180064 0.1853059395605413
0.04800687525579184 0.4388796669117502 0.25585767370893364 0.25725578412352434
0.07410341112811192 0.4862396096756917 0.42669641608785946 0.012960563108336931
0.8712641281594483 0.02157172896344617 0.03172298565178999 0.07544115722531552
0.10620927740561215 0.09634331646763583 0.42580682736706355 0.3716405787596885
0.03612817334874019 0.6098318702230092 0.013641199908847823 0.34039875651940277
0.06222045967546408 0.27023193632013554 0.18238251750620627 0.4851650864981941
0.03660271535828441 0.29919633530768985 0.17231435492868652 0.4918865944053392
0.49941434453380684 0.20933122951628746 0.17988776632261927 0.11136665962728642
0.26148168759983104 0.017710760591922448 0.7172952617664615 0.0035122900417849934
0.10497351672863242 0.521675613910106 0.09802646891919364 0.27532440044206796
0.5564001209446652 0.08758927731521915 0.2313390977688221 0.12467150397129356
0.15325209485807023 0.5510420609698284 0.013653150987679274 0.28205269318442205
0.021906635516603656 0.14161501905361018 0.12462973231921692 0.7118486131105692
0.6406357535465431 0.17997973522644695 0.09527819111899838 0.08410632010801156
0.19705467318064807 0.33909172778880936 0.20452186206221934 0.25933173696832323
0.15715706738161428 0.2771337622447084 0.45465090592384405 0.11105826444983324
0.30822343428055177 0.22569454441757786 0.21096205926171074 0.25511996204015963
0.053153386524180446 0.11609672548234184 0.1043816778156762 0.7263682101778015
0.22153620924306316 0.04537146446060836 0.43780572425249853 0.29528660204382995
0.28418603430872214 0.40786873240685506 0.09871898944997093 0.20922624383445187
0.039801624668664326 0.25479015603257893 0.1897493991220328 0.5156588201767239
0.19157068656163545 0.19329225144196582 0.3268939183594576 0.28824314363694115
0.07531508106994833 0.40623905360483914 0.4492092309148271 0.06923663441038541
0.02017253919162032 0.09797790435699671 0.5167825401523165 0.36506701629906646
0.6918636648128562 0.1855305025509032 0.1099157893143975 0.012690043321843092
0.19540481327768267 0.3992933994999974 0.2019158657731488 0.20338592144917111
0.1572705992279846 0.009713580491705787 0.7160085795499003 0.11700724073040936
0.3256141085360984 0.22643743848718456 0.283196049009132 0.16475240396758506
0.14696205667356355 0.25749478670743176 0.10619599673901148 0.4893471598799932
0.6027608359357521 0.1692963219642244 0.17404820240110774 0.053894639698915725
0.0520332684267758 0.7850462949725793 0.06732477101816059 0.09559566558248433
0.22079769537991856 0.1542753522105832 0.5991667184875987 0.025760233921899522
0.42587080384591747 0.17449920535344743 0.36094727746799693 0.038682713332638174
0.1899854038317882 0.14561039995781289 0.4062469870429225 0.2581572091674764
0.04775814006467316 0.25197981058670205 0.6645866474506755 0.035675401897949266
0.028187937149077857 0.47631810363148563 0.19883417060725472 0.2966597886121818
0.25191456943477475 0.37361627757678206 0.010531005881672217 0.36393814710677097
0.12805989759917658 0.2077273770697663 0.49808562282738367 0.16612710250367346
0.3140842077618925 0.04744491796094852 0.3867160123232659 0.25175486195389307
0.07097266900659471 0.10271634481964342 0.4958514764466826 0.33045950972707927
0.19187108620050108 0.14866647834816638 0.579109644856819 0.0803527905945135
0.20036166434185643 0.515571658562968 0.04653508539085849 0.23753159170431704
0.16056462302817098 0.7888390391329695 0.04867405372703726 0.00192228411182227
0.019557718954164027 0.3132966882616155 0.1066272419987716 0.5605183507854489
