70 10 4 31.972408317297997 63.94481663459599
9.34732484757063 8.85183664968294 6.261681453359978 9.146531563514172 3.8514931407166553 2.332072908368053 8.735806920188862 4.903308700760383 5.441687175209001 5.073073275225309
1.8694649695141259 1.770367329936588 1.2523362906719957 1.8293063127028344 0.770298628143331 0.4664145816736106 1.7471613840377724 0.9806617401520766 1.0883374350418002 1.0146146550450619
0.043704646608971 0.3194500281784526 0.22817369676345378 0.40867162844912264
0.18510938820578027 0.12195527345901969 0.4278844012376122 0.26505093709758787
0.13122727002257162 0.6567641526519048 0.19773319167873282 0.014275385646790761
0.3443054382254692 0.14404017008895265 0.5038524209633255 0.007801970722252638
0.15511409362491968 0.11171539981604306 0.5339802128551516 0.19919029370388563
0.48388806423605435 0.431048434701495 0.05353544169152302 0.03152805937092762
0.2205335710448988 0.01159994417496335 0.6120587022056271 0.15580778257451078
0.10897001329416456 0.07577799823921905 0.23178913278211155 0.5834628556845048
0.35111633410827126 0.18357413869747685 0.295246134407115 0.1700633927871369
0.286230344679123 0.294265278041434 0.2817243519860184 0.1377800252934246
0.26228466728522704 0.04772631096961388 0.39811929691773196 0.2918697248274271
0.1259461988336218 0.06476900001950059 0.7434358107346997 0.06584899041217795
0.0048934377712812616 0.6698187050269874 0.3032591426013981 0.022028714600333288
0.3413433999443778 0.18774266429486108 0.4189369326719412 0.05197700308881992
0.03245902930234201 0.15458234565284634 0.17900848340909492 0.6339501416357167
0.19819739171635187 0.015387524630233074 0.1522231079174392 0.6341919757359759
0.05218182530283322 0.2476706125964675 0.4991015331754288 0.20104602892527046
0.14292332531108032 0.29822408980686277 0.053022140930708894 0.505830443951348
0.6186374558852684 0.2473036111854151 0.08078747758797034 0.05327145534134614
0.37045341571718815 0.3901722146722645 0.20566533932202347 0.0337090302885239
