87 10 4 34.69365143210223 69.38730286420446
6.906377667096612 9.594112392219047 9.737884314944347 1.8804895958384846 3.1667042420306286 8.817777882224114 5.927076410072622 7.472379681358821 9.331153124415867 6.553347554003919
1.3812755334193223 1.9188224784438095 1.9475768629888695 0.3760979191676969 0.6333408484061257 1.7635555764448227 1.1854152820145243 1.4944759362717641 1.8662306248831733 1.3106695108007838
0.18291099480054362 0.21894509393704709 0.2650042696830789 0.3331396415793304
0.2667350228019857 0.15247490951722387 0.5568670373248849 0.023923030355905595
0.08948537224711073 0.09662048828928649 0.7547522439090876 0.05914189555451521
0.192038773487181 0.1482125566819581 0.31365900881499265 0.34608966101586824
0.41220721547871864 0.22568531706021888 0.11281067982217807 0.2492967876388844
0.1639713326650435 0.19440708908891136 0.4029860598671221 0.23863551837892305
0.6985531528581971 0.001397907604093862 0.23393499153534336 0.0661139480023657
0.013435769845112744 0.7896010935852892 0.04414892696348993 0.15281420960610814
0.12887411334769383 0.17707193288571088 0.10225534788599033 0.591798605880605
0.049269671285265826 0.3836283642499879 0.1742130900505473 0.39288887441419895
0.3339018412812643 0.028559690190494758 0.39944932875322325 0.23808913977501767
0.062249538386028425 0.20484598504022233 0.08415429983396272 0.6487501767397865
0.010565432184878931 0.18679245925042265 0.7881299660292698 0.014512142535428652
0.02201669091092373 0.30452592088311825 0.6259392830735099 0.04751810513244814
0.031948062711015135 0.19500385057425418 0.7201305859372477 0.05291750077748303
0.2717906960233123 0.19022682828015014 0.18683331131319247 0.3511491643833451
0.2071523251755012 0.41107241885820844 0.13539589793121687 0.2463793580350735
0.47057727210703304 0.35038346920113905 0.07045073775210442 0.10858852093972349
0.22545637843580102 0.03927102369313751 0.010912626300838224 0.7243599715702232
0.45413499751129405 0.032307226939293554 0.10215302503161772 0.4114047505177947
