86 60 4 168.20037838200463 336.4007567640093
2.823462582660014 2.8638379365487583 2.373739689702213 7.791335303729706 3.0468408916250986 6.976737676309856 6.302960423203684 4.794824987110218 8.704214884796688 5.3807742831617835 3.2531647331366074 8.581769940284717 8.198464984080335 7.9519716561889 8.3770496518551 1.5150294091749639 3.76152535892045 2.606583136338702 4.581330453147675 9.00407518781942 3.587761272237696 7.116560350242218 8.711808295698308 3.486776072998947 5.664682305046751 6.206122150274543 2.4514362798495077 7.644232389289187 6.417633659311612 1.4461521054049635 4.113904607943716 7.036397574641589 2.8318276460373304 2.2458932436334686 4.939554840821005 3.676874202542121 9.975563512404904 9.083520524707978 7.875567943175487 2.8970608226645416 6.080642594161851 7.591979872862366 9.539032419819009 5.4181506028421484 8.475304659322347 3.752861500923855 3.235923225824728 5.294095552207097 7.892445126040427 8.087978810900157 6.814449516062348 3.6962321694011933 8.63238239244282 1.6298590878093107 3.9538473823406526 6.923030268542288 2.953193410464567 3.515277903244896 6.709360684167203 9.905686615909241
0.5646925165320028 0.5727675873097516 0.4747479379404426 1.5582670607459412 0.6093681783250198 1.3953475352619713 1.2605920846407368 0.9589649974220436 1.7408429769593377 1.0761548566323567 0.6506329466273215 1.7163539880569434 1.639692996816067 1.59039433123778 1.67540993037102 0.3030058818349928 0.75230507178409 0.5213166272677404 0.916266090629535 1.800815037563884 0.7175522544475392 1.4233120700484436 1.7423616591396616 0.6973552145997894 1.1329364610093502 1.2412244300549085 0.4902872559699015 1.5288464778578374 1.2835267318623225 0.28923042108099273 0.8227809215887432 1.407279514928318 0.5663655292074661 0.4491786487266937 0.987910968164201 0.7353748405084242 1.9951127024809807 1.8167041049415957 1.5751135886350975 0.5794121645329083 1.2161285188323703 1.518395974572473 1.9078064839638018 1.0836301205684298 1.6950609318644694 0.7505723001847711 0.6471846451649456 1.0588191104414195 1.5784890252080854 1.6175957621800314 1.3628899032124697 0.7392464338802387 1.7264764784885638 0.3259718175618621 0.7907694764681306 1.3846060537084575 0.5906386820929134 0.7030555806489792 1.3418721368334405 1.9811373231818483
0.11091623802032147 0.5036949223024793 0.23805059964187036 0.14733824003532892
0.41030201459255833 0.39709941498628754 0.18823211986971 0.004366450551444134
0.2060669050451388 0.5639511123672456 0.12674077608924395 0.10324120649837165
0.13208464477673165 0.0011010135749628391 0.1392021284443954 0.7276122132039101
0.14867897615068415 0.38196997710697245 0.13827349864964023 0.3310775480927032
0.6400306546770306 0.0944867885643964 0.13675486677151338 0.12872768998705963
0.038083119917579955 0.867036787127711 0.08348090723440926 0.011399185720299743
0.11021912825295166 0.4718905458009238 0.20994212625979647 0.20794819968632805
0.09529529717482565 0.39387278085952304 0.47118413092532996 0.039647791040321345
0.34612539756807703 0.5460794949233084 0.011001145570578519 0.09679396193803602
0.05424576835411765 0.5776225328956113 0.13707863824309818 0.2310530605071729
0.0003891497377432884 0.07088176692119508 0.623817657723419 0.3049114256176426
0.3669075124822886 0.4497350299260173 0.02953185321680618 0.1538256043748879
0.15585113826605346 0.018047442851365503 0.782933665624557 0.04316775325802402
0.1677953949379718 0.05340669304433299 0.6488910759176395 0.1299068361000557
0.4194999484160453 0.1904608410151284 0.3344015007226908 0.055637709846135475
0.2860016174442569 0.1264720778364805 0.0836959812815512 0.5038303234377114
0.296931376758783 0.25292912229901787 0.084775799450717 0.3653637014914821
0.31635108413499347 0.1016802834177376 0.2506081579330367 0.33136047451423223
0.19025363639065307 0.05864884656695346 0.6237027962168645 0.12739472082552894
0.5844336344181895 0.09064721085530303 0.20117397341487742 0.12374518131163004
0.22671645052530065 0.576605932268279 0.17812290537574282 0.018554711830677473
0.3212954596467492 0.5659994960576994 0.10497531022171513 0.0077297340738362585
0.03070155805009467 0.3157824690122796 0.5753905220388729 0.07812545089875289
0.17321748020203964 0.14067416018708168 0.5501795612822308 0.1359287983286479
0.30733256181417334 0.4586734113978862 0.20944809646534068 0.024545930322599774
0.0015210248669477178 0.5125297422545533 0.19849220950922564 0.28745702336927337
0.3212190867810236 0.41653023512418486 0.12146734724482355 0.14078333084996797
0.2680319870655681 0.3343580108323626 0.36932073509557906 0.02828926700649026
0.3371905641980547 0.2930013359036179 0.1771072482074587 0.1927008516908687
0.3374610615506517 0.3058005258234837 0.2591466859553053 0.09759172667055926
0.20711578539052466 0.2353767227341762 0.26585078055656075 0.2916567113187384
0.08290526125888498 0.20107741226548037 0.36837651070838195 0.3476408157672527
0.031657658007963274 0.25962199759454974 0.5896045522353439 0.11911579216214307
0.07542276485145083 0.442569762465284 0.39704048677422177 0.08496698590904339
0.3661837770861117 0.24992320285534686 0.3478493252740481 0.03604369478449332
0.15744345965264006 0.3190147366830315 0.03825281332475694 0.4852889903395715
0.11942817345788104 0.5463836595280614 0.1022005462419775 0.23198762077208002
0.2250739609043254 0.5642953824475541 0.09974067935055564 0.11088997729756489
0.2027830257951041 0.6521773508907475 0.06189373035270862 0.08314589296143982
0.030171864631728496 0.23322938026040807 0.229867797015458 0.5067309580924054
0.006445119525047893 0.16015414575211206 0.39965225263552095 0.4337484820873191
0.16379057709803146 0.4137569986663441 0.15239174091213326 0.2700606833234912
0.012850252594544642 0.07946272990184577 0.8462119484045866 0.061475069099023005
0.2949175653738717 0.41280921292645156 0.16970037927595572 0.12257284242372102
0.20549033430890096 0.43063107962187497 0.07338693732284352 0.29049164874638056
0.41057386799856976 0.12995766295867806 0.4118088782297904 0.04765959081296178
0.009448170844764903 0.7245471899413951 0.00443443172736846 0.26157020748647153
0.05004773269808793 0.2858169338050759 0.5916966255368187 0.0724387079600175
0.04055411891365368 0.31455545267214835 0.26483313375525575 0.3800572946589422
0.005380461310598328 0.12373569400193096 0.15496372708810857 0.7159201175993621
0.10762820323714373 0.050238685972111674 0.7210107172118424 0.1211223935789022
0.8246132283249247 0.06697815475463442 0.04052705313610605 0.06788156378433485
0.37061958052664346 0.2693395143237012 0.08231089910026523 0.27773000604939013
0.305401634740169 0.5091124832156685 0.07226581723739045 0.11322006480677205
0.20893917177867105 0.30483977080318514 0.3999473993843161 0.0862736580338277
0.5504426713379887 0.0064260417489895305 0.05756437720464336 0.38556690970837837
0.36963889754872403 0.11277914831984193 0.053316760265937346 0.4642651938654967
0.007891568634731838 0.27629934289064606 0.6590030072718551 0.05680608120276698
0.15386937138877088 0.2893955597885951 0.0642067117891667 0.4925283570334673
0.06712348462239459 0.08533161140181511 0.18474077711739212 0.6628041268583982
0.2176128210149736 0.2869310210334485 0.3192517163931051 0.1762044415584728
0.1952532727428532 0.08921198910589245 0.023778731384332175 0.6917560067669222
0.07070277991770135 0.3560398320852134 0.006699712578284389 0.5665576754188009
0.36502341457357657 0.014949896400057061 0.018146894444680872 0.6018797945816855
0.3081033770667473 0.1897615396471084 0.08664515388684557 0.41548992939929874
0.06367146051028116 0.05797853233907402 0.006512227342440613 0.8718377798082042
0.0940639247632431 0.5618681689857392 0.05424118534145539 0.2898267209095623
0.618722571795444 0.06020377667293264 0.13257944746236439 0.18849420406925899
0.28885759537225475 0.33351941397418006 0.032562702106372354 0.34506028854719284
0.044324629557433215 0.4691545425256204 0.36571020036858337 0.12081062754836303
0.3825479785025079 0.2448602983737972 0.29451057255533675 0.07808115056835818
0.056836935330936034 0.21100256043686927 0.08722295528003221 0.6449375489521625
0.515368753948138 0.18855752751809152 0.06057027673094861 0.2355034418028219
0.2263281866105492 0.499934739312458 0.05576130106857813 0.21797577300841464
0.5143860312319036 0.007297668028302451 0.386616106659325 0.09170019408046892
0.502779242995999 0.35591280730973296 0.09789574494157172 0.04341220475269636
0.20870539891187567 0.5327769931428489 0.06725191173515999 0.19126569621011547
0.05688078318688894 0.47697043527050675 0.09198756143799092 0.3741612201046134
0.07122987639529743 0.12374918982990124 0.7164132504227312 0.08860768335207014
0.39178877044756366 0.09478845278469428 0.4165747246527205 0.09684805211502157
0.10255805504760585 0.25280972964448634 0.1365828026567376 0.5080494126511702
0.13497985874433627 0.1796677370308234 0.035946807771363165 0.6494055964534772
0.028717018659038196 0.057144258148096094 0.5976868538452587 0.31645186934760705
0.04919384325536125 0.002513051819520662 0.24896946912894868 0.6993236357961694
0.2700383519126681 0.05822587180456784 0.10489288471197411 0.5668428915707899
0.31642203936949964 0.32774049366247193 0.18326864796785503 0.1725688190001734
0.30733640879369584 0.015039588097159218 0.34930413614058897 0.328319866968556
0.4112957128345339 0.02901979340018257 0.3322783992058128 0.2274060945594707
0.4010981446690135 0.10345981039388474 0.27475757186029226 0.2206844730768095
0.03481218043380285 0.27213267816642617 0.3772171561026264 0.3158379852971446
0.4918308213024929 0.2639400491158377 0.24110392325794805 0.0031252063237213745
0.5537515221251349 0.08915056339459693 0.02518155835846214 0.33191635612180603
0.2593959869722846 0.33002618386454297 0.01832326339780732 0.3922545657653651
0.06400727425860997 0.04644318337766118 0.38038077943977433 0.5091687629239545
0.0413382189101017 0.0008997178803754613 0.7745170839955557 0.1832449792139671
0.4428493689890073 0.19680921923728878 0.12485099139249434 0.2354904203812096
0.04827883875762695 0.39441026733121076 0.5063217360906188 0.050989157820543474
0.14788279540160387 0.1459999403808161 0.7043172121779585 0.0018000520396215247
0.6675328056234645 0.2161341008816452 0.08328584193071586 0.03304725156417443
0.3294686609879788 0.4156813673357852 0.24028232884996759 0.014567642826268434
0.30213801629430437 0.09654006366667134 0.5425974237256729 0.058724496313351415
0.023591365313083035 0.5180843046341906 0.39137628236220345 0.06694804769052287
0.29998029283063465 0.21858083103318493 0.42886160770601034 0.05257726843017008
0.11816994162736993 0.215814409779992 0.6652664719275753 0.0007491766650628007
0.16141494937380063 0.01917352877405032 0.2895828812732787 0.5298286405788704
0.2559035206801201 0.3823132474747466 0.3179555004149234 0.043827731430209904
0.1521963246608421 0.2742920791290159 0.07100820705163202 0.50250338915851
0.01640841842896279 0.723221023294196 0.1765256618076575 0.0838448964691837
0.25132653280095785 0.2358654054604048 0.4114521431609134 0.10135591857772397
0.04591063607518808 0.10303397991223484 0.36320292155585054 0.48785246245672653
0.4422921271920084 0.16644095980672935 0.26446265569341865 0.12680425730784362
0.44361310064316206 0.09833843284347654 0.053354097831602054 0.40469436868175934
0.5648727742558134 0.13462371160850095 0.24611431091877056 0.054389203216915094
0.2186453195268775 0.019593315133180078 0.5577877913888623 0.20397357395108018
0.057830783642117134 0.6595453259434905 0.16589937094899687 0.11672451946539553
0.23206074415049693 0.08861174681337214 0.039859978068343405 0.6394675309677875
0.4276784455546706 0.3772849691057274 0.13975852638093345 0.05527805895866855
0.566179206720248 0.37861388634768645 0.05062849529641433 0.004578411635651203
0.2737037320469281 0.27251757383962893 0.2576892200598053 0.19608947405363764
