62 50 4 136.49163079385633 272.9832615877127
1.303792393808875 5.401967571690262 8.614765875527945 4.70261799828797 6.682738363576883 3.6184891353952064 5.885202600371884 3.053632419129734 3.162486964783617 9.581117743578663 6.812293889485764 1.1607143814227343 9.96513236691955 7.616750810849052 7.497482147792426 4.694468574544193 2.834021735555413 9.658922761346702 3.020239252348672 1.4300448878709124 8.954624508031653 9.00218857316055 9.665037094861669 6.500571739104927 9.872324895075282 4.627809072610388 2.4122432132287015 6.287042170178333 4.4607081170041045 3.6451380794623356 1.158190368059559 5.201740952147584 9.190597857504702 1.9226792249295306 4.857522180015508 2.177797826041328 2.0080910235607545 9.359520350813725 6.573481092969985 3.438251002714994 7.613856281511767 2.700839168636786 3.5413682844510084 3.6232042505525 5.658667380197252 4.472751504195453 3.0873560848173325 8.256166858042135 7.36914829214976 8.647462267396591
0.260758478761775 1.0803935143380525 1.722953175105589 0.9405235996575939 1.3365476727153767 0.7236978270790413 1.1770405200743768 0.6107264838259467 0.6324973929567234 1.9162235487157324 1.3624587778971526 0.23214287628454686 1.9930264733839098 1.5233501621698102 1.4994964295584852 0.9388937149088387 0.5668043471110826 1.9317845522693404 0.6040478504697344 0.2860089775741825 1.7909249016063307 1.80043771463211 1.9330074189723336 1.3001143478209856 1.9744649790150564 0.9255618145220776 0.4824486426457403 1.2574084340356666 0.8921416234008209 0.7290276158924671 0.23163807361191183 1.0403481904295169 1.8381195715009404 0.3845358449859061 0.9715044360031015 0.43555956520826566 0.40161820471215093 1.871904070162745 1.314696218593997 0.6876502005429989 1.5227712563023534 0.5401678337273572 0.7082736568902017 0.7246408501105 1.1317334760394504 0.8945503008390906 0.6174712169634665 1.651233371608427 1.4738296584299522 1.7294924534793181
0.36386157914644224 0.22697396701487116 0.33907550469870607 0.07008894913998054
0.29891531438549557 0.3808177720482421 0.12031949077677428 0.19994742278948807
0.19554847505866957 0.5646412547979488 0.1076328291662092 0.13217744097717243
0.2793118113132056 0.2400266282913358 0.2129227490958382 0.2677388112996204
0.3468443706460439 0.3110127942463152 0.2504388632621194 0.09170397184552148
0.3922017973113634 0.31447925123455245 0.21488341250526188 0.07843553894882227
0.3231523654476329 0.42218947477388313 0.2542448342139513 0.0004133255645326628
0.1282163812634115 0.6977101710513687 0.09455837256874533 0.07951507511647449
0.1830068581309271 0.5416535840175017 0.23384331867042285 0.04149623918114831
0.05924963099262137 0.0633542469354943 0.8108528002671704 0.0665433218047139
0.4866442618397384 0.4220836753819672 0.05568237596035952 0.03558968681793484
0.2098962200631701 0.0009895504670883737 0.7041877722646495 0.08492645720509207
0.1120088878878085 0.3052145454420977 0.014266517663907852 0.568510049006186
0.2227386552670807 0.021428123896203854 0.3682762922524653 0.38755692858425017
0.3356287757818025 0.17223099274417808 0.27232193279641703 0.2198182986776024
0.2788141482084502 0.2602166725055697 0.02840112696971675 0.4325680523162634
0.37316604284799537 0.1661638983346836 0.13501154998182496 0.3256585088354961
0.37653431392224146 0.08553252678138223 0.1319513874755005 0.4059817718208758
0.16883892775736264 0.050617170484224205 0.07331085114448654 0.7072330506139266
0.014546503205853378 0.8930055572009253 0.03858370187356441 0.05386423771965687
0.11487100164347808 0.5517181151895524 0.09401115775276414 0.2393997254142054
0.32121950524292153 0.047318787127698436 0.49208928089535364 0.1393724267340264
0.00520303448989512 0.46967726253006326 0.1461192710466246 0.37900043193341704
0.8914349991319618 0.013604681549178266 0.029640664366897607 0.06531965495196235
0.2397027700941523 0.015039975881932621 0.0017304369763745386 0.7435268170475405
0.13502170760124843 0.19604557363521402 0.18282489759286502 0.4861078211706725
0.2675198103692229 0.20633903467674608 0.18415729080452337 0.34198386414950765
0.11468470215441873 0.2820894183259032 0.5987030711538909 0.004522808365787223
0.47009321592225306 0.21533801635270322 0.11421467002204388 0.20035409770299983
0.3180945957246365 0.18522467465551795 0.26490453915036005 0.2317761904694855
0.5303253829477165 0.05950338997916593 0.06275282068231836 0.34741840639079924
0.03343755017137595 0.4781940324052949 0.0866131582985431 0.40175525912478605
0.16263956242325373 0.3434478684899418 0.0643505414967479 0.42956202759005657
0.19344307660260962 0.09353725676216273 0.16907049456949796 0.5439491720657297
0.5397768471824651 0.249715481182598 0.03179606080961905 0.17871161082531783
0.09318092565573344 0.10968401717485765 0.43247926502044176 0.36465579214896715
0.28672172940650964 0.2215289946673079 0.17471116853175317 0.3170381073944293
0.3372324382735564 0.07181974301467242 0.37251037510604124 0.21843744360572992
0.15430822394316923 0.2756296518499718 0.41089741228144194 0.15916471192541704
0.29354262710292933 0.0910355445149994 0.38055760898047597 0.2348642194015953
0.3727757586195467 0.040084994919746486 0.4302058757595334 0.1569333707011734
0.12592590931282566 0.12573249460979596 0.3917553793369567 0.3565862167404217
0.1880523103710443 0.09663644608667377 0.43863478243655896 0.27667646110572297
0.030573701383478036 0.03513792503597457 0.007095657018952428 0.927192716561595
0.24464896281703663 0.038256295361065784 0.5983991798617077 0.11869556196018993
0.05464541551930613 0.22619013917811592 0.02990728258447828 0.6892571627180997
0.14474241720406011 0.2935590485117905 0.4729539416449934 0.08874459263915602
0.23884697065380223 0.05918898991409882 0.6755803435322749 0.026383695899824033
0.042628143773370764 0.16530340730007786 0.675989436127248 0.11607901279930333
0.29393303022964445 0.12654718120874675 0.0665127157296822 0.5130070728319266
0.3356556189205484 0.43834740844117437 0.11362180011230971 0.11237517252596751
0.017833534938224926 0.5093335074517599 0.13689240264154645 0.33594055496846875
0.16907008243502575 0.01867956589936781 0.3542797622007887 0.4579705894648177
0.03921140234210496 0.2298861952815744 0.2444835549636295 0.48641884741269115
0.3471430460683239 0.44497988204446703 0.08715759597906003 0.12071947590814902
0.5094725180984385 0.345118878980739 0.11623921901116396 0.02916938390965851
0.0934462642321725 0.03927705494338607 0.7932779875948147 0.07399869322962671
0.03513781128132265 0.4451153539974726 0.40122723011649053 0.11851960460471422
0.05682917782949237 0.6152413802823625 0.0027799499520654303 0.32514949193607967
0.18270658727551325 0.4096094423756552 0.2935517510231951 0.11413221932563644
0.09093628318566616 0.26453099292285764 0.23965730646545857 0.4048754174260176
0.059256660826141117 0.5289689614249861 0.2785580903411303 0.1332162874077425
0.20303869170725053 0.12148421068122228 0.33245952333727613 0.34301757427425106
0.28609805312426784 0.5163963077005291 0.18581180850489376 0.011693830670309269
0.007557313723873249 0.15112452657625663 0.3658759037317014 0.4754422559681687
0.16628893072148088 0.5625733554537329 0.18682404349383264 0.0843136703309536
0.19139884135477303 0.022319376331898733 0.5413285877779159 0.2449531945354123
0.13089540769072794 0.42887729852602496 0.3290267794768663 0.11120051430638078
0.6463035058961492 0.0014679591404102021 0.1661202732888143 0.18610826167462635
0.7135410823071238 0.11843254285702143 0.05725185313061876 0.11077452170523605
0.09379525790319243 0.263140923519517 0.6110725763075602 0.03199124226973038
0.2832096136826431 0.005805296390843928 0.40103344611080727 0.3099516438157057
0.05002744928705827 0.1355386663912983 0.8121731206787387 0.0022607636429047284
0.22690096827532558 0.2685006355524554 0.30814431527704467 0.19645408089517435
0.5145549266106005 0.22993199898693217 0.22887556682097066 0.026637507581496633
0.30211350287363237 0.3118621804499323 0.10015272855013468 0.28587158812630065
0.1459349161026119 0.4940853301730913 0.13821611435647296 0.22176363936782384
0.6226846677307578 0.041185474207920625 0.22309253640924098 0.11303732165208058
0.504279706426365 0.10392892397485243 0.08516876724531952 0.30662260235346306
0.4223638602889259 0.46038412561996633 0.08303001607551452 0.034221998015593225
0.6141162471073127 0.006463328967197812 0.08703954207109121 0.29238088185439826
0.30016033238316164 0.20168080363221674 0.10029924476076824 0.3978596192238534
5.58491246687165e-05 0.2661037229602953 0.5784268462810938 0.15541358163394225
0.21920359922957344 0.5278020096568322 0.1833973037362272 0.06959708737736714
0.31281003379202654 0.4025892618156439 0.1827449843240746 0.10185572006825494
0.19215811234928715 0.00022638636356786535 0.3682372854275573 0.4393782158595877
0.12236890499423914 0.3688239473822079 0.2939299571532772 0.21487719047027576
0.2691775631659322 0.04733645344464188 0.6161346224168287 0.0673513609725972
0.1581176472607274 0.36485167027203935 0.22822523294042796 0.24880544952680528
0.40461508429790616 0.04573590812678929 0.2891503571882559 0.26049865038704867
0.6681212111991657 0.22339993374343525 0.08816223252811006 0.020316622529289008
0.5894580502438044 0.2569429168948766 0.06136001790008183 0.09223901496123721
0.2913070032334305 0.29502832650616484 0.32364826658262313 0.09001640367778152
0.6081040315215719 0.10774148791320937 0.2711327471781356 0.013021733387083123
0.508646019628904 0.11659650782108699 0.007297607838212095 0.3674598647117969
0.038404945267458857 0.4731050632250512 0.150233546602617 0.33825644490487294
0.2425240963249259 0.24733933031057853 0.06851087380827403 0.44162569955622155
0.07688927162151904 0.06915636402320002 0.7965207316693248 0.05743363268595614
0.29346308806759647 0.1792681216222931 0.08755473043026063 0.4397140598798498
0.32473045429427805 0.23563933427564976 0.0004767539867208681 0.4391534574433513
