100 30 4 74.55750485986474 149.11500971972947
5.890644476118689 3.5053244658441653 4.820658316742198 8.602985190879133 1.042469705718753 2.094122087048028 7.036741762541007 8.43267479594543 2.230359307164577 6.17583996484525 9.021897588810376 2.8828190990547062 2.6679539759506756 1.9753920141782961 2.9772774336249297 9.807614062366326 8.30514834180391 2.5474691145933477 8.34602273853256 3.4666637233752926 4.885337652968095 9.460268376601372 8.358844408990546 4.025007551088088 2.5786940836810297 4.355488416609308 1.0511965661731608 3.271837181003564 8.160962576259585 1.137294741217051
1.1781288952237379 0.701064893168833 0.9641316633484396 1.7205970381758267 0.2084939411437506 0.4188244174096056 1.4073483525082016 1.686534959189086 0.4460718614329154 1.23516799296905 1.8043795177620752 0.5765638198109413 0.5335907951901351 0.3950784028356592 0.5954554867249859 1.9615228124732653 1.6610296683607821 0.5094938229186695 1.6692045477065118 0.6933327446750586 0.9770675305936191 1.8920536753202744 1.6717688817981091 0.8050015102176176 0.5157388167362059 0.8710976833218617 0.21023931323463216 0.6543674362007128 1.632192515251917 0.22745894824341023
0.03647605659256892 0.0686716288194874 0.49369569151643655 0.4011566230715071
0.7424796890979773 0.14806625563052678 0.09037491228380734 0.019079142987688535
0.2100265776728606 0.3718156147259173 0.18727297870687376 0.23088482889434836
0.2858956904068647 0.07361215353003758 0.6154986496696853 0.024993506393412468
0.04486228246077528 0.13321870704502958 0.17671462215149492 0.6452043883427002
0.376252454297363 0.2536894212901344 0.30389942387892166 0.06615870053358097
0.27676506139633517 0.08642294271301465 0.2391086536215158 0.3977033422691344
0.17360800174020508 0.5576927513197175 0.22571184729287552 0.042987399647201885
0.09205560337723862 0.41664328986095533 0.01933633007985347 0.4719647766819526
0.3130664415885097 0.08196949016971988 0.41041460557105014 0.19454946267072026
0.11078790118244575 0.3461912288668201 0.08342544525145057 0.4595954246992836
0.20012360721840317 0.05413391059931494 0.5240316976321304 0.22171078455015147
0.6103281532093938 0.014995604547413777 0.07241114975614837 0.30226509248704403
0.02317813647840361 0.9003186887806838 0.05300330175676793 0.023499872984144687
0.21097841871844636 0.24962320235640378 0.088773640552822 0.45062473837232786
0.3947002866898355 0.10565560998502954 0.025600039554913967 0.474044063770221
0.09043278819643585 0.3124475431827063 0.09773398806381106 0.4993856805570468
0.039998689640650786 0.5423454805761181 0.36113292752595805 0.05652290225727308
0.11004833096656297 0.4139385035217499 0.46865540291465524 0.007357762597031914
0.18327900063057578 0.7596812442844499 0.05597202392818623 0.0010677311567880432
0.1896735289121496 0.2972179534569739 0.10778858653258194 0.40531993109829456
0.20820724019602266 0.15147086240451357 0.21776327022731112 0.42255862717215265
0.3754392475619882 0.1164036627020657 0.23751755076538728 0.2706395389705588
0.11353757521867625 0.3425014823874477 0.19899614839319846 0.3449647940006776
0.13491872253239878 0.3852419645055245 0.44148121673672247 0.03835809622535424
0.29943801894470223 0.0877346088839368 0.3198708678605041 0.29295650431085685
0.07957343897032487 0.3934105515978962 0.33274461686856416 0.1942713925632148
0.49049905188389964 0.24249596795409267 0.22840245766561318 0.03860252249639451
0.16224691874820008 0.25484381683546076 0.007756502341170757 0.5751527620751684
0.035626996553034807 0.2661254169311137 0.5451800661252705 0.15306752039058102
0.38194344494311006 0.22186109409974353 0.28660702439922214 0.10958843655792427
0.05994198881803725 0.5169595105819956 0.05328243707534319 0.36981606352462393
0.020439132026923157 0.23025609711147277 0.2939896490402516 0.4553151218213525
0.5988589458757472 0.2535361419655592 0.03245820564979918 0.11514670650889447
0.23769420862405044 0.10249600674659531 0.1652412142651435 0.49456857036421076
0.14260031444628352 0.4502050865296031 0.35357447983321466 0.05362011919089871
0.20434527686864423 0.0421906043349054 0.1412303991230811 0.6122337196733693
0.3403852228374361 0.2575884614914846 0.36863601015840286 0.03339030551267641
0.08846017300289077 0.37503784593425693 0.5286600175733805 0.007841963489471748
0.3355964417185683 0.2984402412437068 0.1203123116200785 0.2456510054176464
0.2967937508800147 0.015846546995728406 0.34629977235045384 0.34105992977380306
0.6411012587007017 0.016523546828282054 0.12197359308176592 0.22040160138925036
0.30900034852440217 0.550617947204663 0.12278953388048452 0.017592170390450357
0.16074454850708164 0.005949582691776478 0.7868557186806758 0.04645015012046605
0.2718308491769721 0.08869440163763609 0.33563631400877714 0.3038384351766147
0.0013990231190438296 0.4907679467821061 0.22390402066318615 0.2839290094356639
0.27356292002744065 0.08073538007887993 0.09087832872481771 0.5548233711688617
0.026544641333941965 0.2565957183858776 0.7077524432050075 0.009107197075172935
0.17314990980873102 0.4913315361552091 0.3286359265171047 0.006882627518955187
0.2418600859762523 0.14498533594153795 0.19584839323210845 0.4173061848501013
0.3095898177667046 0.10118085525860543 0.30581542010302987 0.2834139068716601
0.3213319320088136 0.12037588755992934 0.009550804493091425 0.5487413759381656
0.34373953523538436 0.42635023768431113 0.1289865418740157 0.1009236852062888
0.13302868937357504 0.02670754078493509 0.5513017630519874 0.28896200678950246
0.2182722577281544 0.6193434871336554 0.14145460062205906 0.020929654516131158
0.2508340198317248 0.6060615085732909 0.0030800285406473726 0.14002444305433692
0.2529805046497241 0.4102965423664041 0.06948355799958694 0.26723939498428484
0.6321920644327551 0.2702174388152111 0.051395230919696555 0.04619526583233724
0.40588132236756125 0.2897097059245126 0.16252319775935586 0.14188577394857027
0.07019911390868883 0.42219353308989327 0.4872310340315881 0.020376318969829832
