80 20 4 53.31389492262254 106.62778984524509
5.697241448502293 7.294657303131976 3.4288207396565524 7.070336872200931 9.172648749819833 7.166351837434666 2.9048800959376972 3.855394667135624 3.405694644666593 2.0845568682415534 9.971712066714217 1.7239572043461462 3.5613977472096745 5.817251792705351 8.612218969814787 2.8011172246711293 8.30839196017254 4.356431118845587 8.286771169050262 1.1079573649876395
1.1394482897004585 1.4589314606263952 0.6857641479313105 1.4140673744401862 1.8345297499639668 1.4332703674869332 0.5809760191875395 0.7710789334271249 0.6811389289333186 0.41691137364831066 1.9943424133428433 0.34479144086922925 0.712279549441935 1.1634503585410703 1.7224437939629573 0.5602234449342258 1.6616783920345077 0.8712862237691175 1.6573542338100524 0.2215914729975279
0.3227198053463064 0.16367619143183698 0.18167341579877372 0.3319305874230829
0.44505932405149806 0.13377282899500664 0.15331557097602055 0.26785227597747474
0.06651688130774791 0.16811883352094636 0.3868089551726501 0.3785553299986556
0.0767871701244357 0.025652864010053067 0.8460617251991602 0.051498240666351
0.09145688792672191 0.5077541948179616 0.11573564752645149 0.285053269728865
0.7378533205495407 0.14480223933294467 0.028966080297347374 0.08837835982016728
0.8263997937864322 0.12555160070680949 0.017842783528183803 0.030205821978574465
0.005383539245101487 0.6488499045310977 0.2617343355138869 0.0840322207099139
0.015691041386025284 0.6816807811979391 0.02691048533238183 0.2757176920836538
0.4471730587080509 0.10831399892652349 0.03449598387805519 0.4100169584873704
0.3046826228584405 0.1614109007595359 0.4074673767427537 0.12643909963926991
0.22647320825294603 0.056834387048577684 0.08482810790348716 0.6318642967949891
0.40899617937290333 0.3500419516812655 0.0633104631197311 0.17765140582610006
0.3254232308112296 0.434561486174424 0.0515029485795937 0.18851233443475268
0.08545856617175385 0.00411868812083338 0.7417183231782033 0.16870442252920947
0.3462534108582681 0.11020417970620255 0.42079670337048525 0.12274570606504409
0.22131609878537672 0.0070594409565808425 0.5245370944710803 0.2470873657869621
0.14066560206830547 0.06023090970755707 0.1928257237092772 0.6062777645148603
0.2869154096232418 0.6532770008113415 0.04001431745063233 0.01979327211478432
0.07839058241845209 0.49218262040038663 0.04668859887647958 0.3827381983046817
0.29052419616046954 0.127185718767032 0.5249686050336438 0.05732148003885462
0.5148808888330643 0.350848137904358 0.10988819732951449 0.02438277593306326
0.4758669787602471 0.05345633485710832 6.261946878594049e-05 0.47061406691385865
0.15086072413508578 0.6704436435097605 0.15298955242261114 0.02570607993254259
0.17184986925202905 0.08827621274128972 0.45469660844768955 0.2851773095589917
0.029057403894830025 0.3978331187363142 0.2596204682466109 0.31348900912224487
0.2671876896868418 0.35534320351087967 0.3464789331653747 0.030990173636903817
0.5752968324311716 0.01618997258284316 0.3242866680437805 0.08422652694220478
0.14370081690754344 0.06685280924904968 0.18139134094200327 0.6080550329014036
0.8494277296701497 0.05066839342037843 0.0027869908170167212 0.09711688609245517
0.19572575509783163 0.4006134475254558 0.37013177921390505 0.03352901816280751
0.013982255318108372 0.7396109243470329 0.028788320178735005 0.21761850015612372
0.1309652427673118 0.029829290500113625 0.5052668541249686 0.33393861260760593
0.12765165710234982 0.5312369774507877 0.011410311040489729 0.32970105440637276
0.17989323401071577 0.0003208100600933239 0.036097210387704415 0.7836887455414865
0.013414863053786141 0.3877383192463295 0.259594294428407 0.33925252327147737
0.13280688473146296 0.5871899097449231 0.034115763939426946 0.24588744158418696
0.11461667700655731 0.1937112237408074 0.34603529906436004 0.34563680018827525
0.12291832581004791 0.2564682292790488 0.16096722853538392 0.4596462163755194
0.4289931250990495 0.05204235127170154 0.13271350239540258 0.38625102123384636
