61 90 4 234.78296521111244 469.5659304222248
8.420225283219537 2.632147592474798 8.895940913863473 5.495961766119753 9.684337899004106 1.0319099212875775 9.312799119745467 6.664995219110898 3.7386779949941666 4.068325738599709 2.266616626426149 5.383015982709059 8.929420482203023 5.0769553278344315 5.2749836205217395 8.941064781400012 7.00717372136776 1.736458841985613 1.2504108294834577 7.480301141083219 7.406398012926148 1.358858566155244 5.194077825274609 4.306554206058671 6.393006834855653 7.522180053072223 2.727886026441016 5.7539703063257885 3.622987896234239 2.2554207527894476 9.603832969961054 6.445396860043522 9.192539656260811 5.12048470311357 1.3913456572961274 2.1390628205828865 4.011123296792749 5.030702011624007 4.833755415273619 5.94069125337382 7.927222584172823 9.299793428819749 7.747212763273606 3.6311254212133592 2.737665402132575 3.3452484254792267 7.534752347126634 5.090072349937478 2.539959183410961 6.781986556185881 1.0931075135414234 7.916540648943046 3.32353240974093 3.414404438421837 5.362195922737404 3.940765933456586 4.356208978812442 1.8837334770467626 1.3503688445060287 2.6868423782025976 2.2462081097896696 4.0655119396597 9.715134593062697 2.1114853482818527 7.003613103283387 6.155188421584568 7.556942306051954 5.000691728196744 5.304367088493716 3.208256576510997 2.1346377880308953 8.476520619056409 6.932900778588383 4.0846750736122 8.397733497687225 8.144621785749766 5.274189440082717 4.908757837623438 2.0828247264629267 9.807601340857305 6.814131639963361 2.833356999748683 6.944066277706519 9.225749255434634 1.156425090630322 1.1088095155138573 6.463423414868101 4.432335397358459 8.25080876513028 4.220225028153575
1.6840450566439074 0.5264295184949596 1.7791881827726947 1.0991923532239505 1.9368675798008212 0.2063819842575155 1.8625598239490935 1.3329990438221795 0.7477355989988334 0.8136651477199418 0.45332332528522984 1.076603196541812 1.7858840964406046 1.0153910655668863 1.0549967241043479 1.7882129562800024 1.401434744273552 0.3472917683971226 0.2500821658966915 1.4960602282166438 1.4812796025852297 0.27177171323104876 1.0388155650549218 0.8613108412117342 1.2786013669711305 1.5044360106144445 0.5455772052882032 1.1507940612651577 0.7245975792468478 0.45108415055788953 1.920766593992211 1.2890793720087044 1.8385079312521622 1.024096940622714 0.2782691314592255 0.4278125641165773 0.8022246593585498 1.0061404023248015 0.9667510830547238 1.188138250674764 1.5854445168345648 1.8599586857639498 1.5494425526547213 0.7262250842426718 0.547533080426515 0.6690496850958454 1.5069504694253268 1.0180144699874956 0.5079918366821923 1.3563973112371763 0.21862150270828468 1.5833081297886094 0.6647064819481859 0.6828808876843674 1.0724391845474808 0.7881531866913172 0.8712417957624885 0.3767466954093525 0.2700737689012057 0.5373684756405195 0.44924162195793393 0.81310238793194 1.9430269186125393 0.42229706965637054 1.4007226206566774 1.2310376843169135 1.5113884612103907 1.0001383456393487 1.0608734176987433 0.6416513153021994 0.42692755760617906 1.6953041238112818 1.3865801557176767 0.8169350147224399 1.679546699537445 1.6289243571499532 1.0548378880165434 0.9817515675246875 0.41656494529258536 1.961520268171461 1.3628263279926722 0.5666713999497366 1.388813255541304 1.8451498510869269 0.2312850181260644 0.22176190310277147 1.2926846829736203 0.8864670794716918 1.650161753026056 0.8440450056307149
0.6157151009679958 0.004717519739531939 0.2720032076626083 0.10756417162986398
0.06753918183055563 0.7991371083418025 0.036467967597737405 0.09685574222990445
0.5170593976215927 0.17516712641566878 0.3022814638984188 0.005492012064319707
0.2244041840310278 0.08980687228247719 0.5615893692694048 0.12419957441709017
0.21106019774499185 0.2016507628027231 0.3901991613460766 0.19708987810620848
0.5431961867033634 0.42694951560320826 0.0004056466368872469 0.029448651056541042
0.44754354287051135 0.22295774491229248 0.03680145840560167 0.2926972538115945
0.1305661096490004 0.7425154572486816 0.11059085173033201 0.016327581371985977
0.26475307721765085 0.07449070856013773 0.1809679891444903 0.4797882250777211
0.1507916724092303 0.012980545415690492 0.5891011133742867 0.24712666880079248
0.3694261564724788 0.38803693132785977 0.14156046340005513 0.10097644879960632
0.18505419138900003 0.13681483841872122 0.2737810136185489 0.40434995657372985
0.10320571664862666 0.02422933258900306 0.1751946479840113 0.697370302778359
0.652764607585752 0.10143768989799806 0.0413665113142101 0.20443119120203979
0.4476728119820663 0.31299616445271494 0.09093417380851887 0.14839684975669987
0.583521364007863 0.014633571077675489 0.24727749376260355 0.15456757115185793
0.0279933311888223 0.23634887737799581 0.7182827633854277 0.01737502804775415
0.17957139433867153 0.22399968557011596 0.36463742540191324 0.23179149468929927
0.35864660842906215 0.12501819470904474 0.4672688734768795 0.0490663233850136
0.21398298882384648 0.6478415032375653 0.014069700620451875 0.12410580731813636
0.30576783108348426 0.17056382710627294 0.4836266564888686 0.0400416853213742
0.18316471483209684 0.3052816321332438 0.3400264928360781 0.17152716019858127
0.05273791475514922 0.09380842865043504 0.40024475662658254 0.4532088999678332
0.4430925333104515 0.46214138222913037 0.060364044664945826 0.034402039795472295
0.2188107292904352 0.17223607449254885 0.07120524441434883 0.5377479518026671
0.2666733420687418 0.23064398739635694 0.03210351895833086 0.4705791515765704
0.10662161209783183 0.467798549684483 0.41069773366189444 0.014882104555790754
0.10544950995334701 0.07524663015974065 0.35679037925749313 0.4625134806294192
0.2774565591749115 0.08945751721517659 0.206853647362797 0.4262322762471149
0.12699247422285764 0.047812402736817305 0.3926743209882858 0.43252080205203924
0.34836718534641853 0.29693608678312833 0.25537304588259424 0.0993236819878589
0.24357315970786309 0.03493266689139063 0.43059673898190487 0.2908974344188414
0.04276549558887299 0.07111402423049329 0.8189637645818066 0.06715671559882708
0.0037735954743005617 0.7557364366044028 0.120412172138196 0.12007779578310063
0.4631420484421295 0.1359614681011242 0.15282245554729212 0.2480740279094542
0.5472686217921956 0.31495250708963085 0.07403646818291754 0.06374240293525602
0.5985301660283248 0.1583699241230897 0.2318341095882327 0.011265800260352843
0.08583166861852454 0.723801896952511 0.16236278089223188 0.02800365353673262
0.39796648934231826 0.12969866830680532 0.04494870272620932 0.4273861396246671
0.4541957474705559 0.15240693577786413 0.34716201341860375 0.04623530333297621
0.3477002580209939 0.3692052978196758 0.0012611159262155835 0.2818333282331147
0.418190432682092 0.19482046227501848 0.3515765936792137 0.03541251136367585
0.24988791085171713 0.05411683717636884 0.34433436400796225 0.3516608879639518
0.13762497394731887 0.23534196135846508 0.31516948096142494 0.3118635837327911
0.4880755699374143 0.004756571112859986 0.2888638766236097 0.21830398232611603
0.22091545717512617 0.18516464889147166 0.5150049976797754 0.0789148962536268
0.3954234860844933 0.31143100190192163 0.2229755411508877 0.07016997086269738
0.470632790414259 0.13727912826637434 0.27335275977180173 0.11873532154756494
0.02608048901173199 0.5347191709403862 0.18485226845473246 0.2543480715931493
0.29921506086471694 0.3057234858978818 0.16449887593233947 0.2305625773050618
0.3140432896397788 0.08269493732822042 0.13276829983873617 0.4704934731932646
0.07453047308103078 0.07452443410253995 0.6393622677930083 0.21158282502342096
0.43878523232832 0.024361240839977705 0.366480300036514 0.1703732267951883
0.21047755361640808 0.5386426813305264 0.015617623645810874 0.23526214140725465
0.08047608947372531 0.5104003547969792 0.0860212632965236 0.3231022924327719
0.2670667258857323 0.3208290073161315 0.13556755278813915 0.276536714009997
0.25876689553080245 0.02588901611948624 0.6603418337509684 0.05500225459874286
0.034082608995192 0.28716537123770236 0.3950506369363289 0.2837013828307767
0.17795629544819525 0.12964801689177963 0.4785798431992685 0.21381584446075663
0.2743438082860584 0.0034059505235358722 0.6460530082769124 0.07619723291349334
0.024803433668446728 0.07508555748320345 0.6088457570562622 0.2912652517920876
0.006758158874983322 0.3595276993532359 0.45407574523986893 0.17963839653191183
0.11962675373753617 0.2711789210828873 0.4724380526245522 0.13675627255502432
0.24946031055647944 0.274372010792436 0.3399551497393374 0.13621252891174718
0.2439746944231984 0.22730593614890926 0.06633261993044992 0.4623867494974424
0.03881521937081511 0.68187477382282 0.0324788927565427 0.24683111404982216
0.35484087492296756 0.03639966560925301 0.38697694414331685 0.22178251532446258
0.12490490730351367 0.22459650660485808 0.20368492060075405 0.4468136654908742
0.01163281346815892 0.4038977562432353 0.45949716806950225 0.12497226221910351
0.7126137873839802 0.06253734497970143 0.10339620533386473 0.12145266230245366
0.3647150262207822 0.14721715908449384 0.25432603043928437 0.23374178425543957
0.15515124409856873 0.6102714328531245 0.08905414857258265 0.14552317447572416
0.2730792425717976 0.5492375829109073 0.0788076490124745 0.0988755255048206
0.17082012908313415 0.06513431778102718 0.5066173669332725 0.25742818620256613
0.10640186135135843 0.4051523466808251 0.1460312082191899 0.34241458374862654
0.35947259892581684 0.011183808774587578 0.050750994013534556 0.578592598286061
0.24029722103484463 0.05744441240525833 0.20380404507513572 0.4984543214847613
0.03932654287024617 0.35502097424557566 0.3171377655652192 0.28851471731895895
0.3349018725569377 0.0803099531944379 0.42161262419621914 0.16317555005240525
0.42096410377068827 0.407517920959238 0.07388238229780142 0.09763559297227231
0.2568569956726927 0.014116292533542296 0.45517849830183055 0.27384821349193444
0.0453419209845044 0.17617404256384306 0.19321786526460882 0.5852661711870437
0.28993814092002046 0.4858185463110912 0.2145419067679033 0.009701406000985013
0.20192595877462183 0.19753621235685792 0.2966115791258419 0.30392624974267834
0.0786372590306269 0.017744597351065483 0.7043743544573953 0.19924378916091234
0.38974468067430623 0.08990049194437966 0.18927973341732696 0.33107509396398715
0.15202891905318605 0.6089599532412884 0.16667544169733162 0.07233568600819396
0.005008923734236226 0.0765138357711711 0.32274804108375355 0.5957291994108391
0.3505129282556313 0.225403162606304 0.2350781684148613 0.18900574072320342
0.5066511399312906 0.11682378306063834 0.2216262782127113 0.15489879879535973
0.14093050732007484 0.541108021057055 0.2265616601245144 0.09139981149835574
0.1294365531894901 0.43138132494227854 0.3435200532453482 0.09566206862288318
0.17195444290601125 0.05628562677630422 0.21419041425240148 0.557569516065283
0.4100373304211916 0.058164523043711225 0.4014632349651792 0.13033491156991794
0.3334914760584162 0.1952390715399085 0.2567498507241507 0.2145196016775246
0.34468330541566294 0.05224815282810402 0.3014840136031922 0.3015845281530408
0.21646082371305975 0.26964119542098486 0.06014211855241858 0.4537558623135368
0.5269985842664882 0.1918008456165935 0.11527958462257581 0.16592098549434253
0.1564108847959157 0.13217904077043352 0.2567680841009411 0.4546419903327097
0.027054599171379534 0.10751763041012863 0.2892312061201858 0.576196564298306
0.10193616832651609 0.6753118620610934 0.21335385986910183 0.009398109743288696
0.10442050933840297 0.10618253583151882 0.6044457019515973 0.1849512528784809
0.018069660695995693 0.28959607263190335 0.5262207235505066 0.16611354312159432
0.08066854768513387 0.37234163288347377 0.47346832071702616 0.0735214987143662
0.11329601649745136 0.5493407363852414 0.0009885651234585735 0.3363746819938487
0.6157648639172404 0.12134897706106362 0.09190645556501587 0.17097970345668012
0.702483080952054 0.024785129308952825 0.25593149345857924 0.016800296280413907
0.20736437162727384 0.1448478193404057 0.037203490229818725 0.6105843188025017
0.09411832272890341 0.25474133711655367 0.03473857702981442 0.6164017631247285
0.057298404081927656 0.23081529449744587 0.1066912888103424 0.6051950126102841
0.02978834080024717 0.08361753696226404 0.7758049476938116 0.1107891745436772
0.6342613693532132 0.049361413821826794 0.06493433616012612 0.2514428806648339
0.0729421324873123 0.36711122432275045 0.07979326432769274 0.4801533788622445
0.14104110832438832 0.23678099370177685 0.5618711852234588 0.060306712750376024
0.01680705126463755 0.08243485879229417 0.3145528136454764 0.5862052762975919
0.18904649598597623 0.6873416421217277 0.058546110844410304 0.06506575104788581
0.20596045978628574 0.1489584900596732 0.2469030265866078 0.39817802356743326
0.06333961101755248 0.2014279610682096 0.005429035888134592 0.7298033920261033
0.1629725409122682 0.03489765019711588 0.10918308589142667 0.6929467229991892
0.5148225609243382 0.3236197184681061 0.008874916032963864 0.15268280457459182
0.2506267438346014 0.37870145500514507 0.25147945756543855 0.11919234359481501
0.5445658428192451 0.31989549098959635 0.0800699296992724 0.055468736491886106
0.3273265154691818 0.40846024961430194 0.03664577830571225 0.22756745661080402
0.3148179749183935 0.11806080800081242 0.1370318089915986 0.4300894080891955
0.006052492953884214 0.0286313097933234 0.18554818862792455 0.7797680086248678
0.2607477387949627 0.01340219817485977 0.21583546619519756 0.51001459683498
0.22607390160956342 0.009864456752491257 0.5756659621085813 0.18839567952936398
0.18128117302364088 0.3520442011042133 0.016915802946714464 0.44975882292543135
0.31461381271034594 0.5516363716745641 0.10557431234495485 0.02817550327013507
0.15277377340461895 0.29244700250874744 0.046347068023857796 0.5084321560627758
0.24933151038781642 0.0022820399129261926 0.1685815814924625 0.5798048682067949
0.06129473952915698 0.5933840857970936 0.328989612183613 0.016331562490136453
0.42806024508327556 0.04551401998279425 0.40464357618211966 0.12178215875181053
0.06607653151105752 0.5740670419375122 0.2565299498320923 0.10332647671933792
0.23566317665388548 0.41087692694391664 0.34710155759792394 0.006358338804273944
0.21910236545143047 0.10730016756318217 0.45311631604931957 0.2204811509360678
0.11659829988395165 0.07941154881878654 0.4043034496224598 0.399686701674802
0.25092214242372957 0.22967006633575027 0.3039785546502647 0.21542923659025548
0.21121476022263486 0.09350883586622105 0.3308768246592241 0.36439957925192
0.5052463825501583 0.07775749784142683 0.22695933346750408 0.1900367861409108
0.08959212493707225 0.26347011054051805 0.6178692629826841 0.029068501539725622
0.17499589565076368 0.2940085572576765 0.3170386406434783 0.21395690644808152
0.07660154714994272 0.4300353540306362 0.39280958227386154 0.10055351654555955
0.38294155563608245 0.05558401094245835 0.4767655639376458 0.0847088694838134
0.00582525940452816 0.12632780955986178 0.4684915617478935 0.39935536928771653
0.22271962262916645 0.15948614842341724 0.24501487225974583 0.3727793566876705
0.35430827856506486 0.13872852282834347 0.4206925031121743 0.08627069549441735
0.1674490974842089 0.39800817083849915 0.17636835348391033 0.2581743781933816
0.13733347707842336 0.2380222689646483 0.2452870826511333 0.37935717130579505
0.14842088020572186 0.09584055428029448 0.36067479449929074 0.3950637710146929
0.13220304505992708 0.17085425660707176 0.17327061777488195 0.5236720805581192
0.36290706873968925 0.01899266078970241 0.32128771534459 0.29681255512601834
0.04297830607879227 0.18799701275549419 0.1317797281696781 0.6372449529960355
0.20421522328547825 0.37141979258123203 0.0254858356085228 0.3988791485247669
0.3866772552122969 0.21542516669517198 0.1523611682650612 0.24553640982746994
0.005657854519361183 0.17883668197515767 0.8006244102489347 0.014881053256546428
0.10036474342371249 0.113211506747941 0.5173008885907979 0.2691228612375486
0.34972443134545295 0.07924007463089222 0.17218033377559572 0.3988551602480591
0.1816182239249824 0.5213499378942957 0.18949073958309193 0.10754109859762995
0.5796313402211294 0.24877321105887362 0.005700993310002955 0.16589445540999403
0.15552665933682142 0.7942713556673451 0.023937329006477603 0.0262646559893559
0.5635455085132577 0.25299835710628704 0.14662131713235127 0.036834817248104
0.37608893273427024 0.1865024109422897 0.09873324471695888 0.3386754116064812
0.04648523651145031 0.3817803944639676 0.22001176994977334 0.35172259907480874
0.15987068007820948 0.5856772966777232 0.21190350897680554 0.042548514267261806
0.2879591730357691 0.0128995181439151 0.616754950191513 0.08238635862880272
0.36309799003427257 0.5118955564551839 0.03413417451858625 0.09087227899195727
0.23021557010727445 0.27760722366567514 0.48823059161819016 0.003946614608860255
0.0321701733856935 0.6730274495979612 0.2534101660422424 0.04139221097410284
0.5602244695309467 0.16309270932186715 0.08767874741615367 0.18900407373103245
0.31230808513915 0.043065924989886484 0.39381646748020194 0.2508095223907616
0.00046293465110647247 0.07778194308632547 0.7797468141062907 0.1420083081562774
0.03693707892688025 0.37829708448205135 0.4242142249782842 0.1605516116127842
0.39995383418777386 0.06414284737402154 0.4959300145934954 0.03997330384470921
0.010239616489545189 0.6186621808587663 0.22977586541745232 0.14132233723423615
0.04842206418906947 0.6322971157746209 0.2198188799930224 0.09946194004328723
0.014870342391587799 0.42343526015578337 0.07228370365969905 0.4894106937929298
0.32855522997834785 0.6107265696627531 0.005961695075727191 0.054756505283171886
0.10543870279360967 0.36586878036970916 0.20206755423710132 0.32662496259957985
0.08577390766547077 0.0709279729103709 0.14718723980754211 0.6961108796166162
