16 100 4 273.41386127243317 546.8277225448662
3.0096197123818498 5.708470072606085 5.95631310923063 1.4104175511952568 4.2465595181299545 3.007728475221599 7.198535456392208 2.473582825008093 1.6329238012495029 9.469097742212524 6.073132422113428 1.7019310545098836 7.503764600123558 2.426069561708498 3.2525317606962103 3.6413853049197775 7.269496427877354 5.178376792361366 2.9355592934290557 5.021436358716918 2.0879087638506117 9.259183069702525 6.09801695847276 5.248173841677345 3.831097821824904 1.3889415676296353 7.772004252639758 5.889421394841862 7.904713831432305 8.114038895942082 1.6499924143716713 6.937442509670628 1.4796940450982234 7.165220074504306 4.990158658119384 5.21196532641965 6.9495340128846355 7.209699687339507 3.3699653600100743 1.1033104038415735 7.9416500196228865 8.345280936599645 2.2567744337346625 6.20206071017357 4.066068448397794 3.0899393872215986 2.787793782265942 3.443416959598126 9.791674876096238 2.9388608045322537 4.2076667535588665 1.1655995196755464 6.551112426355127 3.07364849002976 7.681165624592646 6.258251875553978 4.780931991307813 7.383275489753759 9.748409733130325 8.290352058915504 4.875896616955177 9.619557398303057 1.429822909944063 7.595036208025195 7.080998043532552 5.743046510147404 6.102887066851422 7.506507243224269 7.143430151487365 8.157814120893606 2.015609699816144 2.7924636895423376 7.4918730607547825 4.544805902345487 4.052668628060378 2.3810111746445903 1.9051661315009665 4.665223961695699 6.246239180198534 7.66648468865513 8.833247575981199 9.698735443624102 5.100083698169951 4.603806991645148 3.690456678670705 8.455240600688064 9.188570529916802 7.8952300772616555 1.614833058825325 6.4542386797823195 9.452945191855406 1.9192839197056073 9.797855647959569 4.210198519370408 6.887684515051543 2.105071356521757 9.652169740722238 6.860632844544542 9.430100289048914 9.179445747469682
0.6019239424763699 1.1416940145212169 1.191262621846126 0.28208351023905137 0.8493119036259908 0.6015456950443199 1.4397070912784415 0.4947165650016186 0.3265847602499006 1.8938195484425049 1.2146264844226855 0.34038621090197674 1.5007529200247116 0.4852139123416996 0.650506352139242 0.7282770609839555 1.4538992855754709 1.035675358472273 0.5871118586858112 1.0042872717433835 0.4175817527701223 1.851836613940505 1.2196033916945521 1.049634768335469 0.7662195643649807 0.27778831352592703 1.5544008505279516 1.1778842789683723 1.580942766286461 1.6228077791884163 0.32999848287433425 1.3874885019341257 0.2959388090196447 1.4330440149008612 0.9980317316238768 1.04239306528393 1.389906802576927 1.4419399374679014 0.6739930720020149 0.2206620807683147 1.5883300039245773 1.669056187319929 0.45135488674693247 1.240412142034714 0.8132136896795588 0.6179878774443197 0.5575587564531884 0.6886833919196251 1.9583349752192476 0.5877721609064508 0.8415333507117733 0.23311990393510928 1.3102224852710254 0.614729698005952 1.5362331249185293 1.2516503751107957 0.9561863982615627 1.4766550979507518 1.949681946626065 1.6580704117831009 0.9751793233910353 1.9239114796606114 0.2859645819888126 1.5190072416050389 1.4161996087065103 1.1486093020294807 1.2205774133702845 1.501301448644854 1.428686030297473 1.6315628241787212 0.4031219399632288 0.5584927379084675 1.4983746121509565 0.9089611804690975 0.8105337256120755 0.47620223492891806 0.3810332263001933 0.9330447923391398 1.2492478360397068 1.533296937731026 1.7666495151962398 1.9397470887248205 1.02001673963399 0.9207613983290296 0.738091335734141 1.6910481201376129 1.8377141059833604 1.5790460154523311 0.322966611765065 1.2908477359564638 1.8905890383710813 0.38385678394112144 1.9595711295919138 0.8420397038740817 1.3775369030103086 0.42101427130435143 1.9304339481444477 1.3721265689089084 1.8860200578097828 1.8358891494939364
0.1797664014159619 0.25724140981816823 0.26920943720822754 0.29378275155764233
0.2816461931342825 0.34452952841884543 0.19585209471386456 0.1779721837330075
0.001984401045787232 0.10976500832545266 0.8185780488475393 0.06967254178122084
0.4225810508566923 0.08448175314827833 0.1041757875153102 0.3887614084797192
0.03343151432586111 0.07480973718434214 0.7387055166606562 0.15305323182914055
0.19747718556896254 0.5026742683979267 0.1112499614079473 0.18859858462516343
0.22342957388458096 0.11786857125922579 0.003306075827888555 0.6553957790283047
0.09948797138799059 0.03786917001121448 0.5139185892068887 0.3487242693939062
0.41453282798226365 0.10308103076971253 0.38059417190753775 0.10179196934048607
0.11451152608765047 0.7483420548007468 0.10729709140686994 0.02984932770473281
0.34149252806527086 0.20301111333924982 0.02892212183415588 0.42657423676132344
0.38877912391436853 0.10684478827421817 0.4189158525409159 0.0854602352704974
0.19178860193593794 0.22354521262044047 0.31195807566152967 0.2727081097820919
0.005970365451990145 0.3503721987814924 0.46835789074365275 0.1752995450228647
0.33908039938009304 0.3097638700309674 0.18157046761358941 0.16958526297535015
0.014632868903693086 0.6752879525976582 0.09012252098967632 0.21995665750897242
0.4812622884541188 0.34747921538112647 0.11275920140744822 0.05849929475730653
0.5598013288919185 0.05139051944338868 0.17869058677162653 0.21011756489306632
0.18926509698373162 0.5091990993574718 0.03858856576982761 0.262947237888969
0.025207974983498915 0.1754078335862992 0.04009042556650022 0.7592937658637017
0.039982359788262034 0.09975664638882242 0.7448964325930487 0.11536456122986682
0.13073848426080437 0.04824582255740917 0.4473454276676606 0.37367026551412585
0.5604424824868766 0.007932473065683232 0.26725904661927735 0.16436599782816286
4.449907125669839e-06 0.2764735297342964 0.03906786201751722 0.6844541583410607
0.027578715863632586 0.7439052894046004 0.06098917167105988 0.1675268230607071
0.1524836025980163 0.5795693060957512 0.19220108345869447 0.07574600784753804
0.12642580942614012 0.2328646734675398 0.4813403253517643 0.15936919175455577
0.3976115463796088 0.15762025761215848 0.35338797956989887 0.09138021643833383
0.10349703671383215 0.06489153379754586 0.29772839816237284 0.5338830313262491
0.32597412635261824 0.006811416936326697 0.4728432965825645 0.19437116012849054
0.06997075234332095 0.510762284087563 0.0448252382971287 0.3744417252719874
0.14881708896939583 0.4996793761525268 0.1918615480468817 0.15964198683119568
0.3989680705695663 0.17964908703337057 0.35764934376958657 0.06373349862747657
0.025904508662122905 0.3429234001563012 0.11254215413221114 0.5186299370493648
0.05945662101567517 0.18629448179945218 0.3755038619150267 0.37874503526984593
0.16994881664808925 0.07003478695120757 0.7251161522673166 0.03490024413338655
0.2506482644132183 0.3306928211759359 0.4132217267843652 0.0054371876264806
0.23661539085623262 0.12170572311515593 0.3990096451750693 0.24266924085354213
0.041857421902043 0.25998649305140353 0.5931854764850104 0.10497060856154306
0.2794362294331294 0.0040874424555832345 0.6635903817182349 0.05288594639305244
0.32745358534800983 0.18488508504336088 0.10086151111706054 0.38679981849156875
0.37237434365091326 0.14049416336904097 0.4521464407452792 0.034985052234766556
0.06912971045155392 0.45839223856820444 0.06136596779377257 0.4111120831864691
0.0853791750493903 0.32882826198656634 0.5363595181184581 0.049433044845585306
0.06795815224067325 0.3501690481079056 0.15238217304784707 0.42949062660357407
0.1352066905494529 0.027191951103856637 0.3034588792481535 0.534142479098537
0.23363596993642033 0.042009637629506935 0.4135812836364551 0.31077310879761766
0.12474573133117317 0.24034469351586218 0.2877632874464976 0.34714628770646705
0.05428856641544855 0.2608080847516855 0.005483887796286058 0.6794194610365799
0.5934242357234902 0.19648242756627066 0.0003966063738114478 0.20969673033642766
0.6688795649072636 0.05080615829075774 0.01769513636033071 0.2626191404416479
0.0963201154722153 0.1982091577689632 0.05522673496725272 0.6502439917915688
0.21721748723529122 0.2262890688178969 0.016593994110251642 0.5398994498365602
0.1901191547084965 0.19337814794049013 0.23452841275409997 0.3819742845969134
0.033485534165805464 0.6700605794265713 0.05894697756552525 0.23750690884209802
0.059768526165577374 0.39011042843895094 0.23144990678266875 0.31867113861280294
0.6564274588300781 0.06715905443589809 0.16655827451762206 0.10985521221640171
0.44647936077536 0.2667657166657825 0.12624992040128502 0.16050500215757246
0.3545586567503819 0.06169946847980534 0.3829932373365863 0.20074863743322646
0.24722472139504392 0.06385177251403873 0.5015942015332132 0.18732930455770413
0.27868123157491553 0.09722735018092488 0.34356515273354526 0.2805262655106143
0.09176953913995678 0.3201523571741598 0.584164634229306 0.003913469456577445
0.32359555671997153 0.13314528177209273 0.18492545199088606 0.3583337095170497
0.09703271979686623 0.1458694918076081 0.21275748761033775 0.5443403007851879
0.278588922093403 0.05119027643005025 0.09232664995150608 0.5778941515250406
0.044110090456168094 0.009363809979168303 0.27722496709876565 0.669301132465898
0.7118872663785618 0.17230457823511325 0.01757682635411706 0.09823132903220788
0.0912217882123324 0.20100139642117065 0.5438421491125592 0.1639346662539377
0.1264350406270297 0.026649981872399642 0.1793374800152291 0.6675774974853416
0.6978270927774717 0.12370767580887732 0.07685305818118693 0.10161217323246408
0.28533316109700857 0.20326265810450828 0.3296826007122484 0.18172158008623474
0.07482193192305453 0.514454863049726 0.28811954766926395 0.12260365735795553
0.4364613818389165 0.1546444902910854 0.12980429968869445 0.2790898281813037
0.01522738009614577 0.3860601338457732 0.31752903513601316 0.28118345092206787
0.004843756581682013 0.7541934724442549 0.05959135196577692 0.18137141900828613
0.038673980295908184 0.10310210116346485 0.8311123662126086 0.027111552328018318
0.020609012696224616 0.09506113274864447 0.09324535816028612 0.7910844963948448
0.28690601352629297 0.4340320587800781 0.11846195694511286 0.16059997074851606
0.505888786874706 0.26528083116746626 0.038227576632545834 0.19060280532528195
0.13533480198546388 0.04577338211809212 0.37953231283378164 0.43935950306266236
0.35708186417332244 0.32484588662727665 0.12036486407461777 0.19770738512478314
0.11055171103731987 0.5130766182577415 0.3659063542050327 0.010465316499905897
0.03334801473694149 0.30218145192996415 0.6507180743113499 0.01375245902174449
0.08118626325159184 0.5156602645398203 0.3986652296394403 0.0044882425691475936
0.404206186407159 0.11673553725044894 0.06363142917745945 0.4154268471649326
0.002520600553144736 0.1454882889806789 0.09207761416727067 0.7599134962989057
0.27394624314968186 0.19196190110615918 0.3600581558527882 0.17403369989137074
0.21545929049649215 0.24134471859267004 0.3645791674811879 0.1786168234296499
0.07931893485106711 0.010532246954206625 0.08648292721247841 0.8236658909822479
0.06875068890351876 0.880240546811794 0.048429342711932444 0.002579421572754814
0.20543175869341146 0.14448092697223147 0.4545185347197982 0.19556877961455887
0.018527606784174866 0.003819192192466625 0.740667820539664 0.23698538048369455
0.3488326377093244 0.30598965052207594 0.152017008753767 0.19316070301483268
0.41709649946357397 0.187967393112066 0.22954392575913507 0.16539218166522496
0.4611307095548385 0.2304199167897969 0.2735693468327143 0.034880026822650345
0.1760565574968539 0.3968989409317514 0.20292494882285061 0.22411955274854412
0.22891051432414433 0.07300565829142625 0.07280187306872177 0.6252819543157077
0.28322918719737444 0.1628199488030143 0.35288888007716956 0.20106198392244168
0.11323864138056916 0.16978490417829872 0.05556208297483345 0.6614143714662987
0.23074752137967536 0.34300510129891915 0.14450755740307197 0.2817398199183335
0.26713663074285254 0.38841672411599504 0.2777076045285535 0.06673904061259894
0.16277253754939225 0.4254365353992272 0.31969979413701166 0.09209113291436888
0.26952228245370013 0.07071167038369475 0.5563294212096086 0.10343662595299652
0.6349732549474707 0.02594975118086218 0.009273357017872574 0.32980363685379455
0.09700896639589807 0.5153597875621092 0.3388319616176654 0.04879928442432735
0.550260127836184 0.0941219477627444 0.12894058638596118 0.22667733801511036
0.6383999327947865 0.21201030096068896 0.12135640126158931 0.028233364982935272
0.1293990795977742 0.44812658454454624 0.13989074846333782 0.28258358739434175
0.0647247686015846 0.02971251910735595 0.04074869286539351 0.8648140194256659
0.24707724129305986 0.29561029962732854 0.19578453955318587 0.26152791952642573
0.11772665997080989 0.45013829462418475 0.0001701684645563084 0.43196487694044905
0.1854445319921587 0.3872597582760984 0.05369633592366041 0.3735993738080825
0.6365081754393465 0.036475826579952186 0.31474946431254547 0.012266533668155888
0.045811758709343064 0.1746118826729981 0.512871960999721 0.26670439761793785
0.08640734624365187 0.10255131217928581 0.46961611794890645 0.34142522362815586
0.004084359780744284 0.20570805175924156 0.011478720397870124 0.778728868062144
0.49471453548782895 0.31320441834433654 0.010209178626008009 0.1818718675418265
0.37150780771396197 0.20963191422323801 0.25112187202486735 0.16773840603793266
0.05974170895963615 0.33844432446505 0.15403086811909783 0.447783098456216
0.2906698962447649 0.07408702777344334 0.544752317814684 0.09049075816710772
0.187554301839723 0.0034716536253297514 0.49509808887608153 0.3138759556588657
0.31206738039146686 0.22913170487308887 0.17614534261214954 0.28265557212329473
0.3637571385624654 0.1588290867594313 0.3802746129882585 0.09713916168984482
0.04214445837531333 0.459036028820454 0.09115288931189103 0.4076666234923416
0.005465181744703895 0.3832689712579387 0.35541061330427515 0.2558552336930823
0.5791915523033466 0.1342831818002097 0.06901683401261982 0.21750843188382385
0.3799964883950345 0.32477731632079765 0.19520520703199273 0.10002098825217509
0.04355752499253196 0.44874822486262067 0.36862973822380096 0.1390645119210464
0.06845121469372362 0.032903801202721294 0.5434265685405284 0.3552184155630267
0.07301441479661286 0.5204877177471999 0.1471818718890907 0.2593159955670965
0.07559165657106148 0.08322112659107339 0.13887369149111195 0.7023135253467532
0.11251242781965964 0.1661584635460659 0.682526656736426 0.03880245189784848
0.0712828045355457 0.7458910054461914 0.11376779543247806 0.06905839458578489
0.10024308442622865 0.31460827783024237 0.5465655463966298 0.03858309134689919
0.0964229626244072 0.038479362849313414 0.06983475565949893 0.7952629188667805
0.1310906632175416 0.033747221831261776 0.6188033226773609 0.2163587922738357
0.06615724212295626 0.5216395928355243 0.3693588615497474 0.04284430349177204
0.7154214918560912 0.135166955146094 0.03589259318059379 0.11351895981722104
0.14444689876345573 0.35283428082770274 0.3393143710138168 0.16340444939502474
0.04159415961835988 0.06047864590911267 0.16512750089704453 0.7327996935754829
0.3111887284194109 0.49438170118305647 0.19306477586460302 0.0013647945329295919
0.20808474310846992 0.45429396959267176 0.04545595417408321 0.2921653331247751
0.36912206607939535 0.40767829730566685 0.02963630471600498 0.19356333189893282
0.2561508425657032 0.4862778651400198 0.13181974972164978 0.12575154257262722
0.23584240184036676 0.29215934292869095 0.19199572484541638 0.2800025303855259
0.3634209141676711 0.37739472227095683 0.1422210882197401 0.11696327534163198
0.3717952089182769 0.36594502262992357 0.1820319101636413 0.08022785828815826
0.20921967040745115 0.6806808229447648 0.060640005682549125 0.04945950096523488
0.4189024748963315 0.12086685955208376 0.011528992675321148 0.4487016728762636
0.06708534540732358 0.07649109059358483 0.6134951253519861 0.24292843864710545
0.2731069746764362 0.17897161410475404 0.24449685292423373 0.30342455829457604
0.07275996343655877 0.25532424173911816 0.11730953441295455 0.5546062604113685
0.2607720875427961 0.22824879830245204 0.17223872141049001 0.3387403927442618
0.23988814455141427 0.674290930457199 0.0775082935693352 0.00831263142205152
0.12878171552017093 0.22534741560364202 0.09481991997711325 0.5510509488990738
0.281837757823289 0.01406466018072916 0.5435412021572692 0.16055637983871263
0.5700754267541882 0.2570028683175316 0.1536630533369977 0.019258651591282483
0.3531714060913068 0.03280652090775249 0.022574121515720025 0.5914479514852207
0.1025969858434691 0.641554397821279 0.2115206757253093 0.04432794060994261
0.3563151349570036 0.17507339942711786 0.3815676286301797 0.08704383698569884
0.11677330165027777 0.49982076137701115 0.19594636783872288 0.1874595691339882
0.09115332556458988 0.05694488368752526 0.5737476588294468 0.2781541319184381
0.6929047905695727 0.12181601282089705 0.0025028454478016604 0.18277635116172863
0.06011354806395608 0.09315421458416384 0.5839010827041768 0.26283115464770324
0.6103689776637634 0.2955808099558507 0.0462573776298667 0.04779283475051921
0.64126304090732 0.1183017179309972 0.02984859117530736 0.21058664998637544
0.22345587190129657 0.1777328644208539 0.5796595958554034 0.01915166782244615
0.2418712495829196 0.2960735623404751 0.4437094289425221 0.018345759134083206
0.34393514190762153 0.04809721572408221 0.11612346749332259 0.49184417487497367
0.4776433386499529 0.37555601908352376 0.05362459990245938 0.09317604236406396
0.15738715484323162 0.42167655832899964 0.3221605021212586 0.09877578470651016
0.10406194088491094 0.06889147865007195 0.30597363501379204 0.5210729454512251
0.10274217359850779 0.2890603985754404 0.09701788013335111 0.5111795476927007
0.2136981433651418 0.1524262253693931 0.5923361659174039 0.04153946534806119
0.08308739468507109 0.04667123962401931 0.3295129750838186 0.540728390607091
0.41855431776498786 0.04369337683405616 0.16429577674365858 0.3734565286572974
0.022298483508962796 0.5300469637540979 0.04781275150316677 0.39984180123377255
0.32341062514185126 0.20482395570676692 0.3743109646471765 0.09745445450420531
0.29830491001418735 0.1177852616735715 0.46904518549975804 0.1148646428124831
0.0566931363833465 0.4444321821256292 0.06059171104746952 0.4382829704435548
0.5927867019977432 0.2216489793384434 0.059253879330022574 0.12631043933379082
0.6920675087308418 0.04035458127325442 0.21424782026565592 0.05333008973024789
0.21471211008626023 0.2917194137438279 0.4042031902396901 0.08936528593022175
0.02482940315254545 0.4761323554190694 0.4936114405582751 0.005426800870110049
0.1738399211148436 0.038406633101194965 0.6474606659425228 0.14029277984143862
0.2237087979932454 0.29668484608280854 0.18413821676651476 0.2954681391574313
0.3506759087896788 0.1450397261262827 0.31373026593221487 0.19055409915182364
0.13199454228469232 0.34186179458858323 0.4277994461111264 0.09834421701559803
0.20832887568787217 0.09959406974818275 0.4138480915147895 0.27822896304915556
0.14027112072800763 0.005239814325281422 0.4428576636671405 0.41163140127957043
0.2543816426320731 0.03357576439678078 0.5267370490321593 0.1853055439389868
0.2958978620906457 0.01336298280918835 0.32817976417962025 0.3625593909205457
0.035729926071696894 0.09001650334443623 0.21571912838721874 0.6585344421966481
0.0772727434056747 0.12381219086060624 0.6788451145710954 0.12006995116262364
0.10112660166037679 0.022842472536129366 0.06854285113389191 0.8074880746696019
0.12398391422105681 0.39764827046267326 0.40518193187309237 0.07318588344317756
0.10206091025864694 0.61391261798394 0.168821490342852 0.11520498141456104
0.35821864808478343 0.27741004270415404 0.33821731568988744 0.02615399352117509
0.5711774344026864 0.17460493962216417 0.14973965418809143 0.10447797178705798
0.3651752007325172 0.27826963846431474 0.309654982554433 0.04690017824873505
