60 30 4 78.43842759778943 156.87685519557886
3.7078599704195687 2.6825123470769023 3.908644092713975 6.991746132594781 6.10273720872292 4.584285630088882 4.414734239721369 1.0952338229077867 2.533290408943409 2.1105403361209363 7.231611487636774 8.869974045154223 4.036572141747611 9.932133031116107 2.183860637053463 5.502968529015628 3.5795845590555437 2.98526369324097 5.518769919741634 6.724562857562587 6.721092451531546 1.7238977977855563 6.232903765628063 8.552717734772393 3.637164268788706 9.891367849343743 5.924719364475903 9.634473030404875 4.206583718071354 5.65505012414163
0.7415719940839137 0.5365024694153805 0.781728818542795 1.3983492265189563 1.220547441744584 0.9168571260177764 0.8829468479442738 0.21904676458155733 0.5066580817886818 0.42210806722418726 1.4463222975273546 1.7739948090308446 0.8073144283495222 1.9864266062232214 0.4367721274106926 1.1005937058031257 0.7159169118111087 0.5970527386481941 1.1037539839483268 1.3449125715125174 1.3442184903063092 0.34477955955711126 1.2465807531256126 1.7105435469544787 0.7274328537577411 1.9782735698687486 1.1849438728951807 1.926894606080975 0.8413167436142708 1.1310100248283261
0.01932667858371151 0.9567261899935618 0.011960527129822762 0.01198660429290388
0.011585544879635146 0.24342290302948943 0.3969288637382977 0.3480626883525777
0.4308679159532932 0.33529234095259086 0.2004200435709944 0.033419699523121515
0.16367259862519434 0.47616376522206594 0.2879078820180827 0.07225575413465701
0.02937152540713983 0.4425610279756982 0.49087874183677016 0.037188704780391824
0.5133645895777719 0.17497829836500023 0.30106996351412085 0.01058714854310705
0.38656119113683385 0.06122686206557615 0.4810365521983714 0.07117539459921862
0.0034176043962366176 0.48472204648153316 0.17598862408405813 0.3358717250381721
0.277487253873303 0.16601454263410642 0.17707165660382895 0.37942654688876165
0.41467200772775326 0.07904799363483406 0.09883303008190569 0.407446968555507
0.02636720355422406 0.46635281486583835 0.013578946997911068 0.4937010345820265
0.0049081104377101115 0.5967942381950225 0.05767477098542684 0.3406228803818405
0.030768584070215432 0.15910254065211094 0.021327796164606783 0.7888010791130668
0.22435260111920963 0.1492748052826386 0.2879368466825627 0.3384357469155891
0.19044923534064961 0.04752357759316661 0.5339166593892702 0.22811052767691353
0.33997446377846285 0.2925566509947074 0.3428371832520929 0.024631701974736853
0.34898520151809465 0.21535540258688435 0.17383098031359867 0.26182841558142234
0.10864763288662427 0.6269957175903411 0.19240516767763494 0.07195148184539968
0.13517190374773946 0.30160570006356546 0.0176036621427611 0.545618734045934
0.19090677555339486 0.4985733941523627 0.16284814705800776 0.1476716832362347
0.013316137497819791 0.007558777032944497 0.3928226234844159 0.5863024619848198
0.1334170729426738 0.07133870320455926 0.43153160110039757 0.3637126227523694
0.35488158765349964 0.12204238023183478 0.22681507556520475 0.29626095654946083
0.2548653247391197 0.21170189157802877 0.022046751723496683 0.5113860319593548
0.34106268676877527 0.6405973323280415 0.012958468361869424 0.005381512541313804
0.3610100170945477 0.4243888389715399 0.0044087411405534516 0.21019240279335893
0.2029873865751255 0.11217959492230478 0.6568901685511704 0.027942849951399285
0.5621977020853185 0.0905752714826652 0.08160608106245049 0.2656209453695658
0.11593902509528708 0.26378672172926165 0.1383078116165496 0.48196644155890167
0.5373619775793872 0.04627988027989205 0.2557557655942907 0.16060237654643006
0.03992926703581834 0.15408792431936102 0.010234841354372914 0.7957479672904477
0.4468726868977909 0.26444369333929574 0.052602153584658584 0.23608146617825476
0.32433833598634865 0.17555751533506314 0.03486245545083444 0.46524169322775377
0.6183510103206724 0.16736693384172574 0.05237251981268598 0.16190953602491587
0.14328132104059144 0.4095775606365075 0.12924982401503537 0.31789129430786567
0.39267927903982724 0.33339152711540787 0.19484641899469846 0.07908277485006643
0.2632820251791992 0.18364496731599178 0.06910648299105826 0.4839665245137508
0.27360294526350015 0.30947006449073244 0.24921381602124448 0.16771317422452292
0.3255831749732978 0.2782117706163717 0.19906867348200719 0.1971363809283233
0.4761178665748098 0.2353798339226374 0.044817074953083624 0.24368522454946917
0.3967570436405615 0.3453114424434701 0.09994544805870165 0.1579860658572667
0.16835322310715428 0.376773026171648 0.10169853316512678 0.35317521755607095
0.16063346882923113 0.16495248845753885 0.14159934049548073 0.5328147022177493
0.15012986068343237 0.6831613677499374 0.07751556975294205 0.08919320181368817
0.48246834015581863 0.4696209688600965 0.042905545751610985 0.005005145232473862
0.18360452279033046 0.11496283483766678 0.2775929675742831 0.42383967479771967
0.45199994049529935 0.10863876038565456 0.2591306082161047 0.18023069090294142
0.042946563137421845 0.5550443396628593 0.24957017173878648 0.1524389254609324
0.2238993769635389 0.3317094726623745 0.28255132919956105 0.16183982117452556
0.22404095570586635 0.008258472929952965 0.7391647338933827 0.02853583747079802
0.12712716834598148 0.0775795322410745 0.6197625144548358 0.17553078495810825
0.20939215041196935 0.22810446572323806 0.24767735482387354 0.31482602904091905
0.19245540225455027 0.358391554337146 0.017761924543303276 0.4313911188650005
0.1076818418185328 0.34989869716056266 0.35458970999916517 0.18782975102173938
0.3383551505567589 0.08189769330659813 0.486261543491012 0.09348561264563093
0.4715006651523487 0.07650171731407496 0.1280236271483678 0.3239739903852086
0.16082931387052002 0.0712779232628531 0.021224925181698162 0.7466678376849287
0.2001319221701513 0.02258080390744799 0.6457087511071775 0.1315785228152232
0.033799091155620964 0.15393342157083345 0.024876405531763734 0.7873910817417819
0.21228618592538562 0.24478043297489416 0.15026271220480025 0.39267066889491997
