36 20 4 49.768254121404134 99.53650824280825
7.556564724361531 6.41452791133192 9.569626006654124 2.288561029489274 8.266232168831483 4.268931368689261 2.6790113106038427 3.3323611445915247 6.667861083507543 1.2930482938503638 9.525088658595344 9.138864192563856 5.951171400596491 2.7730745887667245 3.0882954834705365 1.021293775397902 3.034499904770371 4.378089137995842 5.074693348072057 3.2147127106682754
1.5113129448723062 1.282905582266384 1.9139252013308248 0.45771220589785483 1.6532464337662964 0.8537862737378521 0.5358022621207685 0.6664722289183049 1.3335722167015087 0.25860965877007275 1.9050177317190689 1.8277728385127712 1.1902342801192982 0.5546149177533449 0.6176590966941073 0.20425875507958038 0.6068999809540742 0.8756178275991685 1.0149386696144114 0.6429425421336551
0.4601265796578987 0.13255821600644202 0.07820408453828764 0.3291111197973716
0.17168483380233646 0.052305629132637255 0.4050785035680935 0.3709310334969328
0.17422765535036577 0.06916438095525812 0.7547862793992455 0.0018216842951306322
0.02541687847177554 0.45776762222342127 0.15658473276683182 0.36023076653797137
0.18700973810923505 0.21581399347324304 0.07941789225386531 0.5177583761636566
0.20542335882258966 0.5162931498296304 0.15132505318954015 0.12695843815823982
0.20730429902698044 0.19297437882915947 0.3166725191816213 0.2830488029622388
0.16211991522666536 0.06878429166966438 0.019740391478503594 0.7493554016251667
0.6637622813622388 0.10731054686129604 0.11335745857075885 0.1155697132057063
0.3182165971684565 0.3940753480108584 0.07458792457763674 0.21312013024304832
0.269982602581617 0.6971975559661356 0.026091331905438886 0.006728509546808481
0.011134131546525206 0.11367610048437593 0.29915307280349157 0.5760366951656073
0.8346712784970781 0.11650048200844199 0.009442810889563558 0.03938542860491634
0.240029312825492 0.29497383124896936 0.4026641545996801 0.06233270132585855
0.1815335527484172 0.12732533331391516 0.32000958103827004 0.3711315328993976
0.08497961390002984 0.4242405088544037 0.09214545192397183 0.39863442532159465
0.4436152299391738 0.2896315464956055 0.06450378925570766 0.20224943430951303
0.8054823594662054 0.09030955055632162 0.041636956744566245 0.06257113323290675
0.21503144759329162 0.007707619436302715 0.190216745644192 0.5870441873262137
0.34928720571707195 0.25121859963160487 0.21622145778736246 0.18327273686396073
0.2104069784427729 0.11660510904179255 0.12475711242011489 0.5482308000953197
0.022679242035416047 0.19293878949710375 0.3157951050359906 0.4685868634314896
0.23243689936536105 0.10949885297005779 0.18289234456393377 0.4751719031006474
0.15073290435871467 0.20302947866785004 0.06565069067098617 0.5805869263024491
0.35176465653059386 0.08622850590372222 0.3640161385390809 0.19799069902660305
0.08301267227129783 0.11342807017182699 0.48371944589726124 0.31983981165961395
0.07730388443980651 0.5903333838734873 0.2012068858311693 0.13115584585553686
0.20125526745300537 0.701597128950916 0.04428278220725668 0.05286482138882198
0.07505873780081751 0.07189251576266176 0.4852182220862238 0.36783052435029695
0.45071522718442636 0.04927729128077396 0.3690884196534925 0.1309190618813072
0.33458639377540567 0.2273112924441889 0.32834198035413575 0.10976033342626967
0.1777520084161225 0.20774234295121297 0.3861858171325617 0.22831983150010282
0.254430979522831 0.2360720980971821 0.2833014627016225 0.2261954596783644
0.3674047532916348 0.21319518078737665 0.20425543241352617 0.21514463350746238
0.14814689934151082 0.035809633642627015 0.6697521448222149 0.14629132219364727
0.2677455681933064 0.3184170688657575 0.0004027562879197477 0.41343460665301635
0.16111788293748974 0.1439978570699758 0.611066924226055 0.08381733576647943
0.07234999067650782 0.8565283947281706 0.0063153092522185705 0.06480630534310305
0.08136253944256056 0.42400381479143145 0.23550758245083658 0.2591260633151714
0.18219733244591219 0.2182916281883146 0.40210997281261074 0.19740106655316247
