41 80 4 209.81139084854982 419.6227816970997
3.2583126137044616 1.414862386053506 7.091346169995026 1.3912253708027684 2.0478133284987816 6.434791200539318 2.7183759650176524 7.016641455343112 9.25703063983807 4.769020782543726 3.9903386504296847 3.5473027165455395 2.6765404065840195 3.853994234379676 5.330518019341977 1.6256842103044493 7.344843144205201 3.832092405815862 7.7075411942732295 4.58391516294902 6.474038135707439 7.556108386468618 4.795822338098095 4.54517391923003 3.0900031642044734 4.974981436700142 4.357192553482424 6.252454357552784 1.9002823794510277 7.672166962980192 1.7487813825101337 2.136015502357645 3.906023769989247 6.78634563236553 9.995245567470082 3.529014861178891 6.24002183407564 8.853409543277015 8.104052970743819 2.9627892443122916 4.119599179839425 7.493505774908753 4.185265368950674 5.146158741684113 3.199578932968507 3.5439688588315095 8.43653319399666 8.869345621904671 2.284921018593581 3.5206464509076336 5.726522317254072 9.107721680491583 6.422112504698851 7.226161210738317 3.543354216910509 3.488567311969367 2.4065837650818684 6.974095683741315 9.48527628020603 7.131893434139809 8.766844632174914 9.203559315103886 8.338064340508735 8.46773077748777 1.24387344943668 3.1685297433896777 3.396941289601455 4.421902687744551 5.31326526703026 3.8927718620221836 4.933506735846229 6.024422565023334 4.542854417638173 6.204365839674048 4.40307501493446 2.8332702600021893 4.277990520078577 7.327204649797828 7.635404280730316 7.143278501736628
0.6516625227408923 0.2829724772107012 1.418269233999005 0.27824507416055366 0.4095626656997563 1.2869582401078636 0.5436751930035305 1.4033282910686222 1.8514061279676142 0.9538041565087452 0.7980677300859369 0.7094605433091079 0.5353080813168039 0.7707988468759351 1.0661036038683955 0.3251368420608899 1.4689686288410402 0.7664184811631725 1.541508238854646 0.916783032589804 1.294807627141488 1.5112216772937237 0.9591644676196189 0.909034783846006 0.6180006328408947 0.9949962873400284 0.8714385106964848 1.2504908715105567 0.3800564758902055 1.5344333925960385 0.34975627650202673 0.427203100471529 0.7812047539978494 1.3572691264731058 1.9990491134940165 0.7058029722357781 1.248004366815128 1.770681908655403 1.6208105941487638 0.5925578488624583 0.823919835967885 1.4987011549817506 0.8370530737901347 1.0292317483368225 0.6399157865937014 0.7087937717663019 1.6873066387993318 1.7738691243809341 0.45698420371871623 0.7041292901815267 1.1453044634508145 1.8215443360983166 1.2844225009397703 1.4452322421476633 0.7086708433821018 0.6977134623938734 0.48131675301637367 1.394819136748263 1.897055256041206 1.4263786868279618 1.7533689264349828 1.8407118630207773 1.667612868101747 1.693546155497554 0.24877468988733603 0.6337059486779355 0.679388257920291 0.8843805375489102 1.0626530534060519 0.7785543724044367 0.9867013471692457 1.2048845130046668 0.9085708835276346 1.2408731679348095 0.880615002986892 0.5666540520004378 0.8555981040157153 1.4654409299595657 1.5270808561460631 1.4286557003473255
0.03261042688922067 0.06759855160099781 0.4147917661050101 0.4849992554047714
0.43492332203686457 0.09166445002730839 0.30298208639684854 0.1704301415389785
0.4836819550767191 0.07906250134618953 0.3223744783873589 0.11488106518973251
0.05887044519220874 0.30276998829391943 0.28342997280743765 0.3549295937064342
0.17010918751016402 0.3929049419085401 0.24585493613824605 0.19113093444304985
0.24944998716114897 0.16091704257106876 0.3498376065028569 0.23979536376492538
0.22295932453294576 0.3634139551979506 0.396746304487136 0.01688041578196764
0.044437067282930176 0.3644518553194319 0.4479972141619023 0.1431138632357356
0.0920117117681093 0.6692064735094867 0.18295696052055088 0.055824854201853125
0.014598500574212858 0.017563558171909133 0.1176174060982168 0.8502205351556612
0.23157127508396247 0.058413247923893574 0.0741567770424364 0.6358586999497076
0.49784415511438007 0.22414963990734182 0.018302240608245035 0.25970396437003307
0.03128370263515068 0.04118391535015642 0.8186219658569733 0.10891041615771957
0.5283135513181276 0.09715221083043457 0.06513547881136683 0.30939875904007097
0.003318730091000921 0.5652603530940341 0.1693143325462092 0.26210658426875577
0.0879026414804086 0.2965033524397944 0.18025386479973116 0.4353401412800658
0.09186463031061554 0.636959234965683 0.011994711814137138 0.25918142290956436
0.14550398617381577 0.05664227205625705 0.14018563610475676 0.6576681056651704
0.2501083818490608 0.18791216752194473 0.22229058234367916 0.3396888682853153
0.13624016929435778 0.15138919781029525 0.44663874080643573 0.26573189208891124
0.10269606706946033 0.11805893505454135 0.4719681822550226 0.30727681562097575
0.02322653415063769 0.509217609964146 0.2955306436262334 0.17202521225898293
0.5245112036371808 0.1425382302977385 0.17711066504334572 0.15583990102173495
0.020691957743507072 0.6316405699961203 0.10803273228288979 0.23963473997748286
0.025425016632492525 0.19853919917615737 0.6472322044352818 0.12880357975606826
0.031234184393140407 0.10629883780564453 0.4065723348739786 0.45589464292723647
0.3081957982780035 0.02044559190975126 0.3496554408010458 0.32170316901119944
0.2928760583538329 0.2204904599508115 0.38574341617436614 0.10089006552098945
0.18099282465453725 0.22207008044382714 0.20585177361815932 0.3910853212834763
0.24453514552795896 0.43005784507973266 0.010353373933969179 0.3150536354583392
0.07191726794191766 0.0770159276334883 0.03822228193356503 0.812844522491029
0.08443961802190725 0.3013510163473969 0.1397011118706415 0.47450825376005434
0.2142074877515262 0.7217801852186104 0.058385179911516594 0.005627147118346776
0.5976975863853717 0.08618803472057945 0.051300600341576685 0.2648137785524721
0.32229578594563335 0.029291330500656576 0.06880411128937225 0.5796087722643378
0.6722776932906084 0.04907514291486714 0.10998906177471302 0.16865810201981146
0.6396113821368282 0.1825780596323331 0.10894134946328293 0.06886920876755576
0.011485763201647625 0.0732189298532836 0.5577707582996257 0.35752454864544303
0.6266279644646674 0.06191750085649417 0.28313148405381483 0.028323050625023605
0.3328026958581358 0.16616003172358684 0.18290433037471154 0.3181329420435658
0.3789737080201999 0.22332359785348088 0.1171276348794641 0.2805750592468551
0.13418651679126625 0.13248237983291877 0.614219301863439 0.11911180151237599
0.260971904464007 0.15048942319522896 0.23001434649844865 0.3585243258423154
0.1998974590439726 0.3222676656375749 0.10576044534249629 0.3720744299759562
0.15659562851609143 0.18914609721946307 0.01859386723453893 0.6356644070299066
0.056330425090836966 0.3796665532629322 0.4354779258863781 0.12852509575985271
0.1323377550158079 0.20760650679822412 0.013274958851695606 0.6467807793342724
0.010240329429256345 0.630419030213996 0.08360200679840035 0.27573863355834727
0.39626977343253067 0.29524178479414276 0.25575165260350086 0.052736789169825715
0.026984960179256223 0.1241016281118853 0.20630860727748013 0.6426048044313784
0.052540547313397745 0.3851491052964233 0.14266903514650786 0.41964131224367107
0.3136454943418877 0.3195290398662539 0.1932132636339301 0.17361220215792827
0.23966675515767566 0.1152611434755022 0.281082280452575 0.36398982091424714
0.05727819930779132 0.6220390633047601 0.24510321070593188 0.07557952668151668
0.11373674790010557 0.3333783059363439 0.4294708778558227 0.12341406830772783
0.07216120107299184 0.8615908381507336 0.040252786999227075 0.02599517377704752
0.2720166357090724 0.2570471599850088 0.41826366541580595 0.05267253889011281
0.38429824703946414 0.16780940775834285 0.34862371809332604 0.09926862710886697
0.4894814883324965 0.0048230560392976685 0.07677616636970341 0.4289192892585024
0.19638493822904612 0.4327527931905011 0.13173107954103136 0.23913118903942143
0.5835250788643022 0.06615417908430044 0.27363152444252015 0.07668921760887726
0.16328285646504603 0.26964323143402436 0.09251981678838361 0.474554095312546
0.024750010935305156 0.2808645044078818 0.4563377153754574 0.23804776928135563
0.4546962295612855 0.06499287651422969 0.12007527423990971 0.36023561968457507
0.7112559419031659 0.047376035181873166 0.026591910635759608 0.21477611227920135
0.41663697742847916 0.1999742760390385 0.3290411430959471 0.05434760343653522
0.4374353552492902 0.2096000644812851 0.1178338710887511 0.23513070918067358
0.05085151906043073 0.6557136718130953 0.2175711160800613 0.07586369304641272
0.02435888787131968 0.18206272076430974 0.4372946967249908 0.3562836946393798
0.01634263010144943 0.3646079030564314 0.3851033023429604 0.23394616449915873
0.06929747407204423 0.06648529688216376 0.6215898809416346 0.24262734810415743
0.01247606885484509 0.13820254421338096 0.6883370458749403 0.16098434105683368
0.030108070736592385 0.416775374432495 0.005289305026144553 0.547827249804768
0.5759027840332535 0.16105099416748203 0.17131248314303904 0.09173373865622547
0.03894525664669912 0.47125073888106805 0.16634565105739296 0.32345835341483986
0.09641585876559366 0.10944762557062115 0.14082164780444517 0.65331486785934
0.20953152366834982 0.08965808131166508 0.2366705366622942 0.4641398583576909
0.31880568975032963 0.2522903789369888 0.21227992224182024 0.21662400907086132
0.39568287110005895 0.06499280483564951 0.5208892936927291 0.018435030371562466
0.4677660064767102 0.14964669416998477 0.28329845658001696 0.09928884277328809
0.18844613250139997 0.003611931057433515 0.6633379462721466 0.14460399016901992
0.492427591307534 0.2743121652046536 0.1426505323231303 0.09060971116468208
0.12406707728439814 0.024094015404640623 0.38304068317575957 0.46879822413520167
0.3224577242161273 0.012536865329303204 0.017877894290628582 0.6471275161639409
0.3395809933450612 0.00349522728407603 0.35804416469881395 0.2988796146720488
0.08502655062147602 0.24601628904171458 0.3179465720748045 0.35101058826200493
0.0945597107216587 0.09255656294891423 0.0953183422871301 0.717565384042297
0.13292327495509637 0.576155863257195 0.06456445386282483 0.22635640792488376
0.11074431650238326 0.5188577271859585 0.041262632094169804 0.3291353242174885
0.2506928782227559 0.3094737295220302 0.04046231109847587 0.39937108115673803
0.05852998469980131 0.3693446265359588 0.5398758541655614 0.03224953459867852
0.21588960809408775 0.22787556414028398 0.3974349537064773 0.15879987405915097
0.18421591474847798 0.44126825321459306 0.26500151628385726 0.10951431575307169
0.12044006104733196 0.4890797435063863 0.1176510432948682 0.27282915215141357
0.01653421952967027 0.7978154867378807 0.12780116804245745 0.057849125689991565
0.39973637307413956 0.20965779005283114 0.3630167676126276 0.027589069260401722
0.6966977711073601 0.004946110097461931 0.14924459949383695 0.14911151930134103
0.49246212150001756 0.28267122933892097 0.1744159472358331 0.05045070192522838
0.026608383488793685 0.8113246057346915 0.10371980871989894 0.05834720205661592
0.20814379069740507 0.6785553046391383 0.010765298428319747 0.10253560623513691
0.2393740079800628 0.06225984016393182 0.2473370112078913 0.45102914064811406
0.6021986755674135 0.31572215316053376 0.043669375082706186 0.03840979618934659
0.11396642895853659 0.36142869073407924 0.3111367457720762 0.213468134535308
0.3721301724835704 0.47263167779067594 0.0936747964611373 0.06156335326461637
0.21286877202804666 0.49617884458187456 0.20128650335293263 0.08966588003714615
0.8380627630091846 0.012411354218493709 0.09806612644788726 0.05145975632443445
0.11829746630438787 0.20818472319414794 0.14914701801495056 0.5243707924865136
0.5428422463506397 0.17191698646956066 0.06181327524841096 0.22342749193138867
0.017666185118943356 0.2402908914111087 0.7225514529185096 0.019491470551438295
0.05381680852230564 0.680290769723754 0.060887234461654005 0.20500518729228634
0.4367041243491516 0.06132619143031792 0.3617656482629341 0.14020403595759634
0.04480206928846242 0.33926138267435413 0.5006092607606841 0.11532728727649932
0.5005672930387881 0.36156760766818896 0.01287900231780903 0.1249860969752139
0.24910813001593313 0.2208467671769767 0.2245621231414474 0.30548297966564275
0.41772052094520273 0.42591038297984984 0.08393786910272494 0.07243122697222248
0.08817645252779249 0.1269343765898998 0.5724139719163801 0.2124751989659276
0.3033151201417653 0.06581050871886629 0.49953882422330786 0.13133554691606053
0.019067557211431607 0.04067738389995579 0.603098251263426 0.3371568076251866
0.1252348396128451 0.17855126860383974 0.024337097337760683 0.6718767944455545
0.16867780355719364 0.2587074028185604 0.066890227559397 0.505724566064849
0.07730372033892952 0.06849193412087984 0.6244161632794918 0.22978818226069886
0.1572744808354265 0.2937919199554293 0.22641788898587623 0.32251571022326797
0.058212773872193035 0.11907857914245856 0.004734349541886784 0.8179742974434616
0.2141954597554928 0.08425938068926986 0.591816797053727 0.1097283625015103
0.11882383610202807 0.34129765176682125 0.10014679541894467 0.439731716712206
0.648010689959304 0.1466454454181665 0.048788837480890024 0.1565550271416395
0.09138398756161903 0.43586963950457747 0.0003080742931540481 0.47243829864064946
0.2851029094426357 0.09810607786488923 0.5885790509172553 0.028211961775219785
0.2679637983986931 0.3572669308986153 0.24569083830003757 0.12907843240265404
0.711781310000022 0.057996405609830104 0.04201324407326068 0.18820904031688723
0.09762424579245166 0.6558489945186544 0.03135259809153812 0.2151741615973558
0.16674980541277684 0.7043431762622547 0.006478945446447559 0.12242807287852087
0.09360520548591988 0.22169701539047715 0.3568015688742362 0.32789621024936677
0.11420814276342339 0.08259486931161153 0.3249873450854157 0.47820964283954936
0.18436777421018669 0.02695002511247324 0.2591720687379454 0.5295101319393947
0.1400291134063053 0.36714065020698905 0.08896563686037562 0.40386459952633
0.5622152515792017 0.08305136585711359 0.2086425537324348 0.1460908288312499
0.4365132573378221 0.1091530120506996 0.12327066845103918 0.3310630621604391
0.5791149677323794 0.13808236175545185 0.14638028629741928 0.1364223842147495
0.1816789587891272 0.3919832097086793 0.2351602358028001 0.1911775956993934
0.10460488411994706 0.09347958616135388 0.15964391573417303 0.642271613984526
0.2343459666801342 0.1227994980240179 0.4831009858733921 0.1597535494224558
0.07529312880471117 0.0015677338031651056 0.21545705262772685 0.7076820847643969
0.32450705078220643 0.3022887354417144 0.21623929556501287 0.15696491821106628
0.26567143584588226 0.11193435801081253 0.620549287221642 0.0018449189216631634
0.5072785048451766 0.36223012831542734 0.03357743135324043 0.09691393548615568
0.32718815156320824 0.3559926876157907 0.1695334764236266 0.14728568439737444
0.7537267337745586 0.0854482092023584 0.14891148854271263 0.011913568480370396
0.06443270103983612 0.005856466337602617 0.11099022099047973 0.8187206116320815
0.14798131808391035 0.21728959258931335 0.5664883406539137 0.06824074867286256
0.5606535918067658 0.06292886679021048 0.053191031870834404 0.32322650953218934
0.13247333502724523 0.015740462593314297 0.7387432999008373 0.11304290247860316
0.028583927045204738 0.31392288895142784 0.5676599972207216 0.08983318678264585
0.291205977617663 0.4189073213827956 0.050508246653673705 0.23937845434586769
0.21458148092558038 0.11626682499814434 0.5086119017092492 0.1605397923670261
0.13015172141054732 0.5757874360674098 0.1190626029471139 0.174998239574929
0.30196677402493766 0.05891680871604832 0.27756589299691015 0.3615505242621039
0.38228908252729965 0.37919276880829045 0.1914915193201111 0.0470266293442988
0.11617655743774546 0.6150514581993141 0.2127218229198634 0.05605016144307706
0.09147207972034976 0.021133648654855453 0.77217593097472 0.11521834065007475
