39 90 4 266.97008992771555 533.9401798554311
5.922002405308192 8.181091191543448 8.383616919085432 2.09844880147181 6.418018061122942 5.729631250281253 5.175175652290616 5.243011699820642 6.694415585895983 9.330974924253972 8.339526241753976 9.499975771450039 9.276266278535857 4.733477167159189 8.432307660728354 9.516341069554752 6.652414479118475 3.2704281312661614 6.331158125425379 8.743634299656144 1.4360718846881837 8.693186925806375 7.481926157783402 3.6637609317132864 5.368658249615223 8.59847948207008 6.422420296133518 2.4143123768938946 5.734920225626897 2.6883751589341314 7.034023041696266 5.9387425565883465 2.407833136446336 9.392466147658407 5.886579288379228 6.873015066294205 7.042127736718234 8.370507017298994 1.122028593367189 8.630603030013852 4.915646947028501 5.297112669222001 7.437375832089869 8.561722152741286 2.0192769030259945 6.511259805722082 2.9922163279266716 1.357508138291173 3.5259119690916387 3.64287632618698 2.201414823846552 7.506651473856334 2.8305797229755636 8.117663388002235 7.5060717639628205 4.1198245581613095 2.9730437702913664 3.112566428892506 1.9840858938369546 9.458906202621947 5.870620146186512 9.062422733460968 8.979193973554697 1.1227317409932271 8.819825232018749 3.7131007676674788 9.531540445814583 1.1446919944523049 9.786634394848644 8.32958977709303 3.863398484448913 3.6860043323643827 4.701625846471796 4.059999199407422 9.554506662475555 4.945716633763435 3.7698253921843183 7.21689483582608 1.817421055869863 9.555731425908935 8.507012008524175 7.472181426415131 7.501965844798358 2.0292095119614513 5.328362588756365 6.10798676385866 3.778069679012239 8.1693902244305 8.936192630427836 7.33466598521321
1.1844004810616384 1.6362182383086896 1.6767233838170863 0.419689760294362 1.2836036122245884 1.1459262500562506 1.0350351304581231 1.0486023399641284 1.3388831171791966 1.8661949848507944 1.6679052483507952 1.8999951542900078 1.8552532557071715 0.9466954334318378 1.6864615321456706 1.9032682139109505 1.330482895823695 0.6540856262532323 1.2662316250850758 1.7487268599312287 0.28721437693763674 1.7386373851612749 1.4963852315566804 0.7327521863426573 1.0737316499230445 1.7196958964140159 1.2844840592267037 0.4828624753787789 1.1469840451253794 0.5376750317868263 1.4068046083392534 1.1877485113176693 0.48156662728926725 1.8784932295316814 1.1773158576758456 1.3746030132588412 1.4084255473436467 1.6741014034597987 0.22440571867343778 1.7261206060027703 0.9831293894057002 1.0594225338444 1.487475166417974 1.7123444305482571 0.4038553806051989 1.3022519611444163 0.5984432655853343 0.2715016276582346 0.7051823938183277 0.728575265237396 0.4402829647693104 1.5013302947712668 0.5661159445951127 1.623532677600447 1.501214352792564 0.8239649116322619 0.5946087540582733 0.6225132857785012 0.3968171787673909 1.8917812405243892 1.1741240292373025 1.8124845466921937 1.7958387947109393 0.22454634819864544 1.7639650464037497 0.7426201535334958 1.9063080891629167 0.22893839889046097 1.9573268789697287 1.665917955418606 0.7726796968897827 0.7372008664728765 0.9403251692943592 0.8119998398814843 1.910901332495111 0.9891433267526869 0.7539650784368637 1.443378967165216 0.36348421117397256 1.9111462851817869 1.701402401704835 1.4944362852830262 1.5003931689596715 0.40584190239229023 1.065672517751273 1.221597352771732 0.7556139358024477 1.6338780448861001 1.7872385260855672 1.466933197042642
0.011519220430084354 0.5097306906812321 0.43257601373458265 0.04617407515410088
0.3425843014914942 0.15038851141690845 0.3774239915871652 0.1296031955044321
0.03288953333391487 0.6166518320747916 0.1576798299392106 0.19277880465208297
0.15915484144645686 0.3034413260386869 0.46058805974220085 0.07681577277265539
0.0467470253531852 0.3470790789917153 0.5472821842843199 0.05889171137077964
0.33429111615661433 0.05290264880673412 0.29061674158538287 0.3221894934512687
0.5291465414236582 0.03815140258309235 0.34644648829735347 0.08625556769589593
0.14618543855534272 0.2759128105152783 0.1799381500631736 0.3979636008662054
0.25617198938335595 0.3796327275560816 0.3460664353335652 0.0181288477269973
0.6669642428976391 0.16899986787745003 0.012473993877428757 0.1515618953474821
0.2504383454445074 0.057628949745541225 0.6845998714140741 0.007332833395877314
0.1688753210093794 0.03415523658135455 0.5181920590813672 0.2787773833278988
0.22989237861318845 0.16830835552218337 0.5555695195463805 0.04622974631824772
0.4635165288407693 0.022503490805744764 0.358207604998796 0.1557723753546899
0.24828928580664844 0.432449766314832 0.12055628439762267 0.19870466348089688
0.1360602539335347 0.10799174078226559 0.05000132125310386 0.7059466840310958
0.2654697032801968 0.3327821748972202 0.07561043905423837 0.32613768276834465
0.22861205646290272 0.7208793987701828 0.04869753235592644 0.0018110124109880221
0.3182250470105832 0.1959881423421379 0.13599302508961142 0.3497937855576675
0.19927185245437606 0.2887588340193705 0.03130028928118911 0.4806690242450643
0.1942905158906546 0.36984147522536703 0.2315465899022463 0.20432141898173206
0.40097893716514976 0.07338523153589716 0.04871118134030228 0.4769246499586508
0.0557090044127595 0.6477784936425004 0.21981836671813715 0.07669413522660296
0.13361480256613933 0.04106535911352127 0.0955287993550914 0.729791038965248
0.02999837511736536 0.02906390928250424 0.05531001757998388 0.8856276980201465
0.24318013848207587 0.3776422571523481 0.2844154760831368 0.09476212828243924
0.05203473770228795 0.4767665367845295 0.1198899181161418 0.35130880739704073
0.3664204955188478 0.4189959862566637 0.11481670957409496 0.09976680865039356
0.0642721617873192 0.38510982846170017 0.4207944130617476 0.12982359668923305
0.11758695526862739 0.7616833825802113 0.07666803172495462 0.0440616304262067
0.21680859269846198 0.6802751539626763 0.0634154622720412 0.03950079106682047
0.337718103119369 0.07514483351554235 0.4840592124837564 0.10307785088133226
0.5297975441376163 0.010347809137275843 0.17843385379527132 0.28142079292983657
0.11162199140405527 0.44614129256865576 0.22850862417150652 0.21372809185578245
0.22558007367438904 0.5372779078820739 0.16049031537876834 0.07665170306476876
0.053845935353760366 0.40405232359518606 0.09240765243062243 0.44969408862043114
0.27098152568712974 0.21162950876079656 0.4480409990712879 0.06934796648078578
0.16434929831599476 0.5533672137471335 0.1613017214915744 0.12098176644529735
0.2488598540065896 0.25828395744506316 0.41537345836501305 0.07748273018333418
0.061062327937558836 0.8087416612374436 0.07320795889823861 0.05698805192675893
0.3365869359920518 0.2885752178114859 0.189035350945032 0.18580249525143033
0.14249927543617324 0.0648623885219799 0.6467321805921796 0.14590615544966723
0.2147882397911588 0.6735918684835411 0.026367108012454343 0.08525278371284573
0.3125975509591308 0.13178185059403202 0.48536314072131304 0.07025745772552416
0.21728588393513082 0.08279045867117518 0.6043555693455269 0.09556808804816708
0.03088256404034717 0.5521734334949573 0.043029076256530185 0.37391492620816535
0.5019518186333914 0.19958647043503763 0.29834288636367945 0.00011882456789147344
0.17863278585084807 0.16215553142685424 0.48503750921888156 0.17417417350341613
0.24982898449034285 0.2176573616060029 0.5126288999080124 0.019884753995641824
0.07129106290178033 0.05184233501353375 0.7649315737944007 0.11193502829028523
0.16105973083627023 0.0022486183394454518 0.5409440221166778 0.2957476287076065
0.17265482961071876 0.17067843256902004 0.22432748481384612 0.43233925300641507
0.23769514802253222 0.1722383245159027 0.29410680894132446 0.2959597185202406
0.4564287255778271 0.0038461183357496598 0.1032322738329442 0.43649288225347904
0.21134138624448262 0.369867521983795 0.0003323217461683736 0.418458770025554
0.0005107431433548637 0.18312726328174656 0.20366915297886679 0.6126928405960318
0.37750555674191966 0.20788060992007895 0.2372134936178587 0.17740033972014269
0.01261788027072619 0.18330733923849452 0.7441557884900325 0.059918992000746796
0.4253250753104909 0.22363975756068766 0.2042536238126439 0.14678154331617754
0.2794827309883424 0.31042619256393156 0.07603442274801187 0.33405665369971416
0.24226578030057333 0.49456406306419476 0.1590399739293583 0.1041301827058736
0.4458318080882755 0.029180916945434454 0.010184961861361641 0.5148023131049284
0.01949665442720383 0.26049656036300384 0.45474088947767943 0.2652658957321129
0.2987912311114126 0.1680222448678962 0.056336366954654604 0.4768501570660366
0.41720029833250083 0.04250818786562216 0.29739367937299876 0.24289783442887825
0.3702026144396583 0.03607365476949498 0.07755320041035552 0.5161705303804912
0.5517401449929474 0.31704999730604766 0.11904151317118561 0.012168344529819297
0.25794509926057274 0.6243617433459725 0.08590391335556957 0.03178924403788519
0.4421453240250862 0.1600463878388766 0.19358316855241697 0.20422511958362022
0.4322865156918946 0.11540699940721888 0.4306571303635075 0.02164935453737904
0.09743446153956514 0.5215260063052249 0.014215441787446603 0.3668240903677633
0.20009596970640942 0.07104073848307757 0.4344019191501788 0.29446137266033423
0.2571404481645164 0.15715305872259644 0.13092926043271347 0.45477723268017367
0.3711047374911659 0.07033028545375364 0.010661935254992594 0.5479030418000879
0.1955797905309552 0.6038299575945899 0.18223246770869517 0.018357784165759727
0.186314002825536 0.002577175002454468 0.41472378357957584 0.3963850385924337
0.3992030597321943 0.20881562467513692 0.30931443176202145 0.08266688383064735
0.8582877145148129 0.044767829956831706 0.06664686059032288 0.030297594938032524
0.06853351896882043 0.008897558726643218 0.008635194802226964 0.9139337275023094
0.3653831690057745 0.033480919107995 0.0791597231805602 0.5219761887056703
0.2139540884336978 0.38523057932511773 0.10255018202122201 0.29826515021996247
0.24417811730571792 0.26428408920482926 0.32418093559115546 0.16735685789829735
0.20673197584706138 0.5425120551088567 0.0021364712511962036 0.24861949779288572
0.009621274912296474 0.17861208309097887 0.571808221690767 0.2399584203059577
0.42273635604018434 0.34077502846572116 0.10513006905356481 0.1313585464405297
0.13844428786044982 0.19251854180267025 0.640486866659312 0.028550303677567945
0.1220495995249199 0.15958471595699475 0.11469871439840751 0.6036669701196778
0.23891087810528822 0.4702218796197948 0.04446493883751157 0.24640230343740543
0.15660429522619013 0.555535005032603 0.06303379446447155 0.22482690527673532
0.0028003270729884955 0.39415958423095676 0.5354097210711399 0.06763036762491481
0.4017813542114521 0.1615237738899602 0.21433618757974904 0.22235868431883865
0.3277816179429439 0.2682438740593003 0.0512203050969714 0.3527542029007844
0.04912258805601377 0.2208722164552953 0.6354344055618095 0.0945707899268814
0.16843821282748472 0.1907837361397423 0.20348516998385247 0.4372928810489205
0.39876265903467123 0.36277345489133417 0.02447144304936022 0.21399244302463438
0.16921891214984552 0.005093933290440167 0.6714135202165559 0.15427363434315844
0.4381962319751088 0.2942956132102007 0.25152506164822364 0.015983093166466844
0.10296695459087479 0.09764066285760242 0.044717306039149696 0.7546750765123731
0.08073652364191242 0.032525568072183764 0.21053118993718556 0.6762067183487183
0.32551381866326934 0.4807526557897952 0.006753796986062821 0.18697972856087264
0.7473334785738057 0.20475120508142608 0.011151003175679852 0.03676431316908835
0.24848229413241063 0.022337153138226262 0.16194498400843205 0.5672355687209311
0.3987183435894226 0.041492507642766796 0.12032651221308432 0.4394626365547263
0.3267620341546601 0.24590846566662294 0.10809578902916939 0.31923371114954757
0.4563701888209881 0.014752338321853187 0.26824174816369917 0.2606357246934595
0.06299893461740802 0.5414066933369002 0.3603318452619375 0.0352625267837543
0.2753988923225884 0.3598989266348327 0.16403794463792043 0.20066423640465847
0.2807218862171942 0.3004973473445378 0.2914949774704727 0.1272857889677953
0.23745666867329795 0.14130028971004505 0.33892340970415635 0.28231963191250065
0.1424651833393632 0.46728101139247946 0.029950045752816012 0.3603037595153413
0.24040050931851886 0.19399672287748115 0.48374148311269816 0.08186128469130183
0.14692497933569204 0.6410885193094947 0.12799387049850397 0.08399263085630926
0.4519830052125958 0.013765029947986673 0.42475360299348275 0.10949836184593476
0.02326790375350485 0.727616962858213 0.02654595412625671 0.22256917926202546
0.20772277076735923 0.34441041286415786 0.07411426452557646 0.37375255184290646
0.4111684578429936 0.1149210736262205 0.06334945095085787 0.410561017579928
0.47654216845123953 0.14155564156276745 0.28976121553286116 0.09214097445313185
0.293894687802156 0.187127144866699 0.5138651200426251 0.005113047288519912
0.10482620415410093 0.7075651236314275 0.12070856429151311 0.06690010792295842
0.3126587202791241 0.382764466824828 0.26367616540013716 0.040900647495910714
0.17336221305367228 0.11534482238881882 0.17247551882442946 0.5388174457330794
0.5504455327546051 0.12053989156765621 0.2625954200817734 0.06641915559596534
0.7177808731869403 0.22923741982388535 0.049391334507990825 0.003590372481183546
0.034017329438797206 0.14910744179328428 0.7662833508600783 0.050591877907840255
0.6727155701864239 0.13279456231916598 0.14218415445575017 0.05230571303865994
0.08672249854586689 0.23294890038924676 0.14017911386341253 0.5401494872014738
0.07672116646537086 0.2584462368917999 0.1877355918497018 0.47709700479312744
0.42505592049643615 0.1692095419074875 0.29137160037587273 0.11436293722020363
0.14381302363533754 0.17513066031953883 0.26190049360275314 0.4191558224423705
0.5640606043013233 0.008599488358341123 0.20935818926993577 0.2179817180703998
0.17971482553428808 0.17426689743253387 0.1953042781938482 0.45071399883932983
0.37856078285468275 0.017843867260671886 0.5961744773518151 0.007420872532830303
0.010679571004913235 0.35287886136808677 0.060767268063814495 0.5756742995631855
0.18975898515926193 0.37071881612663315 0.29202009923671357 0.14750209947739135
0.09269594274247206 0.5750608501149153 0.3314456565934918 0.0007975505491208956
0.5773043926124289 0.22461633343174325 0.0039814001238319685 0.19409787383199584
0.15004451284607379 0.20802386085206126 0.0507089047278283 0.5912227215740367
0.6164064953595932 0.08014876946030747 0.21086585195408292 0.09257888322601637
0.1666905476280769 0.046832466074689605 0.38860729757966905 0.39786968871756445
0.1701978923465155 0.27160008469063224 0.1583639176592837 0.39983810530356856
0.8657162289686504 0.02403448414142262 0.011513686985258342 0.09873559990466863
0.08103354376529082 0.36326255147198383 0.4974076166295811 0.05829628813314425
0.21125309242493484 0.4795555701180776 0.1356308752227483 0.17356046223423927
0.029761423438034007 0.6771321319643822 0.06982058846385297 0.22328585613373086
0.2185302330725254 0.19256694232699556 0.4793697183498601 0.10953310625061896
0.5043147334383646 0.08007814153606874 0.011334431769201903 0.4042726932563647
0.6349935975487276 0.16498539857437833 0.15190840660081084 0.04811259727608319
0.4177060342080807 0.1920590885930875 0.018105187300776926 0.37212968989805484
0.03289011523742902 0.4425505959971875 0.24350031353849477 0.2810589752268887
0.3599748690821696 0.011967818335066105 0.3475867445579266 0.2804705680248377
0.07202655150850523 0.5014439339608722 0.03862995375301648 0.3878995607776061
0.2973509020448095 0.1844840574037554 0.10117443241347346 0.4169906081379616
0.21347637048377088 0.10438156015633493 0.19940021449169676 0.48274185486819743
0.029486891570377205 0.0022658536988248157 0.2594716760349435 0.7087755786958545
0.15862285145225052 0.02590518189823454 0.7527675963105992 0.06270437033891574
0.2783968324282825 0.6203199654503724 0.0912609416802539 0.010022260441091224
0.10241007650036316 0.5247347183687743 0.0666043195962921 0.30625088553457047
0.31534545260897506 0.43880172839677256 0.13280483605232507 0.1130479829419273
0.2789338972924822 0.5015028700360061 0.09286449939196795 0.12669873327954373
0.04982991130604497 0.6373839608387917 0.2271563268701967 0.08562980098496664
0.1129217132744692 0.3023984549473212 0.4524822165936404 0.13219761518456918
0.19859984823024046 0.623706207832078 0.11062499931537029 0.06706894462231128
0.2967826097803197 0.25663797537399524 0.31978762420237683 0.12679179064330826
0.34075509075873966 0.22821092051507696 0.3631848697148444 0.06784911901133894
0.7481003485407208 0.0405322137721319 0.07905786257767577 0.1323095751094715
0.44217038407876263 0.2564666654070866 0.2842106713868754 0.01715227912727535
0.03829122295302578 0.12357478690851253 0.7798686891564351 0.058265300982026536
0.34870167761275017 0.4126737407404143 0.023616139149641446 0.21500844249719409
0.5570457064560292 0.17977191262227898 0.049244224977308515 0.21393815594438326
0.040961200589989755 0.5103682314417747 0.4332132991133998 0.015457268854835782
0.22961793040563327 0.07575459450738686 0.2728618372461631 0.4217656378408168
0.1205613404199617 0.6869146140250495 0.0667946754448775 0.12572937011011132
0.3738344962019673 0.13413086603061253 0.09116310544572015 0.40087153232170003
0.4518894577798561 0.30014522826572987 0.20144096528047095 0.04652434867394306
0.1362591132542843 0.018575750546356185 0.47586729675923445 0.36929783944012506
0.4438157431060932 0.179192894898333 0.08234615244491039 0.2946452095506634
0.05067791722840542 0.588270396866829 0.18222924644677407 0.17882243945799148
0.28320601700650483 0.049833415448428786 0.3292721461656035 0.33768842137946287
0.16909477641726134 0.25618617269889254 0.20590981636924288 0.36880923451460323
0.4084750514032297 0.22003915505242477 0.11378115207852912 0.2577046414658164
