30 80 4 210.90902258063736 421.81804516127465
6.797291824615015 4.426736406716049 6.967431148021017 2.47285653492478 9.663470323068868 4.119956563417891 9.925758930642468 3.1155210604508103 6.271248416694919 4.6602109146268065 2.2261088981714225 5.897226588743618 5.6635871214326095 7.901695956686549 9.404651289867218 1.8073304450733474 2.7619413109302253 9.947743158676253 3.1166244785529003 3.1508773474838594 6.661898477444818 7.614573189788255 7.195099447604834 1.2801767357586447 9.122624589236816 3.5779179512111883 6.000513074254986 4.387782200765889 1.2396192829580293 5.447342093924842 8.512435841440732 4.302885970092274 5.638439010168173 5.251412128827519 4.475368796111626 7.6972330399626605 4.017178716995845 6.358944593809258 3.8452004371742854 4.116253815353308 3.2034862761137477 7.281551484838009 2.908727482522731 3.405638514938135 4.365046708457751 6.157796561046409 9.256222708469213 8.370783430794242 2.468628031235066 1.2173929286938487 8.061882644465545 3.3837164106147877 4.054303507162083 8.329326265995698 8.267092442740468 5.442054731190421 8.607811994952142 4.286709859510214 1.4304780923628762 3.377312077575117 5.174804441066847 7.240195535473637 3.8209307806077297 5.162831096669409 8.377188874172495 7.160419225897101 3.9163044142509653 6.1913079923462915 6.693849854122379 6.368155008098869 2.240441915075375 6.562009214455586 5.441173237184461 2.2925091230075347 1.277397021355266 9.452401550046003 3.3115394372170064 1.5142114270812426 4.48937402013949 4.213870727647632
1.359458364923003 0.8853472813432098 1.3934862296042034 0.49457130698495605 1.9326940646137736 0.8239913126835783 1.9851517861284935 0.6231042120901621 1.2542496833389838 0.9320421829253613 0.4452217796342845 1.1794453177487236 1.132717424286522 1.5803391913373097 1.8809302579734435 0.3614660890146695 0.5523882621860451 1.9895486317352507 0.62332489571058 0.6301754694967718 1.3323796954889635 1.522914637957651 1.4390198895209667 0.25603534715172893 1.8245249178473633 0.7155835902422376 1.2001026148509972 0.8775564401531778 0.24792385659160585 1.0894684187849684 1.7024871682881464 0.8605771940184548 1.1276878020336345 1.0502824257655037 0.8950737592223252 1.5394466079925322 0.803435743399169 1.2717889187618516 0.7690400874348571 0.8232507630706616 0.6406972552227496 1.4563102969676018 0.5817454965045462 0.681127702987627 0.8730093416915501 1.2315593122092818 1.8512445416938426 1.6741566861588484 0.49372560624701317 0.24347858573876974 1.612376528893109 0.6767432821229575 0.8108607014324166 1.6658652531991396 1.6534184885480936 1.0884109462380842 1.7215623989904283 0.8573419719020429 0.28609561847257525 0.6754624155150234 1.0349608882133694 1.4480391070947274 0.764186156121546 1.0325662193338818 1.6754377748344988 1.4320838451794202 0.783260882850193 1.2382615984692582 1.3387699708244758 1.2736310016197738 0.44808838301507503 1.3124018428911173 1.0882346474368922 0.45850182460150696 0.2554794042710532 1.8904803100092007 0.6623078874434013 0.3028422854162485 0.897874804027898 0.8427741455295263
0.5827752235696255 0.40360891941553423 0.003530357556137065 0.010085499458703184
0.1617182284919555 0.12875951916141504 0.016248912199703924 0.6932733401469255
0.025844836873522903 0.024809166040942965 0.0209497917043322 0.9283962053812019
0.11708751182458943 0.1985549916755085 0.5967389929042324 0.0876185035956697
0.015456051150818495 0.13615024715743385 0.2583542761318134 0.5900394255599343
0.09664949550129287 0.12001881926650837 0.46311741857321886 0.3202142666589799
0.17089122328243234 0.12588641205045814 0.6601351427486808 0.04308722191842873
0.14577254819859586 0.44550897998037153 0.31176478315922096 0.09695368866181164
0.2863958303231542 0.14241238613178653 0.5598503245786786 0.011341458966380724
0.20648364149092824 0.16185108246732693 0.5010848294017783 0.13058044663996649
0.2939110734492527 0.4286603598400932 0.06683916711021787 0.2105893996004362
0.05043075239597339 0.646550732210022 0.16277386477183697 0.14024465062216762
0.043944343559712884 0.3562477637230431 0.44928605904045604 0.15052183367678795
0.17419507532441425 0.00639480705834472 0.3140690373738455 0.5053410802433955
0.26701189619284127 0.42866139384020496 0.14402942653888762 0.16029728342806615
0.197106813133201 0.3407039986054565 0.3313738166967167 0.13081537156462575
0.19520152534907897 0.35341104225811815 0.2967691219037638 0.15461831048903907
0.17407204806712828 0.10401348825949375 0.5074777747071524 0.21443668896622559
0.3212720998160431 0.016031879444299513 0.6356729300641574 0.027023090675500017
0.3754892950997827 0.24574218145906657 0.2406764102242578 0.13809211321689296
0.4289059471044482 0.2150464767933874 0.04854959030082384 0.3074979858013406
0.24554984243354894 0.4044739415959463 0.31505369195867794 0.03492252401182683
0.33327504181763024 0.041935309455332526 0.3542457728927705 0.27054387583426676
0.2894864355051986 0.16038148673146047 0.39290542249891525 0.1572266552644257
0.20486052694498236 0.48008665595188016 0.16634435759270794 0.14870845951042955
0.11273641347072239 0.39090613407966435 0.47523524468462397 0.021122207764989298
0.3926931406676183 0.19001822083132835 0.23309387129068948 0.18419476721036387
0.45708606951825637 0.004617866195520515 0.2614009325375629 0.2768951317486602
0.3701745029538629 0.14740231609647902 0.133463182581661 0.34895999836799707
0.20083476895972585 0.15787335976039008 0.25024483709688383 0.39104703418300024
0.6433615744122053 0.05469300291861068 0.03859268734504395 0.26335273532414005
0.08873803419263016 0.17686030203931424 0.06615370681622823 0.6682479569518274
0.13815591750020761 0.46721507774254334 0.29243982521776846 0.10218917953948059
0.045481568465384314 0.20401509933750717 0.20494352311260067 0.5455598090845079
0.18873588261142438 0.4575764099935212 0.046314873685191604 0.3073728337098628
0.01925511671485103 0.4858823303858735 0.4009891349660396 0.09387341793323589
0.1311962092341592 0.18502037642802083 0.18339262823938762 0.5003907860984323
0.16019687452048825 0.10021351072137585 0.28226308791068855 0.45732652684744735
0.20379341433434728 0.3909648105876594 0.33951872016135964 0.06572305491663366
0.4777897521353772 0.049532956047055654 0.4414680395629319 0.031209252254635222
0.38103122674403056 0.08371091496497318 0.19684575301964713 0.33841210527134913
0.29676873430731276 0.49372039469186757 0.20845301296229723 0.00105785803852243
0.06544602028998625 0.2117691920465411 0.43085225379742653 0.2919325338660461
0.21368159267066056 0.3490737877072212 0.38974963567158627 0.04749498395053198
0.7176589421678783 0.1630884713398213 0.09532298603627554 0.02392960045602488
0.34834840341597584 0.3344601462033744 0.22975191940956796 0.08743953097108181
0.08258573476868769 0.7307043592538085 0.1577148230005172 0.028995082976986608
0.2508491257873098 0.024720473292006218 0.06903124453804443 0.6553991563826396
0.5001239381719249 0.4414265086011324 0.0538425399614324 0.004607013265510274
0.2927425457625511 0.031965425331332176 0.5053363702896749 0.1699556586164418
0.6001173401093163 0.11584915493769476 0.2700730859166267 0.013960419036362248
0.2613763366468642 0.450692249117866 0.13355465968099245 0.15437675455427735
0.7369996483644079 0.18545355343460457 0.0026546479141195123 0.07489215028686802
0.04920975633489988 0.8800242897800356 0.06261800138444762 0.00814795250061695
0.32222295235194676 0.15324734512757066 0.21284666226352056 0.31168304025696203
0.31521503084409075 0.4114248981911236 0.17776299123773043 0.09559707972705522
0.5054780858742878 0.13964261267177025 0.058969455197551035 0.29590984625639094
0.9156749240618217 0.04495149420635969 0.028768821955370782 0.010604759776447814
0.1610098362434006 0.06383855784689851 0.02971374512181113 0.7454378607878898
0.46874535085467284 0.049290671467164704 0.22954535847533886 0.2524186192028236
0.5404564671605755 0.13349059089395743 0.20981408611102537 0.11623885583444171
0.01228220897313581 0.1307050090128683 0.5207883858268113 0.3362243961871846
0.176760319014708 0.7259605431206133 0.05767203263095 0.03960710523372868
0.0818117715100165 0.3978559262292304 0.2411307682466901 0.279201534014063
0.06302219167848677 0.36604927044860214 0.17035897635317032 0.40056956151974077
0.29083106102924083 0.05724936185623408 0.23407327046350512 0.41784630665101996
0.046467746256692366 0.20003558071138705 0.39086707378019325 0.36262959925172733
0.14866802125292078 0.18891156271905674 0.598784488567531 0.06363592746049151
0.9179205948120064 0.013678425372992353 0.028826923383362124 0.03957405643163914
0.09126276333929007 0.21050420042776175 0.20534729074340485 0.49288574548954334
0.1897262748682701 0.20325081386426924 0.18466325405046646 0.4223596572169942
0.095239436796698 0.26522930463967775 0.5811747177585386 0.05835654080508568
0.22184708082559768 0.0731777611723865 0.2577401058231481 0.4472350521788677
0.1168260089148001 0.4061605812194986 0.11035974008050298 0.3666536697851983
0.2893121344613798 0.3880272058163545 0.30635532731878845 0.016305332403477202
0.039728862673249266 0.2368657898039288 0.20732577909785055 0.5160795684249714
0.040435327612929006 0.22617446711185696 0.7278225775482354 0.005567627726978608
0.031001413577894654 0.07462273949230436 0.42163573456564074 0.47274011236416025
0.3452344700035743 0.1208733823761623 0.15528954406008577 0.3786026035601776
0.10759412860364903 0.2795745084482808 0.22502970824994728 0.3878016546981229
0.8650563741225072 0.07453426313769229 0.053512496516224584 0.0068968662235758815
0.3408632429762164 0.02762699750517672 0.26937383231393985 0.36213592720466703
0.5316390522364949 0.159855386405929 0.24368987208912318 0.06481568926845294
0.19351250766628814 0.11719990669614755 0.49631769738219533 0.19296988825536898
0.13435027437450497 0.2446629671478633 0.13293011775872954 0.4880566407189022
0.26942989118265326 0.1727567047941193 0.3847157637929428 0.17309764023028462
0.10164157857668465 0.5178448701230516 0.3639058088062469 0.016607742494016864
0.04905917212119215 0.35021531177011866 0.27807353610093577 0.3226519800077534
0.34675085470817635 0.3584209541189355 0.11492052062114444 0.17990767055174373
0.7803478367384922 0.07116925269731378 0.048739101985297406 0.09974380857889664
0.22912990202758132 0.04666117014188209 0.362337222097439 0.36187170573309757
0.031066724263415058 0.213670531468237 0.5275904066058641 0.22767233766248385
0.2537116326210229 0.5254812416298644 0.1717803898336493 0.04902673591546336
0.2758065539982788 0.2736640278836239 0.3800573983544957 0.07047201976360162
0.7892135433150019 0.07756688065128192 0.008145918672209818 0.12507365736150633
0.3045112636953058 0.3702011625868903 0.11529907432697584 0.2099884993908281
0.5510805727250121 0.1617915791599227 0.14021770051172122 0.14691014760334398
0.2905840977853211 0.01900411327127771 0.5459286224708839 0.14448316647251724
0.023491251065060226 0.03688162385323934 0.709806369807159 0.22982075527454138
0.036272326794568155 0.01143388170199744 0.6007901309767345 0.3515036605266999
0.13705238465905678 0.3856994235716563 0.47465915403141756 0.0025890377378693374
0.02778913215990464 0.4127500469560038 0.10248856174592835 0.4569722591381632
0.06500097234200863 0.03172487602206353 0.03495068738692808 0.8683234642489998
0.36557689434980034 0.013949036421001648 0.19818057579446413 0.4222934934347339
0.0752792120967416 0.43018046968007806 0.2556380545920771 0.23890226363110323
0.052576188879473795 0.649444750802215 0.28242704983886235 0.015552010479448874
0.01727272531182844 0.3975192312786775 0.5223411684870352 0.0628668749224589
0.12238303294629305 0.501787915690858 0.024827915072108575 0.35100113629074037
0.12393211115936964 0.06939056873176275 0.2464630932865367 0.5602142268223309
0.39143098440621626 0.32968670611121853 0.20728007010986582 0.07160223937269938
0.12024253194369527 0.046329645756919446 0.658161108328932 0.17526671397045324
0.5425120629756701 0.13313791101502048 0.3074839666521251 0.016866059357184326
0.04010323433090479 0.0025900504474345443 0.6388867612006679 0.31841995402099277
0.7433394398897462 0.07620397267137924 0.16787990205303704 0.01257668538583756
0.16602913522095397 0.16956541055541607 0.502098809140658 0.162306645082972
0.1063561641668227 0.3751709284033933 0.23587528776871025 0.2825976196610738
0.18031423096230903 0.022150050646406294 0.06636831188678904 0.7311674065044956
0.16986923199210513 0.501077244231597 0.04620619825165695 0.28284732552464087
0.003640463270014549 0.548755471652219 0.14015992472765548 0.3074441403501109
0.053806389706302915 0.09057596643847243 0.632604610857769 0.22301303299745567
0.0331037332842421 0.5388620368874968 0.2604588750028025 0.1675753548254586
0.35158949487996405 0.043486003985601096 0.25102597995454257 0.3538985211798923
0.007862106452541595 0.034121981837105464 0.7618671671203159 0.19614874459003706
0.05162057245133678 0.03471124400370729 0.42265782958896647 0.49101035395598946
0.010315084145431253 0.10786973883915751 0.5942868381114492 0.287528338903962
0.5723380994646031 0.0005716758979691372 0.1434323798862699 0.28365784475115785
0.6644536398835965 0.11246106482303331 0.013890034694011955 0.20919526059935822
0.20701305502663914 0.018713863803663466 0.4340600042920346 0.3402130768776628
0.11716666648784235 0.02274810502587521 0.535979357682018 0.32410587080426445
0.052305186394099645 0.6939394334216227 0.07235869487630464 0.18139668530797304
0.12462174410678672 0.3241055665440631 0.06637408787576804 0.48489860147338215
0.05908375703668933 0.46292889524247005 0.4603108537299807 0.01767649399085991
0.08384577446107366 0.4131795915616172 0.10280763860251652 0.4001669953747926
0.029214231081925 0.02864541331837811 0.2844822887141828 0.6576580668855141
0.11388013104685935 0.17032111892154134 0.688203149548881 0.027595600482718363
0.09041975662214607 0.14350705199233915 0.23232467612337604 0.5337485152621387
0.41553170749163315 0.06125960732859237 0.019655404135266452 0.503553281044508
0.12367145517613698 0.07376557520482241 0.48788935483191276 0.31467361478712785
0.49022416845961236 0.03521468850990184 0.1985682332899238 0.275992909740562
0.051619221872775345 0.6172620292290512 0.18084367957146485 0.15027506932670864
0.43735545235391526 0.31902434459859763 0.08105668945794609 0.16256351358954102
0.04928589835030617 0.10924487665919125 0.0008641982235038093 0.8406050267669988
0.25723194257255155 0.04347698840610015 0.6372016921999157 0.06208937682143256
0.39787519307924335 0.010667075265458958 0.5326208625929524 0.05883686906234531
0.057609634749722805 0.17333172763870885 0.04436655420353097 0.7246920834080374
0.0032277049554489956 0.3518339930806972 0.12939521726550562 0.5155430846983482
0.016538017303562746 0.43509044450119905 0.4388275371454139 0.10954400104982431
0.24124346158653442 0.30189712551472936 0.4514039469461292 0.0054554659526070415
0.12854730794596136 0.08984424799232593 0.061972189539449385 0.7196362545222633
0.16432261277077698 0.5211169532366319 0.05925307161943494 0.2553073623731562
0.13882931954949773 0.03125840108700917 0.054637931999822364 0.7752743473636707
0.41988253715072066 0.11646124240030187 0.28006193785924405 0.18359428258973343
0.24268802408591428 0.2187109308820251 0.1777475421361182 0.3608535028959424
0.15583211135321484 0.6880918314607386 0.12957346355087695 0.026502593635169602
0.08445127245165773 0.10264867152229418 0.20836512673411767 0.6045349292919304
0.1732961550631723 0.12358242416248977 0.08024904415405054 0.6228723766202874
0.2866533781098539 0.20869740758533872 0.40775345604562274 0.09689575825918462
0.1359970876241342 0.09146501283535924 0.0574466863157892 0.7150912132247174
0.27949009635396516 0.05391077239389186 0.4799242414733259 0.18667488977881708
0.4537004222056049 0.3462245943590142 0.01693270202176478 0.1831422814136161
