47 70 4 184.44240233956936 368.88480467913877
2.021396247042846 9.77034784992811 7.558611701509956 4.163210253034313 7.368446244331729 8.196441414940484 6.8100566905746325 4.731396464693497 7.354279101457083 3.219844435971777 3.303931881681661 1.2161021873082483 1.8885335936392948 3.7039279182515954 6.767701100293832 3.8998715326253106 2.669447242683014 9.254741941337631 3.43828723037293 3.4619310243772183 9.589714141586885 2.144031139531572 7.72538364891434 1.0471416012901236 8.711115470779287 7.263605811895281 5.977231338110938 9.417122177047442 5.613611767691925 2.5985085903621132 5.8317921321800705 3.6411383618190705 1.0954184761059378 8.954206460130216 6.907695833111014 9.480303753825655 7.704507679929644 3.404894011844428 4.256765900459931 5.737634970155353 5.921964739552164 3.3280329158526447 2.571727125278282 4.246392317512557 2.261640387527365 4.5017078963649695 5.246995007312155 9.719442307223023 2.3101070458009514 5.62829249588959 5.74886646990611 3.7471826447075216 2.437072805350701 6.372203733377969 1.9335592964704622 6.111694796670089 4.47675742708188 1.7624984290029637 6.057992593988337 6.832645106972368 6.957405506031759 2.703185283664349 9.586980508659387 1.5312201064270172 8.921856123799188 8.053823446761221 3.272296732134475 9.343814702855747 5.002755400295172 4.39436200384194
0.4042792494085692 1.9540695699856219 1.5117223403019913 0.8326420506068626 1.4736892488663458 1.6392882829880968 1.3620113381149266 0.9462792929386994 1.4708558202914166 0.6439688871943554 0.6607863763363322 0.24322043746164965 0.377706718727859 0.7407855836503191 1.3535402200587663 0.7799743065250622 0.5338894485366028 1.8509483882675262 0.687657446074586 0.6923862048754437 1.917942828317377 0.4288062279063144 1.545076729782868 0.2094283202580247 1.7422230941558574 1.4527211623790561 1.1954462676221875 1.8834244354094885 1.122722353538385 0.5197017180724226 1.166358426436014 0.7282276723638141 0.21908369522118756 1.7908412920260433 1.3815391666222028 1.896060750765131 1.5409015359859288 0.6809788023688856 0.8513531800919862 1.1475269940310706 1.184392947910433 0.6656065831705289 0.5143454250556564 0.8492784635025113 0.45232807750547305 0.9003415792729939 1.049399001462431 1.9438884614446046 0.4620214091601903 1.125658499177918 1.149773293981222 0.7494365289415044 0.4874145610701402 1.2744407466755938 0.38671185929409246 1.2223389593340177 0.895351485416376 0.35249968580059277 1.2115985187976674 1.3665290213944736 1.391481101206352 0.5406370567328698 1.9173961017318775 0.30624402128540346 1.7843712247598376 1.6107646893522443 0.6544593464268951 1.8687629405711494 1.0005510800590343 0.878872400768388
0.4814823173002244 0.2929756989384047 0.11936546320514585 0.10617652055622506
0.44292787324078353 0.1652167476647789 0.3698235324978275 0.02203184659661006
0.4882908215334514 0.3470051373880958 0.08175991624256862 0.0829441248358842
0.4006212445493138 0.1629528809161025 0.07834806480009537 0.35807780973448833
0.313588323726645 0.5435781632652851 0.005970660772339542 0.13686285223573036
0.31477581669804067 0.23572360753661004 0.2578362126849849 0.19166436308036439
0.27991926669347267 0.06976249351230768 0.04796738261518729 0.6023508571790324
0.003349256902538955 0.3420325385984323 0.6375267270911386 0.017091477407890188
0.0797121165635416 0.2445497499534831 0.387240042835165 0.2884980906478103
0.16847415475585004 0.47430438820137155 0.055479867415204276 0.30174158962757414
0.14796805927342627 0.10955990534383686 0.25735942327980443 0.48511261210293244
0.49178987676301744 0.14617560770107207 0.16400862507325575 0.19802589046265473
0.2889973518655785 0.23850663631178992 0.33710089890704287 0.1353951129155887
0.2819790263998275 0.3067240601695953 0.1947437591298491 0.21655315430072808
0.2427568627899086 0.08319915420707702 0.35341810502953974 0.32062587797347464
0.021983486663739282 0.22846250687475955 0.14921667468291622 0.600337331778585
0.5472928758671852 0.12995461412431641 0.01299316922939664 0.3097593407791017
0.1733672650093694 0.07983087493136376 0.5802768693355105 0.16652499072375637
0.728267211583555 0.13269582360683418 0.10190993486207844 0.037127029947532364
0.008685043400014192 0.07045062168690153 0.7797277527947539 0.14113658211833036
0.007528848824627454 0.48352259569803313 0.3061706777808799 0.2027778776964595
0.08534381257799639 0.10497743044161545 0.6356471503196091 0.1740316066607791
0.17192437168683983 0.3675259359586608 0.05973490216963251 0.4008147901848669
0.5485169340400997 0.017134975079561743 0.10268912207679215 0.3316589688035464
0.47440970874114863 0.46170437847968193 0.055559823932043506 0.008326088847125934
0.24978329458628135 0.2646198951173191 0.4047698812675872 0.08082692902881239
0.19158200028724426 0.08998493846750588 0.23757548962885777 0.4808575716163921
0.45293007300167565 0.26566137093833764 0.25661732387418124 0.02479123218580548
0.11126381956756781 0.6773592311098816 0.18262374446482887 0.028753204857721704
0.12356699864936826 0.03387650070267567 0.8339796866206911 0.008576814027264956
0.6221592359938017 0.019987658621247073 0.2757294896095357 0.08212361577541549
0.08106907960169629 0.020152116229379846 0.7103765192302902 0.18840228493863365
0.14259933593192486 0.16858977882928639 0.5592769082775426 0.12953397696124613
0.4702851431734213 0.2147167836982904 0.2698856990749654 0.04511237405332291
0.28055366577863194 0.22928784893494936 0.31293514262250166 0.17722334266391704
0.044346280667063476 0.21020842581194232 0.502826040664855 0.24261925285613917
0.18015059279738566 0.44619733863165545 0.2578676434872694 0.11578442508368947
0.248713353762804 0.5519647915420118 0.018295348406295542 0.1810265062888886
0.1534408251044741 0.48631523494666595 0.28603221123138256 0.07421172871747739
0.4259049765969284 0.47591873602499246 0.054127168920453106 0.044049118457626046
0.24508981655701634 0.4230092468570481 0.2762170088538619 0.055683927732073646
0.16347505715468236 0.13399219786096284 0.5306732761713103 0.17185946881304448
0.467073898121415 0.32903096759711914 0.184910646272474 0.018984488008991884
0.00039730138731353115 0.634514218073245 0.1470442266108044 0.21804425392863702
0.19028808546534393 0.19919421122135428 0.0098356952193005 0.6006820080940013
0.17164442411174252 0.5109533125631099 0.28309398682391074 0.0343082765012368
0.08153661054427985 0.08862830589268533 0.017479964255174507 0.8123551193078603
0.4349038717525878 0.4506750966551105 0.0743747918095713 0.040046239782730364
0.0900538079346429 0.4013931231712021 0.41197571075116235 0.09657735814299262
0.16082445584903338 0.2440672511683487 0.527596173645159 0.06751211933745893
0.1493714715055089 0.06826956663808725 0.6833349518947968 0.0990240099616071
0.04649605290699432 0.26179331144718 0.39777711598047527 0.2939335196653504
0.5936991329824208 0.05798064713439033 0.06288347187186816 0.2854367480113207
0.6786894951172631 0.2793491924863366 0.021564872801448143 0.020396439594952187
0.4002752023262901 0.008751917108613894 0.48184799248443266 0.10912488808066334
0.02053212741270949 0.651078031057468 0.18848433355813765 0.13990550797168488
0.5140941510931739 0.23496084883688417 0.1494381706098158 0.10150682946012612
0.6223661340029624 0.1610339577373976 0.04460007776380015 0.1719998304958399
0.336283056168699 0.5030921694101689 0.035281388332981334 0.12534338608815077
0.4445166753505331 0.018467913084931675 0.03643412028425652 0.5005812912802787
0.18398066247743194 0.7121290575845182 0.06720519851963502 0.03668508141841487
0.08063836094279264 0.46015325694898845 0.4106599124915574 0.04854846961666148
0.09022085264716184 0.5873488707557089 0.23477604573495126 0.08765423086217805
0.03257026711317612 0.5355892679782555 0.3898601034445176 0.04198036146405082
0.4437322644770939 0.03670222251840505 0.12371328563002515 0.3958522273744759
0.004770283124554631 0.4673567390441288 0.1417108315764094 0.3861621462549072
0.39842587004237473 0.28228279179322713 0.09452251765560793 0.2247688205087902
0.08139932125548399 0.3150309826137021 0.5226456221993497 0.08092407393146417
0.04740217789472445 0.13143238996894868 0.09841966874432428 0.7227457633920026
0.40564058372168466 0.3288265949188718 0.0666033891748895 0.19892943218455406
0.3029007250817266 0.4511531445914404 0.12499464138016025 0.12095148894667274
0.5252449713521539 0.0028878768875115757 0.07390702801821225 0.3979601237421223
0.08537583850883246 0.1315076808565373 0.6834294964377442 0.09968698419688604
0.4736305143076015 0.07154164260786311 0.04411149717991392 0.41071634590462147
0.4764979154642507 0.18441647560189367 0.09710418865275428 0.24198142028110137
0.03875307567633712 0.757301753233137 0.0037394216563293448 0.20020574943419656
0.05942669054264138 0.39601292338927563 0.4979917197071628 0.04656866636092016
0.19499636050305635 0.283798702492283 0.1328386577541797 0.38836627925048095
0.015405647692592672 0.739275460090547 0.2220786929485341 0.02324019926832621
0.038568214138039236 0.1127737654415597 0.4134770828975829 0.43518093752281817
0.7998699726994104 0.02455778071853154 0.0774180869018527 0.09815415968020536
0.09760276876600382 0.39561227757519046 0.30294597866775674 0.20383897499104897
0.16997129047143011 0.5562560218370581 0.2096757438608442 0.06409694383066755
0.14192015992943408 0.39954537006292756 0.2875587403927048 0.17097572961493357
0.2934523251595481 0.058414923889466674 0.27963097796273406 0.36850177298825115
0.35355663899227874 0.0017575171067375495 0.3959184778618754 0.24876736603910832
0.058999056483725165 0.5558906380344185 0.330135545068291 0.054974760413565305
0.6584102771308492 0.11330203235421599 0.17325417413020905 0.055033516384725756
0.1583552260324731 0.2723844520106147 0.4531447588990771 0.1161155630578351
0.39646202753708726 0.42844628870864065 0.042842580778022055 0.13224910297625003
0.44319310966882386 0.3292651563368483 0.04646716733685796 0.1810745666574699
0.697390632771955 0.18272239293330472 0.07822198358938515 0.04166499070535512
0.12366150167751244 0.6600573815895423 0.18863441711061024 0.027646699622335014
0.4017349593018822 0.0866007892133881 0.004579863328480704 0.507084388156249
0.3630389223459144 0.005207671461098684 0.10931178625709403 0.5224416199358929
0.13839975284257255 0.3109711500799949 0.23969316120400386 0.3109359358734287
0.7320607654464808 0.18189412048379372 0.0627370858834122 0.02330802818631328
0.01915101469302738 0.012160774264369567 0.1852616845535252 0.7834265264890778
0.2080279345753674 0.1768349229328422 0.4653627788186543 0.14977436367313612
0.03549936322828451 0.4097250820517001 0.25410874079287227 0.3006668139271431
0.13818558002730008 0.1282186936896451 0.6933884563339198 0.04020726994913504
0.28383010361156025 0.5680938314950794 0.11749707105012486 0.03057899384323548
0.20804588076684782 0.11805149206186805 0.03604730873041129 0.6378553184408728
0.00026512149238600013 0.2207826186904872 0.08088434648140774 0.698067913335719
0.10178969939427762 0.4881922809796154 0.12018691346646804 0.2898311061596389
0.460465100088844 0.07371626429614597 0.35180301922026147 0.11401561639474855
0.40029420048079933 0.18056621794933503 0.1996139121304037 0.21952566943946195
0.2535437872585987 0.6698697122655444 0.07316696642749265 0.003419534048364259
0.24165290533551087 0.17950048893371529 0.18023929052628307 0.3986073152044908
0.040428287451725886 0.16926471179372338 0.5942077074238211 0.19609929333072962
0.47668269444608813 0.06012120886829697 0.011108577634327932 0.45208751905128697
0.5561910588561602 0.27594422568641375 0.11893718344635107 0.048927532011075026
0.03735535748652652 0.5379676163769488 0.032829319053819805 0.3918477070827049
0.06436791129051178 0.5228347686395856 0.062264047064831796 0.35053327300507087
0.22507112643214933 0.14524322183997151 0.2627195550655951 0.3669660966622841
0.33165389509759424 0.44078317108299014 0.1461109227334726 0.08145201108594302
0.5798331512447003 0.26943103360182363 0.03544844059448471 0.1152873745589914
0.28648528338307255 0.18429404353444 0.253391717725144 0.2758289553573434
0.13754845404930993 0.11235432791213795 0.1369583357849231 0.613138882253629
0.40745087928794566 0.4923546183745642 0.06698071933289051 0.03321378300459965
0.30654668875036595 0.29708913860379627 0.39010840602018027 0.006255766625657522
0.05194808484862934 0.24312312444649586 0.39924062571442986 0.30568816499044493
0.21359717632802266 0.16639125987271897 0.562970827621931 0.05704073617732741
0.4739001130378263 0.233077835292391 0.11026923263028043 0.18275281903950225
0.06554009743424549 0.12172646028843115 0.040278085537046815 0.7724553567402765
0.2961365503517034 0.08494248909661173 0.1793319700704742 0.4395889904812107
0.6385164670129173 0.09391643177331743 0.2009749657525325 0.06659213546123277
0.3140607772781844 0.31295759819074753 0.15732220639258165 0.21565941813848644
0.6366984211896949 0.0470874979976057 0.044554101443800564 0.27165997936889885
0.02140316257400654 0.7847760258292783 0.15842906972329474 0.035391741873420424
0.499135839740825 0.021081538331630623 0.2614079532865532 0.2183746686409912
0.15882644678128954 0.6833754525192901 0.024198037995348365 0.133600062704072
0.4721758111032467 0.29824017858343077 0.21844642550041604 0.011137584812906498
0.04644377259155852 0.6951580479997422 0.17362954322844526 0.08476863618025399
0.301047814905974 0.090393045779256 0.37435816170707426 0.23420097760769576
0.03642777488293125 0.2313655733753649 0.6484776001223927 0.0837290516193111
0.6660751755801523 0.08693880805340615 0.10890247671284436 0.1380835396535972
0.044999720698698065 0.6541728553365763 0.005148760460037871 0.29567866350468774
0.2347690282865792 0.7247345584710686 0.033647388090324304 0.006849025152027899
0.21166941656500404 0.31650796530227343 0.2537675895521009 0.21805502858062165
