24 50 4 160.69539282945303 321.3907856589061
9.640155730023267 7.295608449546185 9.998805633614912 2.980605698045666 4.2495071856765225 7.658568911884934 9.968101525801872 3.8471228001154754 2.2289012184117216 4.4558200913644015 3.884673552086738 4.297732777751636 7.386864063293147 9.101281874710361 5.807038952779485 3.2256438841895063 7.046259063193677 6.055561965818239 5.883038890385588 9.041028433254107 8.585015946085386 3.754113309546607 6.6805279970967595 7.122149744015396 9.733848043557886 9.04210436728685 9.481832752247024 6.78002933100515 6.531828704578758 3.049149289581783 5.374286820697355 8.264973694495719 8.597981381701267 5.812127796069615 7.82018244868996 5.497091974934555 8.652951069354657 6.577270978204647 8.754527611451024 3.085274769841003 4.61996573122694 6.61937555943897 2.2873303529551166 2.1051863523395133 4.751469196862519 6.011946838467639 9.472772578954801 4.683331202529075 7.6307630444464625 9.959056069296242
1.9280311460046533 1.459121689909237 1.9997611267229825 0.5961211396091332 0.8499014371353045 1.5317137823769866 1.9936203051603745 0.7694245600230951 0.4457802436823443 0.8911640182728803 0.7769347104173476 0.8595465555503272 1.4773728126586294 1.8202563749420722 1.161407790555897 0.6451287768379013 1.4092518126387354 1.2111123931636478 1.1766077780771176 1.8082056866508214 1.7170031892170772 0.7508226619093213 1.3361055994193518 1.4244299488030792 1.9467696087115773 1.80842087345737 1.896366550449405 1.3560058662010301 1.3063657409157516 0.6098298579163566 1.074857364139471 1.6529947388991437 1.7195962763402535 1.162425559213923 1.564036489737992 1.099418394986911 1.7305902138709315 1.3154541956409294 1.7509055222902048 0.6170549539682006 0.923993146245388 1.3238751118877938 0.4574660705910233 0.4210372704679027 0.9502938393725039 1.2023893676935278 1.8945545157909602 0.936666240505815 1.5261526088892925 1.9918112138592483
0.69948860623719 0.21717574297377762 0.05466734401832207 0.028668306770710306
0.5434997560938548 0.0173912945517396 0.012537988272806944 0.42657096108159864
0.11409656487218656 0.32785260601283817 0.5108608894880119 0.047189939626963384
0.2756954606457642 0.321195983081345 0.2918327026567392 0.11127585361615155
0.6595604191091031 0.125112558778549 0.012201134668695435 0.20312588744365245
0.16551268246031936 0.17832074126901265 0.018978345256389084 0.6371882310142789
0.06556553529884612 0.02308844392790843 0.3832987187241278 0.5280473020491177
0.6039798212578414 0.07668314291308742 0.08488846251770577 0.23444857331136537
0.20978981055078283 0.3093233581970276 0.2500494452059122 0.23083738604627735
0.25675936951200384 0.2070283380937371 0.17973765430309663 0.3564746380911624
0.11044039822543339 0.5378469749518037 0.28411771384146756 0.06759491298129539
0.46892383646194713 0.18216751215230376 0.16551235393203878 0.18339629745371033
0.5282710737487201 0.05046329431642793 0.13306524530749753 0.2882003866273545
0.6359514792116346 0.12909814153882426 0.1472866879034207 0.0876636913461204
0.17621021357620914 0.37219639195606025 0.2848802920061084 0.1667131024616222
0.4210961338309971 0.26860256365741386 0.21217018060730453 0.09813112190428452
0.5585842924135593 0.19040106772591125 0.17829848800887615 0.07271615185165325
0.0249223184136671 0.020652308418118825 0.5432401809110837 0.41118519225713035
0.5668050826030613 0.17257270631187027 0.24291520757545693 0.01770700350961152
0.35033697346952086 0.0369458907611131 0.5426332813969365 0.07008385437242959
0.18024039388297874 0.40063467131514663 0.09930618472763486 0.31981875007423977
0.2512847168134523 0.12334981008515833 0.18827372600275494 0.4370917470986344
0.2294505756274452 0.5352294155089938 0.14068959448078766 0.09463041438277331
0.12368875040235072 0.054325707054728944 0.7438788162258172 0.07810672631710314
0.10226279433958463 0.3733956170949191 0.24937866789678487 0.2749629206687114
0.03459653327767165 0.2517978864494528 0.03132122507276591 0.6822843552001097
0.6415035270066541 0.09155561707073889 0.26385314971793794 0.0030877062046690273
0.36913285641972904 0.19379424029854253 0.2900591019806803 0.14701380130104813
0.031169561221821906 0.02455712027205159 0.7368748997227262 0.20739841878340026
0.60290393367072 0.1086257226457249 0.08948642012684882 0.19898392355670624
0.01156202888314628 0.0003906842581402614 0.6065568639316063 0.3814904229271071
0.2057715844890835 0.17535220593774348 0.6090019819302324 0.009874227642940658
0.07183356892844561 0.42918313234812966 0.4845149912062032 0.014468307517221501
0.2651874728015893 0.24233258726708984 0.3910755211298298 0.10140441880149109
0.010064105629034814 0.23635756658028984 0.434806120984071 0.31877220680660434
0.059797227161024424 0.553716057804527 0.06387146493190221 0.3226152501025463
0.5939629688560691 0.37978013720904946 0.02092864135756367 0.005328252577317727
0.04828704990528554 0.27528236289755426 0.04145373713822165 0.6349768500589386
0.16626656005629414 0.12628693221860376 0.08367233547513797 0.6237741722499641
0.04095061157841895 0.10865982640859562 0.6562416478812562 0.19414791413172927
0.1706113286592026 0.6976953505768387 0.016747870659424624 0.11494545010453405
0.1442367950610135 0.32292368388048653 0.42569916722184653 0.10714035383665343
0.12811783327338133 0.0630105784196141 0.6597276286919076 0.14914395961509697
0.09375561971819235 0.3311478072921513 0.23140446166322226 0.34369211132643407
0.2713136125393367 0.31999090641814765 0.2372709586539712 0.17142452238854444
0.20100966327800285 0.13769861357872737 0.6543558198835295 0.00693590325974025
0.4086116113698386 0.13894459243495294 0.15281840147187864 0.29962539472332983
0.07521778324986406 0.09564842052273925 0.4470773103617697 0.382056485865627
0.27548681210997095 0.5040000521884801 0.15918557331991778 0.06132756238163117
0.027697733910809985 0.7477390163528624 0.08932081864358132 0.13524243109274625
0.002023272594058212 0.09550139595386808 0.7915235081507975 0.11095182330127618
0.3507624607204416 0.4692746556096541 0.05955197538202517 0.12041090828787915
0.031438805443634976 0.22758272681779668 0.029721942098640097 0.7112565256399282
0.2850605910653178 0.3702254549119919 0.2026864119618098 0.14202754206088053
0.1794644011767761 0.7906634873989398 0.0019923707911079225 0.02787974063317622
0.08788606476009508 0.48322358093100926 0.060506293162007174 0.3683840611468885
0.19938767830182724 0.24160950189591057 0.47187701100724533 0.08712580879501686
0.012743533666867535 0.26285910625667064 0.2703702062637525 0.4540271538127093
0.1361227536800812 0.3384614989054274 0.4696087932138068 0.0558069542006846
0.02299406471310539 0.22583738911583096 0.18941891890797946 0.5617496272630842
0.35673952575982737 0.03551948057473808 0.056299194307163236 0.5514417993582713
0.05814587189395937 0.0955597453331073 0.13563563697199188 0.7106587458009415
0.3804997323794479 0.30164876664687323 0.06046818411355048 0.2573833168601284
0.05123622729922084 0.3858067783938568 0.38437778792737887 0.1785792063795435
0.5517914990855354 0.1082275207745137 0.2603090595377695 0.07967192060218142
0.05522385012184483 0.23102191121378224 0.5006498252176276 0.21310441344674536
0.1574407373971164 0.2937310195476819 0.3880818966617511 0.16074634639345065
0.06176831515473502 0.4438747465983026 0.086946479460151 0.40741045878681137
0.009683949656655533 0.03620965300381096 0.05355869760652299 0.9005476997330105
0.39446346254319076 0.008235709857590034 0.5394385177330668 0.05786230986615237
0.6987744891482957 0.031738619260279655 0.15338527688540815 0.11610161470601654
0.31027156380941834 0.5026469736441277 0.008897764412391318 0.17818369813406265
0.1496799063141213 0.1802641477005974 0.5882946466735525 0.08176129931172882
0.09803848432106199 0.3017194516831653 0.22889907541045917 0.37134298858531356
0.09267715374413865 0.27846948103854596 0.33114242839124286 0.2977109368260725
0.018205185772184884 0.3569231265782721 0.5042984056618739 0.12057328198766915
0.1535907037805837 0.13380244434930244 0.5276590148427914 0.18494783702732243
0.016731749271506113 0.07420087608826476 0.2185583333079648 0.6905090413322643
0.029209489317782777 0.4533914652200177 0.2377488807838256 0.2796501646783739
0.4805047631149235 0.06836937615201677 0.21040503260294652 0.2407208281301132
0.5633755771582749 0.23755644916929475 0.12786601817727217 0.07120195549515818
0.2707413083513932 0.49311292084931146 0.23529710876634857 0.0008486620329467565
0.24019426443006098 0.4554432543776743 0.2783903994317046 0.025972081760560095
0.438633283195327 0.08685104163940682 0.43995536075231667 0.03456031441294949
0.1386328445952434 0.7135206981599043 0.10298883570882045 0.0448576215360319
0.6355033660905427 0.08630046645000566 0.20293886861861665 0.07525729884083499
0.06494250091092246 0.09337283320252521 0.7028659521443064 0.13881871374224597
0.36736315229051386 0.05289461510481208 0.5748026155534485 0.004939617051225587
0.1600449569054968 0.06621700194863 0.19234385375022633 0.5813941873956469
0.00021870577242200095 0.010776037869831945 0.9672767064333545 0.02172854992439155
0.016225608667717384 0.09050273373884643 0.5459482034733296 0.34732345412010657
0.15492202166880842 0.015688143129352405 0.02941323669835849 0.7999765985034807
0.27861263474293885 0.07449083321529626 0.04965139054399015 0.5972451414977747
0.03303613538949435 0.28624247147124204 0.4031877203278327 0.27753367281143093
0.14836141414570658 0.8341146884271552 0.006616777098459092 0.010907120328679132
0.42626626782930743 0.13658088779414868 0.3467017938053506 0.09045105057119329
0.006594100552938298 0.0005739468251279023 0.11056339224379996 0.8822685603781338
0.3881772398515798 0.06937789766174862 0.22170773825724077 0.3207371242294308
0.11234048033630806 0.15737108452766557 0.5088214606826651 0.22146697445336128
0.3863430534945762 0.024639377280448294 0.20622658613622968 0.3827909830887458
