76 100 4 273.4731155869169 546.9462311738337
3.7974681978071976 8.370884986469651 4.012773621143726 2.743421668061884 1.9928199254734036 9.660790787015987 8.785425265643218 8.671707765183006 1.7155992889185332 7.84664999255794 8.741739476302143 2.4881610458858487 6.906752730394965 4.32510146134716 8.356948471718034 9.268755235233188 2.468981888985737 8.48911153095937 4.985540277306267 9.888921201844822 7.653015540223786 6.063211236016267 8.01822252517507 5.448038154995137 9.120231602582704 7.053832586766008 8.814945964371617 8.3412581000973 9.191551598358249 5.111992193951426 3.5529255270888447 9.188044899425785 2.0110401225318406 1.7021690368281974 7.449761768073649 5.700461912617461 9.716042577025418 9.98485558879316 8.917562944123969 9.089847280745497 1.7264353112763715 5.866846064651478 1.3404267220261388 7.146370758463345 6.398431927604342 8.135269120615936 5.5419087230745445 3.3193819919385312 2.7893889160897114 3.0302277025651208 7.417485768767194 5.743322861754345 2.139727390915668 2.127101605005834 3.537501756811846 3.60231942753206 8.855742534346096 9.115314861861401 9.39200707808588 1.9042882409399873 6.83526908453976 7.237017114133165 7.5407657295122545 1.4099938473290146 5.794645524221361 7.248559113530652 4.811578579157153 9.85810443755499 3.99003066835071 8.19899398588283 1.3923237058549742 4.883170193272349 1.0802505186517917 4.347521614087048 3.089170058546802 4.221944054888558 2.016503756988568 4.440657759238832 8.971052097409665 8.67036224506596 2.1751670063285053 1.9927112009930597 2.0273419382079387 5.200917868877082 3.6481876971156075 8.607878629662356 1.6373655452328366 3.5774543968117154 5.549385353587404 2.577730817701161 1.8015312998505304 3.526540693630575 2.3687441879119753 7.987957385958646 6.988510098755337 6.0811936879549755 2.4832348918015397 1.720467228461552 2.0887096340617575 4.091222780343484
0.7594936395614396 1.6741769972939302 0.8025547242287452 0.5486843336123768 0.3985639850946807 1.9321581574031974 1.7570850531286435 1.7343415530366013 0.3431198577837066 1.569329998511588 1.7483478952604288 0.49763220917716977 1.381350546078993 0.8650202922694319 1.6713896943436068 1.8537510470466376 0.49379637779714736 1.697822306191874 0.9971080554612535 1.9777842403689643 1.530603108044757 1.2126422472032534 1.6036445050350139 1.0896076309990275 1.824046320516541 1.4107665173532016 1.7629891928743233 1.66825162001946 1.8383103196716497 1.0223984387902854 0.710585105417769 1.837608979885157 0.4022080245063681 0.3404338073656395 1.4899523536147297 1.1400923825234923 1.9432085154050835 1.996971117758632 1.7835125888247938 1.8179694561490993 0.3452870622552743 1.1733692129302955 0.26808534440522774 1.429274151692669 1.2796863855208684 1.627053824123187 1.108381744614909 0.6638763983877063 0.5578777832179422 0.6060455405130242 1.4834971537534387 1.148664572350869 0.4279454781831336 0.4254203210011668 0.7075003513623692 0.720463885506412 1.7711485068692192 1.8230629723722802 1.878401415617176 0.38085764818799744 1.367053816907952 1.447403422826633 1.5081531459024509 0.28199876946580293 1.158929104844272 1.4497118227061303 0.9623157158314306 1.9716208875109982 0.798006133670142 1.639798797176566 0.27846474117099485 0.9766340386544698 0.21605010373035832 0.8695043228174096 0.6178340117093604 0.8443888109777117 0.4033007513977136 0.8881315518477664 1.7942104194819328 1.7340724490131918 0.43503340126570106 0.39854224019861195 0.40546838764158777 1.0401835737754164 0.7296375394231215 1.721575725932471 0.32747310904656735 0.7154908793623431 1.1098770707174808 0.5155461635402322 0.36030625997010607 0.705308138726115 0.47374883758239505 1.5975914771917292 1.3977020197510674 1.216238737590995 0.4966469783603079 0.34409344569231043 0.4177419268123515 0.8182445560686968
0.35456941515418117 0.402962725974534 0.22425070702443284 0.01821715184685202
0.006043446239698325 0.6458344728291134 0.20782474170316856 0.14029733922801968
0.07255114599442603 0.4249645831880813 0.209708545213256 0.2927757256042367
0.11955444872731213 0.34153686776973957 0.4168914035689927 0.12201727993395561
0.21239334246652253 0.18039551543545584 0.3152589462196239 0.2919521958783977
0.2775613640157897 0.009589158114008622 0.3880588711725461 0.3247906066976556
0.04284650223485087 0.286160269894704 0.3087322375289496 0.3622609903414955
0.13289159259247352 0.8476030990224477 0.004864185355715311 0.01464112302936349
0.25682174080740583 0.024317823295590624 0.469697824537037 0.24916261135996653
0.39041152592781947 0.2062364122966699 0.016375043887367102 0.38697701788814354
0.4076767155636005 0.06299241693652669 0.4114324534699222 0.1178984140299506
0.02553419880481933 0.5225216243769824 0.02607562440724953 0.4258685524109488
0.03695767424560148 0.472026908010895 0.3609409011071306 0.13007451663637293
0.11982287190635899 0.20846551667295876 0.5681837090793376 0.10352790234134468
0.04679530876806626 0.19494558470416568 0.6056252890081055 0.15263381751966254
0.049878747634995446 0.5812479558461965 0.14391809923603616 0.2249551972827719
0.01188010397339112 0.6037484117274771 0.19078862891580994 0.19358285538332187
0.16443909062178463 0.02281085651935799 0.6167758353930748 0.19597421746578259
0.4165231213662063 0.18881160528937158 0.3101418365177304 0.08452343682669172
0.26512430647498064 0.023269843143710722 0.09613583219068289 0.6154700181906257
0.5226035493317873 0.09424323285365277 0.06499836519572955 0.31815485261883036
0.2238286196398196 0.5530672858550616 0.15297598959534564 0.07012810490977317
0.39234589689120836 0.4399729397857801 0.07897179361963458 0.08870936970337695
0.035778914648463056 0.7289036972135857 0.07757650901935631 0.1577408791185949
0.7430646301324536 0.16796989877288027 0.05776496061212566 0.031200510482540467
0.01588296437408343 0.5711100684386036 0.34254171962340774 0.07046524756390526
0.6410713153663613 0.18952568521527902 0.12839344182783619 0.04100955759052349
0.5770168928607126 0.27145120204402695 0.05475235045501825 0.09677955464024224
0.24039451872341222 0.11042317433185456 0.31863057342245915 0.33055173352227407
0.1086141418476686 0.07213977143241834 0.5210683357811038 0.29817775093880927
0.0926762832360728 0.5204495666120835 0.1594134500401314 0.22746070011171227
0.39565330935414844 0.19450195568380846 0.02097853955229234 0.38886619540975076
0.06583822530687988 0.09116585565399471 0.49865786364041154 0.34433805539871387
0.11842131116210697 0.2575934800509144 0.5614168035088981 0.0625684052780805
0.06769042396873937 0.4389385602712911 0.35558424741500816 0.1377867683449614
0.41490029058730526 0.027407037317676464 0.21881824543338158 0.3388744266616367
0.004714557625422056 0.06273242985914174 0.4636724921585639 0.46888052035687233
0.22428557822749473 0.3555273900293834 0.1575874517398338 0.2625995800032881
0.12190567293478871 0.3689573307532181 0.1703972004817278 0.33873979583026537
0.7034314253772633 0.06738927359422386 0.17893969707715818 0.05023960395135463
0.019392018611893325 0.6025731683679818 0.05978212370365499 0.3182526893164699
0.24645621725596123 0.24016833145908545 0.19147629950042733 0.321899151784526
0.43157740296804314 0.009662047646076477 0.04797802849135602 0.5107825208945244
0.406417002067616 0.1933505315254247 0.08530932613145947 0.31492314027549984
0.21013615070669867 0.13940015715866316 0.07267543048883773 0.5777882616458004
0.03766038931739313 0.20911811012353998 0.244675617950731 0.5085458826083359
0.004907276732489807 0.043526650630705155 0.8316551649828199 0.11991090765398515
0.048900220114995174 0.23320983153495745 0.5459694818701387 0.17192046647990866
0.3514003383709565 0.40677782292607145 0.049238629813427526 0.1925832088895445
0.28951931554765 0.023493621569609324 0.6213361970656407 0.0656508658171
0.33623486013063253 0.2904229974950625 0.003489578595807008 0.36985256377849796
0.002229952833512572 0.05993604809745712 0.8209626280022534 0.11687137106677692
0.2739108457649807 0.3386525464541431 0.09791316875020317 0.289523439030673
0.21722583802296402 0.029077887632335875 0.04897196604988607 0.704724308294814
0.16008636541876664 0.5198885713188357 0.04820137364095811 0.27182368962143955
0.14728615471194273 0.15382908595105782 0.005547364103617003 0.6933373952333824
0.10757226769851969 0.4215385057781458 0.37707419005106557 0.09381503647226896
0.3750394410852659 0.4570268739869926 0.1406175808463479 0.027316104081393622
0.21905951135215407 0.17079049633947296 0.3601153531587491 0.25003463914962387
0.05226520195430384 0.03289924255779286 0.7402759387792951 0.1745596167086082
0.27755764047285003 0.3517318401074353 0.37023648724585156 0.0004740321738631037
0.24595181356247608 0.3444812874496411 0.12688771062605586 0.2826791883618269
0.20025824197720632 0.30865364231770553 0.4077358020071187 0.08335231369796947
0.0070402718968176625 0.050750895696156983 0.5181888897015563 0.42401994270546906
0.26197445664589225 0.15264862684978509 0.09002801613057487 0.4953489003737478
0.04922247756533238 0.21876934195779485 0.6496953882575071 0.08231279221936572
0.6273892865846857 0.23238947697979728 0.012780966810307715 0.12744026962520927
0.31167001274284756 0.17772941194623237 0.213921375108171 0.29667920020274907
0.013457774844153891 0.17872817644593053 0.6820738322782663 0.12574021643164923
0.22570242491223902 0.1299420042157804 0.42514679093123275 0.21920877994074783
0.034483093805112164 0.02111158370695776 0.5347231427799511 0.40968217970797893
0.3017730769730361 0.02832403174839171 0.21809762218329376 0.4518052690952784
0.1538546826113164 0.0063785535194147425 0.4403259406254494 0.39944082324381947
0.4106842325515617 0.36774412797980005 0.10820121197566368 0.11337042749297455
0.08260637927079373 0.031163424303022325 0.7645157656122449 0.12171443081393907
0.04020010628961734 0.5183708807927014 0.15046501277501267 0.29096400014266854
0.19325131139746865 0.2685286092289404 0.020663984198838747 0.5175560951747522
0.31739918621783614 0.1496478828566219 0.33368580407145054 0.19926712685409143
0.054273031491802626 0.07232261862843226 0.3460518219009959 0.5273525279787692
0.0034864303225421445 0.4094711088071352 0.17465011789615936 0.4123923429741633
0.10407634306329505 0.009517088460259449 0.6168867863913676 0.2695197820850779
0.03119588082684177 0.6904340927960475 0.17588199196827037 0.10248803440884036
0.5683967183499278 0.09424754639384936 0.3264033150390786 0.010952420217144265
0.08096501839848025 0.09641950631200336 0.5798107794564944 0.242804695833022
0.08998211914882726 0.21746032934264126 0.19113972404140223 0.5014178274671293
0.057958785037886984 0.47833519228626653 0.16716937061161752 0.29653665206422897
0.012162200859990424 0.15420833952009938 0.6559927469232335 0.1776367126966767
0.12089730083015826 0.10796483528559886 0.48911699998966784 0.28202086389457504
0.15293118141983664 0.19677110130970954 0.5048970952483801 0.1454006220220737
0.2983322787512742 0.3354936633548691 0.167775151054395 0.1983989068394617
0.2897117679927804 0.2140647726030549 0.40504865871171036 0.09117480069245432
0.11843302943858525 0.3148785487839756 0.4890650608903778 0.07762336088706134
0.27451794192811396 0.26747155366001973 0.15380491730916945 0.30420558710269685
0.21161104918158558 0.08245133267054261 0.1954294337278547 0.5105081844200171
0.06806194541359445 0.21995404981472366 0.11331217188077913 0.5986718328909028
0.21504435316459491 0.223260274150474 0.20573294283601395 0.35596242984891713
0.04034176603993356 0.33977688652166993 0.45640608562919704 0.16347526180919947
0.15250272029641776 0.2199585335955221 0.298463049114282 0.32907569699377814
0.4802812213858241 0.36987672179867326 0.14012075604752594 0.009721300767976726
0.06138813168127644 0.1874965797650957 0.06074244747035995 0.6903728410832679
0.10654890425227925 0.08854439574816853 0.4904382225352538 0.3144684774642984
0.015998121311615487 0.43896155861593367 0.24767953428583778 0.29736078578661307
0.06789515134696755 0.22833623316150553 0.6356041055648362 0.06816450992669076
0.04289465068264553 0.8657495678055199 0.030543000504625217 0.06081278100720933
0.21943515124379398 0.4359222680294381 0.11391296412500895 0.23072961660175895
0.43101995237867496 0.179659726881225 0.25399556189996486 0.13532475884013517
0.10880559528734557 0.16859700088800822 0.0377564960976815 0.6848409077269647
0.14221834065486727 0.07248384522367157 0.45791089215107417 0.327386921970387
0.4448640951628614 0.04075574557236428 0.3680436974184579 0.14633646184631643
0.5323173265482405 0.2733870226877523 0.009464519661112059 0.18483113110289517
0.03001220853363451 0.6040965125696708 0.053762637312662065 0.31212864158403264
0.084100398498267 0.09260076914859305 0.11962447614130012 0.7036743562118398
0.06973420017185528 0.03415545239888951 0.2839545114992442 0.612155835930011
0.23824571859180876 0.2530524039396572 0.3144231630596144 0.19427871440891964
0.5280706142703044 0.09208759766623809 0.3286616727124031 0.05118011535105438
0.14042804410159138 0.13942763957455784 0.20927708714144255 0.5108672291824082
0.2820468343261008 0.18239431923431992 0.06261036432816092 0.4729484821114184
0.047700139009944076 0.8050079424320828 0.008034362421572627 0.13925755613640045
0.11586107610359209 0.7593952098192246 0.08187661056283169 0.042867103514351634
0.0848716132013746 0.40393682663867514 0.20596808745552453 0.30522347270442574
0.1097261542939193 0.4414298454526383 0.2352461263718062 0.2135978738816362
0.571660256162711 0.30187899886033576 0.07223468340836592 0.054226061568587336
0.32118108617512375 0.09855332667849448 0.3572876841530631 0.22297790299331866
0.19336801064014475 0.37905754465719776 0.17541708332660888 0.2521573613760486
0.22916132237807785 0.21826446308670233 0.40501496033012185 0.14755925420509797
0.10495245125240149 0.5773611053915981 0.16139083633700402 0.15629560701899636
0.059080748305332165 0.813348722844403 0.013663470808644163 0.11390705804162071
0.16028282136774985 0.49181484630690364 0.10558879649809105 0.24231353582725546
0.02784401053435137 0.02527145455723845 0.8086382424333035 0.13824629247510667
0.17291230327201745 0.008899888193826921 0.774771176912106 0.04341663162204967
0.013758456503243477 0.09755155806051696 0.7432272641143484 0.1454627213218912
0.18974781365928717 0.06402108651833993 0.048128738186459574 0.6981023616359133
0.6581890144905935 0.0929869400184461 0.15865778066545633 0.09016626482550405
0.14635789843596847 0.41877376698744195 0.3644746266751714 0.07039370790141819
0.2795635853637729 0.12166556542270857 0.25685592589791084 0.3419149233156077
0.04223671709057153 0.5467470033080828 0.03045178773934809 0.3805644918619976
0.10463302345023262 0.03685938339552852 0.44141347606641324 0.4170941170878256
0.43755439371236216 0.01962419399630655 0.382827516941433 0.15999389534989827
0.4913086501819335 0.010566624893660781 0.33865979309744965 0.1594649318269561
0.17064351259150534 0.0132720560311953 0.43837471444936615 0.3777097169279332
0.16301988895170094 0.5532834073439818 0.22809718774846932 0.05559951595584789
0.6146332024461862 0.05969103332072623 0.17481225669387668 0.15086350753921085
0.10367993251284668 0.21952550878844224 0.6631298762252955 0.013664682473415568
0.4226209751445329 0.2749486994990268 0.24548329642805422 0.0569470289283861
0.18585078325055615 0.7580852534158965 0.03352010906944525 0.022543854264102103
0.39451678946939694 0.09848427230976331 0.4062684715153464 0.10073046670549335
0.4126248765899746 0.08433311502432339 0.018980657195026396 0.4840613511906756
0.3886888620867921 0.18485958748628106 0.19819989965341422 0.22825165077351262
0.024836394392449446 0.29473630293218034 0.58552606320228 0.09490123947309026
0.1333192619436474 0.0012216124049742039 0.18463179974090826 0.6808273259104701
0.2710272213981241 0.0651680373263317 0.22231441198579727 0.44149032928974696
0.41631643684903097 0.14480218532522438 0.39429087061673773 0.044590507209006924
0.041171302575510826 0.422071630495653 0.20306864979264228 0.3336884171361939
0.19194723169462458 0.3845092090190464 0.11783225955471299 0.30571129973161604
0.08731416183881946 0.17419466275088036 0.33775239185998407 0.4007387835503161
0.41717426193354823 0.04382424919482664 0.39119939101717405 0.1478020978544511
0.02284897515795059 0.4535332832257155 0.06876632871439492 0.454851412901939
0.547798335592823 0.020686022410945637 0.02875737299156289 0.4027582690046685
0.36400758908094233 0.25814644533009423 0.3088666198264097 0.06897934576255371
0.10312187791321203 0.026597412663237452 0.3624076592002452 0.5078730502233053
0.1617857537765256 0.15632883590487323 0.3675883526055087 0.31429705771309246
0.2517314405991068 0.05972002048091751 0.10568784365789474 0.582860695262081
0.17639151403285547 0.1922530019878128 0.5134883915580041 0.11786709242132765
0.3506122342317777 0.40893951364104697 0.08659751005915473 0.15385074206802063
0.22238912822636991 0.36702159797998457 0.3879547683114938 0.022634505482151734
0.20790629341246714 0.07527153398900033 0.2542756694066496 0.46254650319188295
0.1770480029444632 0.1252094524040136 0.1574125802687374 0.5403299643827858
0.36317525790654104 0.012468716042057904 0.26895700252229815 0.3553990235291029
0.14045268770151398 0.08155817468849724 0.5824350170209004 0.1955541205890884
0.11296179844350096 0.6669520753285862 0.19823234519572686 0.021853781032185937
0.02460709286487317 0.523454211196759 0.13480341123664108 0.3171352847017268
0.3121655621125832 0.23349200627884348 0.319635236615439 0.13470719499313433
0.09471649127396076 0.009779732374258887 0.4159783710869871 0.47952540526479326
0.14518316578693236 0.14111418566263156 0.2897774849791389 0.42392516357129717
0.31641802588316503 0.1180715200255128 0.35719822345159846 0.2083122306397237
0.10997806018770451 0.4310671525570592 0.013269472098664803 0.4456853151565715
0.09660578280321708 0.7514435438085498 0.08895883141177907 0.06299184197645402
0.04435379019404562 0.09468496628263523 0.589324774135656 0.27163646938766317
0.20521867942236882 0.24277081512927723 0.34126139736740047 0.21074910808095348
0.27711714971086865 0.12093065765362476 0.5284153296737812 0.07353686296172535
0.2806234194962426 0.20964710334398717 0.4933266254370755 0.016402851722694733
0.09992294144103164 0.21261083552889193 0.0746182427143035 0.6128479803157729
0.022714847077941247 0.12457823227466369 0.5016297565522058 0.3510771640951893
0.036653899461323136 0.028271902447009722 0.4635847278134805 0.47148947027818666
0.27907913107071025 0.007337882589956601 0.6126878621664503 0.10089512417288282
0.3053991085593265 0.2279053042379935 0.12576831095644525 0.34092727624623476
0.2620169505026809 0.4012122767305225 0.009436666355149614 0.32733410641164695
0.05482806966991727 0.7625760739879838 0.00930886399980524 0.17328699234229372
0.1046050293203602 0.27265365558996 0.18881257878893187 0.4339287363007479
0.20036251032575314 0.11084617992482981 0.2360611062392417 0.45273020351017534
0.27773588655376724 0.2427246258328063 0.3640499559420546 0.11548953167137188
0.042346918022468594 0.05208894921017504 0.25186854137973125 0.6536955913876251
0.16517352648937678 0.08685029373648057 0.6958606126723311 0.05211556710181153
0.37250386213882725 0.06212236424565787 0.38839349120360833 0.17698028241190655
0.16772720348846837 0.19573292259246278 0.5983712189526323 0.03816865496643651
0.017962887433946806 0.0018234293492997988 0.10932763679710267 0.8708860464196507
0.5255177125657619 0.128293837210669 0.21022308312522453 0.1359653670983446
0.48946878356013823 0.10246917184026849 0.20830255286208155 0.19975949173751173
0.5052984785509562 0.276262504934372 0.14705775608720273 0.07138126042746906
0.011862312685508414 0.35489416934114615 0.06781984611760528 0.5654236718557402
