98 10 4 23.905967858276984 47.811935716553975
7.590405232619667 6.104701139057963 3.7110150104499366 8.025246329299044 5.480868500871566 2.070191679483405 4.497035705045832 4.551785114854081 4.037730204099488 1.7429568007729768
1.5180810465239334 1.2209402278115926 0.7422030020899874 1.6050492658598088 1.096173700174313 0.414038335896681 0.8994071410091664 0.9103570229708161 0.8075460408198977 0.34859136015459535
0.3651977553548077 0.4734436228279506 0.0946232839437845 0.0667353378734572
0.41527419295796186 0.27121000903290404 0.273445180940452 0.04007061706868209
0.03178680675370549 0.23251702508462313 0.7136182068216846 0.02207796133998674
0.520981422017015 0.296220040333926 0.04114792599805406 0.1416506116510049
0.1670825549063364 0.009263093716527337 0.34409113273527026 0.479563218641866
0.0781016080769481 0.3478912496793145 0.5587297131789513 0.01527742906478613
0.20300539841843457 0.23548730203146762 0.39788908437302684 0.16361821517707098
0.27920709212248407 0.21153716891446983 0.23761507097433265 0.27164066798871345
0.0943050581156234 0.11156242827600149 0.04932733615681295 0.7448051774515622
0.43550840754043296 0.05328604602076481 0.17387329657629047 0.33733224986251176
0.29199226556290403 0.11689913324622081 0.5803266030665218 0.01078199812435332
0.2971518533873144 0.1418347544179831 0.25810281742961916 0.3029105747650833
0.13107755389394526 0.562244102714412 0.19359236695789428 0.1130859764337484
0.5484445253886466 0.054497329261546934 0.04730576517874818 0.34975238017105825
0.46925749686134743 0.33122715645288847 0.16912501686446002 0.030390329821304074
0.017684819319607414 0.04891376165918282 0.6514082568208049 0.2819931622004048
0.005425214678843604 0.16015524594703712 0.4422799254249383 0.39213961394918095
0.03373802981403817 0.15714241310126653 0.14214539066731335 0.6669741664173819
0.03714533081900473 0.31894317534415084 0.003730068045791235 0.6401814257910532
0.2976113865441641 0.07371218510033017 0.08033512717261304 0.5483413011828927
