21 10 4 19.377504578091802 38.755009156183604
1.4385239272821457 3.6019869381083516 7.488697121481069 1.1945462492435481 2.853304887406951 1.4569593102583913 3.7204470456815515 6.9751926516223 3.7730295391319095 6.252321485967388
0.28770478545642914 0.7203973876216703 1.4977394242962139 0.23890924984870962 0.5706609774813902 0.2913918620516783 0.7440894091363103 1.39503853032446 0.7546059078263819 1.2504642971934776
0.06957095461260054 0.06366956463914719 0.36268903057440804 0.5040704501738442
0.40871832944373254 0.35022550606838176 0.00035871727343850246 0.2406974472144472
0.27066977267313375 0.24599876508493246 0.39649543185373937 0.08683603038819443
0.2986922916088657 0.028520285008865276 0.21715578283990666 0.4556316405423624
0.6148247111484346 0.18504361579054185 0.049424386452240454 0.15070728660878308
0.38681643413428557 0.4233411153583516 0.08818278909205712 0.10165966141530569
0.6988607889524882 0.08958435468860482 0.03987298857518884 0.1716818677837182
0.13966465542401996 0.09154765951631572 0.07470284984851983 0.6940848352111445
0.6656936477741948 0.13891600424545303 0.081658405915498 0.11373194206485415
0.7391087269840894 0.08024751877047431 0.044729503818410565 0.13591425042702576
0.17812466155949835 0.6855749829987252 0.0037048394348647706 0.13259551600691166
0.3842500320901294 0.3291103957943493 0.2571246974646789 0.02951487465084235
0.16783576522150734 0.5929203044430988 0.09334680232673787 0.14589712800865595
0.21740086975972195 0.06654217527091189 0.1761972887623422 0.539859666207024
0.2675218045820723 0.3852342686119168 0.07392837610254632 0.2733155507034646
0.41035417857281875 0.07967804647619925 0.11033704033311686 0.39963073461786514
0.4543903076107496 0.40449916355748927 0.028765966038964086 0.11234456279279703
0.4012964984806886 0.18916126506266795 0.22962664138257027 0.17991559507407318
0.24411249672277346 0.08362909368974991 0.46971124905545814 0.2025471605320185
0.4606464683225363 0.006954722125579349 0.23456310155599758 0.29783570799588677
