85 70 4 190.0102516445752 380.0205032891504
6.583364330979304 5.580577617808663 3.6842035758285583 6.884188411533362 3.4615588091703993 5.708134705150308 4.359247678893491 4.323507342159129 7.612242412685536 6.837749880807694 9.332170607609392 3.0443332915441097 4.649974783363562 8.953126663606893 2.8801100399967217 2.9240853639171505 3.55096316239917 5.07815955113373 4.038142481657352 1.1056353832251342 4.572521855712626 7.202280791375718 8.516829752961383 3.842096370393186 7.472701995813897 5.544908707154223 4.307429796465081 2.6466476543238677 5.829932447310805 1.2844898403252207 6.387329279409229 7.984854452098324 3.013520765556634 6.6364560181769 4.710880954686588 6.589653154517656 3.1562176731111826 3.7653153587029218 3.3246339797585263 1.8438878974899269 5.7173452582260476 8.800767650003527 4.77669162296492 2.978956653933391 9.906278232377366 1.9033218781581096 1.0147589302857536 6.43357669770288 9.803449479763902 7.03658932197781 6.610976395242616 3.8060058295845183 8.360640666610106 1.7166121120845776 8.783437325891885 7.289870394131997 7.287119246801975 9.59049984376959 8.943823387184153 5.9048747093892135 7.135278991762201 2.7352824948829375 8.406645817328087 1.8071557258499082 9.207305062245844 8.750478343844186 6.484917639872778 2.237688400160701 4.371135748093302 2.994954590212641
1.3166728661958609 1.1161155235617326 0.7368407151657117 1.3768376823066724 0.6923117618340798 1.1416269410300617 0.8718495357786982 0.8647014684318257 1.5224484825371072 1.3675499761615388 1.8664341215218783 0.6088666583088219 0.9299949566727124 1.7906253327213786 0.5760220079993443 0.5848170727834301 0.710192632479834 1.015631910226746 0.8076284963314704 0.22112707664502684 0.9145043711425253 1.4404561582751436 1.7033659505922767 0.7684192740786372 1.4945403991627795 1.1089817414308445 0.8614859592930163 0.5293295308647735 1.165986489462161 0.25689796806504417 1.277465855881846 1.5969708904196647 0.6027041531113267 1.32729120363538 0.9421761909373176 1.3179306309035312 0.6312435346222365 0.7530630717405844 0.6649267959517052 0.3687775794979854 1.1434690516452095 1.7601535300007054 0.9553383245929841 0.5957913307866782 1.9812556464754731 0.3806643756316219 0.20295178605715072 1.286715339540576 1.9606898959527803 1.407317864395562 1.3221952790485232 0.7612011659169037 1.6721281333220213 0.3433224224169155 1.756687465178377 1.4579740788263993 1.457423849360395 1.9180999687539182 1.7887646774368307 1.1809749418778428 1.4270557983524401 0.5470564989765875 1.6813291634656173 0.36143114516998165 1.8414610124491688 1.7500956687688372 1.2969835279745556 0.4475376800321402 0.8742271496186603 0.5989909180425281
0.368499092059986 0.16948650549116895 0.2447473889725762 0.21726701347626887
0.5588052494443261 0.03710206378302794 0.36499626623688386 0.03909642053576212
0.0941653509822915 0.24907976097222262 0.06591457307337056 0.5908403149721153
0.06053018611847594 0.770840432855279 0.11166597417085389 0.05696340685539114
0.14607977173094322 0.555673589740564 0.1804139714213735 0.11783266710711926
0.2437226950629785 0.12672656960414608 0.06788778954318242 0.561662945789693
0.1966079223238475 0.20304034831728424 0.3853716713790525 0.2149800579798158
0.44633949005866047 0.157287213898339 0.15624836562638078 0.24012493041661975
0.3456274386947925 0.21504071571222616 0.3720491188889481 0.06728272670403324
0.09219302487950909 0.19974601686895177 0.3696974442768787 0.33836351397466047
0.24037664941773051 0.1788364465670118 0.1997426581732159 0.3810442458420418
0.34904359811483954 0.0917140238366898 0.03781430452941992 0.5214280735190507
0.6025140749546557 0.035535315992533234 0.10411764120205724 0.2578329678507538
0.040770408338104636 0.07456105402999624 0.736809732214926 0.14785880541697316
0.11009334712060348 0.2805332101254566 0.4848732705097619 0.12450017224417798
0.20659938310932346 0.03792374973259338 0.00718770826744497 0.7482891588906382
0.20207296219870985 0.22661715017553852 0.18438677060979625 0.3869231170159554
0.7373326030110384 0.0025809425339720082 0.10014681423612692 0.15993964021886264
0.19840468191116545 0.09294895285873006 0.4262778721329116 0.2823684930971929
0.29654695231492545 0.19475378985730452 0.30622169679252376 0.20247756103524628
0.15569263863760063 0.1764422004289491 0.44748013558746824 0.22038502534598203
0.6058292541627419 0.10780488306959413 0.1869808813963183 0.09938498137134566
0.1089143463263832 0.0023825198765651256 0.09483399310467788 0.7938691406923738
0.3949994024312874 0.13375146713293706 0.44897544057133565 0.022273689864439894
0.018811247585117097 0.18103062458963326 0.6056309397796678 0.1945271880455819
0.3212825681478705 0.5620605568218981 0.10272532977817239 0.013931545252058974
0.4439277085941712 0.07434658131870409 0.47153303725118834 0.01019267283593639
0.3611003911547035 0.3581083046744087 0.022158425029388362 0.25863287914149946
0.16147954806837073 0.40331673295233983 0.19029972549753282 0.24490399348175662
0.05572433860713588 0.1378992807414936 0.36069885816004854 0.445677522491322
0.24621028211535811 0.19090502853559033 0.3272181799785474 0.23566650937050415
0.3929596788978015 0.43072961582105707 0.05356559200445132 0.12274511327669013
0.43675165469684674 0.18205235521302598 0.18464528713144535 0.19655070295868193
0.22701940305685653 0.2263692434347323 0.19124094839997297 0.3553704051084382
0.6871816981285047 0.0607407647166861 0.23649114207069266 0.015586395084116522
0.637090000990614 0.03824719346781247 0.25651330195639843 0.06814950358517513
0.22439752015850634 0.12699223899030676 0.4672721746344144 0.1813380662167725
0.5789952272353799 0.2522832177581328 0.06669522262836836 0.10202633237811898
0.27817395587716887 0.13122307993323168 0.5050451331097993 0.0855578310798002
0.048308040689552856 0.3960217961717041 0.2792764304852944 0.2763937326534487
0.23474652863169387 0.5363815025524264 0.0438853983296017 0.18498657048627798
0.004778405056638513 0.8389639157043903 0.06574540081309022 0.09051227842588094
0.19945343459983145 0.03211198484062494 0.4167051811753023 0.3517293993842413
0.010924063183853194 0.09291085733769344 0.7783508023335797 0.11781427714487369
0.3469633166674081 0.48661196984317967 0.0829393226063233 0.08348539088308893
0.06500974505024282 0.3217591593726453 0.4719996045515341 0.14123149102557775
0.04324077998893816 0.48655763487886416 0.4478538242855895 0.022347760846608167
0.421768509427511 0.08647664043235115 0.18324213380426047 0.3085127163358774
0.13496429165726787 0.2974625622088418 0.3414539869590485 0.22611915917484182
0.2246280927879476 0.26947564091705545 0.31603407667792327 0.18986218961707368
0.0735722715711743 0.11591325153614129 0.20545818367976754 0.6050562932129169
0.6624273805569575 0.10526504982696105 0.17632056483098424 0.055987004785097216
0.04864572169504355 0.7044593739962406 0.1824288889065797 0.06446601540213615
0.1730766613552155 0.23821602441739598 0.43676038868607003 0.1519469255413185
0.31798380382662483 0.1196207173392233 0.444935136040439 0.11746034279371287
0.7168597825999933 0.07127874229072417 0.17658184876934369 0.03527962633993886
0.3509852631338861 0.44789669926140496 0.11084082995898425 0.09027720764572467
0.5441104231162771 0.04301345514288413 0.01591541240285066 0.3969607093379881
0.3642258765816634 0.006596073293079763 0.059017897727990376 0.5701601523972665
0.023198897343484903 0.7026223098644422 0.18419379099063227 0.08998500180144064
0.12949028297274234 0.3213087434929375 0.30780792265238865 0.24139305088193153
0.6336873850467272 0.24163068412621058 0.008421358311628269 0.11626057251543398
0.1280336043274416 0.2577048856123594 0.6042993783978191 0.009962131662379914
0.10447825792254484 0.5340089172977996 0.03977490833749442 0.3217379164421611
0.42048052949648407 0.2227838641648009 0.11167225095729161 0.24506335538142343
0.10891653843912508 0.44233547464337075 0.21204578914734218 0.236702197770162
0.30723472573518373 0.3979331468398528 0.03330583875384108 0.2615262886711224
0.5529136483634263 0.3968930159546348 0.009068990817697409 0.04112434486424155
0.15872543098451952 0.3019851247545924 0.3541553029053117 0.18513414135557638
0.01418104250824892 0.424150834289457 0.20130009590127385 0.36036802730102024
0.07773425813959045 0.03474372498741274 0.42055920677997305 0.46696281009302376
0.40767109182281647 0.2688298993081373 0.24756773622545736 0.0759312726435889
0.1313395181528637 0.7422714964564135 0.09980386820644227 0.02658511718428047
0.24717903086355253 0.08881708142762446 0.12200739781068315 0.5419964898981399
0.02105608163849859 0.09356664868146025 0.4618275318444509 0.42354973783559025
0.3168517466967852 0.3032625235218257 0.1436329316102899 0.23625279817109923
0.25003779367987544 0.033035518941295416 0.13461336182859007 0.5823133255502391
0.02968835534866432 0.09276684041984018 0.4467787234692251 0.4307660807622704
0.19562057687895607 0.06423502341678067 0.09113541087815535 0.6490089888261079
0.012734960997164757 0.30400705705541264 0.31190055793698335 0.37135742401043925
0.040315853126753676 0.15746414012227417 0.6307025580959364 0.1715174486550357
0.1329278267554579 0.11865833260893155 0.2776238268665645 0.47079001376904606
0.05404149869187058 0.11862678706164653 0.388246534939207 0.43908517930727586
0.3667029683340599 0.054594909493673294 0.5293802330976665 0.049321889074600334
0.5355908105726265 0.31366152080215803 0.003012570482712751 0.14773509814250274
0.31778967312438244 0.13687526365493996 0.3600021026030884 0.1853329606175892
0.19322822391778038 0.062492054643546346 0.37105775255405715 0.3732219688846161
0.013454257446630202 0.3174424507994352 0.5705438505996054 0.09855944115432913
0.14466132349845173 0.16285836516688446 0.14315231576241028 0.5493279955722535
0.008716458393418614 0.22007729279820343 0.1612879323054104 0.6099183165029676
0.22039498960800807 0.0797200052347592 0.3998017024217483 0.30008330273548445
0.27030438282874114 0.10598938177879913 0.2130921897547331 0.41061404563772663
0.426363626944675 0.20280041890760003 0.00977573869181425 0.3610602154559107
0.4586704212747337 0.1767248437638873 0.22202212832311985 0.14258260663825917
0.030563194913985292 0.4085239890341422 0.16863098279306388 0.3922818332588086
0.19049849000280583 0.3186258808438761 0.3013180032609982 0.18955762589231984
0.3697896566468498 0.1275981124015978 0.3407365987922606 0.1618756321592918
0.2391315093982449 0.30310331227845233 0.2711728173329082 0.18659236099039456
0.7013160474484152 0.1616075246389177 0.029936857247279125 0.10713957066538793
0.34817561395936947 0.001764669537128949 0.11435728108373844 0.5357024354197631
0.27946327273134264 0.2759794197955163 0.14872114325992847 0.29583616421321257
0.22304485619302816 0.6285024918073949 0.0033530175369983484 0.14509963446257856
0.4201346019246496 0.08294645456993766 0.007525342242031274 0.4893936012633815
0.12966797299067045 0.03153609688041614 0.032118290084819034 0.8066776400440944
0.25323912898521583 0.2501711618396446 0.16487728543738778 0.3317124237377518
0.01485995055120104 0.534743492492772 0.1725687948253547 0.2778277621306723
0.06887755583193511 0.2758759248634777 0.3502017414353308 0.30504477786925643
0.43190279466824966 0.5013797811368597 0.04450488209772874 0.022212542097161947
0.31517972963252583 0.19675974217534475 0.05087417467924937 0.43718635351288004
0.25101401905094756 0.30619932837849007 0.0430819672130639 0.3997046853574985
0.047265286807233076 0.426606777879607 0.039800892260471676 0.48632704305268826
0.19738404015041766 0.3382443998905431 0.05100208105061177 0.41336947890842746
0.3100573163190973 0.14190986649477233 0.1458214083092113 0.4022114088769191
0.3603772161287747 0.19489362483293993 0.39462491459244897 0.05010424444583639
0.32966571486134233 0.003625565685180576 0.26148164514558336 0.40522707430789373
0.13394361287375323 0.05513381406845974 0.30864167825179667 0.5022808948059904
0.38901744849990993 0.27458775704691774 0.33361232759628534 0.0027824668568869892
0.03134550589495799 0.5293399668426401 0.0777886336724628 0.36152589358993914
0.23263622751900415 0.027670080055196333 0.3354605608370821 0.40423313158871743
0.2783398681700008 0.26277048594450836 0.14409024080662003 0.31479940507887083
0.005954883032961322 0.19302982595992013 0.5325145149250791 0.2685007760820395
0.05627205532860913 0.07832447954326871 0.34040656041328143 0.5249969047148407
0.5862063021515876 0.1743081605471365 0.1250117400249623 0.11447379727631357
0.6274020832572486 0.05133000153073053 0.0024258284490077386 0.3188420867630132
0.02539156453072744 0.11572448202591656 0.057458921419846876 0.8014250320235091
0.3663920576298304 0.0024748981460176456 0.05388823079810956 0.5772448134260424
0.21992597640896594 0.42340084281188994 0.1795327162407565 0.1771404645383876
0.20431936491713376 0.4785781582351245 0.07971978417450354 0.2373826926732382
0.2170852080930682 0.29591867115032466 0.04616610351584427 0.4408300172407629
0.37963206159904617 0.4000001758652255 0.10398365208546012 0.1163841104502682
0.10120781511890908 0.07801150836484361 0.20777923850369273 0.6130014380125546
0.352833659937434 0.35536542402040805 0.24242398473920124 0.04937693130295673
0.32461269740765764 0.10285604427485595 0.2061893704014104 0.366341887916076
0.18693513548810792 0.034401507699658995 0.5294994428780635 0.2491639139341696
0.39069626695131643 0.05308701391088455 0.526926060175901 0.029290658961897975
0.2326887499379484 0.17664580681434927 0.5874404831215484 0.0032249601261539196
0.08189529153463382 0.05693870066308482 0.3072422676179285 0.5539237401843529
0.2350310663023525 0.34173763883967456 0.2606086070804886 0.16262268777748434
0.3023416207173881 0.44392301317073113 0.09492644535224692 0.15880892075963382
0.09129000520364494 0.4333077714481173 0.2084710596920768 0.266931163656161
