73 20 4 54.85834523019827 109.71669046039653
6.784209242074711 5.8475883787205225 5.607081842127671 6.4923150440169675 5.436900852500726 2.9301579801229165 3.1958201735882303 6.148850733805577 7.953657973525533 3.7956515670833118 4.636748569533076 6.371200430553265 3.1729129019075537 9.15147857290514 2.432906515080644 6.297973081115854 3.357744097697101 8.887057483332718 9.27167887672417 1.9447561439808703
1.3568418484149423 1.1695176757441046 1.121416368425534 1.2984630088033935 1.0873801705001451 0.5860315960245833 0.639164034717646 1.2297701467611153 1.5907315947051066 0.7591303134166624 0.9273497139066151 1.274240086110653 0.6345825803815107 1.830295714581028 0.4865813030161288 1.2595946162231708 0.6715488195394201 1.7774114966665437 1.854335775344834 0.38895122879617405
0.02745454534689029 0.006589305983387583 0.9366372580853163 0.029318890584405843
0.1933359573780733 0.6265495451239121 0.15698773198539773 0.02312676551261683
0.05543144991224069 0.06601062861168205 0.5153433443177086 0.3632145771583687
0.08141217779739984 0.4260258931159624 0.22575800922616773 0.26680391986047003
0.11804084940184179 0.20081412831474776 0.289024120965677 0.3921209013177335
0.05119318231690495 0.214531938648303 0.15820985715822822 0.5760650218765638
0.6884862466696176 0.10452075490539725 0.17097425930222843 0.03601873912275677
0.254707259276582 0.5544883999301057 0.11869471529686215 0.07210962549645017
0.19557938962252908 0.12195819739314717 0.42639637541151365 0.2560660375728101
0.7908257918642988 0.09036150503513185 0.10842744465158449 0.010385258448984858
0.2604991281424236 0.09468924944745016 0.25872233493761365 0.3860892874725126
0.3862883675348572 0.01976857861957393 0.16810896414664533 0.42583408969892356
0.46372612855175266 0.05832937693025664 0.4613946501088423 0.016549844409148418
0.19509332030033533 0.23374761646783138 0.3012233147260084 0.2699357485058249
0.09468353954456954 0.2225697065407336 0.3005936649918164 0.38215308892288047
0.03894517361040728 0.13411746519751067 0.028855713592352727 0.7980816475997293
0.23481772034618542 0.3721637183639712 0.2764627403254012 0.11655582096444217
0.0083911140733115 0.20699930967001812 0.49439663741920326 0.2902129388374671
0.3900035588231815 0.012172666380233954 0.33279438075983836 0.2650293940367462
0.06989213647339398 0.19609903927497185 0.6521878436863078 0.08182098056532638
0.04342735745928439 0.29406965080866343 0.19508386333981587 0.4674191283922363
0.2686800163784132 0.3865450196917617 0.29194052412706184 0.052834439802763256
0.21287122555364413 0.3899046508418914 0.08638497764096043 0.31083914596350404
0.3570075419882428 0.11959068096245684 0.2545447161905403 0.26885706085876004
0.04210896216510707 0.035049526995096114 0.7616046580245069 0.16123685281528988
0.5859235662343548 0.00048804322192486094 0.04822698517450774 0.3653614053692126
0.005555746492820868 0.659033562272696 0.2333773651992952 0.10203332603518789
0.1617884923065095 0.3391072102150353 0.0019894478829715068 0.4971148495954837
0.14598283284433045 0.527582174325018 0.11641594764061702 0.21001904519003456
0.4182493959005469 0.01532033498814156 0.13851377669318743 0.42791649241812413
0.2761593294861695 0.12970200252737663 0.12807350602295575 0.4660651619634981
0.027144711547194667 0.7122198335991056 0.17359147822078502 0.08704397663291474
0.21077201923501365 0.3619839874474463 0.40795933834128595 0.01928465497625409
0.000594813859835952 0.47665157127225133 0.48898382508575966 0.03376978978215306
0.17286194325168658 0.05008936561983934 0.21882273460600188 0.5582259565224722
0.07980937231313867 0.05466697303436652 0.22495024297116617 0.6405734116813286
0.07112524770513029 0.21661885303898432 0.05802457382944515 0.6542313254264402
0.06599997441877581 0.20145343418521744 0.3366233796351126 0.3959232117608942
0.044564840121712246 0.4336206995924826 0.0978085892937034 0.42400587099210174
0.11016116033092482 0.659819906693684 0.012683544101080746 0.21733538887431048
