55 80 4 224.20602810293585 448.41205620587164
1.837974580046722 9.744903279908087 5.354739824172815 3.182704313482577 5.780114468265278 3.569898119183189 8.763673393464757 1.3699013811478633 1.9751296055564835 7.904440408858273 1.4628583799549586 7.981448847795405 1.0822504835522104 6.564809021111506 8.368383994646123 9.087271506833652 9.870504235796544 5.470704301930826 4.170870331933543 8.803764950248395 4.57193571151395 6.79291497259029 1.1840798184903227 8.272760886904587 4.866519718172428 6.026918702527848 8.012001611353552 4.623014111965929 9.171954261197897 6.849726498879445 7.545450044356332 8.016049359863077 4.156547029081579 1.1769392826992893 4.227027125765138 3.7290290621393276 9.271557929631543 3.2805723693162876 3.170392941027227 9.189308325521448 7.991338154280666 4.8678928927359655 9.296113219824043 7.369297108480932 1.6459248024942792 3.8987299929886996 8.606076062077978 6.721236542003203 6.538457203033313 8.274829615344267 6.727942801754081 3.4067806235933986 4.469991421028345 4.104619833582477 2.802967729098699 3.3420869279210983 7.054327261887888 8.635292068754723 2.824975551713324 7.9402021439585155 8.479893571558787 5.8533135850322155 4.352168564606169 2.828636058303866 2.6913309236198595 3.9133491517943666 1.6509643554348816 2.7389851489788946 9.269031801550051 6.522379065955216 1.3354208967559547 3.4673363383841185 7.509704143422076 9.406566820957442 4.584007748928252 7.45338190779824 8.339185942212852 1.2739513282235593 8.440090457004644 5.302231247907565
0.3675949160093444 1.9489806559816174 1.070947964834563 0.6365408626965154 1.1560228936530557 0.7139796238366378 1.7527346786929514 0.27398027622957266 0.3950259211112967 1.5808880817716546 0.2925716759909917 1.596289769559081 0.21645009671044207 1.3129618042223012 1.6736767989292247 1.8174543013667304 1.9741008471593087 1.094140860386165 0.8341740663867085 1.760752990049679 0.91438714230279 1.3585829945180579 0.23681596369806454 1.6545521773809173 0.9733039436344855 1.2053837405055696 1.6024003222707104 0.9246028223931859 1.8343908522395793 1.369945299775889 1.5090900088712664 1.6032098719726153 0.8313094058163157 0.23538785653985786 0.8454054251530276 0.7458058124278655 1.8543115859263086 0.6561144738632575 0.6340785882054454 1.8378616651042896 1.5982676308561332 0.9735785785471931 1.8592226439648087 1.4738594216961864 0.3291849604988558 0.77974599859774 1.7212152124155957 1.3442473084006408 1.3076914406066626 1.6549659230688534 1.3455885603508162 0.6813561247186797 0.893998284205669 0.8209239667164955 0.5605935458197397 0.6684173855842197 1.4108654523775777 1.7270584137509446 0.5649951103426648 1.5880404287917032 1.6959787143117573 1.1706627170064432 0.8704337129212337 0.5657272116607732 0.5382661847239719 0.7826698303588733 0.3301928710869763 0.5477970297957789 1.8538063603100103 1.3044758131910432 0.26708417935119094 0.6934672676768237 1.5019408286844151 1.8813133641914885 0.9168015497856503 1.490676381559648 1.6678371884425705 0.25479026564471186 1.6880180914009286 1.060446249581513
0.06317712391037955 0.21755120648419557 0.2531573267572157 0.4661143428482092
0.22529304783092508 0.36956634382178477 0.17058578194227225 0.2345548264050179
0.2900678995765267 0.028826384275180805 0.1459570979720891 0.5351486181762034
0.182136278225144 0.09976803853810534 0.2090947323308595 0.5090009509058911
0.06818329769779552 0.21879692739780754 0.24056066000849285 0.4724591148959041
0.23588382145652176 0.18078218177537952 0.5353780636009002 0.04795593316719848
0.2916338368695629 0.21276878127250498 0.24903905489050404 0.24655832696742808
0.07646551867205353 0.43374084233713905 0.24119147654688722 0.2486021624439202
0.06024035016238238 0.007790235402086676 0.3058961866282003 0.6260732278073307
0.5028482409893512 0.10719681940663195 0.17940103011875808 0.21055390948525876
0.05563907218321207 0.057923158610566294 0.09485831910582321 0.7915794501003984
0.5459287960617935 0.20031016135040314 0.10434887091357048 0.14941217167423293
0.19504827891702747 0.14549762981707914 0.5624623734085881 0.09699171785730532
0.07158327666761988 0.391250141517282 0.03742032946167284 0.4997462523534253
0.23401465034104352 0.1633833671895365 0.24277750438801582 0.35982447808140416
0.22235586014230335 0.45938934371635465 0.2611664129649597 0.05708838317638232
0.021051955581701032 0.3027598135862142 0.38845977228380135 0.28772845854828344
0.20855094274274355 0.4794852442163313 0.11170277499553116 0.20026103804539397
0.02663335474375106 0.5496746101467181 0.11588087073834252 0.3078111643711883
0.05760399639364833 0.6202328420091304 0.27219188746489487 0.04997127413232638
0.16173139325286623 0.5136281483357978 0.3068606147924249 0.01777984361891105
0.13099218977916072 0.5644838840213882 0.2967195676596014 0.007804358539849732
0.08860645369726416 0.48121449106273595 0.045598374160383925 0.38458068107961596
0.4660082999839087 0.011593647769486903 0.44291246309606147 0.07948558915054293
0.35775721313879594 0.07100482641411299 0.03891259857813811 0.532325361868953
0.4883886546870452 0.15799496394603008 0.02889813572169886 0.3247182456452259
0.26463856441529165 0.26919244469465864 0.39217700765547225 0.07399198323457745
0.4267156120696136 0.2920202777990931 0.19552092910050345 0.08574318103078982
0.3324420670135625 0.15062488069748037 0.19123546044181583 0.3256975918471413
0.727760021790933 0.136058041508628 0.10492827019704765 0.03125366650339134
0.07126539919761876 0.6056392514288191 0.20681990491154856 0.11627544446201354
0.018828467272341554 0.34665905938114905 0.40728312247783416 0.22722935086867524
0.0591060453903024 0.17168300802892333 0.12317981810589518 0.6460311284748791
0.08338881067829951 0.5058395695621981 0.27180172497071964 0.13896989478878274
0.20147174394263334 0.40304967846716777 0.2154083760266028 0.1800702015635961
0.39934113432157026 0.0404183603536995 0.3143751101619279 0.24586539516280237
0.709583705022163 0.1334401725816997 0.13543105070236539 0.021545071693771956
0.4054667566768425 0.07723993284483943 0.3448030567314211 0.17249025374689697
0.16481952107367115 0.32753295739680677 0.02575956131416446 0.4818879602153576
0.2800898826378052 0.03011249924035686 0.5028316358342062 0.18696598228763173
0.09785907915096892 0.20517267926331262 0.4424732861286379 0.25449495545708056
0.24730567608118847 0.021964534792442425 0.2228624540957609 0.5078673350306082
0.7256611317345657 0.02839624509398886 0.23630669122062653 0.00963593195081891
0.07815921381467206 0.35322141051655953 0.23443277780831195 0.33418659786045646
0.14098154714438915 0.11875061444299406 0.7085101624816015 0.031757675931015306
0.0859179323904381 0.3234901933901734 0.318158804462386 0.27243306975700254
0.6758122393213892 0.014038843612843799 0.10940852972732851 0.20074038733843846
0.049900634619101214 0.38658820742291944 0.038003588747920425 0.5255075692100589
0.17693073324464104 0.20072120295740303 0.1803679641937983 0.44198009960415763
0.15820133947990622 0.5104398437366718 0.19160346343738743 0.1397553533460345
0.42257444595380644 0.020659337231890507 0.0615421799047029 0.49522403690960015
0.21987346514137074 0.07323311717225822 0.06272027327965557 0.6441731444067155
0.18503817587799531 0.49672338526517745 0.09881695840085325 0.21942148045597398
0.10365882445287367 0.016139298757131826 0.06666597085339432 0.8135359059366002
0.43912872537738445 0.303051987772737 0.08820819722991458 0.16961108961996396
0.11387599911014445 0.1531222121789143 0.37307671120458985 0.3599250775063514
0.2818750165314571 0.3824916392356511 0.32340304185444235 0.012230302378449465
0.31842994388911017 0.22657213401276677 0.10139727044722291 0.35360065165090016
0.3250720709577437 0.0030102261657530827 0.5622780589024652 0.10963964397403803
0.27864717588366195 0.2212621269906283 0.06844596595374686 0.4316447311719629
0.06373994551937168 0.283886813000937 0.11049560713786344 0.5418776343418279
0.2523177700886904 0.19732913964901544 0.23017552696117294 0.32017756330112124
0.12084477328484655 0.28503968746929054 0.19342598225767726 0.40068955698818565
0.05028292250569755 0.14890438532212735 0.004332076911102711 0.7964806152610724
0.24559401356517474 0.1334515487653567 0.47565301014426464 0.14530142752520392
0.16720482042783924 0.2965536685463397 0.18758569008964687 0.3486558209361742
0.20506643705570882 0.3194646845375806 0.4343219595225616 0.04114691888414901
0.48446146939962165 0.36412980790396554 0.13277070901697474 0.01863801367943807
0.5988257761277186 0.1449728235319545 0.22244780173347478 0.03375359860685212
0.575625409370458 0.04254849518116599 0.11082342567382741 0.27100266977454857
0.13252089805357337 0.11539431358563912 0.36235576860313123 0.3897290197576563
0.06191453475376485 0.5172323658501833 0.03762432223355694 0.3832287771624949
0.190580497259198 0.3536287175912186 0.32791262683103695 0.12787815831854643
0.14784674068224923 0.05095474170838998 0.7803675767430284 0.020830940866332415
0.1611733808478255 0.16461760860417063 0.5556611261136887 0.11854788443431519
0.07440349906436194 0.22850097668353764 0.5226654288797319 0.17443009537236853
0.3818234620099312 0.584997769941215 0.024612876814006035 0.008565891234847745
0.7662672553234138 0.13613352558374325 0.0661480697991923 0.03145114929365067
0.44962123306444235 0.027284956854569775 0.29155527841279893 0.23153853166818894
0.7816174102259213 0.1549250381713333 0.014220518931440496 0.04923703267130486
0.16709761140497825 0.4160617562269635 0.010984901054207463 0.4058557313138508
0.3537492865140427 0.3923925724586592 0.23299696948992987 0.020861171537368217
0.6251397492551437 0.23524647171309376 0.06314609721754438 0.07646768181421815
0.283914952465565 0.292540560833051 0.17856033667919669 0.24498415002218732
0.49230762357129976 0.056464523350200024 0.37865400760894075 0.07257384546955947
0.4376373838111266 0.1720257062921875 0.37091947215786314 0.019417437738822763
0.040235095465624315 0.2510845509245888 0.4330968459124437 0.2755835076973432
0.37591330011167434 0.34426580873391066 0.14018794230708653 0.13963294884732846
0.2044739633376852 0.4546231639835787 0.04042021364578996 0.30048265903294613
0.05624317847130522 0.4252834487780669 0.5001245578095211 0.01834881494110674
0.24368151708068697 0.15476441873847846 0.17495517660802873 0.42659888757280584
0.0026966501281202593 0.04440023115956204 0.5595093507433275 0.39339376796899017
0.09655152398622713 0.09428184548168872 0.3883090462708153 0.42085758426126885
0.2263620607395752 0.27431101835907246 0.19379016028618035 0.305536760615172
0.0828631164166248 0.4452816743074537 0.3055995796521124 0.16625562962380913
0.4867896078873918 0.3195629652498738 0.10427146547499566 0.08937596138773873
0.21696011777272006 0.04329898984050018 0.7146695227117875 0.02507136967499224
0.04122758572640761 0.16680674816984298 0.04390782028687945 0.74805784581687
0.10019514910470007 0.0758198361796969 0.15088510674283673 0.6730999079727663
0.12935125988426277 0.19461730255610454 0.2983795782122767 0.377651859347356
0.49971987697897835 0.1186018071595547 0.08854176555550652 0.2931365503059604
0.23043792051102563 0.027552228954560443 0.31162517882398355 0.4303846717104304
0.25129364782566177 0.0006308040340742282 0.2833623925645684 0.4647131555756956
0.14813755065800904 0.09350161880782315 0.24818525989173912 0.5101755706424287
0.36130771161396724 0.21218837756720532 0.053383615891112735 0.3731202949277147
0.021687807103570877 0.0484480080414883 0.7174364723086909 0.21242771254624992
0.3781952224305556 0.19186712785702453 0.1569268309659948 0.2730108187464251
0.17711394533995528 0.3915929305646991 0.09008584543900122 0.34120727865634437
0.15629346839862623 0.019782418256765633 0.45053506362373175 0.3733890497208764
0.24690423813395568 0.18955841037918109 0.5193369304247365 0.04420042106212674
0.5144075689498275 0.01680413615283316 0.4190215587591203 0.049766736138219025
0.4471123386415081 0.027033144499661654 0.04866013307975303 0.4771943837790772
0.10257410914357079 0.018551872448840045 0.8134494369222846 0.06542458148530461
0.15316014112002396 0.10654372286289648 0.6519702590520536 0.08832587696502592
0.7859783569846558 0.014842760649801723 0.11431293634030382 0.08486594602523867
0.02391034571299888 0.15369234265775034 0.5908592194487178 0.231538092180533
0.33448569933048533 0.20625024962438276 0.216589091834111 0.2426749592110209
0.029948579514280205 0.2963098112202983 0.5952820095554612 0.0784595997099603
0.25375224649851813 0.05373975130583519 0.4036436621800714 0.28886434001557526
0.3244036236374257 0.01615171111059377 0.6264006975544248 0.03304396769755569
0.05673724054714857 0.6075006022168569 0.15770081560176796 0.1780613416342266
0.5253427427281979 0.04821177870812676 0.022579852137609713 0.4038656264260656
0.009940540570233303 0.05064145869512615 0.5342057380363735 0.40521226269826705
0.5332031029241705 0.3575123559044694 0.07501212330286011 0.034272417868499994
0.4167706743819547 0.2033916946967126 0.25553684606613813 0.12430078485519458
0.17573879644363122 0.17966631875323302 0.6231774964769152 0.021417388326220532
0.039103589151366136 0.21810286772581178 0.637031071495533 0.10576247162728913
0.0021032435182001263 0.23201760521383297 0.08610358244376526 0.6797755688242016
0.2541326392840091 0.21626708178265341 0.12686241603321002 0.4027378629001275
0.0007496577106949065 0.6468887936581564 0.2672707682934099 0.08509078033773876
0.07947234002923798 0.7130866710303809 0.19132978041554916 0.016111208524831944
0.19108190599130825 0.6545704935198564 0.06737392037094825 0.08697368011788709
0.5201812952922885 0.29833304478802913 0.1678844969269504 0.013601162992731952
0.15421033266759487 0.3581521817504486 0.3661070894415993 0.12153039614035721
0.33553870121461526 0.23500419197227929 0.2561713430258673 0.17328576378723815
0.4650441242535627 0.11412218526908213 0.3324709870263294 0.08836270345102581
0.016588713131328037 0.3018761998277144 0.3045551620421795 0.3769799249987781
0.19465123057942457 0.14916637131231947 0.1457023801546361 0.5104800179536199
0.5613962932852541 0.004518719268470028 0.14655671813731108 0.2875282693089648
0.2506270378390053 0.14744569049022838 0.3766281462126325 0.2252991254581338
0.18365242055107167 0.5396348083945189 0.2762344456730773 0.0004783253813320787
0.13110503822039654 0.19275098992196715 0.4396845820790064 0.2364593897786299
0.14455264192590223 0.6856977861348924 0.11065552145623447 0.059094050482970895
0.23010622329023245 0.04911304505184744 0.1347043781405155 0.5860763535174046
0.11466237885015829 0.10156430841821928 0.19516081989852818 0.5886124928330942
0.47386453805631124 0.10118706760092233 0.1551395598390657 0.26980883450370075
0.02292992946211203 0.05681325671357007 0.004100490691123615 0.9161563231331943
0.5032729308771381 0.03959943264558863 0.2646219167050117 0.1925057197722616
0.5044905320917376 0.045417612110750905 0.11975598924261166 0.3303358665548999
0.3685843392898508 0.18616566850490301 0.29458999599056435 0.15065999621468185
0.6257198837615784 0.06266437129509017 0.29497333794496594 0.0166424069983655
0.2013889381026941 0.25758854106865314 0.4428529464110451 0.09816957441760765
0.12935940966937653 0.09646575469002094 0.007675910278426179 0.7664989253621763
0.053546137455772524 0.4033169981707446 0.3320730657241181 0.21106379864936475
0.1413798298097323 0.12718265654648075 0.5171779519508453 0.2142595616929417
0.35070900190310483 0.23928165385869682 0.08146970999878123 0.3285396342394171
0.4424235012619637 0.08343874857402778 0.40370843327968686 0.07042931688432164
0.09288156957828275 0.3131977169874952 0.15181811272214263 0.4421026007120794
0.362009873617845 0.3774163991763251 0.1995369481895004 0.061036779016329534
0.15039608805636095 0.40999420248647667 0.23084575603965984 0.20876395341750253
