88 80 4 212.02666270184645 424.05332540369284
6.8279594441772105 5.564347193917722 5.755072421370155 9.066566836088992 7.299920716007391 7.428673916840214 7.456045438822607 3.00537515964575 2.5763907099162076 5.111573395042729 9.35864588384706 1.088972983364036 1.809299752155582 8.651802410694339 5.370589530055585 8.891520327538977 3.766005449786537 4.491689915452761 6.233011686468533 2.0231846246423357 7.910921663192715 3.813094358227061 6.814094137770565 1.2942902529643678 2.4975601923853032 4.872727291467213 3.0502582300656176 9.696767194789405 9.144454677458874 8.790966217598566 1.2894650413685094 8.195479756843348 9.15539960449633 7.335399976785993 3.067412020137466 4.702920392230302 9.807795654269489 3.9614136406319753 6.359761643703839 5.8226170680164895 5.149863600011972 3.03219695726498 9.284976695744618 6.49740557646121 2.9808272942520744 1.3535613978007883 5.931006199608086 1.811680454095408 8.362614520469595 7.152126230571453 9.42245191182047 1.809199566420626 1.1202184973973919 2.945011997671056 4.45336671658875 7.637803064434587 3.2954883922173503 3.2985865999231696 3.1503719608224543 1.9586890799051142 2.640480340068849 9.03639099894339 1.5376366062302846 2.4936716685720586 1.333112446157136 7.307681007313082 9.969846975548894 1.9992446991501693 7.521013821563601 4.036720533461369 2.5914488566359717 9.476810896526159 9.783410407095671 7.8828927225662735 4.622905147070982 4.762105930375215 6.804797278532446 1.3211557587373446 2.2121330902424274 6.712972695182372
1.3655918888354421 1.1128694387835443 1.151014484274031 1.8133133672177983 1.4599841432014782 1.4857347833680428 1.4912090877645214 0.60107503192915 0.5152781419832415 1.0223146790085458 1.8717291767694122 0.2177945966728072 0.3618599504311164 1.7303604821388678 1.074117906011117 1.7783040655077955 0.7532010899573074 0.8983379830905521 1.2466023372937065 0.40463692492846715 1.582184332638543 0.7626188716454122 1.3628188275541129 0.2588580505928736 0.49951203847706066 0.9745454582934426 0.6100516460131236 1.939353438957881 1.8288909354917748 1.7581932435197132 0.2578930082737019 1.6390959513686696 1.8310799208992659 1.4670799953571987 0.6134824040274932 0.9405840784460604 1.9615591308538978 0.7922827281263951 1.271952328740768 1.1645234136032978 1.0299727200023945 0.606439391452996 1.8569953391489236 1.299481115292242 0.5961654588504148 0.27071227956015764 1.186201239921617 0.3623360908190816 1.6725229040939191 1.4304252461142906 1.8844903823640942 0.3618399132841252 0.2240436994794784 0.5890023995342112 0.89067334331775 1.5275606128869175 0.6590976784434701 0.6597173199846339 0.6300743921644909 0.39173781598102286 0.5280960680137697 1.8072781997886778 0.3075273212460569 0.4987343337144117 0.2666224892314272 1.4615362014626165 1.9939693951097788 0.3998489398300339 1.5042027643127203 0.8073441066922739 0.5182897713271943 1.8953621793052318 1.9566820814191341 1.5765785445132547 0.9245810294141965 0.952421186075043 1.3609594557064892 0.2642311517474689 0.4424266180484855 1.3425945390364744
0.5409220509627641 0.022417665587970426 0.3672113959547172 0.06944888749454825
0.14749908542014212 0.06226920713939721 0.4162001423615368 0.3740315650789239
0.8935995812877979 0.03508689137485077 0.015023732551838531 0.05628979478551277
0.013298934642535065 0.10534641996994765 0.24537365608187423 0.6359809893056431
0.0825612522630994 0.541239803299561 0.3122013777696915 0.06399756666764811
0.2737111696412231 0.6643176863530236 0.05914600150106408 0.0028251425046892376
0.29799644450810314 0.15400334366093615 0.015007626419949904 0.5329925854110108
0.07735229496783413 0.2243545642929915 0.354101311197081 0.3441918295420934
0.0022117101770328107 0.015808840685822112 0.01600223908159748 0.9659772100555476
0.4607131561416947 0.19626091807675938 0.3007382031779793 0.04228772260356661
0.6551893976259551 0.04899900138921842 0.10050082285201178 0.19531077813281472
0.30854508861882923 0.026654397751444736 0.635458089141509 0.029342424488217
0.8678491220531231 0.05092584798781019 0.017969623446174143 0.06325540651289252
0.6776086615467033 0.26525167353599266 0.03555986851295456 0.021579796404349483
0.10077231999450043 0.04385736896858772 0.17964700236668651 0.6757233086702253
0.4032781064718055 0.04618212977099623 0.5198074537631551 0.030732309994043194
0.029602235047850534 0.18860886429904988 0.2625149522799156 0.519273948373184
0.36908684402395586 0.012713498659223776 0.28518273945726413 0.3330169178595562
0.18730906618786192 0.07864130274283121 0.140207663827158 0.5938419672421489
0.21318616193051154 0.28227101285999734 0.2507674800169356 0.2537753451925555
0.045912068721731925 0.20984386848874792 0.4392850357174751 0.30495902707204503
0.11460363578336763 0.10115049570105517 0.43821640296193687 0.34602946555364034
0.4698400287063731 0.01504845099160268 0.23444780401763987 0.28066371628438436
0.5667860039470991 0.2545948628324426 0.10654989156268557 0.07206924165777273
0.164105149099955 0.0012496731139201023 0.3008587939124222 0.5337863838737027
0.10483418901857677 0.43365977163480085 0.19882357355728386 0.2626824657893385
0.15740146881320183 0.5679743344735324 0.04207279136252651 0.23255140535073926
0.05323112262204144 0.5151375272485779 0.02991486923347786 0.40171648089590284
0.24400178289973495 0.6780951347039228 0.023146032811899753 0.054757049584442496
0.031410005641341554 0.10981142792480236 0.541571087754923 0.31720747867893306
0.029494716691179534 0.30946357655951096 0.20774519646124856 0.45329651028806095
0.19480876180838447 0.7254883109236728 0.035253268773346336 0.04444965849459637
0.04085972116301129 0.04535519267096855 0.006323989223634974 0.9074610969423852
0.10626154197607796 0.39835394573224936 0.14274220253052805 0.35264230976114463
0.45116053383355437 0.3755250347280903 0.1598074095820713 0.013507021856284052
0.07998041400601896 0.4464881775671896 0.4710576380982614 0.0024737703285300228
0.24663980769232474 0.6635380837101007 0.001065035167167605 0.08875707343040695
0.4888656535744085 0.010162597993273015 0.14411163043038533 0.3568601180019332
0.6623878158095856 0.3240348665231383 0.001896432026929351 0.01168088564034675
0.3641909053905479 0.04471279119281624 0.5568984782929614 0.03419782512367453
0.20464590632720148 0.07314617171406601 0.5170120753141826 0.20519584664454993
0.4719390602788971 0.12404204146576991 0.23107305717329218 0.1729458410820408
0.1104878331019713 0.3511020451976711 0.38174273658599334 0.1566673851143643
0.07732718835830932 0.7008815648777963 0.17420966805582316 0.047581578708071226
0.10293212969414367 0.527724883620513 0.35857773804462634 0.01076524864071704
0.058927006207736055 0.40644349449475725 0.5048816765464927 0.029747822751013953
0.0009712706939978277 0.1662736344400214 0.5600371791297276 0.27271791573625315
0.0688817033578284 0.7176620403026693 0.18871940001987952 0.024736856319622746
0.6075574215289081 0.02633079529816662 0.3101006114443534 0.05601117172857184
0.01035429756955486 0.018578229494009113 0.5244021736219269 0.44666529931450916
0.3501875413368142 0.34022885212009435 0.1416231939700412 0.16796041257305028
0.6207803970073479 0.11552736103613348 0.0275868171824184 0.23610542477410024
0.2679134285099548 0.332179235399211 0.13784126037212074 0.26206607571871343
0.7177986046273565 0.16637341591463495 0.05658121963412388 0.05924675982388472
0.15224744567502557 0.23642281476489224 0.1390225086815513 0.4723072308785309
0.5502823078181261 0.27391246793040747 0.05869540974649057 0.11710981450497582
0.24948997504944825 0.28200764279402846 0.1310991431902353 0.337403238966288
0.5121251512221845 0.39831980767824493 0.05702915804680109 0.03252588305276949
0.19191560902232252 0.17818534513106243 0.33498881771083056 0.2949102281357845
0.07704723793727197 0.2106228063577713 0.04286117556371716 0.6694687801412396
0.33383629663519765 0.05359338301459804 0.40509538024741276 0.20747494010279155
0.07187462308033588 0.2844847549170786 0.06962891493930878 0.5740117070632768
0.011819230606749165 0.45317488059310373 0.1337618081798556 0.4012440806202915
0.3654650734532474 0.013224759682485376 0.06521111994449569 0.5560990469197715
0.21292577885622288 0.22195842668324095 0.503263687257873 0.06185210720266321
0.34930048561300575 0.18254744916911325 0.36496410572045845 0.10318795949742254
0.17169628105447687 0.002838628557805367 0.10715746637263279 0.718307624015085
0.16061547635687823 0.5401781952316999 0.10764294947864983 0.1915633789327721
0.4056215625101832 0.16655406522161553 0.24521074413511812 0.18261362813308313
0.06202124380233298 0.022838195211889567 0.6271952931777961 0.28794526780798135
0.5172985590409904 0.008953877406552624 0.10144915548166578 0.3722984080707912
0.272731968363115 0.5175765064347085 0.16536752986061753 0.04432399534155895
0.09284210118459135 0.532286932652944 0.2566459063588017 0.11822505980366294
0.4696526005183572 0.05866927404203892 0.22225783796405685 0.249420287475547
0.21890117853329827 0.21757627056071083 0.45226498795724646 0.11125756294874445
0.3492776777987232 0.3210945641296754 0.2858145267535792 0.04381323131802217
0.1377227800183456 0.2797343881205079 0.4808270284096605 0.10171580345148601
0.13379518850098426 0.5212457375006881 0.2641608857557106 0.08079818824261698
0.1346163375605698 0.39068818717524956 0.23694437232042354 0.23775110294375712
0.17494318395155328 0.04332902039431896 0.7502445616549248 0.03148323399920294
0.17333323762853814 0.038697882590153165 0.7383914408411242 0.049577438940184515
0.022090075421856592 0.704404958595808 0.22443748454219958 0.04906748144013584
0.3692636602666949 0.14561705392100266 0.05459037894606755 0.4305289068662349
0.3382768422891246 0.0023523163393766033 0.3141064516015597 0.3452643897699391
0.1571720858355934 0.04230270313907003 0.4936223518421655 0.30690285918317106
0.3568088804459999 0.04811386525455319 0.09918845404414245 0.49588880025530446
0.032442343276552155 0.08310285661744177 0.8623865121378863 0.02206828796811977
0.028553616178786156 0.3155603240419135 0.6339828912160352 0.02190316856326513
0.09120484819736518 0.1853885477567424 0.4107912171417608 0.3126153869041316
0.0753490635974221 0.8127286480707423 0.09167321153094143 0.02024907680089416
0.6367466219043885 0.04307065355536899 0.2944146999477365 0.025768024592506045
0.002407874896818596 0.2677706185706419 0.5262376414777483 0.2035838650547912
0.39066756345559717 0.09514616818100685 0.12139634862592841 0.3927899197374676
0.36582919308608075 0.46770146244249144 0.11521423288217936 0.05125511158924845
0.0010904450900737217 0.1646529908468949 0.34889439676055645 0.48536216730247494
0.4379103137019372 0.11714130299867553 0.04948964073997575 0.3954587425594115
0.16951761832943235 0.4565991498158807 0.09900131242085342 0.27488191943383355
0.4992819886514719 0.12251826198463966 0.1448362956331507 0.23336345373073775
0.07234237796772713 0.3926063228956328 0.30281182487342817 0.2322394742632119
0.3384497359832035 0.19160465950147187 0.10467508683880689 0.36527051767651775
0.2842899623295385 0.2089713235203311 0.2549834464422255 0.2517552677079049
0.24749470772547844 0.1736277916571337 0.009101214361663779 0.5697762862557241
0.34233919055801143 0.06376655294758393 0.5438258833122916 0.05006837318211299
0.03882691793081827 0.045550787194859166 0.0007599011070488215 0.9148623937672737
0.5257713969988038 0.26563475819509796 0.09443677680200668 0.11415706800409153
0.18072294605546668 0.1860681104756734 0.32913362256348344 0.3040753209053765
0.8649895172193863 0.04737698050035555 0.0707972548203738 0.016836247459884324
0.35343161494171305 0.4610591645268639 0.08335659572550558 0.10215262480591747
0.024652176915595514 0.21855739204696356 0.6268007420718643 0.1299896889655766
0.07019489769613407 0.20402375788059368 0.6420712726308776 0.08371007179239465
0.08029946154415268 0.7566465770942556 0.014168438313990173 0.1488855230476015
0.49718269041407237 0.2163673749985191 0.13163486054928564 0.1548150740381229
0.40301545223978763 0.27990475283581784 0.14430898224680877 0.17277081267758576
0.03686538059539701 0.4043650868526152 0.43256934445820105 0.12620018809378675
0.5320761016833448 0.23320685230999227 0.0827165515043129 0.15200049450234998
0.022077023347156444 0.052187683618028724 0.8059480720591217 0.11978722097569316
0.0361387809471958 0.19826688635257428 0.6782239609405152 0.08737037175971474
0.4387345441091207 0.13533491239664242 0.24777541672664083 0.17815512676759604
0.10112522795715317 0.048743400743940235 0.00703960026850825 0.8430917710303983
0.21259067489212058 0.3961811191749093 0.20784767744090138 0.18338052849206876
0.01891854878594279 0.04948217019979395 0.9082970877619861 0.023302193252277115
0.2692895679740719 0.17719302933595216 0.1952936933321211 0.35822370935785486
0.1384469838997774 0.5433501140629523 0.15677022964125964 0.16143267239601067
0.062343523803225165 0.4194942679224638 0.4068306325511559 0.11133157572315511
0.3887194030461817 0.0582722028952386 0.2006889789701315 0.3523194150884482
0.39338027233345263 0.2480397353449919 0.3105140706869689 0.04806592163458656
0.2017347855570022 0.5260814838782061 0.03482248555894485 0.23736124500584688
0.5745154590177999 0.1704619663953656 0.21818932900969146 0.03683324557714307
0.10966807006664936 0.04148550134732387 0.3250555244442369 0.5237909041417899
0.09361689032204445 0.4386538290679243 0.03606325140985378 0.4316660292001775
0.3665797525724226 0.4430387112665203 0.026033778102673155 0.16434775805838397
0.40133548329176305 0.19621553221850185 0.23570848774242692 0.16674049674730818
0.01395186694509798 0.4510576064170092 0.34935733375111966 0.18563319288677316
0.029150542980512006 0.08022913131085974 0.662382073525735 0.2282382521828933
0.45713119383108436 0.009842342935386883 0.36447130985169374 0.16855515338183502
0.6934747838229065 0.23895978266152873 0.0027696206389715705 0.0647958128765932
0.08909155809578906 0.2478976607867207 0.45900956212182575 0.20400121899566448
0.6134803012254983 0.25694437212738597 0.0018139254708943175 0.12776140117622137
0.3893577637682356 0.12729330294373564 0.26037118026720507 0.22297775302082368
0.02577649735804477 0.1270188944738856 0.1309893077840909 0.7162153003839787
0.2426927664942803 0.10845344551325165 0.031332320295533234 0.6175214676969348
0.03380277559838385 0.2965566778926989 0.3246456509514689 0.34499489555744833
0.3151183768975435 0.3486821402767506 0.16123083555661244 0.17496864726909345
0.22672536220007733 0.18485394030263058 0.18740231804671958 0.4010183794505725
0.3299176573645731 0.5103676960565847 0.089226675689421 0.07048797088942116
0.17753668748989127 0.5042425648520094 0.12226470251090271 0.19595604514719667
0.18731611683735916 0.31997441850773045 0.41866688416972986 0.07404258048518053
0.07092352199862306 0.5662527320693557 0.3291537187148008 0.033670027217220455
0.4969120423072739 0.16657456012528038 0.14466276942351164 0.19185062814393405
0.058597682010969265 0.5738344523598917 0.27848415428394013 0.08908371134519888
0.21231567372323878 0.04802632379325411 0.428395827734417 0.3112621747490901
0.26771971208021395 0.11439857308965662 0.03711173675550383 0.5807699780746256
0.48686422636207727 0.06126334405302236 0.28512054173223544 0.16675188785266493
0.14118772916712807 0.27034881597689764 0.30786152458977634 0.28060193026619795
0.002259508040507896 0.10729008868024459 0.7806655030742513 0.1097849002049962
0.27275223620064204 0.38700420706624394 0.21358760415040579 0.12665595258270823
0.7766687652493163 0.037932180244127034 0.15356391432616157 0.03183514018039513
0.6470062476237894 0.2142062508437007 0.13339903075740123 0.0053884707751086225
0.03614219912476546 0.1375112244809995 0.24294183557921667 0.5834047408150184
0.6002473686959926 0.12330133156004486 0.033216589852666845 0.2432347098912957
