81 40 4 111.85243337409514 223.70486674819028
4.198772060247128 4.067639890203715 9.397957980534128 9.224372670805238 8.537182555387549 1.5353925915241535 3.233892026089046 5.582074999686456 1.805897989422977 8.066357984904393 4.592003423404422 4.98425848422054 7.914851932617836 6.09488257740724 3.2083194483127198 5.905059994124724 2.301125987332957 5.040362768034796 5.188642325647429 7.457417492186885 9.587968702399522 6.623395602864567 4.762607227551886 9.045478975630624 3.9307269907203866 9.84430121741569 7.391172885382268 9.300403515221337 9.898734191948389 7.540386103566907 3.979050156360849 3.413753380948246 1.9231503278847049 2.6686392263623553 2.7949344747220195 6.2154008641991885 3.310546179817458 3.973006688051278 1.7303794693816883 7.434365385666588
0.8397544120494256 0.813527978040743 1.8795915961068257 1.8448745341610475 1.7074365110775098 0.3070785183048307 0.6467784052178092 1.1164149999372912 0.3611795978845954 1.6132715969808786 0.9184006846808843 0.9968516968441079 1.5829703865235671 1.218976515481448 0.641663889662544 1.1810119988249448 0.4602251974665914 1.0080725536069592 1.0377284651294858 1.491483498437377 1.9175937404799044 1.3246791205729134 0.9525214455103772 1.8090957951261248 0.7861453981440774 1.9688602434831382 1.4782345770764536 1.8600807030442674 1.9797468383896777 1.5080772207133815 0.7958100312721699 0.6827506761896492 0.38463006557694096 0.5337278452724711 0.5589868949444039 1.2430801728398377 0.6621092359634916 0.7946013376102556 0.34607589387633764 1.4868730771333176
0.21566831348853832 0.07380664976840434 0.053398733863231906 0.6571263028798254
0.4425952818819634 0.39220962303699236 0.145012790382824 0.020182304698220244
0.022025527590031402 0.676272978946748 0.1558230250837339 0.1458784683794867
0.0069532511826085885 0.08008446795215718 0.6440953786365408 0.26886690222869347
0.012587087275658715 0.2553970596105979 0.17228479246171424 0.5597310606520292
0.47574239043291333 0.47663073167115444 0.04392663175034284 0.003700246145589392
0.04083970868276243 0.06571407126888051 0.4443154800604112 0.44913073998794584
0.08306212511317357 0.16198685481159303 0.32264730425307153 0.43230371582216187
0.07911471629365008 0.048920744662082516 0.027659250255943624 0.8443052887883238
0.046382649360062866 0.5561188483005278 0.060520250092928496 0.3369782522464808
0.47613144396226526 0.10843799592798853 0.3401194629648876 0.07531109714485862
0.13118713970479035 0.3195156992232572 0.5128538644654994 0.03644329660645307
0.06088365894147585 0.6239944846075695 0.05636114321672725 0.25876071323422745
0.10761803630353017 0.43204290277948487 0.2934531072030754 0.16688595371390957
0.19620813298795314 0.009829093284765555 0.03417030532680987 0.7597924684004714
0.5960276508981517 0.056563305668542285 0.012313490734384258 0.3350955526989218
0.12025308283921476 0.016054342075565997 0.09487126808525603 0.7688213069999632
0.35336875330845785 0.17005450248097187 0.04308414203091171 0.43349260217965857
0.19120558591544756 0.6778108832320855 0.06996615182401755 0.06101737902844939
0.522190919441894 0.0282548341208837 0.003938315158987682 0.4456159312782346
0.03307942492738003 0.06375022512103046 0.2779348550437354 0.6252354949078541
0.013771296965146451 0.02019493609455736 0.2477237566315671 0.7183100103087291
0.05492911316164384 0.15072358097945737 0.4602514571131926 0.3340958487457062
0.1572468608134957 0.1531816964982491 0.09865986551977224 0.590911577168483
0.2400501069530091 0.24450874495988628 0.2180937369065259 0.2973474111805787
0.021855390558579102 0.25325707549958587 0.03168397562856551 0.6932035583132695
0.5657002753296237 0.14431567438553128 0.11614131782724768 0.1738427324575973
0.1424474695602158 0.0006692828089600589 0.790567359212169 0.0663158884186551
0.2897363057643314 0.0215934982801832 0.09472091742868127 0.5939492785268041
0.326663139496699 0.3371501076542698 0.07095361155479574 0.2652331412942355
0.0568759414468496 0.7188083032393875 0.16667731120635176 0.057638444107411146
0.07875212036099988 0.4387300687278899 0.4579571285871783 0.024560682323931937
0.08158497261509834 0.42289352174231054 0.040145082383369446 0.4553764232592217
0.057488754154399246 0.1415103008880687 0.3211088290340882 0.47989211592344383
0.15282326021343928 0.31914703663567645 0.15372529394734835 0.3743044092035359
0.09003658115021806 0.7351140772019022 0.0757907977857255 0.09905854386215418
0.09300836600786155 0.1524799349025039 0.2638201239613507 0.4906915751282839
0.46788556404129633 0.4503766724547381 0.07584022234270804 0.0058975411612575135
0.3937274466671079 0.2269877197921969 0.25997655122052277 0.11930828232017243
0.1269951527433325 0.02031000224843471 0.5439275783862667 0.3087672666219661
0.1571628679406437 0.21347498993939518 0.14707325496376922 0.4822888871561919
0.2768474287495474 0.062191788011775495 0.6574028147846426 0.0035579684540345546
0.30535163927104414 0.43519676086581505 0.015001902935956601 0.2444496969271842
0.17528303618890018 0.25980171232697113 0.2970255737256494 0.26788967775847927
0.13659101826204145 0.1174175416076435 0.03932286223367143 0.7066685778966436
0.21143189261989315 0.45007193742435836 0.07383386637182454 0.26466230358392395
0.40425697174572606 0.24415909415521242 0.2952888126634693 0.05629512143559223
0.2917377977859633 0.551003012382977 0.10164015910189972 0.05561903072915997
0.21560899090434793 0.007826178003832118 0.038803212373128115 0.7377616187186918
0.45222129136975997 0.12398464683747157 0.18761128235342694 0.23618277943934152
0.5364536028861574 0.008160286702448949 0.15590114858895987 0.2994849618224338
0.2834035990697805 0.12783688814734273 0.4152259698110553 0.17353354297182144
0.23244916609790944 0.23177558845612334 0.411062802174496 0.12471244327147124
0.0724902984689032 0.10355364373416653 0.005929809435634703 0.8180262483612956
0.028499595505352193 0.3293060338888306 0.04271941700716375 0.5994749535986534
0.0600744110266479 0.2352370652182142 0.24230907640691624 0.4623794473482217
0.03189516307948903 0.49430442605083114 0.1952136045860351 0.27858680628364474
0.3881560678577767 0.026515129701108475 0.4653865386807279 0.11994226376038697
0.7327152058753169 0.1062973403058165 0.14379035765622117 0.01719709616264542
0.36031207845752744 0.0685253884868654 0.5333002579265433 0.037862275129063816
0.5130095805908644 0.13885777830982537 0.04665992890917947 0.3014727121901307
0.39678352911925874 0.2262672611175358 0.37264486869584945 0.004304341067355999
0.5512014254664871 0.3797956304044905 0.018402408348897947 0.05060053578012447
0.19423401528386508 0.34901377697950786 0.43964522210903767 0.01710698562758939
0.14510773611335337 0.7161395852337784 0.04542092632478678 0.09333175232808144
0.6493753949513164 0.0008931563939212905 0.20150631927307638 0.14822512938168597
0.054656501059579976 0.5133556564263762 0.1900060221948665 0.24198182031917737
0.1910931457078946 0.15319145884486207 0.21651619573886105 0.4391991997083823
0.5896496962963854 0.2576330863538917 0.039724395190496864 0.11299282215922601
0.5049274843459005 0.17427849083130376 0.13717031963452864 0.1836237051882671
0.0704901271704601 0.30248689575348375 0.4488055001298531 0.17821747694620305
0.4873543808291094 0.20726587180188194 0.17626802274506548 0.12911172462394316
0.2989928491046381 0.18370719153610804 0.2019972887643705 0.31530267059488337
0.014567147037248929 0.3961380804554947 0.1114559551753499 0.4778388173319065
0.1706580159948633 0.4667218147722133 0.09439415838876686 0.26822601084415654
0.2634671141261997 0.27140790270990733 0.07132305758037294 0.39380192558352
0.08936362090724081 0.20170977202369156 0.06355719031285345 0.6453694167562142
0.03210584720879961 0.10561623306376888 0.8095460946723202 0.052731825055111314
0.02762125272685878 0.030260402823737875 0.8131959622886954 0.12892238216070795
0.09570134171816158 0.35771794691468395 0.18669777055442838 0.3598829408127261
