58 50 4 129.91380299412677 259.8276059882536
4.285950247204245 5.060853243040041 5.464543138910106 1.6805985993562325 6.145854240949488 3.6067060519656273 3.779240129095823 4.3738854985469855 8.342710069879129 9.719512243365816 8.09993097248023 4.426136444378569 2.4644459470403417 5.926489090572676 8.019466110333443 3.7003933606021504 6.875526592900989 3.6684912691597042 1.2936633796624233 9.538797193716821 2.374678692418283 3.509981151471286 6.170570644836414 5.984972826419963 1.7151378891353266 2.483131369809502 7.548066668835 2.1069983855849124 4.306484536293279 1.128371578819094 5.645087833798616 3.1626694784507494 5.550142047202594 4.342433591070812 4.336590856814192 4.822597335732367 6.207537479484383 6.3972190255196235 5.880344292996898 8.594663247928109 3.559245153700463 1.74485484098178 6.92503735858805 2.9876086413635665 8.418076264808217 4.576938127170532 7.078546091122522 9.175355920086448 7.149785536388647 9.471285298261112
0.8571900494408491 1.0121706486080082 1.092908627782021 0.3361197198712465 1.2291708481898975 0.7213412103931255 0.7558480258191647 0.8747770997093971 1.6685420139758258 1.9439024486731633 1.619986194496046 0.8852272888757138 0.49288918940806836 1.185297818114535 1.6038932220666886 0.7400786721204301 1.3751053185801978 0.7336982538319409 0.25873267593248467 1.9077594387433643 0.4749357384836566 0.7019962302942572 1.2341141289672828 1.1969945652839926 0.34302757782706533 0.4966262739619004 1.5096133337670001 0.42139967711698245 0.8612969072586558 0.2256743157638188 1.1290175667597233 0.6325338956901498 1.1100284094405188 0.8684867182141623 0.8673181713628384 0.9645194671464734 1.2415074958968766 1.2794438051039247 1.1760688585993795 1.7189326495856219 0.7118490307400925 0.348970968196356 1.38500747171761 0.5975217282727133 1.6836152529616435 0.9153876254341065 1.4157092182245044 1.8350711840172895 1.4299571072777293 1.8942570596522224
0.558597032866212 0.41291570704038116 0.018047117947364244 0.010440142146042608
0.01952336262022558 0.007199846596675941 0.7221173144586254 0.2511594763244731
0.5928182869371288 0.2022457893577725 0.10673288109729973 0.098203042607799
0.2272642455964723 0.0928747500878504 0.3635880818365693 0.316272922479108
0.5098647611704538 0.1461998774308172 0.2534116920004871 0.09052366939824197
0.043254626485143555 0.6679551331714233 0.04659554129380661 0.24219469904962654
0.40203333971795197 0.2592682595580601 0.3065236882994029 0.03217471242458503
0.14484819856710662 0.5875335149207781 0.1632089047777463 0.10440938173436898
0.013077797949059389 0.38004643858791576 0.3853954844895462 0.22148027897347866
0.2065832323107859 0.2378595645813557 0.25935733892624324 0.29619986418161515
0.13088153716354956 0.32760778824073633 0.38396633238989697 0.15754434220581714
0.5259300355630282 0.2621967469551213 0.18007999298760224 0.03179322449424826
0.5518723540839358 0.2541849338977725 0.09049277931440391 0.1034499327038878
0.06850929791416993 0.020308658148291858 0.47145893959357243 0.4397231043439658
0.7458904691803521 0.17908674191266727 0.06259683225598978 0.012425956650990888
0.109827314823014 0.23195740057192538 0.2780990629657675 0.38011622163929315
0.7702849237495378 0.1403751164224275 0.009386572096368506 0.07995338773166616
0.4191243283463809 0.26883588530068003 0.013664131783126532 0.2983756545698125
0.519027990847601 0.030688777249602173 0.2089812474729439 0.24130198442985296
0.2216408566705239 0.45427283999977 0.06170499395857476 0.26238130937113135
0.306392563858085 0.08833620158025846 0.23007115894258556 0.375200075619071
0.02778964759389002 0.052311208975661216 0.39101410677033577 0.528885036660113
0.09890469343470665 0.0026304761118191022 0.20366553122313258 0.6947992992303417
0.14436744306745597 0.0687751108604634 0.4929391087488594 0.29391833732322126
0.2942448724774641 0.2674150773222054 0.23303473851762968 0.20530531168270083
0.039993755006489495 0.08232369210152124 0.05974199235449695 0.8179405605374923
0.4015222896478545 0.21673416187997518 0.24584469325268454 0.13589885521948575
0.3497384435716636 0.22743400978774075 0.0406492265348708 0.38217832010572483
0.0803899819601317 0.5601209091815744 0.19296737484059867 0.1665217340176952
0.0761162810800049 0.18303711074340312 0.2721045310187288 0.4687420771578632
0.11184788818375602 0.5848134526019323 0.08118153746356604 0.22215712175074565
0.1885653021594894 0.2645005351182541 0.4279214946845037 0.11901266803775279
0.032630745659982585 0.8661088039602876 0.025450152133399295 0.07581029824633057
0.19710149329851578 0.4230905017968608 0.3768248848428767 0.0029831200617467246
0.4215541933206345 0.07051653114180811 0.005988923195096807 0.5019403523424606
0.024939241302277204 0.2934798931549353 0.23182357397625153 0.449757291566536
0.572062767186616 0.0038714505189341164 0.2713032654620703 0.15276251683237962
0.17108611767227933 0.7590874737693823 0.029003093357364507 0.04082331520097382
0.31783702660738056 0.11385509995547138 0.005170577391319209 0.5631372960458289
0.008613837738724928 0.08358929324855324 0.09140115226060308 0.8163957167521187
0.11000184880799613 0.6935704302973599 0.0522554578809713 0.1441722630136727
0.12560422056711773 0.34584374459080347 0.0567742834786964 0.4717777513633824
0.04861413952965421 0.6115654745683843 0.11351121518464102 0.22630917071732048
0.3219105816583522 0.19182882360447318 0.4592821444383307 0.026978450298843937
0.0742301042530581 0.49204649957803737 0.247789102864849 0.18593429330405553
0.4323281424928258 0.10850980304100577 0.2969566913512547 0.16220536311491374
0.25184243028209863 0.0887560021444318 0.599873120047585 0.0595284475258846
0.1514026756124056 0.0059698880721007486 0.8141077567888063 0.028519679526687325
0.062366854451980425 0.06201482129953384 0.10386545212960274 0.771752872118883
0.26247925619903145 0.031438481320338996 0.17072266079746046 0.5353596016831691
0.01286183960845333 0.2545755715179402 0.3104228854011992 0.42213970347240726
0.32139908102478143 0.4624898944302742 0.09806940729714653 0.11804161724779783
0.5663298418077157 0.01522331202169791 0.011874231015553627 0.40657261515503273
0.2843249387360034 0.13304499949795667 0.45496637394608286 0.12766368781995707
0.06463408079257549 0.03831736370820904 0.46741019372971515 0.4296383617695003
0.053321994278267226 0.49472472334996487 0.39247718968455314 0.059476092687214765
0.08354141602970644 0.2569946918085011 0.26929883988466685 0.3901650522771256
0.12823408494136102 0.09124702523257777 0.19671151849412416 0.583807371331937
0.06993689982266416 0.10928668873949976 0.09796416652355111 0.722812244914285
0.06331719542470648 0.6536300050967634 0.1516662024953106 0.13138659698321953
0.12650899156702633 0.7952582126049347 0.01554512009314446 0.06268767573489453
0.12753030226584172 0.48760258413657975 0.38336622371837725 0.0015008898792012726
0.01087047835302668 0.31892715525296245 0.3823493557468455 0.2878530106471654
0.3053528588968295 0.007386047639861171 0.319538703990616 0.3677223894726933
0.21542024864515907 0.06508648583236754 0.07856754763781393 0.6409257178846595
0.017440138610337774 0.1892861786513933 0.2607767243892003 0.5324969583490686
0.25349543304777356 0.32664129569022615 0.1548969635608648 0.2649663077011355
0.8257764917431982 0.06494301413548054 0.01885045674345398 0.09043003737786726
0.3369688014394495 0.32387634484015804 0.23732188472352633 0.10183296899686611
0.31008872397938503 0.03762915826514379 0.5096087022852026 0.14267341547026857
0.09959776466548043 0.5499099650670478 0.020598111268052888 0.3298941589994189
0.04133771357373295 0.011560420322431098 0.15422673294686395 0.792875133156972
0.061537741085971875 0.5814998666425294 0.15180634195291276 0.20515605031858597
0.11823226502810602 0.39739541191675753 0.40407692244194393 0.08029540061319251
0.4226870072784531 0.34186713776927224 0.0441300397464881 0.19131581520578655
0.00174259113006614 0.4412464683595132 0.3824003157287523 0.17461062478166833
0.1583600884970111 0.5214578809670498 0.26745409721829805 0.05272793331764103
0.30866987598898155 0.19408195258837913 0.34088889753379936 0.15635927388883997
0.37720505370666557 0.11496885826674919 0.40770898941730027 0.10011709860928497
0.031113022038775195 0.11515094260104886 0.15686066925182474 0.6968753661083512
0.07676722784389878 0.08971262448766926 0.276038055558653 0.557482092109779
0.09873834447024421 0.31834053217717917 0.33121695548413344 0.2517041678684432
0.32786785494626003 0.23102482159682747 0.32764455984523977 0.11346276361167273
0.2140608743763165 0.017826293141600558 0.12900788211040448 0.6391049503716785
0.03863879758875677 0.013794174845274898 0.7017632659866315 0.2458037615793368
0.053801092143879514 0.14951382753807363 0.6493556112217065 0.14732946909634037
0.47716976915414155 0.17669890681475076 0.12124548976168825 0.22488583426941944
0.3307827130791646 0.18822560348055395 0.10422476911837453 0.3767669143219069
0.06718481324498626 0.4072213387668039 0.322252730952174 0.20334111703603586
0.46433484193732033 0.07049342098384659 0.45465267562619216 0.010519061452640921
0.005002479382960057 0.582723703617338 0.016827214817786595 0.3954466021819153
0.4239248404218039 0.46045773342264606 0.018832324052458493 0.09678510210309155
0.17354490750059892 0.031676827449881984 0.7136891615715666 0.0810891034779525
0.020948863145524244 0.3424071608399927 0.5445324224162056 0.0921115535982775
0.15294427459796167 0.1303902654377298 0.1037208113475162 0.6129446486167923
0.037303866448964995 0.10177364714893455 0.024872348731912686 0.8360501376701878
0.7877883951427459 0.15099882052754332 0.053586091786265944 0.007626692543444835
0.2701175565609386 0.28340955208380414 0.10513215541027288 0.3413407359449844
0.41433574475915125 0.46591615522916097 0.11896652911586247 0.000781570895825312
0.2549917352890442 0.06805778386934414 0.3429163209737659 0.3340341598678458
