56 20 4 56.401515357039415 112.80303071407883
9.85772665488319 4.000710394131881 7.063314622022237 2.7675137549307207 4.190018181769212 8.320293578638545 3.2306459816013495 5.127501926315924 8.89571279347379 4.524926150506673 3.93520078315279 1.8108559921939413 8.507959749314505 1.8659044444782737 6.827905738875522 5.945535895306108 8.647664877015512 3.3878558640189924 4.967814888995725 8.927968442453924
1.9715453309766382 0.8001420788263761 1.4126629244044475 0.5535027509861441 0.8380036363538425 1.664058715727709 0.6461291963202699 1.0255003852631848 1.7791425586947578 0.9049852301013346 0.787040156630558 0.36217119843878826 1.701591949862901 0.37318088889565476 1.3655811477751043 1.1891071790612215 1.7295329754031024 0.6775711728037985 0.9935629777991449 1.7855936884907848
0.035671968937962095 0.2921249023060509 0.408560833709222 0.26364229504676495
0.5501953349456337 0.1955217121797619 0.24447407255666997 0.009808880317934476
0.401166500337061 0.10808811552114783 0.4220650999247435 0.06868028421704764
0.13782737256520994 0.44790936384990343 0.20033929180204302 0.2139239717828436
0.025420971434836348 0.7189165925281076 0.007905535018285836 0.24775690101877024
0.4689814502834114 0.35731924081244504 0.14116216510928659 0.03253714379485695
0.1527355716683979 0.3058852299482385 0.2747059560626177 0.26667324232074585
0.1460934696865831 0.7904758484354761 0.02560365015892685 0.037827031719013915
0.15073436131691642 0.28407813599824006 0.41389357739398935 0.15129392529085417
0.22203616691622308 0.11177008953180445 0.19384569864086254 0.47234804491110993
0.5005600304174201 0.1915145512553602 0.2967252715580462 0.011200146769173469
0.3985822705894927 0.0888499269432742 0.4790228905151791 0.033544911952054
0.4419325166003589 0.07367548726551554 0.3716014578969068 0.11279053823721874
0.06125915966708273 0.004723186946860913 0.8292132326417243 0.10480442074433205
0.08301366707298918 0.016570152902166124 0.5574019540628736 0.34301422596197106
0.24828234336405897 0.31726584567520655 0.1401771669524401 0.2942746440082944
0.16607630654869532 0.0874025141616197 0.06701590890778597 0.679505270381899
0.6190577199774393 0.01748302325337936 0.2375735165782472 0.12588574019093413
0.5294921604425464 0.24645893550030018 0.1581584375608478 0.06589046649630559
0.12049886415634459 0.5321252720315996 0.33843149779895954 0.008944366013096228
0.01973122894251267 0.5432854044224427 0.14962340403671537 0.2873599625983293
0.7295678878198996 0.2339158507435215 0.024777932654022505 0.011738328782556429
0.20418215532269568 0.1455902820213163 0.1224241879480088 0.5278033747079792
0.15652571602169907 0.008812463563560025 0.5598645400264521 0.27479728038828877
0.12892417667035672 0.047656978344524425 0.08267260834994772 0.7407462366351711
0.1883884783417279 0.09392529679696815 0.0898430787734752 0.6278431460878288
0.0016424362549277705 0.03717053192410724 0.6404909146977951 0.3206961171231699
0.3273935457799423 0.2078797766937981 0.2025207494157938 0.26220592811046584
0.01741362681044112 0.3858040092340983 0.4700537514433838 0.1267286125120768
0.03566288656035865 0.32870658616069504 0.3894882585205194 0.24614226875842693
0.11020666723436923 0.5726206460085254 0.25537313589731114 0.06179955085979427
0.20678671606036358 0.01634362375089693 0.28605991253112484 0.49080974765761465
0.5722760306112005 0.11811472469527518 0.03336246944601362 0.27624677524751073
0.033002470287029184 0.6623252537730908 0.2841978930374147 0.020474382902465282
0.27910927839176247 0.22385753061423697 0.2920003605260688 0.20503283046793175
0.5831267904259484 0.021238430893342763 0.09916328727087886 0.29647149140983
0.3060288666239527 0.3039074282235935 0.371909270560545 0.018154434591908797
0.07507984000765366 0.11296313601571029 0.5072404814306936 0.3047165425459425
0.2971545008186979 0.3478254422401008 0.3511297862761401 0.0038902706650612018
0.15157549729490827 0.5305009962464766 0.21973098143433423 0.09819252502428089
