50 20 4 57.484177955421146 114.96835591084228
5.451414809842193 3.052747940044026 3.299265313814902 4.566969187504992 4.395835879220116 9.969168071391843 4.673774802998773 7.947045953557422 7.844830192079959 3.7900841381679884 4.118870841064275 4.1658833574690615 2.3092017084653946 9.753982162457053 9.182605941932412 6.039613933499125 3.8223167184703413 8.993800337714994 7.071157592400375 4.5197870287470545
1.0902829619684387 0.6105495880088052 0.6598530627629804 0.9133938375009985 0.8791671758440233 1.9938336142783686 0.9347549605997546 1.5894091907114842 1.5689660384159918 0.7580168276335977 0.8237741682128551 0.8331766714938122 0.4618403416930789 1.9507964324914107 1.8365211883864823 1.207922786699825 0.7644633436940682 1.7987600675429989 1.4142315184800751 0.9039574057494109
0.5071841239129765 0.16115344486370353 0.25966335903987237 0.07199907218344759
0.1798276940637874 0.14722960999922718 0.6109579188793773 0.061984777057608076
0.6832057705273451 0.04948183837917153 0.1986416586994315 0.06867073239405186
0.5987651786627821 0.08359199047359667 0.11436009414468962 0.2032827367189316
0.7257502783492717 0.1905581710036396 0.0015697698054785159 0.08212178084161015
0.2949295455270283 0.17291668345425615 0.3711496597228935 0.16100411129582204
0.13896007126961285 0.08815409942727825 0.2520020743460618 0.5208837549570471
0.47778496541837956 0.048879125666528744 0.4314069580186566 0.04192895089643511
0.22696164702474486 0.455670963691409 0.23662440573159516 0.08074298355225096
0.005439868860820707 0.7923202386309371 0.05596238829365452 0.14627750421458763
0.0139053656832 0.36908773059031386 0.48146091261454793 0.1355459911119382
0.40152910346764115 0.1581003417417851 0.17786223969878223 0.2625083150917915
0.29810165145363354 0.12757518815606483 0.06105301754117631 0.5132701428491253
0.049697686154183573 0.3585213365210178 0.5092404598798126 0.08254051744498603
0.07051577837500278 0.14186033974979173 0.7746456802309808 0.012978201644224696
0.38085240706759793 0.12157616205065014 0.20452550600296182 0.2930459248787901
0.17545596569028543 0.12171870123969608 0.2911401621878763 0.4116851708821422
0.12728055084633982 0.03917803432301592 0.2035635916116325 0.6299778232190117
0.40725992443703496 0.4229740932941084 0.07571802987053211 0.09404795239832453
0.17382853179944335 0.23878480152182313 0.48981582973576554 0.09757083694296798
0.05225869110650927 0.4718448115576047 0.04726956637481261 0.4286269309610734
0.056401639171493434 0.6576910682626003 0.21184046506694887 0.07406682749895743
0.4064202433408075 0.05532743292362463 0.18816819182463007 0.3500841319109378
0.22203939207967582 0.20996285571840512 0.4460540548042652 0.12194369739765387
0.12485469348959277 0.2628563002407034 0.3941226839964598 0.21816632227324406
0.17861920235967843 0.07671971198488492 0.3613925003779509 0.38326858527748575
0.07344734233770289 0.03885984130074838 0.5475692623958552 0.3401235539656935
0.5402962292704219 0.04349608215304068 0.33847037742119224 0.07773731115534521
0.2520088647581922 0.46400833377707595 0.24825892006646777 0.0357238813982641
0.03486532878140702 0.3866804779208223 0.5152053929454815 0.06324880035228919
0.11481894966650752 0.4740909807959419 0.23274710083749017 0.1783429687000604
0.613237573970931 0.13538242730332328 0.0917241688717102 0.15965582985403548
0.4998916380848989 0.03865274675003394 0.06383478864989078 0.3976208265151764
0.2628770217325649 0.19981500770077776 0.024351451234326915 0.5129565193323304
0.20908845599764592 0.37302015516793907 0.3790264383414844 0.038864950492930594
0.0897930746962542 0.5031751384599132 0.04577228324554217 0.3612595035982904
0.01653445679207788 0.8116097773688361 0.07634522307549607 0.09551054276358995
0.042129502933201834 0.1371387230038501 0.7044202706669999 0.1163115033959482
0.2354009785637614 0.0566066435049033 0.17915253532671105 0.5288398426046242
0.40565093708085675 0.05249217137977158 0.13679381627346843 0.40506307526590324
