61 50 4 135.08851819482072 270.17703638964144
8.420225283219537 2.632147592474798 8.895940913863473 5.495961766119753 9.684337899004106 1.0319099212875775 9.312799119745467 6.664995219110898 3.7386779949941666 4.068325738599709 2.266616626426149 5.383015982709059 8.929420482203023 5.0769553278344315 5.2749836205217395 8.941064781400012 7.00717372136776 1.736458841985613 1.2504108294834577 7.480301141083219 7.406398012926148 1.358858566155244 5.194077825274609 4.306554206058671 6.393006834855653 7.522180053072223 2.727886026441016 5.7539703063257885 3.622987896234239 2.2554207527894476 9.603832969961054 6.445396860043522 9.192539656260811 5.12048470311357 1.3913456572961274 2.1390628205828865 4.011123296792749 5.030702011624007 4.833755415273619 5.94069125337382 7.927222584172823 9.299793428819749 7.747212763273606 3.6311254212133592 2.737665402132575 3.3452484254792267 7.534752347126634 5.090072349937478 2.539959183410961 6.781986556185881
1.6840450566439074 0.5264295184949596 1.7791881827726947 1.0991923532239505 1.9368675798008212 0.2063819842575155 1.8625598239490935 1.3329990438221795 0.7477355989988334 0.8136651477199418 0.45332332528522984 1.076603196541812 1.7858840964406046 1.0153910655668863 1.0549967241043479 1.7882129562800024 1.401434744273552 0.3472917683971226 0.2500821658966915 1.4960602282166438 1.4812796025852297 0.27177171323104876 1.0388155650549218 0.8613108412117342 1.2786013669711305 1.5044360106144445 0.5455772052882032 1.1507940612651577 0.7245975792468478 0.45108415055788953 1.920766593992211 1.2890793720087044 1.8385079312521622 1.024096940622714 0.2782691314592255 0.4278125641165773 0.8022246593585498 1.0061404023248015 0.9667510830547238 1.188138250674764 1.5854445168345648 1.8599586857639498 1.5494425526547213 0.7262250842426718 0.547533080426515 0.6690496850958454 1.5069504694253268 1.0180144699874956 0.5079918366821923 1.3563973112371763
0.010345279282380382 0.24782498846661183 0.22651816811071934 0.5153115641402884
0.038929871611780964 0.09953769614262675 0.23444454100253032 0.627087891243062
0.667068122587043 0.06148102252984078 0.23979914300119376 0.031651711881922506
0.12607086533676615 0.352192144495869 0.18094818778829636 0.3407888023790685
0.12031385849588072 0.35459607929108783 0.3470604508449454 0.17802961136808604
0.017380565625591315 0.6286340610370044 0.014437181971462043 0.3395481913659423
0.6070470460964557 0.19859837225135324 0.08679041002232712 0.10756417162986398
0.6157151009679958 0.004717519739531939 0.28271163706256786 0.09685574222990445
0.06753918183055563 0.7991371083418025 0.12783169776332215 0.005492012064319707
0.2244041840310278 0.2926552135905649 0.17516712641566878 0.3077734759627385
0.21106019774499185 0.10315085856851314 0.5615893692694048 0.12419957441709017
0.41271096054771494 0.3901991613460766 0.16764122704966744 0.029448651056541042
0.5431961867033634 0.16410655948504205 0.2628429561181662 0.02985429769342829
0.1305661096490004 0.31697743322151095 0.22295774491229248 0.3294987122171962
0.5202117749222789 0.35286979197540314 0.11059085173033201 0.016327581371985977
0.26475307721765085 0.07449070856013773 0.41362954542141894 0.24712666880079248
0.1507916724092303 0.012980545415690492 0.205653938647558 0.6305738435275212
0.32186902980772125 0.4355940579926173 0.14156046340005513 0.10097644879960632
0.10320571664862666 0.08184847474037338 0.4105958520372701 0.40434995657372985
0.12743504923762972 0.1751946479840113 0.35013491036411104 0.34723539241424795
0.7542022974837501 0.006466678951031146 0.03489983236317895 0.20443119120203979
0.4476728119820663 0.1358485520257967 0.2680817862354371 0.14839684975669987
0.0279933311888223 0.5701616038967162 0.24727749376260355 0.15456757115185793
0.2643422085668181 0.5038662967438826 0.21441646664154512 0.01737502804775415
0.17957139433867153 0.22399968557011596 0.0800937232293194 0.5163351968618931
0.35864660842906215 0.5172475842528015 0.07503948393312276 0.0490663233850136
0.21398298882384648 0.09178484225963779 0.5560566609779275 0.13817550793858824
0.18316471483209684 0.29316694335766036 0.4836266564888686 0.0400416853213742
0.4884463469653406 0.05834475306682618 0.2816817397692519 0.17152716019858127
0.05273791475514922 0.09380842865043504 0.8190516167989434 0.034402039795472295
0.39104680378298406 0.052045729527467444 0.46214138222913037 0.09476608446041812
0.2188107292904352 0.24344131890689769 0.03506528126776587 0.5026826705349012
0.2666733420687418 0.2627475063546878 0.044999313358885185 0.4255798382176852
0.10662161209783183 0.07407452801525582 0.8044217553311216 0.014882104555790754
0.10544950995334701 0.4320370094172338 0.03628120438230431 0.4262322762471149
0.17480487695967495 0.10265168221523657 0.08945751721517659 0.6330859236099119
0.12699247422285764 0.4404867237251031 0.0778240741815861 0.35469672787045314
0.2785058265992537 0.06986135874716481 0.5523091326657226 0.0993236819878589
0.04276549558887299 0.2008076641189901 0.4655294058732955 0.2908974344188414
0.0037735954743005617 0.11010592434506572 0.8189637645818066 0.06715671559882708
0.4631420484421295 0.2963679836365739 0.120412172138196 0.12007779578310063
0.5991035165432537 0.15282245554729212 0.1843316249741982 0.06374240293525602
0.5472686217921956 0.31495250708963085 0.1265130708578207 0.011265800260352843
0.5985301660283248 0.1583699241230897 0.21509625631185292 0.02800365353673262
0.08583166861852454 0.44183348903059905 0.2819684079219119 0.1903664344289645
0.39796648934231826 0.17464737103301464 0.3811508362916909 0.04623530333297621
0.4541957474705559 0.15240693577786413 0.11156398851846527 0.2818333282331147
0.3477002580209939 0.3692052978196758 0.24768193279565442 0.03541251136367585
0.30400474802808597 0.11418568465400603 0.19482046227501848 0.3869891050428895
0.13762497394731887 0.11226293690439826 0.3984512011843311 0.3516608879639518
0.26826715982464855 0.05848461055941656 0.44175274616516225 0.23149548345077264
0.0981926085607514 0.08923432235064832 0.1531855068285669 0.6593875622600334
0.12349837203131697 0.3210229311016546 0.12827741037642493 0.4272012864906035
0.24536184183455523 0.09737983301124475 0.48798283838268997 0.16927548677151005
0.4343064264026042 0.3595404386807033 0.1847755061230597 0.021377628793632808
0.012089946168206356 0.19161638713720286 0.7102658061873278 0.08602786050726297
0.35780278090595274 0.023567818800542706 0.3006679286706344 0.31796147162287014
0.14093050732007484 0.4198873708116938 0.3477823103698756 0.09139981149835574
0.1294365531894901 0.09880351649282537 0.6760978616948013 0.09566206862288318
0.17195444290601125 0.2704760410287057 0.025771369530185884 0.5317981465350972
0.3334914760584162 0.07654585436277539 0.45962775800889044 0.13033491156991794
0.34468330541566294 0.18404724218266177 0.2567498507241507 0.2145196016775246
0.39693145824376697 0.14931267944269622 0.152171334160496 0.3015845281530408
0.21646082371305975 0.26964119542098486 0.34797699537161286 0.16592098549434253
0.1564108847959157 0.37058769947057246 0.1918008456165935 0.28120057011691835
0.2885899255663492 0.13521351013534477 0.12155457396559632 0.4546419903327097
0.027054599171379534 0.10751763041012863 0.8560296606752031 0.009398109743288696
0.10193616832651609 0.1086668768434057 0.5666449852176877 0.22275196961239052
0.10442050933840297 0.7106282377831161 0.01883770975688659 0.16611354312159432
0.018069660695995693 0.06259888698913818 0.22699718564276516 0.692334266672101
0.45301018056860765 0.2096265723140851 0.26384174840294106 0.0735214987143662
0.11329601649745136 0.502468847419789 0.04786045408891093 0.3363746819938487
0.702483080952054 0.034630760026249985 0.09190645556501587 0.17097970345668012
0.38941568119749825 0.3378525290635086 0.25593149345857924 0.016800296280413907
0.20736437162727384 0.1448478193404057 0.031386045907591975 0.6164017631247285
0.057298404081927656 0.03681991864697576 0.25474133711655367 0.6511403401545429
0.02978834080024717 0.25832535777912635 0.1066912888103424 0.6051950126102841
0.11340587776251121 0.520855491590702 0.2549494561031096 0.1107891745436772
0.0729421324873123 0.6106806506877277 0.06493433616012612 0.2514428806648339
0.44005335681006275 0.07979326432769274 0.4198466661118685 0.060306712750376024
0.14104110832438832 0.23678099370177685 0.03597262167624293 0.5862052762975919
0.01680705126463755 0.08243485879229417 0.7771462280507722 0.12361186189229612
0.18904649598597623 0.4127754804465905 0.33311227251954745 0.06506575104788581
0.20596045978628574 0.06423614818761092 0.08472234187206229 0.645081050154041
0.06333961101755248 0.09963292989471573 0.10179503117349387 0.7352324279142379
0.19787019110938409 0.10918308589142667 0.5402639184245974 0.15268280457459182
0.2506267438346014 0.26419581708973683 0.3236197184681061 0.1615577206075557
0.6293281988397464 0.25147945756543855 0.0637236071029289 0.055468736491886106
0.5445658428192451 0.1912209222642386 0.12867456872535776 0.1355386661911585
0.3148179749183935 0.012508540550788316 0.4451060279200142 0.22756745661080402
0.22023199137513216 0.21264679154407373 0.1370318089915986 0.4300894080891955
0.006052492953884214 0.0286313097933234 0.23946613422261487 0.7258500630301775
0.22607390160956342 0.03467383718539929 0.22923766437005733 0.51001459683498
0.23593835836205468 0.2973870157657995 0.27827894634278183 0.18839567952936398
0.18128117302364088 0.36896000405092777 0.3160090073103414 0.13374981561508992
0.15277377340461895 0.161840039305727 0.657210684019519 0.02817550327013507
0.24933151038781642 0.19588926552554997 0.046347068023857796 0.5084321560627758
0.2516135503007426 0.1685815814924625 0.23448369353304543 0.34532117467374945
0.06129473952915698 0.3667655055541186 0.555608192426588 0.016331562490136453
0.06607653151105752 0.4074977335550123 0.40464357618211966 0.12178215875181053
