92 10 4 30.446174032816977 60.89234806563396
8.972924494938631 8.097234101233521 4.822553183275968 5.309826821624704 1.003186537583948 8.707303414664676 4.179895240029829 5.380741411351822 4.97145795653803 9.44722490439283
1.7945848989877262 1.6194468202467043 0.9645106366551935 1.061965364324941 0.2006373075167896 1.741460682932935 0.8359790480059658 1.0761482822703645 0.994291591307606 1.8894449808785658
0.29151838813445374 0.15591868403150022 0.27024181333997066 0.2823211144940754
0.40338105205547437 0.3800686805650042 0.07238673733887502 0.14416353004064641
0.17096165545790587 0.18158400905533267 0.4208545490327332 0.22659978645402823
0.007790208883773131 0.36568494557156306 0.37901425919791465 0.24751058634674916
0.5249144514252775 0.15154702472779713 0.04772939352800465 0.27580913031892074
0.3781029115197584 0.08902382424002864 0.35642872503325074 0.17644453920696224
0.13488626146209104 0.16637776401611415 0.1846394707892004 0.5140965037325944
0.54453446697254 0.17304558822704175 0.07462362681729684 0.20779631798312137
0.26595028761497774 0.5115771859881334 0.03810434987543432 0.18436817652145454
0.44588413796009996 0.02344693813970944 0.12395037432241462 0.406718549577776
0.28928025480992503 0.5459551675852509 0.005113742000977917 0.1596508356038462
0.7160573415343857 0.08323147857959134 0.07084347117487244 0.1298677087111505
0.11905044935420306 0.32133826606430893 0.47972841694444046 0.07988286763704755
0.10766602921316182 0.0748006234284545 0.7342977902491339 0.08323555710924979
0.06810805386667318 0.470823774046659 0.0755657744771061 0.38550239760956173
0.06693800305061393 0.301839979277404 0.09272329797308854 0.5384987196988935
0.08654682149095139 0.12349084390452958 0.6615316662920665 0.12843066831245253
0.029468553723913105 0.17023237837385174 0.5407830121921486 0.2595160557100865
0.35304050515706764 0.47299061630682404 0.03817672126049221 0.1357921572756161
0.1846077012800046 0.2664962837906393 0.3220517668817614 0.22684424804759473
