79 40 4 113.52163962944746 227.04327925889493
5.50601313706343 5.212606833533036 5.507042730780091 2.3426034890689733 8.382501422374734 3.892276284486741 8.01256597396672 8.335722770913005 1.1332204955323666 3.048217555293667 7.405584178746709 8.390016059498263 8.139929280771616 5.456943870382062 6.045172258930392 5.634376929824458 3.583119958604634 2.6928081757475986 4.069050721652306 3.396784011212003 2.8252793744648788 4.669008166538601 5.691201021436838 1.076075832415908 9.6682991792954 8.744268506591222 8.110223359784701 7.76929390799231 9.452641248078224 9.85801130999369 1.7656240381158055 5.793816813544424 7.8026669063957925 3.79304159364278 7.225917342697392 2.75817249906009 8.687810215855972 4.942790058753599 6.711225798739498 3.511355947115015
1.101202627412686 1.0425213667066073 1.1014085461560181 0.4685206978137947 1.6765002844749468 0.7784552568973482 1.6025131947933438 1.667144554182601 0.22664409910647332 0.6096435110587334 1.4811168357493418 1.6780032118996526 1.6279858561543232 1.0913887740764125 1.2090344517860783 1.1268753859648917 0.7166239917209267 0.5385616351495197 0.8138101443304612 0.6793568022424006 0.5650558748929757 0.9338016333077203 1.1382402042873676 0.21521516648318162 1.9336598358590797 1.7488537013182444 1.6220446719569401 1.553858781598462 1.8905282496156448 1.9716022619987381 0.3531248076231611 1.158763362708885 1.5605333812791584 0.7586083187285559 1.4451834685394784 0.5516344998120181 1.7375620431711944 0.9885580117507198 1.3422451597478997 0.7022711894230029
0.21280323381524213 0.2291778928390027 0.23321723331870792 0.32480164002704726
0.00458459022687685 0.6396941937912312 0.14630188733109006 0.20941932865080193
0.004242533523914349 0.21954842260585228 0.574733575465899 0.2014754684043344
0.65536917364675 0.14961298432453274 0.07917562915931342 0.11584221286940388
0.6683816285101525 0.058283567520112545 0.22978871311439875 0.04354609085533623
0.6087534493280077 0.3189407153269488 0.009130245333892506 0.06317559001115103
0.5403370323274739 0.114041803803823 0.1872692672439643 0.1583518966247388
0.24736209870064818 0.23228346905875819 0.33376940736712646 0.18658502487346718
0.47618762520078517 0.022655292117425008 0.13882844552728402 0.3623286371545058
0.027090013154109416 0.6834025225153928 0.039503275552825734 0.25000418877767205
0.38565820044484844 0.4112067090799326 0.1495294247465505 0.05360566572866843
0.6003756470899198 0.029271025482336177 0.3472927886353804 0.023060538792363694
0.26327021375988213 0.2010833995315513 0.06030339217075609 0.4753429945378105
0.1367780215464478 0.11144214029933242 0.23853526727601837 0.5132445708782014
0.6667857955619569 0.12876042495506212 0.007437498529625941 0.197016280953355
0.19657789999122866 0.19456786144824978 0.21997218133938978 0.3888820572211318
0.05340391742297246 0.2179083649186383 0.34501181064188924 0.3836759070165
0.7474136245825465 0.1839766909213041 0.05548776929007615 0.013121915206073309
0.1616830749516981 0.7921691854387494 0.021871584188956072 0.024276155420596468
0.1268346651574107 0.4634980740341328 0.0775493139278709 0.3321179468805856
0.23446692924543133 0.06223604799632254 0.3870197317533016 0.3162772910049445
0.5915722159174703 0.06365337109039515 0.09000680210512202 0.2547676108870125
0.004246322971503513 0.4346007528575184 0.05280187831790761 0.5083510458530704
0.023216521283324187 0.3353612184757677 0.3638349658398803 0.2775872944010278
0.07660983211459149 0.019397093933560483 0.4628110898181138 0.4411819841337342
0.17379345707102412 0.6045986298498266 0.17600522977275468 0.04560268330639461
0.3579352251456638 0.06399640274473584 0.1586074963174784 0.419460875792122
0.28957238458032764 0.31028007274167013 0.008910626684889844 0.3912369159931124
0.31884352739475097 0.011656042175220427 0.048923007736659585 0.620577422693369
0.12145959687889163 0.03620637161081397 0.44836420387996123 0.39396982763033317
0.08273657833595627 0.24682627011443659 0.5323928650573736 0.13804428649223355
0.0807242814157112 0.09438395648483533 0.4513819703706584 0.37350979172879506
0.05269827999166876 0.23300018880222706 0.26939396534519966 0.4449075658609045
0.5059386196500016 0.13234333955537858 0.16262997253896683 0.19908806825565295
0.24495194141899979 0.18667740396878296 0.023531674444448036 0.5448389801677692
0.26856231973316047 0.30170773166185527 0.08677254592184724 0.342957402683137
0.10488563901390746 0.5886323630378738 0.06189379478795454 0.2445882031602642
0.4175882756613031 0.4735945922098346 0.10544786780781656 0.003369264321045784
0.7244679455159456 0.08970454105225434 0.17193091363952762 0.013896599792272424
0.07285936339629384 0.03365498563859837 0.249434463691537 0.6440511872735708
0.16899291464630273 0.21489021005209819 0.5402509483397061 0.07586592696189298
0.32221451363105724 0.07783157245532724 0.288180416597717 0.31177349731589854
0.575175657096876 0.15773143516880583 0.12333491643017058 0.14375799130414757
0.0599098979516014 0.5041878073433824 0.22124548045150194 0.21465681425351424
0.05300447941599762 0.4209586313781323 0.20602051298540314 0.32001637622046697
0.008847423462379878 0.206384443300476 0.1185034051892846 0.6662647280478595
0.2743611576685989 0.22361209103164525 0.26817416238613057 0.23385258891362526
0.650012508339515 0.046639165100000324 0.015399903930741754 0.28794842262974296
0.0050347147725186 0.18770677213068965 0.7072441274938865 0.10001438560290521
0.2889454585399115 0.07081916886397921 0.25780742054810835 0.38242795204800095
0.23948181033097693 0.29835906975886406 0.08304133515639689 0.3791177847537621
0.2875122348946346 0.3617227753324165 0.04344669610623908 0.3073182936667098
0.35554362438410736 0.13797878623191118 0.3473017499240162 0.15917583945996527
0.4526074983243302 0.37470684490801165 0.08690754981591753 0.0857781069517406
0.4416290443012363 0.08747526168794073 0.0059656062998210135 0.46493008771100197
0.11850007757560665 0.01674491943221068 0.6765161774655525 0.18823882552663018
0.11425567547659077 0.739626271767719 0.13284150736558897 0.013276545390101258
0.2487050121468959 0.14419423439747514 0.5166259717423602 0.09047478171326873
0.012571086788825014 0.4989463979562747 0.25269730508761234 0.23578521016728793
0.169283292879843 0.505956672428887 0.17650094773048353 0.1482590869607865
0.11031342465761262 0.7592709652414215 0.009454449537578569 0.12096116056338735
0.18298563174880977 0.04929687696292895 0.061930997120490994 0.7057864941677703
0.07452359903187544 0.12377804033741002 0.31532120289546783 0.4863771577352467
0.0045338324277328645 0.005665251025614215 0.14336830670664114 0.8464326098400118
0.08252325109891745 0.7491730100821474 0.06649198371728393 0.10181175510165119
0.06515623239998403 0.37328436725125536 0.10792408016320476 0.45363532018555586
0.22822800330603465 0.0016145705201179306 0.24070466561819537 0.529452760555652
0.28934208685826557 0.07282534781239947 0.05190944138031395 0.585923123949021
0.08780557851180693 0.10225932773709978 0.02297422295906737 0.7869608707920259
0.08013150444333594 0.024813277719372362 0.10023781628758244 0.7948174015497093
0.40708534050724865 0.0891106303296142 0.16845102253668276 0.3353530066264544
0.3201156731029494 0.19158767826475365 0.21165477908747965 0.2766418695448173
0.035501686448348724 0.5862631045538628 0.21245470504176023 0.16578050395602828
0.5200227952939617 0.04925605632956742 0.3838939960088298 0.04682715236764112
0.12811904377674954 0.10099329041759586 0.5982008283898897 0.17268683741576485
0.16700832532351984 0.32893772613965744 0.2064039647231931 0.2976499838136296
0.5825505114844692 0.051471921002796184 0.1257452378172471 0.24023232969548747
0.32812523844097385 0.11871437632201365 0.5004105810249554 0.052749804212057105
0.010680710117258352 0.17103502305618912 0.7865838520560051 0.031700414770547414
0.4077828625564086 0.35444553662028233 0.16091765081785436 0.0768539500054547
