36 10 4 26.16836252095543 52.33672504191087
7.556564724361531 6.41452791133192 9.569626006654124 2.288561029489274 8.266232168831483 4.268931368689261 2.6790113106038427 3.3323611445915247 6.667861083507543 1.2930482938503638
1.5113129448723062 1.282905582266384 1.9139252013308248 0.45771220589785483 1.6532464337662964 0.8537862737378521 0.5358022621207685 0.6664722289183049 1.3335722167015087 0.25860965877007275
0.23203283149672627 0.31809732412510605 0.3971019175554281 0.052767926822739564
0.22605554497448566 0.22668816036685402 0.0073828743165590405 0.5398734203421013
0.2239904629349737 0.368694332729367 0.07820408453828764 0.3291111197973716
0.17168483380233646 0.07170720250328744 0.3856769301974433 0.3709310334969328
0.02541687847177554 0.14881077687859023 0.8239506603545036 0.0018216842951306322
0.18700973810923505 0.29617476258596176 0.15658473276683182 0.36023076653797137
0.4028237315824781 0.07941789225386531 0.3907999380054168 0.12695843815823982
0.20542335882258966 0.0018809402043907797 0.5144122096252396 0.27828349134777997
0.23090420689632973 0.16937447095981017 0.3166725191816213 0.2830488029622388
0.16211991522666536 0.08852468314816797 0.5204282298487015 0.22892717177646515
0.0023659750442113214 0.19464231259653586 0.7073099559774592 0.09568175638179366
0.2104069784427729 0.03567221163147993 0.12926404748084075 0.6246567624449064
0.2156180315325198 0.11139405595204566 0.12475711242011489 0.5482308000953197
0.022679242035416047 0.5021488548639366 0.0065850396691577995 0.4685868634314896
0.15073290435871467 0.08170399500664638 0.10949885297005779 0.6580642476645812
0.35176465653059386 0.001997726495970853 0.06565069067098617 0.5805869263024491
0.19644074244312482 0.24155241999119126 0.3640161385390809 0.19799069902660305
0.08301267227129783 0.5971475160690882 0.1886839658040771 0.13115584585553686
0.07730388443980651 0.12395138301319886 0.46638200086028847 0.33236273168670616
0.14695125356347927 0.7559011428404421 0.04428278220725668 0.05286482138882198
