48 10 4 26.72163887567973 53.44327775135946
1.1574124383803737 9.024159404622326 3.563750507265265 3.690787397130621 8.128308345898864 3.9202353773040595 8.782393480212324 5.027613689924867 5.934069157150848 4.214547953469905
0.23148248767607474 1.8048318809244652 0.7127501014530531 0.7381574794261242 1.6256616691797727 0.7840470754608119 1.7564786960424648 1.0055227379849734 1.1868138314301695 0.8429095906939811
0.11231202539270979 0.33264705131947514 0.015142151484086597 0.5398987718037285
0.13210203994591607 0.05502573288460866 0.1495860845985565 0.6632861425709188
0.08198783075111105 0.4632414329636366 0.0435586520973833 0.41121208418786903
0.14617642058355407 0.18850889710214025 0.06695537424159037 0.5983593080727153
0.03742705562434445 0.11464076981589233 0.11105121448300737 0.7368809600767559
0.16478338022933325 0.12266896820479822 0.6631364901689583 0.049411161396910264
0.09006696587638663 0.21600900076121254 0.3738387253003328 0.32008530806206803
0.03477780936045416 0.8547825402335681 0.07328703082100874 0.03715261958496896
0.14266544519129043 0.5854354762011522 0.2636544290755074 0.008244649532049952
0.06077463391516946 0.4059963528247015 0.2226368450169709 0.31059216824315816
0.14189715484829712 0.45084725412707527 0.13923581621153946 0.26801977481308814
0.03711031498483863 0.37172489829187194 0.045592607551579234 0.5455721791717102
0.2134399510803413 0.36154363607066786 0.08008276122246338 0.34493365162652745
0.38057243869694113 0.29875239344190074 0.10945938615929385 0.21121578170186428
0.6136303874864167 0.15824666266219278 9.217964953933677e-05 0.22803077020185114
0.3377937105460287 0.31388566345647195 0.266794968463799 0.08152565753370034
0.18210750582402757 0.5107308263008673 0.2163273376304251 0.09083433024468002
0.3701990506946695 0.14750077764433056 0.06154551181133938 0.42075465984966054
0.382788860417118 0.009846871383300981 0.5143846887899841 0.09297957940959689
0.0007973040569280165 0.09084564011749852 0.28912313508789966 0.6192339207376738
