37 100 4 291.2292220945618 582.4584441891236
9.500469425715762 5.176883568739668 2.7351552606144187 6.237053891919928 6.580757891562644 7.158016157168567 1.9309379951799825 7.709281896559901 3.5378116306681235 7.780821284298549 8.134350666136445 6.646605366514238 4.991399594005613 9.671188171667191 9.07359898347597 2.771238592706717 6.363560198688306 6.160392509329119 7.344544187604809 9.363358165607433 1.4610684599885775 2.2133079002284104 2.053256555048087 4.28252284630532 8.230697544504727 9.732184487743144 3.9968133303657867 5.305778867444513 2.6104370276428845 9.122810395145999 7.872181165615516 2.789744773757009 4.291175510846803 6.360240446626722 1.3608484082853418 8.421651848487764 6.76244244468023 1.1722330968655301 8.254345345232203 4.64403386786616 1.0324349593282198 5.187100741087177 4.031658265849292 5.818594715649678 9.4311243794297 8.888991849473861 7.76866924277896 5.184965603053114 7.335105897189402 1.3484921209076104 7.117311490868986 4.770816571706496 9.125726145233584 9.506454691012113 9.793461165784255 6.226069035557532 9.778202121844197 6.2855640024869155 3.9821620138481535 5.277356116978368 4.98855059247788 7.570424861002642 6.666690861651468 8.767552116458841 4.0242800415847 7.216769648938152 4.767452207456158 2.8419629342605432 1.3567093576648896 6.3776861567312775 9.459826266120412 9.689507563046329 8.562595164099864 9.329893826177003 6.257374169933494 4.6742006475332705 9.72909274388847 1.6423320312959957 7.186051026731127 5.239022307190943 8.031782094530707 5.367473746709514 3.9123882336203955 2.2370443746278905 4.9095096332660715 9.756307661044463 8.133848589847002 3.9383552917807516 1.9508924556608211 2.980417574860664 6.982125143084952 2.7386574451731773 2.0963772654732384 5.9282104104339135 3.7211054950454576 4.341778302424434 6.550313750667544 5.957961437105526 4.663385528183557 4.217074340428048
1.9000938851431524 1.0353767137479335 0.5470310521228837 1.2474107783839856 1.3161515783125288 1.4316032314337135 0.38618759903599653 1.5418563793119802 0.7075623261336247 1.5561642568597098 1.626870133227289 1.3293210733028475 0.9982799188011227 1.9342376343334382 1.814719796695194 0.5542477185413434 1.2727120397376612 1.2320785018658238 1.4689088375209618 1.8726716331214868 0.2922136919977155 0.44266158004568207 0.4106513110096174 0.856504569261064 1.6461395089009454 1.9464368975486288 0.7993626660731573 1.0611557734889026 0.5220874055285769 1.8245620790291999 1.5744362331231032 0.5579489547514018 0.8582351021693606 1.2720480893253445 0.27216968165706834 1.684330369697553 1.352488488936046 0.234446619373106 1.6508690690464405 0.9288067735732319 0.20648699186564395 1.0374201482174352 0.8063316531698584 1.1637189431299357 1.8862248758859401 1.7777983698947721 1.5537338485557919 1.0369931206106229 1.4670211794378805 0.26969842418152207 1.4234622981737972 0.9541633143412993 1.8251452290467167 1.9012909382024226 1.9586922331568508 1.2452138071115064 1.9556404243688394 1.257112800497383 0.7964324027696307 1.0554712233956736 0.997710118495576 1.5140849722005283 1.3333381723302937 1.7535104232917682 0.80485600831694 1.4433539297876306 0.9534904414912315 0.5683925868521087 0.27134187153297795 1.2755372313462554 1.8919652532240825 1.9379015126092658 1.7125190328199729 1.8659787652354005 1.2514748339866988 0.9348401295066541 1.945818548777694 0.32846640625919915 1.4372102053462252 1.0478044614381887 1.6063564189061412 1.073494749341903 0.782477646724079 0.4474088749255781 0.9819019266532143 1.9512615322088926 1.6267697179694003 0.7876710583561504 0.39017849113216424 0.5960835149721329 1.3964250286169904 0.5477314890346354 0.4192754530946477 1.1856420820867828 0.7442210990090915 0.8683556604848868 1.310062750133509 1.1915922874211051 0.9326771056367115 0.8434148680856095
0.2449937392641175 0.21123223288761295 0.3105400718428878 0.23323395600538177
0.17293286856056744 0.6397110813512789 0.02534475210467957 0.16201129798347413
0.09107030481693645 0.41637398121611524 0.00973656202756601 0.4828191519393823
0.4659923785137676 0.34441004684777665 0.1651962942612778 0.024401280377177925
0.37209843570175927 0.2709108055129109 0.1006637808032741 0.2563269779820557
0.03371652819289683 0.7815515179591196 0.0028227284757973425 0.18190922537218623
0.1696767205417623 0.3614847429900464 0.40874718762431705 0.06009134884387424
0.18240508997401006 0.3118356833905982 0.4632606027668664 0.04249862386852532
0.41839438267579177 0.23518945724331863 0.32696940472678937 0.01944675535410023
0.32863031798333364 0.2914284719362006 0.1048158261685046 0.2751253839119612
0.32352382750465924 0.2924220704942403 0.3659101188615036 0.018143983139596864
0.04713783184133191 0.5587262049080901 0.1166102806086371 0.2775256826419409
0.33007478523457456 0.025799266279181055 0.06838479690224941 0.575741151583995
0.18289522374541167 0.06244737877539608 0.1521853770736491 0.6024720204055432
0.005550731753927063 0.3790340418879893 0.020076677427550815 0.5953385489305328
0.026163540734479906 0.7934993463973189 0.15193128451999893 0.028405828348202267
0.08927304178716666 0.5789304022979286 0.2621089120430923 0.06968764387181248
0.2873804029522674 0.09993386949739425 0.32187803133721227 0.2908076962131261
0.24310302546164475 0.22222205788777694 0.3303313040154998 0.2043436126350785
0.5174198517516223 0.044744554752046306 0.3895245937044459 0.04831099979188547
0.2654414946159699 0.11094396895284453 0.35879790972824344 0.26481662670294215
0.24777544870707713 0.04027871691259688 0.47369677154155365 0.23824906283877234
0.3654362537713701 0.1485827067801594 0.4369835447767768 0.048997494671693675
0.11297568740355268 0.08044498497315855 0.19794952595459125 0.6086298016686975
0.13013356610703974 0.5073021291376119 0.24039939456712567 0.12216491018822273
0.09092358729273753 0.2427537657673422 0.05083931926986818 0.6154833276700521
0.07908720188136409 0.10746130093309891 0.2744799509317726 0.5389715462537644
0.11547717604207264 0.4370851576632271 0.0951208097436248 0.3523168565510755
0.18733402240949282 0.06138905580473686 0.6741768193568732 0.07710010242889709
0.2613867887571516 0.14007280584947923 0.381547438945565 0.2169929664478042
0.2434722932051353 0.005991682153814737 0.41233176443750885 0.3382042602035411
0.04873752173956514 0.17075178662808188 0.6969776626422569 0.08353302899009607
0.044267198035872535 0.16460359615348952 0.6699108606725659 0.12121834513807206
0.0103549870536489 0.07649224345266237 0.5270232104388728 0.38612955905481594
0.6928538576708979 0.05164721070585587 0.1466572088866579 0.10884172273658832
0.2509869315175334 0.46241612339447313 0.1964510013029207 0.09014594378507279
0.2583674100555785 0.09968098335580089 0.23093761551905345 0.41101399106956715
0.2467696108205948 0.22569386774723643 0.39277184882088223 0.13476467261128655
0.5492208245936588 0.0977347669084484 0.13761587259449926 0.2154285359033935
0.04574723899279942 0.27217380048770623 0.5344394876402939 0.14763947287920043
0.06212915002535435 0.02555969934778024 0.10262403222684102 0.8096871184000244
0.44079539745094265 0.05890757833587301 0.2768913922956642 0.22340563191752016
0.2755058056783545 0.18495396375655115 0.2669215017629485 0.2726187288021459
0.6795017234775819 0.045361015734389665 0.10502593739090726 0.1701113233971212
0.024598150636278016 0.14498466210455063 0.04266541152180614 0.7877517757373652
0.0002836506918622028 0.2322761935858877 0.3028619339959716 0.4645782217262785
0.32802861782751935 0.134228461627678 0.4517324308931542 0.08601048965164848
0.13085297309161403 0.07137600669094912 0.7138157634889579 0.08395525672847892
0.30464014982583376 0.0956227262215289 0.4277102810353408 0.17202684291729653
0.15300458586144328 0.3064569114437482 0.045898972434177954 0.49463953026063057
0.7471986438691136 0.08243189063846779 0.1156257163544292 0.054743749137989406
0.10021102437797724 0.3480160456744842 0.07065808623107506 0.4811148437164635
0.20004922429055083 0.12429139303016601 0.34822523989588816 0.327434142783395
0.2803947180078451 0.06768860761582352 0.09709290730595588 0.5548237670703755
0.5313087373731584 0.12203299712211813 0.2962268749987139 0.05043139050600953
0.42331383483601015 0.2603810423267533 0.25806948058079904 0.058235642256437514
0.2561549560099712 0.37891900059941164 0.036041647399192134 0.32888439599142505
0.2116696439823651 0.09639494897819945 0.6867147168146227 0.005220690224812752
0.27485669014443825 0.6688960523997578 0.04777782568828737 0.008469431767516578
0.19984725105364765 0.13200880889920297 0.40317369781781 0.2649702422293394
0.5919448368342678 0.05975904468110427 0.3244687302781276 0.023827388206500322
0.016029607061015416 0.14293993832556173 0.2727518857336574 0.5682785688797655
0.19572130685943978 0.46028028781041774 0.2787995975113168 0.0651988078188257
0.4141170280214589 0.23027133558640123 0.14048366469109463 0.21512797170104525
0.10611266109263784 0.7916876632441373 0.05567347615291551 0.04652619951030934
0.01391837433698917 0.3001113156511188 0.15870424113396964 0.5272660688779224
0.24955572203975385 0.1553090601472632 0.12552699262208278 0.4696082251909002
0.10452300968131045 0.03743296548989883 0.6606427722953405 0.1974012525334502
0.3521058772903548 0.2665674270067613 0.3764079398345537 0.004918755868330238
0.38109413891693034 0.09821708907710835 0.13203897067510073 0.3886498013308606
0.08353478125280278 0.21091492667625267 0.5479437024108662 0.15760658966007834
0.02906556492972956 0.7387317435182466 0.05130862206695186 0.18089406948507203
0.298748417988255 0.39726593143348465 0.22378474693648454 0.08020090364177579
0.25471944183537243 0.39932571631219693 0.03049199312894446 0.3154628487234862
0.75352685935509 0.1425595802999302 0.025224997247295544 0.07868856309768424
0.09690671774485127 0.06983132229736366 0.375143708800309 0.45811825115747606
0.05425813230279608 0.22668784410941856 0.6795505351407327 0.03950348844705265
0.45478335666973924 0.2062684727295082 0.12413360685174823 0.21481456374900432
0.056349839711204996 0.4979338476450198 0.16954109075694812 0.2761752218868271
0.17901449426502736 0.23241524405808456 0.5389961295622985 0.04957413211458961
0.041659862702875805 0.636116501369275 0.05162266488118605 0.27060097104666314
0.5605391656676001 0.0019772667287654144 0.08426230611701147 0.35322126148662303
0.20279881405640177 0.37570791825554783 0.28428923321544164 0.13720403447260876
0.3975590871357717 0.3034671233508476 0.1418058084059114 0.15716798110746932
0.05922483780688781 0.05306496750441492 0.6276362316408546 0.2600739630478427
0.30429545277993597 0.4036863458249189 0.17230930938086586 0.11970889201427926
0.06506406097281714 0.3096733891479513 0.5943829420618335 0.03087960781739807
0.13679071863160375 0.4787330989275693 0.30051204451241087 0.08396413792841606
0.21625562875854742 0.45404805696525086 0.24622039753601765 0.08347591674018406
0.11880394997915678 0.5617589232215109 0.08891900381061468 0.23051812298871766
0.47361323146777345 0.30963423225455633 0.15522614531311474 0.06152639096455548
0.3069492732406949 0.010210465240479971 0.519155248677305 0.16368501284152015
0.1836006994780598 0.0035261099362613457 0.3412006167726266 0.4716725738130523
0.3527275443280259 0.13097377340318317 0.26387273473715933 0.2524259475316316
0.2023114980001568 0.32833118603974043 0.4205016387967546 0.048855677163348155
0.043900503432256266 0.13787057608482722 0.11059789849777946 0.707631021985137
0.031296704945597775 0.43467616883392635 0.0730441582084762 0.46098296801199967
0.13790045660065098 0.38715334062300744 0.3666248109147253 0.10832139186161627
0.07228277125155735 0.6557853328227591 0.16758921078850975 0.10434268513717382
0.6942951172560872 0.0725079208748407 0.00778039004898079 0.22541657182009134
0.2608241854094867 0.34980820794623846 0.09554517928445239 0.29382242735982245
0.47269834643618247 0.20190599281926702 0.01533743443192015 0.31005822631263036
0.004110485069153236 0.07433882233355504 0.6039632176536269 0.3175874749436648
0.02481596347386128 0.13800623065190554 0.7611230303758955 0.07605477549833772
0.4812930600260906 0.0954667604922278 0.11225031931188678 0.3109898601697948
0.04412111139287256 0.06412560423967595 0.1276030934263649 0.7641501909410866
0.2374600252319684 0.3928895909839797 0.11506522304903599 0.2545851607350159
0.16629329014354577 0.3219809739183226 0.3334396965388521 0.17828603939927956
0.1068767515049035 0.050560793422036565 0.504816345717963 0.33774610935509697
0.48772841112873333 0.2347320585160323 0.04904141118648553 0.22849811916874885
0.24828028906114463 0.27135112053085486 0.23389238688310976 0.24647620352489075
0.409210741763089 0.24183293937204575 0.09264742515516344 0.2563088937097018
0.13396220722112795 0.24614246108628302 0.256495195003019 0.36340013668957005
0.180288625100391 0.1779939598544461 0.2083942304921934 0.4333231845529695
0.28392708438707026 0.09465779551529985 0.3226955423298814 0.2987195777677485
0.13429867250695138 0.32518146774674683 0.49017888283600797 0.05034097691029382
0.023853801283035714 0.08196023173581624 0.3392637282237808 0.5549222387573672
0.03700251673733146 0.27096325639494356 0.15354183493656437 0.5384923919311606
0.13043739354285633 0.5257634948138253 0.18665084808311516 0.15714826356020317
0.36993783015108217 0.06591524762404766 0.5017608829708092 0.06238603925406094
0.13661189945169294 0.2884492949221459 0.1998277788983911 0.3751110267277701
0.14388025009660266 0.3178847043342632 0.5279379724985854 0.010297073070548723
0.49707234778905796 0.4052735105298104 0.015444332026499863 0.08220980965463176
0.070483346681663 0.09287486091481068 0.8358679702628043 0.0007738221407219692
0.41634090406763014 0.3751578836346743 0.0983473360743069 0.11015387622338868
0.03293020005447733 0.8438618735738063 0.010961352952093661 0.11224657341962274
0.2855453961858855 0.07967727123185109 0.44094711585026736 0.19383021673199607
0.05721156409754924 0.2791577002131851 0.5159798507374075 0.14765088495185819
0.2671761219786237 0.2623455942318812 0.12397096166073918 0.3465073221287559
0.09872173576906329 0.30577242226577406 0.2672979650320816 0.32820787693308107
0.3396639741099212 0.17352178653679895 0.2249507207479673 0.26186351860531254
0.027365980868308104 0.03492995569778801 0.03759504545401804 0.9001090179798859
0.33237062312321264 0.038151834555609776 0.16323993145895255 0.46623761086222504
0.43439737488757235 0.17256553018747245 0.30550784007786425 0.08752925484709095
0.7133202750754202 0.10271286427846293 0.12239323199207319 0.0615736286540437
0.24111220551650103 0.019871169950025247 0.5683915356513577 0.17062508888211603
0.13976465737607247 0.4084550121447099 0.1458516906478471 0.30592863983137053
0.41900046365784016 0.09819375963846921 0.4736247524109881 0.009181024292702511
0.18085625131825134 0.13504830661863998 0.6597965566845277 0.024298885378580937
0.08040442878779608 0.09544421784887658 0.43730883090600636 0.386842522457321
0.17246930513942715 0.2149760131344296 0.6064274308690899 0.006127250857053346
0.2592365524360176 0.28965546843015477 0.019605449472786307 0.4315025296610413
0.016608314799860024 0.17188063555730526 0.7709899731083392 0.04052107653449555
0.40822713870151106 0.0028841356007975882 0.5332068920878592 0.05568183360983214
0.15548300243413116 0.003092697883175788 0.5115867533739752 0.32983754630871787
0.011561901416525355 0.3192943533365008 0.30585633300971415 0.3632874122372597
0.188494365614842 0.0652350327691229 0.12398445139797842 0.6222861502180567
0.28310037368748964 0.18706021348742008 0.46592099564827405 0.06391841717681623
0.13674418653013265 0.3447031350150276 0.05620455164151317 0.4623481268133266
0.16563951289150858 0.002359395927356789 0.4409235120467122 0.3910775791344224
0.14536652861789034 0.44725575218205993 0.032144757773461374 0.37523296142658835
0.5011173846479339 0.08012214382773852 0.21769354388750373 0.20106692763682388
0.1262278701615437 0.14098626656232183 0.2900371552618398 0.44274870801429467
0.4227184634452269 0.25722069882129084 0.06029143383397795 0.2597694038995043
0.16486426552925737 0.45320393717988805 0.15887171980049308 0.2230600774903615
0.6262626244539012 0.06305299185408042 0.1356497175983702 0.17503466609364815
0.11320441863634179 0.5999739529696205 0.020750021239482996 0.2660716071545547
0.32224908350712866 0.29696195120126434 0.3352645261220899 0.045524439169517095
0.06794639645631184 0.3070990273269556 0.3617579938428035 0.26319658237392907
0.10102235672663507 0.30274351446703884 0.22597680321131897 0.3702573255950071
0.2830554584896918 0.46056856069672303 0.01564391503321627 0.24073206578036888
0.2609776594619183 0.462189840226499 0.2589236180992408 0.01790888221234188
0.5997899625340349 0.07357246568231979 0.29113865647870873 0.03549891530493654
0.4753523071726363 0.18520730779164785 0.060643260384834585 0.27879712465088125
0.5771931550458295 0.38513787484968853 0.011007835086577988 0.026661135017904014
0.17212349516888636 0.0016945612059735549 0.5438902033190957 0.2822917403060444
0.3335727110423943 0.12475479016115865 0.19839625939389727 0.3432762394025498
0.5184692606993436 0.30330394607983013 0.022293031611801184 0.15593376160902506
0.21027618047889474 0.18192970685550447 0.04297310191684889 0.5648210107487519
0.6182733441908032 0.031942031098375456 0.2033231035781783 0.1464615211326431
0.3118461259820362 0.11056068002258623 0.48872752562390864 0.08886566837146892
0.018494849380150113 0.7913640593703304 0.15354866416428092 0.03659242708523858
0.5707812825376078 0.19530753495644748 0.03925626985262054 0.19465491265332413
0.47740998895694353 0.001978927769100469 0.44361427031338707 0.07699681296056893
0.266408702025005 0.09355680659674592 0.38505134047927947 0.2549831508989696
0.5263835455963862 0.18382012950568005 0.009396546350041723 0.280399778547892
0.02616632171319755 0.369740093986366 0.48621196306243686 0.11788162123799961
0.25446234884294316 0.16971777899375506 0.532029897545382 0.04378997461791978
0.2957399771817856 0.047796700884270016 0.3044586297320404 0.352004692201904
0.06472180679292838 0.44544532353480415 0.2628310780416363 0.22700179163063117
0.16907525839362747 0.43203181288858183 0.1647428164768191 0.2341501122409716
0.3169387655427832 0.2986918279769506 0.20348962015079564 0.18087978632947055
0.14862129483484676 0.6975702135441452 0.09412041281068506 0.05968807881032301
0.14945076308602967 0.15480477782025648 0.6330456594994474 0.0626987995942665
0.16051701588321754 0.2647347524192404 0.11178372677791015 0.4629645049196319
0.5614977296477243 0.352707683215001 0.03372905031422502 0.05206553682304971
0.15970106969583608 0.16486633934985084 0.5536123840288751 0.12182020692543793
0.07979690735843559 0.10354324547170024 0.38189181932317684 0.43476802784668733
0.004909279113507581 0.18627126196494304 0.002592281721102485 0.8062271772004469
0.45691977881954116 0.10213717875214812 0.33375264468817845 0.10719039774013228
0.15738029524962505 0.7356300934376502 0.07148476250749236 0.035504848805232414
0.07097624491722687 0.30395513111398675 0.07556219073856119 0.5495064332302252
0.35523438192998524 0.5809971373724031 0.044555025482736044 0.019213455214875608
0.1501928046190968 0.1300336878449 0.26755660343450893 0.4522169041014943
0.2773741523833708 0.43886162953923735 0.1975373961036304 0.08622682197376141
0.27541312127793904 0.16884235406667059 0.5494873004176424 0.006257224237747994
0.007505458865594394 0.4033510064147128 0.3300937854736262 0.2590497492460666
0.2360523868546639 0.01522245509262532 0.6892673112273209 0.059457846825389904
0.4515833545893885 0.3936215164012432 0.08359742145979332 0.071197707549575
0.31252992428940596 0.1681223285885043 0.4081906711740634 0.11115707594802637
