67 10 4 26.52727222849836 53.05454445699672
5.912662869414808 8.729709495322231 7.173033279099212 3.9843263891209078 1.539981366045561 4.476500029384381 2.918348728159201 9.39255985073224 7.505364689702759 1.4220577600154165
1.1825325738829615 1.7459418990644462 1.4346066558198425 0.7968652778241816 0.3079962732091122 0.8953000058768762 0.5836697456318402 1.878511970146448 1.5010729379405519 0.2844115520030833
0.18783802225914759 0.06423348613009194 0.5692393409952583 0.17868915061550217
0.04318877089643203 0.21405404099779912 0.15234569797421604 0.5904114901315528
0.23281291266151638 0.16486437211197913 0.15430055445325874 0.44802216077324575
0.4022515699464202 0.41191192035942725 0.13926106289172924 0.046575446802423315
0.1833954754651207 0.3612188494920696 0.18862573991692255 0.26675993512588714
0.249045064855544 0.4578991726658894 0.2626421562515062 0.030413606227060352
0.008411904363797018 0.1304400842422585 0.2153521916240544 0.6457958197698901
0.40048766771229727 0.046959543165337236 0.19484906539011027 0.35770372373225523
0.22506068293312886 0.2284911965628259 0.22278720374344874 0.3236609167605965
0.028443654556018272 0.49842442877042303 0.11107974582107993 0.36205217085247876
0.31507669038981057 0.03524321665724861 0.24154959224380257 0.40813050070913826
0.011114115323251905 0.4011403362027157 0.5427543419027547 0.04499120657127764
0.30860495251210995 0.22105343713165637 0.1788172393649773 0.2915243709912564
0.29764185918057184 0.057288340358783274 0.24699460771258508 0.3980751927480598
0.046139978558926154 0.6818573596939772 0.2350848777784721 0.03691778396862455
0.2739307015983292 0.031041678392520144 0.06557116320976097 0.6294564567993897
0.8944718006430912 0.03256353503758791 0.04807951872668359 0.024885145592637326
0.23980394741886046 0.22864724298773265 0.4399731823645907 0.09157562722881618
0.15183554146816047 0.2773467825958186 0.3927155564788014 0.17810211945721954
0.24494606933066898 0.44571617303732847 0.30650311736784386 0.0028346402641586943
