82 90 4 226.43828302443185 452.87656604886376
3.477031028212039 6.753076848327427 6.615092911018419 8.002380765838744 5.3030217655045 9.632204969399263 9.97690786038536 8.492619488173613 2.834605467863149 2.2064500132971805 6.535131551810037 6.33688351843367 6.803024441979704 9.898484786401415 4.01646351176842 8.276669422368014 7.038234287424518 5.8432605329290395 1.6255791319431832 1.8055110909135599 8.846130637883864 6.292306545114345 1.6890896229489596 4.096971285182821 4.2970873916610834 1.1068142921676087 4.9764930427931695 1.4818843044855494 7.0532950422712055 1.2904205911511502 4.4604147660664815 8.417191901817336 9.082833537962438 3.9680985746313873 1.8760822090567375 2.6955540116926837 2.4813874420236237 9.435405968456728 9.894932555750861 1.8361518464707736 3.3597454610573267 2.194032153609047 7.48724742135269 2.722038500484481 1.1358024108542377 2.3862075628688606 9.114430538845554 6.529671081344919 1.8696685704817861 2.4985006584485876 1.0431721435641244 5.178449579569604 1.630252176831879 9.17317703021193 3.473003259026896 6.229790137178848 9.068500098084215 2.4314217234039184 8.328743168963422 4.62232058612463 3.0892007703094517 2.079340268710931 3.9991725532594575 7.546259781343633 1.1933113266405229 3.758575477903501 3.551461141752638 8.391956740976642 6.019217725703013 9.572051473963828 3.6867245131908253 4.036007627037231 3.6191998653752764 4.116854911159094 9.67472477096711 5.0770625801679925 1.519595004877428 2.7920126295528496 6.2604498192712725 2.983178094550001 8.078029405288822 3.488843091848289 7.485756649436009 1.3020841121166897 3.9155629903621825 3.2059169675745744 9.92676263902497 7.782962391588565 4.547932736784141 2.949004762239856
0.6954062056424078 1.3506153696654855 1.3230185822036837 1.6004761531677487 1.0606043531009 1.9264409938798526 1.995381572077072 1.6985238976347226 0.5669210935726298 0.4412900026594361 1.3070263103620072 1.2673767036867338 1.3606048883959407 1.979696957280283 0.8032927023536841 1.655333884473603 1.4076468574849037 1.168652106585808 0.3251158263886366 0.361102218182712 1.7692261275767727 1.258461309022869 0.33781792458979193 0.8193942570365642 0.8594174783322167 0.22136285843352174 0.995298608558634 0.2963768608971099 1.4106590084542412 0.25808411823023003 0.8920829532132963 1.6834383803634672 1.8165667075924876 0.7936197149262775 0.3752164418113475 0.5391108023385367 0.49627748840472474 1.8870811936913454 1.9789865111501723 0.3672303692941547 0.6719490922114654 0.43880643072180936 1.497449484270538 0.5444077000968962 0.22716048217084756 0.4772415125737721 1.8228861077691108 1.3059342162689838 0.37393371409635723 0.4997001316897175 0.20863442871282487 1.0356899159139208 0.3260504353663758 1.834635406042386 0.6946006518053792 1.2459580274357696 1.813700019616843 0.4862843446807837 1.6657486337926843 0.9244641172249259 0.6178401540618903 0.4158680537421862 0.7998345106518915 1.5092519562687268 0.23866226532810458 0.7517150955807003 0.7102922283505275 1.6783913481953285 1.2038435451406024 1.9144102947927657 0.7373449026381651 0.8072015254074462 0.7238399730750553 0.8233709822318188 1.934944954193422 1.0154125160335985 0.30391900097548563 0.5584025259105699 1.2520899638542544 0.5966356189100002 1.6156058810577645 0.6977686183696579 1.497151329887202 0.26041682242333797 0.7831125980724365 0.6411833935149149 1.985352527804994 1.556592478317713 0.9095865473568281 0.5898009524479713
0.445980387327782 0.2756094669603182 0.1626710436413259 0.11573910207057392
0.6918715851174692 0.06051642618984221 0.05491316849227568 0.19269882020041296
0.11597282733154879 0.041234387216575685 0.40948291223247046 0.43330987321940506
0.1852220426010599 0.11284152910465906 0.6114185414903943 0.09051788680388673
0.14053916033501102 0.6660658354479685 0.012648988196826472 0.18074601602019402
0.06630833471503983 0.3759840738568484 0.08128864537584812 0.47641894605226365
0.4454537628633445 0.08272777264947984 0.2423086899202731 0.22950977456690258
0.2511163898776163 0.27542805720124497 0.4579536678990864 0.015501885022052297
0.019407164738009297 0.42416358945238963 0.5289624216598826 0.02746682414971846
0.05426589150573313 0.12025021145426107 0.0909454821661636 0.7345384148738422
0.2978916663044704 0.012542827803421197 0.21069909480913784 0.47886641108297057
0.4591916733536159 0.08504406467745895 0.34934338820582167 0.1064208737631035
0.3821243839080696 0.3735056195351748 0.07338833841316006 0.17098165814359556
0.6163638026831147 0.04732554981202164 0.15265871660449748 0.18365193090036613
0.1617030417947687 0.522495034384691 0.26438541505060675 0.05141650876993353
0.23352789540820396 0.14529509804368768 0.5508042372404337 0.07037276930767467
0.06576038985039157 0.24082941487147946 0.6304419258289646 0.06296826944916434
0.596871414809514 0.16682861207725153 0.20353317123774572 0.03276680187548875
0.3533078731297673 0.4716904744937064 0.03181902458212427 0.14318262779440205
0.24180724264153997 0.078271735072592 0.5841767401688017 0.09574428211706631
0.034077545002250575 0.11514096371227922 0.730856220616718 0.11992527066875225
0.4801912013956069 0.12785052659727036 0.31873409378061346 0.07322417822650928
0.01647562579532913 0.21938136523252216 0.10257574237409683 0.6615672665980519
0.07782594563509004 0.3588157527837964 0.0605959683168481 0.5027623332642654
0.08229106724939206 0.19488378108260307 0.010409840755642552 0.7124153109123623
0.6438065382768567 0.08638589670395092 0.05758372744528206 0.21222383757391028
0.2871047855742307 0.6770611058911417 0.0017525180384800887 0.03408159049614756
0.07820426740791231 0.23999473544900507 0.46011509242404036 0.22168590471904226
0.07013695461600866 0.5354571833037908 0.33832106058889233 0.056084801491308234
0.3103123196163027 0.3087826530194968 0.27826734215027205 0.10263768521392846
0.3744179115298928 0.41294381919237744 0.07840484466921849 0.1342334246085113
0.33659401211287987 0.07922868737874 0.23188909862804452 0.3522882018803356
0.6082027955832414 0.032922924966732436 0.26604747251244587 0.09282680693758028
0.4713184504160042 0.15182889653940446 0.23514304439472833 0.14170960864986304
0.10989069163706555 0.22583919060009838 0.19374234663019974 0.47052777113263633
0.4936666789616594 0.20896320027899762 0.17212497774162894 0.12524514301771406
0.13793830679878638 0.027486182349672816 0.018204221510707885 0.8163712893408329
0.22463778413865343 0.4941344414217108 0.12149714858483895 0.1597306258547968
0.09196218605434336 0.44155998886922 0.0855532021254326 0.38092462295100404
0.3890771052849641 0.03322004580847737 0.5498462548128308 0.02785659409372776
0.41467908902210626 0.05568303151657017 0.06762362373242214 0.4620142557289014
0.07288265933748828 0.22359401915977317 0.3949035445049034 0.30861977699783516
0.2722127531713653 0.04616303482373241 0.16983622580286606 0.5117879862020362
0.12611682423531434 0.2566662272789372 0.5884577011401563 0.02875924734559221
0.5078466649732859 0.1819477042254758 0.22441716311935778 0.08578846768188053
0.4947811650040218 0.07323468604890504 0.04741736171776878 0.3845667872293044
0.2732411749409016 0.08532865163951942 0.11547579970057398 0.525954373719005
0.3992045100095485 0.2471706757899269 0.06933675011314078 0.28428806408738383
0.2060303645353233 0.13529931945662343 0.46321654956802283 0.19545376644003043
0.30884089774950707 0.04723633984906783 0.24890190657146616 0.39502085582995894
0.04947845117977234 0.2032321305483421 0.2730271278722243 0.4742622903996613
0.008919663327753291 0.40251367125262505 0.07800927203064001 0.5105573933889817
0.13774172981116206 0.2813098817536456 0.3592161019695794 0.22173228646561294
0.39823815454530886 0.03816470793569782 0.4117228178039398 0.1518743197150535
0.4547685077993129 0.023776083684081795 0.14664379933634908 0.37481160918025624
0.09350078591663791 0.024118085625452812 0.6362228511396084 0.24615827731830087
0.0766943960604547 0.2972951089591632 0.04451569652490639 0.5814947984554757
0.02979309238825789 0.19628246014916106 0.3483655952834054 0.42555885217917566
0.46940897567026496 0.050118718430597786 0.35154996202700095 0.1289223438721363
0.3503310863445389 0.3243277847846542 0.25032192667679865 0.07501920219400826
0.027801337956887218 0.11025210472859392 0.028777816315952 0.8331687409985669
0.22639064369864026 0.3568365481135476 0.3335559371331678 0.08321687105464437
0.3563534572386864 0.3947649064474654 0.2189029475385238 0.02997868877532439
0.1191161147124884 0.25628398988392953 0.15559475671668 0.4690051386869021
0.0793983112693325 0.004272684992976616 0.4719628649399037 0.4443661387977872
0.5848163469400433 0.07383742807845406 0.15161086241858746 0.18973536256291523
0.09192112378537198 0.4339217275975644 0.2077766957126671 0.2663804529043965
0.08394381376047344 0.5744427599612946 0.06658853102483187 0.2750248952534001
0.006798572519636115 0.8924995868931918 0.04561289677426017 0.05508894381291196
0.0985825002375198 0.4164437525470014 0.12968937097523792 0.3552843762402409
0.032153215298382554 0.23069316631902692 0.2894158531609602 0.44773776522163033
0.03936829027899402 0.4468963751914289 0.2919217193079112 0.22181361522166587
0.37988760875992544 0.13328688392143906 0.05249656217849141 0.4343289451401441
0.243353868894563 0.3734195414054704 0.058820229737838625 0.32440635996212797
0.5287036321766355 0.14278823809757724 0.1220179120256707 0.20649021770011655
0.059880252979268356 0.228799040428594 0.07321616255421759 0.63810454403792
0.11331474943853759 0.5102741907939573 0.03393715888541493 0.3424739008820902
0.2956416348559957 0.2550878019509387 0.4193543974375664 0.029916165755499158
0.24473099847925694 0.18172543571446642 0.4987837184300792 0.07475984737619745
0.32849521651821123 0.010460809068568167 0.38632904514587485 0.27471492926734575
0.21417151693735814 0.4630213097406687 0.31324938063859675 0.00955779268337642
0.14124550050695106 0.17482409144538014 0.6329825750694467 0.05094783297822214
0.6878627100611072 0.136331877631496 0.0687140520910764 0.10709136021632037
0.010492676904754528 0.592040616990469 0.08563303100528252 0.311833675099494
0.13253851143408568 0.24373355012791953 0.37608160832549653 0.24764633011249826
0.5464934124093573 0.13570524487114877 0.16374172564046174 0.15405961707903215
0.005882390065321763 0.13763524823897566 0.2502312305921409 0.6062511311035617
0.3895639512390129 0.18608605249302534 0.04601787614009789 0.3783321201278639
0.22487394363322333 0.4299954023436955 0.2697431834067161 0.07538747061636508
0.3545939188869518 0.17537962720570288 0.43996743399216176 0.03005901991518356
0.3552896615587159 0.4470392305071931 0.10019562960546124 0.0974754783286298
0.6168482570917437 0.13823826727110278 0.10249615567093684 0.14241731996621665
0.3608459842598638 0.07401593200882484 0.3330613752884256 0.23207670844288575
0.2941783780833477 0.09577736080595711 0.42992452600613384 0.18011973510456136
0.09010178797648039 0.038558199528479276 0.21488868561488128 0.6564513268801591
0.00526085006499355 0.15309618146405424 0.6753514201427224 0.1662915483282298
0.7242205846748522 0.007197621678595834 0.25434146806709346 0.014240325579458535
0.06684511640086743 0.7054690210563772 0.2070820712270246 0.020603791315730757
0.3779981210082678 0.4187353235263832 0.13157048110670178 0.07169607435864722
0.5203332879695607 0.08901331601662332 0.025509140002290875 0.3651442560115251
0.2786774648688938 0.25194937518824345 0.1322539006897382 0.3371192592531246
0.10442088906218283 0.23522120223666043 0.3006607813527088 0.35969712734844794
0.2588879724875579 0.41777479282877805 0.10222606101273557 0.22111117367092847
0.5408782640265938 0.03922713197091787 0.4090531926831157 0.010841411319372662
0.08400200022541182 0.6654139731298742 0.05188765394848682 0.1986963726962272
0.2294106232167511 0.3525993840981291 0.37422274090121976 0.04376725178390006
0.06717131123151132 0.36191005470632465 0.5641646178085205 0.00675401625364358
0.07763992708047962 0.24316098264582642 0.604353477396076 0.07484561287761793
0.00668794561891739 0.17449713926084764 0.14206925858435004 0.6767456565358849
0.3070604502352746 0.18931630250963216 0.15313578651574622 0.350487460739347
0.22637470735724652 0.7395847817618426 0.004162867827053995 0.029877643053856873
0.7823202014769525 0.0031817501515462032 0.04958917536885954 0.1649088730026418
0.20968745804962408 0.12670714634029523 0.08607189109485203 0.5775335045152287
0.48239630474586415 0.2053003500316949 0.03387217523858321 0.27843116998385775
0.4958279062368197 0.0628654188217137 0.4035548244584505 0.0377518504830161
0.5270803236865574 0.17917907128187105 0.13133879630332979 0.16240180872824173
0.4655045446300764 0.2937639509142007 0.17172019233002012 0.06901131212570277
0.26477910645960223 0.23777695730056647 0.39321904508391226 0.10422489115591904
0.34665517530805257 0.14865995300455837 0.4180812114455075 0.0866036602418816
0.2656374011074941 0.6766008818089424 0.023351918025127594 0.034409799058435886
0.3551015265499302 0.005403229134633536 0.578492103226689 0.06100314108874727
0.06840166705530193 0.21732563778901293 0.5910499035705035 0.12322279158518168
0.1750469249021317 0.1981089504918272 0.5513558856959893 0.07548823891005185
0.33797482635786613 0.1346025131826003 0.45053851507842657 0.076884145381107
0.056048351192202306 0.33968703166342007 0.07338734192839047 0.5308772752159872
0.22757915485316205 0.006072717744532996 0.4816065706928172 0.28474155670948775
0.53486252718303 0.018484350379311065 0.15605299432113995 0.29060012811651903
0.3094935859411527 0.37378881663641284 0.21383453019350884 0.1028830672289256
0.002524917564590834 0.1076984488703342 0.6553208023445662 0.23445583122050873
0.39213802763943917 0.1420083212164337 0.3755600210538612 0.09029363009026592
0.43210012148288646 0.13462818241690444 0.2787150158520818 0.1545566802481273
0.08329069088320684 0.18173187138408253 0.2530925842561963 0.48188485347651433
0.30851083510566335 0.11403554695688733 0.55367565193463 0.02377796600281934
0.0851378853156104 0.751006678586273 0.16041947031362402 0.0034359657844925673
0.06718871744583699 0.3566780539472433 0.2857441651374475 0.29038906346947224
0.41222501108697385 0.08766153399805832 0.14666835916983945 0.3534450957451284
0.1198928453575886 0.06861229684752446 0.13369322519147553 0.6778016326034114
0.1827426909780847 0.29056211525838826 0.050987335111962406 0.4757078586515646
0.3402059495120039 0.1336241438107445 0.2313341772855978 0.2948357293916538
0.003005462799531733 0.12839034473941469 0.39071191419249707 0.4778922782685565
0.2321936060091545 0.04255129449767214 0.2661543185002079 0.4591007809929655
0.31786763783759187 0.1784669077581249 0.19804185331690038 0.30562360108738285
0.3471427054582822 0.04756857253003999 0.5767450565101585 0.028543665501519322
0.4034337624614569 0.30942027897341084 0.011779149651630627 0.2753668089135016
0.015590513253176952 0.7010602412474343 0.22086321181349733 0.06248603368589145
0.08859381944047473 0.2245341000070471 0.4109562871018312 0.275915793450647
0.22588137505088257 0.5095380729882836 0.23887243349828646 0.02570811846254739
0.349676350135226 0.2790350325617673 0.10682013785262845 0.2644684794503782
0.3268826070838814 0.45033577282117976 0.08252210904659651 0.14025951104834233
0.15771243783078703 0.15859813079724983 0.0818235872668247 0.6018658441051384
0.17560970721304947 0.327783152890859 0.12079024313667652 0.375816896759415
0.2582490860012998 0.10331851344784626 0.27368922512846605 0.3647431754223879
0.018091396449687935 0.13510675936983063 0.23338265686327808 0.6134191873172034
0.10597087185896914 0.008715044938799932 0.524288404387551 0.36102567881467995
0.2721878420296099 0.1033922665722039 0.2563527275920118 0.36806716380617444
0.23064513448943502 0.5338408404742653 0.10800401810029436 0.12751000693600534
0.34616034672114426 0.1396124895757168 0.30753617586620796 0.20669098783693096
0.027645195081639096 0.29008382611580297 0.21959711768371437 0.46267386111884357
0.1268241537491115 0.045709922708130235 0.7453333644817618 0.08213255906099648
0.4188835747672047 0.11601672124565687 0.08869164973709287 0.37640805425004553
0.21523826943201052 0.521676957168701 0.06945327370735088 0.1936314996919376
0.06998751535490488 0.14129376129257332 0.23566170582030732 0.5530570175322145
0.013732581123745757 0.040980886019610474 0.013896849632280439 0.9313896832243633
0.12857417270261562 0.1854310988018022 0.4529834138899198 0.23301131460566238
0.08937235805134158 0.007092082924448073 0.04974739272746842 0.8537881662967419
0.11248866733726748 0.18578663288888897 0.3204339342766348 0.38129076549720875
0.17083713285329283 0.2572578447291849 0.009219110558025378 0.5626859118594969
0.07254213484583638 0.5849772301717613 0.05783006846082339 0.28465056652157894
0.583548714338676 0.04373606516796069 0.21382988814230508 0.15888533235105828
0.4208227136692342 0.44765413822484834 0.09873051993293491 0.03279262817298256
0.08414912085573312 0.052937362596582216 0.6170081654928549 0.2459053510548298
0.3507477435749322 0.17767192330108894 0.031565531356670284 0.44001480176730856
0.13218108914364657 0.35927329760232185 0.12739612237109177 0.3811494908829398
0.0367513395975384 0.770839075986878 0.1625897944308754 0.029819789984708245
0.04198043667605933 0.3439001572518898 0.11897869585472409 0.49514071021732675
0.04369008754690529 0.044988190782024096 0.9006132822467917 0.010708439424278904
0.30467530530493003 0.20319750409878357 0.016394794896079534 0.47573239570020687
0.45312857851076205 0.277894814982254 0.11635214523272785 0.1526244612742561
0.5537311074124256 0.037736670712813725 0.028457586705204152 0.38007463516955653
0.31694728599627586 0.16875186455552316 0.06588968765152459 0.4484111617966764
