12 20 4 54.232782790399924 108.46556558079983
2.387465581417051 7.6604472686386424 3.369835136666212 5.80365454042268 1.131174662368777 9.268723072898965 9.10643368705311 1.3007928486371014 9.612544026476051 2.234883892204688 3.5544551766215124 6.45474865922946 9.49802622447738 8.674619869983564 1.0203331016666217 5.691034244982636 5.968338699381099 5.368396722964388 7.913207386579801 2.446450778130131
0.47749311628341023 1.5320894537277285 0.6739670273332423 1.160730908084536 0.22623493247375542 1.853744614579793 1.821286737410622 0.2601585697274203 1.9225088052952102 0.4469767784409376 0.7108910353243025 1.290949731845892 1.899605244895476 1.7349239739967128 0.20406662033332434 1.1382068489965271 1.1936677398762199 1.0736793445928776 1.5826414773159603 0.4892901556260262
0.13521017836911686 0.17468740612091238 0.4546628658488495 0.23543954966112124
0.28958678353055356 0.18164299471946055 0.2313925770052322 0.2973776447447537
0.3346475291060558 0.2899345826292966 0.14289353888513634 0.23252434937951127
0.1775641759378893 0.22306745142378426 0.0060086744449880936 0.5933596981933383
0.4192502702591062 0.04389859946823971 0.0023592304451650614 0.534491899827489
0.08427266973184566 0.21589739009214093 0.3360299340088809 0.3638000061671325
0.055019993340200135 0.36134966395441004 0.15603485823499919 0.42759548447039064
0.11360171953981701 0.3929543561282778 0.1351220160173281 0.3583219083145771
0.4800467833268902 0.12330881984066344 0.2913874707603371 0.10525692607210924
0.031151070851766383 0.042318973090499146 0.13503044451791457 0.7914995115398199
0.6373854951409694 0.032572137294785586 0.27168007990390186 0.058362287660343126
0.3194763109335812 0.2999471558341654 0.3379939569713105 0.04258257626094286
0.6889276660324576 0.21117583362452486 0.04645232270582067 0.05344417763719689
0.0059093558684842895 0.37930762437458987 0.22559007526133512 0.3891929444955907
0.19467462904253707 0.11760936780071451 0.4884502373722759 0.19926576578447253
0.3774407823606447 0.04157404512310581 0.4661628669490444 0.11482230556720507
0.19171077225555577 0.3199321805377753 0.2668304810660136 0.22152656614065536
0.10948542133151884 0.016901862443078564 0.6604571814731273 0.21315553475227533
0.29012193658782715 0.06532098821319554 0.3040330290397937 0.34052404615918364
0.010438402094721133 0.07420011825740025 0.09286784686461402 0.8224936327832646
0.020809797952066167 0.09546321944962366 0.5551796278103128 0.32854735478799735
0.32756947626342303 0.4055565013492476 0.08304232043335624 0.18383170195397314
0.8250092532147735 0.12530427148475187 0.02774455431699352 0.021941920983481134
0.4513084114213143 0.511288491606536 0.03254125731070823 0.004861839661441492
0.03516826147080476 0.33855488735311057 0.05032929772708339 0.5759475534490013
0.027907788861532556 0.19294473196735296 0.5116681773130646 0.2674793018580499
0.048218749825570395 0.4750273209527215 0.28027057989908444 0.19648334932262368
0.2771172144251962 0.18432304564075896 0.03129704537055267 0.5072626945634922
0.4438718561912689 0.16190583694431604 0.28266983409410795 0.11155247277030711
0.5951524566360905 0.07010497589469866 0.2793240296255357 0.05541853784367512
0.4456270534106257 0.41683810888698936 0.06186553733437661 0.07566930036800834
0.2914566850066529 0.03112904770216096 0.08337261025082887 0.5940416570403573
0.0032879687523396095 0.853902590079604 0.06267431213037977 0.08013512903767661
0.5957418942869064 0.003877294110431362 0.04330696003850787 0.3570738515641544
0.06987367476308803 0.14073396408979588 0.7008264112804352 0.08856594986668087
0.20215434337007254 0.2006928668026009 0.2451119631665879 0.35204082666073866
0.1354351345676108 0.1983973509469923 0.06875666238136169 0.5974108521040352
0.2538081939276894 0.3511971964358742 0.3256706240183227 0.0693239856181137
0.06772616162569478 0.2669979158510778 0.2918053144457977 0.3734706080774297
0.008003339782281182 0.30766489714638434 0.28179056771045774 0.40254119536087674
