89 20 4 42.3871833790144 84.7743667580288
5.4972488842195055 3.3034342088050317 3.3229056788971705 1.872295384952477 6.077666031057322 1.1439106611449883 2.3733570599552687 5.322229575057099 1.8988548379526777 4.75267503094745 9.222857321169268 4.156475592745339 2.0314393474415153 7.413475514519655 1.9169753777352112 4.651303954434905 6.989332951671957 2.245234339554528 8.473897803111107 2.108797202656313
1.099449776843901 0.6606868417610063 0.6645811357794341 0.3744590769904954 1.2155332062114643 0.22878213222899765 0.4746714119910537 1.0644459150114198 0.3797709675905355 0.9505350061894899 1.8445714642338538 0.8312951185490679 0.4062878694883031 1.482695102903931 0.3833950755470422 0.930260790886981 1.3978665903343914 0.4490468679109056 1.6947795606222216 0.42175944053126263
0.4971027441232052 0.09068881032502085 0.21823928677039106 0.19396915878138288
0.3452835388361567 0.0021639653561629224 0.6311359645433803 0.021416531264300098
0.17745402485741135 0.010001428856163175 0.052461815988316784 0.7600827302981087
0.20778316796271745 0.10973291263310325 0.6231072254925057 0.05937669391167355
0.4084865596721151 0.16713049525361945 0.21449163339352773 0.2098913116807377
0.258696668736638 0.030125001738888435 0.24469107919064415 0.46648725033382943
0.056775147737257003 0.5896702429878732 0.3103544525882126 0.04320015668665722
0.35670732101165636 0.21619095681308198 0.07442474917873743 0.35267697299652423
0.2007603924487681 0.22090703923556776 0.29957701706850437 0.2787555512471598
0.009173893122563115 0.26422044783197096 0.5177972627238003 0.2088083963216656
0.35319235178505204 0.17070986898282425 0.13206286106895904 0.34403491816316467
0.18936290021438285 0.04460030962870598 0.003338531365634223 0.762698258791277
0.043369007091964784 0.8930493523984204 0.036335550884720735 0.027246089624894054
0.27934534909671505 0.4007160791852509 0.22562026513610456 0.09431830658192952
0.1226414959390123 0.24424435355141239 0.08107349524889951 0.5520406552606758
0.24016600118441533 0.3909882941645486 0.17377335305922847 0.19507235159180758
0.10578014620629406 0.7580917502441036 0.0044603923208152985 0.13166771122878707
0.3410767838237394 0.004306736264562683 0.1577878116103092 0.4968286683013887
0.03073701900332526 0.25514929751269255 0.5577968761315796 0.1563168073524026
0.8254236006074793 0.15172687016516873 0.011614797627207851 0.011234731600144099
0.06309848578196642 0.1352927523516576 0.7300033828314306 0.07160537903494535
0.21278652731617642 0.2902579775819779 0.031691967359040896 0.46526352774280477
0.040313748696565344 0.0637148552068103 0.44221409958535507 0.4537572965112693
0.17379773826141431 0.24165673549679656 0.5772495052833657 0.00729602095842341
0.3181808615546927 0.2596132116649744 0.04366236968725268 0.3785435570930802
0.06561563068621978 0.457714416862672 0.09231352646074753 0.3843564259903607
0.05946706042689531 0.03661185291790925 0.16375017490228816 0.7401709117529073
0.8600716683992093 0.06241597830331924 0.06568048091183254 0.011831872385638875
0.230436419739672 0.47611795382127997 0.022398544735131032 0.271047081703917
0.30498641799744397 0.0017730618218122496 0.11480297146043028 0.5784375487203135
0.6730741564976392 0.06473203052603604 0.17933523644505756 0.08285857653126716
0.08750568959431348 0.8027785800314886 0.10891778272010633 0.0007979476540915798
0.07976805951033772 0.6104724693467635 0.06567439226595218 0.24408507887694664
0.2859808054966093 0.13328655276507184 0.4852436927580265 0.09548894898029237
0.2237989584398633 0.07147233582698809 0.13626818866985224 0.5684605170632964
0.31983791792953964 0.2735371743750573 0.397478539634451 0.009146368060952037
0.37924544608583366 0.0448545395760086 0.09226216738504511 0.4836378469531126
0.30866017786735 0.4674951403441274 0.12828264059787609 0.09556204119064649
0.6176551365006528 0.19518921974307613 0.16044926231738343 0.026706381438887594
0.047904267251766997 0.16788546244258373 0.43922668637159257 0.3449835839340567
