54 40 4 104.7957748069129 209.5915496138258
4.781646704266965 4.269155472685771 2.6638901898530656 5.664544553507286 1.0774490680789235 9.720425860475377 8.212431304148147 7.81580789747789 7.0433587165764155 1.2669130794243086 4.524058269822984 4.6431463509697135 2.7066791294587227 7.903950800344654 6.550508307807174 9.336465675917953 3.926116306917713 3.278389171147957 7.481961267148067 9.972617166889192 3.7708585501485663 2.5478801351869773 2.578460730870878 2.474439329338218 6.265129388585332 5.261820016245849 5.1468125700340925 3.1163860757130455 8.705954550741296 5.238043981679939 1.4912508833925129 9.93931371593703 2.7600075035981093 7.41272394875731 8.347509666340446 5.239515439655713 3.3497755696996037 4.965571370144552 2.8844465871532643 5.25613430768483
0.956329340853393 0.8538310945371542 0.5327780379706131 1.1329089107014572 0.2154898136157847 1.9440851720950754 1.6424862608296293 1.563161579495578 1.408671743315283 0.2533826158848617 0.9048116539645967 0.9286292701939427 0.5413358258917446 1.5807901600689307 1.310101661561435 1.8672931351835906 0.7852232613835426 0.6556778342295914 1.4963922534296135 1.9945234333778383 0.7541717100297133 0.5095760270373955 0.5156921461741756 0.49488786586764355 1.2530258777170664 1.05236400324917 1.0293625140068186 0.6232772151426091 1.7411909101482592 1.047608796335988 0.29825017667850257 1.987862743187406 0.5520015007196218 1.4825447897514619 1.6695019332680894 1.0479030879311426 0.6699551139399207 0.9931142740289104 0.5768893174306529 1.051226861536966
0.21706215137323426 0.014320637488513865 0.7155924380317752 0.053024773106476686
0.7287849641727001 0.15394038958244216 0.05894934748525771 0.05832529875960002
0.041727725605836374 0.7410209857188809 0.09949044651162997 0.11776084216365279
0.19569747893631007 0.4759641845842598 0.039399613410943446 0.28893872306848667
0.00926992477610411 0.06478578643246269 0.7372986324064982 0.18864565638493502
0.36689966098464744 0.30462564684205495 0.08982163626638828 0.23865305590690933
0.037354274305446356 0.5676872770218899 0.22159767524730423 0.1733607734253595
0.20171466567386775 0.017921126103058183 0.25205546492397957 0.5283087432990945
0.20293129264814402 0.06458031766223526 0.3193006910363628 0.4131876986532579
0.23264334763769656 0.04223354638372745 0.5102745176183358 0.21484858836024023
0.5089103834683497 0.03245763509583066 0.11633795539912706 0.34229402603669257
0.21962164289599684 0.12007906721169359 0.5361646844099796 0.12413460548233002
0.14123556813245097 0.47088559844543176 0.03540218911341564 0.3524766443087016
0.06364392228095994 0.39202217212800206 0.4257490276699768 0.1185848779210612
0.01784768851695362 0.6036978809054414 0.35920387161091827 0.019250558966686704
0.3006257877879145 0.599126914307786 0.04661053675282145 0.053636761151478085
0.5194390818559811 0.20430671592926397 0.21854975319102576 0.057704449023729176
0.05226692242391218 0.2666858315111216 0.5942195590374912 0.08682768702747501
0.029229931930169317 0.7427697929058743 0.17288498482004777 0.05511529034390861
0.2776144319163767 0.14917102715829167 0.03486210207555018 0.5383524388497815
0.45300247037740604 0.15860949016563175 0.19006140698726048 0.19832663246970172
0.5597368610827836 0.224430412817462 0.012560240565503422 0.20327248553425092
0.13392543059645812 0.49516332479637193 0.2652357131037354 0.10567553150343456
0.20638510773249352 0.28283483123416353 0.17222767165182606 0.3385523893815169
0.1149251836367653 0.39364342064175795 0.23121621441116758 0.2602151813103092
0.07886534688559266 0.43875249121318205 0.08961504918461327 0.392767112716612
0.1277319466531186 0.026749297223884527 0.2545469069052908 0.5909718492177061
0.17076661550905847 0.2900478572338471 0.15501465377405954 0.3841708734830349
0.7184116632260213 0.05479374841552431 0.11846253872245938 0.10833204963599496
0.02095138558484755 0.2842527433888501 0.39047161710029066 0.3043242539260117
0.32571720490280653 0.12300602569246388 0.17784493485466302 0.37343183455006657
0.3713602919967993 0.16285790516340515 0.41611014470106844 0.04967165813872709
0.10373227516826578 0.3659853573263372 0.16480146223894754 0.3654809052664495
0.1620471401436665 0.04737874599002967 0.48132350251135525 0.3092506113549486
0.5691271829145799 0.13139819553568965 0.1355926559434515 0.163881965606279
0.16610021708814038 0.3103536117783616 0.17880844677362728 0.3447377243598707
0.2122927605517495 0.1916566539669312 0.2843081830291152 0.3117424024522041
0.05061389863299326 0.3050282044391325 0.27909379928805733 0.36526409763981693
0.5145773488759906 0.2063335720232804 0.1691780524432387 0.10991102665749031
0.17287754873333272 0.3187812655486245 0.1885081197931341 0.3198330659249087
0.16071548217278975 0.00046146559219983896 0.46056457087087377 0.37825848136413665
0.09609818119638547 0.024848391900687106 0.7551446544424343 0.12390877246049314
0.6307389876224354 0.02286890898807481 0.003858692456217949 0.34253341093327183
0.169222888175248 0.28549548660141955 0.3422217035788836 0.20305992164444886
0.047122738848154544 0.7028997100148197 0.05890413168247144 0.19107341945455436
0.1770045898166882 0.2508928031083977 0.3461250554755949 0.2259775515993192
0.3984135337387519 0.010016221008775528 0.3040601297285497 0.2875101155239229
0.0021690805881033892 0.1259893077303541 0.15324326215835282 0.7185983495231897
0.39300277250808735 0.30208421982543465 0.296326480295539 0.008586527370939012
0.13062021873187046 0.15376980162967746 0.4312673136291577 0.28434266600929436
0.09184230040321983 0.4131975963830662 0.45401734191094656 0.040942761302767416
0.22542282822884052 0.3919814558758813 0.20826758943564228 0.1743281264596359
0.3514821552334023 0.27749703666246517 0.25912128260434986 0.11189952549978266
0.0757295436635752 0.25445624398378075 0.6544037025777508 0.015410509774893222
0.01955593448645554 0.23788539772064454 0.4521537752384439 0.290404892554456
0.40208849875984454 0.434257073213263 0.051890601266263214 0.11176382676062924
0.2343200098767828 0.07567198850972623 0.14036985566390725 0.5496381459495837
0.031703452200684934 0.08550450292692591 0.3608119329629894 0.5219801119093997
0.12118225522396187 0.5332088395868722 0.015857435819588428 0.32975146936957755
0.3158584362842518 0.00016483702585845528 0.6727637321349119 0.011212994554977818
0.17401187736026624 0.5062229979544027 0.06885414518199529 0.25091097950333574
0.2359721798228387 0.11559490945434736 0.20880082762646823 0.4396320830963457
0.22953794235485714 0.12650432166586634 0.12356088965408774 0.5203968463251888
0.29936614259281413 0.0648169008784143 0.3419597339502274 0.2938572225785442
0.5867450638552218 0.13760530713717645 0.10123645309969875 0.17441317590790295
0.3757823845823294 0.019064656519559797 0.2709551820977085 0.3341977768004023
0.2060489366647339 0.30381148476039355 0.17076111585311915 0.3193784627217534
0.14049652556043024 0.07847569654160236 0.2611646225298776 0.5198631553680898
0.12844634775240427 0.5384586764163061 0.04868382325956533 0.28441115257172433
0.10485332263607972 0.6962334009229735 0.10627557341786886 0.09263770302307794
0.597950240420926 0.05915729454373475 0.24160815303779803 0.10128431199754118
0.2083071221557221 0.2710299037412599 0.4584563365642217 0.062206637538796294
0.14599208184847623 0.18952302278706856 0.09858266490152168 0.5659022304629335
0.14149798157035198 0.07555886220645702 0.12527524055034023 0.6576679156728508
0.02979078390404366 0.2918768196531464 0.06278507537425693 0.615547321068553
0.11362989032498283 0.1806612815126969 0.251961046238099 0.45374778192422127
0.29517129567295863 0.004826602773391309 0.17313169363165615 0.5268704079219939
0.11658962849758936 0.43555863445127974 0.10982515336540255 0.33802658368572835
0.14143401023416546 0.19792676285365418 0.22880950681914547 0.4318297200930349
0.3404450585081129 0.584162657273502 0.010105269762280766 0.0652870144561043
