82 10 4 31.64669555900985 63.29339111801969
3.477031028212039 6.753076848327427 6.615092911018419 8.002380765838744 5.3030217655045 9.632204969399263 9.97690786038536 8.492619488173613 2.834605467863149 2.2064500132971805
0.6954062056424078 1.3506153696654855 1.3230185822036837 1.6004761531677487 1.0606043531009 1.9264409938798526 1.995381572077072 1.6985238976347226 0.5669210935726298 0.4412900026594361
0.33516261241871337 0.27985200444906844 0.029765876685518666 0.35521950644669953
0.06950879243813146 0.601406128386815 0.20087737227326075 0.12820770690179284
0.07656551366099551 0.28977752985690264 0.07548951679245408 0.5581674396896478
0.3844905295629424 0.2880978084671916 0.2255042772990259 0.10190738467084015
0.09734246767297083 0.06725613699632071 0.8237272348585819 0.011674160472126549
0.015089156761581957 0.2471047833558988 0.458611328921707 0.27919473096081227
0.004796904840458249 0.09183293632418466 0.8049735520404185 0.09839660679493856
0.07002801964798655 0.20475012024389083 0.6217218710063687 0.10349998910175395
0.23213341892327244 0.10110797588333398 0.48106340174488493 0.18569520344850865
0.02147903629339143 0.26201664612356834 0.27419517599448606 0.44230914158855417
0.592987057603741 0.21553176710381616 0.1802017071148222 0.0112794681776206
0.08950123232372886 0.44863882689060886 0.04989400135392286 0.4119659394317394
0.011868254685289847 0.04167444581310453 0.29056522007747465 0.655892079424131
0.03226895457235002 0.29751977594224854 0.4943437030206609 0.17586756646474055
0.09290576071897483 0.09548912946910115 0.7488724396404494 0.06273267017147466
0.13267023928989408 0.021352823251090447 0.03731454862395778 0.8086623888350577
0.16650007316095417 0.29777210234677964 0.15013572241947937 0.3855921020727868
0.15904685815599096 0.42204093486388106 0.32704298811478694 0.09186921886534105
0.1199266965234368 0.282553368601522 0.32488213280211153 0.27263780207292965
0.30650838643372236 0.5148201403414601 0.13112163699857637 0.047549836226241204
