57 40 4 95.6241105259914 191.2482210519828
1.7861467861195757 3.0742938959655524 4.6995496357502144 3.797044287040783 6.0936030168535495 5.905573334054655 8.26389498547339 9.263395965552377 5.6988167755930945 4.822185352494565 1.6462355909467405 9.08675965161296 4.7846244344954165 6.23952809144556 2.927381822879078 5.027371118047657 5.210774239467984 1.9057344124328195 9.345591053219882 2.4488815990827897 8.871347626407719 1.4694405117243248 9.930516130099571 1.9463258425949204 4.617908675532203 1.6465289899690272 1.172737339494197 7.491827321903596 1.3731927866264653 1.1678548265174693 1.7464396505334454 3.52814098472756 4.862275370037185 1.1775730943682838 5.155011071335763 7.026279186391666 7.057394795794636 8.172693134517969 1.7534821892089054 9.053865475669229
0.35722935722391513 0.6148587791931105 0.9399099271500428 0.7594088574081566 1.2187206033707099 1.181114666810931 1.652778997094678 1.8526791931104754 1.1397633551186188 0.964437070498913 0.3292471181893481 1.817351930322592 0.9569248868990833 1.2479056182891122 0.5854763645758156 1.0054742236095313 1.0421548478935967 0.3811468824865639 1.8691182106439765 0.48977631981655795 1.7742695252815437 0.29388810234486495 1.9861032260199143 0.3892651685189841 0.9235817351064407 0.32930579799380544 0.23454746789883937 1.4983654643807192 0.2746385573252931 0.23357096530349386 0.34928793010668907 0.705628196945512 0.972455074007437 0.23551461887365677 1.0310022142671527 1.4052558372783333 1.4114789591589272 1.6345386269035937 0.35069643784178106 1.8107730951338457
0.19747140778361083 0.5892358478488539 0.06597169228754995 0.14732105207998536
0.5072899906243948 0.16119423815751033 0.02422977198617149 0.30728599923192335
0.19623779493713178 0.08854636385238768 0.023824404360177853 0.6913914368503027
0.13456831445065065 0.15149452970469923 0.4894588370914741 0.22447831875317603
0.45548151539566306 0.1912674221788262 0.3507787839278895 0.0024722784976212164
0.11055598496782604 0.47089965719009275 0.1261022538308696 0.2924421040112116
0.3912115296181031 0.18747996812611367 0.3496459569430168 0.07166254531276639
0.12325793922197903 0.5558028644151827 0.1744299672206493 0.146509229142189
0.16935394902987966 0.38107783031535203 0.33542454962258805 0.11414367103218026
0.4744379565853317 0.06511361422974782 0.3497810541900559 0.11066737499486456
0.36955779037234604 0.30430583362422203 0.14271802442829373 0.1834183515751382
0.4256458521766904 0.43281977912835623 0.1332124400567567 0.008321928638196696
0.3565900840561592 0.2685707997881659 0.2940646737240675 0.08077444243160736
0.491462191538828 0.09542320327195819 0.08232097548878115 0.3307936297004327
0.3899427611159505 0.07432887083366713 0.07378834370496445 0.4619400243454179
0.3519076698430724 0.1861507262793728 0.11835927308794869 0.3435823307896061
0.16687070040077778 0.2591260693877112 0.2682018356825908 0.3058013945289202
0.10967432132844956 0.09218320324257379 0.26998519043016866 0.528157284998808
0.28858980558986713 0.07284361585424959 0.12250341848847779 0.5160631600674055
0.7113370117370034 0.0852217448445074 0.09065916482611225 0.11278207859237699
0.7263968097598258 0.19962480003264527 0.049264829378046215 0.024713560829482728
0.13424296437898753 0.555101882913636 0.07710706356187047 0.23354808914550595
0.0007615774183785673 0.35469123892155996 0.38454476837192886 0.2600024152881326
0.2287932373292545 0.07228119731982874 0.32884214000142065 0.3700834253494961
0.1632917124967037 0.06293169326714687 0.6881106071416184 0.085665987094531
0.2578652414678422 0.35459318089943315 0.3783415514425692 0.009200026190155475
0.23969167683879133 0.12570832966259893 0.11428506827799811 0.5203149252206116
0.0861605967807153 0.07872317738207513 0.6532245013627723 0.18189172447443724
0.505467120924475 0.11921466840668637 0.12789205541724857 0.24742615525159006
0.020835671392310462 0.1878026373929318 0.6923642815935745 0.0989974096211832
0.3335692813508847 0.21305624986354033 0.0036945994544383964 0.4496798693311366
0.0755991404145977 0.41483122989624943 0.3332107435829583 0.17635888610619455
0.362877474072692 0.2813528861467014 0.09988878275884616 0.25588085702176044
0.34412748054219855 0.03361781331296754 0.06975017088896807 0.5525045352558658
0.3952834938122838 0.1567554819540924 0.06563104670722664 0.3823299775263972
0.37783205798211883 0.3920882860056548 0.040066889028003705 0.19001276698422265
0.183178283305252 0.16476703721074937 0.38659924752888697 0.2654554319551117
0.4626385121753833 0.21014280353451598 0.2757534993970753 0.05146518489302543
0.11121201671259018 0.3233794058535129 0.36654395792083205 0.1988646195130649
0.001478179739307639 0.6249139042063461 0.05753420809625065 0.31607370795809564
0.5387093317654362 0.005678605841467954 0.11963617309445773 0.3359758892986381
0.2773570455915705 0.3219072101270146 0.1320930778543774 0.2686426664270375
0.3693709457615534 0.28987041703575633 0.2678757890452522 0.07288284815743806
0.4946628445954995 0.14665260049387696 0.02341993458029723 0.33526462033032634
0.6910032731322941 0.11780147690516807 0.12924035372239928 0.0619548962401385
0.378134080120075 0.24997234477041208 0.03389279424011693 0.338000780869396
0.30861284726731497 0.002025031051777537 0.10250405100782412 0.5868580706730834
0.19677946429388138 0.06267919395025812 0.04665212661032603 0.6938892151455345
0.29627212264631164 0.15549547255085971 0.507672531102985 0.040559873699843596
0.567797419726114 0.19335177095279754 0.0027444126408743275 0.23610639668021416
0.13700036790532089 0.011124630878590835 0.4321600103182037 0.41971499089788455
0.2778116995585338 0.4562138187149273 0.2246060980373339 0.041368383689205035
0.21555631013948717 0.26043860665369734 0.23709782053084938 0.2869072626759661
0.006677393669449083 0.49683988240768284 0.21685409809248923 0.27962862583037884
0.050849578409258744 0.02627042609514707 0.7074706472772441 0.21540934821835012
0.10199458270183093 0.2797905905817626 0.059087931860151155 0.5591268948562553
0.2669874028149881 0.18577973431405614 0.1365344312226029 0.41069843164835285
0.34846156767635983 0.4167663273177159 0.07358279786668975 0.16118930713923452
0.349161459631817 0.5116811987071204 0.08542813458321641 0.05372920707784623
0.18286692195197518 0.2828465675125936 0.3949589440369087 0.13932756649852251
0.04602905802442436 0.4217156352870861 0.26449361915868697 0.26776168752980256
0.26003842769087704 0.19409347814321443 0.10907581865857097 0.43679227550733757
0.08063516589940867 0.47547335602732954 0.26929336808225723 0.17459810999100456
0.040855085006694436 0.07855113872062969 0.7984163024833089 0.08217747378936702
0.03049629533731213 0.1420734378187697 0.6803440016515845 0.1470862651923337
0.056957969217125815 0.2973625278463763 0.026917363003307604 0.6187621399331903
0.03595050377317921 0.39401330480969543 0.004741356403635266 0.5652948350134901
0.31457253759460846 0.17010886805849657 0.10850588336113798 0.406812710985757
0.19199517087488405 0.6620393952365022 0.10456654063961024 0.04139889324900348
0.34750496298283196 0.10016367037137774 0.3274562947535282 0.22487507189226208
0.006300008534686818 0.37882655405312904 0.034327231383554646 0.5805462060286295
0.7128083798852264 0.11095416324892426 0.017456321882679093 0.15878113498317026
0.27991128656697273 0.16821428526732563 0.5323112740382371 0.019563154127464566
0.11359636526170336 0.27694599874495773 0.29454864732297337 0.31490898867036554
0.07419292362940544 0.7156359834030419 0.11136841682614163 0.09880267614141103
0.011893446853109557 0.005167534850380573 0.20053534633619152 0.7824036719603183
0.4308933454419348 0.14652263750796457 0.0683800415961976 0.35420397545390303
0.054288448952517165 0.6622903601526675 0.07911124061565089 0.20430995027916443
0.25564793175298184 0.17743838970646852 0.045173912987213405 0.5217397655533362
0.08914016807426917 0.3709378331252914 0.17301084858104732 0.36691115021939213
