14 20 4 56.907164515506395 113.81432903101279
5.6254900939542125 7.958485468713671 8.833849171523314 1.0724225367683613 3.787623329546837 9.618433654293018 5.6180504104109845 3.8645598238488876 5.852799436830833 2.991294481849839 8.25833222131843 4.080291630532159 5.849999641604302 1.0528640699595249 7.058372303624728 2.8902183596086433 9.393018335908407 4.368202745333429 7.771770298773518 7.8682510166096975
1.1250980187908426 1.5916970937427342 1.7667698343046627 0.21448450735367225 0.7575246659093674 1.9236867308586034 1.1236100820821968 0.7729119647697775 1.1705598873661667 0.5982588963699678 1.651666444263686 0.8160583261064318 1.1699999283208604 0.21057281399190497 1.4116744607249456 0.5780436719217287 1.8786036671816813 0.8736405490666858 1.5543540597547036 1.5736502033219395
0.3000919803937838 0.372844738772802 0.19756273610516428 0.1295005447282499
0.18200775771189426 0.5191435620125933 0.18638613719634078 0.1124625430791717
0.4079158134516613 0.3235653131210672 0.015082993567679726 0.2534358798595918
0.3516264720993826 0.005808891152383033 0.0947019355066262 0.5478627012416082
0.28790485661731413 0.028014147734651607 0.41934910663200753 0.26473188901602673
0.1324776129505617 0.04292502971498202 0.8202853018779857 0.00431205545647062
0.11005315861088283 0.3460686566124799 0.16482172609893675 0.37905645867770055
0.12034724351170079 0.02982539068433232 0.3000059226179923 0.5498214431859746
0.27878582976294164 0.22930230869764678 0.22557394237764605 0.2663379191617655
0.0830692156172197 0.33450843280571063 0.22103027980456558 0.3613920717725041
0.22851756266476886 0.5019626781886899 0.23404903736654836 0.035470721779992886
0.09261083478602605 0.3416071266934574 0.5007890068213565 0.06499303169916004
0.43915701403233653 0.18953360476976722 0.03362745497849262 0.3376819262194036
0.0826652146717024 0.15428675239131273 0.41463409300976706 0.3484139399272178
0.007062522868663268 0.15607252743247924 0.12636125349073246 0.710503696208125
0.30214491180817893 0.4381705560614817 0.11349942613603625 0.14618510599430312
0.07624613540160274 0.1913715869668725 0.637623156625171 0.09475912100635375
0.2045109984787783 0.2076879232823512 0.476119463820489 0.11168161441838154
0.1301536970709083 0.0029303543108388785 0.24672412477532324 0.6201918238429296
0.15242661730936846 0.46824258788982354 0.32516876653954696 0.05416202826126104
0.11011117825660166 0.14748125466401607 0.21731333302985079 0.5250942340495315
0.08334916104975676 0.23871383177934402 0.33493706654516164 0.3429999406257376
0.0623500489834764 0.6801613060100674 0.24887164390493732 0.008617001101518862
0.05161855399507598 0.13825998913284554 0.5249331232973383 0.28518833357474016
0.4617958714158059 0.48188307932955377 0.055125660819621225 0.0011953884350190958
0.2086811922474796 0.003740183655587148 0.03422445601424595 0.7533541680826873
0.5023202382650055 0.11874998842380835 0.11342000225706794 0.2655097710541182
0.1530255220213963 0.27604682518531254 0.10920219877830506 0.4617254540149861
0.07357155006150706 0.09172222451949974 0.41395737800050747 0.4207488474184857
0.21402570433952184 0.25278847625977696 0.10345872745194507 0.42972709194875613
0.03572971978146555 0.03893022677631586 0.42796997705284023 0.49737007638937836
0.5239493543593386 0.024067052345128626 0.4470338962524676 0.004949697043065138
0.09799092114564267 0.2561393509304414 0.4213856044565476 0.22448412346736835
0.3927237470201165 0.4308270534403672 0.14506520789086907 0.03138399164864725
0.16399808241071 0.11396561036044406 0.4707919048858792 0.25124440234296674
0.4741303614194492 0.17650686136284133 0.2750652096643794 0.07429756755333006
0.20627827017716915 0.18299301060843387 0.34157088585682793 0.26915783335756904
0.34693136737190944 0.06577372757329425 0.3425794132830393 0.244715491771757
0.27219737646072817 0.2046806275476457 0.3779431148082819 0.1451788811833442
0.47435552668191194 0.07779150849131533 0.29687955491482554 0.1509734099119472
