22 90 4 240.84944979798948 481.698899595979
2.8761448362295834 5.335129555870293 4.784842317829373 8.732637986692097 2.54045398250506 4.049775645433304 3.4347954996804804 7.219372154046365 2.983640649739531 8.30755828484818 1.094741868844976 6.050833269966998 8.323535686736768 7.705902664529521 2.702002197345058 1.055267797114884 7.948394843000826 9.620489512839477 7.317440956848801 3.6782044017854547 7.9119346776003185 7.193964924033527 4.4846513234292 6.536852425837506 4.847997158599066 6.258606788412054 7.323719669789067 2.0070565469530903 9.309429332600054 9.899976464769841 7.09669696139236 8.156482979118875 1.261687144042809 2.599831639321522 8.874349707499453 7.704388696317561 5.572811469053544 2.1550051164499155 5.3585581460779785 5.6419613906457835 3.8013819708194596 1.4109538833891146 4.939125940738896 1.8629614892623705 1.4068910071692418 7.16345846800415 8.642716706868212 2.126864648740258 2.1615760649065257 5.257540018680908 2.778026582488052 8.034604739442335 6.466724768277925 4.991500848492178 9.838261977219132 7.380598724255187 2.968573738797942 2.5073946832832044 5.848889257897183 3.8207870940815076 9.203832976468398 1.7763011179231778 3.8266662686195225 2.9722362567790226 7.6299960656586805 8.456863284523408 7.701080166572582 2.5978333414244243 8.726078762683569 1.0496117071323159 4.21878852767177 9.57833424041369 9.475987474721826 1.2074411140941619 7.057143973244476 2.4770290009510116 6.113191332749159 3.179106610298096 2.4207032275164297 5.532065393642132 6.146156317854107 5.229571719746377 5.573505164389313 3.9137644892051107 8.978485197340916 3.2665195971540575 8.758790312160396 6.716765705747413 7.2750086195682835 1.2740823430808104
0.5752289672459167 1.0670259111740585 0.9569684635658746 1.7465275973384196 0.508090796501012 0.8099551290866607 0.686959099936096 1.443874430809273 0.5967281299479061 1.6615116569696362 0.21894837376899517 1.2101666539933995 1.6647071373473536 1.5411805329059043 0.5404004394690116 0.21105355942297682 1.589678968600165 1.9240979025678953 1.4634881913697602 0.735640880357091 1.5823869355200637 1.4387929848067054 0.89693026468584 1.3073704851675012 0.9695994317198131 1.2517213576824109 1.4647439339578134 0.4014113093906181 1.8618858665200109 1.9799952929539681 1.419339392278472 1.631296595823775 0.2523374288085618 0.5199663278643044 1.7748699414998907 1.5408777392635122 1.114562293810709 0.43100102328998313 1.0717116292155957 1.1283922781291567 0.7602763941638919 0.28219077667782294 0.9878251881477793 0.3725922978524741 0.28137820143384834 1.43269169360083 1.7285433413736424 0.4253729297480516 0.43231521298130515 1.0515080037361817 0.5556053164976105 1.606920947888467 1.293344953655585 0.9983001696984356 1.9676523954438263 1.4761197448510375 0.5937147477595884 0.5014789366566409 1.1697778515794366 0.7641574188163015 1.8407665952936796 0.35526022358463555 0.7653332537239045 0.5944472513558046 1.5259992131317361 1.6913726569046816 1.5402160333145163 0.5195666682848848 1.7452157525367138 0.20992234142646318 0.843757705534354 1.9156668480827381 1.8951974949443653 0.24148822281883237 1.4114287946488953 0.4954058001902023 1.2226382665498319 0.6358213220596192 0.48414064550328595 1.1064130787284263 1.2292312635708214 1.0459143439492755 1.1147010328778626 0.7827528978410221 1.7956970394681833 0.6533039194308115 1.7517580624320792 1.3433531411494826 1.4550017239136568 0.2548164686161621
0.44080286851070616 0.06574260703263834 0.15076582705279307 0.34268869740386243
0.057952871572311215 0.3920888071055496 0.3538118895329435 0.19614643178919566
0.36241686423239117 0.46943587328317515 0.04033670198073236 0.12781056050370132
0.16892308055411542 0.22701410240458952 0.3083594376430209 0.2957033793982742
0.26704436661784337 0.16794268033313076 0.29595504113150817 0.2690579119175177
0.5389013429054401 0.026496692583865555 0.3069883755974099 0.12761358891328445
0.04895546575127907 0.16314738914083926 0.18595230212627356 0.6019448429816081
0.11557638066163867 0.4985321620273978 0.03702912471046815 0.3488623326004954
0.4517788243490799 0.36517109059593666 0.04675614007071183 0.1362939449842716
0.026716901748386812 0.4318747231872715 0.3776556631475505 0.1637527119167912
0.4715598247823619 0.06829505980699391 0.3688267616196005 0.0913183537910437
0.05196410414210806 0.32452919978598305 0.05439004402291303 0.5691166520489959
0.27705080775062785 0.23127653585852914 0.0033269343164951115 0.4883457220743479
0.1878703577436346 0.3662209214743637 0.30518926985992456 0.14071945092207716
0.2612231950610343 0.05458142013215328 0.4827466119485204 0.201448772858292
0.35089860250058036 0.39461803892782454 0.08912071873939187 0.16536263983220323
0.18199141156667276 0.20612883228132328 0.017754122032254238 0.5941256341197497
0.22500291335972156 0.31559423942780573 0.29300645716634444 0.16639639004612827
0.04671699281628905 0.5435447734534542 0.3906047236735096 0.019133510056747127
0.09863311430997679 0.29668493854650413 0.38207510139037415 0.22260684575314493
0.08555555540611037 0.09500186051559989 0.6266070394202135 0.19283554465807629
0.13395724268861364 0.547357242053418 0.27465196825372573 0.04403354700424267
0.03413318609729077 0.4349719788262064 0.3557967758836459 0.17509805919285693
0.07426182678102977 0.26687422345490175 0.3825052984933196 0.2763586512707489
0.3856478756384203 0.2299338608390441 0.00691857847935351 0.3774996850431821
0.19258926429661427 0.04712535748359481 0.3002822350418647 0.46000314317792623
0.2702709608552506 0.4955431325819143 0.008021197944084957 0.22616470861875015
0.11995862795621237 0.6993575032116968 0.13527194829678113 0.045411920535309735
0.4412371233208401 0.08415527963548808 0.04766159139858561 0.4269460056450862
0.3693220042549855 0.0716749342883749 0.28733399156771444 0.27166906988892514
0.08474432914872854 0.014255301270148735 0.49477576827365477 0.40622460130746796
0.07290652362018879 0.29874360699790525 0.2774413825730816 0.35090848680882436
0.09503729325046173 0.7895719573063394 0.09309273140660634 0.022298018036592482
0.1415828214848508 0.36716309191360086 0.48956337809202954 0.0016907085095188013
0.03489931126739765 0.04953497560506204 0.2018402260614589 0.7137254870660814
0.4737866606870079 0.19668618177197839 0.08128691269356458 0.2482402448474491
0.1965416108967286 0.1545113097094719 0.4537055494393978 0.1952415299544017
0.08337664419408641 0.08422821839836803 0.8233786853883198 0.00901645201922574
0.045055813731915584 0.31421645163295675 0.20123735378236784 0.4394903808527598
0.06207543004290317 0.5787861616509441 0.0007767681591663855 0.35836164014698635
0.5364895476356428 0.02263683358949886 0.020302902915928844 0.42057071585892947
0.6429505064146964 0.3300553537035562 0.01718123809862282 0.00981290178312455
0.16485870958581972 0.2871585074233468 0.06429183185278675 0.4836909511380467
0.20900763201317285 0.1533892668853618 0.008002167117297398 0.6296009339841679
0.0766487297259637 0.2468839335120091 0.2821215178044594 0.3943458189575678
0.15653697799067068 0.0961563364535577 0.667736108877894 0.07957057667787759
0.10885918308000486 0.003225156361367554 0.39261247608405636 0.4953031844745712
0.5099928682059924 0.03695269254947897 0.3703491245315408 0.08270531471298781
0.4745333290501076 0.49577879911648115 0.011226330809553153 0.018461541023858108
0.5930034370529494 0.2939411535405063 0.004588272917400382 0.10846713648914386
0.5975536575049502 0.19918068167522518 0.174608068414978 0.028657592404846666
0.20236204618277365 0.6953604036069088 0.0001602064045406193 0.10211734380577697
0.15284029579947234 0.5300100263932377 0.0556509130259355 0.2614987647813545
0.008356193007746593 0.15432549721802935 0.16206026927275263 0.6752580405014714
0.44452637016987784 0.018280559685569298 0.18600125395870637 0.3511918161858465
0.7996121001000828 0.0297202956013769 0.028717776528012884 0.14194982777052745
0.46509463784702065 0.08967463672117026 0.43021373841382615 0.01501698701798293
0.06058962448837457 0.3809223410054885 0.4411490917528643 0.11733894275327261
0.5726087612760744 0.10923101030433913 0.13211347835148068 0.18604675006810578
0.03226618250038771 0.03399259682345368 0.49863744249008146 0.43510377818607715
0.09287068003672994 0.15222910925776678 0.585532815405104 0.16936739530039924
0.1946019786663502 0.2889290918634331 0.28993903450239245 0.22652989496782427
0.014257577583936643 0.8056707767623067 0.15171183541924815 0.02835981023450851
0.6935952015810622 0.1742296220506584 0.014024787148436468 0.11815038921984289
0.1463270155831281 0.15406879397289552 0.26430145678960626 0.4353027336543701
0.19747395206523954 0.7175902994754435 0.019164551157333953 0.065771197301983
0.5502701135457998 0.007653612195641313 0.008280687714417478 0.4337955865441414
0.3642506465310954 0.4070919735109796 0.21094699146214824 0.017710388495776774
0.0804644863847993 0.3272955869583444 0.494573129331225 0.09766679732563133
0.11462335865450535 0.578723738686514 0.14403688377684865 0.16261601888213195
0.33040396749942 0.09189361662352746 0.38686180451510055 0.19084061136195196
0.19297012084705245 0.5016446289945017 0.18913564092355772 0.11624960923488814
0.5175566877669104 0.2146463937190708 0.062125248140259104 0.20567167037375966
0.0173869082844903 0.017076507642639682 0.7646482024557939 0.20088838161707612
0.20173131919259057 0.16471402920140232 0.05403999104214474 0.5795146605638624
0.15933543813715256 0.235510299427238 0.45465258602746994 0.1505016764081395
0.2095243500126398 0.3225640847269311 0.2403510825130568 0.22756048274737228
0.12547662210518562 0.33980317084931344 0.08162671788092435 0.4530934891645766
0.12396636809011807 0.49006564267039054 0.2562885604589259 0.1296794287805655
0.18915991496169837 0.6380756140199142 0.15015427280052462 0.02261019821786281
0.027671819413151333 0.7169237320498225 0.16120602707096465 0.0941984214660615
0.33468553607989093 0.08739911139471745 0.06703516431504708 0.5108801882103445
0.04986773811502121 0.0703521659262627 0.01902866217176713 0.860751433786949
0.36475008961438393 0.3156903670862391 0.29815585225508834 0.02140369104428863
0.06296724906504747 0.24094084224421286 0.4667348155778477 0.22935709311289199
0.020532018312480638 0.23967477615652255 0.4258714391673998 0.31392176636359703
0.11787660729846938 0.20761306321006767 0.4279124939492136 0.24659783554224934
0.2857082137750391 0.17862631080406244 0.3243510246016118 0.21131445081928668
0.04390525390472688 0.4573238603398263 0.11708985719422549 0.3816810285612213
0.03095639805399364 0.031841000291224275 0.40445582642900113 0.532746775225781
0.20002865147795024 0.7326171001161514 0.066676670044849 0.0006775783610493136
0.7903060350188497 0.017366024199376384 0.04353873730984947 0.14878920347192448
0.028732626188844312 0.1736950001957871 0.40028037141759576 0.39729200219777283
0.19343626241123058 0.5695596492315884 0.12649992643454322 0.11050416192263779
0.5146685042108027 0.14915084378809185 0.22337468915492953 0.11280596284617594
0.007408867991093193 0.027106149128352408 0.31556041265586554 0.6499245702246889
0.7248406917784315 0.01124004267990164 0.19722106019743502 0.06669820534423188
0.03709209948967984 0.7193521335358127 0.168591088361965 0.07496467861254241
0.5003814625412049 0.10429358179785742 0.04446376866348967 0.35086118699744806
0.1546168560073785 0.07434820310170598 0.2814178531105628 0.48961708778035273
0.03525687011793488 0.04362472120544869 0.6162572685809659 0.3048611400956506
0.5784844816893525 0.3600728026909539 0.03300630097063184 0.02843641464906177
0.17891537035148664 0.16113127521210702 0.6577676434925704 0.0021857109438359057
0.04351748164020386 0.3643869365893271 0.07577152548688959 0.5163240562835795
0.06273854583665517 0.020041670317956783 0.9153468119640545 0.0018729718813335072
0.25309932195697216 0.40309653452272187 0.06543057701670196 0.278373566503604
0.663517140268703 0.11292156088499883 0.0711572947977076 0.15240400404859056
0.005999501419766795 0.4583322583433703 0.0448658200792198 0.4908024201576431
0.5692352679629824 0.2197754999097119 0.018595687419341256 0.19239354470796444
0.19078757459849527 0.2573633371073296 0.1821395618541679 0.3697095264400072
0.004424057058423636 0.44889449899338163 0.544365765127424 0.0023156788207707724
0.4427815818771681 0.09057339035508072 0.10520738504093874 0.36143764272681245
0.43590873889026993 0.07318933327172483 0.40879277234991607 0.08210915548808917
0.5591303694492671 0.18470950034880984 0.11360676247709911 0.14255336772482397
0.13272304660747247 0.3068616630683235 0.49962533777748874 0.060789952546715265
0.5391522839379332 0.07208310172102672 0.34790488436256883 0.040859729978471204
0.5796218025666536 0.009460737115010831 0.10734366888654767 0.30357379143178786
0.16853418667348852 0.251523899827215 0.2497716216237874 0.33017029187550906
0.34318709159599636 0.1184764010049032 0.00021797606990070495 0.5381185313291997
0.10848146527958291 0.12472397000642965 0.5156892827904744 0.251105281923513
0.07597209972196106 0.3114955685657901 0.5400098923052195 0.0725224394070294
0.08353642553665086 0.5032146462012912 0.048129600102616577 0.36511932815944137
0.24668447288721684 0.3518032636682652 0.26499107661247245 0.1365211868320455
0.0854670099632292 0.3236630028984049 0.15352704117220828 0.43734294596615764
0.17738310952472258 0.4163499298306642 0.004776532555156754 0.40149042808945645
0.41568933449931667 0.1773054274947865 0.11297757153880728 0.29402766646708955
0.3093621104422112 0.30502307877490786 0.24334012497505386 0.1422746858078271
0.035683434769886446 0.812538596029457 0.11299992231672085 0.03877804688393571
0.08808089259576402 0.1347655791059651 0.11914419254602393 0.658009335752247
0.31308090880868455 0.08241890634943283 0.13682986900017302 0.4676703158417096
0.18311328223873646 0.24719068057501026 0.09733938662426933 0.47235665056198395
0.012398541640499028 0.5075877530166444 0.02676288130417248 0.4532508240386841
0.2562284671695474 0.1753796826040971 0.14744361133483486 0.42094823889152067
0.20741162049946926 0.06563060923141395 0.3233185692335324 0.40363920103558437
0.19026685671748678 0.4370988247086921 0.0792996473468931 0.293334671226928
0.08121051918434286 0.2371437670100569 0.4127575962071933 0.2688881175984069
0.06605126019846663 0.41769563084061856 0.19388272972557186 0.32237037923534295
0.4170235506518686 0.31311973831897544 0.06065951638220268 0.2091971946469533
0.10304271951918564 0.2379181867547142 0.10528704294213809 0.5537520507839621
0.15511887334706886 0.2313479427692473 0.3628218276234463 0.25071135626023755
0.23701178654944 0.08661462382975604 0.08256056830919256 0.5938130213116114
0.44217911182250813 0.014115009292844483 0.44128209176623023 0.10242378711841715
0.040297561223197276 0.020406293090995176 0.8644207903653159 0.07487535532049161
0.01722703671924819 0.7660377582221776 0.18392998458866872 0.03280522046990553
0.033440960387530416 0.16477486393596563 0.08144296540733331 0.7203412102691706
0.24455529618781002 0.4424320030027026 0.06850322471121872 0.24450947609826867
0.37085207204895565 0.3223775815032567 0.1891035819502549 0.11766676449753277
0.16258017940351344 0.3829984150778797 0.09054332173400637 0.3638780837846005
0.041114592329783206 0.7021112216819846 0.18163042299382914 0.07514376299440306
0.44945593867879885 0.30762529498671676 0.01443018629197057 0.22848858004251382
0.016457001871998722 0.22424943830957356 0.5035688800169476 0.25572467980148017
0.016384383528544544 0.2418617961520102 0.638150835881082 0.10360298443836324
0.14013657125397616 0.51417819960677 0.34037093265316243 0.0053142964860913855
0.0190371874344748 0.09832857893066238 0.2985333326319569 0.5841009010029059
0.1653254580552157 0.5572660315965723 0.023763851053621776 0.25364465929459024
0.10778588455022087 0.023219936503682037 0.1642809177505935 0.7047132611955036
0.031827076935659004 0.02785075101015899 0.494887400098007 0.445434771956175
0.2942311790284191 0.15516091150060884 0.3732061213234612 0.17740178814751084
0.3455388030316252 0.3065279586870533 0.09307762696118449 0.254855611320137
0.4992128688133619 0.1672074005104469 0.2854038815024599 0.0481758491737313
0.7290364025206325 0.1315251222884648 0.04017981921599878 0.09925865597490391
0.46728772973831556 0.10741376979187034 0.13055679140005838 0.2947417090697557
0.09302746452225885 0.30750452475802215 0.22110167851576068 0.3783663322039583
0.6206421079499939 0.011915184009978375 0.06166174384186207 0.3057809641981657
0.6749321659885196 0.02285767907423275 0.04641644290999081 0.25579371202725687
0.15175193073606374 0.20647688566933153 0.053180517367099944 0.5885906662275048
0.4949015078699148 0.006299374296753202 0.14686858966065763 0.35193052817267434
0.03333901121650962 0.4637202385673207 0.18709620776431068 0.315844542451859
0.49536740776456123 0.10357611228717722 0.2509270558774829 0.15012942407077867
0.026355657754644213 0.22905695615610144 0.32035835880063956 0.4242290272886148
0.09515441369629418 0.4618857602000902 0.34106840078866785 0.10189142531494777
0.04361023829968114 0.27732486510165877 0.019446341777738407 0.6596185548209217
0.1650431201951077 0.39305604676809036 0.3761579322985532 0.06574290073824873
0.06111345425597059 0.4316087964320957 0.0197351524900502 0.4875425968218835
0.09207063321261111 0.12578796815463666 0.680565942193275 0.10157545643947719
0.19579454809855157 0.43295521639636136 0.057177184842857165 0.3140730506622299
0.24335309627240542 0.27317771755269715 0.15666630458652242 0.326802881588375
0.12094150363489353 0.7215886123441747 0.032798420599674194 0.12467146342125757
0.3646827225843481 0.10740742226607747 0.0819698034390105 0.44594005171056394
0.07735449132520977 0.4638323863691247 0.043076816156875974 0.41573630614878954
