45 20 4 55.078153994431354 110.15630798886272
9.9011036212804 5.945902541602529 3.5330257175955655 1.6956060947125544 5.000225463746228 5.255271727799368 1.4366980081580127 2.4699200338744007 2.0435564034815 6.646525144339834 8.70563843736062 6.850921789787973 9.916495162820201 5.2331567356340685 6.564650352106224 3.5440048587805064 9.784029842357874 7.057611992185077 4.9647779989709 3.6071860622688536
1.98022072425608 1.1891805083205058 0.7066051435191131 0.3391212189425109 1.0000450927492455 1.0510543455598735 0.28733960163160255 0.49398400677488014 0.4087112806963 1.3293050288679669 1.7411276874721238 1.3701843579575947 1.9832990325640403 1.0466313471268136 1.3129300704212448 0.7088009717561012 1.9568059684715748 1.4115223984370153 0.9929555997941801 0.7214372124537707
0.22695478934228586 0.015803367437827176 0.26694152726702824 0.4903003159528587
0.7063714846079961 0.11250194295738036 0.10427611146229265 0.07685046097233084
0.45773799146064653 0.1432661320625398 0.23582532690887004 0.16317054956794363
0.2519501997915552 0.47468699651646895 0.09911676918918122 0.17424603450279463
0.09413892910049249 0.6476151988601171 0.11411494372301934 0.1441309283163711
0.18395198585753025 0.07110476947927302 0.6672212221209624 0.07772202254223437
0.40237128395568467 0.0415028421277418 0.5401624389547987 0.01596343496177488
0.1877457281509295 0.1348442255700253 0.4014224171488914 0.27598762913015384
0.14019181542772763 0.3515713416042948 0.38805036946835236 0.12018647349962519
0.03941980288626623 0.2654934928380974 0.6353913377062594 0.059695366569376906
0.06423217143992743 0.7755403178195541 0.14814315356198393 0.01208435717853451
0.25263224568082887 0.43209044245832173 0.2561550411015777 0.05912227075927168
0.2372215788455453 0.3670166238017809 0.2365541974281573 0.1592075999245165
0.5237494966813177 0.04723621019388358 0.15176950036483616 0.2772447927599626
0.04442158058212842 0.42882576835909314 0.5167597464296902 0.009992904629088195
0.030473341519351438 0.043979665231866694 0.8929358678013252 0.0326111254474567
0.07036985367114024 0.11415154963502805 0.05178870174398986 0.7636898949498419
0.1476528632209343 0.5898959059163964 0.19187511706336557 0.07057611379930373
0.5346123521023269 0.2751847784919652 0.15500476999333013 0.035198099412377726
0.30903249402955024 0.008355835036739756 0.33791388947374756 0.34469778145996244
0.11246089579599461 0.27552162181117235 0.09056978705452767 0.5214476953383054
0.07454078516154661 0.036024671610964676 0.11433062523694659 0.7751039179905421
0.2500304278439591 0.15676211024433462 0.15064016459378204 0.4425672973179242
0.11024132226573247 0.1998326152504899 0.14159258913033124 0.5483334733534464
0.06693827118834939 0.054994004246449624 0.7652709621750626 0.11279676239013836
0.17216681730643146 0.07914943553142018 0.41501621838561586 0.3336675287765325
0.06417229596609242 0.14291933230850906 0.4717037460577026 0.3212046256676959
0.296387440681542 0.17194505665454496 0.18115345299154606 0.350514049672367
0.0947696581546128 0.06650916256681783 0.8294998825072184 0.009221296771350973
0.15996243096834317 0.44483278631805434 0.12832428329086532 0.26688049942273717
0.44455046694943523 0.11298490687311313 0.2056602290050321 0.23680439717241952
0.10523491740724167 0.6215134787641986 0.18070550606204538 0.09254609776651435
0.4331002395015694 0.3041606927184354 0.2517249773722908 0.011014090407704402
0.29788447696729425 0.2761034075376929 0.09464810098350451 0.3313640145115083
0.07885394519989208 0.14786201296403467 0.22654928587831047 0.5467347559577628
0.07475668562383264 0.2985441269445638 0.034276537836103516 0.5924226495955001
0.12888529643023605 0.21664878468476234 0.06168073794424089 0.5927851809407607
0.11351235681208072 0.26719754110651806 0.4935663958713381 0.12572370621006312
0.4135701009508127 0.191044732221473 0.14885141066317154 0.24653375616454276
0.10949532823123653 0.2683342931196596 0.21081766853520434 0.4113527101138995
