28 60 4 172.26786024675812 344.53572049351624
7.561123680602072 6.05115642094877 2.1247038280831685 4.578331318301054 8.031773856461285 5.598936834878018 2.644240225742425 8.681615877239675 9.598347033713283 9.85792121426601 2.7343087644463147 9.737155912331955 3.113275191412986 1.237184636588836 9.514543087872601 9.29552366818852 3.645781910307825 2.4964633197912183 4.558805558491835 5.596027612796165 3.772335056416566 4.866119502327439 8.470624650859833 6.061542143255042 8.477994791915751 9.97236361976169 3.9932092467435845 1.8190731374831306 7.964484027299679 2.344453574503387 7.528195536831286 9.596317908858282 1.6578619728936408 5.02446475835967 8.570062609997201 2.3098570088734136 7.887443824133701 8.036064262580474 7.075706907505778 2.185319673869267 1.3537286395230361 6.904207692914146 3.2606435253311497 9.89576545628461 5.800447401371454 1.5325771919394207 7.2887978267361735 6.644572898253345 9.062006848783426 2.4573220376489915 6.493434205653911 3.8528658799043063 7.8693910292111635 2.4065387342530977 9.368988176520944 5.480294679214056 8.499105727151973 3.0697248464379507 1.9612901015195454 7.063303427930754
1.5122247361204144 1.210231284189754 0.4249407656166337 0.9156662636602109 1.606354771292257 1.1197873669756038 0.528848045148485 1.7363231754479351 1.9196694067426567 1.971584242853202 0.546861752889263 1.947431182466391 0.6226550382825973 0.24743692731776717 1.9029086175745202 1.8591047336377042 0.729156382061565 0.4992926639582437 0.911761111698367 1.119205522559233 0.7544670112833132 0.9732239004654877 1.6941249301719665 1.2123084286510084 1.6955989583831503 1.994472723952338 0.7986418493487168 0.36381462749662613 1.5928968054599357 0.46889071490067746 1.5056391073662572 1.9192635817716563 0.33157239457872817 1.004892951671934 1.7140125219994402 0.4619714017746827 1.5774887648267402 1.607212852516095 1.4151413815011558 0.43706393477385336 0.2707457279046072 1.3808415385828292 0.6521287050662299 1.9791530912569217 1.160089480274291 0.30651543838788414 1.4577595653472346 1.328914579650669 1.8124013697566852 0.4914644075297983 1.2986868411307824 0.7705731759808613 1.5738782058422327 0.48130774685061956 1.8737976353041887 1.0960589358428112 1.6998211454303944 0.6139449692875901 0.3922580203039091 1.4126606855861508
0.5789832521329858 0.16365301042545188 0.25449137833806446 0.0028723591034978124
0.7262486705180046 0.14176742188987312 0.10330900721455194 0.028674900377570367
0.046459090146250936 0.2841479157136325 0.3699389042172311 0.29945408992288547
0.2616993719297237 0.09248194594424852 0.010833263835739348 0.6349854182902884
0.6232412607427288 0.11416644112255458 0.038070855684751104 0.22452144244996552
0.38212961816063273 0.03337633432869547 0.4046193811308624 0.17987466637980942
0.06125105420094468 0.32062146807424996 0.001759583926356889 0.6163678937984485
0.16996923167825784 0.0632460136384213 0.21013656126956748 0.5566481934137534
0.03229214935934144 0.47409941918460996 0.08840849338096446 0.40519993807508414
0.18160441277596107 0.18701310754070988 0.44083808227415666 0.1905443974091724
0.03305478887490143 0.05026633686124149 0.5215623843894998 0.3951164898743573
0.0046106436381342375 0.36573988538078983 0.48618712126249597 0.14346234971857996
0.45676896087516683 0.18060450478103385 0.10932662611682831 0.253299908226971
0.18912247948386984 0.1334386119616373 0.048630532182943886 0.628808376371549
0.4098686663130222 0.26594297644674014 0.14059297978903873 0.18359537745119892
0.16223588719182513 0.57526790768856 0.06036237910811848 0.20213382601149643
0.042522637916886596 0.0825351164171445 0.24261848448869838 0.6323237611772705
0.49544312249379485 0.4248319476316348 0.03742705288776238 0.04229787698680798
0.07657687259032664 0.06456564160583733 0.44657443348297243 0.4122830523208636
0.12733874611496532 0.36996299782404996 0.4134050243866133 0.08929323167437142
0.03969860522025748 0.249127446404109 0.17229425214816074 0.5388796962274728
0.6456734735735264 0.14120129317749086 0.08658346181409693 0.12654177143488576
0.2863795603946072 0.2221066716065745 0.20201572600017814 0.28949804199864015
0.05821517051272407 0.21181955601804248 0.6236810436474699 0.10628422982176355
0.4637231427762093 0.05531788745034372 0.15677366844958274 0.32418530132386425
0.4369287176902945 0.06196990690583981 0.42902840832170974 0.07207296708215594
0.22655561619609033 0.4587430780740712 0.24052095129631312 0.07418035443352533
0.6610306305972653 0.02149775294165146 0.3035272150003605 0.013944401460722733
0.13189901364247092 0.6104261627640797 0.03947761685715534 0.21819720673629406
0.2008958082747897 0.25760655587574155 0.02868077670054281 0.5128168591489259
0.2981106828233008 0.22721625675154644 0.40338162811084677 0.07129143231430601
0.1074402787964196 0.05317191501496554 0.3855586051128248 0.45382920107579006
0.14508841074841683 0.2772421513788492 0.5096567998779301 0.06801263799480384
0.021161793023728115 0.012465742439351168 0.9267459324835176 0.03962653205340316
0.06412032476464846 0.26088657047221864 0.2874896276202409 0.387503477142892
0.10225701770007622 0.0021438953876116162 0.4372744583567739 0.45832462855553824
0.06619898508305289 0.3288485618929179 0.5310378617094862 0.07391459131454303
0.3136567600914668 0.0904491204738117 0.49015121063392575 0.10574290880079573
0.3224653197663393 0.106325541745945 0.44219461324686593 0.12901452524084978
0.5037046629661923 0.39243206199665304 0.06217749082667723 0.04168578421047742
0.031320948146206784 0.35872125657816534 0.21646183886225012 0.39349595641337776
0.36300839733468604 0.2785254358336704 0.07444930252774551 0.28401686430389805
0.12793033616378247 0.555367316768414 0.2629923507787276 0.05370999628907591
0.35666132235909453 0.5190795925919327 0.03637376129251657 0.08788532375645619
0.18804533220929165 0.005512798955372822 0.6563458118630754 0.15009605697226014
0.25020340051125245 0.20334574760380497 0.005982154053926214 0.5404686978310164
0.1978433830502605 0.33929740888014126 0.377098162740102 0.08576104532949624
0.5856451163787701 0.26386942495409194 0.09361174896168667 0.05687370970545125
0.17370857064434397 0.33277254885679464 0.1812430855055187 0.3122757949933427
0.1639188380442067 0.5304374462199818 0.0520979348685372 0.2535457808672743
0.16926827940469302 0.6719868274288121 0.13915151590673092 0.019593377259763956
0.5214391564211935 0.3384326852520687 0.006462361057609334 0.13366579726912842
0.16821227489707757 0.09388296339480495 0.2200739543122594 0.5178308073958581
0.021494056972506503 0.762503549001585 0.06503940556690258 0.1509629884590059
0.493564030351917 0.03183319081467151 0.03861461613685768 0.4359881626965538
0.27839771626757037 0.00902363820738239 0.043501140859958376 0.6690775046650889
0.05989628072374065 0.22614550276169632 0.39747067261473146 0.3164875438998316
0.33442534018667824 0.054368030036245685 0.46681754676719334 0.14438908300988273
0.6430907306724517 0.03140334031947911 0.14710617459067088 0.1783997544173983
0.11756983003273813 0.10988732807481227 0.2647071210211336 0.507835720871316
0.27530634180429314 0.009425610728896916 0.5911174212948227 0.12415062617198724
0.04888569362356843 0.11337600972091888 0.3288086414155291 0.5089296552399836
0.19730087634233162 0.4546440332988504 0.10070003716721898 0.247355053191599
0.5146740613033451 0.0160969451136731 0.3209684791427616 0.14826051444022015
0.30446975041422886 0.5510826605591094 0.03999957208081206 0.10444801694584971
0.24213480168928625 0.36927225795437635 0.2538138862070872 0.13477905414925018
0.630149684044205 0.18736642313597207 0.16132437379511655 0.021159519024706364
0.02552222740561172 0.3890488808585687 0.36467734718160505 0.22075154455421453
0.22840922120522034 0.2102239802738597 0.4722368764212269 0.08912992209969306
0.24255621832412255 0.21979745137473605 0.05693479847691518 0.4807115318242262
0.39902017750242713 0.08414617711734784 0.07421228475334796 0.44262136062687707
0.7181202822190859 0.04606812701685159 0.08356813282767095 0.1522434579363916
0.497620392610885 0.3612984310728681 0.08885329206843584 0.05222788424781111
0.20617277306409065 0.00310097244654417 0.5505423024000907 0.24018395208927446
0.008539339348597408 0.12694864858597943 0.5027955001459514 0.36171651191947174
0.5841178399194442 0.18305241450545795 0.19351664514145273 0.03931310043364511
0.19873519126015626 0.14395349675761937 0.5429122965226295 0.11439901545959485
0.06295161015162654 0.17362508971093338 0.2817122774599419 0.4817110226774982
0.2297986241617741 0.6330902136728702 0.031424273313518936 0.10568688885183675
0.5087329248262589 0.10292099270443278 0.16775351574073116 0.2205925667285772
0.4906407333394609 0.22981733915270985 8.88083449590571e-06 0.27953304667333334
0.18879163909114705 0.29332826511209464 0.07851326377203482 0.4393668320247235
0.18311127133811422 0.20110868130941595 0.26755180155194114 0.3482282458005287
0.2768991509890214 0.31897825377955047 0.29173767226238767 0.11238492296904046
0.16908189663687712 0.008196680362695052 0.011888173889164966 0.8108332491112629
0.4872926174300951 0.021267216445613912 0.3953306881741552 0.0961094779501358
0.024915194399081186 0.43575599783006447 0.3741920391134308 0.16513676865742355
0.24928416598434722 0.20943113835835636 0.4847383228283093 0.05654637282898711
0.01176331365706873 0.42324060219818094 0.5422524147695605 0.02274366937518979
0.18703144379158954 0.2592515327309466 0.5140930971729818 0.03962392630448208
0.29029079930137713 0.24163574645306807 0.3611077396721136 0.10696571457344117
0.2347406246926933 0.09354113743064763 0.369598456997839 0.3021197808788201
0.4044155485330636 0.29274853247270216 0.11215092566486928 0.19068499332936495
0.06197548622144622 0.19000734222901894 0.4797978503182778 0.268219321231257
0.10133041267469522 0.25160735692736846 0.029619533198481873 0.6174426971994544
0.7857455302821946 0.1353333528463404 0.07083054729218452 0.008090569579280449
0.06883798333383306 0.3957915873625967 0.30370170826661846 0.2316687210369518
0.3628744963930697 0.3582784179119507 0.11285464405011425 0.16599244164486537
0.2167694852325348 0.2524901387387347 0.3805353324533882 0.15020504357534226
0.3097108030777018 0.23909850686427947 0.010332265424297105 0.4408584246337216
0.03217532404835377 0.3168407628794685 0.3911828316257636 0.2598010814464141
0.07043806153718057 0.24380872757548655 0.6402611546731927 0.04549205621414021
0.2571597908963674 0.25126450733983496 0.17038043717231954 0.32119526459147807
0.36287821754654837 0.35796170068795585 0.26222586368206613 0.016934218083429653
0.06285622499807064 0.03847027134486403 0.6293115811717422 0.2693619224853231
0.0727554469953332 0.6465289777047677 0.21795395060093936 0.06276162469895974
0.010743351541806723 0.09565545749759097 0.7089736158567101 0.18462757510389216
0.2858670931185684 0.2440182698750325 0.3558542105387813 0.1142604264676178
0.015029560274369191 0.2367909054300278 0.7181033334633801 0.030076200832222955
0.06164565391281085 0.09502737426481278 0.17763367898584692 0.6656932928365294
0.13816274566512288 0.6360442312233295 0.20015813625114776 0.02563488686039983
0.19846747497160877 0.5732088975644358 0.10563890411961208 0.12268472334434333
0.028203172028391177 0.8137940164065803 0.07626157123657018 0.08174124032845831
0.03474333210017777 0.11212095179675485 0.4432688492805037 0.4098668668225637
0.0848669057476854 0.2853144614653391 0.27180580609109506 0.3580128266958804
0.3662179938044241 0.3853727353290003 0.18388141702982974 0.06452785383674586
0.3322629190586327 0.1498196667514886 0.4201048974853272 0.09781251670455149
0.006112769725199363 0.7504330306348841 0.04093308285784736 0.2025211167820692
0.36345136747077067 0.25167365455852786 0.31126281512972187 0.0736121628409796
0.07700724520754199 0.3691361456208314 0.057096948662956004 0.4967596605086706
