92 30 4 90.76540143010126 181.5308028602025
8.972924494938631 8.097234101233521 4.822553183275968 5.309826821624704 1.003186537583948 8.707303414664676 4.179895240029829 5.380741411351822 4.97145795653803 9.44722490439283 7.459109969553322 8.563142479565384 3.623665493210084 8.517118801556583 5.026933649493586 3.603522293289325 4.630429468499269 8.193599381025795 8.702528229634183 7.444516073809472 8.051047593584308 8.831190621599646 2.538654899121153 4.963498438766608 7.960601921913746 9.281054191266572 4.172910980619147 2.0714540441878277 4.361276390098025 2.6421998737745467
1.7945848989877262 1.6194468202467043 0.9645106366551935 1.061965364324941 0.2006373075167896 1.741460682932935 0.8359790480059658 1.0761482822703645 0.994291591307606 1.8894449808785658 1.4918219939106643 1.7126284959130769 0.7247330986420167 1.7034237603113165 1.0053867298987171 0.720704458657865 0.9260858936998538 1.638719876205159 1.7405056459268367 1.4889032147618944 1.6102095187168615 1.7662381243199292 0.5077309798242305 0.9926996877533216 1.5921203843827492 1.8562108382533142 0.8345821961238293 0.4142908088375655 0.872255278019605 0.5284399747549093
0.007790208883773131 0.6686712672693015 0.07602793750017622 0.24751058634674916
0.467126735759787 0.05778771566549046 0.19927641825580178 0.27580913031892074
0.3012640254782052 0.0768388860415532 0.4454525492732794 0.17644453920696224
0.13488626146209104 0.35101723480531455 0.30630018574947304 0.20779631798312137
0.26595028761497774 0.2785841793575623 0.17304558822704175 0.2824199448004182
0.593281450422224 0.18424602318088712 0.03810434987543432 0.18436817652145454
0.011682200972270795 0.43420193698782916 0.02344693813970944 0.5306689239001906
0.18752162812828044 0.7554012991252665 0.0004258315201579599 0.05665124122629506
0.5750855188292547 0.31084551116575065 0.10312631612814349 0.010942653876851116
0.2928537361552077 0.40011554287995066 0.1934676340603445 0.11356308690449712
0.024091806084711176 0.16137579039324712 0.6098038520906628 0.2047285514313789
0.031931531498120336 0.8425032746651324 0.11058775273214883 0.014977441104598421
0.07442906576446418 0.4450839921609584 0.4015877022223533 0.07889923985222413
0.008520292661936657 0.2280832184065542 0.6554183181061005 0.10797817082540861
0.11837574854295008 0.6046085985086838 0.23026048053409665 0.04675517241426952
0.23196626729262582 0.4621628524807029 0.07049710109916363 0.23537377912750768
0.31490391778135285 0.10043647545731349 0.40664112306371725 0.17801848369761641
0.0075604631280210555 0.044565790233976 0.6580639699288491 0.28980977670915387
0.0913554790253589 0.11627591809869875 0.4931659294122932 0.29920267346364915
0.533354668608545 0.286317404911797 0.10176127057988615 0.07856665589977185
0.06632717231572938 0.05065817535871364 0.8794297594326703 0.0035848928928866597
0.0011369053030998444 0.4410189427375929 0.42087400155138177 0.13697015040792548
0.10600315471761013 0.3823314636402775 0.05273115415755181 0.4589342274845606
0.10069783376576269 0.005498429059815457 0.6057136483148176 0.2880900888596043
0.07666534719749418 0.04159191533695106 0.4781763981961171 0.40356633926943764
0.3355604735677691 0.12176163005976715 0.44569009260970516 0.09698780376275862
0.24527337450951303 0.2922515294718082 0.035217792817341165 0.4272573032013376
0.0671231753671262 0.25973508997820194 0.5755247218644965 0.09761701279017532
0.5087954408247304 0.2613535477609825 0.21390466958706533 0.015946341827221766
0.17171398799238713 0.06232389478166678 0.6157867591912868 0.1501753580346593
0.10766602921316182 0.43126579870017034 0.37783261497741805 0.08323555710924979
0.06810805386667318 0.3933932264344333 0.15299632208933178 0.38550239760956173
0.06693800305061393 0.301839979277404 0.5027913493595295 0.12843066831245253
0.08654682149095139 0.12349084390452958 0.5304462788944325 0.2595160557100865
0.029468553723913105 0.17023237837385174 0.664506910626619 0.1357921572756161
0.35304050515706764 0.4201152467953376 0.052875369511486414 0.17396887853610832
0.1846077012800046 0.2664962837906393 0.5058413523003975 0.04305466262895863
0.04774350979601483 0.23186539648949678 0.25674279960161916 0.46364829411286923
0.23171934882513978 0.24631918903144256 0.1253861483862161 0.39657531375720156
0.4524368914513027 0.1948749866054974 0.29858164183390856 0.05410648010929131
0.3848339069853146 0.09361014834445436 0.07703412491589245 0.4445218197543386
0.03557627656619933 0.06979805479152446 0.5987312835402999 0.2958943851019763
0.278909745810367 0.20599063199896117 0.08934397357243407 0.4257556486182378
0.16692360213964585 0.17584470659092 0.5613204374365625 0.09591125383287169
0.18458432655812718 0.1826609942249846 0.27545727798283903 0.3572974012340492
0.013436906978363194 0.6105532381454379 0.31391562882888 0.062094226047318846
0.1873255874162233 0.17581535963429273 0.11427976290274644 0.5225792900467375
0.03412651134863176 0.5332165186239349 0.21072975146159112 0.2219272185658422
0.04849051908794055 0.29471035119907696 0.10598189939033764 0.5508172303226448
0.005188356321749521 0.4293109469565185 0.48300633427054185 0.08249436245119013
0.7607282494527764 0.06456409232857319 0.051949680494332684 0.12275797772431774
0.009325661498729598 0.7833653330683883 0.13122320839988244 0.07608579703299967
0.45843009486126984 0.1429756608127113 0.008724380810123833 0.38986986351589503
0.009497728619264456 0.5503011152295448 0.06001652178438799 0.3801846343668027
0.7251682928795048 0.1584887373217414 0.03834551373872741 0.0779974560600264
0.1597490454871059 0.27149782089164864 0.5052707749612527 0.06348235865999274
0.3131062792820397 0.27508920791377867 0.3934549939008435 0.018349518903338136
0.30348397455963916 0.25102019064126424 0.37158964804588623 0.07390618675321037
0.19122042113387994 0.10240409959892538 0.34334318897289673 0.36303229029429795
0.42993408768764074 0.05070366625019618 0.2697755576551494 0.2495866884070137
