18 100 4 274.4361414956828 548.8722829913656
6.853368175656325 5.549080363613586 8.907413238293968 2.63656202834381 8.670097618071374 7.751226574954096 6.994915007367903 9.89105903448366 3.3127158034344713 1.254753327452483 6.721472039149015 8.625811487379636 7.625571626044096 1.1872640073114136 2.004428175985295 3.6795136767027383 7.182731722058594 8.754634504014817 2.787709232654028 6.914701275493803 7.296900660928856 4.171532218820616 8.10964493042776 8.326431443053437 2.7767915605191975 9.545097647763841 5.289403473868935 6.999403131834076 2.901808335262602 8.267736914645306 3.8771750850168925 3.645423772316096 3.7172635988522096 8.451004616305756 5.972803199669913 2.7250966443939326 7.428310666269764 6.758833214988779 5.798834482119622 6.1527512202669215 1.1109928373462856 7.257141804740187 5.8119328933344745 1.7122124555507434 1.1227375156973252 3.5006773604205437 9.97646754231682 3.030405741579078 1.9451381789442206 1.146707008517743 4.07464707067517 8.273782528661243 2.9558766061111 9.411444710776069 9.896480884395324 1.0991502536859095 8.06412478526562 7.168272569311699 5.640795888949335 3.422018535213348 6.983033237145176 7.994120075166945 5.280991347577692 9.89007617697417 5.466208508987734 7.043698789617659 4.872333532298206 3.3487996848623167 9.497767257571537 7.18418170614657 6.936898560508644 1.3183199734626707 9.155788875852283 4.768707893557876 5.283491457450478 2.2207034641405476 4.260185751311315 3.9354731283822275 2.3321605636706426 8.16297133811669 5.709179020826111 9.047568814619272 8.149741544533736 6.664178205277247 1.6041428753430238 8.085430118150951 4.410334234204814 5.235601480484208 1.711906056026169 2.3807480874497715 4.394657720156632 4.161280808611083 1.4275458555644924 3.135926676886239 2.768004523196374 4.4780558012373035 8.504117198577577 7.97451651910377 8.23180812723714 2.723345093796338
1.370673635131265 1.1098160727227173 1.7814826476587935 0.527312405668762 1.7340195236142748 1.550245314990819 1.3989830014735807 1.978211806896732 0.6625431606868942 0.2509506654904966 1.344294407829803 1.725162297475927 1.5251143252088193 0.2374528014622827 0.400885635197059 0.7359027353405476 1.4365463444117188 1.7509269008029633 0.5575418465308056 1.3829402550987606 1.4593801321857711 0.8343064437641232 1.621928986085552 1.6652862886106874 0.5553583121038395 1.909019529552768 1.057880694773787 1.3998806263668153 0.5803616670525205 1.6535473829290612 0.7754350170033785 0.7290847544632192 0.7434527197704419 1.6902009232611512 1.1945606399339828 0.5450193288787866 1.4856621332539528 1.3517666429977557 1.1597668964239243 1.2305502440533842 0.22219856746925712 1.4514283609480374 1.162386578666895 0.3424424911101487 0.22454750313946503 0.7001354720841088 1.995293508463364 0.6060811483158156 0.38902763578884414 0.2293414017035486 0.8149294141350341 1.6547565057322486 0.5911753212222199 1.8822889421552138 1.9792961768790647 0.2198300507371819 1.612824957053124 1.4336545138623398 1.128159177789867 0.6844037070426696 1.3966066474290353 1.598824015033389 1.0561982695155385 1.978015235394834 1.0932417017975466 1.408739757923532 0.9744667064596412 0.6697599369724634 1.8995534515143073 1.4368363412293141 1.3873797121017288 0.26366399469253415 1.8311577751704564 0.9537415787115752 1.0566982914900955 0.44414069282810953 0.852037150262263 0.7870946256764455 0.46643211273412855 1.6325942676233383 1.1418358041652223 1.8095137629238542 1.6299483089067472 1.3328356410554494 0.32082857506860474 1.6170860236301903 0.8820668468409629 1.0471202960968415 0.3423812112052338 0.4761496174899543 0.8789315440313263 0.8322561617222165 0.2855091711128985 0.6271853353772479 0.5536009046392748 0.8956111602474607 1.7008234397155153 1.594903303820754 1.6463616254474283 0.5446690187592675
0.47602647516617136 0.012241745072900323 0.17045935812950652 0.3412724216314218
0.256353254245148 0.38038921814773763 0.2823703675672623 0.08088716003985208
0.2931875874045792 0.24789745218928538 0.32600819221751476 0.13290676818862068
0.018164056326049893 0.10315549686986036 0.3639344781658074 0.5147459686382824
0.39472709418728724 0.07774548514767576 0.4136819363137514 0.11384548435128561
0.04046598393017187 0.37475090292043145 0.16229079561641468 0.422492317532982
0.5297785310476618 0.12960216795839807 0.005146873948557618 0.3354724270453825
0.32641078967217463 0.4571135120809299 0.035866348988878305 0.1806093492580172
0.43241356871768444 0.09829161053297697 0.3995229190873718 0.06977190166196678
0.11384884850088828 0.22576331274321082 0.040369506562571544 0.6200183321933294
0.29449854400197617 0.4466126414388657 0.16215305049183326 0.09673576406732487
0.7059768627512554 0.16911786455731437 0.12028810864255657 0.00461716404887369
0.2828861645349776 0.05160033939537734 0.04688369699457906 0.618629799075066
0.6190877537379766 0.056209348215398136 0.025037442186929715 0.2996654558596955
0.31613157040344286 0.481474518468917 0.19935109069526546 0.0030428204323746932
0.3212777855952763 0.06183444699881846 0.06326491069682694 0.5536228567090783
0.09366103431999973 0.09500596139912199 0.2536270467646575 0.5577059575162208
0.11563712166629314 0.454789892597973 0.18736784293153952 0.24220514280419436
0.22143781771587367 0.47857125852354354 0.038738529775289354 0.26125239398529343
0.047535339760941375 0.17968539110694548 0.7379951984582545 0.03478407067385869
0.0318622152017487 0.699278606674824 0.20174453556742977 0.06711464255599753
0.29394707750518156 0.023279219456016853 0.12759794792296153 0.55517575511584
0.0190105000007168 0.12301757089829968 0.4580388638349393 0.3999330652660442
0.5799868290934651 0.144431617946165 0.22479079426640647 0.050790758693963434
0.020143207160926435 0.5218438133278945 0.2433403517947511 0.21467262771642792
0.6666236098405407 0.007292695066685506 0.05177982772657341 0.2743038673662004
0.31556569195596407 0.364372291408839 0.15663333623315612 0.16342868040204084
0.1511505840691001 0.5145667846173575 0.044626627868385116 0.2896560034451573
0.2910103308317967 0.23561324601767564 0.31594026439745315 0.15743615875307448
0.17927579328391818 0.18649537607015898 0.1345722294598387 0.4996566011860841
0.10699452478533411 0.2624835230588842 0.22500164604247674 0.4055203061133049
0.1946098102366388 0.4500952400364071 0.07569551655001394 0.27959943317694014
0.1945571174820958 0.38270836527352103 0.055467465617816125 0.36726705162656703
0.04020483312341183 0.14473070278202438 0.1869845980854734 0.6280798660090904
0.32800310804776833 0.21375973103376777 0.3385655250318844 0.11967163588657947
0.08467557870610176 0.3711798521770934 0.3200898038536396 0.22405476526316526
0.20272846197402328 0.44375005639028575 0.09213780004707128 0.2613836815886197
0.5106643166769386 0.02451728675049203 0.2162596558037514 0.248558740768818
0.17661641792489713 0.0008346316437418677 0.29135288939380666 0.5311960610375543
0.3543445956984248 0.23662046148212468 0.17136228184990376 0.23767266096954676
0.0647294046357233 0.3887489802001354 0.11391560313126803 0.4326060120328733
0.0369242616001787 0.42746458426108136 0.12233912940338898 0.41327202473535096
0.2940619021733315 0.15404820103970096 0.509771308296647 0.042118588490320574
0.04036717457086014 0.4298992239492627 0.5285847218326084 0.0011488796472687302
0.04953153645385444 0.4355332586930636 0.474681828027245 0.04025337682583696
0.2681571601339373 0.29099263567129907 0.16850003420681448 0.27235016998794914
0.14475290818116993 0.31916263700182923 0.1801540218281268 0.35593043298887406
0.4336923051369681 0.22655618770956598 0.20525739939935617 0.13449410775410975
0.16575343305045254 0.041695331190896856 0.1719984003895516 0.620552835369099
0.21528870285646573 0.07854982862595705 0.008067961198125806 0.6980935073194514
0.22793456503646647 0.37388419203365497 0.1562661408490016 0.24191510208087696
0.06104401732858922 0.17243442984136292 0.3599648602901895 0.4065566925398584
0.06497567825010708 0.4493318184647339 0.2855943547489579 0.20009814853620111
0.15446349345488142 0.33932312605477943 0.45030046418615066 0.05591291630418849
0.21473035235963045 0.10714975054199682 0.03803382602799754 0.6400860710703752
0.45542810740313167 0.30730299079127554 0.02939465320720902 0.20787424859838377
0.32446282496351375 0.17090586018178422 0.0027188911489391954 0.5019124237057628
0.5773920362118417 0.020924283860687565 0.24328803406170452 0.15839564586576627
0.030269360196363393 0.7502804832647785 0.013281245443153344 0.2061689110957048
0.22768972602387838 0.3435782811203736 0.2995704506578921 0.12916154219785592
0.5738898549099272 0.36437893097017904 0.04387037784322323 0.017860836276670566
0.1886401946047639 0.38816036499812934 0.010911814516259666 0.4122876258808471
0.6097826311770289 0.2242652419968566 0.023503453416150677 0.1424486734099638
0.30984311615118654 0.20742173111235374 0.22552257673520948 0.25721257600125025
0.2393970146353731 0.27272224594906436 0.25533532897926203 0.2325454104363005
0.5499637306161836 0.23000294950482825 0.17250669694283594 0.047526622936152174
0.25602788503019835 0.10733079205062235 0.42103120060027965 0.21561012231889964
0.015016343697940027 0.0053469220070253565 0.6660302494615747 0.3136064848334599
0.41693426947126944 0.2657556279350971 0.1269641227210342 0.19034597987259927
0.3090775702788089 0.6460897115967996 0.01330876482858423 0.03152395329580726
0.015355162827588087 0.3034433460530529 0.4273573367237248 0.25384415439563424
0.2825935663561213 0.10881272505848805 0.2798626479582339 0.32873106062715673
0.21145363891110047 0.3257210875700767 0.3117488717952298 0.15107640172359305
0.07180800987411651 0.24041073191673723 0.16611842112234376 0.5216628370868025
0.1445468376733241 0.6643963809495707 0.026374485105216783 0.16468229627188846
0.07576266941599519 0.1500203152311832 0.7128952633423753 0.06132175201044632
0.5714489263786057 0.11600080506075228 0.29133350014436266 0.021216768416279397
0.23489412880814964 0.09102046573650913 0.5724488718835239 0.10163653357181734
0.048511614464843755 0.6392017517740257 0.11026469635556624 0.2020219374055643
0.016039128642750478 0.25338678539957726 0.28630986160494576 0.4442642243527265
0.44848545595182887 0.2329789962012011 0.11877142191174317 0.19976412593522686
0.013419782627619226 0.6109003593727028 0.1661902933490622 0.20948956465061574
0.6222536607634512 0.12296455761404401 0.019176790619025663 0.2356049910034791
0.1683027436538035 0.05693010870138704 0.11306684882749862 0.6617002988173109
0.1305062683331999 0.5429963201763878 0.051073839347247185 0.27542357214316515
0.4759535415686834 0.06326976432685616 0.3994016587208288 0.06137503538363165
0.11409010440811695 0.10436669205606852 0.058448927938275386 0.7230942755975391
0.07410621018873742 0.18536875528196095 0.5749194142069264 0.16560562032237525
0.014236062930151228 0.08785185188435773 0.15660811786932682 0.7413039673161642
0.4395951453371233 0.22974456117214115 0.147519704000861 0.18314058948987455
0.2533882519300441 0.13175806006330337 0.04019964258349906 0.5746540454231535
0.38871151311972274 0.009221739641477322 0.12795001917782933 0.4741167280609706
0.4691848306531393 0.06157929509206139 0.449425155208772 0.01981071904602727
0.6969630257351294 0.04146663070604806 0.19701234633574882 0.06455799722307376
0.1267277463405495 0.6771773844201684 0.0017501718901434815 0.19434469734913862
0.37916128843783914 0.013759006328120216 0.19020986225274283 0.4168698429812978
0.13017405868529353 0.06554124695303687 0.5832471257892533 0.2210375685724163
0.4574837217700154 0.1580263314166116 0.13453035656458456 0.24995959024878844
0.1297949930914235 0.18145409694038295 0.5976613081496986 0.0910896018184949
0.1961897307127327 0.1483205612813424 0.6184658259591524 0.03702388204677243
0.5364650914948323 0.0028800075912641665 0.10804540239240357 0.3526094985214999
0.4555562943106152 0.1478033696114096 0.1558190000149513 0.24082133606302392
0.011649132417856034 0.2797938674114486 0.6974400723099758 0.011116927860719494
0.5840203754759804 0.05211736525408861 0.2544656669884714 0.10939659228145959
0.15072594151523566 0.39819613354276584 0.19743392557412776 0.25364399936787074
0.26349231633707004 0.2756447676546969 0.27685059844481086 0.18401231756342218
0.24285693642029493 0.526024580096555 0.07702514124735482 0.1540933422357953
0.14874138671722426 0.35055561339340635 0.38243545596795636 0.11826754392141303
0.32783075020539776 0.5452901557155562 0.09607386820126584 0.03080522587778023
0.007713667317334472 0.6841060111680979 0.1213976599022295 0.18678266161233814
0.3925254620750772 0.2507106410888251 0.12288252820810619 0.23388136862799147
0.8534345994749614 0.09210165956682537 0.03690345920582605 0.01756028175238722
0.5161664715570445 0.3544988712712227 0.12829857538867306 0.0010360817830596947
0.04095008744288198 0.5220948361494813 0.37492400211506616 0.0620310742925706
0.3855728335075491 0.15177178669299385 0.07886334240952675 0.3837920373899303
0.12682815343460896 0.3596539771179931 0.42795830024304393 0.08555956920435404
0.22213702297526816 0.06500292129641272 0.6612025613811799 0.05165749434713918
0.5098156818212571 0.19704765533349167 0.26471313375264194 0.028423529092609257
0.4117016954594681 0.21652814763996653 0.3013429696498118 0.07042718725075359
0.12217133094164534 0.36068832612538293 0.48595040309358917 0.031189939839382563
0.021977495277442083 0.044117306738513995 0.2684511034067876 0.6654540945772563
0.013594399709583871 0.17961122893246484 0.32842326691020785 0.47837110444774344
0.009576272764185267 0.35527459855402943 0.5136583978084787 0.12149073087330664
0.07634098888665986 0.14766695451398126 0.2927753930603062 0.4832166635390527
0.49356942845116014 0.23640088279923055 0.22667193921232098 0.043357749537288326
0.0893184328568466 0.10943047914011572 0.5639082657415939 0.23734282226144376
0.3248292823736817 0.2401899733337901 0.3510790169221152 0.08390172737041302
0.28204578234389155 0.07903901295039728 0.4655880981801306 0.1733271065255806
0.24630446935898098 0.44300350034508174 0.18601290503211654 0.12467912526382074
0.24767652221969372 0.6512332601245286 0.045878624060779916 0.05521159359499772
0.21775185118765394 0.32424997258198407 0.1625272262121833 0.2954709500181787
0.2948764121633155 0.3735118779239015 0.24810063995475562 0.08351106995802737
0.514357949745529 0.09261070673879057 0.23686957581008972 0.15616176770559076
0.4498580019511258 0.10971101793851434 0.14966372561253716 0.2907672544978227
0.12481460162540658 0.5746567123799379 0.1214886653334013 0.17904002066125424
0.3059561684212585 0.4877542761102832 0.20065530301072443 0.005634252457733857
0.11462059868440189 0.45401362158704195 0.2877685957054398 0.1435971840231164
0.02337627536652309 0.2822733155325241 0.499338992498106 0.19501141660284682
0.03239716353484534 0.1698215121693577 0.7239808771654576 0.0738004471303394
0.008567437747802775 0.24976099991177747 0.34356549183063556 0.3981060705097842
0.4532637119072619 0.25144026915808293 0.2825990739408919 0.012696944993763282
0.03382864405578645 0.21310027240837526 0.6014357769652755 0.1516353065705628
0.00866778699592341 0.44017394506586105 0.4843457122040219 0.06681255573419365
0.5930899469162058 0.19641309712076205 0.06147908567487259 0.1490178702881596
0.15706044698648824 0.19737760297488727 0.6374266963657328 0.008135253672891696
0.011744451463684968 0.07864227217635922 0.2559862073877154 0.6536270689722404
0.30479332921028646 0.31909800824513135 0.36554778908650765 0.010560873458074549
0.260923868530366 0.4498521794971032 0.2794721670709083 0.00975178490162254
0.2976309285758172 0.14930185846649324 0.18697574872678446 0.3660914642309051
0.26175833824182326 0.22639861136362494 0.216986638454294 0.2948564119402578
0.06012551515655362 0.14348153127347196 0.6391078080315236 0.15728514553845085
0.03924911156022792 0.11175339054423494 0.3143947191715043 0.5346027787240328
0.036800095424559864 0.05153854523645762 0.012661723904439537 0.898999635434543
0.05831423342904185 0.782174602522793 0.15243289936766258 0.007078264680502544
0.09663648354591248 0.24964505109837876 0.4691547957429387 0.18456366961277004
0.2711176830618296 0.3572676112365697 0.0449422354791309 0.3266724702224698
0.4572442602400171 0.0505792411363849 0.052779602015196825 0.4393968966084012
0.15624128788637792 0.37227383768712563 0.30320587480335714 0.1682789996231393
0.37311204821332267 0.28902824294629004 0.1410140319220835 0.1968456769183038
0.41873893110699023 0.20555385782148894 0.2882423399003192 0.08746487117120161
0.09924266528795866 0.10895056622218546 0.38021201684836237 0.4115947516414935
0.31476544006551266 0.014452400830592294 0.0010592226877494948 0.6697229364161456
0.017645630432742254 0.01723240966572226 0.3061528570461207 0.6589691028554148
0.005117558597183658 0.1200168659948544 0.3598227493415368 0.5150428260664252
0.29889487584797325 0.29714332839672186 0.3572615662645642 0.04670022949074071
0.06472769467228878 0.009110938284381698 0.7684233164691305 0.15773805057419898
0.29826532395965244 0.3258023453817571 0.3128884392693929 0.06304389138919753
0.40038081558697447 0.034464522056439906 0.15809395253343628 0.40706070982314935
0.43018143097612993 0.07088586201398195 0.3601896394667856 0.1387430675431025
0.034851461449836085 0.0292378899965553 0.3623906405263081 0.5735200080273005
0.12028483510004218 0.7281736950279232 0.0760095747355567 0.07553189513647796
0.10912867515544711 0.2231707357428775 0.33889845462379553 0.32880213447787987
0.030542655895226867 0.39910483560342225 0.47880516879845125 0.09154733970289963
0.15389979401551834 0.7627107296600916 0.032208781832464006 0.05118069449192608
0.24124396062569875 0.1168060301302336 0.16196870262471497 0.4799813066193527
0.18594299629105904 0.5633143622318927 0.1684525412102581 0.08229010026679018
0.48105318926231844 0.1144911165843443 0.06855270224813703 0.33590299190520023
0.09740259759928949 0.13440560113302003 0.05732552385600986 0.7108662774116806
0.10912833657391008 0.5929993243557534 0.21129529069864272 0.08657704837169378
0.07918055467203344 0.6783440813487007 0.10713179339836898 0.13534357058089685
0.06072580870190514 0.02032443939993822 0.10136990225417342 0.8175798496439832
0.15199619073165738 0.22459022163706588 0.03240729026469347 0.5910062973665833
0.07555697499202119 0.6367187038603366 0.10356123571076292 0.18416308543687931
0.43779523321510194 0.432763337750513 0.07011831603991525 0.059323112994469795
0.12832650690351222 0.24395607817946763 0.3111916151810572 0.31652579973596295
0.025176370086365862 0.05883983373716928 0.5329312741923393 0.38305252198412554
0.4206654077006875 0.31219971832731985 0.23744590134822652 0.02968897262376613
0.84012418162943 0.055095381334975047 0.028455391346067116 0.0763250456895278
0.2512669227251445 0.4141687799659717 0.15312493197461607 0.18143936533426774
0.507797392041062 0.10323714981717036 0.32652697021509647 0.06243848792667117
0.08507412697102457 0.3640563044374284 0.5246433523643419 0.026226216227205112
0.2875589793620553 0.26798141063998937 0.37922963580996927 0.06522997418798604
0.2205409648733715 0.3561177680424257 0.15979305234659447 0.26354821473760837
0.4286546689032481 0.15355589559533378 0.24454273519123848 0.17324670031017964
0.10541512116687457 0.04691514417605569 0.278535411466731 0.5691343231903387
0.26169485422124394 0.01116539606881517 0.563065908318874 0.16407384139106684
0.16146846587444696 0.07496093535582526 0.7215682075261661 0.04200239124356164
0.6000021378588378 0.26733540568562675 0.10469699838738622 0.027965458068149207
0.29175329256427107 0.30160440409460376 0.21559596403580739 0.19104633930531778
0.26785787214479784 0.15235766533786732 0.43158580087982357 0.14819866163751128
