64 10 4 24.329796045936213 48.65959209187243
4.411886728903931 6.103883504616526 6.360332613914097 5.048730089699074 5.113178428552468 3.8048589808785596 3.8200362507781334 3.6537351490142242 5.776952151120637 4.56599819439477
0.8823773457807862 1.2207767009233053 1.2720665227828194 1.0097460179398148 1.0226356857104935 0.7609717961757119 0.7640072501556266 0.7307470298028449 1.1553904302241276 0.9131996388789541
0.029277197597395443 0.5527978851097456 0.13667528947781837 0.2812496278150406
0.022575436577678576 0.20186630262206073 0.3950590592122949 0.3804992015879658
0.03566996876236428 0.18077446531101227 0.6495496994839837 0.1340058664426398
0.20608794746311854 0.3953469317618368 0.28716444698711197 0.11140067378793272
0.3525379118118491 0.023282455613801933 0.047522083220490785 0.5766575493538582
0.1309454633729532 0.43806812746337376 0.05426921333881429 0.37671719582485874
0.08694693688587751 0.6246294766371508 0.2777536392229406 0.010669947254031031
0.5375014817017365 0.1575693738028051 0.1175236934043018 0.18740545109115658
0.24138247743851493 0.3707948017222713 0.3533778837252908 0.03444483711392299
0.06485964093513452 0.3750353338965907 0.025430530941239593 0.5346744942270352
0.16765093779104812 0.041090980122962306 0.3393500790358801 0.4519080030501095
0.0019484974344642358 0.39636137286662776 0.2363645718855948 0.3653255578133132
0.25572342020850636 0.121066132310925 0.028055930334228818 0.5951545171463398
0.17591993612773082 0.05098140472329615 0.44468095552127596 0.32841770362769707
0.01798798449939376 0.28803477802537647 0.0880834258894615 0.6058938115857683
0.24507316100625598 0.004693355284787204 0.3254113529395831 0.4248221307693737
0.7676115740419204 0.13520027194532724 0.0541474475546081 0.043040706458144284
0.09894442813170345 0.23292721963340246 0.19818176389879272 0.46994658833610137
0.09696807065302482 0.1531498527130788 0.2677189396502395 0.48216313698365687
0.8437708587447599 0.00021127289498334978 0.00025607602548549657 0.15576179233477128
