43 30 4 79.38152779434773 158.76305558869547
2.0354910975080105 6.481598853515333 2.2005186776738945 3.165306579688139 3.944251502300258 8.73223741853738 6.994811917882232 5.870459910550634 1.2611244198192435 7.603734666522547 4.554550165879053 8.218424067657999 3.2897901327389136 1.5119644298603663 8.799837768092802 2.989260962959342 4.644905032425337 3.8448682391638784 1.6899642999680253 8.58902224806734 8.640452329703752 9.743185822918491 4.468392229556243 9.590393125977986 5.01182524755747 7.0275218654962694 1.7425004472743986 9.073887219833809 3.6820315061988644 3.360743403367433
0.4070982195016021 1.2963197707030667 0.4401037355347789 0.6330613159376278 0.7888503004600516 1.7464474837074762 1.3989623835764464 1.1740919821101268 0.2522248839638487 1.5207469333045094 0.9109100331758105 1.6436848135315998 0.6579580265477827 0.30239288597207326 1.7599675536185604 0.5978521925918684 0.9289810064850673 0.7689736478327757 0.33799285999360507 1.7178044496134681 1.7280904659407503 1.9486371645836982 0.8936784459112486 1.9180786251955972 1.002365049511494 1.4055043730992538 0.3485000894548797 1.8147774439667619 0.7364063012397729 0.6721486806734867
0.005129549064456951 0.4704668179427962 0.502607767074753 0.021795865917993873
0.1040189498547629 0.8061341259253937 0.04288714520658499 0.04695977901325843
0.6287857958821612 0.2362313247250205 0.031730149133680885 0.10325273025913739
0.4044052430754076 0.15625792636832736 0.17506391206338578 0.26427291849287926
0.6095598712590458 0.060585293443336075 0.05684282726560663 0.27301200803201153
0.20608185091330178 0.44988097691055207 0.13977603699219032 0.20426113518395583
0.14447837842282873 0.16579114842176101 0.2778345158137864 0.4118959573416239
0.6952608669550929 0.052509744837770156 0.19587181639142803 0.056357571815708885
0.5944491868184307 0.305224432548982 0.09902462652927424 0.0013017541033130131
0.005083284699214041 0.0586372836181005 0.4175827651380021 0.5186966665446834
0.18471295754908879 0.6854685194855007 0.08413800616144884 0.04568051680396168
0.10335251087815445 0.3399601838508296 0.44258680081888935 0.1141005044521266
0.044704402435746915 0.7073352839302781 0.18951455739229195 0.05844575624168302
0.2152285149871862 0.3370356320242174 0.37022533676163694 0.07751051622695948
0.3941979979597263 0.03850008160387386 0.0519884100400263 0.5153135103963735
0.007309493723924754 0.6370610028898889 0.10058662891841597 0.2550428744677704
0.060363544351553666 0.3533219903817827 0.5555699690977195 0.030744496168944146
0.2921975442760082 0.2919432864375786 0.3213101535998868 0.0945490156865264
0.37855533945156983 0.10835083678051649 0.32794571001853134 0.18514811374938234
0.1815347567293506 0.03296306361756385 0.293903111799492 0.49159906785359353
0.0022395771533531006 0.82454549506906 0.011145456447303803 0.16206947133028304
0.47950502144066787 0.19442822956695394 0.2783498017707744 0.0477169472216038
0.08164113622514768 0.28764417081790583 0.5180052846174499 0.11270940833949661
0.48601552405987125 0.4766424136558399 0.010781060366132356 0.02656100191815647
0.4452131001322439 0.0018480233651694267 0.1790102041326288 0.37392867236995786
0.09145020235766321 0.12013080404860432 0.7603378534404248 0.02808114015330765
0.3503059822278525 0.2507534589043354 0.10247970499940406 0.29646085386840804
0.5466971866165931 0.2798812147289984 0.1424886607941821 0.03093293786022644
0.08837381961170587 0.7621118704416263 0.13881775363212634 0.010696556314541472
0.10690220488046798 0.36171435324711665 0.14653064936098759 0.3848527925114278
0.543202515280406 0.09317116229111666 0.2722890802595651 0.09133724216891226
0.180914595257901 0.23103838812845767 0.11330268772078678 0.47474432889285456
0.20689137134336522 0.0686674053055869 0.396618502827224 0.3278227205238239
0.41125548908663523 0.033805923403047444 0.5485110799044208 0.006427507605896499
0.39919688590407476 0.14083757827758125 0.16468114369888542 0.29528439211945856
0.1991614766227019 0.09117130114805472 0.009283998036268226 0.7003832241929752
0.24339801628096225 0.0019452366823975442 0.1586134140171097 0.5960433330195305
0.10274277857321168 0.40059685431957015 0.21680701496144106 0.2798533521457771
0.024168624980544617 0.1744112594557693 0.7668286972409494 0.03459141832273671
0.29142268967360796 0.278201709269451 0.04165319072696272 0.38872241032997834
0.43467832108680526 0.3051854987166689 0.1437376451704151 0.11639853502611075
0.2550462803347965 0.23506338073426603 0.12682731475183262 0.38306302417910487
0.31162746930915075 0.40387161721891396 0.061396280180704754 0.22310463329123054
0.8289612789391418 0.0159366086377144 0.060073293056394306 0.09502881936674945
0.12826034157607324 0.4699277950060534 0.0959589991648242 0.30585286425304914
0.10561720640258265 0.09908900976807256 0.12978277538227712 0.6655110084470677
0.12075217051578746 0.5802235189175169 0.025235984327470762 0.2737883262392249
0.016025917932118938 0.5067716983951247 0.20580643388130782 0.27139594979144854
0.07755780549497093 0.39063610057495424 0.12813307410694053 0.4036730198231343
0.07013593446323718 0.024520959751199056 0.23719484061684182 0.6681482651687219
0.025962269231945 0.32915020116881943 0.5693052809136021 0.07558224868563346
0.15913749655398135 0.006932676990515474 0.8287444065617116 0.005185419893791621
0.3194050602856374 0.13455705432824472 0.4805978692563926 0.06544001612972528
0.3212915884340132 0.6760810119144753 0.0013459359603971155 0.0012814636911143706
0.04474569544182738 0.6259040747694233 0.039525029585805505 0.2898252002029438
0.5897310102096278 0.072240230676208 0.13310439411372765 0.20492436500043654
0.16003461073905834 0.011593065178880146 0.33080880172521787 0.49756352235684365
0.3275349776987574 0.005166650793760774 0.49800897614982 0.16928939535766185
0.4936927425283941 0.4253843445276011 0.0444120367235854 0.036510876220419375
0.5589528061006032 0.3397842852610521 0.0933087230474845 0.007954185590860252
