28 30 4 87.19970985151507 174.3994197030301
7.561123680602072 6.05115642094877 2.1247038280831685 4.578331318301054 8.031773856461285 5.598936834878018 2.644240225742425 8.681615877239675 9.598347033713283 9.85792121426601 2.7343087644463147 9.737155912331955 3.113275191412986 1.237184636588836 9.514543087872601 9.29552366818852 3.645781910307825 2.4964633197912183 4.558805558491835 5.596027612796165 3.772335056416566 4.866119502327439 8.470624650859833 6.061542143255042 8.477994791915751 9.97236361976169 3.9932092467435845 1.8190731374831306 7.964484027299679 2.344453574503387
1.5122247361204144 1.210231284189754 0.4249407656166337 0.9156662636602109 1.606354771292257 1.1197873669756038 0.528848045148485 1.7363231754479351 1.9196694067426567 1.971584242853202 0.546861752889263 1.947431182466391 0.6226550382825973 0.24743692731776717 1.9029086175745202 1.8591047336377042 0.729156382061565 0.4992926639582437 0.911761111698367 1.119205522559233 0.7544670112833132 0.9732239004654877 1.6941249301719665 1.2123084286510084 1.6955989583831503 1.994472723952338 0.7986418493487168 0.36381462749662613 1.5928968054599357 0.46889071490067746
0.07309577476596008 0.6522592848819606 0.11576300812954599 0.15888193222253333
0.039303182169226236 0.6357753631091936 0.09019299073643583 0.23472846398514435
0.2511826139256833 0.282200430671145 0.16537226948496875 0.30124468591820297
0.6103815784059902 0.15288409150636129 0.13251286884136249 0.10422146124628606
0.10681001127994949 0.726423958403603 0.09665360548544122 0.07011242483100633
0.5789832521329858 0.16365301042545188 0.25449137833806446 0.0028723591034978124
0.7262486705180046 0.14176742188987312 0.10330900721455194 0.028674900377570367
0.046459090146250936 0.2841479157136325 0.3699389042172311 0.29945408992288547
0.2616993719297237 0.09248194594424852 0.010833263835739348 0.6349854182902884
0.6232412607427288 0.11416644112255458 0.038070855684751104 0.22452144244996552
0.38212961816063273 0.03337633432869547 0.4046193811308624 0.17987466637980942
0.06125105420094468 0.32062146807424996 0.001759583926356889 0.6163678937984485
0.16996923167825784 0.0632460136384213 0.21013656126956748 0.5566481934137534
0.03229214935934144 0.47409941918460996 0.08840849338096446 0.40519993807508414
0.18160441277596107 0.18701310754070988 0.44083808227415666 0.1905443974091724
0.03305478887490143 0.05026633686124149 0.5215623843894998 0.3951164898743573
0.0046106436381342375 0.36573988538078983 0.48618712126249597 0.14346234971857996
0.45676896087516683 0.18060450478103385 0.10932662611682831 0.253299908226971
0.18912247948386984 0.1334386119616373 0.048630532182943886 0.628808376371549
0.4098686663130222 0.26594297644674014 0.14059297978903873 0.18359537745119892
0.16223588719182513 0.57526790768856 0.06036237910811848 0.20213382601149643
0.042522637916886596 0.0825351164171445 0.24261848448869838 0.6323237611772705
0.49544312249379485 0.4248319476316348 0.03742705288776238 0.04229787698680798
0.07657687259032664 0.06456564160583733 0.44657443348297243 0.4122830523208636
0.12733874611496532 0.36996299782404996 0.4134050243866133 0.08929323167437142
0.03969860522025748 0.249127446404109 0.17229425214816074 0.5388796962274728
0.6456734735735264 0.14120129317749086 0.08658346181409693 0.12654177143488576
0.2863795603946072 0.2221066716065745 0.20201572600017814 0.28949804199864015
0.05821517051272407 0.21181955601804248 0.6236810436474699 0.10628422982176355
0.4637231427762093 0.05531788745034372 0.15677366844958274 0.32418530132386425
0.1455396676526015 0.30162308327625076 0.5079836833887346 0.044853565682413166
0.13170218598547412 0.5243208910049866 0.12576184107403654 0.21821508193550276
0.05917524354882453 0.5679995229237693 0.36124361755902945 0.011581615968376702
0.1562820815836775 0.005642589266210418 0.1550604269172572 0.6830149022328549
0.22996942738199455 0.26784109253067834 0.175889860968522 0.3262996191188051
0.27530634180429314 0.009425610728896916 0.5911174212948227 0.12415062617198724
0.04888569362356843 0.11337600972091888 0.3288086414155291 0.5089296552399836
0.19730087634233162 0.4546440332988504 0.10070003716721898 0.247355053191599
0.5146740613033451 0.0160969451136731 0.3209684791427616 0.14826051444022015
0.30446975041422886 0.5510826605591094 0.03999957208081206 0.10444801694584971
0.24213480168928625 0.36927225795437635 0.2538138862070872 0.13477905414925018
0.630149684044205 0.18736642313597207 0.16132437379511655 0.021159519024706364
0.02552222740561172 0.3890488808585687 0.36467734718160505 0.22075154455421453
0.22840922120522034 0.2102239802738597 0.4722368764212269 0.08912992209969306
0.24255621832412255 0.21979745137473605 0.05693479847691518 0.4807115318242262
0.39902017750242713 0.08414617711734784 0.07421228475334796 0.44262136062687707
0.7181202822190859 0.04606812701685159 0.08356813282767095 0.1522434579363916
0.497620392610885 0.3612984310728681 0.08885329206843584 0.05222788424781111
0.20617277306409065 0.00310097244654417 0.5505423024000907 0.24018395208927446
0.008539339348597408 0.12694864858597943 0.5027955001459514 0.36171651191947174
0.5841178399194442 0.18305241450545795 0.19351664514145273 0.03931310043364511
0.19873519126015626 0.14395349675761937 0.5429122965226295 0.11439901545959485
0.06295161015162654 0.17362508971093338 0.2817122774599419 0.4817110226774982
0.2297986241617741 0.6330902136728702 0.031424273313518936 0.10568688885183675
0.5087329248262589 0.10292099270443278 0.16775351574073116 0.2205925667285772
0.4906407333394609 0.22981733915270985 8.88083449590571e-06 0.27953304667333334
0.18879163909114705 0.29332826511209464 0.07851326377203482 0.4393668320247235
0.18311127133811422 0.20110868130941595 0.26755180155194114 0.3482282458005287
0.2768991509890214 0.31897825377955047 0.29173767226238767 0.11238492296904046
0.16908189663687712 0.008196680362695052 0.011888173889164966 0.8108332491112629
