45 40 4 102.3778614520304 204.7557229040608
9.9011036212804 5.945902541602529 3.5330257175955655 1.6956060947125544 5.000225463746228 5.255271727799368 1.4366980081580127 2.4699200338744007 2.0435564034815 6.646525144339834 8.70563843736062 6.850921789787973 9.916495162820201 5.2331567356340685 6.564650352106224 3.5440048587805064 9.784029842357874 7.057611992185077 4.9647779989709 3.6071860622688536 5.587297156424271 2.0121480621639516 3.0425931040805727 5.306970741955252 3.1848234110210174 4.491842658464503 8.36986084808839 1.6708670664539196 9.308345851249022 3.024064738085121 7.357343361471965 1.9950891109526014 6.409037111708677 4.661132842794643 8.531465053888507 3.250273850595632 5.119641923145819 6.016894324138682 3.2675517981239968 1.9921719003915923
1.98022072425608 1.1891805083205058 0.7066051435191131 0.3391212189425109 1.0000450927492455 1.0510543455598735 0.28733960163160255 0.49398400677488014 0.4087112806963 1.3293050288679669 1.7411276874721238 1.3701843579575947 1.9832990325640403 1.0466313471268136 1.3129300704212448 0.7088009717561012 1.9568059684715748 1.4115223984370153 0.9929555997941801 0.7214372124537707 1.1174594312848543 0.4024296124327903 0.6085186208161145 1.0613941483910503 0.6369646822042034 0.8983685316929005 1.673972169617678 0.3341734132907839 1.8616691702498045 0.6048129476170242 1.471468672294393 0.3990178221905203 1.2818074223417353 0.9322265685589286 1.7062930107777015 0.6500547701191264 1.0239283846291638 1.2033788648277364 0.6535103596247993 0.39843438007831844
0.09413892910049249 0.6324982672075317 0.09911676918918122 0.17424603450279463
0.18395198585753025 0.5578021421030793 0.11411494372301934 0.1441309283163711
0.2550567553368033 0.6672212221209624 0.06175858758045949 0.01596343496177488
0.3225899537209548 0.07978133023472989 0.0415028421277418 0.5561258739165735
0.14019181542772763 0.04755391272320186 0.5362666427189167 0.27598762913015384
0.30491329572436365 0.1868498613076588 0.38805036946835236 0.12018647349962519
0.03941980288626623 0.0248123685536612 0.8760724619906957 0.059695366569376906
0.8397724892594816 0.10110523998124676 0.04703791358073717 0.01208435717853451
0.25263224568082887 0.3516059569664973 0.08048448549182441 0.3152773118608494
0.2372215788455453 0.4855336283944921 0.11803719283544611 0.1592075999245165
0.04442158058212842 0.47932791609918923 0.04723621019388358 0.4290142931247988
0.47324734894122156 0.49414152561132174 0.022618220818368506 0.009992904629088195
0.030473341519351438 0.043979665231866694 0.11006839655495015 0.8154785966938317
0.07036985367114024 0.07728300954979406 0.08865724182922385 0.7636898949498419
0.5346123521023269 0.20293641703500376 0.19187511706336557 0.07057611379930373
0.6553022185400376 0.15449491205425459 0.15500476999333013 0.035198099412377726
0.30903249402955024 0.008355835036739756 0.07127553890856209 0.6113361320251479
0.41098428794372877 0.19150542593458497 0.2677674812486496 0.1297428048730367
0.1517106503440303 0.0508718347578484 0.2165874965969058 0.5808300183012155
0.23367420830753816 0.1565594416656234 0.3385788478770956 0.27118750214974285
0.0951198285526551 0.21809730489922852 0.5096098969839552 0.17717296956416118
0.16376440610316623 0.28209046741715105 0.10298809911404316 0.45115702736563956
0.12543415040740347 0.4204284688716555 0.4263720845089811 0.02776529621195989
0.3531409204404511 0.5240602278415233 0.10838253032211598 0.014416321395909648
0.27720088334861404 0.13873107306632293 0.49096758474308355 0.09310045884197948
0.05504379602223486 0.04927396039087295 0.7829349616852482 0.11274728190164396
0.3810573736781755 0.0544548912638011 0.2506358956505952 0.3138518394074282
0.6598127610447729 0.18382770305642937 0.04734368721966098 0.10901584867913672
0.30401828157870536 0.24000803592170572 0.2552545620298381 0.20071912046975082
0.3589014838883834 0.2869501384199139 0.2854251911873924 0.06872318650431031
0.34749881372330993 0.056061663099894465 0.4205105273332661 0.1759289958435295
0.08764698750893873 0.28286512744260583 0.5843839748919485 0.04510391015650694
0.7272713391330065 0.10983693986085585 0.08603811572872311 0.07685360527741458
0.7267414758828553 0.1510114117184499 0.09867938929792175 0.02356772310077304
0.38546896745722814 0.35094584195187206 0.11382867678585873 0.14975651380504107
0.03143591821773073 0.37007789608686614 0.369663566503744 0.22882261919165914
0.23584306680715827 0.04934525871965101 0.30939049556721787 0.40542117890597285
0.195168349136833 0.534628129795304 0.049115007115631215 0.22108851395223172
0.4281551909743828 0.02864026928017782 0.35738483765687024 0.18581970208856913
0.0212937590674126 0.15082096202772421 0.08336255718050334 0.7445227217243598
0.31007393751622236 0.14159258913033124 0.43553671096330804 0.11279676239013836
0.06693827118834939 0.054994004246449624 0.050234541871632454 0.8278331826935685
0.25131625283785164 0.41501621838561586 0.012462903108836576 0.3212046256676959
0.06417229596609242 0.14291933230850906 0.44239432205303153 0.350514049672367
0.0947696581546128 0.2016177825269292 0.17194505665454496 0.531667502663913
0.16127882072143063 0.4435163965649669 0.3859834859422515 0.009221296771350973
0.15996243096834317 0.28458803598109206 0.2885690336278276 0.26688049942273717
0.5575353738225484 0.1692130223488919 0.03644720665614021 0.23680439717241952
0.10523491740724167 0.6320260148127631 0.17019297001348088 0.09254609776651435
0.4331002395015694 0.23553574598692228 0.3203499241038039 0.011014090407704402
0.29788447696729425 0.15538076707494297 0.12072264046274994 0.42601211549501283
0.07885394519989208 0.14786201296403467 0.18086139224057318 0.5924226495955001
0.07475668562383264 0.05412861080640341 0.24441551613816037 0.6266991874316036
0.3455340811149984 0.03517581680360038 0.026504921140640514 0.5927851809407607
0.11351235681208072 0.300057744138732 0.4607061928391242 0.12572370621006312
0.37782962135089615 0.22678521182138955 0.14885141066317154 0.24653375616454276
0.10949532823123653 0.47915196165486396 0.16200282544072253 0.24934988467317698
0.42199938071274934 0.05637674792377123 0.45374312122258165 0.06788075014089778
0.11489528131347349 0.51372420667311 0.25027600695157615 0.12110450506184034
0.5171169801259848 0.06584245990125859 0.025140890387983617 0.39189966958477296
0.325377541118959 0.029721008109515612 0.6282368930226869 0.01666455774883846
0.30738284945655314 0.43908398892299416 0.19039672110843586 0.06313644051201683
0.31603742394293355 0.1946641773668728 0.29581913528179404 0.1934792634083996
0.03308766534076857 0.5015067393170664 0.05457991775976723 0.41082567758239785
0.7621557747895836 0.16866209782141284 0.04811748295588614 0.021064644433117397
0.037927969657492566 0.11739197394669298 0.43371479701185967 0.4109652593839548
0.6359045669890764 0.24055923671075585 0.11446349913729104 0.00907269716287673
0.4712740362006985 0.15042790602074219 0.32935174678638013 0.048946310992179165
0.1863418397393688 0.22183049214435546 0.45807152562700726 0.13375614248926848
0.1933794931008117 0.4865209850758636 0.12668319124792415 0.19341633057540053
0.7976444977072907 0.0033610540158902635 0.19649137565069608 0.0025030726261229264
0.3648746207239253 0.0405395483891815 0.32860044528219523 0.265985385604698
0.022809128242531562 0.23342124700917366 0.30415370070745773 0.43961592404083705
0.26287231163749214 0.10021424580388727 0.3078001168085177 0.3291133257501029
0.5027482817492371 0.023208556865057517 0.23589049177617427 0.23815266960953108
0.25918372252368294 0.07284145278665355 0.4863714278034288 0.18160339688623472
0.05550741667072345 0.44494101538394726 0.1250957607392159 0.3744558072061134
0.2693760452152669 0.23961160540297355 0.4446654400805664 0.04634690930119312
0.28539682742366335 0.3562576413976357 0.19909581045109015 0.1592497207276108
0.5340576167887428 0.07311497978070935 0.2045583831044342 0.1882690203261137
