36 40 4 92.16146692226751 184.32293384453504
7.556564724361531 6.41452791133192 9.569626006654124 2.288561029489274 8.266232168831483 4.268931368689261 2.6790113106038427 3.3323611445915247 6.667861083507543 1.2930482938503638 9.525088658595344 9.138864192563856 5.951171400596491 2.7730745887667245 3.0882954834705365 1.021293775397902 3.034499904770371 4.378089137995842 5.074693348072057 3.2147127106682754 5.141139216921088 2.893662805984956 7.037999921823656 5.065922799142123 6.334163160979067 3.943108787361089 3.0159141664147633 2.940562283792678 2.545163504221028 1.2041131783187444 6.661620698527605 5.782718229116593 3.190528326750615 5.723452872094174 2.568048898153292 4.07742177101877 9.983604841343825 3.0919320942882496 1.22875190624598 2.356596139228432
1.5113129448723062 1.282905582266384 1.9139252013308248 0.45771220589785483 1.6532464337662964 0.8537862737378521 0.5358022621207685 0.6664722289183049 1.3335722167015087 0.25860965877007275 1.9050177317190689 1.8277728385127712 1.1902342801192982 0.5546149177533449 0.6176590966941073 0.20425875507958038 0.6068999809540742 0.8756178275991685 1.0149386696144114 0.6429425421336551 1.0282278433842176 0.5787325611969912 1.407599984364731 1.0131845598284246 1.2668326321958134 0.7886217574722177 0.6031828332829526 0.5881124567585356 0.5090327008442056 0.2408226356637489 1.332324139705521 1.1565436458233187 0.638105665350123 1.1446905744188347 0.5136097796306583 0.815484354203754 1.996720968268765 0.6183864188576499 0.245750381249196 0.4713192278456864
0.18700973810923505 0.29617476258596176 0.15658473276683182 0.36023076653797137
0.4028237315824781 0.07941789225386531 0.3907999380054168 0.12695843815823982
0.20542335882258966 0.0018809402043907797 0.5144122096252396 0.27828349134777997
0.23090420689632973 0.16937447095981017 0.3166725191816213 0.2830488029622388
0.16211991522666536 0.08852468314816797 0.5204282298487015 0.22892717177646515
0.3182165971684565 0.3455456841937823 0.2206680054320549 0.1155697132057063
0.7122919451793149 0.07458792457763674 0.18030028879080096 0.03281984145224737
0.12481023203090114 0.14517237055071586 0.7232888878715745 0.006728509546808481
0.011134131546525206 0.4128291732878675 0.5272084556711274 0.0488282394944799
0.8346712784970781 0.10299602017706333 0.022947272720942213 0.03938542860491634
0.1815335527484172 0.0584957600770748 0.29497383124896936 0.46499685592553863
0.08497961390002984 0.22387927216230252 0.32000958103827004 0.3711315328993976
0.5092201227544335 0.09214545192397183 0.13188120175637397 0.2667532235652207
0.4436152299391738 0.3541353357513132 0.09804134433204004 0.104208089977473
0.22273906702959434 0.582743292436611 0.13194650730088786 0.06257113323290675
0.21503144759329162 0.1979243650804947 0.40377145046225293 0.18327273686396073
0.3288737143608237 0.02041349135624826 0.25121859963160487 0.3994941946513232
0.17416937094190243 0.2167209366145928 0.08737848424209149 0.5217312082014133
0.7942409300927656 0.05641087500973485 0.11860549881564575 0.03074269608185376
0.22454207137504067 0.29545903519328276 0.15399877512450955 0.326000118307167
0.14506527197206232 0.14176213328302778 0.6254578523068711 0.08771474243803878
0.5828966914265736 0.06886042692285588 0.105557855155334 0.2426850264952365
0.393825535659339 0.06931574894524628 0.45738813646963583 0.07947057892577891
0.14181403341004506 0.21299357451576018 0.3402089515573741 0.3049834405168207
0.447882620517436 0.16385220579081738 0.38348343747094005 0.004781736220806576
0.3947560715690017 0.2006855727045067 0.22209249695043443 0.18246585877605714
0.2868812534858374 0.03984982547719018 0.24446882544317372 0.4288000955937987
0.018272276526084652 0.06230576350770978 0.5161551387449052 0.4032668212213004
0.11565142381607696 0.23312176350693237 0.5294771559559258 0.12174965672106486
0.08785602121064096 0.49765590074946986 0.283911021239731 0.1305770568001582
0.11266037012092156 0.4718387060384932 0.37593802663479114 0.03956289720579409
0.13056945926866803 0.03992778701019739 0.6056123623654611 0.22389039135567346
0.02512937078282218 0.27285138487380267 0.1857347894518837 0.5162844548914914
0.9190409187842812 0.02006959995605062 0.010448746726942404 0.050440734532725795
0.32301370312390065 0.11693393902243199 0.4787695199490387 0.08128283790462865
0.3282337355345488 0.011067072752704465 0.6160445683777837 0.04465462333496306
0.41227240540440047 0.35500191648263524 0.12716559218512957 0.10556008592783472
0.17134702238076327 0.5449905744200273 0.12022132843025857 0.16344107476895087
0.252313500632504 0.10386954544021942 0.12132985320824774 0.5224871007190288
0.16035635581843177 0.22628615436586352 0.4401016928920405 0.17325579692366422
0.35176465653059386 0.001997726495970853 0.06565069067098617 0.5805869263024491
0.19644074244312482 0.24155241999119126 0.3640161385390809 0.19799069902660305
0.08301267227129783 0.5971475160690882 0.1886839658040771 0.13115584585553686
0.07730388443980651 0.12395138301319886 0.46638200086028847 0.33236273168670616
0.14695125356347927 0.7559011428404421 0.04428278220725668 0.05286482138882198
0.07505873780081751 0.37565648938360885 0.1814542484652767 0.36783052435029695
0.33458639377540567 0.16540612468979465 0.3690884196534925 0.1309190618813072
0.38549435136733545 0.17640333485225912 0.32834198035413575 0.10976033342626967
0.1777520084161225 0.07667897110670852 0.5172491889770662 0.22831983150010282
0.3674047532916348 0.1230983243283783 0.2833014627016225 0.2261954596783644
0.14814689934151082 0.43245303473750063 0.20425543241352617 0.21514463350746238
0.18395653298413783 0.4026088603628458 0.2671432844593691 0.14629132219364727
0.2677455681933064 0.03737017181415914 0.28104689705159835 0.4138373629409361
0.16111788293748974 0.7550647812960308 0.019011030423376374 0.06480630534310305
0.07234999067650782 0.00901254876605273 0.8475158459621178 0.07112161459532162
0.18219733244591219 0.3231690217880798 0.23550758245083658 0.2591260633151714
0.4004889606342268 0.38048384806375113 0.02162612474885961 0.19740106655316247
0.38369830586005793 0.15343490050851594 0.4084581818020293 0.054408611829396825
0.018651759739112594 0.32659500274252085 0.12691363135640354 0.527839606161963
0.4600931393737876 0.004210858376947457 0.1775770000650475 0.35811900218421744
0.2281201664037107 0.257451751319844 0.3555662256155335 0.1588618566609118
0.5682613375214154 0.015430084573026304 0.3242370783648628 0.09207149954069549
0.10185524734338003 0.22004939674536173 0.4878613876824671 0.19023396822879113
0.20888911626634699 0.7507959474295153 0.011478897418711553 0.028836038885426185
0.030313599362268517 0.612144974908729 0.09992892071789372 0.25761250501110877
0.14146383935849727 0.45788633156757863 0.15637810144255637 0.24427172763136773
0.3947893449142662 0.12272960805335931 0.2691347289330759 0.2133463180992986
0.2423678231591775 0.025673774135719363 0.2853829348699207 0.4465754678351824
0.04943793435365995 0.7254901001953907 0.10504545508274332 0.120026510368206
0.30338398086120266 0.1641429521885216 0.26914413629006073 0.263328930660215
0.1937875047586135 0.021647952794621728 0.375007147674129 0.40955739477263575
0.3267638930540663 0.06535991570260435 0.16254975641662017 0.4453264348267092
0.1553056850142719 0.4835544996228377 0.33340652416172256 0.027733291201167853
0.1627328339159949 0.13987505592773564 0.3587542054908819 0.33863790466538757
0.3387696463009514 0.3964449213146346 0.07419156601903187 0.19059386636538211
0.281500583774537 0.5845423817955866 0.030026658714834897 0.10393037571504149
0.4424980145686638 0.33618596015375524 0.02245757047385122 0.19885845480372977
0.27488447915182457 0.23715210964910294 0.3738113496225438 0.11415206157652869
0.4568026629314119 0.024062338557561125 0.2771170953866028 0.24201790312442417
0.16206400614183758 0.042839124186831556 0.38812138521059536 0.4069754844607355
