21 60 4 170.12641529289886 340.2528305857977
1.4385239272821457 3.6019869381083516 7.488697121481069 1.1945462492435481 2.853304887406951 1.4569593102583913 3.7204470456815515 6.9751926516223 3.7730295391319095 6.252321485967388 1.626138591513405 8.806640355937795 2.1991646732657295 2.603121954035485 5.463365948435402 8.773296801024012 7.8304945196090285 9.734366128142419 7.833722975069975 4.458250288811165 4.6784649649935925 7.420243850960309 3.4360279540582037 8.686925847922097 9.21847572650625 7.846804626981456 5.650016839822596 2.510521886993566 3.6882306244797913 3.5554874052757044 3.9449131895595784 5.141263004136785 5.899315235118738 2.9566078278374976 8.198814942450788 7.540160043668819 8.643634420520952 3.407696241238651 6.533422400335912 6.8748046587459015 4.48134790720857 4.693187607155369 8.291417945433736 6.403323388439214 9.08506304726225 5.410290025441162 8.454863189946536 8.73000524051415 8.096006292769836 8.988898934864826 7.289747100572393 5.089512768496746 3.7532364830996996 8.380759644333342 2.2569818988161794 4.611668486326197 3.080910834463021 6.314119871890209 8.976412521416313 3.9496743137127104
0.28770478545642914 0.7203973876216703 1.4977394242962139 0.23890924984870962 0.5706609774813902 0.2913918620516783 0.7440894091363103 1.39503853032446 0.7546059078263819 1.2504642971934776 0.325227718302681 1.761328071187559 0.4398329346531459 0.520624390807097 1.0926731896870803 1.7546593602048024 1.5660989039218056 1.9468732256284838 1.5667445950139949 0.8916500577622329 0.9356929929987186 1.4840487701920617 0.6872055908116408 1.7373851695844196 1.84369514530125 1.5693609253962912 1.1300033679645192 0.5021043773987132 0.7376461248959583 0.7110974810551409 0.7889826379119157 1.028252600827357 1.1798630470237477 0.5913215655674995 1.6397629884901577 1.5080320087337638 1.7287268841041903 0.6815392482477302 1.3066844800671824 1.3749609317491802 0.896269581441714 0.9386375214310737 1.6582835890867471 1.2806646776878428 1.81701260945245 1.0820580050882325 1.6909726379893073 1.7460010481028299 1.6192012585539672 1.7977797869729653 1.4579494201144787 1.0179025536993493 0.7506472966199399 1.6761519288666684 0.4513963797632359 0.9223336972652394 0.6161821668926042 1.2628239743780418 1.7952825042832625 0.7899348627425421
0.6656936477741948 0.13891600424545303 0.014746593734915825 0.18064375424543633
0.16797507343295692 0.5711336535511324 0.12497702258888488 0.13591425042702576
0.38103513941087674 0.2531279375038661 0.21574195163534804 0.15009497144990913
0.37352109865034655 0.48382126175347817 0.03997053723717969 0.10268710235899559
0.5290773087427948 0.041567713272728235 0.3612325355774836 0.06812244240699339
0.20830305100300806 0.09556394371234667 0.6197910535288428 0.0763419517558025
0.5090796626394611 0.18144212027438933 0.09124765968864701 0.21823055739750252
0.047229130005625786 0.10354541816600138 0.4540699907309016 0.39515546109747124
0.1508509880160348 0.541063795536882 0.28834849529434226 0.019736721152740944
0.002100500892840307 0.5766455397251596 0.33802757994801347 0.08322637943398659
0.284143272181518 0.15197586532720597 0.2796995981133419 0.2841812643779341
0.3302114813466831 0.40839511552212315 0.022101176125367328 0.23929222700582642
0.1375290754165801 0.48104648981247455 0.27902284274595457 0.10240159202499077
0.11546953773860269 0.07264451533292382 0.0712421084228303 0.7406438385056432
0.08833486468591223 0.4356138899289127 0.1415903886612382 0.3344608567239369
0.06268918940131918 0.18960368568392405 0.24383925636026937 0.5038678685544874
0.19561039162894633 0.4771594538437284 0.13706345939481468 0.1901666951325106
0.2656556602845208 0.2734742689704627 0.35867857823035243 0.10219149251466408
0.5334355201833139 0.1179734781026881 0.3104461924884704 0.038144809225527654
0.3192097458549269 0.10402448043095447 0.547588576622377 0.029177197091741602
0.3025290730659017 0.09318411991274378 0.5793784070312239 0.024908399990130614
0.1294060376887719 0.5334661071546114 0.09423588592472532 0.24289196923189138
0.10754192763516712 0.41190870793471723 0.4430023815124301 0.037546982917685545
0.39574151649323897 0.008510534171486173 0.028421105441138073 0.5673268438941368
0.10231052972199373 0.353621816365973 0.3985633181594427 0.14550433575259059
0.003030924966509696 0.7007041071231729 0.1021272478641847 0.19413772004613272
0.22864052835331483 0.31192927949483296 0.3194803935819419 0.1399497985699103
0.09331338995400074 0.2759017564203128 0.36131555153723593 0.26946930208845055
0.2396294240336183 0.22605713372309977 0.32596918671310815 0.20834425553017377
0.524649445545466 0.07850219602326403 0.3901411847821783 0.00670717364909168
0.06134432300631054 0.33460972389787147 0.4477096599977386 0.1563362930980794
0.8761434995768898 0.03454042600572982 0.009025349983058595 0.08029072443432184
0.8946427884940492 0.011512443259175442 0.07447399326858772 0.01937077497818762
0.680111829304676 0.20737164758952475 0.01759347225208885 0.09492305085371044
0.22233237386421167 0.25593882023735304 0.3587469416925382 0.1629818642058971
0.08764892380455869 0.057896438884468826 0.5232238370434535 0.33123080026751894
0.27146251186434067 0.2665631835749408 0.3417993080047109 0.12017499655600761
0.3309677267908161 0.2393975467336834 0.12197593297997844 0.30765879349552205
0.03663894959680214 0.7737267466111054 0.05172731043393941 0.13790699335815304
0.30461470896878007 0.07450880432726814 0.41648335885945154 0.20439312784450026
0.0049676848041296795 0.28756381440380996 0.05711577062518691 0.6503527301668734
0.36354242914209145 0.12813322199855248 0.039779277502184796 0.46854507135717127
0.06851284368172861 0.6753998758403768 0.19151918410779067 0.06456809637010397
0.33329854792449276 0.4169777143345147 0.015729191839317425 0.23399454590167512
0.02153771428633222 0.1320609335611671 0.3014370269413481 0.5449643252111526
0.015805383855658328 0.015109164470493486 0.930876794416939 0.03820865725690914
0.3677795940479821 0.0528935504205853 0.5283480634349976 0.050978792096434966
0.0826006013576196 0.041439390014156086 0.15566333619197326 0.7202966724362511
0.09116197368504053 0.07649994400850901 0.16171118293265796 0.6706268993737925
0.19199141985442447 0.26279222928542634 0.48933175098825266 0.055884599871896534
0.5271668652417938 0.045358019998559373 0.2934554562125885 0.13401965854705833
0.10351079433945365 0.3367612788507798 0.18772259385504841 0.37200533295471816
0.14179651022122253 0.555282274676176 0.29823740701043 0.004683808092171504
0.37191883215271204 0.3825872077675121 0.12619901271919298 0.11929494736058288
0.29966753369942234 0.16192081356357224 0.06712298070376166 0.47128867203324376
0.2574148450642436 0.26008134252664694 0.47554035059007216 0.0069634618190372866
0.15948403291891267 0.2588310739743167 0.3191510503957361 0.2625338427110345
0.1875627141134386 0.2189608263206443 0.4379726836495018 0.1555037759164153
0.5652326866875919 0.12510675360755208 0.28220124606221564 0.027459313642640426
0.5312042815990242 0.22682473271631653 0.01690734490018775 0.2250636407844715
0.24411249672277346 0.2234886937253422 0.32985164901986586 0.2025471605320185
0.17924647312516861 0.2813999951973677 0.24151782368157693 0.29783570799588677
0.04120749026614079 0.3239047565758446 0.439066095603145 0.19582165755486958
0.17672956273072515 0.018033919798031484 0.18751527852829553 0.6177212389429478
0.2465759340069429 0.26456078253423987 0.01206598246978885 0.4767973009890284
0.06996941969626091 0.6054229712166098 0.14063799917757613 0.18396960990955313
0.03510298901951303 0.40368868440509365 0.3404549558262473 0.22075337074914603
0.0745612011704414 0.5402023733303447 0.09758642817243823 0.28764999732677565
0.4617322192499923 0.0010667085776885354 0.380720229979126 0.15648084219319314
0.4790055255964919 0.193923724380202 0.059638237331582244 0.26743251269172386
0.16283091474667466 0.20047854066050064 0.40871604512313786 0.22797449946968684
0.22880153646288492 0.047330684392358546 0.5096959477826325 0.21417183136212403
0.139303583663965 0.22656440771139508 0.5592546012467788 0.07487740737786108
0.1104778922193611 0.21348127399074068 0.18787351282520703 0.4881673209646912
0.08828575481211265 0.2236734171886715 0.02180924529952133 0.6662315826996945
0.21825894513212662 0.055991675751043024 0.5035264495532407 0.2222229295635897
0.2831144435519859 0.05456167630242659 0.004293833433323124 0.6580300467122644
0.27396109208909103 0.4698040429042082 0.13737603850219182 0.11885882650450896
0.1331934419386872 0.06906400863842199 0.610198476996675 0.18754407242621585
0.03553603828633134 0.7413782587924364 0.16749994560264847 0.05558575731858384
0.7019345905358452 0.2493744727996824 0.017354841364948248 0.03133609529952419
0.04611928160405354 0.18045194754262261 0.7104929414060441 0.06293582944727971
0.510675296501964 0.07820709649761559 0.22618103217949403 0.1849365748209264
0.15286971031914565 0.442349358835018 0.06065792322709718 0.34412300761873915
0.037249817803254426 0.0908985739604764 0.23118567861591066 0.6406659296203585
0.06339631150714065 0.02575312061838242 0.6120410123057544 0.2988095555687226
0.2937066146357874 0.21498773560334083 0.29295249129596623 0.19835315846490553
0.003625425493034462 0.26663856180646495 0.48286805597722127 0.24686795672327932
0.2628851483357575 0.006832191027492107 0.2377169486771381 0.4925657119596123
0.026905988350189647 0.016663069006556452 0.8325055404100961 0.12392540223315784
0.30695376068349645 0.3313568487157085 0.2582349400034678 0.10345445059732727
0.03180339498236395 0.010396649009084324 0.9087447664116977 0.049055189596854065
0.7408657015286068 0.010777125687535194 0.007205733783698931 0.24115143900015912
0.02784998733220334 0.01395539908166743 0.8045298126489107 0.15366480093721857
0.4316722652299496 0.15115819539240016 0.3959871700220887 0.021182369355561503
0.18289419417475994 0.26851818335876154 0.4667890435991765 0.08179857886730202
0.6404080883047568 0.03798514215752724 0.07514840698357306 0.24645836255414288
0.04533114322328202 0.5710264396776658 0.0898819727533029 0.2937604443457493
0.29320362584870374 0.051185380045815076 0.08098482659372996 0.5746261675117512
0.3360210785590967 0.171162607165112 0.37536823998477487 0.11744807429101645
0.4538988277374828 0.13130244286037485 0.07035428294742208 0.3444444464547203
0.2429424780007743 0.5248995214817778 0.04895589867611738 0.18320210184133057
0.26247512993075295 0.12112029445839434 0.21974526523175864 0.3966593103790941
0.5144218155750783 0.1072994829371482 0.009709871867556008 0.36856882962021753
0.3291749019059642 0.010617876873892151 0.3358359980606378 0.32437122315950584
0.30607242741592144 0.17646755558089144 0.4517015756536421 0.065758441349545
0.05313955189247932 0.06845851303304673 0.8247719858505007 0.05362994922397324
0.2253860796075613 0.1998320475056521 0.4721578025485521 0.10262407033823451
0.001041268406025253 0.6040776259044244 0.09807342320477286 0.2968076824847775
0.22678268134127544 0.4904771552788353 0.1942671884620697 0.08847297491781958
0.11654549760863497 0.759715970230938 0.10265953917882176 0.021078992981605316
0.33096637528167694 0.1972110672229671 0.43546699711782955 0.03635556037752641
0.5412861970868947 0.3526201160079563 0.011671534056319044 0.09442215284882993
0.03466574859325855 0.25862091706240087 0.08630418018296748 0.6204091541613731
0.7705574741661891 0.11479414662232024 0.032719905742304656 0.08192847346918597
0.27234139995879203 0.5692488998267301 0.12168504318311979 0.03672465703135808
0.12153003643249449 0.6157397470635243 0.2541411245100992 0.008589091993882025
0.06925755859446903 0.6803550286803441 0.02581323443799577 0.22457417828719106
0.20310978211056419 0.6839764992107749 0.03125862860374706 0.0816550900749139
0.45364340053701413 0.01947897275982957 0.1449377730704976 0.3819398536326587
