78 100 4 273.8809992785698 547.7619985571396
1.4336310475021392 7.128667124809461 8.188264611134215 8.200977324920942 9.687675251406343 4.996178417973604 8.481113889047634 3.219108713894915 1.4525009029893161 5.386886044741782 6.852139782655898 9.28880911453584 7.648606241410635 3.226798655737836 5.662298511085351 6.976754741107615 3.63518482485828 8.861524842431587 8.947616963875069 6.038002057718648 3.0177257099200467 9.400608056770533 4.508574673106882 2.3561121413036794 3.896442069405028 4.010872482504187 9.088776611651426 1.0982879352155162 2.859826273028799 8.23886005622721 6.134352215713046 6.481633878900702 9.67809292430606 4.702472279228251 1.5219018869461032 1.765668047510528 2.025365073465066 9.504750272784595 7.177517155838762 1.7406114017120702 1.0378227212168398 3.6677164258028894 4.317398933590288 4.184410330764239 8.804425892812034 7.854971276121532 3.4452306300656477 1.6051151959222658 8.018687578740622 6.993515030517989 6.266693994568785 7.656787894226581 5.251948651336782 9.070635276637384 3.428241986375548 5.994816754667931 2.1986241260344226 4.681312799780619 9.276291477656091 5.580533982538759 7.367295219264077 7.256786803923925 5.886975231657522 6.4049262068470725 1.8149770555391194 5.323523308530196 8.46941864238547 4.509536673211258 7.371599690855392 3.719800837453106 3.9562687114181414 9.213200782256756 9.45998019962766 5.405465772511737 1.9179016698611027 9.037691769697636 5.78118535507168 6.7027109130056335 9.711672736886769 5.723867800739389 6.522491658497739 5.9832908946845285 9.192626833803185 4.088251043621558 1.1220549843987 4.452871875751201 5.171786946832787 4.786850805037259 1.041981994814179 1.2168589013764906 6.12510110282263 2.6962831366946567 3.651143562059886 4.317506461429879 3.952894452268512 5.893818081489341 1.5702024796451268 1.1983936499534873 7.909318529232475 7.97711461322945
0.2867262095004278 1.425733424961892 1.637652922226843 1.6401954649841883 1.9375350502812687 0.9992356835947207 1.696222777809527 0.643821742778983 0.2905001805978632 1.0773772089483564 1.3704279565311794 1.8577618229071677 1.529721248282127 0.6453597311475672 1.1324597022170702 1.395350948221523 0.727036964971656 1.7723049684863175 1.7895233927750138 1.2076004115437295 0.6035451419840093 1.8801216113541066 0.9017149346213763 0.4712224282607359 0.7792884138810056 0.8021744965008374 1.8177553223302851 0.21965758704310323 0.5719652546057599 1.6477720112454421 1.2268704431426092 1.2963267757801404 1.9356185848612122 0.9404944558456503 0.30438037738922064 0.3531336095021056 0.40507301469301316 1.900950054556919 1.4355034311677524 0.34812228034241405 0.20756454424336795 0.7335432851605779 0.8634797867180575 0.8368820661528478 1.760885178562407 1.5709942552243064 0.6890461260131295 0.3210230391844532 1.6037375157481244 1.3987030061035979 1.253338798913757 1.5313575788453162 1.0503897302673564 1.8141270553274769 0.6856483972751095 1.1989633509335862 0.4397248252068845 0.9362625599561237 1.8552582955312182 1.1161067965077518 1.4734590438528152 1.451357360784785 1.1773950463315044 1.2809852413694145 0.36299541110782385 1.0647046617060392 1.693883728477094 0.9019073346422516 1.4743199381710785 0.7439601674906212 0.7912537422836283 1.8426401564513513 1.891996039925532 1.0810931545023474 0.3835803339722205 1.807538353939527 1.1562370710143361 1.3405421826011268 1.9423345473773537 1.1447735601478777 1.3044983316995478 1.1966581789369057 1.8385253667606372 0.8176502087243115 0.22441099687974 0.8905743751502403 1.0343573893665574 0.9573701610074519 0.20839639896283582 0.2433717802752981 1.225020220564526 0.5392566273389313 0.7302287124119772 0.8635012922859758 0.7905788904537024 1.1787636162978683 0.3140404959290254 0.23967872999069745 1.5818637058464948 1.59542292264589
0.29071338983483874 0.21083960745189056 0.1301752362689894 0.3682717664442813
0.4457546178800341 0.04876275187600276 0.24145023437870694 0.2640323958652562
0.3225183282648958 0.008243965347298432 0.14624806676426738 0.5229896396235384
0.19827176062586804 0.09500448315964904 0.352237385080713 0.3544863711337699
0.014873201001824765 0.4216022668143138 0.04046849497923921 0.5230560372046222
0.5844814658142483 0.26377721907416407 0.04679329628803397 0.10494801882355365
0.2809962527368075 0.384999464534426 0.3337590302280544 0.0002452525007120565
0.11054347490907124 0.2142978521676897 0.11537521507292647 0.5597834578503126
0.21243224584294407 0.7306857939880722 0.030292890394454597 0.026589069774529128
0.22607805425894045 0.18267164371200084 0.5722706911645516 0.018979610864507057
0.2983219812920387 0.04139116888952976 0.4026257900651278 0.2576610597533038
0.29849240796444954 0.07658571436848538 0.22736615810474237 0.3975557195623227
0.1729636050080463 0.1603001610851712 0.4973653675027211 0.1693708664040614
0.04256939165808049 0.351613038416969 0.486406416503012 0.11941115342193853
0.5299495123928176 0.3001570647232127 0.13295786865162107 0.03693555423234862
0.2058132696035212 0.08033349032017556 0.0485428911573067 0.6653103489189965
0.04819994312234488 0.28345362667876794 0.6616154225805402 0.006731007618346996
0.41014051453828493 0.07244745230498906 0.01620792612940858 0.5012041070273174
0.7583742195073282 0.04185899687648409 0.11424168590458617 0.08552509771160155
0.7755741855550412 0.00848986649704786 0.16644004994450678 0.04949589800340415
0.16514525070334574 0.10529776576815919 0.6322836470565271 0.09727333647196801
0.3096853900693165 0.18680752755177765 0.24373165987059764 0.2597754225083082
0.10048243829778158 0.24802742305042036 0.4607697584821363 0.19072038016966175
0.6923232054795426 0.02207303797696636 0.0796733894188647 0.2059303671246263
0.3204502570492288 0.05276842440210794 0.10232838149995727 0.524452937048706
0.14565941275494354 0.637765652934829 0.16808275672859918 0.04849217758162827
0.048314252213338627 0.5843985501124638 0.2277822417342762 0.1395049559399214
0.20216184791741232 0.003545499910403871 0.418353983230938 0.37593866894124583
0.2113682058985038 0.32504031366045083 0.21070408568454224 0.2528873947565031
0.5150294961966864 0.24091723860844683 0.09306721324491618 0.15098605194995063
0.20383710784954245 0.5254184364520816 0.2537614649051969 0.016982990793178998
0.6611135884447273 0.026318772511234823 0.19750410645830074 0.1150635325857371
0.24432822570881163 0.271461881568306 0.07389720692128743 0.41031268580159497
0.04295276308962093 0.1567680321806476 0.5913556307053526 0.2089235740243789
0.14442478340076015 0.31780040451942837 0.27002222885554417 0.2677525832242673
0.16481690450081454 0.3505047680647957 0.3711164791768883 0.11356184825750149
0.5029312116346941 0.06941426343379964 0.2326880920978961 0.19496643283361015
0.3579686981094785 0.07584614537951961 0.1540434351881662 0.41214172132283566
0.21698953344457883 0.22153835175112646 0.40936466448756315 0.15210745031673156
0.5777294287785647 0.05373926476116686 0.14006596600308574 0.2284653404571827
0.22081546957544473 0.5570859899622286 0.020048918646242697 0.202049621816084
0.3366772182660187 0.36250462679261675 0.21113415886374687 0.08968399607761768
0.31625496860569335 0.039186849167703985 0.41145026624856595 0.2331079159780367
0.1494546414448622 0.22477530117983324 0.19090920990631577 0.4348608474689888
0.5987660638115143 0.0692448526129874 0.18354156950307599 0.1484475140724223
0.376758008778883 0.2150925269795847 0.24334534173877975 0.16480412250275256
0.08626624223815771 0.3720193306017734 0.39199221826618624 0.14972220889388266
0.3492376598228374 0.11191622882802643 0.5054516306763152 0.033394480672821025
0.2089536042497332 0.08680074638039093 0.5658188718489402 0.13842677752093568
0.35651141767908756 0.03826910377146908 0.19015401328750237 0.415065465261941
0.13904086436598795 0.06383537359407754 0.24351840406839254 0.553605357971542
0.25139320181984015 0.2952088718129442 0.3713061814598354 0.08209174490738025
0.4609280715658345 0.08991308755686311 0.3835321425378766 0.0656266983394258
0.07377664743955525 0.5400307310442571 0.017550326572630337 0.36864229494355727
0.7382496918109557 0.005363511870185356 0.009732183029520503 0.24665461328933846
0.033530732621836146 0.5826099134776452 0.2030761381766284 0.18078321572389022
0.5372659343906033 0.17003045148030538 0.2908495212928728 0.0018540928362185127
0.22123853188036113 0.18773491235081274 0.4426274146417465 0.14839914112707964
0.1310295545756337 0.2532817377973763 0.032805207303323036 0.582883500323667
0.10887106981788353 0.05513365047764485 0.18249486437536777 0.6535004153291039
0.29866759962437184 0.37213548668411156 0.2931245218283365 0.03607239186318012
0.013193226504505717 0.5067464297562913 0.40974116045619136 0.07031918328301168
0.2330803591119126 0.16641594882602462 0.46279577232123426 0.13770791974082852
0.08847505121882415 0.5842010070307547 0.27508654458138215 0.05223739716903897
0.09636145581129663 0.40553227727895347 0.4801011726039143 0.018005094305835634
0.07596306885262716 0.07064411904417145 0.5907379126321504 0.26265489947105103
0.042949126668089144 0.07593659364031091 0.261821690449758 0.6192925892418419
0.6469907392167331 0.0006283570871769006 0.08473760392139018 0.2676432997746998
0.21115424023009188 0.15980180101734853 0.0915440576941896 0.53749990105837
0.2216608870110428 0.275484873658871 0.009309232742056639 0.4935450065880296
0.20490494898296097 0.06373272028268229 0.10071217492553752 0.6306501558088192
0.3872476159995506 0.26959347460518623 0.02718373275324426 0.3159751766420189
0.12672165240482158 0.5756495840041521 0.11294871016313379 0.1846800534278925
0.13961666493169178 0.5311179111777601 0.09048474987861976 0.23878067401192837
0.1283879870760979 0.019953906110422248 0.6245384551117356 0.2271196517017443
0.09490347361228701 0.007153259863874606 0.6381137906471683 0.25982947587667005
0.13238995471016146 0.28404417767539647 0.14924991848720592 0.43431594912723614
0.22608693637470256 0.04375097679661588 0.16089566085412554 0.569266425974556
0.27135600676011107 0.2503681534722917 0.01453025045225187 0.4637455893153454
0.0407815064534891 0.24620390968948058 0.6504135186497687 0.06260106520726161
0.20359611730666516 0.46512553793422906 0.08928267420016467 0.2419956705589411
0.3806811376766187 0.03714646854369219 0.08085619435908731 0.5013161994206018
0.11708963910298031 0.07107405445877335 0.29018837001149234 0.521647936426754
0.10505959262543285 0.6821954671551732 0.21106315090647254 0.0016817893129214
0.041829897608887445 0.8626778079789214 0.03468712866874846 0.060805165743442746
0.17318126779296905 0.0919009231048098 0.6744817175125137 0.06043609158970742
0.17825663111144063 0.1925165124574164 0.25128399389086253 0.3779428625402804
0.2108142328535142 0.11157515629257408 0.28135696554510614 0.3962536453088056
0.17307669068929998 0.5547547999461613 0.012678428500176975 0.25949008086436176
0.5207374195691526 0.30825900344690393 0.16515732470804267 0.005846252275900743
0.1873020871129386 0.1996882820602952 0.16595554660172984 0.44705408422503634
0.6506908306890593 0.11100706886856204 0.22325012986460002 0.015051970577778628
0.3230874535628496 0.0048526552201038076 0.06437743974433707 0.6076824514727095
0.0496738669418767 0.12229653054407452 0.12435093631853611 0.7036786661955127
0.05648176194383836 0.5957193579730334 0.03946249650874101 0.3083363835743872
0.40635668956694293 0.48111894417899637 0.11108676150735408 0.0014376047467066222
0.220020653523329 0.11097138349607094 0.0322183995970885 0.6367895633835116
0.08177661871802133 0.1306653042488506 0.1141300447259348 0.6734280323071933
0.5472408443804193 0.363828730155874 0.06829131697483615 0.020639108488870517
0.6701370359855916 0.2155520637485392 0.10879347443625631 0.005517425829612899
0.08157838837856757 0.668440321081636 0.20959794657817388 0.040383343961622575
0.061886232180981215 0.5883814457950433 0.06792942490120957 0.28180289712276596
0.06440858211004075 0.19454706796261578 0.6939968293152647 0.04704752061207873
0.12167553394524244 0.2530988657866238 0.26989763614876483 0.35532796411936896
0.41602760938885097 0.18635001082377267 0.26573300901389707 0.1318893707734793
0.25454338211473804 0.016578191764499484 0.48941769481390807 0.2394607313068544
0.18571586615498825 0.42788215055466305 0.07271762253758884 0.31368436075275985
0.03412119729533636 0.1709550640515305 0.6977297356360063 0.09719400301712688
0.6577550191499331 0.3013865103017752 0.03190528275152582 0.008953187796765905
0.017010180133802844 0.3389814428973902 0.6301441817665597 0.013864195202247243
0.11236736313682183 0.750629020932983 0.006193883012543755 0.1308097329176514
0.15292135763901327 0.10329270972244886 0.21972481812394284 0.524061114514595
0.1312660472636824 0.22141213743307864 0.5735033474843904 0.0738184678188486
0.43091318904762055 0.007111415790981179 0.3521936582736026 0.20978173688779567
0.2757568630941669 0.5770764073533301 0.08515119142687133 0.06201553812563165
0.5023061927564169 0.14046425675778518 0.3323485830850085 0.02488096740078949
0.027370377829437964 0.6098493048917665 0.3423264211516397 0.02045389612715587
0.4754101703814132 0.07361734244834983 0.2947390199099522 0.15623346726028475
0.2166235996300555 0.45285594831770115 0.2134207082603533 0.11709974379189003
0.6165994254395207 0.04184248682461944 0.021068301512974008 0.3204897862228858
0.7882790467923642 0.07899475578797588 0.06256826185484177 0.0701579355648182
0.24963724641068896 0.5067872855505493 0.12768863953406173 0.1158868285047
0.3501853640573537 0.13379727562005972 0.07769584695166853 0.43832151337091807
0.04899105464540143 0.04469439234242756 0.426455074024754 0.479859478987417
0.19114613827156612 0.11090990385352151 0.5776952368181824 0.12024872105673001
0.26679243719596624 0.1614116863253764 0.41437140657032356 0.1574244699083338
0.2945722924505312 0.397892989653863 0.005038595427258263 0.30249612246834756
0.3539761324898987 0.05952363201136435 0.467498780929715 0.119001454569022
0.5028014514107549 0.09580394726843722 0.22541880779445622 0.17597579352635162
0.1187908774259041 0.1750564764695789 0.2724852975372216 0.4336673485672954
0.2776618559639843 0.0659316806760144 0.4529455923917104 0.2034608709682909
0.22269688907395624 0.1267808651600072 0.04433187275198236 0.6061903730140542
0.20706680352025153 0.13972869112296105 0.17206568303281222 0.4811388223239752
0.45632297280428935 0.10586081976090611 0.17701589095855186 0.2608003164762527
0.08418390048712354 0.004551018349443714 0.8542314780789212 0.05703360308451155
0.5711767528830748 0.24334348285735463 0.17076823338821423 0.014711530871356349
0.09146291305192766 0.11190622161907726 0.30258569343901054 0.49404517188998454
0.2054911000102989 0.3919086203727403 0.3054602936711338 0.09713998594582696
0.7663161636740012 0.08476374396063369 0.08586687260007986 0.06305321976528522
0.5669482262819798 0.24823556489831544 0.12718184514257946 0.05763436367712527
0.2544841896284765 0.08376124777168514 0.2176830365314073 0.44407152606843103
0.47187012254674343 0.17649804437171168 0.010182447897288172 0.3414493851842567
0.20077325664664947 0.20861760647832228 0.39986331077258896 0.1907458261024393
0.46702683797832467 0.1870033264532912 0.11786528380987993 0.2281045517585042
0.3909037883895655 0.46928059197752203 0.11053972568455761 0.029275893948354836
0.24642494909027424 0.4992869165323015 0.21119627900032478 0.043091855377099475
0.06080473697299427 0.04210115165766348 0.6811224344471862 0.21597167692215602
0.17677019826508655 0.04381967828574285 0.28760446592668576 0.49180565752248484
0.7071356234547015 0.19275609394237592 0.07945004665810651 0.020658235944816083
0.10730367081491587 0.4741474561040504 0.16376879571226688 0.25478007736876684
0.021675880710603 0.027710983688130186 0.5262940749588568 0.42431906064241
0.21083748350337006 0.034752151254062835 0.18095359585924597 0.5734567693833211
0.017190484570729803 0.7290966183331655 0.2486589812936234 0.005053915802481268
0.7912847977650359 0.05183649302151039 0.012412976281065968 0.14446573293238774
0.49450937746945267 0.20143695995849697 0.0017795835990703779 0.30227407897298
0.14504450987394146 0.2904802067799047 0.15154995650939507 0.41292532683675875
0.02096647518085404 0.10191304783986777 0.12243296958527161 0.7546875073940066
0.020450055194126904 0.2951319454880088 0.5466360124415401 0.13778198687632415
0.28448525613717857 0.4470299072535201 0.2085173003802171 0.05996753622908424
0.04336667291052887 0.131086434636975 0.7456329092490537 0.07991398320344245
0.15920142024331752 0.012583873877968998 0.0458993084340894 0.7823153974446241
0.0017658258819122086 0.11587735103219254 0.043258509504489284 0.839098313581406
0.1335999617948901 0.22487906698693583 0.20558381107191903 0.43593716014625505
0.22383799147339678 0.4323479439696418 0.13290897826169557 0.21090508629526583
0.41600835415906423 0.25293614782677565 0.28879710429567895 0.04225839371848117
0.019541782372292427 0.18431230490045436 0.7115375800969875 0.08460833263026568
0.044012299273620714 0.7528689345898699 0.07907410618688027 0.1240446599496291
0.16067206949460267 0.21766406822703077 0.07708187032648284 0.5445819919518837
0.2609839066892813 0.23176760527389373 0.021498703090324756 0.48574978494650023
0.07213633764449945 0.01769383865053098 0.21538930741982054 0.694780516285149
0.20921523237260253 0.024853602273023023 0.07155705943669577 0.6943741059176787
0.5118598479942655 0.12152265287522612 0.11176689555507024 0.2548506035754381
0.023927428817758445 0.6249146476624889 0.17548993808535218 0.17566798543440043
0.6900804630342466 0.2716733632935062 0.028342732125096637 0.009903441547150504
0.10970027885427247 0.21112384049618682 0.026406439091658074 0.6527694415578826
0.24257073769575133 0.01667434961786929 0.43897213827917825 0.30178277440720114
0.2770172858516352 0.4162530924723786 0.3015273615484052 0.00520226012758096
0.35899889076892577 0.3643361352620299 0.1677212230442331 0.10894375092481123
0.6973081385007508 0.010489524089791091 0.05387812054670016 0.23832421686275795
0.10294661226235247 0.16305582048676548 0.14666938357146964 0.5873281836794124
0.3948121460462437 0.040876224042831755 0.5102803195747491 0.054031310336175475
0.06608643061024444 0.04378056526872842 0.3466545588182154 0.5434784453028118
0.32159967413204094 0.03993077528510358 0.11348158341818937 0.5249879671646661
0.03972493882756778 0.2650989736638244 0.1866839774972161 0.5084921100113917
0.01798720762574646 0.3270239796484443 0.21684318059694907 0.43814563212886015
0.03231037577622098 0.055866528436994245 0.13775190521420877 0.774071190572576
0.10344118202375763 0.22625817667780113 0.659066702347334 0.011233938951107247
0.5008587896293469 0.1749871227258436 0.19150122617371113 0.13265286147109834
0.4865677798511534 0.1589676548023352 0.2854587972899689 0.06900576805654246
0.031090579234895777 0.44076093609337685 0.3713480771201799 0.15680040755154745
0.29143028834451 0.04717214143954085 0.08487512308492517 0.576522447131024
0.07694980515792271 0.17740154672265218 0.02714417863612084 0.7185044694833043
0.18956348737266004 0.3680066168859494 0.24500427026733917 0.1974256254740514
0.44899410543255935 0.11434508065535087 0.10626223972864557 0.3303985741834442
0.024805192217569494 0.5779238971493914 0.093486047662661 0.3037848629703781
0.17318018356751863 0.10713189806660373 0.14710246825559048 0.5725854501102872
0.042144103333133454 0.16486334750693998 0.5184894290540266 0.27450312010589994
0.24118200221789 0.0156844387485523 0.20781962492516737 0.5353139341083903
0.19015859199139484 0.2660601984298506 0.3417962826175909 0.20198492696116366
0.12961476747389822 0.20232928757634616 0.23006961434440787 0.43798633060534775
