58 60 4 158.98678036995545 317.9735607399109
4.285950247204245 5.060853243040041 5.464543138910106 1.6805985993562325 6.145854240949488 3.6067060519656273 3.779240129095823 4.3738854985469855 8.342710069879129 9.719512243365816 8.09993097248023 4.426136444378569 2.4644459470403417 5.926489090572676 8.019466110333443 3.7003933606021504 6.875526592900989 3.6684912691597042 1.2936633796624233 9.538797193716821 2.374678692418283 3.509981151471286 6.170570644836414 5.984972826419963 1.7151378891353266 2.483131369809502 7.548066668835 2.1069983855849124 4.306484536293279 1.128371578819094 5.645087833798616 3.1626694784507494 5.550142047202594 4.342433591070812 4.336590856814192 4.822597335732367 6.207537479484383 6.3972190255196235 5.880344292996898 8.594663247928109 3.559245153700463 1.74485484098178 6.92503735858805 2.9876086413635665 8.418076264808217 4.576938127170532 7.078546091122522 9.175355920086448 7.149785536388647 9.471285298261112 9.743614659159338 6.200742668748335 9.906038720685617 3.4069367001375417 6.027373295795908 1.11575655647608 7.7395647130797425 8.93762544476982 1.1757102635820302 3.892591729223033
0.8571900494408491 1.0121706486080082 1.092908627782021 0.3361197198712465 1.2291708481898975 0.7213412103931255 0.7558480258191647 0.8747770997093971 1.6685420139758258 1.9439024486731633 1.619986194496046 0.8852272888757138 0.49288918940806836 1.185297818114535 1.6038932220666886 0.7400786721204301 1.3751053185801978 0.7336982538319409 0.25873267593248467 1.9077594387433643 0.4749357384836566 0.7019962302942572 1.2341141289672828 1.1969945652839926 0.34302757782706533 0.4966262739619004 1.5096133337670001 0.42139967711698245 0.8612969072586558 0.2256743157638188 1.1290175667597233 0.6325338956901498 1.1100284094405188 0.8684867182141623 0.8673181713628384 0.9645194671464734 1.2415074958968766 1.2794438051039247 1.1760688585993795 1.7189326495856219 0.7118490307400925 0.348970968196356 1.38500747171761 0.5975217282727133 1.6836152529616435 0.9153876254341065 1.4157092182245044 1.8350711840172895 1.4299571072777293 1.8942570596522224 1.9487229318318675 1.240148533749667 1.9812077441371234 0.6813873400275083 1.2054746591591816 0.223151311295216 1.5479129426159486 1.787525088953964 0.23514205271640604 0.7785183458446066
0.026723209216901522 0.5660950777202273 0.3089786704550722 0.098203042607799
0.2272642455964723 0.4564628319244197 0.11133699877400927 0.20493592370509872
0.3201389956843227 0.18972576548613107 0.1461998774308172 0.34393536139872904
0.043254626485143555 0.7145506744652299 0.15167102965138457 0.09052366939824197
0.40203333971795197 0.2592682595580601 0.04990816038055479 0.28879024034343315
0.14484819856710662 0.5875335149207781 0.23544357408753025 0.03217471242458503
0.013077797949059389 0.38004643858791576 0.5024663817286559 0.10440938173436898
0.2065832323107859 0.2378595645813557 0.3340769241343797 0.22148027897347866
0.13088153716354956 0.5729185986548353 0.138655521975798 0.15754434220581714
0.4584893254042859 0.06744071015874231 0.44227673994272354 0.03179322449424826
0.5518723540839358 0.23625442843421374 0.1084232847779627 0.1034499327038878
0.06850929791416993 0.4917675977418643 0.24578039232567406 0.19394271201829172
0.08881795606246179 0.6570725131178903 0.17908674191266727 0.07502278890698066
0.109827314823014 0.5100564635376929 0.36769026498830226 0.012425956650990888
0.3417847153949394 0.568875324777026 0.009386572096368506 0.07995338773166616
0.4191243283463809 0.28250001708380656 0.06866057831935035 0.22971507625046217
0.5497167680972032 0.1382434455498578 0.0707378019230861 0.24130198442985296
0.2216408566705239 0.2973871341770771 0.21859069978126766 0.26238130937113135
0.306392563858085 0.318407360522844 0.05111377228936487 0.3240863033297061
0.02778964759389002 0.36693911784445343 0.07638619790154355 0.528885036660113
0.08010085656955124 0.01880383686515541 0.0026304761118191022 0.8984648304534743
0.21314255392791936 0.09205814684173896 0.4008809619071204 0.29391833732322126
0.14436744306745597 0.14987742941000815 0.500449815839835 0.20530531168270083
0.12231744710801074 0.05974199235449695 0.3796005103371618 0.4383400502003305
0.039993755006489495 0.36152853464136503 0.21673416187997518 0.3817435484721703
0.5771724533594044 0.0406492265348708 0.24627946488623909 0.13589885521948575
0.0803899819601317 0.2693484616115319 0.2907724475700425 0.3594891088582939
0.259153391823408 0.2721045310187288 0.302220343140168 0.1665217340176952
0.0761162810800049 0.03573160710375112 0.5848134526019323 0.3033386592143117
0.1885653021594894 0.2645005351182541 0.32477704097151083 0.22215712175074565
0.032630745659982585 0.8483565863022646 0.043202369791422224 0.07581029824633057
0.6201919950953766 0.27854755452489355 0.09827733031798314 0.0029831200617467246
0.19710149329851578 0.2244527000221187 0.07650545433690492 0.5019403523424606
0.024939241302277204 0.2934798931549353 0.17365159000523012 0.5079292755375574
0.550242708433464 0.02182005875315196 0.0038714505189341164 0.4240657822944499
0.17108611767227933 0.676151365495341 0.0829361082740413 0.06982640855833833
0.43169212656285194 0.005170577391319209 0.522313980844855 0.04082331520097382
0.09220313098727817 0.09140115226060308 0.1342327433594993 0.6821629733926194
0.008613837738724928 0.1013880110692712 0.6935704302973599 0.196427720894644
0.12560422056711773 0.34584374459080347 0.3843797718284061 0.1441722630136727
0.5282222486366176 0.1319573654614209 0.11351121518464102 0.22630917071732048
0.04861413952965421 0.27329644212869797 0.6511109680428039 0.026978450298843937
0.0742301042530581 0.43950930100976726 0.3003263014331191 0.18593429330405553
0.5408379455338316 0.025438658297263883 0.2715180330539908 0.16220536311491374
0.25184243028209863 0.18048571221072718 0.5081434099812896 0.0595284475258846
0.15737256368450636 0.18322586874202407 0.6308818880467822 0.028519679526687325
0.12438167575151426 0.027020999860891348 0.0768444522687114 0.771752872118883
0.062366854451980425 0.20011240174705103 0.031438481320338996 0.7060822624806296
0.2413411458590371 0.09849948682787046 0.12479976562992334 0.5353596016831691
0.340376966329897 0.38111083081552843 0.12781851189383697 0.1506936909607376
0.23625274440958377 0.0051649198765860715 0.28064798565552895 0.4779343500583012
0.02000435376476961 0.15280023181376678 0.7437450508712768 0.08345036355018676
0.14872136960860538 0.25554871544822855 0.38776257877198483 0.20796733617118124
0.5684958543457621 0.38801570902726756 0.037628708718503545 0.005859727908466783
0.04836513557303268 0.6000546578436168 0.01691680068882917 0.33466340589452137
0.03973929231616735 0.320817099237361 0.05859123374048825 0.5808523747059834
0.4147247393750576 0.12825359202497877 0.14947847686882154 0.3075431917311421
0.10666273774068469 0.3343453384722098 0.5576528999330951 0.0013390238540104127
0.20640005100507786 0.11137989342675758 0.4163444896572741 0.26587556591089045
0.07963537511537433 0.2724083574679994 0.011464191418656733 0.6364920759979695
0.5663298418077157 0.01522331202169791 0.202335821625642 0.21611102454494435
0.2843249387360034 0.13304499949795667 0.1760574466110072 0.40657261515503273
0.06463408079257549 0.03831736370820904 0.7693848676792584 0.12766368781995707
0.053321994278267226 0.5170396439522325 0.37016226908228556 0.059476092687214765
0.34053610783820754 0.20751060979002456 0.061788230094642294 0.3901650522771256
0.08354141602970644 0.044692668911654576 0.28795854372670193 0.583807371331937
0.06993689982266416 0.10928668873949976 0.04025752161177487 0.7805188898260612
0.06331719542470648 0.21387055966100854 0.5914256479310654 0.13138659698321953
0.12650899156702633 0.5904382089544435 0.2203651237436356 0.06268767573489453
0.6151328864024215 0.30663431776953953 0.07673190594883772 0.0015008898792012726
0.01087047835302668 0.11665982391281504 0.2022673313401474 0.6702023663940109
0.3127389065366907 0.319538703990616 0.07986937882552791 0.2878530106471654
0.21542024864515907 0.08993261025167043 0.05372142321851103 0.6409257178846595
0.017440138610337774 0.1892861786513933 0.07378041721579554 0.7194932655224734
0.4675030416509314 0.11263368708706833 0.1548969635608648 0.2649663077011355
0.25349543304777356 0.6372240728309052 0.01885045674345398 0.09043003737786726
0.3369688014394495 0.4888076903037487 0.07239053925993566 0.10183296899686611
0.3477178822445288 0.31312726403507873 0.19648143825012387 0.14267341547026857
0.09959776466548043 0.2104909593139046 0.3394190057531432 0.35049227026747176
0.052898133896164046 0.15422673294686395 0.4629809741575531 0.3298941589994189
0.04133771357373295 0.020200027512238927 0.5814998666425294 0.35696239227149873
0.11823226502810602 0.39739541191675753 0.2792162727365505 0.20515605031858597
0.4226870072784531 0.34186713776927224 0.15515045433908214 0.08029540061319251
0.44298905948957934 0.3656951253046341 0.01670519042411822 0.17461062478166833
0.00174259113006614 0.15661749736694497 0.5214578809670498 0.3201820305359391
0.30866987598898155 0.5349708501221785 0.10363134057119894 0.05272793331764103
0.37720505370666557 0.11496885826674919 0.010577916603945914 0.49724817142263933
0.031113022038775195 0.11515094260104886 0.753618936750891 0.10011709860928497
0.07676722784389878 0.22635740604775 0.13939327399857226 0.557482092109779
0.09873834447024421 0.06774150786132382 0.25059902431585535 0.5829211233525766
0.32786785494626003 0.4204279771852968 0.13824140425677045 0.11346276361167273
0.2140608743763165 0.017826293141600558 0.32700550902517045 0.4411073234569125
0.03863879758875677 0.013794174845274898 0.30846207719428986 0.6391049503716785
0.20331491968195314 0.55088131873871 0.09847429248299644 0.14732946909634037
0.053801092143879514 0.6000675838250128 0.12124548976168825 0.22488583426941944
0.3307827130791646 0.14638705607497693 0.04183854740557702 0.4809916834402814
0.47440615201179015 0.14882693366630295 0.17342579728587104 0.20334111703603586
0.06718481324498626 0.39715002869233407 0.5251460966100387 0.010519061452640921
0.005002479382960057 0.5298257835382069 0.05289792007913119 0.4122738169997019
0.4239248404218039 0.1806285573962808 0.27982917602636526 0.11561742615555004
0.17354490750059892 0.031676827449881984 0.6979931629464275 0.09678510210309155
0.3633560239855169 0.5445324224162056 0.01102245012032499 0.0810891034779525
0.020948863145524244 0.13199541145243743 0.234111076785246 0.6129446486167923
0.037303866448964995 0.12664599588084724 0.11938467770587924 0.7166654599643085
0.13907751359789955 0.6487108815448464 0.15099882052754332 0.06121278432971078
0.2701175565609386 0.28340955208380414 0.4388461988118124 0.007626692543444835
0.41433574475915125 0.24432351929586438 0.34055916504915906 0.000781570895825312
0.3230495191583883 0.3429163209737659 0.214286059856158 0.11974810001168779
0.2549917352890442 0.05016959793047615 0.11749912767824355 0.5773395391022361
0.5293366315992039 0.4058886868210275 0.007151984320839855 0.05762269725892877
0.012817079546836418 0.4381630936426748 0.27280111199543167 0.2762187148150571
0.2353565939308776 0.011891850140822724 0.16983374501327597 0.5829178109150237
0.09773741134456415 0.08954376030121503 0.6158754631912033 0.19684336516301748
0.11073486528432841 0.01805942010071493 0.1973952611979647 0.673810453416992
0.25678509207782274 0.5461227190486176 0.09941669174375567 0.09767549712980395
0.5633051638513564 0.1345159792085051 0.27634499134912227 0.025833865591016192
0.7532146388476789 0.0363360609495228 0.04180364476249987 0.16864565544029841
0.2841931234286823 0.2652478130469168 0.011116344539416345 0.43944271898498455
0.19227725675691232 0.04256987639306642 0.22292107680176865 0.5422317900482526
0.3233718839706504 0.44154985195333507 0.13969779224453482 0.09538047183147969
