43 10 4 24.14476752199884 48.289535043997674
2.0354910975080105 6.481598853515333 2.2005186776738945 3.165306579688139 3.944251502300258 8.73223741853738 6.994811917882232 5.870459910550634 1.2611244198192435 7.603734666522547
0.4070982195016021 1.2963197707030667 0.4401037355347789 0.6330613159376278 0.7888503004600516 1.7464474837074762 1.3989623835764464 1.1740919821101268 0.2522248839638487 1.5207469333045094
0.2544211258598793 0.14052889257112655 0.4716986224681944 0.13335135910079976
0.07666269999644726 0.3283267480508124 0.4439496996976018 0.15106085225513854
0.08250004969715541 0.3028768646979827 0.060381446444580766 0.5542416391602811
0.005129549064456951 0.29287395162430574 0.17759286631849047 0.5244036329927468
0.1040189498547629 0.8061341259253937 0.06805105830184954 0.021795865917993873
0.6287857958821612 0.2362313247250205 0.08802310037955985 0.04695977901325843
0.4044052430754076 0.33132183843171314 0.16102018823374187 0.10325273025913739
0.560663169443735 0.10948199525864688 0.05684282726560663 0.27301200803201153
0.20608185091330178 0.403478020345744 0.1861789935569984 0.20426113518395583
0.14447837842282873 0.16579114842176101 0.3456933009792641 0.34403717217614616
0.056884936651151796 0.1641440592332195 0.5810181227442952 0.1979528813713335
0.3160964710182087 0.5271282232114959 0.12824039720568337 0.02853490856461205
0.6697246517218077 0.22737392825972658 0.0573895451271309 0.04551187489133479
0.26230482259638144 0.28089769268402454 0.09317116229111666 0.36362632242847737
0.180914595257901 0.34434107584924445 0.3834070867239423 0.09133724216891226
0.2755587766489521 0.13639420673740654 0.26022429608981745 0.3278227205238239
0.20689137134336522 0.23817004114631746 0.5485110799044208 0.006427507605896499
0.39919688590407476 0.012058603182560468 0.2934601187939062 0.29528439211945856
0.1991614766227019 0.09117130114805472 0.2497016864108994 0.459965535818344
0.24339801628096225 0.05621875952606259 0.10433989117344467 0.5960433330195305
