33 50 4 129.06013022869968 258.12026045739935
3.2365911469395696 5.049778789457159 4.698467226968868 3.342697217982099 8.833561195122545 2.665359344457145 1.176952828870396 9.579268283533409 7.124057242579354 5.3792931389547505 9.685241378793586 4.5405886520947005 1.716018141582048 4.162666819724166 2.4727164634458574 9.84850138930508 8.925653657937172 5.446571213004071 4.608633170066306 5.061623167078869 7.487891636535066 3.2299145599303567 6.605019571637358 2.2820393427888592 2.8105865422472327 1.730959565038222 9.581250653282133 1.501644426779534 6.395828351098915 7.506978674441342 9.732607474283398 8.394125116709521 5.74795960695425 3.9832905658930082 4.18583976031719 1.7112727113208503 6.003229423828475 2.492150166007649 3.657140479368021 8.565476366427752 4.26305808472305 4.067325797704045 7.3936156979487855 1.2853697637587385 5.251490794398894 7.584189603449932 7.958941968373166 3.17120312953467 3.7557734095938544 2.2298467451278885
0.647318229387914 1.0099557578914318 0.9396934453937735 0.6685394435964198 1.7667122390245091 0.533071868891429 0.2353905657740792 1.9158536567066817 1.4248114485158707 1.07585862779095 1.9370482757587173 0.9081177304189401 0.3432036283164096 0.8325333639448331 0.49454329268917147 1.969700277861016 1.7851307315874343 1.0893142426008142 0.9217266340132613 1.0123246334157738 1.4975783273070131 0.6459829119860714 1.3210039143274717 0.4564078685577718 0.5621173084494465 0.3461919130076444 1.9162501306564266 0.3003288853559068 1.2791656702197831 1.5013957348882685 1.9465214948566796 1.6788250233419042 1.14959192139085 0.7966581131786017 0.8371679520634381 0.34225454226417007 1.200645884765695 0.4984300332015298 0.7314280958736041 1.7130952732855504 0.85261161694461 0.8134651595408091 1.478723139589757 0.2570739527517477 1.0502981588797788 1.5168379206899865 1.591788393674633 0.634240625906934 0.7511546819187709 0.4459693490255777
0.05949432526546028 0.5362413944613703 0.20659149461624238 0.19767278565692703
0.42788847512106376 0.19188702688462633 0.11285493305693506 0.26736956493737485
0.017372025919124345 0.3267643679692559 0.5491141233076149 0.10674948280400487
0.7687325308162815 0.07572693213320802 0.056836854749155674 0.09870368230135484
0.32627747822946596 0.10275868751893091 0.005492207317912889 0.5654716269336902
0.4524455382201017 0.23683758259615295 0.07404551649202362 0.23667136269172173
0.42086348967800447 0.5467680959145418 0.005232625722975115 0.027135788684478634
0.235905365849035 0.4174095760541392 0.23216070642215714 0.11452435167466868
0.34182884121892165 0.046864996068950004 0.0548666499464473 0.556439512765681
0.3732680338790636 0.41115328990112354 0.023258702144802856 0.19231997407501
0.3185012124023998 0.4876288688558207 0.009944433275717257 0.18392548546606224
0.5171186228655802 0.04101481959382458 0.2677899695948722 0.174076587945723
0.7019600886806018 0.05371129787887985 0.23086485745842455 0.013463755982093817
0.12204580491917427 0.0011904296864996278 0.6441428264449353 0.23262093894939084
0.20130348889006755 0.06809256531009011 0.29340123568291454 0.4372027101169278
0.4620403704825854 0.015648205287657646 0.13032054449251995 0.391990879737237
0.053834636192314766 0.13182154340282737 0.5378180910048234 0.2765257294000345
0.7686513638028475 0.034242632216349045 0.07135633914709094 0.12574966483371253
0.24539328023763607 0.1056527246322212 0.47902292385719847 0.16993107127294427
0.567789060257676 0.011072157650531267 0.1335608327036959 0.2875779493880969
0.22477339370013216 0.11091708052972982 0.03061686356979121 0.6336926622003468
0.14567470634167745 0.6466324086819062 0.06388914039113891 0.14380374458527745
0.38911347642867267 0.03803633027472486 0.21201974782008137 0.3608304454765211
0.13449071015925307 0.06988439568469951 0.4417893721140328 0.3538355220420146
0.4190304370079745 0.1084095421756337 0.37282434721248514 0.09973567360390667
0.4486649563862388 0.0816078849220534 0.40877315715316664 0.060954001538541136
0.37750036153856803 0.21930991008556455 0.33771655876180395 0.06547316961406346
0.002671314656475743 0.68535150001175 0.0935713386089213 0.2184058467228529
0.2921683568252421 0.1153255681853157 0.44967010837651766 0.14283596661292453
0.3024441048268546 0.4132074667450124 0.020110310285816557 0.26423811814231646
0.14676996368341344 0.16613352190482011 0.5270741396195774 0.16002237479218906
0.4704296972929237 0.18287426719962108 0.18662646074387879 0.16006957476357642
0.07053759627989531 0.18255336928685706 0.3494071021259987 0.39750193230724895
0.02034549917282147 0.8976898153274033 0.051461872754911764 0.03050281274486344
0.0072096349324279885 0.7169128300235464 0.2619678589324579 0.013909676111567681
0.020960327438552584 0.0056787650198222295 0.5001847618483675 0.4731761456932577
0.03703066736622984 0.23826654208531495 0.37865323290331143 0.3460495576451438
0.5014206209722316 0.04260559175482315 0.4242513024990644 0.031722484773880844
0.17445086259576625 0.6999502861673949 0.047654784252629145 0.07794406698420975
0.1530717067475419 0.2746819936124013 0.2707505490624521 0.3014957505776047
0.031184504971597415 0.8343628139835465 0.079525147622315 0.054927533422541086
0.5834686498859785 0.010899357962349088 0.03108241058485528 0.37454958156681717
0.5028285440751028 0.14053108342847842 0.007184183064238403 0.3494561894321804
0.00042556206057464685 0.7757456440128034 0.1884780788821241 0.03535071504449783
0.4136642739655271 0.3260941634586296 0.16168577642809412 0.09855578614774918
0.18080380120070094 0.24091905619436826 0.00986818269808365 0.5684089599068471
0.05251439815531722 0.11454539678630515 0.13297999794913462 0.699960207109243
0.010725001787691757 0.30104872889955314 0.46782946628864597 0.22039680302410913
0.2976226518037084 0.13236962272950714 0.17168492411698344 0.398322801349801
0.12307614322442317 0.7369286701292396 0.047082405772496894 0.09291278087384036
0.16256886647960578 0.22929690949630932 0.10826087620931679 0.4998733478147681
0.08898163794389724 0.09921020534801528 0.2051075120993514 0.6067006446087361
0.16156441191215443 0.23532032376690903 0.07148026090989923 0.5316350034110373
0.27506829686681344 0.5589343247199704 0.13782229827020198 0.028175080143014175
0.510194393949749 0.17588991223706651 0.11140488829887218 0.20251080551431233
0.1739191529496058 0.11205085080710486 0.6122213627270399 0.10180863351624947
0.17099071752127593 0.3897197738851007 0.007210255851305081 0.4320792527423183
0.36822584666470326 0.19806814289619423 0.3975772745353624 0.036128735903740106
0.6089401865000075 0.057467516443142186 0.18426383331499818 0.14932846374185216
0.6727242990057668 0.024735847344886874 0.27051585126179967 0.03202400238754666
0.15996464727464832 0.10705886456709368 0.6057507325215243 0.12722575563673366
0.5526963757668745 0.2025170913331733 0.23850506957508444 0.0062814633248677865
0.4322742472437593 0.0779070545236672 0.42641392947882484 0.06340476875374867
0.263394990697595 0.366891781063693 0.0923920133619558 0.2773212148767562
0.2645241089710051 0.0043081876571132716 0.5891350106194564 0.14203269275242525
0.3867554845049517 0.035387225867406946 0.29664674841699346 0.2812105412106479
0.029429883845652594 0.008890194490281833 0.23057448728914098 0.7311054343749246
0.1329187732743955 0.4382711694128575 0.23576791820831722 0.1930421391044298
0.19513580829480015 0.2109536143127395 0.5307202313111828 0.0631903460812775
0.21733253164834898 0.1378937098420564 0.4478699186433277 0.19690383986626692
0.34225766299767246 0.06025026434891112 0.024811518327267357 0.5726805543261491
0.048596783290192236 0.07615059402604585 0.5239672121107766 0.35128541057298535
0.14740808877845213 0.2660121792895994 0.15000081377105046 0.436578918160898
0.04954139199958063 0.2842124415112629 0.44770995774313893 0.21853620874601754
0.4279405420176946 0.39962296955092624 0.12388633359952184 0.04855015483185732
0.16797686601183437 0.28796836880455523 0.07761832009618164 0.46643644508742876
0.5307899591648383 0.028555407935577315 0.3784271356641803 0.062227497235404106
0.047465790321446044 0.45544386190878594 0.13721020562920527 0.35988014214056274
0.07849929347475038 0.6063321660591137 0.23090073974159164 0.08426780072454432
0.2902390548483993 0.11000004716378975 0.06386400982231333 0.5358968881654976
0.04824806298546602 0.3200682048142163 0.19928527456401912 0.4323984576362986
0.17371330990516998 0.47579497664679515 0.32609693234060644 0.02439478110742843
0.3704119205824925 0.5203548115661035 0.09347563826582861 0.01575762958557536
0.14503601652960385 0.13760159674272898 0.4304577504690983 0.2869046362585689
0.6467080516702975 0.23362949672359934 0.049289796085729254 0.07037265552037386
0.6150177566750388 0.10996384792959102 0.18630066640895127 0.08871772898641894
0.04773419932390388 0.14144817676885546 0.6058458528000805 0.20497177110716014
0.47504592786223376 0.2566225414103157 0.24426764361949027 0.024063887107960258
0.03337776205672527 0.49333173315664935 0.06626458415880776 0.4070259206278176
0.050299663359801405 0.11318270593760238 0.23494903886946195 0.6015685918331343
0.5071193789604866 0.08156353842179997 0.014310855142804502 0.3970062274749089
0.17907689890519174 0.2322383053515309 0.2835547815266154 0.30513001421666197
0.48159441206260434 0.030806830892261994 0.24609926363112578 0.2414994934140079
0.6833326301973681 0.14141281239063364 0.03491469826883353 0.1403398591431647
0.7989059210982765 0.0531127235728015 0.06238229132261763 0.08559906400630435
0.17161198614079043 0.5224024018319127 0.17267712628188714 0.13330848574540977
0.08886932307963813 0.7483315821951662 0.002564435459379011 0.1602346592658167
0.07886996634346399 0.13000994690032142 0.02063379148275335 0.7704862952734612
0.010442422551755981 0.4500770532176147 0.0959033884296272 0.4435771358010021
0.26908389398859245 0.25947681941583545 0.24005419918036897 0.23138508741520314
