30 40 4 108.52058405584035 217.0411681116807
6.797291824615015 4.426736406716049 6.967431148021017 2.47285653492478 9.663470323068868 4.119956563417891 9.925758930642468 3.1155210604508103 6.271248416694919 4.6602109146268065 2.2261088981714225 5.897226588743618 5.6635871214326095 7.901695956686549 9.404651289867218 1.8073304450733474 2.7619413109302253 9.947743158676253 3.1166244785529003 3.1508773474838594 6.661898477444818 7.614573189788255 7.195099447604834 1.2801767357586447 9.122624589236816 3.5779179512111883 6.000513074254986 4.387782200765889 1.2396192829580293 5.447342093924842 8.512435841440732 4.302885970092274 5.638439010168173 5.251412128827519 4.475368796111626 7.6972330399626605 4.017178716995845 6.358944593809258 3.8452004371742854 4.116253815353308
1.359458364923003 0.8853472813432098 1.3934862296042034 0.49457130698495605 1.9326940646137736 0.8239913126835783 1.9851517861284935 0.6231042120901621 1.2542496833389838 0.9320421829253613 0.4452217796342845 1.1794453177487236 1.132717424286522 1.5803391913373097 1.8809302579734435 0.3614660890146695 0.5523882621860451 1.9895486317352507 0.62332489571058 0.6301754694967718 1.3323796954889635 1.522914637957651 1.4390198895209667 0.25603534715172893 1.8245249178473633 0.7155835902422376 1.2001026148509972 0.8775564401531778 0.24792385659160585 1.0894684187849684 1.7024871682881464 0.8605771940184548 1.1276878020336345 1.0502824257655037 0.8950737592223252 1.5394466079925322 0.803435743399169 1.2717889187618516 0.7690400874348571 0.8232507630706616
0.21208083139141454 0.03275097706566854 0.1290622702604448 0.6261059212824721
0.16318089235945177 0.6214727348033866 0.132704451555963 0.08264192128119863
0.33936705635134257 0.46808765950870945 0.03785772802351928 0.1546875561164287
0.047830899151430684 0.2656058542494282 0.1504304067176797 0.5361328398814614
0.3240338238056628 0.3086161599857127 0.18703766889445728 0.18031234731416723
0.03082189126169621 0.10700498819112325 0.3556368135676763 0.5065363069795042
0.25683771524633403 0.13087050921360932 0.5986759185252164 0.013615857014840249
0.1617182284919555 0.42105699507767 0.4071392769716713 0.010085499458703184
0.05065400291446587 0.23982374473890467 0.016248912199703924 0.6932733401469255
0.025844836873522903 0.045758957745275164 0.04548371720579136 0.8829124881754106
0.3156425035000979 0.0943180709399678 0.5024209219642646 0.0876185035956697
0.015456051150818495 0.08119344435047438 0.05495680280695947 0.8483937016917477
0.21666831476780124 0.46311741857321886 0.27712704474055116 0.04308722191842873
0.17089122328243234 0.12588641205045814 0.6062686760052979 0.09695368866181164
0.14577254819859586 0.44550897998037153 0.3973770128546519 0.011341458966380724
0.2863958303231542 0.14241238613178653 0.4406113369050928 0.13058044663996649
0.20648364149092824 0.08742743195832448 0.07442365050900246 0.6316652760417448
0.05043075239597339 0.6721406808933725 0.06683916711021787 0.2105893996004362
0.043944343559712884 0.6530371410462825 0.16277386477183697 0.14024465062216762
0.400192107282756 0.09446681247384847 0.35481924656660757 0.15052183367678795
0.17419507532441425 0.00639480705834472 0.0864220138100823 0.7329881038071587
0.5378108117386575 0.1578624782943887 0.14402942653888762 0.16029728342806615
0.19520152534907897 0.0019052877841220228 0.6720778153021733 0.13081537156462575
0.17407204806712828 0.37454051954006884 0.2967691219037638 0.15461831048903907
0.27808553632662203 0.04318656348942107 0.4642912112177313 0.21443668896622559
0.3373039792603426 0.28392749729850664 0.35174543276565073 0.027023090675500017
0.3754892950997827 0.0534166520046655 0.43300193967865885 0.13809211321689296
0.6439524238978356 0.006071360131659653 0.04247823016916419 0.3074979858013406
0.24554984243354894 0.4839062817321843 0.23562135182243993 0.03492252401182683
0.33327504181763024 0.041935309455332526 0.0746575709636963 0.5501320777633409
0.2894864355051986 0.3954607473916639 0.1578261618387118 0.1572266552644257
0.20486052694498236 0.6464310135445881 0.12758625174544025 0.021122207764989298
0.11273641347072239 0.39090613407966435 0.07906881394855991 0.41728863850105335
0.3926931406676183 0.3304117275837215 0.09270036453829633 0.18419476721036387
0.45708606951825637 0.004617866195520515 0.05587288333656504 0.4824231809496581
0.20083476895972585 0.16933973399413704 0.28086549867814004 0.34895999836799707
0.3587081287201159 0.25024483709688383 0.08910161151381624 0.301945422669184
0.2655983362319444 0.3777632381802609 0.09328569026365463 0.26335273532414005
0.08873803419263016 0.24301400885554247 0.5660587774123468 0.10218917953948059
0.13815591750020761 0.31628427341528453 0.1509308043272588 0.39462900475724905
0.26729316832645944 0.3057953384564749 0.1248616581990667 0.302049835017999
0.024154769854872082 0.24070260910232655 0.5541185577977172 0.18102406324508413
0.3651899843900238 0.1283716524089118 0.32080794831169757 0.18563041488936682
0.2641457863972352 0.198391002121588 0.23081827097824759 0.30664494050292923
0.5768119991495879 0.019649668416953037 0.0880293575331369 0.31550897490032215
0.14361212477861496 0.47438889904978354 0.32115470395449086 0.06084427221711064
0.05713460300902695 0.29996214450737657 0.582493889743796 0.060409362739800465
0.3684902404813931 0.4965661336411141 0.12804675965391688 0.0068968662235758815
0.3408632429762164 0.2970008298191166 0.2973202379362141 0.06481568926845294
0.19351250766628814 0.33812654457020674 0.159855386405929 0.3085055613575761
0.3107124143624357 0.2012309449186621 0.2950867524635332 0.19296988825536898
0.13435027437450497 0.2446629671478633 0.0631733544544043 0.5578134040232274
0.26942989118265326 0.5574724685870621 0.15648989773626776 0.016607742494016864
0.04905917212119215 0.0525824064554925 0.5178448701230516 0.38051355130026376
0.34675085470817635 0.05252362918313447 0.27807353610093577 0.3226519800077534
0.7051718088271118 0.07517602791138034 0.0397444927097641 0.17990767055174373
0.6381282942669024 0.21338879516890352 0.048739101985297406 0.09974380857889664
0.031066724263415058 0.19806317776416626 0.04666117014188209 0.7242089278305366
0.24473725573165206 0.5275904066058641 0.1786456017470205 0.04902673591546336
0.2537116326210229 0.29575894926087976 0.22972229236898467 0.22080712574911265
0.2758065539982788 0.5991197886402149 0.054601637597904706 0.07047201976360162
0.3045112636953058 0.48470227961969614 0.07756688065128192 0.13321957603371615
0.5510805727250121 0.12363185355718398 0.11529907432697584 0.2099884993908281
0.2905840977853211 0.4222880540996137 0.14021770051172122 0.14691014760334398
0.06037287491829957 0.24921533613829927 0.5459286224708839 0.14448316647251724
0.023491251065060226 0.6250050884082399 0.12168290525215852 0.22982075527454138
0.036272326794568155 0.01143388170199744 0.9497047537655651 0.0025890377378693374
0.13705238465905678 0.3856994235716563 0.020275932631123705 0.4569722591381632
0.02778913215990464 0.1038874035910956 0.3088626433649082 0.5594608208840915
0.06500097234200863 0.03172487602206353 0.48098065820119396 0.4222934934347339
0.36557689434980034 0.013949036421001648 0.12593375100601767 0.49454031822318034
0.0752792120967416 0.6267417275849472 0.059076796687208 0.23890226363110323
0.052576188879473795 0.36221576771103214 0.5696560329300452 0.015552010479448874
0.01727272531182844 0.1051103076344646 0.814750092131248 0.0628668749224589
0.1933226798911324 0.43084826874601867 0.024827915072108575 0.35100113629074037
0.12393211115936964 0.31585366201829945 0.4886119874496315 0.07160223937269938
0.12024253194369527 0.271188452462521 0.32968670611121853 0.2788823094825652
0.16657217770061472 0.658161108328932 0.1584006546132689 0.016866059357184326
0.04010323433090479 0.5024088286447653 0.13313791101502048 0.3243500260093094
0.042693284778339335 0.6388867612006679 0.3058432686351552 0.01257668538583756
