29 40 4 118.59713826618342 237.1942765323668
8.773839870130747 3.564153687048641 1.6593074927536242 7.869134838972565 5.074471518394702 5.88067186607897 7.539722045447566 8.6401459685334 7.91379980028084 7.598293509880157 3.177877822334966 7.482778232992649 1.5253957523054906 4.687020335420058 6.496050464718941 3.303233871056995 3.571047347916987 7.16017372129106 8.568277618497032 8.282380780907392 1.0005714617916515 9.312490852497572 8.262686468310868 9.604111608588099 5.362560909184589 6.963166032152694 7.604259918310112 5.195009142856425 8.249033787580945 4.941887759790994 2.161357932791591 6.779355150186597 5.307793327466548 6.923086948413928 1.750176381582229 6.973508244658538 5.418460765686838 7.797830873718581 4.850857004996303 3.9682954168389326
1.7547679740261493 0.7128307374097282 0.33186149855072483 1.573826967794513 1.0148943036789404 1.176134373215794 1.507944409089513 1.7280291937066798 1.582759960056168 1.5196587019760313 0.6355755644669931 1.4965556465985297 0.3050791504610981 0.9374040670840117 1.2992100929437882 0.6606467742113991 0.7142094695833974 1.432034744258212 1.7136555236994062 1.6564761561814785 0.20011429235833028 1.8624981704995143 1.6525372936621736 1.9208223217176197 1.0725121818369179 1.392633206430539 1.5208519836620225 1.039001828571285 1.649806757516189 0.9883775519581988 0.43227158655831815 1.3558710300373193 1.0615586654933096 1.3846173896827856 0.3500352763164458 1.3947016489317074 1.0836921531373676 1.5595661747437162 0.9701714009992607 0.7936590833677866
0.11374120342961302 0.1937962352996745 0.17016257923338696 0.5222999820373255
0.23656967978232846 0.5669613045776244 0.0698306776225841 0.12663833801746305
0.2960260657626256 0.0635957491264888 0.5187409155767679 0.12163726953411769
0.12385949297344134 0.4295081891907713 0.19012109744321348 0.2565112203925739
0.17442064952655978 0.3287660376806233 0.47277477966155634 0.024038533131260587
0.004839738263887616 0.4998605827945003 0.276975498822831 0.21832418011878107
0.26921945805776737 0.15526710725117 0.04889747915502718 0.5266159555360355
0.36734918081640466 0.4416769409909964 0.08275796580452177 0.10821591238807715
0.3967749448827206 0.4477850749336558 0.024397683019681926 0.13104229716394167
0.08180587340534173 0.2930357386473944 0.2917051096691804 0.33345327827808346
0.578777808113282 0.17629234145629835 0.2440402472807358 0.000889603149683782
0.20704363646712964 0.2941224557992955 0.41893451537661486 0.07989939235695998
0.03061151866749723 0.10976653598579089 0.773533817408141 0.0860881279385709
0.369697829461213 0.09726953254307069 0.1889793656340143 0.344053272361702
0.42692202999785844 0.10780289029919354 0.11742913552256229 0.3478459441803857
0.3833817422841894 0.19291483970193835 0.31467164928149705 0.10903176873237519
0.2676312524463551 0.1975447421814941 0.38502210117563995 0.14980190419651085
0.08841171639002099 0.48699861606473804 0.1082667244208454 0.3163229431243956
0.07532144234047145 0.8098757158221374 0.05114468870637012 0.06365815313102108
0.059740840488262115 0.24969145440438567 0.6757844147933371 0.014783290314015152
0.6322914942476411 0.0993639362297124 0.07936696563542767 0.18897760388721885
0.047331256096581065 0.01436357111883102 0.8983937386914719 0.03991143409311604
0.0019273820582688117 0.1945131939530087 0.4628613598289497 0.3406980641597728
0.14168044809136637 0.7366792618137827 0.06460180938331828 0.05703848071153261
0.3201180062498874 0.5340399867612251 0.1262563706981189 0.019585636290768593
0.32950396965937123 0.05350324912633009 0.5952228022019541 0.021769979012344565
0.08865528585488813 0.09275358163808833 0.12507807380139357 0.69351305870563
0.28166440289802697 0.16041939883487888 0.40678411309641727 0.1511320851706769
0.06961973783101116 0.18301486840448178 0.23110727191002567 0.5162581218544814
0.38030571983191697 0.4951133223833475 0.0766316289780038 0.04794932880673175
0.025169186962536783 0.014159308657063274 0.7177078633706332 0.24296364100976675
0.05078495663403104 0.020838585038259527 0.07467422073525987 0.8537022375924496
0.22148878917564974 0.573526515230356 0.1308945511596633 0.07409014443433093
0.303424230971743 0.11845777475514707 0.10154307379543859 0.47657492047767136
0.2966883029193095 0.23433396512917626 0.27216435384912785 0.19681337810238642
0.5107858251533236 0.04753965686053041 0.23753043951456942 0.20414407847157656
0.21537231073749563 0.3699758054965373 0.27587309197036414 0.13877879179560293
0.29496781848008014 0.021780092919059912 0.014608479762618143 0.6686436088382418
0.2923053528381826 0.241850430349962 0.380407856342585 0.08543636046927039
0.1780340128209369 0.28417379399675746 0.29895432206484474 0.2388378711174609
0.9195368729845518 0.05097831214711901 0.01440411341739678 0.015080701450932432
0.1630047862908065 0.6945312291570032 0.08972602251964368 0.05273796203254666
0.037903610520085174 0.5291895721993554 0.08650579495685917 0.3464010223237003
0.3999161855654614 0.07595251214125309 0.4856619377946927 0.03846936449859284
0.03711694924275055 0.34698890124005066 0.007451067066732264 0.6084430824504665
0.3706417682856574 0.26940419832132156 0.10181981518967587 0.25813421820334514
0.003200372093831838 0.25999391295621377 0.2770800727301689 0.4597256422197855
0.37465165094778097 0.12258229122189312 0.47807921069954395 0.024686847130781953
0.03329565526928435 0.10779075318801246 0.5218482414991477 0.33706535004355553
0.16782031203163217 0.1108952004375795 0.3721190268757527 0.3491654606550356
0.5535734102967413 0.17994092909470938 0.023714355499678486 0.2427713051088708
0.37679080733121795 0.10025661142742692 0.003833591500470912 0.5191189897408842
0.5776719740781686 0.07318183081323604 0.22145524195141775 0.1276909531571776
0.4904555735108448 0.20623401096142246 0.007481473047064147 0.2958289424806686
0.06812662607244035 0.5828779622053851 0.08301363099285797 0.26598178072931655
0.03960732545122547 0.12324123482437765 0.10534110930738749 0.7318103304170094
0.3269552096521894 0.264034506453969 0.04200625914560341 0.36700402474823823
0.6388102517106383 0.05145066444016777 0.004046415582697915 0.305692668266496
0.7269330814882912 0.007286409767122137 0.15376568367251287 0.11201482507207383
0.03193046680152323 0.0329511780916627 0.2556482400259963 0.6794701150808178
0.08794176721491376 0.1770268616134194 0.07700532881121991 0.6580260423604469
0.1621344970774884 0.16424824773555957 0.34180430079397717 0.33181295439297487
0.17426054994843232 0.044630991677312104 0.6152673000298595 0.16584115834439606
0.11391683270251629 0.6136830697636965 0.08877802703124382 0.18362207050254342
0.08978561396615037 0.1627393721059558 0.5641096003995866 0.18336541352830726
0.05835935991634067 0.01659181203794935 0.17428048629934156 0.7507683417463684
0.26779643409035236 0.24689163338919573 0.44548849698829596 0.03982343553215595
0.5429024898586241 0.04967545678253715 0.3947850705425352 0.012636982816303544
0.4154894697483774 0.0378570977838929 0.3484165287471205 0.1982369037206092
0.10220086578584053 0.034270505635157655 0.2984985922972523 0.5650300362817495
0.5976809502295991 0.01751579124052638 0.14351871834606322 0.2412845401838113
0.07989100576663999 0.6297817743526032 0.012386455429830634 0.2779407644509262
0.38841714071641353 0.12238246291261201 0.374980531243709 0.11421986512726545
0.3137196804036543 0.26464330625305565 0.40772183744725066 0.013915175896039411
0.03775702914269574 0.027340453471645376 0.1394324998121832 0.7954700175734757
0.2502544046324511 0.36798206165060954 0.2676895715649409 0.1140739621519985
0.7663586189822729 0.029446024462356335 0.0876194045903882 0.1165759519649826
0.15489020825540645 0.043534218152001425 0.1860985834229456 0.6154769901696465
0.24052655230998476 0.11219339251804039 0.07704010861676247 0.5702399465552124
0.20364435600135233 0.3510611393510309 0.245901278971682 0.19939322567593476
