8 10 4 28.940153338048162 57.880306676096325
8.860864625126347 9.716865965388388 8.822750861925279 5.777701224000391 3.094554951795616 1.102589238496869 4.874219364632415 4.621162240336283 5.704072042173126 5.305526162221621
1.7721729250252694 1.9433731930776776 1.7645501723850558 1.1555402448000782 0.6189109903591232 0.2205178476993738 0.974843872926483 0.9242324480672567 1.1408144084346252 1.0611052324443242
0.5553564738223304 0.06432562228110916 0.14121347949948937 0.23910442439707102
0.06580838778721143 0.22326664023087628 0.04469901749258265 0.6662259544893296
0.07094284475019874 0.0569128681748331 0.2657792020185731 0.6063650850563951
0.028732048963295398 0.31672956303457167 0.035497277205985944 0.619041110796147
0.43247593279041585 0.3685799535359786 0.13774802698437727 0.06119608668922827
0.06869013345815722 0.3867576886477758 0.3401267363230436 0.20442544157102338
0.03891229764232185 0.1492602176509924 0.800424002820415 0.011403481886270717
0.2153177994727462 0.32082650720682826 0.1950141253010883 0.26884156801933723
0.5105804552532703 0.08516979062075547 0.347567938589176 0.056681815536798186
0.008872285585150852 0.17701139993462012 0.24893254286381783 0.5651837716164112
0.4260917704761922 0.11729424706634817 0.16898855653955092 0.28762542591790874
0.21880106081982797 0.7550541803806182 0.009015305352987557 0.017129453446566245
0.22476993896804542 0.09736085423613394 0.5740142116764558 0.1038549951193648
0.3516847362701201 0.41247539509583997 0.22058930591931125 0.015250562714728688
0.2701457415914653 0.04954405487556235 0.3185490096560937 0.36176119387687866
0.0320081564257968 0.5716363199433144 0.1865280649691744 0.20982745866171437
0.4464229075179026 0.13754163598306413 0.04309110335428168 0.3729443531447516
0.10038679422454932 0.050583313432947086 0.7886809317836784 0.060348960558825215
0.37473850501777617 0.09615407662607334 0.1910901306306182 0.3380172877255323
0.06789640356536919 0.36359722731499156 0.09821168582154383 0.47029468329809543
