11 100 4 277.76900839185953 555.5380167837191
2.6224271998909225 1.1752771733886211 5.168966738485102 7.524405362729331 4.781832441289547 5.368843883510042 1.1150273313154777 5.386344465878844 9.476259871090296 8.657155804391008 7.569680231987367 1.9786246468207744 9.04513753256573 8.714388223655465 2.485779558357044 6.691006124411465 1.184352515121094 2.050635419020146 3.8473058045128634 2.4212107600744326 7.830816293444548 8.364478220777292 4.101620418632956 3.8691891717619025 2.0049510879519437 1.7555782898985135 7.414533421199586 6.3958905663189 1.5010631162657058 5.318175534934873 4.61508832567587 8.63181097792277 7.4606426140589095 6.418576461239421 5.971454393549475 9.541921579719737 9.880059973226217 4.04248644684575 3.1588721114722604 8.167921785891515 1.5731778769718987 4.28154078696437 1.630205223620522 3.87430936345819 1.633443355962612 3.612373004217808 8.110910110904104 9.148602887200646 8.133592465719335 6.056368391303906 6.544165465653863 4.253351879828816 2.5193556872690754 4.926168402986448 7.595428027133585 1.565988614746304 1.186596809930542 7.9349325977351715 3.699568084874989 7.310478475391652 7.612009488140515 9.396141644686113 4.602955896296276 4.225941355133406 8.25910111834949 7.880419868900243 6.873532659240255 8.298699165595606 6.779933728669496 9.616996475433597 4.004869793059831 7.644273605638057 9.54849975163463 4.00927738745116 6.50468797061333 4.2910315081943775 5.153862622485704 1.6750179379784411 1.1740902606841837 7.836845207969562 5.074832480427978 6.605506068876906 7.659563660181052 4.767970871636567 4.30855862560885 2.521259295316771 8.144851659713265 8.497336677259847 7.607916885748177 8.877651220213146 6.832507977782321 7.2645955729359155 2.7371627223993786 7.908690114453773 4.006746048721052 4.941632854565004 3.869832157827176 6.114607020345397 6.928231162897796 6.1800268694971106
0.5244854399781845 0.23505543467772422 1.0337933476970202 1.5048810725458661 0.9563664882579094 1.0737687767020083 0.22300546626309553 1.0772688931757688 1.8952519742180591 1.7314311608782016 1.5139360463974734 0.3957249293641549 1.809027506513146 1.742877644731093 0.4971559116714088 1.338201224882293 0.2368705030242188 0.4101270838040292 0.7694611609025727 0.4842421520148865 1.5661632586889096 1.6728956441554583 0.8203240837265913 0.7738378343523805 0.4009902175903887 0.3511156579797027 1.4829066842399172 1.27917811326378 0.30021262325314113 1.0636351069869747 0.923017665135174 1.726362195584554 1.492128522811782 1.283715292247884 1.1942908787098951 1.9083843159439475 1.9760119946452435 0.80849728936915 0.6317744222944521 1.633584357178303 0.31463557539437975 0.8563081573928739 0.3260410447241044 0.774861872691638 0.32668867119252243 0.7224746008435616 1.6221820221808207 1.829720577440129 1.626718493143867 1.2112736782607811 1.3088330931307726 0.8506703759657632 0.5038711374538151 0.9852336805972897 1.519085605426717 0.3131977229492608 0.2373193619861084 1.5869865195470343 0.7399136169749978 1.4620956950783304 1.522401897628103 1.8792283289372225 0.9205911792592552 0.8451882710266811 1.651820223669898 1.5760839737800487 1.3747065318480511 1.659739833119121 1.3559867457338992 1.9233992950867194 0.8009739586119663 1.5288547211276113 1.9096999503269259 0.801855477490232 1.300937594122666 0.8582063016388755 1.0307725244971409 0.3350035875956882 0.23481805213683674 1.5673690415939123 1.0149664960855955 1.3211012137753813 1.5319127320362105 0.9535941743273135 0.86171172512177 0.5042518590633542 1.628970331942653 1.6994673354519694 1.5215833771496354 1.775530244042629 1.3665015955564643 1.4529191145871831 0.5474325444798758 1.5817380228907545 0.8013492097442103 0.9883265709130008 0.7739664315654352 1.2229214040690795 1.385646232579559 1.236005373899422
0.31818719398704765 0.12003347689029609 0.406717859994832 0.15506146912782426
0.30097916984093387 0.04273413711937046 0.6302549488049548 0.02603174423474086
0.2693035401785444 0.264390441717809 0.09330383729495728 0.3730021808086893
0.4155036692248403 0.10350407236281867 0.20490352103195508 0.276088737380386
0.4477711603657113 0.04972519238255113 0.4736788508827323 0.028824796369005257
0.5565211058717441 0.28416432451690077 0.07111005388732916 0.08820451572402599
0.42039077484565157 0.17509591561740268 0.3352792319962151 0.06923407754073063
0.505473168619571 0.03337712326550468 0.17411262834795904 0.28703707976696524
0.14491946190451044 0.21286977939130702 0.5982690227524696 0.04394173595171291
0.23288283262928866 0.3210444401922973 0.09411920035101096 0.3519535268274031
0.05411530447521384 0.0009695276305721201 0.9339963294735699 0.010918838420644117
0.35583007986260196 0.12242656037023492 0.28895964438133726 0.23278371538582587
0.3605798783967624 0.2533904508266013 0.0675887137748652 0.3184409570017711
0.05295186810844732 0.02542793960721257 0.6277678201120739 0.29385237217226623
0.1759034817259575 0.11513449407737086 0.5234028951117222 0.18555912908494943
0.17079014782816504 0.5026999958920305 0.07837702544265879 0.24813283083714566
0.02773266075835501 0.03771392195183987 0.2549258669789868 0.6796275503108183
0.6037265473927619 0.08420969947867563 0.21471118214758733 0.09735257098097516
0.14062588525348063 0.6526561769943544 0.06811062516550936 0.1386073125866556
0.5443871912785486 0.07910941217873646 0.1490411439610605 0.22746225258165442
0.234288511937924 0.259265850413138 0.41489358050947733 0.09155205713946069
0.3743355683698556 0.04097194724299569 0.05521253360235112 0.5294799507847976
0.27399239180774915 0.17361238532062384 0.4354019911624232 0.11699323170920384
0.5932158595891228 0.16567424403361453 0.1786140807500275 0.06249581562723516
0.2840215869807551 0.0464605218854407 0.1102718747497522 0.559246016384052
0.01836989442987258 0.3357327379512579 0.4744275408595484 0.1714698267593211
0.4945636354870594 0.007606147548613995 0.3371186275662096 0.16071158939811703
0.27827656976936765 0.060411900606652136 0.5211827155913707 0.14012881403260946
0.5171443992591588 0.1612051596487306 0.07693407381605566 0.24471636727605495
0.2115011781361238 0.10314594199423122 0.679129349258487 0.00622353061115799
0.07256924416241772 0.2298762940617073 0.46211736022256245 0.23543710155331254
0.03304441704947503 0.5294403187366907 0.09066038907794927 0.346854875135885
0.02797631300041259 0.09615517896962578 0.15572528952372078 0.7201432185062409
0.06574940877546687 0.47066384666278505 0.12813573734113415 0.33545100722061394
0.07604137792672061 0.32610468031253637 0.38946842053034825 0.20838552123039478
0.03839609224862206 0.729488030026858 0.137383286462879 0.09473259126164091
0.4479663902269472 0.1565608490476127 0.1579032168918174 0.23756954383362272
0.46612051709664437 0.1554582063230835 0.15870572077666123 0.2197155558036109
0.2913424595463794 0.030046217661460095 0.309267588549325 0.3693437342428355
0.09846297786639624 0.17379330145132432 0.6242237481099221 0.10351997257235734
0.535743793854694 0.1742896994814257 0.2463454482998001 0.043621058364080256
0.07689554943318133 0.6446784320342739 0.03298403515600845 0.24544198337653633
0.11173844324449789 0.005738985811378106 0.4062066103275581 0.4763159606165659
0.3181191073565963 0.38254229641790705 0.2393278178827286 0.06001077834276802
0.17497807210117222 0.42145453878788974 0.02176613585819509 0.38180125325274294
0.10704076626823245 0.18470057951483665 0.500248455024542 0.20801019919238894
0.23062615141484466 0.3208566553156408 0.2018365357126709 0.24668065755684365
0.11515934620524426 0.042525021885127856 0.24941720760760988 0.592898424302018
0.6988103112095466 0.26613490106513993 0.030883081679629942 0.00417170604568351
0.6245378976215248 0.0012254412102704615 0.0718121870712437 0.30242447409696105
0.30492016208911366 0.04060763921149135 0.12327275934100568 0.5311994393583893
0.6688732701919983 0.2054760602327239 0.007756533813866651 0.11789413576141117
0.1585357885664811 0.5816391511661045 0.08334318460689882 0.17648187566051554
0.4019369310441364 0.19457732071448808 0.0459637583810617 0.3575219898603138
0.19256691051904096 0.3235905959466294 0.09411051808561932 0.3897319754487103
0.2796914968876747 0.09001570565151473 0.2070247724582448 0.4232680250025658
0.3641310386748219 0.34163567187605937 0.13620547483213297 0.15802781461698578
0.5367987725149025 0.0430839999359699 0.11133620526021148 0.30878102228891613
0.006722747082761438 0.347564674760381 0.02230557928674093 0.6234069988701166
0.5227852740465856 0.24725900186053518 0.11609609968353063 0.1138596244093486
0.4194870328283461 0.2488566155176647 0.27089926800169994 0.06075708365228927
0.2778151630901844 0.0015477557150055388 0.6363189976921104 0.08431808350269965
0.2474544495511266 0.13404530517411817 0.5564879428797268 0.06201230239502842
0.1310625218612168 0.41983022317028296 0.3109496754792227 0.13815757948927754
0.13097068310080173 0.30639684278098245 0.5149827232345973 0.04764975088361856
0.06898427454012279 0.13104089793326934 0.6017141738131502 0.1982606537134577
0.04976840269041927 0.0920585429156422 0.5122062914666711 0.34596676292726747
0.028605408387988973 0.08383616482390932 0.4281087513292734 0.4594496754588283
0.2019594643609156 0.038326082203277045 0.18908240177614677 0.5706320516596606
0.2802679215332443 0.1655889862814085 0.0291082903380524 0.5250348018472948
0.13102575864259913 0.06887028907741743 0.22506277095473537 0.5750411813252481
0.6384004202632451 0.024879466606102407 0.2615631692607715 0.07515694386988103
0.1032936627923059 0.21259018115164696 0.11079481143280612 0.573321344623241
0.250505919337182 0.11005815046069423 0.09788792826169901 0.5415480019404247
0.257435708356223 0.13918440651284725 0.48962129577161395 0.11375858935931582
0.061729175293708805 0.068103338445059 0.4236560032285329 0.4465114830326993
0.40834836630073346 0.3539401450653372 0.23096667323154985 0.006744815402379478
0.38827100751431387 0.3837223215982166 0.11297356826193772 0.11503310262553179
0.33745984176014643 0.15804658335929833 0.04559535361827527 0.45889822126227997
0.23823213722716408 0.12466553082020537 0.526307472685569 0.11079485926706156
0.6029932794969682 0.31781301172813736 0.06673931573604908 0.012454393038845324
0.18891198765058592 0.5220856411602927 0.09036047897405175 0.19864189221506967
0.05130677276779694 0.05613145011492349 0.3791903275056506 0.513371449611629
0.15754387619283416 0.13476340693778244 0.6153660915307152 0.0923266253386682
0.08433989010226894 0.7693200478983848 0.02722977698128648 0.11911028501805976
0.18315381277799558 0.511577210248413 0.2905272364880417 0.01474174048554977
0.6093599872216714 0.264799740910175 0.10033477744353991 0.025505494424613695
0.05542231115273266 0.16130298499945628 0.1600261958288589 0.6232485080189522
0.023960449194882938 0.28270147692373726 0.5686568097484967 0.12468126413288305
0.1961243530821597 0.30627386391490286 0.3415647648762524 0.15603701812668502
0.036844351152854005 0.5018845845503994 0.06362876157099118 0.3976423027257554
0.14770033046013153 0.05590878091597207 0.6643068826077304 0.132084006016166
0.29427293403981925 0.5487387285953854 0.08505782332634848 0.07193051403844686
0.0041498010620136805 0.21483783487152253 0.18953545144819361 0.5914769126182702
0.02482962560719304 0.21977253028270627 0.6241796347564367 0.13121820935366402
0.21686910874838583 0.13013279361631025 0.4977779721871469 0.155220125448157
0.05343027617115059 0.15654211830967957 0.5763469480129554 0.21368065750621446
0.13108359297364292 0.5982969523802953 0.10904244903866467 0.16157700560739707
0.07853778756279761 0.4155580350163829 0.02742947566374032 0.4784747017570792
0.33598201788411675 0.16121718961399167 0.10633577066394317 0.3964650218379484
0.09141458692565019 0.12658878834486975 0.0841613125170908 0.6978353122123893
0.08569480601338675 0.5395300340579335 0.08407617770011544 0.2906989822285643
0.6567088061886622 0.168943422883588 0.08546943572847665 0.08887833519927313
0.2860446694951897 0.2078683316383162 0.428537237137364 0.07754976172913008
0.5506394709523689 0.09808272733233159 0.283691520653937 0.06758628106136255
0.12704826111139933 0.18663089199195504 0.052748057938129866 0.6335727889585158
0.23834610123997146 0.6938025204292503 0.027814025671260012 0.040037352659518244
0.13648451325554378 0.09155235293871344 0.2935366252015459 0.4784265086041969
0.04587020519081331 0.8837349091594312 0.03632578234907213 0.03406910330068336
0.05293284911473728 0.6529514095105737 0.030425213156760278 0.2636905282179287
0.2477996424832022 0.5986973346641565 0.13319633117164675 0.020306691680994526
0.05317982877899563 0.40101797134810735 0.46130520397155694 0.08449699590134008
0.24699815272037573 0.06554660656082789 0.6354052704709502 0.05204997024784619
0.8316599395304785 0.07987290723860474 0.04064263352515918 0.04782451970575763
0.19072161285288602 0.5998919131201221 0.17077424578406597 0.03861222824292587
0.2484196822431457 0.050670548048839636 0.5801658327604134 0.12074393694760122
0.2987078763658917 0.12395209828045917 0.15199596915425861 0.42534405619939053
0.5310294059139394 0.037276425013967995 0.031344273318276494 0.4003498957538161
0.2218770910355624 0.0078066327971237914 0.1222878700713077 0.6480284060960061
0.14322266096375436 0.236274527422781 0.5233396441542181 0.09716316745924658
0.18776571431877243 0.03587276613302037 0.25872261513057504 0.5176389044176322
0.05971972772944523 0.35608982814743917 0.2523614663908279 0.3318289777322877
0.023839804008858878 0.9168691883615274 0.009702273212108592 0.04958873441750511
0.3006610742984531 0.1333309882888637 0.1534421612098954 0.4125657762027878
0.25036821423134437 0.09582749972413596 0.296723557881199 0.3570807281633207
0.3248058703912017 0.2209794646751947 0.19579329548640734 0.2584213694471963
0.173345022674655 0.13749273031147047 0.46805547861544083 0.22110676839843368
0.11521202185396162 0.3689358607037504 0.048092296549034796 0.4677598208932532
0.10519406923913521 0.2756763924330461 0.17605063387276743 0.44307890445505127
0.17521486475504 0.49181922941626643 0.22347052661757794 0.10949537921111563
0.2091003056378511 0.16723196129160678 0.44663353899932434 0.1770341940712178
0.08965531399991189 0.5816657448272017 0.20123029020366978 0.12744865096921665
0.09636570359272345 0.14462724827963702 0.40774112261235884 0.3512659255152807
0.09092484166469161 0.03007562510119599 0.5475327062279521 0.33146682700616026
0.278282875182854 0.18414489286867886 0.2391210304772008 0.29845120147126636
0.0030641225222766133 0.4488141536754946 0.4970775307089115 0.051044193093317314
0.015716058074189188 0.6272670015183456 0.06699790594036681 0.2900190344670984
0.6549281206138899 0.16168423826629208 0.06539229058770946 0.11799535053210852
0.1684781135159218 0.22562702829364611 0.4268506403095901 0.17904421788084202
0.34219781219585366 0.09677854147628495 0.18935915648667823 0.37166448984118317
0.41962810713116283 0.08588116818854896 0.47122160871953966 0.023269115960748543
0.22234907776730561 0.25095824980084336 0.12584989846458017 0.40084277396727086
0.46068613552101667 0.4738578275367856 0.03292099227779055 0.03253504466440715
0.2818299573281393 0.6734050836062334 0.005358628212185579 0.039406330853441696
0.10929144227521981 0.18626780657137287 0.561082411789221 0.1433583393641863
0.21965878411878847 0.25405666786190684 0.1681618722762227 0.358122675743082
0.14698562884594757 0.15057408995716126 0.1530086405469988 0.5494316406498924
0.5471185969589334 0.02636118718540237 0.318046380439058 0.10847383541660627
0.13919124586676324 0.20854596578221762 0.6274583977547437 0.024804390596275483
0.036900658417940324 0.835919087250588 0.06955621663406586 0.05762403769740576
0.15973648714811528 0.27423344136901895 0.4598573231118952 0.10617274837097057
0.04319015972113338 0.04917916375492504 0.30297164364960316 0.6046590328743384
0.45088783101182073 0.007137234240770507 0.49016459610281315 0.05181033864459561
0.20962951610600677 0.00518744771164259 0.38040802015000863 0.404775016032342
0.1079376491401961 0.35031030970580646 0.3989963180852506 0.14275572306874684
0.02497454194548221 0.1627511522519397 0.6237927412304871 0.18848156457209098
0.23479334662175422 0.40070703191897905 0.11693916686694084 0.2475604545923259
0.004761837122656543 0.43879421392628315 0.5198225748891249 0.03662137406193544
0.13498110501715332 0.35861965001270335 0.1478539036770744 0.3585453412930689
0.053353985951199445 0.3430527709235802 0.2827256075939202 0.32086763553130015
0.654838804571006 0.03689285184380464 0.010365502873639354 0.29790284071155004
0.022428446464295204 0.3415982386142541 0.5252990762317062 0.11067423868974446
0.189353904076898 0.26794944135643495 0.3757383582421615 0.16695829632450554
0.25598011759129313 0.09639766021099427 0.41698517952991 0.2306370426678026
0.1589786885460146 0.2758735780317121 0.37698361938652725 0.18816411403574607
0.05622810383834709 0.16127723225721413 0.6058599708356249 0.17663469306881385
0.5226095436351419 0.07825363578561784 0.193079145538808 0.20605767504043226
0.09940036941606556 0.03238450757697753 0.8152105625644182 0.05300456044253876
0.2720220161206103 0.5426710540461972 0.042114533691586464 0.14319239614160606
0.47172022298654814 0.02786650850376826 0.3055039399551793 0.19490932855450427
0.5043946730936415 0.3669473136597946 0.126694789663364 0.001963223583199891
0.20407692876607597 0.08951827977872306 0.47159383237217267 0.2348109590830283
0.18412867360505558 0.08607612633058082 0.08836899460439473 0.6414262054599689
0.189679141631085 0.2681956441260951 0.5237007027907398 0.018424511452080128
0.1707482602164394 0.4096873895102019 0.30521253882430144 0.11435181144905726
0.20141431898977413 0.1960916653807092 0.39912709951033587 0.20336691611918079
0.4799540327457359 0.20534745023230772 0.11400357100956926 0.20069494601238713
0.13544587514316242 0.3854450877121909 0.46863483825291996 0.010474198891726738
0.3792051234572871 0.22188709210060265 0.15459239497365196 0.24431538946845832
0.2782258982179121 0.16494243182875057 0.2937246248598333 0.263107045093504
0.23453398826262128 0.06154684741325778 0.1789354641933263 0.5249837001307947
0.412012067377455 0.031823460880643806 0.42154859874965844 0.13461587299224276
0.18449603853103258 0.33618483935932 0.24687054915953177 0.23244857295011567
0.016389577194591554 0.4013354563562511 0.3955688826324424 0.18670608381671494
0.27904436519905107 0.29125033356638574 0.3680478750473696 0.06165742618719361
0.7917826787423692 0.13389239002212672 0.030945524713252848 0.04337940652225125
0.4714724799345015 0.3482044542945574 0.12112162812373928 0.05920143764720187
0.3094123386715858 0.35598512447775865 0.13950612757879877 0.19509640927185679
0.32173066448667387 0.15874361581490803 0.18207546028954213 0.33745025940887596
0.3210975273077139 0.1010660131030724 0.46834025677098046 0.10949620281823325
0.2682215130220169 0.13662870092890433 0.2919069935295824 0.3032427925194964
0.1703278369159429 0.24916344485469 0.1892433382927169 0.3912653799366502
0.10785770999767141 0.685776090517217 0.10232773283457242 0.10403846665053917
0.04338633359302446 0.5221564742755743 0.07566418523392082 0.3587930068974804
0.28661870429360914 0.5346906008196093 0.10466958076228228 0.0740211141244993
0.0334222136378991 0.022115788429366234 0.025346157755032572 0.9191158401777021
0.33456344737960064 0.0908456078593094 0.18956330761684936 0.3850276371442406
0.0680275098873453 0.054070938142320335 0.15972981573235845 0.7181717362379759
0.1570569862113197 0.46376762733062826 0.06754683777892179 0.31162854867913026
0.1759225447347732 0.5684464839990407 0.24892302918903053 0.0067079420771555265
