68 80 4 222.18263389719917 444.3652677943984
3.3343432295359907 1.3902494604571023 6.2382730791394385 2.0126095103000923 6.496991042474353 3.6674916246615434 8.265269740700704 1.8535396142459775 7.300903364160124 9.396064207605296 8.57988009188761 8.199630859677232 9.755409646603516 5.824777810818929 5.565095245516277 9.593477715587488 7.981270983670573 6.315002798230625 2.5199023841425214 2.6505139701650413 1.2857788140622017 3.0666101557775987 5.769202388459624 7.227240066917398 3.609704475755236 1.8108977652983897 9.870710964874403 7.958537541861139 5.939069401846053 2.4243700965255295 7.753987272362736 5.7222510774910855 8.252224429983379 7.449089802116418 1.1430495969077712 5.6186647814431865 7.057623710062352 7.160872077883816 5.376790500754567 9.9812747141306 4.233567357751503 4.297711644768714 2.2232975782666564 3.971642409688606 2.5328376391689096 8.56379698674258 6.4497146288230445 5.098238180016093 7.321567889413074 9.925485993697574 6.73048770263293 1.1648984579277522 2.256049201298817 6.808024698127093 1.04218994104344 1.6502998440485939 6.114624128914475 7.024483843053739 8.627000982956552 3.2946489240624746 7.627522782748558 9.97476339299166 1.2189965423240523 9.95222160971302 1.9008692874423816 8.170454166321049 1.6732221234220641 3.5393194260018097 1.7712856285667875 9.18362763765276 7.502162568704713 8.061503822604159 2.473567435354256 8.798122144582273 2.326560824457591 4.272201020533238 9.919188348819 2.151052316465332 5.944710527023606 7.154702142173447
0.6668686459071982 0.27804989209142045 1.2476546158278876 0.4025219020600185 1.2993982084948708 0.7334983249323087 1.653053948140141 0.3707079228491955 1.4601806728320248 1.8792128415210592 1.715976018377522 1.6399261719354463 1.9510819293207031 1.164955562163786 1.1130190491032554 1.9186955431174977 1.5962541967341146 1.2630005596461251 0.5039804768285043 0.5301027940330083 0.25715576281244035 0.6133220311555198 1.1538404776919249 1.4454480133834795 0.7219408951510472 0.36217955305967797 1.9741421929748806 1.5917075083722279 1.1878138803692107 0.4848740193051059 1.5507974544725474 1.144450215498217 1.6504448859966758 1.4898179604232835 0.22860991938155423 1.1237329562886373 1.4115247420124704 1.4321744155767633 1.0753581001509134 1.9962549428261203 0.8467134715503006 0.8595423289537427 0.4446595156533313 0.7943284819377212 0.5065675278337819 1.7127593973485158 1.289942925764609 1.0196476360032185 1.4643135778826148 1.9850971987395147 1.346097540526586 0.23297969158555043 0.4512098402597634 1.3616049396254186 0.20843798820868803 0.3300599688097188 1.2229248257828949 1.4048967686107479 1.7254001965913104 0.6589297848124949 1.5255045565497116 1.994952678598332 0.24379930846481046 1.9904443219426038 0.3801738574884763 1.6340908332642097 0.3346444246844128 0.7078638852003619 0.3542571257133575 1.836725527530552 1.5004325137409427 1.6123007645208318 0.49471348707085117 1.7596244289164544 0.46531216489151817 0.8544402041066477 1.9838376697638 0.43021046329306645 1.1889421054047211 1.4309404284346894
0.015595528187677954 0.608529378618015 0.019539270944332054 0.35633582224997495
0.574718909061079 0.025831475963080885 0.2618508516757454 0.13759876330009468
0.4594076163653087 0.05132098697078202 0.001306418902671247 0.48796497776123804
0.1983977541580224 0.3781482568058949 0.07219695070679844 0.35125703832928423
0.1095481855231134 0.36795827659804226 0.23896895131184448 0.28352458656699986
0.02258089717404843 0.8632189674387843 0.1023040864180148 0.011896048969152417
0.010594959841800478 0.23474487480938566 0.04552692399968472 0.7091332413491291
0.11417357070503098 0.08776921368312063 0.6222679463064967 0.17578926930535166
0.5209295099701224 0.038014780699549444 0.0463654541000732 0.3946902552302549
0.5426276633242777 0.10989502754081226 0.24967501096602884 0.0978022981688812
0.18274936453774993 0.12303593690427306 0.6311671044023299 0.06304759415564709
0.22223618583174543 0.1790181527410023 0.20403388743513828 0.394711773992114
0.41595305541805394 0.036737899206969016 0.36192314594749797 0.18538589942747907
0.04891562664823157 0.16941250173010258 0.7008095469574177 0.08086232466424814
0.33221310189046127 0.1018382429464133 0.35585512683086107 0.21009352833226436
0.038048998013086366 0.01033883931665125 0.9076620416766533 0.043950120993609065
0.04712555901420323 0.488012492250833 0.3408989617007714 0.1239629870341924
0.13982866170467823 0.0844916559647454 0.22796191681433586 0.5477177655162405
0.0302594726611507 0.25196028076916044 0.18728691391342234 0.5304933326562665
0.3900304464700316 0.009203746938602597 0.3671085608204341 0.23365724577093172
0.6541836559206172 0.26528351603324285 0.049050016558917386 0.03148281148722254
0.06828355627240412 0.44468453173001243 0.32945185722086523 0.15758005477671821
0.21046918681970261 0.5876297542338659 0.03364172286888478 0.16825933607754673
0.5571807519103658 0.0511748379157102 0.19151061567433425 0.2001337944995898
0.33077697414920015 0.270258548765431 0.3033445378937727 0.09561993919159617
0.07050729277878387 0.7046704877928939 0.1168595584837635 0.10796266094455875
0.055671486210501 0.293807616910588 0.4561388216023017 0.19438207527660933
0.43015976720627 0.05858432845898298 0.4730188211265667 0.03823708320818031
0.018111918719296516 0.053923000747156946 0.2562354764104554 0.6717296041230911
0.43642309981475647 0.3540669056102803 0.09793034929554645 0.11157964527941677
0.6663957178913262 0.09365197122800195 0.057500242853330774 0.18245206802734104
0.2977792633345766 0.6049834542487543 0.07984071525233039 0.017396567164338683
0.2643302896959785 0.19863725373632835 0.05166488692344828 0.4853675696442449
0.2544182549183249 0.3531532860861235 0.2188315052270483 0.17359695376850326
0.021504745835152494 0.6248965177031235 0.21649725554915855 0.13710148091256547
0.05095542065224701 0.14914729562574935 0.6561610614809638 0.14373622224103988
0.24086672589244185 0.3859549112992756 0.25660412646467445 0.11657423634360808
0.06666226348652071 0.431055006375473 0.39245704187043573 0.10982568826757055
0.27679522956368274 0.08523961987633522 0.06127755934472867 0.5766875912152534
0.3533686205936294 0.23255493707449604 0.39834892825622326 0.015727514075651317
0.13864853966208412 0.05969502914446212 0.22664483503713184 0.5750115961563219
0.05326616650352978 0.3026390453852634 0.3820130817323705 0.2620817063788363
0.5206823506235261 0.04056637883158176 0.23429214080643268 0.20445912973845948
0.3504784131293476 0.3086130349888655 0.3266109098101797 0.01429764207160722
0.695466417075354 0.03468359913685959 0.13831649926684775 0.13153348452093871
0.014820577314242578 0.7536836810255273 0.10995475726677617 0.12154098439345395
0.4238001245296338 0.38077464247124293 0.0647148700550989 0.13071036294402438
0.5512482071259777 0.20538623950684942 0.18648129243475886 0.056884260932414055
0.33081517550966366 0.18381708606083724 0.12691910526684536 0.35844863316265374
0.1474243070529052 0.5609150580816056 0.06206771478987039 0.22959292007561882
0.07349972420736928 0.08016665941413348 0.5008538535553186 0.3454797628231786
0.3510439552685185 0.02891700839742073 0.19080378534790443 0.42923525098615634
0.17581860605420574 0.07173147626790677 0.3313130970549073 0.4211368206229802
0.20609445559585826 0.21605830658482206 0.1264024960432295 0.4514447417760902
0.1818785064311158 0.04327116859931002 0.4344617766848997 0.34038854828467446
0.18047727139379455 0.28955786001632466 0.23073711164303645 0.29922775694684434
0.2596978147688914 0.22759269217098077 0.16582229585678987 0.34688719720333794
0.16516202768695076 0.46063907172360063 0.26724125045779135 0.10695765013165726
0.4909468438190282 0.22189318674706338 0.20688815567420826 0.08027181375970016
0.7760110565872619 0.13389260532885927 0.03618411972621627 0.05391221835766258
0.14953196195238527 0.03544497420869941 0.2806893280661247 0.5343337357727906
0.18187365724113191 0.18786756383306458 0.43774622808997043 0.19251255083583307
0.25865584135027786 0.043453031014036525 0.4184039735363928 0.2794871540992928
0.3857285336245969 0.0921729986354437 0.08021757449799971 0.44188089324195967
0.15900175982407727 0.3120841467352291 0.0024114253711453593 0.5265026680695483
0.16490742613574738 0.34395364229627445 0.28895100104254823 0.20218793052542994
0.3702514585482475 0.34182917868182394 0.18845236110181918 0.0994670016681094
0.1314285590033768 0.42886905284990706 0.19510969239131248 0.24459269575540366
0.43557954758915995 0.05409565423688523 0.10817306035051466 0.40215173782344016
0.1319641084365828 0.5924124159649955 0.2514285332117584 0.02419494238666331
0.4407480647203127 0.07224314005553889 0.2937030299343867 0.19330576528976173
0.6273491430290681 0.06394621982055126 0.2888504979295037 0.019854139220876976
0.020472286697505337 0.6643625939479765 0.07109974188985102 0.24406537746466717
0.1919872220976443 0.11211713139321033 0.31748213157732463 0.37841351493182074
0.11182607426558011 0.18626568479058114 0.6258526678687679 0.07605557307507083
0.10019570911387288 0.36125062401534547 0.01589296596753509 0.5226607009032466
0.24057074585915028 0.2806817566594264 0.4144148092303215 0.06433268825110183
0.08103631932942457 0.19726780436571412 0.4332005191403592 0.28849535716450214
0.25689849471095727 0.3961194439507143 0.12994000571249897 0.21704205562582946
0.10290825116672075 0.19002427510457498 0.3704098912704584 0.33665758245824584
0.05661556341560747 0.31779658290037516 0.04384712511607858 0.5817407285679388
0.02040479616295443 0.20789330418901275 0.16992439706181695 0.6017775025862159
0.5067139824770768 0.03704125193988217 0.023514024965569313 0.43273074061747174
0.03531920784249731 0.22757364390817647 0.7148819502400321 0.022225198009294123
0.6384527367003133 0.051837658629402816 0.11060711101357013 0.19910249365671373
0.10734526153649171 0.004064819184836921 0.0166156854132129 0.8719742338654585
0.12460725038120568 0.41523653124985027 0.3147353164231824 0.14542090194576163
0.44221010243491143 0.011581895148816801 0.33188116352755503 0.21432683888871673
0.22836612379551113 0.038842590624798334 0.4794023369921938 0.2533889485874967
0.42936767751605454 0.025401839394342374 0.06476019734808669 0.4804702857415164
0.1741991551071007 0.06426017306240073 0.24735064359848258 0.514190028232016
0.5676934446546593 0.0295530342525423 0.25530363371741616 0.14744988737538223
0.13671868079028793 0.5248800491431366 0.29009871774754725 0.04830255231902825
0.017197636920257997 0.22799199410442939 0.12969713583280662 0.625113233142506
0.18104451499898788 0.006670049315938509 0.5748876406734402 0.23739779501163338
0.02867805422043368 0.264449401109207 0.20307609700309381 0.5037964476672655
0.5211119594706985 0.3863594571441271 0.006364643099707634 0.0861639402854667
0.07356972223177194 0.043047116379796635 0.4489999054948103 0.43438325589362115
0.27688348221436343 0.04278927387187448 0.2784576676324272 0.4018695762813349
0.19080840427997614 0.10793976150200624 0.4507185713131351 0.25053326290488254
0.20394757393238117 0.13680050016868184 0.17195780166989494 0.48729412422904206
0.07591160768536154 0.8095480713447961 0.06026132751947966 0.05427899345036269
0.22318794068811876 0.2453087986674627 0.08603426118125768 0.4454689994631609
0.1512350857479694 0.3763002586813704 0.2386760832507534 0.2337885723199068
0.2624193024069543 0.05470934730116361 0.05254773386091405 0.630323616430968
0.39137754855780926 0.2568778840903192 0.28392444010724804 0.0678201272446235
0.07461013895141988 0.6301317513940543 0.164603746751097 0.1306543629034288
0.5044693850122668 0.31350217374979716 0.07869443668130616 0.10333400455662989
0.28221662025673333 0.05349653449736935 0.5498076978651626 0.11447914738073472
0.03769219710650806 0.4845747677231498 0.16115588136374148 0.3165771538066007
0.10326748938008201 0.5325558603401225 0.2202272006472411 0.1439494496325544
0.11839969383726212 0.21839303579713865 0.14978503574550073 0.5134222346200985
0.0968058850131912 0.015304525384750578 0.46762699059312585 0.42026259900893237
0.3340754802663186 0.040248416719590785 0.5326400208413291 0.09303608217276149
0.2732076172366117 0.30259463332941794 0.21797434516815528 0.2062234042658151
0.08401308224277748 0.7602683631481154 0.11839748532870487 0.03732106928040224
0.10679844928114612 0.5772851108824386 0.05222314086701929 0.263693298969396
0.03363527539495703 0.16308172154511424 0.5438147110574928 0.25946829200243593
0.01276799052788602 0.02883509835710185 0.8501930099520534 0.10820390116295875
0.8595805806442176 0.022591249623296616 0.07058718607414127 0.047240983658344504
0.2548169558198867 0.2936936762533995 0.1723839515854183 0.2791054163412955
0.27862758073609706 0.2999064460723687 0.3751611397824077 0.0463048334091265
0.31231839993913757 0.36778857247815855 0.22718946439936494 0.09270356318333894
0.23237673382679147 0.3075049809267695 0.2732043761295092 0.18691390911692984
0.13279532004715777 0.06952647361950326 0.47540481398353684 0.3222733923498021
0.12405917467691352 0.31658796059595384 0.41581222751246216 0.14354063721467047
0.04501235179655383 0.474945913155954 0.07816923535636522 0.4018724996911269
0.0898502457572925 0.5643979589279077 0.3073913397379373 0.03836045557686252
0.40538518872161855 0.19521842180312443 0.15168844087780387 0.24770794859745315
0.22033916320637126 0.31276743429251996 0.07668199942571763 0.39021140307539115
0.4929844261260311 0.11050790044079806 0.13784437866979105 0.2586632947633798
0.19346518137802104 0.163651946933548 0.17473963753488153 0.4681432341535494
0.1423755854521337 0.49006685796772487 0.32955637694965567 0.03800117963048577
0.14167210183965195 0.546979549911985 0.10831419064347025 0.20303415760489274
0.5116569827674772 0.2349945645035969 0.13386855074551451 0.11947990198341141
0.41343342207790523 0.052066038270086046 0.24529135579510863 0.2892091838569001
0.06985270163639357 0.5947990426649036 0.2777751288921009 0.05757312680660198
0.28678491756163516 0.09842019685685266 0.19257676756776687 0.4222181180137453
0.5888971090220699 0.22959179632923488 0.08037291990144857 0.10113817474724662
0.21581462519506 0.10660269776469888 0.03181654364599862 0.6457661333942425
0.023532900038317206 0.24855489542153297 0.6325914097697096 0.0953207947704402
0.10487920906373671 0.46461243589787615 0.19576795956068782 0.23474039547769932
0.07844979211199488 0.19841899796571383 0.2599121750184882 0.4632190349038031
0.04616055372208272 0.2600272064219319 0.21985917882503359 0.4739530610309518
0.19468100337066663 0.3662965565219356 0.31315197533574135 0.12587046477165642
0.12226654243009305 0.3926681037374886 0.32387056992471 0.16119478390770836
0.07880748580236607 0.2316951452713314 0.26410585302132716 0.42539151590497537
0.09333019579329027 0.39404464941764217 0.22701671503532894 0.2856084397537386
0.013476817047180845 0.8531021841995107 0.12694236409991044 0.006478634653398041
0.5833366719993064 0.20079730543258134 0.09510301047620129 0.12076301209191098
0.010009001970889941 0.3161050852572508 0.23460780456069097 0.4392781082111683
0.24943360948377946 0.160826849375867 0.5291815325400305 0.06055800860032301
0.05660729587936275 0.159372176635994 0.549647285870395 0.23437324161424822
0.25099021815352973 0.2038414717650725 0.1631058264096289 0.38206248367176887
0.11204784266579637 0.16682559222366122 0.0734841003808977 0.6476424647296447
0.42344704141721934 0.10486649588049557 0.32395037738756205 0.14773608531472304
0.39531445376605034 0.3624735526313374 0.07600279764636308 0.16620919595624917
0.02966284857906376 0.49059957395597653 0.3001124507393764 0.17962512672558328
0.7619540322134193 0.04861635696789768 0.10390241037301173 0.0855272004456713
0.08476918400370748 0.3466993653950935 0.1967306031300291 0.3718008474711699
