47 10 4 30.597015201742217 61.19403040348444
2.021396247042846 9.77034784992811 7.558611701509956 4.163210253034313 7.368446244331729 8.196441414940484 6.8100566905746325 4.731396464693497 7.354279101457083 3.219844435971777
0.4042792494085692 1.9540695699856219 1.5117223403019913 0.8326420506068626 1.4736892488663458 1.6392882829880968 1.3620113381149266 0.9462792929386994 1.4708558202914166 0.6439688871943554
0.09872595484881053 0.15726647644915182 0.3848632465124634 0.35914432218957426
0.18549413807589044 0.08542666529887954 0.6834918790237727 0.04558731760145729
0.5530257042345487 0.19423914564482248 0.10952575798499409 0.14320939213563477
0.010602052900659742 0.5020214768428874 0.024242262720905128 0.4631342075355477
0.36186287782888127 0.2945477702945648 0.08853464964651436 0.25505470223003956
0.14018226528081834 0.034454081972324135 0.3722486238082091 0.4531150289386484
0.14556744953343903 0.326320884612356 0.055763495843772826 0.47234817001043217
0.10372881071894025 0.05594594543113762 0.22663162463679776 0.6136936192131244
0.5619991771098153 0.09993476800482459 0.29217500029195864 0.04589105459340148
0.25247741468160834 0.19227318535118854 0.4354556359448907 0.11979376402231245
0.02401135414536093 0.27642508121592746 0.021771512708190555 0.6777920519305211
0.12711457105906354 0.1464333205384052 0.6436456574400459 0.0828064509624854
0.005237955698902619 0.6907182456227953 0.23927959612801797 0.06476420255028414
0.17761206559579035 0.11584775238410638 0.5903408998123494 0.11619928220775388
0.267210445760492 0.259193439812325 0.41585208707447807 0.057744027352704896
0.2586703239836272 0.10203993351776797 0.028368397650268107 0.6109213448483367
0.3052425160786135 0.2090122056868965 0.45457220125927034 0.03117307697521965
0.08472204766699598 0.48324404085190276 0.02894543741198674 0.4030884740691145
0.05902445626966857 0.1302183530263702 0.4588288692564466 0.3519283214475146
0.3771513337602156 0.40660682699103123 0.14333236178828068 0.0729094774604725
