36 50 4 117.68133824183218 235.36267648366436
7.556564724361531 6.41452791133192 9.569626006654124 2.288561029489274 8.266232168831483 4.268931368689261 2.6790113106038427 3.3323611445915247 6.667861083507543 1.2930482938503638 9.525088658595344 9.138864192563856 5.951171400596491 2.7730745887667245 3.0882954834705365 1.021293775397902 3.034499904770371 4.378089137995842 5.074693348072057 3.2147127106682754 5.141139216921088 2.893662805984956 7.037999921823656 5.065922799142123 6.334163160979067 3.943108787361089 3.0159141664147633 2.940562283792678 2.545163504221028 1.2041131783187444 6.661620698527605 5.782718229116593 3.190528326750615 5.723452872094174 2.568048898153292 4.07742177101877 9.983604841343825 3.0919320942882496 1.22875190624598 2.356596139228432 5.348660506256771 4.1838614472390825 6.757923101158258 4.774717663277958 2.683087642983115 4.1658819087753445 5.340174614527091 8.218083708760574 4.6254135842423025 4.941938461908845
1.5113129448723062 1.282905582266384 1.9139252013308248 0.45771220589785483 1.6532464337662964 0.8537862737378521 0.5358022621207685 0.6664722289183049 1.3335722167015087 0.25860965877007275 1.9050177317190689 1.8277728385127712 1.1902342801192982 0.5546149177533449 0.6176590966941073 0.20425875507958038 0.6068999809540742 0.8756178275991685 1.0149386696144114 0.6429425421336551 1.0282278433842176 0.5787325611969912 1.407599984364731 1.0131845598284246 1.2668326321958134 0.7886217574722177 0.6031828332829526 0.5881124567585356 0.5090327008442056 0.2408226356637489 1.332324139705521 1.1565436458233187 0.638105665350123 1.1446905744188347 0.5136097796306583 0.815484354203754 1.996720968268765 0.6183864188576499 0.245750381249196 0.4713192278456864 1.0697321012513543 0.8367722894478165 1.3515846202316515 0.9549435326555915 0.536617528596623 0.8331763817550689 1.0680349229054182 1.6436167417521148 0.9250827168484606 0.9883876923817689
0.20542335882258966 0.5162931498296304 0.15132505318954015 0.12695843815823982
0.20730429902698044 0.19297437882915947 0.3166725191816213 0.2830488029622388
0.16211991522666536 0.06878429166966438 0.019740391478503594 0.7493554016251667
0.6637622813622388 0.10731054686129604 0.11335745857075885 0.1155697132057063
0.3182165971684565 0.3940753480108584 0.07458792457763674 0.21312013024304832
0.269982602581617 0.6971975559661356 0.026091331905438886 0.006728509546808481
0.011134131546525206 0.11367610048437593 0.29915307280349157 0.5760366951656073
0.8346712784970781 0.11650048200844199 0.009442810889563558 0.03938542860491634
0.240029312825492 0.29497383124896936 0.4026641545996801 0.06233270132585855
0.1815335527484172 0.12732533331391516 0.32000958103827004 0.3711315328993976
0.08497961390002984 0.4242405088544037 0.09214545192397183 0.39863442532159465
0.4436152299391738 0.2896315464956055 0.06450378925570766 0.20224943430951303
0.8054823594662054 0.09030955055632162 0.041636956744566245 0.06257113323290675
0.21503144759329162 0.007707619436302715 0.190216745644192 0.5870441873262137
0.34928720571707195 0.25121859963160487 0.21622145778736246 0.18327273686396073
0.3288737143608237 0.06201659319567154 0.08737848424209149 0.5217312082014133
0.17416937094190243 0.6764824341605981 0.11860549881564575 0.03074269608185376
0.5200011065683234 0.15399877512450955 0.12024104839993266 0.20575906990723436
0.14506527197206232 0.07947679940297836 0.6877431861869205 0.08771474243803878
0.2868274052550901 0.29606928617148354 0.17441828207818988 0.2426850264952365
0.393825535659339 0.25793158269009053 0.2687723027247916 0.07947057892577891
0.35480760792580524 0.10833367667878002 0.23187527487859405 0.3049834405168207
0.14181403341004506 0.30606858710739093 0.5473356432617574 0.004781736220806576
0.5954416442735084 0.016293182034744946 0.20579931491568948 0.18246585877605714
0.2868812534858374 0.03984982547719018 0.06802499260597417 0.6052439284309983
0.018272276526084652 0.5529276278801166 0.025533274372498305 0.4032668212213004
0.08057804003379443 0.03507338378228253 0.23312176350693237 0.6512268126769907
0.5855119219601108 0.283911021239731 0.008827400079093328 0.12174965672106486
0.08785602121064096 0.024804348910280605 0.8477767326732844 0.03956289720579409
0.13056945926866803 0.03992778701019739 0.41400182988054934 0.41550092384058523
0.02512937078282218 0.4585861743256864 0.292394063535818 0.22389039135567346
0.29798075565662485 0.6210601631276563 0.030518346682993025 0.050440734532725795
0.32301370312390065 0.5957034589714707 0.020393356644960448 0.0608894812596682
0.3282337355345488 0.011067072752704465 0.10064683385907935 0.5600523578536674
0.7672743218870357 0.12716559218512957 0.06090546259287166 0.04465462333496306
0.17134702238076327 0.2409253830236372 0.42428651982664867 0.16344107476895087
0.252313500632504 0.22519939864846716 0.23882469751981938 0.28366240319920943
0.35618304607272344 0.030459464111571855 0.4401016928920405 0.17325579692366422
0.16035635581843177 0.40244326867634117 0.012436582940401841 0.4247637925648252
0.5246012772511951 0.16393777411826982 0.0683722486512921 0.24308869997924298
0.17715640786402387 0.09072463382440932 0.6122205495941754 0.11989840871739144
0.3195190812399048 0.1728932739689566 0.24130454045783545 0.26628310433330316
0.23943089251804817 0.0005584038725392482 0.616807001519609 0.1432037020898036
0.1097103733154502 0.19878333307635188 0.2693565284509578 0.4221497651572401
0.34076315053840334 0.020395814161236703 0.27084722509863013 0.36799381020172983
0.14550795364966296 0.17577866189551805 0.613983617173625 0.06472976728119395
0.1779950787016772 0.3229277126547525 0.27400350934234186 0.22507369930122845
0.047629065558118966 0.09870509598259491 0.17574186999462915 0.677923968464657
0.17966634283930683 0.14200994044064352 0.19745579115399747 0.4808679255660522
0.004442744200772508 0.12342353518273674 0.502840185404396 0.36929353521209474
0.08301267227129783 0.11342807017182699 0.48371944589726124 0.31983981165961395
0.07730388443980651 0.5903333838734873 0.2012068858311693 0.13115584585553686
0.20125526745300537 0.701597128950916 0.04428278220725668 0.05286482138882198
0.07505873780081751 0.07189251576266176 0.4852182220862238 0.36783052435029695
0.45071522718442636 0.04927729128077396 0.3690884196534925 0.1309190618813072
0.33458639377540567 0.2273112924441889 0.32834198035413575 0.10976033342626967
0.1777520084161225 0.20774234295121297 0.3861858171325617 0.22831983150010282
0.254430979522831 0.2360720980971821 0.2833014627016225 0.2261954596783644
0.3674047532916348 0.21319518078737665 0.20425543241352617 0.21514463350746238
0.14814689934151082 0.035809633642627015 0.6697521448222149 0.14629132219364727
0.2677455681933064 0.3184170688657575 0.0004027562879197477 0.41343460665301635
0.16111788293748974 0.1439978570699758 0.611066924226055 0.08381733576647943
0.07234999067650782 0.8565283947281706 0.0063153092522185705 0.06480630534310305
0.08136253944256056 0.42400381479143145 0.23550758245083658 0.2591260633151714
0.18219733244591219 0.2182916281883146 0.40210997281261074 0.19740106655316247
0.5371332063685739 0.24383960232940405 0.16461857947262526 0.054408611829396825
0.018651759739112594 0.36504654612094534 0.08846208797797905 0.527839606161963
0.34524676248163344 0.11905723526910161 0.1775770000650475 0.35811900218421744
0.2281201664037107 0.2319729729700769 0.3810450039653006 0.1588618566609118
0.4855719177235547 0.09811950437088701 0.3242370783648628 0.09207149954069549
0.10185524734338003 0.22004939674536173 0.24635669343267363 0.4317386624785846
0.20888911626634699 0.6008769155048619 0.1499190319246534 0.04031493630413774
0.6424585742709975 0.09992892071789372 0.2287764661256826 0.028836038885426185
0.030313599362268517 0.11115023999622875 0.614264433010135 0.24427172763136773
0.3947893449142662 0.2045608260118097 0.1873035109746255 0.2133463180992986
0.2423678231591775 0.025673774135719363 0.24947735567272866 0.4824810470323745
0.04943793435365995 0.5039865978111576 0.32654895746697643 0.120026510368206
0.46752693304972426 0.26914413629006073 0.03825696520926569 0.22507196545094932
0.1937875047586135 0.021647952794621728 0.08794852330796743 0.6966160191387973
0.39212380875667063 0.16254975641662017 0.03576904005407344 0.40955739477263575
0.1553056850142719 0.1714582080397944 0.3120962915830433 0.3611398153628904
0.1627328339159949 0.13987505592773564 0.6696588189551016 0.027733291201167853
0.3387696463009514 0.322592449033661 0.07385247228097358 0.264785432384414
0.281500583774537 0.5279055498600809 0.05663683193550573 0.1339570344298764
0.4424980145686638 0.33618596015375524 0.1173856495625395 0.10393037571504149
0.27488447915182457 0.5262570660444457 0.08470639322720108 0.11415206157652869
0.48086500148897304 0.031171587311954463 0.24594550807464832 0.24201790312442417
0.16206400614183758 0.042839124186831556 0.2518995326027428 0.5431973370685881
0.010517951278532833 0.47700259184239857 0.10550397241833309 0.4069754844607355
0.17232645577163463 0.05877139341392801 0.4777551597736812 0.29114699104075614
0.009010884600033298 0.3481746624746508 0.238321916739602 0.4044925361857139
0.12188562841392925 0.10998716475107728 0.6554811128817934 0.11264609395320002
0.3879103371656877 0.2706079679620661 0.02259587102145022 0.318885823850796
0.1212441886679273 0.1635193181253738 0.10493359595818597 0.6103028972485129
0.5012342738683054 0.3181847349154072 0.17711689260971863 0.0034640986065687107
0.43973586051137636 0.05516371782129048 0.15557565669801554 0.3495247649693176
0.13636525753529527 0.33479175632108926 0.49673326648536287 0.0321097196582526
0.016354097193481687 0.06784858611938371 0.0252611888661467 0.8905361278209879
0.3491754584724064 0.18220817365375863 0.16905000215279364 0.29956636572104134
0.012948819533193268 0.18022359867058668 0.740953951395754 0.06587363040046601
