16 10 4 22.05662413181385 44.11324826362771
3.0096197123818498 5.708470072606085 5.95631310923063 1.4104175511952568 4.2465595181299545 3.007728475221599 7.198535456392208 2.473582825008093 1.6329238012495029 9.469097742212524
0.6019239424763699 1.1416940145212169 1.191262621846126 0.28208351023905137 0.8493119036259908 0.6015456950443199 1.4397070912784415 0.4947165650016186 0.3265847602499006 1.8938195484425049
0.2502813067440234 0.3134000734908019 0.15895913089001457 0.27735948887516015
0.12087875153895689 0.09418339217538263 0.48154857049425537 0.3033892857914051
0.3145664246472115 0.251879904071984 0.18599858824077753 0.24755508304002694
0.05329933834424705 0.018922041030383085 0.6949690463400705 0.23280957428529936
0.2633294844455638 0.18002147756770104 0.21770837275169463 0.3389406652350405
0.13964160374829582 0.2010326682959035 0.4306201745805659 0.2287055533752348
0.19864375358510467 0.15776366347699156 0.6204453469485968 0.023147235989307013
0.420103554589757 0.19668671500525714 0.12556146647083544 0.2576482639341504
0.04775810110489587 0.38289707855679045 0.5413903462416831 0.027954474096630544
0.5669874518723802 0.10867899740901443 0.0069369008838682245 0.31739664983473714
0.07799233938998706 0.08045983413317936 0.13503508257903107 0.7065127438978025
0.4468262620796576 0.017437825960494147 0.45342291970457327 0.082312992255275
0.04321572973662613 0.4288035860053011 0.07124972812939079 0.456730956128682
0.6597158344078475 0.025308618314853204 0.10542431349308612 0.20955123378421314
0.011478933760174836 0.45651721361978626 0.2219704845466508 0.3100333680733881
0.2322154874690665 0.3457912581057746 0.2381355807140083 0.18385767371115058
0.018399946630616282 0.19702903165074526 0.056061795007319115 0.7285092267113193
0.23040538778108444 0.35384482061380207 0.12500262379997562 0.2907471678051379
0.7327818008916883 0.07725731676558989 0.14768948215417255 0.042271400188549246
0.527005167794156 0.19594008145298503 0.07236743085214858 0.20468731990071043
