72 30 4 76.93622972302717 153.87245944605434
1.9606438202977965 7.159083699508186 5.814663556519784 4.322683690749686 4.713531793537914 6.290627284226625 7.4446640946279645 2.560006348969599 1.6006806412324366 5.506109854092406 4.889324756650156 9.52008329696418 4.7463388486877545 3.227227175226006 4.637276554367602 6.708331755855227 6.253869497266358 8.038939268866347 6.551831756201629 6.649899896439457 4.328822075900204 2.515390340542273 7.707889486003484 4.5587448193049 6.94480489784547 3.8677982575118137 1.6252399305613885 1.4401216447038876 4.974817132287554 7.313013271106289
0.3921287640595593 1.4318167399016373 1.162932711303957 0.8645367381499373 0.9427063587075828 1.258125456845325 1.4889328189255928 0.5120012697939198 0.3201361282464873 1.1012219708184812 0.9778649513300313 1.9040166593928363 0.9492677697375509 0.6454454350452012 0.9274553108735205 1.3416663511710454 1.2507738994532716 1.6077878537732695 1.3103663512403259 1.3299799792878915 0.8657644151800408 0.5030780681084546 1.5415778972006968 0.91174896386098 1.388960979569094 0.7735596515023627 0.3250479861122777 0.2880243289407775 0.9949634264575108 1.4626026542212578
0.21048815365809315 0.4406049214267822 0.1372796858066787 0.21162723910844594
0.36105202004522996 0.4444587977645512 0.021752422725606624 0.1727367594646122
0.07900261017034504 0.24336812691129728 0.37000990733483075 0.30761935558352693
0.1633690796734335 0.0787477506235088 0.4907378124491758 0.2671453572538819
0.07737436102967177 0.5206440269217044 0.23778634549278488 0.16419526655583894
0.17873896318170834 0.4684646920049216 0.24646158788643913 0.10633475692693095
0.5720190542538977 0.045861656237671355 0.07948245801828258 0.3026368314901484
0.07854228003606123 0.19613661813776262 0.02175873586277388 0.7035623659634023
0.17029116698328206 0.22797574928443642 0.4259024160781564 0.17583066765412514
0.12426297385265761 0.07393873222579672 0.5407524104918845 0.2610458834296612
0.7503266830309657 0.07231081313430154 0.06868433930638995 0.10867816452834278
0.47123150209091813 0.09153296248720355 0.08568661116845533 0.351548924253423
0.5496516520334948 0.0011723441491590103 0.15685188854217835 0.2923241152751679
0.0153140450721857 0.38158254680414827 0.5918692576241422 0.01123415049952381
0.3074316992318751 0.26936818874255963 0.27206262245751667 0.15113748956804862
0.5922371046035183 0.032343225313319124 0.3306486244754895 0.04477104560767309
0.04298631597798741 0.6789757800233824 0.23961262927066906 0.03842527472796109
0.24324331981476144 0.09185100053159434 0.36465776463903166 0.30024791501461257
0.026297527388746134 0.5787644976444167 0.2996867818918745 0.09525119307496266
0.08129492827769935 0.49019564383316705 0.37621037516966094 0.05229905271947266
0.17740739209851564 0.04567755924818229 0.1775194206602586 0.5993956279930435
0.09921240387139507 0.5341653705032701 0.3348040722857589 0.03181815333957594
0.00873738501131982 0.08549892200508025 0.6135274091099902 0.2922362838736098
0.302156528085187 0.04978172484017407 0.5902740732218955 0.057787673852743415
0.06624057814095152 0.026887317855231463 0.233238173294405 0.673633930709412
0.22725268396301102 0.017550334232332543 0.4347687465352237 0.32042823526943276
0.041081623773059905 0.02172953946727396 0.3608440321054097 0.5763448046542564
0.021381054740895578 0.41011511859356564 0.28348169961152747 0.2850221270540113
0.07527333721837126 0.0663266082615922 0.7221775061898907 0.1362225483301458
0.06092386924792459 0.6624650766417959 0.1675963237960113 0.10901473031426823
0.12989120528930498 0.10744380812398191 0.6331575730504585 0.1295074135362546
0.04006867715275764 0.396424817086789 0.239681361294921 0.32382514446553234
0.09353794334944687 0.2838747907837762 0.41740857055666547 0.20517869531011146
0.04720897348359043 0.22391978088363018 0.0053591786245287265 0.7235120670082507
0.1738649261858356 0.1806346886576291 0.5396212671811753 0.10587911797535998
0.2612891707888456 0.15673062841814112 0.4763913086834556 0.10558889210955769
0.10256341122444168 0.5215261515865798 0.08299676347821139 0.29291367371076715
0.3245762975611718 0.12303920640848953 0.1191139312558589 0.4332705647744798
0.13093903601063417 0.23342913960652834 0.4698142989935009 0.16581752538933658
0.14059307241686836 0.04236744807465598 0.31184124979982764 0.505198229708648
0.6500204574133983 0.11869886773583027 0.04848706558318672 0.1827936092675847
0.1400531920450807 0.08702033740785542 0.5310739812366477 0.24185248931041614
0.47976635199067275 0.026251933356261636 0.25273041454454637 0.24125130010851925
0.1074602101678136 0.5577081362994376 0.25654196329645507 0.07828969023629373
0.21940195711597799 0.36414838976665487 0.10998113688852695 0.3064685162288402
0.30334027622373294 0.07144378217648284 0.5548514212085912 0.07036452039119301
0.7287217848843386 0.09639877835817456 0.1218536393433205 0.053025797414166354
0.30206903431155874 0.26550352553204015 0.3249339940118051 0.107493446144596
0.2816074672044575 0.1527207031448944 0.11522024940016107 0.45045158025048704
0.19699009521377686 0.24471594863819968 0.4403438766116752 0.11795007953634828
0.34994964268587314 0.5461878567821681 0.09121991327196499 0.012642587259993787
0.4975739381195823 0.24610371674002995 0.10912414940716342 0.14719819573322435
0.060398142683514955 0.06840848137534916 0.49160334334794276 0.3795900325931931
0.35172711987297134 0.2417842959782447 0.3351548703735896 0.07133371377519437
0.17490710452425184 0.627120379530675 0.12756874471736335 0.0704037712277098
0.4136458383075855 0.27687582567469327 0.13500846384270626 0.17446987217501497
0.0784947277373782 0.16106155256450938 0.6869786146764678 0.0734651050216446
0.2099742887708994 0.496070630518879 0.02104056792449749 0.2729145127857241
0.76908283930197 0.14802078518672812 0.047561224227443466 0.035335151283858446
0.6737804438161893 0.17410060170797936 0.13690450451962677 0.015214449956204579
