16 20 4 44.55846592004187 89.11693184008374
3.0096197123818498 5.708470072606085 5.95631310923063 1.4104175511952568 4.2465595181299545 3.007728475221599 7.198535456392208 2.473582825008093 1.6329238012495029 9.469097742212524 6.073132422113428 1.7019310545098836 7.503764600123558 2.426069561708498 3.2525317606962103 3.6413853049197775 7.269496427877354 5.178376792361366 2.9355592934290557 5.021436358716918
0.6019239424763699 1.1416940145212169 1.191262621846126 0.28208351023905137 0.8493119036259908 0.6015456950443199 1.4397070912784415 0.4947165650016186 0.3265847602499006 1.8938195484425049 1.2146264844226855 0.34038621090197674 1.5007529200247116 0.4852139123416996 0.650506352139242 0.7282770609839555 1.4538992855754709 1.035675358472273 0.5871118586858112 1.0042872717433835
0.12087875153895689 0.19368767310825463 0.251879904071984 0.43355367128080446
0.07222137937463013 0.6802235375853429 0.014745508754727576 0.23280957428529936
0.05329933834424705 0.3900516236690178 0.21770837275169463 0.3389406652350405
0.13964160374829582 0.123687880697268 0.5079649621792014 0.2287055533752348
0.19864375358510467 0.14203051845909465 0.6361784919664937 0.023147235989307013
0.3564074170620962 0.26038285253291793 0.12556146647083544 0.2576482639341504
0.420103554589757 0.010551625071929305 0.5413903462416831 0.027954474096630544
0.04775810110489587 0.5192293507674843 0.10867899740901443 0.32433355071860537
0.11284552220179378 0.5697578279634691 0.03871587880749072 0.2786807710272464
0.10057401461121851 0.23861138850660124 0.24373006134868402 0.4170845355334962
0.2989396309634117 0.1566252243888051 0.41479598642347193 0.12963915822431127
0.06831478431392501 0.8415263856768308 0.02937496243762272 0.060783867571621464
0.6541871683390603 0.3071650250745216 0.01618732302637027 0.022460483560047817
0.43700781123413013 0.26920943720822754 0.23046056145196603 0.0633221901056763
0.1797664014159619 0.44640932013716605 0.19585209471386456 0.1779721837330075
0.001984401045787232 0.10976500832545266 0.16989678376304262 0.7183538068657175
0.4225810508566923 0.18865754066358853 0.31908886669849834 0.06967254178122084
0.03343151432586111 0.07480973718434214 0.39882155249476736 0.4929371959950294
0.7001514539668893 0.1112499614079473 0.03554535279602289 0.15305323182914055
0.19747718556896254 0.1438209595748442 0.003306075827888555 0.6553957790283047
0.04321572973662613 0.4288035860053011 0.44566769200279777 0.082312992255275
0.543269043871318 0.11644679053652951 0.13073293180793932 0.20955123378421314
0.4679961473799611 0.21702830534273965 0.004942179203911157 0.3100333680733881
0.011478933760174836 0.5665278118146663 0.2381355807140083 0.18385767371115058
0.21542897828136154 0.016786509187704968 0.03927528581961415 0.7285092267113193
0.018399946630616282 0.21200544115046815 0.35384482061380207 0.4157497916051135
0.7092528321948621 0.10078628546241608 0.14768948215417255 0.042271400188549246
0.527005167794156 0.19594008145298503 0.009836551644547331 0.2672181991083117
0.19916263217137087 0.1947046903114611 0.4014453576164576 0.20468731990071043
0.15344568607162112 0.2538014207834566 0.33347341410660336 0.25927947903831894
0.4004229990716831 0.42793706767143525 0.13816609365955956 0.033473839597322086
0.10214265774506748 0.5038838622307458 0.16011015527548178 0.23386332474870497
0.12278570628019525 0.2339030180942946 0.2944927027971259 0.34881857282838424
0.26713663074285254 0.6416906745315565 0.02443365411299203 0.06673904061259894
0.16277253754939225 0.49278081730945533 0.25235551222678354 0.09209113291436888
0.26952228245370013 0.3186867904949193 0.308354301098384 0.10343662595299652
0.3402339528373949 0.320689053290938 0.009273357017872574 0.32980363685379455
0.09700896639589807 0.5379642885515726 0.31622746062820195 0.04879928442432735
0.550260127836184 0.06210862612182322 0.03201332164092119 0.35561792440107154
0.7733226619848896 0.07708757177058578 0.12135640126158931 0.028233364982935272
