89 30 4 71.87824199130493 143.75648398260984
5.4972488842195055 3.3034342088050317 3.3229056788971705 1.872295384952477 6.077666031057322 1.1439106611449883 2.3733570599552687 5.322229575057099 1.8988548379526777 4.75267503094745 9.222857321169268 4.156475592745339 2.0314393474415153 7.413475514519655 1.9169753777352112 4.651303954434905 6.989332951671957 2.245234339554528 8.473897803111107 2.108797202656313 6.290123990034035 1.5678863720376977 5.473924697108847 9.355551588685492 8.254277570967554 2.785521143202616 4.107551849525411 5.8126282503147575 9.8072512186213 5.527400544083389
1.099449776843901 0.6606868417610063 0.6645811357794341 0.3744590769904954 1.2155332062114643 0.22878213222899765 0.4746714119910537 1.0644459150114198 0.3797709675905355 0.9505350061894899 1.8445714642338538 0.8312951185490679 0.4062878694883031 1.482695102903931 0.3833950755470422 0.930260790886981 1.3978665903343914 0.4490468679109056 1.6947795606222216 0.42175944053126263 1.2580247980068069 0.3135772744075395 1.0947849394217695 1.8711103177370982 1.6508555141935108 0.5571042286405232 0.8215103699050822 1.1625256500629515 1.96145024372426 1.105480108816678
0.17745402485741135 0.010001428856163175 0.1599920504787451 0.6525524958076804
0.20778316796271745 0.03213410173917386 0.07759881089392939 0.6824839194041793
0.4084865596721151 0.16713049525361945 0.3650062511625919 0.05937669391167355
0.258696668736638 0.030125001738888435 0.5012870178437359 0.2098913116807377
0.056775147737257003 0.47673760192891357 0.4232870936471722 0.04320015668665722
0.5728982778247383 0.07354711290039184 0.0008776362783455838 0.35267697299652423
0.2007603924487681 0.15594692856288828 0.36453712774118385 0.2787555512471598
0.009173893122563115 0.26422044783197096 0.14827309072980177 0.5783325683156642
0.35319235178505204 0.3027727300517833 0.13522652184149908 0.2088083963216656
0.18936290021438285 0.04460030962870598 0.28993901092478747 0.4760977792321237
0.23730174120872305 0.6991166182816622 0.036335550884720735 0.027246089624894054
0.043369007091964784 0.23597634200475026 0.4007160791852509 0.3199385717180341
0.3668858494904247 0.08107349524889951 0.4577223486787463 0.09431830658192952
0.1226414959390123 0.11752450524540303 0.5647616472237771 0.19507235159180758
0.10578014620629406 0.5253741491426699 0.237177993422249 0.13166771122878707
0.3410767838237394 0.004306736264562683 0.5184883763620955 0.13612810354960236
0.2858863165160178 0.21728501518259347 0.3405118609489861 0.1563168073524026
0.03073701900332526 0.7946865816041541 0.15172687016516873 0.02284952922735195
0.3170396721091122 0.22393434820673508 0.4477912480840086 0.011234731600144099
0.03466716841380646 0.5707197446022164 0.3375210793456622 0.0570920076383149
0.14594890883581646 0.20314457747163994 0.10849430833168594 0.5424122053608577
0.11475443534853114 0.2945591230006853 0.0801270648165191 0.5105593768342644
0.012343959188117593 0.03439417834620073 0.1153423776609035 0.8379194848047782
0.1038712337841643 0.366389293332962 0.1554213474683508 0.3743181254145229
0.025376618596796963 0.22087398852400997 0.04020572064288841 0.7135436722363047
0.29957881937735964 0.4925987188323764 0.16288670358416302 0.04493575820610096
0.1262297358608172 0.1053334495886653 0.7232549721841106 0.04518184236640688
0.3252086897509737 0.06716353897374183 0.15663700089961285 0.4509907703756716
0.008113365696991837 0.04021152550646645 0.8449822740754416 0.10669283472110014
0.0548339310549103 0.06193641362294455 0.4831410786481263 0.40008857667401887
0.040313748696565344 0.0637148552068103 0.10875792341280077 0.7872134726838236
0.4154544737582109 0.13078822973051984 0.44646127555284587 0.00729602095842341
0.17379773826141431 0.1443831232932784 0.3032755813522271 0.3785435570930802
0.06561563068621978 0.457714416862672 0.05446402567077535 0.42220592678033286
0.09607891334480456 0.16375017490228816 0.3558144857625466 0.3843564259903607
0.05946706042689531 0.800604607972314 0.06241597830331924 0.07751235329747141
0.230436419739672 0.47611795382127997 0.28161375405340916 0.011831872385638875
0.3067594798192562 0.11480297146043028 0.3073904670163965 0.271047081703917
0.30498641799744397 0.36808773850019527 0.2440672669710936 0.08285857653126716
0.08750568959431348 0.6503004974293618 0.26139586532223313 0.0007979476540915798
0.6902405288571012 0.06567439226595218 0.13436934850274873 0.1097157303741979
0.07976805951033772 0.2062127459862716 0.6185302455230983 0.09548894898029237
0.2237989584398633 0.19546839982181785 0.012272124675022478 0.5684605170632964
0.2952712942668514 0.024566623662688247 0.6710157140095083 0.009146368060952037
0.42409998566184226 0.09226216738504511 0.07701293925770958 0.40662490769540305
0.37924544608583366 0.39690987212564377 0.12828264059787609 0.09556204119064649
0.30866017786735 0.504184178376379 0.16044926231738343 0.026706381438887594
0.047904267251766997 0.5697508692488858 0.03736127956529045 0.3449835839340567
0.21578972969435073 0.7061947915878747 0.00048565250529020165 0.07752982621248439
0.21920934989417395 0.42169230775677047 0.03368877049574004 0.32540957185331554
0.2362182622500132 0.2389189454447901 0.5090799395539782 0.01578285275121849
0.16264179309719995 0.056875824648523254 0.5892915990312695 0.1911907832230073
0.059875511540089854 0.5688037636035118 0.2514652023650925 0.11985552249130582
0.18257660031602574 0.31183125295469705 0.1832267603074511 0.3223653864218261
0.14218340624804238 0.38541163032250114 0.37884316107679294 0.09356180235266354
0.12058170185689254 0.29393463508598683 0.5311034781766455 0.054380184880475135
0.1693466871822702 0.20266025140718158 0.3436619728267639 0.2843310885837843
0.2229736089198977 0.296282138340487 0.3471154129387275 0.1336288398008878
0.01910377790353346 0.10235363281068577 0.4967511262219292 0.3817914630638516
0.10158607548995291 0.011940982902092445 0.06284404622876916 0.8236288953791855
