6 10 4 26.13661934846614 52.27323869693228
9.035741362924014 3.987818247710595 8.391062107520487 1.375269631527249 1.9689101194237115 6.355468577856162 5.768356259735395 4.769266857009889 4.018670643459963 6.6026748897648115
1.807148272584803 0.797563649542119 1.6782124215040972 0.2750539263054498 0.3937820238847423 1.2710937155712325 1.1536712519470789 0.9538533714019778 0.8037341286919926 1.3205349779529623
0.4381414261088741 0.07989498589039468 0.12731868389632506 0.3546449041044062
0.054474507822354634 0.7653836890994867 0.05640945828478605 0.12373234479337258
0.12482417438060978 0.5843075764005575 0.09303881164330807 0.19782943757552462
0.25561405560083506 0.1476422431340848 0.31401954771839957 0.28272415354668057
0.253634097471396 0.34537181566772057 0.338343621505788 0.06265046535509544
0.4061077960583893 0.04439148468677667 0.296011436439819 0.25348928281501504
0.3983729188112832 0.31125568735791886 0.055122377331265016 0.2352490164995329
0.18910711553486437 0.0004350748355161915 0.14526385413224296 0.6651939554973765
0.8369085929071826 0.007319827915386323 0.041035658914802764 0.11473592026262835
0.4041566546727281 0.21425385378186024 0.2075227807145953 0.17406671083081637
0.5788586002261571 0.15702350612253313 0.2543421650247262 0.009775728626583602
0.4132009348161808 0.3054363017480135 0.105122196006327 0.1762405674294787
0.5409368543025281 0.1954697895089108 0.22124065165822948 0.042352704530331575
0.2169511603235601 0.4543582716157203 0.3228980064826572 0.005792561578062405
0.35180976853970203 0.05066274049707098 0.31485963651874005 0.28266785444448694
0.3738084341003529 0.3502621333113354 0.26530928086831407 0.01062015171999764
0.08245855331170848 0.20140083024598887 0.48702158275018237 0.22911903369212028
0.33110407412108767 0.14014689061422736 0.2634840789783359 0.26526495628634905
0.1808246260859393 0.43419940823643677 0.36152898608530193 0.023446979592322004
0.47610887327334417 0.20712095721429746 0.0586538570613675 0.25811631245099087
