10 40 4 109.514161124929 219.02832224985804
7.941885789400714 1.1867675442346135 6.702834114336479 7.7392349428475065 5.4865631107233135 3.023169809777629 2.782565782836616 7.8447764097906285 2.521997529062819 1.7950583275660925 7.1682383653101756 9.58054011575443 1.03553439695123 5.60973037047199 8.313588654869022 6.512734601464493 7.495797856886196 3.6268846135356982 9.259967102616491 7.431182050579215 5.882899312101351 2.2795304284137425 4.360066840463222 7.067202535597108 4.976498569806965 4.906125939999644 6.559902806223855 5.6182441829895176 6.853574637383205 6.4093505806409 8.247008771494718 5.694824371542707 9.177839927278015 3.8731248008969077 1.8141341434381664 3.70630050972583 2.025859256771948 8.458131936769089 1.4220668745032479 6.636584334802533
1.5883771578801427 0.2373535088469227 1.3405668228672958 1.5478469885695012 1.0973126221446627 0.6046339619555259 0.5565131565673231 1.5689552819581256 0.5043995058125639 0.3590116655132185 1.433647673062035 1.9161080231508858 0.20710687939024602 1.121946074094398 1.6627177309738044 1.3025469202928988 1.4991595713772392 0.7253769227071396 1.8519934205232982 1.486236410115843 1.1765798624202701 0.4559060856827485 0.8720133680926445 1.4134405071194216 0.9952997139613929 0.9812251879999287 1.311980561244771 1.1236488365979036 1.370714927476641 1.28187011612818 1.6494017542989436 1.1389648743085414 1.835567985455603 0.7746249601793815 0.3628268286876333 0.741260101945166 0.40517185135438955 1.6916263873538178 0.28441337490064955 1.3273168669605067
0.1989475396788123 0.15270509975327562 0.19593351648715562 0.45241384408075647
0.2959617068796787 0.02954993095257008 0.06701760611433849 0.6074707560534127
0.3841144486921996 0.4369912091447289 0.1665198170649438 0.012374525098127753
0.5345579488018151 0.06281369942906923 0.22875119561185553 0.17387715615726018
0.03928176722538734 0.04033132293057684 0.2511062218261678 0.669280688017868
0.039959208689977266 0.27496766315271104 0.03142027823734472 0.653652849919967
0.6055775643937568 0.27251907833110156 0.0018185317930576872 0.12008482548208399
0.30087130894070724 0.002191251710327524 0.2947740873119389 0.40216335203702636
0.06425106069482445 0.4108811867202261 0.08244594124759363 0.4424218113373558
0.3182728054789512 0.021435038158912456 0.6373728822848181 0.022919274077318197
0.06809727353795003 0.5100391563445175 0.2038126887366809 0.2180508813808516
0.29972987242456284 0.050926518858570136 0.23536558877004288 0.41397801994682415
0.05047767015399762 0.05758610262545494 0.565403152505268 0.3265330747152795
0.10687958439356915 0.11188976478596757 0.667057746988169 0.11417290383229428
0.14762019228529766 0.3221651011551968 0.1752868330277474 0.35492787353175814
0.2267733432700092 0.021839164532760247 0.6736202791007768 0.07776721309645374
0.014860024633228108 0.5518898999417718 0.006278979458185896 0.42697109596681415
0.14853345135645857 0.41302390891991037 0.0226384682543066 0.41580417146932447
0.4396052377745905 0.06737339148945687 0.18691143707836433 0.3061099336575883
0.09010673472443853 0.10799392249183037 0.3670256967415356 0.43487364604219547
0.030684840372946276 0.2652189218478911 0.44896031472923037 0.25513592304993227
0.3851135995654865 0.3976012186794846 0.055546502458721725 0.16173867929630714
0.6031629758620348 0.01257390017153448 0.13472773445392172 0.24953538951250898
0.1748138948221194 0.2837003114151536 0.025506684049552808 0.5159791097131742
0.11672951094696327 0.33996802437320894 0.39206653649105994 0.15123592818876785
0.07708540441603862 0.01757363632761444 0.4791171907075491 0.42622376854879784
0.35121350299640874 0.30451323971818944 0.15758934095620591 0.1866839163291959
0.38403076811573245 0.009388344320782949 0.4359828073907205 0.17059808017276412
0.2131865653786481 0.2944143426763113 0.4583453434528557 0.0340537484921849
0.025263945431817092 0.1593628925824484 0.6809257802130176 0.13444738177271687
0.2574754234045431 0.20037408856986738 0.35204215342576817 0.19010833459982135
0.02443264498316411 0.2498621740322321 0.08147752380826712 0.6442276571763367
0.37764191857408025 0.1814445978291781 0.2855323447405922 0.15538113885614946
0.3002106115940131 0.21099803469145229 0.28206458674214874 0.2067267669723859
0.18486754999091237 0.3844038497103761 0.4196455744949127 0.01108302580379883
0.6147017129801696 0.18807422336807678 0.018440539850013926 0.17878352380173967
0.26340316495675753 0.011391966636011164 0.6637190656165688 0.061485802790662514
0.046739227161395 0.41198500202846866 0.22185014525458102 0.3194256255555553
0.8586490154684265 0.07226682037932497 0.032984686990531364 0.03609947716171713
0.11396030875469221 0.5240747725899345 0.12852504522628005 0.23343987342909323
0.7546476915298572 0.06463930414021146 0.03756330678766451 0.1431496975422668
0.0934603745586503 0.07155552316049818 0.7189205818420378 0.11606352043881374
0.15115201964256386 0.3051525274522202 0.4879561651440171 0.05573928776119885
0.25137413420705934 0.3388272287783636 0.31263039734620446 0.09716823966837262
0.30545991834281827 0.051721840291718 0.4166485375760596 0.22616970378940415
0.04309735620499444 0.3863948222266439 0.20699896463590628 0.3635088569324554
0.41750914383926696 0.09595748356902145 0.24977395973539263 0.23675941285631896
0.025399782050106068 0.2166760933534213 0.0201397857284229 0.7377843388680497
0.2927979762895091 0.27270904359865844 0.4133121258694751 0.021180854242357383
0.4407738249006665 0.0542748059817878 0.024748354992925825 0.48020301412461985
0.46453080777933253 0.25407200260291773 0.1353309401182361 0.14606624949951363
0.037094413234407875 0.4752397400391414 0.050856531219195755 0.436809315507255
0.1591937333780935 0.019709075192996917 0.15891307849358904 0.6621841129353205
0.3653649712141158 0.3792382695614448 0.007892929443042207 0.24750382978139718
0.048628006263405577 0.13540681582974567 0.4142208491859579 0.40174432872089083
0.3814115349046321 0.16099698132337215 0.38294835663977256 0.07464312713222321
0.5334708849890026 0.25828611128762136 0.18614226712538096 0.022100736597995052
0.4284507389678964 0.2803990874010588 0.16848541519597948 0.1226647584350653
0.10461974452285316 0.06158240318168051 0.6528337164316789 0.18096413586378746
0.4361182553388343 0.1532294563417731 0.21072103901353778 0.19993124930585482
0.03755767594167769 0.41554732425955576 0.1041904060351635 0.44270459376360305
0.1680727975326186 0.430978999928874 0.24945738443322196 0.15149081810528542
0.021165191172154985 0.1548769421115389 0.6050184840065882 0.2189393827097179
0.0146348751032499 0.4984878326289952 0.3312630868071025 0.1556142054606524
0.3386791329893397 0.07821927406003804 0.32577617025005634 0.2573254227005659
0.20595025836897252 0.08788129683479551 0.42199931754754616 0.2841691272486858
0.09344037694376706 0.6914263413331798 0.01870162946627274 0.1964316522567804
0.2573028872050038 0.4790798166335596 0.12809648996338985 0.13552080619804674
0.31700156230578813 0.32732505273562884 0.25138233366214113 0.1042910512964419
0.049195157773728626 0.019838183843525425 0.24125036532286492 0.689716293059881
0.13021178947959489 0.27325805100107114 0.5101118910900085 0.08641826842932543
0.7091059640719906 0.0852030977545436 0.0625219808012184 0.14316895737224744
0.12250998143741987 0.3062373476916228 0.10940018801091578 0.46185248286004155
0.3964418788784505 0.015834198474950156 0.4794864925822936 0.10823743006430575
0.060050205550819635 0.16873212765114565 0.6114649828864253 0.15975268391160946
0.28825313879221637 0.07977354204324305 0.2595351718701695 0.3724381472943711
0.12233592111500502 0.478715970017505 0.10624441820892727 0.2927036906585627
0.19325373228646103 0.7593902044841628 0.022168562626045274 0.02518750060333086
0.1467688142787268 0.45216763479394806 0.22896672667589635 0.1720968242514288
0.009221101669878884 0.31192092979508057 0.05088687070887499 0.6279710978261656
