95 80 4 219.24061805474994 438.48123610949995
3.0592313880121105 2.7161921676176464 8.977237038841588 7.470333060304658 5.79685045090728 8.82515890003703 7.518139087594129 5.338782920252481 7.804694771098569 9.772659950921577 5.575303906453015 9.626422173810196 5.448370249197567 5.6545060030486685 4.09656079540088 9.727752088728776 3.304796237490883 4.629476982276042 8.465415612677678 4.469384319947924 3.0853801470066333 5.787744451170186 3.823896212616735 1.4520636592646972 3.727472880675391 8.19935085390238 3.375830611292119 2.9230339132735255 4.956725248462924 9.899566651309241 4.1461558701941215 9.15349710297832 4.3027097590192644 4.190459772098612 5.082450410973723 1.0468201033210356 6.262096075601606 1.5846589903185748 2.293382373719675 3.818366551711045 9.27825107724907 3.5123171989767035 3.1408196997225204 5.291981014259912 6.722477049302277 8.667925766615344 4.503520080940839 8.219776788526689 3.8185555509872535 1.9608717799672735 6.351564998586051 1.4042133018186358 9.678792760965692 7.243876759464337 9.10819179336982 1.161319161325209 6.494811386204373 1.436072176995216 9.97118252864881 1.9462114357943212 5.457250502980751 9.72495133616423 9.629110498007268 5.132123077962177 2.9645197936545706 9.294505382127543 6.02480215316224 4.020416128864495 3.0356800257078977 5.809188267276384 6.896476094612768 8.174403773193223 7.467253493527449 1.375369247353478 2.56985961170984 9.774429753744963 3.226877490062819 1.4679487854317372 2.6565228755346935 6.477885765172428
0.611846277602422 0.5432384335235293 1.7954474077683176 1.4940666120609316 1.1593700901814559 1.765031780007406 1.5036278175188258 1.0677565840504961 1.5609389542197136 1.9545319901843154 1.115060781290603 1.9252844347620393 1.0896740498395134 1.1309012006097336 0.819312159080176 1.9455504177457552 0.6609592474981766 0.9258953964552085 1.6930831225355356 0.8938768639895848 0.6170760294013267 1.1575488902340372 0.764779242523347 0.2904127318529394 0.7454945761350782 1.6398701707804761 0.6751661222584238 0.5846067826547051 0.9913450496925847 1.9799133302618483 0.8292311740388243 1.8306994205956642 0.8605419518038528 0.8380919544197225 1.0164900821947447 0.20936402066420712 1.2524192151203213 0.31693179806371496 0.458676474743935 0.763673310342209 1.855650215449814 0.7024634397953406 0.628163939944504 1.0583962028519824 1.3444954098604556 1.7335851533230688 0.9007040161881678 1.6439553577053378 0.7637111101974507 0.3921743559934547 1.2703129997172102 0.2808426603637272 1.9357585521931384 1.4487753518928674 1.821638358673964 0.2322638322650418 1.2989622772408747 0.28721443539904323 1.9942365057297622 0.3892422871588642 1.0914501005961503 1.9449902672328458 1.9258220996014537 1.0264246155924355 0.5929039587309142 1.8589010764255085 1.2049604306324482 0.804083225772899 0.6071360051415795 1.1618376534552768 1.3792952189225536 1.6348807546386446 1.4934506987054896 0.2750738494706956 0.513971922341968 1.9548859507489926 0.6453754980125639 0.29358975708634744 0.5313045751069387 1.2955771530344857
0.09810806115318271 0.08222557804454456 0.33856077937395945 0.4811055814283133
0.2507690558698984 0.014189409560490862 0.4891064107637817 0.24593512380582905
0.290284109271307 0.6298257599376862 0.0027106459643655434 0.07717948482664128
0.011538489533946206 0.542505064294804 0.28091750015292904 0.1650389460183207
0.010093130878351952 0.3690330562855957 0.6179663467177673 0.0029074661182850736
0.029533365719005555 0.0797062460033039 0.31691141294960945 0.5738489753280811
0.42161350515625806 0.2701573699290287 0.02952623855579195 0.27870288635892126
0.0385072076944305 0.8408217698570375 0.05929317307379067 0.06137784937474133
0.12146288112684911 0.1418888824615958 0.32681420852421716 0.4098340278873379
0.1613167842834341 0.16550614813689313 0.07351890635410496 0.5996581612255678
0.5775296275188749 0.1396074688869915 0.19423485570277932 0.08862804789135426
0.08359765833507837 0.05988826189465313 0.42541439058658925 0.43109968918367925
0.563453271638906 0.07155805534768833 0.33145937729312147 0.03352929572028418
0.596804493668609 0.013202975349133506 0.17993368155305078 0.21005884942920672
0.5293872408844282 0.04382247613569723 0.11040305375116966 0.3163872292287049
0.048440419617492236 0.4557454355861267 0.01560850452406004 0.48020564027232104
0.5295701534593964 0.10500700805849639 0.3508517127210039 0.01457112576110331
0.2268047288126248 0.3393938859908845 0.39753872816140023 0.03626265703509046
0.2835817543381016 0.2916441933790316 0.4038500248882819 0.020924027394584876
0.5094580988501242 0.12116216243872069 0.23500456854817553 0.13437517016297962
0.024775437672616807 0.1318990420677082 0.7631891100983736 0.08013641016130135
0.13211419681449954 0.68229882546476 0.11304640566986945 0.07254057205087105
0.10254229307613993 0.42383568286304996 0.2961927875079289 0.17742923655288123
0.3361456131426668 0.09618604486879023 0.09595670653262778 0.4717116354559152
0.06677749260395094 0.38097399650401087 0.12137832733457987 0.4308701835574583
0.021072737057061808 0.13535897113530682 0.23107542000259118 0.6124928718050402
0.16588719588473555 0.24811764003328152 0.05852567698792144 0.5274694870940615
0.2734876767509584 0.03825512865840708 0.3792958392520297 0.3089613553386048
0.21974242260403565 0.1488537348688843 0.35777378251783043 0.2736300600092496
0.0511490289014197 0.1760006464070758 0.31211619541413815 0.46073412927736634
0.05810189768680252 0.05191953328068344 0.36411917403587757 0.5258593949966365
0.2041920697681836 0.11886895913536433 0.5871411693540447 0.08979780174240737
0.06790242257922652 0.659417547202159 0.1102222724126869 0.16245775780592764
0.06621107537047133 0.4452245822259465 0.12798626985565809 0.36057807254792407
0.26230524933844 0.30380940341610463 0.0622227471123471 0.37166260013310826
0.2957600863202309 0.03672716998533976 0.5409494891925047 0.12656325450192463
0.3873154912883985 0.08262846574896776 0.31665142759068665 0.2134046153719471
0.24301366092264387 0.25937884754868235 0.21393325335635482 0.28367423817231896
0.3950929049148574 0.22530689586197594 0.31260539320610536 0.06699480601706131
0.46443921522584386 0.10157672841384946 0.1815314962729183 0.25245256008738837
0.40972212720222345 0.37330674441966094 0.09379785027572163 0.12317327810239398
0.014107375749460194 0.5061346922098805 0.1353073150301557 0.3444506170105036
0.0417578774919134 0.39935247968795407 0.5582059907291783 0.0006836520909542232
0.4277896127341939 0.27551165457739757 0.012543344947522073 0.28415538774088644
0.1389033943726654 0.6288267765773191 0.21154089366541118 0.020728935384604297
0.23365877202739838 0.11277585366558274 0.03458480587564661 0.6189805684313723
0.4422336160845044 0.27430878556957317 0.20139323313168744 0.08206436521423499
0.1441696175186068 0.506165956758187 0.06408329927999257 0.28558112644321365
0.2298332196508065 0.6462234508557838 0.04860117895898286 0.07534215053442683
0.13747773943767505 0.5525713464617222 0.3009382472350782 0.009012666865524488
0.4481586804251434 0.35074658477410325 0.08648345143605607 0.11461128336469728
0.08164237358042303 0.05760840478265683 0.09053325864568318 0.770215962991237
0.42903804091342357 0.1650366695912555 0.17204546290759715 0.23387982658772377
0.13723504441577916 0.3905349269220977 0.08607784966644283 0.38615217899568033
0.03255866131760954 0.023928786153556536 0.8650563352017704 0.07845621732706354
0.08426934804089103 0.7008925886638351 0.030127021205507476 0.1847110420897664
0.14553298919227187 0.4205495711187329 0.21903436020239353 0.21488307948660168
0.23629614372013708 0.1268174118420281 0.05314218736043552 0.5837442570773993
0.17581412462562973 0.29022069309293885 0.31918647783969334 0.21477870444173808
0.16883862173318187 0.14541515750809797 0.27842767419789816 0.407318546560822
0.2035725696626377 0.5066276438876788 0.02595559560923455 0.26384419084044897
0.04715242068686343 0.8398178284727249 0.10253066594977 0.010499084890641663
0.08844373977083897 0.21054425259273613 0.34615288287846935 0.35485912475795556
0.7301886644113833 0.03136253920980536 0.010672407946230589 0.22777638843258075
0.04250019931635296 0.7189766740302402 0.09437254994696342 0.14415057670644338
0.5654053892764489 0.066448857039198 0.23686002928925687 0.13128572439509623
0.26019938342745796 0.46129720719252854 0.2756006876780228 0.002902721701990685
0.13182474343404993 0.3012187455597576 0.28023582377054124 0.28672068723565125
0.4229398761053731 0.017085297972478597 0.09103813067720068 0.46893669524494763
0.1419534587427721 0.12927103572073495 0.5557682029985704 0.1730073025379225
0.20975519730897263 0.2085768551715229 0.09047368988942384 0.4911942576300806
0.17712534854673068 0.4842969926082479 0.23303358367552385 0.1055440751694976
0.13410733557768773 0.2901436224220808 0.39014450791747324 0.18560453408275823
0.11179546879367663 0.08595911172442416 0.31981706760341877 0.48242835187848043
0.06311436122523717 0.7415251025094973 0.18973398761212046 0.005626548653145047
0.38009546471997024 0.3830537536327596 0.1600902991138411 0.07676048253342904
0.23286326119242384 0.0017514289650644166 0.48592871147413563 0.2794565983683761
0.31646845315827044 0.30354515122646464 0.2114952599333062 0.16849113568195873
0.08623529448930023 0.36457879016433625 0.14970876305442693 0.3994771522919366
0.2743886861113447 0.1369318777225692 0.5653607415563509 0.023318694609735235
0.15769924327052898 0.39283252086029086 0.04096331751682003 0.40850491835236014
0.19647258321760375 0.24715714235689634 0.42166911036861265 0.13470116405688726
0.8640352844460016 0.004413415619507255 0.028102610230762548 0.10344868970372856
0.22329036837454208 0.4580693869913359 0.09342557538900031 0.22521466924512168
0.2173005078351231 0.3612644262947672 0.27390776466859956 0.14752730120151014
0.02408995439310324 0.4666461122928641 0.35851733795536334 0.1507465953586693
0.2634825876559638 0.13678889020862017 0.4096702412759441 0.19005828085947196
0.30732587048174564 0.5963306158012149 0.01247937947378841 0.08386413424325101
0.02765927668979329 0.31048772195154495 0.480227399422981 0.18162560193568078
0.019193518284117972 0.7673653978853202 0.10326463097845695 0.11017645285210487
0.005191492912608564 0.13920266987778374 0.3675635366526382 0.4880423005569695
0.0122399119085842 0.025566955413879988 0.2870329345730924 0.6751601981044434
0.16222922892836866 0.21737721793927767 0.35008015512531643 0.27031339800703724
0.2463770386800216 0.22230475756427293 0.10821199230491152 0.42310621145079397
0.080009663221562 0.5489959421076006 0.34673981532345377 0.02425457934738362
0.577159906464867 0.1104705949865924 0.10549113110489572 0.20687836744364485
0.09547122439637534 0.04585348689054236 0.8372948369196801 0.0213804517934022
0.00969107481901621 0.021559373565095075 0.7279485179484783 0.24080103366741046
0.20141685474590054 0.09089285889884746 0.31689137945482326 0.39079890690042873
0.010078132167912757 0.1159162546960344 0.689704089461657 0.1843015236743959
0.2098975925095432 0.10186311109541957 0.3835003654162298 0.30473893097880744
0.11886045016137092 0.6828219727526778 0.09224167685738915 0.10607590022856217
0.25941851256143755 0.24708866442308863 0.2211077922518725 0.2723850307636013
0.36032993306173533 0.34907785413205816 0.041928917922509634 0.24866329488369687
0.25219574766121844 0.12491737865399222 0.6002737032517789 0.022613170433010477
0.005915259815927554 0.11027847055683926 0.5832171412877648 0.3005891283394684
0.4665184072604135 0.024648094020447764 0.1645432502483718 0.34429024847076695
0.02002211977566548 0.5219332213765521 0.3413900283374546 0.11665463051032787
0.1826887746286866 0.20334539877058055 0.09173322803280115 0.5222325985679317
0.23262765543823916 0.014895503017840706 0.33984372543035946 0.4126331161135607
0.23129590150792934 0.2188300232581658 0.30489516216196033 0.24497891307194453
0.044009210235708585 0.1901739289822525 0.19070932013638586 0.5751075406456531
0.49438206783850125 0.41803534204016024 0.07164252580776231 0.015940064313576197
0.6291067657985921 0.3093427417259166 0.02398360969566604 0.03756688277982523
0.0990222834427057 0.24956726844938049 0.485862901159415 0.16554754694849882
0.4503225949240389 0.19808419741674532 0.3087122077065654 0.04288099995265038
0.16492679952344058 0.076191975281379 0.652372844334919 0.10650838086026138
0.21461493774277773 0.6729328540409616 0.0956865507667155 0.016765657449545168
0.10006305545236982 0.4113760257439507 0.36654766977283926 0.12201324903084021
0.13737476197969523 0.7341744331213035 0.05227311224345954 0.07617769265554175
0.11999339966942346 0.13876419724197142 0.13616075190193078 0.6050816511866743
0.16873718014326855 0.32820754554877996 0.22736321449623453 0.27569205981171696
0.16367353062797307 0.09377070503316709 0.1471540882379896 0.5954016761008702
0.19205330982685886 0.3246095168550015 0.12152765360612594 0.3618095197120137
0.059266476316123584 0.5157845107338228 0.010306462670418237 0.41464255027963537
0.4177742026603136 0.2850564569580648 0.14591029235927433 0.15125904802234724
0.3575247967065305 0.03971133369790103 0.47928597866527145 0.12347789093029704
0.15534435075689434 0.1767241927266212 0.25980403240220806 0.4081274241142764
0.3729856552730868 0.4249455232190835 0.10552423703661395 0.09654458447121572
0.49499364137267454 0.16496812415161144 0.20959036195076508 0.13044787252494894
0.022777735467913063 0.24959046857335854 0.03522748484867644 0.692404311110052
0.4327768471874188 0.18944987972267258 0.12635210621404735 0.25142116687586125
0.10656211329699894 0.06462368922728023 0.2955394212570628 0.533274776218658
0.47608133750360204 0.22864890619176392 0.1582198134141235 0.13704994289051053
0.14293947584316136 0.0735070899039072 0.3701899370709866 0.41336349718194487
0.1866991848611943 0.03782337315598017 0.4599821596288025 0.315495282354023
0.5551898393755 0.32912445871442453 0.04310889626699488 0.07257680564308056
0.2052239350869195 0.629844162558809 0.11648081390498821 0.04845108844928325
0.15548543442297713 0.3467723084287879 0.2135199892767926 0.28422226787144234
0.17111341049921214 0.12164832242153334 0.41655971275058645 0.29067855432866807
0.019275923686142837 0.07080379542088122 0.4370110679336796 0.47290921295929633
0.23843232843394258 0.4568643655257647 0.2519185074520003 0.052784798588292436
0.05844493380146987 0.29822413638615575 0.43257346334877034 0.21075746646360405
0.08200543106841585 0.21736292995050122 0.1516105074127203 0.5490211315683626
0.32581990292829466 0.26290304887428717 0.33402139802672814 0.07725565017069003
0.14494055314287846 0.225445207682766 0.599619192065358 0.029995047108997586
0.1238809516122088 0.4295799244602688 0.2301070329196101 0.21643209100791228
0.4988447935039282 0.07241495054434799 0.10891360473649048 0.31982665121523335
0.00738296376040104 0.2175725339369331 0.40058676722216313 0.37445773508050273
0.17023793101423312 0.043335134639552075 0.15064783372290946 0.6357791006233053
0.5398839499767429 0.26936882278391094 0.010487598074071514 0.1802596291652746
0.22155968378183233 0.08729736913486941 0.41506277239450884 0.2760801746887894
0.035649351211958225 0.4925052066318112 0.18412357201278762 0.28772187014344297
0.19392799802121363 0.3243902945205758 0.19406506294713988 0.2876166445110707
0.3594012023757678 0.18538776017850167 0.026674522439150805 0.42853651500657974
0.02385867618706672 0.47148487942626227 0.0016096194142772857 0.5030468249723937
0.5638221952272239 0.029561532418103442 0.3634481638656323 0.0431681084890404
0.011478823138525218 0.21632077412211437 0.27696870508202454 0.4952316976573359
0.3589708630906093 0.3406163505115727 0.25916995778211327 0.04124282861570472
0.2641692202559969 0.09540761387042995 0.17785251440922178 0.4625706514643514
