29 50 4 153.69619562003493 307.39239124006986
8.773839870130747 3.564153687048641 1.6593074927536242 7.869134838972565 5.074471518394702 5.88067186607897 7.539722045447566 8.6401459685334 7.91379980028084 7.598293509880157 3.177877822334966 7.482778232992649 1.5253957523054906 4.687020335420058 6.496050464718941 3.303233871056995 3.571047347916987 7.16017372129106 8.568277618497032 8.282380780907392 1.0005714617916515 9.312490852497572 8.262686468310868 9.604111608588099 5.362560909184589 6.963166032152694 7.604259918310112 5.195009142856425 8.249033787580945 4.941887759790994 2.161357932791591 6.779355150186597 5.307793327466548 6.923086948413928 1.750176381582229 6.973508244658538 5.418460765686838 7.797830873718581 4.850857004996303 3.9682954168389326 5.29930016166407 9.275831856860966 3.7678369485635876 9.864273686941608 2.023670830866517 9.734636666185038 8.860254957842834 9.52535834170708 3.129127118040956 8.717824139030288
1.7547679740261493 0.7128307374097282 0.33186149855072483 1.573826967794513 1.0148943036789404 1.176134373215794 1.507944409089513 1.7280291937066798 1.582759960056168 1.5196587019760313 0.6355755644669931 1.4965556465985297 0.3050791504610981 0.9374040670840117 1.2992100929437882 0.6606467742113991 0.7142094695833974 1.432034744258212 1.7136555236994062 1.6564761561814785 0.20011429235833028 1.8624981704995143 1.6525372936621736 1.9208223217176197 1.0725121818369179 1.392633206430539 1.5208519836620225 1.039001828571285 1.649806757516189 0.9883775519581988 0.43227158655831815 1.3558710300373193 1.0615586654933096 1.3846173896827856 0.3500352763164458 1.3947016489317074 1.0836921531373676 1.5595661747437162 0.9701714009992607 0.7936590833677866 1.059860032332814 1.8551663713721933 0.7535673897127175 1.9728547373883216 0.4047341661733034 1.9469273332370076 1.7720509915685667 1.905071668341416 0.6258254236081913 1.7435648278060576
0.2960260657626256 0.5075049185973273 0.07483174610592946 0.12163726953411769
0.12385949297344134 0.23576232191567303 0.3838669647183117 0.2565112203925739
0.5031866872071831 0.050180994957029545 0.4225937847045268 0.024038533131260587
0.17442064952655978 0.33027967153182813 0.276975498822831 0.21832418011878107
0.004839738263887616 0.26437971979387975 0.15526710725117 0.5755134346910626
0.47338404446396454 0.33564207734343654 0.08275796580452177 0.10821591238807715
0.36734918081640466 0.029425764066315918 0.47218275795333775 0.13104229716394167
0.37484161205273614 0.2917051096691804 0.17801329809445987 0.1554399801836236
0.08180587340534173 0.6732642761642387 0.2440402472807358 0.000889603149683782
0.5011660922664252 0.07761171584685689 0.34132279952975797 0.07989939235695998
0.03061151866749723 0.10976653598579089 0.06666558181384152 0.7929563635328704
0.4669673620042837 0.1889793656340143 0.2579651444231311 0.0860881279385709
0.369697829461213 0.165027090835839 0.11742913552256229 0.3478459441803857
0.42692202999785844 0.14937455198826932 0.31467164928149705 0.10903176873237519
0.3833817422841894 0.08179425234365978 0.38502210117563995 0.14980190419651085
0.08841171639002099 0.17921953605633412 0.3077790800084039 0.42458966754524097
0.07532144234047145 0.608355614535133 0.20152010128700437 0.1148028418373912
0.059740840488262115 0.24969145440438567 0.6269095519763311 0.06365815313102108
0.6322914942476411 0.0993639362297124 0.25356127920863136 0.014783290314015152
0.047331256096581065 0.01436357111883102 0.7493275688973691 0.18897760388721885
0.0019273820582688117 0.6573745537819584 0.30078663006665673 0.03991143409311604
0.1964405760112775 0.6819191338938716 0.06460180938331828 0.05703848071153261
0.14168044809136637 0.7124775449197461 0.1262563706981189 0.019585636290768593
0.3201180062498874 0.06288921253581392 0.5952228022019541 0.021769979012344565
0.08865528585488813 0.09275358163808833 0.14809510216639477 0.6704960303406288
0.28166440289802697 0.024822538396343075 0.1355968604385358 0.5579161982670942
0.06961973783101116 0.41412214031450745 0.3651260366838045 0.1511320851706769
0.25263460623549294 0.12767111359642402 0.5717449513613513 0.04794932880673175
0.03932849561960006 0.7177078633706332 0.1183826832250312 0.12458095778473555
0.025169186962536783 0.04645435470975379 0.07467422073525987 0.8537022375924496
0.05078495663403104 0.1707038325416187 0.573526515230356 0.20498469559399424
0.42188200572689005 0.10154307379543859 0.40248477604334043 0.07409014443433093
0.303424230971743 0.22759803707674275 0.27216435384912785 0.19681337810238642
0.2966883029193095 0.21409752223401413 0.28507009637509984 0.20414407847157656
0.558325482013854 0.02702263422017892 0.27587309197036414 0.13877879179560293
0.21537231073749563 0.0795955077425845 0.036388572681678055 0.6686436088382418
0.2923053528381826 0.02444255856095745 0.21740787178900456 0.4658442168118554
0.1780340128209369 0.5831281160616022 0.15340151064819052 0.08543636046927039
0.23598479698193375 0.2262230098357606 0.367465434018038 0.17032675916426765
0.003015360806069789 0.6281896880846742 0.20952845435429568 0.1592664967549603
0.19391523217795403 0.02702865049850367 0.36081814329617334 0.41823797402736895
0.5700831751096505 0.06021181684481769 0.032883851083711835 0.33682115696182
0.043255507164520535 0.10410974653443006 0.16606483278905382 0.6865699135119956
0.3557310673199163 0.04685145095470544 0.01380356264849325 0.583613919076885
0.5236779337995585 0.05881399863493775 0.12413273263218605 0.2933753349333177
0.23019828978857493 0.10591972674075478 0.2936326195078057 0.37024936396286456
0.23698437588467236 0.299167547471174 0.22175177211239983 0.2420963045317538
0.46801107886002 0.16281466694021807 0.3531011534133597 0.016073100786402228
0.19750542579395525 0.06935054935141627 0.13093868156525568 0.6022053432893728
0.35530728292344405 0.10723002190145414 0.005973412374041032 0.5314892828010608
0.037903610520085174 0.12510117577072133 0.40408839642863403 0.43290681728055946
0.3999161855654614 0.25368279211083833 0.30793165782510745 0.03846936449859284
0.03711694924275055 0.3544399683067829 0.084311780157181 0.5241313022932855
0.3706417682856574 0.01346408219714379 0.35775993131385364 0.25813421820334514
0.003200372093831838 0.25999391295621377 0.3768516815569334 0.359954033393021
0.37465165094778097 0.12258229122189312 0.043040415610540395 0.4597256422197855
0.1410864084572968 0.5218482414991477 0.3123785029127736 0.024686847130781953
0.03329565526928435 0.13452465676234782 0.1108952004375795 0.7212844875307883
0.5535734102967413 0.09726112904822304 0.08267980004648634 0.2664856606085493
0.47704741875864487 0.003833591500470912 0.2763476846320134 0.2427713051088708
0.37679080733121795 0.20088116674695067 0.2946370727646538 0.1276909531571776
0.6508538048914047 0.0458357795808626 0.007481473047064147 0.2958289424806686
0.06812662607244035 0.42232894743840443 0.24356264575983866 0.26598178072931655
0.16284856027560313 0.10534110930738749 0.38281491869483486 0.3489954117221745
0.03960732545122547 0.5513823906549329 0.04200625914560341 0.36700402474823823
0.3269552096521894 0.31185504205844894 0.055497080022865686 0.305692668266496
0.6902609161508061 0.036672165337485074 0.161052093439635 0.11201482507207383
0.03193046680152323 0.0329511780916627 0.6693378463622274 0.2657805087445867
0.08794176721491376 0.23258811770426846 0.021444072720370855 0.6580260423604469
0.1621344970774884 0.10283413175084477 0.0614141159847148 0.673617255186952
0.17426054994843232 0.044630991677312104 0.4492955039812807 0.33181295439297487
0.7275999024662128 0.08877802703124382 0.017780912158147366 0.16584115834439606
0.08978561396615037 0.024131218736365923 0.7027177537691764 0.18336541352830726
0.05835935991634067 0.1908722983372909 0.0032933278184745785 0.7474750139278938
0.07495117195429002 0.19284526213606235 0.24689163338919573 0.4853119325204519
0.5925779466411613 0.3675986178266828 0.027186452715852405 0.012636982816303544
0.4154894697483774 0.0378570977838929 0.08955592232635379 0.4570975101413759
0.10220086578584053 0.33276909793240994 0.3667931325611403 0.1982369037206092
0.1364713714209982 0.4612095788086009 0.1610345095865896 0.2412845401838113
0.6151967414701255 0.09447603864911769 0.012386455429830634 0.2779407644509262
0.07989100576663999 0.43090859786238556 0.374980531243709 0.11421986512726545
0.3137196804036543 0.07469746031275926 0.597667683387547 0.013915175896039411
0.03775702914269574 0.16677295328382857 0.3738330042301856 0.42163701334329007
0.06509748261434112 0.18515692201810996 0.36798206165060954 0.3817635337169394
0.7663586189822729 0.029446024462356335 0.0901213944033723 0.1140739621519985
0.15489020825540645 0.22963280157494703 0.4989010382046639 0.1165759519649826
0.19842442640740787 0.15429551842061728 0.07704010861676247 0.5702399465552124
0.24052655230998476 0.31417894304239846 0.245901278971682 0.19939322567593476
0.005331337794207469 0.19831301820714486 0.6787657056045248 0.1175899383941229
0.2465268401227818 0.05236870472630617 0.6130036370806233 0.08810081807028869
0.4811968732287565 0.209618876637931 0.13652314601231352 0.172661104120999
0.15445808861211807 0.49962333119826374 0.18681190587069307 0.1591066743189251
0.07291052209191629 0.464270174208949 0.0657766429614921 0.3970426607376426
0.14356750031170606 0.43392993270944547 0.29800456838293643 0.12449799859591204
0.22639639269120604 0.09344213448338834 0.6098436744238752 0.07031779840153041
0.025006243232147618 0.12945599592700308 0.42924133381847396 0.41629642702237535
0.4666673180701303 0.30511444679058564 0.18195609211346764 0.04626214302581644
0.05651633692913116 0.1369913474477783 0.5983812946129171 0.20811102101017342
0.15237012558718555 0.12251406745856375 0.35540898317622505 0.36970682377802566
0.2549870417489256 0.13623731424745766 0.16797186509226392 0.4408037789113528
