63 40 4 111.9544222653466 223.90884453069322
5.985469202505278 4.566231043348301 1.4331409532206902 5.731053049835674 2.377347236307013 5.500091448947385 3.304781017445328 5.887838420825595 5.934395075666245 3.032098424709843 1.8032167985742558 5.066826627134538 7.960460596276131 7.139031848248497 8.759271930191854 5.084604967186923 6.124959653745853 1.047449284762255 8.870717967444769 6.200914112479511 9.507061736478468 9.02608189499293 7.136916487656036 9.01315824084015 2.741154005895508 8.22303531750521 1.2106941115426657 9.283960581194181 7.021939314462561 7.679339228261873 9.692987380152529 4.598442966835718 3.831794405201358 5.419872210551693 3.6607142404928146 5.872932140430616 3.6378334282610307 3.1227598127561733 7.296359538281815 4.121907830043984
1.1970938405010556 0.9132462086696602 0.286628190644138 1.146210609967135 0.4754694472614026 1.100018289789477 0.6609562034890656 1.177567684165119 1.1868790151332491 0.6064196849419685 0.3606433597148512 1.0133653254269075 1.5920921192552262 1.4278063696496994 1.7518543860383708 1.0169209934373846 1.2249919307491706 0.20948985695245098 1.7741435934889538 1.2401828224959022 1.9014123472956936 1.8052163789985858 1.427383297531207 1.80263164816803 0.5482308011791016 1.6446070635010421 0.24213882230853315 1.8567921162388363 1.4043878628925122 1.5358678456523747 1.9385974760305058 0.9196885933671435 0.7663588810402716 1.0839744421103386 0.7321428480985629 1.1745864280861231 0.7275666856522062 0.6245519625512347 1.4592719076563632 0.8243815660087968
0.11023417417608061 0.15163306419521083 0.19699674147022628 0.5411360201584823
0.5581118670093825 0.35203928118626715 0.07630163018302716 0.013547221621323158
0.40519864457010535 0.26567714069577675 0.2968961765699102 0.03222803816420772
0.9124389664039806 0.00537728259976189 0.03518456367779399 0.04699918731846353
0.5515358133156282 0.3847544116753726 0.04506543641769123 0.018644338591307985
0.4872058009313527 0.11547022779995642 0.3666194803234246 0.030704490945266283
0.16080569616840745 0.1823752378642769 0.5337241272694233 0.12309493869789234
0.15392172555529515 0.328893000734509 0.25530703915843145 0.2618782345517644
0.5507747745731078 0.1380113311867237 0.22897554260745068 0.08223835163271787
0.12542122434175307 0.32111641105946065 0.511677258866263 0.04178510573252325
0.1281718623191922 0.26876836052860875 0.008959909602082483 0.5940998675501166
0.3119102614035103 0.3557827538810646 0.023925415214193224 0.30838156950123186
0.14881209990661093 0.18119876348223407 0.23211180540240595 0.43787733120874905
0.654005143330462 0.020097201749688542 0.3053640633098791 0.02053359160997037
0.5102933091519994 0.11463229964559862 0.024115602412711157 0.3509587887896908
0.08589182170647036 0.13918455927421536 0.704387804426125 0.07053581459318925
0.09382234503158726 0.16711656510061101 0.615308011767815 0.1237530780999867
0.2894932889713533 0.26013436781307164 0.3069206321034982 0.14345171111207689
0.1646921784744524 0.48331000823594084 0.11409624281534425 0.23790157047426252
0.0761475461744674 0.008983961642737626 0.06418091429612038 0.8506875778866746
0.026578721191264365 0.32282580013158746 0.32884761580285005 0.32174786287429813
0.12799393321322916 0.082047959628619 0.3468342139760845 0.44312389318206735
0.39809909780134733 0.29580888242424763 0.02200263736688557 0.28408938240751946
0.342876284939309 0.3260277251850462 0.020673270372690844 0.31042271950295397
0.13337320043053236 0.22442902329815106 0.593017592953551 0.049180183317765525
0.025856249217368732 0.3320180966697538 0.28274415541980824 0.35938149869306923
0.14739786431636126 0.016039551955409515 0.3546926700332642 0.481869913694965
0.086952214896727 0.18437744248499677 0.38282774658397667 0.34584259603429957
0.23855393010578585 0.18812491105137308 0.2422367631689717 0.3310843956738694
0.09071171938033062 0.05052827228113965 0.23242583333836042 0.6263341750001693
0.752769231858096 0.08791598617352492 0.1321162107694951 0.027198571198884025
0.5460417262478179 0.003932630317874719 0.26979655388223855 0.18022908955206884
0.14973843761232075 0.10814973767222147 0.543311532196885 0.19880029251857279
0.18336482824126743 0.06047510460127237 0.5954462110767608 0.16071385608069944
0.01394034131267341 0.8064707514949573 0.08877281423239203 0.09081609295997728
0.28352292701779 0.32394476943374495 0.1460321008420441 0.24650020270642092
0.1344965894188137 0.2962698900861478 0.06773987037352447 0.501493650121514
0.013322760542641032 0.14894634201507717 0.8002263801391162 0.03750451730316562
0.14061972455523142 0.04870844491606785 0.5576424196770087 0.25302941085169206
0.13083146724199413 0.24331171966600218 0.16056794222914939 0.4652888708628543
0.40166246040897957 0.19695498743653428 0.0037914522494008063 0.39759109990508534
0.18107984952091305 0.5061845309046796 0.2545614343767686 0.05817418519763873
0.05473041729110828 0.4831669309255153 0.06678497542958839 0.395317676353788
0.0025798305263317056 0.8211641810018145 0.02333858016999124 0.1529174083018625
0.25002634098670573 0.307915759183068 0.1789867333419849 0.26307116648824136
0.6005086086737598 0.0063463295946484255 0.01305510476619598 0.3800899569653958
0.18562775810391152 0.5545220783694412 0.05973649746059295 0.2001136660660543
0.019201335402125763 0.084426884191383 0.5050427782912917 0.3913290021151995
0.020468516786217972 0.07449375138495162 0.22025860347641335 0.684779128352417
0.0625368175255695 0.3643433812990532 0.1247328751436313 0.448386926031746
0.23391572794400706 0.0047112964943157865 0.5154935759531101 0.24587939960856708
0.4091380468857855 0.09315818189005509 0.4229068610023683 0.07479691022179114
0.37577170299566 0.33700130092087266 0.11479043608311734 0.17243656000035001
0.08650182292070141 0.7103076093600303 0.18292677676764324 0.020263790951625005
0.35114942167279584 0.5163424712796572 0.006138581891923067 0.12636952515562394
0.12998945288880792 0.1690978434131899 0.3432622453551961 0.35765045834280607
0.05492180165587002 0.2607452843991087 0.34461596743933276 0.3397169465056885
0.28978730710089773 0.010101568217882773 0.6065578729256581 0.0935532517555614
0.3049462774960804 0.3091659956351499 0.2399226380755316 0.1459650887932381
0.075708051339623 0.40487301315426316 0.1107496105511504 0.40866932495496344
0.30872011247025155 0.08738129939417916 0.005863206889986428 0.5980353812455829
0.011905032020026574 0.023926845943250563 0.5219104499074969 0.44225767212922595
0.6176698438177192 0.006109261503545738 0.250101913155686 0.12611898152304912
0.18800805799339482 0.27572964588017246 0.22239350984503048 0.31386878628140225
0.1426261488874676 0.10657715303249271 0.3008830372968251 0.4499136607832146
0.6045975418016165 0.011078278928228547 0.36015478355589214 0.024169395714262798
0.19336911262702916 0.4503165563359849 0.22342950420753305 0.1328848268294529
0.1231851780583667 0.3963185363012536 0.14087131797906172 0.339624967661318
0.39993218136955055 0.13792484538637817 0.2098986687537654 0.2522443044903059
0.666003523634194 0.031007975320819336 0.27641000468035604 0.02657849636463061
0.2687543235867541 0.21204717044464605 0.39232042219445484 0.126878083774145
0.20813630913851522 0.2391112262484344 0.4975179969698408 0.055234467643209606
0.13431197814670182 0.5748286642943153 0.10950127843975721 0.18135807911922563
0.3686430258086003 0.30228881412556896 0.3282176104173469 0.000850549648483856
0.3831607931904645 0.13350632119728234 0.17412823279832013 0.30920465281393306
0.0003814587284065585 0.5862005480206357 0.0923791441257108 0.32103884912524694
0.2294264142940836 0.5243188631909517 0.06326558439002394 0.18298913812494078
0.4312387042705169 0.301679611491507 0.09945004313987627 0.1676316410980998
0.48435706960866887 0.25268356457708485 0.18308019485402194 0.07987917096022434
0.40704428923589253 0.1752250746939008 0.2011791792803843 0.21655145678982235
