34 100 4 279.87324097906446 559.7464819581289
1.3470551279326868 8.020904144722074 1.8343337980071999 6.6960341783602955 1.1250176348819683 9.42542682476431 4.839169435619801 3.2777780568231716 2.7096877566430293 4.733421696430943 1.1207854876546226 6.836255063408714 8.824318713541308 6.481321331029479 8.271935369934809 8.438601973773997 3.445150003644713 8.528287968049987 3.542872239359573 2.244777423669865 7.43248246508607 5.252829467901756 6.009296327851245 4.470180159336774 9.470319940511006 1.7307160793451661 9.255407358214166 2.4124098278633563 4.997327379010177 2.9089543882374733 2.5722384284684003 5.633182465239477 9.036077842256583 9.313129606531374 8.523806970459088 5.4969156349376345 8.388675193596008 9.409493445322356 8.153306863338385 5.154265919649688 4.174208251472475 1.9773318290421504 9.86298879698416 2.3595244528944037 3.5057091649798275 7.292165900027012 6.82932464192034 3.0118288975410863 8.216636818548213 5.609010795253806 1.7079614089139152 1.3074378491560488 6.095361764637497 2.347062039118036 3.1710971910258925 1.301371544199685 6.903319924590374 8.689852309018208 2.797784135580593 8.263472389799809 1.6790183924593514 6.724309479300701 8.477588730284454 3.6236938444210356 5.2812563625887226 2.5662193391961132 9.57671348509076 1.3698635628322402 8.662631299877088 8.55461949770395 9.651160741520783 1.8192099783469677 9.669789421686133 2.0090534686041948 1.4001100956446855 7.703038422433099 8.78845319270972 9.42220572775452 6.669342414761879 3.9824562266694032 5.236479978862354 8.219163678745355 9.485236374723652 2.474433293912307 6.568137999515703 1.2099405799562946 1.708607197731143 8.740997792733001 9.742521318475498 9.028782759280006 6.49936920099592 3.0147660976775645 5.489768824818398 9.742193731420745 2.688455771130308 8.044663296487679 6.522424206897472 6.275481567623173 5.139840340315443 3.4968841668288086
0.26941102558653734 1.6041808289444148 0.36686675960144 1.339206835672059 0.22500352697639364 1.885085364952862 0.9678338871239601 0.6555556113646344 0.5419375513286059 0.9466843392861886 0.22415709753092453 1.3672510126817428 1.7648637427082616 1.2962642662058959 1.6543870739869617 1.6877203947547994 0.6890300007289426 1.7056575936099976 0.7085744478719146 0.448955484733973 1.486496493017214 1.0505658935803512 1.201859265570249 0.8940360318673548 1.8940639881022012 0.34614321586903324 1.8510814716428332 0.48248196557267126 0.9994654758020355 0.5817908776474947 0.51444768569368 1.1266364930478954 1.8072155684513167 1.8626259213062748 1.7047613940918176 1.099383126987527 1.6777350387192016 1.8818986890644713 1.6306613726676769 1.0308531839299375 0.834841650294495 0.3954663658084301 1.972597759396832 0.47190489057888074 0.7011418329959656 1.4584331800054025 1.365864928384068 0.6023657795082172 1.6433273637096426 1.1218021590507612 0.34159228178278306 0.26148756983120974 1.2190723529274994 0.4694124078236072 0.6342194382051785 0.26027430883993696 1.3806639849180748 1.7379704618036418 0.5595568271161186 1.6526944779599617 0.33580367849187026 1.3448618958601402 1.6955177460568909 0.7247387688842071 1.0562512725177444 0.5132438678392226 1.915342697018152 0.27397271256644806 1.7325262599754176 1.71092389954079 1.9302321483041567 0.36384199566939357 1.9339578843372265 0.40181069372083894 0.2800220191289371 1.5406076844866199 1.7576906385419442 1.884441145550904 1.333868482952376 0.7964912453338806 1.0472959957724708 1.643832735749071 1.8970472749447302 0.49488665878246135 1.3136275999031406 0.2419881159912589 0.3417214395462286 1.7481995585466001 1.9485042636950998 1.805756551856001 1.299873840199184 0.602953219535513 1.0979537649636797 1.948438746284149 0.5376911542260616 1.6089326592975357 1.3044848413794943 1.2550963135246347 1.0279680680630885 0.6993768333657617
0.3947117479468081 0.24584826536745896 0.1809220141340928 0.17851797255164015
0.4996838475920746 0.30708296735122176 0.07720732090309801 0.1160258641536056
0.6522170219600668 0.2835017074234385 0.014133561741255352 0.05014770887523934
0.02931153622697158 0.04159696381740707 0.600067472720931 0.3290240272346904
0.003800510587876671 0.07063719053044204 0.03884027395945189 0.8867220249222294
0.003203447693671424 0.17628609180906896 0.02649691634256135 0.7940135441546983
0.15897315924185362 0.06385876039750782 0.6943044714112975 0.08286360894934108
0.0322273737454305 0.7309847113143236 0.007167661547340498 0.22962025339290537
0.8125685241159782 0.021616744730459825 0.13648026653426237 0.02933446461929956
0.18184572958442757 0.4445852465801696 0.18053447973958114 0.19303454409582166
0.00617466870848371 0.025649629066730295 0.6277418680903742 0.34043383413441175
0.15518897388839448 0.4078876508072099 0.3999185862019754 0.03700478910242022
0.5121737836783461 0.03914768400215851 0.43622641459828515 0.012452117721210243
0.01808134963530883 0.10594385916575944 0.598878778989776 0.2770960122091557
0.4161588611119398 0.08187805854015018 0.2540472538930516 0.24791582645485843
0.053906162491266896 0.0005667899356590622 0.6482059500927093 0.2973210974803647
0.07852470636135489 0.05022296368600965 0.5534766297859866 0.3177757001666489
0.7847657521437078 0.01221554054654106 0.13273171588761679 0.07028699142213435
0.3438191317111131 0.18034698622435652 0.26514941936007397 0.2106844627044564
0.005724287738359868 0.2986936663039693 0.02226977880797887 0.673312267149692
0.009478572747183889 0.5107624035754554 0.063252051011638 0.4165069726657227
0.4057062928234827 0.04380763137391086 0.15680565844589944 0.393680417356707
0.881615598014145 0.004820070498965268 0.008566838822703593 0.10499749266418612
0.4484770354823613 0.17929870689200056 0.3592583627518684 0.012965894873769757
0.5190200140622309 0.009674877223256995 0.00674625869906742 0.4645588500154447
0.5957275457453248 0.024009775201927708 0.27903121083785487 0.1012314682148926
0.034221270940008486 0.1426651743565791 0.28781934903148176 0.5352942056719306
0.1452951926442062 0.1261686151929604 0.43703255300644883 0.29150363915638455
0.3190907842184776 0.13313264142762216 0.4832081911471928 0.06456838320670744
0.34577004012972856 0.1096986746454176 0.25327494404590534 0.2912563411789485
0.6907170634136706 0.033731726691300534 0.0733524154335341 0.2021987944614948
0.03696902055067797 0.08793442532079965 0.6103187142631123 0.26477783986541004
0.3503011048318755 0.39552382985008705 0.24609386275225165 0.008081202565785817
0.07104192029807643 0.5289870681414088 0.38582778438987153 0.014143227170643202
0.3715244065298715 0.016868015485584253 0.2740001622324352 0.33760741575210906
0.22843835624865583 0.2560412601250617 0.3247949135536765 0.19072547007260598
0.4941183673961601 0.059213648963080234 0.41257847242326606 0.034089511217493595
0.2862372852031515 0.13372169590241778 0.5399471662747518 0.040093852619678905
0.21133339647532368 0.39508220859976817 0.13879755459229126 0.2547868403326169
0.030993766885217378 0.4154814466813449 0.13358562841799604 0.4199391580154417
0.00013994831612929026 0.3301281302273791 0.04148066291010255 0.6282512585463891
0.16714560338633966 0.14374774824666225 0.5964718526180566 0.09263479574894151
0.429954460883039 0.07142961228730471 0.06923995931445048 0.4293759675152058
0.2149087426362748 0.035224694663308465 0.03982849783564091 0.7100380648647758
0.019632681581813083 0.7184611980372064 0.11487049066746124 0.14703562971351924
0.04153114106866096 0.3391710247820561 0.1393805556753096 0.47991727847397336
0.32576503549875946 0.4732788697992961 0.007901567498215134 0.1930545272037293
0.07216362634321805 0.18263710614011242 0.3636546445793557 0.38154462293731384
0.09801288150821119 0.062364050303797214 0.294569256366627 0.5450538118213646
0.050120546352533824 0.22617029369954567 0.0751244332070331 0.6485847267408874
0.3226761668706205 0.0680275597430986 0.10095686373123114 0.5083394096550498
0.7184842982762257 0.07664408980394222 0.0314141320121587 0.17345747990767335
0.008224856257509905 0.1769669555268346 0.6180788345865544 0.19672935362910104
0.02180214522779167 0.3944454805073072 0.22422426085976221 0.3595281134051389
0.10219178961565256 0.2430173601526079 0.41970424745317414 0.2350866027785654
0.025063056416832374 0.1727474526915428 0.4739824615850635 0.3282070293065613
0.4223944414424877 0.2951980212124198 0.14866837283259637 0.13373916451249612
0.36130701358051764 0.008584970716413731 0.4427468839081603 0.18736113179490832
0.25477029227443404 0.6414697472984097 0.08385766786548954 0.019902292561666757
0.010706653766978769 0.35959383681304125 0.2265340303631983 0.4031654790567817
0.43763098243563325 0.3048907595738094 0.04438173979842319 0.21309651819213415
0.3928359989073622 0.06561910082783107 0.39673888511642796 0.14480601514837876
0.1317978936177786 0.0671603344795747 0.06433184956533378 0.7367099223373129
0.26314553333906343 0.06489169489211222 0.5045700938344122 0.16739267793441215
0.2612371513823716 0.08400058779442088 0.2711830541162542 0.38357920670695334
0.10786260728572239 0.17920551764095383 0.16175631779488986 0.5511755572784339
0.1913455270158686 0.19353097489824456 0.05974781447880051 0.5553756836070863
0.3749658889079054 0.01692796356424575 0.478015256254521 0.13009089127332785
0.4506336329176496 0.11502526364395527 0.3043188783472335 0.13002222509116168
0.1587168796626537 0.006101950513752286 0.5497756829650347 0.2854054868585594
0.09180104877413064 0.36599469947897756 0.15332568083604015 0.38887857091085165
0.040309422999301736 0.1457838667614224 0.08819093040931336 0.7257157798299625
0.10363807048823337 0.15347911880119525 0.40735758488258755 0.33552522582798383
0.21226496315294763 0.4266388301852697 0.01227425169227292 0.34882195496950974
0.11822125222849489 0.16349141192286287 0.3812142780364126 0.3370730578122296
0.18277201631374207 0.6744696000352387 0.020603230616835888 0.12215515303418334
0.16598071449343965 0.12663246968580266 0.5426703519615533 0.16471646385920435
0.038663598149388245 0.004149674539323911 0.6761825997308755 0.2810041275804124
0.06749010112299536 0.3725559184084448 0.16012607545281 0.39982790501574983
0.5914796464654233 0.26343827154646904 0.10274617806354547 0.04233590392456221
0.41473715287794666 0.06166569535561717 0.34196597784952165 0.18163117391691452
0.13702908359109178 0.2095594560462699 0.1959946918869684 0.4574167684756699
0.2595288544205674 0.2879258784740233 0.12181948879464166 0.33072577831076766
0.030749912660604117 0.081934790291734 0.1371639170308333 0.7501513800168286
0.32581664625405204 0.2349283544920292 0.06351071528212249 0.37574428397179627
0.09831613331399847 0.28748496542824 0.22666670506356745 0.3875321961941941
0.22380452374751691 0.4451459864767634 0.21866881269506877 0.11238067708065091
0.3219382538362562 0.4417262340813194 0.02314772548764421 0.21318778659478022
0.047396680021230986 0.0778478917553268 0.7798992133962946 0.09485621482714757
0.029996265539792177 0.09370438737738018 0.4772136847744093 0.39908566230841835
0.28650592476422343 0.03343536512161993 0.06897462762483464 0.611084082489322
0.10567437807553237 0.067997551381615 0.6324628861513515 0.19386518439150113
0.23684023223746942 0.1842095526273818 0.2533815638607565 0.3255686512743923
0.34677351076005936 0.13955197531527108 0.2096733554287713 0.30400115849589826
0.16740309930452235 0.04351493870024925 0.054407326544935186 0.7346746354502932
0.5369561170039617 0.23731945931292642 0.11331255527296102 0.11241186841015083
0.19867122793895853 0.14220883385051108 0.12295030468042756 0.5361696335301028
0.20890306072916787 0.4023866628823415 0.14089927009804726 0.2478110062904434
0.12320734330078631 0.20352883690605805 0.5453812105883353 0.1278826092048203
0.3947988777499233 0.03300568806149984 0.2917346445166351 0.28046078967194177
0.06943247738154967 0.8336483845539072 0.026367400953303255 0.07055173711123985
0.4812377121951973 0.28384708099434086 0.23044288044204686 0.004472326368414992
0.32911780849335426 0.08466601382262862 0.035046975703477146 0.55116920198054
0.3221383662920666 0.2449145293859657 0.391022653875018 0.0419244504469497
0.07479813294833837 0.09417295940992243 0.3003794887247473 0.5306494189169919
0.11784538948342194 0.015886228118891177 0.12642979663094456 0.7398385857667423
0.012567880001711607 0.0008306052791211549 0.718770907623816 0.2678306070953512
0.04993875561160255 0.7960492984910331 0.12909140930421825 0.02492053659314608
0.2720576438280079 0.17594345477850482 0.5473659667318701 0.004632934661617183
0.42576086440405525 0.008165504405882595 0.22961380278429988 0.3364598284057623
0.05842152550785085 0.19737918618680006 0.2223276284034864 0.5218716599018627
0.09137330240516361 0.11521318644528644 0.7111576161681855 0.08225589498136443
0.18536802341362713 0.03607431671221262 0.17102420604008173 0.6075334538340785
0.23721397409804568 0.11519085976284626 0.23756254380255393 0.41003262233655413
0.10555361703549826 0.2073468780915242 0.14659288180629615 0.5405066230666814
0.8041658993063664 0.017061347673277827 0.045346314254069875 0.1334264387662859
0.3679460226180754 0.08369897765207346 0.027293653738035606 0.5210613459918155
0.3352793151808562 0.4271823479454935 0.20277829176515605 0.034760045108494286
0.0025219942724545863 0.14078710756458612 0.8059663512182708 0.05072454694468853
0.6418475217049544 0.2869963963221588 0.05923442808676138 0.011921653886125427
0.5533834704746731 0.06666887245919251 0.016939614265669145 0.3630080428004653
0.7085078182030093 0.11279715025855375 0.1317172366454301 0.0469777948930068
0.09206179766825073 0.26892096338832017 0.5074648034131377 0.1315524355302914
0.5433251144754384 0.3641021705599389 0.055240174207810466 0.03733254075681225
0.4612682841512896 0.15459120248825786 0.22840596344107333 0.15573454991937918
0.08784908842872263 0.6311810331664409 0.2467379952201879 0.03423188318464854
0.15242447583082286 0.33488372501945163 0.3822768117301343 0.13041498741959123
0.12285058412376038 0.222887022698381 0.22449458008588008 0.42976781309197853
0.19056665137409756 0.02744745251875802 0.16217190919199131 0.6198139869151531
0.14360933286689526 0.15496784677921727 0.3148485537260197 0.38657426662786776
0.42117362156068716 0.2569230233954398 0.07026983280035637 0.25163352224351665
0.10512605308704281 0.5081051409625366 0.3369029053578737 0.04986590059254692
0.1787014166267511 0.05516104315258208 0.6059404662162593 0.16019707400440752
0.263030533698723 0.255817864098133 0.18444214563895356 0.29670945656419045
0.8677003622561745 0.011364455011888208 0.10068982117265657 0.020245361559280695
0.4811398451500001 0.3781582715960152 0.0330179560877788 0.1076839271662059
0.03381709201803851 0.09847982807480105 0.04660122887113782 0.8211018510360226
0.1928006901411744 0.30449118684547327 0.15376485677003005 0.3489432662433223
0.04126891954339551 0.34349736748944426 0.42954529665272545 0.18568841631443478
0.07691423842612488 0.6085158295572775 0.18913697044240163 0.12543296157419603
0.4497318710080741 0.022466384538705864 0.2418120031047415 0.28598974134847854
0.004398123570619972 0.3185468853401586 0.41396452388038185 0.26309046720883955
0.1941544220399254 0.25605264276646855 0.21093949852419147 0.3388534366694146
0.692901563674496 0.14053516385929188 0.0474605390197953 0.11910273344641686
0.17830550571093373 0.42530922030279705 0.3133304591306002 0.08305481485566901
0.3377075637457517 0.07617270013388433 0.09644289609879675 0.4896768400215672
0.7560394313617969 0.1295458637898026 0.10171389806187936 0.01270080678652119
0.3379271733599588 0.29479565176698386 0.012250111523276153 0.3550270633497812
0.06000366673419433 0.6173929141504615 0.12308935558596457 0.19951406352937961
0.1069285073254832 0.6483003974751438 0.2068154491022569 0.0379556460971161
0.016272848738308587 0.74225410980201 0.05007622499172537 0.19139681646795603
0.09696485122070542 0.7892672554111109 0.06615098572553202 0.047616907642651696
0.2793297162991252 0.10670590778471656 0.3621237753651607 0.25184060055099755
0.47507498183925057 0.1061606059581377 0.04148857050121635 0.3772758417013954
0.04948966955140377 0.5286619739662369 0.09011315548867616 0.33173520099368314
0.46545842354253764 0.45108952477789854 0.024632340641236095 0.05881971103832773
0.7568076159596994 0.00673151498892921 0.22937456538801626 0.007086303663355165
0.18557572944735135 0.30323574511155016 0.49429395853921654 0.016894566901881958
0.1983122644794575 0.2367124108615526 0.09230833948892514 0.4726669851700648
0.42232841923075004 0.21615437847844066 0.3606013417063071 0.000915860584502215
0.22235860973620103 0.3498867225397162 0.41082751191832356 0.01692715580575921
0.1790441687825527 0.341477336954774 0.03331711885499822 0.4461613754076751
0.17588669551671865 0.49845467439653723 0.17822046154941495 0.14743816853732916
0.25580251622103023 0.18495857415553985 0.37144628481137965 0.18779262481205028
0.3249413145082606 0.31202128472213175 0.0002807731502322275 0.36275662761937544
0.04562494808865514 0.0426514004663322 0.8637137196952916 0.04800993174972101
0.1654734043794952 0.05694388030735931 0.1940985457753608 0.5834841695377847
0.719418445187286 0.2015658646880908 0.07009976043585431 0.008915929688768864
0.31568884445138257 0.04657900013393956 0.19023001123046324 0.44750214418421463
0.11646719763548452 0.1545770995325506 0.6639088841979464 0.06504681863401851
0.10406968107118597 0.03776340555097257 0.42708337019801035 0.4310835431798311
0.3334159941082364 0.08650342433648628 0.4243490270622957 0.1557315544929816
0.33538022744444607 0.23600069170922078 0.27659231639893656 0.1520267644473966
0.005601455780720577 0.09195690101019194 0.8896065433568201 0.012835099852267384
0.04653411951569386 0.17904799732838894 0.26270248905672333 0.5117153940991939
0.3471754764923892 0.31157673427537225 0.20105822404864648 0.14018956518359205
0.13156772718265097 0.2829600327284789 0.24437530855502543 0.3410969315338447
0.04244171401201968 0.6605999844054392 0.13011858326983905 0.16683971831270206
0.08255791223222742 0.4182481459318479 0.3616454852599382 0.13754845657598647
0.665567001383861 0.1706946850064084 0.04139470538782797 0.1223436082219026
0.11824484905460575 0.4642910013118393 0.17844615861514668 0.23901799101840826
0.7878710603912918 0.15671769654302647 0.0417560149482088 0.013655228117472884
0.6914330909584907 0.15388549519031436 0.11058644954867913 0.044094964302515804
0.3738569130616759 0.12275771962355375 0.05375433538039287 0.4496310319343775
0.2201613997859151 0.5805017202254159 0.016091124836203563 0.18324575515246544
0.1408533797526358 0.24927521335616853 0.039370342247731616 0.5705010646434641
0.2519524850208055 0.021469088351154575 0.05415610965015072 0.6724223169778892
0.7525430807973364 0.02164282529832917 0.06845081459279989 0.1573632793115345
0.4661308683427353 0.008151785635867492 0.0454997524142452 0.480217593607152
0.043672554065512736 0.7126443344766736 0.027629597266453754 0.21605351419135987
0.625316448140649 0.1876745428647838 0.18033781881670063 0.006671190177866548
0.14999018168063893 0.5838043846334207 0.004354071603916321 0.2618513620820241
0.10975700876773642 0.1334803789780078 0.5796184568450623 0.17714415540919348
0.1525800142601338 0.054680830631133936 0.18969243188280327 0.603046723225929
0.07319398315689496 0.2789664549285288 0.008946415549567766 0.6388931463650085
0.07428570513738264 0.0911059424131202 0.13137794407514802 0.7032304083743491
0.5665072386321062 0.3085098226683334 0.04041620720575789 0.08456673149380256
0.2306263399498264 0.43643154250931315 0.13816687865891708 0.19477523888194337
0.1609678643987973 0.5394917662296888 0.24592491762419655 0.05361545174731741
0.2995253606852163 0.04399012508520861 0.03357832072828926 0.6229061935012858
