52 50 4 141.00370369596672 282.0074073919335
8.407993066388126 1.235061834128806 2.8969357593816456 6.565795924146492 1.8845601880320926 6.58118178889173 1.485011976385994 9.645886520238147 9.823864367935661 5.690148852441014 6.72898010351993 7.882812534423249 7.884597651551373 4.7591702160375045 7.919247756913684 4.808815753708285 9.334932143741483 7.137338363851585 4.316100321922196 8.73018869817538 4.424461119850509 1.8545883749524696 3.924016422731409 4.736009675282421 7.680465539653422 6.921179808279631 2.8118514820851708 8.276391219190113 8.077621945687909 4.554456741137017 5.595546114901525 8.16543587351822 5.008397463019247 7.687602194591936 1.7087416598959835 5.388807322150116 4.9094978038568176 3.2145215110562466 8.754766464458536 1.1802030320618662 5.05744038848305 1.4268058691073233 5.479547465600645 8.728966037152041 4.013340907736662 9.11431028035393 2.1059879857325146 2.4169037223993683 8.086467624731135 6.984451520461851
1.6815986132776253 0.2470123668257612 0.5793871518763292 1.3131591848292985 0.3769120376064185 1.316236357778346 0.2970023952771988 1.9291773040476294 1.9647728735871322 1.138029770488203 1.345796020703986 1.5765625068846498 1.5769195303102745 0.9518340432075009 1.5838495513827369 0.9617631507416571 1.8669864287482967 1.427467672770317 0.8632200643844392 1.7460377396350761 0.8848922239701018 0.37091767499049394 0.7848032845462818 0.9472019350564842 1.5360931079306845 1.3842359616559263 0.5623702964170342 1.6552782438380227 1.615524389137582 0.9108913482274034 1.119109222980305 1.633087174703644 1.0016794926038495 1.5375204389183872 0.3417483319791967 1.0777614644300233 0.9818995607713635 0.6429043022112493 1.750953292891707 0.23604060641237323 1.01148807769661 0.28536117382146464 1.095909493120129 1.7457932074304083 0.8026681815473324 1.822862056070786 0.4211975971465029 0.48338074447987367 1.617293524946227 1.3968903040923704
0.37451251076585956 0.09743494348900694 0.24825671814357386 0.27979582760155963
0.4542809790228073 0.18429570041571042 0.05591674502647748 0.3055065755350048
0.6900263485800929 0.054041054357328644 0.14711058631897167 0.10882201074360676
0.20178386343344057 0.5502260602402548 0.20643699680690963 0.04155307951939502
0.28024548115249903 0.0694966590815359 0.08784637098746717 0.5624114887784979
0.4651649617638387 0.07153940160542827 0.447682478572353 0.015613158058380039
0.18821937901900487 0.1550102834848993 0.4715956043092928 0.185174733186803
0.5147723383402653 0.23573604029287276 0.2199147005185632 0.02957692084829877
0.39936570401124194 0.38065060195183065 0.19116605834962153 0.028817635687305887
0.017670713942223193 0.05939927101161391 0.12350254525273163 0.7994274697934313
0.10315593863930606 0.11802962174915732 0.28467488873472235 0.49413955087681427
0.16681383022164675 0.41681529656306304 0.22385089194074892 0.19251998127454129
0.12844700539551834 0.15335975654278977 0.3300793473056559 0.388113890756036
0.035422261525915544 0.34135936354199947 0.0005069675649586047 0.6227114073671264
0.13988279236892542 0.6854283461773725 0.14129742514642385 0.033391436307278255
0.39961381223594616 0.2683243896613633 0.02453260416674341 0.30752919393594713
0.20792820112526988 0.5433397958130343 0.06781953333704283 0.18091246972465302
0.07411864034731663 0.7058839439908814 0.09455180644533834 0.12544560921646364
0.06326987753641777 0.09294451399325865 0.36346986216086563 0.48031574630945795
0.4006679763088309 0.5277478166912513 0.06653620438042951 0.005048002619488345
0.01711858051649795 0.8131693873296 0.05521821765071855 0.11449381450318352
0.01804589989745986 0.3896851544109864 0.07127766204814345 0.5209912836434103
0.45678192876594326 0.1851849039818243 0.1914395106814012 0.16659365657083125
0.08639050145364857 0.05162768665676443 0.15804985710271202 0.703931954786875
0.20303907195421245 0.01654878134528681 0.31432438614394587 0.4660877605565549
0.17440176578793287 0.3710051771396986 0.012802076191722356 0.44179098088064617
0.11012856694924311 0.296539992598179 0.38401697484118613 0.20931446561139178
0.11811417331175644 0.16008385736616726 0.3417285299634437 0.3800734393586326
0.8112880251909049 0.08186269575853944 0.045445862329091424 0.06140341672146421
0.3471393774654222 0.3050010912219948 0.17642960342224023 0.17142992789034273
0.46012217233320685 0.43466005332455204 0.05497815979782872 0.05023961454441239
0.178156204034574 0.003114775563906158 0.45280616955702213 0.3659228508444977
0.14449956755687077 0.4219391023720246 0.34510999593779934 0.0884513341333053
0.4191325697638878 0.28521256304954634 0.20864001102298302 0.08701485616358284
0.6642662732360901 0.17117725395776018 0.03902646649003605 0.12553000631611366
0.04608746602390201 0.10760366306986302 0.0805920734660508 0.7657167974401842
0.2208694298540782 0.19971875196034128 0.17547395962480183 0.4039378585607787
0.20735129442547007 0.07970438037229644 0.014950952959216002 0.6979933722430175
0.21563856154997507 0.045346523857257126 0.03521670476581784 0.70379820982695
0.1520200219145632 0.4506445529900037 0.04708612539672041 0.35024929969871266
0.1373426058302939 0.19243297550173832 0.5321754201944882 0.13804899847347962
0.0029494325995252924 0.6853790009967271 0.28119079300247996 0.030480773401267647
0.029309325605475167 0.18443568725924042 0.07722653043026195 0.7090284567050225
0.0027461629768427143 0.2989689319420904 0.1014644935011969 0.59682041157987
0.7555078004834722 0.005669908452252126 0.07503868544620207 0.1637836056180736
0.6088988526638281 0.14086641539511402 0.07669909828432708 0.17353563365673075
0.5032077177337388 0.16426415438229014 0.16011103219776435 0.17241709568620667
0.5039730365330823 0.15259483496010073 0.16184140173520178 0.18159072677161514
0.08179794717519562 0.44954819604481133 0.3245361170783271 0.14411773970166597
0.05745977787711398 0.4628178759786675 0.18444101316916894 0.29528133297504955
0.5277864449097718 0.011468878468467114 0.3614321803520294 0.09931249626973171
0.425568262771457 0.16875642183684947 0.32145173208842237 0.08422358330327118
0.058868078357722564 0.261465127832916 0.6091525956493673 0.07051419815999416
0.004363273526967193 0.29101785391424284 0.4276806392132735 0.2769382333455165
0.19748236998530688 0.23040152923558266 0.5017317684528323 0.07038433232627817
0.47772756497270474 0.30447701738437827 0.07291923224735153 0.14487618539556546
0.1456551348709756 0.3097695566964461 0.24019521149258805 0.30438009693999024
0.06917213261814714 0.4431167611733915 0.48205689569944354 0.005654210509017821
0.7969238569277596 0.051570777612689356 0.106325773056553 0.04517959240299807
0.16744375511655984 0.07331472570183795 0.49107564047758123 0.268165878704021
0.4146662527865721 0.19413925035911817 0.33111691204097016 0.06007758481333958
0.4938081387298918 0.16192102614389225 0.14309146757335156 0.20117936755286436
0.2602992874062112 0.31515352216197556 0.04902496049132299 0.3755222299404902
0.1783917410558119 0.23899407897524394 0.031235076302514875 0.5513791036664293
0.23428878581295864 0.10816679135480423 0.004926694522588648 0.6526177283096485
0.4085011749300195 0.2993506417975951 0.2486888069772537 0.043459376295131746
0.10402202815782546 0.08150000271149505 0.07823993104250648 0.736238038088173
0.3524273848933237 0.1293615375374516 0.10475202133568429 0.4134590562335404
0.2195194629827696 0.22281331141901828 0.28221692222354544 0.2754503033746667
0.38390996274341194 0.1761488020541243 0.06252628977649843 0.3774149454259653
0.2906306842979809 0.3414434485404193 0.281847494092373 0.08607837306922683
0.04186248435144557 0.4561118141943994 0.3383901108940991 0.16363559056005594
0.02470636091673062 0.02619398202939882 0.4924083849371158 0.45669127211675475
0.2561358600492145 0.6311386847274548 0.020914137141499256 0.0918113180818314
0.02414861532989465 0.008550493980308937 0.8371058364072599 0.13019505428253653
0.4409295740083149 0.25546729849943595 0.0813126843269687 0.22229044316528046
0.0596812772992924 0.08972367120136282 0.49022069362483334 0.36037435787451144
0.025002495884220433 0.5384814685069345 0.4357495538289553 0.0007664817798898049
0.007873910709581988 0.5051324934552928 0.29107937009782137 0.19591422573730388
0.4370747161235613 0.17013378661938916 0.3109599169425479 0.08183158031450166
0.2992618749172592 0.1539744426389853 0.516525156498998 0.03023852594475751
0.3952646308688783 0.30533096304720264 0.21964551616069483 0.07975888992322422
0.10623897136777272 0.20964124898512915 0.05169419010971987 0.6324255895373783
0.6254244598224711 0.09258731433583312 0.13612038445874375 0.14586784138295206
0.6088792153050597 0.03197961412461647 0.12249528487819861 0.2366458856921252
0.018836691845472653 0.288701999991381 0.35939801513212 0.33306329303102633
0.07213041902437689 0.00542177931480925 0.36987066795216494 0.5525771337086489
0.3436707298645628 0.05280687274105533 0.34356158243876633 0.2599608149556155
0.07203385028476783 0.3371977629100138 0.269497246050569 0.32127114075464935
0.28747134954980713 0.36540203910370306 0.0060183895445822255 0.3411082218019076
0.515292565508983 0.03099620899758082 0.11603391520758699 0.33767731028584924
0.12147577291052059 0.5856728368308577 0.24078829525012557 0.05206309500849615
0.5172190519750512 0.19179011682645053 0.2601899775049772 0.030800853693521035
0.3774301867736908 0.18370011421664934 0.287386933226363 0.1514827657832969
0.3731468514063875 0.253472267500625 0.24341218959034672 0.1299686915026408
0.3632905529801852 0.5828521571806086 0.04291586486130761 0.010941424977898628
0.09153634315687464 0.11332005078410301 0.21097489879055265 0.5841687072684697
0.28011198492617206 0.3586144968554945 0.15077617309113467 0.21049734512719875
0.15959260172396217 0.5815217924424483 0.1902069230881488 0.06867868274544076
0.013846376724352738 0.2666957691953544 0.12155127959207368 0.5979065744882192
