5 10 4 27.89176175074702 55.78352350149403
2.9979385398076555 8.836590755596387 2.8604723980548377 9.267498171441295 5.395700699153462 6.505694766123812 7.89317070832284 5.665761890856489 3.6712045141859977 2.6894910579512645
0.599587707961531 1.7673181511192773 0.5720944796109675 1.853499634288259 1.0791401398306923 1.3011389532247624 1.578634141664568 1.1331523781712978 0.7342409028371996 0.5378982115902529
0.08074126876487486 0.3605679541310782 0.4386278083053258 0.12006296879872114
0.4142350190810513 0.18569417754393625 0.028858712254495766 0.3712120911205167
0.1656128612012676 0.11907301944009618 0.042878067047370294 0.6724360523112659
0.024306561629486967 0.6755370524970705 0.2603831011591363 0.03977328471430619
0.001642172716045276 0.021290919723036206 0.6168620836917756 0.3602048238691429
0.0022142125324435824 0.25688338387866216 0.6113854905903774 0.12951691299851686
0.7708540871402245 0.042878390446693615 0.16773626001909236 0.0185312623939895
0.029111563672717722 0.0823422487053056 0.8534614801483417 0.03508470747363501
0.6353562055818931 0.18130399703346878 0.11002241262851242 0.0733173847561257
0.3610484184638091 0.1853099300769978 0.27845237189771854 0.17518927956147456
0.1583098677126512 0.11577659427957343 0.46435383420674536 0.26155970380103
0.26581911753550724 0.030260815198140723 0.2837578774558971 0.42016218981045494
0.14416430065342045 0.10942390512036704 0.7103423232941544 0.036069470932058145
0.18841465559593518 0.016140890784015482 0.5749590391755791 0.22048541444447023
0.5154726119053935 0.06219024622436253 0.4079615446744328 0.014375597195811163
0.4694883717575773 0.3330085135052929 0.12025272868279968 0.0772503860543301
0.3989448039028505 0.08598627108560752 0.06152542298401975 0.45354350202752225
0.08652568840220509 0.16471942328834255 0.3805209410471978 0.36823394726225456
0.5660819960927563 0.2458203950876543 0.10072437252337252 0.08737323629621685
0.03550903176033027 0.0586937004169924 0.7019399886786816 0.20385727914399576
