15 50 4 115.95568070770636 231.9113614154127
8.639359275417208 2.610063324288986 1.4892689287578829 4.253846014794006 3.478608357457708 5.770002024058828 3.753270241623244 3.740269232387288 2.0056714855803524 3.2490911249210304 9.258669080529062 3.3773216792803624 7.459963187262005 8.791435307711387 8.263715340208382 2.8949552439294517 2.5051872831080093 1.420357525138645 1.354800805817483 2.802077287979256 9.986890624544548 4.355082804950994 7.844592465360547 5.26126998414845 5.587437752358892 9.505345754713984 1.9850198350764694 5.18583844688352 2.273997339107213 5.84513885941233 3.6909879085022093 5.839706974769524 6.99064784042369 4.278959205113313 6.607167574011044 6.784523967206902 4.779836380876361 4.6291819060914605 4.513782934868866 4.6557057022524235 1.7169949485090803 1.5114808127087538 1.7049781776978001 7.261100295752148 1.2624306481462861 5.495431777561755 2.193708859700151 1.2768007019120664 6.7554048548249135 5.013983327676513
1.7278718550834415 0.5220126648577972 0.29785378575157656 0.8507692029588012 0.6957216714915415 1.1540004048117656 0.7506540483246489 0.7480538464774577 0.40113429711607046 0.649818224984206 1.8517338161058123 0.6754643358560725 1.491992637452401 1.7582870615422774 1.6527430680416764 0.5789910487858904 0.5010374566216018 0.28407150502772904 0.2709601611634966 0.5604154575958512 1.9973781249089098 0.8710165609901989 1.5689184930721094 1.05225399682969 1.1174875504717785 1.9010691509427968 0.3970039670152939 1.037167689376704 0.4547994678214426 1.169027771882466 0.7381975817004418 1.1679413949539048 1.3981295680847379 0.8557918410226627 1.3214335148022087 1.3569047934413805 0.9559672761752722 0.9258363812182921 0.9027565869737731 0.9311411404504847 0.34339898970181604 0.30229616254175073 0.34099563553956 1.4522200591504295 0.2524861296292572 1.0990863555123511 0.4387417719400302 0.2553601403824133 1.3510809709649827 1.0027966655353027
0.1954248232131871 0.15567403405399383 0.6235077784523658 0.025393364280453246
0.2688283012582403 0.1025042645095845 0.42046693560164994 0.20820049863052525
0.42529029529235085 0.09520617951739019 0.20702607376817128 0.2724774514220877
0.10682265172052396 0.7170264567358868 0.06409609257689486 0.11205479896669435
0.21976203733713473 0.6981793613145418 0.00285827169552344 0.0792003296528
0.12759215495203946 0.16770441674677916 0.4481230577671803 0.25658037053400107
0.0016447577600704477 0.6062075496124579 0.31194841725074485 0.08019927537672678
0.20071996630407773 0.21977453021184423 0.1532571900469505 0.42624831343712755
0.015004156349900266 0.6003960105675501 0.31687717662345927 0.06772265645909037
0.5990396713972187 0.022580662681166763 0.056754389160583396 0.32162527676103114
0.009044383533662548 0.1123801213431267 0.5443278389647979 0.3342476561584129
0.20999573804245497 0.1912927616934902 0.5395903809403754 0.05912111932367947
0.43402167155975613 0.24899967933945444 0.3108933503286685 0.0060852987721209395
0.2154033690963183 0.15458587726975292 0.4899434049381962 0.14006734869573256
0.551521872294001 0.12659509879219966 0.03831658420047168 0.2835664447133277
0.11538834870299763 0.514814579494112 0.11523529942540356 0.2545617723774868
0.06600112254706125 0.5575809310713433 0.16563767535885832 0.2107802710227371
0.09929055739243631 0.6619861137645189 0.2084660408670429 0.030257287976001912
0.03612705238698832 0.7612584433983917 0.17111975493242726 0.03149474928219276
0.18474297802999107 0.2537663312638977 0.3060044190545109 0.2554862716516003
0.21738165701726286 0.03158326411780099 0.5728815843698093 0.17815349449512685
0.030873134596241747 0.7389801092331101 0.05795909226708951 0.17218766390355866
0.45226602184668685 0.2960698054178015 0.06892063361587075 0.18274353911964092
0.16787213484059926 0.09437546490483462 0.22196452361950736 0.5157878766350588
0.1585468371652191 0.1535946996410663 0.40541196414804115 0.2824464990456734
0.0073315085486058695 0.26093274684433876 0.5009337323569661 0.23080201225008923
0.20920712776156858 0.2786794963633936 0.00017846314580682865 0.511934912729231
0.2094201517943991 0.4140311122002277 0.2853971448698075 0.0911515911355657
0.026123872851089747 0.23835243138622253 0.43862257185928377 0.29690112390340395
0.22534953945136493 0.19442873008754935 0.2581229481850278 0.3220987822760579
0.015936433652146365 0.1284938103330051 0.7141058756019143 0.14146388041293423
0.2694825371672692 0.258924006875795 0.21414203117914032 0.2574514247777955
0.24776276007443354 0.6976265685998181 0.0021603122196796054 0.05245035910606877
0.08258403571946071 0.23975555663547932 0.6031390438054753 0.07452136383958463
0.6500659237024757 0.15004495615999802 0.005015483336812343 0.1948736368007139
0.06040716813355995 0.11387153860824073 0.24418529275942236 0.581536000498777
0.25064275513904455 0.4353260992252641 0.24239713810979846 0.07163400752589288
0.6694029462121013 0.14396119925348683 0.165218828442126 0.021417026092285907
0.3927243966621393 0.08115295139515988 0.354057566279514 0.1720650856631868
0.06944861711891037 0.2626128493296468 0.2602306326268188 0.40770790092462406
0.0423843533949293 0.20831260446922206 0.22446332523925794 0.5248397168965907
0.21912027700465075 0.5528497610195422 0.22006308010894526 0.007966881866861786
0.07119029432072288 0.34258343962111704 0.5192580415109429 0.06696822454721718
0.16771961723145623 0.22395419378222736 0.3444745975846514 0.26385159140166503
0.22940538998195215 0.23911838249597472 0.2496380211100656 0.2818382064120075
0.5307177414357697 0.02057196077093182 0.3707021430944958 0.07800815469880273
0.21965130223389528 0.4763701840118505 0.18826488958407162 0.1157136241701826
0.3983457517212088 0.1385195952743521 0.07542887294237943 0.3877057800620597
0.7799301053613984 0.13391805873121398 0.010842679557124701 0.07530915635026292
0.27245316628494876 0.1857915633845415 0.054663532625268685 0.48709173770524106
0.32976593237159135 0.3542802799418181 0.0869899010258588 0.22896388666073175
0.023904422054516594 0.07382645760134665 0.34614370946956585 0.5561254108745709
0.4594444253357157 0.14402863197553917 0.08109598559225928 0.31543095709648583
0.01201012562940873 0.20838941104423014 0.23147172676913408 0.548128736557227
0.5475524336459725 0.08901378058190124 0.2390997278534781 0.12433405791864816
0.30365373978719956 0.026361445483134682 0.23908985237224134 0.4308949623574244
0.07173319673476697 0.12963341445054477 0.31430874196299063 0.4843246468516976
0.42117805927001195 0.0777393125818292 0.38145601012822317 0.11962661801993568
0.363290798030508 0.5364366107804465 0.07121465950157979 0.029057931687465732
0.13927871531915537 0.40706033201394753 0.3899234089331375 0.06373754373375962
0.5173941425728488 0.2455186989309519 0.011857398416263432 0.2252297600799359
0.12398756441911152 0.24138013765252408 0.22463775933406305 0.40999453859430135
0.09621129351913138 0.03294740178027766 0.48235017824858284 0.3884911264520081
0.22821247935454547 0.23753829957937755 0.38431516760568085 0.14993405346039612
0.36501978739945595 0.01285618967890012 0.20839272321602653 0.4137312997056174
0.15953575050217628 0.31280594362541303 0.3396719961581791 0.18798630971423158
0.29991891969923234 0.1932686175431284 0.34560239037673535 0.1612100723809039
0.12149158646230274 0.22116341627095337 0.5211542251892213 0.13619077207752261
0.07902950509210371 0.507811374374558 0.38229017761729767 0.030868942916040587
0.1670162454535159 0.3456411843479956 0.37087830508564945 0.11646426511283903
0.10164343205158344 0.33347269867193663 0.531496186569296 0.03338768270718395
0.04753698969229203 0.5433590226552324 0.3747055507054905 0.03439843694698508
0.19843054054272513 0.05433848655544482 0.6980917767656902 0.04913919613613982
0.13324374974499853 0.012847498907951227 0.2643074320178186 0.5896013193292317
0.36985414233061853 0.23319403427098784 0.31913058195890365 0.07782124143948999
0.540824693036656 0.19220602829821698 0.16305982341363656 0.10390945525149042
0.49451055174762837 0.3468129447931727 0.043280559379842765 0.11539594407935616
0.2621881360813587 0.19299258800118335 0.09981162182461945 0.4450076540928385
0.2051949544912982 0.21177838615658773 0.29205458141587026 0.2909720779362438
0.020042648764431514 0.34489611051110924 0.14406224349622931 0.4909989972282299
0.7278934984274035 0.144871707064552 0.06827019204596063 0.058964602462083904
0.26418620539695514 0.1442245719493488 0.3920089767256161 0.19958024592808
0.1540113346811094 0.3493082492055035 0.3568097329938644 0.13987068311952267
0.053528109550113 0.20698933718561785 0.499439422871908 0.24004313039236114
0.1714198223450768 0.14030888823039034 0.09077963256989285 0.59749165685464
0.42956401337012706 0.17287580208374653 0.32582294687323 0.07173723767289641
0.31155852147103 0.009339148973471434 0.5497424861233554 0.12935984343214313
0.05719820305014256 0.843520916996756 0.039286507570710616 0.059994372382390804
0.1350882529509374 0.6246113913533359 0.1317338972004316 0.10856645849529512
0.04275684111415434 0.5742329961591778 0.34493831484939985 0.03807184787726803
0.6823524940331293 0.25275038008408524 0.02661508685421099 0.03828203902857452
0.26267733568740925 0.4456256064856059 0.16575308132572253 0.12594397650126232
0.0014446131712595456 0.23557221228859193 0.6226102018482973 0.14037297269185123
0.2602828542059501 0.04861032439046864 0.6657915593210814 0.0253152620824999
0.02376043597771016 0.03741522910192807 0.30745715938418894 0.6313671755361728
0.5448452132007492 0.3051275932507498 0.14609392216880512 0.003933271379695902
0.04987925451626962 0.38822566307057005 0.39231399432250225 0.16958108809065808
0.23240358934641792 0.022227628649652886 0.574793012111824 0.1705757698921052
0.14886116166459085 0.6235074227573054 0.008128196524796127 0.2195032190533076
0.08300444961733455 0.23471321176354476 0.33118833282131543 0.35109400579780525
