78 50 4 137.225242112465 274.45048422492994
1.4336310475021392 7.128667124809461 8.188264611134215 8.200977324920942 9.687675251406343 4.996178417973604 8.481113889047634 3.219108713894915 1.4525009029893161 5.386886044741782 6.852139782655898 9.28880911453584 7.648606241410635 3.226798655737836 5.662298511085351 6.976754741107615 3.63518482485828 8.861524842431587 8.947616963875069 6.038002057718648 3.0177257099200467 9.400608056770533 4.508574673106882 2.3561121413036794 3.896442069405028 4.010872482504187 9.088776611651426 1.0982879352155162 2.859826273028799 8.23886005622721 6.134352215713046 6.481633878900702 9.67809292430606 4.702472279228251 1.5219018869461032 1.765668047510528 2.025365073465066 9.504750272784595 7.177517155838762 1.7406114017120702 1.0378227212168398 3.6677164258028894 4.317398933590288 4.184410330764239 8.804425892812034 7.854971276121532 3.4452306300656477 1.6051151959222658 8.018687578740622 6.993515030517989
0.2867262095004278 1.425733424961892 1.637652922226843 1.6401954649841883 1.9375350502812687 0.9992356835947207 1.696222777809527 0.643821742778983 0.2905001805978632 1.0773772089483564 1.3704279565311794 1.8577618229071677 1.529721248282127 0.6453597311475672 1.1324597022170702 1.395350948221523 0.727036964971656 1.7723049684863175 1.7895233927750138 1.2076004115437295 0.6035451419840093 1.8801216113541066 0.9017149346213763 0.4712224282607359 0.7792884138810056 0.8021744965008374 1.8177553223302851 0.21965758704310323 0.5719652546057599 1.6477720112454421 1.2268704431426092 1.2963267757801404 1.9356185848612122 0.9404944558456503 0.30438037738922064 0.3531336095021056 0.40507301469301316 1.900950054556919 1.4355034311677524 0.34812228034241405 0.20756454424336795 0.7335432851605779 0.8634797867180575 0.8368820661528478 1.760885178562407 1.5709942552243064 0.6890461260131295 0.3210230391844532 1.6037375157481244 1.3987030061035979
0.26980466515283863 0.20263407388458166 0.11274948258133355 0.41481177838124617
0.1331804584482692 0.5742967881366282 0.21211069537689053 0.08041205803821205
0.09055300617101325 0.4524442417909337 0.28693815674754986 0.17006459529050322
0.3284743012686824 0.3794812199374723 0.23204227875247418 0.060002200041371134
0.1019890744290114 0.42925374280117534 0.43672082020167635 0.03203636256813691
0.013561664933188888 0.6000485193443377 0.29668168614504953 0.08970812957742391
0.004664666090464342 0.45886721689095644 0.10592379510998262 0.4305443219085966
0.06335583107168075 0.23121567582386215 0.03352787668984736 0.6719006164146097
0.29071338983483874 0.34101484372088 0.1359738252478896 0.2322979411963917
0.4457546178800341 0.04876275187600276 0.007035627530692423 0.4984470027132707
0.3225183282648958 0.008243965347298432 0.4052053105225496 0.2640323958652562
0.2932762437855171 0.18373411659094452 0.1685032684897685 0.3544863711337699
0.014873201001824765 0.18339855962404328 0.2786722021695097 0.5230560372046222
0.43647546781613855 0.14800599799810976 0.31057051536219804 0.10494801882355365
0.2809962527368075 0.5672624321516049 0.15149606261087556 0.0002452525007120565
0.32484132707676094 0.11537521507292647 0.2257791751215461 0.3340042827287665
0.11054347490907124 0.832574564921945 0.030292890394454597 0.026589069774529128
0.21243224584294407 0.19631745212799723 0.5722706911645516 0.018979610864507057
0.22607805425894045 0.07224392703309823 0.44401695895465754 0.2576610597533038
0.33971315018156845 0.03536497215136647 0.22736615810474237 0.3975557195623227
0.1729636050080463 0.12552880295640323 0.5321367256314891 0.1693708664040614
0.3332637660932175 0.06091866398183199 0.486406416503012 0.11941115342193853
0.04256939165808049 0.7875371854579498 0.13295786865162107 0.03693555423234862
0.2058132696035212 0.08033349032017556 0.24380275246912086 0.4700504876071824
0.3316535698011128 0.0030360812798906345 0.6585793413006495 0.006731007618346996
0.04819994312234488 0.4343880237209291 0.01620792612940858 0.5012041070273174
0.41014051453828493 0.39009270184552736 0.11424168590458617 0.08552509771160155
0.7583742195073282 0.02568983254476087 0.16644004994450678 0.04949589800340415
0.2704430164715049 0.5051311690835363 0.12715247797299079 0.09727333647196801
0.16514525070334574 0.14454013936597077 0.18680752755177765 0.5035070823789058
0.34850986134820194 0.39171471614348985 0.06905504233864646 0.19072038016966175
0.10048243829778158 0.591840767181761 0.10174642739583106 0.2059303671246263
0.3204502570492288 0.1550968059020652 0.23884918050521498 0.285603756543491
0.37321868145133674 0.4102063842384358 0.16808275672859918 0.04849217758162827
0.048314252213338627 0.09734516054160491 0.714835631305135 0.1395049559399214
0.20216184791741232 0.003545499910403871 0.4270054544979862 0.3672871976741976
0.5364085195589546 0.08765281149979953 0.12305127418474271 0.2528873947565031
0.2113682058985038 0.5445785289066294 0.09306721324491618 0.15098605194995063
0.20383710784954245 0.3111923883471439 0.21422604810493773 0.2707444556983759
0.6874323609559622 0.19750410645830074 0.0980805417925581 0.016982990793178998
0.24432822570881163 0.271461881568306 0.14532348116760974 0.33888641155527266
0.19972079527026854 0.3899665189281365 0.20138911177721608 0.2089235740243789
0.04295276308962093 0.10147202031113922 0.5878226333749725 0.2677525832242673
0.16481690450081454 0.297408283419374 0.42421296382231 0.11356184825750149
0.5029312116346941 0.012390460930916114 0.2897118946007796 0.19496643283361015
0.3579686981094785 0.07584614537951961 0.13853063157949563 0.42765452493150624
0.21698953344457883 0.3708687452325855 0.2600342710061041 0.15210745031673156
0.4385278851957053 0.1392015435828594 0.1938052307642526 0.2284653404571827
0.22081546957544473 0.41065322396428683 0.16648168464418445 0.202049621816084
0.3366772182660187 0.36250462679261675 0.07871961447903786 0.2220985404623267
0.5549796394075479 0.18466345995096112 0.15709415360120038 0.10326274704029059
0.40903475553117985 0.09991346475090446 0.18625031348724064 0.30480146623067506
0.3899485192456953 0.09044295947988201 0.12015587759076407 0.3994526436836586
0.3022000930503451 0.1872961038954034 0.42308166774944655 0.08742213530480492
0.5248742000821544 0.10876034580736049 0.2594423174102225 0.10692313670026266
0.3431390048468398 0.040513425792182534 0.17004655765925858 0.4463010117017191
0.02409543348627674 0.16438047059090732 0.2322852964825114 0.5792387994403045
0.022043738883720798 0.34656809016404355 0.1751457355621624 0.45624243539007325
0.7500187094602035 0.02521624756529084 0.18438169901288304 0.040383343961622575
0.061886232180981215 0.019692156197586352 0.5686892895974569 0.34973232202397553
0.06440858211004075 0.6537885207671933 0.23475537651068723 0.04704752061207873
0.25895565007265653 0.11581874965920969 0.26989763614876483 0.35532796411936896
0.12167553394524244 0.29435207544360853 0.45208301983766974 0.1318893707734793
0.25454338211473804 0.3478342380978856 0.15816164848052194 0.2394607313068544
0.18571586615498825 0.08540570772424927 0.41519406536800263 0.31368436075275985
0.03412119729533636 0.1709550640515305 0.40852175536278446 0.3864019832903487
0.9028059969828731 0.05633553246883516 0.03190528275152582 0.008953187796765905
0.017010180133802844 0.6407448390161302 0.3283807856478197 0.013864195202247243
0.11236736313682183 0.2436242598943712 0.5131986440511556 0.1308097329176514
0.15292135763901327 0.10329270972244886 0.6067823167083427 0.13700361593019517
0.35267818469676104 0.12326070078864393 0.45024264669574643 0.0738184678188486
0.1312660472636824 0.29964714178393814 0.3593050740645838 0.20978173688779567
0.2757568630941669 0.1622677417444348 0.4148086656088953 0.14716672955250298
0.5023061927564169 0.4356782691179515 0.037134570724842164 0.02488096740078949
0.027370377829437964 0.6098493048917665 0.005550766792997597 0.35722955048579796
0.4754101703814132 0.07361734244834983 0.4305185910430811 0.02045389612715587
0.2166235996300555 0.6271429331096597 0.03913372346839472 0.11709974379189003
0.6165994254395207 0.04184248682461944 0.011037635683616487 0.33052045205224334
0.6795102137771142 0.10876883301524998 0.07899475578797588 0.13272619741965996
0.24963724641068896 0.634475925084611 0.045728892939881804 0.0701579355648182
0.3501853640573537 0.21149312257172825 0.19474604533215634 0.24357546803876173
0.04899105464540143 0.04469439234242756 0.3902971926895844 0.5160173603225866
0.19114613827156612 0.11090990385352151 0.21808447888749538 0.479859478987417
0.26679243719596624 0.1614116863253764 0.45154715542192736 0.12024872105673001
0.2945722924505312 0.40293158508112126 0.14507165256001375 0.1574244699083338
0.3539761324898987 0.05952363201136435 0.27896551760313115 0.3075347178956058
0.5986053986791922 0.22541880779445622 0.05697433895732962 0.119001454569022
0.293847353895483 0.20895409751527194 0.06353120002194967 0.4336673485672954
0.1187908774259041 0.2248026592140946 0.4529455923917104 0.2034608709682909
0.2776618559639843 0.07181589826997914 0.04433187275198236 0.6061903730140542
0.20706680352025153 0.01563008555370471 0.29616428860206856 0.4811388223239752
0.3467954946432126 0.10952747816107677 0.28287671071945797 0.2608003164762527
0.08873491883656726 0.4734488737286282 0.380782604350293 0.05703360308451155
0.08418390048712354 0.48699285239595125 0.41411171624556886 0.014711530871356349
0.09146291305192766 0.4144919150580878 0.30856540763041396 0.18547976425957058
0.20336913467100493 0.3940305857120343 0.3054602936711338 0.09713998594582696
0.2054911000102989 0.645588807624336 0.08586687260007986 0.06305321976528522
0.5669482262819798 0.1993679373920214 0.04886762750629403 0.18481620881970473
0.2544841896284765 0.08376124777168514 0.6041201989227131 0.05763436367712527
0.47187012254674343 0.08405835138482554 0.09243969298688615 0.3516318330815449
