10 10 4 23.512426680288208 47.02485336057642
7.941885789400714 1.1867675442346135 6.702834114336479 7.7392349428475065 5.4865631107233135 3.023169809777629 2.782565782836616 7.8447764097906285 2.521997529062819 1.7950583275660925
1.5883771578801427 0.2373535088469227 1.3405668228672958 1.5478469885695012 1.0973126221446627 0.6046339619555259 0.5565131565673231 1.5689552819581256 0.5043995058125639 0.3590116655132185
0.003948266327914451 0.6814115520398828 0.12726114328431626 0.1873790383478865
0.5425443680112613 0.17921094942053828 0.1960188050811439 0.08222587748705656
0.3733407600514692 0.06849241437152687 0.17593380404632109 0.38223302153068284
0.6503971819314672 0.15482601490127923 0.10342568397592178 0.09135111919133176
0.04689631938924976 0.04356302988165761 0.02352501259264239 0.8860156381364502
0.1989475396788123 0.15270509975327562 0.19593351648715562 0.45241384408075647
0.2959617068796787 0.02954993095257008 0.06701760611433849 0.6074707560534127
0.3841144486921996 0.4369912091447289 0.1665198170649438 0.012374525098127753
0.5345579488018151 0.06281369942906923 0.22875119561185553 0.17387715615726018
0.03928176722538734 0.04033132293057684 0.2511062218261678 0.669280688017868
0.5121922633857766 0.10033380344361154 0.3408672793655484 0.04660665380506346
0.14217004760152696 0.1497060205691062 0.4226997152270574 0.28542421660230943
0.4340139933332937 0.07912424922109718 0.1609953725119544 0.3258663849336547
0.3192360889885453 0.20241106340508885 0.07939180101091026 0.3989610465954556
0.30070005663620336 0.3255870916751892 0.20239417799628412 0.17131867369232334
0.7546476915298572 0.06463930414021146 0.03756330678766451 0.1431496975422668
0.0934603745586503 0.07155552316049818 0.7189205818420378 0.11606352043881374
0.15115201964256386 0.3051525274522202 0.4879561651440171 0.05573928776119885
0.25137413420705934 0.3388272287783636 0.31263039734620446 0.09716823966837262
0.30545991834281827 0.051721840291718 0.4166485375760596 0.22616970378940415
