62 10 4 26.003405533075522 52.006811066151045
1.303792393808875 5.401967571690262 8.614765875527945 4.70261799828797 6.682738363576883 3.6184891353952064 5.885202600371884 3.053632419129734 3.162486964783617 9.581117743578663
0.260758478761775 1.0803935143380525 1.722953175105589 0.9405235996575939 1.3365476727153767 0.7236978270790413 1.1770405200743768 0.6107264838259467 0.6324973929567234 1.9162235487157324
0.6458104321650848 0.07613202870074032 0.2741833576807914 0.003874181453383474
0.20378019283949034 0.020690835199250968 0.6593761395203311 0.11615283244092756
0.15691591258096682 0.8058659868481074 0.023031977801512782 0.014186122769413001
0.01757670756217322 0.36694641654939397 0.5255433045000664 0.08993357138836644
0.11201011372897274 0.3166034618283059 0.19066210143938633 0.38072432300333503
0.28237425382788983 0.2352554550829159 0.2172432112571684 0.2651270798320259
0.2319284538685925 0.13193312527784973 0.3438215644257534 0.29231685642780436
0.5908355461613134 0.08889754027242425 0.2501779644262818 0.07008894913998054
0.19554847505866957 0.103366839326826 0.5011372628250164 0.19994742278948807
0.2793118113132056 0.4808779185434128 0.1076328291662092 0.13217744097717243
0.017857153491414923 0.3926393547912732 0.32469802625609534 0.2648054654612165
0.04778276531899028 0.8413492983655153 0.07297046535401674 0.037897470961477664
0.4030898969567097 0.1843592330631051 0.023725507658510447 0.38882536232167475
0.10251991388105897 0.19138431717031168 0.17295587474280538 0.533139894205824
0.13086642511570312 0.1400503529637407 0.6579188164554145 0.07116440546514169
0.1889821298485318 0.10248500910174596 0.09439413929366147 0.6141387217560608
0.3356556189205484 0.47058514308413335 0.04347726770605065 0.1502819702892676
0.017833534938224926 0.7561694924234978 0.11362180011230971 0.11237517252596751
0.18774964833439356 0.33941739405559124 0.13689240264154645 0.33594055496846875
0.16907008243502575 0.3445110701522831 0.028448257947873423 0.4579705894648177
