35 40 4 109.77778441077241 219.5555688215448
5.122494534016814 3.775146462684205 3.0833834053200606 3.4968209658051332 8.355113307124029 2.0021197248324833 6.637935060588272 3.4910909797286287 7.139572067696458 7.110737055196687 8.170456767289686 1.4122194627045976 9.213384469693317 2.9243438770336 3.732735711452646 9.901572611053048 2.6729335262901603 9.898523518700452 7.750758082347687 3.001474406029078 2.331135174967583 5.642112476003141 4.548324867161222 1.628921128349883 4.044031931745733 1.0993349916112696 7.907750722549165 8.872499174105425 5.802348886440136 1.7597147457572981 8.418980761506738 5.5412307550932045 8.934567642042978 2.5664165633139815 4.626620977106402 8.48913889677809 9.807962245927648 6.572482886843235 8.82928589793158 3.2398921007230563
1.024498906803363 0.755029292536841 0.6166766810640121 0.6993641931610266 1.6710226614248058 0.4004239449664967 1.3275870121176543 0.6982181959457258 1.4279144135392916 1.4221474110393373 1.634091353457937 0.2824438925409195 1.8426768939386633 0.58486877540672 0.7465471422905292 1.9803145222106096 0.5345867052580321 1.9797047037400906 1.5501516164695375 0.6002948812058155 0.4662270349935166 1.128422495200628 0.9096649734322444 0.3257842256699766 0.8088063863491467 0.21986699832225393 1.581550144509833 1.774499834821085 1.1604697772880272 0.3519429491514596 1.6837961523013476 1.108246151018641 1.7869135284085957 0.5132833126627963 0.9253241954212804 1.697827779355618 1.9615924491855297 1.314496577368647 1.765857179586316 0.6479784201446113
0.11976084216652405 0.12559971057652464 0.3976734060448942 0.3569660412120571
0.3553878928890487 0.2763990721858276 0.17024836795606657 0.19796466696905712
0.31165886983653135 0.1819712691894949 0.15948161332793354 0.3468882476460402
0.1549182335015491 0.3575846563604771 0.24015973801739277 0.24733737212058104
0.11548316767295841 0.021457602923394825 0.3031910847654994 0.5598681446381474
0.5734789718254368 0.09931168907931864 0.18682023981956808 0.14038909927567644
0.040619300617455 0.41734770529344256 0.07654067151538402 0.4654923225737184
0.34683272797773335 0.029154382320898287 0.09716318946339919 0.5268497002379692
0.5492852455390711 0.02134006854685233 0.2855261393649312 0.14384854654914536
0.014654075559076607 0.31169152164493663 0.2532502535281077 0.42040414926787906
0.37054003744224584 0.011003063385720657 0.06939739632306297 0.5490595028489705
0.22893557389823438 0.17164380615048747 0.17819195075908434 0.4212286691921938
0.3875188499727136 0.08283248892194017 0.4597139315281943 0.06993472957715197
0.3203095187462669 0.35279935839004517 0.28507809070592294 0.041813032157764995
0.6912147767614077 0.06644702386143309 0.14024097551544912 0.10209722386171005
0.2815190905620122 0.23132988134992882 0.06342756613238065 0.42372346195567834
0.19710289325647512 0.15295619641476565 0.26249578408691265 0.38744512624184657
0.14817095804086522 0.292830971414365 0.49374707609405966 0.06525099445071014
0.2181495616982193 0.3674834041517976 0.37143384071229124 0.04293319343769186
0.0926447462436063 0.2930481926815175 0.290229475666408 0.3240775854084682
0.7042170244204657 0.013488965912408335 0.039737592386791754 0.24255641728033417
0.5037984214259044 0.09498117037078435 0.36817836129226633 0.03304204691104495
0.5713570859728608 0.37838611804460165 0.013454162095344113 0.0368026338871934
0.19747217671912465 0.05675862630985784 0.3863185515065175 0.3594506454645
0.15139081659485043 0.18581863244681196 0.07850790631938287 0.5842826446389547
0.04254440736084231 0.6790416455770198 0.14129806380323928 0.13711588325889856
0.3913973132903801 0.03672183153622466 0.18120018724952958 0.3906806679238657
0.2768343409965883 0.08548558685740937 0.5725441218611741 0.06513595028482821
0.3518413707006136 0.12763618515020125 0.16226367867490998 0.35825876547427515
0.7637824701445451 0.16602926723479938 0.05922436907224915 0.010963893548406323
0.2149245386620895 0.17517535634688208 0.3473447222934394 0.26255538269758905
0.12334738350244245 0.5123504825132633 0.2510009174076989 0.11330121657659531
0.48235057597070696 0.02296719108918055 0.3208620497546609 0.17382018318545156
0.41437662068181236 0.4041150331359784 0.1517592712091046 0.02974907497310464
0.03030628043744643 0.7129828338711395 0.10915411976637168 0.1475567659250424
0.006335799081779614 0.0529127086465051 0.7923747248127319 0.14837676745898343
0.2549162243913158 0.03699756681040567 0.5315914170639647 0.17649479173431382
0.2275381938406117 0.1439795783418606 0.4334839512448837 0.194998276572644
0.01809334551834607 0.09475945743538683 0.5531199179574052 0.3340272790888619
0.3020215024247975 0.16107506182130082 0.27582349407489704 0.2610799416790046
0.30045065897070167 0.04264604654410642 0.2029269778231395 0.4539763166620524
0.23541176494649163 0.368301097019366 0.22783905959097417 0.16844807844316823
0.12014239391120318 0.5587070310530042 0.2542017315830831 0.06694884345270946
0.46160397369159023 0.3045079933023217 0.1849943650107707 0.04889366799531736
0.1421508618143038 0.8070347951486669 0.04108876934011385 0.009725573696915402
0.0030834986940074804 0.11052849556688882 0.15175120713992973 0.734636798599174
0.22154597283124156 0.23402156864986567 0.24872151827746658 0.2957109402414262
0.36791660296125894 0.2528408541558108 0.3377797287696491 0.04146281411328112
0.5271609204112784 0.12158767091589351 0.09384087810004638 0.25741053057278174
0.07257532288356017 0.21458283632509811 0.6098194872286163 0.10302235356272538
0.03226078537495891 0.4632651155455333 0.45283861374554324 0.05163548533396456
0.7482378502531969 0.12890492135954557 0.10254735942295956 0.020309868964297983
0.011428469478960368 0.00710429147513425 0.5054812095227114 0.475986029523194
0.3213813256700041 0.3622667993362081 0.18300231458206517 0.13334956041172263
0.19630106895472432 0.2605086339057686 0.5176068857286517 0.025583411410855406
0.6349106209322155 0.11259780281569154 0.19324342305147346 0.05924815320061949
0.16065446013896723 0.20480589061143795 0.42568314570969823 0.2088565035398966
0.3009126112465994 0.4459081005283144 0.18302316892659898 0.0701561192984872
0.5467516047041276 0.27584380909023565 0.09437454417952318 0.08303004202611353
0.43977015876461656 0.07677900637813095 0.15882455735666312 0.32462627750058937
0.20418282716905822 0.07685801043403462 0.4193908132920118 0.2995683491048954
0.37364806393658323 0.40145861268589733 0.157584854898565 0.06730846847895444
0.22672332135341555 0.3833901634639225 0.3130953506474964 0.07679116453516555
0.4595741381462065 0.14593313489452509 0.24722309710352197 0.14726962985574643
0.3012653731633267 0.005113350879542233 0.6838991732397321 0.009722102717398928
0.35602109936472504 0.3100665734450776 0.1271713099678673 0.20674101722233007
0.49821363450985523 0.10070916835444765 0.30035218276882736 0.10072501436686976
0.017420456187415723 0.231267621020521 0.3125407270823404 0.4387711957097229
0.507229518029706 0.2838181146440625 0.08013472849859304 0.12881763882763853
0.7860823697427518 0.07744634870432232 0.1280217439673892 0.008449537585536682
0.11988235415618542 0.33200936882884347 0.016275219907681104 0.53183305710729
0.1317009567293146 0.4764350293572487 0.35413661720085265 0.03772739671258407
0.26805329055250915 0.26545574677573147 0.12325403944829272 0.34323692322346666
0.10639856911939494 0.08761446262972028 0.015221265938115125 0.7907657023127697
0.7069977964397105 0.15255370773327825 0.11225760327821821 0.028190892548793034
0.270848513127956 0.2836980059679586 0.34710338425720044 0.09835009664688499
0.29233998303047537 0.29769404521586473 0.12558130468467132 0.2843846670689886
0.5856865404464812 0.17772593999532216 0.15709677689935486 0.07949074265884182
0.5098934532483089 0.28324689163169736 0.09030898932291065 0.11655066579708306
0.14192412545999433 0.47395562928865487 0.03759628695192796 0.34652395829942284
