66 50 4 110.14844954912157 220.29689909824316
2.3885882031814822 2.2032960463005935 4.264169195591988 7.111979879010684 2.750050516004809 3.260893451382942 7.825747523820459 6.018567306061175 5.633226261049025 5.2101987608899005 1.7845840324806235 8.46185898049971 3.687765031108315 1.2821130048833398 7.102051809697108 9.131401296713845 5.630060664856522 5.851949268871605 6.978947647068161 6.706510797407241 4.180775213281022 1.2397826155754652 2.4876085559262378 8.913870922465408 1.6103841026873997 4.321772217140455 2.0395052774742632 1.8666472841539812 1.753927279455826 1.7823432444454297 1.2003026101734087 7.939384496039796 1.4429136092074388 5.187009162678627 9.47109756996099 2.9486107283546374 4.2518661841314325 1.281867689726223 3.736400811511465 2.694409067512765 2.1354366924349923 4.727951505761935 9.502039916370327 1.3450916459014528 9.613360817149863 2.1368423078978696 1.701528385632396 2.4947470978291526 9.592911108459498 3.4125513020238194
0.47771764063629646 0.4406592092601187 0.8528338391183976 1.4223959758021367 0.5500101032009618 0.6521786902765884 1.5651495047640918 1.2037134612122349 1.126645252209805 1.04203975217798 0.35691680649612467 1.6923717960999418 0.7375530062216631 0.25642260097666797 1.4204103619394215 1.826280259342769 1.1260121329713044 1.1703898537743211 1.3957895294136322 1.3413021594814483 0.8361550426562043 0.24795652311509303 0.4975217111852476 1.7827741844930816 0.32207682053747994 0.864354443428091 0.40790105549485267 0.3733294568307962 0.3507854558911652 0.3564686488890859 0.24006052203468173 1.5878768992079593 0.28858272184148775 1.0374018325357253 1.8942195139921982 0.5897221456709275 0.8503732368262865 0.2563735379452446 0.747280162302293 0.538881813502553 0.4270873384869985 0.945590301152387 1.9004079832740655 0.26901832918029056 1.9226721634299726 0.4273684615795739 0.3403056771264792 0.4989494195658305 1.9185822216918997 0.6825102604047639
0.10054094111621781 0.006182536953570517 0.4466512043410451 0.44662531758916657
0.6498547875612986 0.008922944664202626 0.05808077840892867 0.28314148936557015
0.039375286048070945 0.28201254446490287 0.3014083328426539 0.3772038366443723
0.5034058409507379 0.3152703393412264 0.0893046448005056 0.09201917490753009
0.06410831708174303 0.3476974925543965 0.23528401581040448 0.35291017455345597
0.08923164847502374 0.22765109932631855 0.4534918946277866 0.2296253575708711
0.20295372229767572 0.556564984972092 0.15042992642156783 0.0900513663086645
0.3995325702409235 0.3890546935744318 0.026538266668198363 0.18487446951644637
0.00051335293990451 0.5534957950127257 0.03212076706054379 0.413870084986826
0.21605432826126036 0.4309985905598025 0.15090593811448338 0.20204114306445375
0.24041373790070475 0.5121298138772746 0.11672888820947103 0.1307275600125496
0.46511899016714764 0.11747136675020775 0.2366509862253834 0.18075865685726122
0.27634670520559956 0.3486206555968817 0.037672731809307636 0.3373599073882111
0.033115383619756855 0.16883768835805246 0.32527133159499166 0.472775596427199
0.29261831209869504 0.17878088600351505 0.40966037934149213 0.11894042255629778
0.038277043936998933 0.4058732750802002 0.5446878914426535 0.011161789540147349
0.26381728194510834 0.3607137378249299 0.1511424010385939 0.2243265791913679
0.05097153682420763 0.8207590064420661 0.08078552298013242 0.04748393375359383
0.6262035732969371 0.2624111093318652 0.10891868612768296 0.002466631243514761
0.56546105402937 0.3510776567309367 0.039955971102259236 0.04350531813743408
0.13837961103812302 0.32221922087467025 0.21996610653818172 0.319435061549025
0.060666445496510346 0.26851837681731117 0.3342539361273609 0.3365612415588176
0.02238126438691801 0.23990471576558992 0.29530327405015 0.4424107457973421
0.33097600662221394 0.3157859881068261 0.2630624726814661 0.09017553258949385
0.3491818470545148 0.008724033975424983 0.07708067184090661 0.5650134471291536
0.32993864604237566 0.15551393269383107 0.29695040863913214 0.21759701262466113
0.4366493136611085 0.2968811508111555 0.01606913146139588 0.2504004040663401
0.13951728489810544 0.02704202048232407 0.6904295325342222 0.14301116208534825
0.5708429387999906 0.17803667947006885 0.16597772002067845 0.0851426617092621
0.395396544424209 0.5448850675932692 0.05145459298102939 0.008263795001492436
0.3781825520555142 0.18939586528309693 0.17982748662161574 0.2525940960397731
0.08228945145889943 0.09896753597790153 0.3445279500673457 0.4742150624958533
0.6698644722426578 0.02678299829826325 0.26141453538434756 0.04193799407473142
0.07808182254932283 0.5052986930847153 0.18595563458991926 0.2306638497760426
0.08960783336887301 0.546580527289623 0.09166220545704074 0.2721494338844632
0.40208451353705954 0.3886356072410657 0.010765129841886822 0.19851474937998792
0.07690094213274024 0.3919752270872666 0.02657925418856555 0.5045445765914276
0.12718595547703226 0.47170803372714765 0.04313949342255552 0.35796651737326457
0.25335103699185135 0.2174102783519296 0.07207316318015122 0.4571655214760678
0.33486486187603504 0.18255704539673645 0.421651365892013 0.060926726835215494
0.634777257528295 0.07718472004425614 0.2537407029008847 0.03429731952656423
0.05138579809423238 0.08198865678876432 0.5799158924646978 0.2867096526523055
0.12200155982579197 0.37139472995237977 0.292263637271177 0.21434007295065127
0.2364070194695277 0.14322534128129782 0.34455754740887223 0.27581009184030225
0.16026526788790385 0.8014478123013161 0.02480778842053455 0.01347913139024548
0.3762716506427971 0.30644293721159943 0.20093699972774182 0.11634841241786165
0.3524927249649248 0.0806621793154173 0.010842818947308541 0.5560022767723494
0.10109603740894857 0.5941300802836068 0.19969590758418299 0.10507797472326164
0.0721018742513636 0.3766959022925833 0.4972926265121359 0.05390959694391717
0.2661853691198547 0.08828880174485298 0.27984278155620657 0.36568304757908576
0.7486926215090324 0.03772176735992161 0.12136178904284678 0.09222382208819924
0.23054334798542442 0.03557805646559453 0.09583516188672359 0.6380434336622575
0.511416279711588 0.07984586295404106 0.22304670550011996 0.185691151834251
0.2741526253190497 0.03691133029561422 0.24171860948481394 0.4472174349005221
0.6644677325677852 0.03840664909476044 0.19547357964301004 0.10165203869444428
0.23351887329410048 0.18448505251993785 0.2857330049946053 0.29626306919135637
0.05823228051765861 0.4109498626068415 0.2269117080175349 0.30390614885796496
0.3956837635004705 0.1706956978044275 0.1325214599814455 0.3010990787136565
0.2990567315058612 0.24920390868194875 0.01068052409667486 0.4410588357155152
0.012914291089583307 0.11270118777251015 0.34340905811488065 0.5309754630230259
0.3718499611408528 0.12322779865759381 0.37235270945759436 0.13256953074395905
0.22049671055138453 0.04795009164792796 0.5550136259859314 0.1765395718147561
0.33124961180108303 0.082746835012672 0.18858439763568624 0.39741915555055873
0.3690542146523397 0.22678091724312155 0.3226672355895417 0.08149763251499709
0.05551293763748122 0.21285019628241897 0.26910949882622537 0.46252736725387444
0.3819277127669133 0.5361964104992165 0.05441353291365458 0.027462343820215618
0.2403711024806957 0.5028589023601403 0.0644740193939527 0.1922959757652113
0.061836126129322766 0.04444179341750454 0.30912480402067 0.5845972764325027
0.06051055380448056 0.04710940251006168 0.7894516898900227 0.10292835379543508
0.2906694507042059 0.32304587118865513 0.08124676441900791 0.30503791368813105
0.014820880926713076 0.014400093262350588 0.03311563860090794 0.9376633872100284
0.12548368495337237 0.3497080457252004 0.25914537144217054 0.2656628978792567
0.4294335977943705 0.27203228892328835 0.20631417604525137 0.09221993723708977
0.45746188916476493 0.10928642095019359 0.3361369070566449 0.09711478282839658
0.2413520277165523 0.07994256613948791 0.5739842274227767 0.10472117872118314
0.2847331687906677 0.4433861480469352 0.12501474329935836 0.14686593986303875
0.453512425595859 0.042630184801544124 0.3865695877453549 0.11728780185724197
0.16538702377684067 0.21999699685157992 0.40012585409538504 0.21449012527619438
0.08069640958256397 0.4281701017413625 0.3677345402834432 0.12339894839263033
0.21216395394510656 0.5066085023843372 0.21144537538637176 0.06978216828418449
0.09601730958375931 0.22661469641573018 0.09490288609459996 0.5824651079059106
0.21174867119431873 0.30554110706783644 0.21300464091770277 0.26970558082014207
0.19453078902733134 0.3874629648456859 0.13992742895304366 0.2780788171739391
0.205085688945436 0.5303980315642978 0.11198409488461492 0.15253218460565132
0.12367755764238197 0.49409690253751537 0.3520890119970592 0.030136527823043435
0.11126980173246293 0.5271410656069949 0.3548907690596149 0.006698363600927237
0.15501024132336494 0.08607538261134628 0.4593709283748504 0.2995434476904384
0.29775883359156563 0.14079835070779279 0.37781159654406204 0.18363121915657954
0.21167515143721383 0.6775190203814374 0.10267998974288606 0.008125838438462707
0.4827480036921624 0.11481698231653181 0.2411523971659203 0.16128261682538547
0.27007662304762314 0.4184502200125024 0.22108887161668012 0.09038428532319431
0.017396706856509625 0.13191592632639482 0.8245270253569839 0.026160341460111702
0.2547177187530073 0.15036616862163732 0.32023890255292586 0.2746772100724295
0.2104505355580547 0.40289381588555195 0.009607322236274918 0.3770483263201184
0.012986134663578675 0.33465828877409876 0.10494688114826467 0.5474086954140579
0.4450888815932639 0.09198192826608997 0.2801339708649121 0.18279521927573406
0.01784484332550773 0.14177032828196767 0.6614785497378133 0.17890627865471131
0.3902870281158267 0.21989023515078554 0.012580048410892442 0.3772426883224953
0.35737756645427377 0.2125116103313438 0.14713340544081732 0.2829774177735651
0.10836979578252137 0.11848479772567366 0.4395701010154345 0.3335753054763705
