53 70 4 188.4972399835778 376.99447996715554
8.619961664891205 6.050489862385308 5.0938786216517755 4.169574223227656 6.272662457213536 5.821747698457682 8.447106491014114 3.38087978849831 5.305411552048442 4.130065205611497 2.2103049007807636 3.339796153087532 1.4287120855235718 4.5486397425617 4.3445457287939035 6.010596309569885 9.077450989308922 2.506112983057456 4.664857778468439 6.871180049008759 6.10974172142318 6.098669704135352 5.719195896441829 6.468220218530286 2.154050866208927 2.703930657802437 4.970688575997325 8.758306914450621 9.072863598917468 3.0603652620207087 5.196527706601216 5.235052117359741 4.831606836174981 9.730037090379977 8.433064634245994 7.344240453189076 3.73848192672152 2.3419083859873218 9.472096989509588 7.994619397928266 3.211456478020936 7.399716865750152 3.4091641409761104 8.80026028422018 3.0951587814784594 2.9876194153669875 1.2551937682153977 5.462966397584334 7.532042271612476 4.139966061272766 3.2807866222621707 8.371447885600691 8.441139871148714 1.4505727790583436 8.685674041612607 7.279056685682819 1.5437771858168916 4.548638353299863 5.810190607430605 2.44238153898285 9.469927119620923 1.278118727371333 7.583996086719141 2.166070714470524 4.245994786645166 1.3846546605054795 6.702200485346749 7.548284073708169 7.221473804301985 8.518906233886485
1.723992332978241 1.2100979724770615 1.018775724330355 0.8339148446455311 1.2545324914427072 1.1643495396915364 1.689421298202823 0.676175957699662 1.0610823104096885 0.8260130411222993 0.4420609801561527 0.6679592306175064 0.2857424171047144 0.90972794851234 0.8689091457587808 1.2021192619139769 1.8154901978617843 0.5012225966114912 0.9329715556936877 1.3742360098017516 1.2219483442846362 1.2197339408270704 1.1438391792883658 1.2936440437060572 0.4308101732417854 0.5407861315604874 0.994137715199465 1.7516613828901242 1.8145727197834938 0.6120730524041418 1.0393055413202432 1.0470104234719482 0.9663213672349962 1.9460074180759954 1.686612926849199 1.4688480906378152 0.747696385344304 0.4683816771974644 1.8944193979019175 1.598923879585653 0.6422912956041872 1.4799433731500304 0.6818328281952221 1.7600520568440359 0.6190317562956918 0.5975238830733975 0.25103875364307954 1.092593279516867 1.5064084543224951 0.8279932122545531 0.6561573244524341 1.6742895771201383 1.6882279742297428 0.29011455581166873 1.7371348083225215 1.4558113371365637 0.30875543716337833 0.9097276706599725 1.162038121486121 0.48847630779657003 1.8939854239241847 0.2556237454742666 1.5167992173438283 0.4332141428941048 0.8491989573290333 0.2769309321010959 1.3404400970693497 1.5096568147416338 1.4442947608603969 1.703781246777297
0.6341905911142939 0.07377630808507718 0.23281384003203087 0.05921926076859807
0.061007727627951924 0.4166543452370922 0.394342001606256 0.12799592552869987
0.19305661056939638 0.01834847963426256 0.6863614039401944 0.10223350585614666
0.17687895631620887 0.15232384224739492 0.5455930411350277 0.1252041603013685
0.35981006452536546 0.36021873052846043 0.14823392358539988 0.13173728136077423
0.2617955264960272 0.005336762890470248 0.2705637693523203 0.46230394126118224
0.26315835377324615 0.081330365416875 0.6457991877379303 0.009712093071948535
0.12515870156566056 0.4566754120301161 0.07835731718765027 0.3398085692165731
0.08749118198344952 0.6498794843187421 0.24110116820796013 0.02152816548984826
0.4531258559371275 0.11062964443412682 0.026412870997801874 0.4098316286309438
0.44600788927616486 0.19756947196678598 0.12425030091497136 0.2321723378420778
0.5167228887050396 0.10124476707016306 0.10847877191954558 0.2735535723052518
0.4921961509586117 0.07674018697935192 0.1405940514019851 0.2904696106600513
0.26719864087920586 0.03540935922222499 0.6286467209993706 0.06874527889919857
0.10634003089692767 0.3764713617441169 0.0026971705901904786 0.514491436768765
0.09452388745021512 0.016558119802019378 0.09632143331565257 0.7925965594321129
0.053292222327243066 0.5956340755483693 0.016666800913987534 0.33440690121040006
0.33756527798899216 0.18849392363400053 0.4175315878328735 0.056409210544133837
0.4270718144523934 0.00815316755110762 0.19462359954795716 0.3701514184485418
0.34068453091441464 0.3650086187005195 0.15610548622691567 0.1382013641581502
0.3878699431175232 0.034553234324373294 0.3246431071620307 0.2529337153960728
0.23530377311169337 0.15482847770287467 0.4278890437267542 0.18197870545867778
0.4115581540978617 0.15234666458801827 0.11185053197659223 0.32424464933752783
0.17383542030031762 0.13492699041168 0.42926167995323217 0.2619759093347702
0.0026503364006161823 0.06330280860797233 0.04507375228595256 0.8889731027054589
0.060120639331229686 0.23472254544200533 0.028938256385922845 0.6762185588408421
0.3701028160047972 0.0807173402665351 0.4077493135929591 0.1414305301357086
0.7919761820406244 0.0077414616735520525 0.08806352204781809 0.1122188342380055
0.16042409051620066 0.6107137467693815 0.07258180680718918 0.15628035590722866
0.03748120859374282 0.34133832535738484 0.166496659020401 0.45468380702847133
0.08112186787550546 0.42465323163578417 0.04461732935201801 0.44960757113669236
0.07617952034407771 0.4219202698131561 0.15525817597198366 0.3466420338707825
0.1661650230105436 0.12492717618171212 0.011087808233547936 0.6978199925741964
0.10366299413656599 0.08553178319828303 0.42081342228321605 0.3899918003819349
0.3825554461485835 0.10345697091057893 0.4843952284594766 0.029592354481360994
0.3247238074251615 0.2714031524307069 0.26014953357891735 0.14372350656521427
0.1924738806819981 0.3443846470610198 0.22723081722150285 0.23591065503547926
0.16441929744250827 0.16505070026809576 0.07651596683697393 0.594014035452422
0.10369826566681362 0.7132433356488594 0.004141452995254591 0.17891694568907235
0.25137819237528203 0.2998468034935252 0.4330421518871358 0.01573285224405696
0.38519589769214857 0.44475600172886187 0.10837126578916134 0.06167683478982822
0.39447005874965013 0.5052386674940602 0.002158076290118438 0.09813319746617122
0.19102388840214268 0.015115429777990408 0.21782963084983997 0.5760310509700269
0.5320407875182512 0.019700462505360172 0.14296361624704146 0.30529513372934713
0.10178709429966759 0.017777334573276127 0.42792373404590023 0.45251183708115605
0.573040853630596 0.06953806101322935 0.06641420806448617 0.2910068772916885
0.09426532364808415 0.5863927565933017 0.3035427774203189 0.01579914233829527
0.264303127443028 0.2802422477779931 0.39386695569315144 0.06158766908582747
0.1441600051775862 0.6241363019913083 0.03619415195655873 0.19550954087454675
0.3031066659733541 0.0853803990679678 0.09138229423921818 0.5201306407194599
0.10447068460111397 0.059611721626766534 0.19391049688044149 0.642007096891678
0.11268644775056802 0.13831098932608532 0.7135829159606537 0.03541964696269295
0.42103383835565467 0.16612291365289256 0.16790627154757642 0.24493697644387635
0.5083831118337545 0.12577535714620436 0.3533590141754439 0.012482516844597225
0.008733559820958026 0.47332364673117266 0.20229614598892554 0.3156466474589438
0.41406207597159794 0.0022169453557402408 0.42600061509690224 0.15772036357575958
0.3463825759788397 0.028426010134181667 0.41835086354237494 0.2068405503446037
0.15779789495186725 0.017489407078770558 0.40067794702063675 0.42403475094872545
0.21029036810341684 0.6914687701754941 0.09016633287601117 0.008074528845077866
0.33846684989248077 0.30370697769741795 0.2978967561576531 0.05992941625244819
0.2580756215910033 0.008783993081753705 0.5524195399142113 0.18072084541303168
0.033903385395096075 0.2083373772106657 0.22945497088257816 0.5283042665116601
0.026154109054670638 0.03798812114008854 0.47591141105619883 0.459946358749042
0.38766612316679727 0.20128810467331848 0.06499474811795825 0.346051024041926
0.006190397610609355 0.46892809476887565 0.38274171774830246 0.14213978987221254
0.13105700412550325 0.4483681163187939 0.1631762697688024 0.25739860978690043
0.020448202701881413 0.4135056985221959 0.31040251932593266 0.25564357944999005
0.1098841118831525 0.3678463911605405 0.2952433105303841 0.22702618642592287
0.019945875277148306 0.14215501390375185 0.24912935203636288 0.588769758782737
0.17210729322869311 0.05421330595265017 0.23125870692857464 0.5424206938900821
0.5466594999062349 0.2808284136925949 0.06822256820678774 0.10428951819438248
0.6366071567804401 0.04822676178661878 0.026099659495538385 0.28906642193740273
0.540692831479374 0.13875629826466251 0.021896542878300784 0.29865432737766273
0.5575790490952969 0.01980310420216369 0.09344775161069974 0.3291700950918397
0.30113836296867313 0.17918675785572458 0.46860221020212045 0.05107266897348184
0.37156293639456317 0.2038110210604217 0.018131298159037246 0.4064947443859779
0.19681160213978166 0.3479765897534489 0.36303633300694627 0.09217547509982316
0.050810151116937985 0.5542123213369425 0.26078210632073495 0.13419542122538453
0.17406827836231797 0.16914035611317368 0.24162954418100058 0.41516182134350776
0.08392991171969799 0.27342858431722816 0.4642400603807545 0.17840144358231935
0.5830951536602987 0.009137731044266406 0.3331696191132818 0.07459749618215306
0.6422703561892916 0.03443176228992706 0.1818865654820354 0.1414113160387459
0.3290894003956325 0.05879296213386087 0.05118481551664267 0.560932821953864
0.4752216047979987 0.11572372624015814 0.05636429079301819 0.352690378168825
0.2406055957713601 0.010546836748154487 0.4746141178337131 0.2742334496467723
0.5868117667363979 0.029211071474068317 0.20782088986408387 0.17615627192544991
0.0964911029511677 0.7592968111356905 0.1262647449648141 0.017947340948327728
0.08732178649683475 0.14067007125966569 0.03365107879361229 0.7383570634498873
0.32741523717271137 0.5610284259456855 0.07543343891771737 0.03612289796388579
0.08693429874597536 5.649905089455398e-05 0.8705399835858774 0.042469218617252724
0.5626209000589425 0.14013653301831108 0.1843670020628061 0.11287556485994032
0.022474812312774484 0.6973421458626686 0.15213369922671893 0.12804934259783796
0.00845634746158852 0.6924742563059921 0.23150252903904622 0.06756686719337313
0.4171451916965909 0.3104887066018237 0.15847368622756097 0.1138924154740244
0.5843441448635517 0.11865619728537424 0.27372335964400263 0.023276298207071444
0.28422771590868046 0.285814195536905 0.07284365528774972 0.3571144332666648
0.10537658137496164 0.3531448298261969 0.26624433522785196 0.2752342535709895
0.6012556914250283 0.11954715578385855 0.25045705460389744 0.02874009818721568
0.3539488993824472 0.23508257168819835 0.30761546935442385 0.10335305957493057
0.4757993015674631 0.08347432892087492 0.06608934152653367 0.3746370279851283
0.17717261402813378 0.015436086618309197 0.10512859267911334 0.7022627066744437
0.4146412273938428 0.3624450601731417 0.1762786479658497 0.04663506446716581
0.36436539525023526 0.05455594581000234 0.05474821729304191 0.5263304416467205
0.03557702973846755 0.13477717812128576 0.8099592629834853 0.01968652915676139
0.09094439513535846 0.32796332625778435 0.016938454363246924 0.5641538242436103
0.1340418697585044 0.5105661315262112 0.04811162907925204 0.30728036963603234
0.1687691203140652 0.5235017140051998 0.15811731064041212 0.14961185504032282
0.32261529462538174 0.067190856769767 0.14453549768546237 0.4656583509193889
0.27745966390244736 0.09237510159178863 0.513278752334895 0.11688648217086905
0.3209000285977113 0.08414734316184158 0.5549975324968892 0.039955095743557933
0.2924424812005062 0.6405485516337653 0.03031202314691972 0.03669694401880874
0.3086715002962367 0.19468934210169964 0.2670108452663237 0.22962831233574
0.19702146132892784 0.5343339639952983 0.258365009934414 0.010279564741359826
0.5307462895188321 0.0322059558179707 0.04778350353915661 0.3892642511240406
0.04343569595651364 0.5456601497997522 0.32427766987272255 0.08662648437101161
0.031696270096410406 0.11953510251924693 0.5216607592982512 0.3271078680860915
0.3086378138485958 0.32353449524905464 0.10429467539550497 0.2635330155068446
0.15720691288541178 0.05640396547398929 0.4940604687030513 0.2923286529375476
0.41733441518990233 0.40732713219114647 0.016691205112575824 0.15864724750637538
0.06406203048457837 0.3674727582986227 0.17613565935649678 0.39232955186030216
0.3042283709025573 0.33751158583239704 0.13245406379002023 0.22580597947502545
0.1789228698119243 0.09487858330267462 0.7040541150402271 0.022144431845174006
0.0713749980514422 0.34151078355465114 0.08595185536746064 0.501162363026446
0.14170197855209843 0.39323538776374156 0.09124750716634644 0.37381512651781357
0.3255984031402993 0.0009183269391399573 0.34897161585007985 0.3245116540704809
0.06441802302870137 0.24251452747897018 0.024670292419794904 0.6683971570725336
0.6238273097396352 0.12858522493520197 0.13440072190358432 0.11318674342157853
0.22848753932230115 0.014574587493431213 0.04494922421045189 0.7119886489738158
0.1905755154424852 0.4786337498721608 0.24198870766186265 0.08880202702349138
0.12654524779056353 0.41830087035634933 0.2724870552875267 0.18266682656556044
0.052809008170516925 0.1245239847359233 0.48653969752956827 0.3361273095639915
0.3961822572937689 0.32059025244625305 0.18885090242680957 0.09437658783316849
0.04418222051362164 0.1539439184391057 0.5919765008679919 0.20989736017928073
0.03157996844693989 0.10752154202472153 0.805464829889257 0.055433659639081534
0.25083160699921425 0.024015083114631297 0.032502492210878975 0.6926508176752755
0.3168502114094365 0.3909705853347665 0.17232867738096525 0.1198505258748318
0.008181811005129935 0.3711901460460967 0.18446606412326128 0.4361619788255121
0.2538392221259492 0.3652314982656586 0.15270148912645987 0.2282277904819323
0.41929640824013137 0.18301745438081196 0.2961372139357217 0.10154892344333499
0.027235728808337023 0.07067902925408709 0.43357388533232943 0.46851135660524645
