34 40 4 113.68207499570437 227.3641499914087
1.3470551279326868 8.020904144722074 1.8343337980071999 6.6960341783602955 1.1250176348819683 9.42542682476431 4.839169435619801 3.2777780568231716 2.7096877566430293 4.733421696430943 1.1207854876546226 6.836255063408714 8.824318713541308 6.481321331029479 8.271935369934809 8.438601973773997 3.445150003644713 8.528287968049987 3.542872239359573 2.244777423669865 7.43248246508607 5.252829467901756 6.009296327851245 4.470180159336774 9.470319940511006 1.7307160793451661 9.255407358214166 2.4124098278633563 4.997327379010177 2.9089543882374733 2.5722384284684003 5.633182465239477 9.036077842256583 9.313129606531374 8.523806970459088 5.4969156349376345 8.388675193596008 9.409493445322356 8.153306863338385 5.154265919649688
0.26941102558653734 1.6041808289444148 0.36686675960144 1.339206835672059 0.22500352697639364 1.885085364952862 0.9678338871239601 0.6555556113646344 0.5419375513286059 0.9466843392861886 0.22415709753092453 1.3672510126817428 1.7648637427082616 1.2962642662058959 1.6543870739869617 1.6877203947547994 0.6890300007289426 1.7056575936099976 0.7085744478719146 0.448955484733973 1.486496493017214 1.0505658935803512 1.201859265570249 0.8940360318673548 1.8940639881022012 0.34614321586903324 1.8510814716428332 0.48248196557267126 0.9994654758020355 0.5817908776474947 0.51444768569368 1.1266364930478954 1.8072155684513167 1.8626259213062748 1.7047613940918176 1.099383126987527 1.6777350387192016 1.8818986890644713 1.6306613726676769 1.0308531839299375
0.27841212944220306 0.0742776762769608 0.6320867272790761 0.015223467001760027
0.0786623787682128 0.569040359222936 0.15414579740309697 0.19815146460575417
0.24123302122509915 0.3249182859568449 0.08977312888365307 0.34407556393440286
0.07544648805103904 0.12430730479124907 0.6310893994115401 0.1691568077461718
0.47569515139874696 0.37570832636537377 0.10156468724596368 0.04703183498991559
0.04445667729385394 0.9167834050973441 0.0020698533517055084 0.03669006425709642
0.4707199976513726 0.1592069373221695 0.23545675310531577 0.1346163119211421
0.07873413308123811 0.5399478668649511 0.3241220416897721 0.05719595836403868
0.49886320275759977 0.11217781957528028 0.3603502352755087 0.028608742391611264
0.18760619679225643 0.27237606324279273 0.15362042962022548 0.38639731034472535
0.3947117479468081 0.24584826536745896 0.1809220141340928 0.17851797255164015
0.4996838475920746 0.30708296735122176 0.07720732090309801 0.1160258641536056
0.6522170219600668 0.2835017074234385 0.014133561741255352 0.05014770887523934
0.02931153622697158 0.04159696381740707 0.600067472720931 0.3290240272346904
0.003800510587876671 0.07063719053044204 0.03884027395945189 0.8867220249222294
0.003203447693671424 0.17628609180906896 0.02649691634256135 0.7940135441546983
0.15897315924185362 0.06385876039750782 0.6943044714112975 0.08286360894934108
0.0322273737454305 0.7309847113143236 0.007167661547340498 0.22962025339290537
0.8125685241159782 0.021616744730459825 0.13648026653426237 0.02933446461929956
0.18184572958442757 0.4445852465801696 0.18053447973958114 0.19303454409582166
0.00617466870848371 0.025649629066730295 0.6277418680903742 0.34043383413441175
0.15518897388839448 0.4078876508072099 0.3999185862019754 0.03700478910242022
0.5121737836783461 0.03914768400215851 0.43622641459828515 0.012452117721210243
0.01808134963530883 0.10594385916575944 0.598878778989776 0.2770960122091557
0.4161588611119398 0.08187805854015018 0.2540472538930516 0.24791582645485843
0.053906162491266896 0.0005667899356590622 0.6482059500927093 0.2973210974803647
0.07852470636135489 0.05022296368600965 0.5534766297859866 0.3177757001666489
0.7847657521437078 0.01221554054654106 0.13273171588761679 0.07028699142213435
0.3438191317111131 0.18034698622435652 0.26514941936007397 0.2106844627044564
0.005724287738359868 0.2986936663039693 0.02226977880797887 0.673312267149692
0.009478572747183889 0.5107624035754554 0.063252051011638 0.4165069726657227
0.4057062928234827 0.04380763137391086 0.15680565844589944 0.393680417356707
0.881615598014145 0.004820070498965268 0.008566838822703593 0.10499749266418612
0.4484770354823613 0.17929870689200056 0.3592583627518684 0.012965894873769757
0.5190200140622309 0.009674877223256995 0.00674625869906742 0.4645588500154447
0.5957275457453248 0.024009775201927708 0.27903121083785487 0.1012314682148926
0.034221270940008486 0.1426651743565791 0.28781934903148176 0.5352942056719306
0.1452951926442062 0.1261686151929604 0.43703255300644883 0.29150363915638455
0.3190907842184776 0.13313264142762216 0.4832081911471928 0.06456838320670744
0.34577004012972856 0.1096986746454176 0.25327494404590534 0.2912563411789485
0.10859242544912784 0.04246584709469481 0.5480712719036231 0.3008704555525542
0.03415976101733875 0.18937678315389306 0.28857576641252447 0.4878876894162437
0.03348572713329834 0.1161878327687057 0.7047544744333525 0.14557196566464348
0.29152153826900395 0.34451284831996287 0.17101810116656746 0.1929475122444657
0.04109595142580447 0.1329284195959859 0.6653777953897596 0.16059783358845003
0.09102333092744086 0.02109372113969188 0.6326649948698783 0.255217953062989
0.33138402518548926 0.47074527245288356 0.133671338778796 0.06419936358283118
0.02332673110625494 0.14049919043955694 0.6962849443134106 0.13988913414077753
0.22386289974195162 0.6682240735113822 0.07926788579341548 0.02864514095325066
0.27743157409208985 0.3087330445327072 0.19657574765161168 0.21725963372359125
0.06943247738154967 0.8336483845539072 0.026367400953303255 0.07055173711123985
0.4812377121951973 0.28384708099434086 0.23044288044204686 0.004472326368414992
0.32911780849335426 0.08466601382262862 0.035046975703477146 0.55116920198054
0.3221383662920666 0.2449145293859657 0.391022653875018 0.0419244504469497
0.07479813294833837 0.09417295940992243 0.3003794887247473 0.5306494189169919
0.11784538948342194 0.015886228118891177 0.12642979663094456 0.7398385857667423
0.012567880001711607 0.0008306052791211549 0.718770907623816 0.2678306070953512
0.04993875561160255 0.7960492984910331 0.12909140930421825 0.02492053659314608
0.2720576438280079 0.17594345477850482 0.5473659667318701 0.004632934661617183
0.42576086440405525 0.008165504405882595 0.22961380278429988 0.3364598284057623
0.05842152550785085 0.19737918618680006 0.2223276284034864 0.5218716599018627
0.09137330240516361 0.11521318644528644 0.7111576161681855 0.08225589498136443
0.18536802341362713 0.03607431671221262 0.17102420604008173 0.6075334538340785
0.23721397409804568 0.11519085976284626 0.23756254380255393 0.41003262233655413
0.10555361703549826 0.2073468780915242 0.14659288180629615 0.5405066230666814
0.8041658993063664 0.017061347673277827 0.045346314254069875 0.1334264387662859
0.3679460226180754 0.08369897765207346 0.027293653738035606 0.5210613459918155
0.3352793151808562 0.4271823479454935 0.20277829176515605 0.034760045108494286
0.0025219942724545863 0.14078710756458612 0.8059663512182708 0.05072454694468853
0.6418475217049544 0.2869963963221588 0.05923442808676138 0.011921653886125427
0.5533834704746731 0.06666887245919251 0.016939614265669145 0.3630080428004653
0.7085078182030093 0.11279715025855375 0.1317172366454301 0.0469777948930068
0.09206179766825073 0.26892096338832017 0.5074648034131377 0.1315524355302914
0.5433251144754384 0.3641021705599389 0.055240174207810466 0.03733254075681225
0.4612682841512896 0.15459120248825786 0.22840596344107333 0.15573454991937918
0.08784908842872263 0.6311810331664409 0.2467379952201879 0.03423188318464854
0.15242447583082286 0.33488372501945163 0.3822768117301343 0.13041498741959123
0.12285058412376038 0.222887022698381 0.22449458008588008 0.42976781309197853
0.19056665137409756 0.02744745251875802 0.16217190919199131 0.6198139869151531
0.14360933286689526 0.15496784677921727 0.3148485537260197 0.38657426662786776
