80 30 4 84.99698618336035 169.9939723667207
5.697241448502293 7.294657303131976 3.4288207396565524 7.070336872200931 9.172648749819833 7.166351837434666 2.9048800959376972 3.855394667135624 3.405694644666593 2.0845568682415534 9.971712066714217 1.7239572043461462 3.5613977472096745 5.817251792705351 8.612218969814787 2.8011172246711293 8.30839196017254 4.356431118845587 8.286771169050262 1.1079573649876395 7.012624713192254 3.614717765444226 3.9044782481167575 4.759389234347514 5.3775639710032905 9.484106679650308 7.589329516202727 9.780555016602431 6.209489377418542 5.633927999497578
1.1394482897004585 1.4589314606263952 0.6857641479313105 1.4140673744401862 1.8345297499639668 1.4332703674869332 0.5809760191875395 0.7710789334271249 0.6811389289333186 0.41691137364831066 1.9943424133428433 0.34479144086922925 0.712279549441935 1.1634503585410703 1.7224437939629573 0.5602234449342258 1.6616783920345077 0.8712862237691175 1.6573542338100524 0.2215914729975279 1.402524942638451 0.7229435530888452 0.7808956496233515 0.9518778468695028 1.0755127942006582 1.8968213359300616 1.5178659032405455 1.9561110033204863 1.2418978754837084 1.1267855998995155
0.06651688130774791 0.37854244274375015 0.17638534594984634 0.3785553299986556
0.10244003413448877 0.1321956806942055 0.7138660445049547 0.051498240666351
0.0767871701244357 0.014669717802286208 0.5077541948179616 0.4007889172553165
0.714946730271135 0.16770882961135036 0.028966080297347374 0.08837835982016728
0.7378533205495407 0.21409807394370106 0.017842783528183803 0.030205821978574465
0.6542334437761992 0.17216635001023306 0.08956798550365386 0.0840322207099139
0.005383539245101487 0.010307502140923797 0.7085912665303209 0.2757176920836538
0.4471730587080509 0.14280998280457868 0.10738878107133476 0.30262817741603565
0.3046826228584405 0.1614109007595359 0.089393534016598 0.4445129423654256
0.22647320825294603 0.056834387048577684 0.5902533050592064 0.12643909963926991
0.3681357032050109 0.04086047616789246 0.4133524148009966 0.17765140582610006
0.3254232308112296 0.43361490024293925 0.05244953451107848 0.18851233443475268
0.08957725429258723 0.6704074626930664 0.0713108604851369 0.16870442252920947
0.08545856617175385 0.26079484468651426 0.11020417970620255 0.5435424094355293
0.22131609878537672 0.5315965354276612 0.12434165972191802 0.12274570606504409
0.14066560206830547 0.0877099376736521 0.16534669574318217 0.6062777645148603
0.20089651177586254 0.08601889784737926 0.6532770008113415 0.05980758956541665
0.07839058241845209 0.49218262040038663 0.40963352506637696 0.01979327211478432
0.6072612225140316 0.010000579181286717 0.2422237124277089 0.1405144858769728
0.5319638710979459 0.17045790137472416 0.03549951521828476 0.2620787123090452
0.45298586504579974 0.3229410567605222 0.1996778151732601 0.024395263020417945
0.1675900197589575 0.5363972736716255 0.24647772188133965 0.04953498468807738
0.11844977066355078 0.05843346020315032 0.4503315146894873 0.3727852544438116
0.0008253982792368886 0.19087881853530186 0.4600861896557348 0.34820959352972647
0.4922904190105515 0.0787999180060518 0.10271413208205626 0.32619553090134046
0.47177283790391644 0.12272606661768759 0.008169632055580744 0.3973314634228152
0.4135769173166236 0.14779721889723907 0.08470208805136381 0.3539237757347735
0.8349195265037951 0.050964360605175285 0.06623981487166941 0.04787629801936022
0.1863987067253987 0.21102678933764074 0.16047553315619412 0.44209897078076643
0.021949613134583434 0.5764042437457708 0.03552389768614239 0.36612224543350336
0.4758669787602471 0.05345633485710832 0.33640571312006684 0.13427097326257775
0.15086072413508578 0.37852520895105557 0.44490798698131606 0.02570607993254259
0.17184986925202905 0.5429728211889793 0.10648167720383794 0.17869563235515373
0.029057403894830025 0.23106867809848874 0.16676444063782547 0.5731094773688558
0.2671876896868418 0.35534320351087967 0.06398009768003365 0.31348900912224487
0.5752968324311716 0.34047664062662364 0.053236353305300965 0.030990173636903817
0.14370081690754344 0.06685280924904968 0.3809331788574216 0.40851319498598526
0.3919449670985964 0.5081511559919317 0.0027869908170167212 0.09711688609245517
0.19572575509783163 0.4006134475254558 0.25308852704686224 0.15057227032985032
0.7535931796651413 0.028788320178735005 0.1840894819933162 0.03352901816280751
0.013982255318108372 0.11698298744920343 0.029829290500113625 0.8392054667325746
0.6588886345531375 0.007172752839256558 0.004237558201233171 0.32970105440637276
0.12765165710234982 0.052562386968459274 0.036097210387704415 0.7836887455414865
0.17989323401071577 0.22125994828939988 0.259594294428407 0.33925252327147737
0.013414863053786141 0.7065819314226 0.034115763939426946 0.24588744158418696
0.11461667700655731 0.01819020772490565 0.5215563150802618 0.34563680018827525
0.12291832581004791 0.1854095749373168 0.07105865434173197 0.6206134449109033
0.48103547637075106 0.05931830725372955 0.07339519514167303 0.38625102123384636
0.4289931250990495 0.17062047291279814 0.23139950940332588 0.16898689258482646
0.0931599099434981 0.13193772361804812 0.2648865454308337 0.5100158210076201
0.24177197524909233 0.1077324204484944 0.07687975659698232 0.573615847705431
0.16057726579085174 0.4222312813999807 0.1425510069068574 0.2746404459023102
0.11221917389611458 0.15074207386608862 0.7248844334965342 0.012154318741262604
0.039038326506971144 0.1195804330699266 0.27751685510243507 0.5638643853206672
0.11158992465935924 0.048958875154901604 0.019803444486182764 0.8196477556995564
0.13457386579026587 0.3303677112780832 0.4840534694947264 0.05100495343692457
0.4084586687122348 0.10189362617085529 0.33002127587548846 0.15962642924142145
0.01371898409950345 0.7488506511151904 0.07861180212563235 0.15881856265967376
0.53250736618651 0.23031130919823362 0.16636261426646626 0.07081871034879017
0.19181907158547007 0.5319675147531225 0.08848802727603255 0.18772538638537484
