11 30 4 72.91047860484088 145.82095720968175
2.6224271998909225 1.1752771733886211 5.168966738485102 7.524405362729331 4.781832441289547 5.368843883510042 1.1150273313154777 5.386344465878844 9.476259871090296 8.657155804391008 7.569680231987367 1.9786246468207744 9.04513753256573 8.714388223655465 2.485779558357044 6.691006124411465 1.184352515121094 2.050635419020146 3.8473058045128634 2.4212107600744326 7.830816293444548 8.364478220777292 4.101620418632956 3.8691891717619025 2.0049510879519437 1.7555782898985135 7.414533421199586 6.3958905663189 1.5010631162657058 5.318175534934873
0.5244854399781845 0.23505543467772422 1.0337933476970202 1.5048810725458661 0.9563664882579094 1.0737687767020083 0.22300546626309553 1.0772688931757688 1.8952519742180591 1.7314311608782016 1.5139360463974734 0.3957249293641549 1.809027506513146 1.742877644731093 0.4971559116714088 1.338201224882293 0.2368705030242188 0.4101270838040292 0.7694611609025727 0.4842421520148865 1.5661632586889096 1.6728956441554583 0.8203240837265913 0.7738378343523805 0.4009902175903887 0.3511156579797027 1.4829066842399172 1.27917811326378 0.30021262325314113 1.0636351069869747
0.4016764806306522 0.15070734087484505 0.16546535783438154 0.2821508206601212
0.06368643077465541 0.17618824827781798 0.7467986513059952 0.013326669641531397
0.07002280262450244 0.0003597924824544352 0.7197185283268326 0.20989887656621053
0.1688172985854528 0.4472010864871986 0.1766030000072748 0.2073786149200738
0.020732978881171316 0.279219030549383 0.4328733269176218 0.26717466365182385
0.4003284329218084 0.3343392879826933 0.07189907002321938 0.1934332090722789
0.33387442145109236 0.30834043728996274 0.010399881174528836 0.34738526008441606
0.46154029138730046 0.15009170534751393 0.3382013090023668 0.050166694262818834
0.019343362298242628 0.433415802193755 0.2871923533058971 0.2600484822021053
0.36761762506764994 0.36659536223770306 0.059659419329454066 0.20612759336519293
0.1930180802665976 0.14106481403574145 0.3139735476734744 0.35194355802418653
0.31818719398704765 0.0006830457715274463 0.33982211167451337 0.34130764856691154
0.30097916984093387 0.13724150103640986 0.406717859994832 0.15506146912782426
0.2693035401785444 0.07440976678175992 0.6302549488049548 0.02603174423474086
0.4155036692248403 0.11819031267151314 0.09330383729495728 0.3730021808086893
0.4974963527482624 0.021511388839396517 0.20490352103195508 0.276088737380386
0.4477711603657113 0.39291427002293355 0.1304897732423499 0.028824796369005257
0.5565211058717441 0.35527437840422993 0.018970438183295357 0.06923407754073063
0.42039077484565157 0.11845951703942414 0.05663639857797853 0.40451330953694575
0.14491946190451044 0.3605537067150606 0.20748975161346372 0.28703707976696524
0.35778924129581746 0.19613803152576847 0.40213099122670115 0.04394173595171291
0.055084832105785964 0.1777980005235027 0.41516364054330823 0.3519535268274031
0.05411530447521384 0.7131009801389603 0.22186487696518176 0.010918838420644117
0.35583007986260196 0.12242656037023492 0.13571368899052683 0.3860296707766363
0.05295186810844732 0.3076280102883151 0.32097916460146647 0.3184409570017711
0.07837980771565989 0.6277678201120739 0.1082932430873168 0.18555912908494943
0.17079014782816504 0.005113333897792449 0.11513449407737086 0.7089620241966716
0.32037244968918166 0.3531176940310139 0.07837702544265879 0.24813283083714566
0.02773266075835501 0.03771392195183987 0.6224896641612426 0.3120637531285625
0.6037265473927619 0.2576661400205825 0.041254741605680434 0.09735257098097516
0.6020640512488246 0.24591494629814992 0.10112340019966304 0.050897602253362484
0.3380540496495278 0.026561593346513312 0.4318201109919051 0.2035642460120538
0.29026366713531204 0.029104039915597957 0.5860326137491618 0.09459967919992818
0.3614835422032018 0.07475739146195914 0.12557777647971746 0.4381812898551216
0.06288762386070046 0.6382766511828164 0.06938379137150219 0.22945193358498095
0.35843792834815624 0.4060531681963152 0.16841353064287445 0.0670953728126541
0.738252622848673 0.07271395110639434 0.1464774788708878 0.04255594717404487
0.07500199310871569 0.2593621610525243 0.0313060134159131 0.6343298324228469
0.4186634301818408 0.20417057747114875 0.13681545989918398 0.24035053244782645
0.16902881059075237 0.6640085979936751 0.04225717143925545 0.12470541997631712
0.4379592060627783 0.25810696870787897 0.07156606016865086 0.2323677650606919
0.21800337527051994 0.35028629365674635 0.007268872127968229 0.4244414589447655
0.08569480601338675 0.005719780912263439 0.21075010086196055 0.6978353122123893
0.6252248400713203 0.031483966117341944 0.052592211582773496 0.2906989822285643
0.2860446694951897 0.5396075595770605 0.08546943572847665 0.08887833519927313
0.4939130011335059 0.15480919715119457 0.27372803998616946 0.07754976172913008
0.12704826111139933 0.42359120984096954 0.3817742479862686 0.06758628106136255
0.23834610123997146 0.0753330518633829 0.052748057938129866 0.6335727889585158
0.22803686619425723 0.7041117554749645 0.027814025671260012 0.040037352659518244
0.13648451325554378 0.38508897814025933 0.4080316229544414 0.07039488564975549
0.04587020519081331 0.690439266591258 0.22962142491724535 0.03406910330068336
0.05293284911473728 0.6529514095105737 0.1406127185220477 0.15350302285264128
0.2477996424832022 0.2063981576439008 0.5254955081919025 0.020306691680994526
0.05317982877899563 0.259364930502208 0.6029582448174563 0.08449699590134008
0.24699815272037573 0.5846617868101027 0.11629009022167536 0.05204997024784619
0.19072161285288602 0.7208112339161972 0.04064263352515918 0.04782451970575763
0.29909023029198534 0.4915232956810228 0.17077424578406597 0.03861222824292587
0.2484196822431457 0.05028819412274599 0.5805481866865071 0.12074393694760122
0.42265997464635086 0.14564585628155657 0.006350112872702041 0.42534405619939053
0.3519715939039939 0.17905781200994553 0.06862069833224449 0.4003498957538161
