83 20 4 56.17020699994811 112.34041399989621
3.3133818439462592 7.154088247639653 6.97277581812204 7.994173910197599 8.446299655019125 4.210157293613609 4.480624600732158 7.6906824516981 3.5428646358620095 3.6466893269331746 6.165918232935329 1.4241200626177766 4.483757289296621 8.51119411124835 5.689603620179559 2.147720146462476 4.734314731825382 8.387412102391615 4.101845806882377 9.242790112292997
0.6626763687892518 1.4308176495279306 1.394555163624408 1.59883478203952 1.689259931003825 0.8420314587227218 0.8961249201464316 1.53813649033962 0.708572927172402 0.7293378653866349 1.2331836465870658 0.2848240125235553 0.8967514578593242 1.70223882224967 1.137920724035912 0.4295440292924952 0.9468629463650764 1.677482420478323 0.8203691613764754 1.8485580224585996
0.18744716995455146 0.0497362192855384 0.0320366954136595 0.7307799153462506
0.3248903729943491 0.30507789923273154 0.10820806575621111 0.26182366201670826
0.33130640982303006 0.6403434898350432 0.025468221314025485 0.0028818790279012685
0.13924278496026132 0.3606362490976236 0.1571136299986422 0.3430073359434729
0.5477657516507926 0.07516190636880804 0.11651776664549551 0.2605545753349039
0.3072876380675438 0.23908377508806078 0.3239822231006966 0.12964636374369887
0.1458640230874979 0.23986231372989586 0.5112828370254507 0.10299082615715549
0.3348592412507373 0.4641811452186546 0.07366755425147253 0.12729205927913556
0.11988695428329366 0.025426433473632604 0.417492475977014 0.43719413626605974
0.0278316311773108 0.7870605231410177 0.07700623718409416 0.10810160849757733
0.4922649156739277 0.010330234089110157 0.05994137896255658 0.43746347127440555
0.11062251468591999 0.1580466079199414 0.3504684375777949 0.3808624398163437
0.5273667514032582 0.21492499475363136 0.17925416323149723 0.07845409061161324
0.34411802387716117 0.07638729738075667 0.1913775061893812 0.38811717255270095
0.43004515568297075 0.1106215817520706 0.2764102737741583 0.18292298879080038
0.4742132052512713 0.2890457770848114 0.0687125367253727 0.1680284809385446
0.4000054983475064 0.22341316206182138 0.3087854774544724 0.06779586213619981
0.3041020985544086 0.1053717142070083 0.5678250606959337 0.02270112654264933
0.20642102559868036 0.33348876422577756 0.034169687601790066 0.425920522573752
0.19707730164360193 0.17813473838021954 0.22655724580017267 0.39823071417600586
0.027336896603232463 0.5390420433641793 0.15337765447120055 0.2802434055613877
0.21256264314150008 0.10452202251876996 0.029748826441817644 0.6531665078979123
0.11471758877055749 0.06615497362555023 0.7974963054608262 0.021631132143066112
0.611224624587008 0.09920677492996155 0.2888248388464668 0.0007437616365636446
0.20710138180751136 0.5493609063732513 0.14002991675160292 0.10350779506763441
0.056890798250766705 0.29828677776893653 0.13708126160497092 0.5077411623753258
0.24842990877005977 0.23502622794043604 0.1615138198613475 0.3550300434281567
0.014449019599514279 0.011244355777953574 0.5363471216021565 0.4379595030203757
0.19842672903213943 0.6323711211581956 0.031196749709606397 0.13800540010005857
0.2131496096484835 0.2962574046222819 0.010996631156233505 0.4795963545730011
0.01679640632243018 0.114849496625961 0.8271064263580306 0.041247670693578264
0.6242668309849592 0.020253832440740305 0.3245190908246425 0.030960245749658055
0.0679945469237192 0.17572678719349 0.589382147931583 0.16689651795120786
0.10702916854775635 0.32754074279702317 0.29463244130013944 0.27079764735508105
0.05288554374231147 0.5982878110296331 0.07501482455504727 0.27381182067300813
0.12425336822625577 0.2971920514349776 0.22800302250030335 0.35055155783846326
0.1190304498692043 0.1571860010412206 0.3375995417836344 0.3861840073059407
0.15964745182290674 0.30776806147613556 0.4367265816422966 0.0958579050586611
0.1356019636912177 0.7209440599665463 0.11462444286856965 0.028829533473666347
0.08765396440964612 0.06269793533176227 0.6952522952818657 0.1543958049767259
