17 80 4 219.70903914692863 439.4180782938573
3.6519850241839875 5.775280800447647 2.7236870825274537 1.6111032237216223 8.08286913999922 6.907001695982699 6.737688064392723 6.180426043777306 1.3515662456997983 4.22032244035194 9.511148681365668 1.5404021228384681 8.7763789319159 8.895614735332273 1.4607429905840832 6.871767539190893 5.965762317713877 6.377619279151459 5.351757618790019 3.546893447712921 3.6795314647159447 6.05358014793725 4.5644269244232385 8.098306387110096 4.766359468112892 2.295135286977951 2.3581602497860934 1.497172151942414 7.4623347433328115 3.630856190537247 2.7889648498030875 8.48227530079469 6.111920077521679 1.7410577429123268 5.904987165376483 2.430628701105479 7.090861471326644 2.0662503839116884 5.00496459508062 8.991841907414791 8.175409569957791 1.6118085543726375 9.647089808201004 6.932848531384195 7.468984749019912 7.692190886206869 8.989627166970733 2.2055110081821367 7.992771225450222 8.541923609757927 8.463742875175853 1.2624129686782797 4.5133704214892605 4.935267929512368 5.685715571601986 5.4358540674911575 2.1738635398775714 9.85945177895025 1.5913208972627682 6.21355669969663 6.226973425780551 9.589040790012318 2.7769939976230775 1.7499286056736456 8.954777959599134 1.1412657365584935 8.160351826181719 7.91371395485481 8.848394073578534 9.244990777505997 3.4643187362600587 3.127430137443395 3.7946785928084887 7.440789330266266 1.7446194032806301 7.079377987039838 8.726722019897743 7.236071957048555 8.065753221375367 4.179531266025576
0.7303970048367975 1.1550561600895295 0.5447374165054908 0.32222064474432444 1.616573827999844 1.38140033919654 1.3475376128785446 1.2360852087554612 0.2703132491399597 0.844064488070388 1.9022297362731337 0.30808042456769363 1.75527578638318 1.7791229470664547 0.29214859811681665 1.3743535078381786 1.1931524635427755 1.275523855830292 1.070351523758004 0.7093786895425842 0.735906292943189 1.21071602958745 0.9128853848846477 1.6196612774220192 0.9532718936225784 0.4590270573955902 0.4716320499572187 0.2994344303884828 1.4924669486665623 0.7261712381074494 0.5577929699606174 1.696455060158938 1.222384015504336 0.3482115485824654 1.1809974330752966 0.4861257402210958 1.4181722942653288 0.41325007678233766 1.000992919016124 1.7983683814829583 1.6350819139915582 0.3223617108745275 1.9294179616402007 1.386569706276839 1.4937969498039823 1.5384381772413738 1.7979254333941466 0.4411022016364273 1.5985542450900445 1.7083847219515853 1.6927485750351707 0.25248259373565596 0.9026740842978521 0.9870535859024736 1.1371431143203972 1.0871708134982314 0.43477270797551426 1.97189035579005 0.31826417945255364 1.242711339939326 1.2453946851561102 1.9178081580024635 0.5553987995246155 0.34998572113472914 1.7909555919198268 0.2282531473116987 1.6320703652363437 1.582742790970962 1.7696788147157068 1.8489981555011994 0.6928637472520117 0.625486027488679 0.7589357185616977 1.4881578660532533 0.348923880656126 1.4158755974079678 1.7453444039795485 1.447214391409711 1.6131506442750734 0.8359062532051151
0.22019206904373745 0.23354539289846943 0.27367505363202405 0.2725874844257691
0.5156805801975399 0.0579293576034976 0.06726489164345728 0.3591251705555052
0.4981436821039962 0.37290331196096627 0.11695966750646392 0.011993338428573641
0.5147053338756159 0.2174067096590181 0.012867167682172331 0.2550207887831937
0.11938639397855333 0.3295636743184751 0.4099119885498681 0.14113794315310346
0.3651236493904061 0.12797868919612054 0.45482068062203884 0.052076980791434524
0.30893876440744794 0.17391591025799835 0.17825799886062443 0.3388873264739293
0.03696914756503811 0.15161506046809348 0.5225889270356873 0.28882686493118115
0.6439261219721384 0.17025286400249606 0.11486595912456121 0.07095505490080434
0.15720954243394458 0.07832164946046771 0.34990451664531375 0.41456429146027396
0.2350219143212403 0.11222453469599147 0.01336197348697199 0.6393915774957962
0.05589661884601338 0.1086437380184152 0.6299879361320972 0.20547170700347417
0.38970628932173135 0.0903431741788232 0.1700469679943144 0.34990356850513105
0.493037931937103 0.018347679191696664 0.43505294302575226 0.053561445845448086
0.20717010014018156 0.33071935955162024 0.44892099948954545 0.013189540818652756
0.20490864579387014 0.1089788432080595 0.18772149825318907 0.4983910127448813
0.261008943361129 0.13921506692817054 0.4436386318275809 0.15613735788311955
0.1860412125600558 0.39995251101206575 0.006795332175508206 0.40721094425237025
0.17119434728109106 0.057429594597613876 0.684678978086021 0.0866970800352741
0.23844605886430326 0.4828278078852586 0.2655366895934873 0.01318944365695085
0.4973070777225004 0.33379475028166894 0.13042502321329763 0.03847314878253305
0.26389422589032496 0.6711224697377113 0.02306811323418889 0.041915191137774865
0.4299519979229338 0.4194844909542731 0.052152956907020376 0.09841055421577272
0.062429201164529435 0.7768555585752468 0.03130653947342499 0.12940870078679878
0.15082068445721508 0.0006401090651710906 0.46115430572187466 0.38738490075573917
0.18261776061642387 0.1775853161595079 0.6300137787196071 0.009783144504461161
0.3692533101705139 0.07621714705225724 0.31833027426268634 0.23619926851454254
0.3419766060842667 0.4759484905386563 0.061537881816048245 0.12053702156102875
0.07712045666568645 0.4468421615194246 0.14910480451936436 0.3269325772955246
0.3356486742296727 0.2740485058466351 0.3673348860431608 0.02296793388053142
0.39871665076947127 0.2946005581630109 0.08534001114993295 0.2213427799175849
0.386347923912712 0.129498795762101 0.13401320615630308 0.35014007416888393
0.16475174075323273 0.3154801720985425 0.5185295374384422 0.0012385497097825438
0.009511483075170801 0.3533266175865488 0.6030487288595701 0.03411317047871032
0.17525795670443156 0.6130037664530171 0.04905254699080919 0.16268572985174212
0.26724589950074407 0.38584150710448184 0.009931985943178678 0.3369806074515954
0.062052720082548696 0.23970005181342835 0.4936905271505102 0.20455670095351275
0.4790828027605615 0.22687183378746056 0.24841300530614585 0.04563235814583211
0.03536461644768396 0.14384115443417167 0.677769559377112 0.14302466974103234
0.11538227489821473 0.3310462640746863 0.533693925417374 0.01987753560972494
0.12406012570090519 0.31533576408112374 0.3575544880733259 0.20304962214464517
0.21039607412973438 0.09485511240221034 0.09893104768120264 0.5958177657868526
0.28761505143554067 0.04570095970951449 0.5885038074306 0.0781801814243448
0.2669556919924848 0.1753189371109215 0.3295967147678711 0.22812865612872257
0.18622643903592662 0.10146481539106633 0.521649247350139 0.1906594982228681
0.2824314260480332 0.4887872651914734 0.1079364759335093 0.1208448328269841
0.09803453441687482 0.23976859269180395 0.3065415304068857 0.35565534248443553
0.1898164237366904 0.0075337036294953474 0.29586657234496383 0.5067833002888504
0.3961078344133222 0.19917042850526145 0.05379408701772492 0.3509276500636914
0.0741173860196005 0.42169598876025627 0.31739672392806895 0.1867899012920743
0.10076517249612638 0.3521480657119683 0.5304111369477991 0.01667562484410623
0.4027422063230124 0.4197224895042313 0.12844161167716972 0.049093692495586594
0.296265013402216 0.1872859114550839 0.11614812078320169 0.4003009543594984
0.13177769253327876 0.019824135683939703 0.3873412078186659 0.46105696396411566
0.2089824234395663 0.22966172908229188 0.2628803515888569 0.2984754958892849
0.2213875432501924 0.26661284528449014 0.28454767066929376 0.2274519407960237
0.08021193433823703 0.006994119231633622 0.2248903876312056 0.6879035587989237
0.26069513618012785 0.15810865782890804 0.0297662698893294 0.5514299361016347
0.10276854179162787 0.6769549944739852 0.07194801466418976 0.14832844907019715
0.008720673377126453 0.2668311946431756 0.09392596933948982 0.6305221626402081
0.49564813488484694 0.3191987229689198 0.13503741883955234 0.050115723306680904
0.31900744857697383 0.36736182778833415 0.13169716704057854 0.18193355659411348
0.40976730323549115 0.11293689849360289 0.46582123980483425 0.011474558466071705
0.38444466133715627 0.06922800304768084 0.05459789649084146 0.49172943912432143
0.09965915223959843 0.5022350196640262 0.03246492429714365 0.36564090379923175
0.01696104159533962 0.4149987752799732 0.04256177898830993 0.5254784041363773
0.013706189693830306 0.5402168310092899 0.14131257802260866 0.3047644012742712
0.024895254380492893 0.8821922039619191 0.05260246743798569 0.04031007421960231
0.05655169101433577 0.044457626806234996 0.536161107385318 0.36282957479411126
0.6665156451541793 0.18209193638222676 0.016000362850591143 0.13539205561300283
0.013392180220207939 0.23764406891502066 0.33362474462607905 0.41533900623869235
0.24407301348983357 0.2556354307210309 0.07241451105220142 0.4278770447369341
0.3857720825877228 0.29505672369157654 0.0767326540363007 0.2424385396844
0.2583031339876035 0.2747278144528872 0.2679984983625753 0.19897055319693402
0.135380093016772 0.05194207900771908 0.36273121985640533 0.4499466081191036
0.10251593852628527 0.2500510523179289 0.31246549604073603 0.3349675131150498
0.018175057955108986 0.3582004225138745 0.11004697574842282 0.5135775437825937
0.2603403253352191 0.2645184912861487 0.35057033922900827 0.12457084414962394
0.22843729839347726 0.18986877723482654 0.04476560214184633 0.5369283222298499
0.6085711509254682 0.13370699768492778 0.0037640159866400014 0.253957835402964
0.06412777290220895 0.18124461755754107 0.24230493900879835 0.5123226705314516
0.10616885236333873 0.4636561935315081 0.39052074812919757 0.03965420597595559
0.08015133786402995 0.6329350711233944 0.11978452608163837 0.16712906493093727
0.4130626280958577 0.41055735892415757 0.02292150809703497 0.15345850488294976
0.3105036139431915 0.21045586738730926 0.3763277936013084 0.10271272506819085
0.1300150130737544 0.3744625049178367 0.2785286031005496 0.21699387890785926
0.16373230849016773 0.37701513670412534 0.4258827090782874 0.03336984572741952
0.6874317440662987 0.094596013961746 0.10614280792781239 0.11182943404414292
0.26988141269516275 0.2155175734067344 0.2096430873022217 0.30495792659588117
0.425240464086586 0.15782600458876728 0.3702362231656825 0.046697308158964224
0.1688734483529436 0.04564357133283148 0.3859903069339612 0.39949267338026373
0.23247042560172015 0.5178936229105422 0.04134526958419127 0.20829068190354638
0.33761466765737647 0.3806270962674879 0.14055542992013903 0.14120280615499659
0.600518275557823 0.2741717387579997 0.06104369708900059 0.06426628859517669
0.08353762038601176 0.7458412229674413 0.126809428691661 0.04381172795488597
0.10611344922958055 0.21940494708269953 0.552800357498634 0.12168124618908593
0.1365644864046166 0.3935722861482418 0.03834851400293893 0.43151471344420267
0.013715933293031335 0.001999298796783955 0.3929476692259094 0.5913370986842753
0.18988373787072155 0.4003366340145462 0.12425410585537522 0.285525522259357
0.5397451964974905 0.13717778259017832 0.24488216416172592 0.07819485675060522
0.002205093485656895 0.5550560243007783 0.3408662602186878 0.10187262199487701
0.13575153226767522 0.5826897092292752 0.040709248702090695 0.24084950980095887
0.055297157475056924 0.15026991069887552 0.3105061797427221 0.48392675208334546
0.03378230610799049 0.580980755082679 0.07927093045365041 0.3059660083556801
0.7279363664643402 0.11201547369724285 0.08586525286464353 0.07418290697377339
0.1987425837363549 0.19236080290677393 0.006838776356453913 0.6020578370004173
0.556270204982893 0.21312401966843975 0.23038915899828394 0.00021661635038328075
0.3360116871555001 0.10294645457195384 0.3126024636969872 0.24843939457555886
0.48762092818895764 0.03862370344380939 0.3326224069017808 0.14113296146545218
0.13515543168847632 0.5250645258697648 0.1620016996167949 0.17777834282496396
0.3022381123692436 0.2571624361192201 0.38345169398554624 0.057147757525990106
0.22269923159481464 0.03871300251735266 0.41596442223467245 0.32262334365316025
0.2644157033458697 0.5187822631823064 0.17012009674691064 0.046681936724913276
0.6030358454066767 0.08276236580184237 0.08238130953749356 0.2318204792539874
0.10302198485040048 0.3275771203061215 0.4697785614055823 0.09962233343789573
0.15528813406099173 0.06044783368913109 0.4936149203088934 0.29064911194098375
0.6568796087946455 0.21821433533856083 0.10093526874976744 0.02397078711702627
0.35897841560254384 0.2501920847030654 0.05411983251840946 0.3367096671759813
0.15048852852814543 0.06635914391929587 0.6635791879089874 0.1195731396435713
0.5099118661727364 0.17478635326977 0.21898659212101068 0.0963151884364829
0.54839396345846 0.10739305571650681 0.04307389329142686 0.3011390875336063
0.3292105645054222 0.3806558129055334 0.07759202264566933 0.21254159994337507
0.2861254028906376 0.21930056773826312 0.21627900922069865 0.27829502015040064
0.03743961513831806 0.25232047223510423 0.11083794382986656 0.5994019687967111
0.34214842236376486 0.2777440448180911 0.2684239996753379 0.1116835331428061
0.5878037434756893 0.016593989427010625 0.09771420354320415 0.2978880635540959
0.07374350368710603 0.2709381136327311 0.06781536506375174 0.5875030176164111
0.3162951249316185 0.12211504001420204 0.24782716432719898 0.3137626707269805
0.11696455339503675 0.02382411148820973 0.22485193859726538 0.6343593965194881
0.426032373121778 0.009587099318466685 0.03814545295725025 0.5262350746025051
0.41792803792450184 0.4968521770423686 0.022354165908448964 0.06286561912468058
0.09500749515849582 0.2059953214373813 0.09375715555594222 0.6052400278481807
0.02785164147033614 0.5681630048560694 0.3120745008995267 0.09191085277406774
0.14604689707378438 0.25926351030810646 0.4017445224616778 0.19294507015643136
0.032011491828504046 0.16994510576072808 0.5008068788702781 0.2972365235404898
0.897725166527007 0.04831305776067707 0.005240438709171236 0.04872133700314474
0.0022665332019460305 0.5290011798003054 0.23825126197691604 0.23048102502083256
0.0391611739727733 0.011796293352367093 0.5021083616387869 0.4469341710360727
0.27457764032203313 0.4807708048255446 0.07975789847892079 0.1648936563735015
0.30729687977393383 0.2965555078163996 0.305142142998181 0.09100546941148557
0.0794226413665019 0.1606121203898474 0.09198880091607486 0.6679764373275758
0.21025813226971213 0.10245598758685226 0.0495032615284855 0.6377826186149501
0.23810244221267673 0.6929215102822358 0.025075500677494644 0.04390054682759281
0.23406334014790742 0.27374954540748886 0.07124824572146837 0.42093886872313535
0.13923611723320017 9.528246289958187e-05 0.5612114602265235 0.2994571400773768
0.05651413710511621 0.32870881002980135 0.5722192004778206 0.04255785238726184
0.5294302769000496 0.1258899541455698 0.19898713935118761 0.14569262960319296
0.15695889679805963 0.26179950484854075 0.10833580285195055 0.47290579550144907
0.5684014437462847 0.19064760245039947 0.22727764090304992 0.013673312900265966
0.021590066492838456 0.015340476635581468 0.7244723164533174 0.23859714041826263
0.5407344979170884 0.15461601208402498 0.1223733917865113 0.18227609821237534
0.1213401952578087 0.2755665763480295 0.382263142775483 0.22083008561867878
0.1129060008311169 0.38224589579822577 0.12344679489019339 0.38140130848046394
0.20969205739223917 0.05119030720121087 0.41535502121129575 0.3237626141952542
0.2233933944688845 0.43672917040661086 0.16280615909752671 0.17707127602697792
0.15639922447258492 0.41847844504774856 0.2690052428767634 0.1561170876029031
0.0729884850063599 0.14675293016407676 0.7779332272763286 0.002325357553234708
0.3216953499935973 0.16910748222398464 0.0690444761156811 0.440152691666737
0.13337380503819074 0.46120942712953894 0.02401436908421084 0.3814023987480595
0.5388969805639314 0.07282199709681225 0.23421604771952553 0.1540649746197308
