71 20 4 60.870405366234316 121.74081073246865
2.670177473366854 4.47939372737863 8.487065787734528 2.7882770413589397 9.249021693095425 8.094796305746044 7.503438559418536 9.961250687780183 8.60834928328903 3.1035393119991315 3.9017298864573897 7.449904065330275 1.9254916031265643 6.400816138502858 2.2263750813362795 9.093284947605001 3.214065732686359 9.582369911470096 8.094614886040596 4.906848608745898
0.5340354946733707 0.895878745475726 1.6974131575469056 0.557655408271788 1.849804338619085 1.6189592611492087 1.5006877118837072 1.9922501375560366 1.721669856657806 0.6207078623998263 0.7803459772914779 1.489980813066055 0.38509832062531285 1.2801632277005717 0.4452750162672559 1.8186569895210003 0.6428131465372717 1.916473982294019 1.618922977208119 0.9813697217491797
0.25462555203662296 0.3147815384516589 0.29002413782485936 0.14056877168685877
0.037502469218454904 0.03798050255841623 0.2623587754878839 0.662158252735245
0.2362254680911663 0.6407058980326348 0.04377207277561779 0.07929656110058114
0.13721686287438495 0.17257837408750942 0.42089724938412576 0.26930751365397987
0.419373885847666 0.3523486407203127 0.17822686066182825 0.05005061277019307
0.15931771056183175 0.5522703562077924 0.14563253130459486 0.14277940192578098
0.07927965623367383 0.17387640219610545 0.013466263936473433 0.7333776776337473
0.22256042299483692 0.22685510614322058 0.5151778022790832 0.035406668582859346
0.3649652479788772 0.5272645870854719 0.04832666447776679 0.05944350045788416
0.2735942557731593 0.08349350225799801 0.5026098951572208 0.1403023468116219
0.7431231151296024 0.08802652650676124 0.15114338931246785 0.01770696905116853
0.14035695943246929 0.6539107028797636 0.009188299964674296 0.1965440377230928
0.6903046307098317 0.07617872110399715 0.10221220417629395 0.13130444400987717
0.09555949648247752 0.44343604962755256 0.3099502050641383 0.15105424882583163
0.3986898517288281 0.20568364190072508 0.17079269339791125 0.22483381297253557
0.18681716568218643 0.009706839134993817 0.271186718522737 0.5322892766600827
0.25480478851709576 0.11030123875146702 0.36657051575517363 0.2683234569762636
0.19465607725825929 0.19237780983032482 0.1963279248881865 0.4166381880232294
0.13828317810310353 0.36228297488809347 0.017915315685438138 0.48151853132336486
0.4483166204652569 0.1695729850623231 0.16449042529002456 0.21761996918239546
0.2875613098308989 0.08406733481551565 0.5549946481588262 0.0733767071947593
0.22652234962028195 0.09755996434112069 0.30302633112852884 0.37289135491006853
0.1849155277537451 0.06876114233760511 0.03715339138487794 0.7091699385237719
0.4830945125656291 0.21190288550510394 0.07326810935676353 0.23173449257250345
0.4352496425483162 0.0945157059560523 0.035077338608364705 0.4351573128872668
0.013776385816136272 0.536731200816246 0.1484177453239245 0.3010746680436932
0.5384425714353355 0.07518965643430864 0.3619647197234426 0.024403052406913317
0.12274005410064504 0.02470340556924744 0.8242277043747276 0.02832883595537994
0.11504425234136706 0.12126397018923785 0.3317845190298865 0.4319072584395086
0.19228086580854764 0.4651962470213934 0.17770174799540306 0.1648211391746559
0.3002799385965972 0.12706212897873437 0.18806743249636593 0.3845904999283025
0.1564969165656349 0.5705554028887155 0.07895650727782844 0.19399117326782112
0.5403068007232976 0.2131048100530043 0.042144346969714475 0.2044440422539836
0.07662576448073122 0.6055933749505457 0.04826739695417104 0.2695134636145521
0.015887579297748644 0.644305842639859 0.3203308479818323 0.019475730080560028
0.14463136734874604 0.14945122730241978 0.5560213222328929 0.14989608311594127
0.5042553985848793 0.28696952427433364 0.016588105228057648 0.19218697191272938
0.4579513539268951 0.30841097075496837 0.03610025754924984 0.19753741776888667
0.05736544960643486 0.25092113700760743 0.5710632686279038 0.12065014475805391
0.10017915519815968 0.24649190029554424 0.45983573101683906 0.19349321348945703
