82 20 4 60.73631669699562 121.47263339399123
3.477031028212039 6.753076848327427 6.615092911018419 8.002380765838744 5.3030217655045 9.632204969399263 9.97690786038536 8.492619488173613 2.834605467863149 2.2064500132971805 6.535131551810037 6.33688351843367 6.803024441979704 9.898484786401415 4.01646351176842 8.276669422368014 7.038234287424518 5.8432605329290395 1.6255791319431832 1.8055110909135599
0.6954062056424078 1.3506153696654855 1.3230185822036837 1.6004761531677487 1.0606043531009 1.9264409938798526 1.995381572077072 1.6985238976347226 0.5669210935726298 0.4412900026594361 1.3070263103620072 1.2673767036867338 1.3606048883959407 1.979696957280283 0.8032927023536841 1.655333884473603 1.4076468574849037 1.168652106585808 0.3251158263886366 0.361102218182712
0.07656551366099551 0.28977752985690264 0.505449249580309 0.12820770690179284
0.3844905295629424 0.057342030747409845 0.23075577771978173 0.32741166196986604
0.09734246767297083 0.06725613699632071 0.7334940106598683 0.10190738467084015
0.26219394011748076 0.458611328921707 0.2675205704886857 0.011674160472126549
0.015089156761581957 0.08154068440306095 0.8049735520404185 0.09839660679493856
0.004796904840458249 0.0652311148075283 0.20475012024389083 0.7252218601081226
0.23213341892327244 0.5821713776282189 0.0821952143467547 0.10349998910175395
0.02147903629339143 0.26201664612356834 0.049745712389646646 0.6667586051933936
0.2910222072639196 0.007502738646172125 0.2591659125013541 0.44230914158855417
0.05773277831971424 0.5267616460437605 0.37936388352175965 0.03614169211476559
0.32395144337357584 0.3966881843415363 0.0658080839836459 0.21355228830124195
0.3942147485315711 0.49004614939785496 0.10760161751779274 0.008137484552781182
0.445980387327782 0.24589119778968715 0.02971826917063103 0.2784101457118998
0.5666901267805949 0.18569788452671643 0.05491316849227568 0.19269882020041296
0.11597282733154879 0.041234387216575685 0.14085635715759448 0.701936428294281
0.1852220426010599 0.6340319413787461 0.0902281292163073 0.09051788680388673
0.14053916033501102 0.38304189361272534 0.28302394183524315 0.1933950042170205
0.06630833471503983 0.3759840738568484 0.08588912694093609 0.4718184644871757
0.4454537628633445 0.0810906842155168 0.24394577835423614 0.22950977456690258
0.019407164738009297 0.231709225139607 0.7333817251003314 0.015501885022052297
0.011868254685289847 0.3322396658905792 0.24392613999239154 0.4119659394317394
0.03226895457235002 0.021273745926044363 0.7705897330368651 0.17586756646474055
0.18839489018807598 0.14139384032652258 0.6074785993139268 0.06273267017147466
0.09290576071897483 0.03976447857091925 0.058667371875048224 0.8086623888350577
0.15402306254098452 0.012477010619969642 0.447907824766259 0.3855921020727868
0.4642721755077338 0.1168156175121382 0.32704298811478694 0.09186921886534105
0.1199266965234368 0.03912016163255416 0.24343320696896786 0.5975199348750412
0.30650838643372236 0.420853811493348 0.09396632884811207 0.17867147322481758
0.33733418078191457 0.008983031569095856 0.6061329514227484 0.047549836226241204
0.19911251439476108 0.021240607221905683 0.23265383173533238 0.5469930466480009
0.03356490134629886 0.21153698393976494 0.03143623603041279 0.7234618786835234
0.21655608469331733 0.13873357686539856 0.39837282639556904 0.24633751204571508
0.802328892065909 0.05525378796787439 0.044941841637586855 0.0974754783286298
0.43486191626868864 0.1819863408230551 0.13823826727110278 0.2449134756371535
0.2941783780833477 0.06666760617651613 0.40707730729725045 0.23207670844288575
0.09010178797648039 0.2998539509128244 0.42992452600613384 0.18011973510456136
0.12865998750495966 0.21488868561488128 0.49015977855192927 0.1662915483282298
0.00526085006499355 0.15309618146405424 0.5730611748244002 0.268581793646552
0.7242205846748522 0.25517562400941707 0.0063634657362722225 0.014240325579458535
0.06684511640086743 0.7054690210563772 0.15598978818410814 0.07169607435864722
