6 40 4 122.15476045444805 244.30952090889613
9.035741362924014 3.987818247710595 8.391062107520487 1.375269631527249 1.9689101194237115 6.355468577856162 5.768356259735395 4.769266857009889 4.018670643459963 6.6026748897648115 4.943272834979867 7.622938957138212 5.662327707993419 6.209727402035414 6.8081958630603445 9.912018442360747 8.378723772296572 4.718808413345627 8.886408896859646 8.413834893134691 1.4902705704011918 7.467735129077749 8.219535061820277 7.62765979430295 7.382185757030506 5.868431688722753 2.123417569425488 9.618825659227015 4.629306688614278 2.952560442912041 7.455482618079875 9.947866945797438 3.3005265004075155 7.041784887453524 6.391053218252049 7.455989309999618 9.436145811804142 4.166287916857318 3.282706877242564 4.622252581330957
1.807148272584803 0.797563649542119 1.6782124215040972 0.2750539263054498 0.3937820238847423 1.2710937155712325 1.1536712519470789 0.9538533714019778 0.8037341286919926 1.3205349779529623 0.9886545669959734 1.5245877914276424 1.1324655415986837 1.2419454804070829 1.361639172612069 1.9824036884721494 1.6757447544593145 0.9437616826691254 1.777281779371929 1.6827669786269381 0.29805411408023835 1.4935470258155497 1.6439070123640556 1.52553195886059 1.4764371514061012 1.1736863377445506 0.4246835138850976 1.923765131845403 0.9258613377228556 0.5905120885824082 1.491096523615975 1.9895733891594876 0.6601053000815031 1.4083569774907048 1.2782106436504097 1.4911978619999235 1.8872291623608284 0.8332575833714635 0.6565413754485128 0.9244505162661915
0.4061077960583893 0.04439148468677667 0.296011436439819 0.25348928281501504
0.3983729188112832 0.31125568735791886 0.055122377331265016 0.2352490164995329
0.18910711553486437 0.0004350748355161915 0.14526385413224296 0.6651939554973765
0.8369085929071826 0.007319827915386323 0.041035658914802764 0.11473592026262835
0.4041566546727281 0.21425385378186024 0.2075227807145953 0.17406671083081637
0.05883729016413808 0.08043431532683432 0.7855221594642239 0.07520623504480373
0.1482915326009432 0.015197218163675252 0.08812539240585959 0.748385856829522
0.5129401860856384 0.14706963255975936 0.298712781670576 0.04127739968402622
0.11703303553464184 0.08749022231049097 0.39934329886197284 0.39613344329289435
0.036608530436010756 0.5100992958404749 0.31632258082285625 0.13696959290065813
0.12565834166662404 0.1416806637073198 0.5608176797250033 0.17184331490105287
0.17940634553953905 0.38186878665206225 0.04672118864269137 0.39200367916570733
0.042732501652877675 0.7076979698679597 0.187962135145747 0.06160739333341558
0.013623744191839093 0.04915249563942514 0.504020531493787 0.43320322867494876
0.03979555804662849 0.08454012515391518 0.36114958259014607 0.5145147342093103
0.18031763150334423 0.0963489571751871 0.5025673648474956 0.22076604647397302
0.24581485130675285 0.009170842586462169 0.22851788419711272 0.5164964219096723
0.2246456342207055 0.36242878678010726 0.38599808387845336 0.02692749512073389
0.019385808980997732 0.23017336005882527 0.7191069112756211 0.0313339196845559
0.02640239805893896 0.3398587368440883 0.4002202787726431 0.23351858632432965
0.26619804519415946 0.089988119647755 0.5953131459877524 0.04850068917033312
0.23813067121040488 0.05873043562043978 0.6675719092761628 0.03556698389299251
0.2522774400445402 0.017270649971919405 0.5948883949158513 0.13556351506768904
0.24162770380508714 0.2605871787414149 0.4030437483673728 0.09474136908612518
0.014306451540300857 0.4045312538786715 0.25145199075579994 0.3297103038252277
0.2070889975480471 0.008234667423797859 0.24036433059039453 0.5443120044377605
0.007894747940961677 0.5702587164854025 0.06650906321565608 0.35533747235797974
0.17963963084022172 0.10507245692265033 0.5371350944868191 0.1781528177503089
0.570167146057021 0.34078505029714934 0.031951504901987726 0.05709629874384192
0.04177758422838851 0.0656773853713094 0.7086308623606296 0.18391416803967253
0.10724631864191714 0.0827128038134185 0.02700966594756271 0.7830312115971017
0.13990345034074603 0.17968693661491564 0.46603699080891603 0.2143726222354223
0.27679967455769117 0.38541091253365567 0.18928443989092503 0.14850497301772814
0.6779625879939475 0.04644352086369863 0.10497964427485273 0.17061424686750115
0.573620931912805 0.26611220106255395 0.07036808347923018 0.08989878354541081
0.0335122841211396 0.424764962943026 0.22314360740634132 0.31857914552949307
0.6149501149592423 0.11039553862559892 0.09543906614340558 0.17921528027175315
0.5947785357950778 0.03968180015734357 0.017233439890838365 0.3483062241567403
0.08873827959453551 0.26685581659313884 0.5344595437359173 0.10994636007640834
0.23554235584663108 0.4052388996809517 0.16488106618192144 0.19433767829049575
0.3738084341003529 0.3502621333113354 0.26530928086831407 0.01062015171999764
0.08245855331170848 0.20140083024598887 0.48702158275018237 0.22911903369212028
0.33110407412108767 0.14014689061422736 0.2634840789783359 0.26526495628634905
0.1808246260859393 0.43419940823643677 0.36152898608530193 0.023446979592322004
0.47610887327334417 0.20712095721429746 0.0586538570613675 0.25811631245099087
0.19266547475121587 0.21243698261277577 0.2977226000344195 0.29717494260158883
0.04137550130090173 0.6068497397656089 0.034061889608073215 0.3177128693254162
0.06622048081343157 0.2750761104064894 0.5031307458988683 0.15557266288121074
0.4903677932571596 0.09684589771857566 0.12323664446704163 0.2895496645572231
0.31540357558877097 0.052421083345341235 0.19064195929005667 0.4415333817758311
0.27635045943263903 0.28643062006003717 0.21225384881368214 0.22496507169364166
0.04174887615355327 0.6263888586733888 0.1151189365105535 0.21674332866250445
0.49705097583455327 0.28895488297741 0.030861637633780137 0.1831325035542566
0.11291833478714641 0.43712285092795855 0.024683039251918948 0.4252757750329761
0.011605844415387367 0.2898162527197524 0.3324720393389733 0.3661058635258869
0.06697796308146708 0.23456757701269415 0.09920293413415493 0.5992515257716838
0.5237721878560011 0.09937776328007397 0.22875851066835218 0.14809153819557275
0.35474752954185884 0.623966276084612 0.002967583111029848 0.01831861126249934
0.12943570725402642 0.4833946821980726 0.09227354626928908 0.2948960642786119
0.20009350511422008 0.05597009919346463 0.6781175607751334 0.06581883491718188
0.04893908806575353 0.09338862533435988 0.10528423918984997 0.7523880474100366
0.059335972698002504 0.596691851416507 0.22679693144819557 0.11717524443729488
0.15514089742075243 0.3930637532901853 0.2964734349236856 0.15532191436537668
0.01876689223113215 0.46592250100679544 0.4305789925046092 0.08473161425746323
0.09713039137032065 0.023417835647226437 0.1500151813689662 0.7294365916134867
0.11350963458792207 0.6315458311989508 0.1851877883804316 0.06975674583269553
0.641871839423087 0.038379440953712485 0.10427693429493146 0.21547178532826905
0.646829335341223 0.07944366826364035 0.11520354793706511 0.15852344845807154
0.040492282104544364 0.04477533976250736 0.37718828933709814 0.5375440887958501
0.4191977391510995 0.0323654156933445 0.30415643286257055 0.24428041229298547
0.2880185884350409 0.1762486349155452 0.37914336212383604 0.15658941452557784
0.6118213351620728 0.0939293493946145 0.20334349109712635 0.09090582434618633
0.25897947376885955 0.3764985180903323 0.28829047328427837 0.07623153485652978
0.3055872539721948 0.20090618788873993 0.17680461743763876 0.31670194070142654
0.004145027377523536 0.11579459331289232 0.8283302350147274 0.051730144294856784
0.41246601419179685 0.06518580279409403 0.2772396175715426 0.24510856544256654
0.3463091534927728 0.04655819288905216 0.17060529342518793 0.4365273601929871
0.12859401976213314 0.259142597551672 0.4800558591219596 0.13220752356423526
0.3147263464457982 0.3627400316765448 0.18644899947371074 0.13608462240394625
0.35732326166237793 0.23237300089459845 0.009136284803152095 0.4011674526398715
