69 40 4 101.33658002048877 202.6731600409775
3.666242455051902 8.28160944105994 4.152272727010703 8.104683307878034 6.052140781935153 3.2823005879811986 1.9447937531659814 1.5261465627719175 7.059631426928598 7.280466913015391 7.595048853564885 8.090866526479394 1.687386883542335 3.8591253695796786 7.669209494652641 3.956448062575432 5.231309364280398 2.629771459612159 3.911539616281906 5.094155403702894 5.766674639335774 3.637274937872363 3.4927763309216275 7.103377647774547 3.101128305450868 7.095298327585637 4.890992478101437 4.488996567392054 4.019015859746441 5.6189991188110735 9.88922002923763 5.778229341557386 7.123925418762083 4.520212599173229 2.0490057590654063 7.365031537324509 4.722544851039725 5.1042972886917 3.9875728222171256 1.843437189846401
0.7332484910103804 1.6563218882119881 0.8304545454021406 1.6209366615756067 1.2104281563870305 0.6564601175962397 0.3889587506331963 0.3052293125543835 1.4119262853857195 1.4560933826030782 1.519009770712977 1.6181733052958787 0.337477376708467 0.7718250739159357 1.5338418989305282 0.7912896125150863 1.0462618728560797 0.5259542919224318 0.7823079232563812 1.0188310807405787 1.1533349278671547 0.7274549875744726 0.6985552661843255 1.4206755295549094 0.6202256610901735 1.4190596655171275 0.9781984956202875 0.8977993134784109 0.8038031719492882 1.1237998237622147 1.9778440058475262 1.1556458683114772 1.4247850837524165 0.9040425198346458 0.40980115181308124 1.4730063074649018 0.944508970207945 1.0208594577383399 0.7975145644434252 0.3686874379692802
0.19091752157285335 0.0025916900169000723 0.26420748445863995 0.5422833039516066
0.03198771223661634 0.2251043061277631 0.6700974227239118 0.07281055891170873
0.3910502178883323 0.26052418225475105 0.31572163678294884 0.032703963073967834
0.1267851475022781 0.03613260717249811 0.28013366793621264 0.5569485773890112
0.7696255696817745 0.20854993432206037 0.004436864516999983 0.01738763147916511
0.4046784137150877 0.186902718833877 0.08222920664732014 0.32618966080371514
0.02170204214452065 0.2377829452207627 0.16135476407994231 0.5791602485547743
0.22910880978639725 0.17331328679646785 0.1450938034249324 0.4524840999922025
0.19507262853552654 0.23214890747472972 0.2916096530216692 0.28116881096807456
0.18924039702508433 0.07618861031506641 0.3520599568088081 0.3825110358510412
0.3068129327552067 0.2774975086245758 0.10654970706603606 0.30913985155418144
0.06714565067377654 0.4986384564938098 0.3247362876490938 0.1094796051833199
0.06778206723193037 0.4843067563415403 0.3450036767726644 0.10290749965386492
0.4468665688517708 0.4388117333290179 0.0827094497045533 0.031612248114658015
0.04235634543141953 0.048142484958792586 0.34403829361230276 0.5654628759974851
0.41905871456184207 0.01172870560627659 0.3118420925434907 0.2573704872883906
0.506216898690405 0.06748757674044858 0.1104678367598213 0.31582768780932513
0.19078937730632906 0.24086652702591504 0.02154829624783361 0.5467957994199223
0.1219738702378863 0.47322077593883394 0.10921670823020946 0.2955886455930703
0.1613964866977987 0.3778984414066079 0.3394874994261349 0.12121757246945852
0.09294767183181452 0.2345442442821234 0.35674573202641435 0.31576235185964774
0.13597082143499084 0.19599099891500626 0.37158220499026484 0.29645597465973805
0.12860831401405548 0.8206922802135895 0.006718653904943195 0.043980751867411794
0.07135745038468833 0.7849373141925082 0.07706581185434691 0.06663942356845654
0.04251279730225055 0.007411596101571494 0.3155159699046939 0.6345596366914841
0.5149335698048852 0.028786843923110927 0.0787318193628338 0.37754776690917
0.10505671876021139 0.03197798931406304 0.6838517319510471 0.17911355997467848
0.15732973529287586 0.30080678530918725 0.35382855234902455 0.18803492704891234
0.2453231074615938 0.3809583477923024 0.12757515145840947 0.2461433932876943
0.02273287017168002 0.6294554841755923 0.07138669025050237 0.27642495540222534
0.528712931960023 0.22971898171431604 0.15414800291093778 0.08742008341472318
0.1912863171395125 0.28366847836575027 0.34080548806481936 0.18423971642991788
0.2727042524948051 0.16316258611002865 0.3244561971817793 0.2396769642133869
0.031225466941162128 0.6227553352428727 0.32760427695610184 0.018414920859863293
0.1772149995544633 0.02435052685527772 0.4283457726388853 0.3700887009513737
0.23314203282881585 0.05357185807724407 0.41638745891674733 0.29689865017719275
0.012466879902763517 0.18549865214017547 0.21081946775195293 0.5912150002051081
0.18690859079993993 0.23852199094464965 0.13425068179549604 0.4403187364599144
0.04811273940763683 0.36308048129053894 0.47770500050833675 0.11110177879348748
0.8748633748188587 0.02392069783909334 0.01822066892576013 0.08299525841628785
0.07588166476887537 0.38914682662177147 0.3407644173143354 0.1942070912950178
0.06937376769742032 0.08308178197667038 0.3941703704328211 0.4533740798930882
0.37876973050352947 0.4775086331145212 0.04103015884609196 0.10269147753585739
0.532802108369059 0.022356457344461123 0.3905766554149317 0.054264778871548236
0.28127815478903406 0.020167974922427945 0.01050389099436344 0.6880499792941746
0.05818320873854366 0.3748905692105984 0.1479447130298147 0.41898150902104325
0.5186368138299484 0.1755990646924258 0.00047312981638725216 0.3052909916612385
0.001007943590017546 0.06554641673714934 0.29733648502461185 0.6361091546482213
0.11394336180512143 0.5036993406557785 0.14275524375184778 0.2396020537872523
0.6057837311891423 0.06900448796189662 0.04947182701322361 0.27573995383573746
0.5403514236240866 0.06381428948901047 0.25534768329261615 0.14048660359428677
0.2282102698780194 0.35036071917256195 0.2671060591091776 0.15432295184024103
0.4201677351565193 0.20120821294686786 0.20646030002519522 0.17216375187141764
0.22445298556976356 0.037582324941020206 0.4035656558793559 0.33439903360986034
0.33140249622173956 0.3424537390466149 0.2148376473973952 0.11130611733425033
0.2880079704388021 0.16584531467908437 0.27039658192575955 0.275750132956354
0.08079130110978516 0.2925464102486378 0.2738923277231061 0.3527699609184709
0.3929245278413911 0.4131479844564627 0.05426484949323507 0.13966263820891112
0.3514311885453367 0.4115454512999204 0.08684358660325298 0.15017977355148993
0.46080967106902626 0.02522357859641844 0.06183190004357453 0.45213485029098077
0.2738796474053551 0.2065990094132949 0.41714671429770145 0.10237462888364857
0.2084703210831398 0.5608203294801112 0.20416016355968558 0.026549185877063453
0.1878151634965004 0.31952211695663946 0.08580006543992247 0.40686265410693767
0.037567314675084895 0.365286364700694 0.1565005555579294 0.4406457650662917
0.12728766392940616 0.2974677417089653 0.2676557465280077 0.30758884783362084
0.1496631280588795 0.39051859475118655 0.23699449410584117 0.22282378308409279
0.09463344244170413 0.011788238434314424 0.11218565090560662 0.7813926682183748
0.232786594227967 0.12024455122141786 0.5271362077654652 0.11983264678514993
0.025185538057022616 0.22331935357014376 0.5771461139447912 0.17434899442804241
0.1121359144976225 0.1258745958533959 0.6630300594950711 0.09895943015391051
0.34172038437199403 0.6157541593359693 0.02029383664466433 0.022231619647372303
0.20817234540837615 0.2030489903945677 0.12212391820588353 0.4666547459911726
0.15057691306313192 0.3020586132293781 0.0973788518418699 0.4499856218656201
0.32717544424533396 0.20138874325757228 0.05016889809703673 0.42126691440005704
0.4623772199778461 0.47620507072147344 0.009434354223927244 0.051983355076753224
0.21942279354819327 0.5318191111598904 0.20213946399244687 0.046618631299469415
0.018821500158281324 0.21064329744070787 0.667253867262467 0.10328133513854376
0.8219217388538976 0.04520523116209718 0.10305251457644149 0.029820515407563697
0.054257595353084276 0.21105110821096795 0.4253598007553524 0.30933149568059537
0.4423162143316315 0.11724330270903904 0.038529742555083235 0.40191074040424624
