54 10 4 26.257811423247073 52.51562284649414
4.781646704266965 4.269155472685771 2.6638901898530656 5.664544553507286 1.0774490680789235 9.720425860475377 8.212431304148147 7.81580789747789 7.0433587165764155 1.2669130794243086
0.956329340853393 0.8538310945371542 0.5327780379706131 1.1329089107014572 0.2154898136157847 1.9440851720950754 1.6424862608296293 1.563161579495578 1.408671743315283 0.2533826158848617
0.18963101438430252 0.201931015596029 0.22516111533157668 0.3832768546880918
0.30787317223872956 0.017250861863238542 0.39509388447003935 0.27978208142799255
0.17538452565231977 0.28537242657369055 0.12425742428347097 0.4149856234905187
0.054583431488057 0.1409729578006218 0.6606607830159098 0.1437828276954114
0.20938295412814045 0.05170322028292662 0.5553037885156491 0.18361003707328383
0.21706215137323426 0.014320637488513865 0.7155924380317752 0.053024773106476686
0.7287849641727001 0.15394038958244216 0.05894934748525771 0.05832529875960002
0.041727725605836374 0.7410209857188809 0.09949044651162997 0.11776084216365279
0.19569747893631007 0.4759641845842598 0.039399613410943446 0.28893872306848667
0.00926992477610411 0.06478578643246269 0.7372986324064982 0.18864565638493502
0.4047940389966348 0.3623116054861045 0.15916831950814436 0.07372603600911631
0.1719866816874419 0.0811676706623311 0.743803110637915 0.003042537012311941
0.16382659214869089 0.07132741626386974 0.23838154894808927 0.5264644426393501
0.47089377574221547 0.24163110745304117 0.2807321963533024 0.006742920451440981
0.44061904112717243 0.03043822994568457 0.0018465408921241044 0.5270961880350189
0.16071548217278975 0.00046146559219983896 0.46056457087087377 0.37825848136413665
0.09609818119638547 0.024848391900687106 0.7551446544424343 0.12390877246049314
0.6307389876224354 0.02286890898807481 0.003858692456217949 0.34253341093327183
0.169222888175248 0.28549548660141955 0.3422217035788836 0.20305992164444886
0.047122738848154544 0.7028997100148197 0.05890413168247144 0.19107341945455436
