26 30 4 90.0921630046609 180.1843260093218
3.7714145736247375 5.674523313747707 7.914678953841761 8.102986625537739 8.835058562282411 2.69129252459862 3.4255472105522644 5.465729268890751 7.652095724023396 2.754567924774765 2.617707220533208 5.84943632717638 3.544890441498798 7.848458825158888 3.4272364748135264 3.6416755838260464 9.66164960451497 9.21892893553999 6.113573608651983 5.369431186031763 6.883339335837266 5.8296645867643715 9.961650076603776 2.27784217493293 9.778074729163539 6.576017266023768 7.4843758693447695 3.655572142380146 6.401187690130746 7.7557192485207915
0.7542829147249475 1.1349046627495414 1.5829357907683521 1.6205973251075476 1.7670117124564821 0.5382585049197239 0.6851094421104529 1.0931458537781502 1.530419144804679 0.550913584954953 0.5235414441066416 1.169887265435276 0.7089780882997596 1.5696917650317777 0.6854472949627053 0.7283351167652092 1.932329920902994 1.8437857871079981 1.2227147217303966 1.0738862372063527 1.3766678671674533 1.1659329173528743 1.9923300153207553 0.455568434986586 1.9556149458327077 1.3152034532047536 1.4968751738689539 0.7311144284760293 1.280237538026149 1.5511438497041583
0.2956424100617966 0.3457237645786907 0.24736406676221556 0.11126975859729715
0.2769972679782826 0.28340787930675393 0.00951212381960942 0.43008272889535404
0.09671889716483129 0.8719475912507663 0.004955282846003772 0.02637822873839868
0.18629732131295906 0.05331810837818185 0.6439404504515457 0.1164441198573134
0.08144908788369443 0.10516015981876448 0.76628797821017 0.04710277408737107
0.10819530972483438 0.025663828039078296 0.8180591640730274 0.04808169816305996
0.33681723855337 0.027902409005298057 0.6257502785458998 0.009530073895432145
0.27785227286203606 0.5045988998010744 0.20295460990899927 0.014594217427890244
0.2714507069953772 0.13833065721303917 0.23039237900105713 0.3598262567905265
0.7005968143903352 0.04470098199067629 0.11805558153302476 0.1366466220859638
0.06674945786468267 0.315512595184158 0.22998245577112553 0.38775549118003383
0.10370929014777408 0.4518227947345005 0.3579931364093255 0.08647477870839992
0.08527820827265054 0.19034920434098646 0.08905480234275298 0.63531778504361
0.2271162687640278 0.035424503767273574 0.432562018787116 0.30489720868158265
0.5891876309222562 0.2178315166323791 0.05032245767640231 0.14265839476896236
0.5539161096852093 0.019652136758963268 0.4145103915000611 0.011921362055766327
0.058418338736477504 0.055033745192717864 0.37213850170827945 0.5144094143625252
0.26516346696075965 0.29503770532637896 0.2402649889511731 0.1995338387616883
0.07040963791060295 0.17265033140902397 0.12706977170808653 0.6298702589722865
0.05315249970252589 0.749801067926025 0.06555024697698808 0.13149618539446106
0.18079532374809626 0.035129307233923046 0.07684429923709779 0.7072310697808829
0.8599531260223079 0.03364189754501745 0.0028771909888781755 0.10352778544379648
0.4698033808371014 0.029572893338037143 0.4036304076663563 0.0969933181585052
0.40620396062325914 0.1986851074271927 0.06458171297548188 0.3305292189740663
0.30440174022842126 0.4572484978709658 0.22389204309119026 0.014457718809422704
0.27736457077925614 0.050817792173886156 0.0910104391628469 0.5808071978840108
0.11918020133296636 0.02646467925770879 0.7569642677086185 0.09739085170070638
0.11756727849874493 0.08295029828930967 0.26015592610632543 0.53932649710562
0.10014906120750511 0.04904404645176019 0.4018297841475179 0.4489771081932168
0.07339122040597457 0.09737502371218743 0.1604593760218318 0.6687743798600062
0.6446713525167016 0.03792236031548479 0.24070574668585654 0.07670054048195707
0.12642995368539767 0.28262954057084866 0.4452839260419208 0.14565657970183288
0.05095638493065513 0.303386488205454 0.5676232544077532 0.07803387245613769
0.10381475029334164 0.6489055152655706 0.0172544211497464 0.23002531329134135
0.5120469382571524 0.011192836029873199 0.26734224973661025 0.20941797597636413
0.1986245132408213 0.32773531975845205 0.10636539259224387 0.3672747744084828
0.5083079395724364 0.1249558097894703 0.3424613454866404 0.02427490515145292
0.03879476767733292 0.27493329827266944 0.0383442416993548 0.6479276923506428
0.26775209091489005 0.21914570699609648 0.4590121811515996 0.054090020937413885
0.06151639886477467 0.3923931565578006 0.0074217694669294065 0.5386686751104953
0.01343251361449116 0.2829582037833238 0.38322952986266723 0.3203797527395178
0.005044305171323482 0.2519839715482931 0.5768286687368239 0.1661430545435595
0.18765982074701926 0.10481842294859667 0.4769857667166031 0.230535989587781
0.5139522806639644 0.13109421990886427 0.23263625580508784 0.12231724362208352
0.4377752881819109 0.34747539549506246 0.11530086633235892 0.09944844999066771
0.1328640222180001 0.48803915530326947 0.11535641509254835 0.2637404073861821
0.09582671964620382 0.4637101628473136 0.14206557054202362 0.29839754696445897
0.06030629779692065 0.36953752650470884 0.06289612946639422 0.5072600462319763
0.08612453271754317 0.10279322020713244 0.749711861291349 0.061370385783975356
0.14501094055062158 0.14789330300837678 0.27582785425788636 0.4312679021831153
0.08279114714619884 0.09130512309955852 0.7936089957157961 0.032294734038446515
0.8097574654899066 0.1253958447711735 0.007427115434983422 0.057419574303936516
0.10653309772623099 0.23366249271296957 0.6565123871813857 0.0032920223794137282
0.40500390516965146 0.021735471896567327 0.5352223882699945 0.03803823466378675
0.17990150104605152 0.4652857985003098 0.2060637674700806 0.14874893298355807
0.09720666426833735 0.17916437934970864 0.6284592523955367 0.09516970398641733
0.13254191010062122 0.3299525479760964 0.13239145883743786 0.4051140830858445
0.5779586073019982 0.17532923765300001 0.03524725827820829 0.21146489676679348
0.006035351707172398 0.5095887468014989 0.1320281682145661 0.3523477332767626
0.3845010768349594 0.4093123547552716 0.10081913419538702 0.105367434214382
