47 60 4 154.5585524323342 309.1171048646685
2.021396247042846 9.77034784992811 7.558611701509956 4.163210253034313 7.368446244331729 8.196441414940484 6.8100566905746325 4.731396464693497 7.354279101457083 3.219844435971777 3.303931881681661 1.2161021873082483 1.8885335936392948 3.7039279182515954 6.767701100293832 3.8998715326253106 2.669447242683014 9.254741941337631 3.43828723037293 3.4619310243772183 9.589714141586885 2.144031139531572 7.72538364891434 1.0471416012901236 8.711115470779287 7.263605811895281 5.977231338110938 9.417122177047442 5.613611767691925 2.5985085903621132 5.8317921321800705 3.6411383618190705 1.0954184761059378 8.954206460130216 6.907695833111014 9.480303753825655 7.704507679929644 3.404894011844428 4.256765900459931 5.737634970155353 5.921964739552164 3.3280329158526447 2.571727125278282 4.246392317512557 2.261640387527365 4.5017078963649695 5.246995007312155 9.719442307223023 2.3101070458009514 5.62829249588959 5.74886646990611 3.7471826447075216 2.437072805350701 6.372203733377969 1.9335592964704622 6.111694796670089 4.47675742708188 1.7624984290029637 6.057992593988337 6.832645106972368
0.4042792494085692 1.9540695699856219 1.5117223403019913 0.8326420506068626 1.4736892488663458 1.6392882829880968 1.3620113381149266 0.9462792929386994 1.4708558202914166 0.6439688871943554 0.6607863763363322 0.24322043746164965 0.377706718727859 0.7407855836503191 1.3535402200587663 0.7799743065250622 0.5338894485366028 1.8509483882675262 0.687657446074586 0.6923862048754437 1.917942828317377 0.4288062279063144 1.545076729782868 0.2094283202580247 1.7422230941558574 1.4527211623790561 1.1954462676221875 1.8834244354094885 1.122722353538385 0.5197017180724226 1.166358426436014 0.7282276723638141 0.21908369522118756 1.7908412920260433 1.3815391666222028 1.896060750765131 1.5409015359859288 0.6809788023688856 0.8513531800919862 1.1475269940310706 1.184392947910433 0.6656065831705289 0.5143454250556564 0.8492784635025113 0.45232807750547305 0.9003415792729939 1.049399001462431 1.9438884614446046 0.4620214091601903 1.125658499177918 1.149773293981222 0.7494365289415044 0.4874145610701402 1.2744407466755938 0.38671185929409246 1.2223389593340177 0.895351485416376 0.35249968580059277 1.2115985187976674 1.3665290213944736
0.6619339451146399 0.21827229086304767 0.07390270942891097 0.04589105459340148
0.25247741468160834 0.19227318535118854 0.44907287941097807 0.10617652055622506
0.44292787324078353 0.03855444405944086 0.2929756989384047 0.2255419837613709
0.6081446209055624 0.22715133801598475 0.14267219448184276 0.02203184659661006
0.4006212445493138 0.08766957698413758 0.4287650536306644 0.0829441248358842
0.313588323726645 0.24998580173877127 0.07834806480009537 0.35807780973448833
0.5504994242346507 0.3066670627572794 0.005970660772339542 0.13686285223573036
0.27991926669347267 0.034856550004568 0.49355982022159495 0.19166436308036439
0.003349256902538955 0.3463325033032414 0.04796738261518729 0.6023508571790324
0.3242618665170247 0.021119928983946545 0.6375267270911386 0.017091477407890188
0.0797121165635416 0.08876203819230843 0.5430277545963397 0.2884980906478103
0.5148873878970676 0.12789115506015403 0.055479867415204276 0.30174158962757414
0.14796805927342627 0.10955990534383686 0.3804375198468264 0.3620345155359105
0.2889973518655785 0.20279252489743893 0.31018423277432783 0.19802589046265473
0.2819790263998275 0.2455249617775409 0.33710089890704287 0.1353951129155887
0.2427568627899086 0.34594622377951423 0.1947437591298491 0.21655315430072808
0.021983486663739282 0.30397253033324634 0.35341810502953974 0.32062587797347464
0.25044599353849883 0.14921667468291622 0.14763020764577017 0.4527071241328148
0.6772474899915016 0.01299316922939664 0.14323435005534535 0.16652499072375637
0.1733672650093694 0.07983087493136376 0.607764895249656 0.1390369648096108
0.728267211583555 0.13059620629811464 0.10400955217079799 0.037127029947532364
0.008685043400014192 0.07045062168690153 0.7180864572166248 0.2027778776964595
0.007528848824627454 0.07781496375336894 0.4057076319446642 0.5089485554773394
0.17192437168683983 0.018396871332772013 0.6356471503196091 0.1740316066607791
0.5394503076455006 0.05973490216963251 0.06915582138132048 0.3316589688035464
0.5485169340400997 0.017134975079561743 0.3704621781011691 0.06388591277916944
0.47440970874114863 0.03999348096245181 0.4772707214492736 0.008326088847125934
0.24978329458628135 0.031783644168468794 0.6376061322164375 0.08082692902881239
0.19158200028724426 0.2613480727144314 0.06621235538193226 0.4808575716163921
0.11126381956756781 0.6073276243724455 0.25661732387418124 0.02479123218580548
0.12356699864936826 0.6650560520280812 0.18262374446482887 0.028753204857721704
0.15744349935204394 0.4647157366417578 0.3692639499789333 0.008576814027264956
0.10122119583107614 0.5409256987839727 0.2757294896095357 0.08212361577541549
0.08106907960169629 0.7305286354596701 0.05886830797738751 0.12953397696124613
0.14259933593192486 0.16858977882928639 0.6436985111854658 0.04511237405332291
0.4702851431734213 0.03955637154016001 0.17516041215813039 0.3149980731282883
0.2545547064790058 0.025998959299626145 0.542222991557451 0.17722334266391704
0.044346280667063476 0.5820016507619776 0.13103281571481973 0.24261925285613917
0.18015059279738566 0.06856276096541836 0.6355022211535065 0.11578442508368947
0.8006781453048158 0.018295348406295542 0.10681477757141122 0.07421172871747739
0.1534408251044741 0.48631523494666595 0.3161948214912339 0.044049118457626046
0.4259049765969284 0.24219408681713606 0.2337246492078564 0.09817628737807915
0.16347505715468236 0.08161475940233398 0.69922625571091 0.055683927732073646
0.2974672550156452 0.5306732761713103 0.1528749808040526 0.018984488008991884
0.00039730138731353115 0.46667659673410145 0.32903096759711914 0.20389513428146588
0.3993179919059987 0.23559352755455987 0.1470442266108044 0.21804425392863702
0.17164442411174252 0.018643661353601404 0.19919421122135428 0.6105177033133018
0.17016491643696519 0.5124328202378873 0.28309398682391074 0.0343082765012368
0.08153661054427985 0.10610827014785984 0.6979340877155586 0.11442103159230166
0.4349038717525878 0.46851877010441956 0.056531118360262256 0.040046239782730364
0.0900538079346429 0.07077064791439047 0.33062247525681165 0.508553068894155
0.21764103814359614 0.18725066887378594 0.527596173645159 0.06751211933745893
0.04649605290699432 0.10287541859851457 0.751604518532884 0.0990240099616071
0.3082893643541743 0.34339041576263685 0.054386700217838424 0.2939335196653504
0.5936991329824208 0.12086411900625849 0.24347543561492035 0.04196131239640033
0.409027119434904 0.26966237568235907 0.30091406528778475 0.020396439594952187
0.02053212741270949 0.3797430749135806 0.49059990959304656 0.10912488808066334
0.6716101584701775 0.18848433355813765 0.03839867851155876 0.10150682946012612
0.5140941510931739 0.10827198290978846 0.12668886592709572 0.2509450000699419
0.78340009174036 0.04460007776380015 0.046656444407689124 0.12534338608815077
0.05902445626966857 0.1302183530263702 0.5945153514552081 0.21624183924875318
0.3771513337602156 0.3769025359129514 0.1730366528663605 0.0729094774604725
0.3029007250817266 0.22523212315793883 0.3509156628136618 0.12095148894667274
0.08537583850883246 0.4398691328433214 0.07679490490572383 0.3979601237421223
0.21688351936536976 0.32828863755009485 0.35514085888764935 0.09968698419688604
0.4736305143076015 0.11565313978777703 0.1687349256235201 0.24198142028110137
0.4764979154642507 0.18441647560189367 0.1388798594996591 0.20020574943419656
0.03875307567633712 0.4166865382555799 0.3406152149775571 0.2039451710905259
0.05942669054264138 0.5522070302068777 0.3417976128895608 0.04656866636092016
0.19499636050305635 0.283798702492283 0.49796473773633443 0.02324019926832621
0.015405647692592672 0.023162566445446564 0.7161128936451004 0.24531889221686032
0.15134197957959894 0.4134770828975829 0.3370267778426128 0.09815415968020536
0.4932150463411943 0.3066549263582161 0.02455778071853154 0.17557224658205806
0.09760276876600382 0.07236852170542629 0.6261897345375209 0.20383897499104897
0.7262273123084882 0.10279695807657818 0.10687878578426602 0.06409694383066755
0.14192015992943408 0.15153216523011404 0.24801320483281353 0.45853447000763836
0.3518672490490148 0.003446907050001502 0.27618407091273256 0.36850177298825115
0.35355663899227874 0.26133305552586494 0.136342939442748 0.24876736603910832
0.058999056483725165 0.71271325300134 0.1733129301013695 0.054974760413565305
0.43073967804308777 0.22767059908776144 0.28655620648442504 0.055033516384725756
0.1583552260324731 0.7093956709912769 0.01613353991841493 0.1161155630578351
0.39646202753708726 0.42246340580544284 0.005982882903197817 0.1750916837542721
0.44319310966882386 0.25419752310313115 0.07506763323371712 0.22754173399432787
0.7837188832670547 0.09639414243820499 0.07822198358938515 0.04166499070535512
0.12366150167751244 0.27807345762436975 0.5706183410757828 0.027646699622335014
0.3630389223459144 0.1252968261693559 0.004579863328480704 0.507084388156249
0.13839975284257255 0.22984684096444052 0.10931178625709403 0.5224416199358929
0.44937090292256743 0.23969316120400386 0.22489082180370323 0.08604511406972548
0.21657347351092215 0.5154872919355586 0.24463120636720592 0.02330802818631328
0.01915101469302738 0.012160774264369567 0.8189138473694669 0.14977436367313612
0.2080279345753674 0.1768349229328422 0.3144703285646473 0.3006668139271431
0.03549936322828451 0.2309049104886607 0.17882017156303942 0.5547755547200154
0.13818558002730008 0.7137383550793396 0.1078687949442253 0.04020726994913504
0.28383010361156025 0.04226726921715562 0.6433236333280486 0.03057899384323548
0.20804588076684782 0.013001859416025385 0.14109694137625395 0.6378553184408728
0.00026512149238600013 0.10152457790189162 0.20014238727000333 0.698067913335719
0.460465100088844 0.12951688028504904 0.12018691346646804 0.2898311061596389
0.53418136438499 0.046679054045144386 0.3051239651751171 0.11401561639474855
0.40029420048079933 0.3801801300797387 0.14293916896360503 0.07658650047585691
0.24165290533551087 0.011890881923087848 0.743036678693037 0.003419534048364259
0.42115339426922616 0.18023929052628307 0.20250802187376116 0.19609929333072962
0.040428287451725886 0.16926471179372338 0.26698969520063887 0.5233173055539119
0.5368039033143851 0.011108577634327932 0.2842228035938609 0.1678647154574261
0.03735535748652652 0.5188357013696336 0.3948814091327648 0.048927532011075026
0.5753229738634753 0.032829319053819805 0.04131443407763402 0.35053327300507087
0.06436791129051178 0.30594643698160906 0.2168883316579765 0.41279732006990266
0.22507112643214933 0.4079627769055666 0.13940316284286847 0.2275629338194156
0.33165389509759424 0.5176102897489296 0.0692838040675331 0.08145201108594302
0.47077932691751256 0.10905382432718769 0.30487947419630834 0.1152873745589914
0.24990278196144788 0.03658250142162467 0.437685761259584 0.2758289553573434
0.13754845404930993 0.24931266369706107 0.5129443799161388 0.10019450233749017
0.40745087928794566 0.19618494806621656 0.36315038964123814 0.03321378300459965
0.30654668875036595 0.3877651462591891 0.2994323983647874 0.006255766625657522
0.05194808484862934 0.24312312444649586 0.08491722690561643 0.6200115637992584
0.21359717632802266 0.26030293670980365 0.4690591507848463 0.05704073617732741
0.22754464325972346 0.47943330507049386 0.11026923263028043 0.18275281903950225
0.06554009743424549 0.12172646028843115 0.19381248172563847 0.6189209605516849
0.2961365503517034 0.2642744591670859 0.078105457494128 0.3614835329870827
0.3140607772781844 0.41837212150805037 0.2009749657525325 0.06659213546123277
0.6270183754689319 0.10132164516216924 0.056000561230412416 0.21565941813848644
