76 20 4 61.75877740912605 123.51755481825208
3.7974681978071976 8.370884986469651 4.012773621143726 2.743421668061884 1.9928199254734036 9.660790787015987 8.785425265643218 8.671707765183006 1.7155992889185332 7.84664999255794 8.741739476302143 2.4881610458858487 6.906752730394965 4.32510146134716 8.356948471718034 9.268755235233188 2.468981888985737 8.48911153095937 4.985540277306267 9.888921201844822
0.7594936395614396 1.6741769972939302 0.8025547242287452 0.5486843336123768 0.3985639850946807 1.9321581574031974 1.7570850531286435 1.7343415530366013 0.3431198577837066 1.569329998511588 1.7483478952604288 0.49763220917716977 1.381350546078993 0.8650202922694319 1.6713896943436068 1.8537510470466376 0.49379637779714736 1.697822306191874 0.9971080554612535 1.9777842403689643
0.739223948913754 0.040578553883475865 0.12244545304529286 0.09775204415747729
0.2836583918987605 0.5846689374758637 0.04184507044295893 0.08982760018241687
0.11233779139242672 0.6043024050602009 0.2518089787724188 0.03155082477495352
0.03782519133623763 0.04288984325002587 0.7990141814275107 0.12027078398622582
0.1988209906766346 0.3058355341094259 0.09516924494775536 0.40017423026618415
0.12663637676840755 0.1553082628773531 0.4311093346617053 0.286946025692534
0.6483632316155289 0.22449704997848186 0.059584949304420376 0.06755476910156888
0.42350873101746145 0.10922966056268968 0.19401335614343274 0.27324825227641614
0.008916724294643519 0.03467479857813138 0.2886341069439706 0.6677743701832545
0.11294486188761865 0.11918514461758156 0.6535424487625402 0.11432754473225959
0.11414910424532654 0.01642500756895182 0.16366896564301137 0.7057569225427103
0.07081839391475964 0.018240639401965963 0.41642822819298597 0.49451273849028843
0.15208268754577503 0.012721189321062698 0.5005861341059775 0.33460998902718475
0.12096773711797304 0.23360167803620813 0.402962725974534 0.24246785887128486
0.006043446239698325 0.6458344728291134 0.3299049290843362 0.01821715184685202
0.07255114599442603 0.6346731284013373 0.15247838637621702 0.14029733922801968
0.11955444872731213 0.34153686776973957 0.0364244126854556 0.5024842708174927
0.21239334246652253 0.18039551543545584 0.485193862164066 0.12201727993395561
0.2775613640157897 0.009589158114008622 0.420897281991804 0.2919521958783977
0.04284650223485087 0.286160269894704 0.34620262117278955 0.3247906066976556
0.4942264616661264 0.06835256455790328 0.11006903897219344 0.3273519348037769
0.4568880215501585 0.358807322905097 0.09408742214760957 0.09021723339713494
0.07801878186979971 0.4442547639765849 0.4760437417972997 0.0016827123563156743
0.5407606738501642 0.1421694104235407 0.21594183580912796 0.1011280799171671
0.22558085584056897 0.03212825437482336 0.535098569853045 0.20719231993156262
0.1252335116673149 0.16391309139180288 0.23788927046914277 0.47296412647173947
0.10047647121555414 0.5925254303547975 0.20869974974758188 0.09829834868206644
0.04555487192544605 0.6487294740224041 0.28994948044714886 0.015766173605000988
0.371946846009672 0.059516508798366785 0.3684248658456091 0.20011177934635216
0.3579937838765065 0.024301522705585943 0.46996716509190306 0.1477375283260045
0.1103012445547844 0.35646740754266915 0.37855119564280815 0.1546801522597383
0.1753034241890179 0.10542331954771267 0.005657078131237836 0.7136161781320316
0.08005191427350578 0.484525162165936 0.21186263311151887 0.22356029044903936
0.10654890425227925 0.08854439574816853 0.14837589781549487 0.6565308021840573
0.015998121311615487 0.43896155861593367 0.23057184260815244 0.3144684774642984
0.06789515134696755 0.22833623316150553 0.40640782970491385 0.29736078578661307
0.04289465068264553 0.8889408393906637 0.007351728919481437 0.06081278100720933
0.21943515124379398 0.4359222680294381 0.25328679921493336 0.09135578151183454
0.43101995237867496 0.3382504310195661 0.09540485776162377 0.13532475884013517
0.10880559528734557 0.16859700088800822 0.3332770830845462 0.38932032074010003
