9 90 4 241.67555469595052 483.3511093919011
1.0933673849712995 5.516871329338649 5.461959638207315 2.2044657606334894 2.278999769090847 2.9670280806347042 4.766573624594072 3.232910515722032 1.7565368604881506 4.109487760453601 2.500987118790893 8.907031769793932 9.558676284640448 1.3487353824908785 7.291966522588849 6.154838340124683 9.082064064026346 7.002090756276729 5.930540047418334 7.3218468166124975 4.478294526531989 7.249948099880124 8.423834180504933 5.191016278305392 9.464719685739905 8.23365793011086 9.850233234018992 2.526726318253904 5.689762403138175 9.509656752786166 6.845864168444286 8.747487309031271 9.737614108812027 2.6698751824101463 3.1880410778206763 8.860607587910124 9.156495492311569 7.824501881169839 4.122117583979677 5.171812425856518 6.494839667633165 5.466535459040683 5.301766121845122 4.9199991828971115 8.833674667838778 2.686227823552794 7.189066838734076 7.331762564212493 9.326800695439967 1.3550933590684036 6.824050421906002 6.742485862456465 5.155278962236273 1.4775348203685372 1.347138308461225 2.525782727870892 8.150930982806855 2.4634544190407275 2.2486482980159668 4.176252579094137 5.360486096375219 7.279627466113998 8.210407885261173 3.400969393647472 9.185285883324251 1.2058025497270917 4.376104862461965 2.796699957834022 4.085247062452693 4.997010655396418 5.483256493256134 4.729116923196594 2.928303665964437 2.949757414541759 3.0907641452184875 7.5617705856377135 4.74326800313313 6.255083602124196 5.449029446194361 4.8704213279006785 7.612892353325527 6.00594838123284 3.723675774940059 9.737183753321103 3.0235835091097374 2.2489224125920546 6.534392278259968 5.4273604535627165 2.6483746028789845 1.9837946364822971
0.2186734769942599 1.1033742658677297 1.0923919276414629 0.4408931521266979 0.45579995381816935 0.5934056161269409 0.9533147249188143 0.6465821031444065 0.35130737209763013 0.8218975520907202 0.5001974237581785 1.7814063539587863 1.9117352569280897 0.2697470764981757 1.4583933045177697 1.2309676680249366 1.8164128128052692 1.4004181512553457 1.1861080094836667 1.4643693633224995 0.8956589053063977 1.4499896199760247 1.6847668361009867 1.0382032556610785 1.8929439371479808 1.646731586022172 1.9700466468037985 0.5053452636507808 1.137952480627635 1.901931350557233 1.3691728336888571 1.7494974618062542 1.9475228217624054 0.5339750364820293 0.6376082155641353 1.7721215175820249 1.8312990984623139 1.5649003762339677 0.8244235167959355 1.0343624851713036 1.2989679335266329 1.0933070918081367 1.0603532243690243 0.9839998365794222 1.7667349335677556 0.5372455647105588 1.4378133677468152 1.4663525128424986 1.8653601390879935 0.2710186718136807 1.3648100843812006 1.3484971724912929 1.0310557924472545 0.29550696407370747 0.26942766169224497 0.5051565455741784 1.630186196561371 0.4926908838081455 0.44972965960319333 0.8352505158188274 1.0720972192750438 1.4559254932227996 1.6420815770522346 0.6801938787294943 1.8370571766648502 0.24116050994541832 0.875220972492393 0.5593399915668045 0.8170494124905385 0.9994021310792837 1.0966512986512267 0.9458233846393188 0.5856607331928874 0.5899514829083519 0.6181528290436975 1.5123541171275428 0.948653600626626 1.2510167204248392 1.0898058892388722 0.9740842655801357 1.5225784706651053 1.201189676246568 0.7447351549880118 1.9474367506642207 0.6047167018219475 0.4497844825184109 1.3068784556519937 1.0854720907125432 0.5296749205757969 0.39675892729645945
0.10305405184612337 0.4365214730773005 0.09251615980903127 0.36790831526754486
0.2622732208029519 0.23783469963880732 0.2912103143026167 0.2086817652556241
0.13353967592343363 0.7081014724906435 0.07555155774635636 0.08280729383956653
0.26101658314752796 0.05283602363039441 0.17923811162503644 0.5069092815970412
0.24980456060231693 0.2559411227876873 0.014566261107149092 0.47968805550284666
0.036451248322167173 0.03674297290866291 0.7310414141479996 0.1957643646211703
0.3083843510756832 0.25180127122637386 0.11874194672854488 0.3210724309693981
0.7166490873934734 0.008699834472778445 0.00553288958071485 0.26911818855303327
0.24471954767634918 0.05797934045240938 0.5404179539233533 0.1568831579478881
0.08023349348478681 0.09838444167406557 0.3572703056847848 0.4641117591563628
0.6640493094413982 0.019421042452146042 0.17810442304295715 0.13842522506349864
0.5797107815939463 0.09351104512539998 0.27928932678982443 0.047488846490829295
0.15642290217843435 0.5782989388348972 0.16378526495780632 0.10149289402886208
0.39563747511048153 0.16881615756699964 0.07598767292215192 0.3595586944003669
0.41645775215958203 0.1622918591610053 0.005558024436314257 0.4156923642430984
0.5917516930676422 0.15166143980951396 0.16126220959489757 0.09532465752794628
0.44165318416092714 0.2529353078961082 0.11310710549376202 0.19230440244920266
0.6663579478569596 0.040259817002819 0.007977394181398756 0.2854048409588227
0.03242495886252683 0.2465615141676778 0.483365611358176 0.23764791561161935
0.10937339268700785 0.1797244385654897 0.07994216521552455 0.6309600035319779
0.07910104217629743 0.23209752466974942 0.622286875342912 0.0665145578110411
0.32657561880327557 0.0035515549064377705 0.21884017138985568 0.451032654900431
0.2518568590408138 0.19934684692405935 0.32632180710103664 0.22247448693409022
0.11477505735172433 0.7015108441596967 0.10702958047338385 0.07668451801519516
0.004951409791498884 0.031567712939774006 0.7405936830398464 0.2228871942288807
0.011207846331564908 0.6381347601881389 0.19506762708735514 0.1555897663929411
0.549004988267094 0.2571482135720454 0.11515379306142148 0.0786930050994391
0.12102940065523005 0.1288522657916027 0.48603838054058723 0.26407995301258
0.0029919695529196932 0.2679341705807029 0.05194892069177637 0.677124939174601
0.550533794836576 0.16845331910773897 0.056382196953508656 0.22463068910217632
0.17403292510002677 0.04420541314090298 0.2757205726868668 0.5060410890722035
0.36931404186130623 0.2303511179486455 0.05897912760597901 0.34135571258406927
0.07226252363492403 0.04104511746718997 0.23179153261961627 0.6549008262782697
0.37469716691146293 0.26439382601183403 0.07173594024743579 0.28917306682926724
0.3735749039517683 0.18756718639444414 0.3580487373645064 0.0808091722892812
0.028232053443866145 0.17125665170888293 0.35423865688770173 0.4462726379595492
0.25356469062673237 0.14618271285613116 0.4254423530473729 0.1748102434697636
0.4060595756382931 0.30402639046754976 0.06042995600136658 0.22948407789279057
0.4992413226874647 0.3245955896564632 0.09586840418274878 0.08029468347332336
0.2978368339072497 0.10673113863120298 0.21048882523854828 0.38494320222299905
0.09376458450026892 0.4355779065915447 0.18373395863206 0.28692355027612637
0.11607183111321373 0.007393937139087869 0.31025334025975393 0.5662808914879445
0.041824424095711854 0.5378191371789585 0.33052419433858915 0.08983224438674053
0.5816852403489781 0.06829350355751906 0.2067299360005065 0.1432913200929964
0.5544502130919293 0.2677226167558907 0.16386284708819399 0.013964323063985984
0.22277090343246642 0.09122997891526119 0.67579136354101 0.010207754111262402
0.5423924941301228 0.1978523617807526 0.07787793095070394 0.18187721313842065
0.18674779115340145 0.4323995683123002 0.3160036231873572 0.06484901734694115
0.01873984222504499 0.5045655163845217 0.2784111338301005 0.19828350756033275
0.20362003103276027 0.4061150619546213 0.36374736667894625 0.02651754033367215
0.5726974558385456 0.1272838532360453 0.11710135099919317 0.18291733992621595
0.4243610526684456 0.030432859905769938 0.44553171897300703 0.09967436845277744
0.03640514526026284 0.22481187514474799 0.4734992871595638 0.2652836924354254
0.201095075197681 0.515149554936059 0.15760688225685682 0.12614848760940323
0.4048195760213684 0.08992748911616644 0.4461898273917865 0.059063107470678666
0.03366157379926393 0.06628183784998609 0.42140620589759115 0.47865038245315883
0.2325794247912386 0.19472389863022532 0.3881640229119755 0.18453265366656058
0.31005948786835136 0.01101358974737876 0.1234383509085144 0.5554885714757555
0.12813926220607297 0.27747092466849066 0.0677967111508686 0.5265931019745678
0.5529794749211446 0.04017022314466678 0.029675737031900407 0.3771745649022882
0.2239761000413818 0.1843567174740668 0.18124498604452244 0.410422196440029
0.11417633558536555 0.5003485623734845 0.28312195678988816 0.10235314525126182
0.06976608781210036 0.453915651523337 0.2194245677435298 0.2568936929210328
0.22754534367969248 0.12913735759725553 0.4596422984398839 0.18367500028316808
0.36754547169496776 0.06756003521100662 0.5130461966708973 0.05184829642312827
0.14808989823107022 0.28123110177251076 0.31947381093577365 0.2512051890606454
0.3486959542907564 0.37579501745835164 0.25257602779067934 0.022933000460212627
0.18114062775867112 0.4103712026565375 0.29227819095895413 0.11620997862583726
0.2964740381803932 0.07068437849743969 0.02908648846635098 0.6037550948558161
0.1274679229849468 0.14705336395955892 0.4408174110456453 0.28466130200984896
0.03584792277355009 0.2615015612035091 0.6538076181013165 0.04884289792162433
0.008406775480798045 0.3606842857731124 0.46888775858893106 0.1620211801571585
0.2937355110681086 0.003542976331524117 0.5852204082155253 0.11750110438484196
0.061727321873044305 0.09517213038787598 0.5214482232002788 0.3216523245388009
0.3828709559080008 0.09539725709515612 0.28198466539119393 0.23974712160564915
0.48099309424776016 0.15381477560318413 0.0016504939457181456 0.36354163620333757
0.16983710135522823 0.03285396421652398 0.46181069091647464 0.33549824351177315
0.3173334302550711 0.4859184648743631 0.07628529631823255 0.12046280855233327
0.4610360070031473 0.1353559568454522 0.09104232252932265 0.31256571362207786
0.014930330493676203 0.5316530788954981 0.43880493667074383 0.014611653940081903
0.5865978036402846 0.15629680641615906 0.07092528874860338 0.18618010119495298
0.15497028848666294 0.4805877558105507 0.13417332912400148 0.23026862657878489
0.1311720548734865 0.1875545248435928 0.6347001457385256 0.04657327454439508
0.11109188747222543 0.2121825935004612 0.10568685823515844 0.5710386607921549
0.5394912535376755 0.09516561211298658 0.01851707515466272 0.34682605919467524
0.21190881540345696 0.4707018555968714 0.3047823715082132 0.01260695749145846
0.006095642086658248 0.08435460380494753 0.32496687592065077 0.5845828781877435
0.3993907443597441 0.0006123143277262377 0.49049527019435235 0.10950167111817732
0.06744797844406702 0.3937984078717981 0.25079839709872287 0.287955216585412
0.023501530268696058 0.06237360839602868 0.5180126111474505 0.3961122501878248
0.03796921692694821 0.2513300646212956 0.20130226662607187 0.5093984518256843
0.0835434299294453 0.017315161115776356 0.6571774338775497 0.24196397507722867
0.1125431140433566 0.40491712772547384 0.028614494761590947 0.4539252634695786
0.5758255178198639 0.21579766748687768 0.17353499815330498 0.03484181653995344
0.5214873031839404 0.29158417754432353 0.0899501147690055 0.09697840450273054
0.4063212708530659 0.36093283609951 0.06895289379216951 0.1637929992552546
0.33888996611535227 0.5800389221420653 0.04879007146832148 0.03228104027426093
0.6821527701714027 0.019217135762909066 0.19257283813257386 0.10605725593311432
0.6451189984951727 0.05866169449730818 0.1250005092570935 0.1712187977504256
0.380809518748513 0.42277912832700193 0.08224295735754095 0.11416839556694414
0.17847955589273656 0.10418670640293004 0.17934417900233757 0.5379895587019958
0.46363438246863564 0.012490071942613312 0.37713317600495866 0.1467423695837924
0.025569103332357845 0.3307403739925999 0.12058867284866936 0.5231018498263729
0.04546949815285262 0.09120351218537226 0.5445333704696057 0.3187936191921694
0.1779704602919232 0.5604923738644682 0.14497039192857775 0.1165667739150309
0.053877743676363554 0.1471599178023575 0.27253021876243977 0.5264321197588392
0.13607970210569964 0.5314647568199179 0.2494842985560798 0.08297124251830268
0.14296252407525012 0.6018510771822098 0.1655437919476248 0.08964260679491531
0.04186674974875759 0.14294762508175762 0.6731460389530732 0.14203958621641155
0.3803234809406789 0.43430113024892236 0.08436726416341911 0.10100812464697961
0.032723994301139925 0.15038319494963037 0.4915968540227228 0.3252959567265069
0.38661219431671634 0.03903890690303635 0.12728007122346952 0.4470688275567778
0.12252262421091398 0.01707022535777436 0.0630422827368251 0.7973648676944866
0.3860309321526918 0.33495077700057596 0.12250821962332836 0.15651007122340388
0.1991917548769817 0.07339205886049704 0.6513018908730253 0.07611429538949599
0.048899533339431756 0.23982400120634217 0.04457333372669148 0.6667031317275346
0.13138669704047223 0.16304780433234356 0.04324210250847482 0.6623233961187094
0.010204856665951278 0.4453926797142407 0.2896355681682018 0.25476689545160625
0.24572394436610445 0.05065510122929329 0.6216273721213531 0.08199358228324916
0.2632384799456182 0.41005029605828147 0.00948425018211252 0.3172269738139878
0.02741126823211082 0.437106801401287 0.46889075014898796 0.06659118021761423
0.6020923929290665 0.16029798667277706 0.21627211064254792 0.021337509755608552
0.19672054667386663 0.025480238509421493 0.2831020200292932 0.4946971947874187
0.5264067227859774 0.06356461118947421 0.013790577140827431 0.3962380888837209
0.32555430823290055 0.42410919038314 0.07800566698767408 0.17233083439628538
0.6858409594184329 0.11168019483476754 0.027300766080271544 0.17517807966652799
0.3149630807150319 0.4403762432585816 0.23024957398301682 0.014411102043369706
0.22220043940123635 0.09302949656255155 0.1346306408328649 0.5501394232033472
0.7167741178211048 0.0706148034458316 0.0041620887792446215 0.208448989953819
0.45336134990025356 0.26397371521955915 0.12398795722895972 0.15867697765122757
0.2186436554379988 0.0677488710046964 0.2424738007130144 0.4711336728442904
0.1855423726856742 0.001709242813043077 0.5377738153271205 0.2749745691741622
0.060911991473072025 0.22480192635026564 0.6525474952916366 0.06173858688502576
0.361007925725941 0.31897583276735775 0.26552083044770813 0.05449541105899314
0.26121688164935064 0.1385764381003557 0.24798755645657022 0.35221912379372344
0.28580262504021414 0.28370587708092987 0.3006778751515041 0.12981362272735186
0.14956050142915833 0.006955003796856873 0.4045097191547109 0.4389747756192739
0.18978486145668083 0.3963294371374032 0.12200499339576298 0.291880708010153
0.5830133065809796 0.04875861529724501 0.14898336769277998 0.2192447104289954
0.27380893521511573 0.04698454339305902 0.34700234466037005 0.3322041767314552
0.02923015341656432 0.23607508103015162 0.6068370394366641 0.12785772611661994
0.03580599425794695 0.35780413467092553 0.5877259535174031 0.01866391755372443
0.104886998237806 0.3702355915562845 0.19563188699963452 0.329245523206275
0.10109129689067042 0.18711319427851814 0.6444785127252569 0.06731699610555453
0.38705984954504336 0.14850606123474808 0.08408747970406538 0.3803466095161432
0.19321463656166427 0.32751674049782964 0.1565723212362543 0.3226963017042518
0.5080669382317893 0.1737500547505696 0.012625663344188576 0.30555734367345255
0.05199506824537892 0.5635338910373242 0.29401185730076196 0.09045918341653492
0.5894006431170183 0.16196449187734452 0.1859027191570044 0.06273214584863274
0.12981856461969576 0.007739843585798378 0.21800442240021856 0.6444371693942873
0.05741147520622736 0.510161450603248 0.26413556812244676 0.16829150606807786
0.29121045494207287 0.529497298356829 0.12758331483162455 0.05170893186947356
0.3520765483992785 0.21067764402514422 0.4026675958956215 0.034578211679955784
0.381792844884569 0.36414450631464435 0.06234028634653699 0.19172236245424967
0.34169352128608255 0.13645178940625835 0.36843087248351214 0.15342381682414696
0.01684340854102473 0.7395913234951834 0.04624119111119662 0.19732407685259523
0.04307997646729245 0.10891590881342628 0.7056422729894486 0.14236184172983268
0.07831535501376574 0.013096882984101499 0.18092710578000415 0.7276606562221286
0.5610057215070794 0.3919954515265507 0.02759699599844423 0.019401830967925693
0.687598153336401 0.1541055762773853 0.09511705569998608 0.06317921468622767
0.14270186913624638 0.24753149657619555 0.25897371315511997 0.3507929211324381
0.7813728923195125 0.05718741333797639 0.09333384038834613 0.06810585395416502
0.2467840162787558 0.13305729042375714 0.1455946494226349 0.4745640438748522
0.3533766911750489 0.4065253061902788 0.1021988543589839 0.1378991482756884
0.19048350884044363 0.05279079310027013 0.3795061788109044 0.3772195192483818
0.21083632787680984 0.10422408908290604 0.1667641673087722 0.5181754157315119
0.0698976566840167 0.19475234664213015 0.1423275428826386 0.5930224537912145
0.06916270322239182 0.07146201588935086 0.3281523640726308 0.5312229168156265
0.5701291583605881 0.2842753531098158 0.09439528790895146 0.051200200620644676
0.1188162302328124 0.028629576404171297 0.45165758647951315 0.40089660688350315
0.02077040816628828 0.3521674308364191 0.6199509754847391 0.0071111855125535195
0.009278356031764079 0.5265953459897322 0.1279926634010633 0.3361336345774404
0.0848189710988394 0.3092192274127141 0.565190554781745 0.040771246706701514
0.24880019814243903 0.3760247166384043 0.06622760512100634 0.3089474800981503
6.152008661952646e-05 0.530633572199559 0.16017311793738487 0.3091317897764366
0.14155790856778183 0.27874306929510007 0.044222008652945344 0.5354770134841728
0.0546542389014002 0.16831530174675047 0.5522358104133946 0.2247946489384547
0.29565198369655366 0.1947765822278057 0.4355781837739694 0.07399325030167125
0.060762099641683776 0.21949180989982875 0.22677919242942468 0.4929668980290628
0.4777608466533594 0.2278557980508562 0.27450437847011844 0.019878976825665973
