70 40 4 108.94044311560238 217.88088623120478
9.34732484757063 8.85183664968294 6.261681453359978 9.146531563514172 3.8514931407166553 2.332072908368053 8.735806920188862 4.903308700760383 5.441687175209001 5.073073275225309 4.268392073086812 3.3605620055670435 6.321955343957896 3.790098804293568 1.393341819480739 7.373172476553156 2.6659844938520223 2.7164367896781014 7.6145415661217095 2.1335157895025962 3.7635819549831995 9.407359086290398 9.871521529178883 9.801741568597 2.1810454302031443 1.0440409399415314 8.091922804070288 7.072409285184418 4.098748944029223 4.0720905994994006 5.395110474829797 5.76177457815315 9.929782263499726 9.53220697220062 8.207287356665029 2.6833723745966953 2.396026842624277 1.2921312637210782 3.4014654409686647 4.294448725278549
1.8694649695141259 1.770367329936588 1.2523362906719957 1.8293063127028344 0.770298628143331 0.4664145816736106 1.7471613840377724 0.9806617401520766 1.0883374350418002 1.0146146550450619 0.8536784146173624 0.6721124011134088 1.2643910687915791 0.7580197608587136 0.2786683638961478 1.4746344953106312 0.5331968987704044 0.5432873579356203 1.522908313224342 0.42670315790051927 0.7527163909966399 1.8814718172580798 1.9743043058357768 1.9603483137194 0.43620908604062886 0.20880818798830628 1.6183845608140577 1.4144818570368836 0.8197497888058447 0.8144181198998801 1.0790220949659592 1.15235491563063 1.9859564526999454 1.9064413944401242 1.641457471333006 0.5366744749193391 0.4792053685248554 0.25842625274421566 0.6802930881937329 0.8588897450557098
0.48388806423605435 0.431048434701495 0.05353544169152302 0.03152805937092762
0.2205335710448988 0.01159994417496335 0.6120587022056271 0.15580778257451078
0.10897001329416456 0.07577799823921905 0.23178913278211155 0.5834628556845048
0.35111633410827126 0.18357413869747685 0.295246134407115 0.1700633927871369
0.286230344679123 0.294265278041434 0.2817243519860184 0.1377800252934246
0.13337942242469347 0.5189295614686754 0.017908527493550097 0.329782488613081
0.023508498826517954 0.12748171443720768 0.23224478578227892 0.6167650009539954
0.06996371941261814 0.16160307120763395 0.6926153124295626 0.07581789695018526
0.08005388427905313 0.02439410452984836 0.28160115861377477 0.6139508525773237
0.01030334456194093 0.059132435687761276 0.587848899274677 0.3427153204756208
0.21545362765779774 0.5471780951287811 0.1928750032902452 0.044493273923175924
0.4892605657527902 0.10636241012645864 0.01289408046191498 0.3914829436588362
0.2700647561648236 0.0369448051333745 0.4487652331735833 0.24422520552821858
0.4066161440261896 0.1753592489916036 0.22731196656845443 0.19071264041375235
0.10315293662428149 0.41721634946887776 0.40945144693143876 0.070179266975402
0.09038581352446784 0.13017526706908034 0.5552679505216153 0.22417096888483656
0.1707851185015402 0.28289384734446077 0.07146281499967377 0.47485821915432525
0.46984516067184157 0.23880528627275388 0.2378211056230669 0.053528447432337645
0.12064733458120613 0.4678508248220593 0.0769652657944766 0.33453657480225796
0.6450317645883793 0.036358234709148785 0.2772610910611121 0.04134890964135984
0.38500840526319 0.044062627945540056 0.4618409934453538 0.10908797334591613
0.00445161509871117 0.36901235308629454 0.11524113932339475 0.5112948924915995
0.0372598560904267 0.6136106034717104 0.01623813200135671 0.3328914084365062
0.07889483915027506 0.2711946132868144 0.530108778629534 0.11980176893337657
0.5408078305702165 0.07081197865748468 0.18670599707393087 0.20167419369836792
0.3615247284095475 0.10813449649439777 0.006234124348931003 0.5241066507471237
0.2087930951256256 0.2579750810738598 0.4462314035925782 0.08700042020793641
0.08192292092982334 0.07042768926511211 0.4119028973358617 0.43574649246920283
0.4767458404599285 0.21525923318213702 0.2502675369949249 0.057727389363009585
0.028324193616855786 0.09816608028935325 0.8670293628589636 0.006480363234827369
0.09797120762485767 0.4115573996388544 0.07610233321260595 0.41436905952368197
0.2871470933959488 0.038632074500347224 0.0005091922641080604 0.6737116398395959
0.580778996547311 0.026275899532283042 0.37172888749645816 0.021216216423947776
0.15665486541672968 0.23803642480010068 0.5884735657497147 0.016835144033454985
0.527455535189771 0.2626667691862874 0.008314466780646956 0.2015632288432947
0.16410102977798835 0.03545260577450804 0.27135482312584547 0.5290915413216581
0.07408157648255864 0.03068587356735153 0.0480520833868594 0.8471804665632304
0.07776144429904919 0.09414809048856099 0.6139178790385845 0.2141725861738053
0.005865828852322785 0.13792309493422938 0.27500855372575106 0.5812025224876968
0.4633204823693384 0.231024519549343 0.007579701614305434 0.29807529646701314
0.19819739171635187 0.015387524630233074 0.1522231079174392 0.6341919757359759
0.05218182530283322 0.2476706125964675 0.4991015331754288 0.20104602892527046
0.14292332531108032 0.29822408980686277 0.053022140930708894 0.505830443951348
0.6186374558852684 0.2473036111854151 0.08078747758797034 0.05327145534134614
0.37045341571718815 0.3901722146722645 0.20566533932202347 0.0337090302885239
0.7817396662643881 0.10821088158422787 0.06349349349014544 0.04655595866123863
0.45251402420131037 0.46144531432493385 0.07594513456494911 0.010095526908806662
0.21121957439284134 0.08378180589094553 0.686234838640966 0.01876378107524712
0.20103797445081073 0.08173636916463234 0.26969811813209976 0.44752753825245717
0.22281996812283233 0.27751052425787304 0.04000856655459295 0.4596609410647017
0.6419273232864979 0.04913148411507018 0.18574174510881625 0.12319944748961564
0.35201320050107154 0.5424263947761123 0.015978124513490455 0.08958228020932568
0.024283045431891415 0.16322907352869165 0.6938574744470278 0.1186304065923891
0.3464973857946583 0.2508633956215327 0.1449415158262196 0.2576977027575894
0.040618943491545934 0.43005354124724937 0.14072147583905514 0.38860603942214955
0.2992602789876445 0.029356595757700665 0.3604684043858566 0.31091472086879823
0.17623798231251042 0.4459794771472547 0.1360155584316004 0.24176698210863445
0.15499574026417806 0.13400276110757436 0.44162474828691645 0.26937675034133113
0.15710615303897424 0.15202021110255903 0.6626519320269996 0.02822170383146716
0.0189366392704422 0.2626325019829082 0.22720472269920877 0.4912261360474408
0.00047802489941950466 0.22635631921013277 0.37918667039258946 0.39397898549785826
0.8399816088922084 0.055632159168906736 0.07704839571648414 0.027337836222400713
0.01659476882037192 0.012136779979208479 0.8590731940906401 0.11219525710977951
0.1512736729124795 0.5809249089777131 0.08388757452060602 0.18391384358920138
0.052027102504060174 0.5030253697010622 0.4426386060494484 0.002308921745429293
0.059304900530968485 0.19971113828415288 0.22286858125412445 0.5181153799307542
0.3375311542005299 0.2644152017194089 0.10808204054866521 0.28997160353139595
0.21106539564718263 0.2856130999635679 0.13788009543805035 0.36544140895119914
0.31621207410317553 0.0712064644310757 0.310611297285307 0.30197016418044176
0.10922899805645403 0.2891782923056646 0.3303596937287807 0.27123301590910065
0.09331181749239426 0.17576095525793756 0.4931621516248127 0.2377650756248555
0.06376311111988575 0.28523128383022556 0.29990479805329484 0.35110080699659385
0.01651050939998233 0.1657570021778768 0.534550641891793 0.28318184653034784
0.3286565663695591 0.24540942438968116 0.4197285881737829 0.006205421066976857
0.044719961861107826 0.5088263345528685 0.08917608485590844 0.3572776187301152
0.4996227247207349 0.3300906913232632 0.16278535888961299 0.00750122506638895
0.07644639794560704 0.6847652301065272 0.15615223005726242 0.08263614189060331
0.07955831738318397 0.20842038727111178 0.295116676988903 0.41690461835680126
0.009209617738055509 0.10485560162511376 0.5917156370328807 0.2942191436039501
0.3621816431266729 0.44637605152993975 0.029661704882618323 0.16178060046076903
