94 50 4 135.92749946079869 271.85499892159737
7.474472076195626 6.464990580597906 7.208754531208873 4.810896810104815 5.056894995312373 4.5322477299072235 5.607164333181606 2.0147676309530946 9.768673115748545 5.453314933023011 9.582533068377362 3.7626930390605398 7.960810859508484 3.818303187323722 3.721407035095736 7.957564226720459 4.099750665952495 9.77500176020531 1.25293706370404 5.722614378197641 7.302270302631717 3.691806176164816 1.5486686522636877 6.650172251866753 5.649899237658159 1.1532982904734719 2.292779559149225 6.735086901258235 8.600864328539348 4.6701573473364855 7.575181768424371 2.8601292770908073 1.216220203707921 2.291891627517219 5.308086346489681 2.820309504554869 3.4288849314521173 1.1536928058842855 3.1549270930058784 8.8896580704578 3.4058292148090046 9.343678284261799 9.17308378639344 3.704496802088739 4.975905827099208 7.183119973302469 5.918128438130378 9.14295398672017 6.600890719318649 9.36713519316776
1.4948944152391253 1.2929981161195812 1.4417509062417746 0.962179362020963 1.0113789990624746 0.9064495459814447 1.1214328666363211 0.4029535261906189 1.953734623149709 1.090662986604602 1.9165066136754725 0.7525386078121079 1.592162171901697 0.7636606374647444 0.7442814070191471 1.5915128453440919 0.819950133190499 1.955000352041062 0.250587412740808 1.1445228756395283 1.4604540605263434 0.7383612352329633 0.30973373045273755 1.3300344503733506 1.1299798475316318 0.23065965809469438 0.458555911829845 1.347017380251647 1.7201728657078696 0.9340314694672971 1.515036353684874 0.5720258554181614 0.2432440407415842 0.4583783255034438 1.0616172692979362 0.5640619009109737 0.6857769862904235 0.2307385611768571 0.6309854186011756 1.77793161409156 0.6811658429618009 1.8687356568523597 1.8346167572786878 0.7408993604177478 0.9951811654198416 1.436623994660494 1.1836256876260756 1.828590797344034 1.3201781438637297 1.873427038633552
0.4685255870194951 0.2863681124712598 0.1897926456486665 0.0553136548605786
0.01708899549345466 0.3823638248697153 0.10601253858281001 0.49453464105402
0.4859141689021629 0.236245217134202 0.02559226435773576 0.25224834960589937
0.30405971059775905 0.14608060340809614 0.02467500574441639 0.5251846802497284
0.5593617320085603 0.21259302606969566 0.12469085280272785 0.10335438911901618
0.04619986925300579 0.23639381270581172 0.5843863562671123 0.13301996177407016
0.03152734448597905 0.10742473921861406 0.27912553941368035 0.5819223768817265
0.019862612206428487 0.25609481709527027 0.46231666044875763 0.2617259102495436
0.059930807585060086 0.14363662138068067 0.23462460836915777 0.5618079626651015
0.10534345505829901 0.24258944455600961 0.33242513905805393 0.31964196132763745
0.8640894107758503 0.029853461537139192 0.00606197037143541 0.09999515731557507
0.24579097299429264 0.13559224323888075 0.45940107498213045 0.15921570878469615
0.018145976559878152 0.10726991116232898 0.518455019995612 0.3561290922821808
0.10877514141692146 0.6354191871733056 0.09899406050268567 0.15681161090708728
0.2133447366608353 0.3673862144758012 0.21007013071201064 0.20919891815135283
0.018121050069946465 0.6106685495272648 0.3363545008548501 0.03485589954793866
0.016452996204240455 0.009582157167288496 0.466598873735947 0.507365972892524
0.16562771623456785 0.4697022119440313 0.34697086685558887 0.01769920496581201
0.19108137374383227 0.06073153816015331 0.49681966764311003 0.2513674204529044
0.03356140002411623 0.5171911465252566 0.05958570607188929 0.38966174737873793
0.3604580563214942 0.012239895899332054 0.41391480418156956 0.2133872435976042
0.10928044948723625 0.18306263999095396 0.5485099399631156 0.1591469705586942
0.11470328043341782 0.13320812668312743 0.7486634829478902 0.003425109935564552
0.24723743900462858 0.14075263086775092 0.052854403576281794 0.5591555265513387
0.175873817905427 0.25988976426255006 0.2957029731450056 0.26853344468701734
0.12125493090251804 0.451359422587853 0.2190791049334051 0.20830654157622386
0.2403848164787451 0.16538699028927173 0.019117320794687198 0.575110872437296
0.0877717529672789 0.4376627350042196 0.41003084592832684 0.06453466610017466
0.20223607137842614 0.7486075196035445 0.011511735430848824 0.03764467358718049
0.19359208128028582 0.0021555082302018302 0.6854427174789494 0.11880969301056299
0.2754119965587075 0.1731989078536994 0.29242729045262295 0.25896180513497014
0.06584990431955506 0.27240517642182305 0.6071340820421103 0.05461083721651161
0.046623738990065555 0.4198251595681346 0.16051943233783494 0.3730316691039649
0.1310692656580661 0.4162423959078101 0.19006433609787898 0.26262400233624483
0.11116603492824073 0.7301870244252756 0.04369929536927197 0.11494764527721169
0.3478047336951128 0.13184114401514657 0.19224717680638415 0.3281069454833565
0.4344009192426336 0.22514097147394818 0.19457460566533158 0.14588350361808666
0.15733267603203072 0.24320215736360973 0.5733343747724622 0.02613079183189737
0.4990002713951539 0.3178676360346254 0.008786407673263108 0.17434568489695756
0.4242829366187043 0.14531435110462187 0.04808442811054392 0.3823182841661299
0.17367097495674344 0.10916871523544636 0.4334673401648699 0.28369296964294033
0.22817358629736473 0.21479660512642385 0.1990437727200729 0.35798603585613853
0.08589499552686408 0.19274360115335298 0.3615803888277146 0.35978101449206834
0.6029897688836933 0.1013974774998393 0.2692883618989511 0.026324391717516327
0.4782315973699439 0.12511636381392088 0.2582494859288187 0.1384025528873165
0.3107140986794966 0.28176702749210925 0.1570861196024601 0.25043275422593403
0.209245936219274 0.12408364434600982 0.5068639678954647 0.15980645153925144
0.43159162742443813 0.08537932522191038 0.3735165866495297 0.1095124607041218
0.37294439599022366 0.3642465284589599 0.18947136826593503 0.07333770728488143
0.1736110625416074 0.6937024386302926 0.03333008061091003 0.09935641821718999
0.20528460760370126 0.2699882031549199 0.15599527736677732 0.3687319118746015
0.04752810918127104 0.5849347607621955 0.07319935218752849 0.29433777786900495
0.20720620963879588 0.3735320308485989 0.051030247074628776 0.36823151243797647
0.029767862866476147 0.39319603917290535 0.21687050883954884 0.36016558912106966
0.15803329500599728 0.18937673945009204 0.443221585458081 0.2093683800858297
0.2943365030392143 0.18976536381250564 0.23385050578946565 0.2820476273588144
0.20399778175675432 0.11740974975090179 0.4168689461075571 0.2617235223847868
0.18438664396526738 0.01677247910536117 0.5432229035520867 0.25561797337728476
0.010492079301753554 0.10165386977359192 0.5846751715775182 0.3031788793471363
0.08344909538962364 0.43081642465742265 0.22434053777981267 0.26139394217314105
0.07972447623397838 0.2621604552452299 0.19597409919656472 0.462140969324227
0.09423660975018211 0.17558560474363993 0.6833291107663519 0.04684867473982601
0.10304066521727417 0.5139759369744922 0.28285302097323495 0.1001303768349987
0.3706730360597872 0.34749823384583134 0.04733851886639284 0.23449021122798863
0.34335660366717136 0.23564070816656568 0.24375279385778725 0.1772498943084757
0.3977260948748589 0.012212949084438152 0.3864541476739076 0.20360680836679534
0.36616103037215275 0.09085568713630499 0.10631975316125675 0.4366635293302855
0.2993569778167685 0.05021605752210234 0.14646899247467327 0.5039579721864559
0.4424454042967999 0.0032616293585906453 0.28990384601629793 0.2643891203283115
0.6493705278844726 0.17012979423237506 0.05303085386854167 0.12746882401461068
0.32462368454424884 0.22014017335107705 0.3473156372840541 0.10792050482061999
0.2577188894986363 0.10263997570672556 0.28099602692869075 0.3586451078659474
0.24077876494366568 0.09160340855794324 0.3725697441543847 0.29504808234400637
0.1531088987150777 0.10244626532324708 0.07321788248342698 0.6712269534782482
0.47739804816121323 0.09474675618891326 0.17421311834983655 0.25364207730003696
0.14480139568937467 0.27709271342677255 0.1881881228489597 0.3899177680348931
0.4674783726260402 0.30136424220199287 0.20929695060306153 0.021860434568905407
0.06967828758967987 0.07914232674216282 0.6989124822163053 0.152266903451852
0.18582109289628412 0.07915663160805475 0.4134379549787329 0.3215843205169282
0.5802718936414749 0.08655952622427643 0.25464922666295164 0.07851935347129702
0.06979055822478208 0.13060225143631932 0.4469643413089106 0.352642849029988
0.0006918005035837504 0.5364301343060432 0.21327190732553858 0.24960615786483442
0.537214488393937 0.004054241543564041 0.0035808832553757552 0.45515038680712316
0.002815926407535807 0.8285743767395829 0.06701992284721137 0.10158977400566993
0.1251042110763274 0.3013644043352839 0.059106359349219595 0.5144250252391691
0.24861134584035405 0.2294105715481245 0.17434737754855456 0.3476307050629669
0.49461024485572325 0.0790423348196243 0.4087210404485765 0.01762637987607596
0.5332801575182496 0.020496044547262393 0.2695902073130104 0.17663359062147754
0.2474676546332193 0.038525560940448456 0.6232388189004505 0.09076796552588173
0.4222933285470265 0.23260628548392115 0.2646975137649974 0.08040287220405495
0.06739416377611784 0.07836375013200103 0.7451110085602008 0.10913107753168028
0.2818770371140763 0.0309145214371781 0.051565052955469315 0.6356433884932763
0.36823513473840674 0.3530410412177415 0.09989568025591655 0.1788281437879352
0.1417007997189228 0.045088101131285585 0.12485057126701893 0.6883605278827727
0.16832950896332932 0.007448486092259454 0.7104791117709263 0.11374289317348496
0.09752897860069887 0.4354763989798135 0.07242159604111786 0.3945730263783698
0.08120236388419588 0.14131140538184306 0.21381721085230931 0.5636690198816517
0.1698939365734199 0.4969709988995421 0.19417405189069192 0.13896101263634608
0.12928860960921118 0.04443465345646158 0.546361089458996 0.27991564747533126
0.7879410875863708 0.07630458081290215 0.059439165386090176 0.07631516621463685
