81 70 4 184.05348420323458 368.10696840646915
4.198772060247128 4.067639890203715 9.397957980534128 9.224372670805238 8.537182555387549 1.5353925915241535 3.233892026089046 5.582074999686456 1.805897989422977 8.066357984904393 4.592003423404422 4.98425848422054 7.914851932617836 6.09488257740724 3.2083194483127198 5.905059994124724 2.301125987332957 5.040362768034796 5.188642325647429 7.457417492186885 9.587968702399522 6.623395602864567 4.762607227551886 9.045478975630624 3.9307269907203866 9.84430121741569 7.391172885382268 9.300403515221337 9.898734191948389 7.540386103566907 3.979050156360849 3.413753380948246 1.9231503278847049 2.6686392263623553 2.7949344747220195 6.2154008641991885 3.310546179817458 3.973006688051278 1.7303794693816883 7.434365385666588 3.605274669312484 5.659400015594273 2.941014821396845 4.3357407209203505 4.0858632740815715 2.4144658114657935 8.513244144270601 3.4916268587459265 4.983357536937671 9.96797828391369 9.818359257716018 4.051352950851905 7.284686558831014 7.664935601231733 1.1982297483102826 3.748164753439397 8.687093784584619 7.799952727655342 1.0625792606434774 7.588992900173687 1.783339472212892 2.5775473257001016 7.580197879941759 4.915762736642842 1.1132837854809283 3.2860770388271647 4.962420454131737 2.229319164358373 3.4118573219763095 3.6399827989302076
0.8397544120494256 0.813527978040743 1.8795915961068257 1.8448745341610475 1.7074365110775098 0.3070785183048307 0.6467784052178092 1.1164149999372912 0.3611795978845954 1.6132715969808786 0.9184006846808843 0.9968516968441079 1.5829703865235671 1.218976515481448 0.641663889662544 1.1810119988249448 0.4602251974665914 1.0080725536069592 1.0377284651294858 1.491483498437377 1.9175937404799044 1.3246791205729134 0.9525214455103772 1.8090957951261248 0.7861453981440774 1.9688602434831382 1.4782345770764536 1.8600807030442674 1.9797468383896777 1.5080772207133815 0.7958100312721699 0.6827506761896492 0.38463006557694096 0.5337278452724711 0.5589868949444039 1.2430801728398377 0.6621092359634916 0.7946013376102556 0.34607589387633764 1.4868730771333176 0.7210549338624969 1.1318800031188547 0.5882029642793689 0.86714814418407 0.8171726548163143 0.4828931622931587 1.7026488288541202 0.6983253717491853 0.9966715073875342 1.993595656782738 1.9636718515432037 0.810270590170381 1.4569373117662028 1.5329871202463465 0.23964594966205652 0.7496329506878794 1.7374187569169237 1.5599905455310685 0.21251585212869548 1.5177985800347373 0.3566678944425784 0.5155094651400203 1.5160395759883518 0.9831525473285684 0.22265675709618565 0.657215407765433 0.9924840908263475 0.4458638328716746 0.6823714643952619 0.7279965597860415
0.47574239043291333 0.47663073167115444 0.04392663175034284 0.003700246145589392
0.04083970868276243 0.06571407126888051 0.4443154800604112 0.44913073998794584
0.08306212511317357 0.16198685481159303 0.32264730425307153 0.43230371582216187
0.07911471629365008 0.048920744662082516 0.027659250255943624 0.8443052887883238
0.046382649360062866 0.5561188483005278 0.060520250092928496 0.3369782522464808
0.47613144396226526 0.10843799592798853 0.3401194629648876 0.07531109714485862
0.13118713970479035 0.3195156992232572 0.5128538644654994 0.03644329660645307
0.06088365894147585 0.6239944846075695 0.05636114321672725 0.25876071323422745
0.10761803630353017 0.43204290277948487 0.2934531072030754 0.16688595371390957
0.19620813298795314 0.009829093284765555 0.03417030532680987 0.7597924684004714
0.5960276508981517 0.056563305668542285 0.012313490734384258 0.3350955526989218
0.12025308283921476 0.016054342075565997 0.09487126808525603 0.7688213069999632
0.35336875330845785 0.17005450248097187 0.04308414203091171 0.43349260217965857
0.19120558591544756 0.6778108832320855 0.06996615182401755 0.06101737902844939
0.522190919441894 0.0282548341208837 0.003938315158987682 0.4456159312782346
0.03307942492738003 0.06375022512103046 0.2779348550437354 0.6252354949078541
0.013771296965146451 0.02019493609455736 0.2477237566315671 0.7183100103087291
0.05492911316164384 0.15072358097945737 0.4602514571131926 0.3340958487457062
0.1572468608134957 0.1531816964982491 0.09865986551977224 0.590911577168483
0.2400501069530091 0.24450874495988628 0.2180937369065259 0.2973474111805787
0.021855390558579102 0.25325707549958587 0.03168397562856551 0.6932035583132695
0.5657002753296237 0.14431567438553128 0.11614131782724768 0.1738427324575973
0.1424474695602158 0.0006692828089600589 0.790567359212169 0.0663158884186551
0.2897363057643314 0.0215934982801832 0.09472091742868127 0.5939492785268041
0.326663139496699 0.3371501076542698 0.07095361155479574 0.2652331412942355
0.0568759414468496 0.7188083032393875 0.16667731120635176 0.057638444107411146
0.07875212036099988 0.4387300687278899 0.4579571285871783 0.024560682323931937
0.08158497261509834 0.42289352174231054 0.040145082383369446 0.4553764232592217
0.057488754154399246 0.1415103008880687 0.3211088290340882 0.47989211592344383
0.15282326021343928 0.31914703663567645 0.15372529394734835 0.3743044092035359
0.09003658115021806 0.7351140772019022 0.0757907977857255 0.09905854386215418
0.09300836600786155 0.1524799349025039 0.2638201239613507 0.4906915751282839
0.46788556404129633 0.4503766724547381 0.07584022234270804 0.0058975411612575135
0.3937274466671079 0.2269877197921969 0.25997655122052277 0.11930828232017243
0.1269951527433325 0.02031000224843471 0.5439275783862667 0.3087672666219661
0.14765058726535885 0.5899700597111905 0.030141753086505352 0.23223759993694526
0.11742545307001029 0.07390803535158619 0.24797664040254241 0.5606898711758611
0.09817580934987169 0.08854030079642017 0.6429767246676036 0.17030716518610456
0.10732517698719712 0.29769398888122156 0.3168264633378234 0.27815437079375793
0.5302464475842351 0.4017527561858254 0.020099944891608157 0.04790085133833133
0.20264494012866607 0.10845255680406807 0.5122809731305982 0.1766215299366677
0.05082383007423641 0.21409826688985478 0.5441690966703252 0.1909088063655836
0.11784233255601684 0.5228924780502008 0.026480457358355247 0.33278473203542713
0.12245281684624365 0.23556176618655722 0.2787811945472366 0.36320422241996253
0.052230696979732594 0.6126678961329921 0.2148500774369021 0.1202513294503732
0.44818564522392357 0.08999919792808553 0.1799112069348271 0.2819039499131638
0.20070203804045006 0.59168669455867 0.12071449469511508 0.0868967727057649
0.35260744772981123 0.29105963496080844 0.00040878183359516207 0.35592413547578516
0.1860692246737765 0.12992509944923092 0.321150724010994 0.3628549518659986
0.05280502124352504 0.9177745528037023 0.0015967381173342954 0.027823687835438315
0.002825259216171716 0.16657277424183192 0.7717277513751831 0.05887421516681324
0.10546778551198066 0.031254770331027526 0.4928250993002896 0.3704523448567022
0.27003612817039124 0.04431250964092781 0.41567556594528376 0.2699757962433972
0.3172250770473307 0.1525174982199431 0.4538382762745836 0.07641914845814257
0.5589248294558813 0.20066241095376158 0.012878554910936701 0.22753420467942043
0.21922293521507674 0.12737014282815573 0.35525319097743113 0.2981537309793364
0.09719294514243648 0.05024974774782898 0.10571572838760901 0.7468415787221255
0.6223272139945628 0.09379559759546152 0.08635582383448792 0.19752136457548775
0.3727724336233551 0.5255198285169759 0.03417757862654158 0.06753015923312744
0.005067754675396552 0.343442716006887 0.48455806264566736 0.16693146667204906
0.32496702544762357 0.4020123508467386 0.1634709271768925 0.10954969652874536
0.26130245528935026 0.5431636223311362 0.04582724089337176 0.14970668148614175
0.21345708658357987 0.25687059845259386 0.2123467259710825 0.31732558899274377
0.006228342942511067 0.6532426742692883 0.24172782815748006 0.09880115463072059
0.7034653944694587 0.04944050308621584 0.06314842072280769 0.18394568172151782
0.18738832658385796 0.2913453005665999 0.3552794538146845 0.16598691903485763
0.5715656439934075 0.09639779232188395 0.18630607518763187 0.1457304884970767
0.1531509349331378 0.07392406821043895 0.08986713719004191 0.6830578596663813
0.13635111932799404 0.12051868311311886 0.2735953907518388 0.4695348068070483
0.3253815176407484 0.2757888103989483 0.371249092157084 0.027580579803219263
0.21143189261989315 0.45007193742435836 0.07383386637182454 0.26466230358392395
0.40425697174572606 0.24415909415521242 0.2952888126634693 0.05629512143559223
0.2917377977859633 0.551003012382977 0.10164015910189972 0.05561903072915997
0.21560899090434793 0.007826178003832118 0.038803212373128115 0.7377616187186918
0.45222129136975997 0.12398464683747157 0.18761128235342694 0.23618277943934152
0.5364536028861574 0.008160286702448949 0.15590114858895987 0.2994849618224338
0.2834035990697805 0.12783688814734273 0.4152259698110553 0.17353354297182144
0.23244916609790944 0.23177558845612334 0.411062802174496 0.12471244327147124
0.0724902984689032 0.10355364373416653 0.005929809435634703 0.8180262483612956
0.028499595505352193 0.3293060338888306 0.04271941700716375 0.5994749535986534
0.0600744110266479 0.2352370652182142 0.24230907640691624 0.4623794473482217
0.03189516307948903 0.49430442605083114 0.1952136045860351 0.27858680628364474
0.3881560678577767 0.026515129701108475 0.4653865386807279 0.11994226376038697
0.7327152058753169 0.1062973403058165 0.14379035765622117 0.01719709616264542
0.36031207845752744 0.0685253884868654 0.5333002579265433 0.037862275129063816
0.5130095805908644 0.13885777830982537 0.04665992890917947 0.3014727121901307
0.39678352911925874 0.2262672611175358 0.37264486869584945 0.004304341067355999
0.5512014254664871 0.3797956304044905 0.018402408348897947 0.05060053578012447
0.19423401528386508 0.34901377697950786 0.43964522210903767 0.01710698562758939
0.14510773611335337 0.7161395852337784 0.04542092632478678 0.09333175232808144
0.6493753949513164 0.0008931563939212905 0.20150631927307638 0.14822512938168597
0.054656501059579976 0.5133556564263762 0.1900060221948665 0.24198182031917737
0.1910931457078946 0.15319145884486207 0.21651619573886105 0.4391991997083823
0.5896496962963854 0.2576330863538917 0.039724395190496864 0.11299282215922601
0.5049274843459005 0.17427849083130376 0.13717031963452864 0.1836237051882671
0.0704901271704601 0.30248689575348375 0.4488055001298531 0.17821747694620305
0.4873543808291094 0.20726587180188194 0.17626802274506548 0.12911172462394316
0.2989928491046381 0.18370719153610804 0.2019972887643705 0.31530267059488337
0.014567147037248929 0.3961380804554947 0.1114559551753499 0.4778388173319065
0.1706580159948633 0.4667218147722133 0.09439415838876686 0.26822601084415654
0.2634671141261997 0.27140790270990733 0.07132305758037294 0.39380192558352
0.08936362090724081 0.20170977202369156 0.06355719031285345 0.6453694167562142
0.03210584720879961 0.10561623306376888 0.8095460946723202 0.052731825055111314
0.02762125272685878 0.030260402823737875 0.8131959622886954 0.12892238216070795
0.09570134171816158 0.35771794691468395 0.18669777055442838 0.3598829408127261
0.6087148655327573 0.016344533402899764 0.0012216769921510329 0.37371892407219187
0.19051780761455916 0.5253628951033584 0.037047387866921744 0.24707190941516066
0.31421935819495705 0.41607516161550817 0.13684466119514027 0.1328608189943945
0.17382164845695625 0.319545033460922 0.26312467730773725 0.2435086407743845
0.2702022491210512 0.23623041365596587 0.3368650885818639 0.15670224864111904
0.07342838786529449 0.5241686534040912 0.2986991790691108 0.10370377966150346
0.04251117602290022 0.059103290480139514 0.8252602619768791 0.07312527152008119
0.671226118303384 0.16156110722278072 0.003926891318327241 0.16328588315550807
0.13137702267776774 0.18071359491222727 0.3455637768161127 0.34234560559389227
0.27502215770815164 0.1701198979034415 0.06887328606599608 0.4859846583224108
0.45862031584874086 0.10072550618546883 0.33295711102661474 0.10769706693917558
0.07125062223438405 0.39722172072455764 0.3523105210854963 0.179217135955562
0.5255622781907252 0.11221472479025674 0.0382868772136854 0.32393611980533266
0.15970803650914034 0.11044725158163049 0.23785149970767627 0.4919932122015529
0.21117673804818549 0.15076990989093952 0.3049202094833249 0.3331331425775501
0.29635405195772324 0.16400417643769438 0.28101764852770617 0.2586241230768762
0.36644433967361556 0.1643049624184676 0.20416727943339896 0.2650834184745179
0.4295740713347551 0.2836707100619906 0.25168763667693284 0.03506758192632142
0.24837349621760751 0.43119503728883346 0.11899883418992474 0.20143263230363428
0.3480961089656458 0.1813016701926231 0.17376767604026022 0.29683454480147087
0.25222183385198893 0.5410064623663253 0.16520361042104037 0.041568093360645375
0.08915158377997712 0.10460441414135335 0.06044445009610799 0.7457995519825615
0.024268774391031145 0.3986781695545897 0.4478110022303178 0.1292420538240614
0.544765350766104 0.2661451163228514 0.060975091733967535 0.12811444117707704
0.13344227700887212 0.02003909555308281 0.8082864740254669 0.03823215341257813
0.2026165715742263 0.14485421116080954 0.008910236999915111 0.643618980265049
0.19869517858706953 0.34717790161990225 0.3202616423904229 0.13386527740260534
0.1538210482725053 0.45050839212309435 0.005842237941497741 0.3898283216629026
0.10527648044396098 0.08580316462997495 0.5007606856821828 0.3081596692438813
0.4141191967472061 0.022044716359039374 0.20619453046181757 0.35764155643193696
0.22283489050471184 0.23117006240543891 0.14240005988229043 0.4035949872075588
0.01635983798841678 0.5539381499235173 0.41640263013444845 0.013299381953617462
0.3713174099530717 0.18905327135098926 0.11176211218430121 0.3278672065116378
0.2565769819232079 0.10027867974619409 0.07237261045427767 0.5707717278763204
0.21637796039149826 0.2471629992643387 0.12251095365760534 0.4139480866865577
