28 100 4 292.8405657701536 585.6811315403072
7.561123680602072 6.05115642094877 2.1247038280831685 4.578331318301054 8.031773856461285 5.598936834878018 2.644240225742425 8.681615877239675 9.598347033713283 9.85792121426601 2.7343087644463147 9.737155912331955 3.113275191412986 1.237184636588836 9.514543087872601 9.29552366818852 3.645781910307825 2.4964633197912183 4.558805558491835 5.596027612796165 3.772335056416566 4.866119502327439 8.470624650859833 6.061542143255042 8.477994791915751 9.97236361976169 3.9932092467435845 1.8190731374831306 7.964484027299679 2.344453574503387 7.528195536831286 9.596317908858282 1.6578619728936408 5.02446475835967 8.570062609997201 2.3098570088734136 7.887443824133701 8.036064262580474 7.075706907505778 2.185319673869267 1.3537286395230361 6.904207692914146 3.2606435253311497 9.89576545628461 5.800447401371454 1.5325771919394207 7.2887978267361735 6.644572898253345 9.062006848783426 2.4573220376489915 6.493434205653911 3.8528658799043063 7.8693910292111635 2.4065387342530977 9.368988176520944 5.480294679214056 8.499105727151973 3.0697248464379507 1.9612901015195454 7.063303427930754 6.210849269196872 8.882644364452116 9.97414876806852 3.477757076238638 7.68372636302594 3.5625875727987104 7.536238034662041 5.419633102840148 8.8121448316709 2.460355330100386 9.741925896601867 1.4399712426121158 7.30491319069403 6.867504186770638 1.4181318113162584 2.7757078870809844 3.975463052738951 7.773804521275609 4.285131235387404 5.7769390577531645 4.18763186086575 5.632066551730106 3.355294347367513 8.665655370038019 6.609171346684559 3.7402277537280595 7.97930701795031 9.059967847487354 7.63666931678755 8.699971698760045 8.381128002581715 8.786988512656748 4.439166563445695 6.502663536792963 4.739553572403954 3.179213215203576 1.551259487808502 8.357644964621594 4.452688955813963 9.809564328777643
1.5122247361204144 1.210231284189754 0.4249407656166337 0.9156662636602109 1.606354771292257 1.1197873669756038 0.528848045148485 1.7363231754479351 1.9196694067426567 1.971584242853202 0.546861752889263 1.947431182466391 0.6226550382825973 0.24743692731776717 1.9029086175745202 1.8591047336377042 0.729156382061565 0.4992926639582437 0.911761111698367 1.119205522559233 0.7544670112833132 0.9732239004654877 1.6941249301719665 1.2123084286510084 1.6955989583831503 1.994472723952338 0.7986418493487168 0.36381462749662613 1.5928968054599357 0.46889071490067746 1.5056391073662572 1.9192635817716563 0.33157239457872817 1.004892951671934 1.7140125219994402 0.4619714017746827 1.5774887648267402 1.607212852516095 1.4151413815011558 0.43706393477385336 0.2707457279046072 1.3808415385828292 0.6521287050662299 1.9791530912569217 1.160089480274291 0.30651543838788414 1.4577595653472346 1.328914579650669 1.8124013697566852 0.4914644075297983 1.2986868411307824 0.7705731759808613 1.5738782058422327 0.48130774685061956 1.8737976353041887 1.0960589358428112 1.6998211454303944 0.6139449692875901 0.3922580203039091 1.4126606855861508 1.2421698538393744 1.7765288728904232 1.994829753613704 0.6955514152477276 1.536745272605188 0.7125175145597421 1.5072476069324083 1.0839266205680296 1.76242896633418 0.4920710660200772 1.9483851793203733 0.28799424852242317 1.460982638138806 1.3735008373541278 0.28362636226325166 0.5551415774161969 0.7950926105477902 1.5547609042551218 0.8570262470774808 1.1553878115506329 0.83752637217315 1.1264133103460212 0.6710588694735027 1.7331310740076038 1.3218342693369118 0.7480455507456119 1.595861403590062 1.8119935694974707 1.52733386335751 1.739994339752009 1.676225600516343 1.7573977025313496 0.8878333126891389 1.3005327073585926 0.9479107144807909 0.6358426430407152 0.3102518975617004 1.6715289929243187 0.8905377911627926 1.9619128657555287
0.23321524531667914 0.1486572769585155 0.061479284311051985 0.5566481934137534
0.16996923167825784 0.33642233686569356 0.08840849338096446 0.40519993807508414
0.03229214935934144 0.14931226341661963 0.6278511898148665 0.1905443974091724
0.03305478887490143 0.3355627314417695 0.23626598980897173 0.3951164898743573
0.08332112573614292 0.28702940328278115 0.48618712126249597 0.14346234971857996
0.0046106436381342375 0.4521583172370326 0.28993113089786215 0.253299908226971
0.18912247948386984 0.1820691441445812 0.26618184202774964 0.3626265343437993
0.32256109144550715 0.08730757486751506 0.4065359562357789 0.18359537745119892
0.16223588719182513 0.5135757555679372 0.061692152120622734 0.2624962051196149
0.042522637916886596 0.3251536009058429 0.4301899351657741 0.20213382601149643
0.1250577543340311 0.37038536815976375 0.46225900051939717 0.04229787698680798
0.07657687259032664 0.06456564160583733 0.7791325559292657 0.07972492987457036
0.12733874611496532 0.36996299782404996 0.09041520374012113 0.4122830523208636
0.03969860522025748 0.42142169855226974 0.44958646455310136 0.08929323167437142
0.2888260516243665 0.35684742194915997 0.2277847549915878 0.12654177143488576
0.2863795603946072 0.2221066716065745 0.2783885347498356 0.2131252332489827
0.27003472653076654 0.4404672314705933 0.1832138121768766 0.10628422982176355
0.05821517051272407 0.40550797226348523 0.05531788745034372 0.480958969773447
0.4369287176902945 0.06196990690583981 0.17691607408000143 0.32418530132386425
0.22655561619609033 0.4587430780740712 0.24262833864768252 0.07207296708215594
0.6610306305972653 0.26478901496920937 0.0602359529728026 0.013944401460722733
0.13189901364247092 0.5506293698964458 0.09927440972478918 0.21819720673629406
0.2008958082747897 0.25760655587574155 0.28382281225601935 0.2576748235934494
0.48718314085107406 0.03814379872377316 0.40338162811084677 0.07129143231430601
0.1074402787964196 0.05317191501496554 0.13749848901191564 0.7018893171766992
0.42233056212726605 0.12384023679694389 0.3858165630809862 0.06801263799480384
0.021161793023728115 0.012465742439351168 0.11146087528533755 0.8549115892515832
0.06412032476464846 0.26088657047221864 0.6353665727097297 0.03962653205340316
0.10225701770007622 0.43941835374438554 0.07082115141264622 0.387503477142892
0.06619898508305289 0.038201928004634955 0.8216844955977691 0.07391459131454303
0.3136567600914668 0.08139078688450396 0.009058333589307743 0.5958941194347215
0.3224653197663393 0.106325541745945 0.46546622968692 0.10574290880079573
0.5037046629661923 0.3672808117929579 0.02515125020369513 0.10386327503715465
0.031320948146206784 0.35872125657816534 0.5682720110651505 0.04168578421047742
0.36300839733468604 0.2434956462519362 0.035029789581734194 0.35846616683164356
0.12793033616378247 0.5880527995323195 0.23030686801482214 0.05370999628907591
0.35666132235909453 0.32663633057310193 0.19244326201883077 0.12425908504897276
0.18804533220929165 0.005512798955372822 0.7185565450788793 0.08788532375645619
0.25020340051125245 0.20334574760380497 0.39635479491268244 0.15009605697226014
0.1978433830502605 0.26168791911872313 0.4547076525015201 0.08576104532949624
0.5371407919304018 0.048504324448368386 0.26386942495409194 0.15048545866713792
0.17370857064434397 0.33277254885679464 0.43664517079341014 0.05687370970545125
0.6877242050066573 0.006632079257531176 0.0520979348685372 0.2535457808672743
0.1639188380442067 0.005349441360486318 0.6719868274288121 0.15874489316649487
0.8598718416732622 0.006462361057609334 0.11407242000936446 0.019593377259763956
0.16821227489707757 0.31395691770706435 0.03926996381705161 0.47856084357880646
0.021494056972506503 0.24060118131937602 0.521902367682209 0.21600239402590848
0.493564030351917 0.07044780695152919 0.2850251742375479 0.1509629884590059
0.27839771626757037 0.00902363820738239 0.23797586669163573 0.4746027788334115
0.28604178348543696 0.044880711849474175 0.3525899607652573 0.3164875438998316
0.05989628072374065 0.2745290594629376 0.521185576803439 0.14438908300988273
0.38879337022292393 0.2542973604495278 0.17850951491015 0.1783997544173983
0.2274571581075504 0.2647071210211336 0.18232979186324683 0.3255059290080692
0.05474668314373432 0.06282314688900381 0.053234630040568054 0.8291955399266938
0.12408572701855891 0.07151358387718432 0.7565715813746073 0.047829107729649434
0.2327153946000049 0.6644721677826052 0.059957782271197746 0.04285465534619215
0.00048540144226905113 0.23881608943077692 0.07025936596557902 0.690439143161375
0.05471532200010798 0.24954874795969928 0.4999787816314438 0.19575714840874892
0.034913149117821174 0.24880309703356251 0.23515438276748846 0.48112937108112785
0.11360211789052121 0.41674176174023825 0.4641180823528481 0.00553803801639241
0.35979721522805164 0.12990812151530906 0.10704448744434325 0.40325017581229605
0.20285919813714715 0.4313842770696704 0.24831076545351127 0.11744575933967116
0.16116993138847002 0.15546376434214926 0.6505964349135993 0.03276986935578141
0.006044822466573785 0.12487229517209675 0.4974950102498962 0.3715878721114333
0.42209345777700014 0.07808548494516321 0.38860004013136995 0.1112210171464667
0.0710799891509134 0.13469519489617154 0.45071862300696364 0.3435061929459514
0.19741900259459055 0.6361215349778225 0.06996402358097553 0.09649543884661138
0.2909696467473287 0.4160870646077339 0.0039009526339414125 0.28904233601099594
0.1889067268784781 0.163581102415974 0.5645550018449498 0.08295716886059812
0.17925766668576315 0.10194172291019343 0.3343720227211133 0.3844285876829301
0.19449443538832245 0.041150414326905915 0.3781870809636998 0.38616806932107184
0.027265773998349285 0.2541605649319114 0.024753587038649383 0.6938200740310899
0.3053622449937826 0.1789379005270253 0.13746093762770273 0.37823891685148936
0.5114537827400244 0.10193963699247233 0.2627895930486006 0.12381698721890266
0.4531707609139928 0.00993077824002453 0.15628392147322012 0.3806145393727626
0.36709778352974487 0.40720688215992595 0.12188113312677129 0.10381420118355789
0.384994938435843 0.2146686887341379 0.37849265141473065 0.021843721415288453
0.0529409140662499 0.41313807829738725 0.4782106072971106 0.05571040033925223
0.12433803069347582 0.42834550067711075 0.3412499471229501 0.10606652150646334
0.06143823199486498 0.1775686630785176 0.14717023794824535 0.6138228669783721
0.05155750610108334 0.33153992035710955 0.36483624929702985 0.25206632424477726
0.2272368486306353 0.3290690883097538 0.16184930275579468 0.2818447603038162
0.030825809727226927 0.19270202908744205 0.001288376097051569 0.7751837850882795
0.09032392878101281 0.014359098696983152 0.3719978135603441 0.5233191589616599
0.162131332677102 0.21670753312129387 0.1939944465947685 0.4271666876068356
0.3150080022963365 0.17294445315853746 0.45286297950957155 0.05918456503555447
0.0902670539209629 0.007971124700088095 0.499779629391346 0.401982191987603
0.3387022958140403 0.4510999277586105 0.10657736090513403 0.10362041552221513
0.4438174216250378 0.07059156787609877 0.06505791586775078 0.42053309463111266
0.5928393082308643 0.12785004110052933 0.1669383614036024 0.11237228926500398
0.13272873319646028 0.31749594479253707 0.04212663176672682 0.5076486902442758
0.34363447871456543 0.07614339817127425 0.41431202529107014 0.16591009782309019
0.12625718549281917 0.335462273670353 0.5286927633584699 0.009587777478357928
0.7509928772621703 0.18467142293333894 0.059571668001289324 0.004764031803201396
0.39360020260579365 0.11808148685453723 0.27449690194894805 0.21382140859072107
0.23798730316232453 0.2154630536409794 0.05966429841573273 0.48688534478096335
0.15105197903996026 0.12354419702913877 0.5576643232989608 0.1677395006319402
0.06514531634338827 0.05450682276937602 0.6379149338512181 0.2424329270360176
0.259585844806024 0.05838929481856825 0.006320106934839642 0.6757047534405681
0.23466546178442194 0.18511091998009965 0.31129185811342786 0.26893176012205056
0.02552222740561172 0.6046274566385933 0.14909877140158045 0.22075154455421453
0.4145711082641804 0.024062093214899605 0.4722368764212269 0.08912992209969306
0.22840922120522034 0.014146997118902216 0.27673224985165124 0.4807115318242262
0.39902017750242713 0.06333349219643147 0.09502496967426433 0.44262136062687707
0.483166354619775 0.23495392759931089 0.12963625984452254 0.1522434579363916
0.7641884092359374 0.0947304144478156 0.08885329206843584 0.05222788424781111
0.20927374551063482 0.28834664710025015 0.26219565529984057 0.24018395208927446
0.13548798793457684 0.07068478512951382 0.4321107150164376 0.36171651191947174
0.008539339348597408 0.7586309150763048 0.19351664514145273 0.03931310043364511
0.34268868801777563 0.24142915190166858 0.30148314462096093 0.11439901545959485
0.19873519126015626 0.03784150860240365 0.2817122774599419 0.4817110226774982
0.06295161015162654 0.16684701401014757 0.6330902136728702 0.13711116216535568
0.6116539175306916 0.16775351574073116 0.11490567787674044 0.10568688885183675
0.5087329248262589 0.21172514766591188 8.88083449590571e-06 0.27953304667333334
0.18879163909114705 0.29332826511209464 0.00852082913621921 0.5093592666605391
0.18311127133811422 0.3775218966371623 0.0911385862241948 0.3482282458005287
0.2768991509890214 0.10732080165850877 0.5033951243834294 0.11238492296904046
0.17727857699957217 0.011888173889164966 0.40671065387983474 0.40412259523142813
0.16908189663687712 0.318210720793218 0.021267216445613912 0.491440166124291
0.46067119222914565 0.3741920391134308 0.06902729070728775 0.0961094779501358
0.024915194399081186 0.22436897158526603 0.6941694611866657 0.05654637282898711
0.01176331365706873 0.42324060219818094 0.02371138848745391 0.5412846956572964
0.4462829765225361 0.5140930971729818 0.016880256929292292 0.02274366937518979
0.18703144379158954 0.34489510196285567 0.3611077396721136 0.10696571457344117
0.29029079930137713 0.03799096282196379 0.369598456997839 0.3021197808788201
0.2347406246926933 0.46242345631307247 0.11215092566486928 0.19068499332936495
0.25198282845046516 0.15243272008259845 0.32736513023567937 0.268219321231257
0.06197548622144622 0.039354926453249006 0.28122689012585034 0.6174426971994544
0.3529377696020637 0.5681411135264713 0.07083054729218452 0.008090569579280449
0.46462957069642974 0.30370170826661846 0.017414251319146423 0.21425446971780537
0.06883798333383306 0.6523149309711873 0.11285464405011425 0.16599244164486537
0.3628744963930697 0.10638512757819985 0.3805353324533882 0.15020504357534226
0.2167694852325348 0.09294131784516702 0.23909850686427947 0.4511906900580187
0.03217532404835377 0.5269662513179246 0.18105734318730748 0.2598010814464141
0.07043806153718057 0.2785780253906417 0.6054918568580375 0.04549205621414021
0.2571597908963674 0.0570869982162997 0.19417750912353526 0.4915757017637976
0.36287821754654837 0.31592651786197357 0.3042610465080484 0.016934218083429653
0.10132649634293467 0.6195134218915695 0.009798159280172691 0.2693619224853231
0.06285622499807064 0.009899221997262564 0.864482928305707 0.06276162469895974
0.010743351541806723 0.09565545749759097 0.6128856156607032 0.2807155752998991
0.2858670931185684 0.5295053317775394 0.07036714863627436 0.1142604264676178
0.015029560274369191 0.2367909054300278 0.2780648972892039 0.4701146370063991
0.06164565391281085 0.2726610532506597 0.6356170920043065 0.030076200832222955
0.13816274566512288 0.018510282512500753 0.8176920849619765 0.02563488686039983
0.19846747497160877 0.5757395019168436 0.10310829976720426 0.12268472334434333
0.028203172028391177 0.7434732005076534 0.1465823871354971 0.08174124032845831
0.03474333210017777 0.11212095179675485 0.6951329045380389 0.1580028115650285
0.0848669057476854 0.5052662274297509 0.051854040126683265 0.3580128266958804
0.3662179938044241 0.0039633734086004235 0.5652907789502296 0.06452785383674586
0.3322629190586327 0.4193278100747917 0.15059675416202412 0.09781251670455149
0.006112769725199363 0.47596981608492195 0.27446321454996214 0.24345419963991655
0.36345136747077067 0.43402751574716014 0.1289089539410896 0.0736121628409796
0.07700724520754199 0.4262330942837874 0.11188468253796913 0.38487497797070147
0.4461433908283734 0.0762619565768562 0.29956159874757127 0.17803305384719914
0.26081813499992723 0.41001727600146487 0.1081333355308397 0.2210312534677682
0.12335312736781823 0.37214467076911184 0.45382070613779246 0.05068149572527747
0.5167858524709811 0.1965456118634925 0.20140374385744697 0.08526479180807944
0.5264532981801509 0.0997879916084834 0.3609160827853958 0.012842627425969977
0.1464098951702818 0.5721204561372627 0.19211628210627762 0.08935336658617787
0.2026546211645912 0.10466066631738768 0.482696337182963 0.2099883753350581
0.2019023394108027 0.43325346936002385 0.11648339814002528 0.24836079308914816
0.4370483752904156 0.1296540516432526 0.359677795170778 0.07361977789555374
0.43249143917282595 0.012606676064419009 0.28386936451664735 0.2710325202461077
0.5503859540858637 0.10582362751003027 0.31242190496544187 0.0313685134386642
0.012803126326418113 0.14423639384118037 0.07996540034077693 0.7629950794916246
0.2740025514048292 0.20105397414399317 0.02928572098977833 0.4956577534613993
0.11721636686348857 0.5731072843943631 0.15075633936968746 0.15892000937246087
0.013323348196361495 0.0739435087233733 0.7712643427476502 0.141468800332615
0.1160592534888949 0.1881655856631438 0.03278115589901187 0.6629940049489494
0.14908946964195213 0.6212428222066708 0.19317417731377873 0.03649353083759832
0.6366243665644169 0.2031258470330478 0.04852770058373268 0.11172208581880261
0.03654793265948453 0.7839366545665746 0.14081951075303945 0.03869590202090145
0.3187828193440313 0.34920245838614794 0.23963783904275493 0.09237688322706583
0.37807983609118956 0.4190188205813915 0.017586261898934752 0.18531508142848419
0.3135982400106666 0.04932645013929904 0.32181003096357874 0.3152652788864556
0.3364584496590215 0.3745626232826852 0.2507697902905235 0.038209136767769825
0.1842697768230962 0.044103811277104166 0.4896142395370834 0.28201217236271625
0.10189844358923195 0.06557025299717922 0.7694775357616126 0.06305376765197623
0.3786756156828084 0.01569178101480395 0.10691239570762512 0.49872020759476254
0.048095798907407006 0.8615528038085701 0.04059724700142031 0.04975415028260255
0.09289305474501197 0.11167352059179103 0.7889300986770239 0.006503325986173092
0.008453162528569091 0.19686615152710774 0.5627738159779302 0.23190686996639298
0.19468987782537417 0.39444807738818044 0.25600668243246183 0.15485536235398356
0.10582620914209417 0.42613706006982843 0.17143375053671317 0.2966029802513642
0.1132648370563295 0.6016441307103156 0.17690257882133276 0.1081884534120221
0.5396421481288969 0.30705413067650456 0.04085612231827862 0.11244759887631994
0.015258248107873018 0.24535032980145544 0.47819436654291037 0.2611970555477612
0.7235265688171167 0.02170959161746533 0.23371194046438526 0.021051899101032667
0.1373124082608541 0.6028298236311703 0.20550082279162463 0.054356945316350935
0.6006015338293739 0.08101451394301529 0.2993845851953949 0.01899936703221594
0.07199960409158379 0.13632481518696327 0.24062086762304558 0.5510547130984074
0.36067498112503715 0.30821231314257935 0.2075690203277355 0.123543685404648
0.003543409894244398 0.6869499265876166 0.22895050537731487 0.08055615814082417
0.46300164680480915 0.14949455182976645 0.31138263964946034 0.07612116171596406
0.5348857063970471 0.010298747909357031 0.2539205644811142 0.20089498121248162
0.04863763833601409 0.34659149893955277 0.36985948618899855 0.2349113765354346
0.706985329008883 0.08624941962794286 0.09909418819203986 0.10767106317113428
0.10838476094691518 0.4087635920149514 0.387097177702561 0.09575446933557241
0.07540909213284275 0.5645551726877989 0.25116057647912626 0.10887515870023212
0.5801325655720728 0.021952216550972237 0.29553251119791113 0.10238270667904381
