44 30 4 85.2933739651585 170.58674793031702
8.513579337990844 1.9431649393288277 7.70176433511566 4.244507526306571 4.233797540272647 6.483145425563365 4.544015959794262 4.681653488748088 5.5891216863064574 7.391331939943661 9.644736026851007 5.109589980450435 4.848863689554481 2.0211733100797336 2.961089824118717 9.617248621611257 9.490156483639556 8.93641853040848 6.817695061630541 2.924423309175477 6.731488124261553 2.2523162678641313 5.128336632748263 8.864768666406864 3.3260527528036627 6.983659879862785 8.764069024332635 2.3396325673979703 6.066549623430759 2.432397374318329
1.7027158675981688 0.38863298786576556 1.5403528670231321 0.8489015052613142 0.8467595080545294 1.2966290851126732 0.9088031919588524 0.9363306977496176 1.1178243372612915 1.4782663879887321 1.9289472053702013 1.021917996090087 0.9697727379108961 0.4042346620159467 0.5922179648237434 1.9234497243222513 1.8980312967279112 1.787283706081696 1.3635390123261082 0.5848846618350955 1.3462976248523106 0.45046325357282624 1.0256673265496525 1.7729537332813727 0.6652105505607325 1.396731975972557 1.752813804866527 0.4679265134795941 1.2133099246861518 0.48647947486366583
0.1728949265822991 0.030042666417868014 0.5916373232280498 0.20542508377178303
0.5157374256218394 0.1953582605811892 0.09392151437742358 0.19498279941954777
0.6974299182041918 0.13593629423756415 0.04924536948812386 0.11738841807012024
0.10897350393583216 0.34752291330157026 0.42517633161988055 0.11832725114271703
0.13235829473853045 0.764793591885841 0.08713214668213987 0.015715966693488737
0.09528466156114845 0.21213789726447396 0.023573831975143844 0.6690036091992337
0.2686563704779281 0.5850258755043316 0.04806173368359812 0.09825602033414216
0.03768029232900816 0.5265691996831641 0.11656391578165037 0.3191865922061774
0.4936352725997194 0.2512202374650431 0.193846979477305 0.061297510457932525
0.0182551076829518 0.030199041119273295 0.06422572928301273 0.8873201219147622
0.29920591582202416 0.04827300106705834 0.1556109521027822 0.4969101310081353
0.05755525959752117 0.04135739081334766 0.5441315005894413 0.3569558489996899
0.002541242720362824 0.6867127862238018 0.009873615720007778 0.30087235533582757
0.13208267917346472 0.18094254404053478 0.00604973318034463 0.6809250436056559
0.0003637751704699266 0.5094429461015019 0.28248845662446553 0.20770482210356267
0.25878023347396073 0.17123878607563803 0.41165622281680725 0.158324757633594
0.5134577603567443 0.10268599765852393 0.3645319076080049 0.01932433437672687
0.26815606288495886 0.1367599263574657 0.39847797904239435 0.1966060317151811
0.3632100552160633 0.09749484620424309 0.3894847486400813 0.1498103499396123
0.3380236483338096 0.14739760437600957 0.5011006955945956 0.013478051695585247
0.17336596120429493 0.5446808106679514 0.0708634777135404 0.2110897504142133
0.3121379551365323 0.14754148807608458 0.1198760543359384 0.4204445024514447
0.12889973998601045 0.42052159261916067 0.0026397344231288145 0.44793893297170007
0.17111105661548986 0.23445921970102812 0.3007348854730332 0.29369483821044884
0.005883066355186983 0.7067218213135265 0.27009728340563466 0.017297828925651904
0.07897690039948257 0.673929020174122 0.009566083691255 0.23752799573514038
0.2085981135547098 0.08339674694553478 0.6897380351866617 0.01826710431309375
0.5109482700444504 0.06368566982670265 0.395160694633532 0.03020536549531494
0.12993429275883883 0.012821064209711741 0.03357448264177487 0.8236701603896746
0.1633316675766724 0.4542321460039711 0.058346827456285943 0.32408935896307056
0.10402296099023112 0.35116633573265676 0.5356333842578938 0.009177319019218366
0.05889892137207742 0.013608892025558705 0.3049075923187863 0.6225845942835776
0.7102306838296174 0.015827134736941195 0.20404498484161393 0.06989719659182747
0.09497198329645806 0.058762477565291626 0.3389890309948944 0.5072765081433559
0.16423464552408473 0.1073255081878639 0.04579324895737069 0.6826465973306807
0.4220551867544007 0.1460201861668462 0.22990211192994148 0.20202251514881164
0.01585780035126383 0.6597483733187912 0.23580873925230694 0.08858508707763801
0.3089478328226233 0.28512979663016913 0.03835419554938113 0.36756817499782646
0.10888559529044084 0.6282339974505401 0.12963144333119392 0.13324896392782515
0.18290372074056616 0.31652517441970496 0.35386876405154755 0.14670234078818134
0.551129483776576 0.2135976512792913 0.16669179685054258 0.0685810680935901
0.34477559320843465 0.25053120919209093 0.14588723018206107 0.25880596741741335
0.18216201205132265 0.0853921521624037 0.15138023246886811 0.5810656033174055
0.21219464549832456 0.15824524309607746 0.306859592196424 0.322700519209174
0.06413964755693335 0.7150053512925294 0.07828107123919437 0.14257392991134288
0.11692560546847719 0.22959875243892924 0.1376001871984126 0.515875454894181
0.3517299658252364 0.010802327237688591 0.043153584350999696 0.5943141225860753
0.5009179518847273 0.17590255250431974 0.05142915296886541 0.27175034264208753
0.3149405550065224 0.5628592822050065 0.05801702582986412 0.064183136958607
0.40459704657030116 0.0438718230334576 0.019106320657797937 0.5324248097384433
0.48460396027833175 0.08848844731761984 0.3194330955991386 0.10747449680490984
0.38953335235033526 0.22585233261798876 0.07999627020719746 0.3046180448244785
0.4871203044289981 0.10235933459959368 0.38951063348019566 0.02100972749121255
0.5275267441774609 0.010988260246323822 0.2206317686490411 0.24085322692717415
0.20269273565233248 0.3563617112284997 0.22770693117583884 0.213238621943329
0.028544667945797242 0.21529953600948004 0.5246811094435558 0.23147468660116688
0.05291761358361302 0.24932105623951117 0.20713594249521095 0.49062538768166486
0.07349188395647677 0.3339752599891276 0.23151753701694433 0.3610153190374513
0.28150944302944736 0.2049917641207103 0.36367424831896067 0.14982454453088168
0.022307575720608153 0.380106066117876 0.40593179983612104 0.1916545583253948
