64 60 4 148.24903749060272 296.4980749812054
4.411886728903931 6.103883504616526 6.360332613914097 5.048730089699074 5.113178428552468 3.8048589808785596 3.8200362507781334 3.6537351490142242 5.776952151120637 4.56599819439477 7.4687533496646346 5.932827972549015 6.2386757443642695 2.508858440119433 1.2634947783765589 2.878677261226094 1.2031789291991073 6.712069979680181 3.019975652797654 4.584788832709828 6.575507185708307 1.0175364769101782 1.3210297188612785 4.3911059726748825 2.947999906660389 4.6436093456829415 8.793947202016241 3.301510781876557 6.412913913024598 3.042112067659243 2.854791527168067 2.5832794251495774 8.997393935908605 7.044240667350726 4.382383306830859 1.1618918604945438 4.172841206306642 3.754204862722932 4.810082055815276 4.5469556957280854 6.121122317526943 6.176600823075637 6.609545237576271 3.2478986466193884 2.1785091703565787 3.205658449056304 9.90397047471372 9.612633641876702 7.404187721707255 7.908504166377283 1.7825224319728976 9.125306613885229 5.837513335315629 1.890499853185331 8.31335094017959 5.770480704975087 7.255637699540874 3.9868448298859533 9.689996465974692 3.2510613102949324
0.8823773457807862 1.2207767009233053 1.2720665227828194 1.0097460179398148 1.0226356857104935 0.7609717961757119 0.7640072501556266 0.7307470298028449 1.1553904302241276 0.9131996388789541 1.4937506699329268 1.186565594509803 1.2477351488728539 0.5017716880238866 0.25269895567531175 0.5757354522452187 0.24063578583982145 1.3424139959360362 0.6039951305595308 0.9169577665419656 1.3151014371416614 0.20350729538203566 0.2642059437722557 0.8782211945349765 0.5895999813320778 0.9287218691365883 1.7587894404032482 0.6603021563753114 1.2825827826049196 0.6084224135318486 0.5709583054336134 0.5166558850299154 1.7994787871817208 1.4088481334701453 0.8764766613661719 0.23237837209890877 0.8345682412613284 0.7508409725445864 0.9620164111630553 0.9093911391456171 1.2242244635053887 1.2353201646151273 1.3219090475152542 0.6495797293238776 0.43570183407131574 0.6411316898112608 1.980794094942744 1.9225267283753404 1.480837544341451 1.5817008332754567 0.35650448639457955 1.8250613227770458 1.1675026670631259 0.3780999706370662 1.6626701880359183 1.1540961409950174 1.451127539908175 0.7973689659771906 1.9379992931949386 0.6502122620589865
0.24138247743851493 0.2239430283344499 0.1468517733878214 0.38782272083921376
0.06485964093513452 0.26389737520745693 0.11113795868913379 0.5601050251682748
0.07826413945779476 0.18448033354272664 0.022819323504771005 0.7144362034947076
0.6035017741864835 0.3382092584893478 0.01910650948304693 0.03918245784112173
0.3255601902775359 0.14683442368417976 0.0848250058051534 0.44278038023313093
0.07940994130836332 0.24504534247431153 0.4724477367607812 0.20309697945654392
0.6023989538220866 0.20486400638753532 0.05956089663297248 0.13317614315740556
0.047073860316548255 0.49712619222136045 0.1957429776461107 0.2600569698159806
0.0071538258880377015 0.8156107948385906 0.0037279424180549636 0.17350743685531678
0.15133760508293048 0.32448907054864806 0.05046090571541184 0.4737124186530096
0.3037778899837317 0.0927475997269348 0.4356466520361908 0.16782785825314273
0.3440471670401263 0.2848532193727453 0.022065388140394382 0.349034225446734
0.06260925718039012 0.09741619841681526 0.013067674414645292 0.8269068699881493
0.1306820766709471 0.606088213603038 0.10852229221479626 0.15470741751121864
0.10394850922899668 0.4283600508737848 0.0739809104134842 0.3937105294837343
0.009091032399944687 0.3600954747096883 0.2732816452954351 0.35753184759493195
0.12625945129931726 0.38867640189891983 0.2077602623696736 0.2773038844320893
0.25045343078556526 0.0034667006717507 0.6537142732800078 0.09236559526267629
0.11701655448833437 0.11450153164937915 0.2810904628491442 0.4873914510131423
0.0862201318148802 0.3175670503315914 0.5285758583060147 0.0676369595475137
0.45052017630995866 0.12266064003862653 0.02456665524995172 0.4022525284014631
0.2205500638766389 0.060203148063829315 0.21222529325243167 0.5070214948071001
0.0482719288247786 0.3938585461254517 0.27986938232569347 0.27800014272407625
0.46155045224195335 0.25271283932802435 0.2730279071446703 0.012708801285352012
0.35804052106251516 0.26085917629262334 0.004771316344013177 0.3763289863008483
0.008704704271813468 0.018790411929113127 0.9625607824383703 0.009944101360703117
0.4299469510443795 0.012667089123459596 0.0037829422886149766 0.5536030175435459
0.7690464622349673 0.07935011117202406 0.014010157844532967 0.13759326874847566
0.14245120360470886 0.2897172483467485 0.3911094015592982 0.17672214648924445
0.14620447289775285 0.34774287928920034 0.2935435252741815 0.21250912253886534
0.4349806972932321 0.07532003096270412 0.45072787122232016 0.03897140052174364
0.6983082362218017 0.028810130801190215 0.14734297710473587 0.1255386558722722
0.233270005273011 0.29166770606363823 0.19373594032611385 0.2813263483372369
0.27307650511996695 0.1958569741674493 0.22553011093478303 0.3055364097778007
0.002402573682349085 0.611384542865589 0.11133188172033037 0.2748810017317316
0.1080822154550467 0.06668698175264665 0.714420165879854 0.11081063691245263
0.3795463639865222 0.007935450107748099 0.40631488745526634 0.20620329845046337
0.03940691738994695 0.27935465286894434 0.40070339666038157 0.28053503308072714
0.13857097808045682 0.3337248439733783 0.07627040184789768 0.4514337760982672
0.16302302744225294 0.2634055443176687 0.2860203520660598 0.28755107617401854
0.06740513335982123 0.2537533312271788 0.4966686602977157 0.18217287511528424
0.3949396636277842 0.17178190427196693 0.09290619506484732 0.34037223703540154
0.02609492029391236 0.5433581283361211 0.01525483078520773 0.41529212058475884
0.14570269088858478 0.5801619420920936 0.12684069322959213 0.1472946737897295
0.473853148303761 0.0682467331669363 0.4222341781515847 0.035665940377717975
0.07292707847339064 0.03768443477063055 0.6586931055350679 0.23069538122091093
0.14980307697242046 0.044495542843263514 0.5938864843427178 0.21181489584159818
0.2742318449140446 0.3619128549499253 0.26311659446273994 0.10073870567329013
0.26622015372191843 0.08332094069782248 0.17561286866022907 0.47484603692003
0.041018316988591264 0.33528003497882397 0.18525573481211466 0.4384459132204701
0.2527700110829505 0.025296369460623302 0.42588002232325683 0.29605359713316937
0.43541998126471404 0.23147406791756975 0.11372323128561379 0.21938271953210242
0.4371558836677616 0.1601997473785648 0.2955352901967767 0.1071090787568969
0.5422214477929082 0.0465223773179394 0.05567287671128107 0.3555832981778714
0.0952658112601309 0.3198141028222127 0.4477381607147546 0.13718192520290184
0.4363780370483008 0.021138946534117853 0.1065502593692832 0.43593275704829815
0.3051808777281808 0.2152874147633559 0.42099334385544473 0.058538363653018566
0.10651941880782867 0.027211095538269725 0.7801813547573011 0.0860881308966005
0.3181290706968295 0.02488050809078801 0.11923809313702705 0.5377523280753554
0.13216976304179684 0.2737896782268079 0.2284155588426141 0.36562499988878117
0.09696807065302482 0.4208687923633183 0.3264013446488856 0.15576179233477128
0.4320164574705886 0.4117544012741713 0.00021127289498334978 0.15601786836025677
0.045601941621106645 0.06193882857518429 0.5431497161341171 0.34930951366959195
0.01616414734422067 0.6571420260105381 0.03673708541618781 0.28995674122905346
0.10155763563414877 0.20544333580586005 0.02336413990059316 0.669634888659398
0.4588355578091533 0.5206313065586811 0.009158217867895724 0.01137491776426991
0.023363770515924642 0.053968657365713435 0.40181964704578865 0.5208479250725733
0.022632746739208343 0.02656377835703949 0.453823318356665 0.49698015654708716
0.050402740750721375 0.32525271987237014 0.5929284677784459 0.0314160715984626
0.16117594469210828 0.06368123975792406 0.26280700167031457 0.5123358138796531
0.2750310998003874 0.360702517408256 0.07257742140949841 0.2916889613818582
0.015229400104253221 0.3626391450288061 0.3494182024826943 0.2727132523842464
0.3375684730702272 0.38510047646203127 0.11957921519542491 0.15775183527231662
0.3326829434673577 0.04231366613126797 0.4903858962957408 0.1346174941056335
0.07387998101526994 0.3836391543832893 0.41424797799597 0.12823288660547072
0.20203849631217208 0.19997037283666808 0.32191050185687686 0.276080628994283
0.2760704204091047 0.049482547663063925 0.03799275029362581 0.6364542816342056
0.2468034257921553 0.12667253546055557 0.3498364910193231 0.276687547727966
0.24635874239802424 0.38542947840470543 0.13997816590809198 0.22823361328917835
0.003372697683293513 0.38405268492726286 0.6086300886748742 0.003944528714569406
0.12185690581350661 0.26784982637739496 0.3668785426737923 0.24341472513530615
0.14020529118107572 0.31389694488052877 0.4514814641111694 0.0944162998272261
0.681497324038476 0.08475358303908698 0.213580453932807 0.02016863898963006
0.12008320823158536 0.1341601559493193 0.25242722532528605 0.4933294104938093
0.37252789166562517 0.08493384778176438 0.3369571680287782 0.20558109252383228
0.14584120128227573 0.4936941861361136 0.04593538606997716 0.3145292265116335
0.023526007924642656 0.03514572796724558 0.1208960441298661 0.8204322199782457
0.24377059399488066 0.5241048322867928 0.15203998440517796 0.08008458931314855
0.0577165377033142 0.03500731622512809 0.34537202705758974 0.561904119013968
0.07513539561091631 0.327417044496338 0.02416840122974373 0.5732791586630019
0.2772400054821649 0.1474960170721178 0.47229953167075056 0.10296444577496677
0.23374979314153765 0.3245594849297704 0.3193688843968905 0.12232183753180148
0.251027298131858 0.4820960499692388 0.038166182537533455 0.22871046936136974
0.179884945209142 0.09410426133450234 0.4978477229722582 0.22816307048409745
0.43162430733851564 0.236188529764648 0.1718165685272185 0.16037059436961787
0.02544462325195118 0.7476054635743059 0.05415181435651395 0.17279809881722896
0.08989381043127409 0.6639391078168859 0.16919750972685166 0.07696957202498833
0.5768766730283932 0.08062341810652696 0.20211035843056802 0.14038955043451185
0.48727333693723585 0.03145070919834314 0.21656924292480384 0.2647067109396172
0.25762836241596687 0.21743153728027986 0.11241097574837156 0.4125291245553817
0.015216662699125139 0.2919346070197365 0.31373354326429514 0.3791151870168432
0.3771195581796972 0.4257855654856981 0.16163633114269083 0.035458545191913826
0.3801519888714211 0.17640879127014275 0.12665434466139402 0.3167848751970421
0.11527805929707513 0.12262386727064634 0.4660986354601879 0.2959994379720906
0.06946701274216094 0.7447287879646219 0.015521974148067774 0.17028222514514935
0.07118578685761423 0.6407598264045867 0.2626237915071439 0.025430595230655162
0.030745145245507866 0.7063231124808269 0.10026490886671902 0.1626668334069462
0.03521225070360712 0.19087859894629022 0.024772592053147746 0.7491365582969549
0.23410473859754188 0.42188473544730454 0.02147819358628844 0.32253233236886514
0.24169405772996932 0.27909839185834007 0.11005232635926454 0.36915522405242607
0.18142322185887316 0.47704820555965644 0.26553344810233814 0.07599512447913226
0.006422824816963213 0.18374755169710422 0.7309928248808806 0.078836798605052
0.3632188618460992 0.119805216820839 0.005376211878610482 0.5115997094544513
0.271369529952617 0.13408503597996624 0.26836979654511195 0.32617563752230483
0.13493033269839017 0.10813194787130698 0.33583480766627494 0.4211029117640279
0.12318955538021303 0.5791398467432185 0.1679167772440774 0.12975382063249108
0.2795790208671689 0.03292265659133753 0.6742733046415832 0.013225017899910374
0.4653098681394957 0.4258901090953793 0.03088371238993648 0.07791631037518854
0.14544359696441833 0.03268317519312214 0.002082150991539855 0.8197910768509197
0.05946127689921421 0.16506675540765137 0.2053861505366229 0.5700858171565115
