25 90 4 245.3103901666647 490.62078033332944
8.831117229644907 6.240492358053038 3.5095504663096215 2.673201088811613 4.699901151326019 2.0563799242124396 7.164718699367215 4.938499536936854 6.006063926547732 4.303722894573915 4.621291559327826 2.017366306249567 5.0232776164074044 6.269006048599321 2.4578659346044445 5.686469092474152 3.9344601352404296 7.292676141499969 4.297550940246553 8.527370574394496 5.332086489227656 5.648520681926749 4.4474331535243214 9.977868062898226 5.628200394266011 6.0314794689562365 1.3100479129771432 7.479370237306012 4.789031928465182 4.93241612763024 3.5353067841008254 9.102469042510416 7.026510502964818 5.104618754396695 3.608239102950124 5.7323706711824975 6.033178553514055 7.707554486024375 8.45511628215973 8.413250067325443 1.694262878912728 6.8037586332472255 3.783318270728924 5.718283442887403 9.622831037807277 8.948808602956488 3.6588870112212093 5.6113838961551155 1.798321759158545 6.77545057979047 2.1917849834045677 7.898372331218507 1.6906801618154514 3.9793944042783425 7.118664284648597 5.582917715146423 6.896315262219277 6.419083220312147 7.471491017937998 4.7369731187648405 4.568874662787945 8.426250674723555 7.41296578292923 1.8814343693209121 8.579388327137934 4.967389789206392 4.3659031984112335 9.223082377432808 5.930002150832018 3.2674353657454422 1.2472654723694219 2.8563156965236627 6.317968253297798 2.4728637521074766 8.53235347528872 7.976828540183821 2.5213731075807075 7.90294896355253 4.018292641614016 5.2515815930875025 2.935579339660314 9.20884599413402 7.832868862975682 7.089052219053197 1.1923865322959144 6.947868942044692 1.849956313373065 8.480463128073577 2.0147413816000106 6.101466484239894
1.7662234459289814 1.2480984716106076 0.7019100932619243 0.5346402177623226 0.9399802302652038 0.41127598484248795 1.432943739873443 0.9876999073873709 1.2012127853095464 0.860744578914783 0.9242583118655652 0.4034732612499134 1.0046555232814809 1.2538012097198643 0.4915731869208889 1.1372938184948302 0.7868920270480859 1.458535228299994 0.8595101880493106 1.7054741148788992 1.0664172978455313 1.12970413638535 0.8894866307048643 1.9955736125796453 1.1256400788532022 1.2062958937912474 0.2620095825954286 1.4958740474612022 0.9578063856930363 0.986483225526048 0.7070613568201651 1.8204938085020832 1.4053021005929636 1.020923750879339 0.7216478205900249 1.1464741342364995 1.2066357107028112 1.541510897204875 1.691023256431946 1.6826500134650886 0.33885257578254563 1.360751726649445 0.7566636541457848 1.1436566885774806 1.9245662075614554 1.7897617205912977 0.7317774022442418 1.122276779231023 0.359664351831709 1.355090115958094 0.43835699668091355 1.5796744662437014 0.3381360323630903 0.7958788808556685 1.4237328569297194 1.1165835430292845 1.3792630524438554 1.2838166440624295 1.4942982035875996 0.9473946237529681 0.9137749325575889 1.6852501349447109 1.482593156585846 0.3762868738641824 1.715877665427587 0.9934779578412783 0.8731806396822467 1.8446164754865617 1.1860004301664036 0.6534870731490885 0.24945309447388436 0.5712631393047325 1.2635936506595598 0.4945727504214953 1.7064706950577437 1.595365708036764 0.5042746215161416 1.580589792710506 0.8036585283228032 1.0503163186175004 0.5871158679320627 1.841769198826804 1.5665737725951365 1.4178104438106394 0.2384773064591829 1.3895737884089383 0.369991262674613 1.6960926256147153 0.40294827632000213 1.2202932968479787
0.033682798780728995 0.14094328799749756 0.5148111861222133 0.3105627270995601
0.0843622262855469 0.004191543415058119 0.7170588787514852 0.19438735154790976
0.24437951602435493 0.00866471687457504 0.2255668477647338 0.5213889193363362
0.3200071264548999 0.1695139218634817 0.4690191905358211 0.0414597611457973
0.3581746375941489 0.027897983330225862 0.21588858674290035 0.3980387923327249
0.08570312337117136 0.09730672278610897 0.22661192300025912 0.5903782308424605
0.5828703770935633 0.3308808101270019 0.08451638079142476 0.001732431988010097
0.3236036385238463 0.02745100288067215 0.6434268308863138 0.00551852770916772
0.49932527745900834 0.2977736744809678 0.16322030769081708 0.03968074036920677
0.2459858565996741 0.12721277408150466 0.004051626474668613 0.6227497428441526
0.04444198706739688 0.5443065356577622 0.16579399845980625 0.24545747881503466
0.19807449786873876 0.1856297037901481 0.3794132416255074 0.23688255671560576
0.5372399039534632 0.18303963171888238 0.09567743446481891 0.1840430298628355
0.01534090572860014 0.07684800290431437 0.24141504083384457 0.6663960505332409
0.28584169213022836 0.14137075085409134 0.13537426055515733 0.43741329646052296
0.05532146800472615 0.38172987530280567 0.32020803637600104 0.24274062031646715
0.06917660160030148 0.07079214056183047 0.11169010648052824 0.7483411513573398
0.05952488938339007 0.19894862518527834 0.4741062273074409 0.2674202581238907
0.3195982637534255 0.5293675765469763 0.014224175086321456 0.13680998461327676
0.42498833052394713 0.05471785317749822 0.20244709540022143 0.3178467208983332
0.10641362333582116 0.7133230255805396 0.1290992945078684 0.05116405657577083
0.3173645436378586 0.11427424610141046 0.032216927377007654 0.5361442828837233
0.5256924710508425 0.2346096313867304 0.03842472905140282 0.20127316851102428
0.37521484067374167 0.2938496644600772 0.06556551176127012 0.265369983104911
0.007530155344974587 0.39483040147439463 0.048142038272238286 0.5494974049083925
0.020099581590442117 0.23657343975054823 0.42970833305041856 0.3136186456085911
0.24671791585865965 0.17247290029685836 0.23885713544736709 0.3419520483971149
0.03321087153118785 0.36825046455062804 0.3374832982627717 0.26105536565541243
0.06081313391837573 0.2946419185732376 0.2921883543506476 0.35235659315773904
0.04082397348200506 0.6057903624823445 0.34946169256667425 0.003923971468976162
0.13619478577241206 0.3479585928463075 0.45780108001479447 0.058045541366485987
0.24322741820054283 0.5566363938478632 0.029966427498018477 0.17016976045357546
0.02142979193982475 0.10620884875511327 0.29216931242663213 0.5801920468784298
0.15721783490651953 0.6092397262234204 0.10487389539292569 0.1286685434771344
0.1812639688338713 0.5351734713200854 0.04306960223616796 0.24049295760987532
0.45340013425796677 0.05104174962091457 0.1557728990144659 0.33978521710665277
0.3033744842172814 0.2584627579402343 0.24559033831450727 0.192572419527977
0.3692358729312163 0.17361090039310056 0.199791507389663 0.25736171928602014
0.11079463985549487 0.47544145413633554 0.33065232116969945 0.08311158483847014
0.05483487675970411 0.7064297932287831 0.013727131151563099 0.22500819885994972
0.08155909636179282 0.6528698616679897 0.17304135023916256 0.09252969173105496
0.2152787714925718 0.2534725532018711 0.0638076875468353 0.4674409877587218
0.09327773326679079 0.5653596484170524 0.14809882109567685 0.19326379722047993
0.30535195243441104 0.06053546701096324 0.2503652935059695 0.38374728704865624
0.5491229456732276 0.2962361477374904 0.05031616404995032 0.10432474253933166
0.38551480926448256 0.12527499058432712 0.30836886144576436 0.18084133870542596
0.09386332278357745 0.05576692023938645 0.2933614810785168 0.5570082758985193
0.26280502342274603 0.17850261577540605 0.09944480124384936 0.45924755955799856
0.3428221426434692 0.5280898691850713 0.0739686490660495 0.055119339105410003
0.5475435201764297 0.06943386817889974 0.3141713526155424 0.06885125902912814
0.08108000770069101 0.057408883213427186 0.37284482205553504 0.48866628703034676
0.03149565775280827 0.2034446517220696 0.5609109100568673 0.2041487804682548
0.13007220968407074 0.02997870185753393 0.7444172654870675 0.09553182297132778
0.09673246566119642 0.009541428164134946 0.6590429761285885 0.2346831300460801
0.40772887871930275 0.16205635239588745 0.33191526911145264 0.09829949977335717
0.21260606154697081 0.3375565404984404 0.2485152555052026 0.20132214244938618
0.06139559201804734 0.43055706306752084 0.07678911355550744 0.4312582313589244
0.5280231943028334 0.34185205304780464 0.10096358358340196 0.029161169065960002
0.4747239021673195 0.330575575738113 0.167828630891948 0.026871891202619458
0.2329553667041162 0.16907751267394233 0.11501481056947371 0.48295231005246775
0.09942443739190576 0.3237449392375904 0.4338773285306914 0.14295329483981245
0.3118714968670868 0.05694670502346977 0.13358532941064638 0.49759646869879703
0.06493237601466306 0.1293835441626061 0.336318538665088 0.46936554115764284
0.461665540393672 0.14285780997689435 0.05708327248663447 0.33839337714279916
0.13482358083779933 0.18381156919523944 0.6531232637135738 0.028241586253387463
0.0008763918571776941 0.0036241776759212696 0.8325743228276146 0.16292510763928647
0.7778536651585287 0.18833443301568698 0.03075795864834685 0.003053943177437457
0.035468431895739005 0.01155182903860541 0.8958904259662197 0.05708931309943588
0.03332598671294651 0.010851770798032234 0.8416923539993135 0.11412988848970773
0.08573680789403415 0.5498770455343678 0.15706300989483013 0.20732313667676794
0.2755320489151346 0.11192820345341092 0.0475200959760943 0.5650196516553602
0.24055027240858418 0.14080417291971037 0.5405464537998678 0.07809910087183769
0.41414835499010916 0.1517814817950881 0.03579291569952381 0.39827724751527893
0.786954962208609 0.09515656994967847 0.08305932858541809 0.034829139256294384
0.31983243673991435 0.57014259042023 0.08427050064675368 0.025754472193102007
0.1871164469165485 0.4347334643080466 0.05911519491517425 0.31903489386023065
0.046766521588175736 0.09462189622527806 0.17764022932572932 0.6809713528608169
0.022658906476317076 0.18075416567388025 0.6353289991087281 0.16125792874107459
0.46002657737948427 0.017927712647191507 0.03844624426870402 0.4835994657046202
0.10862861975130955 0.480167908385687 0.30320140154566955 0.10800207031733389
0.058626077270684473 0.5916686788981669 0.09988670774481245 0.2498185360863362
0.2871374730551952 0.14566134069766745 0.3823996161391573 0.18480157010798004
0.17524972155598806 0.1755756673104304 0.4326480568515474 0.21652655428203416
0.25240970683385 0.15003384171324663 0.2219284824535016 0.37562796899940176
0.236706014868733 0.5206258007087673 0.21667440971973928 0.02599377470276043
0.05344529889300531 0.26190381990256584 0.2320661957058563 0.45258468549857256
0.11958451001651416 0.06821332859480622 0.004107176870651208 0.8080949845180284
0.34719900065089127 0.07975895974437819 0.485680082731375 0.08736195687335557
0.2429776662165548 0.2394080673129464 0.09738602950044462 0.4202282369700542
0.15532284336234203 0.12982830886283214 0.6121240063377225 0.10272484143710336
0.4918456636903529 0.29876096536273244 0.005364553306112185 0.2040288176408025
0.08564645309057428 0.3837472169003474 0.46815659257181186 0.06244973743726645
0.19040067625794943 0.5719385714336912 0.1304663387194509 0.10719441358890847
0.29635068449949553 0.4659668388342034 0.029263882211892356 0.2084185944544087
0.006597664201326903 0.19011666815481731 0.025236544705189545 0.7780491229386662
0.015087390905166198 0.09447425142930277 0.6380338613967163 0.2524044962688148
0.15001405082385155 0.16260549892359888 0.6133209879285823 0.07405946232396732
0.12496399018079785 0.40609433449364496 0.2753590430991242 0.19358263222643302
0.11986628696399715 0.41960814400861357 0.2616494761657583 0.198876092861631
0.06345742593276682 0.010658426292934342 0.5526672360439419 0.373216911730357
0.2930118811346868 0.6602355402710628 0.03469284566130593 0.012059732932944489
0.04296878218210631 0.7379726463332835 0.08330054459590308 0.13575802688870708
0.06683133145592302 0.06228980700733611 0.397555557265139 0.47332330427160185
0.11671916814082994 0.05498521132711409 0.3744996554820492 0.45379596505000674
0.3981472048978115 0.012784160996276439 0.4748942657879329 0.11417436831797911
0.6170603100656888 0.31148346684974515 0.04733694223161733 0.024119280852948677
0.6050391293007165 0.10677409202542276 0.2563361498084945 0.03185062886536627
0.02612698446065609 0.3367601360303819 0.08857142799768225 0.5485414515112798
0.2603223447124632 0.059113260365973974 0.21048835292549029 0.47007604199607256
0.16201095566638912 0.18656039868115315 0.5437960289630501 0.1076326166894076
0.07085548628776739 0.40013628201406193 0.03670624742498474 0.49230198427318594
0.393481228271254 0.09465631875016711 0.04888216749841057 0.46298028548016834
0.028147397395793083 0.6424529136075905 0.19554061554465318 0.13385907345196324
0.07520348541365707 0.2917425965898185 0.22338426271869793 0.4096696552778265
0.28930037596339264 0.1643505988757581 0.17527642661042153 0.37107259855042773
0.4213455714087472 0.040370627847053364 0.5007963252140758 0.03748747553012366
0.2783441594158823 0.27306221165281486 0.09673725475163797 0.35185637417966487
0.7487860729745276 0.07343071879126828 0.05787483040822794 0.11990837782597619
0.16482760696260979 0.5140493069668628 0.2864879564940246 0.03463512957650283
0.5128585853732388 0.03399612978466082 0.0293565702003018 0.42378871464179857
0.15854688756779856 0.24948118198494218 0.17467529170668294 0.4172966387405763
0.1774285786527532 0.028386602999719512 0.2586627749816165 0.5355220433659108
0.2648385295164015 0.009194029293272843 0.32353307597178094 0.4024343652185447
0.4214673070001459 0.027042955508204125 0.1569990925473458 0.3944906449443042
0.30575788759995337 0.1470365899816949 0.3054642417729776 0.24174128064537415
0.021023695686286814 0.1394527273207573 0.2869588007213496 0.5525647762716063
0.30460178574665486 0.17085239443996914 0.47715075744524493 0.04739506236813107
0.7364942463461907 0.19899298827663614 0.04063271800544621 0.023880047371726998
0.22919910453538328 0.013586331869001156 0.6837799583833191 0.0734346052122965
0.038410046716164215 0.5190968058137028 0.06492955933015654 0.3775635881399765
0.5432062952920611 0.3344725622991346 0.07952178734158355 0.04279935506722077
0.13504762606850718 0.2702173198786091 0.28205036948784434 0.3126846845650394
0.4530656110604985 0.3740673724857171 0.1654738578694196 0.007393158584364845
0.40820335789247264 0.05026112278869066 0.46588935074113536 0.07564616857770134
0.5461791859432318 0.010890421532476546 0.10357075800855298 0.3393596345157387
0.16357748341801026 0.37460989585709237 0.26796734737412253 0.19384527335077484
0.15401133266563227 0.4219971788180892 0.09790250692043656 0.326088981595842
0.261183090309954 0.5496213521768539 0.17703242007347186 0.012163137439720195
0.16844578161408763 0.33329662163037255 0.12380585791989629 0.37445173883564353
0.22420630362928462 0.0664631640535176 0.4553622548329652 0.25396827748423256
0.18412981122401406 0.2955699952386027 0.4709171740746969 0.049383019462686306
0.06725497030390204 0.5101848740811739 0.22468098608503118 0.19787916952989293
0.5109946569491535 0.3919790985801558 0.06588790031664149 0.031138344154049258
0.3946377052910679 0.22099043192156242 0.06219865414392667 0.322173208643443
0.47752820441262145 0.126665789357428 0.21633058728501464 0.1794754189449359
0.15956802075668064 0.19431111473198204 0.08205442156379894 0.5640664429475384
0.24713067727439442 0.22125085832889213 0.4676629475852463 0.06395551681146716
0.7966151965559408 0.06856942970252922 0.11126286423206988 0.023552509509460084
0.3498671822560605 0.13494883227583854 0.3053009788232487 0.20988300664485227
0.036065578146655786 0.4924928170111281 0.4602655535854191 0.011176051256796993
0.21456530539413798 0.07537827202973146 0.5734675244811425 0.1365888980949881
0.5121090671629401 0.32273044483421764 0.043999318767603546 0.12116116923523867
0.22506995255583329 0.21268283128354537 0.32067062719352535 0.241576588967096
0.571229013131873 0.31824242585517715 0.0011114454235137128 0.10941711558943612
0.10436693772801486 0.328718667667784 0.4033418957037981 0.16357249890040304
0.16131749444254895 0.33015670917828266 0.28127792871149204 0.22724786766767635
0.35536466577640236 0.3486479781296754 0.19919051382087538 0.09679684227304686
0.014625467460416375 0.01423343183905712 0.11533357898652052 0.855807521714006
0.2778187985994873 0.1373446015272809 0.4238073083516488 0.16102929152158296
0.0856503934257068 0.6910532567123777 0.05539531678768117 0.16790103307423432
0.31853734484467777 0.021010890765728485 0.24087270977964859 0.41957905460994516
0.5695783781701181 0.10468207659308415 0.1861890707860615 0.1395504744507362
0.43848026046125654 0.11852012254192124 0.14751552825571346 0.29548408874110876
0.09653376842276828 0.44461844953044893 0.05005272056746801 0.40879506147931477
0.5629867732516308 0.14825282317377642 0.08692362064337189 0.20183678293122087
0.19568854418176151 0.191045653742958 0.6027225087375516 0.010543293337728854
0.06172746084912761 0.5132135667911385 0.398875730000938 0.026183242358795877
0.08239577223105099 0.13371891574380435 0.17372526180920067 0.610160050215944
0.6584361092999677 0.16913403251098902 0.14648755761591237 0.02594230057313096
0.42203524721492225 0.1895565317728526 0.12710436961540328 0.2613038513968219
0.3622723865354901 0.23083360914034168 0.2661138184056777 0.1407801859184905
0.5882416661054632 0.2503677535081922 0.03207428075461094 0.12931629963173363
0.40247976235924543 0.09238167693354671 0.24534781433305386 0.259790746374154
0.08781356992772271 0.5539674942938059 0.26914753607902697 0.08907139969944444
0.8052203251413415 0.037448605391426804 0.0501593459262617 0.10717172354097004
0.30348101847988396 0.1671744669879368 0.04701042672460287 0.48233408780757636
0.06927260543003788 0.10040119215875032 0.4306920104559214 0.3996341919552904
0.10886956653636626 0.10358711680941501 0.5684955474404804 0.21904776921373836
0.28968613752080186 0.16557129082221833 0.2445977379735742 0.3001448336834056
0.13602774364500025 0.516701577535663 0.19156156957944093 0.15570910923989578
