35 30 4 76.26449504713895 152.5289900942779
5.122494534016814 3.775146462684205 3.0833834053200606 3.4968209658051332 8.355113307124029 2.0021197248324833 6.637935060588272 3.4910909797286287 7.139572067696458 7.110737055196687 8.170456767289686 1.4122194627045976 9.213384469693317 2.9243438770336 3.732735711452646 9.901572611053048 2.6729335262901603 9.898523518700452 7.750758082347687 3.001474406029078 2.331135174967583 5.642112476003141 4.548324867161222 1.628921128349883 4.044031931745733 1.0993349916112696 7.907750722549165 8.872499174105425 5.802348886440136 1.7597147457572981
1.024498906803363 0.755029292536841 0.6166766810640121 0.6993641931610266 1.6710226614248058 0.4004239449664967 1.3275870121176543 0.6982181959457258 1.4279144135392916 1.4221474110393373 1.634091353457937 0.2824438925409195 1.8426768939386633 0.58486877540672 0.7465471422905292 1.9803145222106096 0.5345867052580321 1.9797047037400906 1.5501516164695375 0.6002948812058155 0.4662270349935166 1.128422495200628 0.9096649734322444 0.3257842256699766 0.8088063863491467 0.21986699832225393 1.581550144509833 1.774499834821085 1.1604697772880272 0.3519429491514596
0.4029578863451557 0.42137330937781503 0.05728743117069346 0.11838137310633579
0.6430339587879429 0.22688669653778826 0.1087418164440076 0.02133752823026125
0.11976084216652405 0.12559971057652464 0.3864264123318276 0.3682130349251237
0.3553878928890487 0.13824224613697755 0.3084051940049166 0.19796466696905712
0.1549182335015491 0.15674063633498225 0.34145288251742845 0.3468882476460402
0.13694077059635323 0.37556211926567296 0.24015973801739277 0.24733737212058104
0.11548316767295841 0.3246486876888942 0.23265880554290286 0.3272093390952445
0.5345076774262816 0.038971294399155254 0.2861319288988867 0.14038909927567644
0.040619300617455 0.30621342736027835 0.11113427793316422 0.5420329940891024
0.37598711029863163 0.09716318946339919 0.07613494577704027 0.4507147544609289
0.014654075559076607 0.5559712385268468 0.2855261393649312 0.14384854654914536
0.32634559720401324 0.0441944402382326 0.2090558132898751 0.42040414926787906
0.3815431008279665 0.019036279220755348 0.05036111710230762 0.5490595028489705
0.22893557389823438 0.24141576499641937 0.10841999191315244 0.4212286691921938
0.3203095187462669 0.06720933122644668 0.5425464204501345 0.06993472957715197
0.6731088771363121 0.01810589962509568 0.26697219108082726 0.041813032157764995
0.512848971911941 0.24481282871089982 0.14024097551544912 0.10209722386171005
0.2815190905620122 0.2947574474823095 0.036278335713831766 0.38744512624184657
0.19710289325647512 0.15295619641476565 0.09094283978398943 0.5589980705447698
0.14817095804086522 0.06997860365735409 0.7165994438510705 0.06525099445071014
0.0926447462436063 0.4929882196064106 0.37143384071229124 0.04293319343769186
0.3856929389251238 0.290229475666408 0.028294609828933948 0.29578297557953426
0.7177059903328741 0.039737592386791754 0.20951437036928922 0.03304204691104495
0.5037984214259044 0.06755866454695647 0.02742250582382788 0.4012204082033113
0.2542308030289825 0.69551240098848 0.013454162095344113 0.0368026338871934
0.19747217671912465 0.2182451786419206 0.22483199917445473 0.3594506454645
0.15139081659485043 0.18581863244681196 0.38437660389619976 0.27841394706213785
0.04254440736084231 0.38557473746576243 0.4347649719144967 0.13711588325889856
0.3913973132903801 0.21792201878575423 0.3255447176390375 0.06513595028482821
0.2768343409965883 0.08548558685740937 0.11715762799681717 0.5205224441491851
0.1740462848126646 0.33053491019769143 0.32754534907609834 0.16787345591354563
0.24887690008033958 0.05157375889036209 0.31871410623410223 0.3808352347951961
0.3430967055148081 0.2029269778231395 0.2855282382188842 0.16844807844316823
0.23541176494649163 0.368301097019366 0.32933829458143293 0.06694884345270946
0.12014239391120318 0.5587070310530042 0.08726254202970452 0.23388803300608807
0.46160397369159023 0.4875816832713805 0.0019206750417118945 0.04889366799531736
0.1421508618143038 0.12321233958652222 0.7249112249022586 0.009725573696915402
0.0030834986940074804 0.11052849556688882 0.34195554722021093 0.5444324585188928
0.22154597283124156 0.48274308692733225 0.25424812612814507 0.04146281411328112
0.36791660296125894 0.15924431745001943 0.09359653670579138 0.37924254288293024
0.07257532288356017 0.5761732684436117 0.09384087810004638 0.25741053057278174
0.2871581592086583 0.20836774171183392 0.4014517455167824 0.10302235356272538
0.03226078537495891 0.9161037292910765 0.031325616369666576 0.020309868964297983
0.524013970476806 0.2242238797763909 0.12890492135954557 0.12285722838725754
0.011428469478960368 0.00710429147513425 0.8481176786341827 0.13334956041172263
0.3213813256700041 0.13542837719048884 0.22683842214571925 0.3163518749937878
0.19630106895472432 0.7444507778446562 0.033664741789764085 0.025583411410855406
0.36546035075040517 0.26945027018181034 0.11259780281569154 0.25249157625209295
0.16065446013896723 0.6304890363211362 0.1387003842414094 0.0701561192984872
0.3009126112465994 0.4459081005283144 0.07577470201944947 0.1774045862056367
0.5165491651427475 0.030202439561380134 0.3702183532697588 0.08303004202611353
0.20418282716905822 0.23558733159555834 0.23560356373479407 0.32462627750058937
0.28104083760309284 0.4193908132920118 0.23225988062594094 0.06730846847895444
0.37364806393658323 0.40145861268589733 0.1481021588423539 0.07679116453516555
0.22672332135341555 0.37878395168731605 0.0046062117766064725 0.38988651518266193
0.4595741381462065 0.39315623199804706 0.1375475271383475 0.009722102717398928
0.3012653731633267 0.005113350879542233 0.049642375321856114 0.643978900635275
0.49821363450985523 0.1678740382999474 0.1271713099678673 0.20674101722233007
0.017420456187415723 0.5815023466768872 0.30035218276882736 0.10072501436686976
0.24868807720793673 0.3125407270823404 0.30995355688208437 0.12881763882763853
