41 50 4 123.28581857095307 246.5716371419061
3.2583126137044616 1.414862386053506 7.091346169995026 1.3912253708027684 2.0478133284987816 6.434791200539318 2.7183759650176524 7.016641455343112 9.25703063983807 4.769020782543726 3.9903386504296847 3.5473027165455395 2.6765404065840195 3.853994234379676 5.330518019341977 1.6256842103044493 7.344843144205201 3.832092405815862 7.7075411942732295 4.58391516294902 6.474038135707439 7.556108386468618 4.795822338098095 4.54517391923003 3.0900031642044734 4.974981436700142 4.357192553482424 6.252454357552784 1.9002823794510277 7.672166962980192 1.7487813825101337 2.136015502357645 3.906023769989247 6.78634563236553 9.995245567470082 3.529014861178891 6.24002183407564 8.853409543277015 8.104052970743819 2.9627892443122916 4.119599179839425 7.493505774908753 4.185265368950674 5.146158741684113 3.199578932968507 3.5439688588315095 8.43653319399666 8.869345621904671 2.284921018593581 3.5206464509076336
0.6516625227408923 0.2829724772107012 1.418269233999005 0.27824507416055366 0.4095626656997563 1.2869582401078636 0.5436751930035305 1.4033282910686222 1.8514061279676142 0.9538041565087452 0.7980677300859369 0.7094605433091079 0.5353080813168039 0.7707988468759351 1.0661036038683955 0.3251368420608899 1.4689686288410402 0.7664184811631725 1.541508238854646 0.916783032589804 1.294807627141488 1.5112216772937237 0.9591644676196189 0.909034783846006 0.6180006328408947 0.9949962873400284 0.8714385106964848 1.2504908715105567 0.3800564758902055 1.5344333925960385 0.34975627650202673 0.427203100471529 0.7812047539978494 1.3572691264731058 1.9990491134940165 0.7058029722357781 1.248004366815128 1.770681908655403 1.6208105941487638 0.5925578488624583 0.823919835967885 1.4987011549817506 0.8370530737901347 1.0292317483368225 0.6399157865937014 0.7087937717663019 1.6873066387993318 1.7738691243809341 0.45698420371871623 0.7041292901815267
0.28259491299005657 0.24257423337150696 0.07728779860497548 0.397543055033461
0.1562870850090965 0.7066956518992273 0.07982573867012388 0.05719152442155229
0.027097049937408912 0.2392297600183083 0.5490136723230311 0.18465951772125166
0.39365049084868586 0.04340581313422842 0.042195392353781225 0.5207483036633045
0.3642211688976196 0.013898277206209397 0.35914769619953946 0.26273285769663157
0.03261042688922067 0.06759855160099781 0.4147917661050101 0.4849992554047714
0.43492332203686457 0.09166445002730839 0.30298208639684854 0.1704301415389785
0.4836819550767191 0.07906250134618953 0.3223744783873589 0.11488106518973251
0.05887044519220874 0.30276998829391943 0.28342997280743765 0.3549295937064342
0.17010918751016402 0.3929049419085401 0.24585493613824605 0.19113093444304985
0.24944998716114897 0.16091704257106876 0.3498376065028569 0.23979536376492538
0.22295932453294576 0.3634139551979506 0.396746304487136 0.01688041578196764
0.044437067282930176 0.3644518553194319 0.4479972141619023 0.1431138632357356
0.0920117117681093 0.6692064735094867 0.18295696052055088 0.055824854201853125
0.014598500574212858 0.017563558171909133 0.1176174060982168 0.8502205351556612
0.23157127508396247 0.058413247923893574 0.0741567770424364 0.6358586999497076
0.49784415511438007 0.22414963990734182 0.018302240608245035 0.25970396437003307
0.03128370263515068 0.04118391535015642 0.8186219658569733 0.10891041615771957
0.5283135513181276 0.09715221083043457 0.06513547881136683 0.30939875904007097
0.003318730091000921 0.5652603530940341 0.1693143325462092 0.26210658426875577
0.0879026414804086 0.2965033524397944 0.18025386479973116 0.4353401412800658
0.09186463031061554 0.636959234965683 0.011994711814137138 0.25918142290956436
0.14550398617381577 0.05664227205625705 0.14018563610475676 0.6576681056651704
0.2501083818490608 0.18791216752194473 0.22229058234367916 0.3396888682853153
0.13624016929435778 0.15138919781029525 0.44663874080643573 0.26573189208891124
0.10269606706946033 0.11805893505454135 0.4719681822550226 0.30727681562097575
0.02322653415063769 0.509217609964146 0.2955306436262334 0.17202521225898293
0.5245112036371808 0.1425382302977385 0.17711066504334572 0.15583990102173495
0.020691957743507072 0.6316405699961203 0.10803273228288979 0.23963473997748286
0.025425016632492525 0.19853919917615737 0.6472322044352818 0.12880357975606826
0.031234184393140407 0.10629883780564453 0.4065723348739786 0.45589464292723647
0.3081957982780035 0.02044559190975126 0.3496554408010458 0.32170316901119944
0.2928760583538329 0.2204904599508115 0.38574341617436614 0.10089006552098945
0.18099282465453725 0.22207008044382714 0.20585177361815932 0.3910853212834763
0.24453514552795896 0.43005784507973266 0.010353373933969179 0.3150536354583392
0.07191726794191766 0.0770159276334883 0.03822228193356503 0.812844522491029
0.08443961802190725 0.3013510163473969 0.1397011118706415 0.47450825376005434
0.2142074877515262 0.7217801852186104 0.058385179911516594 0.005627147118346776
0.5976975863853717 0.08618803472057945 0.051300600341576685 0.2648137785524721
0.32229578594563335 0.029291330500656576 0.06880411128937225 0.5796087722643378
0.6722776932906084 0.04907514291486714 0.10998906177471302 0.16865810201981146
0.6396113821368282 0.1825780596323331 0.10894134946328293 0.06886920876755576
0.011485763201647625 0.0732189298532836 0.5577707582996257 0.35752454864544303
0.6266279644646674 0.06191750085649417 0.28313148405381483 0.028323050625023605
0.3328026958581358 0.16616003172358684 0.18290433037471154 0.3181329420435658
0.3789737080201999 0.22332359785348088 0.1171276348794641 0.2805750592468551
0.13418651679126625 0.13248237983291877 0.614219301863439 0.11911180151237599
0.260971904464007 0.15048942319522896 0.23001434649844865 0.3585243258423154
0.1998974590439726 0.3222676656375749 0.10576044534249629 0.3720744299759562
0.15659562851609143 0.18914609721946307 0.01859386723453893 0.6356644070299066
0.27650747910770745 0.4152882109743278 0.20906227441702951 0.09914203550093525
0.6637884093045906 0.017533083377610392 0.2301850978848975 0.08849340943290152
0.24094774926551976 0.13926366048387484 0.44953645441591317 0.17025213583469223
0.32141909578024264 0.23685007811123893 0.019993697183412595 0.42173712892510584
0.20369669555579883 0.4788898046371598 0.020436238673466667 0.2969772611335747
0.18844613250139997 0.003611931057433515 0.6633379462721466 0.14460399016901992
0.492427591307534 0.2743121652046536 0.1426505323231303 0.09060971116468208
0.12406707728439814 0.024094015404640623 0.38304068317575957 0.46879822413520167
0.3224577242161273 0.012536865329303204 0.017877894290628582 0.6471275161639409
0.3395809933450612 0.00349522728407603 0.35804416469881395 0.2988796146720488
0.08502655062147602 0.24601628904171458 0.3179465720748045 0.35101058826200493
0.0945597107216587 0.09255656294891423 0.0953183422871301 0.717565384042297
0.13292327495509637 0.576155863257195 0.06456445386282483 0.22635640792488376
0.11074431650238326 0.5188577271859585 0.041262632094169804 0.3291353242174885
0.2506928782227559 0.3094737295220302 0.04046231109847587 0.39937108115673803
0.05852998469980131 0.3693446265359588 0.5398758541655614 0.03224953459867852
0.21588960809408775 0.22787556414028398 0.3974349537064773 0.15879987405915097
0.18421591474847798 0.44126825321459306 0.26500151628385726 0.10951431575307169
0.12044006104733196 0.4890797435063863 0.1176510432948682 0.27282915215141357
0.01653421952967027 0.7978154867378807 0.12780116804245745 0.057849125689991565
0.39973637307413956 0.20965779005283114 0.3630167676126276 0.027589069260401722
0.6966977711073601 0.004946110097461931 0.14924459949383695 0.14911151930134103
0.49246212150001756 0.28267122933892097 0.1744159472358331 0.05045070192522838
0.026608383488793685 0.8113246057346915 0.10371980871989894 0.05834720205661592
0.20814379069740507 0.6785553046391383 0.010765298428319747 0.10253560623513691
0.2393740079800628 0.06225984016393182 0.2473370112078913 0.45102914064811406
0.6021986755674135 0.31572215316053376 0.043669375082706186 0.03840979618934659
0.11396642895853659 0.36142869073407924 0.3111367457720762 0.213468134535308
0.3721301724835704 0.47263167779067594 0.0936747964611373 0.06156335326461637
0.21286877202804666 0.49617884458187456 0.20128650335293263 0.08966588003714615
0.8380627630091846 0.012411354218493709 0.09806612644788726 0.05145975632443445
0.11829746630438787 0.20818472319414794 0.14914701801495056 0.5243707924865136
0.5428422463506397 0.17191698646956066 0.06181327524841096 0.22342749193138867
0.017666185118943356 0.2402908914111087 0.7225514529185096 0.019491470551438295
0.05381680852230564 0.680290769723754 0.060887234461654005 0.20500518729228634
0.4367041243491516 0.06132619143031792 0.3617656482629341 0.14020403595759634
0.04480206928846242 0.33926138267435413 0.5006092607606841 0.11532728727649932
0.5005672930387881 0.36156760766818896 0.01287900231780903 0.1249860969752139
0.24910813001593313 0.2208467671769767 0.2245621231414474 0.30548297966564275
0.41772052094520273 0.42591038297984984 0.08393786910272494 0.07243122697222248
0.08817645252779249 0.1269343765898998 0.5724139719163801 0.2124751989659276
0.3033151201417653 0.06581050871886629 0.49953882422330786 0.13133554691606053
0.019067557211431607 0.04067738389995579 0.603098251263426 0.3371568076251866
0.1252348396128451 0.17855126860383974 0.024337097337760683 0.6718767944455545
0.16867780355719364 0.2587074028185604 0.066890227559397 0.505724566064849
0.07730372033892952 0.06849193412087984 0.6244161632794918 0.22978818226069886
0.1572744808354265 0.2937919199554293 0.22641788898587623 0.32251571022326797
0.058212773872193035 0.11907857914245856 0.004734349541886784 0.8179742974434616
0.2141954597554928 0.08425938068926986 0.591816797053727 0.1097283625015103
0.11882383610202807 0.34129765176682125 0.10014679541894467 0.439731716712206
