18 20 4 58.65251445923255 117.3050289184651
6.853368175656325 5.549080363613586 8.907413238293968 2.63656202834381 8.670097618071374 7.751226574954096 6.994915007367903 9.89105903448366 3.3127158034344713 1.254753327452483 6.721472039149015 8.625811487379636 7.625571626044096 1.1872640073114136 2.004428175985295 3.6795136767027383 7.182731722058594 8.754634504014817 2.787709232654028 6.914701275493803
1.370673635131265 1.1098160727227173 1.7814826476587935 0.527312405668762 1.7340195236142748 1.550245314990819 1.3989830014735807 1.978211806896732 0.6625431606868942 0.2509506654904966 1.344294407829803 1.725162297475927 1.5251143252088193 0.2374528014622827 0.400885635197059 0.7359027353405476 1.4365463444117188 1.7509269008029633 0.5575418465308056 1.3829402550987606
0.19742128450213303 0.5022343444899621 0.09030491883321146 0.21003945217469344
0.21131203725140024 0.10837408330603227 0.1569142654280048 0.5233996140145627
0.30191817765024553 0.250615511201967 0.16172305184442792 0.28574325930335953
0.012332537482920625 0.520871293863704 0.001455379023872494 0.46534078962950287
0.01363750174414724 0.09137785147187727 0.8923699292636222 0.002614717520353249
0.2173196229012333 0.12430782939600782 0.6468704237466837 0.011502123956075194
0.5156439876610373 0.14913748313287123 0.12012128312449377 0.21509724608159775
0.4302592813664673 0.045406423919942984 0.0205796846011157 0.503754610112474
0.6596553956120715 0.24654336837151547 0.037997597968805974 0.05580363804760702
0.14801784040784915 0.21422502084896367 0.11370063401546249 0.5240565047277247
0.06712698614922485 0.45611512727589865 0.2711736137452916 0.2055842728295849
0.07910067289179656 0.2980835182367181 0.001741834894242511 0.6210739739772428
0.04750509506272138 0.14893985195909798 0.6373458528201336 0.16620920015804708
0.47602647516617136 0.18270110320240684 0.14480665799110404 0.19646576364031776
0.4882682202390717 0.14847425215381393 0.2823703675672623 0.08088716003985208
0.256353254245148 0.28473178534871657 0.32600819221751476 0.13290676818862068
0.018164056326049893 0.2750235310785293 0.19206644395713846 0.5147459686382824
0.12131955319591026 0.273407540991377 0.49142742146142715 0.11384548435128561
0.4152168868506033 0.05725569248435969 0.105035103132055 0.422492317532982
0.04046598393017187 0.618914715075888 0.005146873948557618 0.3354724270453825
0.35239246875784624 0.4616554693592022 0.13540735607893395 0.0505447058040176
0.29393597470178845 0.37266437327977553 0.14092597586791455 0.19247367615052147
0.19167740493265917 0.44819295228831624 0.18801904459077512 0.17211059818824948
0.07913471728341592 0.4933931960795753 0.12271006494147396 0.3047620216955348
0.016300778724193665 0.20929985922903727 0.05225240209349613 0.7221469599532729
0.011016694853989928 0.7971813638861484 0.12640690912386943 0.06539503213599229
0.2691131705792609 0.41625044823315016 0.09176083398391621 0.22287554720367275
0.26097774276247965 0.4105443449728158 0.3162641541507233 0.012213758113981288
0.035368885940296746 0.3833764355661339 0.2683859791765216 0.31286869931704775
0.13563371823783865 0.19052996269351996 0.4697220233038292 0.20411429576481221
0.6293531339196942 0.1579168792081893 0.10690429960759107 0.10582568726452546
0.15341645416108574 0.19783696901792347 0.11936896354145832 0.5293776132795325
0.23732518632069322 0.14912545826122936 0.3884956353184963 0.22505372009958113
0.19148278819959308 0.34498230329523927 0.11092540998366773 0.3526094985214999
0.4555562943106152 0.08378880477548134 0.06401456483592827 0.3966403360779752
0.011649132417856034 0.2797938674114486 0.4677356641076714 0.24082133606302392
0.5840203754759804 0.30658303224256 0.0982796644207401 0.011116927860719494
0.15072594151523566 0.39819613354276584 0.08721566567206751 0.363862259269931
0.26349231633707004 0.2756447676546969 0.2072189166403623 0.25364399936787074
0.24285693642029493 0.526024580096555 0.04710616591972794 0.18401231756342218
