49 90 4 269.58401716082795 539.168034321656
3.708680102703231 3.22355648765633 9.33701621553258 9.024430944499876 7.149490839774883 6.101961935497051 5.922692922187285 2.8938145238808923 7.927790213668922 9.06607090861276 7.494854109093744 5.489023149174392 4.979915046047748 8.221874750239827 8.603481751659277 3.0622438397145513 9.659507872638244 1.5302650199110626 3.608540978507126 3.809477278998704 7.317156407688956 7.36847975066368 9.487258899541516 6.457448501573289 4.197045608438943 4.7871931137774615 9.158496158329376 3.2673610224994807 3.726283948240868 1.6844286550898022 3.26343734445413 9.195720314211242 8.592789981031096 6.734749944521123 9.910964270529963 9.459275822598759 8.694440574352289 9.290309556326667 6.991810453305165 4.537498465045416 6.2449670532785415 4.39670717765962 5.323166101767154 4.252940521962162 2.49946718483242 9.054471835819099 5.887591607082982 8.409711161454272 6.110522516531395 1.0600432674334175 6.650392442548262 7.917534341982666 3.8788282046112053 1.2471324102004175 1.8170623495033489 3.3023197537228723 6.55459054110333 8.481040611811899 1.0915080959674963 7.165950027828501 2.233644171909865 9.357840229708682 6.595861682724367 9.906676408444705 3.4420529220482203 6.348745137200176 5.704812617934917 7.608890039151299 6.6495141958125075 6.4062059615668225 9.729098653701227 6.488233174386452 6.991378144662848 7.8531106554565 1.5920573989856859 8.8787384673039 7.401848895199396 9.098668538994477 5.7726200288340594 1.047672581471619 8.238853685273869 6.097188837723326 9.327218926251568 2.156691243818724 3.26484822459017 7.676381009658362 1.6474389099767461 6.994080309835834 3.2876779017597917 5.087200477951236
0.7417360205406462 0.644711297531266 1.8674032431065162 1.8048861888999752 1.4298981679549765 1.2203923870994102 1.184538584437457 0.5787629047761784 1.5855580427337843 1.813214181722552 1.4989708218187487 1.0978046298348785 0.9959830092095496 1.6443749500479654 1.7206963503318555 0.6124487679429103 1.9319015745276489 0.3060530039822125 0.7217081957014252 0.7618954557997408 1.4634312815377912 1.473695950132736 1.897451779908303 1.2914897003146577 0.8394091216877886 0.9574386227554923 1.8316992316658751 0.6534722044998962 0.7452567896481737 0.33688573101796043 0.652687468890826 1.8391440628422484 1.7185579962062192 1.3469499889042247 1.9821928541059926 1.8918551645197517 1.7388881148704578 1.8580619112653334 1.398362090661033 0.9074996930090832 1.2489934106557083 0.8793414355319239 1.0646332203534308 0.8505881043924324 0.49989343696648403 1.8108943671638198 1.1775183214165963 1.6819422322908544 1.222104503306279 0.2120086534866835 1.3300784885096524 1.5835068683965332 0.7757656409222411 0.2494264820400835 0.3634124699006698 0.6604639507445744 1.310918108220666 1.6962081223623797 0.21830161919349927 1.4331900055657 0.446728834381973 1.8715680459417363 1.3191723365448733 1.981335281688941 0.6884105844096441 1.2697490274400351 1.1409625235869834 1.5217780078302598 1.3299028391625014 1.2812411923133644 1.9458197307402454 1.2976466348772904 1.3982756289325695 1.5706221310913 0.3184114797971372 1.77574769346078 1.480369779039879 1.8197337077988955 1.1545240057668118 0.2095345162943238 1.6477707370547736 1.2194377675446653 1.8654437852503136 0.43133824876374477 0.652969644918034 1.5352762019316724 0.3294877819953492 1.3988160619671668 0.6575355803519584 1.0174400955902472
0.509129716463978 0.04603785770131785 0.10896952738857313 0.33586289844613104
0.38110785044396167 0.2255647885501123 0.09035110752233111 0.3029762534835949
0.3830690542567843 0.3908089595360269 0.09726685738116259 0.12885512882602623
0.41314605215208156 0.44189212097285635 0.07522425683832701 0.06973757003673509
0.31705580799391064 0.24706078191688796 0.23304527166723588 0.20283813842196552
0.1880926464033087 0.22223111870863244 0.32725999458769817 0.2624162403003607
0.06395729182284304 0.5675126498328371 0.19430095396148472 0.17422910438283512
0.13940039999940712 0.19130686028593802 0.5453391862047704 0.12395355350988446
0.3159516016496998 0.036559630205056926 0.5956412936565112 0.05184747448873206
0.10271797888469802 0.40449069574309304 0.12049664390971915 0.3722946814624898
0.06978656598617894 0.1788959675413131 0.19578908078223534 0.5555283856902726
0.11871415636629334 0.0185641975176708 0.7892496239273651 0.07347202218867077
0.2462055791311093 0.14761306683336484 0.2231291592917114 0.38305219474381447
0.0006160894265474504 0.3147901290734696 0.07528318653054167 0.6093105949694413
0.028210346660352936 0.2830941323873206 0.4504923280605544 0.23820319289177205
0.42619905549151516 0.46685652709042347 0.04949137072786769 0.05745304669019369
0.25426820210444234 0.5052901442099313 0.20735601552700278 0.03308563815862353
0.21715725788791296 0.16370417899450018 0.16013261280243718 0.4590059503151497
0.1576476042311461 0.3381798578035832 0.21386895849990983 0.2903035794653609
0.3780927796049236 0.24813078211200634 0.35973435807049126 0.0140420802125788
0.030021642517242597 0.059597435812311805 0.48557884343084057 0.42480207823960503
0.29717917785935144 0.16347248746411103 0.18715135265873695 0.3521969820178006
0.054682848020906505 0.10428113282181461 0.6288874486340527 0.21214857052322622
0.08259323150714915 0.32060171613395316 0.3032249667793844 0.2935800855795133
0.09112352640781718 0.6462663060477191 0.059678584843643745 0.20293158270082
0.5362423452554343 0.44381027859855837 0.009338617588255493 0.010608758557751785
0.5429618740643227 0.03723155238523712 0.4075539463297828 0.012252627220657342
0.09546292139102708 0.045926360372379516 0.05163483591410678 0.8069758823224866
0.26955524249930973 0.3125044731636024 0.40218161380222905 0.0157586705348588
0.03681101689362998 0.7004369608856981 0.06326462952101908 0.19948739269965288
0.17963092754085508 0.5051445762145803 0.07724701721683958 0.23797747902772504
0.050411993165580204 0.4356393393825819 0.005941196544842153 0.5080074709069957
0.15068274532576897 0.5710482720099257 0.017245494887148438 0.2610234877771569
0.609299391960331 0.32604610042072035 0.02234524423477202 0.04230926338417662
0.47810195693395363 0.0913148883988203 0.33725819813074875 0.09332495653647732
0.17763680667266457 0.10507883196656087 0.28488856531932916 0.4323957960414454
0.4116190994576795 0.2975656066385928 0.11273069127391955 0.1780846026298082
0.5937937739025413 0.073135820388187 0.17476798328886733 0.15830242242040438
0.08850342451258697 0.19653176845251885 0.6062398928638466 0.10872491417104757
0.29660740511875316 0.3833312785003117 0.21308499631069733 0.10697632007023783
0.06306648481135324 0.6448487862031617 0.1668796629343322 0.1252050660511529
0.4086379477145129 0.04665549127796553 0.0518209640647912 0.4928855969427304
0.08403729284896622 0.1056661235289198 0.04511780489790351 0.7651787787242105
0.18912105715041416 0.07777451544184888 0.6220087748354142 0.11109565257232279
0.032756640822363736 0.12049658167009858 0.5422684840024562 0.3044782935050815
0.16107910025457373 0.015399721651118692 0.5811057634488953 0.24241541464541227
0.000469613074623787 0.07143577687978975 0.4475794793784822 0.4805151306671043
0.15300932068501327 0.1091410969881963 0.08974559696906093 0.6481039853577295
0.12412637016248451 0.31013949159562726 0.3753336891457756 0.19040044909611265
0.577912237723395 0.246778066566255 0.06411077047622094 0.11119892523412911
0.15917896650975705 0.2697695439607055 0.5345427339775416 0.03650875555199584
0.0753067389403862 0.19634959491081594 0.4872696726431587 0.24107399350563918
0.10024743121763469 0.21956866109239914 0.6393366782737891 0.04084722941617702
0.13036545737737315 0.6838696452238399 0.17943339321490293 0.0063315041838840624
0.18572588830550307 0.637453316622514 0.13460826199225506 0.04221253307972783
0.7711350660882758 0.02942110429639999 0.0032636774726169104 0.19618015214270734
0.6716860872325168 0.07448097258295239 0.004464132836168644 0.2493688073483622
0.08779894152909296 0.054106278401719665 0.17218788044513955 0.6859068996240478
0.17680913960121103 0.19169916251017105 0.36666185565890774 0.2648298422297102
0.4538355055715626 0.014437588614061081 0.4190858795724809 0.11264102624189543
0.2258986588960129 0.3716698120254871 0.3172236907550082 0.08520783832349177
0.32798405000229336 0.02652925011532159 0.5397519989456666 0.10573470093671844
0.4046081931746619 0.08187019901819514 0.02742201777571307 0.4860995900314299
0.329343275089526 0.20148200153196938 0.20246043446617512 0.2667142889123295
0.8548446700820354 0.0602286661633229 0.02389252547624654 0.06103413827839521
0.0205708275702311 0.21766383288117408 0.07592329068471448 0.6858420488638803
0.28179198954566365 0.4936916358295611 0.057964555601451084 0.16655181902332417
0.3490742277540194 0.537012436377233 0.06257703625368549 0.05133629961506214
0.24864397179637177 0.3720297927412277 0.2055294476190488 0.17379678784335173
0.05589071009251256 0.17249113786181947 0.2614593877757646 0.5101587642699034
0.10905028123660587 0.1341604450631403 0.20394676321951244 0.5528425104807414
0.03970492652721258 0.23609371398825219 0.15190746234023145 0.5722938971443038
0.28971532147039436 0.0056998663881820955 0.26544169276848584 0.4391431193729377
0.10836704499004668 0.11664307630494675 0.32419380858684643 0.45079607011816014
0.7257058801368758 0.0040038236353013845 0.16514452726106132 0.10514576896676153
0.30741162698403934 0.5179900449702074 0.1312982906760608 0.04330003736969246
0.35812189006569217 0.18611921016872757 0.13063360885312092 0.32512529091245934
0.22683277601115925 0.21147309644657897 0.3639246570627339 0.19776947047952786
0.12272395345820741 0.13340130473277967 0.3747761527324801 0.3690985890765328
0.0050980607156717594 0.025837946736182893 0.6594800811862124 0.309583911361933
0.39194138439082626 0.19884512826042766 0.3398096814416136 0.06940380590713247
0.3026381451131329 0.02394505673060987 0.04403651853612722 0.62938027962013
0.07103119261582858 0.18717253660554045 0.6853674932608395 0.05642877751779152
0.2810422972492379 0.030777699046500184 0.6817013158961623 0.00647868780809957
0.049113234173107756 0.29251699415642896 0.5886779385402907 0.06969183313017258
0.05554309566246862 0.08582490708479396 0.7728351187398184 0.08579687851291906
0.38231214091868215 0.3722273580062634 0.03239920084736325 0.2130613002276912
0.15781954199069204 0.1723144894789792 0.6673093215535933 0.0025566469767354105
0.5372182763314008 0.0908146704370526 0.1266673602816507 0.24529969294989584
0.0353139907891421 0.46264632354110724 0.04506694581407933 0.45697273985567133
0.4901420182911149 0.4066750957046602 0.0461734844537558 0.057009401550469074
0.01112348635829552 0.34829629459657263 0.450722741570011 0.18985747747512083
0.3467030033281686 0.03651336357066903 0.4526058837300533 0.16417774937110907
0.3013171304533869 0.12228801911833442 0.13301075887586244 0.4433840915524162
0.05783073346172962 0.2840491826905367 0.1796832962775804 0.4784367875701533
0.18147236790930044 0.45624987177297116 0.293514599388623 0.0687631609291054
0.1308376354613423 0.4428748458145292 0.238984393583618 0.1873031251405105
0.17581150259009115 0.2694038740359238 0.2096683643569066 0.34511625901707843
0.026290163525186427 0.22382661137070503 0.3045584912165904 0.44532473388751814
0.21875533470884057 0.3498664235024037 0.03489192902026417 0.39648631276849156
0.35182450650152597 0.2540546796602722 0.36385739548922735 0.030263418348974502
0.06387840542833467 0.20513791068816134 0.6450557987684659 0.08592788511503813
0.10077720989994021 0.029679430509602867 0.14407868976362137 0.7254646698268356
0.25002370393750484 0.4218413207437641 0.018030564104631552 0.3101044112140995
0.6723469239890718 0.21094294908562816 0.1122624351195477 0.00444769180575233
0.11203473364247851 0.4910052903869414 0.21350633416863285 0.18345364180194723
0.06198115953504124 0.3576887618647452 0.16581436126837934 0.41451571733183423
0.046098667031925444 0.4716341287527056 0.24079750476118544 0.2414696994541835
0.19729939064530866 0.6635792254380645 0.09501049939192929 0.04411088452469758
0.016623323554313507 0.28109177948052266 0.051571394063797515 0.6507135029013663
0.3224109528876634 0.0499553233723784 0.4957330105913983 0.1319007131485599
0.014775569933262123 0.06704262733782973 0.45933700385007337 0.4588447988788348
0.3025195329776412 0.1284869282199128 0.05952919077183194 0.509464348030614
0.14246237916434024 0.4687523918442632 0.0028695749228941914 0.38591565406850237
0.19434683117314522 0.11150047252915574 0.6780019251259043 0.016150771171794753
0.22561520299422688 0.2586024817513034 0.06228300619634308 0.45349930905812663
0.2999309515178178 0.11827317300144846 0.2313207408379392 0.35047513464279456
0.8135305266941092 0.0021469414217505367 0.11838011737243914 0.06594241451170113
0.02298730131563531 0.47556490251246153 0.16926535126003694 0.3321824449118662
0.6005007585675471 0.1153023334962191 0.23429976579802558 0.04989714213820817
0.1616498020353071 0.5480036354023385 0.014483020282244907 0.27586354228010945
0.06700213576406633 0.15869980016446228 0.24087291085184137 0.53342515321963
0.3327721230274512 0.14408291629615178 0.21106760406444702 0.31207735661195
0.026594437699237528 0.3341192888216049 0.4684060599368608 0.17088021354229677
0.23651494469121603 0.364639933003434 0.12546767278635163 0.27337744951899834
0.2031370246082781 0.2359184735898313 0.06035578067220049 0.5005887211296901
0.30004126893301 0.15454619133789016 0.22909983226297903 0.31631270746612083
0.4083389481904587 0.12256781460133015 0.0952917223615043 0.3738015148467069
0.024748833416998073 0.09986486797858862 0.5424104650100333 0.33297583359438
0.5989234198814195 0.03882006966497864 0.0060877679435895615 0.3561687425100123
0.20871231466401285 0.38567366619614085 0.04369999304785033 0.36191402609199597
0.034017692529848986 0.6396706910806708 0.2093023195093543 0.11700929688012596
0.1573980700879053 0.28771347688927074 0.5303967038619289 0.024491749160895027
0.02372179424056664 0.9226990031262654 0.0523977356058285 0.0011814670273394556
0.19751728983635586 0.4595014979091735 0.021737554336273668 0.321243657918197
0.03294174484566581 0.5920977893293223 0.20109537407578537 0.17386509174922649
0.01560922742673787 0.9034006675528402 0.07004255245006752 0.010947552570354402
0.11715127452401097 0.41482899980943044 0.34179366311318493 0.12622606255337365
0.7072970247517637 0.15105805530377303 0.01978371765061837 0.1218612022938449
0.3823630665194735 0.37860359241595876 0.08498253537199796 0.1540508056925698
0.20408243378788882 0.5590152103686434 0.11887722965088454 0.11802512619258321
0.2788736674333687 0.018181927215708882 0.11173415296307831 0.5912102523878441
0.16399225612270096 0.05859758740711718 0.29095310463791124 0.4864570518322706
0.18822135709855192 0.44448096875939325 0.22281720836412033 0.1444804657779345
0.07207391811621855 0.05660261267062283 0.523131887294844 0.3481915819183147
0.3263072824266734 0.3736167001907419 0.29112738052607723 0.008948636856507486
0.0407763298939281 0.0805570826079085 0.04222069305430298 0.8364458944438604
0.01992472632930342 0.11511032742588811 0.21676036062215398 0.6482045856226545
0.3080519753045635 0.5148546453205881 0.04876375358991902 0.12832962578492935
0.1309872644721367 0.3843487176969643 0.4371613563834673 0.04750266144743165
0.47389607083522634 0.43500084202605904 0.06304719769405465 0.028055889444659976
0.53631677625676 0.060337014580594484 0.22785760204166594 0.17548860712097958
0.31462214430170954 0.4607413863351889 0.07142633296853129 0.15321013639457026
0.0247003362810283 0.057201690014889395 0.25462796271712396 0.6634700109869583
0.41876366095704964 0.43494616578351064 0.02248056065283177 0.12380961260660794
0.04101573341832676 0.0049438816366859095 0.467736864889316 0.48630352005567135
0.20341724850110543 0.7373684490202537 0.02614927080130436 0.03306503167733654
0.7001404747883299 0.09152286397227083 0.15444890680500178 0.05388775443439753
0.2961285827431308 0.4076591037787445 0.047069581490354784 0.24914273198776993
0.26387784060725417 0.22004684841286015 0.361006201623603 0.1550691093562827
0.04369121282512611 0.23568867012470773 0.3941802389650684 0.3264398780850978
0.6011637426247135 0.030278088219802712 0.3124958665012719 0.05606230265421186
0.2842268783007743 0.16370032473284235 0.3994378523605272 0.15263494460585614
0.0533805353799881 0.4048035494407991 0.007634456614009855 0.5341814585652029
0.03975093356429371 0.26647205545508723 0.6412549828763698 0.05252202810424922
0.03544017906375607 0.008190034071647867 0.01443541760336331 0.9419343692612328
0.07658770254712577 0.013990235051839717 0.6977489649715471 0.21167309742948737
0.006020326809246801 0.2189666868832062 0.18439228215966896 0.590620704147878
0.37190887404904127 0.4487283630192008 0.10402091849243833 0.07534184443931957
0.22008375039803907 0.40879738194486637 0.347460946728978 0.023657920928116583
0.12434988406317327 0.12824072705291256 0.20166961168357467 0.5457397772003395
0.03424208905887571 0.2514577394505405 0.13055644768673724 0.5837437238038465
0.030598539883970766 0.7093273882048319 0.01767834344899666 0.2423957284622007
0.20193470675157765 0.47099722098005503 0.13500326384486394 0.19206480842350337
0.2524302969879757 0.11430313647761814 0.11316750043692991 0.5200990660974762
0.5388477467436404 0.1813672033343542 0.06884447172082098 0.2109405782011844
0.03699133234765051 0.31844331224822564 0.39626759015449875 0.2482977652496251
0.2700823690456313 0.41284794552986726 0.00856854188660472 0.3085011435378967
0.20079952162677328 0.02706179719801749 0.05747441439787948 0.7146642667773297
0.3138062144658508 0.5539912358401116 0.09304718616065799 0.03915536353337967
