90 100 4 292.5950360197776 585.1900720395552
2.377487788895322 2.4191709490846653 9.869420027648374 9.140479577247643 2.674704364003369 3.4093856297184555 4.006460417395412 6.801326838392721 3.262665166821157 6.716857486491543 6.218180009571964 6.569301005586586 4.309949133791452 3.3235056311270106 2.7491517102830194 5.972683568950478 8.430677215012231 5.531051825869226 7.188038891556346 7.8359401882857265 6.7807359037530475 4.465038795395186 1.7209350717215726 8.26740857522951 8.303266130850528 1.4574613438799466 6.348265997355321 9.71436144811626 9.875955252002914 8.378181179573971 7.208932200353061 6.609145678465851 6.393075755308755 7.1343341481033535 8.54852117987438 5.140096323234324 5.929629117922489 9.608475267556816 3.5558145175295546 5.359242853075908 8.318221318743639 6.46136245508822 6.716546387282982 4.750450187331017 8.031202381442363 3.7379938128048384 7.837264191250342 4.599132602355624 7.782007649007542 6.421457706045908 4.972772128352373 6.361026534415664 9.256255676465903 9.12209951808117 6.229665619870738 9.391875159191054 7.210079495296703 9.630811187140372 1.338624244895628 5.161579956529884 1.382913211673241 9.71275202336677 6.727019553420176 1.7917072942956693 8.372535542689219 2.144427323301173 6.974773299144731 9.042035348642889 2.3055218301179448 5.497647038920517 5.29962654705193 4.026579177044999 1.5859962925770434 5.830813557752767 6.757623046814117 3.5980054450690604 1.9651299432295946 6.035240978512383 2.2816049179044264 2.686371303749027 2.5500577910136872 5.938621270558629 6.3751393315210265 9.911528230961059 9.390347571751334 4.743995120456115 2.4610944272683932 5.39890639131168 2.6927931784151586 7.065058633880244 9.087088797265658 3.6242492386391594 1.830910033610985 8.675680948949516 3.243715556118716 8.610654836577815 1.3289953370492786 9.806450407739716 5.6568712149499 9.843847669612108
0.4754975577790644 0.48383418981693305 1.973884005529675 1.8280959154495284 0.5349408728006738 0.6818771259436911 0.8012920834790824 1.3602653676785441 0.6525330333642314 1.3433714972983086 1.2436360019143928 1.313860201117317 0.8619898267582904 0.6647011262254021 0.5498303420566039 1.1945367137900955 1.6861354430024462 1.1062103651738453 1.437607778311269 1.5671880376571452 1.3561471807506096 0.8930077590790372 0.34418701434431453 1.653481715045902 1.6606532261701055 0.2914922687759893 1.269653199471064 1.9428722896232522 1.9751910504005827 1.6756362359147943 1.4417864400706122 1.3218291356931702 1.278615151061751 1.4268668296206708 1.709704235974876 1.0280192646468649 1.1859258235844978 1.9216950535113633 0.7111629035059109 1.0718485706151815 1.6636442637487279 1.292272491017644 1.3433092774565965 0.9500900374662035 1.6062404762884726 0.7475987625609677 1.5674528382500683 0.9198265204711248 1.5564015298015084 1.2842915412091815 0.9945544256704746 1.2722053068831327 1.8512511352931806 1.8244199036162339 1.2459331239741476 1.8783750318382109 1.4420158990593406 1.9261622374280745 0.26772484897912563 1.032315991305977 0.2765826423346482 1.942550404673354 1.3454039106840352 0.3583414588591339 1.6745071085378438 0.4288854646602346 1.3949546598289462 1.808407069728578 0.46110436602358895 1.0995294077841034 1.059925309410386 0.8053158354089998 0.3171992585154087 1.1661627115505533 1.3515246093628233 0.719601089013812 0.3930259886459189 1.2070481957024766 0.4563209835808853 0.5372742607498054 0.5100115582027375 1.1877242541117259 1.2750278663042054 1.9823056461922117 1.8780695143502668 0.9487990240912231 0.49221888545367865 1.079781278262336 0.5385586356830318 1.4130117267760487 1.8174177594531316 0.7248498477278319 0.366182006722197 1.7351361897899031 0.6487431112237432 1.7221309673155631 0.2657990674098557 1.961290081547943 1.13137424298998 1.9687695339224216
0.40861216090048513 0.29862835202558546 0.20022362343094557 0.09253586364298383
0.18775160056804419 0.3393861712826379 0.00780692336017208 0.4650553047891458
0.27661387266198334 0.1500438470890646 0.12198711530544804 0.45135516494350403
0.4695783086815162 0.13231562732399726 0.191343300660897 0.20676276333358956
0.3357945125332632 0.1408646389011714 0.1584502399849541 0.3648906085806113
0.17581212611303076 0.4858139252839976 0.1173555177149106 0.22101843088806106
0.20949276068203737 0.08667622818916731 0.19514417207007528 0.50868683905872
0.23281271569816386 0.43063877605457956 0.22640653369500263 0.11014197455225394
0.25576771407005305 0.08157321930927253 0.16772104732604964 0.4949380192946248
0.11352773501344571 0.016297232249776417 0.20381801547260725 0.6663570172641706
0.08772422686790438 0.7112168301761174 0.18957994520381627 0.01147899775216199
0.21423976405342238 0.6075924022075789 0.0009660310095007674 0.17720180272949793
9.883971227442334e-05 0.0674928057641071 0.7948642778470902 0.13754407667652824
0.4203202797481821 0.2607755752827603 0.04912125002244838 0.26978289494660923
0.06434332030326262 0.7235748038027148 0.08570699145876659 0.12637488443525602
0.03685419770217391 0.6453140697471694 0.013540251541343196 0.30429148100931347
0.095326937958362 0.5017707895561911 0.2154561225762588 0.18744614990918806
0.016984036662833435 0.7528106636356809 0.09777139437653815 0.13243390532494748
0.39689657595628935 0.3499766599320472 0.05322708867095427 0.1998996754407092
0.25486334132994015 0.13468300252280685 0.03777515775828855 0.5726784983889645
0.11704344667784738 0.18046782978461529 0.1669539403272099 0.5355347832103274
0.1176841277146311 0.7339339724684867 0.015587672635821725 0.1327942271810605
0.3070061966530503 0.3511447139906162 0.15625672615481734 0.18559236320151618
0.13083028886090142 0.33030677061083713 0.09620560198264316 0.4426573385456183
0.1575180095979416 0.10493256663354289 0.5080470077789158 0.22950241598959975
0.1854237288156002 0.1529012008785442 0.3264038985706531 0.3352711717352025
0.6513414477439075 0.028928934996533262 0.012484601557459563 0.3072450157020997
0.048006257230156946 0.10917274642479902 0.24900473506984655 0.5938162612751975
0.2956114202529737 0.48441887728913446 0.20175719727492314 0.018212505182968686
0.03813327486159335 0.20011236154100842 0.4458447345886575 0.31590962900874076
0.48312200691733553 0.1016040896474606 0.1491494099496854 0.2661244934855185
0.0752847770535795 0.1736992621001 0.038578043177811994 0.7124379176685085
0.2753320443141588 0.022455943464356753 0.04726242099574374 0.6549495912257407
0.059863955494732446 0.3156206033430419 0.3159764704457644 0.3085389707164613
0.25160366673527546 0.096771987016248 0.34884343673335216 0.3027809095151244
0.14265051385160687 0.3153707830199326 0.3993963019319634 0.14258240119649712
0.25902387918355263 0.08815041579901961 0.5426127715971139 0.11021293342031391
0.017983046589151397 0.589655623056383 0.10106676674572712 0.2912945636087385
0.21554493957926724 0.37294073676803285 0.12760655758420403 0.2839077660684959
0.2594211177192328 0.48974898750920115 0.017155669032855925 0.2336742257387101
0.10711573524984008 0.4418462789633498 0.30823478029217244 0.14280320549463765
0.1382701645917006 0.3792414408283533 0.3436575210590692 0.13883087352087686
0.2551754296475981 0.5106014054989267 0.1709937558533302 0.06322940900014495
0.21301269041721427 0.19643403723546726 0.1705111836012747 0.42004208874604376
0.08798591796479349 0.49505253442486097 0.029194442443314816 0.3877671051670307
0.8675302021972906 0.0457648530980832 0.05593623165607775 0.030768713048548446
0.2699928137354204 0.008949579738535829 0.4927987271588007 0.2282588793672431
0.5793527140870893 0.013798761958065064 0.28617658492081777 0.12067193903402784
0.38880245627875154 0.43377314628747254 0.11508163787571735 0.06234275955805857
0.08889307121404455 0.5384366564447179 0.22527537411831156 0.14739489822292595
0.012241904863936615 0.23368573279474458 0.6949300871001252 0.05914227524119364
0.1859818262494567 0.07435844237289002 0.6463620301751664 0.09329770120248693
0.5677523240284155 0.222616541750283 0.15078737990524393 0.058843754316057595
0.09994408639345642 0.19802435809413899 0.27944279197045885 0.42258876354194574
0.3526261131020524 0.08111023893983405 0.4690112498089527 0.09725239814916087
0.2941758555025089 0.25050393503667623 0.23816316690838957 0.2171570425524253
0.2962024025232233 0.26421118950360334 0.2331910989187187 0.2063953090544547
0.10833883315592796 0.12825684328924647 0.18206822578140136 0.5813360977734242
0.41887182717352167 0.2899732957133798 0.1051436719340455 0.186011205179053
0.006924365001057975 0.7552876208415654 0.15832260775716134 0.07946540640021527
0.054025521982528635 0.0041831055555365815 0.9203886111349011 0.02140276132703367
0.2072154325078588 0.03871803290787623 0.5757977942503443 0.1782687403339207
0.4283777138848863 0.1697451121366893 0.005505122437571619 0.39637205154085275
0.045872434649107174 0.13923582586587735 0.4119393816093124 0.40295235787570305
0.24838598266262035 0.6259512213861571 0.1104769745505253 0.015185821400697241
0.56305264193983 0.22651328739148835 0.18003721597343636 0.030396854695245334
0.4585004482127345 0.06007187485024412 0.3219102916992824 0.15951738523773895
0.03490960368778351 0.3135366545352831 0.5616629933500586 0.08989074842687472
0.030611250511832777 0.22688319292536285 0.1264964347009705 0.6160091218618339
0.03109113789317286 0.2205188302386094 0.04441622820082569 0.703973803667392
0.1542339489370642 0.28016953350522844 0.42232524308233044 0.1432712744753769
0.20152469694973474 0.25015049956700175 0.20562794085349267 0.34269686262977084
0.015089806832388142 0.16774089539475678 0.40098346865234347 0.4161858291205116
0.16722197342086842 0.4171482522150819 0.006169100966358143 0.40946067339769154
0.20245416572378772 0.0012610020542118683 0.43915713129360645 0.35712770092839397
0.5318588849935055 0.08440931609188485 0.36934235842330854 0.014389440491301086
0.07934743163285718 0.23079801729651173 0.09020671407476621 0.5996478369958649
0.13951202759507986 0.07558762570471722 0.38856502894404565 0.39633531775615727
0.15150885679455328 0.20754593455795745 0.13917889420188856 0.5017663144456007
0.11500238723930045 0.3940144146415786 0.3074838287148669 0.18349936940425404
0.06607484074029979 0.3070427598588459 0.4040834458127751 0.22279895358807922
0.6153648222237815 0.019636844395008124 0.31846454072917385 0.0465337926520365
0.2589470585024909 0.026120609252011318 0.03998877678627433 0.6749435554592235
0.1401616285093148 0.4040063895784629 0.13268412847673894 0.32314785343548336
0.4376401102911506 0.17903553084620638 0.18072020825351864 0.2026041506091244
0.10948398522069891 0.22331194473842764 0.18538546796831 0.48181860207256344
0.38736861070010187 0.06462839182745694 0.08762787791362325 0.46037511955881794
0.025618131743824768 0.10997606567047691 0.7999569964212252 0.06444880616447313
0.08730055410197834 0.2208079949641416 0.48222333033846354 0.2096681205954165
0.11054764904424963 0.3176363755955224 0.5155330785256309 0.056282896834597085
0.038697862162750396 0.6608275168460663 0.19483390364280717 0.1056407173483761
0.08715877885790413 0.32378199903773 0.013333516068720686 0.5757257060356452
0.011098008658074088 0.590924421927697 0.16494273983519925 0.23303482957902966
0.13155315840711523 0.24419403309244314 0.4908388333451472 0.1334139751552944
0.12378219417950775 0.17182414972629567 0.3890275876304611 0.3153660684637355
0.6963954574085756 0.15000169749024939 0.05842970960438887 0.09517313549678619
0.4247633991780003 0.21214869638214884 0.04938432733285214 0.3137035771069987
0.30841226004289235 0.5455891447249765 0.1455758729548392 0.00042272227729189815
0.13685790317667312 0.3319141648563827 0.17343450103878866 0.3577934309281555
0.039128020152152 0.5789593807407515 0.31995834549479973 0.061954253612296784
0.28385982369897766 0.09993618609202548 0.22785494288340458 0.3883490473255923
0.7203366073832145 0.01260100530720576 0.21614126911314213 0.05092111819643763
0.019901741520077176 0.07386466800590097 0.38346616904148245 0.5227674214325394
0.18949231627679086 0.28157706716611275 0.09943767490296584 0.42949294165413054
0.2853591658452551 0.45666314493807103 0.06181537030040607 0.19616231891626779
0.15444951836875043 0.14959860686043136 0.030848799023394657 0.6651030757474236
0.24751442161634019 0.12918421316487838 0.29111900953233183 0.3321823556864496
0.10594623682506454 0.22670780553972292 0.05481881537812294 0.6125271422570896
0.2658267277695653 0.26554626475954624 0.20009840668314305 0.26852860078774543
0.16301111015871828 0.13423457858363885 0.2576392272034811 0.4451150840541618
0.17582925895277524 0.09700493119755749 0.25049150989384317 0.4766742999558241
0.32244006749058796 0.28943459238193425 0.38528170891058267 0.002843631216895126
0.10245195821578412 0.38231512322638417 0.36152243916236704 0.15371047939546467
0.24630263829079369 0.4180033245962814 0.18280196122235737 0.15289207589056752
0.2895630377864732 0.0971764318025441 0.16011565657067006 0.45314487384031266
0.41641994436270946 0.14791117522746 0.28217769788520686 0.15349118252462368
0.09354691421661188 0.4260073877390185 0.14517185179779202 0.33527384624657763
0.03944917560818828 0.07315240663972111 0.4058814226899736 0.481516995062117
0.41210847159735486 0.023106869091383375 0.5499153322429563 0.01486932706830546
0.07584969559091304 0.49449367214505324 0.24441965346495587 0.18523697879907786
0.2320155447813257 0.10011567723618786 0.13148467343101256 0.5363841045514739
0.5812248278568687 0.28019045461838654 0.0038675384596720264 0.13471717906507275
0.11498102625175632 0.20924101707005383 0.15499683197231673 0.5207811247058731
0.03151333786714772 0.42790561231371205 0.11353926592652175 0.4270417838926185
0.3336606974065379 0.007056642915623357 0.19910467133677034 0.4601779883410684
0.10322076472922082 0.08765990570684246 0.14996992248485952 0.6591494070790772
0.7335058057846573 0.18664266255100204 0.0318232842865257 0.04802824737781497
0.15148200897336872 0.0562080748614987 0.5354173336051344 0.25689258255999814
0.4060897659742827 0.16963503475963027 0.09286341334692527 0.33141178591916176
0.34747619395926976 0.02670013433024232 0.6216071943459063 0.004216477364581639
0.2734807044989924 0.46645156851921377 0.18363584198564664 0.07643188499614717
0.11376176073683564 0.14962477853754153 0.2913961540589909 0.44521730666663195
0.44435710398436823 0.12554912605496804 0.38838215216465877 0.04171161779600496
0.2617740636368636 0.13252209939592885 0.2884280234470852 0.31727581352012235
0.26372760914935023 0.1985862548713856 0.4174511704138575 0.12023496556540669
0.3460303092314493 0.019893574263621705 0.6079604858539804 0.026115630650948574
0.018902140206333296 0.2558537470113831 0.3743295548962111 0.3509145578860725
0.026027410443060006 0.7172608387641451 0.20717581721840117 0.049535933574393676
0.09317269837054387 0.07562628392407422 0.2899567896766212 0.5412442280287607
0.03718648648900669 0.5103807363502996 0.13760084155688201 0.31483193560381173
0.5344220388529428 0.22358774464497477 0.11418151800995047 0.12780869849213194
0.22621712022839124 0.1504198980600956 0.33051865759966403 0.29284432411184913
0.008265775459087243 0.21956327065169312 0.2079947454626626 0.564176208426557
0.15563586686545627 0.03909192028485142 0.023071724614766365 0.7822004882349259
0.08878510693624264 0.39959923466861846 0.2552366195723187 0.2563790388228202
0.7914055315555037 0.08947109842928058 0.015387050545936254 0.10373631946927941
0.25596049062358717 0.35816759153186306 0.3600028110379877 0.02586910680656207
0.5933471716353306 0.061329113428814086 0.11542610940836295 0.2298976055274924
0.08004613301372954 0.34524848568199096 0.23117162378234368 0.3435337575219358
0.3651685321000988 0.001545389256353391 0.08340447617603597 0.5498816024675118
0.27242493526256484 0.2987238148579583 0.3898065471761335 0.03904470270334337
0.13776719234697588 0.501262902926492 0.12254409404093569 0.23842581068559643
0.360071565043922 0.3980318648867047 0.015823362642830685 0.22607320742654258
0.005850532040855283 0.3119733674830114 0.08413037040667315 0.5980457300694602
0.042735849487475774 0.35792517745265207 0.42508361615796597 0.1742553569019062
0.511547832596111 0.2933246563305487 0.1662009724188117 0.028926538654528544
0.11167083856199111 0.15943458290268164 0.4201924130056963 0.3087021655296309
0.2191503130747262 0.23925605041399955 0.010438158383852092 0.5311554781274221
0.1903166971224567 0.04866839685034807 0.27006327754739845 0.4909516284797968
0.2356831337743308 0.02734871587005605 0.07053010734563514 0.666438043009978
0.6710998693404304 0.022247209217387987 0.010348625943902956 0.29630429549827864
0.18533247831557942 0.37126252633419154 0.348523535447516 0.09488145990271302
0.4045581280668854 0.3458162455298608 0.1582154939185404 0.09141013248471341
0.329338265968094 0.22700647708077193 0.05055883311294873 0.3930964238381853
0.2348147393305987 0.1848328045469101 0.0760614566728024 0.5042909994496888
0.5082395424525246 0.26125351773629246 0.10743544003536398 0.123071499775819
0.24364967347901478 0.05593851829313856 0.5229767047977256 0.17743510343012103
0.1473450803903923 0.1387361090385446 0.22907104285130342 0.4848477677197597
0.23312402620237005 0.575669267993979 0.01113951003624869 0.18006719576740227
0.00029789545569103293 0.1327649684645541 0.7302608481767816 0.13667628790297326
0.03050843636114975 0.3629870636722392 0.4280027625397048 0.17850173742690623
0.013038451233778892 0.5134321018363848 0.47133516683967835 0.002194280090157985
0.23559952793668681 0.16020288783283643 0.3490844069459701 0.25511317728450666
0.21179034915762673 0.41479770954621265 0.2902861096920849 0.08312583160407572
0.6101755696121047 0.02688620003052844 0.036886628154486734 0.3260516022028801
0.4789729861830331 0.40697945715688155 0.016399767902656515 0.09764778875742885
0.5184737472590781 0.02096636725521306 0.3342968555891662 0.1262630298965426
0.16328861730387567 0.33705840588106584 0.09791562809179177 0.4017373487232667
0.3764153240907573 0.13561378168559124 0.31105017765726006 0.1769207165663914
0.44593823364947127 0.018472226490573007 0.03470468688838413 0.5008848529715716
0.02904750636375819 0.024869915102116336 0.11255290850327915 0.8335296700308463
0.3655171425973387 0.21379262073494698 0.3609858801797685 0.05970435648794581
0.49833932427813776 0.24828459983354811 0.05843480643299381 0.1949412694553203
0.1907058849959692 0.044427963725652386 0.4356461328699486 0.32922001840842985
0.17229744827989157 0.29426860263571475 0.36585471049876817 0.1675792385856255
0.07750313389773544 0.30870071009819944 0.0054489800559772705 0.6083471759480878
0.297156513581855 0.33764398366780934 0.27705104565269056 0.08814845709764507
0.15963768374168796 0.6813074359692305 0.13238476469324223 0.026670115595839317
0.18443329593282143 0.0551541893679075 0.634853734721059 0.12555877997821208
0.5172649894834006 0.2205671603551429 0.050042734954532375 0.21212511520692412
0.1731420583519816 0.19114008467542964 0.48748163661959587 0.1482362203529929
0.1558734690858109 0.32822303070117587 0.3790031494590097 0.13690035075400353
0.30290128327694865 0.031774806545319834 0.5798900911798042 0.08543381899792735
0.007352018929073334 0.22329061848698128 0.5937727629989673 0.17558459958497807
0.05956399734229245 0.07809922692436355 0.5076193744064577 0.35471740132688634
0.23045128168073448 0.29371948675972837 0.36062579376446924 0.11520343779506792
0.2751372448902568 0.2997765539413313 0.06217224523393461 0.3629139559344773
0.19073934272596815 0.11430730933418332 0.002914425413213295 0.6920389225266352
0.6777894978336729 0.23082701610546752 0.05291129574996545 0.038472190310894105
0.21039253301665106 0.026604488631713608 0.25292226630667725 0.5100807120449581
