77 50 4 123.46150047064278 246.92300094128558
9.271981286192636 6.779760399314699 7.78341006756259 2.2538311129246154 1.7858759319064006 8.092018522328427 3.9353584333103995 5.869610393283709 3.1621165828120543 5.908806330183144 4.604990533119003 7.436726985517812 8.530119469730753 6.296330282920146 3.6653910763002364 3.5291592158856777 7.350375201916863 4.803367871707769 1.5158438672248553 7.723245760364094 5.070817117533672 2.5819726422819196 1.4443929938303832 3.632278048254593 1.6011921798231517 7.760408373920121 1.573943716725906 4.887174874705943 4.27755172098715 2.3677437312330483 5.920393057443242 4.989637338421002 1.3245517900261992 8.40603872106555 3.459634148169857 2.5208669734555755 6.799327792398256 1.967869709223333 4.179205883053925 4.471332923040457 5.010003190142959 9.793473952905165 7.564546081480465 3.8101155249803775 9.05279715364648 8.049462356571016 3.3580030720108707 3.7853486753944847 2.165055667952238 4.799542206102336
1.8543962572385273 1.3559520798629399 1.5566820135125181 0.45076622258492305 0.3571751863812801 1.6184037044656854 0.7870716866620799 1.173922078656742 0.6324233165624109 1.1817612660366288 0.9209981066238007 1.4873453971035624 1.7060238939461505 1.2592660565840292 0.7330782152600472 0.7058318431771355 1.4700750403833727 0.9606735743415538 0.30316877344497106 1.5446491520728187 1.0141634235067343 0.5163945284563839 0.28887859876607663 0.7264556096509186 0.3202384359646303 1.552081674784024 0.3147887433451812 0.9774349749411886 0.85551034419743 0.47354874624660964 1.1840786114886483 0.9979274676842005 0.2649103580052398 1.68120774421311 0.6919268296339715 0.5041733946911151 1.3598655584796513 0.3935739418446666 0.8358411766107849 0.8942665846080914 1.002000638028592 1.958694790581033 1.512909216296093 0.7620231049960755 1.810559430729296 1.6098924713142033 0.6716006144021741 0.757069735078897 0.4330111335904476 0.9599084412204671
0.43477497268288456 0.5049900622844729 0.007528886033176696 0.05270607899946589
0.13474393062097323 0.45432816642953955 0.12063148094592002 0.2902964220035672
0.14481444821771017 0.7126314401799771 0.14118671518347814 0.0013673964188345433
0.4534082266242594 0.08856940612367392 0.09654454808987267 0.361477819162194
0.2770886884732112 0.23788557963583834 0.30154917551653293 0.1834765563744175
0.01192155358275615 0.4085054499834203 0.3660441780904784 0.21352881834334514
0.053153112317169016 0.22799754873910272 0.5445670872876445 0.1742822516560838
0.10036080873450193 0.6450165654143698 0.14825198547824736 0.10637064037288091
0.3124782869770458 0.24908781370067534 0.3476734422113109 0.09076045711096792
0.01447453844780433 0.19917617167860857 0.05979208506587086 0.7265572048077162
0.1603909008190777 0.7014549095087814 0.005018981099955688 0.1331352085721852
0.4228071934122273 0.054146598215703445 0.4492268239823005 0.07381938438976876
0.2349904981777623 0.15680428454168815 0.5289504870752345 0.07925473020531504
0.026819636699749072 0.538968710168917 0.15358857988552244 0.2806230732458115
0.247322610822856 0.2510911078692528 0.29305465503797545 0.20853162626991573
0.06467290721485874 0.6539663036319278 0.25160420044311227 0.02975658871010123
0.03452878136675119 0.608149832827413 0.09049363809348399 0.26682774771235185
0.2962514934470256 0.028673450780207776 0.673395011453692 0.0016800443190746472
0.02079884965962986 0.3708207943348103 0.48767284546641365 0.12070751053914619
0.3544317346711524 0.4831249540999989 0.15721047588765458 0.00523283534119412
0.03043433541242735 0.622922574634417 0.3265319890069325 0.020111100946223148
0.4614049918736365 0.4227538321245399 0.03902258386391111 0.07681859213791253
0.4536384129556481 0.10809501454681347 0.3983246155326532 0.03994195696488523
0.3422069204813598 0.06504989293370866 0.5808838224581514 0.011859364126780125
0.07992740717930857 0.45743987817886445 0.38930731458603884 0.07332540005578814
0.560440647345487 0.3468383385267545 0.009868577547054391 0.08285243658070407
0.4643382701748804 0.201642970016774 0.21304546720927808 0.12097329259906753
0.4850071727626024 0.2293836287604224 0.06005088820888371 0.22555831026809148
0.008136159216853733 0.09721476057142842 0.06783391948145312 0.8268151607302647
0.020419173931602197 0.5160141522393539 0.11439252878049022 0.3491741450485537
0.22648655200912526 0.295631940998656 0.19473275150354197 0.2831487554886768
0.0014967060919942599 0.24709208415952277 0.5645236661122902 0.18688754363619275
0.12719144495990675 0.39305673909244776 0.30451506390901784 0.17523675203862765
0.15122425589206134 0.5479210616282189 0.07780038021363855 0.22305430226608125
0.0367399634931056 0.20623008537949417 0.323591313385146 0.4334386377422542
0.10613138083153562 0.27235093255428366 0.43420350920506146 0.18731417740911926
0.1744815800611298 0.2859278918262689 0.47762257607872416 0.06196795203387717
0.3574715982219876 0.22032629061639064 0.10569407641352857 0.3165080347480932
0.04239144690620611 0.6453816147267052 0.20805498682822 0.10417195153886871
0.14316296626484337 0.07269279665144635 0.44218701158883755 0.34195722549487273
0.1174629618912284 0.3457241254943182 0.43328848958098787 0.10352442303346554
0.6246757955730358 0.17993815916033784 0.18438066945877496 0.011005375807851436
0.30565244883057097 0.36479616166447704 0.10144360206826475 0.22810778743668725
0.1567466587918276 0.27606352853581273 0.1707572467695465 0.39643256590281317
0.10881119071315049 0.19647239523060722 0.31872193267411386 0.37599448138212843
0.08387796541460713 0.16927649860536254 0.6060287385415518 0.14081679743847852
0.025484922397537746 0.11074650648907691 0.32788069846286616 0.5358878726505192
0.48285745287804827 0.2699979124625871 0.090564491633769 0.15658014302559564
0.26632248837563566 0.15937529318553534 0.11957372189184601 0.454728496546983
0.1922478442557224 0.02158860547710273 0.03890434092797368 0.7472592093392012
0.254772948088709 0.11226992507184075 0.5500506811987695 0.08290644564068073
0.049976404839687016 0.2769222038181848 0.17960733444883192 0.4934940568932963
0.2576384903723663 0.061817175235857946 0.364518086432404 0.31602624795937173
0.11232380884068305 0.21956849314226456 0.5357298757919474 0.13237782222510497
0.22093164634781437 0.3051561215769536 0.3783328637357821 0.09557936833944991
0.05972078070924791 0.42182611527931513 0.4674676070477979 0.050985496963639076
0.2596390482071086 0.14499793906682634 0.5386660537885227 0.05669695893754234
0.20228926948995807 0.3707537960459949 0.027717412980091227 0.3992395214839558
0.7710535361311034 0.11977809722656885 0.04774612905437303 0.06142223758795473
0.2485007122242413 0.03984368408848149 0.3207685800415928 0.3908870236456844
0.056531631540942984 0.20260896785940552 0.16738925479038358 0.5734701458092679
0.45268428506749203 0.24801498583098847 0.035296783894852135 0.26400394520666737
0.027818070849014997 0.051726280173815864 0.27969757365605075 0.6407580753211184
0.09880201298166347 0.1960865531508298 0.40694252460745806 0.2981689092600487
0.26278232187865447 0.04140503718166699 0.07408147007350341 0.6217311708661751
0.14801435238687422 0.3235078514089542 0.1391386215812359 0.38933917462293566
0.17735672485066722 0.03334066914632117 0.7008947733594383 0.08840783264357333
0.31263334750715865 0.04214976458458619 0.22329430099796987 0.4219225869102853
0.09962483101455777 0.04298386504864404 0.4620659958786839 0.3953253080581143
0.5498989637627353 0.04027506129631919 0.1587466143622298 0.2510793605787157
0.3373415663707561 0.24325006505942337 0.34286221097083425 0.07654615759898631
0.7027930867636041 0.12585292954496186 0.04492371915444959 0.12643026453698447
0.23107471996240758 0.01434795871417549 0.04135262134766016 0.7132246999757568
0.151807374862318 0.07689597221281863 0.22668777884239 0.5446088740824734
0.7322632355246509 0.03498756306169026 0.0480422021791187 0.18470699923454015
0.2391263931429055 0.0016259835863379202 0.3218033401740932 0.4374442830966634
0.5090426594472293 0.03976895987283868 0.30077366205229783 0.15041471862763423
0.2044735264450087 0.37494712381011996 0.004526896765943977 0.41605245297892735
0.6955573418175889 0.24768328003073548 0.020642285406007876 0.03611709274566777
0.4868126511334131 0.4324207597794014 0.06135439585664981 0.019412193230535668
0.09814214842393099 0.1408391976406872 0.3166231312911989 0.4443955226441829
0.22914746879818138 0.41482619142070465 0.16312869489065118 0.1928976448904628
0.132253164794226 0.6707224379625351 0.1540721475040402 0.042952249739198756
0.015593907299812138 0.20851106332396463 0.15842812820931074 0.6174669011669125
0.23641229007511078 0.19960823443755416 0.4927854669312698 0.07119400855606528
0.1500351492335973 0.13148673254493615 0.11250656925196711 0.6059715489694995
0.5202575831204578 0.14760007736874847 0.11569771127040263 0.21644462824039112
0.25699309284017724 0.05422248162550747 0.43263409103424133 0.25615033450007396
0.04064614235224395 0.1513847054673676 0.5866906961497714 0.22127845603061702
0.41679837875815606 0.3596810974908865 0.1455446274318387 0.07797589631911872
0.07987874524373706 0.2502542313110656 0.014036043575254675 0.6558309798699427
0.2928339786520222 0.36227733664255923 0.18238495153404788 0.16250373317137068
0.48453027705592844 0.08419094947623684 0.1513791518819423 0.27989962158589243
0.23454472221688727 0.1137869281349898 0.6272484814276023 0.02441986822052067
0.041534940436736445 0.1374407637216739 0.22955397587591253 0.5914703199656771
0.14250543568026386 0.09470092361891969 0.7144362875795791 0.048357353121237345
0.06897167785500713 0.1702153987864018 0.05710608125945871 0.7037068420991324
0.14871395049457248 0.1502761310394466 0.24339006953919284 0.4576198489267881
0.16610545923568 0.37437180626527744 0.44446689673131734 0.015055837767725233
0.15881373054268189 0.08267985662582644 0.061446659343615595 0.6970597534878761
