66 10 4 23.333358571646528 46.666717143293056
2.3885882031814822 2.2032960463005935 4.264169195591988 7.111979879010684 2.750050516004809 3.260893451382942 7.825747523820459 6.018567306061175 5.633226261049025 5.2101987608899005
0.47771764063629646 0.4406592092601187 0.8528338391183976 1.4223959758021367 0.5500101032009618 0.6521786902765884 1.5651495047640918 1.2037134612122349 1.126645252209805 1.04203975217798
0.08717600360895816 0.21146455540307685 0.379365197620977 0.321994243366988
0.3534194681423357 0.16103171684172235 0.14987633135684864 0.3356724836590933
0.06782045585415553 0.0476801305318737 0.04978925316133054 0.8347101604526402
0.022255845574823185 0.026956777670447796 0.03455707447204304 0.916230302282686
0.304044534612385 0.0572739302911075 0.5799145984255065 0.05876693667100097
0.12615963249277695 0.8185114693261483 0.01236898897550387 0.04295990920557091
0.07794759840359955 0.02259334271261826 0.8542269598237264 0.045232099060055764
0.10672347806978832 0.4466512043410451 0.10540304981466775 0.3412222677744988
0.6227961633556277 0.027058624205670845 0.0670037230731313 0.28314148936557015
0.039375286048070945 0.28201254446490287 0.1820180104377641 0.4965941590492621
0.0313458894314822 0.7977495528462631 0.0743935906904597 0.09651096703179496
0.02664251284171837 0.5124629614773489 0.094951280948404 0.3659432447325287
0.09629414268377567 0.27279165922071935 0.5102331894805503 0.12068100861495468
0.0869270271606033 0.3782962131370219 0.3058194814845744 0.22895727821780043
0.03131863219180253 0.15694904197628246 0.028244628982430298 0.7834876968494847
0.03834351621127252 0.08797229577737964 0.2879010219848961 0.5857831660264518
0.16608301086990584 0.10197824491051855 0.6397149221313764 0.09222382208819924
0.36195656633774254 0.38673605517128984 0.03772176735992161 0.21358561113104602
0.23054334798542442 0.03557805646559453 0.54818744371473 0.185691151834251
0.31106395561466393 0.20035232409692405 0.07984586295404106 0.40873785733437096
