75 20 4 56.86551495380683 113.73102990761365
6.120461981073211 1.593678048304982 8.992996029102315 9.36692359456662 7.11722837238517 5.898482347823506 2.690644079422032 6.564371159665128 4.367149915468441 9.402239514447306 6.833270821852608 7.046120596411429 9.38416211041898 7.029892768763796 3.089120602353807 3.3025091594100706 3.024926413123228 1.7263058984096236 2.656002180279843 7.524544314331576
1.2240923962146422 0.3187356096609964 1.798599205820463 1.873384718913324 1.4234456744770339 1.1796964695647012 0.5381288158844064 1.3128742319330255 0.8734299830936882 1.8804479028894612 1.3666541643705217 1.4092241192822859 1.8768324220837962 1.4059785537527592 0.6178241204707614 0.6605018318820142 0.6049852826246456 0.3452611796819247 0.5312004360559686 1.5049088628663152
0.22072149949471886 0.5263362600124943 0.25187287629015587 0.0010693642026309291
0.21006527301636546 0.5679298186555675 0.17045985018533838 0.051545058142728695
0.03329899709428963 0.05188917430664419 0.714187153986549 0.2006246746125172
0.025266517780541564 0.8665399900255191 0.06291470045669201 0.04527879173724736
0.41516876476188946 0.5161981600450588 0.05429310673175136 0.014339968461300368
0.1790259749355051 0.2891025979868872 0.33351740140762387 0.19835402566998384
0.28349574410329315 0.31830032096836436 0.2799539413521078 0.11824999357623467
0.499439359189373 0.3042738219967115 0.15530618151165065 0.040980637302264866
0.4727669339302132 0.002038448009883842 0.2872089682292659 0.23798564983063708
0.12888924772511057 0.004665138824008985 0.6562690133507 0.21017660010018047
0.5350908640734875 0.04593625871007179 0.004906369457324922 0.4140665077591158
0.4401987920585194 0.12581204661075507 0.16069157496721354 0.273297586363512
0.1752508034152379 0.1876777592508564 0.2867501959648573 0.3503212413690484
0.09769487097691432 0.43271668771971494 0.11059567092875566 0.3589927703746151
0.1207351481018426 0.13981892029717236 0.644845625980094 0.09460030562089106
0.22404769354084852 0.4870969761706164 0.19401893750827603 0.09483639278025902
0.04954795462878481 0.5071434354769689 0.3049779684153774 0.13833064147886887
0.23404508307535132 0.07047403547819087 0.6050170213326355 0.09046386011382235
0.593220007769397 0.1319155108558704 0.2607792224713873 0.014085258903345332
0.7456436508615017 0.10120783497701213 0.12367028991167761 0.029478224249808505
0.1431701152389797 0.13528283661087093 0.7020290341136238 0.019518014036525533
0.07784826217727425 0.5876305886939271 0.029663976706350015 0.3048571724224486
0.2851928694890601 0.35314898445948206 0.23692848005621503 0.12472966599524282
0.2652101800507244 0.46320248306992595 0.027197983419524174 0.2443893534598255
0.19792090754831448 0.11537369503667538 0.09427712658372867 0.5924282708312815
0.011494983299081274 0.49238416462950607 0.27556980294657807 0.2205510491248346
0.1083644308967946 0.5359728853120895 0.2963823862076106 0.05928029758350528
0.48728262493231467 0.04401222049732245 0.20074813492931132 0.26795701964105156
0.42603476495242876 0.06086795766537023 0.10827399682821937 0.40482328055398165
0.11706077800390091 0.22344530095447523 0.3622681066582928 0.29722581438333107
0.0866576741164563 0.20348854512861103 0.5184769772764628 0.19137680347846986
0.19162877904928532 0.47245939276533067 0.3011069675680488 0.03480486061733523
0.10737451467375025 0.14679813446610157 0.2420155904845861 0.5038117603755621
0.01475583931602964 0.31978116179381866 0.16957122030777028 0.4958917785823814
0.006121316512578079 0.4080673892505786 0.08914456175491359 0.4966667324819297
0.00024501492006312464 0.09110215219111661 0.40836149345654427 0.500291339432276
0.3013855176357072 0.26408346126680793 0.06715197484138835 0.3673790462560965
0.07716242149265828 0.33349486790818816 0.2432725206945784 0.34607018990457517
0.19950437931416476 0.5350617433838367 0.054256362839984695 0.21117751446201383
0.41923582844777785 0.17132082186417197 0.2535712935428929 0.1558720561451573
