17 100 4 279.67732097892065 559.3546419578413
3.6519850241839875 5.775280800447647 2.7236870825274537 1.6111032237216223 8.08286913999922 6.907001695982699 6.737688064392723 6.180426043777306 1.3515662456997983 4.22032244035194 9.511148681365668 1.5404021228384681 8.7763789319159 8.895614735332273 1.4607429905840832 6.871767539190893 5.965762317713877 6.377619279151459 5.351757618790019 3.546893447712921 3.6795314647159447 6.05358014793725 4.5644269244232385 8.098306387110096 4.766359468112892 2.295135286977951 2.3581602497860934 1.497172151942414 7.4623347433328115 3.630856190537247 2.7889648498030875 8.48227530079469 6.111920077521679 1.7410577429123268 5.904987165376483 2.430628701105479 7.090861471326644 2.0662503839116884 5.00496459508062 8.991841907414791 8.175409569957791 1.6118085543726375 9.647089808201004 6.932848531384195 7.468984749019912 7.692190886206869 8.989627166970733 2.2055110081821367 7.992771225450222 8.541923609757927 8.463742875175853 1.2624129686782797 4.5133704214892605 4.935267929512368 5.685715571601986 5.4358540674911575 2.1738635398775714 9.85945177895025 1.5913208972627682 6.21355669969663 6.226973425780551 9.589040790012318 2.7769939976230775 1.7499286056736456 8.954777959599134 1.1412657365584935 8.160351826181719 7.91371395485481 8.848394073578534 9.244990777505997 3.4643187362600587 3.127430137443395 3.7946785928084887 7.440789330266266 1.7446194032806301 7.079377987039838 8.726722019897743 7.236071957048555 8.065753221375367 4.179531266025576 2.981728621393637 3.20835151413775 7.546712640168078 1.5771499561198805 5.083637157479862 5.389095965216935 6.767873465000453 1.9555196712700487 6.162489440209338 9.6431121462164 5.641125221777859 6.1284254130536215 9.892059954142837 8.495838415621565 5.483293138935966 1.7213620407762695 8.839422946584662 7.417777680886819 7.589008391811706 8.412579883180136
0.7303970048367975 1.1550561600895295 0.5447374165054908 0.32222064474432444 1.616573827999844 1.38140033919654 1.3475376128785446 1.2360852087554612 0.2703132491399597 0.844064488070388 1.9022297362731337 0.30808042456769363 1.75527578638318 1.7791229470664547 0.29214859811681665 1.3743535078381786 1.1931524635427755 1.275523855830292 1.070351523758004 0.7093786895425842 0.735906292943189 1.21071602958745 0.9128853848846477 1.6196612774220192 0.9532718936225784 0.4590270573955902 0.4716320499572187 0.2994344303884828 1.4924669486665623 0.7261712381074494 0.5577929699606174 1.696455060158938 1.222384015504336 0.3482115485824654 1.1809974330752966 0.4861257402210958 1.4181722942653288 0.41325007678233766 1.000992919016124 1.7983683814829583 1.6350819139915582 0.3223617108745275 1.9294179616402007 1.386569706276839 1.4937969498039823 1.5384381772413738 1.7979254333941466 0.4411022016364273 1.5985542450900445 1.7083847219515853 1.6927485750351707 0.25248259373565596 0.9026740842978521 0.9870535859024736 1.1371431143203972 1.0871708134982314 0.43477270797551426 1.97189035579005 0.31826417945255364 1.242711339939326 1.2453946851561102 1.9178081580024635 0.5553987995246155 0.34998572113472914 1.7909555919198268 0.2282531473116987 1.6320703652363437 1.582742790970962 1.7696788147157068 1.8489981555011994 0.6928637472520117 0.625486027488679 0.7589357185616977 1.4881578660532533 0.348923880656126 1.4158755974079678 1.7453444039795485 1.447214391409711 1.6131506442750734 0.8359062532051151 0.5963457242787273 0.64167030282755 1.5093425280336157 0.3154299912239761 1.0167274314959722 1.077819193043387 1.3535746930000907 0.39110393425400974 1.2324978880418676 1.9286224292432799 1.1282250443555717 1.2256850826107244 1.9784119908285676 1.699167683124313 1.096658627787193 0.3442724081552539 1.7678845893169324 1.4835555361773638 1.5178016783623414 1.6825159766360271
0.5147053338756159 0.23027387734119042 0.11388284563009021 0.14113794315310346
0.11938639397855333 0.3295636743184751 0.0441522702894982 0.5068976614134734
0.3651236493904061 0.29598902413566464 0.28681034568249475 0.052076980791434524
0.30893876440744794 0.17391591025799835 0.22831846040337256 0.28882686493118115
0.03696914756503811 0.15161506046809348 0.4553419139390068 0.3560738780278616
0.2355311918944123 0.5786477940802222 0.11486595912456121 0.07095505490080434
0.15720954243394458 0.07781237188729573 0.35041379421848573 0.41456429146027396
0.3472464490172318 0.01336197348697199 0.43391987049232206 0.20547170700347417
0.05589661884601338 0.1086437380184152 0.48555607463044037 0.34990356850513105
0.38970628932173135 0.0903431741788232 0.0313361476282451 0.48861438887120034
0.20717010014018156 0.28586783179692143 0.4534006222174489 0.053561445845448086
0.31388748900192964 0.22400197068987215 0.44892099948954545 0.013189540818652756
0.20490864579387014 0.05610029756725887 0.2406000438939897 0.4983910127448813
0.1860412125600558 0.21418279772924376 0.4436386318275809 0.15613735788311955
0.22862394187870494 0.3573697816934166 0.006795332175508206 0.40721094425237025
0.17119434728109106 0.06725171158321219 0.6748568611004226 0.0866970800352741
0.4973070777225004 0.22396678902706146 0.2655366895934873 0.01318944365695085
0.8311018280041693 0.10391486762386692 0.026510155589430706 0.03847314878253305
0.26389422589032496 0.6376952198939023 0.05649536307799785 0.041915191137774865
0.4299519979229338 0.4194844909542731 0.021154810335994312 0.12940870078679878
0.062429201164529435 0.5501858980797314 0.2266696604955154 0.16071524026022377
0.15082068445721508 0.0006401090651710906 0.031156967094037702 0.8173822393835761
0.3602030767759318 0.009050233394582108 0.620963545325025 0.009783144504461161
0.4454704572227711 0.31833027426268634 0.05412436513746555 0.182074903377077
0.07712045666568645 0.26485614941858027 0.5374863723547045 0.12053702156102875
0.3356486742296727 0.18831394395543832 0.14910480451936436 0.3269325772955246
0.6096971800763078 0.16896004000610731 0.19837484603705346 0.02296793388053142
0.39871665076947127 0.11713006890534172 0.17747048925766917 0.30668279106751783
0.386347923912712 0.26351200191840407 0.3489015244591014 0.0012385497097825438
0.16475174075323273 0.1980863599084869 0.11739381219005562 0.5197680871482248
0.009511483075170801 0.8278027870730871 0.1285725593730318 0.03411317047871032
0.17525795670443156 0.487761435843973 0.1252423306090441 0.2117382768425513
0.062052720082548696 0.20519317941819537 0.38584150710448184 0.3469125933947741
0.30175277189597705 0.404201864652045 0.08948866249846521 0.20455670095351275
0.4790828027605615 0.3778925274984062 0.09739231159520023 0.04563235814583211
0.03536461644768396 0.08001765845053077 0.0638234959836409 0.8207942291181444
0.12406012570090519 0.32236841327199584 0.533693925417374 0.01987753560972494
0.3052511865319447 0.1341447032500842 0.3575544880733259 0.20304962214464517
0.21039607412973438 0.07721897730580629 0.11656718277760669 0.5958177657868526
0.2669556919924848 0.06636031915257035 0.5885038074306 0.0781801814243448
0.18622643903592662 0.2560481900674797 0.3295967147678711 0.22812865612872257
0.28769125442699295 0.48352743681251364 0.03812181053762531 0.1906594982228681
0.2824314260480332 0.3619132314675313 0.23481050965745143 0.1208448328269841
0.09803453441687482 0.23976859269180395 0.1554135726024708 0.5067833002888504
0.1898164237366904 0.0075337036294953474 0.19875770704713647 0.6038921655866778
0.5952782629185837 0.05379408701772492 0.16413774877161713 0.1867899012920743
0.0741173860196005 0.02664778647652588 0.3950482022837304 0.5041866252201432
0.4529132382080947 0.4979930692963187 0.032418067651480365 0.01667562484410623
0.4027422063230124 0.1969568393174892 0.2227656501867421 0.17753530417275631
0.296265013402216 0.1872859114550839 0.05539211117858445 0.46105696396411566
0.13177769253327876 0.019824135683939703 0.2870423243046397 0.5613558474781418
0.2089824234395663 0.4925420806711488 0.07102355509326119 0.2274519407960237
0.08021193433823703 0.14117560891195535 0.26661284528449014 0.5119996114653175
0.08720605356987066 0.2248903876312056 0.10670735280795962 0.5811962059909641
0.10276854179162787 0.15792659438849999 0.18787492771823744 0.5514299361016347
0.3694778373597919 0.4102456989058212 0.07194801466418976 0.14832844907019715
0.008720673377126453 0.2668311946431756 0.5392949898334647 0.18515314214623324
0.31900744857697383 0.1766406863078731 0.45423614180847216 0.050115723306680904
0.40976730323549115 0.2766019731298168 0.13169716704057854 0.18193355659411348
0.38444466133715627 0.13825954039193777 0.46582123980483425 0.011474558466071705
0.4536726643848371 0.05459789649084146 0.12608853532508968 0.36564090379923175
0.09965915223959843 0.3748624436240243 0.12737257604000185 0.3981058280963754
0.013706189693830306 0.0032548519015093147 0.4149987752799732 0.5680401831246872
0.5539230207031202 0.14131257802260866 0.26445432705466887 0.04031007421960231
0.024895254380492893 0.6122751708253958 0.26991703313652327 0.092912541657588
0.05655169101433577 0.044457626806234996 0.7475982637158353 0.15139241846359397
0.013392180220207939 0.6531234649339713 0.1980922992328179 0.13539205561300283
0.2510362491352286 0.3210867061278373 0.012538038498241755 0.41533900623869235
0.24407301348983357 0.2556354307210309 0.18112036206843485 0.3191711937207007
0.3857720825877228 0.14725886585276793 0.2245305118751093 0.2424385396844
0.2583031339876035 0.2917502578932929 0.25097605492216957 0.19897055319693402
0.135380093016772 0.05194207900771908 0.4777103148604591 0.3349675131150498
0.10251593852628527 0.2500510523179289 0.023808489624769336 0.6236245195310165
0.018175057955108986 0.46824739826229733 0.38900669963296974 0.12457084414962394
0.2603403253352191 0.15796575029308468 0.106552740993064 0.4751411833786322
0.22843729839347726 0.23463437937667286 0.27920647084024586 0.257721851389604
0.0725106541163667 0.5360604968091015 0.13747101367156778 0.253957835402964
0.32653453944272826 0.14630326546719696 0.13787270665697993 0.38928948843309485
0.23611144006190743 0.11315268485523966 0.3834486568557727 0.26728721822708024
0.6613661675387286 0.13462294362947325 0.16854332685014473 0.03546756198165346
0.12487872680792167 0.1309037557797832 0.3699661855157689 0.37425133189652626
0.03871813288059767 0.32389528349521046 0.022965473603080877 0.614421110021111
0.3452555221026171 0.24151854632712288 0.08665403639887526 0.32657189517138474
0.5197502572716811 0.10667168305432673 0.06120787442766329 0.31237018524632887
0.3476150840029939 0.23842524662338427 0.2562399022287585 0.15771976714486335
0.1322329904222913 0.35995621442568204 0.3517337872335601 0.15607700791846657
0.6359438858608218 0.16054228436535933 0.04349396739962985 0.16001986237418897
0.5138380560121448 0.05698847849716826 0.38398839479010227 0.04518507070058464
0.04004040021965094 0.2372117538328996 0.0703201180438775 0.652427727903572
0.07069807576598142 0.22469299206060545 0.1639894488672582 0.540619483306155
0.04995108986220442 0.3601430962985692 0.16933452660321557 0.4205712872360108
0.07724514111781067 0.395103923978128 0.38988320536140675 0.1377677295426546
0.4229218986617268 0.08137419024495085 0.2513115591658338 0.24439235192748854
0.3265577621282335 0.035628879145104375 0.3829196507036289 0.25489370802303324
0.2995036296479804 0.058959046778211954 0.012762608803581155 0.6287747147702265
0.678124458353275 0.005160392013546233 0.2773596989394943 0.03935545069368451
0.5890263267227798 0.22817800844616598 0.1072383355373453 0.07555732929370895
0.3615584041444052 0.20932065329465688 0.17113257734419507 0.25798836521674284
0.3402702328670162 0.09347382983856156 0.2023629599461937 0.36389297734822856
0.3829530355423746 0.37623007938772224 0.09567714488487378 0.1451397401850294
0.3105036139431915 0.10255901415266622 0.43347886702119254 0.15345850488294976
0.5044775179915911 0.01648196333890961 0.3763277936013084 0.10271272506819085
0.1300150130737544 0.03371729541641333 0.619273812601973 0.21699387890785926
0.5407474451942931 0.14668429887200563 0.2791984102062818 0.03336984572741952
0.48539898610189713 0.29662877192614756 0.10614280792781239 0.11182943404414292
0.26988141269516275 0.4251606607089561 0.25826061843691694 0.046697308158964224
0.425240464086586 0.15782600458876728 0.017440857944382993 0.39949267338026373
0.1688734483529436 0.04564357133283148 0.5771922984106785 0.20829068190354638
0.23247042560172015 0.48577133832314423 0.032122284587397965 0.24963595148773765
0.33761466765737647 0.521182526187627 0.015892820470819302 0.12530998568417728
0.600518275557823 0.3352154358470003 0.02045456064029072 0.04381172795488597
0.08353762038601176 0.02257582884356879 0.7232653941238725 0.17062115664654698
0.3255183963122801 0.20461837624057833 0.34818198125805566 0.12168124618908593
0.013715933293031335 0.12284855311158527 0.43192080015118073 0.43151471344420267
0.01571523208981529 0.17416850578090626 0.21877916344500314 0.5913370986842753
0.5902203718852678 0.12425410585537522 0.2073306655087518 0.07819485675060522
0.5397451964974905 0.13717778259017832 0.22120439891745414 0.10187262199487701
0.002205093485656895 0.5550560243007783 0.16118012371051527 0.28155875850304957
0.13575153226767522 0.3803217156489793 0.24307724228238659 0.24084950980095887
0.055297157475056924 0.15026991069887552 0.48846692347038745 0.3059660083556801
0.03378230610799049 0.580980755082679 0.31105403183555713 0.07418290697377339
0.3911033866431288 0.3368329798212114 0.11201547369724285 0.16004815983841691
0.1987425837363549 0.19919957926322784 0.37145206165175004 0.23060577534866722
0.43895814172745395 0.11731206325543908 0.4435131786667237 0.00021661635038328075
0.3360116871555001 0.1902329444772669 0.22531597379167412 0.24843939457555886
0.13515543168847632 0.3524654965004813 0.3712461103455902 0.14113296146545218
0.6602199575582411 0.1620016996167949 0.12063058529897386 0.057147757525990106
0.22269923159481464 0.07953888077442894 0.2571624361192201 0.44059945151153634
0.2614122341121673 0.003003469233702427 0.41296095300097 0.32262334365316025
0.6030358454066767 0.18016212112149943 0.17012009674691064 0.046681936724913276
0.10302198485040048 0.5827762263581185 0.08238130953749356 0.2318204792539874
0.21573596775012283 0.21486313740639917 0.4697785614055823 0.09962233343789573
0.15528813406099173 0.5540627539980245 0.2666783248239575 0.02397078711702627
0.6568796087946455 0.00641072402937326 0.21180361130918757 0.12490605586679371
0.35897841560254384 0.2501920847030654 0.27125636005081943 0.1195731396435713
0.15048852852814543 0.06635914391929587 0.6868371391160758 0.0963151884364829
0.5099118661727364 0.17478635326977 0.014162693023887285 0.3011390875336063
0.3292105645054222 0.21918339895303784 0.10739305571650681 0.34421298082503315
0.2861254028906376 0.423740974520318 0.07759202264566933 0.21254159994337507
0.03743961513831806 0.46798635549058265 0.21627900922069865 0.27829502015040064
0.2897600873734223 0.11083794382986656 0.48771843565390505 0.1116835331428061
0.34214842236376486 0.2777440448180911 0.0822194692640481 0.2978880635540959
0.07374350368710603 0.5140602397885833 0.016593989427010625 0.39560226709730006
0.3162951249316185 0.028386492388218665 0.06781536506375174 0.5875030176164111
0.36564060348051186 0.07276956146530866 0.24782716432719898 0.3137626707269805
0.11696455339503675 0.02382411148820973 0.33297626051424845 0.5262350746025051
0.426032373121778 0.009587099318466685 0.5015149084350747 0.06286561912468058
0.39475997215181935 0.02316806577268249 0.4968521770423686 0.08521978503312955
0.09500749515849582 0.2059953214373813 0.2950118297305284 0.40398535367359445
0.02785164147033614 0.11819525560344823 0.7620422501521479 0.09191085277406774
0.20195659758923212 0.2033538097926587 0.4017445224616778 0.19294507015643136
0.032011491828504046 0.6707519846310062 0.24327474782817382 0.053961775712315974
0.0022665332019460305 0.8954586333250609 0.053553496469848305 0.04872133700314474
0.5312677130022514 0.021798115961675912 0.21645314601524013 0.23048102502083256
0.0391611739727733 0.011796293352367093 0.7841488763013581 0.1648936563735015
0.27457764032203313 0.4807708048255446 0.15364608544093672 0.09100546941148557
0.2400347617563493 0.06726211801758453 0.2965555078163996 0.39614761240966656
0.0794226413665019 0.25260092130592227 0.03019381871262572 0.6377826186149501
0.21025813226971213 0.027844309942964607 0.07461167764388765 0.6872858801434356
0.5078128855553963 0.42321106693951627 0.025075500677494644 0.04390054682759281
0.13933139969609976 0.09473194045180766 0.34499779112895723 0.42093886872313535
0.13923611723320017 0.561306742689423 0.25689928769011494 0.04255785238726184
0.05651413710511621 0.32870881002980135 0.14420732976513206 0.4705697230999504
0.15695889679805963 0.4983613342475598 0.19898713935118761 0.14569262960319296
0.4187584016466004 0.10833580285195055 0.23195484169813319 0.24095095380331588
0.5684014437462847 0.19300141583545272 0.22492382751799667 0.013673312900265966
0.021590066492838456 0.015340476635581468 0.7807933586592047 0.18227609821237534
0.3969067716058382 0.14382772631125018 0.15461601208402498 0.30464948999888664
0.1129060008311169 0.008434194426691799 0.6578297191235125 0.22083008561867878
0.49515189662934267 0.12344679489019339 0.057638694285209735 0.3237626141952542
0.20969205739223917 0.05119030720121087 0.562046359379572 0.17707127602697792
0.15639922447258492 0.06699416999629959 0.43672917040661086 0.33987743512450463
0.21974141517043666 0.3551362543498968 0.2690052428767634 0.1561170876029031
0.0729884850063599 0.24870686498723737 0.675979292453168 0.002325357553234708
0.4908028322175819 0.0690444761156811 0.034735923834466664 0.4054167678322703
0.13337380503819074 0.4055231755257407 0.0797006206880091 0.3814023987480595
0.43134337833746195 0.18037559932328173 0.23421604771952553 0.1540649746197308
0.030726773412611985 0.3281222066190197 0.27293542511596947 0.36821559485239885
0.022023488203246067 0.13509754370402294 0.41018232197489257 0.4326966461178384
0.23284642927025068 0.2781693443759664 0.3917477058598374 0.09723652049394549
0.2754174857197845 0.547108214407879 0.043147675654191864 0.13432662421814456
0.002331498286190059 0.4384848080279581 0.4469832381968152 0.11220045548903668
0.10214507545247453 0.41343795189518806 0.40833089282950497 0.07608607982283244
0.04938803574916062 0.2612012124559818 0.5847529285868783 0.10465782320797923
0.03067423397202984 0.027477711550792816 0.7234014334868327 0.21844662099034462
0.07748778642290421 0.39477353111945923 0.4508140827853213 0.07692459967231524
0.47656959516830677 0.20387992075827155 0.11819056357982327 0.2013599204935984
0.20261262788447854 0.06609611670645299 0.11905235077063292 0.6122389046384356
0.3359557466197446 0.45642133556378195 0.11573802219197926 0.0918848956244942
0.4516075421549932 0.29584260371154125 0.02541262383912779 0.22713723029433774
0.6015322978465754 0.13994239358579497 0.1855319906152494 0.07299331795238029
0.4070048683716573 0.32581475997750897 0.03806509546578085 0.2291152761850529
0.1438626466057935 0.15290597101833237 0.39168083199882253 0.3115505503770516
0.0066749347330332665 0.8095440052105809 0.1606065343669112 0.023174525689474645
0.7146835249811906 0.06953423782416857 0.05632314609170097 0.15945909110293988
0.25180364676431355 0.4636899580539423 0.14830023938329795 0.1362061557984462
0.23332432888524923 0.4757954417728203 0.026031126405386407 0.26484910293654407
0.3514294997121816 0.27674313851010024 0.17902041407276004 0.1928069477049581
0.2087314273881523 0.001419464365716161 0.14117448381426134 0.6486746244318702
0.38738865271389833 0.3922506093842655 0.15194190011639652 0.06841883778543967
