95 30 4 87.75416636679627 175.50833273359257
3.0592313880121105 2.7161921676176464 8.977237038841588 7.470333060304658 5.79685045090728 8.82515890003703 7.518139087594129 5.338782920252481 7.804694771098569 9.772659950921577 5.575303906453015 9.626422173810196 5.448370249197567 5.6545060030486685 4.09656079540088 9.727752088728776 3.304796237490883 4.629476982276042 8.465415612677678 4.469384319947924 3.0853801470066333 5.787744451170186 3.823896212616735 1.4520636592646972 3.727472880675391 8.19935085390238 3.375830611292119 2.9230339132735255 4.956725248462924 9.899566651309241
0.611846277602422 0.5432384335235293 1.7954474077683176 1.4940666120609316 1.1593700901814559 1.765031780007406 1.5036278175188258 1.0677565840504961 1.5609389542197136 1.9545319901843154 1.115060781290603 1.9252844347620393 1.0896740498395134 1.1309012006097336 0.819312159080176 1.9455504177457552 0.6609592474981766 0.9258953964552085 1.6930831225355356 0.8938768639895848 0.6170760294013267 1.1575488902340372 0.764779242523347 0.2904127318529394 0.7454945761350782 1.6398701707804761 0.6751661222584238 0.5846067826547051 0.9913450496925847 1.9799133302618483
0.3495728744660135 0.017394876536127035 0.08663785021716208 0.5463943987806974
0.14370915263551942 0.4409681890979924 0.33512833351638494 0.08019432475010324
0.23786885552472448 0.15141115346870204 0.24655077426238203 0.36416921674419145
0.3131728389985837 0.2814454941776442 0.36969197359773787 0.035689693226034214
0.6105345984671525 0.29037560079616076 0.09588785947544343 0.0032019412612432907
0.21827997707273006 0.27697007881402014 0.46353999944739066 0.041209944665859144
0.22618666952309974 0.3321246808282603 0.09685266016116978 0.3448359894874702
0.17442884574553774 0.0730019864836644 0.4711528892738477 0.28141627849695017
0.09810806115318271 0.08595003612844987 0.33483632129005414 0.4811055814283133
0.18033363919772727 0.07043541667217113 0.5032958203242726 0.24593512380582905
0.26495846543038926 0.025325643840917733 0.6325364059020517 0.07717948482664128
0.011538489533946206 0.8234225644477331 0.08514881522731388 0.07989013079100682
0.37912618716394764 0.17491736666480262 0.44304898005296467 0.0029074661182850736
0.010093130878351952 0.0991464808439575 0.31691141294960945 0.5738489753280811
0.029533365719005555 0.3920801394372525 0.2996836084848207 0.27870288635892126
0.0385072076944305 0.6532636673908563 0.24685127553997188 0.06137784937474133
0.12146288112684911 0.1418888824615958 0.6159772139630231 0.120671022448532
0.1613167842834341 0.2390250544909981 0.1898241333382299 0.4098340278873379
0.32682293242032723 0.3903141639855392 0.19423485570277932 0.08862804789135426
0.08359765833507837 0.05988826189465313 0.43404370728914343 0.42247037248112507
0.563453271638906 0.005447039177414736 0.0661110161702736 0.36498867301340565
0.6100074690177425 0.17993368155305078 0.17652955370892254 0.03352929572028418
0.5293872408844282 0.04382247613569723 0.02359477664848353 0.403195506331391
0.048440419617492236 0.4557454355861267 0.1794269155676762 0.3163872292287049
0.519794359727679 0.009775793731717441 0.10500700805849639 0.3654228384821072
0.2268047288126248 0.7369326141522847 0.021691531273987152 0.01457112576110331
0.2835817543381016 0.2826168604654077 0.4128773578019058 0.020924027394584876
0.5752259477171332 0.05539431357171165 0.23500456854817553 0.13437517016297962
0.024775437672616807 0.48468266117750736 0.4104054909885745 0.08013641016130135
0.13211419681449954 0.02456028292582546 0.7707849482088039 0.07254057205087105
0.0052022337023373 0.34929329653084185 0.5514485923199677 0.09405587744685318
0.0649621100353972 0.21418424540645875 0.03400548363714906 0.686848160920995
0.47688677936221247 0.3253106415851974 0.049794330898739525 0.1480082481538506
0.04491258909095952 0.06185094201651531 0.5870005532774515 0.3062359156150737
0.017924351258356563 0.03052811285222301 0.05668213986656723 0.8948653960228532
0.4591247864402419 0.46248692268504066 0.04782732822629854 0.0305609626484189
0.335601792096055 0.19875245982354317 0.26280172287964876 0.20284402520075306
0.04170769415038644 0.010286615342028793 0.9229423298125806 0.025063360695004144
0.5505317641308198 0.04096331751682003 0.017158892260407677 0.39134602609195246
0.15769924327052898 0.03877333994707477 0.24715714235689634 0.5563702744254999
0.8652988359431127 0.003149864122396151 0.028102610230762548 0.10344868970372856
0.22329036837454208 0.4580693869913359 0.18267552908012363 0.13596471555399836
0.2173005078351231 0.5574848229197552 0.07768736804361154 0.14752730120151014
0.02408995439310324 0.554474979736787 0.2706884705114404 0.1507465953586693
0.40027147786458395 0.09046458882138342 0.3192056524545607 0.19005828085947196
0.2634825876559638 0.6401738986269968 0.01247937947378841 0.08386413424325101
0.02765927668979329 0.27966659379195236 0.030821128159592592 0.6618530013586618
0.019193518284117972 0.7991808797802012 0.07144914908357591 0.11017645285210487
0.005191492912608564 0.13920266987778374 0.6421647533790459 0.21344108383056182
0.0122399119085842 0.025566955413879988 0.4741508321205663 0.4880423005569695
0.16222922892836866 0.16261057296718795 0.40484680009740615 0.27031339800703724
0.37960644686764633 0.08907534937664818 0.10821199230491152 0.42310621145079397
0.080009663221562 0.1663673754584596 0.382628566649141 0.3709943946708374
0.577159906464867 0.21596172609148812 0.18262378809626123 0.02425457934738362
0.09547122439637534 0.04585348689054236 0.5463057901645417 0.31236949854854057
0.00969107481901621 0.021559373565095075 0.9473690998224865 0.0213804517934022
0.20141685474590054 0.09089285889884746 0.46688925268784154 0.24080103366741046
0.010078132167912757 0.5991229609316585 0.20649738322603284 0.1843015236743959
0.12599438686394715 0.18576631674101562 0.3835003654162298 0.30473893097880744
0.2098975925095432 0.5917848304045055 0.09224167685738915 0.10607590022856217
