93 90 4 242.97205306250112 485.94410612500224
6.457189039988279 6.917604117560341 3.765169084092129 9.65803136635758 5.823270165981643 6.936712217979729 9.994388759409443 7.758855342389721 5.846699833025205 7.709549081490495 3.1203837521470503 4.747154414433243 8.605177811204012 4.650820706287571 5.271026902058378 7.238612654140764 2.6664703463243673 1.6144737113010772 6.600628047830755 6.409165326713743 8.825001513117908 1.4738120104043984 6.121580972141318 4.6480138415382495 8.222622196714896 8.068348449177673 8.00841505657712 1.8328176423524982 9.63261434338023 8.595661557265494 3.445076734130764 5.297546868684331 5.29794466066402 6.893786054606546 2.8094557838074543 4.376645746067995 3.507479037955874 3.9229776956761615 6.031239534309991 8.743640818830055 9.531518594330063 5.092763491227696 5.1914035140125145 9.343929658316638 2.147974268615208 2.588165657601668 5.210060388217909 9.519251707819066 6.20928790166593 1.0132536884883625 1.3721516012902903 4.798588224422586 7.485238988066102 8.19366197374678 6.7857025870232315 1.8330595803543697 5.096639662247123 2.848280728725338 7.325658032916776 2.9070393555844207 1.2734731883717845 1.310688597057216 3.259313598088361 2.9148683036209553 5.473894346867533 6.60667519803512 2.966746805879294 8.447233690269831 2.556647386479513 7.948910273435061 2.4095042102570305 7.767639293840958 8.089678321006076 4.9569950696969745 3.6844196907014233 3.7450610584292203 6.105463541608438 4.7836565402313775 1.191822144961572 1.1044777981360538 1.137593910754933 9.267377677613442 9.39951787157777 1.2475116936181505 9.759488760714737 6.556816704648766 6.934751244744877 4.812225942424391 1.9490747889518025 6.242885670188984
1.2914378079976558 1.3835208235120682 0.7530338168184258 1.931606273271516 1.1646540331963284 1.3873424435959458 1.9988777518818885 1.5517710684779442 1.169339966605041 1.541909816298099 0.62407675042941 0.9494308828866487 1.7210355622408025 0.9301641412575142 1.0542053804116756 1.4477225308281527 0.5332940692648734 0.3228947422602154 1.3201256095661509 1.2818330653427485 1.7650003026235814 0.29476240208087967 1.2243161944282637 0.9296027683076499 1.6445244393429792 1.6136696898355347 1.601683011315424 0.36656352847049967 1.9265228686760458 1.7191323114530987 0.6890153468261528 1.0595093737368662 1.059588932132804 1.3787572109213093 0.5618911567614908 0.875329149213599 0.7014958075911748 0.7845955391352323 1.2062479068619982 1.748728163766011 1.9063037188660126 1.018552698245539 1.038280702802503 1.8687859316633275 0.42959485372304157 0.5176331315203335 1.0420120776435817 1.9038503415638133 1.241857580333186 0.2026507376976725 0.2744303202580581 0.9597176448845172 1.4970477976132204 1.638732394749356 1.3571405174046463 0.36661191607087396 1.0193279324494244 0.5696561457450676 1.465131606583355 0.5814078711168842 0.2546946376743569 0.2621377194114432 0.6518627196176723 0.5829736607241911 1.0947788693735068 1.321335039607024 0.5933493611758588 1.6894467380539662 0.5113294772959026 1.5897820546870123 0.4819008420514061 1.5535278587681915 1.6179356642012153 0.9913990139393949 0.7368839381402846 0.7490122116858441 1.2210927083216876 0.9567313080462755 0.23836442899231441 0.22089555962721077 0.22751878215098661 1.8534755355226884 1.8799035743155539 0.2495023387236301 1.9518977521429473 1.3113633409297534 1.3869502489489753 0.9624451884848781 0.3898149577903605 1.2485771340377967
0.17988519032351125 0.27644421776481376 0.29049509511545146 0.25317549679622353
0.21605898983343408 0.030900968639167026 0.35949442655108477 0.39354561497631413
0.3839127356484605 0.09978031460313452 0.009569813111245162 0.5067371366371598
0.6924307898098233 0.10360742530302469 0.09906061334662619 0.1049011715405258
0.4625944808387332 0.1293638645276115 0.29029792777147745 0.11774372686217782
0.051065977815109354 0.08123116796750907 0.6963054701266632 0.17139738409071836
0.06796469796587412 0.13247452479776445 0.7554622395338499 0.04409853770251149
0.22670975665892945 0.5980378860748007 0.03262238868136347 0.1426299685849064
0.10411882435360587 0.29584333735934587 0.4927970407119563 0.10724079757509197
0.6408224159603861 0.09557764535975233 0.07483058963388323 0.1887693490459783
0.35805167354836864 0.016356934879133034 0.5447148460356515 0.08087654553684687
0.3245344260570253 0.050216713691196735 0.041930535103892996 0.583318325147885
0.20633330721092313 0.19777349333304783 0.5204557401363537 0.07543745931967538
0.16083629236784758 0.44406865453854716 0.021234664592759356 0.3738603885008459
0.013437542004900438 0.13846441610808757 0.056765041050367726 0.7913330008366443
0.610718566709522 0.268230800785783 0.022087644769854475 0.09896298773484058
0.621353786081661 0.15493660156055444 0.21197327974693259 0.01173633261085194
0.18633383831529882 0.7031237104040807 0.06491876640289063 0.04562368487772983
0.29035059062866697 0.34940359327273973 0.06850837975438329 0.29173743634421
0.7033469618746097 0.03956300943416291 0.16429640989797656 0.09279361879325088
0.1405154583664593 0.24301950528412064 0.5730680779699695 0.04339695837945057
0.11686039375251656 0.06074129261137595 0.09132815221917678 0.7310701614169307
0.2623176109589074 0.23332721471918272 0.19042236165035809 0.3139328126715518
0.3687392569054384 0.015568213147086785 0.08472712738521848 0.5309654025622563
0.08587055587507664 0.2776186243787945 0.035331231044986144 0.6011795887011427
0.08045859797469368 0.7415460596254433 0.04792692614329652 0.1300684162565665
0.2348731383916871 0.166051604752102 0.4185496572605213 0.1805255995956896
0.11292346617847038 0.39446014221518566 0.31718405631291013 0.17543233529343383
0.12718592281529584 0.185954194307399 0.11733523043776717 0.569524652439538
0.11002443315419819 0.5143174613150625 0.16743657267570233 0.20822153285503697
0.029745316777515685 0.10524546838899596 0.25837433828969614 0.6066348765437922
0.2558937498326692 0.33409276319657666 0.05166865602650217 0.35834483094425196
0.45924844618232696 0.061138049026624675 0.12985115022159321 0.34976235456945515
0.4378653940771836 0.13333367367943216 0.32447825597950875 0.10432267626387548
0.09837994658827154 0.09715730571884007 0.6329769746379517 0.17148577305493673
0.21404246271298655 0.41168529588181546 0.11296235060666826 0.26130989079852973
0.10740324960684278 0.005206501764749238 0.685689528713166 0.20170071991524197
0.6305961544131758 0.018313399688147824 0.21876354662918085 0.13232689926949548
0.5218961228121767 0.12404570482568278 0.022927787592796234 0.3311303847693443
0.7028849437398508 0.2297749689924361 0.06101984485543088 0.00632024241228224
0.5345052545143906 0.04065391331618451 0.36103186051016734 0.06380897165925759
0.14916152653041637 0.3094942284054166 0.3320281868725945 0.2093160581915725
0.2685591442117643 0.10873668021188776 0.15907915539473927 0.46362502018160867
0.008563455088261174 0.5814121537502261 0.38756384232620855 0.02246054883530413
0.45512014939607026 0.18237016785013016 0.04095771166432127 0.3215519710894783
0.16970167669778247 0.2418790331833175 0.19143654998287896 0.3969827401360211
0.29777818674996914 0.472775065146402 0.06136428811696504 0.16808245998666382
0.165427064533896 0.3422113691226373 0.30135938458757805 0.19100218175588868
0.07053101619887325 0.4983199570249981 0.20303432468246785 0.2281147020936608
0.6074961519711533 0.12546900359058266 0.108056178568254 0.15897866587001008
0.5182023292922782 0.18005176802686462 0.21364342620449916 0.08810247647635805
0.2983155493254901 0.05004055543867958 0.6508707643840497 0.0007731308517806568
0.43886692979809616 0.2521817116013034 0.14563853830171314 0.16331282029888727
0.08762167387123843 0.01883725833308203 0.31378275289477886 0.5797583149009007
0.14729182321707346 0.6252896864609717 0.18651514347495413 0.0409033468470007
0.3946195025239976 0.21978027951816903 0.24795907802004002 0.13764113993779337
0.050113016670026544 0.010180527810495055 0.5489439001535835 0.3907625553658949
0.34097103007457263 0.1649788748942408 0.14212396854363896 0.3519261264875476
0.2692759627377249 0.20027487470292338 0.50135492823051 0.029094234328841728
0.34562999427688923 0.11519463585204193 0.3020752625657287 0.23710010730534015
0.5311197184832315 0.01994029718329904 0.16187057041235353 0.28706941392111596
0.024302468290279045 0.15521057796205506 0.576615837861 0.24387111588666588
0.20374892237765418 0.5933975763283768 0.04407442746143808 0.15877907383253098
0.13412415069879968 0.1599168146375426 0.481220507901163 0.22473852676249473
0.11456123555357667 0.05184976913702477 0.7140953340266897 0.11949366128270889
0.53350492109899 0.3763888872217691 0.051270741414456755 0.03883545026478419
0.05117199097707048 0.10757282950077551 0.49514941455715855 0.34610576496499545
0.42109061240436163 0.336890752437743 0.21229357692125828 0.02972505823663707
0.08727971958234848 0.07199109375154655 0.054634474422679546 0.7860947122434254
0.05373903015756709 0.291097910843487 0.06331419026578089 0.591848868733165
0.39817075919513023 0.4409432530623274 0.15824702792300016 0.002638959819542208
0.6652119070991547 0.2717109705415064 0.02215511402354131 0.04092200833579762
0.1701752915560052 0.434962842195599 0.2723210052067476 0.12254086104164819
0.28918190591352155 0.542680363104565 0.16023108820565968 0.007906642776253747
0.14748960273506184 0.2611613328600052 0.07885982842896433 0.5124892359759686
0.6264066700747453 0.264848662858741 0.01057240440392515 0.0981722626625886
0.1572739269039164 0.3241521169489534 0.309821283987768 0.20875267215936222
0.004688996746846752 0.08476471786363726 0.1966951464584037 0.7138511389311123
0.15908580373760717 0.2958567151233026 0.3142700671781672 0.23078741396092306
0.230172019380673 0.06384859183603175 0.560005939704742 0.14597344907855325
0.3876927436594205 0.0343709350207414 0.210135698171369 0.36780062314846906
0.23415580946015402 0.10643530092471265 0.20380734522827604 0.4556015443868573
0.17255358819035593 0.06306095828342584 0.2153575260681434 0.5490279274580748
0.36357256313219877 0.4599450994366876 0.12298196758499291 0.05350036984612072
0.20613410560195888 0.26040042690173815 0.13944132862704905 0.3940241388692539
0.2914056142501176 0.36994624296022327 0.17417706656693255 0.1644710762227266
0.13133254863939725 0.563881327001433 0.06503684259878473 0.239749281760385
0.032372716950105684 0.4745120274512409 0.39813121890234204 0.09498403669631139
0.3081205244314349 0.5317270822357725 0.12781126877686821 0.032341124555924416
0.461365922055644 0.08176620599938167 0.01440194244959836 0.442465929495376
0.26309564560143217 0.314150496885476 0.4166846031824448 0.006069254330646978
0.02149321148885175 0.23208521872991783 0.3418011680263956 0.4046204017548348
0.0270415242687001 0.02415059416703802 0.13486335405937988 0.813944527504882
0.1011097596662347 0.37665563381619394 0.3609869276453235 0.1612476788722479
0.03024549908583518 0.11159459396008664 0.22504115271796787 0.6331187542361103
0.15606736441839641 0.7411777687460936 0.03534328046746105 0.06741158636804889
0.11257294772916693 0.150063534307862 0.4295835089021469 0.30778000906082414
0.13320235450899975 0.03200799186638237 0.19977696135466094 0.6350126922699569
0.5762486255768698 0.13510701136330872 0.2060086507126584 0.08263571234716305
0.18874570178818484 0.5131858657881356 0.2607192621609451 0.03734917026273443
0.1391540493227692 0.5312624618342641 0.025474942647522814 0.3041085461954439
0.03474672458781369 0.7073910459723834 0.13652017515644954 0.12134205428335332
0.01060920475521554 0.24701535410986997 0.4677090929864748 0.2746663481484397
0.0554434966811751 0.13005238236637462 0.038923777584060626 0.7755803433683897
0.3890846587221538 0.06229775515018443 0.32736584917041034 0.22125173695725142
0.3180002196249929 0.12522781819800843 0.07023935642985091 0.48653260574714774
0.02756794958040265 0.5002611103213386 0.1883607163252683 0.2838102237729905
0.17509521484562784 0.5937689962437198 0.024492964522487837 0.2066428243881645
0.08681664118164678 0.08376780103242121 0.03986342403293419 0.7895521337529978
0.03922701778890514 0.21170862091540066 0.7366806197853336 0.01238374151036059
0.08262685854772389 0.5418748620855366 0.26007361914753224 0.11542466021920728
0.026929151565349585 0.15155187619692034 0.7274235138247181 0.09409545841301192
0.1974791214424909 0.16508532988323066 0.2984721398168795 0.33896340885739895
0.6669689700816264 0.05511504054354843 0.046087159613233286 0.23182882976159191
0.3150624525734489 0.15630537005208545 0.3924660421158629 0.13616613525860277
0.04662377691468911 0.05086565341010696 0.35550392811280773 0.5470066415623962
0.7439885669071782 0.09848450944953879 0.1536034586306736 0.003923465012609428
0.3100920214137499 0.2774273473363702 0.0054359356428536065 0.4070446956070263
0.14952136517815606 0.16684002772770223 0.2673820671456679 0.4162565399484738
0.5881686824866548 0.02684810296497986 0.11917764536842734 0.26580556917993803
0.22134021591699982 0.1397968604970964 0.1758226702775595 0.4630402533083443
0.6901103959003131 0.108872677743721 0.14390458096218606 0.05711234539377985
0.41959147962466836 0.5130148431476672 0.0077400166981325125 0.059653660529531916
0.04886970904195964 0.3445952303721731 0.46795688849907624 0.13857817208679102
0.02319827393306617 0.17935241051877293 0.4868992989780192 0.3105500165701417
0.09364508517078951 0.2836799705013374 0.351696047833309 0.2709788964945641
0.13332130790532437 0.3660875730758697 0.2741114481956617 0.22647967082314424
0.14435176430013108 0.048947419144403925 0.07245493390388846 0.7342458826515765
0.1307243699584144 0.005002978523720336 0.2990432716227457 0.5652293798951196
0.174317191792414 0.3124695803894123 0.10561462012991873 0.40759860768825495
0.40459806954557853 0.288566883948445 0.13433806005838078 0.1724969864475957
0.15182352839955404 0.11789262711207926 0.6698724575824796 0.0604113869058871
0.03088312887766187 0.8974311376828269 0.03935821417335139 0.03232751926615984
0.7005583635231416 0.015770689956068895 0.05196015892938133 0.23171078759140817
0.19004394736127073 0.13585884967718698 0.07391815543869817 0.6001790475228441
0.6818179957932887 0.1987924307367096 0.008784117936754932 0.11060545553324674
0.09633631228787287 0.7975485115410131 0.07109669075869329 0.0350184854124207
0.14895784343945395 0.5065168558606602 0.022326870576685587 0.32219843012320026
0.4099434405830621 0.52039723353647 0.06956241309754929 9.691278291856786e-05
0.5327640752274526 0.304835387719661 0.02906299461969719 0.13333754243318918
0.1505509458838047 0.46701675795592335 0.3714788526438372 0.010953443516434791
0.28248458594354664 0.08188860947517485 0.4256049772874039 0.21002182729387464
0.2474770181201862 0.14251982250508888 0.5522833730599582 0.05771978631476671
0.046176416172156176 0.4230657185840505 0.013477110246887913 0.5172807549969054
0.797315729195043 0.08055785132547522 0.01869740223783123 0.10342901724165054
0.2326211356192116 0.0539352654184212 0.503322755108665 0.21012084385370222
0.1551159393869299 0.00907700015602797 0.1682988269268606 0.6675082335301815
0.622212347655559 0.008331834734774057 0.15885310865882696 0.21060270895084
0.00021082172341113647 0.13093786459693002 0.6867016206798641 0.18214969299979478
0.7747751362307508 0.021610048541782945 0.1315252888147629 0.07208952641270339
0.06435785964872809 0.22304299314488607 0.5456290525985865 0.16697009460779932
0.13372166202008595 0.061384107358101736 0.6022549952422973 0.202639235379515
0.4914382848702432 0.12851700002968303 0.08151768106152213 0.29852703403855163
0.058780435930524844 0.35055716331576936 0.06292297883690534 0.5277394219168005
0.03561704500496865 0.5484235196274202 0.31972276022691315 0.096236675140698
0.32283619614147985 0.4036437349288522 0.10551131982769979 0.16800874910196817
0.5544365376686975 0.14226076297442591 0.09407839275581775 0.20922430660105884
0.0591228980732742 0.4150457570070111 0.2257035767415848 0.3001277681781299
0.02853345687904041 0.6076324548786242 0.2577557135493622 0.10607837469297321
0.5668188072186092 0.07551310624796048 0.1917033658285262 0.1659647207049041
0.15997984651989383 0.3687703926707001 0.09857928981368624 0.3726704709957198
0.008692478227624534 0.3710461502760152 0.026640981750015613 0.5936203897463447
0.1643164513032377 0.5152701749532834 0.03663008937640799 0.2837832843670709
0.2547333180262684 0.022265483725462776 0.05643687091729421 0.6665643273309746
0.4086572482980355 0.08950217751365996 0.4227615623367613 0.0790790118515432
0.01982593238147501 0.5364400778547723 0.42773838977599543 0.015995599987757236
0.2591069947545913 0.152964920985305 0.520564539104888 0.0673635451552157
0.3941476686889859 0.22204781086978131 0.017863728415548064 0.36594079202568475
0.275997913470034 0.4726696505942859 0.058106693542027354 0.19322574239365276
0.06998057174224503 0.837133792736681 0.055214744170817065 0.03767089135025692
0.21122355803160864 0.16391599865673767 0.5852855430683852 0.039574900243268485
0.10279130618460997 0.4307445850887366 0.10855056554414699 0.35791354318250646
0.2396078875664075 0.38162359911690125 0.031869239707076336 0.3468992736096149
0.21018655117103524 0.1073833033574676 0.08521771636577535 0.5972124291057218
0.016887074321079054 0.10996075324753674 0.2716269737644129 0.6015251986669713
0.10299858035446274 0.06624958875276576 0.04897327356863035 0.7817785573241411
0.09088074740667229 0.4749387576014401 0.011674723481197025 0.4225057715106906
0.14970084768491987 0.21138289977239222 0.5461075495477868 0.09280870299490107
0.4197627736598394 0.4358000056976731 0.08764836117269825 0.05678885946978929
0.6427049166243695 0.09726355873020187 0.08574795186341178 0.1742835727820169
