94 40 4 101.51988834815289 203.03977669630575
7.474472076195626 6.464990580597906 7.208754531208873 4.810896810104815 5.056894995312373 4.5322477299072235 5.607164333181606 2.0147676309530946 9.768673115748545 5.453314933023011 9.582533068377362 3.7626930390605398 7.960810859508484 3.818303187323722 3.721407035095736 7.957564226720459 4.099750665952495 9.77500176020531 1.25293706370404 5.722614378197641 7.302270302631717 3.691806176164816 1.5486686522636877 6.650172251866753 5.649899237658159 1.1532982904734719 2.292779559149225 6.735086901258235 8.600864328539348 4.6701573473364855 7.575181768424371 2.8601292770908073 1.216220203707921 2.291891627517219 5.308086346489681 2.820309504554869 3.4288849314521173 1.1536928058842855 3.1549270930058784 8.8896580704578
1.4948944152391253 1.2929981161195812 1.4417509062417746 0.962179362020963 1.0113789990624746 0.9064495459814447 1.1214328666363211 0.4029535261906189 1.953734623149709 1.090662986604602 1.9165066136754725 0.7525386078121079 1.592162171901697 0.7636606374647444 0.7442814070191471 1.5915128453440919 0.819950133190499 1.955000352041062 0.250587412740808 1.1445228756395283 1.4604540605263434 0.7383612352329633 0.30973373045273755 1.3300344503733506 1.1299798475316318 0.23065965809469438 0.458555911829845 1.347017380251647 1.7201728657078696 0.9340314694672971 1.515036353684874 0.5720258554181614 0.2432440407415842 0.4583783255034438 1.0616172692979362 0.5640619009109737 0.6857769862904235 0.2307385611768571 0.6309854186011756 1.77793161409156
0.2673143572010005 0.17445295692113372 0.466353106588248 0.09187957928961776
0.5464587153478198 0.07586247568758564 0.322365154104016 0.0553136548605786
0.39945282036317 0.06907276665632511 0.2863681124712598 0.2451063005092451
0.01708899549345466 0.48837636345252533 0.24228629144812064 0.25224834960589937
0.4748153197502716 0.011098849151891299 0.236245217134202 0.27784061396363513
0.30405971059775905 0.14608060340809614 0.44650529687512863 0.10335438911901618
0.5593617320085603 0.21259302606969566 0.09502528014767386 0.13301996177407016
0.04619986925300579 0.09275221445158732 0.1436415982542244 0.7174063180411825
0.03152734448597905 0.3865502786322944 0.32019646663218293 0.2617259102495436
0.019862612206428487 0.25609481709527027 0.16223460803319978 0.5618079626651015
0.059930807585060086 0.14363662138068067 0.14436547064856786 0.6520671003856914
0.10534345505829901 0.5750145836140635 0.21964680401206238 0.09999515731557507
0.3813832162331734 0.48270619454267694 0.029853461537139192 0.10605712768701048
0.24579097299429264 0.39807993472352654 0.19691338349748466 0.15921570878469615
0.018145976559878152 0.10726991116232898 0.6187784408680199 0.25580567140977295
0.10877514141692146 0.6820259404317257 0.052387307244265546 0.15681161090708728
0.018121050069946465 0.19522368659088885 0.3673862144758012 0.41926904886336347
0.016452996204240455 0.6123366033929708 0.3363545008548501 0.03485589954793866
0.026035153371528952 0.1395925628630389 0.3270063108729081 0.507365972892524
0.19108137374383227 0.44424855443476685 0.34697086685558887 0.01769920496581201
0.2518129119039856 0.3585253407172765 0.13829432692583354 0.2513674204529044
0.03356140002411623 0.33913655219671 0.17805459432854653 0.4492474534506272
0.10928044948723625 0.25117760683425794 0.4261547000809016 0.2133872435976042
0.11470328043341782 0.1776398090447724 0.5485099399631156 0.1591469705586942
0.24791140711654525 0.14007866275583425 0.608584820192056 0.003425109935564552
0.24723743900462858 0.1936070344440327 0.29062208186432137 0.26853344468701734
0.175873817905427 0.25988976426255006 0.3559298762557991 0.20830654157622386
0.12125493090251804 0.2845168758654988 0.1668425467223542 0.42738564650962896
0.2403848164787451 0.18450431108395893 0.5105762063371213 0.06453466610017466
0.0877717529672789 0.11446431841114724 0.32319841659307236 0.4745655120285015
0.19359208128028582 0.7572515097016849 0.011511735430848824 0.03764467358718049
0.19574758951048765 0.25286331490191927 0.4325794025770301 0.11880969301056299
0.06584990431955506 0.20956209223915245 0.46562619830632235 0.25896180513497014
0.3382550807413781 0.12819381781682204 0.47894026422528824 0.05461083721651161
0.046623738990065555 0.5006879225758106 0.07965666933015891 0.3730316691039649
0.1310692656580661 0.6063067320056891 0.14767635705903315 0.11494764527721169
0.11116603492824073 0.3684798427820186 0.361707181643257 0.15864694064648366
0.3478047336951128 0.0865961855475208 0.23749213527400992 0.3281069454833565
0.6595418907165818 0.19457460566533158 0.11975271178618929 0.02613079183189737
0.15733267603203072 0.24320215736360973 0.09846543799951346 0.5009997286048461
0.30049964467652657 0.38651368569041444 0.24006203455103658 0.0729246350820224
0.6312680881253985 0.2735045770657316 0.02490902293862096 0.07031831187024895
0.20528460760370126 0.2699882031549199 0.1571900591848454 0.36753713005653343
0.04752810918127104 0.5842403783807525 0.07389373456897153 0.29433777786900495
0.20720620963879588 0.3735320308485989 0.059096170391535585 0.36016558912106966
0.029767862866476147 0.12826543213952113 0.2649306070333842 0.5770360979606185
0.3474100344560893 0.3705423381850963 0.07267924727298469 0.2093683800858297
0.2943365030392143 0.027071028468441782 0.16269433534406386 0.51589813314828
0.20399778175675432 0.5342786958584589 0.0061055490075020424 0.25561797337728476
0.010492079301753554 0.17389456466351383 0.01677247910536117 0.7988408769293714
0.08344909538962364 0.028696853685721835 0.5846751715775182 0.3031788793471363
0.07972447623397838 0.4345410438130679 0.22434053777981267 0.26139394217314105
0.09423660975018211 0.24764832172902618 0.19597409919656472 0.462140969324227
0.26982221449382204 0.6300474086711793 0.05328170209517269 0.04684867473982601
0.10304066521727417 0.267632370842513 0.24634356613197916 0.38298339780823365
0.34335660366717136 0.37481466623844717 0.04733851886639284 0.23449021122798863
0.40993904395929703 0.16905826787444 0.24375279385778725 0.1772498943084757
0.3977260948748589 0.059290622633598855 0.3393764741247469 0.20360680836679534
0.2993569778167685 0.06680405255538424 0.19717544029756173 0.4366635293302855
0.34957303533887085 0.0961339983165197 0.05033499415815357 0.5039579721864559
0.4424454042967999 0.2931654753748886 0.08388944244515917 0.18049967788315235
0.6493705278844726 0.22316064810091674 0.019548319193990693 0.10792050482061999
0.32462368454424884 0.22014017335107705 0.09659103423872673 0.3586451078659474
0.2577188894986363 0.10263997570672556 0.34459305245063176 0.29504808234400637
0.24077876494366568 0.08799428157808609 0.003609126979857158 0.6676178264983911
0.1531088987150777 0.10244626532324708 0.49080275866163825 0.25364207730003696
0.14480139568937467 0.33259665247183856 0.09474675618891326 0.4278551956498735
0.4218941091161472 0.1881881228489597 0.3680573334659877 0.021860434568905407
0.06967828758967987 0.39780008503636033 0.30136424220199287 0.23115738517196693
0.14882061433184268 0.5295950651512291 0.1693174170650762 0.152266903451852
0.18582109289628412 0.07915663160805475 0.40185369536141247 0.33316858013424866
0.5802718936414749 0.0670852573285371 0.274123495558691 0.07851935347129702
0.06979055822478208 0.13060225143631932 0.3367291251485256 0.462878065190373
0.0006918005035837504 0.5365226878903533 0.21317935374122854 0.24960615786483442
0.5412687299375011 0.0035808832553757552 0.28654068995424187 0.1686096968528813
0.002815926407535807 0.4236526890040755 0.4719416105827188 0.10158977400566993
0.1251042110763274 0.35291770631215114 0.007553057372352345 0.5144250252391691
0.24861134584035405 0.3250412338349935 0.07871671526168555 0.3476307050629669
0.49461024485572325 0.038669912662526396 0.4490934626056744 0.01762637987607596
0.553776202065512 0.2695902073130104 0.08586562509559581 0.09076796552588173
