81 60 4 166.30359021413344 332.6071804282668
4.198772060247128 4.067639890203715 9.397957980534128 9.224372670805238 8.537182555387549 1.5353925915241535 3.233892026089046 5.582074999686456 1.805897989422977 8.066357984904393 4.592003423404422 4.98425848422054 7.914851932617836 6.09488257740724 3.2083194483127198 5.905059994124724 2.301125987332957 5.040362768034796 5.188642325647429 7.457417492186885 9.587968702399522 6.623395602864567 4.762607227551886 9.045478975630624 3.9307269907203866 9.84430121741569 7.391172885382268 9.300403515221337 9.898734191948389 7.540386103566907 3.979050156360849 3.413753380948246 1.9231503278847049 2.6686392263623553 2.7949344747220195 6.2154008641991885 3.310546179817458 3.973006688051278 1.7303794693816883 7.434365385666588 3.605274669312484 5.659400015594273 2.941014821396845 4.3357407209203505 4.0858632740815715 2.4144658114657935 8.513244144270601 3.4916268587459265 4.983357536937671 9.96797828391369 9.818359257716018 4.051352950851905 7.284686558831014 7.664935601231733 1.1982297483102826 3.748164753439397 8.687093784584619 7.799952727655342 1.0625792606434774 7.588992900173687
0.8397544120494256 0.813527978040743 1.8795915961068257 1.8448745341610475 1.7074365110775098 0.3070785183048307 0.6467784052178092 1.1164149999372912 0.3611795978845954 1.6132715969808786 0.9184006846808843 0.9968516968441079 1.5829703865235671 1.218976515481448 0.641663889662544 1.1810119988249448 0.4602251974665914 1.0080725536069592 1.0377284651294858 1.491483498437377 1.9175937404799044 1.3246791205729134 0.9525214455103772 1.8090957951261248 0.7861453981440774 1.9688602434831382 1.4782345770764536 1.8600807030442674 1.9797468383896777 1.5080772207133815 0.7958100312721699 0.6827506761896492 0.38463006557694096 0.5337278452724711 0.5589868949444039 1.2430801728398377 0.6621092359634916 0.7946013376102556 0.34607589387633764 1.4868730771333176 0.7210549338624969 1.1318800031188547 0.5882029642793689 0.86714814418407 0.8171726548163143 0.4828931622931587 1.7026488288541202 0.6983253717491853 0.9966715073875342 1.993595656782738 1.9636718515432037 0.810270590170381 1.4569373117662028 1.5329871202463465 0.23964594966205652 0.7496329506878794 1.7374187569169237 1.5599905455310685 0.21251585212869548 1.5177985800347373
0.012587087275658715 0.07445063185910705 0.6440953786365408 0.26886690222869347
0.2679841468862566 0.17228479246171424 0.03547345108494249 0.5242576095670867
0.5508692600120542 0.4015038620920136 0.04392663175034284 0.003700246145589392
0.04083970868276243 0.06571407126888051 0.4611425042261952 0.43230371582216187
0.07911471629365008 0.00394740881952349 0.16198685481159303 0.7549510200752334
0.1280354609557326 0.027659250255943624 0.507327036541843 0.3369782522464808
0.046382649360062866 0.5561188483005278 0.3221874051945507 0.07531109714485862
0.4507028389280475 0.025428605034217733 0.10843799592798853 0.4154305601097462
0.06088365894147585 0.0703034807633145 0.8323695636887566 0.03644329660645307
0.10761803630353017 0.5772601072455151 0.05636114321672725 0.25876071323422745
0.24020753159952857 0.2994534074834865 0.2934531072030754 0.16688595371390957
0.19620813298795314 0.009829093284765555 0.45886722102835953 0.3350955526989218
0.2311786930000368 0.3648489578981149 0.056563305668542285 0.34740904343330603
0.12025308283921476 0.016054342075565997 0.43019997290556067 0.43349260217965857
0.35336875330845785 0.17005450248097187 0.4155593651821209 0.06101737902844939
0.19120558591544756 0.35924016764733013 0.31857071558475536 0.13098353085246695
0.37476450509214587 0.14742641434974812 0.03219314927987138 0.4456159312782346
0.013771296965146451 0.01930812796223358 0.06375022512103046 0.9031703499515895
0.03396623305970381 0.2477237566315671 0.3842141615630229 0.3340958487457062
0.05492911316164384 0.15072358097945737 0.20343572869041582 0.590911577168483
0.1572468608134957 0.1531816964982491 0.1741302946011506 0.5154411480871046
0.021855390558579102 0.21819471639443 0.4626024818664122 0.2973474111805787
0.275112466058165 0.03168397562856551 0.25890383364289327 0.43429972467037625
0.14311675236917587 0.5668991973459792 0.11614131782724768 0.1738427324575973
0.1424474695602158 0.1472888362041156 0.6439478058170135 0.0663158884186551
0.3113298040445146 0.09472091742868127 0.32871613723256865 0.2652331412942355
0.326663139496699 0.3371501076542698 0.27854830874162007 0.057638444107411146
0.0568759414468496 0.02187617891415028 0.6969321243252372 0.2243157553137629
0.08158497261509834 0.4358972164737914 0.4579571285871783 0.024560682323931937
0.19899905504246795 0.3054794393149409 0.040145082383369446 0.4553764232592217
0.057488754154399246 0.4626191299221569 0.10558770671990791 0.3743044092035359
0.15282326021343928 0.31914703663567645 0.4289711592887301 0.09905854386215418
0.09003658115021806 0.002971784857643489 0.7321422923442588 0.17484934164787969
0.24548830091036544 0.2638201239613507 0.48479403396702636 0.0058975411612575135
0.46788556404129633 0.41280615363853124 0.03757051881620688 0.08173776350396555
0.3937274466671079 0.2269877197921969 0.07051756691872912 0.3087672666219661
0.1269951527433325 0.02031000224843471 0.6204572450712875 0.23223759993694526
0.11742545307001029 0.030225134195348557 0.5899700597111905 0.2623793530234506
0.18671611014629186 0.004617378275304618 0.24797664040254241 0.5606898711758611
0.09817580934987169 0.6236698198563704 0.10784720560765337 0.17030716518610456
0.10732517698719712 0.29769398888122156 0.12522728171581643 0.4697535524157649
0.31109749693273414 0.6209017068373264 0.020099944891608157 0.04790085133833133
0.20264494012866607 0.06227715683542512 0.5584563730992411 0.1766215299366677
0.05082383007423641 0.06701850248178043 0.6912488610783996 0.1909088063655836
0.35801458303280087 0.28272022757341675 0.026480457358355247 0.33278473203542713
0.12245281684624365 0.5143429607337938 0.02810281553268723 0.3351014068872753
0.052230696979732594 0.395954948244191 0.43156302532570323 0.1202513294503732
0.5381848431520091 0.1799112069348271 0.1950071772073989 0.0868967727057649
0.20070203804045006 0.15190540968936117 0.4397812848693088 0.20761126740087998
0.1860692246737765 0.45759785801684316 0.00040878183359516207 0.35592413547578516
0.31599432412300743 0.321150724010994 0.333434525913226 0.02942042595277261
0.002825259216171716 0.049979762027353325 0.9193712909210366 0.027823687835438315
0.16939803345800364 0.46014962168529416 0.31157812968988896 0.05887421516681324
0.10546778551198066 0.031254770331027526 0.13331357232738306 0.7299638718296088
0.31434863781131905 0.15539393745595476 0.260281628489329 0.2699757962433972
0.3172250770473307 0.44236216336231216 0.16399361113221456 0.07641914845814257
0.21922293521507674 0.33970189424080455 0.21354096586469828 0.22753420467942043
0.25315842127787447 0.093434656765358 0.35525319097743113 0.2981537309793364
0.09719294514243648 0.05024974774782898 0.47488452110429735 0.3776727860054372
0.3727724336233551 0.34335037796666923 0.08635582383448792 0.19752136457548775
0.17528303618890018 0.07872552368078478 0.18107618864618635 0.5649152514841287
0.13659101826204145 0.15674040384131493 0.44200627431271966 0.26466230358392395
0.21143189261989315 0.1928250791258329 0.25724685829852545 0.3384961699557485
0.6484160659009385 0.2952888126634693 0.0006760907064322641 0.05561903072915997
0.26223838128130816 0.02949941650465515 0.551003012382977 0.1572591898310597
0.21560899090434793 0.007826178003832118 0.3527707692990515 0.42379406179276846
0.45222129136975997 0.08423231151639743 0.22736361767450108 0.23618277943934152
0.41124048721712325 0.1333734023714831 0.15590114858895987 0.2994849618224338
0.2834035990697805 0.543062857958398 0.0488210997003502 0.12471244327147124
0.18197375163870444 0.050475414459205004 0.23177558845612334 0.5357752454459672
0.0724902984689032 0.10355364373416653 0.18176168719111307 0.6421943706058172
0.028499595505352193 0.37202545089599437 0.13709550625043176 0.4623794473482217
0.03189516307948903 0.02817924794715887 0.2352370652182142 0.7046885237551379
0.5261995891303202 0.1952136045860351 0.15864454252325777 0.11994226376038697
0.3881560678577767 0.026515129701108475 0.5681317062784694 0.01719709616264542
0.7327152058753169 0.1062973403058165 0.12312517868980277 0.037862275129063816
0.36031207845752744 0.0685253884868654 0.08417211364647159 0.48699041940913557
0.39678352911925874 0.25508382978143107 0.04665992890917947 0.3014727121901307
0.6230507902367945 0.30794626563418304 0.06469860306166642 0.004304341067355999
0.19423401528386508 0.356967410182622 0.39819803875338844 0.05060053578012447
0.5432477922633729 0.31799952908375884 0.12164569302527883 0.01710698562758939
0.14510773611335337 0.5051608152318843 0.2563996963266809 0.09333175232808144
0.054656501059579976 0.5947188938917364 0.20239947566699767 0.14822512938168597
0.5608008002916177 0.007211357194338408 0.1900060221948665 0.24198182031917737
0.1910931457078946 0.15319145884486207 0.5029981780975205 0.15271721734972288
0.5896496962963854 0.2267265985153475 0.07063088302904108 0.11299282215922601
0.0704901271704601 0.4344373571754404 0.17427849083130376 0.32079402482279573
0.37297702292394386 0.4488055001298531 0.04910575232225989 0.12911172462394316
0.2989928491046381 0.18836153172447134 0.20726587180188194 0.30537974736900864
0.014567147037248929 0.4681328936034972 0.2019972887643705 0.31530267059488337
0.1706580159948633 0.24004721149788033 0.1114559551753499 0.4778388173319065
0.534875016836107 0.10250481393096955 0.09439415838876686 0.26822601084415654
0.2634671141261997 0.0911634691175861 0.25156749117269417 0.39380192558352
0.08936362090724081 0.04835845936532768 0.15335131265836388 0.7089266070690676
0.02762125272685878 0.004484594481940829 0.9151623277360891 0.052731825055111314
0.057881655550596656 0.5822354036366773 0.23096055865201814 0.12892238216070795
0.09570134171816158 0.35771794691468395 0.1552955768999118 0.39128513446724267
0.19051780761455916 0.43454159132109793 0.0012216769921510329 0.37371892407219187
0.7158807027179176 0.037047387866921744 0.11421109042076616 0.1328608189943945
0.17382164845695625 0.1403977097380008 0.41607516161550817 0.2697054801895348
0.49336668191787825 0.013065980859138793 0.25005869644859846 0.2435086407743845
0.2702022491210512 0.32739479214833456 0.24570071008949523 0.15670224864111904
0.07342838786529449 0.02818607863774525 0.7946817538354568 0.10370377966150346
0.04251117602290022 0.6287149422804837 0.25564861017653484 0.07312527152008119
0.312090617589995 0.5206966079361697 0.003926891318327241 0.16328588315550807
0.13137702267776774 0.3137650329338254 0.2125123387945146 0.34234560559389227
0.27502215770815164 0.23899318396943758 0.3782875913832352 0.10769706693917558
0.45862031584874086 0.10072550618546883 0.2614370420102283 0.179217135955562
0.07125062223438405 0.39722172072455764 0.05708993523178352 0.4744377218092748
0.15970803650914034 0.4780689664718416 0.0382868772136854 0.32393611980533266
0.21117673804818549 0.05897855004258534 0.23785149970767627 0.4919932122015529
0.361946647939125 0.09841158045629261 0.20650862902703226 0.3331331425775501
0.29635405195772324 0.07009028771589232 0.37493153724950823 0.2586241230768762
0.4295740713347551 0.10117523075732804 0.20416727943339896 0.2650834184745179
0.679568533506441 0.03367624789030477 0.25168763667693284 0.03506758192632142
0.24837349621760751 0.4547919589809216 0.09540191249783658 0.20143263230363428
0.3480961089656458 0.1813016701926231 0.4290341274810857 0.041568093360645375
0.08915158377997712 0.1630702500720118 0.5410064623663253 0.20677170378168575
0.19375599792133047 0.06044445009610799 0.6165574981585001 0.1292420538240614
0.024268774391031145 0.3986781695545897 0.44893861487730213 0.12811444117707704
