79 70 4 201.24217339940074 402.48434679880154
5.50601313706343 5.212606833533036 5.507042730780091 2.3426034890689733 8.382501422374734 3.892276284486741 8.01256597396672 8.335722770913005 1.1332204955323666 3.048217555293667 7.405584178746709 8.390016059498263 8.139929280771616 5.456943870382062 6.045172258930392 5.634376929824458 3.583119958604634 2.6928081757475986 4.069050721652306 3.396784011212003 2.8252793744648788 4.669008166538601 5.691201021436838 1.076075832415908 9.6682991792954 8.744268506591222 8.110223359784701 7.76929390799231 9.452641248078224 9.85801130999369 1.7656240381158055 5.793816813544424 7.8026669063957925 3.79304159364278 7.225917342697392 2.75817249906009 8.687810215855972 4.942790058753599 6.711225798739498 3.511355947115015 7.076785239756575 4.454948122285608 2.915229104337179 2.5209362318167248 4.977830139888203 9.317206657342963 8.115226042142783 3.8999306226795154 1.0412613120418917 7.194038524156913 6.798509056162972 4.600414774777461 1.0381828017152293 6.176580913871884 3.0141186051678996 8.706178078262672 8.18672078436099 7.596163830391137 8.957420084175364 6.076879347654854 6.898322562820749 1.5391890815644125 8.244839421741545 8.068088671718371 9.608085182301974 5.265667997147169 7.539986764272385 7.119852614015797 7.015434656591372 1.4770403147439786
1.101202627412686 1.0425213667066073 1.1014085461560181 0.4685206978137947 1.6765002844749468 0.7784552568973482 1.6025131947933438 1.667144554182601 0.22664409910647332 0.6096435110587334 1.4811168357493418 1.6780032118996526 1.6279858561543232 1.0913887740764125 1.2090344517860783 1.1268753859648917 0.7166239917209267 0.5385616351495197 0.8138101443304612 0.6793568022424006 0.5650558748929757 0.9338016333077203 1.1382402042873676 0.21521516648318162 1.9336598358590797 1.7488537013182444 1.6220446719569401 1.553858781598462 1.8905282496156448 1.9716022619987381 0.3531248076231611 1.158763362708885 1.5605333812791584 0.7586083187285559 1.4451834685394784 0.5516344998120181 1.7375620431711944 0.9885580117507198 1.3422451597478997 0.7022711894230029 1.415357047951315 0.8909896244571216 0.5830458208674358 0.504187246363345 0.9955660279776406 1.8634413314685925 1.6230452084285567 0.7799861245359031 0.20825226240837832 1.4388077048313828 1.3597018112325945 0.9200829549554921 0.20763656034304584 1.2353161827743768 0.60282372103358 1.7412356156525344 1.637344156872198 1.5192327660782274 1.791484016835073 1.2153758695309709 1.3796645125641498 0.3078378163128825 1.648967884348309 1.6136177343436742 1.9216170364603946 1.0531335994294337 1.507997352854477 1.4239705228031594 1.4030869313182746 0.29540806294879574
0.6087534493280077 0.3189407153269488 0.009130245333892506 0.06317559001115103
0.5403370323274739 0.114041803803823 0.1872692672439643 0.1583518966247388
0.24736209870064818 0.23228346905875819 0.33376940736712646 0.18658502487346718
0.47618762520078517 0.022655292117425008 0.13882844552728402 0.3623286371545058
0.027090013154109416 0.6834025225153928 0.039503275552825734 0.25000418877767205
0.38565820044484844 0.4112067090799326 0.1495294247465505 0.05360566572866843
0.6003756470899198 0.029271025482336177 0.3472927886353804 0.023060538792363694
0.26327021375988213 0.2010833995315513 0.06030339217075609 0.4753429945378105
0.1367780215464478 0.11144214029933242 0.23853526727601837 0.5132445708782014
0.6667857955619569 0.12876042495506212 0.007437498529625941 0.197016280953355
0.19657789999122866 0.19456786144824978 0.21997218133938978 0.3888820572211318
0.05340391742297246 0.2179083649186383 0.34501181064188924 0.3836759070165
0.7474136245825465 0.1839766909213041 0.05548776929007615 0.013121915206073309
0.1616830749516981 0.7921691854387494 0.021871584188956072 0.024276155420596468
0.1268346651574107 0.4634980740341328 0.0775493139278709 0.3321179468805856
0.23446692924543133 0.06223604799632254 0.3870197317533016 0.3162772910049445
0.5915722159174703 0.06365337109039515 0.09000680210512202 0.2547676108870125
0.004246322971503513 0.4346007528575184 0.05280187831790761 0.5083510458530704
0.023216521283324187 0.3353612184757677 0.3638349658398803 0.2775872944010278
0.07660983211459149 0.019397093933560483 0.4628110898181138 0.4411819841337342
0.17379345707102412 0.6045986298498266 0.17600522977275468 0.04560268330639461
0.3579352251456638 0.06399640274473584 0.1586074963174784 0.419460875792122
0.28957238458032764 0.31028007274167013 0.008910626684889844 0.3912369159931124
0.31884352739475097 0.011656042175220427 0.048923007736659585 0.620577422693369
0.12145959687889163 0.03620637161081397 0.44836420387996123 0.39396982763033317
0.08273657833595627 0.24682627011443659 0.5323928650573736 0.13804428649223355
0.0807242814157112 0.09438395648483533 0.4513819703706584 0.37350979172879506
0.05269827999166876 0.23300018880222706 0.26939396534519966 0.4449075658609045
0.5059386196500016 0.13234333955537858 0.16262997253896683 0.19908806825565295
0.24495194141899979 0.18667740396878296 0.023531674444448036 0.5448389801677692
0.26856231973316047 0.30170773166185527 0.08677254592184724 0.342957402683137
0.10488563901390746 0.5886323630378738 0.06189379478795454 0.2445882031602642
0.4175882756613031 0.4735945922098346 0.10544786780781656 0.003369264321045784
0.7244679455159456 0.08970454105225434 0.17193091363952762 0.013896599792272424
0.07285936339629384 0.03365498563859837 0.249434463691537 0.6440511872735708
0.12715094729102916 0.08374802313261798 0.5372076232122612 0.25189340636409163
0.17698524014420858 0.28543452136785996 0.35314203896761875 0.1844381995203127
0.05569518834210452 0.927401243797998 0.0010945599743519274 0.015809007885545512
0.12729916033267152 0.21497666499766122 0.6258082901132371 0.03191588455643013
0.4726313183137123 0.15077964854583492 0.31338875940687294 0.06320027373357984
0.03496540564767481 0.9112986801395578 0.0381760640885177 0.015559850124249652
0.01801824626900661 0.6766878071998519 0.19412765415020294 0.11116629238093856
0.41322592764361454 0.47252697820593514 0.0470340014399806 0.06721309271046971
0.5770627905786126 0.11411198775144349 0.09252679171941403 0.21629842995052984
0.03778530992144369 0.01291514479100031 0.008491599733223998 0.940807945554332
0.3838550959912862 0.14987747494383385 0.27992467696595 0.18634275209892992
0.17603767863348485 0.13654600929189453 0.3019584087754148 0.3854579032992058
0.007510002465926258 0.0289778752140063 0.7835097751739974 0.18000234714607
0.12601226509870578 0.19834695049912998 0.28410185359713325 0.391538930805031
0.0283763037310526 0.6620005079113256 0.08257371314238582 0.227049475215236
0.3351439649524093 0.026368072095555695 0.16949494666001852 0.4689930162920165
0.308711748798118 0.25984728373951727 0.17485225795070036 0.25658870951166435
0.023805901633305537 0.011684462907677884 0.19437449516088834 0.7701351402981282
0.28294213889849873 0.017538249171653253 0.36212965645156914 0.3373899554782789
0.05386537960815463 0.08997638539717834 0.4864440575356419 0.36971417745902513
0.09602014095769607 0.2901687415423393 0.26708832819303296 0.3467227893069317
0.2021161597099589 0.3954608895018178 0.050893343055265716 0.3515296077329576
0.37762727321444 0.28709983411854056 0.05070809230469475 0.2845648003623247
0.494282587218309 0.1383527705920372 0.18764378405937454 0.17972085813027927
0.09815122648335028 0.08799705494963617 0.349959783378445 0.4638919351885685
0.7160647089603519 0.09056702928566451 0.18441507558472792 0.008953186169255667
0.06131898792383139 0.7069652679959141 0.20997265211924154 0.021743091961012984
0.23022228439587855 0.17472379821267436 0.3096325222418085 0.2854213951496386
0.7570747287042547 0.13185078997807664 0.051549365466634245 0.05952511585103437
0.024410116219587108 0.2497306111248193 0.4548545439207279 0.2710047287348657
0.026185449375231262 0.33433321187893483 0.4684343360972636 0.1710470026485703
0.031992319111774026 0.35221904810084426 0.2579859669146035 0.3578026658727782
0.03849147117640128 0.3511080030865916 0.5644274438082001 0.045973081928807
0.10305180721768681 0.32219128577753775 0.5499804424449535 0.024776464559821965
0.1653112305661577 0.3024118115896569 0.14960050407460068 0.3826764537695847
0.008847423462379878 0.206384443300476 0.1185034051892846 0.6662647280478595
0.2743611576685989 0.22361209103164525 0.26817416238613057 0.23385258891362526
0.650012508339515 0.046639165100000324 0.015399903930741754 0.28794842262974296
0.0050347147725186 0.18770677213068965 0.7072441274938865 0.10001438560290521
0.2889454585399115 0.07081916886397921 0.25780742054810835 0.38242795204800095
0.23948181033097693 0.29835906975886406 0.08304133515639689 0.3791177847537621
0.2875122348946346 0.3617227753324165 0.04344669610623908 0.3073182936667098
0.35554362438410736 0.13797878623191118 0.3473017499240162 0.15917583945996527
0.4526074983243302 0.37470684490801165 0.08690754981591753 0.0857781069517406
0.4416290443012363 0.08747526168794073 0.0059656062998210135 0.46493008771100197
0.11850007757560665 0.01674491943221068 0.6765161774655525 0.18823882552663018
0.11425567547659077 0.739626271767719 0.13284150736558897 0.013276545390101258
0.2487050121468959 0.14419423439747514 0.5166259717423602 0.09047478171326873
0.012571086788825014 0.4989463979562747 0.25269730508761234 0.23578521016728793
0.169283292879843 0.505956672428887 0.17650094773048353 0.1482590869607865
0.11031342465761262 0.7592709652414215 0.009454449537578569 0.12096116056338735
0.18298563174880977 0.04929687696292895 0.061930997120490994 0.7057864941677703
0.07452359903187544 0.12377804033741002 0.31532120289546783 0.4863771577352467
0.0045338324277328645 0.005665251025614215 0.14336830670664114 0.8464326098400118
0.08252325109891745 0.7491730100821474 0.06649198371728393 0.10181175510165119
0.06515623239998403 0.37328436725125536 0.10792408016320476 0.45363532018555586
0.22822800330603465 0.0016145705201179306 0.24070466561819537 0.529452760555652
0.28934208685826557 0.07282534781239947 0.05190944138031395 0.585923123949021
0.08780557851180693 0.10225932773709978 0.02297422295906737 0.7869608707920259
0.08013150444333594 0.024813277719372362 0.10023781628758244 0.7948174015497093
0.40708534050724865 0.0891106303296142 0.16845102253668276 0.3353530066264544
0.3201156731029494 0.19158767826475365 0.21165477908747965 0.2766418695448173
0.035501686448348724 0.5862631045538628 0.21245470504176023 0.16578050395602828
0.5200227952939617 0.04925605632956742 0.3838939960088298 0.04682715236764112
0.12811904377674954 0.10099329041759586 0.5982008283898897 0.17268683741576485
0.16700832532351984 0.32893772613965744 0.2064039647231931 0.2976499838136296
0.5825505114844692 0.051471921002796184 0.1257452378172471 0.24023232969548747
0.32812523844097385 0.11871437632201365 0.5004105810249554 0.052749804212057105
0.010680710117258352 0.17103502305618912 0.7865838520560051 0.031700414770547414
0.4077828625564086 0.35444553662028233 0.16091765081785436 0.0768539500054547
0.09862887807653686 0.12837808962753183 0.4398243376124843 0.333168694683447
0.16784150846195822 0.04297631765507681 0.5911985143204389 0.19798365956252606
0.38870743256301366 0.01965909701531121 0.15681588214025655 0.4348175882814186
0.06844807589104462 0.457092717478762 0.17668431017684327 0.2977748964533501
0.024085603045624016 0.003586220815398944 0.7822974484737056 0.1900307276652714
0.3542747306080446 0.20227103793967993 0.06672629538152264 0.37672793607075283
0.11735268685550837 0.5950124713159726 0.18548012610878795 0.10215471571973112
0.026014396000637596 0.20178252013075626 0.671083382408674 0.1011197014599321
0.25038025932770425 0.0728977624776862 0.41031808136793047 0.2664038968266791
0.17232116898927197 0.040801700012090825 0.49951015385103126 0.28736697714760595
0.0321120458069476 0.1393621129337499 0.14132193433564588 0.6872039069236566
0.5513249412913453 0.20959498828966305 0.08569055236894896 0.15338951805004264
0.056597609335735766 0.7185515858326638 0.19773524084100869 0.027115563990591784
0.42773446141741034 0.5001562318595776 0.06983381383865483 0.002275492884357244
0.15563865196901183 0.43150963514156093 0.04800815287287008 0.36484356001655716
0.05480084726124823 0.2249610342937447 0.11139041171183983 0.6088477067331672
0.6609615934136249 0.06465343718571892 0.029208810319976908 0.24517615908067925
0.30088503189104554 0.137269971227443 0.09889994953436398 0.4629450473471475
0.001091400317406288 0.43535057259514587 0.15437507115695182 0.40918295593049603
0.14588772153666796 0.14151648326207256 0.34955142927159244 0.36304436592966705
0.2935660996027851 0.011239833090705531 0.16441549916718612 0.5307785681393232
0.1349108495029281 0.006870891612065666 0.8200627002140022 0.038155558671004064
0.024714619166815943 0.06495835258885563 0.2205286941870932 0.6897983340572352
0.4047568865734703 0.15978092166895186 0.15782862825370925 0.2776335635038686
0.26145147124192036 0.36977071427930563 0.15820782737427774 0.21056998710449626
0.017249033680479697 0.16974798104676503 0.20032733516779866 0.6126756501049566
0.029065392406735113 0.694585973506036 0.19382895309776338 0.0825196809894655
0.20486721008732067 0.36442610571378786 0.3651567277294636 0.06554995646942785
0.12822910036197188 0.5167948107095566 0.19625452738755345 0.1587215615409181
0.3342028679426785 0.06867905736479774 0.5897700695241164 0.00734800516840739
0.1365738175528035 0.5177381817584409 0.08650986435737151 0.2591781363313841
0.36264006467763454 0.08578080245932673 0.18881397511153164 0.3627651577515071
0.1654229530695085 0.6259744089200974 0.16408777571462718 0.044514862295766955
0.152570017295937 0.2206868033925613 0.025104194250559764 0.6016389850609419
0.5675918602617855 0.055908186482013345 0.19809472476069168 0.17840522849550944
