96 100 4 275.6345125828958 551.2690251657916
2.93218200115144 9.185521342074972 8.355118358471112 9.134924272615967 7.361913429769851 2.0626858120679605 1.831607335680888 6.057765984814115 6.142707686675583 1.3506126811717944 3.9389271912439794 3.6173636559920155 5.595068596190384 3.7346213452388306 3.7336958635434563 2.288549456045356 1.3269702566767276 4.593118041940829 7.721578294143155 8.694709729852784 6.892124142933159 9.696610395600906 6.79289794677858 7.6984045438765225 8.488023225404074 1.0536225147505185 5.8002190563311515 9.287448154648803 2.6495547975799534 9.88253363976123 5.226328787049672 6.006316715909251 3.2601700185850433 4.925460170838183 8.426269734417922 6.732887371353441 8.407059360481737 3.5502952857321928 5.056563872506285 2.573669961261884 1.4049639976622812 6.995101816901467 3.9374855727990847 3.3321119658619804 7.7302051179333 7.262498258807671 9.692809933398346 4.014134692034103 9.004004828096134 4.849889093674186 9.394053181012785 7.9159603210984635 2.9448513184903162 8.745102143079908 8.713978737742526 9.996386718810282 3.714976382135986 3.4922779376675654 4.052296381295472 3.016748486684198 3.74602779500594 7.420825428677421 6.638638687640745 3.198411970616125 2.7393381499289964 9.9116078572347 4.31265969990772 2.6294217996281897 3.2669674993612654 8.593550475608833 4.867261097397231 7.651711636241021 2.2852192372152422 7.821688913051413 8.329721467688035 3.784735692841936 1.3991050095808637 1.2237400774522076 4.195475082013697 9.207812015134364 2.0012587699715 7.773658208737907 7.026618445506182 5.94800679176802 3.1889768747318628 3.347126697264219 9.537995551918748 1.6414710696232497 3.3852269988545665 1.9314151946314366 3.9840460968249687 4.268786928545769 3.3853488240617517 8.84270143766787 8.471329708723658 9.81569782108387 5.916864847554538 5.95212896539311 2.0165853268055516 7.333923097549292
0.586436400230288 1.8371042684149945 1.6710236716942224 1.8269848545231935 1.4723826859539701 0.4125371624135921 0.3663214671361776 1.211553196962823 1.2285415373351165 0.2701225362343589 0.7877854382487959 0.723472731198403 1.1190137192380767 0.7469242690477661 0.7467391727086913 0.4577098912090712 0.26539405133534555 0.9186236083881658 1.544315658828631 1.7389419459705568 1.3784248285866316 1.9393220791201813 1.358579589355716 1.5396809087753045 1.6976046450808149 0.2107245029501037 1.1600438112662304 1.8574896309297606 0.5299109595159907 1.976506727952246 1.0452657574099344 1.2012633431818502 0.6520340037170087 0.9850920341676366 1.6852539468835843 1.3465774742706882 1.6814118720963473 0.7100590571464386 1.011312774501257 0.5147339922523768 0.28099279953245626 1.3990203633802936 0.787497114559817 0.666422393172396 1.54604102358666 1.4524996517615343 1.938561986679669 0.8028269384068206 1.8008009656192268 0.9699778187348371 1.878810636202557 1.5831920642196926 0.5889702636980633 1.7490204286159816 1.7427957475485052 1.9992773437620563 0.7429952764271972 0.6984555875335131 0.8104592762590943 0.6033496973368396 0.749205559001188 1.4841650857354842 1.3277277375281489 0.639682394123225 0.5478676299857993 1.9823215714469398 0.8625319399815441 0.525884359925638 0.653393499872253 1.7187100951217666 0.9734522194794462 1.5303423272482042 0.45704384744304843 1.5643377826102827 1.665944293537607 0.7569471385683871 0.27982100191617276 0.2447480154904415 0.8390950164027394 1.8415624030268727 0.40025175399429996 1.5547316417475814 1.4053236891012364 1.189601358353604 0.6377953749463725 0.6694253394528438 1.9075991103837495 0.32829421392464997 0.6770453997709133 0.38628303892628735 0.7968092193649937 0.8537573857091537 0.6770697648123504 1.768540287533574 1.6942659417447317 1.963139564216774 1.1833729695109076 1.1904257930786222 0.40331706536111034 1.4667846195098584
0.385319992446691 0.4762667326866524 0.07195015739505373 0.06646311747160283
0.2098680648214234 0.1873284941814367 0.5673615557540799 0.03544188524306002
0.27427047103103575 0.17153389850938783 0.14448811876548762 0.4097075116940888
0.38473060452926533 0.019050966721692486 0.0002120719535579907 0.5960063567954842
0.5574811796245457 0.10289945863668437 0.07225982245871987 0.2673595392800501
0.06819271606573463 0.08436615256602531 0.7422195053234961 0.10522162604474394
0.020324746699501905 0.3195626238034256 0.021297936377652538 0.63881469311942
0.3189667498185973 0.0292123326653132 0.5646304381443329 0.08719047937175661
0.16043195377733488 0.31018882859179897 0.14798928715386062 0.38138993047700553
0.507377448912923 0.3063989572752155 0.17836304191619567 0.007860551895665813
0.4631533817834457 0.28093691725123004 0.0215267426845982 0.23438295828072608
0.6513807615136057 0.24913012905911203 0.022911335666450983 0.0765777737608313
0.20888350832786484 0.34615186343697324 0.33426232100445374 0.11070230723070817
0.135132651490679 0.5468110087724177 0.22773236428717003 0.09032397544973325
0.3146947974519465 0.29331714613877025 0.1519543784816535 0.24003367792762975
0.04421946835703583 0.3959781884929944 0.45955977131264814 0.10024257183732166
0.5886222292785327 0.1088871283589774 0.2934917609750086 0.008998881387481283
0.3665214819635554 0.19854576975818516 0.23184447503540362 0.20308827324285583
0.02403961534949417 0.06386273642842477 0.17362034341178956 0.7384773048102915
0.07140600231236949 0.8039640749378211 0.015014127525416865 0.10961579522439258
0.19881306271861854 0.16369449202308295 0.19240286014963426 0.44508958510866425
0.5029081656310865 0.033969336316921894 0.17036580603903784 0.29275669201295373
0.15824074880100414 0.28858411240666626 0.14656254957199655 0.40661258922033305
0.29804039713136055 0.5629536522535992 0.06638177096923059 0.0726241796458097
0.4281637337230376 0.19878000186609024 0.3058574502303336 0.06719881418053852
0.09100899188031153 0.13158269164369252 0.17106147272000394 0.606346843755992
0.611866035707753 0.16735449632241806 0.2026187405930665 0.018160727376762442
0.4653089492842305 0.341363179092806 0.13287678978460693 0.06045108183835657
0.2352933863896256 0.2424561334256362 0.23443281166164553 0.28781766852309265
0.4921776289679466 0.1621645719882332 0.11883331955926202 0.2268244794845582
0.2729630458336658 0.2490148219561381 0.20214502041467597 0.2758771117955201
0.37969008380953806 0.13935509863103512 0.47332602208054975 0.007628795478877071
0.5157097292519193 0.23742397955483163 0.1213460427649764 0.1255202484282727
0.5334414403257667 0.23064492309837636 0.1626567704108285 0.07325686616502847
0.721223672425767 0.10058341842650531 0.08456121113186144 0.09363169801586624
0.2863312042803666 0.19486797328914285 0.08281176213716812 0.4359890602933224
0.1382907855516058 0.30151861674530356 0.13155365119753737 0.4286369465055533
0.2959588442569693 0.3971423866231729 0.1261947232927907 0.18070404582706712
0.45805597802312115 0.04094441253563197 0.474628549803927 0.026371059637319894
0.07830376268944206 0.2519744776015761 0.024355618989517547 0.6453661407194643
0.3036836250669175 0.4199707920678568 0.192609759200149 0.0837358236650767
0.1263601184656865 0.7938118466186488 0.0696662982704408 0.010161736645223907
0.4777393050332287 0.39415198705682464 0.028396074098049118 0.09971263381189754
0.5760702967828186 0.08582612593697203 0.1046508872155828 0.23345269006462654
0.020942747946502083 0.0163168910121394 0.3959277832354957 0.5668125778058628
0.7697853266763823 0.07361056173010005 0.004234354374356375 0.15236975721916124
0.013885834143823494 0.04632241332334608 0.7199769504855776 0.2198148020472528
0.5697203491098253 0.27021073185240707 0.0659668446713424 0.09410207436642526
0.03862716787421794 0.016728607616974367 0.07359184199507895 0.8710523825137287
0.08435377549414524 0.6757114035191727 0.09249039263486725 0.14744442835181482
0.1619294839640606 0.19900957063540714 0.2843651876624338 0.35469575773809847
0.23057529286412448 0.30132666359972493 0.45473425636424425 0.013363787171906338
0.22866969198026543 0.03473271628936858 0.421614910397588 0.31498268133277796
0.1987300478706252 0.07259713140295798 0.706745329310284 0.021927491416132816
0.5205181745304021 0.3976710620552183 0.026996848837793186 0.054813914576586464
0.019771807527227403 0.6419771055484563 0.23671225467105528 0.10153883225326099
0.2715969510803672 0.03848822776158123 0.36772022056926756 0.322194600588784
0.1817406140074309 0.19687916907591496 0.5509049861235064 0.07047523079314777
0.1297634141917815 0.17866254401715354 0.24074370268240175 0.4508303391086632
0.038882393175593166 0.08885789440105618 0.8351747872072058 0.037084925216144815
0.05332103268822275 0.353254954778522 0.20743416368230427 0.385989848850951
0.025800845562413022 0.27579297612464826 0.054626269990541876 0.6437799083223968
0.06040141863316928 0.16637468642261588 0.4317335069445336 0.34149038799968123
0.3100836856521979 0.17480897987778754 0.14904447348988425 0.3660628609801303
0.21276332237810902 0.2614417081576913 0.27008743353335074 0.25570753593084894
0.23425107016222768 0.38921893758005777 0.17175803392735478 0.20477195833035977
0.42933714324020467 0.0020786749522136994 0.4022790308470091 0.16630515096057252
0.10809011295647208 0.15712735033704406 0.5312325376498548 0.20354999905662907
0.04144960410979326 0.7110272167445804 0.10734612947170752 0.14017704967391886
0.09162778484422762 0.3304721510918146 0.1907546707701887 0.38714539329376907
0.39239134120239727 0.3674433373691728 0.021201297217930848 0.2189640242104991
0.23571544811699963 0.34273717932348646 0.3587098572156755 0.06283751534383841
0.4293457061707532 0.23870586126648907 0.1040003183284135 0.22794811423434425
0.3570135230877737 0.16551150854866925 0.45944127596368534 0.018033692399871737
0.5375973841882453 0.045842466083306666 0.33661397358706313 0.07994617614138488
0.35905866474855863 0.12447236680182927 0.48059785684960876 0.035871111600003336
0.45599469788927793 0.06626425786963941 0.14631660672989555 0.3314244375111871
0.24367074630496122 0.36105127370865575 0.19967136693331222 0.1956066130530708
0.02526258056038999 0.6181108742903204 0.3424313004790178 0.014195244670271778
0.012228384748473209 0.48369093062235347 0.45504906480276974 0.04903161982640358
0.15921516339770003 0.5584629802772358 0.23442291270585158 0.04789894361921254
0.07334699553662338 0.566406099269981 0.2581891814758781 0.10205772371751753
0.12999154609426222 0.2523061760002546 0.32482860612157394 0.2928736717839092
0.07153171522039525 0.4871822302532318 0.43071548875316834 0.010570565773204588
0.12324446494530195 0.12585612486526154 0.533269091841386 0.21763031834805047
0.1283949703613887 0.07102934578970244 0.4473171326899542 0.35325855115895466
0.5233359399121661 0.21694066294446768 0.13420192365515793 0.1255214734882083
0.23215567409818327 0.2516256337497983 0.2252546357131201 0.29096405643889833
0.1638010068543272 0.5420792496249917 0.09136924606323371 0.20275049745744744
0.23567250319296462 0.1446066580430545 0.2560522167052308 0.36366862205875006
0.4771424162474196 0.07321192731841908 0.3646541813741868 0.08499147505997451
0.05031520923758037 0.04256809265183936 0.3832517470453183 0.523864951065262
0.031347344470364025 0.7232809430079241 0.037858758956679894 0.20751295356503197
0.025897702697502023 0.4572073344021037 0.08134964159972924 0.43554532130066503
0.5377493117444613 0.33782758006294256 0.05509365385879916 0.069329454333797
0.06552236485186436 0.09862887396139675 0.4991743854344841 0.3366743757522548
0.5911945513365509 0.23004694249826285 0.08749397055465757 0.09126453561052872
0.2308928053268806 0.497319591725772 0.15473843002032583 0.11704917292702155
0.04902428126447478 0.6132916442105608 0.17813202733066325 0.15955204719430116
0.11075971796599404 0.2963317952424047 0.0942986702134706 0.49860981657813064
0.02474555396430922 0.21733467797694717 0.5910217302982993 0.16689803776044432
0.13101874275050418 0.06459285594777042 0.49425635845837657 0.31013204284334883
0.05770424960306242 0.20311161304617864 0.1420190469870859 0.597165090363673
0.11232874164862694 0.24601028824179827 0.40613476578321195 0.23552620432636284
0.3185302330702351 0.5443804772360435 0.11898894758668188 0.01810034210703948
0.40340525531258997 0.24005689985646006 0.15302618673342017 0.2035116580975298
0.13854428014052933 0.5556051369314368 0.0666560020657525 0.2391945808622814
0.21513978217331675 0.058626805463616316 0.3185060281862053 0.4077273841768616
0.45872536440511225 0.3410656130268638 0.11915980034731055 0.08104922222071342
0.0473419581208675 0.5240065544779191 0.14892615518498342 0.27972533221622997
0.415909534266651 0.3227389647599861 0.04779108665483667 0.21356041431852624
0.29685464701419206 0.2799828447172459 0.17747885087254234 0.24568365739601972
0.2325948061545564 0.25948486611803423 0.07390874972112149 0.43401157800628787
0.3138577957818869 0.2650506368781581 0.019846606689527757 0.40124496065042725
0.09293951957770286 0.002922910231898057 0.8645765509326908 0.039561019257708274
0.4575583451518088 0.32889042510351485 0.09599773407586143 0.1175534956688149
0.44162060928102564 0.1491797815291177 0.25530645092711257 0.15389315826274408
0.256904205641187 0.26177489872151094 0.1575747694972024 0.3237461261400997
0.15218768416781858 0.2189122141422145 0.07316171693491624 0.5557383847550507
0.00012342114702956763 0.6585864084298023 0.13988413929680077 0.20140603112636735
0.723316929199519 0.21370726533938822 0.03097517625227475 0.03200062920881808
0.07208595696723286 0.10574105151375424 0.42247669610480076 0.39969629541421214
0.060623593037815615 0.10257456060713366 0.6032328431414604 0.2335690032135903
0.07979883327625115 0.3932027243983268 0.40294664433737104 0.124051797988051
0.22569881308567497 0.2656916873277684 0.319617465193176 0.18899203439338064
0.38294515697753106 0.15124149653024488 0.05791125084872495 0.4079020956434991
0.178780131284749 0.23376418127972742 0.3596293596227288 0.22782632781279477
0.28200966773177516 0.2814688339571827 0.024160000732858844 0.4123614975781833
0.33833119593334926 0.2628300795956755 0.3007150266742711 0.09812369779670416
0.2086407742366907 0.34624748952151463 0.2715154516412057 0.17359628460058896
0.01856806866863503 0.662259142170077 0.1766944172915912 0.1424783718696968
0.053503454920096005 0.23388291645793613 0.03837484374619782 0.67423878487577
0.4555010333397457 0.1244148104731132 0.11965526667990023 0.3004288895072409
0.31502853547833676 0.5107817107837345 0.04793741782500982 0.12625233591291896
0.07645887823117914 0.0735347261052256 0.11297928264986501 0.7370271130137303
0.5363157909027143 0.08125906732303234 0.18886386137186384 0.1935612804023895
0.3740748512267944 0.21264038598993817 0.39176303839913973 0.021521724384127694
0.013322943520973185 0.4422249155048532 0.5425681663079457 0.0018839746662279167
0.21515728588831207 0.24775205549356594 0.3025945609352737 0.2344960976828483
0.15138062071202174 0.24955562147727517 0.38036850589937765 0.21869525191132544
0.009731744974039724 0.2389101114846861 0.09085325711242132 0.6605048864288529
0.1451777571954992 0.12520566358342988 0.19132907140035538 0.5382875078207155
0.3019009624688327 0.3762473018602144 0.2287585639939922 0.09309317167696074
0.18999575993150664 0.5386034540338313 0.036286078207793726 0.23511470782686839
0.4508320386644097 0.19237801286960476 0.34031859893779115 0.0164713495281944
0.20117503262849545 0.5238438093545507 0.20036354550687785 0.07461761251007604
0.36839424728471803 0.0205532561937396 0.007412415617541246 0.6036400809040011
0.3372650704256285 0.09952893728783285 0.029279281348353114 0.5339267109381856
0.03129116381313535 0.37640213541730094 0.1309128114317576 0.4613938893378061
0.008949666910182064 0.7453807611412969 0.008838950853246375 0.23683062109527464
0.6214726942020483 0.08259245308349639 0.22292339560904118 0.07301145710541412
0.6302809055313295 0.09697627050604829 0.10628689540198666 0.1664559285606355
0.06967619251877988 0.03958853111357752 0.6730137180839918 0.2177215582836508
0.008262024241372679 0.20052705183661457 0.18440277870227595 0.6068081452197368
0.15163943247535117 0.08887488767385832 0.7478985684388572 0.01158711141193336
0.061630850305960716 0.24671081290610541 0.41889343537382473 0.27276490141410914
0.07157434380755323 0.3403315054056937 0.1457818200815839 0.4423123307051692
0.12136200323807855 0.35403071848332957 0.5217266001591849 0.002880678119406954
0.06334823123504174 0.04822711083610043 0.17865008845044317 0.7097745694784147
0.04771007538343275 0.14152976649395477 0.6957700257841981 0.11499013233841437
0.20501625851734762 0.3370206792084409 0.22269380525948557 0.2352692570147259
0.15498477893480878 0.10278890756693693 0.6114439545234874 0.13078235897476687
0.3589427175876403 0.18517248391982488 0.1564432534016369 0.29944154509089793
0.414972381635626 0.2925896653688961 0.1855293529200226 0.10690860007545533
0.036375070616118665 0.08859376842305033 0.04955982684960303 0.825471334111228
0.14517001638494853 0.4465464278450505 0.10333172181418959 0.3049518339558114
0.3191842824902653 0.22177066902489995 0.2111612256149601 0.24788382286987465
0.14001243881767966 0.17265525882970256 0.12806969511135702 0.5592626072412608
0.07118412995579693 0.2365368054083039 0.33618928349874877 0.3560897811371504
0.3539657492482241 0.49864404673964013 0.00911392243651632 0.13827628157561944
0.16715309004729328 0.17502879584494335 0.42702980862364026 0.2307883054841231
0.20775248916071642 0.32116591500847425 0.23909767345262134 0.231983922378188
0.4884175176429669 0.039438418375594364 0.4473960685943146 0.024747995387124133
0.0336920625084125 0.19607635409719837 0.5060175295812803 0.2642140538131088
0.09171902050170488 0.247143551318748 0.4595567725945582 0.20158065558498894
0.07409959347873474 0.24288031928500875 0.5860148957775395 0.097005191458717
0.0370868257088558 0.04216195835794301 0.8222836857745864 0.09846753015861476
0.03505451210094279 0.16368831127724837 0.6361492611149007 0.16510791550690818
0.19555200600228206 0.5587181696943824 0.1102421584860439 0.13548766581729166
0.05839021115408605 0.455618339514426 0.35895837827278254 0.12703307105870543
0.06664636890038977 0.613508026897687 0.10890095013318979 0.21094465406873342
0.3183801690219369 0.026209989552628765 0.6248236694908504 0.030586171934583906
0.5091303212030772 0.22766592258691842 0.1890247409405118 0.07417901526949255
0.1969657691828448 0.1240538360233635 0.2265291245390092 0.4524512702547825
0.13987543820284098 0.5818364259131975 0.21257183417670844 0.06571630170725307
0.0028418111354820974 0.5477333496400533 0.257578598283176 0.19184624094128866
0.03953623636707204 0.6004902770172018 0.08852677635973749 0.27144671025598865
0.13579907257402912 0.1774823483849297 0.3591777157831193 0.32754086325792187
0.389434031476966 0.23750275499488305 0.11038463781344043 0.26267857571471054
0.16117084831052386 0.10210487902777077 0.6711241050862411 0.06560016757546427
0.48940650647589756 0.19923250290082828 0.24136472864849978 0.06999626197477438
0.7872827886783443 0.027058663013100004 0.1831333370352226 0.00252521127333305
0.1653679104122705 0.12185616532239052 0.6979319734509174 0.01484395081442158
0.03736651069821284 0.3654358946889188 0.12449638659186102 0.47270120802100735
0.09270536929326734 0.05804862990252657 0.4497082428932744 0.3995377579109317
0.019494128227405372 0.18259147100414141 0.13490936009515275 0.6630050406733005
0.1906708126294121 0.05505854926018561 0.2957292234122141 0.4585414146981882
0.24948849255428707 0.10000055043846312 0.09873247115354189 0.5517784858537079
0.3973540320195509 0.09855512935617505 0.04918522684802451 0.45490561177624955
0.4486694334163809 0.41289864568917356 0.11073863204880152 0.027693288845644037
