6 20 4 61.91474794006841 123.8294958801368
9.035741362924014 3.987818247710595 8.391062107520487 1.375269631527249 1.9689101194237115 6.355468577856162 5.768356259735395 4.769266857009889 4.018670643459963 6.6026748897648115 4.943272834979867 7.622938957138212 5.662327707993419 6.209727402035414 6.8081958630603445 9.912018442360747 8.378723772296572 4.718808413345627 8.886408896859646 8.413834893134691
1.807148272584803 0.797563649542119 1.6782124215040972 0.2750539263054498 0.3937820238847423 1.2710937155712325 1.1536712519470789 0.9538533714019778 0.8037341286919926 1.3205349779529623 0.9886545669959734 1.5245877914276424 1.1324655415986837 1.2419454804070829 1.361639172612069 1.9824036884721494 1.6757447544593145 0.9437616826691254 1.777281779371929 1.6827669786269381
0.054474507822354634 0.6546572429588127 0.09303881164330807 0.19782943757552462
0.12482417438060978 0.2784321243543101 0.31401954771839957 0.28272415354668057
0.25561405560083506 0.3433918575382815 0.338343621505788 0.06265046535509544
0.253634097471396 0.15247369858699333 0.34040292112659565 0.25348928281501504
0.3983729188112832 0.05212636193388276 0.2591293254240361 0.2903713938307979
0.18954219037038056 0.14526385413224296 0.4299449389978436 0.2352490164995329
0.18910711553486437 0.6551213052877045 0.041035658914802764 0.11473592026262835
0.4041566546727281 0.21425385378186024 0.21849808445259422 0.16309140709281744
0.05883729016413808 0.08043431532683432 0.6866616836782112 0.17406671083081637
0.1482915326009432 0.015197218163675252 0.7613050141905778 0.07520623504480373
0.25161414317047803 0.2613260429151604 0.4457824142303354 0.04127739968402622
0.11703303553464184 0.4868335211724638 0.05614326193829211 0.33999018135460224
0.036608530436010756 0.16791472740912206 0.6585071492542091 0.13696959290065813
0.12565834166662404 0.4210494846098616 0.2814488588224615 0.17184331490105287
0.17940634553953905 0.08793265983440479 0.34065731546034883 0.39200367916570733
0.5612751321916013 0.18915533932923612 0.187962135145747 0.06160739333341558
0.013623744191839093 0.02910875746103858 0.5240642696721736 0.43320322867494876
0.03979555804662849 0.022980681784635748 0.4227090259594255 0.5145147342093103
0.12433568320054367 0.055981948302800566 0.0963489571751871 0.7233334113214687
0.24581485130675285 0.009170842586462169 0.524248259632812 0.22076604647397302
0.5409368543025281 0.17770038226166618 0.01776940724724463 0.26359335618856106
0.2169511603235601 0.7406961351461083 0.03656014295226917 0.005792561578062405
0.35180976853970203 0.31949966339957836 0.04602271361623267 0.28266785444448694
0.402472509036773 0.3215980583749153 0.26530928086831407 0.01062015171999764
0.08245855331170848 0.29134988078864443 0.3970725322075268 0.22911903369212028
0.28385938355769735 0.18739158117761767 0.2634840789783359 0.26526495628634905
0.33110407412108767 0.2839199602012884 0.36152898608530193 0.023446979592322004
0.1808246260859393 0.29528424718740487 0.26577481427566496 0.25811631245099087
0.19266547475121587 0.49056435573642576 0.019595226910769536 0.29717494260158883
0.40510245736399164 0.24312278370251894 0.034061889608073215 0.3177128693254162
0.04137550130090173 0.02484497951252984 0.2750761104064894 0.658703408780079
0.5872136909757353 0.12323664446704163 0.13397700167601234 0.15557266288121074
0.31540357558877097 0.17496421766838866 0.06809882496700925 0.4415333817758311
0.27635045943263903 0.09147419950147317 0.194956420558564 0.4372189205073238
0.04174887615355327 0.7332860521528051 0.008221743031137208 0.21674332866250445
0.49705097583455327 0.1710867589923888 0.11786812398502122 0.21399414118803672
0.11291833478714641 0.43712285092795855 0.26682631073063845 0.1831325035542566
0.3014220971351398 0.2733021278318841 0.05916991150708917 0.3661058635258869
0.011605844415387367 0.05537211866607972 0.23456757701269415 0.6984544599058388
0.40074847422831616 0.12302371362768494 0.32813627394842615 0.14809153819557275
