46 10 4 29.874011750546767 59.74802350109353
8.054491157251757 6.713503354474572 3.24138782364174 7.822682781848359 3.8176924206851184 9.435136217395577 1.3857890351703752 4.96780483086824 9.21450060941678 5.095035270341009
1.6108982314503515 1.3427006708949143 0.6482775647283481 1.5645365563696718 0.7635384841370236 1.8870272434791153 0.27715780703407505 0.993560966173648 1.8429001218833558 1.019007054068202
0.4263497910655377 0.0815845496382539 0.3591470549069986 0.13291860438920977
0.03598854359970072 0.06808585371358755 0.2907575518668295 0.6051680508198822
0.04765321960403324 0.21476197682416387 0.13273015167486324 0.6048546518969397
0.05787518962294125 0.1632259467247632 0.013849254277573109 0.7650496093747224
0.09008525620004304 0.5255886168774567 0.056901090607783145 0.3274250363147171
0.02322350511829474 0.03482781109795807 0.006551561873572864 0.9353971219101743
0.006246276335343692 0.10031057475496097 0.06305091337609625 0.8303922355335991
0.1387109240131209 0.2908902395894031 0.40625056546051974 0.16414827093695628
0.14760990474687974 0.0007129903965098494 0.36566332173152694 0.4860137831250835
0.01896837827374731 0.38836051467425003 0.5392952359096718 0.05337587114233089
0.08490795479470015 0.23875787210597044 0.4220511327932015 0.2542830403061279
0.2999078500215354 0.3278602382126543 0.17433995861925733 0.19789195314655295
0.3075392625990663 0.06467181520705889 0.6183151286065609 0.009473793587313928
0.28970004072785505 0.2043249842585323 0.46940538996724146 0.0365695850463712
0.14898890157990508 0.7135950677221367 0.11640795551039218 0.02100807518756609
0.2557334238083524 0.49993201047357605 0.15205025689384022 0.09228430882423133
0.19512729674487106 0.3256623036439894 0.26981549605273947 0.20939490355840007
0.005874720050239368 0.1012704750982587 0.11182768222684814 0.7810271226246538
0.4248002562289217 0.2735435863109309 0.17244069366680703 0.12921546379334037
0.3458034276780333 0.14852249846914767 0.3346005046576772 0.17107356919514183
