23 20 4 55.63746500776656 111.2749300155331
5.655680954619303 9.522663434333326 7.889137834572162 3.5415625957040144 2.989408269354873 7.175998767137202 2.5042528279005065 4.5319821981852755 6.562471125275283 4.7073708537287136 1.0221839308079756 8.956289641348942 8.964527845388261 3.7036872042983284 6.306236786932431 9.805842244133478 8.6058443991368 1.5856789515147414 3.6527001824562904 3.591409968705218
1.1311361909238606 1.9045326868666652 1.5778275669144324 0.7083125191408028 0.5978816538709746 1.4351997534274403 0.5008505655801013 0.9063964396370551 1.3124942250550566 0.9414741707457427 0.20443678616159514 1.7912579282697885 1.7929055690776523 0.7407374408596656 1.2612473573864862 1.9611684488266956 1.7211688798273599 0.31713579030294825 0.7305400364912581 0.7182819937410436
0.11047771391367378 0.7119886251897592 0.11969989375206658 0.05783376714450039
0.4215965261661597 0.40715495815659597 0.0410336000744258 0.1302149156028185
0.11922669418412268 0.010529603521057251 0.7014489579852381 0.16879474430958197
0.16201247900274895 0.4264733428395936 0.06735963616456075 0.3441545419930967
0.17824726657014334 0.3048079188727981 0.02299944692591782 0.4939453676311407
0.23183334760205443 0.5888681375608604 0.08090070764446589 0.09839780719261926
0.14750305870585345 0.318259867773213 0.45218287922486333 0.0820541942960702
0.25513081972233587 0.36085594891716655 0.3004209534263371 0.08359227793416046
0.19868130269462891 0.646327891974443 0.12750858575742186 0.027482219573506272
0.08347593685978472 0.017894090677177066 0.24410845044223373 0.6545215220208045
0.09272600446654555 0.44167127676442963 0.2642029261197312 0.20139979264929364
0.5035347736778055 0.25423459902136447 0.033521218357177474 0.20870940894365253
0.04662987836169319 0.027829326502810114 0.3611399646518665 0.5644008304836302
0.24018190154641206 0.40327830862329317 0.23480564503956602 0.12173414479072875
0.005024923725740482 0.1403370307684525 0.3837930651844724 0.4708449803213346
0.6034752072158278 0.0020899875548042735 0.23728935627811076 0.15714544895125715
0.5583471760640503 0.0810427026502134 0.31516455263499954 0.04544556865073679
0.3018131639153595 0.3254193358418963 0.22255202866162227 0.15021547158112192
0.2853803359354091 0.043407014004731015 0.15510462138824843 0.5161080286716114
0.0968849642839934 0.09315368710261152 0.5709174944506549 0.2390438541627402
0.0005288111692760555 0.14097194655591372 0.48468228023505633 0.3738169620397539
0.3464894401485442 0.08211237220374212 0.2892500258737519 0.28214816177396174
0.07753409172717718 0.3868515230530253 0.1319985579294064 0.40361582729039114
0.5479752920930067 0.009731467385416304 0.21590640959731133 0.2263868309242657
0.24058353121801312 0.1561621676118159 0.5589941422583569 0.04426015891181412
0.07905548640493043 0.42670383557258473 0.32195660409746596 0.17228407392501888
0.12906352760617068 0.10218777770435683 0.6477245030937456 0.12102419159572686
0.23479755091129706 0.2154575974336933 0.5013326116562739 0.048412239998735784
0.23937099816163865 0.21394518365516646 0.23463019510422245 0.31205362307897244
0.05326709464893753 0.5695808759037265 0.28262725466507865 0.09452477478225729
0.12672500961990707 0.25750193312852354 0.123077254326738 0.4926958029248314
0.12660677568465384 0.3327573162034779 0.13668716223506783 0.4039487458768004
0.006428299533343673 0.41231410047256956 0.18374544346058552 0.39751215653350125
0.29570680310582675 0.1373108902026715 0.13533208217989767 0.43165022451160406
0.1288935485768078 0.5186014396080727 0.04389427227596454 0.30861073953915497
0.0854957627108347 0.4328186823475819 0.44523033500401743 0.03645521993756595
0.28201638204882773 0.13501172501489012 0.4780728478263344 0.10489904510994774
0.3964306441212516 0.0015139881524955934 0.4407940711814935 0.1612612965447593
0.33885827739248164 0.04563307792464877 0.14451182619556247 0.4709968184873071
0.023379930587594244 0.49801051528391704 0.4409521987025228 0.03765735542596593
