19 50 4 131.7193063277492 263.43861265549833
1.8778024157450641 7.851247450073707 3.2224417584969434 2.2431851872868758 3.983019069438383 1.7469960850620359 7.0477937315242 8.259344183454917 9.844677230897926 6.720946613171673 2.943309304424623 5.941246888758517 5.910039622083035 3.1066846583230148 2.023532587063715 5.496933403440592 2.368975801796092 5.794174725015426 4.483060916018941 7.194946450799479 4.356344407675536 9.515440404670533 7.996221262960363 6.47230872760709 6.537088329274621 6.786888411423911 3.416351564173012 7.751405337429039 3.58147440478138 7.3843845204361065 1.5830809792458904 7.208726313153122 5.969510501227097 5.984438322795047 4.118757668115313 2.5535166407577794 5.877393738068665 1.46592138714197 8.43001852063789 7.399602732082687 1.3975050039667143 1.6888290538206574 1.0930950559922112 9.948743400321481 6.3949950738723444 2.617649224882329 4.2794056176947475 8.774530543388366 5.052299508662531 9.742327916364744
0.3755604831490128 1.5702494900147415 0.6444883516993887 0.44863703745737515 0.7966038138876766 0.34939921701240717 1.40955874630484 1.6518688366909835 1.9689354461795852 1.3441893226343347 0.5886618608849246 1.1882493777517034 1.182007924416607 0.6213369316646029 0.404706517412743 1.0993866806881185 0.4737951603592184 1.1588349450030853 0.8966121832037881 1.438989290159896 0.8712688815351072 1.9030880809341066 1.5992442525920727 1.294461745521418 1.3074176658549241 1.3573776822847823 0.6832703128346024 1.5502810674858076 0.716294880956276 1.4768769040872214 0.3166161958491781 1.4417452626306244 1.1939021002454193 1.1968876645590094 0.8237515336230625 0.5107033281515558 1.1754787476137332 0.29318427742839404 1.6860037041275782 1.4799205464165373 0.27950100079334284 0.3377658107641315 0.21861901119844224 1.9897486800642963 1.278999014774469 0.5235298449764658 0.8558811235389495 1.7549061086776732 1.0104599017325062 1.9484655832729487
0.13565977671520735 0.7852884738720558 0.015354658280661626 0.06369709113207522
0.44892175700184356 0.4101827333061687 0.07988814513471698 0.06100736455727074
0.5905078040283765 0.13780164230025116 0.17000629954469915 0.10168425412667315
0.13052339190334605 0.034307304860671795 0.5953558245046127 0.2398134787313695
0.8772652169952768 0.07216890502755713 0.04800321042680611 0.0025626675503599428
0.05391789471661923 0.3470294373514907 0.25173204673383376 0.3473206211980563
0.24963864058647178 0.3811034603913874 0.11014407078919008 0.2591138282329507
0.07858701687903547 0.20893441919179379 0.13464702426704966 0.5778315396621211
0.3330956994836386 0.48773917275243506 0.01435247294588804 0.1648126548180383
0.34755772832383647 0.3223861770116192 0.31349187571032044 0.016564218954223886
0.18849319518824292 0.6445668481969032 0.15171702857391345 0.015222928040940387
0.014979197663230304 0.6969662449111698 0.14965888785544768 0.13839566957015226
0.3136907146921142 0.16341339522372023 0.10689314465023081 0.4160027454339348
0.05655338856796899 0.0001328777592484176 0.24661841618095892 0.6966953174918237
0.1261308714399476 0.03604986982079039 0.15020965990600776 0.6876095988332542
0.3480439103883216 0.2495266661869946 0.016134976975945237 0.38629444644873856
0.25215345299998027 0.30528872677097696 0.04809446139529305 0.3944633588337497
0.18361641447253563 0.02376201062128358 0.35233953774174653 0.44028203716443426
0.060526567455402525 0.5331883635251127 0.07338857789040742 0.3328964911290774
0.12489571073937256 0.14784999593640769 0.574250542254997 0.1530037510692227
0.050327417125237806 0.7079808213737465 0.11306894591766203 0.12862281558335364
0.08203183389714397 0.2621452478570323 0.13344636907862684 0.5223765491671969
0.3648759804820427 0.41943693538557025 0.07432302392302237 0.14136406020936465
0.017534314743064883 0.009938693458807712 0.08911981828544224 0.8834071735126852
0.19736489490056042 0.018442835082999154 0.256652059407921 0.5275402106085194
0.3152870972060816 0.01812996640823561 0.30830232690553705 0.35828060948014573
0.15401655534776437 0.03859578078631354 0.4714726812837978 0.33591498258212427
0.49025892095773627 0.10515620487305488 0.15088513765929168 0.2536997365099172
0.47934951251809044 0.04442777531710462 0.4154142308014226 0.06080848136338235
0.13908707985752178 0.20461189711569294 0.4973784799966874 0.1589225430300979
0.3463125746312026 0.07089278922964892 0.012585878711242282 0.5702087574279062
0.1278628031348774 0.07600489093101237 0.5394308457553798 0.2567014601787304
0.2865322895218563 0.5180008016749535 0.1362377642835435 0.05922914451964667
0.5585962310956404 0.07143147082202994 0.26687135917077565 0.10310093891155403
0.6149198892672592 0.06447473676530169 0.09560385982481301 0.22500151414262615
0.20099338300343494 0.1447172111888897 0.3860313205588334 0.268258085248842
0.20264181019874605 0.10228949599964021 0.2804930094274313 0.41457568437418246
0.1839425804312511 0.05413973543904227 0.5143722707449931 0.24754541338471348
0.010803173960604928 0.37747316697008726 0.4294190754865519 0.18230458358275592
0.1135557628288063 0.4889269013045575 0.11420128816877939 0.2833160476978568
0.18754649919092514 0.06492433699177746 0.7387605681165816 0.008768595700715753
0.7943365640947774 0.09215467500657482 0.03689194724026601 0.0766168136583818
0.023251633557041074 0.6494009617586461 0.1629397972898743 0.1644076073944385
0.2853041058506832 0.19409229010700713 0.2863521556246337 0.23425144841767598
0.2027172757825173 0.026803273462371657 0.18513616057196125 0.5853432901831498
0.12833591690060864 0.6356459615351541 0.09049683722324875 0.14552128434098854
0.8184580927554561 0.04114274590026501 0.06987396416464509 0.07052519717963379
0.38883407519497726 0.0718283146429406 0.3696446898459689 0.16969292031611327
0.07381865143546895 0.24694627637041233 0.1861228667329189 0.4931122054611998
0.12113622535732915 0.14555765836432444 0.7230853249729631 0.010220791305383337
0.6727740448846121 0.042900437818168435 0.21968993984508023 0.06463557745213921
0.03127758666552116 0.1512512073575305 0.34169893619234504 0.4757722697846033
0.3614592485935443 0.4729122541973749 0.13299677587177328 0.03263172133730752
0.18204234531958974 0.2581694151217768 0.0020620724313029637 0.5577261671273305
0.1639605602220474 0.10489134118265642 0.1313150997729191 0.5998329988223771
0.4952041632942823 0.215528510328851 0.20109366650275273 0.08817365987411396
0.3484708615800669 0.01268614660051115 0.613073842488818 0.025769149330603924
0.06326975075740693 0.14259647268577147 0.17560338641329132 0.6185303901435303
0.08207576786149495 0.5935559949090882 0.14102551289129206 0.18334272433812482
0.6316655437677292 0.2612961036239183 0.06623765215160071 0.04080070045675177
0.1420305629591706 0.20625399842319114 0.40334667770886934 0.24836876090876892
0.7958041137284613 0.060736073099955434 0.0007342850226786934 0.1427255281489046
0.09318029011083084 0.17388568277167704 0.3741565196302382 0.3587775074872539
0.029364493641441447 0.3020648085107449 0.5788228095372758 0.08974788831053782
0.09960114391646324 0.0512802494796506 0.4089192232086766 0.4401993833952096
0.07022964247308394 0.24166881740677137 0.03751692286806119 0.6505846172520835
0.07536713361265246 0.4500987748579175 0.06939059301495931 0.40514349851447073
0.3798911969876221 0.007757252051271979 0.09871394799885158 0.5136376029622544
0.042419133629680195 0.027660119844722164 0.674711309309253 0.2552094372163446
0.23371067335722562 0.2783930068171666 0.3209569766557586 0.16693934316984915
0.24418834657693944 0.015446431215246692 0.2611271031501736 0.47923811905764024
0.10632956221260637 0.7407219465431364 0.05124219257795393 0.10170629866630332
0.09833603119427892 0.011769020976248323 0.7543121669855922 0.13558278084388053
0.12359902522121269 0.28801029084602325 0.013393561180907843 0.5749971227518562
0.08268172460873968 0.36193712314287185 0.3130839433664765 0.24229720888191197
0.14802901927812395 0.07716668903865864 0.301241980114098 0.47356231156911943
0.23212703741814522 0.6206175452026389 0.12758376508228986 0.019671652296926023
0.0571361284285018 0.03529439953584279 0.39175756893295655 0.5158119031026989
0.49919534177933633 0.16044337117608853 0.29393147258609387 0.04642981445848127
0.09126212613680684 0.6908504350903605 0.17542861176650648 0.042458827006326194
0.10295325343922845 0.04987114656532132 0.5416590491833564 0.30551655081209383
0.39830299483347154 0.0594470972185317 0.13928513762692651 0.40296477032107025
0.42255596965201847 0.17920311799009858 0.19581294913218528 0.20242796322569767
0.3431823041372002 0.022150932316541416 0.3670286264867465 0.2676381370595119
0.7201669376618975 0.004116494777827384 0.11359603365349513 0.16212053390677994
0.23143007474648547 0.31141084651332684 0.3129905026101396 0.14416857613004808
0.5303706067571673 0.19595009040171096 0.09647696229115121 0.17720234054997053
0.006081184955352259 0.16399454642325773 0.6798304289899085 0.15009383963148148
0.1532325276552976 0.11926891766077252 0.06559393481234244 0.6619046198715874
0.36610153537741397 0.13901769788001594 0.4891512068581584 0.005729559884411706
0.10519718911399789 0.32712864814076625 0.0473557295598791 0.5203184331853568
0.12074559325072265 0.06734013178838039 0.14780388108793518 0.6641103938729618
0.10117916502015534 0.01799790251899136 0.5529619281159149 0.32786100434493837
0.43842117147878434 0.2972249521200724 0.06083477240649604 0.20351910399464723
0.0052177065537575285 0.10473864050421766 0.6727623574271319 0.21728129551489295
0.15937568085119957 0.33595939715450385 0.391055471942206 0.11360945005209055
0.1343566036345819 0.47279472459310834 0.019908310034681742 0.372940361737628
0.48806761013430955 0.3426514903576058 0.08961326648196044 0.07966763302612423
0.006544831683600094 0.2214662721466678 0.19566535329000845 0.5763235428797236
0.3437305657797787 0.6185227501884936 0.034659707223486436 0.0030869768082413263
