74 20 4 52.06895555532984 104.1379111106597
2.8198206408721718 8.060928436995049 8.74483515313328 3.943766809732912 3.2397442847635007 8.293273446218297 7.420913103315365 6.951955720404018 7.3944213132661 2.0161078765310565 8.829748031104653 5.287850356293555 1.7224379284367726 2.338934157304754 3.9162182834124 1.0608164633927657 7.451920654665319 1.585690493494888 4.814611642037224 8.243916315285585
0.5639641281744343 1.6121856873990097 1.748967030626656 0.7887533619465824 0.6479488569527001 1.6586546892436593 1.484182620663073 1.3903911440808037 1.47888426265322 0.4032215753062113 1.7659496062209308 1.057570071258711 0.3444875856873545 0.46778683146095085 0.78324365668248 0.21216329267855313 1.4903841309330637 0.31713809869897763 0.9629223284074447 1.6487832630571169
0.029496122977823558 0.31196130134604216 0.4458785917476159 0.21266398392851837
0.1689626692691022 0.43098854888076454 0.2623804844472891 0.13766829740284414
0.034670346027798504 0.1173945485974256 0.37962431637698635 0.46831078899778955
0.44244108717591846 0.045694936733791325 0.08971515229075133 0.4221488237995389
0.20361266001848766 0.3203800488103071 0.2585309952672742 0.21747629590393103
0.26696216840848797 0.10508262517896916 0.40369600772308334 0.22425919868945954
0.6458748369055124 0.02076074297799302 0.24646995637624436 0.08689446374025023
0.1645388474934688 0.39885288622376236 0.0661494278634368 0.370458838419332
0.0026701521586803834 0.4416797895803246 0.14368597935909755 0.41196407890189746
0.11709099923801003 0.5601551412612638 0.022412227813486396 0.3003416316872398
0.08006484091487132 0.40466931863784594 0.4727956700071414 0.04247017044014134
0.12611224530300913 0.11465417875254269 0.5464048261465247 0.21282874979792343
0.12496103319980167 0.28737193026023866 0.008638570022246217 0.5790284665177134
0.03868267769202127 0.6609776267703639 0.15894908286888587 0.141390612668729
0.03220866509838305 0.24845238074867193 0.5574771558896874 0.16186179826325764
0.3610858880606215 0.04414427275969579 0.18299439082705016 0.4117754483526326
0.1349166071469785 0.09607137960723178 0.4735054610421642 0.29550655220362554
0.27369633097843726 0.3773419682870298 0.32763661536068156 0.02132508537385136
0.6391490103145848 0.0937436872901144 0.1408615998479119 0.12624570254738887
0.19711824028098857 0.31151653041037075 0.09316370303434429 0.3982015262742964
0.39967334259297915 0.12609496597346936 0.2861075521523849 0.18812413928116656
0.0021356306694825244 0.12833332675967046 0.25315972882869175 0.6163713137421553
0.06814252812083921 0.6337648536481356 0.04653019851285345 0.2515624197181717
0.13770699541212827 0.3967346292865027 0.1295891657472541 0.3359692095541149
0.21992856172483333 0.4879319468237566 0.2711762916746091 0.020963199776800945
0.48367475257868087 0.24469049390868503 0.22036256145870137 0.05127219205393274
0.019000022932276317 0.3657030709280158 0.34969230277746055 0.26560460336224734
0.05748806604787848 0.029384620900260283 0.11348677596879986 0.7996405370830614
0.22673185042506172 0.4073226214321193 0.29950714586092253 0.06643838228189647
0.05371122796049166 0.24242619869111293 0.041772985232491844 0.6620895881159036
0.10128679199789181 0.4431260990906968 0.3930849213249539 0.06250218758645754
0.5139757412149405 0.08510873416038434 0.1878625815239039 0.21305294310077127
0.6655712628194355 0.1637488259004367 0.10353621167848404 0.06714369960164379
0.506502240807773 0.2856890922984969 0.09222627982617326 0.11558238706755686
0.47510763807321543 0.016635664783419934 0.3578467596404925 0.15040993750287213
0.020372987850272306 0.6238757882285151 0.04764209476726855 0.30810912915394406
0.2807715327432573 0.07177558978511156 0.5002747713748539 0.14717810609677728
0.711146881675797 0.09374301854051537 0.18140847005244065 0.013701629731247
0.31707267357464597 0.032732882890700976 0.5720472178300455 0.07814722570460753
0.0996362289358913 0.10456730955458271 0.3707391687477385 0.4250572927617875
