25 20 4 50.27549081241376 100.55098162482753
8.831117229644907 6.240492358053038 3.5095504663096215 2.673201088811613 4.699901151326019 2.0563799242124396 7.164718699367215 4.938499536936854 6.006063926547732 4.303722894573915 4.621291559327826 2.017366306249567 5.0232776164074044 6.269006048599321 2.4578659346044445 5.686469092474152 3.9344601352404296 7.292676141499969 4.297550940246553 8.527370574394496
1.7662234459289814 1.2480984716106076 0.7019100932619243 0.5346402177623226 0.9399802302652038 0.41127598484248795 1.432943739873443 0.9876999073873709 1.2012127853095464 0.860744578914783 0.9242583118655652 0.4034732612499134 1.0046555232814809 1.2538012097198643 0.4915731869208889 1.1372938184948302 0.7868920270480859 1.458535228299994 0.8595101880493106 1.7054741148788992
0.38304812816936906 0.0982948150781483 0.03290154500426157 0.48575551174822107
0.03444976810857148 0.24725098568040915 0.13930279381826172 0.5789964523927577
0.28980434477223604 0.2694377167293257 0.11037021660564028 0.33038772189279797
0.07714031987919201 0.23211726575735514 0.5190886679367562 0.17165374642669662
0.08870241768428277 0.20672947245140716 0.6626604473984519 0.0419076624658582
0.07674224020171683 0.05567831350990182 0.5474310334715587 0.3201484128168226
0.39654162919866054 0.2586045110479258 0.06390841730208008 0.28094544245133357
0.3739892442679148 0.3385625093908885 0.12960250491207825 0.15784574142911845
0.027473941374380195 0.5203040753847329 0.04310734471842004 0.4091146385224669
0.1690414563978564 0.16632439267036758 0.5015623148527448 0.1630718360790312
0.021376281366212724 0.19368808970715545 0.5441432803683743 0.24079234855825749
0.094439590374785 0.018309452025216166 0.06187704437822539 0.8253739132217734
0.033682798780728995 0.05487097091987603 0.6008835031998349 0.3105627270995601
0.0843622262855469 0.16001728973880802 0.5612331324277353 0.19438735154790976
0.25304423289892997 0.2255668477647338 0.47992915819053894 0.0414597611457973
0.3200071264548999 0.1695139218634817 0.11244015934889351 0.3980387923327249
0.3581746375941489 0.027897983330225862 0.023549148233164674 0.5903782308424605
0.08570312337117136 0.09730672278610897 0.7307413410632848 0.08624881277943486
0.5828703770935633 0.411611095197269 0.003786095721157623 0.001732431988010097
0.3236036385238463 0.02745100288067215 0.6092646182262748 0.03968074036920677
0.516502297991861 0.04255097633660976 0.43848762154911003 0.002459104122419231
0.43693512529224887 0.28299490107508574 0.18034431168937826 0.09972566194328714
0.4560687504885217 0.06975021297620021 0.21946486831576428 0.2547161682195138
0.524253715876378 0.12060835448442475 0.1788323815642464 0.1763055480749508
0.5123759884616795 0.12934074262615047 0.24148422479622422 0.11679904411594577
0.3310438226975936 0.17816925676312012 0.2572727351191204 0.2335141854201659
0.4152192354183156 0.18690112239414514 0.2230186060457119 0.17486103614182735
0.09793715214676801 0.34288393554283103 0.4728547320251575 0.08632418028524347
0.16365152801194183 0.04260577160179846 0.04567996324686441 0.7480627371393953
0.47239795478750024 0.2945963744961142 0.008208841847921144 0.22479682886846442
0.6608743268938546 0.0156870307787228 0.23553264167564691 0.08790600065177567
0.5668296093599882 0.22377701969309716 0.04055594073286761 0.16883743021404707
0.4918456636903529 0.30412551866884463 0.14157908020353605 0.06244973743726645
0.08564645309057428 0.3837472169003474 0.42341191642016984 0.10719441358890847
0.19040067625794943 0.5719168470757495 2.172435794167704e-05 0.23766075230835937
0.22195087706133376 0.07439980743816177 0.4952307210460958 0.2084185944544087
0.006597664201326903 0.10296397813314206 0.08715269002167525 0.8032856676438558
0.015087390905166198 0.732508112826019 0.17834503394484746 0.07405946232396732
0.12496399018079785 0.025050060643053706 0.16260549892359888 0.6873804502525496
0.5310583246744428 0.008416106298167914 0.26694293680095627 0.19358263222643302
