81 90 4 239.24855656778993 478.49711313557987
4.198772060247128 4.067639890203715 9.397957980534128 9.224372670805238 8.537182555387549 1.5353925915241535 3.233892026089046 5.582074999686456 1.805897989422977 8.066357984904393 4.592003423404422 4.98425848422054 7.914851932617836 6.09488257740724 3.2083194483127198 5.905059994124724 2.301125987332957 5.040362768034796 5.188642325647429 7.457417492186885 9.587968702399522 6.623395602864567 4.762607227551886 9.045478975630624 3.9307269907203866 9.84430121741569 7.391172885382268 9.300403515221337 9.898734191948389 7.540386103566907 3.979050156360849 3.413753380948246 1.9231503278847049 2.6686392263623553 2.7949344747220195 6.2154008641991885 3.310546179817458 3.973006688051278 1.7303794693816883 7.434365385666588 3.605274669312484 5.659400015594273 2.941014821396845 4.3357407209203505 4.0858632740815715 2.4144658114657935 8.513244144270601 3.4916268587459265 4.983357536937671 9.96797828391369 9.818359257716018 4.051352950851905 7.284686558831014 7.664935601231733 1.1982297483102826 3.748164753439397 8.687093784584619 7.799952727655342 1.0625792606434774 7.588992900173687 1.783339472212892 2.5775473257001016 7.580197879941759 4.915762736642842 1.1132837854809283 3.2860770388271647 4.962420454131737 2.229319164358373 3.4118573219763095 3.6399827989302076 5.28168151389622 7.618039267744685 9.57135809893661 2.9028870335790384 9.966697784689696 6.953534470398264 5.9578233401084875 4.638312745711534 1.3675573781448618 6.835744593108446 1.9589840195647865 9.49334390707967 6.109266557600543 9.49942872343756 1.7475591260185621 8.584667291520462 3.2054408193228996 3.62564018007367 1.7120324466428507 3.3601454315317736
0.8397544120494256 0.813527978040743 1.8795915961068257 1.8448745341610475 1.7074365110775098 0.3070785183048307 0.6467784052178092 1.1164149999372912 0.3611795978845954 1.6132715969808786 0.9184006846808843 0.9968516968441079 1.5829703865235671 1.218976515481448 0.641663889662544 1.1810119988249448 0.4602251974665914 1.0080725536069592 1.0377284651294858 1.491483498437377 1.9175937404799044 1.3246791205729134 0.9525214455103772 1.8090957951261248 0.7861453981440774 1.9688602434831382 1.4782345770764536 1.8600807030442674 1.9797468383896777 1.5080772207133815 0.7958100312721699 0.6827506761896492 0.38463006557694096 0.5337278452724711 0.5589868949444039 1.2430801728398377 0.6621092359634916 0.7946013376102556 0.34607589387633764 1.4868730771333176 0.7210549338624969 1.1318800031188547 0.5882029642793689 0.86714814418407 0.8171726548163143 0.4828931622931587 1.7026488288541202 0.6983253717491853 0.9966715073875342 1.993595656782738 1.9636718515432037 0.810270590170381 1.4569373117662028 1.5329871202463465 0.23964594966205652 0.7496329506878794 1.7374187569169237 1.5599905455310685 0.21251585212869548 1.5177985800347373 0.3566678944425784 0.5155094651400203 1.5160395759883518 0.9831525473285684 0.22265675709618565 0.657215407765433 0.9924840908263475 0.4458638328716746 0.6823714643952619 0.7279965597860415 1.0563363027792438 1.523607853548937 1.914271619787322 0.5805774067158077 1.9933395569379393 1.3907068940796528 1.1915646680216976 0.9276625491423068 0.2735114756289724 1.3671489186216892 0.3917968039129573 1.898668781415934 1.2218533115201087 1.8998857446875121 0.34951182520371243 1.7169334583040925 0.6410881638645799 0.725128036014734 0.34240648932857015 0.6720290863063547
0.1280354609557326 0.027659250255943624 0.507327036541843 0.3369782522464808
0.046382649360062866 0.5561188483005278 0.3221874051945507 0.07531109714485862
0.4507028389280475 0.025428605034217733 0.10843799592798853 0.4154305601097462
0.06088365894147585 0.0703034807633145 0.8323695636887566 0.03644329660645307
0.10761803630353017 0.5772601072455151 0.05636114321672725 0.25876071323422745
0.24020753159952857 0.2994534074834865 0.2934531072030754 0.16688595371390957
0.19620813298795314 0.009829093284765555 0.45886722102835953 0.3350955526989218
0.2311786930000368 0.3648489578981149 0.056563305668542285 0.34740904343330603
0.12025308283921476 0.016054342075565997 0.43019997290556067 0.43349260217965857
0.35336875330845785 0.17005450248097187 0.4155593651821209 0.06101737902844939
0.19120558591544756 0.35924016764733013 0.31857071558475536 0.13098353085246695
0.37476450509214587 0.14742641434974812 0.03219314927987138 0.4456159312782346
0.013771296965146451 0.01930812796223358 0.06375022512103046 0.9031703499515895
0.03396623305970381 0.2477237566315671 0.3842141615630229 0.3340958487457062
0.05492911316164384 0.15072358097945737 0.20343572869041582 0.590911577168483
0.1572468608134957 0.1531816964982491 0.1741302946011506 0.5154411480871046
0.021855390558579102 0.21819471639443 0.4626024818664122 0.2973474111805787
0.275112466058165 0.03168397562856551 0.25890383364289327 0.43429972467037625
0.14311675236917587 0.5668991973459792 0.11614131782724768 0.1738427324575973
0.1424474695602158 0.1472888362041156 0.6439478058170135 0.0663158884186551
0.3113298040445146 0.09472091742868127 0.32871613723256865 0.2652331412942355
0.326663139496699 0.3371501076542698 0.27854830874162007 0.057638444107411146
0.0568759414468496 0.02187617891415028 0.6969321243252372 0.2243157553137629
0.08158497261509834 0.4358972164737914 0.4579571285871783 0.024560682323931937
0.19899905504246795 0.3054794393149409 0.040145082383369446 0.4553764232592217
0.057488754154399246 0.4626191299221569 0.10558770671990791 0.3743044092035359
0.15282326021343928 0.31914703663567645 0.4289711592887301 0.09905854386215418
0.09003658115021806 0.002971784857643489 0.7321422923442588 0.17484934164787969
0.24548830091036544 0.2638201239613507 0.48479403396702636 0.0058975411612575135
0.46788556404129633 0.41280615363853124 0.03757051881620688 0.08173776350396555
0.3937274466671079 0.2269877197921969 0.07051756691872912 0.3087672666219661
0.1269951527433325 0.02031000224843471 0.6204572450712875 0.23223759993694526
0.11742545307001029 0.030225134195348557 0.5899700597111905 0.2623793530234506
0.18671611014629186 0.004617378275304618 0.24797664040254241 0.5606898711758611
0.09817580934987169 0.6236698198563704 0.10784720560765337 0.17030716518610456
0.10732517698719712 0.29769398888122156 0.12522728171581643 0.4697535524157649
0.31109749693273414 0.6209017068373264 0.020099944891608157 0.04790085133833133
0.20264494012866607 0.06227715683542512 0.5584563730992411 0.1766215299366677
0.05082383007423641 0.06701850248178043 0.6912488610783996 0.1909088063655836
0.35801458303280087 0.28272022757341675 0.026480457358355247 0.33278473203542713
0.12245281684624365 0.5143429607337938 0.02810281553268723 0.3351014068872753
0.052230696979732594 0.395954948244191 0.43156302532570323 0.1202513294503732
0.5381848431520091 0.1799112069348271 0.1950071772073989 0.0868967727057649
0.20070203804045006 0.15190540968936117 0.4397812848693088 0.20761126740087998
0.1860692246737765 0.45759785801684316 0.00040878183359516207 0.35592413547578516
0.31599432412300743 0.321150724010994 0.333434525913226 0.02942042595277261
0.002825259216171716 0.049979762027353325 0.9193712909210366 0.027823687835438315
0.16939803345800364 0.46014962168529416 0.31157812968988896 0.05887421516681324
0.10546778551198066 0.031254770331027526 0.13331357232738306 0.7299638718296088
0.31434863781131905 0.15539393745595476 0.260281628489329 0.2699757962433972
0.3172250770473307 0.44236216336231216 0.16399361113221456 0.07641914845814257
0.21922293521507674 0.33970189424080455 0.21354096586469828 0.22753420467942043
0.25315842127787447 0.093434656765358 0.35525319097743113 0.2981537309793364
0.09719294514243648 0.05024974774782898 0.47488452110429735 0.3776727860054372
0.3727724336233551 0.34335037796666923 0.08635582383448792 0.19752136457548775
0.005067754675396552 0.8932245074649344 0.03417757862654158 0.06753015923312744
0.3485104706822836 0.3784689056120786 0.10608915703358879 0.16693146667204906
0.32496702544762357 0.5253262930662347 0.04015698495739639 0.10954969652874536
0.26130245528935026 0.20902522974682347 0.33413839258431277 0.1955339223795135
0.21345708658357987 0.4460139306282195 0.023203393795456884 0.31732558899274377
0.006228342942511067 0.7466775546131634 0.14829294781360491 0.09880115463072059
0.18738832658385796 0.5160770678856007 0.11258892380902352 0.18394568172151782
0.47873362715045786 0.3552794538146845 0.020256430537780923 0.1457304884970767
0.22707500314357676 0.3444906408498307 0.09639779232188395 0.3320365636847086
0.13635111932799404 0.016799815605143764 0.16379120540048087 0.6830578596663813
0.2568698024411129 0.2735953907518388 0.07070513484674501 0.3988296719603033
0.3253815176407484 0.5147615770167265 0.1322763255393058 0.027580579803219263
0.6778236046904185 0.12424868942401068 0.17929834684592727 0.018629359039643578
0.47134058596203887 0.10039156860099518 0.413432040016123 0.014835805420842951
0.08507209246436798 0.5112368230938948 0.10785151092944334 0.29583957351229384
0.37238068095064725 0.3474065506248204 0.08151089359449215 0.1987018748300402
0.017382956933311156 0.43424451143156095 0.47103033748983625 0.07734219414529164
0.05521772989067952 0.17260907346795307 0.18241073452378975 0.5897624621175777
0.7407684300660006 0.07000332734560588 0.11292885860569335 0.0762993839827002
0.3889211275495351 0.26634251516631 0.3391931917089219 0.005543165575232933
0.02313340052069668 0.05131913922339004 0.9239783728512896 0.0015690874046236924
0.21557943634251542 0.3546081112362863 0.24980260903033646 0.1800098433908618
0.3975843201241114 0.2661808376981116 0.1002548060208791 0.2359800361568979
0.356514670486069 0.24671566034518821 0.3268865931120424 0.06988307605670041
0.1153826228109337 0.048433829586815524 0.6152007933575714 0.2209827542446794
0.02934272722358311 0.598492934698937 0.014982638897720002 0.35718169917975984
0.017036327839736187 0.12358709434150794 0.5217613731356655 0.33761520468309036
0.055754897616092425 0.15850121133435635 0.1369163462632289 0.6488275447863223
0.06263585850914655 0.5827093603745634 0.2794891531348459 0.0751656279814441
0.22958236957093603 0.012007648197625453 0.11844435777722329 0.6399656244542152
0.009083401174101446 0.2836796341316432 0.4474747705241755 0.25976219417007984
0.190771210846851 0.2815312504585663 0.39326166970486476 0.13443586898971793
0.0036235082021666143 0.02073062378164925 0.43322812920141796 0.5424177388147662
0.09790053610432126 0.7471139846682033 0.01935986061355599 0.13562561861391942
0.1335914383249256 0.13766027976659434 0.6155154671004779 0.11323281480800218
0.21560899090434793 0.007826178003832118 0.3527707692990515 0.42379406179276846
0.45222129136975997 0.08423231151639743 0.22736361767450108 0.23618277943934152
0.41124048721712325 0.1333734023714831 0.15590114858895987 0.2994849618224338
0.2834035990697805 0.543062857958398 0.0488210997003502 0.12471244327147124
0.18197375163870444 0.050475414459205004 0.23177558845612334 0.5357752454459672
0.0724902984689032 0.10355364373416653 0.18176168719111307 0.6421943706058172
0.028499595505352193 0.37202545089599437 0.13709550625043176 0.4623794473482217
0.03189516307948903 0.02817924794715887 0.2352370652182142 0.7046885237551379
0.5261995891303202 0.1952136045860351 0.15864454252325777 0.11994226376038697
0.3881560678577767 0.026515129701108475 0.5681317062784694 0.01719709616264542
0.7327152058753169 0.1062973403058165 0.12312517868980277 0.037862275129063816
0.36031207845752744 0.0685253884868654 0.08417211364647159 0.48699041940913557
0.39678352911925874 0.25508382978143107 0.04665992890917947 0.3014727121901307
0.6230507902367945 0.30794626563418304 0.06469860306166642 0.004304341067355999
0.19423401528386508 0.356967410182622 0.39819803875338844 0.05060053578012447
0.5432477922633729 0.31799952908375884 0.12164569302527883 0.01710698562758939
0.14510773611335337 0.5051608152318843 0.2563996963266809 0.09333175232808144
0.054656501059579976 0.5947188938917364 0.20239947566699767 0.14822512938168597
0.5608008002916177 0.007211357194338408 0.1900060221948665 0.24198182031917737
0.1910931457078946 0.15319145884486207 0.5029981780975205 0.15271721734972288
0.5896496962963854 0.2267265985153475 0.07063088302904108 0.11299282215922601
0.0704901271704601 0.4344373571754404 0.17427849083130376 0.32079402482279573
0.37297702292394386 0.4488055001298531 0.04910575232225989 0.12911172462394316
0.2989928491046381 0.18836153172447134 0.20726587180188194 0.30537974736900864
0.014567147037248929 0.4681328936034972 0.2019972887643705 0.31530267059488337
0.1706580159948633 0.24004721149788033 0.1114559551753499 0.4778388173319065
0.534875016836107 0.10250481393096955 0.09439415838876686 0.26822601084415654
0.2634671141261997 0.0911634691175861 0.25156749117269417 0.39380192558352
0.08936362090724081 0.04835845936532768 0.15335131265836388 0.7089266070690676
0.02762125272685878 0.004484594481940829 0.9151623277360891 0.052731825055111314
0.057881655550596656 0.5822354036366773 0.23096055865201814 0.12892238216070795
0.09570134171816158 0.35771794691468395 0.1552955768999118 0.39128513446724267
0.19051780761455916 0.43454159132109793 0.0012216769921510329 0.37371892407219187
0.7158807027179176 0.037047387866921744 0.11421109042076616 0.1328608189943945
0.17382164845695625 0.1403977097380008 0.41607516161550817 0.2697054801895348
0.49336668191787825 0.013065980859138793 0.25005869644859846 0.2435086407743845
0.2702022491210512 0.32739479214833456 0.24570071008949523 0.15670224864111904
0.07342838786529449 0.02818607863774525 0.7946817538354568 0.10370377966150346
0.04251117602290022 0.6287149422804837 0.25564861017653484 0.07312527152008119
0.312090617589995 0.5206966079361697 0.003926891318327241 0.16328588315550807
0.13137702267776774 0.3137650329338254 0.2125123387945146 0.34234560559389227
0.27502215770815164 0.23899318396943758 0.3782875913832352 0.10769706693917558
0.45862031584874086 0.10072550618546883 0.2614370420102283 0.179217135955562
0.07125062223438405 0.39722172072455764 0.05708993523178352 0.4744377218092748
0.15970803650914034 0.4780689664718416 0.0382868772136854 0.32393611980533266
0.21117673804818549 0.05897855004258534 0.23785149970767627 0.4919932122015529
0.361946647939125 0.09841158045629261 0.20650862902703226 0.3331331425775501
0.29635405195772324 0.07009028771589232 0.37493153724950823 0.2586241230768762
0.4295740713347551 0.10117523075732804 0.20416727943339896 0.2650834184745179
0.679568533506441 0.03367624789030477 0.25168763667693284 0.03506758192632142
0.24837349621760751 0.4547919589809216 0.09540191249783658 0.20143263230363428
0.3480961089656458 0.1813016701926231 0.4290341274810857 0.041568093360645375
0.08915158377997712 0.1630702500720118 0.5410064623663253 0.20677170378168575
0.19375599792133047 0.06044445009610799 0.6165574981585001 0.1292420538240614
0.024268774391031145 0.3986781695545897 0.44893861487730213 0.12811444117707704
0.544765350766104 0.2661451163228514 0.15085737949846645 0.03823215341257813
0.13344227700887212 0.02003909555308281 0.1939894101730809 0.6525292172649642
0.2026165715742263 0.15376444816072465 0.18949206047202083 0.4541269197930282
0.1538210482725053 0.04487413031456422 0.6674395440103251 0.13386527740260534
0.10527648044396098 0.4990529599516387 0.005842237941497741 0.3898283216629026
0.19107964507393593 0.4512787984941271 0.049481887188055684 0.3081596692438813
0.4141191967472061 0.022044716359039374 0.01784103980390528 0.5459950470898493
0.22283489050471184 0.37357012228772934 0.39029560525394136 0.013299381953617462
0.01635983798841678 0.5440108433156442 0.00992730660787311 0.4297020120880659
0.3713174099530717 0.057910862170607924 0.24290452136468255 0.3278672065116378
0.21637796039149826 0.04019902153170962 0.10027867974619409 0.643144338330598
0.3299426697066521 0.13359828994918488 0.12251095365760534 0.4139480866865577
0.28911745079284135 0.19663716061607917 0.1916452468534643 0.3226001417376152
0.3940166282532721 0.15076922860744202 0.3614030695073558 0.09381107363193009
0.007577677809064487 0.8127662325687485 0.06076378066766486 0.11889230895452219
0.0862369288573227 0.042440994358305506 0.57931564033936 0.2920064364450118
0.09002610501242125 0.03062194671415641 0.06413308660022254 0.8152188616731998
0.1481468061121114 0.3456784037726056 0.4231950073319931 0.08297978278328988
0.09484723249090077 0.13906064428729836 0.17343436352165253 0.5926577597001483
0.4137558956585614 0.3267308290381541 0.19153681619834795 0.06797645910493655
0.3915286620724109 0.35551812832405394 0.16165854434593496 0.09129466525760022
0.24378029054560724 0.043032400416114114 0.44108599785236524 0.2721013111859134
0.5085700387076557 0.0036382006561135327 0.06980894837608276 0.417982812260148
0.5663377769650304 0.08424882921369892 0.2639810130667095 0.08543238075456117
0.050901237083949114 0.305382893236099 0.18694225944617004 0.4567736102337818
0.4132241118707657 0.1591747827137281 0.07838832985711663 0.3492127755583896
0.7442436253495504 0.019589470072253312 0.08174830802715571 0.15441859655104062
0.03846056979120993 0.0030211758802715094 0.07302855947673914 0.8854896948517794
0.06056696073310497 0.18770337184011865 0.4183754759227445 0.3333541915040319
0.2856098477768735 0.47827819103840163 0.000647570575321943 0.23546439060940294
0.027111736868830616 0.24571342084670011 0.2494894626999269 0.4776853795845424
0.3565492586293135 0.06791813861382012 0.3465164425755427 0.22901616018132365
0.4168319467293201 0.05446585391608849 0.15716396347597916 0.37153823587861223
0.0569999075843205 0.339118862504723 0.18863614022298458 0.4152450896879719
0.18092331200268297 0.38781740909173057 0.21317699793643963 0.21808228096914684
