4 90 4 258.66378537412436 517.3275707482487
9.70326855112309 5.925090242581501 9.75415923968396 7.433343943069282 7.2795594213754375 2.9448054602233875 9.786470092986177 1.0560722968413088 3.2768412614509956 4.913123791640012 8.014446296143772 2.7791656714022777 8.766939120393001 9.850606094577815 2.4745801726422885 6.376005495395733 1.080874879007995 4.4791415437926645 1.3974405213834962 9.609876709428123 4.925319821918179 9.540795761034065 8.076753873415548 8.796603687235287 2.5584887934635336 1.6745372831179632 6.406684492399924 2.5117496534656345 7.600421507595129 4.675994741368132 5.751179410761283 9.438144255558477 5.695265102004622 1.9737404459850763 2.4240106646631947 5.906823865328915 5.71963672061626 6.738492197133943 4.613458992312456 6.848245981174081 4.572100026115594 6.615245021934007 7.906644703811114 2.6107651903701776 4.3801819172878815 5.522797533942409 7.180003719247112 3.2831168379524485 5.992667766483027 6.624377596576879 9.059510494505314 4.265682295898138 6.73801365716863 2.7230176190706703 5.4801470315557514 2.6420086411408614 9.265447352257864 4.886398642071049 8.471692918885116 4.750986742105264 9.142008298690303 4.643426955798154 3.9805705278201047 6.1492489324547375 8.60899284184702 8.749128805777648 6.36119305361501 1.7619544991836924 6.375399465872574 3.209083377247919 7.59334103730971 9.051861630850649 5.632605738218306 6.432071593241858 1.585610311445266 5.860672566785257 2.162681053033939 6.531065617152988 4.272853123403541 7.909822308976712 1.4368072277759727 1.9883630630605964 7.156208936112648 5.6318832737529085 6.1447723445327425 8.5933629459159 5.389638752347069 8.291299799135304 5.59219266365446 9.34048623916226
1.940653710224618 1.1850180485163002 1.9508318479367919 1.4866687886138563 1.4559118842750876 0.5889610920446775 1.9572940185972354 0.21121445936826175 0.6553682522901991 0.9826247583280023 1.6028892592287545 0.5558331342804556 1.7533878240786003 1.970121218915563 0.49491603452845767 1.2752010990791465 0.216174975801599 0.8958283087585329 0.27948810427669923 1.9219753418856247 0.9850639643836357 1.908159152206813 1.6153507746831095 1.7593207374470574 0.5116977586927067 0.33490745662359267 1.2813368984799847 0.502349930693127 1.520084301519026 0.9351989482736265 1.1502358821522567 1.8876288511116954 1.1390530204009244 0.39474808919701526 0.48480213293263896 1.181364773065783 1.143927344123252 1.3476984394267886 0.9226917984624912 1.3696491962348163 0.9144200052231188 1.3230490043868015 1.5813289407622229 0.5221530380740356 0.8760363834575763 1.104559506788482 1.4360007438494224 0.6566233675904897 1.1985335532966055 1.3248755193153758 1.8119020989010628 0.8531364591796275 1.347602731433726 0.544603523814134 1.0960294063111502 0.5284017282281723 1.8530894704515728 0.9772797284142097 1.6943385837770233 0.9501973484210527 1.8284016597380606 0.9286853911596309 0.796114105564021 1.2298497864909474 1.721798568369404 1.7498257611555297 1.2722386107230022 0.3523908998367385 1.2750798931745149 0.6418166754495838 1.518668207461942 1.8103723261701297 1.1265211476436612 1.2864143186483716 0.3171220622890532 1.1721345133570513 0.4325362106067878 1.3062131234305976 0.8545706246807082 1.5819644617953423 0.28736144555519455 0.3976726126121193 1.4312417872225296 1.1263766547505818 1.2289544689065486 1.7186725891831798 1.0779277504694138 1.6582599598270609 1.118438532730892 1.868097247832452
0.35028521085551567 0.014267964470240146 0.3023745962138702 0.333072228460374
0.2609221572944955 0.21169915187127752 0.14630861747832058 0.38107007335590637
0.08318412257086116 0.3358499119814392 0.560582227488185 0.020383737959514647
0.34745133671105566 0.26437047974423644 0.06686358602369191 0.321314597521016
0.17377979375527586 0.23484699299462208 0.35090274241343344 0.24047047083666862
0.46548967481753567 0.28733052066287723 0.22045779864851778 0.02672200587106932
0.01597127753156069 0.01790634036684846 0.5010249837660434 0.4650973983355474
0.006323937265482749 0.4350167671071873 0.5083282355751739 0.05033106005215604
0.35414553817936534 0.05347613911229232 0.2240705678333219 0.36830775487502043
0.18096483602510238 0.539487285399514 0.0424296684187071 0.23711821015667656
0.07365237412062664 0.015120483269576046 0.6512718726117233 0.25995526999807406
0.33992641648215505 0.02640972276937925 0.4203961751835502 0.2132676855649155
0.32832213688090817 0.6069687203527793 0.03338326814349446 0.031325874622818106
0.08691561764276523 0.4701664576224388 0.3271157887100642 0.11580213602473177
0.221580929980553 0.03522399090100414 0.6989996731023583 0.044195406016084515
0.029773996732739172 0.08867151960084563 0.8273827783418586 0.05417170532455662
0.6241532443303243 0.2006676838757001 0.1085582398750159 0.06662083191895973
0.33345638176379444 0.0745258871301564 0.4994823775341304 0.09253535357191878
0.23074594172777607 0.6279749067615089 0.0019350136465962064 0.1393441378641188
0.12322788872941182 0.11148916435342981 0.15852967528371398 0.6067532716334444
0.2027650477394588 0.7455608362034271 0.00589320538979432 0.04578091066731982
0.5109061295180553 0.037898988764027086 0.41294819946377737 0.038246682254140296
0.48176716139993103 0.47218881255435163 0.021949307653232775 0.02409471839248456
0.17984963291789824 0.09960397127270859 0.5866705846497867 0.13387581115960645
0.04289853088357365 0.18895667093478108 0.001925228409345059 0.7662195697723002
0.08270761181285646 0.32110264989434445 0.23232375305694242 0.36386598523585667
0.4226559214656044 0.1616197312431833 0.40194907062126495 0.013775276669947378
0.16773020775391967 0.4264179241204453 0.29455444916204676 0.11129741896358825
0.1935149634645531 0.035278958652470216 0.41451459919747924 0.35669147868549744
0.44059904716141096 0.14332082678524372 0.2581367740953653 0.15794335195798004
0.06833463001706253 0.295642692448981 0.32205898067822236 0.3139636968557341
0.40943559227704807 0.016835574412648824 0.4336101113702041 0.140118721940099
0.5058070707782574 0.13305603236533792 0.30107843139173573 0.060058465464668975
0.1232166332489254 0.553850699459905 0.05292565584241904 0.2700070114487506
0.15148924924481755 0.28424549199918214 0.12529782257145072 0.4389674361845496
0.47685286583114894 0.24687964491768832 0.1442358183795689 0.13203167087159384
0.11948191776460548 0.204270042317807 0.07651974270581274 0.5997282972117748
0.027100400960439974 0.6800994475485623 0.057008995938595874 0.23579115555240182
0.43527630819028496 0.09695221472473514 0.12535909778972265 0.34241237929525725
0.30481570769324307 0.18625504289907957 0.3571555767416853 0.15177367266599207
0.8313273321506993 0.014211768265239733 0.06310131215287962 0.09135958743118133
0.07776876792584475 0.20891826846610717 0.570806198431611 0.14250676517643712
0.2536125257669455 0.03169840616584163 0.6697550057403787 0.04493406232683417
0.14772701167278024 0.3030807171595056 0.19820000523144132 0.35099226593627286
0.47968781956690365 0.0370589443146323 0.46576510406856486 0.017488132049899185
0.4980329091126755 0.004521608670298605 0.12258667699726011 0.3748588052197658
0.3732878321504155 0.35110917378716977 0.18253810811004878 0.09306488595236595
0.5719225102895 0.06824758268411124 0.054883584243222594 0.30494632278316613
0.32641177113789055 0.05422812049743431 0.4917440925711478 0.12761601579352733
0.2880990716215327 0.0007558527327043985 0.21381056181058444 0.49733451383517846
0.6262375343969241 0.33506626265569417 0.0020783714158086886 0.03661783153157305
0.3244215884419068 0.47729250112684785 0.13938342437072537 0.058902486060519954
0.06780815958339637 0.040076066111872755 0.36704284665185016 0.5250729276528807
0.5714453228955102 0.08005606622606987 0.04930584116814907 0.29919276971027087
0.3327916032795297 0.10668258192193236 0.24121484907798163 0.3193109657205563
0.6372521132989128 0.206439751964674 0.06860785792771551 0.08770027680869763
0.16927356464293164 0.3090769632856445 0.28630595037176565 0.23534352169965822
0.23237430225331868 0.5151475768780471 0.2162275629996171 0.0362505578690171
0.12898378152341738 0.13791851528179622 0.44024433186652445 0.29285337132826195
0.1943989049435213 0.5629774876669247 0.006615654478297928 0.2360079529112561
0.6849288487479599 0.08031454778265457 0.12221894423351598 0.11253765923586956
0.2941670573303842 0.3705039075518195 0.24748437752553276 0.08784465759226356
0.32976213143304 0.24473788082144965 0.40946570350838185 0.016034284237128493
0.22171571038708582 0.1654901732722932 0.42287638344903444 0.18991773289158653
0.3702241289829107 0.0875350739841736 0.44574849959985907 0.09649229743305665
0.19341897434087696 0.6920389339148226 0.012165679216796565 0.10237641252750385
0.28585677559016565 0.3347667121325594 0.1847650308050196 0.19461148147225538
0.2279174946289676 0.13030055178528188 0.5322397922317847 0.10954216135396577
0.6865992844019503 0.11282702566181635 0.0801921258186119 0.12038156411762146
0.7190984938726488 0.17390053622728086 0.015779229410571305 0.09122174048949905
0.2699057786271347 0.04782325554350131 0.26775829312222266 0.4145126727071413
0.06489936033511412 0.31147626103093584 0.038342125610879796 0.5852822530230702
0.007389096728895872 0.4648450449125432 0.4562802079033599 0.07148565045520106
0.13318810235162593 0.7015144526742318 0.015901910050445944 0.14939553492369628
0.03980947012484115 0.7965671360550214 0.07850571673608076 0.08511767708405671
0.0435819177939476 0.5119483642129878 0.42106672451889815 0.02340299347416641
0.13617425128557037 0.5861335543247865 0.19543353923514728 0.08225865515449582
0.07790947230569412 0.35689827963688137 0.2781385632721578 0.2870536847852667
0.05888517446850716 0.05465201810393572 0.7695233742085451 0.11693943321901201
0.6281934267322344 0.16165902714214786 0.2008153591955989 0.009332186930018804
0.6370510738948615 0.08334370164006444 0.2552750235233716 0.024330200941702462
0.1463116077077461 0.42706109700822403 0.12505530753500205 0.3015719877490278
0.040197842538693074 0.9065716879616017 0.031226645465774472 0.022003824033930752
0.12126053579092888 0.1748103247046554 0.07949405864292347 0.6244350808614922
0.04115322964481116 0.11541944026664253 0.008688378776245953 0.8347389513123004
0.25830878015809644 0.039704320753255806 0.3800694156598585 0.32191748342878923
0.07073798395264685 0.011274231476274377 0.3236506735337188 0.59433711103736
0.358102798938733 0.1426132881109956 0.19891829566255026 0.30036561728772115
0.06959531498843963 0.007835830857964465 0.46789231074260673 0.4546765434109892
0.031891394718374655 0.2454061006204452 0.026968751991816253 0.6957337526693639
0.14872683943405696 0.040298920022097895 0.6767491564879444 0.13422508405590072
0.39278117482212993 0.019691036840626897 0.02429408027675639 0.5632337080604868
0.6235688394069139 0.10942987818908112 0.16942313828014588 0.09757814412385912
0.05888009415812312 0.06513452415514887 0.7020082487119476 0.17397713297478046
0.7944233175766422 0.14816253215033803 0.0012116561560653327 0.05620249411695444
0.040091124641168374 0.7229025166341978 0.2182162778558946 0.018790080868739234
0.5432903150235341 0.11419432081173841 0.00907376026498763 0.33344160389973987
0.0993277648941745 0.17314369382956163 0.4557979814695108 0.2717305598067531
0.28803682699770816 0.49349429690000157 0.14427747338154928 0.07419140272074098
0.4095913896676494 0.14233505106372524 0.4388703777856825 0.009203181482942857
0.13475260700177727 0.6946653427192284 0.004363420200385604 0.1662186300786087
0.4445406645343004 0.24368060866982566 0.15224479151805614 0.15953393527781778
0.3225749762532557 0.48497397696134503 0.11243839448329707 0.0800126523021022
0.09091055162091022 0.5459381212456906 0.21933509806121676 0.1438162290721824
0.15188560123269723 0.1603194310473547 0.020290134707444563 0.6675048330125035
0.3753401433363357 0.0697850497239324 0.09265647311527858 0.4622183338244533
0.3358494099024567 0.27596293869927235 0.12270670440692022 0.2654809469913507
0.1852092341733128 0.5522427392413635 0.14868225793945644 0.11386576864586728
0.05243487868640262 0.11268324171348465 0.1741067878242316 0.6607750917758811
0.27036548223830226 0.18657375952376298 0.10621399316786051 0.43684676507007425
0.05720591625564686 0.3146277901072132 0.13955357577288863 0.4886127178642513
0.5997974911891997 0.15968864897608115 0.1656989910631419 0.07481486877157728
0.6598942308802181 0.0766060330830507 0.20239371535599715 0.06110602068073401
0.12278925276601593 0.3142342196494553 0.14020859783696582 0.42276792974756294
0.12499256478672394 0.2585874452535982 0.4551306868321504 0.16128930312752743
0.13284200646608957 0.02369020626566365 0.4108367517645606 0.4326310355036862
0.01753367137178896 0.08698157061148049 0.7705471051507436 0.1249376528659869
0.037745180036163894 0.2994346506199923 0.046967832559269396 0.6158523367845744
0.021329839501554315 0.4046879207237898 0.18408864009317782 0.3898935996814781
0.1990556539637539 0.24630139056360367 0.22209748800074758 0.33254546747189484
0.245071897044153 0.11026473183897512 0.22202706990785115 0.42263630120902074
0.19012999559238153 0.6438468970923173 0.04280460998705571 0.12321849732824541
0.4281549814422003 0.2228965769255583 0.15719816826618194 0.19175027336605943
0.31942519516947254 0.15553872400338742 0.4324982898468186 0.09253779098032144
0.0577250991689825 0.3042570191121131 0.20984257536228923 0.42817530635661516
0.27309617663809704 0.053708592739673544 0.6212530359438885 0.051942194678340936
0.11562865386689491 0.45560555001827185 0.22495017466602485 0.20381562144880838
0.03104266800163158 0.4838655700831984 0.047875375051255054 0.43721638686391495
0.07216742006758947 0.1779744910697305 0.6886869975183043 0.061171091344375705
0.06353737904188561 0.8449721054000249 0.03908408082726045 0.052406434730829066
0.16200423390405105 0.25363809025361206 0.3188768558384131 0.2654808200039238
0.28727828024231794 0.14589037356651613 0.12869361589385164 0.4381377302973143
0.5501474275880516 0.14690401029364397 0.006078442170009635 0.2968701199482948
0.061629093926618306 0.012353352849587718 0.30176987374387776 0.6242476794799162
0.021469889231514494 0.465297224299721 0.1193770995069523 0.3938557869618122
0.5725811674244072 0.22386086652650128 0.056731399170935726 0.14682656687815576
0.32266101367486877 0.33209493473832696 0.14874005094620013 0.19650400064060414
0.49187326955992816 0.14301785505285403 0.3140483066031773 0.05106056878404053
0.3094909778314623 0.3637054946890921 0.10870801610062752 0.2180955113788181
0.0817140255333002 0.4983494689383169 0.11701506296618347 0.30292144256219944
0.5351042723800182 0.15824021833729562 0.11731891804539463 0.18933659123729152
0.011921328044363078 0.32853129671656245 0.4109308276161402 0.24861654762293428
0.12163763566341879 0.39596248772551135 0.44407446269899387 0.038325413912076
0.18769271844401603 0.1462098347438362 0.5002147891376504 0.1658826576744974
0.120931260717003 0.10933492146526391 0.30938547128812266 0.46034834652961043
0.2717934175915394 0.12467130917479996 0.3410169419418322 0.26251833129182844
0.08282352311052688 0.006592132809876361 0.09265935179633689 0.8179249922832599
0.1084466488831709 0.7267525957719815 0.008219363916324385 0.15658139142852323
0.3436202707396958 0.15124944742990232 0.14697520016886678 0.3581550816615351
0.30434153016284915 0.15635894284391016 0.06041986007406197 0.4788796669191787
0.17601348447979936 0.1223135114103886 0.5012545485936727 0.20041845551613935
0.03095690735949652 0.5547264735734259 0.36371811663359255 0.05059850243348507
0.30028126569062286 0.13026524606890033 0.06012540019865631 0.5093280880418205
0.2907453201715785 0.20379026321998273 0.3983402118356 0.1071242047728388
0.48209784704816605 0.23131958594229585 0.24470135756342615 0.041881209446111956
0.46253665229483 0.2094197556692362 0.16410049037673535 0.16394310165919845
0.019018880500788038 0.13635276259252294 0.6516488915419133 0.19297946536477573
0.331314234773714 0.24635630457382518 0.2046693079140086 0.21766015273845218
0.1895568782570074 0.4693421866441213 0.10228649012238367 0.23881444497648763
0.4550829068896304 0.3292045790339416 0.1965721458770472 0.01914036819938081
0.0403580956649916 0.5440925887914536 0.054413794313540986 0.3611355212300138
0.06275181302663191 0.05842199394615977 0.5537069121402115 0.3251192808869968
0.018570894573084584 0.23236529504397774 0.19162346575633304 0.5574403446266046
0.06909730082066201 0.7751414251304973 0.08939857884700242 0.06636269520183824
0.17609518031698468 0.6143869436423117 0.027265600394076772 0.18225227564662683
0.0009066702152890072 0.14707890988446448 0.8513784595353772 0.0006359603648693479
0.5847623337664664 0.01484891228815688 0.3118948737348831 0.08849388021049365
0.07720747221195945 0.5769293966582805 0.32418456694262365 0.02167856418713643
0.10801102886608205 0.11291782815304918 0.7170751900100778 0.06199595297079097
0.4739640845456259 0.013805861812817066 0.43188026802088586 0.08034978562067119
0.11207881367463868 0.005388843214721328 0.6507945361870051 0.23173780692363488
0.5629786381710794 0.2823427373068851 0.01714974683303261 0.1375288776890029
0.06462229810580788 0.012936870876203321 0.4565309383413212 0.4659098926766676
0.3887896685110287 0.22047387949541908 0.0655644815056804 0.32517197048787183
0.10292077943567313 0.8701257382567787 0.01677273917328226 0.010180743134265868
0.3785099924936569 0.30845353435507994 0.058344253292921366 0.2546922198583418
0.0219420403081807 0.06436136551798166 0.23691538768055043 0.6767812064932872
0.17993011185908836 0.501143153274469 0.27402809835767183 0.044898636508770795
0.1966681161544238 0.27427925388649377 0.39204978723218664 0.13700284272689578
0.13813877203071356 0.2759475597936768 0.5764398611544663 0.00947380702114331
