48 80 4 205.1821961923927 410.36439238478545
1.1574124383803737 9.024159404622326 3.563750507265265 3.690787397130621 8.128308345898864 3.9202353773040595 8.782393480212324 5.027613689924867 5.934069157150848 4.214547953469905 2.0108082285343882 2.277074393634674 5.004631690409664 7.587822026682207 5.140911053766444 6.3346996807783515 4.030424716861731 5.089850387454608 2.6841499554747226 4.679516919490395 2.1889183595132446 1.3339928348635477 1.7378904767599994 2.9209595597230718 5.907063373432729 6.895597135361253 6.299091242309179 6.1748522843590825 4.012167859171249 4.42515194827247 4.614766227345562 7.113923489249577 2.315587785251987 8.099057964683222 1.3368435006191 6.522673487377751 2.368610428962131 7.946893451337486 3.368071359309197 7.94772306818334 3.587071135907183 6.865114366022506 9.555299547427808 9.266269082196697 2.4830504220639993 4.040143394914258 1.8106026928874797 7.235544989124054 7.119232227441388 9.18249102779788 3.7546836997383926 2.638967552416248 1.3130002842440875 4.331791456252025 9.66562642373528 6.213208061353055 9.006043146346201 5.659298455051001 7.552908292531984 4.445099743754062 9.92579815421155 4.533721586203771 2.283989006721614 9.163183785313628 1.5469717052365253 1.8247864975698387 5.200938880658838 1.0071757365123521 7.204670485811577 4.4268947133609355 7.412815394732637 6.460861360240925 9.337844115705654 1.7191251057886827 6.548551616635984 6.394241650891007 4.176453826981864 4.0393109053416145 1.1397857896769943 8.478823425452106
0.23148248767607474 1.8048318809244652 0.7127501014530531 0.7381574794261242 1.6256616691797727 0.7840470754608119 1.7564786960424648 1.0055227379849734 1.1868138314301695 0.8429095906939811 0.4021616457068776 0.4554148787269348 1.0009263380819329 1.5175644053364414 1.0281822107532888 1.2669399361556704 0.8060849433723462 1.0179700774909217 0.5368299910949446 0.935903383898079 0.43778367190264894 0.26679856697270954 0.3475780953519999 0.5841919119446144 1.1814126746865459 1.3791194270722507 1.2598182484618357 1.2349704568718165 0.8024335718342497 0.885030389654494 0.9229532454691125 1.4227846978499152 0.46311755705039737 1.6198115929366446 0.26736870012381997 1.30453469747555 0.4737220857924262 1.5893786902674971 0.6736142718618394 1.589544613636668 0.7174142271814367 1.3730228732045011 1.9110599094855616 1.8532538164393393 0.49661008441279986 0.8080286789828517 0.36212053857749593 1.4471089978248108 1.4238464454882775 1.836498205559576 0.7509367399476785 0.5277935104832496 0.2626000568488175 0.8663582912504051 1.933125284747056 1.242641612270611 1.8012086292692402 1.1318596910102001 1.5105816585063967 0.8890199487508124 1.98515963084231 0.9067443172407541 0.4567978013443228 1.8326367570627256 0.30939434104730507 0.3649572995139677 1.0401877761317677 0.20143514730247042 1.4409340971623155 0.8853789426721871 1.4825630789465274 1.292172272048185 1.8675688231411307 0.34382502115773655 1.3097103233271967 1.2788483301782014 0.8352907653963728 0.8078621810683229 0.22795715793539886 1.695764685090421
0.2783652558261488 0.20631475088701245 0.2596875111611774 0.25563248212566136
0.03984569310124453 0.02682104551250508 0.9174954814760427 0.01583777991020774
0.25839358997133954 0.010350301723314304 0.5303504109631555 0.20090569734219066
0.1947675784971732 0.5198452886734657 0.21541777101674386 0.06996936181261726
0.028767325522239817 0.42255759878282906 0.37284178857294514 0.17583328712198598
0.279314881649118 0.13509955924884975 0.022680224107693103 0.5629053349943391
0.15587814262589017 0.02946051316325482 0.37425129705789806 0.44041004715295695
0.7241088978456394 0.2074965919239543 0.03862668509427092 0.029767825136135406
0.10775789740363695 0.2517434675733923 0.5536889366508446 0.08680969837212615
0.40794052726749364 0.05987559083167293 0.33861630353580463 0.1935675783650288
0.6185417372804003 0.02691352176504236 0.08457545744845418 0.26996928350610316
0.33626769893982944 0.20308659123034567 0.10155925645692399 0.3590864533729009
0.3724920263235939 0.011578394211374188 0.2229197969125809 0.393009782552451
0.2274290870826432 0.41839187351590534 0.30914566407649613 0.04503337532495533
0.38291536983619257 0.03149872192753589 0.558923412008705 0.026662496227566557
0.654883054797767 0.24049006944975637 0.07687373266062558 0.027753143091851062
0.4143984316289896 0.207051630239648 0.10679104839335041 0.271758889738012
0.33641143186840883 0.16056511864577316 0.32059832968652513 0.18242511979929288
0.4444010648550607 0.35015245897092717 0.17368257752966754 0.03176389864434459
0.002284185279189832 0.08555507374273741 0.845258676446918 0.06690206453115477
0.11171651349206269 0.18206277273199378 0.3421765688150862 0.36404414496085735
0.679839144482026 0.06274766507152008 0.0529438974822406 0.20446929296421334
0.10543877746756292 0.33738101326024483 0.05582945886672419 0.5013507504054681
0.08966191934454237 0.6551458829489938 0.18168426171853846 0.07350793598792538
0.7892065478127487 0.09516604416285657 0.016488200703573486 0.09913920732082127
0.0770330145756829 0.33634812545615245 0.433787268149077 0.15283159181908768
0.15848072980973626 0.29953642550940085 0.5315545739941397 0.01042827068672314
0.19712224566218872 0.2147396874505385 0.5386313761399026 0.04950669074737013
0.7868801369143655 0.0684106029628676 0.04641439959901017 0.09829486052375669
0.190561563524138 0.3339932503624409 0.09992635868582789 0.37551882742759324
0.2868779772323412 0.032034881764695156 0.18727944942926855 0.4938076915736951
0.041274500658022295 0.2303229596741314 0.2330773491823772 0.4953251904854691
0.06366370807698418 0.2940691117298436 0.26594211498470643 0.37632506520846576
0.20762708989171197 0.3793903306590798 0.1823031556970186 0.23067942375218964
0.0892071198676061 0.3565693857398151 0.25735707015960985 0.29686642423296894
0.282317548437342 0.04236548029453924 0.3239122988104671 0.3514046724576516
0.10108117649256643 0.13888882248650758 0.1991849997193892 0.5608450013015368
0.00824020038648865 0.49138076274644926 0.46010734489465976 0.040271691972402324
0.2205400757350341 0.44663557322524305 0.25719638236768916 0.0756279686720337
0.567659531644197 0.240679628890912 0.05994669239765338 0.1317141470672376
0.4987311400372253 0.010299416571048492 0.276502707817737 0.2144667355739892
0.3761733552758525 0.23023492855642758 0.11043854151024224 0.2831531746574777
0.538943661906289 0.015797751916452052 0.30963510853376 0.13562347764349902
0.23331445975540166 0.468822131113515 0.11518007635154104 0.1826833327795423
0.17561390856577697 0.22989933022259246 0.5179380652165095 0.07654869599512104
0.6785688612650612 0.1722291787502076 0.11435866788988958 0.034843292094841605
0.28294876099118094 0.009741477829395162 0.4445563181783989 0.262753443001025
0.5864911403939743 0.07742721110297812 0.308623973926461 0.027457674576586544
0.35758649890055194 0.30130886352153197 0.13276206253108214 0.20834257504683396
0.1115490271084707 0.03673144187988797 0.4759836563677514 0.3757358746438899
0.39496849622107977 0.1902537255970811 0.1818396356348405 0.23293814254699863
0.3721654934919193 0.5378066018520534 0.0006435613973189147 0.08938434325870837
0.015922830409413113 0.17888480321325884 0.7957856012264445 0.009406765150883567
0.03311262528286529 0.3638391747311778 0.23804688212110992 0.365001317864847
0.10243036267568639 0.3905731804436188 0.15281295913070214 0.3541834977499927
0.27193627646854057 0.32160100149141313 0.21343119099274777 0.19303153104729853
0.030160718637201933 0.7721311210712054 0.17233593865499564 0.025372221636597025
0.05579037139522558 0.2343833752720288 0.14585182160033472 0.5639744317324109
0.01137225601622427 0.8919787897814404 0.07197184087997943 0.024677113322355892
0.0024486022869747437 0.15648485864549233 0.4546682011701384 0.38639833789739453
0.4067105686266417 0.21774935268522255 0.23897722727818682 0.13656285140994895
0.13542715718710607 0.4538573564732957 0.06974166410255489 0.3409738222370433
0.09114904635460952 0.4886464950558933 0.13316682813668224 0.28703763045281494
0.3883082257814281 0.05708588313281482 0.2362124701939553 0.3183934208918018
0.23445479235085787 0.03510288677676254 0.16680162309292612 0.5636406977794535
0.2971356447345739 0.32625283212157274 0.1409117387786054 0.23569978436524797
0.6777916547581528 0.0845427938024993 0.08774137480682964 0.14992417663251822
0.3214906209325361 0.10349917417455368 0.4398816811195396 0.1351285237733706
0.3230190786868641 0.283579405236296 0.39224943886432084 0.001152077212519087
0.057312980633086985 0.03806917605936011 0.7052839443671794 0.19933389894037346
0.34964752034163693 0.22486888347933764 0.1492752810524398 0.2762083151265856
0.3959940572605629 0.33340739767587535 0.22979867733263082 0.04079986773093092
0.2817712816350376 0.3680807100636986 0.20848982385249482 0.141658184448769
0.0675255738950914 0.2999232541384257 0.14724832198029936 0.48530284998618356
0.10954329695010956 0.5861620970395178 0.0692890211425321 0.2350055848678405
0.11391163269619886 0.0018014526005494247 0.5838248713565708 0.3004620433466809
0.33106228333540977 0.4893137554535879 0.038187769316832876 0.14143619189416945
0.09044162281441548 0.5295653144208767 0.3011283136883267 0.07886474907638108
0.10444197096771635 0.37266066853961244 0.06724558592267538 0.45565177456999584
0.11049821242465085 0.26124809239082336 0.46323687962261373 0.16501681556191206
0.2797879009724844 0.07038256549131916 0.2237616123597358 0.42606792117646064
0.0242773773017666 0.33681793079721145 0.08558314761483121 0.5533215442861907
0.2415259711065164 0.5649741348315663 0.1816963454054168 0.011803548656500462
0.39337442224446295 0.21394501441037206 0.14171187295505594 0.25096869039010905
0.11479585648509816 0.1399825374422785 0.024243295841725354 0.720978310230898
0.05549228289894903 0.1848464874315362 0.6765542349855002 0.08310699468401461
0.12641352797769145 0.808648509384179 0.05942075718965456 0.005517205448475004
0.3406667872106023 0.21873666867098618 0.3400219552028797 0.10057458891553184
0.3205935830740604 0.10159358907054816 0.4126021265265819 0.16521070132880955
0.3285865920315635 0.020889098730644373 0.2950182758075386 0.35550603343025355
0.2840711389291112 0.5709899807272328 0.07656575522492948 0.06837312511872651
0.03671572664813327 0.6463155580287231 0.023463994682172418 0.2935047206409712
0.5506805596166198 0.13632057030918954 0.27634551699025733 0.03665335308393336
0.2375625796209596 0.12547893340075267 0.5451325729330729 0.09182591404521478
0.04841733111474089 0.4236681255503202 0.16087932836239127 0.36703521497254765
0.1449063362743206 0.34457689870053954 0.48936540673015794 0.021151358294981937
0.10202687035475166 0.023476236313332066 0.5629054942819677 0.3115913990499486
0.23216123148463996 0.15386561420643252 0.5924469894306225 0.021526164878305054
0.07932121218190968 0.7936442724919183 0.056400704994834516 0.07063381033133753
0.49661342735748104 0.029595566134748896 0.12488296414580691 0.34890804236196316
0.49765975109945015 0.0385221789735718 0.4272350166532841 0.03658305327369393
0.32526055035497914 0.013732210855482263 0.03885983875152765 0.622147400038011
0.32679942650851646 0.036100109934299796 0.13670906909924063 0.5003913944579431
0.012065928181838825 0.4765881114159862 0.024576844294574518 0.48676911610760043
0.10801677488560124 0.2760521663388461 0.5362315862568509 0.0796994725187018
0.03685702080561026 0.33750909168560184 0.5388354063641695 0.08679848114461841
0.2513037664674528 0.09592101357814664 0.0007123147816571196 0.6520629051727435
0.004331761134991674 0.4897008928576433 0.38141484873936893 0.12455249726799611
0.2508339197055759 0.10560645264615243 0.23981160227407083 0.40374802537420085
0.6690621861714907 0.07697353575871446 0.15188554810558919 0.10207872996420564
0.061113263933407325 0.4384137500185791 0.004411890875328783 0.4960610951726848
0.032873048845245 0.34576064995672473 0.5897216362960711 0.03164466490195916
0.18763922767357932 0.2817295340814112 0.08097970482944783 0.44965153341556163
0.03669265565421642 0.34794122369030633 0.12052211656082878 0.49484400409464846
0.033960698875975304 0.765563567000036 0.13316554814293502 0.06731018598105365
0.44110113045474675 0.07885897031445288 0.02722126781682077 0.4528186314139796
0.23611688074581172 0.5301941503051266 0.2105624969829154 0.023126471966146256
0.17698326791045493 0.18084158060744626 0.019224757701036266 0.6229503937810625
0.08207096273822923 0.30599088138863206 0.5698994567893012 0.042038699083837505
0.4149754954613202 0.18966122323646717 0.17998303321866527 0.2153802480835474
0.30687759111999957 0.19323948386524148 0.15353226266644604 0.3463506623483129
0.012040393975534025 0.45983245020705266 0.09422810537967474 0.4338990504377386
0.2817857174456726 0.23260354277724138 0.33722517581412503 0.148385563962961
0.6240087244534236 0.022680144716676787 0.134954532009241 0.2183565988206586
0.15277840523322794 0.5686918368541384 0.1186324503664965 0.15989730754613718
0.18322438894703263 0.09251141721499478 0.6220312995757663 0.10223289426220628
0.059203088633445033 0.22047739787264253 0.47360009165051986 0.24671942184339257
0.3674917381791841 0.14310671615981774 0.4775754131958221 0.011826132465176054
0.6393242584508974 0.22425118875123484 0.033816536555766885 0.10260801624210092
0.480243840937163 0.209358552986311 0.11906118036899871 0.1913364257075273
0.08493236107354829 0.07097392310410422 0.14986270625035958 0.6942310095719879
0.04871799704517532 0.10410839734594945 0.07290012994792083 0.7742734756609544
0.38289853359766535 0.016209949410802005 0.031832281600914225 0.5690592353906184
0.20221042570352588 0.029607642880331242 0.5363390730371295 0.23184285837901342
0.2694844219400163 0.2738129717570996 0.3431828601097906 0.11351974619309346
0.26553936625095587 0.49784946066031266 0.05113754183356389 0.18547363125516758
0.19921189620705115 0.08341270634044273 0.33470197952309566 0.38267341792941045
0.34884009646517566 0.39702993423758637 0.12470279596202594 0.12942717333521203
0.2834443363504935 0.5629954203451248 0.09321640998884462 0.060343833315537054
0.16839622349718886 0.18989503346341996 0.18137578321359937 0.4603329598257918
0.15582169106645616 0.07722254624505254 0.6767748249424468 0.09018093774604452
0.3734853991062286 0.2836836651566459 0.21666771236924687 0.12616322336787866
0.599103523419848 0.005328415616957738 0.2704809199889314 0.12508714097426288
0.30774934082131833 0.06189823505269609 0.10927813225295357 0.521074291873032
0.04217386547695989 0.12477974042868956 0.33574341953901155 0.497302974555339
0.09904771988580818 0.3650883256011095 0.22103907145251633 0.314824883060566
0.06455182253997271 0.05096264423758401 0.7488352679586286 0.13565026526381463
0.030811901078877324 0.31987572250982677 0.1431389653926044 0.5061734110186915
0.14299653493518194 0.41883490004483526 0.25953155456159427 0.17863701045838853
0.7158100620864959 0.16464242532364726 0.08015473315875032 0.03939277943110653
0.039874832173743546 0.07853268620136666 0.8078876825912332 0.07370479903365657
0.13142381405984738 0.007524460846601744 0.5921322751997934 0.2689194498937575
0.33682363576292995 0.027954951528488592 0.07701011339092667 0.5582112993176548
0.25618855840337007 0.18937715573966274 0.28718358513252906 0.26725070072443813
0.17744954616386988 0.0051369013542660324 0.6077953098384544 0.20961824264340967
0.22324091555664816 0.22052189937749778 0.49843779392920884 0.05779939113664523
0.08614572498680073 0.3200334727027593 0.15458112719789718 0.4392396751125428
0.21664981090937108 0.3615180889378228 0.12412432353423108 0.29770777661857506
0.5969020634428248 0.2762221745843987 0.009333387821286121 0.11754237415149038
0.009069681165942423 0.3078650173444031 0.3466952189577813 0.33637008253187317
