25 70 4 193.93487982013667 387.8697596402734
8.831117229644907 6.240492358053038 3.5095504663096215 2.673201088811613 4.699901151326019 2.0563799242124396 7.164718699367215 4.938499536936854 6.006063926547732 4.303722894573915 4.621291559327826 2.017366306249567 5.0232776164074044 6.269006048599321 2.4578659346044445 5.686469092474152 3.9344601352404296 7.292676141499969 4.297550940246553 8.527370574394496 5.332086489227656 5.648520681926749 4.4474331535243214 9.977868062898226 5.628200394266011 6.0314794689562365 1.3100479129771432 7.479370237306012 4.789031928465182 4.93241612763024 3.5353067841008254 9.102469042510416 7.026510502964818 5.104618754396695 3.608239102950124 5.7323706711824975 6.033178553514055 7.707554486024375 8.45511628215973 8.413250067325443 1.694262878912728 6.8037586332472255 3.783318270728924 5.718283442887403 9.622831037807277 8.948808602956488 3.6588870112212093 5.6113838961551155 1.798321759158545 6.77545057979047 2.1917849834045677 7.898372331218507 1.6906801618154514 3.9793944042783425 7.118664284648597 5.582917715146423 6.896315262219277 6.419083220312147 7.471491017937998 4.7369731187648405 4.568874662787945 8.426250674723555 7.41296578292923 1.8814343693209121 8.579388327137934 4.967389789206392 4.3659031984112335 9.223082377432808 5.930002150832018 3.2674353657454422
1.7662234459289814 1.2480984716106076 0.7019100932619243 0.5346402177623226 0.9399802302652038 0.41127598484248795 1.432943739873443 0.9876999073873709 1.2012127853095464 0.860744578914783 0.9242583118655652 0.4034732612499134 1.0046555232814809 1.2538012097198643 0.4915731869208889 1.1372938184948302 0.7868920270480859 1.458535228299994 0.8595101880493106 1.7054741148788992 1.0664172978455313 1.12970413638535 0.8894866307048643 1.9955736125796453 1.1256400788532022 1.2062958937912474 0.2620095825954286 1.4958740474612022 0.9578063856930363 0.986483225526048 0.7070613568201651 1.8204938085020832 1.4053021005929636 1.020923750879339 0.7216478205900249 1.1464741342364995 1.2066357107028112 1.541510897204875 1.691023256431946 1.6826500134650886 0.33885257578254563 1.360751726649445 0.7566636541457848 1.1436566885774806 1.9245662075614554 1.7897617205912977 0.7317774022442418 1.122276779231023 0.359664351831709 1.355090115958094 0.43835699668091355 1.5796744662437014 0.3381360323630903 0.7958788808556685 1.4237328569297194 1.1165835430292845 1.3792630524438554 1.2838166440624295 1.4942982035875996 0.9473946237529681 0.9137749325575889 1.6852501349447109 1.482593156585846 0.3762868738641824 1.715877665427587 0.9934779578412783 0.8731806396822467 1.8446164754865617 1.1860004301664036 0.6534870731490885
0.027473941374380195 0.5634114201031529 0.24604280244343568 0.1630718360790312
0.1690414563978564 0.046022914675511783 0.1203014779948558 0.664634150931776
0.021376281366212724 0.07306330900857227 0.6647680610669575 0.24079234855825749
0.033682798780728995 0.07906624361927217 0.06187704437822539 0.8253739132217734
0.0843622262855469 0.004191543415058119 0.6008835031998349 0.3105627270995601
0.24437951602435493 0.23423156463930883 0.3270015677884265 0.19438735154790976
0.25304423289892997 0.06696289355596996 0.6385331123993028 0.0414597611457973
0.3860726209243748 0.10344842739400684 0.11244015934889351 0.3980387923327249
0.08570312337117136 0.27247151422297755 0.051447131563390536 0.5903782308424605
0.18300984615728033 0.39986053093628293 0.3308808101270019 0.08624881277943486
0.3510546414045185 0.6434268308863138 0.003786095721157623 0.001732431988010097
0.3236036385238463 0.17572163893516202 0.4609939821717849 0.03968074036920677
0.2459858565996741 0.13126440055617328 0.4198486947841288 0.20290104806002385
0.04444198706739688 0.3287566436137819 0.3813438905037866 0.24545747881503466
0.19807449786873876 0.1856297037901481 0.20504432106627224 0.4112514772748409
0.5372399039534632 0.22587753933093102 0.05283952685277027 0.1840430298628355
0.01534090572860014 0.07684800290431437 0.6280906270394311 0.2797204643276544
0.28584169213022836 0.04776225733653072 0.22898275407271795 0.43741329646052296
0.05532146800472615 0.37189097497959356 0.009838900323212108 0.5629486566924682
0.13996874216213195 0.11169010648052824 0.5056005310408727 0.24274062031646715
0.05952488938339007 0.009651712216911412 0.18929691296836693 0.7415264854313316
0.7325797418761093 0.11638609842429248 0.014224175086321456 0.13680998461327676
0.3195982637534255 0.10539006677052165 0.05471785317749822 0.5202938162985546
0.6821532791016668 0.137583369814694 0.1290992945078684 0.05116405657577083
0.10641362333582116 0.3252251664034479 0.032216927377007654 0.5361442828837233
0.3173645436378586 0.4429375587997143 0.03842472905140282 0.20127316851102428
0.37521484067374167 0.15047763037710082 0.14337203408297639 0.3309354948661811
0.007530155344974587 0.39483040147439463 0.3322694600757198 0.265369983104911
0.020099581590442117 0.4304030135011654 0.2358787592998014 0.3136186456085911
0.25667302134099035 0.16251779481452766 0.23885713544736709 0.3419520483971149
0.03321087153118785 0.2135070443274718 0.15474342022315624 0.5985386639181841
0.06081313391837573 0.5868302729238852 0.09130122750232661 0.26105536565541243
0.04082397348200506 0.3146310790096083 0.6406209760394105 0.003923971468976162
0.48415337861871954 0.16246095734563004 0.29534012266916443 0.058045541366485987
0.13619478577241206 0.10703263242813077 0.5866028213458817 0.17016976045357546
0.02142979193982475 0.10620884875511327 0.672225171353468 0.20013618795159394
0.15721783490651953 0.2625901182150506 0.45152350340129543 0.1286685434771344
0.7164374401539567 0.04306960223616796 0.006950518739815226 0.2335424388700601
0.1812639688338713 0.27213616542409547 0.05104174962091457 0.49555811612111866
0.3033744842172814 0.3568402986760658 0.14721279757867578 0.192572419527977
0.5428467733243169 0.01899046883319888 0.18080103855646412 0.25736171928602014
0.3692358729312163 0.21700022106061412 0.33065232116969945 0.08311158483847014
0.11079463985549487 0.6504700301329923 0.013727131151563099 0.22500819885994972
0.05483487675970411 0.6795940812700784 0.17304135023916256 0.09252969173105496
0.08155909636179282 0.13371967513077898 0.3172802407487064 0.4674409877587218
0.4687513246944429 0.1898860569894003 0.14809882109567685 0.19326379722047993
0.09327773326679079 0.2726096861785835 0.2503652935059695 0.38374728704865624
0.30535195243441104 0.24377099323881657 0.2962361477374904 0.15464090658928198
0.5107897998488097 0.30836886144576436 0.0765165961660943 0.10432474253933166
0.09386332278357745 0.2916514864809051 0.05747691483699813 0.5570082758985193
0.1496302430229639 0.2916773961751882 0.09944480124384936 0.45924755955799856
0.26280502342274603 0.08001711922072319 0.6020585182511208 0.055119339105410003
0.5475435201764297 0.06943386817889974 0.25393462347321105 0.1290879881714595
0.08108000770069101 0.057408883213427186 0.7926598500567537 0.06885125902912814
0.23494030947487787 0.27639340349477537 0.28451750656209196 0.2041487804682548
0.03149565775280827 0.09857655193126247 0.02997870185753393 0.8399490884583953
0.10627389382533137 0.6590429761285885 0.13915130707475232 0.09553182297132778
0.09673246566119642 0.3109964130581063 0.4939716215073401 0.09829949977335717
0.21260606154697081 0.3571791695682194 0.22889262643542363 0.20132214244938618
0.06139559201804734 0.43055706306752084 0.05820994695984305 0.44983739795458877
0.5280231943028334 0.04071857433824222 0.4020970622929644 0.029161169065960002
0.4747239021673195 0.330575575738113 0.06457576944520549 0.13012475264936196
0.2329553667041162 0.28409232324341605 0.4560804188498483 0.026871891202619458
0.09942443739190576 0.3026084419861528 0.455013825782129 0.14295329483981245
0.3688182018905566 0.05435117473893958 0.0792341546717068 0.49759646869879703
0.06493237601466306 0.24693912085242375 0.21876296197527034 0.46936554115764284
0.19431592017726917 0.4102074301932972 0.05708327248663447 0.33839337714279916
0.31863515003303877 0.14303039036063325 0.5100928733529405 0.028241586253387463
0.004500569533098964 0.13032301130470036 0.7022513115229142 0.16292510763928647
0.0008763918571776941 0.965311706317038 0.03075795864834685 0.003053943177437457
0.16365152801194183 0.04260577160179846 0.5689458715177953 0.22479682886846442
0.47239795478750024 0.2945963744961142 0.1450996700646099 0.08790600065177567
0.6608743268938546 0.0156870307787228 0.15460121211337552 0.16883743021404707
0.5668296093599882 0.22377701969309716 0.005364553306112185 0.2040288176408025
0.4693936699909217 0.022451993699431183 0.4457045988723807 0.06244973743726645
0.08564645309057428 0.10475422316737515 0.7024049101531421 0.10719441358890847
0.762317523333699 2.172435794167704e-05 0.02924215785395068 0.2084185944544087
0.006597664201326903 0.21535321286000686 0.07439980743816177 0.7036493155005045
0.10956164233446897 0.08715269002167525 0.550881171375041 0.2524044962688148
0.015087390905166198 0.29753215884228423 0.6133209879285823 0.07405946232396732
0.12496399018079785 0.025050060643053706 0.38104427385059125 0.4689416753255572
0.5394744309726107 0.2616494761657583 0.005293460635197977 0.19358263222643302
0.06345742593276682 0.05640886103123033 0.5069168013056459 0.373216911730357
0.07411585222570116 0.21889602890898563 0.6602355402710628 0.046752578594250416
0.04296878218210631 0.7379726463332835 0.20699883855166568 0.012059732932944489
0.12912113846325912 0.397555557265139 0.33756527738289477 0.13575802688870708
0.06683133145592302 0.10487304801202102 0.3744996554820492 0.45379596505000674
0.11671916814082994 0.2814280367569816 0.012784160996276439 0.589068634105912
0.6170603100656888 0.26876532161633204 0.04271814523341311 0.071456223084566
0.7118132213261392 0.2563361498084945 0.007731348012417594 0.024119280852948677
0.02612698446065609 0.3367601360303819 0.24215200880967847 0.39496087069928354
0.31943560507843716 0.1320229434102831 0.0784654095152072 0.47007604199607256
0.2603223447124632 0.08824900963507909 0.5437960289630501 0.1076326166894076
0.07085548628776739 0.09115546937862173 0.3089808126354402 0.5290082316981707
0.393481228271254 0.09465631875016711 0.019560468705392964 0.49230198427318594
0.028147397395793083 0.5088723171240386 0.3291212120282051 0.13385907345196324
0.07520348541365707 0.5151268593085164 0.08026996628121008 0.3293996889966164
0.28930037596339264 0.07764570604008292 0.2619813194460967 0.37107259855042773
0.45365097483915073 0.008065224416649808 0.5007963252140758 0.03748747553012366
0.2783441594158823 0.14300141199286487 0.13006079965995 0.44859362893130283
0.6481436258203351 0.17407316594546074 0.05787483040822794 0.11990837782597619
0.6788769139294726 0.06990915904505501 0.21657879744896957 0.03463512957650283
0.16482760696260979 0.348030978410629 0.03399612978466082 0.45314528484210037
0.40802806955274074 0.1681832158054607 0.0064920759012222495 0.4172966387405763
0.15854688756779856 0.018881691084954633 0.028386602999719512 0.7941848183475273
0.27403255880967436 0.19044539782441483 0.1330876781473661 0.4024343652185447
0.2648385295164015 0.15662877748374437 0.027042955508204125 0.55148973749165
0.45279447758164826 0.15271487747404755 0.15274936429893005 0.24174128064537415
0.021023695686286814 0.28473419191366656 0.14167733612844036 0.5525647762716063
0.16047642300704412 0.14412536273961074 0.17085239443996914 0.524545819813376
0.7364942463461907 0.21611069128567828 0.02351501499640407 0.023880047371726998
0.24278543640438444 0.6837799583833191 0.00892183983512329 0.06451276537717321
0.22919910453538328 0.3283077479944837 0.06492955933015654 0.3775635881399765
0.038410046716164215 0.8392688108750315 0.07952178734158355 0.04279935506722077
0.13504762606850718 0.4081586692235539 0.1441090201428995 0.3126846845650394
0.40526494594711626 0.04780066511338221 0.5395412303551367 0.007393158584364845
0.40820335789247264 0.4189296256537429 0.0972208478760831 0.07564616857770134
0.4584644806811633 0.09860512679454503 0.10357075800855298 0.3393596345157387
0.5381873792751026 0.007991806668129153 0.2599755407059934 0.19384527335077484
0.16357748341801026 0.4124310280657112 0.09790250692043656 0.326088981595842
0.15401133266563227 0.6567931098211757 0.17703242007347186 0.012163137439720195
0.16844578161408763 0.09273730869586638 0.24055931293450616 0.4982575967555398
0.2906694676828022 0.33487879348155425 0.12048346135141097 0.25396827748423256
0.18412981122401406 0.04007649240527056 0.25549350283333216 0.5203001935373832
0.06725497030390204 0.734865860166205 0.14849615006720662 0.049383019462686306
0.5109946569491535 0.06644518743592243 0.39142181146087485 0.031138344154049258
0.3946377052910679 0.2831890860654891 0.22514696417275226 0.09702624447069075
0.47752820441262145 0.126665789357428 0.011434143442580869 0.3843718627873697
0.3538791354886627 0.08205442156379894 0.3845910240026025 0.1794754189449359
0.15956802075668064 0.08756265651771378 0.6889138059141384 0.06395551681146716
0.46838153560328655 0.3968030906551835 0.11126286423206988 0.023552509509460084
0.3498671822560605 0.44024981109908723 0.0064982032007930846 0.20338480344405918
0.036065578146655786 0.44875043638524326 0.504007934211304 0.011176051256796993
0.21456530539413798 0.3139930897636459 0.334852706747228 0.1365888980949881
0.28994357742386945 0.2221654897390707 0.3667297636018212 0.12116116923523867
0.43775278383937866 0.32067062719352535 0.07641610096425377 0.16516048800284222
0.22506995255583329 0.34615906057603973 0.31935387127869086 0.10941711558943612
0.10436693772801486 0.328718667667784 0.4563858335912513 0.11052856101294983
0.4914742036208316 0.28127792871149204 0.06367536876727331 0.16357249890040304
0.16131749444254895 0.1940471713338534 0.5478384919505508 0.09679684227304686
