72 80 4 206.88465832141662 413.76931664283325
1.9606438202977965 7.159083699508186 5.814663556519784 4.322683690749686 4.713531793537914 6.290627284226625 7.4446640946279645 2.560006348969599 1.6006806412324366 5.506109854092406 4.889324756650156 9.52008329696418 4.7463388486877545 3.227227175226006 4.637276554367602 6.708331755855227 6.253869497266358 8.038939268866347 6.551831756201629 6.649899896439457 4.328822075900204 2.515390340542273 7.707889486003484 4.5587448193049 6.94480489784547 3.8677982575118137 1.6252399305613885 1.4401216447038876 4.974817132287554 7.313013271106289 8.095354848023987 3.136015120719582 6.859837675763878 8.834433278173709 2.8943933829228383 2.1690208476037447 8.24959736028803 1.3606180943748187 4.249468180407069 7.085573699810209 8.44536916481849 4.92844144815592 1.7110234915331053 1.841841490145022 7.231425799748258 8.153391742208996 3.901336633734781 4.396714607199008 7.595691784715063 3.488391396925744 3.179051472672481 3.4401587893049856 2.4703217170609015 1.424880761352314 8.52224260099745 9.047087938221761 6.382165491562386 4.190496533591182 1.696369249267046 2.5647843356725204 2.608650668635375 4.762178192862881 9.042987187657621 3.3516025370996108 6.824832896679669 9.04969997101398 6.148171488285079 1.923070701019975 6.560926394424121 6.616806065299193 7.276268516588664 7.363776936603095 3.6679387063293794 3.921186678050546 3.4721100835644148 6.100564917029682 1.706880520324551 5.028539535726952 8.417523991112873 8.507642271495971
0.3921287640595593 1.4318167399016373 1.162932711303957 0.8645367381499373 0.9427063587075828 1.258125456845325 1.4889328189255928 0.5120012697939198 0.3201361282464873 1.1012219708184812 0.9778649513300313 1.9040166593928363 0.9492677697375509 0.6454454350452012 0.9274553108735205 1.3416663511710454 1.2507738994532716 1.6077878537732695 1.3103663512403259 1.3299799792878915 0.8657644151800408 0.5030780681084546 1.5415778972006968 0.91174896386098 1.388960979569094 0.7735596515023627 0.3250479861122777 0.2880243289407775 0.9949634264575108 1.4626026542212578 1.6190709696047976 0.6272030241439164 1.3719675351527756 1.7668866556347418 0.5788786765845677 0.43380416952074896 1.649919472057606 0.2721236188749637 0.8498936360814138 1.4171147399620418 1.689073832963698 0.9856882896311839 0.34220469830662104 0.3683682980290044 1.4462851599496516 1.630678348441799 0.7802673267469562 0.8793429214398015 1.5191383569430126 0.6976782793851488 0.6358102945344962 0.6880317578609971 0.4940643434121803 0.2849761522704628 1.70444852019949 1.8094175876443521 1.2764330983124772 0.8380993067182365 0.3392738498534092 0.5129568671345041 0.521730133727075 0.9524356385725762 1.8085974375315241 0.6703205074199221 1.3649665793359338 1.809939994202796 1.2296342976570158 0.384614140203995 1.3121852788848243 1.3233612130598387 1.4552537033177328 1.472755387320619 0.7335877412658759 0.7842373356101092 0.694422016712883 1.2201129834059363 0.3413761040649102 1.0057079071453905 1.6835047982225746 1.7015284542991942
0.17029116698328206 0.02791053909517227 0.20006521018926415 0.6017330837322815
0.12426297385265761 0.6146911427176812 0.011372566460626898 0.24967331696903428
0.648451075746577 0.17418642041869026 0.06868433930638995 0.10867816452834278
0.47123150209091813 0.07842014994257662 0.013112812544626928 0.4372355354218783
0.0153140450721857 0.5355099511104681 0.15685188854217835 0.2923241152751679
0.39689659187633397 0.17990329609810074 0.4119659615260415 0.01123415049952381
0.3074316992318751 0.31714863068496235 0.22428218051511395 0.15113748956804862
0.04298631597798741 0.5492507886255309 0.3629918497888086 0.04477104560767309
0.3350943203463558 0.38686777565501407 0.23961262927066906 0.03842527472796109
0.026297527388746134 0.2169457924260153 0.456508765170626 0.30024791501461257
0.6050620250331629 0.2996867818918745 0.04295214035549 0.05229905271947266
0.08129492827769935 0.09611246382081629 0.39408318001235076 0.4285094278891336
0.09921240387139507 0.12387254747530285 0.1775194206602586 0.5993956279930435
0.09423630701640007 0.5391414673582651 0.3348040722857589 0.03181815333957594
0.00873738501131982 0.6990263311150704 0.23444861002086637 0.057787673852743415
0.302156528085187 0.024209541205400975 0.025572183634773094 0.6480617470746389
0.06624057814095152 0.026887317855231463 0.15167512219916057 0.7551969818046564
0.06281116324033387 0.16444152072267715 0.4523190807675562 0.32042823526943276
0.041081623773059905 0.3825735715726837 0.007840977988717635 0.5685038266655388
0.021381054740895578 0.12021889073906789 0.5733779274660252 0.2850221270540113
0.06092386924792459 0.014349467970446672 0.7885041144514829 0.1362225483301458
0.7233889458897205 0.016606165588892052 0.15099015820711925 0.10901473031426823
0.20944961133957918 0.248604613603169 0.3035122251191301 0.2384335499381217
0.4702620838192717 0.00832357935310768 0.06614907478754306 0.45526526204007756
0.4380882571135546 0.07178247751108979 0.2643371799669001 0.22579208540845552
0.03395653622306749 0.7430999588742316 0.08329383813904156 0.1396496667636593
0.2520032015011283 0.41806315191179255 0.07206113543377557 0.25787251115330356
0.004138275611138886 0.5699163397426259 0.23585667849458514 0.19008870615165008
0.06895862506258021 0.04430582926634086 0.4313601524178482 0.45537539325323073
0.08485955878716489 0.5834443665851534 0.2106265540167115 0.1210695206109702
0.13740620352740562 0.061929077986648706 0.4103009031599183 0.3903638153260274
0.5422578197664105 0.04117126164619134 0.026955539396357753 0.3896153791910404
0.4288782916271153 0.14272831043555823 0.4250462046749832 0.0033471932623432288
0.06449947367139464 0.5802583486527557 0.3074922993134088 0.04774987836244082
0.44087572770127836 0.01227512125821395 0.18289576508906258 0.3639533859514451
0.15952792080439349 0.7671785497424422 0.0008707992761012306 0.07242273017706313
0.5745980630125239 0.16198535687125126 0.09646672524712718 0.16694985486909764
0.20385710475701568 0.4420300274445895 0.24722789488464447 0.10688497291375032
0.111641906512018 0.2932416109475985 0.019554123129645884 0.5755623594107376
0.1188972892878073 0.2482261140506692 0.5561297204959119 0.0767468761656116
0.1503422861348176 0.46742170115261783 0.3257771180992687 0.056458894613295896
0.46031474069515144 0.03121222261067258 0.09128722021641222 0.41718581647776376
0.43406406196923364 0.01514008634574382 0.31534836816593403 0.2354474835190885
0.12127150997093283 0.37186444015495024 0.2348968545062522 0.27196719536786473
0.21244605488227097 0.16190736609524092 0.38035421865161667 0.24529236037087143
0.06700668141306032 0.6244032612310987 0.24572960895407792 0.06286044840176308
0.2233865632752705 0.31010986124922724 0.39593918485703283 0.07056439061846942
0.10220509802164612 0.5952868520015543 0.2748281826778851 0.027679867298914473
0.1197370333162382 0.07297185945653273 0.7277250288288224 0.07956607839840668
0.4674110479448177 0.24386866352888292 0.06417157751636782 0.22454871100993157
0.30295583193338527 0.08249805388105325 0.3868811955872008 0.2276649185983607
0.007048745887160424 0.28497146305598753 0.47689074159415534 0.2310890494626967
0.1151448954151727 0.33458907108884484 0.41258296274130435 0.13768307075467812
0.3537985017336842 0.5501797829479561 0.024527914674160933 0.07149380064419875
0.1906526938403439 0.14717189164670796 0.28011427978886083 0.3820611347240873
0.11638572720082185 0.062032579015482536 0.1963971323609548 0.6251845614227408
0.24385182745476852 0.08340089846919874 0.6640149991727241 0.008732274903308634
0.1901969765552276 0.04166869680500984 0.5631968381860292 0.20493748845373339
0.006731985655046624 0.050685811573201955 0.794354853542916 0.1482273492288354
0.5400808494516406 0.0977982847452531 0.12367149439042724 0.23844937141267908
0.10989242292513957 0.509305922733874 0.2528662293924372 0.12793542494854926
0.0474877927946149 0.06425065598584934 0.20885726805536964 0.6794042831641661
0.09441698718458613 0.04280783747839767 0.4693373561240787 0.3934378192129375
0.19868394263936506 0.21588611141513703 0.3920095291439536 0.19342041680154431
0.18611599853406258 0.06935869258047966 0.6232254276272721 0.1212998812581857
0.4425528848546044 0.029221385877055805 0.03705331058221517 0.4911724186861246
0.04299900915726684 0.6226929911596728 0.11435590332131507 0.2199520963617453
0.1234773846445093 0.48079229438833293 0.02180829684085339 0.3739220241263044
0.12781500882251107 0.32613112959528134 0.2088732069850331 0.3371806545971745
0.22267011184820806 0.5893089667269856 0.0877463243681097 0.10027459705669661
0.3197738478750608 0.08505912956602979 0.513879722575123 0.08128729998378637
0.07509072803441696 0.3917527435140824 0.49979867766875297 0.03335785078274767
0.3909731513511613 0.08741369913971275 0.253452680001075 0.26816046950805095
0.4588079230001656 0.41957411715108117 0.04601686629992696 0.07560109354882627
0.6561452729155057 0.22333641399434578 0.117686964038613 0.002831349051535481
0.2232872189367925 0.07278369492646697 0.5136282708545348 0.19030081528220577
0.16221369616091208 0.04569349424374869 0.38489802728288247 0.40719478231245676
0.21919508491678052 0.11869311141739258 0.39232486289798874 0.26978694076783816
0.5903315738833377 0.13137703436657722 0.05999997673545121 0.2182914150146339
0.4688514757607346 0.07287437069489777 0.031650731249546205 0.4266234222948214
0.13093903601063417 0.23342913960652834 0.13043359467418947 0.505198229708648
0.14059307241686836 0.04236744807465598 0.5857588046577042 0.23128067485077142
0.1400531920450807 0.5099672653683176 0.167185933319017 0.1827936092675847
0.22707352945293613 0.5310739812366477 0.0006011892018968901 0.24125130010851925
0.47976635199067275 0.026251933356261636 0.4156920244167719 0.07828969023629373
0.1074602101678136 0.5577081362994376 0.028363137303908603 0.3064685162288402
0.21940195711597799 0.1553821012842378 0.20876628848241707 0.41644965311736715
0.30334027622373294 0.5217802870187802 0.10451491636629384 0.07036452039119301
0.30206903431155874 0.42665275057277985 0.21825241770149506 0.053025797414166354
0.549548419749513 0.018024140094085928 0.3249339940118051 0.107493446144596
0.19699009521377686 0.08461737199068065 0.1527207031448944 0.5656718296506481
0.44170604385197654 0.4403438766116752 0.014087579004389505 0.10386250053195878
0.34994964268587314 0.3937280121737391 0.24367975788039398 0.012642587259993787
0.12880662405886412 0.36876731406071817 0.35522786614719337 0.14719819573322435
0.060398142683514955 0.5600118247232919 0.30825631881799875 0.07133371377519437
0.17490710452425184 0.1768200153487195 0.2417842959782447 0.40648858414878397
0.6905216639822788 0.11150582007264809 0.12756874471736335 0.0704037712277098
0.0784947277373782 0.3351511105702073 0.4118842895173995 0.17446987217501497
0.23955628030188758 0.4875292069123883 0.1994494077640795 0.0734651050216446
0.2099742887708994 0.496070630518879 0.21105870519891967 0.08289637551130191
0.76908283930197 0.07879820622219869 0.1167838031919729 0.035335151283858446
0.1460602810762387 0.5277201627399506 0.31100510622760613 0.015214449956204579
0.27800652876896625 0.45951691318980603 0.2587618782676361 0.0037146797735916337
0.46591146404397377 0.3092335437420233 0.14200633443306543 0.08284865778093753
0.3468156553219045 0.008419655988827879 0.07871614616390177 0.5660485425253658
0.04048844089161674 0.6559016542547361 0.09700810947369531 0.20660179537995182
0.14492049132954432 0.4455679589570626 0.3758180603227441 0.03369348939064898
0.16499059592757992 0.6061489939169584 0.11166966039320203 0.11719074976225963
0.022201258734813156 0.32164201383928437 0.1900882305883167 0.4660684968375858
0.398102818924445 0.4385199532047971 0.13096926620493254 0.03240796166582538
0.22111058655698546 0.05116899309169354 0.5442333728780668 0.18348704747325417
0.1427021639200099 0.003957952764141126 0.8017067734391472 0.05163310987670178
0.34023879425520775 0.3139735530673563 0.2156890935485748 0.13009855912886115
0.1349578128720078 0.2032575489233358 0.27176900259405734 0.39001563561059904
0.49095955741644914 0.369355840610455 0.08101071364054035 0.05867388833255549
0.31662930007343304 0.26178800436773053 0.14252440886671103 0.2790582866921254
0.1482933690795054 0.6856040890685854 0.004520227339522731 0.16158231451238647
0.24338946635343217 0.05793222617273097 0.07129006051436848 0.6273882469594684
0.09879258290318893 0.0148644142109563 0.8477835530107857 0.038559449875069096
0.1165270995063441 0.10580723044130158 0.21446876247670554 0.5631969075756488
0.37388758629928953 0.007145308223778124 0.6158527118114676 0.003114393665464732
0.160463697664601 0.32244808598094965 0.24560702701894888 0.2714811893355005
0.48985939537051215 0.007625101394865719 0.2927669590220251 0.20974854421259703
0.3647944351544541 0.19535421879706638 0.07478695428160542 0.3650643917668741
0.36773503590124956 0.21083956182965835 0.41970689082060963 0.0017185114484824515
0.2606278515462319 0.5263716999045026 0.05954633316080493 0.15345411538846054
0.0586676070400618 0.023847081405453774 0.3286280340955663 0.5888572774589181
0.0031837343167789856 0.09579916094488306 0.3657271251298062 0.5352899796085318
0.3430838693474094 0.21374916513651543 0.07892407704689841 0.36424288846917674
0.26166613050703547 0.014677917899717507 0.23984423592981008 0.48381171566343695
0.21988486723583356 0.5305279240637404 0.23359007224327089 0.01599713645715517
0.2619524781460042 0.3858549317174882 0.22421075066333684 0.12798183947317077
0.13582536424824865 0.4025796746463597 0.11915492888907364 0.342440032216318
0.2586668862999725 0.38871556434907595 0.13646164014139728 0.2161559092095543
0.2301286876349652 0.08177030472886326 0.12639049258871327 0.5617105150474583
0.11000500339416885 0.1874799897231213 0.012383207862935897 0.690131799019774
0.1909863888542549 0.38818614019256004 0.24189961233216595 0.17892785862101912
0.22563236054139846 0.5336182860955262 0.11924326096901827 0.12150609239405707
0.6735741676108057 0.12783093657049194 0.16593365743614719 0.03266123838255519
0.2241983458938558 0.02983741178973731 0.296476211964265 0.4494880303521419
0.412587631014799 0.004703497497869358 0.5099747234721224 0.07273414801520928
0.00591870407450501 0.14534508825841586 0.17714834233711907 0.6715878653299601
0.3641640309836113 0.061777688233821015 0.09740710143411235 0.47665117934845536
0.25883964277442206 0.19468884126906771 0.37195285515399923 0.174518660802511
0.14426193769549067 0.19497285460753278 0.23624393321675408 0.4245212744802225
0.2525601112485629 0.0011631037081220041 0.37659562184166306 0.369681163201652
0.15199163192189513 0.1564625221474254 0.5113336901221314 0.1802121558085481
0.41724458292118627 0.09192650324151563 0.02252084375869612 0.468308070078602
0.21380383106101497 0.34037745535008734 0.06156936454328332 0.38424934904561436
0.2216961713753579 0.13817428985139146 0.19299197769979148 0.44713756107345914
0.5060076932857355 0.25315602835846884 0.14258409333991762 0.09825218501587807
0.3514241206078791 0.1442898068730738 0.41173434012451304 0.09255173239453407
0.3145476096441223 0.30848437169804144 0.3369107656920203 0.04005725296581597
0.22254338122637074 0.14619004664178692 0.062203877510162875 0.5690626946216795
0.5963153669300683 0.154307117098903 0.025917176352008853 0.2234603396190199
0.019309177189386517 0.6830712629500462 0.1929601252802443 0.10465943458032301
0.24146833172365956 0.03510053488740661 0.28325038149804604 0.4401807518908878
0.028288422814807257 0.22932357585325314 0.1160483639565636 0.626339637375376
0.03485773319694441 0.4863241564296835 0.22868203644492946 0.2501360739284426
0.315574226652788 0.48886521636971947 0.14234042912601086 0.05322012785148167
