70 50 4 136.76601075878887 273.53202151757773
9.34732484757063 8.85183664968294 6.261681453359978 9.146531563514172 3.8514931407166553 2.332072908368053 8.735806920188862 4.903308700760383 5.441687175209001 5.073073275225309 4.268392073086812 3.3605620055670435 6.321955343957896 3.790098804293568 1.393341819480739 7.373172476553156 2.6659844938520223 2.7164367896781014 7.6145415661217095 2.1335157895025962 3.7635819549831995 9.407359086290398 9.871521529178883 9.801741568597 2.1810454302031443 1.0440409399415314 8.091922804070288 7.072409285184418 4.098748944029223 4.0720905994994006 5.395110474829797 5.76177457815315 9.929782263499726 9.53220697220062 8.207287356665029 2.6833723745966953 2.396026842624277 1.2921312637210782 3.4014654409686647 4.294448725278549 9.71624746566165 4.292272218376217 5.354992578124489 2.7837765254471667 9.234428490437944 2.9222642471192644 8.597729956829403 1.469636427725499 3.089201636978759 8.190585739672565
1.8694649695141259 1.770367329936588 1.2523362906719957 1.8293063127028344 0.770298628143331 0.4664145816736106 1.7471613840377724 0.9806617401520766 1.0883374350418002 1.0146146550450619 0.8536784146173624 0.6721124011134088 1.2643910687915791 0.7580197608587136 0.2786683638961478 1.4746344953106312 0.5331968987704044 0.5432873579356203 1.522908313224342 0.42670315790051927 0.7527163909966399 1.8814718172580798 1.9743043058357768 1.9603483137194 0.43620908604062886 0.20880818798830628 1.6183845608140577 1.4144818570368836 0.8197497888058447 0.8144181198998801 1.0790220949659592 1.15235491563063 1.9859564526999454 1.9064413944401242 1.641457471333006 0.5366744749193391 0.4792053685248554 0.25842625274421566 0.6802930881937329 0.8588897450557098 1.94324949313233 0.8584544436752435 1.0709985156248978 0.5567553050894334 1.8468856980875887 0.5844528494238529 1.7195459913658806 0.2939272855450998 0.6178403273957518 1.6381171479345131
0.1847480115333836 0.035785559511515186 0.19600357327059637 0.5834628556845048
0.10897001329416456 0.42572045951158355 0.295246134407115 0.1700633927871369
0.35111633410827126 0.22937928861228574 0.2817243519860184 0.1377800252934246
0.13337942242469347 0.15285092225442953 0.3660786392142459 0.3476910161066311
0.023508498826517954 0.3597265002194866 0.28698251234091443 0.329782488613081
0.15099021326372564 0.08057657735652646 0.6926153124295626 0.07581789695018526
0.06996371941261814 0.03448426939628335 0.28160115861377477 0.6139508525773237
0.01030334456194093 0.0697505397171122 0.5772307952453261 0.3427153204756208
0.0694357802497022 0.14601784740809554 0.5471780951287811 0.23736827721342113
0.5956229758792488 0.01289408046191498 0.34698966973566026 0.044493273923175924
0.3070095612981981 0.18225100445459208 0.2665142287189912 0.24422520552821858
0.2700647561648236 0.136551387861366 0.1753592489916036 0.4180246069822068
0.5203692860931592 0.2889180734930884 0.12053337343835036 0.070179266975402
0.09038581352446784 0.012767123099813649 0.672676094490882 0.22417096888483656
0.1707851185015402 0.049775962092007964 0.3045807002521266 0.47485821915432525
0.453678965846001 0.016166194825840585 0.4766263918958208 0.053528447432337645
0.12064733458120613 0.5448160906165359 0.043187021746853405 0.29134955305540455
0.5884981594032654 0.09289183989426264 0.2772610910611121 0.04134890964135984
0.38500840526319 0.2600233593251893 0.24588026206570457 0.10908797334591613
0.3734639681850057 0.05560706502372437 0.05963407429967038 0.5112948924915995
0.00445161509871117 0.6464188444634259 0.01623813200135671 0.3328914084365062
0.0372598560904267 0.04163498305984836 0.2711946132868144 0.6499105475629106
0.5408078305702165 0.07081197865748468 0.2685784218389222 0.11980176893337657
0.3615247284095475 0.10813449649439777 0.3286665813976868 0.20167419369836792
0.2087930951256256 0.2579750810738598 0.00912517305339089 0.5241066507471237
0.08192292092982334 0.07042768926511211 0.7606489695971281 0.08700042020793641
0.4767458404599285 0.08750766707086866 0.12775156611126837 0.30799492635793446
0.12649027390620904 0.8157823367307814 0.051247026128182216 0.006480363234827369
0.028324193616855786 0.4812044136468563 0.07610233321260595 0.41436905952368197
0.09797120762485767 0.18917588577109112 0.039141266764455285 0.6737116398395959
0.325779167896296 0.28127572818329805 0.37172888749645816 0.021216216423947776
0.39469129021683036 0.18608770633048066 0.402385859419234 0.016835144033454985
0.15665486541672968 0.37080066977304127 0.2626667691862874 0.20987769562394165
0.16410102977798835 0.03545260577450804 0.5988831356042089 0.2015632288432947
0.07408157648255864 0.07873795695421093 0.3180889252415723 0.5290915413216581
0.10476745004991017 0.0671420847377 0.6139178790385845 0.2141725861738053
0.07776144429904919 0.06602747948750298 0.27500855372575106 0.5812025224876968
0.005865828852322785 0.6884791730663586 0.007579701614305434 0.29807529646701314
0.4633204823693384 0.06140852797360219 0.43569785145199014 0.03957313820506925
0.12341554131180632 0.2414415182713382 0.011716170996477593 0.6234267694203779
0.04090246623007898 0.2182853570542057 0.49494150933947356 0.24587066737624175
0.06740079766605145 0.1374844698881117 0.6234807938348821 0.17163393861095477
0.22484866224700928 0.048350078987572154 0.052074161283519826 0.6747270974818987
0.0646336256625819 0.04616032325785169 0.806072284327702 0.08313376675186446
0.004758573262586441 0.11949529503943146 0.12722316765259245 0.7485229640453896
0.05548250772734786 0.02422008272303866 0.9185518135106998 0.001745596038913666
0.13335218214299083 0.432498014152792 0.23218086646493086 0.20196893723928633
0.05694203117982577 0.01450850732271236 0.8012380440862403 0.12731141741122154
0.5446357119154234 0.22330898322233528 0.21804001961189245 0.014015285250348897
0.22472214778979016 0.3269785660979967 0.05774691144564814 0.390552374666565
0.14292332531108032 0.1569291125882204 0.19431711814935126 0.505830443951348
0.4411474151179431 0.17749004076732533 0.32809108877338544 0.05327145534134614
0.37045341571718815 0.4954876513534954 0.10034990264079258 0.0337090302885239
0.7606256303894526 0.1293249174591633 0.06349349349014544 0.04655595866123863
0.45251402420131037 0.3292256420630777 0.13221967226185616 0.08604066147375578
0.21121957439284134 0.08378180589094553 0.6949030928074065 0.010095526908806662
0.20103797445081073 0.08173636916463234 0.6984618753093098 0.01876378107524712
0.5003304923807054 0.04000856655459295 0.01213340281224451 0.44752753825245717
0.22281996812283233 0.4682388392787358 0.18574174510881625 0.12319944748961564
0.6419273232864979 0.25251227199068593 0.015978124513490455 0.08958228020932568
0.024283045431891415 0.16322907352869165 0.16450108154048848 0.6479867994989285
0.3464973857946583 0.2508633956215327 0.2840088119914199 0.1186304065923891
0.040618943491545934 0.43005354124724937 0.2716298125036153 0.2576977027575894
0.2992602789876445 0.31213368159020594 0.07769131855335132 0.31091472086879823
0.17623798231251042 0.15237889243283476 0.42961614314602037 0.24176698210863445
0.2889985013717524 0.3332189580880127 0.10840579019890373 0.26937675034133113
0.15499574026417806 0.0021104127747961776 0.8146721431295586 0.02822170383146716
0.0189366392704422 0.2626325019829082 0.027557222888182853 0.6908736358584667
0.00047802489941950466 0.22635631921013277 0.2819395198430069 0.4912261360474408
0.6060210145021417 0.23396059439006667 0.055632159168906736 0.10438623193888485
0.01659476882037192 0.012136779979208479 0.9439306149780189 0.027337836222400713
0.7321985818901926 0.08388757452060602 0.07171858647942186 0.11219525710977951
0.1512736729124795 0.4037787992926428 0.4426386060494484 0.002308921745429293
0.052027102504060174 0.2069889363110612 0.22286858125412445 0.5181153799307542
0.059304900530968485 0.5426414553889704 0.10808204054866521 0.28997160353139595
0.21106539564718263 0.1264657585533473 0.29702743684827093 0.36544140895119914
0.38741853853425123 0.10925995707649927 0.20135134020880774 0.30197016418044176
0.31621207410317553 0.0821952162589431 0.3303596937287807 0.27123301590910065
0.09331181749239426 0.015917180564059774 0.6530059263186905 0.2377650756248555
0.06376311111988575 0.20530966163044606 0.0799216221997795 0.6510056050498887
0.01651050939998233 0.6323886836034238 0.06791896046624601 0.28318184653034784
0.18226751157785914 0.14638905479169995 0.24540942438968116 0.42593400924075975
0.044719961861107826 0.5088263345528685 0.4402482825190468 0.006205421066976857
0.4996227247207349 0.1430996565491499 0.18699103477411327 0.17028658395600194
0.07644639794560704 0.8409174601637897 0.07513491682421436 0.00750122506638895
0.07955831738318397 0.20842038727111178 0.4732329233978385 0.23878837194786573
0.11406521936316927 0.4690301622800295 0.12268547475285119 0.2942191436039501
0.009209617738055509 0.3529720253886174 0.4760377564125581 0.16178060046076903
0.19150878053242937 0.6170489141241833 0.030884029069561558 0.1605582762738258
0.3073313350874134 0.15445051013979205 0.12471460795914613 0.4135035468136484
0.09909948339210306 0.0017869951285302 0.6723054504429309 0.22680807103643585
0.005554115775879387 0.06151130281980244 0.4407884118659855 0.4921461695383327
0.6199597177931138 0.33531269950626097 0.008539068435254427 0.03618851426537084
0.6208665295192075 0.03522866122235102 0.1705903853262296 0.17331442393221186
0.4867558297460908 0.1724966990543806 0.30504033214661685 0.035707139052911785
0.5664328496366924 0.01910437395425757 0.3662506574347134 0.04821211897433664
0.04013937883442098 0.441721178129167 0.23355712583769817 0.28458231719871385
0.08817071771031193 0.3313478637403421 0.2503816900728716 0.3300997284764744
0.47033528672063263 0.03779882282004943 0.4657009082848944 0.026164982174423534
0.10125731213441758 0.10464201018108599 0.6210687691707366 0.17303190851375982
