94 10 4 29.196088368116534 58.39217673623307
7.474472076195626 6.464990580597906 7.208754531208873 4.810896810104815 5.056894995312373 4.5322477299072235 5.607164333181606 2.0147676309530946 9.768673115748545 5.453314933023011
1.4948944152391253 1.2929981161195812 1.4417509062417746 0.962179362020963 1.0113789990624746 0.9064495459814447 1.1214328666363211 0.4029535261906189 1.953734623149709 1.090662986604602
0.30237855945508174 0.4710448693791943 0.1801913565409864 0.04638521462473755
0.02810411818933778 0.3163126224720506 0.3558355151865802 0.2997477441520314
0.0609631835848542 0.0826789896539486 0.3730132976121038 0.4833445291490934
0.024024467078657907 0.7065512849684944 0.1139647289016642 0.1554595190511835
0.2394363436673198 0.030439759827359913 0.2088001572263959 0.5213237392789244
0.2673143572010005 0.17445295692113372 0.466353106588248 0.09187957928961776
0.5464587153478198 0.07586247568758564 0.322365154104016 0.0553136548605786
0.39945282036317 0.06907276665632511 0.2863681124712598 0.2451063005092451
0.01708899549345466 0.48837636345252533 0.24228629144812064 0.25224834960589937
0.4748153197502716 0.011098849151891299 0.236245217134202 0.27784061396363513
0.30696589322894885 0.006178905362575815 0.45991789326630406 0.22693730814217128
0.299089575129424 0.22564535578142497 0.4502652646675187 0.0249998044216323
0.017033143385941307 0.6107637734881424 0.009434961043497947 0.3627681220824184
0.1435435141685799 0.06313751661928757 0.20111423002729756 0.592204739184835
0.017076978431587286 0.18517963318562036 0.6743720628781035 0.12337132550468888
0.30049964467652657 0.38651368569041444 0.24006203455103658 0.0729246350820224
0.6312680881253985 0.2735045770657316 0.02490902293862096 0.07031831187024895
0.20528460760370126 0.2699882031549199 0.1571900591848454 0.36753713005653343
0.04752810918127104 0.5842403783807525 0.07389373456897153 0.29433777786900495
0.20720620963879588 0.3735320308485989 0.059096170391535585 0.36016558912106966
