47 30 4 80.44298587163254 160.8859717432651
2.021396247042846 9.77034784992811 7.558611701509956 4.163210253034313 7.368446244331729 8.196441414940484 6.8100566905746325 4.731396464693497 7.354279101457083 3.219844435971777 3.303931881681661 1.2161021873082483 1.8885335936392948 3.7039279182515954 6.767701100293832 3.8998715326253106 2.669447242683014 9.254741941337631 3.43828723037293 3.4619310243772183 9.589714141586885 2.144031139531572 7.72538364891434 1.0471416012901236 8.711115470779287 7.263605811895281 5.977231338110938 9.417122177047442 5.613611767691925 2.5985085903621132
0.4042792494085692 1.9540695699856219 1.5117223403019913 0.8326420506068626 1.4736892488663458 1.6392882829880968 1.3620113381149266 0.9462792929386994 1.4708558202914166 0.6439688871943554 0.6607863763363322 0.24322043746164965 0.377706718727859 0.7407855836503191 1.3535402200587663 0.7799743065250622 0.5338894485366028 1.8509483882675262 0.687657446074586 0.6923862048754437 1.917942828317377 0.4288062279063144 1.545076729782868 0.2094283202580247 1.7422230941558574 1.4527211623790561 1.1954462676221875 1.8834244354094885 1.122722353538385 0.5197017180724226
0.010602052900659742 0.5262637395637926 0.11954485565899375 0.34358935187655393
0.36186287782888127 0.18502209323247032 0.19806032670860885 0.25505470223003956
0.14018226528081834 0.034454081972324135 0.29725198689265253 0.528111665854205
0.14556744953343903 0.014107306616638837 0.36797707383948997 0.47234817001043217
0.10372881071894025 0.2825775700679354 0.17569279632293966 0.4380008228901847
0.6619339451146399 0.21827229086304767 0.07390270942891097 0.04589105459340148
0.25247741468160834 0.19227318535118854 0.44907287941097807 0.10617652055622506
0.44292787324078353 0.03855444405944086 0.2929756989384047 0.2255419837613709
0.6081446209055624 0.22715133801598475 0.14267219448184276 0.02203184659661006
0.4006212445493138 0.08766957698413758 0.4287650536306644 0.0829441248358842
0.313588323726645 0.24998580173877127 0.07834806480009537 0.35807780973448833
0.5504994242346507 0.3066670627572794 0.005970660772339542 0.13686285223573036
0.27991926669347267 0.034856550004568 0.49355982022159495 0.19166436308036439
0.003349256902538955 0.3463325033032414 0.04796738261518729 0.6023508571790324
0.3242618665170247 0.021119928983946545 0.6375267270911386 0.017091477407890188
0.0797121165635416 0.08876203819230843 0.5430277545963397 0.2884980906478103
0.5148873878970676 0.12789115506015403 0.055479867415204276 0.30174158962757414
0.14796805927342627 0.10955990534383686 0.3804375198468264 0.3620345155359105
0.2889973518655785 0.20279252489743893 0.31018423277432783 0.19802589046265473
0.2819790263998275 0.2455249617775409 0.33710089890704287 0.1353951129155887
0.2427568627899086 0.34594622377951423 0.1947437591298491 0.21655315430072808
0.021983486663739282 0.30397253033324634 0.35341810502953974 0.32062587797347464
0.25044599353849883 0.14921667468291622 0.14763020764577017 0.4527071241328148
0.6772474899915016 0.01299316922939664 0.14323435005534535 0.16652499072375637
0.1733672650093694 0.07983087493136376 0.607764895249656 0.1390369648096108
0.728267211583555 0.13059620629811464 0.10400955217079799 0.037127029947532364
0.008685043400014192 0.07045062168690153 0.7180864572166248 0.2027778776964595
0.007528848824627454 0.07781496375336894 0.4057076319446642 0.5089485554773394
0.17192437168683983 0.018396871332772013 0.6356471503196091 0.1740316066607791
0.5394503076455006 0.05973490216963251 0.06915582138132048 0.3316589688035464
0.29345981797989673 0.5903408998123494 0.05845525485504899 0.057744027352704896
0.2586703239836272 0.008540121776864806 0.259193439812325 0.47359611442718297
0.3607102575013952 0.028368397650268107 0.5797482678731171 0.03117307697521965
0.3052425160786135 0.2090122056868965 0.08265680416537546 0.4030884740691145
0.08472204766699598 0.48324404085190276 0.08010559003358664 0.3519283214475146
0.05902445626966857 0.1302183530263702 0.5945153514552081 0.21624183924875318
0.3771513337602156 0.3769025359129514 0.1730366528663605 0.0729094774604725
0.3029007250817266 0.22523212315793883 0.3509156628136618 0.12095148894667274
0.08537583850883246 0.4398691328433214 0.07679490490572383 0.3979601237421223
0.21688351936536976 0.32828863755009485 0.35514085888764935 0.09968698419688604
0.4736305143076015 0.11565313978777703 0.1687349256235201 0.24198142028110137
0.4764979154642507 0.18441647560189367 0.1388798594996591 0.20020574943419656
0.03875307567633712 0.4166865382555799 0.3406152149775571 0.2039451710905259
0.05942669054264138 0.5522070302068777 0.3417976128895608 0.04656866636092016
0.19499636050305635 0.283798702492283 0.49796473773633443 0.02324019926832621
0.015405647692592672 0.023162566445446564 0.7161128936451004 0.24531889221686032
0.15134197957959894 0.4134770828975829 0.3370267778426128 0.09815415968020536
0.4932150463411943 0.3066549263582161 0.02455778071853154 0.17557224658205806
0.09760276876600382 0.07236852170542629 0.6261897345375209 0.20383897499104897
0.7262273123084882 0.10279695807657818 0.10687878578426602 0.06409694383066755
0.14192015992943408 0.15153216523011404 0.24801320483281353 0.45853447000763836
0.3518672490490148 0.003446907050001502 0.27618407091273256 0.36850177298825115
0.35355663899227874 0.26133305552586494 0.136342939442748 0.24876736603910832
0.058999056483725165 0.71271325300134 0.1733129301013695 0.054974760413565305
0.43073967804308777 0.22767059908776144 0.28655620648442504 0.055033516384725756
0.1583552260324731 0.7093956709912769 0.01613353991841493 0.1161155630578351
0.39646202753708726 0.42246340580544284 0.005982882903197817 0.1750916837542721
0.44319310966882386 0.25419752310313115 0.07506763323371712 0.22754173399432787
0.7837188832670547 0.09639414243820499 0.07822198358938515 0.04166499070535512
0.12366150167751244 0.27807345762436975 0.5706183410757828 0.027646699622335014
