56 100 4 273.18199679339654 546.363993586793
9.85772665488319 4.000710394131881 7.063314622022237 2.7675137549307207 4.190018181769212 8.320293578638545 3.2306459816013495 5.127501926315924 8.89571279347379 4.524926150506673 3.93520078315279 1.8108559921939413 8.507959749314505 1.8659044444782737 6.827905738875522 5.945535895306108 8.647664877015512 3.3878558640189924 4.967814888995725 8.927968442453924 7.627219344579116 7.413760336615036 1.3210477204416589 1.177581060482614 3.9501718411961173 6.067149700284598 7.71145342412856 7.566110990379096 9.91172007713859 9.67135364707079 5.951758014510703 9.894355040956992 5.58329154272388 4.147951936096108 9.381877442046571 2.837639397904261 4.610498503033549 5.249769627628187 2.2404463530868894 7.526824476505401 6.2716306277360205 2.4087314441952916 8.074684253954407 2.4880436162673316 7.699038075666495 3.3332838702834597 7.7701878908310675 2.1603175900332103 1.2287887429135271 2.58923039513393 9.707165705846288 3.5408239762482645 8.436706219862709 4.349411685209541 5.220833052550703 2.695496305075551 2.374620145015581 1.0147819262943498 5.127587214549727 1.349316713611315 7.599940819113288 7.113734945891471 2.314841227179248 5.817459902263663 9.659556714528875 7.640146647005808 9.429123863098534 3.9465419120194807 8.638354672382313 8.85944248739131 2.3566092518522477 1.1567226412939702 4.913312475836408 4.628958724400855 4.0042563080322475 1.320965979043228 2.998325502246008 4.279325254489484 5.748867595800011 7.784719581174158 7.228671235055023 1.9918600051093232 9.899198679077438 9.443804042261851 5.505040273756781 7.145445819186051 5.386889777794902 3.0081730583013444 4.587240435305434 5.582712271081468 9.698095792431515 2.8610804445432723 5.64047203479287 6.150484275500804 8.984885155865031 7.213516797758281 4.97739264940323 7.513779022772403 1.5513324370037447 1.2970222325832625
1.9715453309766382 0.8001420788263761 1.4126629244044475 0.5535027509861441 0.8380036363538425 1.664058715727709 0.6461291963202699 1.0255003852631848 1.7791425586947578 0.9049852301013346 0.787040156630558 0.36217119843878826 1.701591949862901 0.37318088889565476 1.3655811477751043 1.1891071790612215 1.7295329754031024 0.6775711728037985 0.9935629777991449 1.7855936884907848 1.5254438689158232 1.4827520673230072 0.26420954408833175 0.2355162120965228 0.7900343682392235 1.2134299400569195 1.542290684825712 1.5132221980758191 1.9823440154277179 1.934270729414158 1.1903516029021406 1.9788710081913983 1.116658308544776 0.8295903872192216 1.8763754884093142 0.5675278795808522 0.9220997006067098 1.0499539255256374 0.4480892706173779 1.50536489530108 1.254326125547204 0.48174628883905835 1.6149368507908815 0.49760872325346633 1.5398076151332991 0.666656774056692 1.5540375781662135 0.43206351800664206 0.24575774858270544 0.517846079026786 1.9414331411692576 0.7081647952496529 1.6873412439725417 0.8698823370419081 1.0441666105101406 0.5390992610151102 0.4749240290031162 0.20295638525886997 1.0255174429099454 0.26986334272226303 1.5199881638226576 1.4227469891782942 0.4629682454358496 1.1634919804527326 1.931911342905775 1.5280293294011615 1.8858247726197068 0.7893083824038961 1.7276709344764627 1.7718884974782618 0.47132185037044955 0.23134452825879404 0.9826624951672815 0.9257917448801709 0.8008512616064495 0.2641931958086456 0.5996651004492015 0.8558650508978968 1.1497735191600023 1.5569439162348315 1.4457342470110046 0.39837200102186465 1.9798397358154876 1.8887608084523702 1.101008054751356 1.4290891638372103 1.0773779555589804 0.6016346116602689 0.9174480870610868 1.1165424542162936 1.939619158486303 0.5722160889086545 1.1280944069585739 1.2300968551001608 1.7969770311730062 1.4427033595516563 0.995478529880646 1.5027558045544807 0.3102664874007489 0.2594044465166525
0.06598234661394364 0.033601473361211665 0.7956117592805126 0.10480442074433205
0.08301366707298918 0.16526867629106978 0.40870343067396997 0.34301422596197106
0.253478820710315 0.3120693683289505 0.1401771669524401 0.2942746440082944
0.16607630654869532 0.15441842306940567 0.31604601361271767 0.36345925676918134
0.6190577199774393 0.1568933759654073 0.09816316386621926 0.12588574019093413
0.12049886415634459 0.40899329628620185 0.404617373061148 0.06589046649630559
0.09308675892807083 0.5595373772598734 0.33843149779895954 0.008944366013096228
0.5455262730551346 0.04852103829526366 0.27720342852415425 0.12874926012544752
0.2329799677109411 0.10998853777501338 0.023401983216912225 0.6336295112971333
0.426081151527979 0.3643250721901201 0.0731515358329049 0.136442240448996
0.13740837199588152 0.02198418830751092 0.1458376918985811 0.6947697477980265
0.06007652009873099 0.17937556852972225 0.13124055285783665 0.6293073585137101
0.24683310140441672 0.28861116846683854 0.259551847843584 0.20500388228516075
0.2273836050525455 0.20190214032900988 0.20748856917014036 0.36322568544830425
0.057694042769647624 0.131372162498528 0.15009689011810456 0.6608369046137198
0.11148922092620595 0.4222406785167542 0.37614927011452026 0.09012083044251962
0.046859712843968504 0.011776576928939853 0.9227205905161623 0.018643119710929357
0.2900162394584762 0.2011985259059863 0.3530623847836162 0.1557228498519213
0.03435585396683105 0.4057698462385776 0.4405621625242362 0.11931213727035517
0.05483006239614374 0.07904170436040636 0.5280072696173723 0.3381209636260776
0.03915218483534466 0.47518898854171887 0.30205466910143264 0.18360415752150383
0.08216068618047856 0.06824255992433381 0.32690408036303853 0.5226926735321491
0.020556406803787675 0.18221997408709867 0.7386427648129337 0.058580854296179985
0.3240863577841917 0.0037653595027666853 0.027404167646019495 0.6447441150670221
0.16568716642432957 0.07499685419609592 0.49466048844922594 0.26465549093034857
0.023711955694064812 0.37545878703314395 0.3549927840176246 0.24583647325516667
0.2697450373213651 0.3069277472528008 0.4042058172723231 0.019121398153510993
0.030192143083152545 0.46250196122633225 0.032043146727509075 0.47526274896300613
0.273097177545922 0.07327569134021039 0.13304375124975765 0.52058337986411
0.6592666495543524 0.20356607383048975 0.00987463852893522 0.1272926380862226
0.5642965755619972 0.10408468898865963 0.20835580699225176 0.12326292845709141
0.4357826213650884 0.41706010610208566 0.07295457485662715 0.0742026976761988
0.22388116908630218 0.07961495340150637 0.32502867818303705 0.3714751993291544
0.34381423268481337 0.387109296828283 0.10310469233949437 0.16597177814740927
0.5304463891362602 0.017785914869670516 0.283345521988128 0.16842217400594128
0.5646715042301811 0.12301596289406336 0.17287395332171107 0.13943857955404448
0.15810425835656117 0.2174131705209721 0.06241170891984371 0.562070862202623
0.21201869711462162 0.2839172167786347 0.35012502826238745 0.15393905784435624
0.11995306299806963 0.5844999925070906 0.052519883372995735 0.24302706112184402
0.01631551543539289 0.3537507165752338 0.29850952139278464 0.33142424659658865
0.061751724029247335 0.15907899606897713 0.15269511747364517 0.6264741624281304
0.6953632697377733 0.02805048081446837 0.04537075373368149 0.23121549571407685
0.08049830443916262 0.2551893706860653 0.5695509068991192 0.09476141797565285
0.24387627386300859 0.491638740214588 0.17918485405490026 0.08530013186750318
0.1434480438294753 0.1882948033404621 0.40041029639789305 0.26784685643216954
0.15955944336720418 0.29990213463139326 0.1752971213525748 0.36524130064882776
0.2194783090647413 0.015075713478669317 0.5079016271667852 0.25754435028980416
0.2163674733248263 0.03715496459308121 0.242639061828413 0.5038385002536795
0.07918553387523886 0.4143675005995501 0.09014948149903657 0.4162974840261745
0.17854705442163432 0.18972219746809216 0.20628680590759785 0.4254439422026757
0.2644147152525983 0.610534574180727 0.0754232864253025 0.04962742414137222
0.21290871643109832 0.1852895713510353 0.07943383774791202 0.5223678744699544
0.13109330522767726 0.5876567150794462 0.15065130463383614 0.13059867505904044
0.06521645063072523 0.24084558334716755 0.4516645529716856 0.2422734130504216
0.05570003239970944 0.1261014480501964 0.3551154693119638 0.46308305023813034
0.057265934426444454 0.3982180165339376 0.16257720924057217 0.38193883979904575
0.6499195101527645 0.21512062727300274 0.07277936752099123 0.062180495053241525
0.17264515141152326 0.3502266321818468 0.30991447604294187 0.16721374036368808
0.2004577554900019 0.32360006527154506 0.33169688740265213 0.14424529183580093
0.10153971974131437 0.02698200506856485 0.8422188623223454 0.029259412867775336
0.08186118040814472 0.052025724704586884 0.11442976606372668 0.7516833288235417
0.2485883765114325 0.22367658755819464 0.22194133041433184 0.305793705516041
0.5305665026947973 0.21382252399705792 0.025703356503163133 0.22990761680498162
0.20189973117695903 0.17295962598588088 0.2121530934282746 0.4129875494088855
0.13766161786810027 0.18420665985661355 0.2125042307156485 0.4656274915596377
0.18339631421824953 0.6800235214612483 0.1082688181460183 0.02831134617448383
0.005976812300380496 0.6351066544020685 0.18862553011097571 0.1702910031865753
0.1672295758474336 0.3551658117013069 0.015187913818462961 0.46241669863279655
0.022680850252144835 0.01122101197529246 0.8248074504836478 0.14129068728891492
0.3140565274321977 0.07872173200233712 0.4122847687568627 0.19493697180860248
0.042043852742209786 0.5929198107576792 0.13449029257509637 0.23054604392501465
0.24284845179566383 0.03342267478746086 0.006146955428629419 0.7175819179882459
0.5300258902212635 0.04476135158746386 0.30928520205259746 0.11592755613867523
0.10454121942518202 0.4536852462970208 0.2815054910985292 0.16026804317926802
0.060077019562315814 0.8063990519728701 0.11122134503557468 0.02230258342923941
0.1424591993228569 0.7832114217944475 0.027094113051703506 0.047235265830992135
0.7388288231232715 0.13160685157206187 0.10946894121796258 0.020095384086704082
0.14943714614103953 0.20999146722879558 0.12274025544175426 0.5178311311884106
0.2846376956896013 0.12489546742454327 0.5834004478067154 0.007066389079140034
0.14982370072877782 0.3874630043816719 0.10656839122582173 0.35614490366372853
0.5460342469943462 0.15052795083584813 0.08315340204363642 0.22028440012616923
0.17441689279843942 0.0538328422125367 0.07782344048843248 0.6939268245005914
0.172558195239517 0.22855199329740472 0.3822640832691986 0.2166257281938797
0.05055407046051663 0.2069291938889508 0.09129685437914192 0.6512198812713906
0.48202587677676934 0.36651655119935644 0.00033630347222268764 0.15112126855165153
0.008079836898038262 0.2611394374315482 0.216686962980829 0.5140937626895845
0.23425227314251262 0.6314774644010167 0.06609514105952274 0.06817512139694792
0.028315339190187028 0.7940947440753399 0.1344612796847019 0.04312863704977121
0.5599764330312567 0.032626411916479414 0.057629496720668194 0.34976765833159573
0.2730643128889254 0.07921113245401135 0.5401296504885745 0.10759490416848871
0.38672386665047753 0.125606062557163 0.4210403850930059 0.06662968569935357
0.21511904314669839 0.21837496261543188 0.181839729064735 0.38466626517313474
0.2729231320734805 0.23029137452685067 0.09413165284433844 0.4026538405553304
0.6256663780060356 0.017779394448527386 0.02148683312414268 0.3350673944212943
0.23123500279919518 0.003793933046053244 0.5985130686356658 0.1664579955190858
0.2467415379544733 0.26296340501458393 0.2916275105218027 0.1986675465091401
0.19587175258453293 0.011655375115299127 0.3726812564261336 0.41979161587403435
0.5064820698079106 0.008166439294913674 0.23396412705509695 0.2513873638420788
0.07215448964289184 0.09308749109031955 0.6882539007251715 0.14650411854161716
0.36789392197387816 0.4364697378943293 0.18009082328161652 0.015545516850176022
0.69532772406012 0.09963944547194825 0.18455844756546647 0.020474382902465282
0.27910927839176247 0.22385753061423697 0.08015998141994896 0.4168732095740516
0.6043652213192912 0.09916328727087886 0.2783170568179212 0.018154434591908797
0.18804297602336395 0.11798589060058873 0.3039074282235935 0.3900637051524538
0.07507984000765366 0.569900103051145 0.05030351439525882 0.3047165425459425
0.15157549729490827 0.1455790035237896 0.6989552285162409 0.0038902706650612018
0.6820764935413849 0.21940645636150213 0.00032452507283209364 0.09819252502428089
0.3872548463012915 0.291696555900274 0.2003856779458857 0.12066291985254884
0.2896881425772716 0.5655509429359497 0.11572720728617958 0.029033707200599168
0.030076309149594804 0.15347779712561516 0.572588240390971 0.24385765333381904
0.15588573928011917 0.12974118479160035 0.5281540142699535 0.18621906165832702
0.10155914167724234 0.14394661249990526 0.13677418662741625 0.6177200591954362
0.3107703083179042 0.031037866239895684 0.04467971531842785 0.6135121101237723
0.3210077577408815 0.3468414391152531 0.07688297053833815 0.2552678326055272
0.5576630021354876 0.17329802510099013 0.12975941619418696 0.13927955656933533
0.18668455230122283 0.2881357648107543 0.5034305687118023 0.021749114176220607
0.04099646395813328 0.23963559882176422 0.18666356170569198 0.5327043755144105
0.0871591303929331 0.22220998282848192 0.42260643301229617 0.2680244537662888
0.4011881007056405 0.22624380228827212 0.13414731354207765 0.23842078346400974
0.2562101829624709 0.14730646204715458 0.4992533203737439 0.0972300346166306
0.6872128677343929 0.05965398618498907 0.10976538508103906 0.14336776099957893
0.27738391561925524 0.08489746676359733 0.05677429329684436 0.5809443243203031
0.07746424697284826 0.06421730195018394 0.34291067981520784 0.51540777126176
0.13989110128546522 0.22196837695807936 0.5380824969337694 0.100058024822686
0.4114125723868145 0.35052696317681886 0.22644709409586972 0.01161337034049692
0.43012565693065263 0.24745973317843073 0.11735714962221222 0.20505746026870442
0.18764306508796147 0.34155060478174337 0.23170582886825697 0.2391005012620382
0.009463778007164358 0.3810011237156883 0.3487673656603475 0.26076773261679986
0.16189978170281627 0.6017326985163763 0.13764440176073334 0.09872311802007405
0.1401166177021267 0.37541169832235344 0.4323963015158343 0.05207538245968557
0.23875393527315736 0.05514776229425089 0.5195142165500565 0.18658408588253528
0.09721383058479349 0.262745855481878 0.5396193063672036 0.10042100756612493
0.08718170418472326 0.03442638422502242 0.6399736085631962 0.23841830302705813
0.3543474557467705 0.3014095811249393 0.22013503330836626 0.12410792981992391
0.10274039043014371 0.4153108489362489 0.18854966102308401 0.29339909961052335
0.34476518520022537 0.6066441071777983 0.028282476145956026 0.020308231476020344
0.25553884902485313 0.36718521609758015 0.1607422814316256 0.2165336534459411
0.06549981223442503 0.1807202613926947 0.07811805285235629 0.675661873520524
0.5384638924486917 0.07345563780087427 0.18051895448668664 0.20756151526374733
0.8832308925218548 0.020197763860089757 0.002255486213325608 0.09431585740472981
0.3565029665688738 0.23051919987858693 0.2574453419605347 0.15553249159200455
0.05890998442604756 0.4284912179680287 0.17615763161410702 0.3364411659918167
0.04002344174357997 0.05098078061755451 0.7002729798163245 0.208722797822541
0.021194702949920208 0.0763476623848226 0.7003724366837824 0.20208519798147484
0.29138008938378723 0.08028899385270682 0.5837421015227552 0.044588815240750757
0.42155066580788003 0.06989682772557027 0.38134094131554175 0.12721156515100795
0.040811058004442735 0.15649528168988347 0.3832888589370692 0.4194048013686046
0.7086833094220244 0.1450225219946053 0.0784386701759302 0.0678554984074401
0.019054280577944893 0.5488048435756304 0.32261375188326524 0.10952712396315945
0.21718654860833642 0.09053718335253091 0.6198548990027273 0.07242136903640539
0.08799872110333229 0.29163881830229 0.1564681385392247 0.463894322055153
0.22744769175561685 0.36368827969523365 0.3496880287308384 0.05917599981831112
0.19453075352284588 0.15996498095370149 0.2524598191636126 0.39304444635984004
0.336133828765522 0.17106913364024656 0.32142271759812135 0.17137431999611008
0.16410730329985102 0.4635378530798011 0.08782430165566424 0.28453054196468364
0.2706998447692379 0.2930884103777053 0.09854554188473974 0.33766620296831706
0.04301818542333413 0.12508581060951307 0.3647698676048773 0.4671261363622755
0.391403774749045 0.42472935466588024 0.16998321888155388 0.013883651703520905
0.0036762006174864137 0.32251933204296945 0.5685371349480519 0.10526733239149222
0.29826787652176034 0.12247924005961619 0.022689358132908954 0.5565635252857145
0.20259122298670995 0.355058401963519 0.026818208714354475 0.41553216633541656
0.1302263474251002 0.052369145999125455 0.26347460924733357 0.5539298973284408
0.15356453559428052 0.3041587622800008 0.029658172105676228 0.5126185300200424
0.2409488280577634 0.44104857819962917 0.10279484619838741 0.21520774754422
0.41724338958068774 0.03759409835672889 0.46821308114837557 0.0769494309142078
0.034721431271595216 0.008327566088971783 0.0712651400333717 0.8856858626060613
0.10373572102007766 0.6391903942422843 0.13473875560603688 0.12233512913160116
0.23804449072619116 0.3599067988781255 0.06203535531107662 0.3400133550846067
0.3916679660421528 0.33059190338363087 0.16060869360216723 0.11713143697204909
0.2769747252206517 0.0069501927582673595 0.05934208698304977 0.6567329950380312
0.30713679080321066 0.3802913065849284 0.2587602779248662 0.05381162468699474
0.6104215877338526 0.030413104771883415 0.2125317122408371 0.1466335952534269
0.02278603892155384 0.1380378057583962 0.5690478403731639 0.27012831494688605
0.0324955621231835 0.37816894103089593 0.2140397156457059 0.3752957812002147
0.30424349567649267 0.528683132288048 0.14071324732281176 0.026360124712647592
0.6620833624313989 0.07638072432584708 0.23636904289262384 0.02516687035013021
0.6266974568914068 0.05197171172411286 0.26630687010375553 0.05502396128072484
0.3542859953346408 0.16875870288124628 0.155554558813649 0.32140074297046395
0.04016950579884182 0.3478858276182315 0.09339458942506451 0.5185500771578622
0.1688108767069615 0.7103380738777161 0.07328141875534133 0.0475696306599811
0.00013607529645198735 0.8339530681637435 0.14232839152082 0.023582465018984533
0.373338639439616 0.5107824171398865 0.09826579794059209 0.017613145479905445
0.015827708208793756 0.743344169312901 0.047900982321704366 0.19292714015660084
0.18083397177994676 0.11710408286398988 0.5798998963588302 0.12216204899723315
0.18942459908201492 0.3373380214557984 0.28881874959051457 0.18441862987167212
0.17085380752403123 0.21456676401376906 0.5037096300597579 0.11086979840244182
0.11111971417941713 0.17731521153856855 0.11212240340240964 0.5994426708796047
0.060577108736279306 0.6563221147785555 0.0685242750055789 0.2145765014795863
0.8233719838225372 0.0854784433318353 0.015326988636588212 0.07582258420903931
0.5009339694976028 0.4518787845968383 0.020475659096419685 0.02671158680913921
0.13264262641818136 0.4640077210201615 0.05939389908877746 0.34395575347287966
0.8011327998845658 0.10258372172672559 0.0030560055822675958 0.09322747280644106
0.43418768185985224 0.35712050291576447 0.12927012802720195 0.07942168719718135
0.259432260831564 0.24014489855826238 0.020123156924930052 0.48029968368524356
0.1861011751411652 0.32384177828613026 0.2161236523498069 0.27393339422289764
0.11613183897614465 0.26240575497755136 0.35028384339595375 0.27117856265035023
0.27818420875884753 0.29904420073985494 0.26241193818611075 0.16035965231518678
0.25965202156414624 0.3183918056426359 0.02198795557789901 0.39996821721531883
0.2727355348050221 0.04012114078283069 0.33362980494418426 0.35351351946796294
0.07137601450866504 0.07893338179196319 0.1294523391640391 0.7202382645353327
