84 30 4 80.01087711127491 160.02175422254982
1.4143689426833697 4.3321808450403925 3.1808644074226424 6.656320045401265 9.910990540242251 2.1752924433247594 2.562302470119843 3.3248265189371176 4.765590700143563 2.1791700394560376 3.614051128790898 5.457754852799872 9.703038830850087 3.67650876826561 6.86621742807468 5.820516078534764 8.983237427673556 8.781384228433947 9.464795408228195 1.952498246514709 6.519000876438943 2.6073172993026885 1.667593534067283 9.96339465708284 4.206465796789214 8.555270398113851 6.742642741807486 2.8866148294000324 9.805842466046476 2.245702272563431
0.28287378853667394 0.8664361690080785 0.6361728814845284 1.331264009080253 1.98219810804845 0.4350584886649519 0.5124604940239685 0.6649653037874235 0.9531181400287126 0.4358340078912075 0.7228102257581795 1.0915509705599744 1.9406077661700174 0.735301753653122 1.373243485614936 1.1641032157069529 1.7966474855347112 1.7562768456867892 1.892959081645639 0.3904996493029418 1.3038001752877886 0.5214634598605377 0.3335187068134566 1.992678931416568 0.8412931593578428 1.7110540796227702 1.348528548361497 0.5773229658800065 1.9611684932092952 0.4491404545126862
0.14583093741631015 0.16586087018394524 0.24153130222336094 0.44677689017638367
0.14632756588037232 0.014789876968702487 0.16991401143022833 0.6689685457206969
0.04336294630905824 0.5228289889481623 0.4284271668682401 0.0053808978745393254
0.06017637068053594 0.37283792064668797 0.05478235911849705 0.512203349554279
0.017679322152117982 0.4338555314293957 0.48328451208094514 0.06518063433754118
0.35110933293986824 0.17639473351960056 0.2798387141124853 0.19265721942804592
0.012731049947232953 0.00455346885942276 0.7937394227854216 0.18897605840792264
0.1815303862391643 0.04578933378682748 0.12164147324124497 0.6510388067327633
0.2828023058153639 0.026210018863119244 0.16584004838560584 0.525147626935911
0.2826814811599182 0.5463685715304711 0.11888777020252883 0.05206217710708183
0.1232860646617715 0.4209274250695991 0.06143103174404407 0.3943554785245853
0.3176573411121302 0.1204539443094027 0.38994720609723843 0.1719415084812287
0.40685301347650205 0.38591203999422274 0.11559344911307645 0.09164149741619876
0.2643735529203316 0.21158766145829144 0.4722154350737162 0.05182335054766074
0.3723431733077667 0.11927394914774381 0.15629941030004602 0.3520834672444435
0.3420358166348584 0.06768718593836498 0.14099122106180362 0.449285776364973
0.20702036365103182 0.01120886175100344 0.4225817740540746 0.35918900054389014
0.28245433747906 0.3137853982958998 0.3814905265004489 0.022269737724591288
0.004696588272405489 0.08244863477723419 0.03142332668773318 0.8814314502626271
0.35769092186235873 0.2714699706072673 0.3599374813835441 0.01090162614682988
0.11655708586008529 0.2746116280818224 0.4778549920239904 0.13097629403410194
0.3303135681961269 0.0686895767812814 0.5829033883585133 0.018093466664078406
0.14343171588218562 0.2666659239524325 0.0736952181257513 0.5162071420396306
0.4888948515374687 0.012582082266430317 0.4581841442143042 0.04033892198179678
0.049034220585271626 0.23055842347747046 0.19590636805403616 0.5245009878832217
0.31685728561258475 0.016542901548100453 0.01659845793204673 0.6500013549072681
0.23875844606493146 0.19479860014471473 0.2196865460502725 0.3467564077400813
0.03945523214365321 0.5240482484501205 0.07009843670097837 0.3663980827052479
0.0880863416960832 0.16703251448050338 0.17677016493017816 0.5681109788932353
0.248051221045003 0.24807330882050038 0.2321599827180748 0.2717154874164218
0.2667343783105698 0.06426396569949322 0.4897608274071408 0.17924082858279622
0.19484226468328736 0.30350110471608926 0.18838262285613694 0.31327400774448644
0.12030754780666131 0.03754441177280987 0.12690511900343804 0.7152429214170908
0.3772154318337322 0.034500690713627935 0.2131213458667771 0.37516253158586277
0.26441401955104105 0.28819542720706093 0.1458032183535276 0.3015873348883704
0.1895636326192256 0.45277918858334554 0.19002072588161167 0.1676364529158172
0.28311500680487667 0.6776802608605575 0.019929689724517807 0.019275042610047977
0.00273220335212776 0.43708267883241025 0.06801167808925479 0.4921734397262072
0.021379362786101197 0.2386599464848672 0.692008079416661 0.04795261131237061
0.25793447280328596 0.3155240713055101 0.14947369521113474 0.2770677606800692
0.4826839664897631 0.05601194928636133 0.04049411117912727 0.4208099730447483
0.3237711904052051 0.04825416786336212 0.34190365998439254 0.28607098174704026
0.10692096760365 0.7717489140025655 0.013905070078944592 0.1074250483148399
0.03412241914895142 0.5711498087535899 0.3173350245545081 0.07739274754295056
0.07843130850332536 0.5519499654270046 0.3386599391915447 0.030958786878125366
0.3864750635949675 0.07344005876307302 0.06983205004433468 0.47025282759762477
0.14530370073250687 0.049722219281079894 0.34267821235759466 0.4622958676288186
0.18586830547745126 0.3899693488907622 0.018781216287178548 0.405381129344608
0.13869615009083103 0.29402734130855634 0.18849753284646298 0.37877897575414965
0.20813987005259416 0.05446320272158567 0.673961238196732 0.06343568902908814
0.09965864804718061 0.35696070967923044 0.04995880888131443 0.4934218333922745
0.40420094843381627 0.12984434122407051 0.26150963674572714 0.20444507359638608
0.41400323478591006 0.04439874504569674 0.466976130718316 0.0746218894500772
0.08012925836831719 0.4064229075280553 0.02041110732999374 0.49303672677363375
0.20261899066422862 0.05423407677034564 0.13941788150258982 0.6037290510628359
0.02975778802371576 0.11105804189773472 0.7305137392288743 0.12867043084967522
0.3572588986554004 0.15882427569744972 0.10387538814131803 0.38004143750583186
0.7212280275216089 0.011119910459836402 0.08200902979980806 0.18564303221874667
0.10590407766483956 0.12880422649665413 0.513436132819943 0.25185556301856327
0.002395005244030801 0.5961975565303322 0.3576711152930264 0.04373632293261054
