39 80 4 234.38757159601664 468.7751431920333
5.922002405308192 8.181091191543448 8.383616919085432 2.09844880147181 6.418018061122942 5.729631250281253 5.175175652290616 5.243011699820642 6.694415585895983 9.330974924253972 8.339526241753976 9.499975771450039 9.276266278535857 4.733477167159189 8.432307660728354 9.516341069554752 6.652414479118475 3.2704281312661614 6.331158125425379 8.743634299656144 1.4360718846881837 8.693186925806375 7.481926157783402 3.6637609317132864 5.368658249615223 8.59847948207008 6.422420296133518 2.4143123768938946 5.734920225626897 2.6883751589341314 7.034023041696266 5.9387425565883465 2.407833136446336 9.392466147658407 5.886579288379228 6.873015066294205 7.042127736718234 8.370507017298994 1.122028593367189 8.630603030013852 4.915646947028501 5.297112669222001 7.437375832089869 8.561722152741286 2.0192769030259945 6.511259805722082 2.9922163279266716 1.357508138291173 3.5259119690916387 3.64287632618698 2.201414823846552 7.506651473856334 2.8305797229755636 8.117663388002235 7.5060717639628205 4.1198245581613095 2.9730437702913664 3.112566428892506 1.9840858938369546 9.458906202621947 5.870620146186512 9.062422733460968 8.979193973554697 1.1227317409932271 8.819825232018749 3.7131007676674788 9.531540445814583 1.1446919944523049 9.786634394848644 8.32958977709303 3.863398484448913 3.6860043323643827 4.701625846471796 4.059999199407422 9.554506662475555 4.945716633763435 3.7698253921843183 7.21689483582608 1.817421055869863 9.555731425908935
1.1844004810616384 1.6362182383086896 1.6767233838170863 0.419689760294362 1.2836036122245884 1.1459262500562506 1.0350351304581231 1.0486023399641284 1.3388831171791966 1.8661949848507944 1.6679052483507952 1.8999951542900078 1.8552532557071715 0.9466954334318378 1.6864615321456706 1.9032682139109505 1.330482895823695 0.6540856262532323 1.2662316250850758 1.7487268599312287 0.28721437693763674 1.7386373851612749 1.4963852315566804 0.7327521863426573 1.0737316499230445 1.7196958964140159 1.2844840592267037 0.4828624753787789 1.1469840451253794 0.5376750317868263 1.4068046083392534 1.1877485113176693 0.48156662728926725 1.8784932295316814 1.1773158576758456 1.3746030132588412 1.4084255473436467 1.6741014034597987 0.22440571867343778 1.7261206060027703 0.9831293894057002 1.0594225338444 1.487475166417974 1.7123444305482571 0.4038553806051989 1.3022519611444163 0.5984432655853343 0.2715016276582346 0.7051823938183277 0.728575265237396 0.4402829647693104 1.5013302947712668 0.5661159445951127 1.623532677600447 1.501214352792564 0.8239649116322619 0.5946087540582733 0.6225132857785012 0.3968171787673909 1.8917812405243892 1.1741240292373025 1.8124845466921937 1.7958387947109393 0.22454634819864544 1.7639650464037497 0.7426201535334958 1.9063080891629167 0.22893839889046097 1.9573268789697287 1.665917955418606 0.7726796968897827 0.7372008664728765 0.9403251692943592 0.8119998398814843 1.910901332495111 0.9891433267526869 0.7539650784368637 1.443378967165216 0.36348421117397256 1.9111462851817869
0.480929176528485 0.2415114728935548 0.11167179596953525 0.16588755460842497
0.30867440877913765 0.5731247723795108 0.0720267436872507 0.04617407515410088
0.011519220430084354 0.4814535924783183 0.028277098202913797 0.47875008888868353
0.3425843014914942 0.4646368938564228 0.06317560914765086 0.1296031955044321
0.03288953333391487 0.4297066341512289 0.18694519792356268 0.35045863459129356
0.0467470253531852 0.11240781609327166 0.7640293857808877 0.07681577277265539
0.33429111615661433 0.059534988188286175 0.5472821842843199 0.05889171137077964
0.38719376496334845 0.18010417904340215 0.11051256254198072 0.3221894934512687
0.14618543855534272 0.38296110286831553 0.3845978908804458 0.08625556769589593
0.422098249070621 0.1799381500631736 0.3798347531392081 0.0181288477269973
0.25617198938335595 0.3796327275560816 0.031159525958201595 0.3330357571023609
0.8359641107750891 0.012473993877428757 0.1442290619516048 0.007332833395877314
0.20303055759073396 0.04740778785377342 0.057628949745541225 0.6919327048099514
0.1688753210093794 0.5523472956627218 0.2325476370096511 0.04622974631824772
0.22989237861318845 0.16830835552218337 0.0653157947053975 0.5364834711592307
0.4860200196465141 0.31527531687258903 0.042932288126206974 0.1557723753546899
0.1360602539335347 0.11222903187311373 0.432449766314832 0.31926094787851955
0.2440519947158003 0.02141770856439651 0.02858361268870735 0.7059466840310958
0.598251878177417 0.07561043905423837 0.2756291380014302 0.050508544766914465
0.22861205646290272 0.28560113288981837 0.4839757982362909 0.0018110124109880221
0.19927185245437606 0.11895319455620712 0.3319811674317493 0.3497937855576675
0.4880306864737466 0.03130028928118911 0.04480101536108594 0.43586800888397836
0.1942905158906546 0.2800736528103923 0.321314412317221 0.20432141898173206
0.0557090044127595 0.34526993275239026 0.12209641287619943 0.4769246499586508
0.13361480256613933 0.5698726954891206 0.21981836671813715 0.07669413522660296
0.0590622843998696 0.115617877279791 0.0955287993550914 0.729791038965248
0.02999837511736536 0.08437392686248812 0.12880783650222238 0.7568198615179241
0.5288012744868175 0.09202112114760652 0.2844154760831368 0.09476212828243924
0.05203473770228795 0.5966564549006713 0.13672528917255222 0.2145835182244885
0.3664204955188478 0.5037559077919191 0.030056788038839488 0.09976680865039356
0.0642721617873192 0.38510982846170017 0.4298883475998193 0.12072966215116132
0.11758695526862739 0.8383514143051659 0.004560839359386226 0.03950079106682047
0.21680859269846198 0.12090951042090703 0.5593656435417693 0.10291625333886167
0.41286293663491136 0.30571627043525207 0.17834294204850432 0.10307785088133226
0.5297975441376163 0.010347809137275843 0.24612655486932544 0.21372809185578245
0.11162199140405527 0.44614129256865576 0.3655850129625202 0.07665170306476876
0.22558007367438904 0.3247258377051798 0.21255207017689404 0.2371420184435371
0.053845935353760366 0.40405232359518606 0.024712775498979878 0.5173889655520737
0.27098152568712974 0.4467349863759985 0.21293552145608596 0.06934796648078578
0.16434929831599476 0.08451055569059485 0.630158379548113 0.12098176644529735
0.5071438114516528 0.41537345836501305 0.02049467825657525 0.05698805192675893
0.061062327937558836 0.7531351768110108 0.05560648442643279 0.13019601082499754
0.3365869359920518 0.2885752178114859 0.2289316907467951 0.14590615544966723
0.14249927543617324 0.0648623885219799 0.6810184443165468 0.11161989172530007
0.2147882397911588 0.229591161762004 0.4703678147339915 0.08525278371284573
0.3125975509591308 0.5918343609927021 0.025310630322642913 0.07025745772552416
0.21728588393513082 0.08279045867117518 0.32600873118552864 0.37391492620816535
0.03088256404034717 0.5521734334949573 0.11848229153312462 0.2984617109315709
0.17863278585084807 0.32331903278254337 0.4979293567987171 0.00011882456789147344
0.3407883172777023 0.12669802881864345 0.3583394804002381 0.17417417350341613
0.12313339791531408 0.12669558657502877 0.7302862615140153 0.019884753995641824
0.07129106290178033 0.0897686679344899 0.7270052408734445 0.11193502829028523
0.16330834917571568 0.00934648043500308 0.5315975416816747 0.2957476287076065
0.3433332621797388 0.22432748481384612 0.13637953448617446 0.2959597185202406
0.23769514802253222 0.1722383245159027 0.15357364520808603 0.43649288225347904
0.4564287255778271 0.0038461183357496598 0.12093406431470088 0.41879109177172236
0.21134138624448262 0.17596577315948558 0.1942340705704778 0.418458770025554
0.0005107431433548637 0.18312726328174656 0.19386755031681824 0.6224944432580803
0.1959252195092207 0.3894609471527779 0.2372134936178587 0.17740033972014269
0.01261788027072619 0.6363469526004524 0.29111617512807464 0.059918992000746796
0.4253250753104909 0.24061827098979494 0.1872751103835366 0.14678154331617754
0.2794827309883424 0.31042619256393156 0.1469209198124941 0.2631701566352319
0.24226578030057333 0.20356602778770216 0.4500380092058509 0.1041301827058736
0.47501272503370995 0.010184961861361641 0.2495364173728155 0.2652658957321129
0.01949665442720383 0.26049656036300384 0.24315662814375572 0.4768501570660366
0.2987912311114126 0.1609172550867104 0.007104989781185789 0.5331865240206912
0.4062762692091533 0.010924029123347556 0.3399018672386209 0.24289783442887825
0.3702026144396583 0.1136268551798505 0.06791067537343864 0.44825985500705257
0.8687901422989951 0.013516700307550145 0.10552481286363546 0.012168344529819297
0.25794509926057274 0.537829781155807 0.17243587554573503 0.03178924403788519
0.4421453240250862 0.1600463878388766 0.37615893359865815 0.02164935453737904
0.4322865156918946 0.11540699940721888 0.08548239453312323 0.3668240903677633
0.09743446153956514 0.10266150816684427 0.41886449813838067 0.3810395321552099
0.2571404481645164 0.013996260024970564 0.4344019191501788 0.29446137266033423
0.3711047374911659 0.04318876939594696 0.13092926043271347 0.45477723268017367
0.44143502294491954 0.010661935254992594 0.34731278992563297 0.2005902518744549
0.18889117782799048 0.006688612702964725 0.7860624253032851 0.018357784165759727
0.186314002825536 0.4173009585820303 0.004403722999764881 0.3919813155926688
0.3992030597321943 0.5181300564371584 0.05236928889261483 0.030297594938032524
0.07743107769546365 0.7808566368193492 0.044767829956831706 0.0969444555283554
0.11435661244016126 0.4531974724330232 0.15157718472849668 0.28086873039831883
0.4017813542114521 0.302070421923349 0.09274713769081022 0.20340108617438868
0.5633051281014123 0.08394066899780328 0.13039551858194576 0.22235868431883865
0.3277816179429439 0.2682438740593003 0.3094037180708744 0.0945707899268814
0.04912258805601377 0.11931562477147095 0.10155659168382436 0.7300051954886909
0.35922194896722703 0.039540710067444196 0.16394445991640827 0.4372928810489205
0.16921891214984552 0.5923172017761599 0.02447144304936022 0.21399244302463438
0.1743128454402857 0.6714135202165559 0.1382905411766916 0.015983093166466844
0.20060761744847722 0.2375886145266316 0.2942956132102007 0.2675081548146905
0.08073652364191242 0.022230430948962376 0.14235796889675212 0.7546750765123731
0.11326209171409618 0.21053118993718556 0.4892269897878456 0.18697972856087264
0.32551381866326934 0.4807526557897952 0.1569692123778471 0.03676431316908835
0.24848229413241063 0.4988511844413951 0.20475120508142608 0.0479153163447682
0.2708194472706369 0.16194498400843205 0.007446419953120453 0.5597891487678106
0.3267620341546601 0.0719563094347625 0.16181901985585112 0.4394626365547263
0.4711225271428413 0.10154797267844173 0.10809578902916939 0.31923371114954757
0.4563701888209881 0.28299408648555235 0.22537319790970523 0.0352625267837543
0.06299893461740802 0.5414066933369002 0.030892191003112912 0.3647021810425789
0.2753988923225884 0.3058203412391436 0.21811653003360953 0.20066423640465847
0.23745666867329795 0.04326521754389623 0.5919923248150105 0.1272857889677953
0.378756958383343 0.2609392821013157 0.07798412760284068 0.28231963191250065
0.1424651833393632 0.2919320488566368 0.17534896253584265 0.39025380526815734
0.14692497933569204 0.09347552998282682 0.6777382059901793 0.08186128469130183
0.7880134986451868 0.10248813950887847 0.025505730989625497 0.08399263085630926
0.02326790375350485 0.428715101459091 0.013765029947986673 0.5342519648394175
0.5521331836315171 0.19875168298020074 0.02654595412625671 0.22256917926202546
0.20772277076735923 0.38171621165271274 0.03680846573702157 0.37375255184290646
0.4111684578429936 0.1149210736262205 0.09200827854479288 0.381902189985993
0.293894687802156 0.18264748064908354 0.4313168570956286 0.09214097445313185
0.481021832668855 0.45207805940818657 0.061787060634438506 0.005113047288519912
0.10482620415410093 0.5905969829498512 0.11696814068157635 0.18760867221447153
0.2887070354424911 0.023951684836633014 0.6464406322249652 0.040900647495910714
0.17336221305367228 0.2878203412132483 0.2098028700553407 0.32901457567773873
0.5504455327546051 0.16733534043233522 0.21579997121709438 0.06641915559596534
0.9470182930108256 0.002389829081334116 0.04700150542665671 0.003590372481183546
0.034017329438797206 0.14910744179328428 0.7645695157292586 0.05230571303865994
0.31967139893511365 0.35304417125131027 0.13279456231916598 0.1944898674944101
0.07672116646537086 0.010001332080496028 0.3731280142526593 0.5401494872014738
0.33516740335717077 0.1877355918497018 0.07136246719705108 0.40573453759607636
0.3189436839548764 0.10611223654155977 0.4605811422833602 0.11436293722020363
0.14381302363533754 0.4288470690243269 0.008184084897965072 0.4191558224423705
0.17971482553428808 0.38434577876703524 0.2179576776282769 0.2179817180703998
0.35398172296682195 0.0245790598878608 0.17072521830598741 0.45071399883932983
0.39640465011535464 0.02792105032145986 0.5682534270303552 0.007420872532830303
0.010679571004913235 0.35287886136808677 0.19691936891289508 0.4395221987141049
0.09269594274247206 0.09706304241678987 0.6627389153633467 0.14750209947739135
0.5773043926124289 0.09045240024495838 0.3314456565934918 0.0007975505491208956
0.40877727842596334 0.39314344761820885 0.0039814001238319685 0.19409787383199584
0.15004451284607379 0.20802386085206126 0.2583381216614582 0.38359350464040676
0.6021303112824355 0.09442495353746516 0.21086585195408292 0.09257888322601637
0.1666905476280769 0.046832466074689605 0.22827496333438124 0.5582020229628523
0.1701978923465155 0.42996400234991594 0.30110250539889993 0.09873559990466863
0.8657162289686504 0.02403448414142262 0.05195299875678272 0.05829628813314425
0.08103354376529082 0.36326255147198383 0.24651256730573778 0.30919133745698757
0.21125309242493484 0.5654610514413343 0.0497253938994916 0.17356046223423927
0.029761423438034007 0.38133575196148695 0.2957963800028952 0.29310644459758384
0.2185302330725254 0.28578450036583924 0.3861521603110164 0.10953310625061896
0.5843928749744334 0.011334431769201903 0.2042516893794707 0.20002100387689403
0.6278703101019452 0.007123287446782478 0.31689380517518917 0.04811259727608319
0.4177060342080807 0.057734677026535786 0.13432441156655173 0.39023487719883176
0.03289011523742902 0.32708475384474056 0.3589661556909417 0.2810589752268887
0.07202655150850523 0.29991613590873045 0.3475867445579266 0.2804705680248377
0.5734704854693774 0.009538906392660973 0.029091047360355504 0.3878995607776061
0.2973509020448095 0.020507028595296295 0.1639770288084591 0.5181650405514351
0.03175274526920202 0.18172362521456886 0.3037817746480317 0.48274185486819743
0.029486891570377205 0.15504114178010786 0.10669638795366043 0.7087755786958545
0.15862285145225052 0.11977398097603198 0.6588987972328018 0.06270437033891574
0.10241007650036316 0.7963067213782917 0.0912609416802539 0.010022260441091224
0.31534545260897506 0.31179934226016237 0.0666043195962921 0.30625088553457047
0.7541471810057476 0.0262895863227407 0.10651524972958437 0.1130479829419273
0.2789338972924822 0.40827997485235445 0.18608739457561962 0.12669873327954373
0.04982991130604497 0.06309180196842423 0.8014484857405642 0.08562980098496664
0.4153201682217904 0.4524822165936404 0.0651286705622579 0.06706894462231128
0.19859984823024046 0.09818276155007921 0.5255234462819988 0.17769394393768156
0.34075509075873966 0.21266549439557525 0.31978762420237683 0.12679179064330826
0.5689660112738166 0.1791343372669042 0.18405053244794023 0.06784911901133894
0.6986370494858493 0.08999551282700347 0.07905786257767577 0.1323095751094715
0.16186600986153832 0.2803043742172243 0.540677336793962 0.01715227912727535
0.03829122295302578 0.7467003345497801 0.15674314151516755 0.058265300982026536
0.34870167761275017 0.4126737407404143 0.024686425702452275 0.21393815594438326
