33 20 4 53.77712023394859 107.55424046789719
3.2365911469395696 5.049778789457159 4.698467226968868 3.342697217982099 8.833561195122545 2.665359344457145 1.176952828870396 9.579268283533409 7.124057242579354 5.3792931389547505 9.685241378793586 4.5405886520947005 1.716018141582048 4.162666819724166 2.4727164634458574 9.84850138930508 8.925653657937172 5.446571213004071 4.608633170066306 5.061623167078869
0.647318229387914 1.0099557578914318 0.9396934453937735 0.6685394435964198 1.7667122390245091 0.533071868891429 0.2353905657740792 1.9158536567066817 1.4248114485158707 1.07585862779095 1.9370482757587173 0.9081177304189401 0.3432036283164096 0.8325333639448331 0.49454329268917147 1.969700277861016 1.7851307315874343 1.0893142426008142 0.9217266340132613 1.0123246334157738
0.20117628247191477 0.4216036699322362 0.09809689609974526 0.2791231514961038
0.599536483455435 0.3539358113536909 0.016817424555696125 0.029710280635178
0.3539821955907989 0.17356887184856218 0.028363312986025013 0.4440856195746139
0.2952378310408912 0.06732417837278104 0.34783973480285946 0.2895982557834683
0.30619704551042826 0.16619082053389322 0.30082790821936367 0.22678422573631485
0.05949432526546028 0.5362413944613703 0.20659149461624238 0.19767278565692703
0.42788847512106376 0.19188702688462633 0.11285493305693506 0.26736956493737485
0.017372025919124345 0.3267643679692559 0.5491141233076149 0.10674948280400487
0.7687325308162815 0.07572693213320802 0.056836854749155674 0.09870368230135484
0.32627747822946596 0.10275868751893091 0.005492207317912889 0.5654716269336902
0.4524455382201017 0.23683758259615295 0.07404551649202362 0.23667136269172173
0.42086348967800447 0.5467680959145418 0.005232625722975115 0.027135788684478634
0.235905365849035 0.4174095760541392 0.23216070642215714 0.11452435167466868
0.34182884121892165 0.046864996068950004 0.0548666499464473 0.556439512765681
0.3732680338790636 0.41115328990112354 0.023258702144802856 0.19231997407501
0.3185012124023998 0.4876288688558207 0.009944433275717257 0.18392548546606224
0.5171186228655802 0.04101481959382458 0.2677899695948722 0.174076587945723
0.7019600886806018 0.05371129787887985 0.23086485745842455 0.013463755982093817
0.12204580491917427 0.0011904296864996278 0.6441428264449353 0.23262093894939084
0.20130348889006755 0.06809256531009011 0.29340123568291454 0.4372027101169278
0.08121772944869132 0.06123108641673747 0.1053194685712775 0.7522317155632937
0.055738269642170435 0.667259360851312 0.09857182691868671 0.17843054258783086
0.07903030125787225 0.08676416163186651 0.16568226665392882 0.6685232704563324
0.03170775152874872 0.309106225993923 0.49979450763596733 0.15939151484136094
0.13664963834754318 0.10459515382297568 0.49033183043502915 0.268423377394452
0.16256886647960578 0.22929690949630932 0.10826087620931679 0.4998733478147681
0.08898163794389724 0.09921020534801528 0.2051075120993514 0.6067006446087361
0.16156441191215443 0.23532032376690903 0.07148026090989923 0.5316350034110373
0.27506829686681344 0.5589343247199704 0.13782229827020198 0.028175080143014175
0.510194393949749 0.17588991223706651 0.11140488829887218 0.20251080551431233
0.1739191529496058 0.11205085080710486 0.6122213627270399 0.10180863351624947
0.17099071752127593 0.3897197738851007 0.007210255851305081 0.4320792527423183
0.36822584666470326 0.19806814289619423 0.3975772745353624 0.036128735903740106
0.6089401865000075 0.057467516443142186 0.18426383331499818 0.14932846374185216
0.6727242990057668 0.024735847344886874 0.27051585126179967 0.03202400238754666
0.15996464727464832 0.10705886456709368 0.6057507325215243 0.12722575563673366
0.5526963757668745 0.2025170913331733 0.23850506957508444 0.0062814633248677865
0.4322742472437593 0.0779070545236672 0.42641392947882484 0.06340476875374867
0.263394990697595 0.366891781063693 0.0923920133619558 0.2773212148767562
0.2645241089710051 0.0043081876571132716 0.5891350106194564 0.14203269275242525
