1 10 4 19.15831885025558 38.31663770051115
4.753198042323167 7.482920440979423 1.001029373356104 3.7209931536865577 2.3208030173540175 1.8310473529191802 2.676341902399038 4.11004654338743 4.570907268076029 5.849350606030212
0.9506396084646334 1.4965840881958845 0.2002058746712208 0.7441986307373115 0.4641606034708035 0.366209470583836 0.5352683804798076 0.822009308677486 0.9141814536152058 1.1698701212060425
0.027387593197926163 0.17706465653359127 0.21474226467177737 0.5808054855967052
0.14038693859523377 0.2769178637718932 0.3834397663084097 0.19925543132446333
0.08504421136977791 0.22837996678946493 0.5629649741367955 0.12361084770396169
0.0983468338330501 0.0714835857315188 0.788059110585933 0.04211046984949807
0.018288277344191806 0.6682126503373919 0.005376186268889693 0.30812288604952665
0.10322600657764203 0.17721798548676315 0.7084170968420895 0.011138911093505288
0.019366957870297075 0.26840838071605166 0.6208201645067468 0.09140449690690444
0.21162811600005904 0.27994504328027925 0.08254444621167478 0.42588239450798693
0.10233442882782584 0.4869711080754584 0.10509462082446086 0.3055998422722549
0.04995345894608716 0.6138411862737017 0.2808001107710245 0.05540524400918667
0.6704675101784022 0.01475199021835727 0.19289793599418592 0.12188256360905458
0.1981014890848788 0.36058833936087287 0.40957174727364587 0.03173842428060247
0.03905478323288236 0.6532678324364317 0.20228404783453324 0.10539333649615268
0.42110762500505217 0.1120576599679649 0.34497721845639606 0.12185749657058687
0.31551563100606295 0.4346286839389045 0.08448135695240544 0.1653743281026271
0.44789352617590517 0.30027212820393423 0.04111367407164912 0.21072067154851148
0.13002857211827767 0.16358557625540182 0.38522138456621147 0.32116446706010904
0.053362545117080384 0.09336602978872977 0.11881808446641606 0.7344533406277738
0.4140559878195683 0.00012328170733433286 0.2855790904940285 0.30024163997906883
0.5148891120583086 0.021007293857203013 0.050658634586481344 0.4134449594980071
