88 60 4 160.00344676185958 320.0068935237192
6.8279594441772105 5.564347193917722 5.755072421370155 9.066566836088992 7.299920716007391 7.428673916840214 7.456045438822607 3.00537515964575 2.5763907099162076 5.111573395042729 9.35864588384706 1.088972983364036 1.809299752155582 8.651802410694339 5.370589530055585 8.891520327538977 3.766005449786537 4.491689915452761 6.233011686468533 2.0231846246423357 7.910921663192715 3.813094358227061 6.814094137770565 1.2942902529643678 2.4975601923853032 4.872727291467213 3.0502582300656176 9.696767194789405 9.144454677458874 8.790966217598566 1.2894650413685094 8.195479756843348 9.15539960449633 7.335399976785993 3.067412020137466 4.702920392230302 9.807795654269489 3.9614136406319753 6.359761643703839 5.8226170680164895 5.149863600011972 3.03219695726498 9.284976695744618 6.49740557646121 2.9808272942520744 1.3535613978007883 5.931006199608086 1.811680454095408 8.362614520469595 7.152126230571453 9.42245191182047 1.809199566420626 1.1202184973973919 2.945011997671056 4.45336671658875 7.637803064434587 3.2954883922173503 3.2985865999231696 3.1503719608224543 1.9586890799051142
1.3655918888354421 1.1128694387835443 1.151014484274031 1.8133133672177983 1.4599841432014782 1.4857347833680428 1.4912090877645214 0.60107503192915 0.5152781419832415 1.0223146790085458 1.8717291767694122 0.2177945966728072 0.3618599504311164 1.7303604821388678 1.074117906011117 1.7783040655077955 0.7532010899573074 0.8983379830905521 1.2466023372937065 0.40463692492846715 1.582184332638543 0.7626188716454122 1.3628188275541129 0.2588580505928736 0.49951203847706066 0.9745454582934426 0.6100516460131236 1.939353438957881 1.8288909354917748 1.7581932435197132 0.2578930082737019 1.6390959513686696 1.8310799208992659 1.4670799953571987 0.6134824040274932 0.9405840784460604 1.9615591308538978 0.7922827281263951 1.271952328740768 1.1645234136032978 1.0299727200023945 0.606439391452996 1.8569953391489236 1.299481115292242 0.5961654588504148 0.27071227956015764 1.186201239921617 0.3623360908190816 1.6725229040939191 1.4304252461142906 1.8844903823640942 0.3618399132841252 0.2240436994794784 0.5890023995342112 0.89067334331775 1.5275606128869175 0.6590976784434701 0.6597173199846339 0.6300743921644909 0.39173781598102286
0.03701249401745954 0.02272490667479432 0.12253819264872934 0.8177244066590168
0.1768276507373302 0.5477294405475144 0.2720925726650324 0.003350336050123026
0.4025450163412203 0.24243245905127364 0.33095701428480273 0.02406551032270332
0.1346814544713808 0.42865826207935376 0.3672113959547172 0.06944888749454825
0.14749908542014212 0.06226920713939721 0.3311537584032248 0.45907794903723587
0.6259684349210761 0.2676311463667218 0.03508689137485077 0.0713135273373513
0.013298934642535065 0.10534641996994765 0.8250648506020045 0.05628979478551277
0.36401901069435694 0.2597820448683035 0.3122013777696915 0.06399756666764811
0.0825612522630994 0.1911499173781237 0.7234636878540877 0.0028251425046892376
0.29799644450810314 0.15400334366093615 0.4860290678252074 0.06197114400575332
0.30170685926082563 0.16530055532816357 0.18880075586891742 0.3441918295420934
0.0022117101770328107 0.03181107976741959 0.04332950502338173 0.9226477050321659
0.018020550862854923 0.6389535233555992 0.3007382031779793 0.04228772260356661
0.4607131561416947 0.24347524287347877 0.10050082285201178 0.19531077813281472
0.30854508861882923 0.026654397751444736 0.3199899112556811 0.3448106023740449
0.8678491220531231 0.05092584798781019 0.05188260547084966 0.029342424488217
0.9367445934871075 0.006115741595588475 0.03555986851295456 0.021579796404349483
0.14462968896308814 0.17964700236668651 0.35333197021692864 0.3223913384532967
0.10077231999450043 0.3025057864773051 0.5659895835341513 0.030732309994043194
0.21821109934690042 0.23124913689590132 0.031265815384014295 0.519273948373184
0.029602235047850534 0.33948460897610533 0.012713498659223776 0.6181996573168204
0.2659503689306931 0.140207663827158 0.26082504938259266 0.3330169178595562
0.18730906618786192 0.025877095742649625 0.533038492876933 0.2537753451925555
0.25575593721047984 0.23970123758002904 0.1995837981374461 0.30495902707204503
0.045912068721731925 0.0686915670616357 0.10115049570105517 0.7842458685155772
0.48488847969797577 0.1690820547483839 0.06536574926925598 0.28066371628438436
0.4698400287063731 0.09694597524072601 0.2545948628324426 0.1786191332204583
0.164105149099955 0.0012496731139201023 0.7625759361283522 0.07206924165777273
0.10483418901857677 0.36137942710772053 0.07228034452708032 0.4615060393466224
0.7253758032867342 0.011941730923927252 0.030131060438599255 0.23255140535073926
0.05323112262204144 0.10417034619116039 0.4109671810574175 0.4316313501293807
0.24400178289973495 0.3542817362043622 0.3238133984995606 0.07790308239634225
0.14122143356614392 0.541571087754923 0.26245042909449057 0.054757049584442496
0.029494716691179534 0.0019152889501620196 0.5152934840705975 0.45329651028806095
0.3389582932506905 0.5813387794813668 0.035253268773346336 0.04444965849459637
0.04085972116301129 0.05167918189460352 0.10226985875076966 0.8051912381916155
0.08621491383397983 0.4184005738743475 0.14274220253052805 0.35264230976114463
0.10626154197607796 0.3448989918574764 0.5353324443101616 0.013507021856284052
0.07998041400601896 0.7467051545556257 0.17084066110982532 0.0024737703285300228
0.24663980769232474 0.27982878388088384 0.38370929982921687 0.08982210859757456
0.4990282515676815 0.14411163043038533 0.26810304457152623 0.08875707343040695
0.4888656535744085 0.4975570287583154 0.001896432026929351 0.01168088564034675
0.3641909053905479 0.04471279119281624 0.2534841192262215 0.3376121841904144
0.20464590632720148 0.07314617171406601 0.688010096835058 0.03419782512367453
0.4719390602788971 0.12404204146576991 0.19882305161078306 0.20519584664454993
0.1104878331019713 0.3511020451976711 0.3654642806183168 0.1729458410820408
0.07732718835830932 0.7008815648777963 0.0651238616495301 0.1566673851143643
0.10293212969414367 0.527724883620513 0.32176140797727215 0.047581578708071226
0.058927006207736055 0.91132517104125 0.018982574110296913 0.01076524864071704
0.0009712706939978277 0.4643992300084955 0.26191158356125355 0.27271791573625315
0.16724490513401924 0.6192988385264785 0.18871940001987952 0.024736856319622746
0.0688817033578284 0.5650065134692464 0.3101006114443534 0.05601117172857184
0.01035429756955486 0.018578229494009113 0.5786248944653442 0.3924425784710919
0.5533347006854908 0.13708169277141768 0.1416231939700412 0.16796041257305028
0.3501875413368142 0.3861202167066672 0.0275868171824184 0.23610542477410024
0.2679134285099548 0.3528669684973931 0.11715352727393868 0.26206607571871343
0.6000926639091658 0.2840793566328256 0.05658121963412388 0.05924675982388472
0.3886702604399178 0.1390225086815513 0.19010583550588733 0.28220139537264355
0.15224744567502557 0.671947330073508 0.05869540974649057 0.11710981450497582
0.24948997504944825 0.28200764279402846 0.018784689974649438 0.44971769218187385
0.16596351873022874 0.5348899265267804 0.19207888795892303 0.10706766678406787
0.11102718879446327 0.22638620381235552 0.6044544847849767 0.05813212260820455
0.03568397319303829 0.38232779684865226 0.34675408802122876 0.2352341419370807
0.2120311202186913 0.42274362369046115 0.31564781715066303 0.049577438940184515
0.022090075421856592 0.15124316220668155 0.5531617963891264 0.2735049659823354
0.3692636602666949 0.14561705392100266 0.4360518043721666 0.04906748144013584
0.3382768422891246 0.0023523163393766033 0.2288419345052639 0.4305289068662349
0.1571720858355934 0.04230270313907003 0.45526082125539746 0.3452643897699391
0.4049227457005531 0.09918845404414245 0.1889859410721334 0.30690285918317106
0.11554519989399392 0.24126368055200598 0.6211228315858803 0.02206828796811977
0.028553616178786156 0.0038887270977659982 0.9456544881601827 0.02190316856326513
0.2765933959541076 0.06752054426659204 0.34327067287516877 0.3126153869041316
0.09120484819736518 0.7968728634707992 0.09167321153094143 0.02024907680089416
0.0753490635974221 0.5613975583069664 0.3374853535031055 0.025768024592506045
0.002407874896818596 0.6774094005629389 0.11659885948545134 0.2035838650547912
0.2701784934674605 0.21563523816914354 0.12139634862592841 0.3927899197374676
0.39066756345559717 0.44286309207297503 0.11521423288217936 0.05125511158924845
0.0010904450900737217 0.1646529908468949 0.20008575714911214 0.6341708069139192
0.4379103137019372 0.07672751899558783 0.040413784003087705 0.44494838329938724
0.16951761832943235 0.43502363911115616 0.12057682312557794 0.27488191943383355
0.4992819886514719 0.12251826198463966 0.0043165175092014785 0.37388323185468697
0.07234237796772713 0.6942941683015351 0.0011239794675258485 0.2322394742632119
0.3384497359832035 0.12649896488015644 0.06510569462131544 0.46994560451532463
0.2842899623295385 0.35043951999394374 0.11351524996861284 0.2517552677079049
0.42112249938261215 0.009101214361663779 0.06303757210559369 0.5067387141501304
0.24749470772547844 0.094844482832533 0.06376655294758393 0.5938942564944046
0.08437770512567744 0.0007599011070488215 0.8647940205851607 0.05006837318211299
0.03882691793081827 0.7525792372630835 0.09443677680200668 0.11415706800409153
0.18072294605546668 0.1860681104756734 0.15898034046766374 0.4742286030011962
0.6959246790946235 0.1690648381247628 0.04737698050035555 0.08763350228025812
0.814490779468577 0.08335659572550558 0.08531637734603315 0.016836247459884324
0.024652176915595514 0.21855739204696356 0.11022204597915397 0.646568385058287
0.07019489769613407 0.7998154133382893 0.046279617173181964 0.08371007179239465
0.08029946154415268 0.19391919403257507 0.5768958213756707 0.1488855230476015
0.7135500654125915 0.12339597322581686 0.00823888732346878 0.1548150740381229
0.40301545223978763 0.09416723817428474 0.1857375146615331 0.31707979492439453
0.03686538059539701 0.7903638067270172 0.046570624583799014 0.12620018809378675
0.4412304674480122 0.09084563423533265 0.31592340381430517 0.15200049450234998
0.07426470696518517 0.691018247028152 0.11492982503096971 0.11978722097569316
0.022077023347156444 0.21232864395261364 0.6782239609405152 0.08737037175971474
0.0361387809471958 0.5379306755585673 0.24777541672664083 0.17815512676759604
0.10112522795715317 0.055783001012448485 0.28182631513951906 0.5612654558908793
0.1498686287010934 0.06272204619102717 0.3961811191749093 0.39122820593297014
0.01891854878594279 0.04948217019979395 0.7482187525221945 0.18338052849206876
0.44648259731002404 0.1952936933321211 0.33492151610557774 0.023302193252277115
0.1384469838997774 0.1308425840742945 0.4125075299886578 0.3182029020372703
0.062343523803225165 0.4194942679224638 0.35672953587830036 0.16143267239601067
0.3887194030461817 0.0582722028952386 0.4416768183354246 0.11133157572315511
0.39338027233345263 0.2480397353449919 0.006260577233107245 0.3523194150884482
0.2017347855570022 0.5609039694371509 0.18929532337126032 0.04806592163458656
0.5745154590177999 0.1533008104174084 0.23535048498764866 0.03683324557714307
0.10966807006664936 0.04148550134732387 0.5938238539991922 0.2550225745868345
0.09361689032204445 0.3825922055361657 0.09212487494161237 0.4316660292001775
0.3665797525724226 0.16569096681754614 0.3033815225516473 0.16434775805838397
0.40133548329176305 0.4082829805471798 0.023641039413748954 0.16674049674730818
0.4650094733621072 0.13254154214815772 0.21681579160296194 0.18563319288677316
0.01395186694509798 0.015198676035414027 0.08022913131085974 0.8906203257086283
0.45713119383108436 0.009842342935386883 0.30478821105063547 0.2282382521828933
0.831444846618165 0.10098971986627026 0.0027696206389715705 0.0647958128765932
0.08909155809578906 0.2478976607867207 0.35648556494039674 0.3065252161770935
