88 10 4 30.045962615914483 60.091925231828974
6.8279594441772105 5.564347193917722 5.755072421370155 9.066566836088992 7.299920716007391 7.428673916840214 7.456045438822607 3.00537515964575 2.5763907099162076 5.111573395042729
1.3655918888354421 1.1128694387835443 1.151014484274031 1.8133133672177983 1.4599841432014782 1.4857347833680428 1.4912090877645214 0.60107503192915 0.5152781419832415 1.0223146790085458
0.08992219468395357 0.39569886421111145 0.44311737264349726 0.07126156846143772
0.3073339388651708 0.2741118040757773 0.18643444185824243 0.2321198152008095
0.16639557693170037 0.061410893075590445 0.4182039897449942 0.353989540247715
0.03216278237427883 0.8727766262322628 0.0012161030041616394 0.09384448838929671
0.22971244668194069 0.3658166248407081 0.38311489006285004 0.021356038414501177
0.22009192158356383 0.24100403397332204 0.45945701063696065 0.07944703380615348
0.5478895777342317 0.2701787023179455 0.11775971015009723 0.06417200979772553
0.01335761082193243 0.24169665497999537 0.12865314715237774 0.6162925870456945
0.05973740069225386 0.12253819264872934 0.05665462452817838 0.7610697821308384
0.03701249401745954 0.687544597267385 0.2720925726650324 0.003350336050123026
0.00988588704044846 0.8403143808144781 0.026635324093848722 0.12316440805122475
0.11368718051581506 0.19887885928719173 0.07539950635841108 0.6120344538385821
0.03269891699604088 0.39760411538920504 0.5360044337024658 0.033692533912288325
0.7039333307539992 0.09556442000637266 0.06616516230613534 0.13433708693349278
0.32904596007021947 0.08238963906648078 0.12441074175402078 0.46415365910927897
0.039284599755643135 0.18651506216268798 0.38502317991069224 0.38917715817097664
0.08991106293562512 0.0002756541860868822 0.5933828640528939 0.31643041882539413
0.21611244418567288 0.03928606691690151 0.4821351627234909 0.2624663261739347
0.10652100887834604 0.05944250985188271 0.7269688144857034 0.10706766678406787
0.11102718879446327 0.22638620381235552 0.3634400526501903 0.2991465547429909
