83 50 4 141.09162893453362 282.18325786906723
3.3133818439462592 7.154088247639653 6.97277581812204 7.994173910197599 8.446299655019125 4.210157293613609 4.480624600732158 7.6906824516981 3.5428646358620095 3.6466893269331746 6.165918232935329 1.4241200626177766 4.483757289296621 8.51119411124835 5.689603620179559 2.147720146462476 4.734314731825382 8.387412102391615 4.101845806882377 9.242790112292997 2.687024529590963 1.2460320694290923 3.1346505031608087 7.477809349947511 3.4229807618837444 6.097410459706706 6.669714450043726 2.913063788273501 7.643587041849626 4.121501428918789 3.9240133569491418 3.8537619909424303 9.744849096922659 2.0324582989350173 3.9817576884072707 9.805319810712405 9.974063088748888 2.6278530615649696 2.253185064642352 7.393882595652726 6.912933976508744 6.501021621283072 5.498911306520965 9.993306145270926 7.655008821985865 9.06842984439129 5.929891764857133 7.808160593626864 6.606348922176405 2.8639124362676025
0.6626763687892518 1.4308176495279306 1.394555163624408 1.59883478203952 1.689259931003825 0.8420314587227218 0.8961249201464316 1.53813649033962 0.708572927172402 0.7293378653866349 1.2331836465870658 0.2848240125235553 0.8967514578593242 1.70223882224967 1.137920724035912 0.4295440292924952 0.9468629463650764 1.677482420478323 0.8203691613764754 1.8485580224585996 0.5374049059181927 0.24920641388581846 0.6269301006321617 1.4955618699895021 0.6845961523767489 1.2194820919413412 1.333942890008745 0.5826127576547002 1.5287174083699253 0.8243002857837578 0.7848026713898284 0.7707523981884861 1.9489698193845317 0.40649165978700347 0.7963515376814542 1.961063962142481 1.9948126177497776 0.525570612312994 0.4506370129284704 1.478776519130545 1.3825867953017488 1.3002043242566144 1.099782261304193 1.9986612290541852 1.531001764397173 1.8136859688782578 1.1859783529714265 1.5616321187253728 1.321269784435281 0.5727824872535205
0.3072876380675438 0.23908377508806078 0.3239822231006966 0.12964636374369887
0.1458640230874979 0.23986231372989586 0.5112828370254507 0.10299082615715549
0.3348592412507373 0.4641811452186546 0.07366755425147253 0.12729205927913556
0.11988695428329366 0.025426433473632604 0.417492475977014 0.43719413626605974
0.0278316311773108 0.7870605231410177 0.07700623718409416 0.10810160849757733
0.4922649156739277 0.010330234089110157 0.05994137896255658 0.43746347127440555
0.11062251468591999 0.1580466079199414 0.3504684375777949 0.3808624398163437
0.5273667514032582 0.21492499475363136 0.17925416323149723 0.07845409061161324
0.34411802387716117 0.07638729738075667 0.1913775061893812 0.38811717255270095
0.43004515568297075 0.1106215817520706 0.2764102737741583 0.18292298879080038
0.4742132052512713 0.2890457770848114 0.0687125367253727 0.1680284809385446
0.4000054983475064 0.22341316206182138 0.3087854774544724 0.06779586213619981
0.3041020985544086 0.1053717142070083 0.5678250606959337 0.02270112654264933
0.20642102559868036 0.33348876422577756 0.034169687601790066 0.425920522573752
0.19707730164360193 0.17813473838021954 0.22655724580017267 0.39823071417600586
0.24010507222640676 0.3925867221921706 0.09995275876146448 0.26735544681995815
0.0772846458207852 0.32829182047868144 0.31237342603720186 0.2820501076633315
0.3912482333174975 0.1451499781818234 0.3616864521735408 0.10191533632713834
0.1317025193197039 0.1769966579821295 0.572145894925536 0.11915492777263059
0.7113753070712175 0.03172917281089527 0.05412282401734558 0.2027726961005416
0.30082132016408714 0.4008217013463389 0.00853968599637589 0.2898172924931981
0.25299039226152475 0.36857979732510227 0.30399321786231415 0.07443659255105883
0.15212818628293956 0.20591624162859334 0.5890003158201357 0.05295525626833142
0.31820916104305297 0.10286965297646122 0.35837803716690264 0.22054314881358317
0.23662196688578807 0.3695085428400593 0.2869181331160271 0.10695135715812554
0.018004519887032444 0.6918765416162755 0.20626010068460143 0.08385883781209058
0.005615238198661721 0.12790965012083355 0.020857063566511513 0.8456180481139932
0.04943839843506426 0.35341592032633373 0.10516016493179214 0.49198551630680987
0.1727033536516389 0.5822156334838009 0.045977506856690664 0.19910350600786952
0.034521672553695315 0.2455225130866403 0.29346021051757365 0.42649560384209073
0.3721802909121653 0.09541396123221857 0.4630049310702623 0.06940081678535381
0.33823829792790905 0.21420320390488579 0.24820406005889784 0.19935443810830733
0.6016305863384261 0.2897377691390657 0.001761814696756403 0.10686982982575177
0.3592918113975414 0.26835561467178637 0.2645740020274132 0.10777857190325901
0.11745758080020652 0.1015649489428242 0.09617071569886704 0.6848067545581022
0.036962556463811524 0.5585003941407641 0.05415701679585083 0.3503800325995735
0.2700081796273853 0.4222157887093215 0.19040926099680455 0.1173667706664886
0.2538427952648502 0.10625072959620252 0.4491791644157852 0.19072731072316207
0.10096249085685738 0.018044114150093438 0.2860331991925884 0.5949601958004608
0.2544153383986151 0.10466716016589062 0.43137906567731765 0.20953843575817666
0.01767480587743897 0.4523991503938717 0.3469367462972974 0.18298929743139192
0.18414087627611098 0.43956307421300544 0.03798104502784172 0.33831500448304186
0.08511965271648769 0.037003242350434506 0.14134198928733177 0.736535115645746
0.4432277767314592 0.33224447931697965 0.03650648428530423 0.18802125966625693
0.07631088010111742 0.06808110866623596 0.07257819300845592 0.7830298182241907
0.176519926442807 0.11041374654636982 0.3644850150871445 0.3485813119236787
0.5561542243934494 0.07269744019745938 0.3188666345301917 0.052281700878899495
0.22432663875192183 0.5078154259123637 0.14301824441639377 0.12483969091932068
0.2842752363211152 0.1274732307873806 0.029584992874281846 0.5586665400172224
0.09125831973842502 0.3865114627719337 0.35374138974549096 0.1684888277441503
0.056890798250766705 0.29828677776893653 0.13708126160497092 0.5077411623753258
0.24842990877005977 0.23502622794043604 0.1615138198613475 0.3550300434281567
0.014449019599514279 0.011244355777953574 0.5363471216021565 0.4379595030203757
0.19842672903213943 0.6323711211581956 0.031196749709606397 0.13800540010005857
0.2131496096484835 0.2962574046222819 0.010996631156233505 0.4795963545730011
0.01679640632243018 0.114849496625961 0.8271064263580306 0.041247670693578264
0.6242668309849592 0.020253832440740305 0.3245190908246425 0.030960245749658055
0.0679945469237192 0.17572678719349 0.589382147931583 0.16689651795120786
0.10702916854775635 0.32754074279702317 0.29463244130013944 0.27079764735508105
0.05288554374231147 0.5982878110296331 0.07501482455504727 0.27381182067300813
0.12425336822625577 0.2971920514349776 0.22800302250030335 0.35055155783846326
0.1190304498692043 0.1571860010412206 0.3375995417836344 0.3861840073059407
0.15964745182290674 0.30776806147613556 0.4367265816422966 0.0958579050586611
0.1356019636912177 0.7209440599665463 0.11462444286856965 0.028829533473666347
0.08765396440964612 0.06269793533176227 0.6952522952818657 0.1543958049767259
0.5141102664544827 0.15015165639209505 0.32978015486640255 0.005957922287019746
0.6522238819403492 0.1150341546579221 0.1124454190901355 0.1202965443115932
0.015346382420000082 0.1397477712138272 0.55094293126866 0.2939629150975127
0.191277894275093 0.06349357918164689 0.5391404343447964 0.2060880921984637
0.30103176156777467 0.20368294119847463 0.3379493520873348 0.1573359451464159
0.010651122657789003 0.010351279743660569 0.6514727019415233 0.32752489565702714
0.38445142132126253 0.11938900825331122 0.45088999092577375 0.04526957949965249
0.05401483150295727 0.15052502839263393 0.4346742392729356 0.3607859008314732
0.4502664073119277 0.05942747144031757 0.19416157457342698 0.29614454667432777
0.3044672299480693 0.24248662785537578 0.22458877807508526 0.22845736412146966
0.5145180398091073 0.11216855289066696 0.34357907048126635 0.029734336818959428
0.18014732149115364 0.5523171426037706 0.1051796294535281 0.16235590645154763
0.5581726467648654 0.1259442929289344 0.2905504857949951 0.025332574511205075
0.20464041796658528 0.4284739461813999 0.31615149951897903 0.050734136333035806
0.46467553630386904 0.23471328780684975 0.005397363141938505 0.2952138127473427
0.12433685215013968 0.4456993063790172 0.06218559880349672 0.3677782426673464
0.37029660727625513 0.08819533295257487 0.30201317909776093 0.23949488067340907
0.19003858754848946 0.07694453311605642 0.25428709279661876 0.47872978653883536
0.08801147099401696 0.08748582074626166 0.5233136170650229 0.3011890911946985
0.3398356635099724 0.20399719327197763 0.05295276231247292 0.40321438090557704
0.14271167538668894 0.13661653857511036 0.4833902655031579 0.2372815205350428
0.2548196488968363 0.016072713831248753 0.6502038038364438 0.07890383343547114
0.4193855774882732 0.11915629681618789 0.239600137965697 0.2218579877298419
0.5624306974135885 0.018742273942890186 0.26748314449330746 0.15134388415021383
0.5518640146851709 0.17521886002929055 0.022803823674228285 0.2501133016113103
0.6039862281016035 0.03877130865931344 0.24613730917955656 0.11110515405952648
0.30442359150474374 0.27536068561314053 0.04303753451340109 0.37717818836871464
0.2626962597150765 0.6221942381257833 0.09339511580250714 0.02171438635663303
0.327834807232371 0.2997205950126349 0.08778962062934759 0.28465497712564647
0.46195345176051894 0.07345094530368945 0.13071460465991025 0.33388099827588136
0.1739058082878039 0.056883625328025045 0.7681972381696605 0.0010133282145106115
0.5118956434401102 0.300613317935444 0.09268254723021074 0.09480849139423508
0.17597995432704017 0.640438116071089 0.11219332338117427 0.07138860622069654
0.12840416254305198 0.5690203444293835 0.07162428449763647 0.230951208529928
0.04691896830235265 0.17024821314929606 0.5447283152454298 0.23810450330292154
