52 20 4 61.859311910907195 123.71862382181439
8.407993066388126 1.235061834128806 2.8969357593816456 6.565795924146492 1.8845601880320926 6.58118178889173 1.485011976385994 9.645886520238147 9.823864367935661 5.690148852441014 6.72898010351993 7.882812534423249 7.884597651551373 4.7591702160375045 7.919247756913684 4.808815753708285 9.334932143741483 7.137338363851585 4.316100321922196 8.73018869817538
1.6815986132776253 0.2470123668257612 0.5793871518763292 1.3131591848292985 0.3769120376064185 1.316236357778346 0.2970023952771988 1.9291773040476294 1.9647728735871322 1.138029770488203 1.345796020703986 1.5765625068846498 1.5769195303102745 0.9518340432075009 1.5838495513827369 0.9617631507416571 1.8669864287482967 1.427467672770317 0.8632200643844392 1.7460377396350761
0.3248907136368232 0.05560496634656664 0.3617782688669904 0.2577260511496198
0.20131683134279676 0.30929940364626163 0.27578620342070936 0.21359756159023224
0.07874907332177594 0.35563957155120385 0.010988851018047696 0.5546225041089725
0.45082670983145 0.04690078634639949 0.3639132220953212 0.13835928172682932
0.1228875539702794 0.21192810244490523 0.4525696352216082 0.21261470836320717
0.37451251076585956 0.09743494348900694 0.24825671814357386 0.27979582760155963
0.4542809790228073 0.18429570041571042 0.05591674502647748 0.3055065755350048
0.6900263485800929 0.054041054357328644 0.14711058631897167 0.10882201074360676
0.20178386343344057 0.5502260602402548 0.20643699680690963 0.04155307951939502
0.28024548115249903 0.0694966590815359 0.08784637098746717 0.5624114887784979
0.4651649617638387 0.07153940160542827 0.447682478572353 0.015613158058380039
0.18821937901900487 0.1550102834848993 0.4715956043092928 0.185174733186803
0.5147723383402653 0.23573604029287276 0.2199147005185632 0.02957692084829877
0.39936570401124194 0.38065060195183065 0.19116605834962153 0.028817635687305887
0.017670713942223193 0.05939927101161391 0.12350254525273163 0.7994274697934313
0.10315593863930606 0.11802962174915732 0.28467488873472235 0.49413955087681427
0.16681383022164675 0.41681529656306304 0.22385089194074892 0.19251998127454129
0.12844700539551834 0.15335975654278977 0.3300793473056559 0.388113890756036
0.035422261525915544 0.34135936354199947 0.0005069675649586047 0.6227114073671264
0.13988279236892542 0.6854283461773725 0.14129742514642385 0.033391436307278255
0.09495426388360773 0.3201579222588835 0.24279668144413447 0.3420911324133743
0.3949396379041129 0.4012199035979116 0.012328371741321509 0.191512086756654
0.24605794567291628 0.2415873123437633 0.25542165249353554 0.2569330894897849
0.020022559117985117 0.027400315227273042 0.8113511297827464 0.14122599587199547
0.15743374693326317 0.5075053108958314 0.236650973321342 0.09840996884956343
0.5277864449097718 0.011468878468467114 0.3614321803520294 0.09931249626973171
0.425568262771457 0.16875642183684947 0.32145173208842237 0.08422358330327118
0.058868078357722564 0.261465127832916 0.6091525956493673 0.07051419815999416
0.004363273526967193 0.29101785391424284 0.4276806392132735 0.2769382333455165
0.19748236998530688 0.23040152923558266 0.5017317684528323 0.07038433232627817
0.47772756497270474 0.30447701738437827 0.07291923224735153 0.14487618539556546
0.1456551348709756 0.3097695566964461 0.24019521149258805 0.30438009693999024
0.06917213261814714 0.4431167611733915 0.48205689569944354 0.005654210509017821
0.7969238569277596 0.051570777612689356 0.106325773056553 0.04517959240299807
0.16744375511655984 0.07331472570183795 0.49107564047758123 0.268165878704021
0.4146662527865721 0.19413925035911817 0.33111691204097016 0.06007758481333958
0.4938081387298918 0.16192102614389225 0.14309146757335156 0.20117936755286436
0.2602992874062112 0.31515352216197556 0.04902496049132299 0.3755222299404902
0.1783917410558119 0.23899407897524394 0.031235076302514875 0.5513791036664293
0.23428878581295864 0.10816679135480423 0.004926694522588648 0.6526177283096485
