87 60 4 167.75860009443852 335.51720018887704
6.906377667096612 9.594112392219047 9.737884314944347 1.8804895958384846 3.1667042420306286 8.817777882224114 5.927076410072622 7.472379681358821 9.331153124415867 6.553347554003919 7.001743225786027 4.005116571531379 2.646198953204893 4.262153783245832 4.616704798638317 7.857197742024841 3.4006152052178713 3.4038597108362567 9.78469272679685 1.5602458454742558 4.772889390872886 4.161248409341921 1.8053683502239966 2.7762210229177144 9.467722940009363 1.0950888896639104 2.674952744827575 9.869390717181142 4.062261971522252 3.938883506146378 6.885193050857186 1.1981502181983137 2.7283489613846292 9.572337053807967 7.756328911250041 3.042567219567424 6.741032792850437 1.2875325643991362 4.709864939308468 9.523742493002652 7.852280334589692 5.158157718731162 4.225405795785594 3.4461162642098104 2.4757419939853915 6.839657520549894 7.299559544160618 7.782585777684338 9.40497446797871 6.564022696303387 7.286978375723773 2.864370926579511 1.1209219286060148 9.02270331154249 8.624672113545028 8.388646671773548 8.227331770873617 5.235195448963298 4.673812547074555 3.0291074059222094
1.3812755334193223 1.9188224784438095 1.9475768629888695 0.3760979191676969 0.6333408484061257 1.7635555764448227 1.1854152820145243 1.4944759362717641 1.8662306248831733 1.3106695108007838 1.4003486451572054 0.8010233143062757 0.5292397906409786 0.8524307566491665 0.9233409597276634 1.5714395484049681 0.6801230410435742 0.6807719421672513 1.95693854535937 0.31204916909485114 0.9545778781745773 0.8322496818683842 0.3610736700447993 0.5552442045835428 1.8935445880018726 0.21901777793278207 0.534990548965515 1.9738781434362285 0.8124523943044505 0.7877767012292756 1.3770386101714371 0.23963004363966273 0.5456697922769258 1.9144674107615933 1.5512657822500082 0.6085134439134847 1.3482065585700875 0.25750651287982723 0.9419729878616936 1.9047484986005305 1.5704560669179384 1.0316315437462324 0.8450811591571188 0.6892232528419621 0.4951483987970783 1.3679315041099787 1.4599119088321237 1.5565171555368678 1.880994893595742 1.3128045392606773 1.4573956751447548 0.5728741853159022 0.22418438572120297 1.8045406623084979 1.7249344227090055 1.6777293343547097 1.6454663541747234 1.0470390897926596 0.934762509414911 0.6058214811844419
0.049269671285265826 0.079604442062428 0.17707193288571088 0.6940539537665953
0.1932492531169835 0.23964878241827026 0.1742130900505473 0.39288887441419895
0.17734183673021597 0.0782457148881468 0.09787701365194046 0.6465354347296968
0.09926015266712118 0.36914625419028035 0.02194167500560873 0.5096519181369897
0.8232523570839261 0.003567364765241443 0.100954825250684 0.07222545290014848
0.05321407715368609 0.850469190027037 0.017254004168263726 0.07906272865101316
0.01455872474920672 0.023297826304096048 0.7850947781139554 0.17704867083274178
0.18779133386451463 0.27299027309877777 0.24906770477756635 0.29015068825914125
0.2773117143705368 0.3518744416052383 0.3574996942025932 0.013314149821631704
0.10767012190947867 0.5136543822213698 0.31796145561564204 0.06071404025350946
0.4961268359433828 0.38380452933821807 0.10120873439217648 0.018859900326222645
0.12515465461466335 0.3056330325399522 0.078011776441552 0.49120053640383243
0.12776722743960212 0.40396962687301585 0.43502217282688294 0.033240972860499096
0.0190216272664937 0.6159199402915159 0.24894438789805362 0.11611404454393681
0.47191242929591815 0.3850751763848995 0.0024462736104143845 0.14056612070876795
0.12480685514749534 0.3077674004774693 0.5317886210356213 0.035637123339414045
0.022675491554436933 0.7159004471811069 0.01547823270102866 0.2459458285634275
0.11120755401369486 0.05019455865234479 0.5246659986135362 0.3139318887204241
0.24887857142996128 0.10524148447840742 0.0697105629221092 0.5761693811695221
0.20909124090374187 0.17417411926215087 0.18762883969355393 0.42910580014055333
0.027739500352295665 0.11779989495160281 0.060949103744978195 0.7935115009511233
0.22092090851918733 0.08406403111715854 0.526758802189088 0.16825625817456613
0.3429247969570087 0.16129390194101334 0.04628566459374228 0.44949563650823565
0.06764551315445866 0.2487647558984084 0.22427989345712807 0.45930983749000487
0.17409448514140025 0.28924852720218397 0.22242228760524352 0.31423470005117227
0.30513237302830987 0.4647098075099517 0.20299083368513993 0.027166985776598485
0.18747641015825955 0.2178085552107515 0.20633296901099996 0.388382065619989
0.06617035628175838 0.14993421694129427 0.640248402169705 0.14364702460724232
0.3929256642497483 0.3432547651120449 0.06531632119740582 0.198503249440801
0.4072145256782528 0.041530987684137766 0.3790338511342669 0.17222063550334255
0.039646354677162376 0.065839296951133 0.47889491158447517 0.41561943678722946
0.2812222280794514 0.2556959510059762 0.05704027827341751 0.4060415426411549
0.1903167280020246 0.12803484435432055 0.6236614218763848 0.057987005767270006
0.13714644573959434 0.5870111739739415 0.15857470483621539 0.11726767545024874
0.4025241326664306 0.07745615502927838 0.46846709897882866 0.05155261332546235
0.1268428687571752 0.2535798427084729 0.6080924985344853 0.011484789999866574
0.09260628198740695 0.2424754385677942 0.5334535166551148 0.1314647627896841
0.6132991306297587 0.022269799465822637 0.006074215556422735 0.3583568543479959
0.1370740214166084 0.09045771683653314 0.027603626239170564 0.7448646355076879
0.12175526934369363 0.5640263257333933 0.20995566554334222 0.10426273937957087
0.5618469984261851 0.35001988420329977 0.08130901053842454 0.00682410683209056
6.907538794920232e-05 0.44472305046390515 0.3180146504743939 0.23719322367375173
0.05712519539544858 0.5686669163107582 0.263544448090158 0.11066344020363528
0.4129143038226927 0.02068791414232618 0.3546355343207761 0.21176224771420504
0.10429000165066982 0.19744005693771216 0.32475583945831465 0.37351410195330337
0.3214387976111668 0.2563627218535145 0.11247925054296448 0.30971922999235424
0.3474279390561711 0.13692567904694763 0.07494713481950876 0.4406992470773725
0.006775076975238603 0.25274302919449443 0.19362693488448968 0.5468549589457773
0.07617354406209209 0.27311997146171496 0.44557500680100715 0.2051314776751858
0.17498926717679808 0.08933345652959646 0.5547972123646485 0.18088006392895695
0.15571833229071186 0.08032426758228073 0.29176088793323796 0.47219651219376946
0.12576592390189545 0.5018250260252123 0.004282558505846912 0.36812649156704536
0.36742795601053213 0.27336413504261514 0.04066860266210548 0.31853930628474725
0.6392504984712796 0.18614347239843254 0.11198894787415647 0.06261708125613141
0.16480773734176435 0.2807930381413737 0.28589763479494934 0.2685015897219126
0.5482380847752624 0.2776202666016594 0.0812003120025484 0.09294133662052984
0.07021499473181014 0.08031763070917153 0.2328399882444544 0.6166273863145639
0.1478145888344572 0.20965024169813395 0.41176531149587414 0.2307698579715347
0.6560161600089072 0.042353673583858664 0.24912361908423708 0.05250654732299709
0.5537798325732307 0.2567402337183474 0.07572168992005701 0.11375824378836485
0.2647274021289385 0.010912626300838224 0.1784949690815173 0.545865002488706
0.4864422244505876 0.10215302503161772 0.04654444323977325 0.36486030727802143
0.5484439934391705 0.05654105042918378 0.37170332075134593 0.02331163538029979
0.009054484934107876 0.025884314411005693 0.44291739704270916 0.5221438036121773
0.48773052982900256 0.05211093749887663 0.29702488735085086 0.16313364532126995
0.31512864611231084 0.0697348569952273 0.1409956898953535 0.47414080699710837
0.03508918777833525 0.2964150051180696 0.5950455210399801 0.07345028606361503
0.5240357595029449 0.12494821264833034 0.29259223917606236 0.0584237886726624
0.38524449898687263 0.07073832652699508 0.03535090337115665 0.5086662711149756
0.7435812970627095 0.04572193664301205 0.045858577252170574 0.1648381890421079
0.4351741379776326 0.22454121032462748 0.0010652137914860527 0.33921943790625386
0.2460747272116488 0.4603326178391385 0.11260173758516501 0.1809909173640477
0.5679994536652642 0.17784704666631046 0.07671936789616896 0.17743413177225642
0.45075154190443634 0.1861618231661719 0.05956356828565179 0.30352306664373996
0.29584581535903964 0.31264274812918746 0.07915244421136858 0.3123589923004043
0.6658795397822295 0.017051262701007763 0.2464710700674414 0.07059812744932137
0.24211130688370874 0.09149831914907114 0.2805402970488923 0.38585007691832784
0.20167051314531637 0.3874619090789959 0.3217584558058513 0.08910912196983645
0.23198227398644944 0.07379858628616265 0.5161168012626259 0.17810233846476198
0.1840869613590933 0.3189352133277107 0.4845704444137745 0.012407380899421505
0.0956019784737473 0.4697048655729328 0.033180442383030195 0.4015127135702897
0.18037286670593855 0.2973233575904165 0.029166652709699425 0.4931371229939455
0.43050250227030684 0.22483107825542792 0.2804083058940511 0.06425811358021416
0.20666623342378987 0.40762356472127625 0.02024038783173665 0.3654698140231972
0.30685369932930073 0.19516294098473663 0.18796198121130192 0.3100213784746607
0.25372832472147433 0.19228011039124882 0.2520101152663662 0.30198144962091067
0.18635348167962862 0.03414538275208234 0.36509397890657735 0.4144071566617117
0.4405365041820245 0.07994615830466312 0.32746733915647686 0.15204999835683553
0.020631793377538732 0.08506535011057048 0.11242177700778178 0.781881079504109
0.09496523636853615 0.2578324425662504 0.37213424980342913 0.27506807126178434
0.5787507811431675 0.05305114768034902 0.32784853989779483 0.04034953127868868
0.2310340692532158 0.31939993298923197 0.1532707254386011 0.29629527231895114
0.4894685809950984 0.0632277187746878 0.006700402490064872 0.44060329774014895
0.441376015256824 0.2602094230469322 0.0563439412717347 0.2420706204245091
0.05332652190317755 0.15789444894750604 0.6216050221661067 0.16717400698320972
0.14074297313637296 0.7932937616283418 0.022312238619434432 0.04365102661585085
0.054243769339077264 0.2945197339516433 0.19095759289920478 0.46027890381007464
0.3868358625165774 0.28295877821223125 0.17895088301934914 0.15125447625184218
0.3463924546724214 0.22904797537816135 0.292394083824032 0.13216548612538526
0.2175656971466564 0.08956492321737641 0.009142694262243123 0.683726685373724
0.15221642886693232 0.12571173561645377 0.6221174290506852 0.09995440646592868
0.0067757018530929525 0.15832987753299987 0.07632089813418019 0.758573522479727
0.17650197700155812 0.21718831803078675 0.12438563377654666 0.48192407119110847
0.060704694957601446 0.838542145717456 0.07511127240100257 0.025641886923939983
0.03720158520399497 0.2516993524284954 0.03388158526531504 0.6772174771021946
0.0909307602693803 0.02760103141967707 0.6212528387953846 0.260215369515558
0.4802277924238346 0.2029053191838549 0.0016844649251214205 0.31518242346718905
0.12579011913297966 0.5536601739707926 0.22874427888580195 0.0918054280104258
0.12442740314804834 0.11025640877698317 0.2891481122962215 0.476168075778747
0.34360303247217827 0.004750001299605455 0.004517747329562116 0.6471292188986542
0.31680978131872917 0.12299824122308467 0.5069223502137352 0.053269627244450946
0.09297389161250025 0.7074929531838751 0.18952365475332533 0.010009500450299358
0.5871539776582795 0.18046242062159568 0.19686413882974274 0.0355194628903821
0.0884487110201565 0.40552173694697913 0.3372817132592356 0.16874783877362876
0.1425438959752524 0.48098536408426573 0.3316266384453219 0.04484410149515994
0.2381250914261499 0.3528225616753934 0.2164156490573298 0.1926366978411269
0.04793928928586921 0.6548189416620622 0.07732037681428217 0.2199213922377864
0.03388273607625425 0.4053429260453344 0.20976750274124023 0.3510068351371711
0.22578928478867233 0.36100980919306314 0.3726716959421855 0.040529210076079014
0.14295813936448332 0.2939842549633258 0.42132323683827244 0.14173436883391843
