96 20 4 49.829820667680615 99.65964133536121
2.93218200115144 9.185521342074972 8.355118358471112 9.134924272615967 7.361913429769851 2.0626858120679605 1.831607335680888 6.057765984814115 6.142707686675583 1.3506126811717944 3.9389271912439794 3.6173636559920155 5.595068596190384 3.7346213452388306 3.7336958635434563 2.288549456045356 1.3269702566767276 4.593118041940829 7.721578294143155 8.694709729852784
0.586436400230288 1.8371042684149945 1.6710236716942224 1.8269848545231935 1.4723826859539701 0.4125371624135921 0.3663214671361776 1.211553196962823 1.2285415373351165 0.2701225362343589 0.7877854382487959 0.723472731198403 1.1190137192380767 0.7469242690477661 0.7467391727086913 0.4577098912090712 0.26539405133534555 0.9186236083881658 1.544315658828631 1.7389419459705568
0.6436553274198422 0.011025132906064328 0.1773221202745462 0.16799741939954727
0.1832838663977726 0.286308221052191 0.06376558547571987 0.4666423270743165
0.2511300020650048 0.5718765935440772 0.0021344859929093296 0.1748589183980087
0.04499599974025348 0.2813912861263115 0.12434203330079996 0.5492706808326351
0.7478005686592556 0.14153330112920381 0.07653390058913456 0.03413222962240603
0.21609459094336847 0.6410141576946901 0.07556382703002862 0.06732742433191286
0.301664042459554 0.003450156985550401 0.03402984292105904 0.6608559576338365
0.19325979443655517 0.17481350555319153 0.25844210974811377 0.37348459026213954
0.14280213746836024 0.10908314023844701 0.17781039978177393 0.5703043225114188
0.044345001064540424 0.31070778582587044 0.4593607095193709 0.18558650359021822
0.11125097444127774 0.131968678306707 0.42640461897492443 0.33037572827709083
0.26502522209495183 0.06653545533004468 0.6171054950104199 0.0513338275645836
0.2650387582290835 0.28127955816586514 0.28382942901879127 0.16985225458626008
0.11295392520061687 0.7486327999327266 0.07195015739505373 0.06646311747160283
0.385319992446691 0.011876566556169088 0.5673615557540799 0.03544188524306002
0.2098680648214234 0.23593630471900018 0.14448811876548762 0.4097075116940888
0.27427047103103575 0.12951110021992207 0.0002120719535579907 0.5960063567954842
0.38473060452926533 0.2756500337319647 0.07225982245871987 0.2673595392800501
0.06819271606573463 0.08436615256602531 0.40492231099278575 0.4425188203754543
0.020324746699501905 0.34086056018107813 0.533593067074676 0.10522162604474394
0.005958057194502042 0.7383091143473338 0.22202287241382035 0.03370995604434379
0.5562574128788057 0.3645701598599502 0.06612060945693621 0.013051817804307864
0.28336614285913253 0.15279609834511 0.20082524450169537 0.3630125142940621
0.1748522179179871 0.08427133384445518 0.4069988723377208 0.3338775758998369
0.3349038546704559 0.09286160018223144 0.2680676850148317 0.30416686013248095
0.7684400356776071 0.09212686910904933 0.13903161952559717 0.00040147568774639986
0.22408316518713312 0.052836605664818626 0.43650527677887285 0.2865749523691754
0.1810468666253544 0.0632211301097706 0.7459106540687305 0.009821349196144524
0.7390790706934468 0.018886364090043517 0.08576239583971335 0.15627216937679633
0.024860008605800843 0.28455506837663647 0.6025640358102698 0.08802088720729284
0.2607918552515799 0.28898667716708903 0.20285015744109858 0.2473713101402325
0.07127456329147219 0.032216013889798556 0.2597079704349258 0.6368014523838035
0.5502365517103456 0.32117471914164 0.10811070926844446 0.020478019879569986
0.02474555396430922 0.6790236790967232 0.12933272917852323 0.16689803776044432
0.13101874275050418 0.06459285594777042 0.04646863324298178 0.7579197680587436
0.05770424960306242 0.34513066003326454 0.2870330475203242 0.31013204284334883
0.26081586264924106 0.09752316724118415 0.40613476578321195 0.23552620432636284
0.11232874164862694 0.20620149142160815 0.6633694248227254 0.01810034210703948
0.64346215516905 0.15302618673342017 0.06642236840380844 0.13708928969372136
0.13854428014052933 0.26486097517206064 0.3574001638251286 0.2391945808622814
