65 10 4 20.287977019573933 40.575954039147874
2.967805451324854 1.282624475523225 3.5841274960573304 2.5538018999968584 3.730387427905693 2.466552002563795 7.293823779049899 7.943597485013739 5.630972028654402 3.122261993058068
0.5935610902649708 0.256524895104645 0.7168254992114661 0.5107603799993716 0.7460774855811386 0.493310400512759 1.4587647558099799 1.5887194970027478 1.1261944057308804 0.6244523986116136
0.13418496298734917 0.09585466361142503 0.2519605765062657 0.5179997968949601
0.10069370726504046 0.11957782370830594 0.5184357609569787 0.26129270806967486
0.4557409056422127 0.07683167284452785 0.2604837136962498 0.20694370781700966
0.17972021725952947 0.37055042854691156 0.11295584695943373 0.33677350723412525
0.05040405473854259 0.05538711880253744 0.7010809404831918 0.19312788597572816
0.41065642736484065 0.00013412691902103813 0.5205147600684749 0.06869468564766346
0.06251671369760159 0.8080715499221955 0.06499664997582899 0.06441508640437388
0.049855573308633105 0.6479340133953436 0.18694317999856502 0.11526723329745825
0.5309502648501147 0.2808208379305742 0.1408970395535668 0.047331857665744326
0.28542069701080586 0.03247362514072882 0.5768441047778522 0.10526157307061312
0.5057151663620585 0.055747096622905 0.11820649266068017 0.32033124435435634
0.10020807150003386 0.06493258417122016 0.7624469179401752 0.07241242638857082
0.10711612944295867 0.00031029724064457476 0.3386483844779058 0.553925188838491
0.02993736548149961 0.600191019444704 0.3549121422429822 0.014959472830814224
0.3498086823056189 0.026826616380548174 0.17501921633898854 0.4483454849748444
0.09286040856678823 0.11885824219536534 0.09224386553434194 0.6960374837035045
0.3317851365720451 0.12469012929772338 0.1840958158995114 0.3594289182307201
0.03072132911453762 0.6456756375845448 0.04381489668960026 0.2797881366113173
0.10791120756576411 0.24629318011564705 0.24335640379544132 0.4024392085231475
0.1431906187777091 0.1354449734629991 0.3948792150925443 0.32648519266674747
