41 60 4 154.04196277356894 308.08392554713794
3.2583126137044616 1.414862386053506 7.091346169995026 1.3912253708027684 2.0478133284987816 6.434791200539318 2.7183759650176524 7.016641455343112 9.25703063983807 4.769020782543726 3.9903386504296847 3.5473027165455395 2.6765404065840195 3.853994234379676 5.330518019341977 1.6256842103044493 7.344843144205201 3.832092405815862 7.7075411942732295 4.58391516294902 6.474038135707439 7.556108386468618 4.795822338098095 4.54517391923003 3.0900031642044734 4.974981436700142 4.357192553482424 6.252454357552784 1.9002823794510277 7.672166962980192 1.7487813825101337 2.136015502357645 3.906023769989247 6.78634563236553 9.995245567470082 3.529014861178891 6.24002183407564 8.853409543277015 8.104052970743819 2.9627892443122916 4.119599179839425 7.493505774908753 4.185265368950674 5.146158741684113 3.199578932968507 3.5439688588315095 8.43653319399666 8.869345621904671 2.284921018593581 3.5206464509076336 5.726522317254072 9.107721680491583 6.422112504698851 7.226161210738317 3.543354216910509 3.488567311969367 2.4065837650818684 6.974095683741315 9.48527628020603 7.131893434139809
0.6516625227408923 0.2829724772107012 1.418269233999005 0.27824507416055366 0.4095626656997563 1.2869582401078636 0.5436751930035305 1.4033282910686222 1.8514061279676142 0.9538041565087452 0.7980677300859369 0.7094605433091079 0.5353080813168039 0.7707988468759351 1.0661036038683955 0.3251368420608899 1.4689686288410402 0.7664184811631725 1.541508238854646 0.916783032589804 1.294807627141488 1.5112216772937237 0.9591644676196189 0.909034783846006 0.6180006328408947 0.9949962873400284 0.8714385106964848 1.2504908715105567 0.3800564758902055 1.5344333925960385 0.34975627650202673 0.427203100471529 0.7812047539978494 1.3572691264731058 1.9990491134940165 0.7058029722357781 1.248004366815128 1.770681908655403 1.6208105941487638 0.5925578488624583 0.823919835967885 1.4987011549817506 0.8370530737901347 1.0292317483368225 0.6399157865937014 0.7087937717663019 1.6873066387993318 1.7738691243809341 0.45698420371871623 0.7041292901815267 1.1453044634508145 1.8215443360983166 1.2844225009397703 1.4452322421476633 0.7086708433821018 0.6977134623938734 0.48131675301637367 1.394819136748263 1.897055256041206 1.4263786868279618
0.027097049937408912 0.7882434323413394 0.0476422546295755 0.13701726309167617
0.2663268099557172 0.17072949402719706 0.042195392353781225 0.5207483036633045
0.3642211688976196 0.013898277206209397 0.015531044744856892 0.6063495091513141
0.10020897849021848 0.4147917661050101 0.22226639770813983 0.26273285769663157
0.03261042688922067 0.4939773451749523 0.30298208639684854 0.1704301415389785
0.43492332203686457 0.048758633039854504 0.07906250134618953 0.4372555435770914
0.05887044519220874 0.5861999611013571 0.24004852851670166 0.11488106518973251
0.17010918751016402 0.19153124597596416 0.20137369593257592 0.4369858705812959
0.24944998716114897 0.5107546490739256 0.048664429321875535 0.19113093444304985
0.22295932453294576 0.18740770519927197 0.17600624999867864 0.41362672026910363
0.044437067282930176 0.3644518553194319 0.5742306616156703 0.01688041578196764
0.0920117117681093 0.6692064735094867 0.0956679514866684 0.1431138632357356
0.014598500574212858 0.13518096427012594 0.7943956809538081 0.055824854201853125
0.03216205874612199 0.25782246426173405 0.0741567770424364 0.6358586999497076
0.23157127508396247 0.2662728800304176 0.24245188051558686 0.25970396437003307
0.03128370263515068 0.6907100923865712 0.16909578882055853 0.10891041615771957
0.0724676179853071 0.45584593333282053 0.1622876896418014 0.30939875904007097
0.003318730091000921 0.6221470320575613 0.11242765358268203 0.26210658426875577
0.0879026414804086 0.4767572172395256 0.003919224465100846 0.43142091681496497
0.09186463031061554 0.2925413636095875 0.3444178713560955 0.2711761347237015
0.14550398617381577 0.1968279081610138 0.39848668275560606 0.25918142290956436
0.20214625823007282 0.047962123618987995 0.18791216752194473 0.5619794506289945
0.13624016929435778 0.15138919781029525 0.37268176461003166 0.3396888682853153
0.10269606706946033 0.11805893505454135 0.5135131057870871 0.26573189208891124
0.02322653415063769 0.509217609964146 0.16027904026424056 0.30727681562097575
0.6670494339349193 0.16092535380609774 0.01618531123724798 0.15583990102173495
0.5245112036371808 0.1278213241024465 0.10803273228288979 0.23963473997748286
0.020691957743507072 0.004733058888985453 0.8457714036114392 0.12880357975606826
0.13753302219878494 0.08643119360986495 0.32014114126411364 0.45589464292723647
0.031234184393140407 0.2974072057946143 0.3496554408010458 0.32170316901119944
0.2928760583538329 0.015319739924170572 0.20517072002664094 0.4866334816953556
0.4030629050983644 0.20585177361815932 0.29019525576248684 0.10089006552098945
0.18099282465453725 0.49360016595315437 0.010353373933969179 0.3150536354583392
0.07191726794191766 0.11523820956705333 0.05737966801898797 0.755464854472041
0.14893319557540596 0.2368574387938982 0.1397011118706415 0.47450825376005434
0.08443961802190725 0.8515480549482294 0.058385179911516594 0.005627147118346776
0.2142074877515262 0.469678133354425 0.051300600341576685 0.2648137785524721
0.32229578594563335 0.09809544179002883 0.17730635864970956 0.40230241361462826
0.3515871164462899 0.32069057684431845 0.15906420468958016 0.16865810201981146
0.6396113821368282 0.0817414540686473 0.10083660556368579 0.1778105582308387
0.08470469305493122 0.5577707582996257 0.2886553398778873 0.06886920876755576
0.011485763201647625 0.6151422012630198 0.345048984910309 0.028323050625023605
0.49896272758172266 0.18290433037471154 0.006678407364727357 0.31145453467883844
0.3328026958581358 0.046171012162064096 0.340451232732945 0.2805750592468551
0.266668896624185 0.3356284092494958 0.2785908926139432 0.11911180151237599
0.13418651679126625 0.2772748108679697 0.23001434649844865 0.3585243258423154
0.260971904464007 0.26119322021754054 0.10576044534249629 0.3720744299759562
0.1998974590439726 0.1458442666915819 0.01859386723453893 0.6356644070299066
0.056330425090836966 0.10026520342525447 0.2794013498376777 0.5640030216462308
0.33994426181403203 0.013274958851695606 0.5182556835744196 0.12852509575985271
0.1323377550158079 0.5083216046274445 0.08360200679840035 0.27573863355834727
0.010240329429256345 0.6812712287974171 0.25575165260350086 0.052736789169825715
0.026984960179256223 0.1241016281118853 0.24518318514138915 0.6037302265674693
0.35739519556862165 0.08029445704119942 0.14266903514650786 0.41964131224367107
0.052540547313397745 0.26110494702848996 0.512742303500184 0.17361220215792827
0.23966675515767566 0.39350777905046597 0.002835644877611232 0.36398982091424714
0.05727819930779132 0.29764969932538654 0.5694925746853055 0.07557952668151668
0.44711505383644945 0.23220220877610198 0.19726866907972074 0.12341406830772783
0.07216120107299184 0.04157554682711373 0.8602680783228469 0.02599517377704752
0.2720166357090724 0.661735403514653 0.013575421886161787 0.05267253889011281
0.24094774926551976 0.588800114899788 0.08175872640179072 0.08849340943290152
0.32141909578024264 0.058792313969151966 0.17805776414208696 0.44173082610851844
0.20369669555579883 0.3745661755190953 0.12475986779153114 0.2969772611335747
0.18844613250139997 0.49414036769155867 0.17280950963802144 0.14460399016901992
0.19205806355883348 0.5746816929533541 0.1426505323231303 0.09060971116468208
0.14816109268903876 0.34426649861849523 0.038774184557264335 0.46879822413520167
0.12406707728439814 0.21092751226103235 0.017877894290628582 0.6471275161639409
0.3224577242161273 0.017123269128933916 0.36153939198289 0.2988796146720488
0.3310428396631906 0.012033380965946638 0.30591319110885784 0.35101058826200493
0.08502655062147602 0.10208972304909691 0.0953183422871301 0.717565384042297
0.0945597107216587 0.038363564233437675 0.576155863257195 0.2909208617877086
0.6296020436883417 0.041262632094169804 0.10277891629260472 0.22635640792488376
0.11074431650238326 0.44942229124240285 0.04046231109847587 0.39937108115673803
0.05852998469980131 0.19216289352295457 0.17718173301300422 0.5721253887642399
0.21588960809408775 0.22787556414028398 0.5239852931669498 0.03224953459867852
0.18421591474847798 0.44126825321459306 0.21571595797777798 0.15879987405915097
0.6095198045537182 0.1176510432948682 0.16331483639834188 0.10951431575307169
0.01653421952967027 0.10390584151766169 0.8217108132626765 0.057849125689991565
0.39973637307413956 0.4146133331934114 0.1580612244720473 0.027589069260401722
0.6093941631269707 0.08730360798038939 0.15419070959129888 0.14911151930134103
0.49246212150001756 0.20918175970480446 0.2479054168699496 0.05045070192522838
0.7751333508389385 0.06279963838454661 0.10371980871989894 0.05834720205661592
0.026608383488793685 0.1815354072086114 0.689320603067458 0.10253560623513691
0.2393740079800628 0.30959685137182313 0.3377282359846574 0.11330090466345666
0.30163384814399463 0.30056482742341883 0.31572215316053376 0.08207917127205278
0.11396642895853659 0.36142869073407924 0.4861950841180376 0.03840979618934659
0.3721301724835704 0.4144016929811216 0.058229984809554325 0.15523814972575367
0.21286877202804666 0.6974653479348072 0.02810252677252978 0.06156335326461637
0.7090476166099212 0.14142650061775708 0.09806612644788726 0.05145975632443445
0.11829746630438787 0.20818472319414794 0.5115805735106488 0.16193723699081541
0.47562920751348636 0.06721303883715335 0.23373026171797162 0.22342749193138867
0.017666185118943356 0.2402908914111087 0.4568021562901483 0.2852407671797996
0.05381680852230564 0.680290769723754 0.24640095120250205 0.019491470551438295
0.49803031577946955 0.2969644969282441 0.06480115133469 0.14020403595759634
0.04480206928846242 0.33926138267435413 0.052640672386335075 0.5632958756508484
0.8621349007069771 0.01287900231780903 0.009658809698714577 0.11532728727649932
0.24910813001593313 0.251459163022855 0.19394972729556914 0.30548297966564275
0.41772052094520273 0.052234376247707104 0.4576138758348677 0.07243122697222248
0.2151108291176923 0.5724139719163801 0.05610610289098017 0.15636909607494742
0.08817645252779249 0.21513866761397282 0.5653493329421742 0.13133554691606053
0.019067557211431607 0.3500580716492 0.29371756351418177 0.3371568076251866
0.059744941111387395 0.0654898985014577 0.17855126860383974 0.6962138917833152
0.16867780355719364 0.15944540199725188 0.09926200082130854 0.5726147936242459
0.07730372033892952 0.06849193412087984 0.3484797794753417 0.505724566064849
0.1572744808354265 0.5202098089413055 0.09272752796256911 0.22978818226069886
0.058212773872193035 0.12381292868434535 0.2690406982343174 0.5489335992091442
0.1772913530146516 0.036904106740841214 0.08425938068926986 0.7015451595552373
0.11882383610202807 0.4414444471857659 0.3300033542106957 0.1097283625015103
0.4601214878688493 0.18788920209045468 0.1466454454181665 0.20534386462252951
0.09138398756161903 0.43586963950457747 0.316191345792164 0.1565550271416395
0.2851029094426357 0.24245879191671482 0.44422633686542967 0.028211961775219785
0.2679637983986931 0.11524518890883184 0.24202174198978343 0.3747692707026916
0.711781310000022 0.057996405609830104 0.10114385198749387 0.12907843240265404
0.7534732403111061 0.03135259809153812 0.026965121280468574 0.18820904031688723
0.09762424579245166 0.06912555962032518 0.7108221217087023 0.12242807287852087
0.09360520548591988 0.22169701539047715 0.5557907607986345 0.12890701832496843
0.19680301207503492 0.3249873450854157 0.1503134325901826 0.32789621024936677
0.11420814276342339 0.0701596314467633 0.02695002511247324 0.7886822006773401
0.1400291134063053 0.3304607546543 0.12564553241306464 0.40386459952633
0.5071697636132944 0.05504548796590736 0.2916939195895484 0.1460908288312499
