30 20 4 55.14913435939832 110.29826871879663
6.797291824615015 4.426736406716049 6.967431148021017 2.47285653492478 9.663470323068868 4.119956563417891 9.925758930642468 3.1155210604508103 6.271248416694919 4.6602109146268065 2.2261088981714225 5.897226588743618 5.6635871214326095 7.901695956686549 9.404651289867218 1.8073304450733474 2.7619413109302253 9.947743158676253 3.1166244785529003 3.1508773474838594
1.359458364923003 0.8853472813432098 1.3934862296042034 0.49457130698495605 1.9326940646137736 0.8239913126835783 1.9851517861284935 0.6231042120901621 1.2542496833389838 0.9320421829253613 0.4452217796342845 1.1794453177487236 1.132717424286522 1.5803391913373097 1.8809302579734435 0.3614660890146695 0.5523882621860451 1.9895486317352507 0.62332489571058 0.6301754694967718
0.629099830827202 0.0592445522400018 0.2141694601813312 0.09748615675146499
0.026624364773114362 0.5289881990329952 0.2791025296873051 0.16528490650658534
0.335242079666205 0.050910008790642336 0.1292300237840608 0.48461788775909187
0.21208083139141454 0.03275097706566854 0.07130157345117083 0.6838666180917461
0.16318089235945177 0.21071318635807612 0.5434640000012735 0.08264192128119863
0.33936705635134257 0.4452865708114958 0.022801088697213645 0.19254528413994798
0.047830899151430684 0.4160362609671079 0.3814452837650327 0.1546875561164287
0.31343675340085886 0.010597070404803954 0.49565382888016996 0.18031234731416723
0.13782687945281946 0.3556368135676763 0.13918629077087974 0.3673500162086245
0.03082189126169621 0.22601582398463782 0.13087050921360932 0.6122917755400566
0.5827752235696255 0.40360891941553423 0.003530357556137065 0.010085499458703184
0.1617182284919555 0.12875951916141504 0.016248912199703924 0.6932733401469255
0.025844836873522903 0.024809166040942965 0.0209497917043322 0.9283962053812019
0.11708751182458943 0.1985549916755085 0.5967389929042324 0.0876185035956697
0.015456051150818495 0.13615024715743385 0.2583542761318134 0.5900394255599343
0.09664949550129287 0.12001881926650837 0.46311741857321886 0.3202142666589799
0.17089122328243234 0.12588641205045814 0.6601351427486808 0.04308722191842873
0.14577254819859586 0.44550897998037153 0.31176478315922096 0.09695368866181164
0.2863958303231542 0.14241238613178653 0.5598503245786786 0.011341458966380724
0.20648364149092824 0.16185108246732693 0.5010848294017783 0.13058044663996649
0.031130748417627196 0.25530457949472707 0.44851724873078525 0.2650474233568605
0.36698733001025263 0.009432914519290514 0.11772887701766155 0.5058508784527953
0.4723791254252798 0.1230591627757488 0.148698716239267 0.2558629955597044
0.26729316832645944 0.07895725560168587 0.3516997410538557 0.302049835017999
0.024154769854872082 0.5489337369280622 0.24588742997198154 0.18102406324508413
0.26485737895719863 0.22870425784173698 0.32080794831169757 0.18563041488936682
0.2641457863972352 0.10104419799278863 0.32816507510704696 0.30664494050292923
0.4625367885188232 0.11427521063076473 0.10767902595008993 0.31550897490032215
0.14361212477861496 0.452849542787926 0.021539356261857545 0.3819989761716015
0.05713460300902695 0.29996214450737657 0.5820589802664858 0.06084427221711064
0.8650563741225072 0.07453426313769229 0.053512496516224584 0.0068968662235758815
0.3408632429762164 0.02762699750517672 0.26937383231393985 0.36213592720466703
0.5316390522364949 0.159855386405929 0.24368987208912318 0.06481568926845294
0.19351250766628814 0.11719990669614755 0.49631769738219533 0.19296988825536898
0.13435027437450497 0.2446629671478633 0.13293011775872954 0.4880566407189022
0.26942989118265326 0.1727567047941193 0.3847157637929428 0.17309764023028462
0.10164157857668465 0.5178448701230516 0.3639058088062469 0.016607742494016864
0.04905917212119215 0.35021531177011866 0.27807353610093577 0.3226519800077534
0.34675085470817635 0.3584209541189355 0.11492052062114444 0.17990767055174373
0.7803478367384922 0.07116925269731378 0.048739101985297406 0.09974380857889664
