60 100 4 278.1931217286859 556.3862434573718
3.7078599704195687 2.6825123470769023 3.908644092713975 6.991746132594781 6.10273720872292 4.584285630088882 4.414734239721369 1.0952338229077867 2.533290408943409 2.1105403361209363 7.231611487636774 8.869974045154223 4.036572141747611 9.932133031116107 2.183860637053463 5.502968529015628 3.5795845590555437 2.98526369324097 5.518769919741634 6.724562857562587 6.721092451531546 1.7238977977855563 6.232903765628063 8.552717734772393 3.637164268788706 9.891367849343743 5.924719364475903 9.634473030404875 4.206583718071354 5.65505012414163 9.892120561363866 2.8382682943859705 9.78447581719546 1.359363403322365 1.1739401072534035 2.7461547221966143 1.1042699039167163 5.021854182080118 6.867435804826801 7.4018474221337796 3.2950760311821212 7.875266804395707 9.699222704291905 5.812824760950216 4.8778112435796395 5.499062661892706 7.895442312152957 3.9190450238771377 2.473053387626749 6.565159092886052 6.758527274625343 8.071461497461584 9.349698212788088 8.542814175775757 9.665301656976474 5.975729935093891 1.2643437286642585 2.289531889365323 5.247392980445542 7.138978351229209 7.195085991484949 7.534637255397116 9.904715663112036 4.534113511358445 5.620281306199947 9.288255026349402 4.479050720231505 5.022342932456719 5.03009247882169 3.369538226612793 9.359421448607032 5.6443012793762435 6.9771544746564516 8.490581431979294 1.0307584395661296 6.2476570877880935 5.393256857899928 3.4624265073715015 3.497385284859727 8.225772571645091 4.991516168566685 3.9302485747596805 6.585161078001145 6.4341545103070255 5.443480012263286 7.403479304477025 6.332977283000437 5.285060799173288 4.732048069549779 7.806832979054778 1.2373048319880167 4.570813392765054 5.556690688761761 7.678616374756285 5.4344801657805615 8.578125407284599 1.044172993939391 2.5151790079643885 6.415321137694594 6.821423041995361
0.7415719940839137 0.5365024694153805 0.781728818542795 1.3983492265189563 1.220547441744584 0.9168571260177764 0.8829468479442738 0.21904676458155733 0.5066580817886818 0.42210806722418726 1.4463222975273546 1.7739948090308446 0.8073144283495222 1.9864266062232214 0.4367721274106926 1.1005937058031257 0.7159169118111087 0.5970527386481941 1.1037539839483268 1.3449125715125174 1.3442184903063092 0.34477955955711126 1.2465807531256126 1.7105435469544787 0.7274328537577411 1.9782735698687486 1.1849438728951807 1.926894606080975 0.8413167436142708 1.1310100248283261 1.9784241122727733 0.5676536588771941 1.956895163439092 0.271872680664473 0.2347880214506807 0.5492309444393229 0.22085398078334326 1.0043708364160238 1.3734871609653603 1.4803694844267559 0.6590152062364243 1.5750533608791415 1.939844540858381 1.1625649521900432 0.9755622487159279 1.0998125323785413 1.5790884624305914 0.7838090047754276 0.4946106775253498 1.3130318185772105 1.3517054549250687 1.6142922994923168 1.8699396425576176 1.7085628351551514 1.933060331395295 1.1951459870187782 0.2528687457328517 0.4579063778730646 1.0494785960891084 1.4277956702458419 1.4390171982969897 1.5069274510794233 1.9809431326224072 0.906822702271689 1.1240562612399894 1.8576510052698805 0.8958101440463009 1.0044685864913439 1.0060184957643379 0.6739076453225585 1.8718842897214063 1.1288602558752487 1.3954308949312904 1.6981162863958588 0.2061516879132259 1.2495314175576187 1.0786513715799857 0.6924853014743003 0.6994770569719454 1.6451545143290183 0.998303233713337 0.7860497149519361 1.317032215600229 1.286830902061405 1.088696002452657 1.480695860895405 1.2665954566000874 1.0570121598346576 0.9464096139099558 1.5613665958109555 0.24746096639760334 0.9141626785530107 1.1113381377523521 1.5357232749512568 1.0868960331561124 1.7156250814569198 0.2088345987878782 0.5030358015928778 1.2830642275389188 1.3642846083990723
0.18987112472232637 0.021327796164606783 0.44817819873122633 0.3406228803818405
0.030768584070215432 0.1935840170489942 0.1492748052826386 0.6263725935981518
0.23797281293381622 0.4235914401505947 0.11032521923867555 0.22811052767691353
0.19044923534064961 0.44208187943252064 0.3428371832520929 0.024631701974736853
0.33997446377846285 0.009010737739631791 0.389186382900483 0.26182841558142234
0.10864763288662427 0.4556929712183547 0.36370791404962133 0.07195148184539968
0.4367776038113049 0.0176036621427611 0.28126208452289936 0.2643566495230346
0.13517190374773946 0.055734871805655395 0.6614215412103704 0.1476716832362347
0.013316137497819791 0.007558777032944497 0.6686052551749933 0.31051983029424246
0.1334170729426738 0.07133870320455926 0.2089417618679471 0.5863024619848198
0.35488158765349964 0.281405789594131 0.06745166620290854 0.29626095654946083
0.4665672163171485 0.01035675156818594 0.011690000155310742 0.5113860319593548
0.2548653247391197 0.7267946943576971 0.012958468361869424 0.005381512541313804
0.34106268676877527 0.01994733032577245 0.42879758011209335 0.21019240279335893
0.2029873865751255 0.5824114694909621 0.1866582939825131 0.027942849951399285
0.3151669814974303 0.24703072058788822 0.17218135254511568 0.2656209453695658
0.11593902509528708 0.40209453334581124 0.13473941512688536 0.3472270264320163
0.37972574682454874 0.2039161110347305 0.2557557655942907 0.16060237654643006
0.13186538675378534 0.40549659082560185 0.4311541223969433 0.03148390002366952
0.057445586256732684 0.14701256789065587 0.5566211274651806 0.2389207183874309
0.5245666767881306 0.09644951889433206 0.19638906284216684 0.18259474147537047
0.2667400435266656 0.2212633088746888 0.26308139005566455 0.24891525754298105
0.15638791325176782 0.16010409687136284 0.14933002392273664 0.5341779659541327
0.06368913142789578 0.28513478937533265 0.6510665758180456 0.00010950337872595028
0.018183571337899607 0.4574278686247112 0.21630193702729406 0.30808662301009515
0.34782388991778157 0.16552280604116365 0.41728533337230367 0.06936797066875111
0.26068986010668793 0.46909804914556263 0.20122134017901938 0.06899075056873005
0.17639844529609117 0.21407297046026375 0.38225915516178954 0.22726942908185555
0.24449455296463685 0.5164357660996158 0.11581549205465513 0.12325418888109219
0.02556284374280937 0.35840236687683313 0.10596294927037997 0.5100718401099775
0.018493533781462457 0.6586414627727298 0.2758541197173182 0.047010883728489494
0.12585289023341262 0.26683475190429073 0.11262043176669179 0.49469192609560486
0.18278156995608863 0.0757396646219548 0.4297864390386924 0.31169232638326416
0.23983217172951055 0.6392754406653998 0.08880032074389976 0.03209206686118993
0.14991357415147433 0.5763316969302488 0.08956958282952565 0.18418514608875125
0.7013579052613861 0.12040204217853068 0.13982050526786705 0.038419547292216194
0.24298848404436812 0.07551724390377879 0.5858083638289001 0.09568590822295298
0.02955615158896896 0.003685060921997385 0.4095486569717174 0.5572101305173163
0.3495145291706627 0.33887147570014065 0.029190342628017896 0.28242365250117873
0.13303523309705856 0.009843852860950353 0.35415550050077527 0.5029654135412158
0.09182714134824799 0.031453884142146005 0.4456176886658375 0.4311012858437685
0.018313096565479747 0.4933571200228427 0.1488577222815919 0.33947206113008566
0.020994336609144182 0.30965006481562707 0.4566093717969595 0.21274622677826927
0.4418454422493415 0.16140304021863205 0.38618585872388 0.010565658808146416
0.0020787393648270536 0.47419639861442064 0.09395925765684376 0.42976560436390854
0.1509942210763543 0.4637578845623398 0.050390329737573514 0.3348575646237324
0.04336839497670175 0.15747083744944024 0.6414356463770945 0.15772512119676352
0.0802366049915495 0.5432290784559464 0.11075107205622603 0.2657832444962781
0.41176365489482225 0.2517133824415074 0.13832441189801592 0.1981985507656544
0.5316454582498663 0.30799216304131294 0.07203512513427901 0.08832725357454174
0.5600050096949091 0.1552169595553169 0.2148794215664206 0.06989860918335344
0.008326990970391024 0.36910309314343603 0.6117923123121413 0.01077760357403168
0.47013918728132065 0.265057766479485 0.007602071372022068 0.2572009748671723
0.29928232456686543 0.15947519133546517 0.051444216275708166 0.48979826782196123
0.2399671616240534 0.48298049111924435 0.26334191470043555 0.013710432556266694
0.15536381571086877 0.16789423247907154 0.2906611409606238 0.3860808108494359
0.4926575957538746 0.009920024749534795 0.3664146961234451 0.1310076833731455
0.03521797874171129 0.298347067460874 0.6365978027963557 0.029837151001058992
0.2728069913797925 0.0226087978632733 0.5814535410280036 0.12313066972893061
0.13007973831820263 0.7374698204686418 0.08173825262910395 0.050712188584051576
0.08428932879072859 0.15806915769427332 0.40438906401607955 0.35325244949891854
0.5071489799589695 0.3434920380771267 0.06930723945103479 0.08005174251286906
0.14482138328226202 0.4353613778227582 0.3195669155172406 0.1002503233777392
0.4862285166788449 0.28926806581354547 0.17265083870896225 0.05185257879864735
0.4455519558071023 0.020445789139964754 0.021664576239744937 0.512337678813188
0.02817534323727744 0.5785237678604792 0.358830173179182 0.034470715723061374
0.15428374247106413 0.07519700647384664 0.2214357807356645 0.5490834703194247
0.1988293425281238 0.080906650187207 0.356072974220738 0.3641910330639312
0.25501048659874104 0.5607270912746083 0.016406566276700008 0.16785585584995066
0.05752842579777251 0.3594180587821506 0.5343583901213552 0.048695125298721664
0.5115600146861998 0.15731171407187183 0.22115458010964562 0.10997369113228272
0.37344657032825124 0.008221214273512967 0.4653523040663834 0.1529799113318524
0.42316171536127223 0.04874293468588475 0.10106980379942354 0.4270255461534195
0.08442851133977325 0.04649270563810659 0.45516255432617825 0.4139162286959419
0.22622021624963573 0.3238458004708076 0.2949998202134586 0.15493416306609809
0.027728358212548487 0.5328904995789701 0.10551548830137814 0.3338656539071033
0.14245754909620467 0.12078698869057125 0.3311771767280126 0.40557828548521146
0.16642343513059965 0.21100454988101547 0.19489326737680146 0.4276787476115834
0.3163176419438063 0.28113670572499316 0.07006735471589964 0.3324782976153009
0.0601467360015393 0.5847414881230713 0.05472310761837751 0.30038866825701194
0.2605038229411861 0.11123864100866387 0.26481170701067025 0.36344582903947975
0.01794723850335045 0.5481947799650257 0.22772315498450824 0.20613482654711557
0.40564413645269026 0.3161761120973776 0.03707837666535041 0.2411013747845817
0.5091864113541593 0.2951926525765518 0.13750985497436596 0.05811108109492291
0.41024407696523413 0.12174400909215466 0.040344941388273714 0.4276669725543375
0.2956553916267749 0.026435012864782004 0.45026589763188507 0.22764369787655803
0.4223565105946253 0.036151305847126114 0.11591329983455012 0.42557888372369845
0.5434042269566354 0.3427499436996845 0.06643487830760086 0.047410951036079285
0.004374952188093362 0.43041011970585485 0.07271060124894402 0.49250432685710777
0.3224255599437208 0.07904377547566988 0.02777462036741596 0.5707560442131934
0.1051008465438813 0.24748789041569041 0.571491023120304 0.07592023992012431
0.454669194969315 0.10767815357131671 0.18316873255771504 0.2544839189016532
0.24576971893587274 0.19460666319801911 0.3181727471013469 0.24145087076476124
0.3388826744340262 0.14502363689423803 0.37254144144238965 0.14355224722934612
0.4485342220072399 0.0212398107359143 0.15004106369176273 0.38018490356508305
0.24571500319090578 0.5424654282373875 0.13823244957455194 0.07358711899715475
0.2631474721801108 0.4201867515182427 0.038150061583110295 0.2785157147185362
0.24349941417080123 0.05901477000889732 0.6397446260713856 0.057741189748915844
0.010217482362202435 0.11689571964880507 0.1357220161304301 0.7371647818585624
0.010208544310481793 0.15329636025085513 0.8071495553033171 0.02934554013534596
0.16063346882923113 0.3065518289530196 0.07794095149655156 0.45487375072119773
0.15012986068343237 0.1754560966033376 0.5852208408995418 0.08919320181368817
0.48246834015581863 0.35082288827755115 0.11879808058254537 0.04791069098408485
0.18360452279033046 0.3925558024119499 0.4188345295652458 0.005005145232473862
0.29856735762799724 0.26207134325295667 0.2591306082161047 0.18023069090294142
0.042946563137421845 0.4090533773578775 0.39556113404376825 0.1524389254609324
0.2238993769635389 0.3740915258367422 0.24016927602519333 0.16183982117452556
0.22404095570586635 0.33156789392004704 0.4158553129032886 0.02853583747079802
0.12712716834598148 0.10517226028983784 0.5921697864060724 0.17553078495810825
0.20470670058705598 0.23278991554815143 0.24767735482387354 0.31482602904091905
0.19245540225455027 0.01693674815741908 0.3414548061797269 0.44915304340830375
0.1076818418185328 0.4609270393164667 0.2435613678432611 0.18782975102173938
0.42025284386335704 0.03732769511573841 0.4489338483752736 0.09348561264563093
0.3383551505567589 0.20964723190966472 0.1280236271483678 0.3239739903852086
0.16082931387052002 0.0712779232628531 0.23939342801897556 0.5284993348476513
0.2001319221701513 0.02258080390744799 0.030619436237471986 0.7466678376849287
0.033799091155620964 0.17880982710259719 0.6558125589265587 0.1315785228152232
0.18773251272645441 0.024553673198931203 0.3950431451796944 0.39267066889491997
0.2577251114154141 0.19934150748486568 0.09650149461715662 0.4464318864825636
0.06543494789858217 0.06756345153095755 0.34774638847118955 0.5192552120992707
0.06687486390366182 0.667059658770089 0.21289386656362574 0.053171610762623445
0.04005160232356353 0.10994754273776008 0.6789574214991693 0.17104343343950712
0.23718877964018525 0.17970542623170815 0.48969864025180065 0.09340715387630594
0.3093028474169337 0.07991114585939874 0.25823064233693993 0.35255536438672763
0.0019146447428080027 0.015536740305146735 0.2905967035063417 0.6919519114457036
0.26222946170521877 0.1571115854459454 0.4570474531165748 0.12361149973226104
0.009696967179979255 0.14196786694234598 0.08847419443949245 0.7598609714381823
0.37061418563391013 0.3208669746165608 0.09001076730740043 0.21850807244212866
0.04296217976878225 0.2905573200027314 0.4587612352166137 0.20771926501187266
0.1447258304087523 0.15738690558835267 0.4268058365495778 0.2710814274533172
0.23096054005551125 0.21040956802872635 0.4096084523575374 0.149021439558225
0.2068125390464427 0.3111785762855126 0.2674184059650401 0.21459047870300463
0.074916046057252 0.2345426783447706 0.2712834563645168 0.4192578192334606
0.1908241185050168 0.5579459212513368 0.11581537958686028 0.13541458065678613
0.3248838877484179 0.5492714063273133 0.03186812780188564 0.09397657812238314
0.12897239103294145 0.6094477690867387 0.09850888551628434 0.16307095436403551
0.10834471102479637 0.2804468799351829 0.3034392583004992 0.3077691507395215
0.2680554513954012 0.24594061466796657 0.1357852882378704 0.3502186456987618
0.36592631714404955 0.06655726039349064 0.5416953944851907 0.02582102797726915
0.06839782358011881 0.11718480303618972 0.7513818671486634 0.06303550623502807
0.3486697667567368 0.39486046469650704 0.023356532654895235 0.23311323589186095
0.4227281745938021 0.02929220872275251 0.06190054952789137 0.48607906715555405
0.18989939636924147 0.11455023750693039 0.2445891318935688 0.45096123423025936
0.17382911565262327 0.2363290807935322 0.19305882117872974 0.3967829823751148
0.18117703785115202 0.08413489581976319 0.7277034787421779 0.0069845875869068985
0.12801024446964826 0.07193992759800949 0.43794559718806403 0.3621042307442782
0.11087426265693989 0.058716295371805005 0.23264085447721639 0.5977685874940387
0.12878834512256365 0.14441177973336394 0.10978285607156946 0.617017019072503
0.2549149303734368 0.049041938163516985 0.5678959637866128 0.12814716767643342
0.281709809679085 0.5872778747554049 0.05736849317342696 0.07364382239208311
0.06454128281682248 0.30082288369530474 0.29328308926638635 0.3413527442214864
0.10475351923158305 0.3140166290272688 0.05567925398937035 0.5255505977517778
0.37051025949221794 0.01495373644245368 0.5009859493639713 0.11355005470135704
0.08289553164049346 0.5288481469136522 0.22069657540760246 0.16755974603825186
0.08294206293340634 0.6394585232779703 0.17997955157014145 0.09761986221848196
0.4988675833935252 0.15713420771152853 0.12278512150052834 0.22121308739441792
0.08632049559219568 0.22301440837016562 0.18885103057965624 0.5018140654579825
0.38032186829340797 0.0004714577840129186 0.602711639928749 0.01649503399383012
0.035481848508331026 0.4452009300568226 0.3430593514703376 0.17625786996450876
0.1444708793714713 0.09373156653487846 0.07096642582507462 0.6908311282685756
0.14683643616997966 0.4883443239867473 0.0033427040290546772 0.36147653581421835
0.27705284022146015 0.14301696700232513 0.10596774556532151 0.4739624472108932
0.08508218797103373 0.23206043005102206 0.18528375278646103 0.4975736291914832
0.7032362022998694 0.16239732639003945 0.046099416724908915 0.08826705458518225
0.5445901552747265 0.016024863606657225 0.1147423376250648 0.32464264349355143
0.585727301972567 0.11106218418649727 0.08936444767308149 0.2138460661678543
0.2809941359138498 0.5090518272462692 0.06971670886352932 0.1402373279763517
0.038353615739844304 0.038354884309869 0.45450409464086494 0.46878740530942176
0.5661367678518486 0.11210374846107951 0.2801958114581996 0.04156367222887225
0.0919905312223448 0.3462909507723122 0.46323463341222815 0.09848388459311486
0.03807056173814838 0.09713961312717401 0.5402578217351325 0.32453200339954513
0.09558400004424317 0.012680264996975277 0.05278754006131847 0.8389481948974631
0.32904118687404615 0.3838656974029453 0.25114778716236674 0.03594532856064181
0.03009144014969145 0.20072896530093098 0.13271555323579887 0.6364640413135787
0.10295465287297845 0.34713929686388034 0.49894402094785384 0.05096202931528737
0.016778523779504284 0.6814882580068518 0.29994023075400345 0.001792987459640516
0.3469655044649186 0.22536202693834284 0.14462646998225692 0.28304599861448165
0.360868974179964 0.06827643196623012 0.12168615980113717 0.4491684340526687
0.09631575574314655 0.7108492155832014 0.060468475956778955 0.13236655271687314
0.06745044196355321 0.08120203511630109 0.7524528998806916 0.09889462303945407
0.33268813798716546 0.39504688046860226 0.23809823159450638 0.034166749949725905
0.4592839782897896 0.007868890061504485 0.2697835921720091 0.2630635394766968
0.2811506344133752 0.2402620711296447 0.33279826527085943 0.1457890291861207
0.03638775911168968 0.5714264647991069 0.33318780596508935 0.05899797012411412
0.04323890725983415 0.2197055661203774 0.5467623767161714 0.190293149903617
0.12409250482322953 0.07140146052767937 0.5499089597599416 0.2545970748891495
0.12895151726228316 0.48029375962651544 0.06341107880603813 0.3273436443051633
0.23000526129646193 0.4103588880307657 0.211274163298393 0.14836168737437938
0.5053532603610672 0.24048372122891448 0.07284166677587345 0.18132135163414487
0.49910978934637973 0.29014158102794585 0.1493248705257384 0.061423759099936026
0.08857061063728644 0.05596832176863187 0.402994971975174 0.4524660956189077
0.25558045616955805 0.23140905465427586 0.2623949556098726 0.2506155335662935
0.41408535275572966 0.14139080830359907 0.009213766749126218 0.43531007219154505
0.3536822983975081 0.039606779132529524 0.46436629741424995 0.14234462505571244
0.019878227332897902 0.7399717386569965 0.0734637484508106 0.166686285559295
0.6802177326362531 0.08447138588735104 0.1988103504059643 0.03650053107043161
0.09824396661891177 0.15074757772631187 0.42109310449469095 0.3299153511600854
0.5057708069370456 0.003859736801907765 0.36770828173037406 0.1226611745306726
0.3903057710436558 0.01817384828423496 0.431957865876032 0.1595625147960772
0.2510550810359148 0.18207408182646645 0.17036023919831 0.39651059793930876
