73 80 4 218.44446161835214 436.88892323670433
6.784209242074711 5.8475883787205225 5.607081842127671 6.4923150440169675 5.436900852500726 2.9301579801229165 3.1958201735882303 6.148850733805577 7.953657973525533 3.7956515670833118 4.636748569533076 6.371200430553265 3.1729129019075537 9.15147857290514 2.432906515080644 6.297973081115854 3.357744097697101 8.887057483332718 9.27167887672417 1.9447561439808703 9.736129984740348 1.3908462171335594 1.3063946619725009 5.7932278444698735 1.2470909081220127 4.037473074411531 2.7400236164026595 3.418120147405719 9.791859110386449 9.524490041775131 8.378969522517869 6.897025324631574 1.4988830492101664 7.202447686328464 6.731068805574682 6.424982887559819 2.0929787067153045 2.915841029982797 5.56694263822026 5.289384006556297 1.7327096001765985 4.2130678778941855 7.59876472125577 7.580286452271159 2.062367644616576 1.3789806594859635 3.869694799449306 8.54886832466239 6.470911888140399 1.6944264024418287 3.3915260886868714 6.277704485106517 4.815414803110926 6.7117473516770865 1.4607386408521446 6.273312096109193 9.675831347895189 1.0500017184353878 7.196376220026558 9.08170006568331 8.137063014175133 6.981303778889652 8.282760932860189 2.4560964307585853 3.292365333489238 5.508061322693903 9.351013370531948 5.525966353640647 2.760214506602762 7.062085064524136 3.8578382831410862 8.109828593289688 7.695405661844709 2.313845495598974 8.117432126778688 4.902127577998196 8.930685672094876 6.148751568236883 9.906532673959136 4.764244563104922
1.3568418484149423 1.1695176757441046 1.121416368425534 1.2984630088033935 1.0873801705001451 0.5860315960245833 0.639164034717646 1.2297701467611153 1.5907315947051066 0.7591303134166624 0.9273497139066151 1.274240086110653 0.6345825803815107 1.830295714581028 0.4865813030161288 1.2595946162231708 0.6715488195394201 1.7774114966665437 1.854335775344834 0.38895122879617405 1.9472259969480696 0.2781692434267119 0.2612789323945002 1.1586455688939747 0.24941818162440255 0.8074946148823061 0.5480047232805318 0.6836240294811438 1.9583718220772899 1.9048980083550262 1.6757939045035737 1.3794050649263148 0.29977660984203325 1.4404895372656927 1.3462137611149365 1.2849965775119638 0.4185957413430609 0.5831682059965594 1.113388527644052 1.0578768013112594 0.3465419200353197 0.8426135755788371 1.519752944251154 1.5160572904542318 0.41247352892331524 0.2757961318971927 0.7739389598898612 1.709773664932478 1.2941823776280796 0.33888528048836575 0.6783052177373743 1.2555408970213033 0.9630829606221851 1.3423494703354173 0.2921477281704289 1.2546624192218387 1.9351662695790377 0.21000034368707757 1.4392752440053116 1.8163400131366618 1.6274126028350266 1.3962607557779303 1.6565521865720378 0.49121928615171706 0.6584730666978477 1.1016122645387807 1.8702026741063897 1.1051932707281293 0.5520429013205523 1.4124170129048272 0.7715676566282172 1.6219657186579375 1.5390811323689417 0.4627690991197948 1.6234864253557375 0.9804255155996392 1.7861371344189751 1.2297503136473766 1.9813065347918273 0.9528489126209845
0.2604991281424236 0.09468924944745016 0.25872233493761365 0.3860892874725126
0.3862883675348572 0.01976857861957393 0.16810896414664533 0.42583408969892356
0.46372612855175266 0.05832937693025664 0.4613946501088423 0.016549844409148418
0.19509332030033533 0.23374761646783138 0.3012233147260084 0.2699357485058249
0.09468353954456954 0.2225697065407336 0.3005936649918164 0.38215308892288047
0.03894517361040728 0.13411746519751067 0.028855713592352727 0.7980816475997293
0.23481772034618542 0.3721637183639712 0.2764627403254012 0.11655582096444217
0.0083911140733115 0.20699930967001812 0.49439663741920326 0.2902129388374671
0.3900035588231815 0.012172666380233954 0.33279438075983836 0.2650293940367462
0.06989213647339398 0.19609903927497185 0.6521878436863078 0.08182098056532638
0.43559729088416954 0.18715693460052063 0.03846150495901146 0.33878426955629837
0.050388157099736985 0.8767385807774436 0.05909589752048783 0.013777364602331588
0.053341200644353215 0.3576909083359855 0.48323486920971914 0.10573302180994215
0.2429170049359306 0.3864267647714432 0.3289307045915738 0.04172552570105237
0.025660744281820747 0.04234255193291292 0.19424215600828643 0.7377545477769799
0.12537571609634268 0.28350731234654136 0.528360306550797 0.06275666500631893
0.22071885663976365 0.6088374292279712 0.16949949173757894 0.0009442223946861672
0.3994436597484484 0.04082274992899593 0.1832986321352459 0.37643495818730976
0.1792880459658741 0.1531458624319837 0.27236972860132436 0.39519636300081784
0.08946742589913692 0.05436979283259946 0.28065418527340547 0.5755085959948582
0.017365529185428552 0.4438063839429486 0.25900414330370924 0.2798239435679136
0.03504407423339695 0.11994676694693052 0.7742317600831633 0.07077739873650923
0.12732866124463926 0.45552111990889 0.14698689629042128 0.27016332255604947
0.00961735598227631 0.08148338762831997 0.4340960039953873 0.47480325239401644
0.2547937241298449 0.0020105630538074237 0.37742736363755924 0.3657683491787884
0.07777353302876355 0.48038237755455315 0.3435856790400097 0.0982584103766736
0.13467550498407954 0.24452225755096524 0.04226663566835964 0.5785356017965956
0.2731503320818932 0.1866252449667678 0.15739868497858234 0.38282573797275665
0.5779747189474269 0.3347351828191871 0.02945457098872084 0.05783552724466512
0.6391780963468804 0.14027475774395515 0.1882696618532046 0.03227748405595987
0.1695349337183516 0.2939726638133374 0.04255754841659121 0.4939348540517198
0.019673747358218918 0.42724947835665894 0.030811891879036324 0.5222648824060858
0.2367373278590006 0.00463551707183163 0.39385541366529364 0.36477174140387414
0.5924412472964279 0.1852754559463331 0.1703464609942753 0.05193683576296371
0.4693029207766719 0.06013332993669773 0.4302937524529198 0.040269996833710575
0.11051083256901906 0.04318673510545723 0.38098364465646695 0.46531878766905677
0.09713634313881514 0.44516091448852124 0.4091072183512876 0.04859552402137601
0.3992903641149924 0.14313530145557274 0.347792049314551 0.10978228511488386
0.16877483678567928 0.03774314792123201 0.3799476341127488 0.4135343811803399
0.030351907275201984 0.027973615341891023 0.6012058173448738 0.3404686600380332
0.14321725595612256 0.22850332998932954 0.24359417068310574 0.38468524337144216
0.18232464000841053 0.2120751696906893 0.5680174213862204 0.03758276891467982
0.16600077519085665 0.503059953614979 0.283760630795458 0.04717864039870634
0.14877994031068886 0.036247194017969164 0.5172177222121187 0.29775514345922327
0.005138703837395453 0.4115909202368444 0.2959084469405474 0.28736192898521273
0.01149072159742881 0.08068124206689575 0.8859101401966766 0.02191789613899886
0.3352565853492615 0.1147029382100393 0.07462594227824504 0.47541453416245416
0.6814944643834105 0.011200206509123012 0.3053635948913498 0.0019417342161166529
0.007973227518354276 0.18265831511861974 0.6647754048442781 0.14459305251874788
0.10696172710185292 0.08309988295409532 0.7980296190347508 0.01190877090930098
0.20664563676970948 0.10100495298252943 0.04537389789776736 0.6469755123499937
0.3314055536984478 0.5235417422154598 0.055249379853059555 0.08980332423303283
0.22571147899938082 0.21620910982453512 0.13700953442355068 0.4210698767525334
0.2832000782028179 0.141622940994367 0.07455035801669219 0.5006266227861229
0.10456122945957869 0.45098215519856266 0.39118305734671954 0.05327355799513911
0.17261891054650602 0.17536726785648482 0.2981052458449934 0.35390857575201573
0.2744185002460604 0.09641126062578942 0.038947792809928994 0.5902224463182212
0.1269861114800085 0.17060917224682826 0.11871846958054721 0.583686246692616
0.04984480656769563 0.5953191832892274 0.08341612823701805 0.2714198819060589
0.32634222230911203 0.41506755640047865 0.1449277641633725 0.11366245712703682
0.13881100283184 0.023823108834647666 0.2624002733347084 0.5749656149988039
0.08449530710866782 0.5258270229351822 0.3189769701763614 0.07070069977978855
0.28137948014561054 0.0856530809478181 0.3920739130753237 0.24089352583124768
0.2936052751290237 0.3501285516342677 0.28505065533863183 0.07121551789807679
0.04366146145834038 0.04950196594667278 0.07101926240397538 0.8358173101910115
0.6318371258768067 0.16158636198124365 0.06568067825318535 0.14089583388876425
0.19078629328917318 0.5203541669376404 0.28579660186643796 0.0030629379067484974
0.10145425135971498 0.5722288530590293 0.011389298809046822 0.31492759677220894
0.09931443010245489 0.07547981446695373 0.2729422793239098 0.5522634761066816
0.2218222997583793 0.11407085712474996 0.25147648409532164 0.4126303590215491
0.03638725539866716 0.5740451610032287 0.3445375213292361 0.045030062268868076
0.2538375150783827 0.17339045721180124 0.0878920824786823 0.48487994523113376
0.052366573576917985 0.06987057806987396 0.7569311799824977 0.12083166837071035
0.5059993094806826 0.1662714064340206 0.2941475693467167 0.03358171473858007
0.3348900912024487 0.5586854832723792 0.06285018449886037 0.04357424102631169
0.4241043523432625 0.34422864007807064 0.0013846152472364315 0.23028239233143044
0.1421037266103613 0.1723615591040496 0.20897988254596134 0.47655483173962776
0.17033159755859528 0.7519016569199896 0.01918183082557412 0.05858491469584104
0.5776531713393075 0.21702533428035597 0.09423417029066128 0.11108732408967525
0.4339551319133311 0.1397480562751232 0.22916158052809577 0.1971352312834499
0.2761593294861695 0.12970200252737663 0.12807350602295575 0.4660651619634981
0.027144711547194667 0.7122198335991056 0.17359147822078502 0.08704397663291474
0.21077201923501365 0.3619839874474463 0.40795933834128595 0.01928465497625409
0.000594813859835952 0.47665157127225133 0.48898382508575966 0.03376978978215306
0.17286194325168658 0.05008936561983934 0.21882273460600188 0.5582259565224722
0.07980937231313867 0.05466697303436652 0.22495024297116617 0.6405734116813286
0.07112524770513029 0.21661885303898432 0.05802457382944515 0.6542313254264402
0.06599997441877581 0.20145343418521744 0.3366233796351126 0.3959232117608942
0.044564840121712246 0.4336206995924826 0.0978085892937034 0.42400587099210174
0.11016116033092482 0.659819906693684 0.012683544101080746 0.21733538887431048
0.4130406797872067 0.500372890848418 0.07397687018068067 0.012609559183694663
0.1056614632872217 0.024049832788560432 0.07936525022840835 0.7909234536958095
0.060855435763612964 0.4373245225402346 0.30173763967147593 0.20008240202467653
0.11543127751475901 0.21175132369972094 0.20072421205149138 0.47209318673402867
0.25798859718263834 0.13629911134325579 0.4350489432994237 0.1706633481746822
0.16974686911639603 0.18275125073515386 0.5669523830349245 0.08054949711352566
0.32354371150032024 0.36534024244481866 0.1993854559712136 0.1117305900836475
0.17273540938575316 0.1903957868424524 0.3066987123503705 0.33017009142142395
0.11653453008727643 0.5411901004661231 0.18009985071210588 0.16217551873449454
0.2446288784292091 0.0053785779551641655 0.14357424072745295 0.6064183028881738
0.004949531477747349 0.35504998362545226 0.011899470094746789 0.6281010148020536
0.4196654455369796 0.15280424769097267 0.015529355635410691 0.41200095113663704
0.06390995299774815 0.37582095855633946 0.23356438474537888 0.3267047037005335
0.1839319862155241 0.02070962223134898 0.5359269710245225 0.25943142052860446
0.09568866546172328 0.3117394578164382 0.5922782579378901 0.0002936187839484017
0.016092194562066897 0.44413512009035916 0.5247992476487999 0.014973437698774017
0.6680313866677531 0.1834963136031068 0.049140833780835225 0.09933146594830489
0.4616752173990374 0.41931051634927574 0.0652515423104626 0.05376272394122428
0.0643520592348259 0.08761679839483338 0.7023818330751191 0.14564930929522157
0.02426391204153122 0.37389679510758533 0.20223460940989446 0.399604683440989
0.16469084011226864 0.5979968295152913 0.13391462466985327 0.10339770570258677
0.4878126332670307 0.3970543632134652 0.060422509262296864 0.0547104942572072
0.1402219458999454 0.14659594810153553 0.11111651168339176 0.6020655943151273
0.06224472942566617 0.40242290522515667 0.41356070170934145 0.12177166363983571
0.5482274999804845 0.2381641023044977 0.05434527857932003 0.1592631191356978
0.2732249577917598 0.07010375774634381 0.5111691721543424 0.14550211230755394
0.03587947425273408 0.7114318873946508 0.16953374570203683 0.0831548926505783
0.03255863165369399 0.5185977730783969 0.09703731204129407 0.351806283226615
0.00350915276633057 0.6208293047699455 0.23807028625645732 0.13759125620726664
0.41333337944886583 0.15155721907689057 0.24226301130102024 0.19284639017322336
0.14335182566358362 0.6731736926470763 0.12777951296400347 0.055694968725336635
0.6151265973166343 0.02851121260349454 0.25145570331248956 0.10490648676738157
0.23839009655938892 0.0441772128344754 0.3549284962014314 0.36250419440470427
0.07751633978055905 0.10358954760289685 0.006293044687467386 0.8126010679290767
0.42795818557368503 0.5121229147588398 0.05128977250506295 0.008629127162412265
0.027709769214093294 0.1635200837009193 0.541178437929703 0.2675917091552844
0.22927031762289707 0.06732326972792346 0.6944163833516077 0.008990029297571756
0.4187146760193492 0.14478200873111902 0.263786589101763 0.17271672614776878
0.36377025204687796 0.1280942907947793 0.009437867149747703 0.49869759000859504
0.16070254481943314 0.16402981734496647 0.4486625015141682 0.2266051363214322
0.12798995421195714 0.4597593224092521 0.27905461940087883 0.13319610397791193
0.36573010578225496 0.13271710817616045 0.372515245792967 0.12903754024861758
0.0023654983402915386 0.5744322451503325 0.10609766497798823 0.3171045915313877
0.45585057875783386 0.15840870587419964 0.2860202497264166 0.0997204656415499
0.27723310657525413 0.21135589927928577 0.03241905382328192 0.4789919403221782
0.26403558664570836 0.07620964434313471 0.26635896027788686 0.39339580873327007
0.10979676599814703 0.12303929920265155 0.17089707965412693 0.5962668551450745
0.006276607578504456 0.14214976080997133 0.542855004932127 0.3087186266793972
0.43670885349899946 0.42463609107996214 0.01784599442166479 0.12080906099937361
0.14953405533252717 0.44317389457959444 0.3528794374399894 0.05441261264788899
0.19254409235677072 0.20357343893443136 0.08580108102517248 0.5180813876836254
0.04034145493148833 0.49478791253467513 0.1685012561476248 0.29636937638621175
0.7958702421474302 0.09179107863391411 0.03878741232681715 0.07355126689183855
0.1003868609215387 0.159957876537955 0.19125619131026717 0.5483990712302391
0.4759703270004585 0.08163339852669638 0.3520594810054396 0.09033679346740553
0.3511854248068116 0.32727761164075375 0.05662010205576762 0.26491686149666704
0.003600222013997123 0.022425270677811526 0.8820908060831544 0.09188370122503697
0.6735031540556726 0.16739851769570868 0.09038718147387292 0.06871114677474577
0.05111579876514272 0.2560493796746519 0.6788180463523561 0.014016775207849275
0.21209060134548707 0.33220068128741365 0.042017355096044984 0.4136913622710543
0.39397100297374454 0.17700692289037245 0.4157028455349131 0.013319228600969901
0.7487112975923151 0.07319948054165681 0.09183501061672394 0.0862542112493041
0.2837125205701334 0.3574153936933663 0.012827269743870051 0.34604481599263026
0.1200322017537998 0.19873748569026128 0.3012474922896642 0.3799828202662747
0.37565027051331645 0.4664236170658983 0.0357122891261753 0.12221382329460995
0.3173254168290126 0.18985108793300243 0.16211700120727357 0.3307064940307114
0.0556828380914971 0.028042742743579097 0.10511288738932145 0.8111615317756024
0.7229079252145624 0.014648326902454212 0.11530521720979658 0.14713853067318683
0.7274353062462358 0.05041472422437221 0.1836254689507214 0.03852450057867063
0.11005840802485345 0.04332452276696086 0.070950752882318 0.7756663163258677
