66 40 4 86.81721915939092 173.63443831878186
2.3885882031814822 2.2032960463005935 4.264169195591988 7.111979879010684 2.750050516004809 3.260893451382942 7.825747523820459 6.018567306061175 5.633226261049025 5.2101987608899005 1.7845840324806235 8.46185898049971 3.687765031108315 1.2821130048833398 7.102051809697108 9.131401296713845 5.630060664856522 5.851949268871605 6.978947647068161 6.706510797407241 4.180775213281022 1.2397826155754652 2.4876085559262378 8.913870922465408 1.6103841026873997 4.321772217140455 2.0395052774742632 1.8666472841539812 1.753927279455826 1.7823432444454297 1.2003026101734087 7.939384496039796 1.4429136092074388 5.187009162678627 9.47109756996099 2.9486107283546374 4.2518661841314325 1.281867689726223 3.736400811511465 2.694409067512765
0.47771764063629646 0.4406592092601187 0.8528338391183976 1.4223959758021367 0.5500101032009618 0.6521786902765884 1.5651495047640918 1.2037134612122349 1.126645252209805 1.04203975217798 0.35691680649612467 1.6923717960999418 0.7375530062216631 0.25642260097666797 1.4204103619394215 1.826280259342769 1.1260121329713044 1.1703898537743211 1.3957895294136322 1.3413021594814483 0.8361550426562043 0.24795652311509303 0.4975217111852476 1.7827741844930816 0.32207682053747994 0.864354443428091 0.40790105549485267 0.3733294568307962 0.3507854558911652 0.3564686488890859 0.24006052203468173 1.5878768992079593 0.28858272184148775 1.0374018325357253 1.8942195139921982 0.5897221456709275 0.8503732368262865 0.2563735379452446 0.747280162302293 0.538881813502553
0.12615963249277695 0.8185114693261483 0.01236898897550387 0.04295990920557091
0.07794759840359955 0.02259334271261826 0.8542269598237264 0.045232099060055764
0.10672347806978832 0.4466512043410451 0.10540304981466775 0.3412222677744988
0.6227961633556277 0.027058624205670845 0.0670037230731313 0.28314148936557015
0.039375286048070945 0.28201254446490287 0.1820180104377641 0.4965941590492621
0.647089825446544 0.17158635484542029 0.0893046448005056 0.09201917490753009
0.06410831708174303 0.25277443071959926 0.09492306183479726 0.5881941903638604
0.08923164847502374 0.6702870587947439 0.01085593515936123 0.2296253575708711
0.20295372229767572 0.5856335415176795 0.12136136987598023 0.0900513663086645
0.3995325702409235 0.18659734477225054 0.2289956154703796 0.18487446951644637
0.00051335293990451 0.21554097532135585 0.33795481969136987 0.44599085204736977
0.6470529188210629 0.15090593811448338 0.07131358305190416 0.1307275600125496
0.24041373790070475 0.5121298138772746 0.0666977913647594 0.18075865685726122
0.46511899016714764 0.11747136675020775 0.08004973569443352 0.3373599073882111
0.20195307197780932 0.07439363322779025 0.3486206555968817 0.3750326391975187
0.033115383619756855 0.43828381448245324 0.05582520547059089 0.472775596427199
0.29261831209869504 0.5884412653450072 0.10777863301615043 0.011161789540147349
0.038277043936998933 0.2255402380081094 0.1803330370720908 0.5558496809828009
0.6245310197700382 0.1511424010385939 0.09605712245764164 0.12826945673372625
0.05097153682420763 0.9015445294221985 0.04501730251007907 0.002466631243514761
0.56546105402937 0.06074251926756713 0.2624111093318652 0.11138531737119772
0.13837961103812302 0.7781590997221837 0.039955971102259236 0.04350531813743408
0.46059883191279327 0.20283992652838911 0.017126180009792602 0.319435061549025
0.060666445496510346 0.26851837681731117 0.2284044318888364 0.4424107457973421
0.02238126438691801 0.23990471576558992 0.38447601457653213 0.35323800527095994
0.33097600662221394 0.10401054624863248 0.47483791453965973 0.09017553258949385
0.3491818470545148 0.008724033975424983 0.12754669770626692 0.5145474212637933
0.32993864604237566 0.10671066761873282 0.3457536737142304 0.21759701262466113
0.733530464472264 0.01606913146139588 0.10738924198099187 0.14301116208534825
0.13951728489810544 0.02704202048232407 0.4042836334195611 0.4291570612000094
0.7488796182700594 0.16597772002067845 0.07687886670776967 0.008263795001492436
0.3781825520555142 0.017213992368694808 0.5448850675932692 0.059718387982521826
0.18125698743680096 0.3863214299018102 0.17982748662161574 0.2525940960397731
0.08228945145889943 0.44349548604524724 0.17086253303677434 0.303352529459079
0.5833805156340381 0.08648395660861963 0.2881975336826108 0.04193799407473142
0.07808182254932283 0.011526010819550181 0.6797283168550844 0.2306638497760426
0.636188360658496 0.09166220545704074 0.06286955466258848 0.20927987922187474
0.40208451353705954 0.06679165568294732 0.3326090814000052 0.19851474937998792
0.07690094213274024 0.05028501334429203 0.36826946793154014 0.5045445765914276
0.47076131534378096 0.12813267386039895 0.04313949342255552 0.35796651737326457
0.03834351621127252 0.08797229577737964 0.2879010219848961 0.5857831660264518
0.16608301086990584 0.10197824491051855 0.6397149221313764 0.09222382208819924
0.36195656633774254 0.38673605517128984 0.03772176735992161 0.21358561113104602
0.23054334798542442 0.03557805646559453 0.54818744371473 0.185691151834251
0.31106395561466393 0.20035232409692405 0.07984586295404106 0.40873785733437096
0.2741526253190497 0.27862993978042816 0.1500918165630678 0.2971256183374543
0.6644677325677852 0.039269198240858394 0.19461103049691209 0.10165203869444428
0.23351887329410048 0.18448505251993785 0.05117821731046179 0.5308178568754999
0.05823228051765861 0.3374514829828119 0.3004100876415645 0.30390614885796496
0.54826064018781 0.01811882111708807 0.1325214599814455 0.3010990787136565
0.12561547886209345 0.17344125264376775 0.2598844327786236 0.4410588357155152
0.012914291089583307 0.3589356700512695 0.09717457583612132 0.5309754630230259
0.4950777597984466 0.3283826683867973 0.04397004107079705 0.13256953074395905
0.22049671055138453 0.04795009164792796 0.33413404225012877 0.39741915555055873
0.33124961180108303 0.082746835012672 0.1818386850817062 0.4041648681045388
0.2683631339199002 0.10069108073243949 0.5494481528326632 0.08149763251499709
0.05551293763748122 0.48195969510864434 0.4350650234336588 0.027462343820215618
0.3819277127669133 0.4257763114678754 0.11042009903134109 0.0818758767338702
0.061836126129322766 0.17853497635137294 0.5028589023601403 0.256769995159164
0.1062779195468273 0.001342036767714938 0.30778276725295506 0.5845972764325027
0.06051055380448056 0.6344515325073884 0.20210955989269597 0.10292835379543508
0.0623366127899716 0.2283328379142343 0.32304587118865513 0.38628467810713896
0.014820880926713076 0.014400093262350588 0.4459707564895091 0.5248082693214272
0.12548368495337237 0.5759822017642865 0.032871215403084464 0.2656628978792567
0.4294335977943705 0.137314712320588 0.3410317526479517 0.09221993723708977
0.2413520277165523 0.21610986144821265 0.4454233280068385 0.09711478282839658
0.2847331687906677 0.03656142506537252 0.5739842274227767 0.10472117872118314
0.7281193168376029 0.12501474329935836 0.029578138005796784 0.11728780185724197
0.16538702377684067 0.28812540181901836 0.042630184801544124 0.5038573896025969
0.3853840206284206 0.12348249069550588 0.27664336339987916 0.21449012527619438
0.08069640958256397 0.1314675443625426 0.6644370976622631 0.12339894839263033
0.3226320059994895 0.39614045032995426 0.21144537538637176 0.06978216828418449
0.09601730958375931 0.11573136161055941 0.20578622089977072 0.5824651079059106
0.19453078902733134 0.3227589892348238 0.21300464091770277 0.26970558082014207
0.5819937538730172 0.13992742895304366 0.013562537683672882 0.26451627949026624
0.205085688945436 0.41268877123446135 0.22969335521445133 0.15253218460565132
0.12367755764238197 0.5147333096970759 0.3314526048374987 0.030136527823043435
0.11126980173246293 0.1298158222022483 0.7522160124643615 0.006698363600927237
0.15501024132336494 0.5454463109861967 0.11591222853385885 0.18363121915657954
0.29775883359156563 0.14079835070779279 0.5533169772621789 0.008125838438462707
