19 20 4 49.03017904143759 98.0603580828752
1.8778024157450641 7.851247450073707 3.2224417584969434 2.2431851872868758 3.983019069438383 1.7469960850620359 7.0477937315242 8.259344183454917 9.844677230897926 6.720946613171673 2.943309304424623 5.941246888758517 5.910039622083035 3.1066846583230148 2.023532587063715 5.496933403440592 2.368975801796092 5.794174725015426 4.483060916018941 7.194946450799479
0.3755604831490128 1.5702494900147415 0.6444883516993887 0.44863703745737515 0.7966038138876766 0.34939921701240717 1.40955874630484 1.6518688366909835 1.9689354461795852 1.3441893226343347 0.5886618608849246 1.1882493777517034 1.182007924416607 0.6213369316646029 0.404706517412743 1.0993866806881185 0.4737951603592184 1.1588349450030853 0.8966121832037881 1.438989290159896
0.3729271564083929 0.24230488017767604 0.162125881520638 0.22264208189329304
0.06478677547176559 0.20369673165856905 0.01834698228981868 0.7131695105798467
0.3465286297905903 0.1954040077725947 0.010235195906492467 0.44783216653032254
0.010343895110245693 0.03382332755272255 0.781390390741242 0.1744423865957898
0.36437840196608307 0.08587709899642038 0.1491883961344237 0.40055610290307286
0.13565977671520735 0.7852884738720558 0.015354658280661626 0.06369709113207522
0.44892175700184356 0.4101827333061687 0.07988814513471698 0.06100736455727074
0.5905078040283765 0.13780164230025116 0.17000629954469915 0.10168425412667315
0.13052339190334605 0.034307304860671795 0.5953558245046127 0.2398134787313695
0.8772652169952768 0.07216890502755713 0.04800321042680611 0.0025626675503599428
0.05391789471661923 0.3470294373514907 0.25173204673383376 0.3473206211980563
0.24963864058647178 0.3811034603913874 0.11014407078919008 0.2591138282329507
0.07858701687903547 0.20893441919179379 0.13464702426704966 0.5778315396621211
0.3330956994836386 0.48773917275243506 0.01435247294588804 0.1648126548180383
0.34755772832383647 0.3223861770116192 0.31349187571032044 0.016564218954223886
0.18849319518824292 0.6445668481969032 0.15171702857391345 0.015222928040940387
0.014979197663230304 0.6969662449111698 0.14965888785544768 0.13839566957015226
0.3136907146921142 0.16341339522372023 0.10689314465023081 0.4160027454339348
0.05655338856796899 0.0001328777592484176 0.24661841618095892 0.6966953174918237
0.1261308714399476 0.03604986982079039 0.15020965990600776 0.6876095988332542
0.6080343030674544 0.03495329820186899 0.30317244369406915 0.053839955036607434
0.6898584792392357 0.01951757858699832 0.04078009077699252 0.24984385139677345
0.05176904301577445 0.12084391706842323 0.381213520226363 0.4461735196894393
0.0765365615356286 0.634530408695781 0.28323785202653273 0.005695177742057633
0.17973880276470322 0.6840979242784486 0.10753304144181974 0.028630231515028415
0.6727740448846121 0.042900437818168435 0.21968993984508023 0.06463557745213921
0.03127758666552116 0.1512512073575305 0.34169893619234504 0.4757722697846033
0.3614592485935443 0.4729122541973749 0.13299677587177328 0.03263172133730752
0.18204234531958974 0.2581694151217768 0.0020620724313029637 0.5577261671273305
0.1639605602220474 0.10489134118265642 0.1313150997729191 0.5998329988223771
0.4952041632942823 0.215528510328851 0.20109366650275273 0.08817365987411396
0.3484708615800669 0.01268614660051115 0.613073842488818 0.025769149330603924
0.06326975075740693 0.14259647268577147 0.17560338641329132 0.6185303901435303
0.08207576786149495 0.5935559949090882 0.14102551289129206 0.18334272433812482
0.6316655437677292 0.2612961036239183 0.06623765215160071 0.04080070045675177
0.1420305629591706 0.20625399842319114 0.40334667770886934 0.24836876090876892
0.7958041137284613 0.060736073099955434 0.0007342850226786934 0.1427255281489046
0.09318029011083084 0.17388568277167704 0.3741565196302382 0.3587775074872539
0.029364493641441447 0.3020648085107449 0.5788228095372758 0.08974788831053782
0.09960114391646324 0.0512802494796506 0.4089192232086766 0.4401993833952096
