32 40 4 113.44931391704415 226.8986278340883
8.730003405637358 4.354400394777519 5.996159001987371 9.600908940925908 7.630026382101014 8.345846252012327 1.9097790427776227 9.356392633671433 6.481982520921783 6.368980925109474 1.8260572131658186 4.106676189748219 6.964772708670289 4.975421396151122 5.963390077545645 7.333412422843752 6.304611081713641 1.4493948347399197 6.056126559413171 7.8972262513679015 9.198174967009841 1.8361895215418964 9.122692511009943 5.148643652941719 5.068166226235665 9.994829383723195 2.4618136919747933 7.384335257792371 2.4456166947796807 8.296990912806374 1.3163245716326744 5.813980558707421 2.498501107234262 3.7756934197096133 1.4055617160228768 3.147185136915206 7.073510767573798 8.041444745658723 7.256814710899674 3.960590044637355
1.7460006811274718 0.8708800789555038 1.1992318003974742 1.9201817881851817 1.5260052764202028 1.6691692504024656 0.3819558085555245 1.8712785267342866 1.2963965041843566 1.2737961850218948 0.36521144263316374 0.8213352379496438 1.3929545417340576 0.9950842792302245 1.192678015509129 1.4666824845687505 1.260922216342728 0.28987896694798393 1.2112253118826342 1.5794452502735803 1.8396349934019682 0.36723790430837927 1.8245385022019884 1.0297287305883438 1.0136332452471328 1.998965876744639 0.49236273839495864 1.476867051558474 0.4891233389559361 1.6593981825612747 0.26326491432653487 1.1627961117414842 0.4997002214468524 0.7551386839419226 0.28111234320457534 0.6294370273830412 1.4147021535147597 1.6082889491317445 1.4513629421799348 0.792118008927471
0.29854124528692305 0.1954906210149947 0.4907524263220454 0.015215707376036836
0.2900171810754629 0.1080552658015772 0.4652585234961689 0.13666902962679095
0.4193354567733698 0.03778421270680943 0.14703245821245592 0.39584787230736485
0.1310919483127273 0.2268864519715651 0.6232726803365463 0.018748919379161344
0.09642990663856532 0.33057313770974883 0.19709848232431326 0.3758984733273726
0.27070274792734816 0.13437736791645405 0.06764300095913234 0.5272768831970654
0.2921747478240383 0.13901086381975636 0.269587585298792 0.29922680305741334
0.17136386809461868 0.11646567742398262 0.21628397778657105 0.49588647669482766
0.042663541406911865 0.4902761360270651 0.09279244355033167 0.37426787901569136
0.5868892417339443 0.21803326736900974 0.01024308006046859 0.18483441083657737
0.12730548551288245 0.16313075352324158 0.464617447420715 0.244946313543161
0.09425336503598114 0.3124221655320464 0.22515617644205965 0.3681682929899128
0.3813085330899487 0.15028593382536037 0.07262106181254568 0.3957844712721452
0.04512081718521643 0.6581916368126187 0.05807855307105747 0.23860899293110738
0.1595844702708844 0.35665476386953476 0.0821710963515172 0.40158966950806363
0.4993523970297459 0.06664680658530864 0.1775637349610878 0.2564370614238577
0.45027546350354664 0.16094915185113767 0.2556707046644028 0.1331046799809129
0.006845834130041917 0.14968656986262052 0.2323102908412712 0.6111573051660664
0.011096929892732588 0.7619603312186132 0.20843272793283407 0.018510010955820166
0.14020093166504077 0.3271191045373565 0.1338755346883388 0.39880442910926395
0.08563918190381448 0.28338149251875977 0.2525823565735501 0.37839696900387565
0.21171557516223738 0.177114905661933 0.37705756780340594 0.2341119513724237
0.1410486337769331 0.04848193875207374 0.510836154432523 0.2996332730384702
0.4790932933662496 0.07321221060585603 0.1647589732698892 0.28293552275800515
0.044025079437355674 0.26131484172601205 0.4213636632786377 0.27329641555799455
0.09177311712299097 0.19489754588132968 0.14146432017753807 0.5718650168181413
0.1702804293170106 0.32431671425408526 0.4226693792739692 0.08273347715493495
0.04914806374449221 0.11603339009589764 0.5767051231516535 0.2581134230079567
0.17325131471483501 0.6728166895320737 0.05487044532217911 0.09906155043091214
0.12386250542970678 0.1406327073510658 0.321476382833236 0.4140284043859914
0.09344585393821647 0.11214313846466728 0.4899119788517784 0.30449902874533785
0.486294273696697 0.07848915287177238 0.40355620076417387 0.03166037266735677
0.495959480849975 0.32500529816464485 0.024120983870412283 0.15491423711496788
0.24096220861481954 0.0834650090993545 0.5499971712890883 0.12557561099673764
0.25816254565296715 0.5254134474554778 0.1871048139560817 0.02931919293547336
0.48713270818720555 0.02477809764840322 0.0059772214764894915 0.48211197268790174
0.49165995619322567 0.4685395724394983 0.010996132340245879 0.028804339027030168
0.014770407894532545 0.28956568650168857 0.3439777772979016 0.3516861283058773
0.12096114170957895 0.3616824734992842 0.25561778953372527 0.2617385952574116
0.04825405343867284 0.058070853144357226 0.5590099693492361 0.33466512406773385
0.46310814016744195 0.03802678086394051 0.022986441690050263 0.4758786372785673
0.026169537230963602 0.7017357796414336 0.06116387726885075 0.210930805858752
0.006928480444867158 0.31769235620492786 0.00605392717450326 0.6693252361757017
0.014999977413722387 0.5059777262236322 0.06725424725938456 0.4117680491032608
0.19795182277180057 0.4423371164715 0.14394584741598226 0.2157652133407172
0.1298177834681652 0.24633125726750293 0.014477435971224417 0.6093735232931075
0.5528825901653388 0.22352686617912787 0.0073521724922887 0.21623837116324462
0.13312513390074243 0.0771894112179734 0.035149672867865966 0.7545357820134182
0.22638685431719807 0.4079361792973768 0.10106251477029993 0.2646144516151252
0.37485617684307626 0.28099117647723215 0.22380204660493141 0.12035060007476017
0.21281150919852043 0.1755556838664729 0.19050349152532586 0.4211293154096808
0.1277268853895156 0.09499252677592074 0.7348429920422731 0.04243759579229056
0.18538948338062677 0.0980770655243085 0.5471124262951893 0.16942102479987542
0.25379794096199493 0.023255977162616737 0.6655015887575144 0.05744449311787392
0.41761246950724984 0.3235754108747362 0.2537501737496163 0.005061945868397699
0.045708724123834754 0.6368061403635853 0.26956194345804607 0.04792319205453388
0.04400528066838716 0.16198047310238184 0.21592384740515347 0.5780903988240775
0.5083503783474584 0.07000545720063278 0.31503236528922285 0.10661179916268593
0.008677326140518526 0.564114893864127 0.1906839571266965 0.23652382286865792
0.21361892851706998 0.1999417956137619 0.3945517210872618 0.19188755478190633
0.051668924688842766 0.6368568151864251 0.10070523284927801 0.2107690272754541
0.4759674707188428 0.08677218832623657 0.35571169251289625 0.08154864844202436
0.18983618109261013 0.04687589626674571 0.33051041790444413 0.4327775047362
0.16743427745966943 0.6771950162783931 0.02990565566979153 0.12546505059214597
0.28626048793098224 0.06593504782043069 0.5052341738816012 0.14257029036698587
0.1944249437647969 0.3649056309688167 0.2740538316673221 0.1666155935990643
0.08326964169530848 0.11496547098977317 0.3778025689335348 0.42396231838138354
0.07574376118379011 0.5229438393646106 0.35809593300057363 0.043216466451025615
0.6042730204257699 0.22422683591801995 0.029380880739375947 0.1421192629168342
0.2442320812182408 0.01701909926150169 0.04189703301664538 0.6968517865036121
0.20890913189343108 0.5088075784050007 0.17879321226835165 0.10349007743321659
0.5910158770883769 0.04549783475347979 0.31055681146125236 0.052929476696890965
0.5736151841479978 0.28020643240790555 0.13259618117305694 0.013582202271039678
0.2386933828237463 0.3990451107013582 0.16392615082708684 0.1983353556478087
0.7644983126075418 0.042701771145559175 0.16806328288481598 0.024736633362083094
0.13547948036316626 0.1239262189071868 0.33276219224833814 0.4078321084813088
0.00821183532894798 0.2606248040140622 0.36526186946265027 0.36590149119433957
0.03695473144514627 0.8084360303285434 0.10138060040290264 0.0532286378234077
0.26085065264050566 0.13731209863800586 0.331150936302709 0.2706863124187795
0.2776172147053496 0.0851076062404541 0.4695377243301835 0.1677374547240128
