3 80 4 202.16088542436532 404.3217708487306
5.957181123171179 7.373330403562943 3.618142650216499 5.597448446778968 9.036522589128893 9.066637800400942 2.130267794174526 2.865185903243681 1.463204829707469 4.967288592855728 1.2688858979071025 5.1114990195524 6.842296428532847 3.5063855438317777 7.086294117821182 6.317765356747158 1.2158369413944883 6.029686791917938 3.3332720221671885 4.735910773090627 3.5517257359418686 7.238241264816967 4.964083459036655 2.411809646274669 5.901841162286603 8.022832880602303 3.7572717913856177 2.9976209553896327 4.491741318000839 9.427452848743874 9.783958802256404 7.051453083215323 9.125506976845582 8.611757841638614 4.401946371960002 1.8299530798455181 6.880698122711825 6.020566861496058 4.254082867563203 3.025490543558487 4.658679247386237 5.220462238292521 3.4231202042595514 3.6261349680288935 5.119177593906802 8.744805216522337 6.276276140210393 3.551390761889888 3.501797559612412 5.091598679697521 2.848693101444888 2.8124083993876585 5.626315538356977 1.7850643190272422 5.352269791164279 4.2595859114905 7.36917959634104 7.720716007918041 7.219836296701879 7.202623723794227 4.3624011173403545 7.013213242617407 4.0586379756113615 6.155144828819875 3.93226442258387 5.006305443371788 1.5537603774694535 3.1840787996590434 9.744423455562108 3.075257839195666 7.223297598525972 6.854291723923656 7.515452254937339 5.275797495709882 6.369973971416766 1.6027248153954372 1.6530592404001008 2.790784236673705 2.3667489730768696 1.9009391012330021
1.1914362246342358 1.4746660807125886 0.7236285300432999 1.1194896893557935 1.8073045178257785 1.8133275600801884 0.4260535588349052 0.5730371806487362 0.2926409659414938 0.9934577185711456 0.2537771795814205 1.02229980391048 1.3684592857065694 0.7012771087663555 1.4172588235642363 1.2635530713494316 0.24316738827889767 1.2059373583835877 0.6666544044334377 0.9471821546181254 0.7103451471883737 1.4476482529633934 0.9928166918073311 0.4823619292549338 1.1803682324573206 1.6045665761204606 0.7514543582771236 0.5995241910779265 0.8983482636001678 1.8854905697487747 1.9567917604512808 1.4102906166430647 1.8251013953691164 1.7223515683277228 0.8803892743920004 0.36599061596910365 1.3761396245423652 1.2041133722992117 0.8508165735126406 0.6050981087116974 0.9317358494772474 1.0440924476585043 0.6846240408519103 0.7252269936057787 1.0238355187813604 1.7489610433044676 1.2552552280420786 0.7102781523779776 0.7003595119224824 1.0183197359395042 0.5697386202889776 0.5624816798775317 1.1252631076713953 0.35701286380544844 1.0704539582328558 0.8519171822981001 1.473835919268208 1.544143201583608 1.4439672593403758 1.4405247447588454 0.8724802234680709 1.4026426485234815 0.8117275951222723 1.231028965763975 0.786452884516774 1.0012610886743576 0.3107520754938907 0.6368157599318087 1.9488846911124216 0.6150515678391332 1.4446595197051946 1.3708583447847311 1.5030904509874676 1.0551594991419764 1.2739947942833532 0.3205449630790874 0.33061184808002014 0.558156847334741 0.4733497946153739 0.3801878202466004
0.12929386460885417 0.05852096031502407 0.4937969538835484 0.3183882211925734
0.7071806008078977 0.01913889762013954 0.20040618582569059 0.07327431574627219
0.6336655637875748 0.026660342612037757 0.18177727947703426 0.1578968141233532
0.19207229639360313 0.3607722767568424 0.23209213028068554 0.2150632965688689
0.08979086952306481 0.7611805475184369 0.07696493052062392 0.07206365243787438
0.07362366921935759 0.14436209918999598 0.26710845764473456 0.5149057739459119
0.20937334952236364 0.20475357019384366 0.22604969718285162 0.3598233831009411
0.27478050549563926 0.3763422649459601 0.30532674087578104 0.04355048868261957
0.07013250508767022 0.012738513709887211 0.4578898173889364 0.45923916381350616
0.17003354423713468 0.17065494022302485 0.3512890274126832 0.30802248812715727
0.6949634351408759 0.04611897125868669 0.1230372630110812 0.13588033058935622
0.31381911523322203 0.41287063625697584 0.0004623272565114078 0.2728479212532907
0.8772120389443171 0.002912751304998462 0.09149950682866514 0.028375702922019297
0.2049397689077791 0.49387022947264436 0.12905280304099742 0.17213719857857912
0.21594947101977668 0.07110029366135617 0.5851297437182931 0.12782049160057407
0.2792945968468563 0.26015190341781047 0.30885739681482927 0.15169610292050395
0.7749678150409236 0.06194432367269154 0.12838121239275058 0.034706648893634284
0.045497305855868864 0.29759655853609257 0.3574179145743114 0.2994882210337272
0.5167843658432453 0.22595290770638354 0.2352151361073559 0.02204759034301529
0.47891545221783816 0.3500856262568872 0.055240352613011856 0.11575856891226277
0.06854991826183676 0.115222399750606 0.35502033999072724 0.46120734199683
0.49778283101845744 0.12095375196212244 0.0017760984243274658 0.37948731859509266
0.15308930072651616 0.08988887896743891 0.032530295739738535 0.7244915245663064
0.000745522041897928 0.46080262960590757 0.21795365212547968 0.3204981962267148
0.39095801573387867 0.048463516895770664 0.13874182610806085 0.4218366412622898
0.22771289672183592 0.036612629918377215 0.33267771556011694 0.4029967577996699
0.14528995885356388 0.42177659158771075 0.36890562605450694 0.06402782350421843
0.004266434167159439 0.03776441682641418 0.6640253325904327 0.29394381641599365
0.29469349860327987 0.440999887924966 0.23552884369872962 0.028777769773024486
0.04206952345831805 0.13044872870786095 0.29317481927755773 0.5343069285562633
0.671570247634277 0.004426339833970783 0.10400663491033746 0.21999677762141479
0.2519303025546189 0.2562271262939865 0.4193718469634171 0.07247072418797751
0.34551733871512846 0.36936933339690436 0.020437515383111227 0.26467581250485595
0.2904848960351515 0.21008065840128043 0.16822202354867533 0.33121242201489276
0.5060852621249864 0.38965426896813093 0.024081082879305105 0.08017938602757757
0.11493223803677854 0.011505067191940666 0.046787701955604444 0.8267749928156763
0.6090274437605645 0.06578249097870814 0.30787755790629356 0.017312507354433793
0.5573673875302017 0.07384472490337879 0.019430064358122556 0.349357823208297
0.4319253188873098 0.020086297484265492 0.23895208739368978 0.30903629623473494
0.1378098929110333 0.07189654325058792 0.3065380450728217 0.4837555187655571
0.7446114470844425 0.07934973341880469 0.0674934184185445 0.10854540107820831
0.14559502906990662 0.47823005670241947 0.3137699221674629 0.062404992060210995
0.039361447652614845 0.2634583902649986 0.692966467637972 0.004213694444414551
0.3464017029002705 0.20443089297636274 0.022588684107127777 0.426578720016239
0.050779979002276265 0.36861296464566085 0.5262143751891075 0.05439268116295537
0.0416156415309622 0.15113132618885805 0.35123098581890333 0.4560220464612764
0.39247191354446664 0.07206506591807027 0.3557542259494104 0.17970879458805267
0.19646296069527902 0.006644696045896237 0.22103959066328815 0.5758527525955366
0.02223188655718822 0.147758131440636 0.17496344493677152 0.6550465370654043
0.29193118604633606 0.3276491604884708 0.13594913036802925 0.24447052309716388
0.013082809952181584 0.1393804510058938 0.1397935149940106 0.707743224047914
0.7158819787418663 0.1976538334274428 0.06486934022674662 0.021594847603944256
0.28386418345138376 0.07976968437732623 0.11705792060667786 0.5193082115646122
0.2096510681816579 0.3183541269754512 0.21736064992488568 0.25463415491800523
0.42411590028854873 0.31391693066908666 0.13547427051215677 0.12649289853020784
0.305111386874636 0.37919028135657884 0.2405067153057472 0.07519161646303796
0.08179074301518041 0.06310601197004717 0.19657987583811698 0.6585233691766554
0.028294071851627134 0.32587041791607274 0.6050696517706293 0.0407658584616708
0.06104807517854138 0.6344582167622738 0.1579049304780844 0.14658877758110045
0.3596150991052395 0.031886659484471114 0.05617565362354615 0.5523225877867433
0.6236378174584212 0.07409062397824784 0.1971209452163577 0.10515061334697329
0.014714783748600802 0.4142383435431086 0.5029082127094308 0.06813865999885982
0.07011901312686464 0.6744857505281832 0.04009108362085223 0.21530415272409997
0.17274179949635315 0.0010566447117721367 0.2179090331119582 0.6082925226799165
0.43538657797568614 0.05467430323101852 0.31405521911000256 0.19588389968329278
0.2135202649884438 0.16620098503722325 0.4596360363744143 0.16064271359991866
0.3230884466178492 0.18738439296666298 0.08420990245325899 0.40531725796222884
0.23644756821468216 0.1051307860606715 0.492958829339327 0.16546281638531934
0.015100773237324061 0.4722648886580514 0.35658183021122536 0.1560525078933992
0.07961273069445429 0.46905444421258535 0.3195000560937472 0.13183276899921315
0.10574304191044448 0.23646480172462514 0.5838016987817481 0.07399045758318223
0.017977451363751618 0.037908691361414726 0.8451284075952754 0.09898544967955825
0.17551162974720702 0.35265350005286344 0.37188089329813456 0.09995397690179497
0.06656998895125332 0.051592080496588366 0.6324113494311383 0.24942658112102
0.5543135937805567 0.20828882789123004 0.03163177583647481 0.20576580249173848
0.27465500116742836 0.19763212210939873 0.019376773959763338 0.5083361027634096
0.7483830444491696 0.013855354980084944 0.15158460070401092 0.08617699986673455
0.43508204165350817 0.052806061203355514 0.22145191561505717 0.29065998152807915
0.9596385726208481 0.019745772226275826 0.0009512892705360043 0.019664365882340107
0.44500079243505075 0.2495244097098186 0.116411408752509 0.18906338910262166
0.5410196733597712 0.012258058447882303 0.39882351122355475 0.047898756968791756
0.2638866709525134 0.21635328513289664 0.35895310171456063 0.16080694220002933
0.3659405848526094 0.3788117385717499 0.16922294358157852 0.08602473299406221
0.19638057670013687 0.529289047232684 0.24642873975094493 0.027901636316234213
0.4888732446161128 0.05472108197970993 0.2440238729076536 0.21238180049652366
0.17721338080182358 0.27806598067906274 0.4371138261062062 0.10760681241290748
0.04910892439787362 0.09422339307344774 0.5873758066577169 0.2692918758709617
0.4355205561751928 0.043457741201784916 0.17324482768920701 0.34777687493381526
0.05773148782296755 0.7797309448467549 0.1222447545834987 0.04029281274677887
0.06467319799028326 0.1956718747386319 0.6352252554130684 0.10442967185801644
0.158033654701494 0.13283879112798203 0.5505471732016721 0.15858038096885185
0.13946712418246032 0.21964040068103108 0.060475231819453135 0.5804172433170555
0.153740208571143 0.2139627747323174 0.4312613359173435 0.2010356807791961
0.24057032033459902 0.24192672143923089 0.48273110682008546 0.03477185140608463
0.0921315918005916 0.7396294986572749 0.0019267938852931543 0.16631211565684034
0.09556681500661357 0.21908618375738376 0.11616202325446268 0.56918497798154
0.23083626557632686 0.3038986047749941 0.21629243696705835 0.2489726926816207
0.05564154105168817 0.7849195444345488 0.10796656147371775 0.05147235304004527
0.15626242367127352 0.14842400927711852 0.19806461472602743 0.49724895232558053
0.06227948040577591 0.011758315874220493 0.3717723824329624 0.5541898212870412
0.07556640450523078 0.0009298778107262873 0.3598608018505569 0.563642915833486
0.15724465838513624 0.21556684125753223 0.21050041559908894 0.4166880847582426
0.22332297288573677 0.25618433193733015 0.3192109657732436 0.2012817294036895
0.030311360522466524 0.13220932434405275 0.6326839023101192 0.20479541282336156
0.04629620299294834 0.3256841092164914 0.322784664963766 0.30523502282679427
0.1342181696990331 0.27610203520813015 0.40446221162011653 0.18521758347272022
0.27555246302085457 0.3360413725257424 0.09042629378485534 0.2979798706685477
0.06154071592069976 0.18499475294018974 0.17073142589633727 0.5827331052427732
0.481846388679705 0.15080938550643397 0.3554569786260392 0.011887247187821859
0.8284319222441106 0.0286345103972091 0.009887259171478813 0.13304630818720153
0.1134440838641173 0.33247002604675124 0.014454393978373337 0.5396314961107581
0.22033633154831267 0.6511532083955602 0.03252293166511577 0.09598752839101132
0.056872574048715596 0.35754628510464226 0.0626727742900115 0.5229083665566306
0.4175619104085895 0.37127043293437767 0.11187852404438381 0.09928913261264904
0.25018894238936007 0.3177132317546706 0.29470291311452745 0.1373949127414419
0.07291709358215726 0.4609189474237523 0.22827979955185906 0.2378841594422314
0.08408068107668132 0.4071224485389987 0.2996510534386043 0.20914581694571566
0.5431794548143797 0.03379544056706818 0.2915797382590407 0.13144536635951143
0.08949499139510886 0.01263922930937944 0.4328413579258731 0.4650244213696386
0.0021255584659090054 0.21451170397232522 0.35357097605200893 0.42979176150975684
0.3950607897751658 0.09165039904799133 0.06604607359422521 0.4472427375826177
0.2703919968833126 0.2670423730612609 0.23222034541332437 0.23034528464210213
0.04905633250513164 0.6917570388470347 0.005857719640091963 0.25332890900774174
0.574469459936228 0.15723621562583856 0.20769780273909222 0.06059652169884122
0.13827941485810036 0.4151534192962565 0.4297289536358446 0.01683821220979853
0.12067506706890718 0.4142502674663743 0.19124265977527088 0.27383200568944766
0.0066942183815162926 0.5661664925581892 0.4260777303199881 0.0010615587403064453
0.32806574380211173 0.29126152927737103 0.3011421514298711 0.07953057549064613
0.3947518704019608 0.20854839285132076 0.05704678894191684 0.3396529478048016
0.29203198656434615 0.09619220870408818 0.30968055116390925 0.30209525356765643
0.3818250401120593 0.504659367543723 0.018780493624432015 0.0947350987197857
0.4123827669322211 0.0242929745079411 0.2828147577701754 0.2805095007896624
0.0842216489841201 0.4063850533631399 0.04403380707238835 0.46535949058035164
0.49432957554179124 0.17903006506232477 0.0566141014214564 0.2700262579744276
0.3627879225706402 0.09316440853625474 0.5381149005831154 0.005932768309989678
0.5269622549162939 0.02227461287613408 0.0730757680584222 0.37768736414914983
0.2912822049989271 0.1641443663404677 0.2110541594820896 0.3335192691785156
0.1572346830656135 0.34873159356870775 0.23539089258195633 0.2586428307837224
0.17776494673811472 0.42744567287909097 0.35771259392106325 0.03707678646173107
0.5055969626996006 0.11465154396122879 0.3571457202877959 0.022605773051374678
0.1418854274926611 0.41611865587515506 0.4077521739667772 0.03424374266540664
0.38084110838618435 0.35308787365546024 0.07161734972649236 0.19445366823186305
0.10785109714986307 0.39095412123013595 0.3242399957486828 0.1769547858713182
0.10676493568016077 0.6774855298375339 0.07518215027178476 0.14056738421052062
0.08651814563750038 0.7006408277724933 0.07885684531911452 0.13398418127089184
0.5658343345575931 0.062480084263496716 0.21394196529278153 0.15774361588612862
0.12840907663536472 0.16701719434376772 0.05214191993452644 0.6524318090863411
0.16447492185111412 0.011025690526487164 0.1463384378444138 0.6781609497779849
0.42137635866178147 0.0042283711918502664 0.4771445275500693 0.09725074259629896
0.5284947771911707 0.12081714086898021 0.1891936587548425 0.16149442318500662
0.5323215465380934 0.0163852664345836 0.1779240546918962 0.2733691323354268
0.6162353660118574 0.0620038710472951 0.20056936136160597 0.12119140157924158
0.15744556383167185 0.08775202071985311 0.4598570051960741 0.29494541025240095
0.15900250850643838 0.13163992391096835 0.40304203868059574 0.30631552890199754
0.0214597529265953 0.12749655895350065 0.5107076315730943 0.34033605654680976
0.29558597670104814 0.09795546817363998 0.44987540223499856 0.15658315289031333
0.2842401814071407 0.6900558826102915 0.013214009217622724 0.012489926764945092
0.1431321285951599 0.534992921278301 0.04502411019762309 0.276850839928916
0.12742374843074 0.0926994934324028 0.15599289194606958 0.6238838661907876
0.007292122632358011 0.2416496500774522 0.4140849762888198 0.33697325100137
