32 10 4 34.387239749960905 68.7744794999218
8.730003405637358 4.354400394777519 5.996159001987371 9.600908940925908 7.630026382101014 8.345846252012327 1.9097790427776227 9.356392633671433 6.481982520921783 6.368980925109474
1.7460006811274718 0.8708800789555038 1.1992318003974742 1.9201817881851817 1.5260052764202028 1.6691692504024656 0.3819558085555245 1.8712785267342866 1.2963965041843566 1.2737961850218948
0.09178413479620207 0.4597036515977585 0.11126473679162707 0.33724747681441236
0.5617918399347968 0.027609391366718916 0.32150709836624436 0.08909167033223997
0.1624237435527548 0.2895947260289857 0.45050292053047536 0.09747860988778412
0.035147174625852706 0.1254769025718896 0.005876045828286824 0.8334998769739709
0.04506241289143076 0.6297721168389913 0.02036710481398618 0.3047983654555918
0.29854124528692305 0.1954906210149947 0.4907524263220454 0.015215707376036836
0.2900171810754629 0.1080552658015772 0.4652585234961689 0.13666902962679095
0.4193354567733698 0.03778421270680943 0.14703245821245592 0.39584787230736485
0.1310919483127273 0.2268864519715651 0.6232726803365463 0.018748919379161344
0.09642990663856532 0.33057313770974883 0.19709848232431326 0.3758984733273726
0.34518624330535763 0.09652724515587818 0.26199900296584777 0.2962875085729164
0.049932759415546646 0.04297718742244183 0.6734485255362228 0.23364152762578871
0.46096040588241327 0.24841017831673906 0.2900549028812027 0.0005745129196449428
0.3084103799677348 0.2264763487775342 0.2758900393443281 0.1892232319104029
0.23857612632391179 0.09037832308023874 0.45342830011348545 0.21761725048236402
0.46310814016744195 0.03802678086394051 0.022986441690050263 0.4758786372785673
0.026169537230963602 0.7017357796414336 0.06116387726885075 0.210930805858752
0.006928480444867158 0.31769235620492786 0.00605392717450326 0.6693252361757017
0.014999977413722387 0.5059777262236322 0.06725424725938456 0.4117680491032608
0.19795182277180057 0.4423371164715 0.14394584741598226 0.2157652133407172
