86 80 4 219.84423099612138 439.68846199224276
2.823462582660014 2.8638379365487583 2.373739689702213 7.791335303729706 3.0468408916250986 6.976737676309856 6.302960423203684 4.794824987110218 8.704214884796688 5.3807742831617835 3.2531647331366074 8.581769940284717 8.198464984080335 7.9519716561889 8.3770496518551 1.5150294091749639 3.76152535892045 2.606583136338702 4.581330453147675 9.00407518781942 3.587761272237696 7.116560350242218 8.711808295698308 3.486776072998947 5.664682305046751 6.206122150274543 2.4514362798495077 7.644232389289187 6.417633659311612 1.4461521054049635 4.113904607943716 7.036397574641589 2.8318276460373304 2.2458932436334686 4.939554840821005 3.676874202542121 9.975563512404904 9.083520524707978 7.875567943175487 2.8970608226645416 6.080642594161851 7.591979872862366 9.539032419819009 5.4181506028421484 8.475304659322347 3.752861500923855 3.235923225824728 5.294095552207097 7.892445126040427 8.087978810900157 6.814449516062348 3.6962321694011933 8.63238239244282 1.6298590878093107 3.9538473823406526 6.923030268542288 2.953193410464567 3.515277903244896 6.709360684167203 9.905686615909241 1.9982461421828932 2.3720958642178873 8.67395583968204 1.6041113616015514 6.531500442905206 4.034762858274417 4.6927181313330255 8.414160025973745 8.266612866209613 5.540894578435799 9.960701945037004 2.9585153891347624 9.070829141514656 2.757279454685679 2.854602145406249 3.560187356638711 7.93016215671146 3.7741959390977007 3.451490081164809 4.840683508026233
0.5646925165320028 0.5727675873097516 0.4747479379404426 1.5582670607459412 0.6093681783250198 1.3953475352619713 1.2605920846407368 0.9589649974220436 1.7408429769593377 1.0761548566323567 0.6506329466273215 1.7163539880569434 1.639692996816067 1.59039433123778 1.67540993037102 0.3030058818349928 0.75230507178409 0.5213166272677404 0.916266090629535 1.800815037563884 0.7175522544475392 1.4233120700484436 1.7423616591396616 0.6973552145997894 1.1329364610093502 1.2412244300549085 0.4902872559699015 1.5288464778578374 1.2835267318623225 0.28923042108099273 0.8227809215887432 1.407279514928318 0.5663655292074661 0.4491786487266937 0.987910968164201 0.7353748405084242 1.9951127024809807 1.8167041049415957 1.5751135886350975 0.5794121645329083 1.2161285188323703 1.518395974572473 1.9078064839638018 1.0836301205684298 1.6950609318644694 0.7505723001847711 0.6471846451649456 1.0588191104414195 1.5784890252080854 1.6175957621800314 1.3628899032124697 0.7392464338802387 1.7264764784885638 0.3259718175618621 0.7907694764681306 1.3846060537084575 0.5906386820929134 0.7030555806489792 1.3418721368334405 1.9811373231818483 0.39964922843657863 0.4744191728435775 1.734791167936408 0.3208222723203103 1.3063000885810412 0.8069525716548833 0.9385436262666051 1.682832005194749 1.6533225732419226 1.1081789156871598 1.9921403890074008 0.5917030778269525 1.8141658283029312 0.5514558909371358 0.5709204290812498 0.7120374713277422 1.586032431342292 0.7548391878195402 0.6902980162329617 0.9681367016052466
0.13208464477673165 0.0011010135749628391 0.3974632949059621 0.4693510467423434
0.14867897615068415 0.5202434757566127 0.06559499133413016 0.265482556758573
0.6400306546770306 0.2312416553359098 0.11732850426675989 0.011399185720299743
0.038083119917579955 0.0721360083353717 0.7949007787923393 0.094880092954709
0.09529529717482565 0.4868143768790498 0.20994212625979647 0.20794819968632805
0.34612539756807703 0.14304268046627167 0.47118413092532996 0.039647791040321345
0.05424576835411765 0.8379591241372678 0.011001145570578519 0.09679396193803602
0.07127091665893837 0.5605973845907906 0.13707863824309818 0.2310530605071729
0.0003891497377432884 0.6946994246446141 0.12155396802594853 0.18335745759169408
0.3669075124822886 0.4792668831428235 0.11065785111686388 0.04316775325802402
0.15585113826605346 0.018047442851365503 0.6961945827825253 0.1299068361000557
0.1677953949379718 0.05340669304433299 0.3887587014488689 0.3900392105688263
0.2860016174442569 0.13349833097178843 0.5248623417378192 0.055637709846135475
0.4124736952807374 0.0836959812815512 0.05369082249551227 0.4501395009421991
0.296931376758783 0.01941970737621046 0.3182852143735244 0.3653637014914821
0.24890248295760653 0.16912888459512454 0.2506081579330367 0.33136047451423223
0.19025363639065307 0.39417999802753645 0.28817164475628154 0.12739472082552894
0.22671645052530065 0.4483643947481919 0.20117397341487742 0.12374518131163004
0.3212954596467492 0.4820269231468305 0.17812290537574282 0.018554711830677473
0.34648402706237424 0.5408109286420744 0.10497531022171513 0.0077297340738362585
0.03070155805009467 0.8333696436212574 0.05780334742989501 0.07812545089875289
0.17321748020203964 0.1341150816121337 0.006559078574947974 0.6861083596108787
0.514050767121501 0.25195520609055855 0.20944809646534068 0.024545930322599774
0.0015210248669477178 0.7110219517637789 0.025206345274481845 0.2622506780947915
0.2680319870655681 0.053187099715455544 0.5379975823690084 0.14078333084996797
0.6023899978979307 0.2049091504112006 0.16441158468437844 0.02828926700649026
0.3371905641980547 0.2930013359036179 0.013069687272462827 0.3567384126258646
0.3374610615506517 0.3708822271306099 0.19406498464817912 0.09759172667055926
0.08290526125888498 0.12421052413163969 0.2353767227341762 0.5575074918752991
0.28398267352436535 0.36837651070838195 0.22852502360510962 0.11911579216214307
0.031657658007963274 0.25962199759454974 0.22671287171422183 0.48200747268326516
0.07542276485145083 0.5406842150900077 0.29892603414949803 0.08496698590904339
0.3661837770861117 0.11027441924955983 0.48749810887983513 0.03604369478449332
0.15744345965264006 0.3572675500077884 0.151100823325514 0.3341881670140575
0.11942817345788104 0.648584205770039 0.021356964123959488 0.21063065664812053
0.2027830257951041 0.02229093510922131 0.6640360617981097 0.11088997729756489
0.4932690419075946 0.361691334778257 0.06189373035270862 0.08314589296143982
0.006445119525047893 0.023726745106680602 0.23322938026040807 0.7365987551078634
0.16659926527715996 0.39965225263552095 0.01129605785169463 0.42245242423562446
0.09231298249639042 0.07147759460164105 0.5661487395784773 0.2700606833234912
0.012850252594544642 0.28206731277932706 0.6436073655271053 0.061475069099023005
0.7077267783003233 0.0017815729532961733 0.16791880632265954 0.12257284242372102
0.20549033430890096 0.43063107962187497 0.3162189952562623 0.04765959081296178
0.41057386799856976 0.12995766295867806 0.19789826155628065 0.26157020748647153
0.009448170844764903 0.7245471899413951 0.1935659312538225 0.0724387079600175
0.04055411891365368 0.009493613784434252 0.2858169338050759 0.6641353334968362
0.28407988240063786 0.07102968918516417 0.26483313375525575 0.3800572946589422
0.005380461310598328 0.12373569400193096 0.7497614511085685 0.1211223935789022
0.10762820323714373 0.050238685972111674 0.7742515470064097 0.06788156378433485
0.37061958052664346 0.4539936477982812 0.06697815475463442 0.1084086169204409
0.6399590948503446 0.08231089910026523 0.16450994124261809 0.11322006480677205
0.305401634740169 0.5091124832156685 0.0992122240103348 0.0862736580338277
0.20893917177867105 0.30483977080318514 0.03666372875613255 0.44955732866201126
0.48241804586856596 0.07445066721841231 0.05756437720464336 0.38556690970837837
0.2841909115253779 0.08544798602334613 0.16609590858577927 0.4642651938654967
0.007891568634731838 0.14597780275403904 0.7893245474084621 0.05680608120276698
0.443264931177366 0.009925708973795633 0.05428100281537107 0.4925283570334673
0.26730821335901345 0.05087314197531989 0.45408590903006196 0.2277327356356047
0.19875589025116136 0.43465705306879376 0.23823092270202162 0.12835613397802326
0.2672669232821382 0.12557540348795193 0.05459936645485164 0.5525583067750582
0.18271683363758706 0.24775835344793273 0.009204295708484023 0.5603205172059962
0.08171167114504396 0.4214115166493646 0.20737014006205134 0.2895066721435401
0.12056196846776035 0.3204282451428908 0.09999766556551393 0.4590121208238349
0.25687635954950416 0.15654147653879247 0.35809210844482253 0.22849005546688084
0.061537132677767836 0.5083011453486479 0.14735199949088007 0.2828097224827042
0.25384864200999735 0.1835018751814288 0.1482948537176615 0.41435462909091236
0.3871086233677149 0.11861088082600446 0.19986759625695683 0.2944128995493238
0.07511799170275568 0.6360259093167747 0.20095380771212468 0.08790229126834492
0.38624503219667594 0.16314381832083735 0.2313067173874086 0.2193044320950781
0.16730803978921827 0.7089496627492311 0.0702603058351513 0.05348199162639933
0.027538135917454243 0.0659644571319139 0.8689479221862006 0.03754948476443121
0.20967362626555375 0.2997049571898053 0.3659221650338921 0.1246992515107489
0.14705460895588107 0.07562102106152402 0.008259320150862837 0.7690650498317321
0.09592577088765442 0.07702364680986162 0.4446183242070093 0.38243225809547465
0.08385591160409878 0.06326617870444551 0.49762706283946156 0.35525084685199415
0.18593572620003862 0.003539209030553492 0.5613641144430535 0.24916095032635444
0.096342960095117 0.45794374255844494 0.14828733495092117 0.2974259623955169
0.40456150018288606 0.25497246430608245 0.28666514729252035 0.053800888218511145
0.45607485550810456 0.0313663817893145 0.4847505450141779 0.027808217688403025
0.24413621643048733 0.14638323107585005 0.11351719718203102 0.4959633553116316
0.07070277991770135 0.2943206346558752 0.06841891000762257 0.5665576754188009
0.3799733109736336 0.018146894444680872 0.09974471129554119 0.5021350832861443
0.1281622201917958 0.1799411568749515 0.276406693533954 0.41548992939929874
0.06367146051028116 0.030392464252961937 0.02758606808611208 0.8783500071506448
0.6559320937489823 0.022994254719394314 0.031246930622061075 0.2898267209095623
0.618722571795444 0.03621713965736317 0.15656608447793385 0.18849420406925899
0.044324629557433215 0.24453296581482153 0.33351941397418006 0.3776229906535652
0.3825479785025079 0.13093119358054572 0.36571020036858337 0.12081062754836303
0.2678394957678053 0.35956878110849977 0.29451057255533675 0.07808115056835818
0.056836935330936034 0.2982255157169015 0.16030630290030046 0.48463124605186203
0.7039262814662295 0.022336644456777743 0.03823363227417087 0.2355034418028219
0.2263281866105492 0.2880578446213544 0.26763819575968173 0.21797577300841464
0.5216836992602061 0.33700835104552584 0.049607755613799154 0.09170019408046892
0.502779242995999 0.23870314905872558 0.2151054031925791 0.04341220475269636
0.20870539891187567 0.41713338098351094 0.18289552389449792 0.19126569621011547
0.05688078318688894 0.47697043527050675 0.37754109819053416 0.08860768335207014
0.07122987639529743 0.12374918982990124 0.196809704222365 0.6082112295524363
0.3553677846920922 0.13120943854016576 0.4165747246527205 0.09684805211502157
0.10255805504760585 0.03242180369673042 0.3569707286044935 0.5080494126511702
0.31464759577515966 0.035946807771363165 0.3329537271058701 0.31645186934760705
0.028717018659038196 0.02047682459632305 0.03666743355177304 0.9141387231928657
0.05170689507488191 0.24896946912894868 0.13248074422537948 0.5668428915707899
0.2700383519126681 0.046383687456831524 0.011842184347736318 0.671735776282764
0.32237599689085505 0.3217865361411165 0.18326864796785503 0.1725688190001734
0.30733640879369584 0.10395930404083809 0.2603844201969101 0.328319866968556
0.4010981446690135 0.03921736156570299 0.3322783992058128 0.2274060945594707
0.306944858600229 0.19761309646266922 0.27475757186029226 0.2206844730768095
0.03481218043380285 0.45701864086869004 0.19233119340036253 0.3158379852971446
0.668083643878194 0.08768722654013661 0.24110392325794805 0.0031252063237213745
0.2593959869722846 0.2943555351528503 0.08915056339459693 0.3570979144802682
0.4908312370760455 0.0985909337607821 0.01832326339780732 0.3922545657653651
0.06400727425860997 0.04644318337766118 0.7063045631497618 0.1832449792139671
0.0413382189101017 0.0008997178803754613 0.5974206514358189 0.36034141177370393
0.04827883875762695 0.39457053023138033 0.3216602106297831 0.2354904203812096
0.14788279540160387 0.29480631068723384 0.5063217360906188 0.050989157820543474
0.29388273578241997 0.37365006984104454 0.33066714233691397 0.0018000520396215247
0.745150028323764 0.13851687818134573 0.08328584193071586 0.03304725156417443
0.3294686609879788 0.6118068426986698 0.04415685348708298 0.014567642826268434
0.30213801629430437 0.09654006366667134 0.5343738723485014 0.06694804769052287
0.023591365313083035 0.2763889275175516 0.24169537711663902 0.4583243300527263
0.33398435140736193 0.18457677245645765 0.42886160770601034 0.05257726843017008
0.11816994162736993 0.062418536520481016 0.8186623451870862 0.0007491766650628007
0.16141494937380063 0.308756410047329 0.48600090914866045 0.043827731430209904
0.1521963246608421 0.10370719601927803 0.3823132474747466 0.3617832318451333
0.426488403789858 0.07100820705163202 0.4186584926893263 0.0838448964691837
0.01640841842896279 0.723221023294196 0.15901463969911722 0.10135591857772397
0.04591063607518808 0.20541589672576976 0.2358654054604048 0.5128080617386374
0.14894461598742292 0.36320292155585054 0.3610482051488829 0.12680425730784362
0.4422921271920084 0.001320973451153673 0.16511998635557568 0.39126691300126226
0.5419515334866386 0.02292124076917479 0.030432857062427265 0.40469436868175934
0.2186453195268775 0.48085116633743685 0.24611431091877056 0.054389203216915094
0.057830783642117134 0.18040785101794043 0.5577877913888623 0.20397357395108018
0.3206724909638691 0.39670361862173853 0.16589937094899687 0.11672451946539553
0.23206074415049693 0.12847172488171554 0.584189472009119 0.05527805895866855
0.4276784455546706 0.3772849691057274 0.13982967840753646 0.055206906932065536
0.546221305886557 0.019957900833690978 0.4292423816441008 0.004578411635651203
0.08543784078682404 0.18826589126010407 0.5302067938994343 0.19608947405363764
0.06637972501047795 0.17608598290752608 0.3818388737725773 0.37569541830941866
0.3866198085948972 0.27273069111155845 0.05549077812836045 0.2851587221651839
0.2536610133484861 0.6438385420762927 0.024114761794540196 0.07838568278068103
0.26584327988477474 0.3468804334889659 0.23261123342268641 0.15466505320357293
0.1487152497517582 0.13634804234772435 0.05650568807747547 0.658431019823042
0.568035199110165 0.18333371157743716 0.1255534855638103 0.12307760374858756
0.040048270889152526 0.8333524124546796 0.11135820077227132 0.015241115883896539
0.08860419068857028 0.47865803815382024 0.3437216644296879 0.0890161067279216
0.1251170416817755 0.5971205021678057 0.059653118314846876 0.21810933783557196
0.1760454885982553 0.18021663982431813 0.41681970813761693 0.22691816343980964
0.043898523831890635 0.37178940684388273 0.08994246130637407 0.49436960801785257
0.4756369753831088 0.3902153373651581 0.03632707009497316 0.09782061715675994
0.02162237153701796 0.31844771565446583 0.593653121909541 0.0662767908989752
0.23941255845894283 0.17207769789213456 0.07217316918285932 0.5163365744660633
0.16549930541013602 0.1559862924803549 0.5700673047418656 0.10844709736764346
0.39430749849716484 0.1173246200250081 0.3917443809854163 0.09662350049241075
0.5622785961626106 0.0107573140316789 0.2293352352750102 0.19762885453070034
0.24224668934327742 0.2148994385206644 0.3676016728697734 0.17525219926628477
0.18597791618482662 0.5571757130636158 0.10071067889851626 0.15613569185304133
0.4429563025621105 0.028902155308013322 0.16824639614810588 0.3598951459817703
0.23038179467526243 0.14976583113399866 0.059875916297535414 0.5599764578932035
0.10991039376079581 0.05675087322911798 0.6256870831500215 0.20765164986006468
0.08410462672461516 0.16487528026447562 0.4712948306059386 0.27972526240497064
