43 20 4 48.211061195405364 96.42212239081073
2.0354910975080105 6.481598853515333 2.2005186776738945 3.165306579688139 3.944251502300258 8.73223741853738 6.994811917882232 5.870459910550634 1.2611244198192435 7.603734666522547 4.554550165879053 8.218424067657999 3.2897901327389136 1.5119644298603663 8.799837768092802 2.989260962959342 4.644905032425337 3.8448682391638784 1.6899642999680253 8.58902224806734
0.4070982195016021 1.2963197707030667 0.4401037355347789 0.6330613159376278 0.7888503004600516 1.7464474837074762 1.3989623835764464 1.1740919821101268 0.2522248839638487 1.5207469333045094 0.9109100331758105 1.6436848135315998 0.6579580265477827 0.30239288597207326 1.7599675536185604 0.5978521925918684 0.9289810064850673 0.7689736478327757 0.33799285999360507 1.7178044496134681
0.3853769143951381 0.060381446444580766 0.4031807869051426 0.15106085225513854
0.005129549064456951 0.07737050063269846 0.21550345099160728 0.7019964993112373
0.47559636700725316 0.4345567087729034 0.06805105830184954 0.021795865917993873
0.1040189498547629 0.7609981707524188 0.08802310037955985 0.04695977901325843
0.4044052430754076 0.22438055280675362 0.2679614738587014 0.10325273025913739
0.560663169443735 0.1663248225242535 0.008739089539132272 0.26427291849287926
0.20608185091330178 0.403478020345744 0.060585293443336075 0.32985483529761817
0.14447837842282873 0.5114844494010251 0.13977603699219032 0.20426113518395583
0.31026952684458975 0.2778345158137864 0.15966656913448696 0.2522293882071369
0.6952608669550929 0.20441275241231982 0.04396880881687837 0.056357571815708885
0.4813033334553166 0.11314585336311411 0.40424905907825626 0.0013017541033130131
0.005083284699214041 0.0586372836181005 0.8064609087172749 0.12981852296541052
0.18471295754908879 0.7011865379987846 0.06841998764816493 0.04568051680396168
0.044704402435746915 0.05864810844240753 0.3399601838508296 0.556687305271016
0.2152285149871862 0.5368111713788388 0.18951455739229195 0.05844575624168302
0.3941979979597263 0.15806614905167726 0.37022533676163694 0.07751051622695948
0.4326980795636002 0.0519884100400263 0.15968400701018715 0.3556295033861864
0.007309493723924754 0.7376476318083048 0.22429837829882626 0.030744496168944146
0.060363544351553666 0.3533219903817827 0.49176544958013724 0.0945490156865264
0.2921975442760082 0.2919432864375786 0.23071105553703086 0.18514811374938234
0.6697246517218077 0.2847634733868575 0.016976966326722742 0.02853490856461205
0.26230482259638144 0.28089769268402454 0.35389606470112833 0.1029014200184657
0.5252556711071454 0.1111180064643772 0.2722890802595651 0.09133724216891226
0.180914595257901 0.23103838812845767 0.26022429608981745 0.3278227205238239
0.20689137134336522 0.0686674053055869 0.7180137157451514 0.006427507605896499
0.39919688590407476 0.012058603182560468 0.033805923403047444 0.5549385875103173
0.1991614766227019 0.3408729875589541 0.16468114369888542 0.29528439211945856
0.2903327777707566 0.009283998036268226 0.10433989117344467 0.5960433330195305
0.24339801628096225 0.0019452366823975442 0.4748033948908631 0.2798533521457771
0.10274277857321168 0.09583710586310223 0.3047597484564679 0.49666036710721817
0.024168624980544617 0.26725406469306334 0.6739858920036553 0.03459141832273671
0.5696243989430589 0.04165319072696272 0.2723238753038676 0.11639853502611075
0.2550462803347965 0.17963204075200878 0.3051854987166689 0.26013618019652585
0.31162746930915075 0.17848219175991176 0.12682731475183262 0.38306302417910487
0.7154990865280647 0.061396280180704754 0.12807581392448109 0.09502881936674945
0.5981881365821267 0.23077314235701518 0.0159366086377144 0.15510211242314376
0.12826034157607324 0.07644587459458196 0.48944091957629565 0.30585286425304914
0.10561720640258265 0.22887178515034967 0.366486697880372 0.29902431056669565
0.016025917932118938 0.10472625258366852 0.6054595032449877 0.2737883262392249
0.5227976163272436 0.07352936384962205 0.13227707003168576 0.27139594979144854
