84 10 4 20.25095347638562 40.50190695277125
1.4143689426833697 4.3321808450403925 3.1808644074226424 6.656320045401265 9.910990540242251 2.1752924433247594 2.562302470119843 3.3248265189371176 4.765590700143563 2.1791700394560376
0.28287378853667394 0.8664361690080785 0.6361728814845284 1.331264009080253 1.98219810804845 0.4350584886649519 0.5124604940239685 0.6649653037874235 0.9531181400287126 0.4358340078912075
0.29045012542121085 0.36135181103153147 0.31520237808615625 0.03299568546110143
0.6132223196043269 0.2738040612482904 0.05350644228384871 0.05946717686353398
0.0741770593408092 0.28209691808021453 0.2817974383353635 0.36192858424361274
0.3116918076002554 0.24153130222336094 0.42520383084821434 0.02157305932816933
0.14583093741631015 0.015286505432764663 0.16991401143022833 0.6689685457206969
0.14632756588037232 0.41986436937684823 0.4284271668682401 0.0053808978745393254
0.04336294630905824 0.016813424371477703 0.37283792064668797 0.5669857086727761
0.4515348535815137 0.036261796864207274 0.44702271521673786 0.06518063433754118
0.017679322152117982 0.5098247443073508 0.2798387141124853 0.19265721942804592
0.017284518806655713 0.3338248141332125 0.4599146086522091 0.18897605840792264
0.2973898631406233 0.197916231614918 0.040306802859432445 0.46438710238502623
0.10583313850163434 0.07275767253199772 0.6860074365701399 0.1354017523962281
0.20962386993333693 0.62985061874598 0.1564582509965543 0.004067260324128741
0.13841136361815898 0.1283230146924108 0.06426396569949322 0.669001655989937
0.19484226468328736 0.30350110471608926 0.32241580201782716 0.17924082858279622
0.12030754780666131 0.1644495307762479 0.40196891367260434 0.31327400774448644
0.15785195957947118 0.219363472254261 0.24762203658040505 0.37516253158586277
0.26441401955104105 0.14730210299631907 0.14089332421074185 0.447390553241898
0.6423428212025711 0.05606984390905845 0.13395088197255323 0.1676364529158172
0.1895636326192256 0.7712316350462086 0.019929689724517807 0.019275042610047977
