65 100 4 248.83920808162256 497.67841616324506
2.967805451324854 1.282624475523225 3.5841274960573304 2.5538018999968584 3.730387427905693 2.466552002563795 7.293823779049899 7.943597485013739 5.630972028654402 3.122261993058068 3.070356639388968 5.551436497258527 2.2076646668861426 6.053160366864671 5.338001827945359 7.117018800810793 7.648365627372926 2.4862659010412864 1.906243365385364 9.348288162502863 2.9824437787601177 1.9018726435003046 8.137506629646914 1.9668378401524294 5.101668150779914 1.964045164986628 5.793153206380665 5.014673300453581 2.6174819553357653 9.865364744522672 6.969038434892873 6.671155464335833 5.952435812257969 1.2694362893334965 1.9521205618697204 4.14827814075057 1.4536364926468832 5.964890635226401 8.261849026218446 4.389717688175503 9.38174782917103 3.7356626466684597 4.697114988554755 2.9054678568593824 4.695907846283566 1.8357436771010942 8.835294372578174 3.986066229148406 9.420264222360634 6.765139735923519 1.5626504232784142 5.108277392827916 7.28010628033579 7.087572700291742 1.4487001597776978 7.481906770498144 8.962594900322877 1.2764919620308386 8.3059399250262 1.9712008680918771 9.574013281008302 6.3780471232916724 5.778552383651032 4.187839489132701 3.5687862730972526 3.507720330166374 9.052645842364482 7.061633265999273 3.861048899363812 2.288715568999382 1.3788077891751584 7.081315596622155 2.4490410770679194 1.860694722449027 6.631596931891345 2.146907317889128 9.460292911714992 5.202951610955868 9.381657534471225 5.801142590673723 6.4148501119475805 1.1516949588956886 6.337982404650938 7.768978187558942 4.511503685390611 6.591416399519044 4.191498440604522 3.249220305946703 2.7082235106398898 5.192446907017761 2.682081826562078 3.8943248669944768 3.092673816465647 5.176227258011911 9.81715599860874 5.5636886126667005 8.164942128946983 4.621984351168553 2.5747614155243674 6.895137794177077
0.5935610902649708 0.256524895104645 0.7168254992114661 0.5107603799993716 0.7460774855811386 0.493310400512759 1.4587647558099799 1.5887194970027478 1.1261944057308804 0.6244523986116136 0.6140713278777936 1.1102872994517052 0.44153293337722854 1.2106320733729343 1.0676003655890718 1.4234037601621585 1.5296731254745852 0.49725318020825726 0.38124867307707283 1.8696576325005725 0.5964887557520235 0.38037452870006094 1.627501325929383 0.3933675680304859 1.0203336301559829 0.3928090329973256 1.158630641276133 1.0029346600907163 0.5234963910671531 1.9730729489045344 1.3938076869785747 1.3342310928671666 1.1904871624515938 0.2538872578666993 0.3904241123739441 0.829655628150114 0.2907272985293766 1.1929781270452802 1.6523698052436893 0.8779435376351007 1.876349565834206 0.7471325293336919 0.9394229977109511 0.5810935713718764 0.9391815692567131 0.36714873542021886 1.7670588745156348 0.7972132458296812 1.884052844472127 1.3530279471847038 0.3125300846556828 1.0216554785655831 1.456021256067158 1.4175145400583484 0.28974003195553955 1.4963813540996287 1.7925189800645753 0.2552983924061677 1.66118798500524 0.39424017361837543 1.9148026562016605 1.2756094246583345 1.1557104767302064 0.8375678978265402 0.7137572546194505 0.7015440660332748 1.8105291684728964 1.4123266531998546 0.7722097798727624 0.4577431137998764 0.2757615578350317 1.416263119324431 0.4898082154135839 0.3721389444898054 1.326319386378269 0.4293814635778256 1.8920585823429985 1.0405903221911736 1.876331506894245 1.1602285181347445 1.2829700223895162 0.23033899177913772 1.2675964809301876 1.5537956375117885 0.9023007370781222 1.318283279903809 0.8382996881209044 0.6498440611893406 0.541644702127978 1.038489381403552 0.5364163653124157 0.7788649733988954 0.6185347632931294 1.0352454516023823 1.963431199721748 1.1127377225333401 1.6329884257893965 0.9243968702337106 0.5149522831048735 1.3790275588354155
0.0652959808594108 0.19653929241316814 0.37722653309452714 0.3609381936328939
0.24371750851755136 0.18684178366479687 0.5657852242026237 0.003655483615028099
0.2540470058681832 0.03128009247805974 0.548866370911624 0.16580653074213303
0.059444946414107136 0.28450012679956527 0.5491822351669595 0.10687269161936808
0.059206391436551375 0.15496127415644256 0.056324592123199846 0.7295077422838062
0.6234185836406302 0.09741211831238716 0.18848767144433187 0.09068162660265078
0.1778183279128559 0.5441594567019025 0.10009816340732836 0.17792405197791328
0.1149066708604275 0.07860409475140562 0.6293997328277243 0.17708950156044256
0.1298753827816871 0.017983643895417067 0.04451533791176765 0.8076256354111282
0.22521331243609943 0.05240522054985264 0.5352739856253703 0.1871074813886776
0.05559638157166902 0.6366823103708373 0.2884537564403392 0.019267551617154433
0.3452627920551209 0.24640107976075487 0.22637949219450482 0.18195663598961942
0.03361092405247501 0.22925581845716136 0.004678835841368301 0.7324544216489953
0.4515765699604669 0.12174499022335017 0.023569809070323133 0.4031086307458598
0.011237981536530772 0.3337875480019542 0.17755909896497546 0.47741537149653956
0.2120049247424478 0.04667283770393127 0.08400483569050698 0.6573174018631139
0.3794767929747599 0.17762441347608904 0.37628982423332535 0.06660896931582572
0.15082030059033324 0.19551912016210038 0.17502276324392696 0.4786378160036394
0.24005450254422311 0.2423103110819077 0.29589952449120893 0.22173566188266025
0.0442668520445072 0.38893518573944297 0.30776959645083724 0.2590283657652126
0.04630253238918536 0.1649473560164032 0.14625672340366558 0.6424933881907459
0.49091084623242576 0.20933595566334284 0.28809362397103866 0.01165957413319274
0.06970460134086798 0.6192187727721159 0.016120842840733896 0.2949557830462822
0.09038003657406235 0.10172473305878404 0.10329244122194992 0.7046027891452037
0.549552164267232 0.08145930321966988 0.17923781527742755 0.1897507172356706
0.3936638467895234 0.16361154643991083 0.09857432512374598 0.3441502816468198
0.06420347003222526 0.25135585286581996 0.5933579637804894 0.09108271332146534
0.2928891654398925 0.2604080513004361 0.29333652567234625 0.15336625758732514
0.3165136992091867 0.047067823354451366 0.126651752502142 0.5097667249342199
0.11377403366201944 0.5726255002086547 0.26043595798861696 0.053164508140708944
0.4007847508508713 0.273823470502068 0.23873076689628914 0.08666101175077157
0.2996345532104847 0.027319124999290456 0.20693825847429614 0.4661080633159287
0.2626115200582386 0.05536099633774827 0.08176630164117416 0.600261181962839
0.13587928600328048 0.4022944255317339 0.38459517861339576 0.07723110985158987
0.006037165903530983 0.07613752131294216 0.9000319569767101 0.017793355806816735
0.03254823384749295 0.7243759995252507 0.13883866966202585 0.10423709696523054
0.05798464788291391 0.6851654891798352 0.10427652772117657 0.1525733352160743
0.16159963827688306 0.34479687874447373 0.2095969980143183 0.2840064849643249
0.020564633830848944 0.4507185846243007 0.18261486436479557 0.3461019171800548
0.00732563662042629 0.26621766690405124 0.3238365566339705 0.402620139841552
0.2877142848870031 0.055638298663479135 0.0756019587499488 0.581045457699569
0.17653667091630199 0.15129265459853458 0.43751197588035173 0.2346586986048117
0.14397203815076232 0.15115440074246123 0.2317969139974777 0.47307664710929875
0.02820426046917046 0.5974553911302709 0.3692218799548884 0.00511846844567021
0.5432003720502026 0.12538554953492265 0.057144792919169185 0.2742692854957056
0.26999970677588847 0.22840674872113353 0.11594513352737301 0.385648410975605
0.44142756439301 0.12657760483468228 0.1069867228057082 0.3250081079665995
0.1396515135098323 0.6192515226124179 0.19488526644247484 0.04621169743527498
0.04157484005574652 0.13883513721607654 0.2893335065049141 0.5302565162232629
0.33477773820304424 0.43795309340028277 0.08511213147855401 0.14215703691811898
0.32324002922965644 0.186870783638601 0.45922636435839526 0.03066282277334731
0.0829313614759477 0.1074197445313595 0.24889417025335747 0.5607547237393353
0.33912411052651004 0.08331411225856011 0.19424128769819515 0.3833204895167347
0.16297411147807184 0.4125641778008209 0.37559568480219263 0.048866025918914646
0.25355382075193833 0.09952928346563172 0.6129863231600958 0.03393057262233412
0.19225451045636732 0.5814123514845614 0.19509140391122326 0.031241734147848033
0.3103172277974444 0.3101552728913174 0.1131582923802461 0.2663692069309921
0.02713182653764401 0.02712757180529546 0.4854564811998263 0.4602841204572342
0.21818675196309845 0.08881547921154764 0.2517907015648053 0.4412070672605486
0.152671734984813 0.42526531808445667 0.06729491311234348 0.35476803381838684
0.13509972753056787 0.027826737232751197 0.1894084717820237 0.6476650634546572
0.1630778605883626 0.26799496146260005 0.4205422545018961 0.14838492344714127
0.35253548500260534 0.07400123292412819 0.48688441572290686 0.0865788663503596
0.11325470625821787 0.24635263613964742 0.16415426178539894 0.47623839581673577
0.1539356104987798 0.2520429901920733 0.5011223487539497 0.0928990505551972
0.10038048903981478 0.48458204630106094 0.07195803029306969 0.3430794343660546
0.3924638736770921 0.2950464579895151 0.2395222883293059 0.07296738000408687
0.07104648400304558 0.14665235726827475 0.34308793002587123 0.43921322870280843
0.29792894324050745 0.28305611344535087 0.024037862625878703 0.394977080688263
0.002942787879016806 0.5084623284208614 0.285911179722527 0.20268370397759483
0.029392414492981467 0.1904155344892834 0.4670609596181834 0.31313109139955175
0.11483624234654932 0.6338619061762988 0.11768346264951857 0.13361838882763333
0.17992675803943148 0.6671197219155541 0.04538787366181107 0.10756564638320332
0.3155715961152492 0.011376775798689232 0.29367801743364086 0.3793736106524207
0.18385961676297313 0.2648052691995827 0.2889383498209255 0.2623967642165187
0.3060067659948328 0.0702032391151507 0.4712550688759395 0.15253492601407703
0.003753133503629824 0.5998117341541157 0.368836649259098 0.02759848308315649
0.2057567644688677 0.08502986749820718 0.32061248137062637 0.38860088666229875
0.3367713494949297 0.0009518263916233893 0.31530472699330014 0.34697209712014676
0.1556164296994883 0.2692044890200376 0.3648393890409284 0.21033969223954574
0.02705275481023295 0.3970314202601458 0.07122352638508223 0.504692298544539
0.01948129166197954 0.6760121612510546 0.26565037794540025 0.038856169141565644
0.03306369614317617 0.5761867275719642 0.24272826760074273 0.1480213086841169
0.3223618565606665 0.4036103987481 0.05055005383866651 0.22347769085256697
0.04005282082193096 0.23431411455258555 0.0578305677602613 0.6678024968652222
0.4941756713952302 0.17026709910414384 0.19870554696551246 0.13685168253511348
0.20949235495421958 0.38163868693953296 0.21657117952640437 0.1922977785798431
0.2124287954192019 0.17356524421343722 0.22858758560883008 0.3854183747585308
0.2595129565283799 0.21473242911880264 0.3311560739030882 0.19459854044972924
0.6341887767009827 0.016014319077121808 0.12462484458145395 0.2251720596404415
0.6099282416830437 0.0188584343466508 0.2610850385338208 0.11012828543648467
0.10600767198767724 0.2588646096475318 0.44622542125806086 0.18890229710673012
0.43449968446689213 0.2538263357208328 0.04673477086631417 0.2649392089459609
0.12094698136215853 0.42219311944207716 0.11011963151864179 0.3467402676771225
0.2490090289624024 0.2930710266347487 0.2924138094159584 0.16550613498689049
0.3196839981351849 0.06751110385974846 0.22054807632508833 0.39225682167997833
0.14540798989268255 0.11259365523378329 0.3320363785034022 0.409961976370132
0.07471189489475116 0.77404831374171 0.04350127280920335 0.10773851855433547
0.2258724482830594 0.13087034128817843 0.5556990128225532 0.08755819760620898
0.10030019130009449 0.03531774847275215 0.2836591741340233 0.58072288609313
0.3808576313128208 0.4139929917309556 0.0622853796318259 0.1428639973243977
0.46696824033448936 0.32637069188330226 0.025174882548015365 0.18148618523419302
0.2713862456830156 0.5647711001351918 0.04628785740410335 0.11755479677768921
0.16903295725314194 0.04134253488159578 0.36968326166909504 0.41994124619616724
0.21564494203327167 0.2914840005300543 0.4761065452466602 0.016764512190013847
0.29825318288360725 0.1500417298369282 0.12625635395271473 0.4254487333267498
0.19758259204120787 0.016821272340926785 0.3250884535379588 0.46050768207990656
0.05725192389507028 0.06622725718065392 0.10362535911707771 0.7728954598071981
0.046365519907953234 0.6075037904639857 0.2080818018498991 0.13804888777816193
0.17880665739028578 0.5126743413029041 0.08195628949821776 0.22656271180859233
0.6062979721028205 0.08611349380264877 0.2112535160402298 0.09633501805430089
0.2959601131306182 0.6082408941797229 0.06500123652042122 0.030797756169237633
0.15462484571343993 0.5495597890438717 0.07510117106537573 0.22071419417731264
0.5179320818450958 0.08330252240319658 0.25957085162557314 0.13919454412613452
0.03371300555049628 0.3686420510506603 0.06899382992524672 0.5286511134735967
0.12448595469085988 0.015875594355547085 0.30240752618243383 0.5572309247711592
0.08214167820278451 0.3202973655117075 0.35893633390489443 0.23862462238061355
0.5537776155047401 0.4170798341835349 0.019756631669591518 0.00938591864213345
0.2322029683412652 0.1954479066140271 0.4422560570419115 0.13009306800279619
0.16635734539244573 0.24344807278706526 0.5101025570208296 0.08009202479965938
0.0820189375608601 0.052678072815803945 0.7563270311762822 0.10897595844705377
0.0036837435588820133 0.062176161163338795 0.8386217086760567 0.09551838660172252
0.2192222294414461 0.10210062586662749 0.2643142157082815 0.4143629289836449
0.077410011445737 0.14720324251966865 0.448499754151092 0.32688699188350234
0.591097725344326 0.11929088491509188 0.18393464217081124 0.10567674756977086
0.2854169526784851 0.2188033887062122 0.012154351875092173 0.48362530674021054
0.09783405918715382 0.28930172002578936 0.19824034695973436 0.41462387382732246
0.11848671813305145 0.10747423637341114 0.19163857680883523 0.5824004686847022
0.168559639082973 0.03692586811799092 0.5109661840254378 0.28354830877359827
0.11100312393181622 0.18197507756516074 0.04745799566729003 0.659563802835733
0.27545282216163436 0.577899560898057 0.019383053567274433 0.12726456337303416
0.021155069769512647 0.6330571395090747 0.15724937795839888 0.18853841276301375
0.33344788475264386 0.084685111617266 0.13988360586856396 0.4419833977615262
0.16207351376723722 0.4317130503474411 0.294807445845488 0.11140599003983365
0.6775241441216724 0.05378521240814671 0.13291642468743126 0.13577421878274964
0.05335955548163929 0.15851050480143203 0.7609365380201875 0.027193401696741226
0.03368841404653711 0.33114713743561397 0.05989070317242029 0.5752737453454286
0.008723597177381248 0.3453737378039812 0.10322047993420036 0.5426821850844372
0.1864895938852401 0.5861698142287823 0.15679938221835743 0.07054120966762012
0.26852168736030846 0.22812273885569645 0.06736866424968868 0.4359869095343064
0.2692360124436912 0.3512186995944817 0.1422490937470543 0.23729619421477277
0.005706512530641139 0.16519100645914697 0.5600519049055482 0.26905057610466365
0.01099576089218457 0.6866375105494559 0.22602322341245507 0.07634350514590449
0.3449867491388997 0.4087702498951573 0.20333371865044902 0.04290928231549396
0.07702621458300551 0.31499036246359935 0.42794258500875026 0.18004083794464487
0.6134235929754768 0.07650167087310122 0.04480699107309194 0.26526774507833006
0.19525629737067451 0.29169440094356314 0.308190196738507 0.20485910494725534
0.49308782864088585 0.14538577136848618 0.2315055740590387 0.13002082593158926
0.524941784008294 0.1438016964613048 0.16378029605461963 0.1674762234757815
0.4531470864831324 0.24976397679822437 0.0781857311255525 0.21890320559309073
0.19710166267760054 0.18225246707717568 0.39711683732544445 0.22352903291977932
0.043981856470478475 0.14550921762953206 0.035680638956195 0.7748282869437945
0.30648104620055694 0.13997414970506772 0.4297290854244332 0.12381571866994212
0.009744259454067095 0.4513419023105034 0.428552846828544 0.11036099140688549
0.7849594630782549 0.0018673053885649438 0.20262601534395697 0.010547216189223163
0.15487705915324979 0.19540219353393062 0.5369293126772666 0.11279143463555297
0.6023069967823891 0.042321481594731036 0.12311210641563708 0.2322594152072428
0.16576326404695774 0.08161676153558983 0.6898572822306583 0.06276269218679409
0.37593757418679496 0.12521566065983136 0.12993232191208925 0.3689144432412844
0.552677265819775 0.3040157372391348 0.03435570209402061 0.10895129484706956
0.18411138928526816 0.0008305289818176798 0.7228449896729195 0.09221309205999462
0.44359036268040686 0.07976693824772407 0.1211387747060807 0.35550392436578837
0.1420237874826783 0.33628164450240405 0.27856138468396807 0.24313318333094958
0.17753386508541735 0.050841411588987806 0.34925165050308926 0.4223730728225056
0.11950272129127537 0.3057344014923217 0.030124467159775015 0.5446384100566279
0.2556459584648457 0.6392427192727096 0.09790024794412977 0.007211074318314914
0.4302042292117704 0.1464109144744895 0.2517477550174858 0.1716371012962543
0.10865229486828776 0.5119737418794743 0.2683537360965499 0.11102022715568804
0.2227676030999174 0.3449943537970094 0.25822898861311205 0.17400905448996118
0.1980154520713726 0.1379838962130191 0.481629116224744 0.18237153549086427
0.1680199238119765 0.10816330086335291 0.5420806963178687 0.1817360790068019
0.09822729806334918 0.3156107573321638 0.4697320508341536 0.11642989377033341
0.16788550790534462 0.10010750084677456 0.2514628382366405 0.4805441530112403
0.13339296590711813 0.2106401629445429 0.17125979325466623 0.48470707789367273
0.28937018480550514 0.5309058550088638 0.17757544694273197 0.0021485132428991083
0.2831850345045591 0.13283312114291745 0.21059334146415398 0.37338850288836944
0.038047367390819264 0.2964567856495731 0.10013750079829242 0.5653583461613152
0.016901483290155395 0.6322013341344928 0.23601119676022686 0.11488598581512499
0.04822391084403921 0.5559672732647545 0.3167347322702422 0.07907408362096413
0.16461629416895396 0.2210220062508632 0.4700187281975141 0.14434297138266872
0.057754236361706957 0.028111248559783975 0.4254021193822326 0.48873239569627647
0.14027042288465752 0.6365104519491757 0.07853850798724116 0.14468061717892566
0.16040024513392692 0.5244183124880692 0.21395511073985118 0.10122633163815264
0.15057607236220716 0.6689341315288733 0.02569632006915612 0.15479347603976346
0.18617204855433678 0.408807759206433 0.042499212019397214 0.36252098021983303
0.442972905666856 0.27899478810712164 0.18340316984837046 0.09462913637765191
0.19615590573538477 0.28076767555292625 0.01109106987296593 0.511985348838723
0.043603734213628176 0.8762852048055666 0.06368085304187643 0.016430207938928798
0.06563349806937002 0.23314168863398044 0.39598299310629115 0.3052418201903584
0.1717693410559945 0.11265842855637231 0.0130223691854221 0.7025498612022111
0.337751356907797 0.3527923826183935 0.1270169253735669 0.18243933510024257
0.007323371167444748 0.5631012543175684 0.15737784083555528 0.27219753367943156
0.4126813533553182 0.2081588705909695 0.0012347347426272526 0.37792504131108506
0.27223426642524884 0.7186620906555176 0.003546956848957561 0.00555668607027604
0.00035656851390286626 0.6951009978514552 0.12576977330629224 0.1787726603283497
0.11949139623065541 0.23083537305559798 0.31195207794467716 0.33772115276906944
0.4061000764732684 0.16137607809735044 0.1344585461764486 0.29806529925293257
0.09632954207586986 0.6951698007040203 0.012388328407740401 0.1961123288123694
0.012421046763737786 0.15345576789827442 0.544601282667201 0.2895219026707868
0.07468622304780914 0.5400069873844087 0.27731008810515956 0.10799670146262264
