89 70 4 169.88590816657822 339.7718163331564
5.4972488842195055 3.3034342088050317 3.3229056788971705 1.872295384952477 6.077666031057322 1.1439106611449883 2.3733570599552687 5.322229575057099 1.8988548379526777 4.75267503094745 9.222857321169268 4.156475592745339 2.0314393474415153 7.413475514519655 1.9169753777352112 4.651303954434905 6.989332951671957 2.245234339554528 8.473897803111107 2.108797202656313 6.290123990034035 1.5678863720376977 5.473924697108847 9.355551588685492 8.254277570967554 2.785521143202616 4.107551849525411 5.8126282503147575 9.8072512186213 5.527400544083389 4.127027537730877 2.915078745845588 2.597086223716702 1.936257435130381 2.687099083422171 1.3628237382690882 3.1592554273170217 5.9161843313985765 2.870048511664457 9.93433581137419 3.8576447253623862 4.739090263823898 9.465609754794938 2.5641796443527287 6.180553494331611 3.8636277539922346 4.676379037049037 6.593107986162279 8.110978194873361 6.200146658977005 3.5993950342797376 1.5905406761759782 3.328270018629742 5.709970427940026 5.8016147469955355 6.540792166086754 1.5109763296353131 3.3384617942238344 9.611198589820084 1.864710220103241 6.818008516526172 1.5352035438420577 6.825907243031282 8.740645015592884 6.156084500422645 9.302388820322758 4.210365889104907 9.89351314852925 2.8068435320389127 3.073927777657048
1.099449776843901 0.6606868417610063 0.6645811357794341 0.3744590769904954 1.2155332062114643 0.22878213222899765 0.4746714119910537 1.0644459150114198 0.3797709675905355 0.9505350061894899 1.8445714642338538 0.8312951185490679 0.4062878694883031 1.482695102903931 0.3833950755470422 0.930260790886981 1.3978665903343914 0.4490468679109056 1.6947795606222216 0.42175944053126263 1.2580247980068069 0.3135772744075395 1.0947849394217695 1.8711103177370982 1.6508555141935108 0.5571042286405232 0.8215103699050822 1.1625256500629515 1.96145024372426 1.105480108816678 0.8254055075461754 0.5830157491691176 0.5194172447433404 0.3872514870260762 0.5374198166844342 0.27256474765381766 0.6318510854634043 1.1832368662797152 0.5740097023328914 1.986867162274838 0.7715289450724773 0.9478180527647796 1.8931219509589876 0.5128359288705457 1.2361106988663222 0.772725550798447 0.9352758074098073 1.3186215972324558 1.6221956389746723 1.240029331795401 0.7198790068559475 0.31810813523519565 0.6656540037259484 1.141994085588005 1.1603229493991072 1.3081584332173508 0.30219526592706264 0.6676923588447669 1.922239717964017 0.37294204402064823 1.3636017033052343 0.30704070876841155 1.3651814486062563 1.7481290031185768 1.231216900084529 1.8604777640645516 0.8420731778209815 1.9787026297058499 0.5613687064077826 0.6147855555314096
0.2733943409545341 0.14827309072980177 0.29957701706850437 0.2787555512471598
0.009173893122563115 0.6467911887142722 0.13522652184149908 0.2088083963216656
0.18936290021438285 0.1638294515706692 0.17070986898282425 0.4760977792321237
0.23396320984308883 0.003338531365634223 0.6991166182816622 0.06358164050961479
0.043369007091964784 0.6366924211900011 0.29269248209314 0.027246089624894054
0.27934534909671505 0.08754050039370964 0.5387958439276458 0.09431830658192952
0.1226414959390123 0.3253178488003119 0.3569683036688682 0.19507235159180758
0.24016600118441533 0.3909882941645486 0.237177993422249 0.13166771122878707
0.10578014620629406 0.23960337388200803 0.5184883763620955 0.13612810354960236
0.3410767838237394 0.16209454787487187 0.3405118609489861 0.1563168073524026
0.03073701900332526 0.25514929751269255 0.6912641542566302 0.02284952922735195
0.5409740203158473 0.28444958029163203 0.16334166779237658 0.011234731600144099
0.3170396721091122 0.28834724090691066 0.3375210793456622 0.0570920076383149
0.03466716841380646 0.11128174042201 0.20314457747163994 0.6509065136925436
0.40931355834921646 0.04827423628992589 0.03185282852659321 0.5105593768342644
0.012343959188117593 0.10241047616041354 0.04732607984669068 0.8379194848047782
0.046738137534318325 0.42352238958280797 0.1554213474683508 0.3743181254145229
0.1038712337841643 0.14237937333664263 0.04020572064288841 0.7135436722363047
0.025376618596796963 0.7668009196129391 0.16288670358416302 0.04493575820610096
0.2315631854494825 0.06801563392787713 0.6552393382562335 0.04518184236640688
0.1262297358608172 0.19897895389015652 0.2238005398733547 0.4509907703756716
0.008113365696991837 0.3842588630277237 0.5009349365541843 0.10669283472110014
0.04832489120345829 0.006509039851452014 0.5450774922710708 0.40008857667401887
0.11677034467785485 0.40774266842243734 0.0640822969844671 0.4114046899152407
0.12239402493316409 0.2789529106574652 0.5026456581210896 0.09600740628828108
0.1416412941152293 0.3765831915962672 0.12057093439820277 0.36120457989030075
0.13194378660138795 0.12335423545310731 0.4661322332248562 0.27856974472064855
0.03675790662350553 0.11817713914900829 0.32248946608150064 0.5225754881459855
0.00809659567552623 0.48356482264517175 0.08769394249407181 0.4206446391852302
0.02168453021423178 0.09993620099878164 0.3119074961150383 0.5664717726719483
0.34582744643987895 0.2054758064338127 0.14004941864216325 0.3086473284841451
0.027575335189634287 0.380920123634796 0.36580142218939404 0.22570311898617568
0.6464080264586087 0.17493342906387532 0.02816512342516908 0.15049342105234687
0.6035119758578477 0.09570386606604497 0.26816856937595945 0.03261558870014791
0.13494074444811777 0.13925737704443797 0.3771084829607725 0.3486933955466718
0.04588198549320199 0.5113543661293224 0.00911739637527631 0.4336462520021993
0.03431559001742612 0.2103848134903492 0.37085065846263654 0.3844489380295881
0.11813015615797251 0.2078374437513678 0.495372408064387 0.1786599920262727
0.1050485880328963 0.09098387640740446 0.41664093940455116 0.3873265961551481
0.1946256872610076 0.11852364070806176 0.2875243064195695 0.39932636561136114
0.07598175336734159 0.5258071035195835 0.018520421670633058 0.37969072144244187
0.049585905421404175 0.3341869139280531 0.3193710698305702 0.29685611081997254
0.21549762194337352 0.27736598376363686 0.29025468227208073 0.2168817120209089
0.14791955704110638 0.8196817362374704 0.008558822508438979 0.02383988421298422
0.20067398342043008 0.0353682284227248 0.4135796544022058 0.35037813375463933
0.1505175357249242 0.15772349814878983 0.6261939115108767 0.06556505461540929
0.5709661231261727 0.23802709157245938 0.029773935318730738 0.1612328499826372
0.5454723142127468 0.11710344838327769 0.22405949031333783 0.11336474709063771
0.34267581472011943 0.4417227917083155 0.13361215866548293 0.08198923490608212
0.12885826688027724 0.011486519554984254 0.4159566496085083 0.4436985639562302
0.2762459112374963 0.4630140092548165 0.1739095570942064 0.08683052241348077
0.133951580190235 0.5974743116049607 0.2420848097757683 0.026489298429036023
0.44533848590670866 0.06448326008850724 0.4593382128567015 0.030840041148082586
0.2926664228772098 0.3939460480735163 0.03762943297278032 0.2757580960764936
0.2691521622068701 0.2080173028308926 0.15518348732535325 0.36764704763688405
0.02613334075964724 0.5911598604274855 0.32294677810564965 0.05976002070721764
0.802768323347993 0.04890771067311561 0.12973530857976956 0.018588657399121855
0.5439309451878988 0.07244517425411712 0.29614585548306505 0.08747802507491909
0.4674129587423975 0.3345239226718254 0.16764981355002906 0.030413305035748017
0.24460048506925935 0.5811719646471837 0.16790640856930383 0.006321141714253131
0.23405678801237728 0.4195241125504272 0.008308458849958122 0.3381106405872374
0.06801121869381543 0.05201858942610915 0.5051160488907913 0.3748541429892841
0.04597701169745616 0.04806424238727336 0.8136324422134623 0.09232630370180817
0.10577139411556702 0.3095586042863929 0.34926118410901574 0.2354088174890243
0.3152073841344337 0.6411727780361016 0.0410395021541482 0.0025803356753164586
0.13640691044155628 0.4189733674951558 0.44088772483932126 0.0037319972239666654
0.2633301041842533 0.014334249831980728 0.23397904083593402 0.48835660514783197
0.18644015779070133 0.011055488412274772 0.391186416507153 0.41131793728987087
0.5368769539179018 0.050381495773840324 0.03959350843472753 0.37314804187353035
0.20125308596129698 0.5427002630149309 0.028067784405185647 0.22797886661858646
0.4215624512796865 0.28499192228126546 0.022398544735131032 0.271047081703917
0.30498641799744397 0.0017730618218122496 0.366314676678383 0.32692584350236076
0.08750568959431348 0.6503004974293618 0.17933523644505756 0.08285857653126716
0.7559149211230534 0.13436934850274873 0.10891778272010633 0.0007979476540915798
0.07976805951033772 0.2062127459862716 0.4042597233604919 0.3097594711428988
0.2237989584398633 0.19546839982181785 0.4852436927580265 0.09548894898029237
0.2952712942668514 0.13626818866985224 0.5593141490023443 0.009146368060952037
0.31983791792953964 0.10426206773230262 0.1692751066427547 0.40662490769540305
0.37924544608583366 0.1371167069610537 0.25979316516459006 0.22384468178852257
0.30866017786735 0.5957777809420035 0.06885565975175889 0.026706381438887594
0.047904267251766997 0.5697508692488858 0.19518921974307613 0.18715564375627103
0.21578972969435073 0.43922668637159257 0.2674537577215723 0.07752982621248439
0.21920934989417395 0.4553810782525105 0.24739409313554095 0.07801547871777459
0.4751372076948033 0.16576444995614115 0.3433154895978371 0.01578285275121849
0.16264179309719995 0.07357646915281324 0.5725909545269795 0.1911907832230073
0.059875511540089854 0.15964210620563335 0.40916165739787846 0.37132072485639833
0.18257660031602574 0.31183125295469705 0.3857366242379714 0.11985552249130582
0.5275950365705435 0.15003957700763038 0.22880358406916257 0.09356180235266354
0.12058170185689254 0.021601704391149834 0.8034364088714825 0.054380184880475135
0.1693466871822702 0.20266025140718158 0.0425093983534276 0.5854836630571206
0.2229736089198977 0.492695302496318 0.1507022487828965 0.1336288398008878
0.01910377790353346 0.10235363281068577 0.3977983365461655 0.4807442527396153
0.10158607548995291 0.0747850291308616 0.4418374323153339 0.3817914630638516
0.11352705839204535 0.279003869042482 0.4665748268329596 0.14089424573251308
0.5632482906945077 0.08237914658593581 0.18526408009633788 0.16910848262321865
0.20310000723598287 0.20712184454304794 0.33245964077114776 0.25731850744982143
0.15899521023883378 0.08543867235702662 0.6632812232635709 0.09228489414056873
0.6965239072838142 0.04787777713370833 0.21500002640178484 0.04059828918069264
0.17164712300226947 0.16746585243181233 0.37844859202272385 0.28243843254319434
0.07467165526610287 0.07119086206418923 0.1890135495312013 0.6651239331385066
0.18844288132906462 0.3180759768018492 0.3241392178243746 0.1693419240447116
0.26526731258449776 0.4148624182926476 0.059574383682516774 0.2602958854403379
0.222437577533373 0.5429348850045587 0.08808583847909757 0.14654169898297076
0.5394883485375073 0.15711447015263502 0.29244364684672597 0.010953534463131742
0.316676927555097 0.09936688411252226 0.4374367975494394 0.1465193907829413
0.23268449214394082 0.36294943155628245 0.2150608204479123 0.18930525585186442
0.4049482803164063 0.24502052362120563 0.2622511720244567 0.08778002403793139
0.05352809007927595 0.2259653899702735 0.3197022052168692 0.40080431473358136
0.0692187356759657 0.449660694826193 0.1396471400298639 0.34147342946797743
0.1416425194568397 0.09332775801786786 0.4541053151981731 0.31092440732711935
9.594626570708087e-05 0.5205989619920292 0.4099519314521426 0.06935316029012117
0.35542223583479393 0.43592477524073836 0.09630294560503327 0.11235004331943443
0.040951776491190195 0.2200002840350559 0.6001007719055901 0.13894716756816383
0.49004717064691994 0.2355403409362259 0.17463623432038744 0.09977625409646673
0.5487583186760367 0.36062454843170555 0.04004895938078823 0.05056817351146947
0.06053717588212493 0.1881263139371273 0.28757381308893815 0.4637626970918096
0.09718180607107019 0.4556967768656135 0.3688342180233116 0.0782871990400047
0.18767236484493743 0.11675117504832588 0.6020297928124574 0.0935466672942793
0.1083520947148725 0.2373179561650106 0.5071676685700813 0.14716228055003555
0.08036462636042552 0.42906009501045117 0.4442138566169489 0.046361422012174414
0.03672284071845111 0.37364897201105296 0.38220482148416346 0.20742336578633247
0.3733003964041377 0.25531267490072773 0.22607848958054932 0.14530843911458524
0.8002266057161349 0.04489755614086166 0.07327261202354063 0.0816032261194628
0.4840836813333782 0.06181515457789977 0.15282718795350514 0.3012739761352169
0.131250855164873 0.11870820366890111 0.7382282059688653 0.011812735197360591
0.24654903669006256 0.08656086202837365 0.430222693579678 0.23666740770188577
0.6161176685612391 0.17649615125648688 0.2058167986427627 0.0015693815395113608
0.8337027268073974 0.095603471513928 0.002324482303418418 0.06836931937525614
0.07534195698116919 0.21224129793256286 0.04646353121343383 0.6659532138728341
0.2520215831576582 0.2354403183627123 0.48261604820545934 0.029922050274170164
0.49014436781025583 0.2105956086493298 0.22029888054503022 0.07896114299538415
0.21613770989670134 0.38616929360813856 0.029321576854762332 0.36837141964039777
0.12890973690143526 0.12874766075419275 0.7267183303336913 0.015624272010680729
0.12003376525920717 0.433146336257322 0.0739325250156605 0.3728873734678103
0.36632115957297806 0.4785466822874458 0.04342182294887398 0.11171033519070217
0.18438996312543798 0.30743396554723434 0.08325444206936738 0.4249216292579603
0.2612965926266221 0.10936498541850015 0.3063683231886687 0.3229700987662091
0.36709078105879955 0.30101750795113913 0.04628637485813836 0.28560533613192296
0.1414562124533777 0.3514375855602788 0.14582330165196322 0.36128290033438026
0.33134542895499175 0.14422316370831811 0.4313386537055438 0.09309275363114633
