20 70 4 198.31545199338336 396.6309039867667
6.293177209695468 9.079423551184762 9.023776565272373 8.342537295769155 1.3230062705516796 7.225818235829955 4.408128478048673 5.666598509032726 6.9215631900293175 2.744651960946535 3.4508476185992554 7.4674534024104915 8.047032485131094 8.652948757974958 7.977204045949264 1.329978757789772 2.0502436161960564 7.7615262953893085 3.1529639457964853 3.293254125479321 8.718629780527863 9.548011235028724 6.055181722100421 2.609024678649789 7.932267398245602 5.431429356530946 6.6812775900719075 8.555481306223353 5.149354566631876 5.481460659765746 7.114700057979257 6.857073227109971 3.4191571486991865 1.6059220024511596 7.943006245227065 5.328857190696813 3.962857669602821 5.595769505576365 3.372659457940511 3.7946039504166764 6.64168093944715 6.017048295150542 3.8672160362182177 4.553588987725846 3.3217712727866666 6.24017010956694 2.454658393994086 6.383204377885178 8.432412195304092 2.4075254665985253 7.608704673853477 4.6777908887094 8.008191139269972 8.235735108499078 8.074642991741657 6.330583167902316 6.98040282543043 6.819105580980481 4.830728310676458 5.622115003819689 5.511320593444875 1.3337542982691928 7.3730448566336255 6.583875401953086 8.000276811555185 5.134685190830914 4.418249992322776 3.6270298319834904 6.015059762382929 1.7574724152777992
1.2586354419390937 1.8158847102369524 1.8047553130544745 1.668507459153831 0.2646012541103359 1.445163647165991 0.8816256956097346 1.133319701806545 1.3843126380058635 0.548930392189307 0.6901695237198511 1.4934906804820982 1.6094064970262187 1.7305897515949915 1.5954408091898529 0.2659957515579544 0.41004872323921127 1.5523052590778617 0.6305927891592971 0.6586508250958641 1.7437259561055725 1.9096022470057448 1.2110363444200842 0.5218049357299578 1.5864534796491205 1.0862858713061891 1.3362555180143816 1.7110962612446705 1.0298709133263753 1.0962921319531493 1.4229400115958515 1.3714146454219942 0.6838314297398373 0.3211844004902319 1.5886012490454129 1.0657714381393626 0.7925715339205641 1.1191539011152731 0.6745318915881022 0.7589207900833352 1.32833618788943 1.2034096590301084 0.7734432072436436 0.9107177975451692 0.6643542545573333 1.248034021913388 0.4909316787988172 1.2766408755770358 1.6864824390608184 0.48150509331970504 1.5217409347706954 0.93555817774188 1.6016382278539942 1.6471470216998156 1.6149285983483312 1.2661166335804632 1.396080565086086 1.3638211161960963 0.9661456621352915 1.124423000763938 1.102264118688975 0.26675085965383855 1.4746089713267252 1.316775080390617 1.600055362311037 1.0269370381661829 0.8836499984645553 0.7254059663966981 1.2030119524765859 0.35149448305555986
0.34475162700699546 0.28653004213705047 0.25995586579569263 0.10876246506026144
0.04815737001461995 0.22013326366048314 0.2590469710597818 0.4726623952651151
0.29927187765136076 0.03298006247192664 0.5823860408790316 0.08536201899768103
0.035537026671508265 0.0720702381691738 0.647916333955065 0.24447640120425296
0.773256387306404 0.11775166775724899 0.03341095656500814 0.07558098837133886
0.3543459622518986 0.04071921930198863 0.4303995697102383 0.17453524873587445
0.37382380916296487 0.04211914884458334 0.2468618848262678 0.337195157166184
0.7224786511124369 0.08431804625528438 0.15587744115674018 0.03732586147553851
0.08463830480062273 0.1529350827399062 0.7590274670128789 0.0033991454465921445
0.44437532809698 0.32088350983130054 0.15068816010798125 0.08405300196373822
0.6939913714090784 0.04074138605903388 0.21066315397580193 0.054604088556085784
0.07703627432303728 0.18077839114005168 0.5873258578861551 0.15485947665075595
0.10550224951235221 0.6854627627210508 0.07542483351691986 0.13361015424967715
0.3817833671806402 0.09337297607433259 0.010836789103543243 0.514006867641484
0.12840324209091825 0.5529594767304461 0.05510831187325971 0.26352896930537595
0.40966910405329604 0.20839692219704353 0.04943636465656842 0.332497609093092
0.3111033204530341 0.3376171617109833 0.21564876512714604 0.1356307527088365
0.417425527140704 0.2721018338618859 0.26785318117645374 0.04261945782095633
0.20352206348122004 0.239332524217173 0.08993669742127586 0.4672087148803311
0.15460408804807246 0.31323512339241244 0.19274683216809674 0.33941395639141836
0.04094531689192238 0.3540244143061001 0.5117195596454146 0.09331070915656292
0.397447321290347 0.23292487861097388 0.2075994495147111 0.16202835058396803
0.01764816102195388 0.09932528001129348 0.36307834350815604 0.5199482154585966
0.30623783721658904 0.24731367324119524 0.27111776137866883 0.1753307281635469
0.05648415778874394 0.7184888897222338 0.17680851611077886 0.04821843637824341
0.4636752334600328 0.46910320488375146 0.02542406754467985 0.04179749411153588
0.0666108795857503 0.29425995996752874 0.546528806301758 0.09260035414496293
0.25295970733706297 0.6062870967822126 0.13922034009175988 0.00153285578896456
0.43851066946534933 0.02805069986347075 0.02681731655503017 0.5066213141161497
0.0549631327982778 0.05798267568990856 0.2858012137756276 0.601252977736186
0.014856534491363371 0.6065132137892971 0.3155834272008865 0.063046824518453
0.8074321540725442 0.1440097573722725 0.007512357944903236 0.04104573061028005
0.17932344965903535 0.5517108640916968 0.21558234152985134 0.053383344719416526
0.3803763791439956 0.03961944094669623 0.06380116606412045 0.5162030138451877
0.6528645668120598 0.08636671339574264 0.06754087805391784 0.19322784173827967
0.19231991095160006 0.014565408984167139 0.09386567833704496 0.6992490017271878
0.4961161520456471 0.15074989430218566 0.16782784095455616 0.1853061126976111
0.04171737215813076 0.27811912786153115 0.37749742937906694 0.30266607060127115
0.7529076183822399 0.07215407271325502 0.15897212567001817 0.015966183234486953
0.23810884918604158 0.666809542194478 0.0755905996330436 0.019491008986436853
0.043288047570647525 0.16366152201324358 0.5597520415808136 0.2332983888352953
0.03213032387438486 0.5523851158167805 0.37512965918211894 0.04035490112671569
0.08422223280739827 0.7116103098733607 0.13395352042669073 0.07021393689255029
0.25714537167900353 0.21922802512296458 0.2250621957859631 0.2985644074120688
0.22246390985837505 0.041279259559800496 0.5352144441959809 0.2010423863858436
0.12303384607450973 0.19269936119424713 0.29686567805853814 0.387401114672705
0.048288595436065784 0.7849103979681606 0.0357844549766112 0.13101655161916237
0.08741036849087525 0.5474129865833066 0.07697374407007096 0.2882029008557472
0.12580123586291758 0.027069063391968573 0.7241686690642288 0.12296103168088501
0.8285432073736474 0.08051056599317563 0.02168004289386327 0.0692661837393137
0.13688597977343797 0.008347277126260377 0.7957017581813876 0.0590649849189141
0.3729720747187639 0.1555049045403577 0.14888968275885806 0.3226333379820203
0.3449323356546634 0.3238525643521969 0.03517910742793917 0.2960359925652005
0.007021878276327054 0.37632599821092205 0.6160678333606006 0.0005842901521503352
0.19746859312109843 0.012990989176590806 0.0024373161291926237 0.7871031015731181
0.5338024540805097 0.006838660069865998 0.08879945760878272 0.37055942824084154
0.03791954730806324 0.728039960845208 0.035776491558754175 0.19826400028797464
0.36948345875139643 0.2474451918699817 0.10917898062416365 0.2738923687544582
0.6205690625999669 0.0386430565489303 0.20077043497689595 0.14001744587420684
0.337049307688993 0.17550948196476457 0.33902464091911855 0.1484165694271239
0.40510205409366706 0.32067557961006377 0.2566518899285506 0.01757047636771858
0.0165369682389106 0.024568311886191463 0.8259143688282987 0.13298035104659922
0.2259487381150631 0.04970534251707093 0.07981954151202086 0.6445263778558451
0.5510621637405878 0.06151578119968537 0.2517959799218533 0.1356260751378735
0.09920000045026034 0.2816390570947861 0.0220489228469537 0.5971120196079999
0.48931104363477107 0.15094674195997082 0.22943385123827653 0.13030836316698158
0.17941774046338543 0.5151470994041072 0.2272017757292264 0.07823338440328098
0.1315987064580495 0.16452672041253003 0.05327582307210088 0.6505987500573196
0.21895560621679344 0.06465205830332754 0.4144679489117784 0.3019243865681006
0.0282324154134741 0.25198947687435924 0.34678933894955355 0.3729887687626131
0.7031005320419698 0.17548204772142162 0.06598790815697664 0.05542951207963198
0.607767079418287 0.05154987616228246 0.0361836838437577 0.30449936057567284
0.1654377455053304 0.00019780940098068633 0.11838945101389742 0.7159749940797915
0.11700177023270109 0.004441999568045696 0.7174506883951132 0.16110554180414005
0.4226768943449557 0.0924153398977614 0.066150395467791 0.4187573702894919
0.38540456172748716 0.04267396073031837 0.41655119168968013 0.15537028585251433
0.18977592561632284 0.18180505056959162 0.05296350017730833 0.5754555236367772
0.13266124581933758 0.12099972708293305 0.10133447749022328 0.6450045496075061
0.009592770783399152 0.45233201092994624 0.2692439939954746 0.26883122429118
0.441075940143165 0.14637084090652408 0.38505653327118705 0.02749668567912389
0.3842205296299164 0.3424204440796744 0.0670282911004434 0.2063307351899658
0.007775148666466225 0.6287117933132187 0.3529381969998492 0.010574861020465898
0.2307541223479932 0.5061332579561809 0.0060478891187630834 0.2570647305770628
0.27593379095952353 0.400267607553336 0.08345143580255399 0.24034716568458647
0.49045199887010105 0.013378933000556925 0.4667737633277935 0.029395304801548505
0.25559737579752306 0.3202559801135184 0.31916109267534587 0.10498555141361265
0.2719138604328001 0.5108149162214154 0.1783479890735451 0.038923234272239426
0.5164426800105448 0.12242038902477625 0.12962342585983533 0.2315135051048436
0.3135613791412937 0.6377531109777731 0.03403312840585182 0.01465238147508141
0.7029292205042402 0.02807016597211054 0.0054292905452953955 0.26357132297835384
0.7933163136511385 0.001025795451004785 0.12781361972743532 0.07784427117042136
0.5035396797949104 0.038387012749636185 0.4305572259761473 0.027516081479306065
0.06360523439451415 0.6463135284517916 0.12096643957536235 0.16911479757833192
0.6132937810052304 0.17384931727283137 0.032069468779178045 0.18078743294276023
0.22111916087186334 0.19404460324013917 0.4751712121787627 0.10966502370923481
0.6336035390500487 0.04779348311795395 0.17616868100998895 0.14243429682200837
0.5070493821470391 0.1324151184860397 0.23194394554230946 0.12859155382461174
0.21777692277328897 0.07864648574352184 0.7003796487604547 0.0031969427227345193
0.21574383918081574 0.6609201103901237 0.048371110430650344 0.07496493999841025
0.21151983351021797 0.096436264089656 0.078547412920696 0.61349648947943
0.24028737038841796 0.12079186944201603 0.06501661845588758 0.5739041417136784
0.1519708928486615 0.3266119312187633 0.15435114880043976 0.36706602713213543
0.03715947899189653 0.42158661846758305 0.43143284267875703 0.10982105986176338
0.4024654526672212 0.4367470296951106 0.10724925405380192 0.053538263583866263
0.16933922089386577 0.2032601465217504 0.007606726390430363 0.6197939061939535
0.18425801925975938 0.30632181667006786 0.1015874504276828 0.40783271364248996
0.1304642656478725 0.08236577976772297 0.7038219204330866 0.08334803415131797
0.263249962803876 0.08635914392146027 0.6082976288287435 0.04209326444592021
0.22024129559959682 0.41621865987217577 0.3257845918703116 0.0377554526579158
0.01369273508064639 0.29700937718096065 0.32811844881141405 0.3611794389269789
0.004398189215633064 0.000471116482380296 0.32459928262306514 0.6705314116789215
0.7560680144411184 0.05543720403967878 0.09737678548811135 0.0911179960310915
0.1763476899015104 0.08379380125477143 0.2694381758451164 0.47042033299860175
0.32186593792428286 0.36874582551391566 0.028254197752003107 0.28113403880979837
0.05072108117190677 0.15725524202371155 0.4539054096645382 0.3381182671398435
0.3206982284220442 0.07316894926675666 0.2124526213901451 0.39368020092105405
0.36752740054916344 0.04933159043461266 0.4677867310649483 0.11535427795127562
0.12965913941648 0.32444652311589905 0.5025930124882445 0.04330132497937644
0.15609973542893674 0.21969580678610645 0.4990878062361126 0.12511665154884422
0.05423199167106263 0.6067618333376369 0.21673599825733647 0.12227017673396401
0.168078738445829 0.1480768558092187 0.09117268594140149 0.5926717198035508
0.019246544021982337 0.09011006865861682 0.025666292545646563 0.8649770947737543
0.0451340539216849 0.196489585925959 0.3866548595223125 0.3717215006300436
0.04415653409758047 0.5983707075296754 0.10485241962749592 0.25262033874524825
0.09114249642484162 0.8082682135398392 0.09362450896513042 0.006964781070188719
0.5670114539156965 0.09874385705460875 0.19155920891122813 0.1426854801184666
0.2694605764854807 0.3082365074876946 0.37416230234425907 0.048140613682565614
0.22373017048251198 0.09662121352217601 0.36123177309287724 0.31841684290243477
0.027936645991958664 0.6244020800190263 0.14870431027297426 0.19895696371604077
0.00939940999583111 0.787649619976003 0.07395354259811793 0.12899742743004794
0.6295796028912469 0.21462675569037826 0.13665200024653124 0.019141641171843582
0.3474254074204325 0.014748423475638761 0.5184728677271415 0.11935330137678724
0.08122204240868058 0.19826099044778867 0.7201854428859706 0.00033152425756011183
0.0685246539615928 0.0015334227316337046 0.8876678069842519 0.04227411632252165
0.6047039253967915 0.20575849587456596 0.1545783697530999 0.03495920897554261
0.3070832226656307 0.22581083920741463 0.27221573593698256 0.1948902021899721
0.27111007933034714 0.2558550605612133 0.20700710172110304 0.2660277583873365
0.2981854393504271 0.34578682872514055 0.05261482961060493 0.30341290231382745
0.010799849962161767 0.015249161370031294 0.09313995592133706 0.8808110327464699
0.03106159492290217 0.5559806463676485 0.027587154969912375 0.3853706037395369
