1 20 4 43.05526723281884 86.1105344656377
4.753198042323167 7.482920440979423 1.001029373356104 3.7209931536865577 2.3208030173540175 1.8310473529191802 2.676341902399038 4.11004654338743 4.570907268076029 5.849350606030212 4.772750629629654 7.166975503570836 2.840070247583657 8.90305692751851 1.2464883387813355 7.03420759160562 4.755743221304143 6.028208456011765 2.263482447357104 2.782913401763909
0.9506396084646334 1.4965840881958845 0.2002058746712208 0.7441986307373115 0.4641606034708035 0.366209470583836 0.5352683804798076 0.822009308677486 0.9141814536152058 1.1698701212060425 0.9545501259259307 1.4333951007141672 0.5680140495167314 1.7806113855037018 0.2492976677562671 1.406841518321124 0.9511486442608286 1.2056416912023529 0.4526964894714208 0.5565826803527818
0.31342417815924284 0.48732039051629383 0.07564458362050164 0.12361084770396169
0.08504421136977791 0.013302622463272185 0.0714835857315188 0.8301695804354311
0.6865009276815837 0.005376186268889693 0.2660124162000286 0.04211046984949807
0.018288277344191806 0.2621557147202134 0.7084170968420895 0.011138911093505288
0.10322600657764203 0.1845493320087067 0.6208201645067468 0.09140449690690444
0.019366957870297075 0.19226115812976197 0.27994504328027925 0.5084268407196617
0.10233442882782584 0.47178317666418723 0.015187931411271172 0.41069446309671576
0.04995345894608716 0.6138411862737017 0.03060551250795629 0.3055998422722549
0.13927634725075855 0.764125568037125 0.041192840702929834 0.05540524400918667
0.3976768369855336 0.35313526615062196 0.17669647725987836 0.0724914196039661
0.2699278917650261 0.4810145422623111 0.13236365717847265 0.11669390879419017
0.11474597295337519 0.3133452169179197 0.23535030794715317 0.3365585021815519
0.40813680276128117 0.041775330718659354 0.45346738708231327 0.09662047943774621
0.00287032703115897 0.3237745747409372 0.5592971975386783 0.1140579006892255
0.015821242846556283 0.6750756746703677 0.21763823340287525 0.0914648490802008
0.06600017272206249 0.10634033562326606 0.760254954691835 0.06740453696283644
0.01988013383979559 0.6916446247886762 0.04235142983277462 0.24612381153875362
0.028306488020794607 0.5245154906649713 0.30720596999712213 0.139972051317112
0.12417331511991114 0.4368569041357988 0.024729052202577928 0.4142407285417121
0.8006326726806163 0.006472522938162806 0.05643665894064953 0.13645814544057133
0.6923226156693141 0.20228404783453324 0.0736549122155502 0.03173842428060247
0.03905478323288236 0.3820528417721698 0.45703487842436097 0.12185749657058687
0.31551563100606295 0.21764965396695413 0.30146038692435584 0.1653743281026271
0.7481656543798394 0.0019786605651280764 0.039135013506521044 0.21072067154851148
0.13002857211827767 0.16358557625540182 0.15427937780222567 0.5521064738240948
0.053362545117080384 0.21218411425514583 0.41328887356766475 0.32116446706010904
0.14672857490581015 0.26732741291375817 0.28570237220136285 0.30024163997906883
0.41417926952690265 0.10070984253140591 0.021007293857203013 0.4641035940844884
0.13747470414623753 0.4490803363557554 0.2208362482075309 0.1926087112904762
0.16535419711693278 0.18241166262857378 0.3782321256049449 0.27400201464954854
0.34889834197784253 0.27477386507776635 0.27221401114045796 0.10411378180393316
0.6216957202091218 0.32779353849794945 0.015350788441314323 0.03515995285161444
0.2370269802430277 0.33665250642925815 0.004710127714845913 0.42161038561286823
0.35726976000249977 0.16978834225510953 0.09008681136311458 0.3828550863792761
0.6233601157918027 0.3060771179519586 0.0678856167077192 0.0026771495485194974
0.13713574962887776 0.5596824118610224 0.05864489111256621 0.24453694739753362
0.026210986877719278 0.09805997509444542 0.7987535735743186 0.07697546445351666
0.2462110676030459 0.29261999673860695 0.30319982801795287 0.1579691076403943
0.01864728937294302 0.2605363896381965 0.690412069308535 0.030404251680325456
0.23297427384102043 0.15488637022315133 0.35926099867301287 0.2528783572628154
