65 80 4 198.53881159097347 397.077623181947
2.967805451324854 1.282624475523225 3.5841274960573304 2.5538018999968584 3.730387427905693 2.466552002563795 7.293823779049899 7.943597485013739 5.630972028654402 3.122261993058068 3.070356639388968 5.551436497258527 2.2076646668861426 6.053160366864671 5.338001827945359 7.117018800810793 7.648365627372926 2.4862659010412864 1.906243365385364 9.348288162502863 2.9824437787601177 1.9018726435003046 8.137506629646914 1.9668378401524294 5.101668150779914 1.964045164986628 5.793153206380665 5.014673300453581 2.6174819553357653 9.865364744522672 6.969038434892873 6.671155464335833 5.952435812257969 1.2694362893334965 1.9521205618697204 4.14827814075057 1.4536364926468832 5.964890635226401 8.261849026218446 4.389717688175503 9.38174782917103 3.7356626466684597 4.697114988554755 2.9054678568593824 4.695907846283566 1.8357436771010942 8.835294372578174 3.986066229148406 9.420264222360634 6.765139735923519 1.5626504232784142 5.108277392827916 7.28010628033579 7.087572700291742 1.4487001597776978 7.481906770498144 8.962594900322877 1.2764919620308386 8.3059399250262 1.9712008680918771 9.574013281008302 6.3780471232916724 5.778552383651032 4.187839489132701 3.5687862730972526 3.507720330166374 9.052645842364482 7.061633265999273 3.861048899363812 2.288715568999382 1.3788077891751584 7.081315596622155 2.4490410770679194 1.860694722449027 6.631596931891345 2.146907317889128 9.460292911714992 5.202951610955868 9.381657534471225 5.801142590673723
0.5935610902649708 0.256524895104645 0.7168254992114661 0.5107603799993716 0.7460774855811386 0.493310400512759 1.4587647558099799 1.5887194970027478 1.1261944057308804 0.6244523986116136 0.6140713278777936 1.1102872994517052 0.44153293337722854 1.2106320733729343 1.0676003655890718 1.4234037601621585 1.5296731254745852 0.49725318020825726 0.38124867307707283 1.8696576325005725 0.5964887557520235 0.38037452870006094 1.627501325929383 0.3933675680304859 1.0203336301559829 0.3928090329973256 1.158630641276133 1.0029346600907163 0.5234963910671531 1.9730729489045344 1.3938076869785747 1.3342310928671666 1.1904871624515938 0.2538872578666993 0.3904241123739441 0.829655628150114 0.2907272985293766 1.1929781270452802 1.6523698052436893 0.8779435376351007 1.876349565834206 0.7471325293336919 0.9394229977109511 0.5810935713718764 0.9391815692567131 0.36714873542021886 1.7670588745156348 0.7972132458296812 1.884052844472127 1.3530279471847038 0.3125300846556828 1.0216554785655831 1.456021256067158 1.4175145400583484 0.28974003195553955 1.4963813540996287 1.7925189800645753 0.2552983924061677 1.66118798500524 0.39424017361837543 1.9148026562016605 1.2756094246583345 1.1557104767302064 0.8375678978265402 0.7137572546194505 0.7015440660332748 1.8105291684728964 1.4123266531998546 0.7722097798727624 0.4577431137998764 0.2757615578350317 1.416263119324431 0.4898082154135839 0.3721389444898054 1.326319386378269 0.4293814635778256 1.8920585823429985 1.0405903221911736 1.876331506894245 1.1602285181347445
0.3901670761545124 0.202942079917814 0.008540856366293648 0.39834998756137996
0.18689798072911978 0.0029046315642012877 0.16480832555162583 0.6453890621550531
0.23251931294062744 0.5635853680534818 0.1835793188513063 0.020316000154584457
0.17497349061381862 0.08686178265876032 0.37722653309452714 0.3609381936328939
0.0652959808594108 0.17842152765814057 0.7526270078674205 0.003655483615028099
0.2540470058681832 0.03128009247805974 0.1452321938361053 0.5694407078176518
0.3439450732136724 0.49024839604419457 0.05893383912276495 0.10687269161936808
0.059444946414107136 0.1547227191788868 0.056324592123199846 0.7295077422838062
0.059206391436551375 0.5642121922040788 0.28589978975671904 0.09068162660265078
0.1778183279128559 0.5430123740401614 0.0011470826617410168 0.27802221538524163
0.1149066708604275 0.07860409475140562 0.6285651824102536 0.17792405197791328
0.1298753827816871 0.06249898180718472 0.6305361338506856 0.17708950156044256
0.14785902667710416 0.12975950630884792 0.5352739856253703 0.1871074813886776
0.05559638157166902 0.16961693086443042 0.7555191359467461 0.019267551617154433
0.5916638718158758 0.10061482012663059 0.12576467206787423 0.18195663598961942
0.03361092405247501 0.22925581845716136 0.08239604954548452 0.6547372079448791
0.2675455783510047 0.18403099160946224 0.12174499022335017 0.4266784398161829
0.345025529538485 0.17755909896497546 0.07430674075067978 0.4031086307458598
0.011237981536530772 0.2474397809098483 0.08400483569050698 0.6573174018631139
0.2120049247424478 0.3450962817084011 0.37628982423332535 0.06660896931582572
0.15082030059033324 0.19551912016210038 0.03313737222232627 0.6205232070252401
0.24005450254422311 0.2423103110819077 0.03899737037022977 0.4786378160036394
0.43320203778395017 0.30776959645083724 0.03729270388255235 0.22173566188266025
0.0442668520445072 0.002035680344678159 0.1649473560164032 0.7887501115944114
0.35750661180925414 0.13340423442317162 0.4974295796343815 0.01165957413319274
0.6889233741129839 0.011323427782784723 0.0047974150579491726 0.2949557830462822
0.06970460134086798 0.020675435233194372 0.10172473305878404 0.8078952303671536
0.2953972108547963 0.25415495341243566 0.2606971184970974 0.1897507172356706
0.3936638467895234 0.23734762069737847 0.024838250866278333 0.3441502816468198
0.3155593228980452 0.24171607033138898 0.35164189344910046 0.09108271332146534
0.06420347003222526 0.22868569540766726 0.2604080513004361 0.4467027832596714
0.36358152256363807 0.126651752502142 0.3564004673468948 0.15336625758732514
0.11377403366201944 0.20273966554716727 0.3698858346614874 0.3136004661293259
0.4007847508508713 0.5125542373983571 0.03349650361006262 0.053164508140708944
0.2996345532104847 0.2342573834735866 0.14071628466886799 0.3253917786470607
0.2626115200582386 0.05536099633774827 0.008981161813788274 0.6730463217902248
0.13587928600328048 0.2638595320338806 0.13843489349785332 0.46182628846498563
0.006037165903530983 0.9167317242448791 0.05943775404477314 0.017793355806816735
0.08217468721647314 0.6747495461562705 0.13883866966202585 0.10423709696523054
0.03254823384749295 0.025436414035420962 0.6851654891798352 0.2568498629372509
0.16159963827688306 0.554393876758792 0.1314331497482506 0.1525733352160743
0.020564633830848944 0.48583188319050785 0.14750156579858842 0.3461019171800548
0.00732563662042629 0.46395758183472335 0.12609664170329837 0.402620139841552
0.27354330352447753 0.014170981362525592 0.13124025741342793 0.581045457699569
0.17653667091630199 0.16681591263418027 0.42198871784470604 0.2346586986048117
0.29512643889322354 0.032702886621613025 0.19909402737586468 0.47307664710929875
0.14397203815076232 0.48168761344867905 0.3692218799548884 0.00511846844567021
0.02820426046917046 0.6403816611159547 0.057144792919169185 0.2742692854957056
0.26999970677588847 0.2732006652743141 0.07115121697419247 0.385648410975605
0.44142756439301 0.056978891104012 0.06959871373067028 0.4319948307723077
0.6749918920334005 0.0839111440888497 0.19488526644247484 0.04621169743527498
0.1396515135098323 0.04075846376199077 0.2893335065049141 0.5302565162232629
0.04157484005574652 0.2932028981472977 0.5230652248788368 0.14215703691811898
0.32324002922965644 0.44949080237367056 0.19660634562332568 0.03066282277334731
0.0829313614759477 0.35631391478471697 0.07086553660759276 0.48988918713174257
0.1903511060073072 0.14877300451920283 0.27755539995675527 0.3833204895167347
0.16297411147807184 0.2594641113069983 0.5286957512960152 0.048866025918914646
0.25355382075193833 0.09952928346563172 0.22245518506132267 0.4244617107211073
0.19225451045636732 0.7738149169212986 0.0026888384744860883 0.031241734147848033
0.3103172277974444 0.3101552728913174 0.1531943612521669 0.2263331380590713
0.05425939834293947 0.4854564811998263 0.19391491352624213 0.2663692069309921
0.02713182653764401 0.2798704046370021 0.2517907015648053 0.4412070672605486
0.21818675196309845 0.35975030110617123 0.06729491311234348 0.35476803381838684
0.13509972753056787 0.017572007454245142 0.010254729778506055 0.8370735352366809
0.35233493654534276 0.07873788550561989 0.4205422545018961 0.14838492344714127
0.1630778605883626 0.18945762441424274 0.07400123292412819 0.5734632820732665
0.11325470625821787 0.41050689792504635 0.38965952946637616 0.0865788663503596
0.1539356104987798 0.2056717318990855 0.04637125829298783 0.5940213993091469
0.10038048903981478 0.5565400765941306 0.2501803838108574 0.0928990505551972
0.3924638736770921 0.1924986616637836 0.10254779632573152 0.31248966833339276
0.07104648400304558 0.489740287294146 0.36624584869872157 0.07296738000408687
0.21769884127132033 0.08023010196918712 0.28305611344535087 0.4190149433141417
0.002942787879016806 0.5084623284208614 0.09361780301185885 0.394977080688263
0.029392414492981467 0.6574764941074668 0.11044738742195692 0.20268370397759483
0.11483624234654932 0.10497170663571553 0.6465736621901018 0.13361838882763333
0.7486981485228481 0.0983483314321375 0.04538787366181107 0.10756564638320332
0.17992675803943148 0.13564483807581773 0.011376775798689232 0.6730516280860616
0.18385961676297313 0.43676677258460617 0.116976846435902 0.2623967642165187
0.3762100051099835 0.07245488085257235 0.39880018802336714 0.15253492601407703
0.3060067659948328 0.29755810166291274 0.368836649259098 0.02759848308315649
0.01685499543285429 0.6044134934025951 0.13084019867109975 0.24789131249345087
0.24991336732741143 0.07167828456086378 0.14423578222480937 0.5341725658869154
0.40244270568539475 0.06158254520481765 0.043051261628309856 0.49292348748147774
0.3808576313128208 0.27415767915129885 0.20212069221148266 0.1428639973243977
0.46696824033448936 0.32637069188330226 0.0015116908259847905 0.2051493769562236
0.818513814765807 0.017643531052400463 0.04628785740410335 0.11755479677768921
0.21037549213473772 0.061010753548277896 0.30867250812081715 0.41994124619616724
0.16903295725314194 0.046611984780129734 0.2914840005300543 0.49287105743667403
0.29825318288360725 0.27629808378964293 0.40868422113673597 0.016764512190013847
0.21440386438213466 0.2338910483384008 0.09119740519955799 0.46050768207990656
0.05725192389507028 0.1403306681461376 0.029521948151594035 0.7728954598071981
0.1234791810757242 0.5303901292962148 0.2080818018498991 0.13804888777816193
0.046365519907953234 0.6451154787852367 0.08195628949821776 0.22656271180859233
0.17880665739028578 0.42749131471253476 0.29736700984287856 0.09633501805430089
0.2959601131306182 0.3964513527748511 0.21178954140487183 0.09579899268965886
0.15462484571343993 0.6246609601092474 0.189916438008075 0.030797756169237633
0.5179320818450958 0.18625255291221587 0.15662082111655384 0.13919454412613452
0.40235505660115656 0.06899382992524672 0.12988571772188906 0.39876539575170766
0.03371300555049628 0.10664854349591069 0.30240752618243383 0.5572309247711592
0.08214167820278451 0.04234427648807537 0.27795308902363214 0.597560956285508
0.5537776155047401 0.2075977621146463 0.20948207206888858 0.02914255031172497
0.4276508749552923 0.4422560570419115 0.12070714936066274 0.00938591864213345
0.2322029683412652 0.1776024498382458 0.5101025570208296 0.08009202479965938
0.13469701037666404 0.03166033501578169 0.7246666961605005 0.10897595844705377
0.06585990472222081 0.016159032838639287 0.8224626758374174 0.09551838660172252
0.0036837435588820133 0.21553848588256408 0.366414841574909 0.4143629289836449
0.22461325396540566 0.09670960134266793 0.3517901528084241 0.32688699188350234
0.077410011445737 0.513687713898589 0.3032255270859031 0.10567674756977086
0.2854169526784851 0.23095774058130436 0.19401391699962844 0.2896113897405821
0.09783405918715382 0.28930172002578936 0.11708456217175411 0.4957796586153027
0.11848671813305145 0.10747423637341114 0.35941517166621495 0.41462387382732246
0.168559639082973 0.2490398922323248 0.2988521599111039 0.28354830877359827
0.20548550720096392 0.08749269429601303 0.04745799566729003 0.659563802835733
0.11100312393181622 0.16444969822981814 0.577899560898057 0.1466476169403086
0.021155069769512647 0.7903065174674736 0.061273849389979596 0.12726456337303416
0.33344788475264386 0.084685111617266 0.2360792129086775 0.34578779072141264
0.16207351376723722 0.3959430884712366 0.035769961876204515 0.40621343588532166
0.6775241441216724 0.05378521240814671 0.15728465343034725 0.11140599003983365
0.21187006028307132 0.652355720934179 0.10858081708600842 0.027193401696741226
0.03368841404653711 0.01967114143510218 0.3114759960005118 0.6351644485178489
0.3540973349813624 0.07062891967320895 0.032591560260991415 0.5426821850844372
0.008723597177381248 0.17776599670785886 0.5861698142287823 0.22734059188597755
0.4966444262160049 0.06736866424968868 0.3654456998666863 0.07054120966762012
0.26852168736030846 0.0007143250833827608 0.493467793341536 0.23729619421477277
0.005706512530641139 0.6147481995075318 0.11049471185716342 0.26905057610466365
0.01099576089218457 0.15990175809760354 0.5267357524518523 0.30236672855835955
0.3449867491388997 0.5786697457151958 0.03343422283041053 0.04290928231549396
0.39201657704660486 0.36174042198745215 0.06620216302129811 0.18004083794464487
0.07702621458300551 0.5363973783924713 0.12130866194619316 0.26526774507833006
0.19525629737067451 0.29169440094356314 0.20297456553434035 0.310074736151422
0.49308782864088585 0.14538577136848618 0.15666729504337262 0.20485910494725534
0.524941784008294 0.1438016964613048 0.20123569359881188 0.13002082593158926
0.4531470864831324 0.32794970792377687 0.05142698211730923 0.1674762234757815
0.3793541297547762 0.32355693352658055 0.0735599037988639 0.22352903291977932
0.043981856470478475 0.15311980620712207 0.028070050378604994 0.7748282869437945
0.18949107410001054 0.2569641218056141 0.4297290854244332 0.12381571866994212
0.009744259454067095 0.29673678674648984 0.5831579623925576 0.11036099140688549
0.4610861617645705 0.3238733013136844 0.0018673053885649438 0.21317323153318013
0.3502792526871804 0.5369293126772666 0.1022442184463298 0.010547216189223163
0.15487705915324979 0.48975141922387033 0.12311210641563708 0.2322594152072428
0.16576326404695774 0.43654373273543134 0.33493031103081683 0.06276269218679409
0.24738002558254757 0.1285575486042474 0.12521566065983136 0.4988467651533737
0.552677265819775 0.07840829093894053 0.25996314839421486 0.10895129484706956
0.18411138928526816 0.0008305289818176798 0.671751084791824 0.14330699694109017
0.44359036268040686 0.20090571295380477 0.26329083230579375 0.09221309205999462
0.47830543198508235 0.04505186894304858 0.2335095157409195 0.24313318333094958
0.1420237874826783 0.08635148919172686 0.34925165050308926 0.4223730728225056
0.17753386508541735 0.2477032576981797 0.030124467159775015 0.5446384100566279
0.11950272129127537 0.13614323717357035 0.7371429672168394 0.007211074318314914
0.4302042292117704 0.3981586694919753 0.06652577903380963 0.10511132226244468
0.10865229486828776 0.4679628488179721 0.3123646291580521 0.11102022715568804
0.5677619568969268 0.0528640798508353 0.20536490876227675 0.17400905448996118
0.1980154520713726 0.024752151028544778 0.5948608614092183 0.18237153549086427
0.2761832246753294 0.0598161236090623 0.4822645727088064 0.1817360790068019
0.1680199238119765 0.2458181315835365 0.4697320508341536 0.11642989377033341
0.09822729806334918 0.06965820984199544 0.35157033908341506 0.4805441530112403
0.13339296590711813 0.13460004284500104 0.2472999133542081 0.48470707789367273
0.28937018480550514 0.054662944046155904 0.6538183579054399 0.0021485132428991083
0.2831850345045591 0.34342646260707144 0.19366454270273836 0.17972396018563108
0.038047367390819264 0.3779707882566573 0.018623498191208232 0.5653583461613152
