54 50 4 132.32525692479612 264.65051384959224
4.781646704266965 4.269155472685771 2.6638901898530656 5.664544553507286 1.0774490680789235 9.720425860475377 8.212431304148147 7.81580789747789 7.0433587165764155 1.2669130794243086 4.524058269822984 4.6431463509697135 2.7066791294587227 7.903950800344654 6.550508307807174 9.336465675917953 3.926116306917713 3.278389171147957 7.481961267148067 9.972617166889192 3.7708585501485663 2.5478801351869773 2.578460730870878 2.474439329338218 6.265129388585332 5.261820016245849 5.1468125700340925 3.1163860757130455 8.705954550741296 5.238043981679939 1.4912508833925129 9.93931371593703 2.7600075035981093 7.41272394875731 8.347509666340446 5.239515439655713 3.3497755696996037 4.965571370144552 2.8844465871532643 5.25613430768483 3.0824450997557333 2.450592529884906 2.9535593623591083 2.446439339555108 9.52277704204171 6.59567366772277 7.559064677554301 8.884821047855562 9.4750723111636 2.088519157873653
0.956329340853393 0.8538310945371542 0.5327780379706131 1.1329089107014572 0.2154898136157847 1.9440851720950754 1.6424862608296293 1.563161579495578 1.408671743315283 0.2533826158848617 0.9048116539645967 0.9286292701939427 0.5413358258917446 1.5807901600689307 1.310101661561435 1.8672931351835906 0.7852232613835426 0.6556778342295914 1.4963922534296135 1.9945234333778383 0.7541717100297133 0.5095760270373955 0.5156921461741756 0.49488786586764355 1.2530258777170664 1.05236400324917 1.0293625140068186 0.6232772151426091 1.7411909101482592 1.047608796335988 0.29825017667850257 1.987862743187406 0.5520015007196218 1.4825447897514619 1.6695019332680894 1.0479030879311426 0.6699551139399207 0.9931142740289104 0.5768893174306529 1.051226861536966 0.6164890199511467 0.4901185059769812 0.5907118724718217 0.4892878679110216 1.904555408408342 1.319134733544554 1.5118129355108603 1.7769642095711125 1.89501446223272 0.4177038315747306
0.7827487113247172 0.09949044651162997 0.00048619591879506263 0.11727464624485773
0.041727725605836374 0.6299339379147335 0.039399613410943446 0.28893872306848667
0.00926992477610411 0.18642755416020595 0.6156568646787549 0.18864565638493502
0.0740557112085668 0.29284394977608064 0.39444728310844324 0.23865305590690933
0.6050415513273363 0.06648375649936611 0.15511391874793812 0.1733607734253595
0.037354274305446356 0.1643603913684214 0.26997659102703775 0.5283087432990945
0.20293129264814402 0.016704499128781913 0.3671765095698162 0.4131876986532579
0.23264334763769656 0.034868262672682726 0.5176398013293805 0.21484858836024023
0.274876894021424 0.2340334894469257 0.03245763509583066 0.4586319814358196
0.33970071010769043 0.318005263855617 0.21815942055436255 0.12413460548233002
0.14123556813245097 0.07838607476354587 0.3924995236818859 0.38787883342211726
0.455666094408962 0.19185726128233638 0.23389176638764042 0.1185848779210612
0.06364392228095994 0.5579016471414351 0.35920387161091827 0.019250558966686704
0.01784768851695362 0.28277809927096087 0.6457374510606074 0.053636761151478085
0.7237457977852451 0.1760069043104554 0.04254284888057036 0.057704449023729176
0.05226692242391218 0.4671721594320689 0.3937332311165439 0.08682768702747501
0.029229931930169317 0.28972282200486443 0.6259319557210576 0.05511529034390861
0.2776144319163767 0.14917102715829167 0.34521426576137526 0.22800027516395638
0.46164756115021854 0.14996439939281925 0.19006140698726048 0.19832663246970172
0.45300247037740604 0.3311648035228396 0.012560240565503422 0.20327248553425092
0.13392543059645812 0.4258114304863255 0.3345876074137818 0.10567553150343456
0.48921993896665705 0.139868816426173 0.03235885522565307 0.3385523893815169
0.20638510773249352 0.3021834965460297 0.23121621441116758 0.2602151813103092
0.07886534688559266 0.036059836751172636 0.4923077036466227 0.392767112716612
0.1277319466531186 0.026749297223884527 0.3631365942217716 0.4823821619012253
0.17076661550905847 0.23826153527323546 0.20680097573467116 0.3841708734830349
0.46081447274290555 0.2575971904831158 0.05479374841552431 0.22679458835845434
0.02095138558484755 0.6747243604891408 0.19599220429001674 0.10833204963599496
0.30520412897369764 0.020513075929108893 0.3008509605471269 0.37343183455006657
0.3713602919967993 0.0773629385984711 0.5016051112660025 0.04967165813872709
0.10373227516826578 0.4304859219919387 0.10030089757334604 0.3654809052664495
0.20942588613369617 0.2602917463609068 0.22103175615044846 0.3092506113549486
0.1620471401436665 0.40708004277091336 0.26699085147914114 0.163881965606279
0.16610021708814038 0.4891620585519889 0.04526310281014023 0.2994746215497305
0.4039494145186807 0.07250441434782129 0.2118037686812939 0.3117424024522041
0.05061389863299326 0.16167886191875624 0.42244314180843356 0.36526409763981693
0.35564210307212574 0.15893524580386487 0.2063335720232804 0.279089079100729
0.49165881428195723 0.1885081197931341 0.20992203926741837 0.10991102665749031
0.17287754873333272 0.16903186875485832 0.02752814761574862 0.6305624348960603
0.054574398916507616 0.32217531892461315 0.4019698664189988 0.22128041573988044
0.2264726849135834 0.5852115065937826 0.13511064740962664 0.053205161083007324
0.17280888090235247 0.23985750626118285 0.39646944057355926 0.19086417226290542
0.10058659991230678 0.1576885420052433 0.3770024187018254 0.36472243938062454
0.030631116275499526 0.1513020256323333 0.7544757663591712 0.06359109173299593
0.46948686984817467 0.007898667082486877 0.1584455128783352 0.36416895019100326
0.05694705935527389 0.6361970526958988 0.09066225151057783 0.21619363643824951
0.42371573151087794 0.3691527018052144 0.0066758223168967845 0.20045574436701086
0.09173913843283776 0.11827958714097997 0.05796594883568407 0.7320153255904982
0.06285009491476312 0.4031247848176691 0.3750927954209202 0.15893232484664754
0.3729426141410008 0.26960668069653293 0.15024554188198957 0.20720516328047667
0.09609818119638547 0.5575097154141248 0.003858692456217949 0.34253341093327183
0.45471837477666754 0.17602061284576787 0.16620109073311573 0.20305992164444886
0.047122738848154544 0.12210014932709345 0.5807995606877262 0.2499775511370258
0.4278973929250859 0.3461250554755949 0.03490413214476484 0.19107341945455436
0.1770045898166882 0.22140894392206367 0.3140763507373252 0.2875101155239229
0.1281583883184575 0.15324326215835282 0.1270281042707171 0.5915702452524726
0.0021690805881033892 0.6929179117454186 0.296326480295539 0.008586527370939012
0.2843900203615479 0.10861275214653943 0.3226545614826183 0.28434266600929436
0.09184230040321983 0.03877791832865063 0.8284370199653621 0.040942761302767416
0.505039896786286 0.11236438731843579 0.20826758943564228 0.1743281264596359
0.22542282822884052 0.40355636366702696 0.25912128260434986 0.11189952549978266
0.0757295436635752 0.2757526115698271 0.6331073349917045 0.015410509774893222
0.2574413322071001 0.07274445544025587 0.37940931979818804 0.290404892554456
0.01955593448645554 0.816789637486652 0.051890601266263214 0.11176382676062924
0.30999199838650904 0.0920965003733355 0.04827335529057175 0.5496381459495837
0.031703452200684934 0.08550450292692591 0.11711205474917197 0.7656799901232172
0.12118225522396187 0.3568376328666384 0.17637120672023376 0.345608905189166
0.31602327331011026 0.3542252573203122 0.31853847481459974 0.011212994554977818
0.17401187736026624 0.14184655892398557 0.43323058421241245 0.25091097950333574
0.2359721798228387 0.3243957370808156 0.11986695841101469 0.319765124685331
0.22953794235485714 0.12202914692232891 0.0044751747435374245 0.6439577359792765
0.29936614259281413 0.18023701108199708 0.2265396237466446 0.2938572225785442
0.36418304347122843 0.36016732752116987 0.10123645309969875 0.17441317590790295
0.3757823845823294 0.21096267927289247 0.07905715934437585 0.3341977768004023
0.2060489366647339 0.18879810443715528 0.11501338032323827 0.49013957857487256
0.2189722221020326 0.2611646225298776 0.2004846926463364 0.3193784627217534
0.12844634775240427 0.012050177808025975 0.5264084986082801 0.33309497583128966
0.10485332263607972 0.610735524792196 0.08549787613077753 0.1989132764409468
0.597950240420926 0.05915729454373475 0.25025476201226127 0.09263770302307794
0.2083071221557221 0.2710299037412599 0.4193786621054768 0.10128431199754118
0.14599208184847623 0.28810568768859024 0.5036955929241372 0.062206637538796294
0.217056843776809 0.11845826085873579 0.006816979691604441 0.6576679156728508
0.02979078390404366 0.11170719766630832 0.24295469736109498 0.615547321068553
0.2942911718376797 0.02737643171951032 0.2245846145185887 0.45374778192422127
0.11362989032498283 0.1863680081213671 0.17313169363165615 0.5268704079219939
0.11658962849758936 0.17858166717536927 0.366802120641313 0.33802658368572835
0.33936077308781964 0.21278748986104945 0.01602201695809602 0.4318297200930349
0.14143401023416546 0.19901104827394744 0.584162657273502 0.07539228421838506
0.3728401796177979 0.309499130698038 0.25237367522805976 0.0652870144561043
0.3850422569035885 0.4102788311940434 0.03365235493519725 0.17102655696717084
0.17319422993020306 0.2229953754385584 0.05789239464759455 0.545917999983644
0.7037951797476105 0.043568027559603095 0.15532680282883482 0.09730998986395156
0.07328094089095438 0.08550288928389693 0.1897472612217107 0.651468908603438
0.10086354693801491 0.09402840513166677 0.6896419350765565 0.11546611285376185
0.11517658791087482 0.6047022428532428 0.05305204924857154 0.22706911998731083
0.02801684911743596 0.33263464343848226 0.4700501532355801 0.1692983542085017
0.13696189186544638 0.10963727886242325 0.42544606027683707 0.3279547689952933
0.12861572961554524 0.2911827611529013 0.5053143079274662 0.07488720130408721
0.21098120991384273 0.3886732771412972 0.3564225968153232 0.043922916129536915
0.2027089713070278 0.028464012021781282 0.743091119550574 0.025735897120616857
