60 60 4 163.64116456975736 327.2823291395147
3.7078599704195687 2.6825123470769023 3.908644092713975 6.991746132594781 6.10273720872292 4.584285630088882 4.414734239721369 1.0952338229077867 2.533290408943409 2.1105403361209363 7.231611487636774 8.869974045154223 4.036572141747611 9.932133031116107 2.183860637053463 5.502968529015628 3.5795845590555437 2.98526369324097 5.518769919741634 6.724562857562587 6.721092451531546 1.7238977977855563 6.232903765628063 8.552717734772393 3.637164268788706 9.891367849343743 5.924719364475903 9.634473030404875 4.206583718071354 5.65505012414163 9.892120561363866 2.8382682943859705 9.78447581719546 1.359363403322365 1.1739401072534035 2.7461547221966143 1.1042699039167163 5.021854182080118 6.867435804826801 7.4018474221337796 3.2950760311821212 7.875266804395707 9.699222704291905 5.812824760950216 4.8778112435796395 5.499062661892706 7.895442312152957 3.9190450238771377 2.473053387626749 6.565159092886052 6.758527274625343 8.071461497461584 9.349698212788088 8.542814175775757 9.665301656976474 5.975729935093891 1.2643437286642585 2.289531889365323 5.247392980445542 7.138978351229209
0.7415719940839137 0.5365024694153805 0.781728818542795 1.3983492265189563 1.220547441744584 0.9168571260177764 0.8829468479442738 0.21904676458155733 0.5066580817886818 0.42210806722418726 1.4463222975273546 1.7739948090308446 0.8073144283495222 1.9864266062232214 0.4367721274106926 1.1005937058031257 0.7159169118111087 0.5970527386481941 1.1037539839483268 1.3449125715125174 1.3442184903063092 0.34477955955711126 1.2465807531256126 1.7105435469544787 0.7274328537577411 1.9782735698687486 1.1849438728951807 1.926894606080975 0.8413167436142708 1.1310100248283261 1.9784241122727733 0.5676536588771941 1.956895163439092 0.271872680664473 0.2347880214506807 0.5492309444393229 0.22085398078334326 1.0043708364160238 1.3734871609653603 1.4803694844267559 0.6590152062364243 1.5750533608791415 1.939844540858381 1.1625649521900432 0.9755622487159279 1.0998125323785413 1.5790884624305914 0.7838090047754276 0.4946106775253498 1.3130318185772105 1.3517054549250687 1.6142922994923168 1.8699396425576176 1.7085628351551514 1.933060331395295 1.1951459870187782 0.2528687457328517 0.4579063778730646 1.0494785960891084 1.4277956702458419
0.5133645895777719 0.17497829836500023 0.30106996351412085 0.01058714854310705
0.38656119113683385 0.06122686206557615 0.4810365521983714 0.07117539459921862
0.0034176043962366176 0.48472204648153316 0.17598862408405813 0.3358717250381721
0.277487253873303 0.16601454263410642 0.17707165660382895 0.37942654688876165
0.41467200772775326 0.07904799363483406 0.09883303008190569 0.407446968555507
0.02636720355422406 0.46635281486583835 0.013578946997911068 0.4937010345820265
0.0049081104377101115 0.5967942381950225 0.05767477098542684 0.3406228803818405
0.030768584070215432 0.15910254065211094 0.021327796164606783 0.7888010791130668
0.22435260111920963 0.1492748052826386 0.2879368466825627 0.3384357469155891
0.19044923534064961 0.04752357759316661 0.5339166593892702 0.22811052767691353
0.33997446377846285 0.2925566509947074 0.3428371832520929 0.024631701974736853
0.34898520151809465 0.21535540258688435 0.17383098031359867 0.26182841558142234
0.10864763288662427 0.6269957175903411 0.19240516767763494 0.07195148184539968
0.13517190374773946 0.30160570006356546 0.0176036621427611 0.545618734045934
0.19090677555339486 0.4985733941523627 0.16284814705800776 0.1476716832362347
0.013316137497819791 0.007558777032944497 0.3928226234844159 0.5863024619848198
0.1334170729426738 0.07133870320455926 0.43153160110039757 0.3637126227523694
0.35488158765349964 0.12204238023183478 0.22681507556520475 0.29626095654946083
0.2548653247391197 0.21170189157802877 0.022046751723496683 0.5113860319593548
0.34106268676877527 0.6405973323280415 0.012958468361869424 0.005381512541313804
0.3610100170945477 0.4243888389715399 0.0044087411405534516 0.21019240279335893
0.2029873865751255 0.11217959492230478 0.6568901685511704 0.027942849951399285
0.5621977020853185 0.0905752714826652 0.08160608106245049 0.2656209453695658
0.11593902509528708 0.26378672172926165 0.1383078116165496 0.48196644155890167
0.5373619775793872 0.04627988027989205 0.2557557655942907 0.16060237654643006
0.057445586256732684 0.07441980049705266 0.8366507132225451 0.03148390002366952
0.20445815414738855 0.3201085226407421 0.23651260482443848 0.2389207183874309
0.2667400435266656 0.3542761521557971 0.19638906284216684 0.18259474147537047
0.15638791325176782 0.3316154391495866 0.26308139005566455 0.24891525754298105
0.06368913142789578 0.2528028786952349 0.14933002392273664 0.5341779659541327
0.34882392080322844 0.3430894561866764 0.3079771196313692 0.00010950337872595028
0.018183571337899607 0.32964031857988196 0.12778755004482922 0.5243885600373892
0.5133466959589452 0.41728533337230367 0.00037722010002105844 0.06899075056873005
0.17639844529609117 0.08429141481059677 0.46909804914556263 0.27021209074774943
0.3904714157563549 0.38225915516178954 0.10401524020076336 0.12325418888109219
0.24449455296463685 0.13947065765500566 0.3769651084446102 0.23906968093574732
0.02556284374280937 0.4643653161472131 0.18720683666416982 0.3228650034458077
0.018493533781462457 0.10735935645195016 0.8271362260380979 0.047010883728489494
0.18278156995608863 0.20990607218161472 0.11262043176669179 0.49469192609560486
0.25852123457804344 0.4297864390386924 0.27960025952207423 0.03209206686118993
0.23983217172951055 0.5759826821817382 0.06329275848366156 0.12089238760508969
0.14991357415147433 0.5763316969302488 0.2353351816260607 0.038419547292216194
0.7013579052613861 0.12040204217853068 0.08255414433713026 0.09568590822295298
0.033241212510966345 0.20974727153340178 0.07551724390377879 0.6814942720518531
0.02955615158896896 0.31995837758169376 0.093275340312021 0.5572101305173163
0.13303523309705856 0.5553507717737448 0.029190342628017896 0.28242365250117873
0.1428790859580089 0.35415550050077527 0.07186412769744732 0.4311012858437685
0.09182714134824799 0.031453884142146005 0.38838919109792847 0.48832978341167754
0.018313096565479747 0.6422148423044346 0.1267258343518164 0.21274622677826927
0.020994336609144182 0.30965006481562707 0.11120104082457027 0.5581545577506585
0.5702343956360915 0.03301408683188212 0.38618585872388 0.010565658808146416
0.0020787393648270536 0.47419639861442064 0.1888672973970199 0.3348575646237324
0.1509942210763543 0.4637578845623398 0.2275227731645424 0.15772512119676352
0.04336839497670175 0.036868210014847747 0.12060262743459249 0.799160767573858
0.41176365489482225 0.21170202855267362 0.11075107205622603 0.2657832444962781
0.6634770373363297 0.13832441189801592 0.03783617205683365 0.16036237870882075
0.5316454582498663 0.18357651100035965 0.1964507771752323 0.08832725357454174
0.5600050096949091 0.3700963811217375 0.059121005609321764 0.01077760357403168
0.008326990970391024 0.36910309314343603 0.09270910316749359 0.5298608127186794
0.4587575159023306 0.276439437858475 0.007602071372022068 0.2572009748671723
0.39267927903982724 0.33339152711540787 0.19484641899469846 0.07908277485006643
0.2632820251791992 0.18364496731599178 0.06910648299105826 0.4839665245137508
0.27360294526350015 0.30947006449073244 0.24921381602124448 0.16771317422452292
0.3255831749732978 0.2782117706163717 0.19906867348200719 0.1971363809283233
0.4761178665748098 0.2353798339226374 0.044817074953083624 0.24368522454946917
0.3967570436405615 0.3453114424434701 0.09994544805870165 0.1579860658572667
0.16835322310715428 0.376773026171648 0.10169853316512678 0.35317521755607095
0.16063346882923113 0.16495248845753885 0.14159934049548073 0.5328147022177493
0.15012986068343237 0.6831613677499374 0.07751556975294205 0.08919320181368817
0.48246834015581863 0.4696209688600965 0.042905545751610985 0.005005145232473862
0.18360452279033046 0.11496283483766678 0.2775929675742831 0.42383967479771967
0.45199994049529935 0.10863876038565456 0.2591306082161047 0.18023069090294142
0.042946563137421845 0.5550443396628593 0.24957017173878648 0.1524389254609324
0.2238993769635389 0.3317094726623745 0.28255132919956105 0.16183982117452556
0.22404095570586635 0.008258472929952965 0.7391647338933827 0.02853583747079802
0.12712716834598148 0.0775795322410745 0.6197625144548358 0.17553078495810825
0.20939215041196935 0.22810446572323806 0.24767735482387354 0.31482602904091905
0.19245540225455027 0.358391554337146 0.017761924543303276 0.4313911188650005
0.1076818418185328 0.34989869716056266 0.35458970999916517 0.18782975102173938
0.3383551505567589 0.08189769330659813 0.486261543491012 0.09348561264563093
0.4715006651523487 0.07650171731407496 0.1280236271483678 0.3239739903852086
0.16082931387052002 0.0712779232628531 0.021224925181698162 0.7466678376849287
0.2001319221701513 0.02258080390744799 0.6457087511071775 0.1315785228152232
0.033799091155620964 0.15393342157083345 0.024876405531763734 0.7873910817417819
0.21228618592538562 0.24478043297489416 0.15026271220480025 0.39267066889491997
0.2577251114154141 0.22301967648531518 0.07282332561670712 0.4464318864825636
0.06543494789858217 0.06756345153095755 0.6009361232442111 0.2660654773262492
0.06687486390366182 0.7620817026568311 0.11787182267688368 0.053171610762623445
0.04005160232356353 0.10994754273776008 0.2668950608105698 0.5831057941281066
0.23718877964018525 0.07211406777674845 0.5972899987067604 0.09340715387630594
0.30804808855429644 0.081165904722036 0.25823064233693993 0.35255536438672763
0.0019146447428080027 0.015536740305146735 0.24477807665726403 0.7377705382947812
0.24013902856181768 0.17920201858934648 0.4570474531165748 0.12361149973226104
0.009696967179979255 0.14196786694234598 0.6298270934355461 0.21850807244212866
0.04296217976878225 0.3276520058651279 0.3208669746165608 0.3085188397495291
0.302112735997105 0.03140676377440865 0.4587612352166137 0.20771926501187266
0.1447258304087523 0.5841927421379305 0.1220599878950922 0.149021439558225
0.23096054005551125 0.21040956802872635 0.0766210072477177 0.4820088846680447
0.074916046057252 0.1318964929891907 0.5785969822505527 0.21459047870300463
0.3094587244020226 0.2712834563645168 0.2838432385766745 0.13541458065678613
0.1908241185050168 0.5579459212513368 0.12538525431937764 0.12584470592426877
0.12897239103294145 0.19591149671547647 0.5811395341291989 0.09397657812238314
0.3887915909599793 0.34962856915970086 0.09850888551628434 0.16307095436403551
0.10834471102479637 0.4056513550385714 0.17823478319711072 0.3077691507395215
0.2680554513954012 0.38172590290583697 0.32439761772149267 0.02582102797726915
0.18558262661630853 0.18034369052774102 0.06655726039349064 0.5675164224624598
0.06839782358011881 0.6984889405280202 0.17007772965683288 0.06303550623502807
0.3486697667567368 0.0740584078370653 0.32080205685944174 0.2564697685467562
0.30444963387617185 0.14757074944038273 0.06190054952789137 0.48607906715555405
0.18989939636924147 0.220258800076914 0.13888056932358517 0.45096123423025936
0.17382911565262327 0.007347922198528756 0.4220399797737332 0.3967829823751148
0.19995017206765775 0.06536176160325746 0.7277034787421779 0.0069845875869068985
0.12801024446964826 0.274221168036313 0.2356643567497605 0.3621042307442782
0.11087426265693989 0.058716295371805005 0.21339242289875215 0.617017019072503
0.12878834512256365 0.12612658525087317 0.018285194482490774 0.7267998751440724
0.3039568685369538 0.5650308158975361 0.002865147889076658 0.12814716767643342
0.06454128281682248 0.2171685268622625 0.6446463679288319 0.07364382239208311
0.10475351923158305 0.26061064728054417 0.29328308926638635 0.3413527442214864
0.41877014825885184 0.05567925398937035 0.4120005430504208 0.11355005470135704
0.37051025949221794 0.01495373644245368 0.22627968261947407 0.3882563214458543
