44 20 4 58.84873850844503 117.69747701689008
8.513579337990844 1.9431649393288277 7.70176433511566 4.244507526306571 4.233797540272647 6.483145425563365 4.544015959794262 4.681653488748088 5.5891216863064574 7.391331939943661 9.644736026851007 5.109589980450435 4.848863689554481 2.0211733100797336 2.961089824118717 9.617248621611257 9.490156483639556 8.93641853040848 6.817695061630541 2.924423309175477
1.7027158675981688 0.38863298786576556 1.5403528670231321 0.8489015052613142 0.8467595080545294 1.2966290851126732 0.9088031919588524 0.9363306977496176 1.1178243372612915 1.4782663879887321 1.9289472053702013 1.021917996090087 0.9697727379108961 0.4042346620159467 0.5922179648237434 1.9234497243222513 1.8980312967279112 1.787283706081696 1.3635390123261082 0.5848846618350955
0.2584503058670736 0.2002537644382889 0.17812794350147665 0.3631679861931608
0.1728949265822991 0.3900550315766741 0.2997243778779861 0.1373256639630407
0.20293759300016712 0.5916373232280498 0.010442284352235265 0.19498279941954777
0.5157374256218394 0.1953582605811892 0.1715158957268511 0.11738841807012024
0.6974299182041918 0.13593629423756415 0.04830653641552707 0.11832725114271703
0.10897350393583216 0.34752291330157026 0.5277876160691088 0.015715966693488737
0.13235829473853045 0.17506426408709197 0.589729327798749 0.1028481133756286
0.09528466156114845 0.17337170891677967 0.06234002032283814 0.6690036091992337
0.03768029232900816 0.8160019536532516 0.04806173368359812 0.09825602033414216
0.5642494920121722 0.11656391578165037 0.2578890817482449 0.061297510457932525
0.0182551076829518 0.4753801649167676 0.2512202374650431 0.25514448993523753
0.048454148802225094 0.06422572928301273 0.39040999090662687 0.4969101310081353
0.05755525959752117 0.241650656224503 0.04827300106705834 0.6525210831109175
0.09891265041086883 0.5441315005894413 0.04620987794385456 0.31074597105583535
0.002541242720362824 0.3165337136739813 0.3800526882698283 0.30087235533582757
0.13208267917346472 0.18094254404053478 0.1967814980579723 0.4901932787280282
0.0003637751704699266 0.42965524437912883 0.3622761583468386 0.20770482210356267
0.25878023347396073 0.3573635245413075 0.2255314843511378 0.158324757633594
0.5134577603567443 0.2899362079280746 0.17728169733845422 0.01932433437672687
0.26815606288495886 0.09505399233110445 0.04170593402636125 0.5950840107575754
0.1391462519849035 0.5257048457776281 0.20901208739378663 0.12613681484368178
0.10402296099023112 0.04482510205398782 0.01030720076892877 0.8408447361868523
0.3774154057164224 0.07777389100646548 0.5356333842578938 0.009177319019218366
0.05889892137207742 0.013608892025558705 0.6535500051689225 0.2739421814334414
0.09497198329645806 0.6152587005331593 0.21987211957855513 0.06989719659182747
0.1537344608617497 0.11782569285019895 0.22116333814469546 0.5072765081433559
0.16423464552408473 0.1531187571452346 0.10470178408508135 0.5779448132455993
0.5680753729212469 0.22990211192994148 0.11343742807117363 0.08858508707763801
0.01585780035126383 0.29309003247135945 0.36665834084743176 0.32439382632994496
0.5940776294527924 0.03835419554938113 0.10468776773880739 0.26288040725901907
0.10888559529044084 0.07401812545012532 0.6838473153316087 0.13324896392782515
0.4994288951602711 0.2652982398955962 0.08857052415595135 0.14670234078818134
0.551129483776576 0.04417731862394958 0.3361121295058843 0.0685810680935901
0.18216201205132265 0.162613581157112 0.396418439374152 0.25880596741741335
0.21219464549832456 0.05535951871540179 0.15138023246886811 0.5810656033174055
0.370439888594402 0.306859592196424 0.1801265892978311 0.14257392991134288
0.06413964755693335 0.2823847103504731 0.4326206409420563 0.22085500115053724
0.11692560546847719 0.23480436035675922 0.13239457928058262 0.515875454894181
0.362532293062925 0.043153584350999696 0.27113462697512236 0.32317949561095294
0.5009179518847273 0.22733170547318515 0.1495501798536164 0.12220016278847112
