9 40 4 117.71462202695719 235.4292440539144
1.0933673849712995 5.516871329338649 5.461959638207315 2.2044657606334894 2.278999769090847 2.9670280806347042 4.766573624594072 3.232910515722032 1.7565368604881506 4.109487760453601 2.500987118790893 8.907031769793932 9.558676284640448 1.3487353824908785 7.291966522588849 6.154838340124683 9.082064064026346 7.002090756276729 5.930540047418334 7.3218468166124975 4.478294526531989 7.249948099880124 8.423834180504933 5.191016278305392 9.464719685739905 8.23365793011086 9.850233234018992 2.526726318253904 5.689762403138175 9.509656752786166 6.845864168444286 8.747487309031271 9.737614108812027 2.6698751824101463 3.1880410778206763 8.860607587910124 9.156495492311569 7.824501881169839 4.122117583979677 5.171812425856518
0.2186734769942599 1.1033742658677297 1.0923919276414629 0.4408931521266979 0.45579995381816935 0.5934056161269409 0.9533147249188143 0.6465821031444065 0.35130737209763013 0.8218975520907202 0.5001974237581785 1.7814063539587863 1.9117352569280897 0.2697470764981757 1.4583933045177697 1.2309676680249366 1.8164128128052692 1.4004181512553457 1.1861080094836667 1.4643693633224995 0.8956589053063977 1.4499896199760247 1.6847668361009867 1.0382032556610785 1.8929439371479808 1.646731586022172 1.9700466468037985 0.5053452636507808 1.137952480627635 1.901931350557233 1.3691728336888571 1.7494974618062542 1.9475228217624054 0.5339750364820293 0.6376082155641353 1.7721215175820249 1.8312990984623139 1.5649003762339677 0.8244235167959355 1.0343624851713036
0.4779740135383469 0.1325637273097825 0.25987055557840166 0.12959170357346894
0.6471167135451114 0.040557379647563785 0.23752598407843228 0.07479992272889258
0.03857092316235833 0.42312673930833866 0.3328502245078424 0.2054521130214606
0.1387386997795519 0.3457597553732502 0.31665797654288386 0.19884356830431404
0.3428052291614103 0.0323175333343636 0.5343534467624763 0.09052379074174977
0.21425596288493742 0.01805116436156118 0.26583248311529406 0.5018603896382073
0.4159186670147922 0.07841793811791453 0.2404292119034629 0.2652341829638304
0.22484261212330414 0.07778802953670239 0.3123018337022122 0.38506752463778127
0.10305405184612337 0.08009868180709712 0.3564227912702034 0.46042447507657613
0.5001079204417592 0.13198376429069592 0.15922655001192076 0.2086817652556241
0.13353967592343363 0.12873354487951827 0.6549194853574816 0.08280729383956653
0.26101658314752796 0.05283602363039441 0.5277885416361547 0.1583588515859229
0.24980456060231693 0.2432861578006419 0.02722122609419453 0.47968805550284666
0.07319422123083008 0.43255146215917417 0.29848995198882544 0.1957643646211703
0.036451248322167173 0.5237343739798899 0.11874194672854488 0.3210724309693981
0.3083843510756832 0.4169645707905687 0.00553288958071485 0.26911818855303327
0.30269888812875856 0.4139501992647149 0.12646775465863846 0.1568831579478881
0.17861793515885238 0.0661016125174968 0.291168693167288 0.4641117591563628
0.08023349348478681 0.5838158159566114 0.019421042452146042 0.3165296481064558
0.5797107815939463 0.09351104512539998 0.1883529482171551 0.13842522506349864
0.15642290217843435 0.7420842037927036 0.054004047538032784 0.047488846490829295
0.5644536326774812 0.07598767292215192 0.09428053541369852 0.2652781589866684
0.39563747511048153 0.0208202770491005 0.16784988359731956 0.4156923642430984
0.5787496113205873 0.013002081747054861 0.15166143980951396 0.25658686712284384
0.44165318416092714 0.3660424133898702 0.09697974492125638 0.09532465752794628
0.6945884920570353 0.01202927280274324 0.007977394181398756 0.2854048409588227
0.03242495886252683 0.6339329889944327 0.09599413653142108 0.23764791561161935
0.27898647303020463 0.010111358222292921 0.07994216521552455 0.6309600035319779
0.10937339268700785 0.201825174159039 0.622286875342912 0.0665145578110411
0.07910104217629743 0.24747457662697814 0.22239172629629345 0.451032654900431
0.2518568590408138 0.07827031466889955 0.44739833935619644 0.22247448693409022
0.11477505735172433 0.3364286486131488 0.36508219554654786 0.183714098488579
0.004951409791498884 0.7721613959796204 0.14620267621368555 0.07668451801519516
0.011207846331564908 0.025311276399707983 0.6128234837884309 0.35065739348029623
0.549004988267094 0.29540524533996493 0.07689676129350198 0.0786930050994391
0.12102940065523005 0.1288522657916027 0.5562715353923067 0.1938467981608606
0.0029919695529196932 0.31988309127247927 0.413044986162021 0.26407995301258
0.2709261401336226 0.44806097381069243 0.056382196953508656 0.22463068910217632
0.17403292510002677 0.31992598582776977 0.056574883908779516 0.44946620516342395
0.21823833824092975 0.15107570362037648 0.2893302455546245 0.34135571258406927
0.18735864706142158 0.2481968177049242 0.06072625290484124 0.503718282328813
0.03945481767426706 0.5985991670431179 0.06547518908400318 0.29647082619861187
0.053059424485393025 0.1095466220746878 0.006925367647796055 0.8304685857921231
0.2667743770719413 0.08614257616074061 0.34481943189109565 0.30226361487622244
0.022866949969676864 0.17676637867854783 0.24447896639582178 0.5558877049559535
0.2166397127268621 0.19770661207275952 0.31473929582679094 0.2709143793735874
0.4300468142111865 0.12616967259246237 0.027681691210150627 0.4161018219862005
0.13876915695467273 0.3531597823300735 0.47886925552870974 0.029201805186544028
0.1093105151646997 0.1799887663835441 0.20130226662607187 0.5093984518256843
0.03796921692694821 0.04557421300249709 0.674492594993326 0.24196397507722867
0.10085859104522166 0.011684522998134939 0.40491712772547384 0.48253975823116957
0.5460747365304214 0.02975078128944253 0.21579766748687768 0.20837681469325842
0.5214873031839404 0.381534292313329 0.0621365879627771 0.03484181653995344
0.4063212708530659 0.40675020987519805 0.023135520016481448 0.1637929992552546
0.7672541069525759 0.1516747813048417 0.04879007146832148 0.03228104027426093
0.33888996611535227 0.36247993981895954 0.19257283813257386 0.10605725593311432
0.6451189984951727 0.03703377167623001 0.14662843207817167 0.1712187977504256
0.380809518748513 0.32297117424396793 0.18205091144057495 0.11416839556694414
0.2826662622956666 0.17934417900233757 0.34157820577751075 0.19641135292448508
0.17847955589273656 0.2851548265758991 0.012490071942613312 0.523875545588751
0.025569103332357845 0.4513290468412693 0.3763594802425805 0.1467423695837924
0.04546949815285262 0.31083997917210515 0.3248969034828728 0.3187936191921694
0.13667301033822488 0.6017898238181665 0.14497039192857775 0.1165667739150309
0.053877743676363554 0.12409271661555965 0.023067201186797837 0.798962338521279
0.13607970210569964 0.33748817813546117 0.4434608772405365 0.08297124251830268
0.14296252407525012 0.5245819348503674 0.07726914233184234 0.2551863987425401
0.04186674974875759 0.14294762508175762 0.7255430183745695 0.08964260679491531
0.3803234809406789 0.47763693284290953 0.04103146156943194 0.10100812464697961
0.1831071892507703 0.4915968540227228 0.13992056791610819 0.18537538881039872
0.032723994301139925 0.3538882000155764 0.16631897812650587 0.4470688275567778
0.13959284956868834 0.0630422827368251 0.22301596891423925 0.5743488987802473
0.12252262421091398 0.5984590849423538 0.12250821962332836 0.15651007122340388
0.27258381373747875 0.11344711841521304 0.5378547724578122 0.07611429538949599
0.048899533339431756 0.15029222153754995 0.08953177966879222 0.7112764654542261
0.13138669704047223 0.16304780433234356 0.038862366899649614 0.6667031317275346
0.3376766038812906 0.11792093249890134 0.2896355681682018 0.25476689545160625
0.010204856665951278 0.28617418892944646 0.6216273721213531 0.08199358228324916
0.24572394436610445 0.017514535579513768 0.41005029605828147 0.3267112239961003
0.02741126823211082 0.437106801401287 0.2182549565526144 0.3172269738139878
0.7623903796018435 0.17101844018054224 0.04525367046200568 0.021337509755608552
