55 40 4 113.24052259544331 226.48104519088665
1.837974580046722 9.744903279908087 5.354739824172815 3.182704313482577 5.780114468265278 3.569898119183189 8.763673393464757 1.3699013811478633 1.9751296055564835 7.904440408858273 1.4628583799549586 7.981448847795405 1.0822504835522104 6.564809021111506 8.368383994646123 9.087271506833652 9.870504235796544 5.470704301930826 4.170870331933543 8.803764950248395 4.57193571151395 6.79291497259029 1.1840798184903227 8.272760886904587 4.866519718172428 6.026918702527848 8.012001611353552 4.623014111965929 9.171954261197897 6.849726498879445 7.545450044356332 8.016049359863077 4.156547029081579 1.1769392826992893 4.227027125765138 3.7290290621393276 9.271557929631543 3.2805723693162876 3.170392941027227 9.189308325521448
0.3675949160093444 1.9489806559816174 1.070947964834563 0.6365408626965154 1.1560228936530557 0.7139796238366378 1.7527346786929514 0.27398027622957266 0.3950259211112967 1.5808880817716546 0.2925716759909917 1.596289769559081 0.21645009671044207 1.3129618042223012 1.6736767989292247 1.8174543013667304 1.9741008471593087 1.094140860386165 0.8341740663867085 1.760752990049679 0.91438714230279 1.3585829945180579 0.23681596369806454 1.6545521773809173 0.9733039436344855 1.2053837405055696 1.6024003222707104 0.9246028223931859 1.8343908522395793 1.369945299775889 1.5090900088712664 1.6032098719726153 0.8313094058163157 0.23538785653985786 0.8454054251530276 0.7458058124278655 1.8543115859263086 0.6561144738632575 0.6340785882054454 1.8378616651042896
0.07176942249936435 0.7050459279762652 0.1449750072825975 0.07820964224177296
0.6153841336703681 0.0210539554134187 0.20868147336932197 0.15488043754689118
0.20032974767763323 0.18522485465884952 0.28714842676217145 0.3272969709013458
0.20277506130148049 0.16968811254364935 0.4586361118836243 0.16890071427124587
0.07232937282609797 0.11559628535388644 0.7308556531033547 0.08121868871666094
0.037268988528439406 0.36095409468581074 0.3250773771659805 0.27669953961976934
0.2807283303945751 0.5347367742957418 0.01121161275464333 0.1733232825550397
0.06317712391037955 0.16211592392054552 0.30859260932086574 0.4661143428482092
0.2900678995765267 0.30479149207618317 0.17058578194227225 0.2345548264050179
0.182136278225144 0.13675800562656348 0.1459570979720891 0.5351486181762034
0.06818329769779552 0.21372101906545382 0.2090947323308595 0.5090009509058911
0.28698022509560306 0.24056066000849285 0.4245031817287056 0.04795593316719848
0.23588382145652176 0.18078218177537952 0.33677566980067064 0.24655832696742808
0.2916338368695629 0.21276878127250498 0.005803742867124706 0.4897936389908074
0.06024035016238238 0.01622516850967115 0.6749323188840263 0.2486021624439202
0.06803058556446906 0.3058961866282003 0.4155193183220719 0.21055390948525876
0.05563907218321207 0.44720916880613915 0.10719681940663195 0.38995493960401684
0.11356223079377836 0.09485831910582321 0.3375082461621919 0.45407120393820655
0.7462389574121966 0.10434887091357048 0.052420453816927615 0.09699171785730532
0.07158327666761988 0.1234650022494076 0.14549762981707914 0.6594540912658934
0.39739801753058 0.06543540065432185 0.03742032946167284 0.4997462523534253
0.22235586014230335 0.011658790198740165 0.4061608715775523 0.35982447808140416
0.3238117691679152 0.3579334346907428 0.2611664129649597 0.05708838317638232
0.021051955581701032 0.6669842313773738 0.024235354492641692 0.28772845854828344
0.20855094274274355 0.36775702214772565 0.22343099706413683 0.20026103804539397
0.02663335474375106 0.6655554808850607 0.2578398902388619 0.04997127413232638
0.05760399639364833 0.6177555451950157 0.0024772968141146823 0.32216316159722125
0.16173139325286623 0.5337446805476826 0.28674408258054007 0.01777984361891105
0.13099218977916072 0.4844271291412233 0.37677632253976623 0.007804358539849732
0.08860645369726416 0.3774018462866445 0.10381264477609142 0.4301790552399999
0.35775721313879594 0.11984473461459966 0.44291246309606147 0.07948558915054293
0.4287620395529089 0.03891259857813811 0.20760711622372707 0.3247182456452259
0.4883886546870452 0.15799496394603008 0.2796243981323473 0.07399198323457745
0.26463856441529165 0.26919244469465864 0.18490488075875644 0.28126411013129327
0.3324420670135625 0.09427354505605112 0.48754120689959657 0.08574318103078982
0.48306694771104286 0.19123546044181583 0.29444392534374997 0.03125366650339134
0.727760021790933 0.136058041508628 0.019906492238425444 0.11627544446201354
0.07126539919761876 0.6056392514288191 0.09586599850488686 0.22722935086867524
0.018828467272341554 0.21196058614688418 0.13469847323426487 0.6345124733465094
0.0591060453903024 0.2948628261348185 0.5070612336860963 0.13896989478878274
0.32208111033207776 0.10768476663858506 0.2779338017494407 0.29230032127989647
0.2674200692881554 0.3682728798233116 0.1726214525934514 0.19168559829508158
0.26023188088012206 0.08472587840681989 0.5034080261302494 0.15163421458280868
0.2031817842559851 0.3360752807475944 0.2318765065473667 0.2288664284490538
0.1932205721087661 0.13048488920171908 0.2898922126845389 0.3864023260049759
0.27414848204267983 0.4428939521571247 0.21702054590657804 0.06593701989361744
0.030439036469284364 0.44758665774266726 0.1161185744741976 0.4058557313138508
0.16709761140497825 0.4160617562269635 0.16298249134076015 0.2538581410272981
0.3537492865140427 0.271390462741101 0.3539990792074881 0.020861171537368217
0.283914952465565 0.5764712685026725 0.06314609721754438 0.07646768181421815
0.576455513298616 0.17856033667919669 0.17241030455262785 0.07257384546955947
0.49230762357129976 0.056464523350200024 0.06089094318181432 0.3903369098966859
0.2913196463902131 0.14631773742091347 0.5429451784500506 0.019417437738822763
0.040235095465624315 0.33567820464605 0.34850319219098247 0.2755835076973432
0.6590971273212639 0.061081981524321094 0.14018794230708653 0.13963294884732846
0.2044739633376852 0.4950433776293687 0.2821338440918394 0.01834881494110674
0.05624317847130522 0.18743833860938175 0.23784511016868515 0.5184733727506279
0.0470968812876823 0.35134905453148313 0.17495517660802873 0.42659888757280584
0.0026966501281202593 0.1881367193397956 0.415772862563094 0.39339376796899017
0.09655152398622713 0.12981053675334808 0.35278035499915594 0.42085758426126885
0.0828631164166248 0.41780996268202286 0.19379016028618035 0.305536760615172
0.5281447907240785 0.3055995796521124 0.0768796682360704 0.08937596138773873
0.26025910761322024 0.22653050027417154 0.3195629652498738 0.1936474268627344
0.04122758572640761 0.17573253204631245 0.7579685125522877 0.02507136967499224
0.10019514910470007 0.10783918479155052 0.04390782028687945 0.74805784581687
0.17601498528439696 0.15088510674283673 0.2954480486254103 0.377651859347356
0.12935125988426277 0.19461730255610454 0.29435312169816574 0.38167831586146694
0.23043792051102563 0.2692819564679527 0.20714357271506123 0.2931365503059604
0.25799014946558607 0.27729669495871834 0.034328483865265214 0.4303846717104304
0.25129364782566177 0.0006308040340742282 0.2378999774978353 0.5101755706424287
0.14813755065800904 0.09350161880782315 0.11966854214813505 0.6386922883860328
0.021687807103570877 0.5518082820776017 0.053383615891112735 0.3731202949277147
0.07013581514505918 0.3080594072854964 0.4093770650231945 0.21242771254624992
0.17711394533995528 0.39294840494762484 0.1569268309659948 0.2730108187464251
0.5687068759046544 0.057904074374469205 0.032181771064532017 0.34120727865634437
0.15629346839862623 0.019782418256765633 0.2603867618577449 0.5635373514868632
0.24690423813395568 0.284307466968705 0.42458787383521257 0.04420042106212674
0.4741454831411698 0.040262085808657755 0.43582569491195344 0.049766736138219025
0.10257410914357079 0.34453822949793733 0.07569327757941469 0.4771943837790772
0.12112598159241084 0.7905481414425632 0.022901295479721306 0.06542458148530461
