53 20 4 51.14698714258023 102.29397428516046
8.619961664891205 6.050489862385308 5.0938786216517755 4.169574223227656 6.272662457213536 5.821747698457682 8.447106491014114 3.38087978849831 5.305411552048442 4.130065205611497 2.2103049007807636 3.339796153087532 1.4287120855235718 4.5486397425617 4.3445457287939035 6.010596309569885 9.077450989308922 2.506112983057456 4.664857778468439 6.871180049008759
1.723992332978241 1.2100979724770615 1.018775724330355 0.8339148446455311 1.2545324914427072 1.1643495396915364 1.689421298202823 0.676175957699662 1.0610823104096885 0.8260130411222993 0.4420609801561527 0.6679592306175064 0.2857424171047144 0.90972794851234 0.8689091457587808 1.2021192619139769 1.8154901978617843 0.5012225966114912 0.9329715556936877 1.3742360098017516
0.12822787402321412 0.39612722558143354 0.043393980553483535 0.4322509198418688
0.4411876195552583 0.025093236733765734 0.4307039880351392 0.10301515567583674
0.30427576963572445 0.12145832327260675 0.40016197756344596 0.17410392952822284
0.24571738644677066 0.021967518106130512 0.6736592053926086 0.058655890054490234
0.028354863135044206 0.20444055702922903 0.4929870544593352 0.27421752537639155
0.2534207358069078 0.573372583209616 0.02717046338487683 0.1460362175985993
0.06041968731298797 0.474045935734857 0.40663739024336876 0.05889698670878629
0.3606660874050185 0.27291174430017584 0.09797728904137692 0.26844487925342875
0.6912748671446649 0.016692032054706152 0.23281384003203087 0.05921926076859807
0.061007727627951924 0.573182863486342 0.23781348335700625 0.12799592552869987
0.21140509020365894 0.2662569826613852 0.4201044212788092 0.10223350585614666
0.19305661056939638 0.1361461879942074 0.5455930411350277 0.1252041603013685
0.17687895631620887 0.1829311082091566 0.5084526541138603 0.13173728136077423
0.2617955264960272 0.005336762890470248 0.4528965056673284 0.2799712049461741
0.26315835377324615 0.081330365416875 0.19320733954869662 0.46230394126118224
0.12515870156566056 0.4566754120301161 0.40845379333227483 0.009712093071948535
0.08749118198344952 0.5727002487999774 0.07717923551876471 0.2626293336978084
0.5637555003712543 0.026412870997801874 0.38830346314109554 0.02152816548984826
0.44600788927616486 0.007117966660962649 0.19045150530582333 0.35642263875704916
0.5167228887050396 0.10124476707016306 0.14986000638271957 0.2321723378420778
0.18932562864471525 0.3771932273703239 0.04106116826610373 0.3924199757188571
0.22892947355785653 0.24163187281544807 0.39147275523232006 0.13796589839437534
0.14910093177636907 0.5558146741335283 0.26508851524343335 0.02999587884666932
0.7110796517500169 0.06610028135312374 0.08951565403243478 0.13330441286442463
0.22084660170744308 0.1280385162117531 0.14700003736795209 0.5041148447128517
0.05006364211759373 0.647609322958275 0.1213767999908748 0.18095023493325646
0.030902080819037003 0.1293625346235019 0.23402853492411246 0.6057068496333486
0.04273940672283105 0.08682400599611606 0.5980237065819606 0.2724128806990923
0.5466594999062349 0.2808284136925949 0.007946112388557358 0.16456597401261286
0.6366071567804401 0.04822676178661878 0.21087656323855863 0.10428951819438248
0.6794491297440365 0.021896542878300784 0.009587905440260003 0.28906642193740273
0.540692831479374 0.016886217615922905 0.01980310420216369 0.42261784670253943
0.4803251208243977 0.1905047840837626 0.27809742611835786 0.05107266897348184
0.30113836296867313 0.27423559448631174 0.018131298159037246 0.4064947443859779
0.19681160213978166 0.1747513342547815 0.5362615885056137 0.09217547509982316
0.5447881918932306 0.060234280560649944 0.26078210632073495 0.13419542122538453
0.050810151116937985 0.12325812724537999 0.41076990029417426 0.41516182134350776
0.08392991171969799 0.25927872275579367 0.478389921942189 0.17840144358231935
0.35735849603692615 0.234874388667639 0.3331696191132818 0.07459749618215306
0.5830951536602987 0.05917520252899289 0.03443176228992706 0.3232978815207813
