91 80 4 216.4933571029819 432.9867142059637
2.809032365061765 3.961184198429638 3.668497198309649 1.8400030163269108 3.997709312479151 7.527004665507592 6.871264695281681 5.543650856231832 9.52597617044255 6.646614205474785 9.930577067803348 1.6850911985407744 4.083476743902304 3.7624196263974916 7.391841710779962 9.255857890397092 1.7281603043361176 1.5654990889671965 6.239514704393875 7.022784004741621 1.0840724434387754 4.797339299573025 4.558522886383759 1.6588365500516775 7.932684439033219 2.70423327881309 5.212069795272207 6.865736755619059 1.0734424413987118 1.6117750856418167 7.722371565280438 2.4172319190468725 5.813231621155598 7.086487268805586 5.675997480273958 5.674602708190234 5.191853964169831 3.20183207317951 9.203859744434727 1.9690681560482144 5.335829388056576 7.738385923319869 4.464924487867252 7.7674672230475945 7.836709061089035 3.5912481547588526 7.060882163706293 2.5801647619151615 7.0476265885818 3.668710661936388 5.5897254872680255 3.283928775209934 5.7827433424972785 2.271211911116467 6.542367273539708 5.2335410574666055 9.558075711140454 4.221249769172198 9.828656680613973 8.326874608659288 8.873606453552302 3.92582353175197 8.721429786707072 7.067307056164964 1.7821426608578261 8.562953150233508 9.208759601432675 5.419722843149205 5.865983420330732 6.669558126974255 3.0821152655225483 2.6442130949839444 5.225122404985202 8.476127950006834 4.549873418046005 8.305528659653746 4.989033945498381 5.853804947572947 6.5897402354126955 2.932136122548569
0.561806473012353 0.7922368396859276 0.7336994396619299 0.36800060326538214 0.7995418624958301 1.5054009331015183 1.3742529390563363 1.1087301712463664 1.90519523408851 1.3293228410949571 1.9861154135606696 0.33701823970815487 0.8166953487804609 0.7524839252794984 1.4783683421559926 1.8511715780794185 0.34563206086722353 0.3130998177934393 1.247902940878775 1.4045568009483242 0.21681448868775507 0.959467859914605 0.9117045772767518 0.3317673100103355 1.5865368878066437 0.5408466557626179 1.0424139590544415 1.3731473511238117 0.21468848827974235 0.32235501712836334 1.5444743130560876 0.4834463838093745 1.1626463242311196 1.4172974537611172 1.1351994960547915 1.1349205416380468 1.0383707928339663 0.640366414635902 1.8407719488869454 0.39381363120964286 1.067165877611315 1.5476771846639736 0.8929848975734505 1.553493444609519 1.567341812217807 0.7182496309517705 1.4121764327412587 0.5160329523830323 1.40952531771636 0.7337421323872776 1.1179450974536052 0.6567857550419868 1.1565486684994557 0.4542423822232934 1.3084734547079415 1.046708211493321 1.9116151422280907 0.8442499538344397 1.9657313361227946 1.6653749217318576 1.7747212907104604 0.7851647063503939 1.7442859573414142 1.4134614112329928 0.3564285321715652 1.7125906300467015 1.841751920286535 1.083944568629841 1.1731966840661463 1.333911625394851 0.6164230531045096 0.5288426189967889 1.0450244809970404 1.6952255900013669 0.909974683609201 1.6611057319307492 0.9978067890996762 1.1707609895145894 1.317948047082539 0.5864272245097137
0.14499439443462858 0.3923072633997233 0.42426329430318566 0.038435047862462435
0.333650115015933 0.004237022083504183 0.5955806233019318 0.06653223959863097
0.8805871504889341 0.007575177815128398 0.10835785993161262 0.0034798117643248805
0.0835986116909847 0.7582810965464643 0.12565662808686606 0.032463663675684984
0.00667162744288885 0.36453198295581546 0.4086797892922631 0.22011660030903257
0.21246728650361646 0.24598661551165213 0.39805348719102096 0.14349261079371045
0.056197210275942044 0.7259809113451184 0.20349391066794242 0.014327967710997092
0.2858615214835287 0.3659729195653981 0.31519131150923907 0.03297424744183408
0.7801440261493278 0.07862581481495201 0.12223697665293409 0.018993182382786133
0.0857360347488082 0.7476393604684977 0.01609879315558349 0.15052581162711065
0.20973549861996654 0.5421048707741201 0.13053366768039554 0.11762596292551786
0.060320570911529314 0.23822911802114666 0.604156618242027 0.09729369282529698
0.17290615478234062 0.006450711653263497 0.03349535145337079 0.7871477821110251
0.10808519537158412 0.6222509378331637 0.151463002704886 0.11820086409036623
0.32870256213372995 0.5299234984016339 0.08971116196448192 0.051662777500154244
0.7383766324908624 0.012050989393671774 0.23571468894497938 0.013857689170486465
0.12414516340189807 0.18556757871633178 0.5206846888764922 0.16960256900527793
0.6551792018150759 0.12043558549215272 0.11295871412314262 0.11142649856962872
0.10103209542755143 0.5614179189542685 0.02240767435775126 0.3151423112604288
0.12696763384686638 0.4047440856185236 0.24639702186643764 0.2218912586681724
0.23709705924942337 0.10853689326068638 0.5825736133062589 0.07179243418363135
0.10261172571013388 0.5465615911419778 0.2501981393527587 0.10062854379512964
0.6679222697679865 0.03564009191380302 0.2855971254997942 0.010840512818416248
0.0056174339966957865 0.34617991761257194 0.3080578544753029 0.3401447939154294
0.4977031863259487 0.24207660204685422 0.06651383567898617 0.19370637594821094
0.16429250712478483 0.2898005609631309 0.23621952041097238 0.3096874115011119
0.30871186790210436 0.15356188795952763 0.510203283071195 0.027522961067173002
0.17432133862210175 0.33730260725074945 0.11904619262372373 0.36932986150342506
0.060669422234535864 0.38837352533307 0.34084694228504864 0.21011011014734549
0.4987693657659472 0.2483047096086054 0.02463196984976046 0.22829395477568692
0.25004213343933557 0.34430557809075657 0.3311762476885124 0.07447604078139547
0.0029511055127350305 0.20823117286758486 0.09103792061156635 0.6977798010081138
0.2662001252577172 0.3821505505851932 0.28837052665292584 0.06327879750416376
0.15353799142594382 0.484735219297476 0.10094353868391293 0.26078325059266727
0.6050989380937059 0.1602679483887256 0.21535416292023823 0.019278950597330313
0.06134471763566418 0.16983443785521157 0.37907792199560697 0.3897429225135173
0.08221266709444619 0.4149327768780139 0.21060856766367875 0.2922459883638612
0.1136005869004677 0.06398800184955555 0.7143688829672843 0.10804252828269245
0.17981215201428058 0.2725240883291721 0.14227255091859614 0.4053912087379512
0.38401928714202216 0.41367494060318033 0.16343935628720818 0.03886641596758933
0.08944739226318588 0.2793725288686665 0.34261819832174656 0.2885618805464011
0.6655465310695862 0.07403397940793255 0.1463414422439543 0.114078047278527
0.13324348714359802 0.43971436767256444 0.13393459459370427 0.29310755059013327
0.14245399904253375 0.15079917385845654 0.525722371092238 0.18102445600677175
0.09778112004480188 0.15731081742388586 0.6949209115741412 0.0499871509571711
0.2780326184909132 0.23351644602190935 0.3417346694584056 0.14671626602877186
0.24195332301062678 0.6762122205427193 0.052319597282027286 0.029514859164626595
0.010832957510222507 0.3145197126670014 0.6001649346452083 0.07448239517756783
0.07224650340468897 0.34451846763623606 0.051260968116722094 0.5319740608423529
0.06875482983785275 0.2070664510288075 0.3842143959142198 0.33996432321911996
0.52427267274289 0.07256358627952908 0.28528463838770246 0.11787910258987844
0.024911649787103807 0.40215730216466306 0.22984477195070308 0.34308627609753006
0.25499639446499045 0.06020537476283194 0.08949569920158562 0.595302531570592
0.06126860103257181 0.8661101461409147 0.030227083278470235 0.042394169548043203
0.15471663333599095 0.2785735630522733 0.2977397342548711 0.2689700693568646
0.18268247519508973 0.3362103676932108 0.3079072395906809 0.1731999175210186
0.6576231665975728 0.18057527194809875 0.008362352585589372 0.15343920886873907
0.023467683048905674 0.336046215186792 0.07575984468794417 0.5647262570763582
0.46722783943823 0.3748379347025361 0.09448559265289325 0.06344863320634064
0.4365157622006334 0.32001828737961313 0.17595459648017375 0.06751135393957974
0.0348177525565011 0.04379318784885344 0.7859365932390525 0.13545246635559294
0.37619719708109933 0.3685362772727493 0.05711400111876119 0.19815252452739018
0.12395125583747968 0.1413108682310401 0.59527466253293 0.13946321339855017
0.17343670890784213 0.1140550962851341 0.03996013402695897 0.6725480607800648
0.028331722708618834 0.15603991696717 0.7968658639598453 0.018762496364365888
0.012668941950362944 0.33195835716892697 0.01428655146484592 0.6410861494158642
0.2144722620555447 0.3555160930465151 0.2920694673540385 0.1379421775439017
0.5399006279517067 0.38389621352283887 0.07099545585350653 0.0052077026719479225
0.45597522767587173 0.12665590334159393 0.3960468612130008 0.021322007769533524
0.5412292721067409 0.03310621492762633 0.31718087887751545 0.10848363408811734
0.2179737011071905 0.22255856417154674 0.3312223649800484 0.22824536974121434
0.023558497843488513 0.22586269601222841 0.5075975227012727 0.2429812834430104
0.1933207583050024 0.21066077160087782 0.48769060525504415 0.10832786483907564
0.2801316251303465 0.09489506922748314 0.5049851041813339 0.11998820146083644
0.16029685124024462 0.20601930941689683 0.08879866643794487 0.5448851729049137
0.0975865422874147 0.17697980854438977 0.014992831782944971 0.7104408173852506
0.3533270707295504 0.2222008577810266 0.290050460698806 0.13442161079061699
0.45218979341319676 0.4695102948465716 0.02005260849930557 0.058247303240926085
0.04583525594314142 0.1625431580121659 0.19048575946643143 0.6011358265782613
0.13111001126842503 0.026846291553080937 0.7074600538772532 0.13458364330124084
0.03872856615609821 0.316553598455955 0.4220308488100276 0.2226869865779192
0.30590167156315284 0.01649148976069892 0.41602008590769723 0.261586752768451
0.04113208824053727 0.16371741127357664 0.7895951524341686 0.005555348051717535
0.23004964313185416 0.06362303227072763 0.5370556953659484 0.16927162923146977
0.22231921727781867 0.23140590613192769 0.0845634310305432 0.46171144555971044
0.1749112076182442 0.3479929322202635 0.05517722894566479 0.4219186312158275
0.16798200618974624 0.3302180306642668 0.013967694920260176 0.4878322682257268
0.4491158865643673 0.2777113218089563 0.1287009619057775 0.1444718297208989
0.18863630752917915 0.04310180678379516 0.4098662665753229 0.3583956191117028
0.42725326618379944 0.3828908116595724 0.16591261838351956 0.023943303773108604
0.10181265009663354 0.43017370536810395 0.17835498360291402 0.2896586609323485
0.0481245407112747 0.7297934698249764 0.025253122626825886 0.19682886683692302
0.6021177383418923 0.20408538737036175 0.07619137095663864 0.11760550333110731
0.29334505096214925 0.20545043478016523 0.23283874395251702 0.2683657703051685
0.14562490831821107 0.06422367890245928 0.7170141979702821 0.07313721480904756
0.1491924979164173 0.04149771361293231 0.2169060300154777 0.5924037584551727
0.10544165278649653 0.709093596964124 0.013052852802602821 0.17241189744677665
0.015925833322168792 0.1470297256866434 0.3989122660691483 0.4381321749220395
0.5699982279243605 0.03473801263297627 0.33200614335311984 0.06325761608954339
0.06922442238008375 0.20183162772495422 0.35324410592432787 0.37569984397063416
0.3754154544664803 0.08009424797221698 0.29720266578928034 0.2472876317720224
0.26886995351197085 0.1613129286325069 0.31463822884474746 0.2551788890107748
0.1312701179364173 0.08843068032741308 0.5138860264513604 0.26641317528480923
0.44009826418461206 0.06330241823497107 0.22995418181732552 0.26664513576309135
0.00800683480207054 0.3129869791765264 0.23119626803621052 0.44780991798519254
0.32769507542673115 0.3833982447629489 0.009480363073905429 0.2794263167364145
0.18288241690247686 0.0004170612383478378 0.36305861762523717 0.45364190423393813
0.09908722964069971 0.17271958649339436 0.01983065218439395 0.708362531681512
0.030095078100463635 0.2170256903133997 0.27325393885416627 0.4796252927319704
0.2777771857606286 0.03138742940603678 0.4836248368273314 0.20721054800600325
0.4083892923598975 0.24861995597294873 0.03176466095609565 0.3112260907110581
0.23223648626058635 0.34542187573926253 0.020374015267806467 0.40196762273234465
0.41605382137489044 0.39490602334986225 0.15405205387970433 0.03498810139554298
0.3508049637546171 0.396268212778369 0.22402736074701268 0.028899462720001212
0.21339968512557872 0.11942904677929733 0.3311307873611403 0.3360404807339836
0.027173343514355186 0.5711424932614827 0.09260746569003919 0.3090766975341229
0.6077302747403723 0.06294316013005807 0.06658648767210806 0.26274007745746153
0.10455435307333316 0.06424949339229302 0.09675357852518351 0.7344425750091903
0.08770965880474801 0.04082496466789265 0.3597509310224911 0.5117144455048682
0.5178838956444306 0.2105013284662488 0.017713502001797887 0.2539012738875227
0.1201760362033274 0.08391398411083051 0.6729886539935551 0.12292132569228698
0.00015796791843170066 0.05810758458965126 0.9195688858630946 0.02216556162882244
0.4970255458403622 0.14861998596185488 0.28186306370433345 0.07249140449344949
0.011791546510440343 0.5582425073241895 0.021430268890616277 0.40853567727475393
0.3423066847706042 0.05251124495565962 0.4851327347547276 0.12004933551900854
0.5026929675475786 0.2153741858932856 0.23999238560675618 0.04194046095237958
0.14571713628348393 0.13417080588136165 0.5434638664100534 0.17664819142510102
0.23445801922591203 0.06739925802854485 0.1652994390136745 0.5328432837318686
0.15513276435911638 0.12971669044434941 0.3420808479840639 0.3730696972124703
0.02774848496914528 0.2690684970168863 0.09706140034053279 0.6061216176734356
0.062442579808149934 0.28291391221208795 0.25076468175621835 0.40387882622354376
0.020262320521807653 0.5971553517497921 0.3393821700719716 0.043200157656428706
0.3619558238490229 0.5807326247189769 0.055060390115794 0.002251161316206174
0.13922135417741544 0.4026194602510482 0.2252547211677527 0.23290446440378365
0.25360464640154023 0.07813988443856457 0.4248498548988935 0.2434056142610017
0.4418230048682099 0.12146268572739982 0.2405058497951853 0.19620845960920497
0.08128572602006323 0.02916082173794754 0.7213575102933395 0.16819594194864973
0.3845403241575561 0.000851489010881723 0.1640192489786232 0.45058893785293896
0.8894389650769662 0.03302643473943634 0.052261112369916596 0.025273487813680884
0.2558731416529896 0.5288033154583801 0.19860723211597908 0.016716310772651233
0.41660718118723006 0.1621380004595372 0.3058573625628046 0.11539745579042815
0.07099045013761895 0.37978869863556175 0.1129645051584478 0.4362563460683715
0.0030414924859464287 0.20981279974534295 0.764772058609282 0.022373649159428632
0.20611005690515138 0.6794176578527089 0.011333512248192124 0.10313877299394758
0.39796329768108185 0.2774300910376112 0.1228867880871145 0.20171982319419246
0.4099482370683153 0.1964055550940511 0.0872436814360602 0.3064025264015734
0.08396526692213635 0.7580292529832228 0.0844271456264718 0.07357833446816908
0.12191487836818415 0.13430720063699053 0.6375829148737371 0.10619500612108823
0.1851198398687074 0.09872644730391156 0.20745733992073712 0.5086963729066439
0.08824667781629025 0.30283344438648185 0.2954053856074095 0.3135144921898184
0.12593227782740946 0.017530476501728565 0.4723719875241871 0.3841652581466749
0.06517941710840469 0.7166670753458512 0.07460368535494033 0.1435498221908038
0.3033154148973538 0.07705106136527684 0.09420777391264423 0.5254257498247251
0.20856033027514043 0.019499823946964367 0.019599155568110094 0.7523406902097851
0.3711523623532754 0.37041331868171146 0.0989954426190478 0.15943887634596532
0.2646818417454948 0.005558384165759156 0.4057324533618495 0.32402732072689655
0.43078628982214073 0.21983974241979742 0.33788509404867495 0.011488873709386893
0.14018099769703718 0.6514994515935536 0.03881960376567806 0.16949994694373116
0.6462840757965677 0.09650965786733479 0.016961112050193572 0.24024515428590398
0.538651871767978 0.23947621226612748 0.051135351667320195 0.1707365642985743
