15 30 4 72.47427330840375 144.9485466168075
8.639359275417208 2.610063324288986 1.4892689287578829 4.253846014794006 3.478608357457708 5.770002024058828 3.753270241623244 3.740269232387288 2.0056714855803524 3.2490911249210304 9.258669080529062 3.3773216792803624 7.459963187262005 8.791435307711387 8.263715340208382 2.8949552439294517 2.5051872831080093 1.420357525138645 1.354800805817483 2.802077287979256 9.986890624544548 4.355082804950994 7.844592465360547 5.26126998414845 5.587437752358892 9.505345754713984 1.9850198350764694 5.18583844688352 2.273997339107213 5.84513885941233
1.7278718550834415 0.5220126648577972 0.29785378575157656 0.8507692029588012 0.6957216714915415 1.1540004048117656 0.7506540483246489 0.7480538464774577 0.40113429711607046 0.649818224984206 1.8517338161058123 0.6754643358560725 1.491992637452401 1.7582870615422774 1.6527430680416764 0.5789910487858904 0.5010374566216018 0.28407150502772904 0.2709601611634966 0.5604154575958512 1.9973781249089098 0.8710165609901989 1.5689184930721094 1.05225399682969 1.1174875504717785 1.9010691509427968 0.3970039670152939 1.037167689376704 0.4547994678214426 1.169027771882466
0.2989986565002455 0.3240199628343149 0.04260891849029402 0.3343724621751456
0.07966610538989782 0.3107542207066428 0.029561494000832744 0.5800181799026266
0.029158960905142917 0.049171947727945975 0.054303409111372325 0.8673656822555388
0.1954248232131871 0.4440646051006921 0.3351172074056675 0.025393364280453246
0.2688283012582403 0.08227055600894062 0.4407006441022938 0.20820049863052525
0.3713325657678248 0.14916390904191623 0.20702607376817128 0.2724774514220877
0.42529029529235085 0.39855881316405994 0.06409609257689486 0.11205479896669435
0.10682265172052396 0.11293938561661077 0.6981793613145418 0.08205860134832343
0.12759215495203946 0.16770441674677916 0.6255030986483814 0.0792003296528
0.6078523073725284 0.13556732209347055 0.1763810951572743 0.08019927537672678
0.0016447577600704477 0.4188497387558515 0.1532571900469505 0.42624831343712755
0.015004156349900266 0.18571580995417747 0.7315573772368319 0.06772265645909037
0.5990396713972187 0.016360495520231666 0.006220167160935097 0.37837966592161454
0.009044383533662548 0.1123801213431267 0.5569502183621796 0.32162527676103114
0.20999573804245497 0.45575660579913213 0.2751265368347334 0.05912111932367947
0.40128849973594516 0.2817328511632654 0.3108933503286685 0.0060852987721209395
0.2154033690963183 0.15458587726975292 0.0640324251936849 0.5659783284402439
0.6781169710862006 0.03831658420047168 0.14349909601759514 0.14006734869573256
0.11538834870299763 0.4361335235910033 0.19391635532851226 0.2545617723774868
0.06600112254706125 0.5575809310713433 0.006620874578705083 0.36979707180289034
0.7612766711569552 0.027943057820307704 0.1805229830467352 0.030257287976001912
0.03612705238698832 0.06316350500544798 0.6980949383929437 0.20261450421462002
0.18474297802999107 0.5597707503184086 0.22399152236940756 0.03149474928219276
0.21738165701726286 0.03158326411780099 0.1895443881588249 0.5614906907061112
0.7698532438293518 0.05199326167552132 0.005965830591568189 0.17218766390355866
0.030873134596241747 0.4213928872504451 0.2960698054178015 0.25166417273551167
0.16787213484059926 0.09437546490483462 0.5550088611349252 0.18274353911964092
0.1585468371652191 0.3256652861997221 0.23334137758938533 0.2824464990456734
0.26826425539294463 0.043877281413340796 0.45705645094362535 0.23080201225008923
0.0073315085486058695 0.2018756192129627 0.2786794963633936 0.5121133758750378
0.364328800568146 0.17341641885069004 0.1049796658263753 0.3572751147547887
0.056831201412083754 0.3464112325980785 0.0029470884623292726 0.5938104775275085
0.030755633545785144 0.46873678618329884 0.1961853909100436 0.3043221893608724
0.32976593237159135 0.11623221514802118 0.23804806479379692 0.31595378768659055
0.023904422054516594 0.4199701670709125 0.32716152421383915 0.22896388666073175
0.09773087965586325 0.3617135456798525 0.22512461756779845 0.31543095709648583
0.22039953667363887 0.23147172676913408 0.15160179386848194 0.3965269426887451
0.01201012562940873 0.5355423080165638 0.08901378058190124 0.36343378577212626
0.30365373978719956 0.265451297855376 0.30656090443877626 0.12433405791864816
0.20136661118531174 0.1286485740850225 0.18566016787796813 0.4843246468516976
0.07173319673476697 0.4271841751170742 0.38145601012822317 0.11962661801993568
0.363290798030508 0.05788726123950394 0.4785493495409425 0.10027259118904552
0.13927871531915537 0.796983740947085 0.034679612046293884 0.029057931687465732
0.5173941425728488 0.02894490476025413 0.2284311925869612 0.2252297600799359
0.12398756441911152 0.24138013765252408 0.3975451394321651 0.23708715849619932
0.09621129351913138 0.49379416788656727 0.021503412142293232 0.3884911264520081
0.12915869529940904 0.09905378405513643 0.6218534671850584 0.14993405346039612
0.36501978739945595 0.01285618967890012 0.08787480185556695 0.534249221066077
0.15953575050217628 0.31280594362541303 0.1139270061667933 0.4137312997056174
0.29991891969923234 0.1932686175431284 0.31882615304340767 0.18798630971423158
0.12149158646230274 0.7172983411567934 0.025019300303381287 0.13619077207752261
0.3426550027332561 0.24418587673340564 0.38229017761729767 0.030868942916040587
0.07902950509210371 0.08798674036141219 0.7165194894336451 0.11646426511283903
0.10164343205158344 0.4110139977499281 0.4539548874913045 0.03338768270718395
0.04753698969229203 0.38757914103122804 0.5304854323294949 0.03439843694698508
0.19843054054272513 0.05433848655544482 0.3381269852493545 0.4091039876524756
0.13324374974499853 0.2771549309257698 0.5404621231930918 0.04913919613613982
0.14609124865294976 0.22376289367766877 0.23319403427098784 0.39695182339839363
0.540824693036656 0.19220602829821698 0.189148037225637 0.07782124143948999
0.8413234965408011 0.043280559379842765 0.011486488827865737 0.10390945525149042
