38 60 4 168.0290808509338 336.05816170186756
4.462958075650693 8.737370619315572 9.49779672226678 7.325424042496564 6.7027068745426615 6.453651537915382 2.80114158573914 4.486490989000311 3.3308484737628845 1.671465532777911 3.528612772100117 4.9459073603144486 5.349241392305169 8.816405376586552 5.766664456038561 6.060368298112802 5.2394980959567174 7.199578062971397 5.543457448387413 8.408581792891413 9.643304385879274 8.723298148436136 3.7825878200334797 5.947489562311442 6.892105434717362 9.557728549132003 9.772926828271322 5.03681192229157 8.193456358870508 7.55518273346095 1.7933099989141867 8.137311482392741 9.30847865998903 6.534156148694587 2.8970733333348324 3.174770692721435 4.718611113503462 7.562704356363241 1.1358131593578518 2.65850827677057 4.987300239121389 6.385594331631936 2.1447368440883694 8.306605417074806 2.960908501651923 1.8138337611607287 2.090510538352917 9.927986403563358 3.915926883821595 4.61566933131224 5.308638528420152 4.7593425200921295 3.6533159783763063 6.125566421043281 4.269571960243664 3.25062804918952 4.9768588294418645 6.411411164254938 3.965118015572658 6.834839508875302
0.8925916151301386 1.7474741238631144 1.899559344453356 1.4650848084993129 1.3405413749085322 1.2907303075830765 0.5602283171478281 0.8972981978000621 0.6661696947525769 0.3342931065555822 0.7057225544200234 0.9891814720628898 1.0698482784610337 1.7632810753173103 1.1533328912077123 1.2120736596225605 1.0478996191913434 1.4399156125942794 1.1086914896774824 1.6817163585782826 1.9286608771758549 1.7446596296872272 0.7565175640066959 1.1894979124622884 1.3784210869434723 1.9115457098264006 1.9545853656542644 1.0073623844583142 1.6386912717741016 1.51103654669219 0.35866199978283736 1.6274622964785483 1.861695731997806 1.3068312297389173 0.5794146666669665 0.634954138544287 0.9437222227006924 1.5125408712726482 0.22716263187157035 0.531701655354114 0.9974600478242778 1.2771188663263873 0.42894736881767387 1.6613210834149612 0.5921817003303846 0.3627667522321457 0.4181021076705834 1.9855972807126716 0.783185376764319 0.9231338662624481 1.0617277056840304 0.9518685040184259 0.7306631956752613 1.2251132842086563 0.8539143920487329 0.650125609837904 0.995371765888373 1.2822822328509875 0.7930236031145317 1.3669679017750602
0.41727366225734985 0.1620368368852788 0.11001676301294161 0.3106727378444297
0.391248612897663 0.24477002195293018 0.0079802643369693 0.3560011008124375
0.02715249618524962 0.4285190524945206 0.08829898192310548 0.4560294693971243
0.032681883466592954 0.38397440265015326 0.37126311650635246 0.21208059737690133
0.29752939595849814 0.43954415463033125 0.11255235464554814 0.15037409476562247
0.2223293912331995 0.6511368107805691 0.07614131034349891 0.05039248764273252
0.14731208958794795 0.3627900617975395 0.38271477722345526 0.10718307139105732
0.21067825196239698 0.3099580669091857 0.0916247875377123 0.387738893590705
0.03698088916499831 0.06628060489708887 0.2234595072913227 0.6732789986465901
0.0884656219527149 0.062116317945155486 0.37679576193871 0.4726222981634196
0.448445646003794 0.34719167398290474 0.18790745967862887 0.016455220334672394
0.31018012874268597 0.17613887182864307 0.28869190265386013 0.22498909677481083
0.3018397331562893 0.24974363732906368 0.16626863285958293 0.28214799665506407
0.4182691451817704 0.2935358089884632 0.016707460095972126 0.2714875857337943
0.21493613130690503 0.32297017423239505 0.08343076620498424 0.3786629282557157
0.28393989612930515 0.017780274822283615 0.31957107565755705 0.3787087533908542
0.27755361129573375 0.14779376782257336 0.2887312815977261 0.2859213392839668
0.0744326893605407 0.7280325633786219 0.06018380281733027 0.13735094444350715
0.19302885597478248 0.000274300319028975 0.4695595125309635 0.33713733117522504
0.006353076172511352 0.08869742030947392 0.7848487558759066 0.1201007476421081
0.1903361726911975 0.19746553267595746 0.009343653894689274 0.6028546407381558
0.027675815559792927 0.1649788903299525 0.46436718907788177 0.3429781050323728
0.1643808865820401 0.3947089756240717 0.2846440235269353 0.15626611426695292
0.002964390736657996 0.24823560541783085 0.4153315231199385 0.33346848072557267
0.13340377784937885 0.47374005874737746 0.13350276528452354 0.25935339811872016
0.2533414804953589 0.1701093022614505 0.1970230897062979 0.37952612753689274
0.6783188934847446 0.05535899229864161 0.2571857855245262 0.00913632869208758
0.5311138526766923 0.18874787032891216 0.22316064064748342 0.05697763634691211
0.2543435934413354 0.16085235608804305 0.3566988045922178 0.22810524587840375
0.49596117875130974 0.37914043270637887 0.052817536101020135 0.07208085244129125
0.7038592452840678 0.10538786550969792 0.05614415778962378 0.13460873141661045
0.010048879290294521 0.29457551714227337 0.019452795328966266 0.6759228082384658
0.24110542539024227 0.029352568871943152 0.5107315422267882 0.2188104635110264
0.24322064397857546 0.10866416174680538 0.12947074988383767 0.5186444443907815
0.06672960380151838 0.018861383926649933 0.07527919047872511 0.8391298217931066
0.1912412833592957 0.23589574086067433 0.44924874234277157 0.12361423343725841
0.21040405835529263 0.1299833127867729 0.3311827280430708 0.3284299008148637
0.11069298497814384 0.015799789831319022 0.42553508889514513 0.447972136295392
0.4149897187089727 0.17896348280786323 0.04005385931017569 0.36599293917298836
0.24534178546014596 0.6235334321042976 0.0604983911436765 0.07062639129187998
0.5352403782055861 0.10034334139522438 0.028872388855574083 0.3355438915436154
0.5640518447178356 0.04343585502465597 0.313028431275723 0.07948386898178539
0.5330704023631755 0.20683682332327635 0.200730139711626 0.05936263460192215
0.6337590867533814 0.20441752825286263 0.1330011194106333 0.02882226558312262
0.28603623480006535 0.3897028321295899 0.15728432967822092 0.16697660339212383
0.2890261029698594 0.22618530756408806 0.13546620513788377 0.34932238432816876
0.5304506353098782 0.17075220205264763 0.20202555599133765 0.09677160664613649
0.09077790216677328 0.22395767820931523 0.08961875192560809 0.5956456676983034
0.1834951546989625 0.5550950368898125 0.17264084076672115 0.08876896764450382
0.5608976243492427 0.03224099023072191 0.10016223631057208 0.3066991491094633
0.2860247902077643 0.1311820201582975 0.18704823104666346 0.39574495858727476
0.4231642653768217 0.04796736667710233 0.3883184566192134 0.14054991132686256
0.26542860921620604 0.23209264772274452 0.44594064507909903 0.05653809798195042
0.10165542054032317 0.18779060200626585 0.009300258632011227 0.7012537188213998
0.33537422304318376 0.2960453112638959 0.26164100091045706 0.1069394647824633
0.03258792519320797 0.36615027547985024 0.3333777316922024 0.2678840676347394
0.24513265359292158 0.19493131267593478 0.3143925540673863 0.24554347966375734
0.4641624609527256 0.03271018551067162 0.4241474728740161 0.07897988066258665
0.4555706820408236 0.08774844067543741 0.25733694405869845 0.19934393322504051
0.31542506669730086 0.2004756579858592 0.25143605868439955 0.23266321663244038
0.2907360027058288 0.3794162394005334 0.24968768322266788 0.08016007467096997
0.4580688025734684 0.2044399731432761 0.06628783024737572 0.2712033940358798
0.5262847256951094 0.11549092113653114 0.3258191900626003 0.03240516310575914
0.019853526969808466 0.595892482908659 0.1299225953210883 0.2543313948004442
0.36011858810158326 0.15597822496252012 0.026721310907744433 0.4571818760281522
0.650520389425572 0.026418533840424474 0.17819776477685156 0.14486331195715196
0.2362862251202137 0.013041919289421444 0.15832416827546236 0.5923476873149025
0.2953283625939106 0.06082355397199457 0.22855824005177916 0.41528984338231567
0.5215856555433336 0.1331932514391193 0.34419233140969296 0.001028761607854145
0.5119917969948556 0.3005069729860774 0.142003870774411 0.04549735924465592
0.4409570335519626 0.3252133886466584 0.1272084070020244 0.10662117079935463
0.043028117943009314 0.6522819027563431 0.3035830626571069 0.0011069166435406785
0.30326851404266764 0.19660314150585267 0.20207243289797394 0.29805591155350575
0.48744124610992656 0.17928448254885465 0.3079444262744976 0.0253298450667212
0.06848946019364521 0.2848020203228716 0.18136170008362051 0.46534681939986267
0.23874792260587974 0.07701377745607674 0.26732404935817744 0.4169142505798661
0.2221468302720142 0.6288972485538139 0.0595719968802515 0.08938392429392039
0.07697742872354629 0.15506966791386045 0.13669879170256838 0.6312541116600249
0.4448112695756449 0.15912302698015446 0.0812605554851995 0.31480514795900116
0.3328557745444828 0.18895020562896492 0.37714166663776205 0.10105235318879024
0.1891958933686272 0.1623444721921553 0.617225538566438 0.031234095872779477
0.04877453977030011 0.021534476162760496 0.4851525670986093 0.4445384169683301
0.22213100012321763 0.2795879820281041 0.46500338812012687 0.03327762972855142
0.3516736001656581 0.49599291239464305 0.05913455226291986 0.09319893517677902
0.02494741720345428 0.760849578408284 0.14572016688843525 0.06848283749982642
0.20176744869904928 0.24443379554789657 0.5127670045225803 0.04103175123047387
0.6307405159508652 0.13623103898070044 0.16951029710749466 0.06351814796093969
0.24553951786378658 0.30589374566714467 0.17660285614009863 0.2719638803289701
0.1542780621978347 0.15076388235568738 0.6347301773623991 0.06022787808407881
0.03036742203995968 0.5643100209293388 0.26014136942403543 0.1451811876066661
0.07432136214775864 0.6698852419824827 0.05123772186449882 0.20455567400525987
0.08642277831693224 0.007928144650931834 0.8605375877648216 0.04511148926731434
0.40397913276619646 0.11459503651023761 0.25529237290484097 0.22613345781872496
0.18577045118427815 0.19238721681917226 0.2159245901280229 0.4059177418685267
0.008785391048810154 0.4923838170286875 0.15600566266647276 0.3428251292560296
0.0741818997630852 0.575744171562409 0.24062795280856097 0.10944597586594484
0.47777450068694205 0.19812736585444835 0.1641589694921044 0.1599391639665052
0.17836355735103215 0.5591163439268989 0.2377850484583206 0.024735050263748337
0.0630161697845858 0.21496860948801033 0.2639577083367929 0.458057512390611
0.11088959075504634 0.3624581692950948 0.17723955394680402 0.34941268600305486
0.21672263367940092 0.19250026414668353 0.2904160309788594 0.3003610711950562
0.2852900110145118 0.24462119241571945 0.10133845758334126 0.3687503389864275
0.011416318667181291 0.13916439548585458 0.3321869751088147 0.5172323107381495
0.012019303093654399 0.798089565101945 0.01976109298545392 0.17013003881894673
0.09556424542238118 0.7611998958003702 0.06957089511865822 0.07366496365859043
0.09831183329287396 0.1484467149977996 0.5799843535618319 0.17325709814749457
0.18699391869064774 0.5722645578310134 0.03595428158242964 0.20478724189590924
0.03955309937885587 0.6310679435514494 0.31187165008129514 0.01750730698839964
0.10735643100425873 0.11407534611423964 0.21924167547672735 0.5593265474047743
0.6728303643423116 0.035616459211423424 0.26489345634451644 0.026659720101748552
0.19501669384718612 0.48691984223447937 0.07698060880720559 0.24108285511112892
0.011883452129815342 0.3152034035711212 0.48788828407577745 0.18502486022328601
0.014075350395599151 0.10122296084664284 0.2788419485493149 0.6058597402084431
0.042945422500622055 0.280318212642111 0.18682970062497917 0.4899066642322878
0.18526381278191473 0.10348076217793467 0.4730124074441112 0.23824301759603939
0.26158133827553653 0.15076250784163292 0.22477963433767434 0.3628765195451562
0.45965720413803035 0.24194631283259982 0.03564183686656974 0.2627546461628001
0.1144666565477459 0.09938907812263464 0.18129453081412583 0.6048497345154936
0.17178858598649072 0.36951880357754585 0.17885230885540526 0.27984030158055817
0.07975577553770008 0.22769361865955762 0.25595237904752544 0.43659822675521687
