24 10 4 31.16159862224248 62.32319724448496
9.640155730023267 7.295608449546185 9.998805633614912 2.980605698045666 4.2495071856765225 7.658568911884934 9.968101525801872 3.8471228001154754 2.2289012184117216 4.4558200913644015
1.9280311460046533 1.459121689909237 1.9997611267229825 0.5961211396091332 0.8499014371353045 1.5317137823769866 1.9936203051603745 0.7694245600230951 0.4457802436823443 0.8911640182728803
0.3205192835651931 0.21359615563252743 0.17553612339040692 0.29034843741187255
0.5425598767095098 0.1292466858675655 0.1709729869879677 0.15722045043495703
0.6311697774551955 0.311256083905585 0.028001699034540084 0.029572439604679368
0.48603186896637274 0.12861576487571147 0.2295725196802788 0.15577984647763699
0.75779804985444 0.092529846740522 0.011286282455151841 0.13838582094988616
0.14303670588390183 0.2591817086968693 0.014611496181730965 0.5831700892374979
0.7367514493829402 0.17991289982802738 0.024754826228454818 0.05858082456057756
0.5734290389184014 0.12605956731878865 0.2718430869920997 0.028668306770710306
0.11409656487218656 0.42940319122166826 0.0173912945517396 0.4391089493544056
0.4419491708850247 0.1549422728420845 0.3559186166459274 0.047189939626963384
0.24729376490994515 0.11912098817356997 0.5337276774398584 0.0998575694766265
0.306012589949623 0.25571651736351464 0.3317184963817631 0.10655239630509927
0.6422254812227944 0.03801337922336068 0.21332829147460608 0.1064328480792388
0.22768325439797588 0.3069976118319814 0.27253843315845605 0.1927807006115867
0.23169719664900035 0.2679796894548391 0.12001988925223239 0.3803032246439282
0.12279848359327927 0.4340844984586807 0.06749208010792551 0.3756249378401145
0.002023272594058212 0.40723574990917233 0.5861916518630186 0.004549325633750878
0.0975246685479263 0.7225124477821694 0.06901106036862814 0.11095182330127618
0.031438805443634976 0.3193236552768066 0.5288266309916793 0.12041090828787915
0.25902153226143165 0.029721942098640097 0.3665425716172379 0.34471395402269034
