40 10 4 27.078731883722877 54.15746376744575
4.669183252722576 1.4982943610067407 8.096813897380773 3.585746663104113 5.053155282705441 3.7352107480668897 5.737595718674309 6.61430991596218 7.990979119524616 7.176174808298116
0.9338366505445151 0.2996588722013481 1.6193627794761547 0.7171493326208226 1.010631056541088 0.7470421496133779 1.1475191437348617 1.322861983192436 1.5981958239049232 1.4352349616596232
0.02753468032253259 0.786433839620463 0.16697034324480953 0.0190611368121949
0.1742026705579186 0.27570218069571084 0.3853953246935168 0.16469982405285377
0.6300235477735956 0.03977123284001538 0.16353847011052247 0.16666674927586655
0.014574549491022437 0.43275709581466015 0.1895905970657369 0.3630777576285805
0.3181554811157882 0.08082599510012145 0.1499104710636684 0.451108052720422
0.03665485277358338 0.6664228154945897 0.21968713078646696 0.07723520094535996
0.03106401861008723 0.6666135769111458 0.2690203976918417 0.0333020067869253
0.19449838173029577 0.7312972886675191 0.02532569921475858 0.04887863038742657
0.13234514122696706 0.20839900739906214 0.06742657973218158 0.5918292716417892
0.04860097468345659 0.5644159075743383 0.30807676034443965 0.07890635739776541
0.6008160922159131 0.10782905994728553 0.1956220650685292 0.09573278276827213
0.11892465400250474 0.08332357228227938 0.24689885340404716 0.5508529203111687
0.5083099649576006 0.32672472105206907 0.12236442307632123 0.04260089091400909
0.3622958940337371 0.17968899692435836 0.22030558331888894 0.23770952572301562
0.14499034716650117 0.04249092597415749 0.052556933363431146 0.7599617934959102
0.17905510581496975 0.3894896513439944 0.15146803789804986 0.279987204942986
0.5828253068387628 0.2529042250212993 0.07412393595514943 0.09014653218478852
0.06964475381882396 0.3216817270737653 0.11499904836446095 0.4936744707429498
0.1709050507067864 0.2860144504843022 0.053061080890379086 0.4900194179185323
0.08835370272900134 0.16824619320418244 0.49472912602426566 0.24867097804255056
