99 20 4 58.82760427023981 117.6552085404796
7.050507027677126 5.392705593165253 8.429456566323067 1.2830174886366832 8.27244967028363 6.0905567764947754 3.6786024883354957 1.4202614845625794 9.915646595237165 1.0614315973928967 7.928137253709458 7.720903908948697 4.396950427014687 5.447327070168783 9.360535528860213 4.559086399112383 9.76560667146064 5.719732438377161 1.8425178396797732 8.31977571503916
1.4101014055354253 1.0785411186330507 1.6858913132646134 0.25660349772733665 1.6544899340567258 1.218111355298955 0.7357204976670991 0.2840522969125159 1.983129319047433 0.21228631947857934 1.5856274507418917 1.5441807817897393 0.8793900854029374 1.0894654140337567 1.8721071057720426 0.9118172798224766 1.953121334292128 1.1439464876754322 0.3685035679359546 1.663955143007832
0.2116867855893635 0.08058233036979812 0.5357734502476498 0.17195743379318862
0.14401099890768465 0.2676522399352538 0.23317146276037315 0.3551652983966884
0.23504378152453465 0.24161237293132531 0.42198803261653983 0.10135581292760021
0.1675466277143035 0.35733021224770944 0.017210858855909117 0.45791230118207793
0.25263223015238256 0.21360590455745965 0.3344200289365684 0.19934183635358937
0.2037283479831944 0.3456500698328775 0.3897990050692398 0.0608225771146883
0.40995853614205446 0.022830799049052608 0.4185546554806785 0.14865600932821443
0.29306511293389037 0.34355498977756826 0.3398312195054015 0.02354867778313985
0.3039332037836162 0.00866125396597972 0.6453855411894899 0.04202000106091419
0.1531184547977973 0.6734400691733518 0.04821236848218213 0.12522910754666883
0.23526653942787257 0.3110020959426484 0.17414892236657875 0.2795824422629003
0.6138800418290888 0.07714983681933762 0.13591658282222174 0.1730535385293518
0.10346633054919097 0.059742545920013934 0.3812085362552975 0.4555825872754976
0.526586339040998 0.21806091295478913 0.025390378547693326 0.2299623694565195
0.41494128416141196 0.0921382323162333 0.48828536413095125 0.004635119391403486
0.33170348372063974 0.1430590790490106 0.2494628721796589 0.27577456505069076
0.13313606043554593 0.48190334977509497 0.2331932753222068 0.1517673144671523
0.5164365326761173 0.17309507073181563 0.08689148791111867 0.22357690868094837
0.6107433480628744 0.007165551306591911 0.08545595340626355 0.2966351472242701
0.07688890351604516 0.22156227167774034 0.35916446889695863 0.34238435590925587
0.2215773717295777 0.3327684128611077 0.2617965753965028 0.1838576400128118
0.09518162193353041 0.0016836393291367324 0.11533091405288987 0.787803824684443
0.0065530026811640996 0.07106083391885076 0.47462059027764836 0.4477655731223368
0.0417585312942399 0.598384009220085 0.2887356429814111 0.07112181650426408
0.264091169854872 0.5708276818357383 0.13335466108467364 0.03172648722471605
0.3773337872453968 0.4601598053298579 0.07796890640459031 0.084537501020155
0.0790466853113343 0.5625234154621294 0.07454285114880321 0.28388704807773313
0.16001007403150314 0.045376636835141926 0.4999016483802121 0.2947116407531428
0.015782220353167897 0.033130466622871 0.6695936928017876 0.2814936202221735
0.47002862075489793 0.22372927872790227 0.22459024922570225 0.08165185129149755
0.10554000904938199 0.4107128992573009 0.3062722407001367 0.1774748509931804
0.24365630403016658 0.11114671026264278 0.11072620077277151 0.5344707849344191
0.23282414461674794 0.06605525397849488 0.05603181814483715 0.64508878325992
0.25629263014827697 0.3918661902487872 0.1421729360149393 0.20966824358799652
0.10662336988183263 0.04799676326729829 0.6522564806899013 0.1931233861609678
0.07674838391545857 0.3573934163047128 0.3172119112320222 0.24864628854780646
0.2006592579192613 0.46045773522549216 0.24106241775505677 0.09782058910018976
0.24913734216053152 0.305726653649667 0.21771652451476087 0.22741947967504061
0.3994604078623404 0.20132571411298172 0.10230720548611705 0.29690667253856085
0.17408102283484006 0.03777685565114386 0.754212658410862 0.033929463103154034
