41 20 4 44.94609502858254 89.8921900571651
3.2583126137044616 1.414862386053506 7.091346169995026 1.3912253708027684 2.0478133284987816 6.434791200539318 2.7183759650176524 7.016641455343112 9.25703063983807 4.769020782543726 3.9903386504296847 3.5473027165455395 2.6765404065840195 3.853994234379676 5.330518019341977 1.6256842103044493 7.344843144205201 3.832092405815862 7.7075411942732295 4.58391516294902
0.6516625227408923 0.2829724772107012 1.418269233999005 0.27824507416055366 0.4095626656997563 1.2869582401078636 0.5436751930035305 1.4033282910686222 1.8514061279676142 0.9538041565087452 0.7980677300859369 0.7094605433091079 0.5353080813168039 0.7707988468759351 1.0661036038683955 0.3251368420608899 1.4689686288410402 0.7664184811631725 1.541508238854646 0.916783032589804
0.23222257380049705 0.18953546376595787 0.18646842195659385 0.39177354047695123
0.08319793139001486 0.016833444104543793 0.27299001933682177 0.6269786051686196
0.3228915299988052 0.2593331182318215 0.4172470814882714 0.0005282702811019169
0.34662213109326945 0.007296243234583222 0.4354208446436828 0.21066078102846453
0.14276900206595344 0.10162865715276959 0.5818838067809057 0.1737185340003713
0.28259491299005657 0.24257423337150696 0.07728779860497548 0.397543055033461
0.1562870850090965 0.7066956518992273 0.07982573867012388 0.05719152442155229
0.027097049937408912 0.2392297600183083 0.5490136723230311 0.18465951772125166
0.39365049084868586 0.04340581313422842 0.042195392353781225 0.5207483036633045
0.3642211688976196 0.013898277206209397 0.35914769619953946 0.26273285769663157
0.03261042688922067 0.06759855160099781 0.4147917661050101 0.4849992554047714
0.43492332203686457 0.09166445002730839 0.30298208639684854 0.1704301415389785
0.4836819550767191 0.07906250134618953 0.3223744783873589 0.11488106518973251
0.05887044519220874 0.30276998829391943 0.28342997280743765 0.3549295937064342
0.17010918751016402 0.3929049419085401 0.24585493613824605 0.19113093444304985
0.24944998716114897 0.16091704257106876 0.3498376065028569 0.23979536376492538
0.22295932453294576 0.3634139551979506 0.396746304487136 0.01688041578196764
0.044437067282930176 0.3644518553194319 0.4479972141619023 0.1431138632357356
0.0920117117681093 0.6692064735094867 0.18295696052055088 0.055824854201853125
0.014598500574212858 0.017563558171909133 0.1176174060982168 0.8502205351556612
0.39390821324778114 0.047756390830012485 0.2867918833076084 0.27154351261459797
0.12622394470640497 0.45738209502168214 0.15774584504748979 0.2586481152244231
0.28100165124209897 0.3619256412429599 0.22967376787905391 0.12739893963588722
0.21808769381247683 0.24259661081909123 0.2608163370249601 0.27849935834347184
0.28007182787862595 0.0025913786582084652 0.5917085292303512 0.12562826423281437
0.27650747910770745 0.4152882109743278 0.20906227441702951 0.09914203550093525
0.6637884093045906 0.017533083377610392 0.2301850978848975 0.08849340943290152
0.24094774926551976 0.13926366048387484 0.44953645441591317 0.17025213583469223
0.32141909578024264 0.23685007811123893 0.019993697183412595 0.42173712892510584
0.20369669555579883 0.4788898046371598 0.020436238673466667 0.2969772611335747
0.18844613250139997 0.003611931057433515 0.6633379462721466 0.14460399016901992
0.492427591307534 0.2743121652046536 0.1426505323231303 0.09060971116468208
0.12406707728439814 0.024094015404640623 0.38304068317575957 0.46879822413520167
0.3224577242161273 0.012536865329303204 0.017877894290628582 0.6471275161639409
0.3395809933450612 0.00349522728407603 0.35804416469881395 0.2988796146720488
0.08502655062147602 0.24601628904171458 0.3179465720748045 0.35101058826200493
0.0945597107216587 0.09255656294891423 0.0953183422871301 0.717565384042297
0.13292327495509637 0.576155863257195 0.06456445386282483 0.22635640792488376
0.11074431650238326 0.5188577271859585 0.041262632094169804 0.3291353242174885
0.2506928782227559 0.3094737295220302 0.04046231109847587 0.39937108115673803
