90 30 4 87.05902356180547 174.11804712361095
2.377487788895322 2.4191709490846653 9.869420027648374 9.140479577247643 2.674704364003369 3.4093856297184555 4.006460417395412 6.801326838392721 3.262665166821157 6.716857486491543 6.218180009571964 6.569301005586586 4.309949133791452 3.3235056311270106 2.7491517102830194 5.972683568950478 8.430677215012231 5.531051825869226 7.188038891556346 7.8359401882857265 6.7807359037530475 4.465038795395186 1.7209350717215726 8.26740857522951 8.303266130850528 1.4574613438799466 6.348265997355321 9.71436144811626 9.875955252002914 8.378181179573971
0.4754975577790644 0.48383418981693305 1.973884005529675 1.8280959154495284 0.5349408728006738 0.6818771259436911 0.8012920834790824 1.3602653676785441 0.6525330333642314 1.3433714972983086 1.2436360019143928 1.313860201117317 0.8619898267582904 0.6647011262254021 0.5498303420566039 1.1945367137900955 1.6861354430024462 1.1062103651738453 1.437607778311269 1.5671880376571452 1.3561471807506096 0.8930077590790372 0.34418701434431453 1.653481715045902 1.6606532261701055 0.2914922687759893 1.269653199471064 1.9428722896232522 1.9751910504005827 1.6756362359147943
0.5992306394787505 0.09065071611603404 0.14884321994681315 0.16127542445840226
0.28397939083661716 0.26375717782143715 0.26539913342457233 0.18686429791737336
0.6351718208092202 0.1245242004408178 0.021548687799113453 0.21875529095084856
0.44141912537248595 0.3121372800727965 0.1638053363842623 0.08263825817045523
0.03762491609951424 0.5434490416639011 0.10893487504732946 0.30999116718925523
0.042545912408137876 0.5937895935274372 0.1828351099187826 0.1808293841456423
0.14505798112421608 0.3326783018815539 0.1861274168992001 0.3361363000950299
0.06511069917522705 0.04212596118361678 0.5324992337316136 0.3602641059095426
0.14240054643382516 0.029828097012140065 0.42500906005637107 0.4027622964976637
0.16234382525204372 0.025744305682973923 0.7441727103706862 0.06773915869429614
0.0923233370678872 0.1569783913897479 0.6492636934607714 0.10143457808159351
0.036555037449919836 0.4808750975445135 0.3900340013625828 0.09253586364298383
0.40861216090048513 0.11852561095019698 0.18010274107538848 0.2927594870739294
0.18775160056804419 0.23890611918300375 0.10828697545980626 0.4650553047891458
0.27661387266198334 0.19296443601953284 0.0790665263749798 0.45135516494350403
0.4766591514344346 0.12523478457107884 0.191343300660897 0.20676276333358956
0.17581212611303076 0.15998238642023244 0.2993148788861255 0.3648906085806113
0.2961689888712047 0.36545706252582366 0.1173555177149106 0.22101843088806106
0.20949276068203737 0.2818204002592426 0.17213833081146346 0.3365485082472566
0.23281271569816386 0.10452821768116172 0.5525170920684205 0.11014197455225394
0.25576771407005305 0.07787526866577632 0.17141899796954585 0.4949380192946248
0.11352773501344571 0.016297232249776417 0.6691160897807996 0.20105894295597826
0.08772422686790438 0.7341079393930969 0.1666888359868367 0.01147899775216199
0.06759164547638152 0.14664811857704085 0.6085584332170797 0.17720180272949793
9.883971227442334e-05 0.680997015318668 0.18136006829252938 0.13754407667652824
0.4203202797481821 0.3098968253052087 0.1434080105113532 0.12637488443525602
0.06434332030326262 0.6313651986874239 0.09220960511529086 0.2120818758940226
0.03685419770217391 0.058472740256188094 0.5868413294909813 0.31783173255065666
0.016984036662833435 0.5801136908517197 0.2154561225762588 0.18744614990918806
0.7468732358883365 0.02292146441017784 0.09777139437653815 0.13243390532494748
0.4600107025815916 0.16322770613683635 0.05835427440416685 0.3184073168774052
0.4843603170084342 0.12245773355692358 0.34967920138539954 0.0435027480492427
0.30422153475609315 0.09568208772786502 0.01681306499726598 0.5832833125187759
0.5956696149350738 0.00671457462558267 0.3000713124483625 0.09754449799098108
0.46239777294776496 0.4700328002956855 0.026548447549924137 0.041020979206625396
0.08796747714396325 0.03919111433394484 0.8409249666739552 0.03191644184813669
0.33628657522722205 0.1634519846528354 0.39382092330248586 0.1064405168174567
0.28866727167434003 0.24808979029818956 0.022714157862179674 0.44052878016529073
0.18737458930544748 0.3613611074232891 0.44143410671138106 0.009830196559882376
0.41599945782845726 0.07276791898395163 0.18512802695206265 0.32610459623552845
0.2915832487376844 0.5540450664376284 0.007225123596855676 0.14714656122783154
0.6116509526744077 0.3668435370744495 0.004155251319154729 0.01735025893198805
0.28385982369897766 0.09993618609202548 0.33654059759221133 0.2796633926167855
0.09376640952597814 0.6391712031644421 0.21614126911314213 0.05092111819643763
0.019901741520077176 0.16959057475671369 0.28774026229066973 0.5227674214325394
0.4710693834429036 0.09943767490296584 0.1715152524374567 0.25797768921667386
0.15444951836875043 0.1309096474765047 0.5184785152384771 0.19616231891626779
0.3040481252291818 0.030848799023394657 0.04180171052864212 0.6233013652187814
0.24751442161634019 0.08513962074844728 0.33516360194876293 0.3321823556864496
0.10594623682506454 0.28152662091784586 0.34399854146934417 0.26852860078774543
0.2658267277695653 0.26554626475954624 0.0235119234167267 0.4451150840541618
0.16301111015871828 0.13423457858363885 0.22608001130181876 0.4766742999558241
0.17582925895277524 0.09700493119755749 0.04960587734025523 0.677559932509412
0.6118746598725222 0.23441486073201312 0.15086684817856955 0.002843631216895126
0.10245195821578412 0.38231512322638417 0.17953888144490682 0.3356940371129249
0.24630263829079369 0.1404368312982236 0.4603684545204152 0.15289207589056752
0.2895630377864732 0.12685690657623627 0.13043518179697788 0.45314487384031266
0.09354691421661188 0.4707842053735576 0.28217769788520686 0.15349118252462368
0.03944917560818828 0.48010512634744207 0.14517185179779202 0.33527384624657763
0.1126015822479094 0.29950688934944547 0.10637453334052815 0.481516995062117
