85 50 4 128.7979002821036 257.59580056420725
6.583364330979304 5.580577617808663 3.6842035758285583 6.884188411533362 3.4615588091703993 5.708134705150308 4.359247678893491 4.323507342159129 7.612242412685536 6.837749880807694 9.332170607609392 3.0443332915441097 4.649974783363562 8.953126663606893 2.8801100399967217 2.9240853639171505 3.55096316239917 5.07815955113373 4.038142481657352 1.1056353832251342 4.572521855712626 7.202280791375718 8.516829752961383 3.842096370393186 7.472701995813897 5.544908707154223 4.307429796465081 2.6466476543238677 5.829932447310805 1.2844898403252207 6.387329279409229 7.984854452098324 3.013520765556634 6.6364560181769 4.710880954686588 6.589653154517656 3.1562176731111826 3.7653153587029218 3.3246339797585263 1.8438878974899269 5.7173452582260476 8.800767650003527 4.77669162296492 2.978956653933391 9.906278232377366 1.9033218781581096 1.0147589302857536 6.43357669770288 9.803449479763902 7.03658932197781
1.3166728661958609 1.1161155235617326 0.7368407151657117 1.3768376823066724 0.6923117618340798 1.1416269410300617 0.8718495357786982 0.8647014684318257 1.5224484825371072 1.3675499761615388 1.8664341215218783 0.6088666583088219 0.9299949566727124 1.7906253327213786 0.5760220079993443 0.5848170727834301 0.710192632479834 1.015631910226746 0.8076284963314704 0.22112707664502684 0.9145043711425253 1.4404561582751436 1.7033659505922767 0.7684192740786372 1.4945403991627795 1.1089817414308445 0.8614859592930163 0.5293295308647735 1.165986489462161 0.25689796806504417 1.277465855881846 1.5969708904196647 0.6027041531113267 1.32729120363538 0.9421761909373176 1.3179306309035312 0.6312435346222365 0.7530630717405844 0.6649267959517052 0.3687775794979854 1.1434690516452095 1.7601535300007054 0.9553383245929841 0.5957913307866782 1.9812556464754731 0.3806643756316219 0.20295178605715072 1.286715339540576 1.9606898959527803 1.407317864395562
0.623441821693624 0.19440714126305447 0.046977406586864334 0.13517363045645714
0.6816976657513556 0.01687113944886387 0.1840782378202419 0.11735295697953863
0.6094352933191975 0.21352535305058984 0.0889621383241953 0.08807721530601731
0.368499092059986 0.006071546617047563 0.4081623478466976 0.21726701347626887
0.5379855975511549 0.020819651893171143 0.03710206378302794 0.404092686772646
0.0941653509822915 0.3149943340455932 0.5517438944363532 0.03909642053576212
0.06053018611847594 0.2827149258360382 0.48812550701924085 0.16862938102624503
0.14607977173094322 0.7360875611619375 0.06086926025172812 0.05696340685539114
0.2437226950629785 0.1946143591473285 0.26341630726120024 0.29824663852849276
0.1966079223238475 0.17384134234327708 0.41457067735305964 0.2149800579798158
0.39964827064113173 0.04669121941752874 0.157287213898339 0.39637329604300053
0.5606681544070187 0.19920691517636158 0.17284220371258652 0.06728272670403324
0.09219302487950909 0.2534344138152834 0.316009047330547 0.33836351397466047
0.29193904174846086 0.12727405423628146 0.1997426581732159 0.3810442458420418
0.24037664941773051 0.10866694869710902 0.0917140238366898 0.5592423780484707
0.47857192648094926 0.12394214847370644 0.13965295719459048 0.2578329678507538
0.11533146236810088 0.522717928579088 0.2140918036358379 0.14785880541697316
0.040770408338104636 0.34985614890795547 0.4848732705097619 0.12450017224417798
0.11009334712060348 0.13442978572131337 0.00718770826744497 0.7482891588906382
0.20659938310932346 0.2220907292649249 0.18438677060979625 0.3869231170159554
0.20207296219870985 0.5378405833463006 0.10014681423612692 0.15993964021886264
0.19840468191116545 0.09294895285873006 0.4459789682411429 0.2626673969889616
0.29654695231492545 0.19475378985730452 0.22633076473057712 0.2823684930971929
0.15569263863760063 0.6239223360164173 0.017907464310735755 0.20247756103524628
0.3321348390665497 0.2736944150961922 0.10780488306959413 0.28636586276766396
0.1089143463263832 0.09721651298124301 0.6944841593210281 0.09938498137134566
0.11129686620294832 0.2837025362283391 0.5827269077042727 0.022273689864439894
0.018811247585117097 0.5099396219791074 0.27672194239019365 0.1945271880455819
0.19984187217475036 0.12144069597312013 0.5620605568218981 0.11665687503023137
0.4439277085941712 0.07434658131870409 0.46779416483506575 0.013931545252058974
0.3611003911547035 0.38026672970379705 0.24844020630556307 0.01019267283593639
0.16147954806837073 0.40331673295233983 0.15441241480840162 0.2807913041708878
0.05572433860713588 0.1378992807414936 0.5614723871696139 0.24490399348175662
0.24621028211535811 0.3081121953933199 0.21001101312081782 0.23566650937050415
0.3929596788978015 0.04415563175314696 0.4401395760723614 0.12274511327669013
0.6188040099098727 0.18464528713144535 0.020239997677540478 0.17631070528114146
0.43675165469684674 0.016636991794742095 0.19124094839997297 0.3553704051084382
0.22701940305685653 0.4601622950716482 0.29723190678737876 0.015586395084116522
0.637090000990614 0.03824719346781247 0.07258526838676438 0.2520775371548092
0.22439752015850634 0.5942644136247212 0.11318856263159738 0.06814950358517513
0.3513897591488131 0.2276054680865668 0.31897844038650114 0.10202633237811898
0.40939703581040054 0.4218814091831121 0.08316372392668714 0.0855578310798002
0.27817395587716887 0.16615588098408807 0.2792764304852944 0.2763937326534487
0.048308040689552856 0.7228199904945675 0.0438853983296017 0.18498657048627798
0.23474652863169387 0.608995792129335 0.06574540081309022 0.09051227842588094
0.004778405056638513 0.22678701438381788 0.4167051811753023 0.3517293993842413
0.010924063183853194 0.09291085733769344 0.09561851407828481 0.8005465654001686
0.8335752865105878 0.04861043634453854 0.03432888626178476 0.08348539088308893
0.06500974505024282 0.2819535716171653 0.5118051923070142 0.14123149102557775
0.38676890442288814 0.1430295104449142 0.4478538242855895 0.022347760846608167
0.07962356800939752 0.23215485749999343 0.38709606272749764 0.3011255117631114
0.19280916609810417 0.3521769127229195 0.40951390382004194 0.045500017358934386
0.0896839695388787 0.047836963812310285 0.7236433270759428 0.1388357395728682
0.07773425813959045 0.1439273629951474 0.3113755687722384 0.46696281009302376
0.11247798312700319 0.2951931086958133 0.2688298993081373 0.32349900886904626
0.1313395181528637 0.7927292092035474 0.04934615545930843 0.02658511718428047
0.335996112291177 0.12200739781068315 0.4156075045074171 0.12638898539072274
0.02105608163849859 0.09356664868146025 0.13255630054359369 0.7528209691364475
0.5764502621644098 0.04366400805420112 0.1436329316102899 0.23625279817109923
0.28307331262117086 0.033778434075614316 0.10083492775297576 0.5823133255502391
0.1224551957685045 0.12758259791137094 0.31919612555785415 0.4307660807622704
0.02968835534866432 0.16593222153029175 0.06423502341678067 0.7401443997042633
0.3167420180525774 0.034248993121314686 0.27765156481566866 0.37135742401043925
0.012734960997164757 0.02758089212958892 0.15746414012227417 0.8022200067509722
0.1329278267554579 0.11865833260893155 0.5768963919805749 0.1715174486550357
0.05404149869187058 0.11862678706164653 0.35654170047743683 0.47079001376904606
0.3667029683340599 0.19421185235866423 0.38976329023267553 0.049321889074600334
0.4212978778277332 0.11429293274489327 0.3166740912848708 0.14773509814250274
0.31778967312438244 0.49687736625802836 0.0345852919923737 0.1507476686252155
0.25572027856132673 0.19894465821799567 0.17211309433606148 0.3732219688846161
0.013454257446630202 0.17977396647115018 0.7082123349278905 0.09855944115432913
0.14466132349845173 0.16285836516688446 0.02337701958072924 0.6691032917539346
0.008716458393418614 0.3813652251036138 0.06059032093071404 0.5493279955722535
0.22879375119162204 0.07132124365114523 0.3998017024217483 0.30008330273548445
0.22039498960800807 0.04990939322073307 0.3190815715335322 0.41061404563772663
0.37629376460754027 0.05006986233713473 0.21257615759941428 0.3610602154559107
0.629164045852275 0.006231219186345949 0.22202212832311985 0.14258260663825917
0.4390871839481275 0.019583237326606162 0.14904774546645772 0.3922818332588086
0.030563194913985292 0.15993529508882054 0.3186258808438761 0.49087562915331806
0.3697896566468498 0.44065271746083035 0.027681993733028043 0.1618756321592918
0.2391315093982449 0.2582562596502027 0.04484705262824962 0.45776517832330277
0.8134076390096054 0.0495159330777275 0.029936857247279125 0.10713957066538793
0.34817561395936947 0.001764669537128949 0.35137576395191683 0.29868395255158475
0.27946327273134264 0.18483429184889422 0.23986627120655057 0.29583616421321257
0.22304485619302816 0.3323978363338308 0.2994576730105625 0.14509963446257856
0.4201346019246496 0.09047179681196893 0.3409409492638046 0.1484526519995769
0.1612040698710866 0.032118290084819034 0.3097586965386816 0.49691894350541277
0.12966797299067045 0.12357115599454538 0.4150484472770324 0.3317124237377518
0.5034102908248604 0.046193152219112577 0.1725687948253547 0.2778277621306723
0.01485995055120104 0.05401760528073407 0.6260776662988085 0.30504477786925643
0.3447534806954128 0.5885290951096965 0.04450488209772874 0.022212542097161947
0.31517972963252583 0.11672306503572383 0.08003667713962093 0.4880605281921294
0.5572133474294376 0.005600299057682334 0.037481668155381564 0.3997046853574985
0.047265286807233076 0.20374873224371448 0.2228580456358925 0.5261279353131599
0.19738404015041766 0.3162889167968941 0.02195548309364903 0.4643715599590392
0.3100573163190973 0.27657320477247527 0.011158070031508371 0.4022114088769191
0.3603772161287747 0.09158996668509489 0.10330365814784503 0.44472915903828536
0.32966571486134233 0.26510721083076394 0.35512282986205734 0.05010424444583639
0.13394361287375323 0.05513381406845974 0.14421385360430994 0.6667087194534771
0.38901744849990993 0.1087016566940997 0.4994984279491034 0.0027824668568869892
