99 90 4 249.20565408465296 498.411308169306
7.050507027677126 5.392705593165253 8.429456566323067 1.2830174886366832 8.27244967028363 6.0905567764947754 3.6786024883354957 1.4202614845625794 9.915646595237165 1.0614315973928967 7.928137253709458 7.720903908948697 4.396950427014687 5.447327070168783 9.360535528860213 4.559086399112383 9.76560667146064 5.719732438377161 1.8425178396797732 8.31977571503916 2.9051810703042715 5.989112061316169 3.6304220436324544 8.345281239884693 8.452383095861302 2.9941963455661993 6.803512314429804 1.8566345974017737 4.704969149586446 1.8717873513640044 2.296098990169162 2.9097655778400133 5.2899053901027395 1.6985245294001339 3.1153940337208117 1.0589770241304768 9.087797683651598 5.970109841898969 2.5079196494287315 9.359903651461623 5.878789289361299 1.375826781648159 5.723891559658116 6.761282864628924 8.205923472817695 8.514269665215494 3.273690071371443 9.714461614977555 5.19614321238858 3.376820528693848 5.944405760344647 4.396004085208571 2.8335551318487493 9.239162490818606 9.452596805967806 8.537442333177292 4.895104016719964 7.445016567300402 8.66209591604607 1.7114201678020087 4.68962682527849 6.774130906961173 9.78806189995174 7.347595233221715 6.729580924403128 2.8484803977998054 3.637586016405013 2.4400906662835284 3.735398834052546 7.466557418000439 9.621819990451772 1.142039983178511 3.8133501197463633 1.44021418278435 8.87293803207998 7.243821095345202 8.439026715740342 9.265133338376522 2.3780660931801756 5.230257586794082 5.916417718334689 5.646276174760146 7.483758019633897 8.402726341061378 3.117398854850853 1.949860081444438 6.524920376461799 3.192906736271499 8.442518153235834 5.1897629355902275
1.4101014055354253 1.0785411186330507 1.6858913132646134 0.25660349772733665 1.6544899340567258 1.218111355298955 0.7357204976670991 0.2840522969125159 1.983129319047433 0.21228631947857934 1.5856274507418917 1.5441807817897393 0.8793900854029374 1.0894654140337567 1.8721071057720426 0.9118172798224766 1.953121334292128 1.1439464876754322 0.3685035679359546 1.663955143007832 0.5810362140608543 1.1978224122632337 0.7260844087264908 1.6690562479769386 1.6904766191722604 0.5988392691132398 1.360702462885961 0.37132691948035473 0.9409938299172891 0.37435747027280086 0.4592197980338324 0.5819531155680027 1.0579810780205479 0.3397049058800268 0.6230788067441624 0.21179540482609535 1.8175595367303194 1.194021968379794 0.5015839298857463 1.8719807302923246 1.1757578578722598 0.2751653563296318 1.1447783119316233 1.3522565729257847 1.6411846945635389 1.7028539330430987 0.6547380142742887 1.942892322995511 1.039228642477716 0.6753641057387696 1.1888811520689295 0.8792008170417143 0.5667110263697499 1.847832498163721 1.8905193611935611 1.7074884666354584 0.9790208033439928 1.4890033134600804 1.732419183209214 0.3422840335604017 0.9379253650556979 1.3548261813922347 1.9576123799903482 1.469519046644343 1.3459161848806256 0.569696079559961 0.7275172032810027 0.4880181332567057 0.7470797668105092 1.4933114836000878 1.9243639980903544 0.22840799663570222 0.7626700239492726 0.28804283655687 1.7745876064159962 1.4487642190690404 1.6878053431480684 1.8530266676753044 0.4756132186360351 1.0460515173588163 1.1832835436669378 1.1292552349520293 1.4967516039267794 1.6805452682122755 0.6234797709701706 0.3899720162888876 1.3049840752923598 0.6385813472542998 1.6885036306471668 1.0379525871180455
0.10346633054919097 0.059742545920013934 0.5278210021792216 0.30897012135157353
0.5444174127245024 0.2002298392712848 0.025390378547693326 0.2299623694565195
0.41494128416141196 0.11164505487958609 0.46877854156759846 0.004635119391403486
0.33170348372063974 0.1430590790490106 0.03231695370799492 0.49292048352235474
0.13313606043554593 0.48190334977509497 0.10918602473866834 0.27577456505069076
0.5164365326761173 0.2599865586429343 0.07180959421379607 0.1517673144671523
0.6179088993694664 0.0716227040384666 0.013833249367796951 0.2966351472242701
0.07688890351604516 0.22156227167774034 0.31229217286908895 0.38925665193712555
0.6576156440907441 0.024142911031502012 0.21829878007574322 0.09994266480201064
0.036569392659698385 0.11720530093840875 0.793779910270191 0.05244539613170185
0.1428040002663774 0.6182159967795761 0.05795848975609219 0.18102151319795434
0.3188977829088504 0.3089626530596927 0.30902559721094225 0.06311396682051462
0.22200462314754843 0.27839554341221406 0.21272962296601028 0.2868702104742272
0.06650677541017858 0.5167826542040015 0.15118082926142173 0.2655297411243982
0.18728599604706986 0.05506057764947958 0.4566860521642828 0.30096737413916774
0.18990049999358483 0.06059067959374431 0.566979039346194 0.18252978106647688
0.15187424427171203 0.5162423617568715 0.2600500195038886 0.0718333744675278
0.4653861200367132 0.04426003562578518 0.33761012279162883 0.1527437215458728
0.2936366812621213 0.03425967593230239 0.4540736341031888 0.21803000870238753
0.042048944863398385 0.6366039229511948 0.18845837371307728 0.1328887584723295
0.15354461964236843 0.42993839143637813 0.09586832075035334 0.3206486681709001
0.04172451242733011 0.3753545711876364 0.53604614589072 0.046874770494313545
0.0893868021046419 0.037304617884177826 0.7644395619469101 0.10886901806427018
0.023803481188196973 0.05999494901505864 0.3838046210594884 0.532396948737256
0.4953588256325778 0.3538507484308746 0.06829594774929681 0.08249447818725075
0.29222681546453255 0.23960429913421477 0.3148424149108585 0.15332647049039416
0.10143118966342501 0.23310789490188566 0.18384196609266457 0.48161894934202476
0.11568120372470159 0.6699896869465487 0.2037126037146031 0.01061650561414662
0.3561315526921506 0.2836034915811665 0.0657603683829171 0.29450458734376583
0.22973762378328277 0.0020531147281348527 0.43295710324261616 0.3352521582459662
0.18053825752417763 0.6801536428345328 0.0927861393794085 0.046521960261881046
0.054766306743142756 0.5151637690042231 0.1950476016324486 0.23502232262018552
0.2933307026037758 0.23565231205094206 0.19427812076616569 0.27673886457911645
0.2518293523009715 0.5564714991762216 0.046755404957328994 0.1449437435654779
0.2577210814870431 0.11918899387992477 0.08349023996043214 0.5395996846726
0.2987697335133854 0.022192159219373675 0.10885051269111368 0.5701875945761272
0.7197976852257829 0.23806921641961787 0.006314055075554048 0.03581904327904517
0.31687232762034223 0.39981512408633113 0.158726845604243 0.12458570268908364
0.09716521270663792 0.17990631124383027 0.4874580086878709 0.23547046736166088
0.17559021524034768 0.5622156271859415 0.07672619382472179 0.185467963748989
0.4242363418663041 0.09688462950415322 0.2804090193929438 0.19847000923659885
0.4149378921423217 0.2811006157307371 0.08310290723127345 0.2208585848956678
0.15429501475117713 0.5122201610909564 0.05551611895507269 0.2779687052027938
0.5874975089797344 0.3005480923927033 0.07043031370680275 0.04152408492075954
0.004558333272067117 0.5210759906194324 0.021655956448799807 0.45270971965970064
0.03217275754922133 0.19074495572882888 0.20346370335436725 0.5736185833675825
0.333240678610386 0.2270994891338225 0.39260461147423675 0.047055220781554774
0.3937157023065978 0.2811421449214555 0.053226879188555065 0.2719152735833916
0.2971745801513792 0.06528441487724645 0.48513284754199204 0.1524081574293823
0.2877629958134339 0.2436003778408472 0.24540489411741695 0.22323173222830195
0.09253468107152485 0.12582515663661786 0.41952093604648266 0.3621192262453746
0.0992727548682667 0.1313297906237929 0.7633578558276884 0.006039598680251945
0.14647368843243913 0.3712726935677517 0.27731103156488657 0.20494258643492258
0.42004320439797127 0.12333123921789046 0.24077322454816086 0.2158523318359774
0.058584533544527306 0.17217245752769172 0.16576269343768357 0.6034803154900974
0.23746757840374821 0.17249371578983386 0.19032067381794282 0.3997180319884751
0.1271827461738262 0.35069397336456565 0.18537054936511543 0.33675273109649273
0.6798629464098658 0.14365352898169825 0.15937882397979564 0.017104700628640335
0.2597852093887342 0.2432489170599903 0.44342185631363706 0.053544017237638464
0.13345937895089877 0.13098775972470478 0.42056994141093096 0.3149829199134655
0.3112445277337669 0.4838988409325897 0.16032378283884208 0.044532848494801325
0.11887094968971768 0.6276113804219968 0.23182814696303278 0.021689522925252724
0.15216835476734036 0.06985366308207075 0.2115645916194555 0.5664133905311334
0.4775209246986981 0.3644558623214963 0.06863000265019825 0.08939321032960734
0.3101444796393379 0.11015792131987856 0.1305926285122635 0.44910497052852005
0.08856712354263074 0.01869701851432448 0.836024633274142 0.05671122466890277
0.1042730028002462 0.6940234436101679 0.05856686726709037 0.14313668632249554
0.04808689015557355 0.08634357321043662 0.30664711579791604 0.5589224208360738
0.566704382259279 0.10033577939796945 0.21947338509020675 0.1134864532525448
0.16213185113802142 0.12375720186145067 0.21287792074709333 0.5012330262534346
0.05157257785097502 0.07382564102892186 0.07279441935035313 0.80180736176975
0.6406508157705636 0.08252386696734382 0.21456377526905235 0.06226154199304024
0.03947795098312812 0.3830229393388489 0.13804820751642777 0.4394509021615952
0.18533743639459377 0.28858838618821325 0.3553604391328299 0.1707137382843631
0.20531974954455412 0.3291129267150793 0.388406307105326 0.0771610166350406
0.06602164621214446 0.3590339701009808 0.39608712279401304 0.1788572608928617
0.16523994507294815 0.073740924125973 0.5469762769902706 0.21404285381080823
0.1757641896273755 0.3714399247848127 0.16727495548547322 0.2855209301023386
0.22202651912787852 0.4132009091847917 0.06009261141025779 0.304679960277072
0.1922777792216669 0.1719423542216192 0.5685038130896299 0.06727605346708398
0.26899016234746387 0.016603959677270574 0.09072516163622846 0.6236807163390371
0.028261147542906984 0.030506755505137706 0.15971052605199287 0.7815215708999624
0.01510207236413219 0.06359735704446423 0.022617849534656287 0.8986827210567473
0.14668177692866236 0.6457661862533196 0.054653765558716594 0.15289827125930144
0.13523440698517242 0.31533903187162926 0.06184848091234518 0.48757808023085314
0.16606219229918628 0.6197212900810276 0.01580882427994612 0.19840769333983999
0.043361858797965724 0.5626091014109258 0.22674396541018216 0.16728507438092632
0.2733110707681965 0.07344104370402393 0.23527336283876266 0.4179745226890169
0.043643974661290885 0.5206301040050548 0.24016924184957955 0.19555667948407474
0.6012064099509514 0.16869140760563162 0.09683576607054778 0.13326641637286918
0.23282414461674794 0.06605525397849488 0.05592361569756654 0.6451969857071906
0.35491121674007997 0.2932476036569842 0.1421729360149393 0.20966824358799652
0.10662336988183263 0.04799676326729829 0.10167249699914604 0.743707369851723
0.07674838391545857 0.3573934163047128 0.37273481361886085 0.1931233861609678
0.2006592579192613 0.5506944535329322 0.1508256994476167 0.09782058910018976
0.5548639958101985 0.10625299733455495 0.11146352718020591 0.22741947967504061
0.24913734216053152 0.15032306570180887 0.20132571411298172 0.3992138780246779
0.21185787848598392 0.49123544897545524 0.2629772094354068 0.033929463103154034
0.17408102283484006 0.03388885887967252 0.6330930197030841 0.15893709858240335
0.2317612521475123 0.3990049711421222 0.16511967706785102 0.20411409964251448
0.08649102197078118 0.7329657535282875 0.14381306914505398 0.036730155355877314
0.4138407275582775 0.27117982256321616 0.022262353841112636 0.2927170960373937
0.08320396459997825 0.6318016702578971 0.22509696766086273 0.05989739748126188
0.16447437009756782 0.4185852768990945 0.0913050292819435 0.32563532372139414
0.15860332704069646 0.28022269369741504 0.010297078399951864 0.5508769008619366
0.03840426016681553 0.3613055468401557 0.5197870133960016 0.08050317959702713
0.014042530782964135 0.10015546217305571 0.49442703195291704 0.3913749750910631
0.4363721251332012 0.02429526582074437 0.3756501823448769 0.1636824267011775
0.36242166711449064 0.2064209208007466 0.153121560973415 0.27803585111134776
0.3938187114217395 0.5309609241238561 0.0037400105961965524 0.07148035385820783
0.3331955602651395 0.12866898826158313 0.5255512338089493 0.012584217664328046
0.11952024818869655 0.3073230355923027 0.4443673595951372 0.1287893566238636
0.384237420660842 0.018235423855867294 0.5870361567539434 0.010490998729347334
0.3563730836826636 0.06302482949130161 0.1716477669135663 0.40895431991246844
0.447545039919667 0.4309692038935362 0.03184032204654352 0.08964543414025328
0.30605773614434406 0.33841183280320486 0.32039413303366826 0.03513629801878282
0.1039296511878981 0.29930835447198556 0.019193569927900445 0.5775684244122159
0.411640239775103 0.20262186819381556 0.3628333338326034 0.02290455819847803
0.06573737643223143 0.6345764135019869 0.15752283781264886 0.1421633722531328
0.050988396525263324 0.05933992521017151 0.8404490065476875 0.049222671716877664
0.12134416008913118 0.17149203728330675 0.1617826123006615 0.5453811903269006
0.4109163200546081 0.36775932567062186 0.2206936418129024 0.000630712461867633
0.5662921025181589 0.20251774130835642 0.06282670483757569 0.16836345133590902
0.11150083577660996 0.39258396523699934 0.041137512927898245 0.45477768605849245
0.6180202257218576 0.12253714257925175 0.02980639078960856 0.22963624090928214
0.2449402939337385 0.6188716969238064 0.11258828019560829 0.02359972894684681
0.13865012495834428 0.02729912154998393 0.2257107006908956 0.6083400528007762
0.014755308159439928 0.46125004152981475 0.2218973851361975 0.3020972651745478
1.7399161704956256e-05 0.07481728541621813 0.060826864214623355 0.8643384512074536
0.2769859370698503 0.18690453266986984 0.3829328682150228 0.15317666204525704
0.28996662309025767 0.09233472373728757 0.5725705207795614 0.04512813239289337
0.2856874913751274 0.13993940777087788 0.19405770358965557 0.38031539726433916
0.6239770064425033 0.10507759249678805 0.25723621407766795 0.013709186983040689
0.10999634864645236 0.2118342248155224 0.3294546353847204 0.34871479115330484
0.2348421508510521 0.3187167240820432 0.03709326430743487 0.40934786075946983
0.1595487213961546 0.562124567644589 0.27755136161566707 0.0007753493435893599
0.31024746062290176 0.15508696989556936 0.09740953989578882 0.43725602958574006
0.37699774198034397 0.29761627818442216 0.04604612672346786 0.279339853111766
0.3402506988797521 0.23355993011225462 0.3959893739034914 0.03019999710450183
0.19329990704618727 0.40222213250188354 0.17104614343597957 0.23343181701594962
0.1001888938786738 0.4899749769160886 0.14081084200090954 0.26902528720432806
0.19094332198202124 0.2911503506177032 0.04555488396640861 0.4723514434338669
0.16196661733921802 0.5703025855494209 0.09881478305760427 0.16891601405375678
0.4209944409176969 0.03972630753582873 0.36598586550967105 0.17329338603680333
0.12451298179499393 0.4785061153360036 0.07325790596038384 0.3237229969086186
0.7247993792642962 0.17062854197583022 0.07376885438078551 0.030803224379088112
0.015525113045989136 0.23069126426018938 0.33938938229065796 0.4143942404031635
0.25572684421742664 0.43106025142986215 0.066960875480503 0.2462520288722082
0.1279380606813213 0.6191664153541354 0.25113676025370524 0.0017587637108380516
0.14588130975490177 0.3424275359489741 0.40162415494602544 0.11006699935009867
0.3976811325989844 0.08872819470923532 0.3273181134475336 0.18627255924424668
0.2920493914490089 0.2706433179041302 0.13178235938901872 0.3055249312578422
0.2836073311095998 0.25189342015563543 0.3084041241431217 0.1560951245916431
0.11267459991411855 0.19923923277680589 0.1370845602162435 0.5510016070928321
0.20476029102875304 0.3456775362168948 0.21960636911212994 0.22995580364222223
0.8645452568588741 0.04904867916070743 0.018967456293536133 0.06743860768688237
0.317198354885053 0.06696815670690903 0.3622811003422388 0.25355238806579916
0.8128504254260196 0.17757958387340889 0.006987581150486033 0.002582409550085485
0.2639014293924884 0.402663319050228 0.28599822410939946 0.04743702744788414
0.04005981809542691 0.24972231361471364 0.6416922785299083 0.06852558975995116
0.5318948902420083 0.13965273269209788 0.27148807825747345 0.056964298808420355
0.19961178538969204 0.33196758084866484 0.3116019688181323 0.15681866494351082
0.3833865072004601 0.39369867983369 0.20206673776939943 0.02084807519645049
0.10583492864672017 0.5186448333816704 0.23153172147658418 0.1439885164950252
0.32695267646997117 0.08038994994775306 0.04065408340623733 0.5520032901760384
0.38685171732002455 0.12100625328425518 0.3750757899832259 0.11706623941249439
0.8753905226899984 0.007845641217672727 0.10279477078782906 0.013969065304499817
0.5544097375119436 0.16313962544311011 0.2775796691860809 0.004870967858865427
0.09898831696612587 0.4512306181962137 0.26302805419024633 0.18675301064741412
0.006793617404869723 0.021557569333487736 0.13966692644747614 0.8319818868141664
0.2970863114802822 0.41503495581252736 0.12154959900129891 0.16632913370589153
0.3238919500822637 0.08821554264428089 0.04503822292800186 0.5428542843454536
0.3768519690385207 0.22671981619114323 0.3704913599980456 0.025936854772290463
0.23461222903843848 0.03529573950411069 0.19394664348642332 0.5361453879710275
0.19545098526594817 0.6103264900179184 0.06585876238313515 0.1283637623329983
0.5889768736677841 0.050220942556951864 0.030351090031653705 0.33045109374361037
0.10577361590930145 0.21315949433843706 0.5732450737030785 0.10782181604918295
0.3624516948375637 0.1514711648984386 0.21486121617244636 0.2712159240915514
0.18685991363345922 0.2759378576217012 0.5187001968830752 0.018502031861764356
0.42642813279960967 0.24751347571215165 0.21238700963419432 0.11367138185404435
