40 70 4 192.9538077331453 385.90761546629057
4.669183252722576 1.4982943610067407 8.096813897380773 3.585746663104113 5.053155282705441 3.7352107480668897 5.737595718674309 6.61430991596218 7.990979119524616 7.176174808298116 9.828449768690247 6.407344829943218 8.325716679486959 7.377806369468788 1.2478121229027934 9.138404955085552 5.049143661282665 2.0703218860225427 8.517701583524316 2.820234036563057 2.5678240350212675 5.042323717199482 7.028153025522498 9.616591981773919 8.499999256517201 5.5747896846184055 6.670211929962361 8.515312174087027 5.0259848077511435 7.860614268492859 6.732300181342775 4.260663046303634 1.131170945419202 5.877864018622859 3.8633993300420935 2.3049131244985106 5.940027525516202 2.687331458265928 4.590833285943186 3.160343858536808 1.3298936749622503 6.116902814430677 9.30488319149176 2.6114959523347276 7.327699014413557 7.480115155513126 1.279576167490785 6.245427761548865 7.279098359691097 9.188681210336902 9.700281938917673 8.52156578674056 9.56009232651316 5.556929763313452 2.750485435572662 1.6268027843694157 9.332161033580334 4.521938328033303 4.673536555223897 2.538145456361078 2.1911062710427034 5.5898252387332095 4.066697337634263 5.1122755107197975 1.4374087721511093 3.309399063398654 9.289842783420111 1.795183324561012 6.517151940320154 7.761961197617045
0.9338366505445151 0.2996588722013481 1.6193627794761547 0.7171493326208226 1.010631056541088 0.7470421496133779 1.1475191437348617 1.322861983192436 1.5981958239049232 1.4352349616596232 1.9656899537380492 1.2814689659886436 1.6651433358973917 1.4755612738937576 0.2495624245805587 1.8276809910171103 1.009828732256533 0.41406437720450856 1.703540316704863 0.5640468073126115 0.5135648070042536 1.0084647434398963 1.4056306051044998 1.9233183963547837 1.6999998513034402 1.114957936923681 1.3340423859924722 1.7030624348174055 1.0051969615502288 1.5721228536985719 1.346460036268555 0.8521326092607268 0.2262341890838404 1.1755728037245716 0.7726798660084186 0.4609826248997021 1.1880055051032403 0.5374662916531856 0.9181666571886373 0.6320687717073616 0.26597873499245006 1.2233805628861354 1.860976638298352 0.5222991904669455 1.4655398028827116 1.496023031102625 0.25591523349815704 1.249085552309773 1.4558196719382193 1.8377362420673804 1.9400563877835346 1.7043131573481118 1.9120184653026322 1.1113859526626904 0.5500970871145323 0.32536055687388316 1.8664322067160668 0.9043876656066606 0.9347073110447794 0.5076290912722156 0.4382212542085407 1.1179650477466418 0.8133394675268526 1.0224551021439594 0.28748175443022184 0.6618798126797307 1.8579685566840223 0.35903666491220243 1.3034303880640308 1.5523922395234089
0.4287068546457897 0.039535664622307065 0.4116143372647242 0.12014314346717903
0.012082138563782263 0.06536727003116083 0.05627276258236369 0.8662778288226932
0.38356623071592955 0.018130176788222707 0.05401337452221289 0.5442902179736349
0.14140647732409317 0.3517626685042339 0.3831410808316087 0.12368977334006426
0.18124673920870116 0.3383977580746096 0.004608185834390599 0.47574731688229865
0.0042243686391818525 0.45704026648008333 0.2495041207755423 0.2892312441051925
0.4041328539479496 0.34372549909552863 0.1626330208001746 0.08950862615634714
0.6207810809164124 0.14149394226986745 0.20810240585961903 0.029622570954101146
0.25456878510470604 0.1273432008602733 0.217080463861142 0.4010075501738787
0.2056078484243279 0.2181047843122893 0.07594478698987128 0.5003425802735115
0.08281160692135792 0.5929860051647257 0.17677905962819873 0.1474233282857177
0.11667804413406246 0.1559322545248445 0.6467684311423747 0.08062127019871834
0.05070618107573788 0.19105350645636376 0.5761565452080404 0.18208376725985798
0.14191602324995178 0.27204717387351407 0.00048355805366173676 0.5855532448228724
0.33573483475534327 0.055990525159385074 0.2987746465369814 0.3094999935482903
0.012972035348441269 0.19949112222224175 0.39348404690592187 0.3940527955233951
0.25917664166162013 0.03225535527014245 0.03497387242243 0.6735941306458074
0.10051597803343737 0.40209684956147673 0.3903474578364391 0.1070397145686468
0.13214034604363079 0.39489163862797483 0.27622494845404977 0.19674306687434462
0.676818994674723 0.06098150786288992 0.001649482428352278 0.26055001503403485
0.4456172194857436 0.2617077285121773 0.02373073561123462 0.2689443163908445
0.009641076149634054 0.24668189279911779 0.32053971844585205 0.4231373126053961
0.03062131143614244 0.3175575906915621 0.04665081265696558 0.6051702852153299
0.30882494474554445 0.10199506414664539 0.4728670258357709 0.11631296527203927
0.21232382999680055 0.35335998374490285 0.1235858589254416 0.310730327332855
0.20262475477963715 0.7059934076034139 0.08624570970287371 0.00513612791407525
0.03230080113214473 0.4264293957221338 0.3906727768711339 0.1505970262745876
0.4694233981730983 0.2560422862519941 0.10097905327116496 0.17355526230374263
0.16898524805224135 0.41958689844089725 0.1482520737717149 0.2631757797351465
0.3173200305600755 0.2118335670284096 0.014611408321539399 0.4562349940899755
0.08013858380041572 0.12180504366292066 0.16687406933725168 0.6311823031994119
0.6333013149831535 0.1987538350293958 0.011305003067852537 0.1566398469195982
0.1633986759996532 0.0644131571177381 0.7341817601220968 0.038006406760511924
0.2889750052544173 0.31248831517255427 0.013542240429103014 0.3849944391439254
0.005496985207712246 0.31398505210031 0.23905949518685965 0.4414584675051181
0.48419130923258336 0.05040907491737645 0.09565165150155719 0.369747964348483
0.25272672201084034 0.08709970971251635 0.1552870893006031 0.5048864789760402
0.3114715988854815 0.18076948926877812 0.02117007691043782 0.4865888349353026
0.05650691521373974 0.3553938034737677 0.23780315950117492 0.35029612181131764
0.16626146009629916 0.00917737170462285 0.8057076544469631 0.01885351375211486
0.006518068261111676 0.17278637021418064 0.31578693390904855 0.5049086276156591
0.10169696846269816 0.2980352120778852 0.24986333156970675 0.3504044878897099
0.1677596659285795 0.6772359990477133 0.005206985762679972 0.14979734926102728
0.6905604710180032 0.07426473509076281 0.07776098898863171 0.15741380490260226
0.006759892617685281 0.3143505896351487 0.07378801147528335 0.6051015062718826
0.1331017553532995 0.12253312091631585 0.05642347940405801 0.6879416443263267
0.0031353031412139076 0.45665061873515533 0.15473235839941724 0.3854817197242135
0.018590282715883033 0.09570444775639919 0.2024509478322294 0.6832543216954884
0.1004123372487028 0.4306175774476003 0.2557601135022455 0.2132099718014514
0.13800903504102413 0.11342959267757802 0.30845590471256445 0.4401054675688334
0.265537571546402 0.2828611941454744 0.03193342799364418 0.4196678063144794
0.11144605757924897 0.6805037151144521 0.10047892227740529 0.10757130502889367
0.009712011032264378 0.08824978917999637 0.3613793267258465 0.5406588730618928
0.1183322671945577 0.21371119880522293 0.2980397549312488 0.3699167790689706
0.11357344354981247 0.5091000295772187 0.3293396492336902 0.04798687763927867
0.12120585959037566 0.10022026263334471 0.46148705282498714 0.3170868249512925
0.585562846825345 0.031615803315089175 0.12312379575204302 0.2596975541075228
0.56754500655203 0.2913399958556403 0.045632523537792014 0.09548247405453769
0.026061741962373874 0.5439741093333289 0.3912711455421022 0.03869300316219504
0.07631255434772599 0.1611373509766031 0.438331844490357 0.3242182501853139
0.08902701365356891 0.667593153993959 0.04984669295135258 0.1935331394011195
0.1280645248179113 0.35786499182104603 0.04136282214541087 0.4727076612156318
0.10266459644342085 0.7785734473562458 0.0899501397593997 0.02881181644093367
0.033322048878807076 0.23397112962895616 0.1657332915436246 0.5669735299486122
0.02549138790584815 0.24861566840358573 0.4067565367501915 0.3191364069403746
0.04172786999157374 0.4233183881282948 0.46024260281729545 0.074711139062836
0.23435735897065257 0.3212803529688055 0.07504256746108673 0.36931972059945517
0.18705306229101215 0.05438637058100182 0.008113036942862806 0.7504475301851232
0.3951854628050451 0.4102990928799417 0.14165028867975993 0.05286515563525329
0.3607954632733139 0.10226433185696793 0.18573144435800193 0.35120876051171623
0.11820124030023071 0.5152415293493015 0.32469972580189344 0.0418575045485744
0.14775294913593906 0.5979898343110309 0.14939782121267509 0.10485939534035493
0.6585260783370275 0.16530077012888433 0.10843335800817111 0.06773979352591708
0.11271575614356144 0.0203599427563238 0.7334535615255346 0.1334707395745801
0.28389170717358103 0.005710038461927414 0.3770970491094685 0.33330120525502305
0.21779505267446997 0.7083108742944934 0.03968802246846925 0.034206050562567425
0.2473434459622874 0.20915596147150806 0.4479742802587414 0.09552631230746311
0.049309308339197666 0.7404242640374361 0.017860450116273685 0.19240597750709254
0.00042666958457104887 0.2580882865925914 0.3364646697018189 0.40502037412101866
0.2916022696275469 0.08470400052627891 0.06092236822407482 0.5627713616220994
0.005853708080804321 0.5110072638804508 0.072526976609118 0.41061205142962687
0.5351041023019584 0.2781348489771489 0.1790359708026088 0.007725077918283918
0.28714030870314555 0.1710298694200285 0.2756256047745089 0.266204217102317
0.2667732915213632 0.20078591282135372 0.23980561975168047 0.2926351759056026
0.07249752386882291 0.050596849137712785 0.19161685291691577 0.6852887740765485
0.6352273945377976 0.026213422066880265 0.19784748063788082 0.14071170275744127
0.058378047850259795 0.061708976662493864 0.8579779778331993 0.02193499765404705
0.2295976805503145 0.2955112037532476 0.25307184990771303 0.2218192657887249
0.7540292373444691 0.040603023564313556 0.0996276802336925 0.1057400588575248
0.26170294898138813 0.5056248455077231 0.1452807841997188 0.08739142131116995
0.08759821089865694 0.246658371553232 0.07220191403316423 0.5935415035149468
0.2238566372329459 0.020437080897137805 0.057770149910057356 0.6979361319598589
0.00287500863498924 0.07824864002213361 0.7255542430971775 0.19332210824569962
0.344146293675903 0.47933864275948934 0.16284865148573502 0.013666412078872647
0.40338647506003933 0.16596907663195493 0.048138125711379764 0.382506322596626
0.009418780815869554 0.02287699777726393 0.412928263432204 0.5547759579746625
0.1777547818861459 0.4709429710094536 0.02645989438464158 0.3248423527197589
0.2633138583441108 0.19738199373140652 0.2567762395743872 0.28252790835009545
0.38490762168028747 0.27098250477335784 0.10503564804545074 0.23907422550090396
0.12269611873151254 0.32868139625485593 0.37278888670495414 0.1758335983086774
0.019662610122718305 0.4831548025856711 0.3464059050248274 0.1507766822667832
0.5852857252632788 0.00964430240571712 0.10300769560061607 0.302062276730388
0.4414876804616049 0.08459501591667606 0.11349609907651415 0.3604212045452049
0.47826806826076407 0.16111801045045382 0.32211487352868073 0.03849904776010138
0.2780496752705792 0.09455858304733455 0.029119719327593274 0.598272022354493
0.03282866725204925 0.10826107091995973 0.5423020105560918 0.3166082512718992
0.08518279398590523 0.031936164904936115 0.08740904540785766 0.795471995701301
0.44282248319919204 0.0017111963192381063 0.11699944295941245 0.4384668775221574
0.05545321409925863 0.14077315335451623 0.5758482817619114 0.22792535078431375
0.44275033887814497 0.17455834507149182 0.3618416419500803 0.020849674100282933
0.39698652608446094 0.21734282148224116 0.20920329893474088 0.17646735349855702
0.31309426217701464 0.06214254541723341 0.6185143509913776 0.006248841414374318
0.3353248775070883 0.27753963246712954 0.08174976715387405 0.3053857228719081
0.10078411952406052 0.050781093205433225 0.3337901364174223 0.514644650853084
0.40561273675432563 0.2862210921073298 0.1518081507221959 0.15635802041614866
0.630282043658568 0.13834087101573855 0.009588000434853305 0.22178908489084015
0.21663230172390224 0.05475767868120085 0.03072839547623618 0.6978816241186607
0.49940035626475954 0.4017920018325384 0.08977152868123883 0.009036113221463249
0.18731677773835953 0.3098302118552636 0.2954701053649328 0.20738290504144408
0.5184834275356218 0.0235166883730602 0.13921679268624565 0.3187830914050723
0.0683179418010339 0.8199638336599433 0.020722192216027002 0.0909960323229958
0.5031101351081173 0.033793141180597286 0.24544175481323538 0.21765496889805003
0.34988889517493893 0.2733084894800306 0.06799623864411664 0.3088063767009138
0.07231248074350649 0.7485006952661403 0.0834012570905398 0.09578556689981343
0.04790366004588931 0.12123295767114872 0.5077532411012325 0.3231101411817294
0.15597758652657878 0.16819067177403868 0.2601580163293451 0.41567372537003744
0.06103299939495643 0.4361519829780067 0.15948518117563992 0.3433298364513969
0.5693151641966048 0.2641873366779677 0.013419176814665867 0.15307832231076168
0.2065496805468341 0.6110363442838079 0.13689075643654802 0.045523218732809956
0.06887610036828462 0.19516429909265476 0.20957618645471365 0.526383414084347
0.018056660963893134 0.5614539217620946 0.12595831091248555 0.2945311063615267
0.3729369215364503 0.584168942230982 0.013082612364384683 0.029811523868182976
0.7167913808343408 0.15100940561383414 0.006748864446649239 0.12545034910517583
0.24127970159611134 0.019406927266014562 0.5449481469197252 0.19436522421814895
0.36690265692949686 0.22295120926076228 0.10198854819671754 0.3081575856130233
0.2288411445520805 0.2596106984694172 0.2098540431234035 0.3016941138550988
0.4690160347112905 0.303337626866381 0.04392939293836984 0.18371694548395867
0.004082680515848036 0.02286620592807176 0.6359798630523401 0.3370712505037401
0.34497246138398363 0.5664312549045419 0.06542370523851171 0.023172578472962724
0.7121662526884304 0.1337714903105076 0.11731063443476386 0.03675162256629816
