21 100 4 284.3747826878768 568.7495653757535
1.4385239272821457 3.6019869381083516 7.488697121481069 1.1945462492435481 2.853304887406951 1.4569593102583913 3.7204470456815515 6.9751926516223 3.7730295391319095 6.252321485967388 1.626138591513405 8.806640355937795 2.1991646732657295 2.603121954035485 5.463365948435402 8.773296801024012 7.8304945196090285 9.734366128142419 7.833722975069975 4.458250288811165 4.6784649649935925 7.420243850960309 3.4360279540582037 8.686925847922097 9.21847572650625 7.846804626981456 5.650016839822596 2.510521886993566 3.6882306244797913 3.5554874052757044 3.9449131895595784 5.141263004136785 5.899315235118738 2.9566078278374976 8.198814942450788 7.540160043668819 8.643634420520952 3.407696241238651 6.533422400335912 6.8748046587459015 4.48134790720857 4.693187607155369 8.291417945433736 6.403323388439214 9.08506304726225 5.410290025441162 8.454863189946536 8.73000524051415 8.096006292769836 8.988898934864826 7.289747100572393 5.089512768496746 3.7532364830996996 8.380759644333342 2.2569818988161794 4.611668486326197 3.080910834463021 6.314119871890209 8.976412521416313 3.9496743137127104 8.241486868176832 8.177075555211832 6.991242829967753 3.197012470504961 8.374206211791073 5.208410714033041 7.651978542856805 5.145818214902826 8.776771746156768 7.319478628037019 2.511775660896612 2.6132182581265173 8.649145256950817 4.286010221577868 4.429316254697891 1.370867412395267 6.707467692232686 8.237605082006173 9.075816078769039 2.7528713427588096 8.716081243634424 2.5905660645765263 4.361689887853119 4.44050884951347 6.135805198139707 5.6002304488706445 5.761695778685153 5.708824291098744 9.38689801833706 3.219183406062486 2.8747274590270724 8.344273510814022 3.7348029524381925 7.078531518215836 9.312922434197777 1.6297247772663481 8.035924983422477 1.3159269011756174 5.5817169637551505 4.94912506082146
0.28770478545642914 0.7203973876216703 1.4977394242962139 0.23890924984870962 0.5706609774813902 0.2913918620516783 0.7440894091363103 1.39503853032446 0.7546059078263819 1.2504642971934776 0.325227718302681 1.761328071187559 0.4398329346531459 0.520624390807097 1.0926731896870803 1.7546593602048024 1.5660989039218056 1.9468732256284838 1.5667445950139949 0.8916500577622329 0.9356929929987186 1.4840487701920617 0.6872055908116408 1.7373851695844196 1.84369514530125 1.5693609253962912 1.1300033679645192 0.5021043773987132 0.7376461248959583 0.7110974810551409 0.7889826379119157 1.028252600827357 1.1798630470237477 0.5913215655674995 1.6397629884901577 1.5080320087337638 1.7287268841041903 0.6815392482477302 1.3066844800671824 1.3749609317491802 0.896269581441714 0.9386375214310737 1.6582835890867471 1.2806646776878428 1.81701260945245 1.0820580050882325 1.6909726379893073 1.7460010481028299 1.6192012585539672 1.7977797869729653 1.4579494201144787 1.0179025536993493 0.7506472966199399 1.6761519288666684 0.4513963797632359 0.9223336972652394 0.6161821668926042 1.2628239743780418 1.7952825042832625 0.7899348627425421 1.6482973736353663 1.6354151110423665 1.3982485659935506 0.6394024941009923 1.6748412423582146 1.0416821428066083 1.5303957085713609 1.0291636429805653 1.7553543492313537 1.4638957256074039 0.5023551321793225 0.5226436516253035 1.7298290513901633 0.8572020443155737 0.8858632509395783 0.27417348247905343 1.3414935384465372 1.6475210164012346 1.8151632157538078 0.550574268551762 1.7432162487268847 0.5181132129153052 0.8723379775706238 0.888101769902694 1.2271610396279413 1.120046089774129 1.1523391557370306 1.1417648582197488 1.877379603667412 0.6438366812124972 0.5749454918054144 1.6688547021628044 0.7469605904876385 1.4157063036431672 1.8625844868395554 0.3259449554532696 1.6071849966844955 0.2631853802351235 1.11634339275103 0.9898250121642921
0.047229130005625786 0.557615408896903 0.08567724401132171 0.30947821708614953
0.15077454817162717 7.643984440763862e-05 0.8294122908312243 0.019736721152740944
0.002100500892840307 0.6898142826600765 0.2248588370130966 0.08322637943398659
0.284143272181518 0.15197586532720597 0.14262690310927595 0.42125395938200005
0.7158187356220659 0.02278786124674037 0.022101176125367328 0.23929222700582642
0.3302114813466831 0.28836408388237156 0.27902284274595457 0.10240159202499077
0.11546953773860269 0.022059537677977414 0.1218270860777767 0.7406438385056432
0.1881140530715265 0.3358347015432984 0.1415903886612382 0.3344608567239369
0.06268918940131918 0.02564567528459305 0.163958010399331 0.7477071249147568
0.19561039162894633 0.30052173981656627 0.3137011734219768 0.1901666951325106
0.2656556602845208 0.2734742689704627 0.13363991621769122 0.3272301545273253
0.5334355201833139 0.36437298730202206 0.06404668328913643 0.038144809225527654
0.42323422628588137 0.2281747720001206 0.31941380462225644 0.029177197091741602
0.3025290730659017 0.016680672789025186 0.6558818541549425 0.024908399990130614
0.1294060376887719 0.2663071552898736 0.36139483778946313 0.24289196923189138
0.10754192763516712 0.41190870793471723 0.14342150927349895 0.3371278551566167
0.39574151649323897 0.008510534171486173 0.5582009664175893 0.037546982917685545
0.10231052972199373 0.3303626263838695 0.4218225081415462 0.14550433575259059
0.003030924966509696 0.45290142112145704 0.24780268600171584 0.2962649679103174
0.22864052835331483 0.5772217516005524 0.05418792147622242 0.1399497985699103
0.09331338995400074 0.2759017564203128 0.17135466147383427 0.4594301921518522
0.2396294240336183 0.49090127387793114 0.061125046558276774 0.20834425553017377
0.4656865577567181 0.13746508381201195 0.3901411847821783 0.00670717364909168
0.395954046904182 0.128695398641284 0.3190142613564546 0.1563362930980794
0.06134432300631054 0.849339602576309 0.009025349983058595 0.08029072443432184
0.8761434995768898 0.018499288917159462 0.08598643652776317 0.01937077497818762
0.680111829304676 0.2249651198416136 0.0010782826069350993 0.09384476824677535
0.22233237386421167 0.25593882023735304 0.409212282792636 0.1125165231057993
0.1455453626890275 0.5232238370434535 0.16824893606162183 0.1629818642058971
0.08764892380455869 0.18381358805978198 0.2665631835749408 0.46197430456071853
0.3309677267908161 0.2393975467336834 0.3094597299194929 0.12017499655600761
0.03663894959680214 0.6557022569076758 0.1180244897034296 0.18963430379209245
0.30461470896878007 0.07450880432726814 0.48296949334579875 0.13790699335815304
0.0049676848041296795 0.34467958502899687 0.4459596023223732 0.20439312784450026
0.29253149920793964 0.07101092993415181 0.12813322199855248 0.5083243488593561
0.06851284368172861 0.4629420849611001 0.4039769749870673 0.06456809637010397
0.33329854792449276 0.4106141715976126 0.02209273457621952 0.23399454590167512
0.02153771428633222 0.4334979605025152 0.29524058747016 0.24972373774099255
0.015805383855658328 0.015109164470493486 0.12268409952134751 0.8464013521525007
0.4206731444685674 0.5283480634349976 0.012770134839525826 0.03820865725690914
0.0826006013576196 0.041439390014156086 0.24373960267620642 0.6322204059520179
0.09116197368504053 0.07649994400850901 0.1120414098701994 0.7202966724362511
0.19199141985442447 0.13738168077178303 0.1254105485136433 0.5452163508601492
0.5725248852403532 0.2934554562125885 0.0781350586751618 0.055884599871896534
0.4402720731902334 0.08689479205156037 0.10082780180348805 0.37200533295471816
0.10351079433945365 0.03828571588176888 0.853519681686606 0.004683808092171504
0.37191883215271204 0.32515995274468645 0.05742725502282564 0.24549396007977586
0.29966753369942234 0.16192081356357224 0.41911670537642254 0.11929494736058288
0.2574148450642436 0.26008134252664694 0.011215140375865684 0.47128867203324376
0.15948403291891267 0.2588310739743167 0.5747214312877333 0.0069634618190372866
0.4065235404340829 0.3309426168548826 0.10703006679461924 0.1555037759164153
0.1875627141134386 0.37766997257415325 0.4073079996697677 0.027459313642640426
0.6903394402951439 0.06768957402019682 0.01690734490018775 0.2250636407844715
0.2640318645126798 0.2671724170863444 0.37837257966372917 0.09042313873724661
0.140913906568903 0.42112314456387234 0.17872440636813647 0.2592385424990882
0.6256514652659259 0.029526353877610045 0.02222712793493853 0.32259505292152557
0.2032834352698012 0.03403277983759945 0.6311698986640362 0.1315138862285632
0.290762477938203 0.4907190556108808 0.186974259862018 0.03154420658889823
0.0902467050301855 0.27523381743093067 0.44816608456331597 0.18635339297556786
0.10247720856178577 0.6812819840340831 0.010577219824832285 0.2056635875792988
0.4754019560775814 0.1863558852488808 0.2563661191810285 0.08187603949250932
0.3341075161765812 0.048970129202426826 0.24841983650748567 0.3685025181135063
0.4164509804023717 0.2042442806592536 0.3421181473782352 0.03718659156013948
0.09751378617484696 0.6353395600828715 0.0934734110180917 0.17367324272418982
0.23379522163576683 0.1183326204191586 0.3870228742879701 0.26084928365710447
0.04771821308893087 0.14400576284129496 0.5259190618980155 0.28235696217175865
0.58772800074664 0.23189215706567523 0.1557923681326634 0.024587474055021374
0.017587654975008582 0.30229903201065056 0.3014843465367525 0.37862896647758837
0.3879328484182477 0.553153857174657 0.044907341353247476 0.014005953053847775
0.4924238012534261 0.0031366973386571795 0.07003485740512794 0.4344046440027888
0.3433547445519294 0.024111412306904834 0.25638855788047166 0.37614528526069413
0.5523805878663199 0.007151151607617812 0.1443612889373247 0.29610697158873756
0.05402324792594759 0.159406933245286 0.07021447741944231 0.7163553414093241
0.14260901227395717 0.3867567739033758 0.12553173723156463 0.3451024765911024
0.11765498857263645 0.13973832488432492 0.7275540133462495 0.015052673196789157
0.08604581550486912 0.1680109007525259 0.4723461857375688 0.2735970980050362
0.14719829725769795 0.28320571221079005 0.49814632884597565 0.07144966168553635
0.2529129126739643 0.3983113995561339 0.253593122176318 0.09518256559358373
0.14726228350447512 0.8025953752823075 0.028633338754081028 0.02150900245913634
0.4397540396862847 0.03156611730525727 0.22069535699617104 0.307984486012287
0.515095007772938 0.3259286793893328 0.14257277288252757 0.016403539955201607
0.08961658401859895 0.010587932392042476 0.13627978532577079 0.7635156982635878
0.7584656350050173 0.09445601583664287 0.12069405102132547 0.026384298137014373
0.10525620907394351 0.04575020274495978 0.15525780434793612 0.6937357838331606
0.39160112407760495 0.11811708299985746 0.31072744155142673 0.17955435137111087
0.22496839163117877 0.3074040637463159 0.04577362173557953 0.4218539228869258
0.20232696469762712 0.13401319069121753 0.3597093134752929 0.30395053113586246
0.11953938459173552 0.3386278241815076 0.09090837872005697 0.4509244125066999
0.06891544202449995 0.5246791973820328 0.3017489425210147 0.10465641807245252
0.09188780950967668 0.057545402200745666 0.7067908405097086 0.14377594777986902
0.34110093826765886 0.37079561998005295 0.03159191981183984 0.25651152194044835
0.16492483850554762 0.05530770196561596 0.39803822631369445 0.38172923321514196
0.020093550406546035 0.09847022976042707 0.23477350772574457 0.6466627121072823
0.07540789154292138 0.46065053845472737 0.35916297191916535 0.1047785980831859
0.017709785733321604 0.40644382248890043 0.036249216669265505 0.5395971751085125
0.4196886318426102 0.5088447702723808 0.052818366381270576 0.0186482315037384
0.10716923170878201 0.1337375185146673 0.24952737155388305 0.5095658782226676
0.15192502789508233 0.27729926179905906 0.2056647065442122 0.3651110037616464
0.20581638542644043 0.027750252247753737 0.5590183266062555 0.20741503571955033
0.03672128154318577 0.2402205022673043 0.6529039787932105 0.07015423739629945
0.0745612011704414 0.6377888015027829 0.06689662657762963 0.22075337074914603
0.4617322192499923 0.1530313552507938 0.22875558330602075 0.15648084219319314
0.46279892782768084 0.21013032214901306 0.059638237331582244 0.26743251269172386
0.3633094554071753 0.1156960701893166 0.29301997493382126 0.22797449946968684
0.16283091474667466 0.06597062171621026 0.557026632174991 0.21417183136212403
0.139303583663965 0.13682863719127847 0.6489903717668954 0.07487740737786108
0.1104778922193611 0.255390099155999 0.14596468765994874 0.4881673209646912
0.31195917200078416 0.011999994209317633 0.009809251090203697 0.6662315826996945
0.08828575481211265 0.12997319032001398 0.5595181253042837 0.2222229295635897
0.27425062088316965 0.06342549897124283 0.004293833433323124 0.6580300467122644
0.2831144435519859 0.4606506914413133 0.13737603850219182 0.11885882650450896
0.1331934419386872 0.14076765015040382 0.5384948354846931 0.18754407242621585
0.03553603828633134 0.16672141229077786 0.742156792104307 0.05558575731858384
0.7019345905358452 0.07497970654292252 0.19174960762170812 0.03133609529952419
0.04611928160405354 0.8909448889486667 0.014244892782807272 0.04869093666447244
0.22657122914667616 0.2841040673552878 0.3043881286771096 0.1849365748209264
0.5888823929995796 0.006336676154584109 0.06065792322709718 0.34412300761873915
0.037249817803254426 0.11561989251589122 0.20646436006049584 0.6406659296203585
0.06339631150714065 0.02575312061838242 0.038998959638207764 0.8718516082362692
0.5086943502391282 0.1924960941921492 0.10045639710381704 0.19835315846490553
0.2702639872994994 0.02344262733628799 0.4594254286409333 0.24686795672327932
0.003625425493034462 0.26609191387021514 0.2377169486771381 0.4925657119596123
0.026905988350189647 0.23597915998556784 0.6131894494310847 0.12392540223315784
0.0435690573567461 0.26338470332675035 0.3313568487157085 0.3616893906007951
0.03180339498236395 0.8647421544203088 0.05439926100047321 0.049055189596854065
0.04220004399144828 0.7094427832246937 0.007205733783698931 0.24115143900015912
0.02784998733220334 0.7130157141964034 0.10546949753417467 0.15366480093721857
0.04180538641387077 0.38986687881607884 0.15115819539240016 0.4171695393776502
0.4514123775335215 0.4667890435991765 0.060616209511740515 0.021182369355561503
0.18289419417475994 0.4575138941299969 0.03798514215752724 0.32160676953771594
0.6163575829009478 0.0898819727533029 0.04730208179160644 0.24645836255414288
0.04533114322328202 0.2990578626712368 0.08098482659372996 0.5746261675117512
0.29320362584870374 0.21398005987550495 0.37536823998477487 0.11744807429101645
0.3360210785590967 0.11787774917838612 0.13130244286037485 0.41479872940214235
0.2429424780007743 0.41261307554450544 0.1612423446133897 0.18320210184133057
0.26247512993075295 0.12112029445839434 0.38424657509340476 0.23215800051744795
0.5144218155750783 0.08891887404582766 0.018380608891320538 0.37827870148777354
0.3291749019059642 0.010617876873892151 0.2916383915999261 0.36856882962021753
0.30607242741592144 0.17646755558089144 0.19308879384368127 0.32437122315950584
0.12159806492552605 0.812643493724929 0.012128492125571766 0.05362994922397324
0.05313955189247932 0.37207857522073406 0.4721578025485521 0.10262407033823451
0.001041268406025253 0.22434481120153604 0.37973281470288833 0.39488110568955037
0.22678268134127544 0.47640963617394705 0.014067519104888238 0.2827401633798893
0.8762614678395729 0.03526555724260749 0.06739398193621426 0.021078992981605316
0.11654549760863497 0.41163194489600907 0.43546699711782955 0.03635556037752641
0.33096637528167694 0.5629399378131741 0.011671534056319044 0.09442215284882993
0.03466574859325855 0.25862091706240087 0.24799953143123532 0.45871380291310526
0.3795908458386269 0.39096662832756224 0.1475140523646249 0.08192847346918597
0.27234139995879203 0.6130102208297173 0.07792372218013255 0.03672465703135808
0.12153003643249449 0.6157397470635243 0.10432051628950334 0.15840970021447787
0.06925755859446903 0.6803550286803441 0.2417983207313048 0.008589091993882025
0.7754258217128089 0.1116604596085301 0.03125862860374706 0.0816550900749139
0.20310978211056419 0.25053361842644994 0.01947897275982957 0.5268776267031563
0.5738300477807412 0.0442300985866001 0.26665721234895223 0.11528264128370647
0.10501362952375426 0.2550572030102456 0.2394767051189598 0.40045246234704035
0.22531560787015104 0.2117064063509232 0.35085158670064354 0.21212639907828224
0.235844119189754 0.24865280625496156 0.4171430676942639 0.09836000686102053
0.399238847967476 0.2109503230875479 0.20153428483028724 0.18827654411468886
0.055738070564556375 0.5443783184298464 0.07468190092746829 0.3252017100781289
0.24054595623502584 0.05984411457230965 0.6944224279548088 0.005187501237855718
0.08805908543688179 0.26488536108576743 0.1395638592347872 0.5074916942425636
0.20340995788453708 0.08321828801212106 0.07640307268428681 0.636968681419055
0.17198425146854635 0.2583835863842123 0.003193366529088304 0.566438795618153
0.1875040547330149 0.0650032797852047 0.5665544123592143 0.18093825312256606
0.5270254536213593 0.3791328597485708 0.0674626787698972 0.026379007860172665
0.8357798972666747 0.04316031869540893 0.043256680622273835 0.07780310341564256
0.17653598915934632 0.4682291227477451 0.10075379941058327 0.25448108868232533
0.2750618699995472 0.2768067233399205 0.2384740246041841 0.2096573820563482
0.13953886490507528 0.2757739633966316 0.4614713114985468 0.12321586019974629
0.27791970892988394 0.31358749523859597 0.13059849088175846 0.27789430494976164
0.8320895595365102 0.09939515590785941 0.004918944002257786 0.0635963405533726
0.25137576062642275 0.023765656823955705 0.23019304061094759 0.49466554193867396
0.05441154212653576 0.4958688121878462 0.24000426969764632 0.20971537598797174
0.6219877815934993 0.0076297073770604795 0.35804893097887824 0.012333580050561954
0.03559430523271734 0.16286924918588075 0.07862877802387758 0.7229076675575243
0.708064145046113 0.08058545663168826 0.1861748757991959 0.025175522523002813
0.26308008831795837 0.04436981947213681 0.08243169294014407 0.6101183992697607
0.6586288049968448 0.20172110680226896 0.09003042299329411 0.04961966520759209
0.23253438203611443 0.012791507025687987 0.7282534480687274 0.0264206628694702
0.06458336274128995 0.5458397073554349 0.11180069166277329 0.2777762382405019
0.25594586392516305 0.37652543792491566 0.2603545682348365 0.10717412991508479
0.0112282212394752 0.15102961592465536 0.5056369390319481 0.3321052238039214
0.01198508024544842 0.7135713358263972 0.05406286467431154 0.22038071925384284
0.26959586457605034 0.15871609160959343 0.3140943730365795 0.25759367077777673
0.19428926049203166 0.12275201968795613 0.6689990548489237 0.01395966497108847
0.1154285286807446 0.4292762087046287 0.040355525705425666 0.41493973690920105
0.012536806558180902 0.29659050455257974 0.6653803277052672 0.025492361183972134
0.6589411557838674 0.21668067889925335 0.07632583693521588 0.0480523283816634
0.04081690221291068 0.17403850714607816 0.28817212937571124 0.4969724612652999
0.24750757187884886 0.053307320798471336 0.2664115161144137 0.4327735912082661
0.06970274038822855 0.24081298588204925 0.6885776822722306 0.0009065914574916123
0.03529151903685368 0.04678664286325851 0.8642189007608662 0.05370293733902165
0.3865391981447084 0.20474569411978427 0.36851151830154627 0.04020358943396107
0.13801532961213825 0.15683855521453993 0.03660698742507229 0.6685391277482495
0.19549432923783872 0.029952579153644243 0.3721140926696379 0.40243899893887913
0.67926647093073 0.15390547121441178 0.16076060428519 0.006067453569668202
0.07548936435370213 0.0880024540518517 0.40342038398866553 0.43308779760578064
0.045590690481139395 0.12065361883457226 0.4124249946839219 0.42133069600036643
0.0031338251986795518 0.007745789522245805 0.24701477618891388 0.7421056090901608
0.3522717736079767 0.0211102094288389 0.6211528507225416 0.00546516624064286
