43 100 4 282.8899560357093 565.7799120714187
2.0354910975080105 6.481598853515333 2.2005186776738945 3.165306579688139 3.944251502300258 8.73223741853738 6.994811917882232 5.870459910550634 1.2611244198192435 7.603734666522547 4.554550165879053 8.218424067657999 3.2897901327389136 1.5119644298603663 8.799837768092802 2.989260962959342 4.644905032425337 3.8448682391638784 1.6899642999680253 8.58902224806734 8.640452329703752 9.743185822918491 4.468392229556243 9.590393125977986 5.01182524755747 7.0275218654962694 1.7425004472743986 9.073887219833809 3.6820315061988644 3.360743403367433 1.0461659415801126 5.888822637523654 5.280367303065279 6.727363098143703 9.803837206738056 9.17796482047979 9.19137768202141 5.727301039964309 1.936170548692866 2.628231357321109 9.577361988880675 4.707576850477228 8.785154085464637 7.049595515285585 6.6590721629394505 3.480028989840569 9.070725427667764 2.862022342090287 4.639647187678668 9.942152431546932 7.621543733564087 5.005552712407144 6.045968524993615 4.701299401779718 7.542891927711896 4.5927719731366725 7.031306482321437 7.342440470924873 6.486038841331412 5.860310177634904 2.854736658219716 2.792453289604317 8.161649783344398 3.6129949999368094 6.903665450414684 3.6965509822632234 2.3003054058054584 4.635610002824226 3.7924257416013076 3.1905821465286603 6.292936383925385 3.208089276670238 7.729935506135767 7.481319830688006 7.257347802595836 1.9246850071589052 9.49278185365862 5.530056696035037 9.097062574306715 2.7872189599268253 6.350042681365877 9.68867723509537 9.988284213070182 1.2175176248249016 5.331730001097849 3.6228042070624715 1.5734851148558309 6.126619590487531 1.0457495622929263 6.501498307030195 8.831633293311306 8.952413184765003 9.588875348764345 7.658774378231268 2.662416617941799 4.912104889781247 8.97309545993086 3.2954165230131682 4.989814252560857 6.552432782388056
0.4070982195016021 1.2963197707030667 0.4401037355347789 0.6330613159376278 0.7888503004600516 1.7464474837074762 1.3989623835764464 1.1740919821101268 0.2522248839638487 1.5207469333045094 0.9109100331758105 1.6436848135315998 0.6579580265477827 0.30239288597207326 1.7599675536185604 0.5978521925918684 0.9289810064850673 0.7689736478327757 0.33799285999360507 1.7178044496134681 1.7280904659407503 1.9486371645836982 0.8936784459112486 1.9180786251955972 1.002365049511494 1.4055043730992538 0.3485000894548797 1.8147774439667619 0.7364063012397729 0.6721486806734867 0.2092331883160225 1.1777645275047308 1.0560734606130557 1.3454726196287408 1.960767441347611 1.835592964095958 1.8382755364042818 1.1454602079928617 0.3872341097385732 0.5256462714642218 1.915472397776135 0.9415153700954455 1.7570308170929274 1.409919103057117 1.33181443258789 0.6960057979681138 1.8141450855335528 0.5724044684180574 0.9279294375357336 1.9884304863093862 1.5243087467128174 1.0011105424814288 1.209193704998723 0.9402598803559435 1.508578385542379 0.9185543946273345 1.4062612964642873 1.4684880941849747 1.2972077682662824 1.1720620355269808 0.5709473316439432 0.5584906579208634 1.6323299566688796 0.7225989999873619 1.3807330900829369 0.7393101964526447 0.4600610811610917 0.9271220005648452 0.7584851483202615 0.6381164293057321 1.258587276785077 0.6416178553340476 1.5459871012271535 1.4962639661376014 1.4514695605191672 0.38493700143178106 1.8985563707317241 1.1060113392070074 1.8194125148613431 0.5574437919853651 1.2700085362731754 1.9377354470190737 1.9976568426140364 0.24350352496498032 1.06634600021957 0.7245608414124943 0.3146970229711662 1.2253239180975062 0.20914991245858525 1.300299661406039 1.7663266586622612 1.7904826369530007 1.917775069752869 1.5317548756462536 0.5324833235883598 0.9824209779562494 1.794619091986172 0.6590833046026336 0.9979628505121714 1.3104865564776111
0.044704402435746915 0.05864810844240753 0.6486871754878706 0.24796031363397497
0.2152285149871862 0.3370356320242174 0.3892900967469134 0.05844575624168302
0.3941979979597263 0.03850008160387386 0.48979140420944034 0.07751051622695948
0.4846864896036265 0.15968400701018715 0.10058662891841597 0.2550428744677704
0.007309493723924754 0.4063760410094116 0.5555699690977195 0.030744496168944146
0.060363544351553666 0.5237772863620331 0.3213101535998868 0.0945490156865264
0.2921975442760082 0.08635779517556164 0.43629654679904784 0.18514811374938234
0.1815347567293506 0.3053714195027357 0.02149475591432015 0.49159906785359353
0.21449782034691445 0.6122872518754987 0.011145456447303803 0.16206947133028304
0.0022395771533531006 0.47726544428731477 0.19442822956695394 0.3260667489923782
0.08164113622514768 0.28764417081790583 0.5829977457353427 0.0477169472216038
0.48601552405987125 0.40127506760063214 0.07536734605520778 0.037342062284288824
0.4452131001322439 0.0018480233651694267 0.5263778745844302 0.02656100191815647
0.09145020235766321 0.5346211252723789 0.3458475322166502 0.02808114015330765
0.21158100640626754 0.13872497582158494 0.3532331639037395 0.29646085386840804
0.5466971866165931 0.05436225451559484 0.22551896021340356 0.17342159865440854
0.08837381961170587 0.8806932425280677 0.020236381545684967 0.010696556314541472
0.10690220488046798 0.36171435324711665 0.38186913192574756 0.1495143099466678
0.1734633597648233 0.4416838477237489 0.07742918999685278 0.307423602514575
0.08594221175006189 0.24084749327472055 0.15259750506701242 0.5206127899082051
0.20342313582168003 0.01350683540019093 0.36022639820723723 0.4228436305708918
0.038974173914759436 0.4865191092522585 0.3521168143937745 0.12238990243920755
0.4101943985665063 0.10622457921287631 0.31579802658357925 0.16778299563703813
0.005431306395287883 0.19298537234044189 0.3827332394933797 0.41885008177089056
0.023602193184371068 0.24056974419970756 0.6326489294209304 0.10317913319499095
0.27669297993327013 0.16933917669255316 0.2569786236396626 0.2969892197345141
0.4367643858478628 0.3526935220649522 0.11844977659148792 0.09209231549569707
0.16441716047206212 0.15987070487773936 0.21275703881375962 0.4629550958364389
0.07022879894549428 0.20103573259082763 0.2603430324407434 0.4683924360229347
0.19881242102851282 0.5945020757299426 0.09984587773453402 0.10683962550701054
0.008865909730762511 0.8009476806179859 0.0010887587975320079 0.18909765085371955
0.2356536472419556 0.26902536866258064 0.07839151566190017 0.4169294684335636
0.10689029607493195 0.3316130052071179 0.21159576106826883 0.34990093764968133
0.528524071179934 0.025065402924646984 0.2412384193599224 0.20517210653549656
0.07660902741195175 0.6286113241466839 0.2783547178948521 0.016424930546512284
0.30797919859265654 0.45532016188019897 0.23205693812025974 0.004643701406884748
0.0654917229489771 0.42437249283258116 0.23252141536253024 0.2776143688559115
0.09338953694699603 0.849520935742239 0.036207322884411086 0.020882204426353912
0.14357901685861363 0.2898680178126497 0.3213780897695723 0.2451748755591644
0.1629158792656893 0.5530946083319452 0.26372990925792095 0.020259603144444527
0.053970145435644046 0.5571873593903464 0.27646014395533347 0.11238235121867612
0.28818262021176755 0.20667235294748165 0.1859869771230297 0.3191580497177211
0.13509358127726756 0.0624286898266444 0.6840376244074002 0.1184401044886878
0.3639500154548505 0.44503717816599453 0.12624120445660225 0.06477160192255271
0.017897579434676514 0.062464983361662174 0.7386166398585426 0.18102079734511867
0.17385010020006564 0.3899970393151819 0.10612332527005564 0.3300295352146968
0.14982504641720984 0.23722677405007275 0.1862486423440799 0.4266995371886375
0.11607273987471611 0.05364258552265633 0.019538702840871558 0.810745971761756
0.41947009785783484 0.14964014545698578 0.25544696353877905 0.17544279314640032
0.17068511697732147 0.20402248825504055 0.3666594680731846 0.25863292669445337
0.16403158778387095 0.614072241622496 0.13472731005478378 0.08716886053884931
0.3287612101228927 0.06616063477921685 0.45734408424733686 0.14773407085055357
0.3173224511187749 0.022989109921122575 0.507678454531543 0.1520099844285595
0.11730813026770515 0.24707108197955052 0.22774160199914162 0.4078791857536027
0.6439071589877864 0.24904549830340272 0.038928236499726765 0.06811910620908412
0.5642773470366895 0.003877593117285305 0.39170925445417004 0.04013580539185513
0.11993065591125351 0.32753750433576234 0.38822803911108217 0.16430380064190198
0.405446726920059 0.08587885874227075 0.01490012674494634 0.4937742875927239
0.05344547015935508 0.062285407537922555 0.8447425436080207 0.039526578694701664
0.26032906500582476 0.32481060259449224 0.374216788188223 0.04064354421145999
0.2018194252087605 0.31721502596964324 0.28914462060865154 0.19182092821294472
0.2407697948551777 0.25991279101211806 0.10010759211815368 0.3992098220145506
0.1723470368769423 0.12528423402147337 0.2727757073231616 0.42959302177842273
0.5752654654746013 0.22276936890552357 0.11252549030815939 0.0894396753117157
0.7263046187133537 0.08463528982493607 0.16938635373522337 0.01967373772648684
0.05608582269941986 0.019522386880220566 0.7068163560049345 0.21757543441542504
0.013037657115548829 0.4940397559213373 0.23062819055360506 0.2622943964095088
0.19139753558340677 0.25364604334538965 0.4029289324003087 0.15202748867089488
0.4444779783568493 0.2524773904262868 0.29304768047754404 0.009996950739319832
0.044353729964470734 0.4915351187870193 0.28836356377197225 0.17574758747653774
0.13565058416573839 0.4017741781035383 0.04194968846785374 0.42062554926286955
0.19918118544653962 0.043525303864938025 0.49651863008357366 0.2607748806049487
0.09164642178538196 0.030682334210529127 0.6868952321727337 0.19077601183135517
0.009439824624756676 0.1202239940629195 0.3421113773420348 0.528224803970289
0.25245953682963307 0.3946689783312759 0.1361280035603567 0.21674348127873433
0.5769744672612717 0.4077371824170293 0.01171618252512785 0.003572167796571213
0.23908775436085206 0.3173591322811642 0.18106013899074436 0.2624929743672394
0.4333814316545662 0.21662122106466586 0.04867923656745554 0.3013181107133124
0.2793204427404006 0.22489761893092886 0.3384696284405764 0.1573123098880942
0.045523519670798485 0.6568515181720879 0.06262437384468011 0.23500058831243353
0.7713782757746702 0.15488114382539697 0.018795962826202994 0.054944617573729815
0.4948906986970487 0.17227372644356875 0.02430490092451809 0.30853067393486444
0.09632451919618745 0.18797447690623148 0.6049133383571146 0.11078766554046648
0.46708817101555 0.07048280651921535 0.0919496549391341 0.37047936752610056
0.07946950500895522 0.033583276365057424 0.7049466965108921 0.1820005221150952
0.056911846043925185 0.08537564539852316 0.27275027629279514 0.5849622322647565
0.23322957123298782 0.1172328812753064 0.3376868527494481 0.3118506947422577
0.008166030902951538 0.5690299387753263 0.22739846593934399 0.19540556438237822
0.22533254353910803 0.08946358418085298 0.3108940459987085 0.37430982628133047
0.3472299043116819 0.36433211593441506 0.11657853225242854 0.17185944750147453
0.6260251997811035 0.3109658717531173 0.010270991746775926 0.05273793671900329
0.3803481005772751 0.13019894667246845 0.20181573633643146 0.287637216413825
0.09659344942445092 0.0015871206982216446 0.8685208815494018 0.03329854832792567
0.3917220425710395 0.48107847298124706 0.033360710853334696 0.09383877359437875
0.02639029016907013 0.4297987467418518 0.1603596500987694 0.38345131299030866
0.6834702759704818 0.16704391173619493 0.07916525547752373 0.07032055681579952
0.29594928193165804 0.09586220653200561 0.3282758143483654 0.27991269718797096
0.1725380270685859 0.3017793379502919 0.336306316281323 0.1893763186997992
0.7512167734412293 0.11820772487500808 0.026639035868083583 0.10393646581567906
0.2074236273276825 0.23093224829474968 0.2992767059416547 0.26236741843591316
0.31162746930915075 0.17848219175991176 0.2253894254590022 0.2845009134719353
0.7768953667087695 0.06800252086808678 0.060073293056394306 0.09502881936674945
0.5981881365821267 0.0959589991648242 0.13481414319219098 0.17103872106085816
0.10561720640258265 0.02264313517349059 0.07644587459458196 0.7952937838293448
0.12075217051578746 0.21373682103714486 0.366486697880372 0.29902431056669565
0.016025917932118938 0.7101857558286562 0.0023923764477763454 0.27139594979144854
0.07755780549497093 0.4452398108322727 0.07352936384962205 0.4036730198231343
0.07013593446323718 0.2617158003680409 0.13634217123864711 0.5318060939300748
0.025962269231945 0.06869462498249124 0.2604555761863282 0.6448875295992356
0.15913749655398135 0.7652802547603852 0.07039682879184184 0.005185419893791621
0.16607017354449682 0.2878919410693853 0.4805978692563926 0.06544001612972528
0.3194050602856374 0.0018865281483757546 0.6760810119144753 0.002627399651511486
0.04474569544182738 0.6654291043552288 0.2885437365118294 0.0012814636911143706
0.5897310102096278 0.072240230676208 0.008678529325414908 0.3293502297887493
0.17162767591793848 0.33080880172521787 0.2926391573564071 0.20492436500043654
0.16003461073905834 0.17266701775345983 0.49800897614982 0.16928939535766185
0.3275349776987574 0.5915421093572378 0.0444120367235854 0.036510876220419375
0.4936927425283941 0.06526006357220904 0.3397842852610521 0.10126290863834475
0.0461680577085708 0.30856679408804155 0.6373109626125274 0.007954185590860252
0.2964456118515941 0.059348814460898236 0.3031836984903914 0.34102187519711624
0.02226974834023565 0.6298899889127243 0.029642399162233102 0.31819786358480695
0.45671378962705667 0.08244339625645114 0.0050690898253769046 0.4557737242911153
0.5941809916399295 0.225340815264787 0.06683055261894011 0.11364764047634335
0.05274634353341923 0.1992271053147806 0.5233308302642399 0.2246957208875603
0.04401325478638207 0.5134352790380295 0.015205843723588464 0.4273456224519999
0.4250691522964457 0.28968641762814573 0.2296639725137143 0.055580457561694274
0.40742853465844164 0.21613684490716134 0.36833285292243434 0.008101767511962676
0.032586123724061555 0.5237154751126765 0.41550809673034306 0.028190304432918922
0.39297331949182535 0.050875355292024915 0.2236223099114173 0.33252901530473244
0.06259572079291453 0.07788490778946522 0.042054847838821074 0.8174645235787992
0.6174510762514591 0.2593792063968249 0.05113278102742769 0.07203693632428831
0.428153100222219 0.1505429246451121 0.2048053259218351 0.21649864921083384
0.2824408442832903 0.1181844288873588 0.5442773214572483 0.055097405372102615
0.10280014070070342 0.22560055222540354 0.022498708527401212 0.6491005985464918
0.42141312022115196 0.004581697283673636 0.4687292614076085 0.1052759210875659
0.04342365441727358 0.6603587671399154 0.09377577620099076 0.2024418022418203
0.05202584378358999 0.599220360765933 0.15469687555395573 0.1940569198965213
0.3499251162543665 0.23212939379269304 0.07370925141553308 0.34423623853740737
0.16413719409901262 0.4913760916196931 0.3059120462320485 0.03857466804924581
0.4887480132732497 0.28099273588295204 0.0407731403237086 0.18948611052008968
0.04126169124479906 0.14809481660876267 0.07219604161565296 0.7384474505307853
0.09395936115328518 0.15806262876481736 0.04379707394657828 0.7041809361353192
0.2978314009614903 0.3217807768847798 0.10186246154789058 0.2785253606058393
0.05045270255823775 0.3589571421290261 0.21595145747964628 0.3746386978330899
0.07951015823403451 0.08979891853650279 0.09292045908299917 0.7377704641464635
0.03174495147393408 0.6618142378852223 0.23658199931086266 0.06985881132998095
0.3007550980618068 0.12946658678197998 0.20679132993101035 0.3629869852252029
0.301823472774829 0.04419275603153139 0.3186269836810929 0.3353567875125467
0.24366436715527173 0.5139865594665356 0.14050491123225628 0.10184416214593639
0.1763268615390352 0.5166226837805822 0.3003031535213271 0.00674730115905553
0.5628000156635282 0.2798721132655012 0.07309626289265758 0.08423160817831299
0.10067702073776608 0.05988682072521756 0.32837009258811733 0.511066065948899
0.29126606800247445 0.48557358563094744 0.03702318991567288 0.18613715645090523
0.26808336504078734 0.03948656824231844 0.46455433872395624 0.22787572799293798
0.3196964179443482 0.3963472618072251 0.26978292051440944 0.014173399734017211
0.3694125658345955 0.3097457512188313 0.1269609251791849 0.19388075776738833
0.1940244872705449 0.09994717012625698 0.22587758162942595 0.4801507609737722
0.500772528022635 0.0558878594530019 0.2718502829905437 0.17148932953381935
0.036185775946876886 0.8249435258136427 0.0942906252895469 0.04458007294993349
0.11888701909065058 0.4297957950506456 0.44617710662180454 0.005140079236899298
0.19511740627764906 0.49184618040074923 0.2029715489342938 0.11006486438730789
0.11649263389218789 0.4417208458320204 0.26004044046160113 0.18174607981419055
0.3964031251129504 0.39623139739431257 0.1771345533651495 0.030230924127587544
0.014061913061012121 0.5976948180118343 0.33675663300521874 0.05148663592193481
0.07951993947787417 0.3033111231493415 0.3584416442518754 0.2587272931209089
0.4762798799900908 0.004386740689087287 0.09561454630204702 0.4237188330187749
0.0579191057540398 0.23794395195969753 0.17787171569522575 0.5262652265910369
0.03788674784835788 0.22371645420102648 0.22688995631895215 0.5115068416316635
0.08501316933151215 0.14451350331443524 0.5922192699242569 0.17825405742979572
0.21760541179352888 0.1424585722786137 0.23278351510233142 0.407152500825526
0.13130563473512302 0.47377288114017313 0.034925471899282745 0.3599960122254211
0.2051323904519602 0.4623214434009385 0.08690377141766759 0.24564239472943372
0.32161264794526934 0.06322691141994596 0.03330426783996565 0.581856172794819
0.16116420972880574 0.05369129441394793 0.14961080034374485 0.6355336955135015
0.27958760491096923 0.15966569712632694 0.4837894573781888 0.07695724058451503
0.0329665336907613 0.44872132039406976 0.5097513319279111 0.008560813987257831
0.4898718753889365 0.18765456518543355 0.019736191003968284 0.30273736842166166
0.1847286284970585 0.38906726751743603 0.19555858078480914 0.2306455232006963
0.28343289337598543 0.036573593615300104 0.3849901898850774 0.2950033231236371
0.3564535600317309 0.20139153728005466 0.15025969564155706 0.2918952070466574
0.1358213945982537 0.1411837574297088 0.3877528822743527 0.33524196569768483
0.6317651596198267 0.055080214260886495 0.15262341754426323 0.16053120857502357
0.10131987937192688 0.37853568492856204 0.20996082675356798 0.3101836089459431
0.16056747901066426 0.437428327348368 0.2635471604736137 0.13845703316735403
0.49883822799661104 0.029780889795415266 0.2077786673202222 0.2636022148877515
0.3229365564353903 0.30843026284237296 0.23992341107915305 0.12870976964308367
0.2941809123490663 0.35490074491147683 0.3183086516821031 0.032609691057353785
0.5376468600279853 0.004186014485921041 0.01692953500579797 0.44123759048029565
0.06469036797387062 0.14869557312789872 0.3249333254791785 0.46168073341905214
0.04589480523302114 0.4813623174084938 0.23686976926519276 0.23587310809329232
0.12172627006569914 0.2751480260554383 0.24082568619518563 0.3623000176836769
0.43290582656676413 0.18981831120620463 0.04480408964521132 0.3324717725818199
0.13188602515316394 0.30157655918539206 0.10028688223702797 0.466250533424416
0.27492678320604436 0.0640159569828147 0.019115083783946663 0.6419421760271943
0.05960173400291313 0.3982278710617523 0.25818244662274026 0.28398794831259433
0.2996491789438802 0.06793252331176192 0.39696406712326715 0.23545423062109072
0.14810443657434125 0.7740015965294861 0.07418879269519296 0.0037051742009797106
0.22556128622412663 0.5565844603784812 0.12165235542507646 0.09620189797231571
0.4329052220873023 0.22586955052955582 0.3403382305731155 0.0008869968100263526
0.3712160863719848 0.2453095125350755 0.03438947617102173 0.349084924921918
