98 50 4 136.2119530981035 272.423906196207
7.590405232619667 6.104701139057963 3.7110150104499366 8.025246329299044 5.480868500871566 2.070191679483405 4.497035705045832 4.551785114854081 4.037730204099488 1.7429568007729768 4.286779798193269 4.680022589282124 9.399381959138886 3.6279303900661364 8.547772403644824 9.90296201688082 4.737467736621657 7.27380482711425 9.639364446381862 4.950879470247678 7.178357817917793 3.67436668048583 9.801298347940119 7.239894909475216 1.2860812607833494 2.1796979850455074 3.378734486544958 8.982226212096265 8.725144495140956 6.852228578460476 8.35481316115847 5.936000728497819 5.688832798153135 6.426476691851742 2.5871108376057736 9.726487031608263 2.5037429941570277 5.223317471752127 5.683931032223206 8.204361879828124 9.862503138416924 7.462061540196356 4.833935719806363 1.5993872288091122 1.702914472692533 1.1591633738764666 4.94643430404912 2.4902241456329266 2.827048585765911 1.0488269321095924
1.5180810465239334 1.2209402278115926 0.7422030020899874 1.6050492658598088 1.096173700174313 0.414038335896681 0.8994071410091664 0.9103570229708161 0.8075460408198977 0.34859136015459535 0.8573559596386537 0.9360045178564247 1.8798763918277772 0.7255860780132273 1.7095544807289649 1.9805924033761642 0.9474935473243313 1.45476096542285 1.9278728892763723 0.9901758940495355 1.4356715635835586 0.734873336097166 1.9602596695880237 1.447978981895043 0.2572162521566699 0.43593959700910145 0.6757468973089915 1.796445242419253 1.7450288990281912 1.3704457156920953 1.670962632231694 1.1872001456995638 1.137766559630627 1.2852953383703485 0.5174221675211548 1.9452974063216526 0.5007485988314055 1.0446634943504254 1.1367862064446412 1.6408723759656247 1.972500627683385 1.4924123080392713 0.9667871439612726 0.3198774457618224 0.3405828945385066 0.23183267477529332 0.989286860809824 0.4980448291265853 0.5654097171531822 0.2097653864219185
0.4907442610369539 0.23761507097433265 0.10802245281164247 0.16361821517707098
0.0943050581156234 0.16088976443281444 0.02401226957404623 0.7207929078775159
0.2058674863916249 0.2829269671695729 0.17387329657629047 0.33733224986251176
0.32790395719988497 0.0403423848322334 0.0672620655083146 0.564491592459567
0.01023352181505266 0.16254475819608805 0.5578545234252978 0.26936719656356145
0.5454289917442873 0.1856354051759046 0.07154809485882896 0.19738750822097917
0.2880724696864979 0.0015614690967967748 0.38434259535156823 0.3260234658651371
0.6642767575679067 0.2761149477009375 0.01734359855811618 0.04226469617303963
0.2732313847868504 0.36249786858054245 0.06344590616471679 0.3008248404678904
0.0427633648137824 0.5706385156762627 0.18265923274070273 0.2039388867692522
0.20063737373875867 0.14918147257451275 0.5832758187024819 0.06690533498424667
0.22895694642133035 0.14151195675973316 0.4959023540907709 0.1336287427281656
0.504997366827148 0.27555511999689397 0.2133984221473495 0.006049091028608511
0.5472153295779116 0.13391948056556957 0.25570285997551956 0.06316232988099924
0.3626088505469184 0.3319781352246892 0.045158662393445015 0.2602543518349474
0.3828038940567692 0.05947584747953294 0.42662294462266126 0.13109731384103662
0.3235644111241729 0.06688718655242509 0.034887301634933254 0.5746611006884688
0.4964735212221755 0.25883396069711695 0.07548309221929739 0.1692094258614102
0.3145793776624721 0.23389685471800692 0.36955086526297465 0.0819729023565463
0.23358107308217702 0.035501086785883484 0.7036892755386955 0.027228564593243965
0.07443633417959661 0.07616577497050014 0.029006199540690947 0.8203916913092123
0.42604129081072617 0.2654290637076421 0.21826556986490542 0.09026407561672634
0.024307963183221593 0.08105136553701875 0.3754524980746813 0.5191881732050784
0.10027629812598515 0.06647119099852627 0.007034614508063974 0.8262178963674246
0.22575706992045852 0.35840455160046925 0.05474855708982285 0.3610898213892494
0.14435119827951126 0.3539221476290255 0.05544252278053796 0.44628413131092526
0.1004892828369296 0.021044351833361508 0.41271172144782886 0.46575464388188004
0.23483190423281763 0.36694972658689495 0.0964196049626459 0.3017987642176415
0.025602667635594156 0.21294497725405792 0.7614300452481663 2.2309862181657536e-05
0.029890675634784092 0.4351037545688555 0.05584478147537797 0.4791607883209824
0.12661319939608473 0.6514541746906258 0.11802849414108574 0.1039041317722037
0.021029171745155173 0.039677824145296525 0.41515718143947833 0.52413582267007
0.21628466687442593 0.24924868873615258 0.2750028007819192 0.2594638436075023
0.811446065493566 0.1485596202773103 0.034799726620054816 0.005194587609068879
0.2063224314341644 0.097879344433914 0.4333291875250923 0.2624690366068293
0.14572620515267554 0.32840504287732153 0.033177477025448376 0.49269127494455456
0.06976322189327733 0.4807498591977528 0.4439050845254777 0.005581834383492135
0.06445791553727309 0.6300254302811483 0.20735774468806112 0.09815890949351747
0.19963994310718636 0.33433190195267215 0.24381994260294915 0.22220821233719235
0.06193432108131902 0.36734074046286325 0.10047662249517819 0.47024831596063954
0.3145937867075339 0.4326293795936216 0.2069722240010783 0.04580460969776623
0.2889182483036864 0.2085850614492566 0.4711174586003051 0.03137923164675194
0.015682803334290174 0.7708112586274409 0.06768337389901369 0.1458225641392552
0.8852739468232275 0.05380484508990235 0.014289605461257127 0.046631602625613056
0.19818209819956112 0.3502800338762788 0.26684438757746354 0.18469348034669653
0.48512989218687164 0.30153949647251777 0.04007579495004965 0.17325481639056095
0.19751206852464398 0.15715553361047585 0.24328086367520152 0.40205153418967865
0.17924163892211442 0.08983676567739163 0.6644134054811863 0.06650818991930763
0.15599399365811595 0.0675685579293156 0.2561571909265894 0.5202802574859791
0.2894122371327402 0.0732039609932289 0.0024501775815702898 0.6349336242924606
0.03373802981403817 0.2992878037685799 0.274834552468201 0.39213961394918095
0.03714533081900473 0.15373511209629998 0.1689381312936421 0.6401814257910532
0.35608850616315557 0.015235065481338683 0.08033512717261304 0.5483413011828927
0.2976113865441641 0.022111159721023954 0.05028751002923926 0.6299899437055727
0.14895601789565283 0.4240537464283042 0.11756099657571939 0.3094292391003236
0.18742169196662206 0.2130653460931753 0.31956253490958075 0.2799504270306219
0.14751038745261136 0.12392907081395932 0.7208418932214526 0.007718648511976678
0.10090135941410894 0.22625899095272306 0.5611503221347116 0.11168932749845639
0.26301777713997465 0.14040723204758043 0.5853809318710425 0.011194058941402463
0.1511616189850974 0.06334658454900421 0.1253852034608831 0.6601065930050153
0.06294368230891956 0.39490306320763224 0.052260429328269464 0.48989282515517873
0.09805307590179424 0.48566361011272274 0.3178290035741278 0.09845431041135522
0.23983481495602754 0.4543287080233308 0.08326518423461648 0.22257129278602517
0.26071119479551286 0.4692874255762458 0.26057844250544493 0.009422937122796404
0.4315102634271549 0.19389187987945444 0.046019051028474034 0.3285788056649166
0.396013699575251 0.27322095004754343 0.18924287660635786 0.1415224737708477
0.16496278596370306 0.3030820541802133 0.14207258164388992 0.38988257821219374
0.08089886203331353 0.29223996733186197 0.3527666743276969 0.27409449630712757
0.0725902467246976 0.4953849091333331 0.048316990547458194 0.3837078535945111
0.10167787200467715 0.11905831785322762 0.33172464966044 0.4475391604816552
0.37574405207906447 0.009057476894560934 0.04601109951567306 0.5691873715107015
0.08582452199506507 0.07714375813513619 0.5938750618109004 0.2431566580588983
0.03730877024504464 0.38052865515716594 0.1277699993982977 0.4543925751994917
0.12134276073701833 0.1929594609312334 0.3579354277600718 0.32776235057167646
0.46633526416777504 0.32197347312647995 0.15770205147322613 0.053989211232518874
0.5824088371840557 0.299231721040778 0.08831476276393135 0.030044679011234976
0.08246383662589551 0.36495081898856796 0.20615108858247122 0.3464342558030653
0.16810459904602937 0.2669126340897988 0.08501239911691749 0.4799703677472543
0.37233150016132255 0.2638899553665617 0.3282267323758935 0.03555181209622227
0.037031971689587606 0.5881381480189272 0.19404673024712504 0.18078315004436019
0.5786804835646496 0.04158647800297555 0.05478229131369328 0.32495074711868155
0.29320869642366854 0.17551163864653252 0.3224596159605997 0.20882004896919926
0.11787638476504791 0.009165738137339563 0.6520827057320258 0.22087517136558676
0.06514626007142332 0.13353100920458072 0.7232162479739672 0.07810648275002874
0.10050614474992403 0.4633913856824836 0.4241494965010326 0.011952973066559736
0.3796597362830194 0.3609665952738672 0.14347194775494954 0.11590172068816385
0.20111956898068362 0.2750180649782379 0.408917297366451 0.1149450686746275
0.3016107030436437 0.0915944274467625 0.48286535429778243 0.12392951521181139
0.15074028623062197 0.3865137163248309 0.3018999903443349 0.16084600710021224
0.12288744417210418 0.1267706749025116 0.3110663501385176 0.43927553078686665
0.34815333654075986 0.07181377505854603 0.452988306077161 0.1270445823235331
0.5265690106443998 0.32948665485106077 0.056451922463238935 0.08749241204130054
0.22869401107947085 0.05912626172265134 0.31309376328710603 0.3990859639107718
0.07971510021434736 0.8489140176359614 0.023625019146367388 0.04774586300332384
0.013074995127183353 0.09189361757381487 0.6775624766181195 0.21746891068088225
0.4498290581672991 0.10030596962850002 0.4441818657358072 0.0056831064683936505
0.3044491518081286 0.4720493543733505 0.017022022251918845 0.20647947156660207
0.023844107459148223 0.4803164129910258 0.47370864783144984 0.022130831718376154
0.5553265010583486 0.22015302973550277 0.008469047667050034 0.21605142153909862
0.023797773830533386 0.5240435344170122 0.14269552939196006 0.3094631623604943
