15 20 4 43.55896637512529 87.11793275025056
8.639359275417208 2.610063324288986 1.4892689287578829 4.253846014794006 3.478608357457708 5.770002024058828 3.753270241623244 3.740269232387288 2.0056714855803524 3.2490911249210304 9.258669080529062 3.3773216792803624 7.459963187262005 8.791435307711387 8.263715340208382 2.8949552439294517 2.5051872831080093 1.420357525138645 1.354800805817483 2.802077287979256
1.7278718550834415 0.5220126648577972 0.29785378575157656 0.8507692029588012 0.6957216714915415 1.1540004048117656 0.7506540483246489 0.7480538464774577 0.40113429711607046 0.649818224984206 1.8517338161058123 0.6754643358560725 1.491992637452401 1.7582870615422774 1.6527430680416764 0.5789910487858904 0.5010374566216018 0.28407150502772904 0.2709601611634966 0.5604154575958512
0.5097153058176547 0.250794968111295 0.23803312879822236 0.0014565972728279863
0.10944664834182993 0.03210861155897149 0.15744339659944406 0.7010013434997545
0.4199818200973734 0.20303679923718698 0.04260891849029402 0.3343724621751456
0.07833090863308889 0.0013351967568089318 0.3107542207066428 0.6095796739034594
0.029158960905142917 0.1034753568393183 0.506855110569418 0.3605105716861208
0.1954248232131871 0.15567403405399383 0.6235077784523658 0.025393364280453246
0.2688283012582403 0.1025042645095845 0.42046693560164994 0.20820049863052525
0.42529029529235085 0.09520617951739019 0.20702607376817128 0.2724774514220877
0.10682265172052396 0.7170264567358868 0.06409609257689486 0.11205479896669435
0.21976203733713473 0.6981793613145418 0.00285827169552344 0.0792003296528
0.12759215495203946 0.16770441674677916 0.4481230577671803 0.25658037053400107
0.0016447577600704477 0.6062075496124579 0.31194841725074485 0.08019927537672678
0.20071996630407773 0.21977453021184423 0.1532571900469505 0.42624831343712755
0.015004156349900266 0.6003960105675501 0.31687717662345927 0.06772265645909037
0.5990396713972187 0.022580662681166763 0.056754389160583396 0.32162527676103114
0.009044383533662548 0.1123801213431267 0.5443278389647979 0.3342476561584129
0.20999573804245497 0.1912927616934902 0.5395903809403754 0.05912111932367947
0.43402167155975613 0.24899967933945444 0.3108933503286685 0.0060852987721209395
0.2154033690963183 0.15458587726975292 0.4899434049381962 0.14006734869573256
0.551521872294001 0.12659509879219966 0.03831658420047168 0.2835664447133277
0.3727869783278882 0.10068746435527298 0.4715639745072815 0.05496158280955732
0.46509316076483553 0.07265205865400048 0.0006035427380896019 0.4616512378430744
0.364328800568146 0.03891363344201626 0.23948245123504908 0.3572751147547887
0.056831201412083754 0.34935832106040776 0.2894882881666361 0.3043221893608724
0.030755633545785144 0.4152425139738274 0.05349427220947145 0.500507580270916
0.32976593237159135 0.3542802799418181 0.0869899010258588 0.22896388666073175
0.023904422054516594 0.07382645760134665 0.34614370946956585 0.5561254108745709
0.4594444253357157 0.14402863197553917 0.08109598559225928 0.31543095709648583
0.01201012562940873 0.20838941104423014 0.23147172676913408 0.548128736557227
0.5475524336459725 0.08901378058190124 0.2390997278534781 0.12433405791864816
0.30365373978719956 0.026361445483134682 0.23908985237224134 0.4308949623574244
0.07173319673476697 0.12963341445054477 0.31430874196299063 0.4843246468516976
0.42117805927001195 0.0777393125818292 0.38145601012822317 0.11962661801993568
0.363290798030508 0.5364366107804465 0.07121465950157979 0.029057931687465732
0.13927871531915537 0.40706033201394753 0.3899234089331375 0.06373754373375962
0.5173941425728488 0.2455186989309519 0.011857398416263432 0.2252297600799359
0.12398756441911152 0.24138013765252408 0.22463775933406305 0.40999453859430135
0.09621129351913138 0.03294740178027766 0.48235017824858284 0.3884911264520081
0.22821247935454547 0.23753829957937755 0.38431516760568085 0.14993405346039612
0.36501978739945595 0.01285618967890012 0.20839272321602653 0.4137312997056174
