61 10 4 29.972660724209746 59.94532144841949
8.420225283219537 2.632147592474798 8.895940913863473 5.495961766119753 9.684337899004106 1.0319099212875775 9.312799119745467 6.664995219110898 3.7386779949941666 4.068325738599709
1.6840450566439074 0.5264295184949596 1.7791881827726947 1.0991923532239505 1.9368675798008212 0.2063819842575155 1.8625598239490935 1.3329990438221795 0.7477355989988334 0.8136651477199418
0.14073518071401658 0.3342629993439544 0.40604854018680925 0.11895327975521974
0.02782342549816197 0.639640321320478 0.04435825461759879 0.28817799856376125
0.191987336271224 0.2740213109815103 0.13321433439789376 0.40077701834937196
0.2914430995815821 0.6188390844473969 0.045699257077804756 0.044018558893216264
0.04348285081068082 0.2910864043885135 0.0914035687200967 0.574027176080709
0.19307393357028613 0.5566163734601146 0.020001091211024113 0.23030860175857515
0.010345279282380382 0.16076129665217087 0.5549770181906303 0.27391640587481847
0.2581702677489922 0.11474184100794582 0.11177632710277352 0.5153115641402884
0.038929871611780964 0.09953769614262675 0.8298807203636698 0.031651711881922506
0.47826300983263514 0.1888051127544078 0.06148102252984078 0.27145085488311627
0.452995036426048 0.03400673943051413 0.395338755410106 0.11765946873333188
0.039873174017249324 0.04195558620337436 0.6382046998997339 0.2799665398796424
0.36739491178429673 0.16082401114079092 0.19646774963849267 0.2753133274364197
0.1394911947543831 0.3183404389249025 0.14721246188110582 0.3949559044396086
0.12656253562032072 0.32129324344901344 0.10110991574997918 0.45103430518068666
0.26058315838658075 0.03176411063712581 0.6298520008451545 0.07780073013113897
0.45445248332638644 0.18799046736093372 0.1260615658619072 0.23149548345077264
0.0981926085607514 0.17007455126389714 0.05848461055941656 0.6732482296159349
0.12349837203131697 0.06392855888008275 0.1531855068285669 0.6593875622600334
0.24536184183455523 0.19915946129841633 0.12827741037642493 0.4272012864906035
