40 40 4 110.94552565792662 221.89105131585325
4.669183252722576 1.4982943610067407 8.096813897380773 3.585746663104113 5.053155282705441 3.7352107480668897 5.737595718674309 6.61430991596218 7.990979119524616 7.176174808298116 9.828449768690247 6.407344829943218 8.325716679486959 7.377806369468788 1.2478121229027934 9.138404955085552 5.049143661282665 2.0703218860225427 8.517701583524316 2.820234036563057 2.5678240350212675 5.042323717199482 7.028153025522498 9.616591981773919 8.499999256517201 5.5747896846184055 6.670211929962361 8.515312174087027 5.0259848077511435 7.860614268492859 6.732300181342775 4.260663046303634 1.131170945419202 5.877864018622859 3.8633993300420935 2.3049131244985106 5.940027525516202 2.687331458265928 4.590833285943186 3.160343858536808
0.9338366505445151 0.2996588722013481 1.6193627794761547 0.7171493326208226 1.010631056541088 0.7470421496133779 1.1475191437348617 1.322861983192436 1.5981958239049232 1.4352349616596232 1.9656899537380492 1.2814689659886436 1.6651433358973917 1.4755612738937576 0.2495624245805587 1.8276809910171103 1.009828732256533 0.41406437720450856 1.703540316704863 0.5640468073126115 0.5135648070042536 1.0084647434398963 1.4056306051044998 1.9233183963547837 1.6999998513034402 1.114957936923681 1.3340423859924722 1.7030624348174055 1.0051969615502288 1.5721228536985719 1.346460036268555 0.8521326092607268 0.2262341890838404 1.1755728037245716 0.7726798660084186 0.4609826248997021 1.1880055051032403 0.5374662916531856 0.9181666571886373 0.6320687717073616
0.03665485277358338 0.6664228154945897 0.21968713078646696 0.07723520094535996
0.03106401861008723 0.6666135769111458 0.2690203976918417 0.0333020067869253
0.19449838173029577 0.7312972886675191 0.02532569921475858 0.04887863038742657
0.13234514122696706 0.20839900739906214 0.06742657973218158 0.5918292716417892
0.04860097468345659 0.5644159075743383 0.30807676034443965 0.07890635739776541
0.4287068546457897 0.039535664622307065 0.4116143372647242 0.12014314346717903
0.012082138563782263 0.06536727003116083 0.05627276258236369 0.8662778288226932
0.38356623071592955 0.018130176788222707 0.05401337452221289 0.5442902179736349
0.14140647732409317 0.3517626685042339 0.3831410808316087 0.12368977334006426
0.18124673920870116 0.3383977580746096 0.004608185834390599 0.47574731688229865
0.0042243686391818525 0.45704026648008333 0.2495041207755423 0.2892312441051925
0.4041328539479496 0.34372549909552863 0.1626330208001746 0.08950862615634714
0.6207810809164124 0.14149394226986745 0.20810240585961903 0.029622570954101146
0.25456878510470604 0.1273432008602733 0.217080463861142 0.4010075501738787
0.2056078484243279 0.2181047843122893 0.07594478698987128 0.5003425802735115
0.08281160692135792 0.5929860051647257 0.17677905962819873 0.1474233282857177
0.11667804413406246 0.1559322545248445 0.6467684311423747 0.08062127019871834
0.05070618107573788 0.19105350645636376 0.5761565452080404 0.18208376725985798
0.14191602324995178 0.27204717387351407 0.00048355805366173676 0.5855532448228724
0.33573483475534327 0.055990525159385074 0.2987746465369814 0.3094999935482903
0.012972035348441269 0.19949112222224175 0.39348404690592187 0.3940527955233951
0.25917664166162013 0.03225535527014245 0.03497387242243 0.6735941306458074
0.10051597803343737 0.40209684956147673 0.3903474578364391 0.1070397145686468
0.13214034604363079 0.39489163862797483 0.27622494845404977 0.19674306687434462
0.676818994674723 0.06098150786288992 0.001649482428352278 0.26055001503403485
0.4456172194857436 0.2617077285121773 0.02373073561123462 0.2689443163908445
0.009641076149634054 0.24668189279911779 0.32053971844585205 0.4231373126053961
0.03062131143614244 0.3175575906915621 0.04665081265696558 0.6051702852153299
0.30882494474554445 0.10199506414664539 0.4728670258357709 0.11631296527203927
0.21232382999680055 0.35335998374490285 0.1235858589254416 0.310730327332855
0.20262475477963715 0.7059934076034139 0.08624570970287371 0.00513612791407525
0.03230080113214473 0.4264293957221338 0.3906727768711339 0.1505970262745876
0.4694233981730983 0.2560422862519941 0.10097905327116496 0.17355526230374263
0.16898524805224135 0.41958689844089725 0.1482520737717149 0.2631757797351465
0.3173200305600755 0.2118335670284096 0.014611408321539399 0.4562349940899755
0.08013858380041572 0.12180504366292066 0.16687406933725168 0.6311823031994119
0.6333013149831535 0.1987538350293958 0.011305003067852537 0.1566398469195982
0.1633986759996532 0.0644131571177381 0.7341817601220968 0.038006406760511924
0.2889750052544173 0.31248831517255427 0.013542240429103014 0.3849944391439254
0.005496985207712246 0.31398505210031 0.23905949518685965 0.4414584675051181
0.17905510581496975 0.3894896513439944 0.15146803789804986 0.279987204942986
0.5828253068387628 0.2529042250212993 0.07412393595514943 0.09014653218478852
0.06964475381882396 0.3216817270737653 0.11499904836446095 0.4936744707429498
0.1709050507067864 0.2860144504843022 0.053061080890379086 0.4900194179185323
0.08835370272900134 0.16824619320418244 0.49472912602426566 0.24867097804255056
0.11820124030023071 0.5152415293493015 0.32469972580189344 0.0418575045485744
0.14775294913593906 0.5979898343110309 0.14939782121267509 0.10485939534035493
0.6585260783370275 0.16530077012888433 0.10843335800817111 0.06773979352591708
0.11271575614356144 0.0203599427563238 0.7334535615255346 0.1334707395745801
0.28389170717358103 0.005710038461927414 0.3770970491094685 0.33330120525502305
0.21779505267446997 0.7083108742944934 0.03968802246846925 0.034206050562567425
0.2473434459622874 0.20915596147150806 0.4479742802587414 0.09552631230746311
0.049309308339197666 0.7404242640374361 0.017860450116273685 0.19240597750709254
0.00042666958457104887 0.2580882865925914 0.3364646697018189 0.40502037412101866
0.2916022696275469 0.08470400052627891 0.06092236822407482 0.5627713616220994
0.005853708080804321 0.5110072638804508 0.072526976609118 0.41061205142962687
0.5351041023019584 0.2781348489771489 0.1790359708026088 0.007725077918283918
0.28714030870314555 0.1710298694200285 0.2756256047745089 0.266204217102317
0.2667732915213632 0.20078591282135372 0.23980561975168047 0.2926351759056026
0.07249752386882291 0.050596849137712785 0.19161685291691577 0.6852887740765485
0.6352273945377976 0.026213422066880265 0.19784748063788082 0.14071170275744127
0.058378047850259795 0.061708976662493864 0.8579779778331993 0.02193499765404705
0.2295976805503145 0.2955112037532476 0.25307184990771303 0.2218192657887249
0.7540292373444691 0.040603023564313556 0.0996276802336925 0.1057400588575248
0.26170294898138813 0.5056248455077231 0.1452807841997188 0.08739142131116995
0.08759821089865694 0.246658371553232 0.07220191403316423 0.5935415035149468
0.2238566372329459 0.020437080897137805 0.057770149910057356 0.6979361319598589
0.00287500863498924 0.07824864002213361 0.7255542430971775 0.19332210824569962
0.344146293675903 0.47933864275948934 0.16284865148573502 0.013666412078872647
0.40338647506003933 0.16596907663195493 0.048138125711379764 0.382506322596626
0.009418780815869554 0.02287699777726393 0.412928263432204 0.5547759579746625
0.1777547818861459 0.4709429710094536 0.02645989438464158 0.3248423527197589
0.2633138583441108 0.19738199373140652 0.2567762395743872 0.28252790835009545
0.38490762168028747 0.27098250477335784 0.10503564804545074 0.23907422550090396
0.12269611873151254 0.32868139625485593 0.37278888670495414 0.1758335983086774
0.019662610122718305 0.4831548025856711 0.3464059050248274 0.1507766822667832
0.5852857252632788 0.00964430240571712 0.10300769560061607 0.302062276730388
0.4414876804616049 0.08459501591667606 0.11349609907651415 0.3604212045452049
0.47826806826076407 0.16111801045045382 0.32211487352868073 0.03849904776010138
0.2780496752705792 0.09455858304733455 0.029119719327593274 0.598272022354493
