42 30 4 74.21063173315399 148.42126346630795
4.370861069626263 9.556428757689245 7.587945476302646 6.387926357773329 2.4041677639819286 2.403950683025824 1.5227525095137953 8.795585311974417 6.41003510568888 7.372653200164409 1.185260448662222 9.72918866945795 8.491983767203795 2.9110519961044856 2.636424704863906 2.650640588680904 3.7381801866358395 5.72280788469014 4.887505167779041 3.6210622617823773 6.506676052501415 2.2554447458683766 3.629301836816963 4.297256589643226 5.104629857953324 8.066583652537123 2.7970640394252375 5.628109945722504 6.331731119758382 1.4180537144799796
0.8741722139252526 1.911285751537849 1.517589095260529 1.2775852715546658 0.48083355279638573 0.4807901366051648 0.30455050190275906 1.7591170623948833 1.2820070211377759 1.474530640032882 0.2370520897324444 1.9458377338915898 1.698396753440759 0.5822103992208971 0.5272849409727811 0.5301281177361808 0.7476360373271679 1.144561576938028 0.9775010335558083 0.7242124523564755 1.3013352105002831 0.4510889491736753 0.7258603673633927 0.8594513179286452 1.0209259715906647 1.6133167305074245 0.5594128078850475 1.1256219891445007 1.2663462239516765 0.2836107428959959
0.06505159298527952 0.5424932589161588 0.358087181173121 0.03436796692544064
0.12203823484477883 0.18257553432859186 0.3796192573387862 0.3157669734878431
0.034388521115218396 0.22439146048479852 0.05293109448939404 0.688288923910589
0.5467102793432796 0.39278866222090947 0.030085686200369444 0.03041537223544144
0.045227288910538066 0.04326521314138143 0.5094074767591656 0.40210002118891486
0.28093450968738076 0.10774278000210125 0.44006021946244733 0.17126249084807066
0.07455064367977082 0.06637358129499182 0.6313205443218948 0.22775523070334258
0.005522117123602399 0.7013352267240147 0.06441300283832863 0.22872965331405426
0.3308980248526492 0.027567703691623424 0.5046376973313209 0.13689657412440648
0.3109823217156622 0.41862385662240187 0.15760656423826247 0.11278725742367346
0.1195942459383017 0.6411908026785957 0.010182131337663547 0.229032820045439
0.02541912674409519 0.006010058942639063 0.4913036436952598 0.47726717061800594
0.3143559810763267 0.09602694195930306 0.4971835508904633 0.09243352607390698
0.22879816549162246 0.06095328742214556 0.639946199428805 0.07030234765742693
0.6334037565104235 0.170268320388691 0.08888692159086331 0.10744100151002223
0.22793516254194168 0.09006831242992219 0.48943668019219866 0.19255984483593747
0.006952130531190703 0.4104588726175883 0.4006037627737141 0.18198523407750689
0.1198653673336828 0.3989252544096833 0.42411908216915306 0.05709029608748084
0.363629602379294 0.13361890351309147 0.4651987890497258 0.03755270505788877
0.05147875124998935 0.23336174312747826 0.32472383960242923 0.39043566602010316
0.1448948720912231 0.7633710138754306 0.07738456814394701 0.014349545889399296
0.23763754399239967 0.13014558872685356 0.3043524146866253 0.32786445259412145
0.0902897700544083 0.23049029491732753 0.31274964578915887 0.3664702892391053
0.040775141554763916 0.47131791674451706 0.16547130354300144 0.3224356381577176
0.6451727904094499 0.04576494769301609 0.24579225063426857 0.06327001126326548
0.2579416277151556 0.0831247233351029 0.5836272672283043 0.07530638172143722
0.09310276780589921 0.4365478105501073 0.28757162184520935 0.18277779979878417
0.3390297910487007 0.3869258878215387 0.17446237829309108 0.09958194283666955
0.16162871409461377 0.480402932059674 0.24505477811082954 0.1129135757348827
0.005061583846218687 0.09640995901981342 0.5049575167935578 0.39357094034041007
0.17052412368729153 0.6378732244291696 0.1404881891368721 0.051114462746666756
0.09767211400638387 0.34248037973321743 0.05502441637166888 0.5048230898887298
0.5200680211778108 0.14245426317617116 0.2467981177248001 0.09067959792121794
0.18485445552552704 0.5902783678355875 0.11969452706653427 0.10517264957235117
0.1959828624191452 0.12934746834411914 0.5965439042598525 0.07812576497688317
0.2713490317738959 0.08540429491969337 0.1859427564646592 0.45730391684175153
0.1987156815341724 0.6034812992198673 0.18468995584647763 0.013113063399482705
0.07404465173409036 0.654962516306897 0.08645426041384685 0.18453857154516584
0.06355835028602363 0.05231070923910608 0.5074290673024282 0.3767018731724421
0.32518332202674705 0.14703160313520225 0.16534254619326383 0.3624425286447869
0.49379559636439074 0.06748160120510549 0.15196758965349877 0.286755212777005
0.10789142699330445 0.3196495913652452 0.20886939290523077 0.3635895887362196
0.24929222914887494 0.2592784620158278 0.2469804473783459 0.24444886145695133
0.07697990982879299 0.08424137742521143 0.6468990923104125 0.19187962043558304
0.18657005888603584 0.3527721830296149 0.332118348272067 0.1285394098122823
0.11005192452767676 0.31705586409857955 0.4689835112972369 0.10390870007650677
0.22210781047073025 0.2886394921068355 0.3499832806787777 0.13926941674365656
0.32320293202075523 0.014412239382872727 0.3654037874915499 0.29698104110482215
0.25178229582536416 0.04909601399140551 0.670903772904191 0.02821791727903933
0.036886947354532795 0.24175951688207864 0.22403255899225005 0.4973209767711385
0.23956189066697242 0.0024933808445279926 0.2473974887660626 0.510547239722437
0.6323058305935795 0.0959105180182801 0.033403266716858004 0.23838038467128242
0.18651851039985423 0.34925617367490425 0.2995278115144795 0.16469750441076203
0.016587828927856152 0.2099079462700818 0.36439716799030386 0.4091070568117582
0.13752094414599325 0.03684548485899819 0.21236891729554597 0.6132646536994626
0.11347352124058907 0.54651052479359 0.21735530734680197 0.12266064661901899
0.24185229090045168 0.31334852069901065 0.3420149463538644 0.10278424204667325
0.3492095746126609 0.28389188266060705 0.26400880267930915 0.1028897400474229
0.08413996499504883 0.695735580862575 0.11867864266945538 0.10144581147292075
0.009197051616629648 0.151610999800869 0.5026937176905572 0.3364982308919442
