33 40 4 105.57972273139316 211.1594454627863
3.2365911469395696 5.049778789457159 4.698467226968868 3.342697217982099 8.833561195122545 2.665359344457145 1.176952828870396 9.579268283533409 7.124057242579354 5.3792931389547505 9.685241378793586 4.5405886520947005 1.716018141582048 4.162666819724166 2.4727164634458574 9.84850138930508 8.925653657937172 5.446571213004071 4.608633170066306 5.061623167078869 7.487891636535066 3.2299145599303567 6.605019571637358 2.2820393427888592 2.8105865422472327 1.730959565038222 9.581250653282133 1.501644426779534 6.395828351098915 7.506978674441342 9.732607474283398 8.394125116709521 5.74795960695425 3.9832905658930082 4.18583976031719 1.7112727113208503 6.003229423828475 2.492150166007649 3.657140479368021 8.565476366427752
0.647318229387914 1.0099557578914318 0.9396934453937735 0.6685394435964198 1.7667122390245091 0.533071868891429 0.2353905657740792 1.9158536567066817 1.4248114485158707 1.07585862779095 1.9370482757587173 0.9081177304189401 0.3432036283164096 0.8325333639448331 0.49454329268917147 1.969700277861016 1.7851307315874343 1.0893142426008142 0.9217266340132613 1.0123246334157738 1.4975783273070131 0.6459829119860714 1.3210039143274717 0.4564078685577718 0.5621173084494465 0.3461919130076444 1.9162501306564266 0.3003288853559068 1.2791656702197831 1.5013957348882685 1.9465214948566796 1.6788250233419042 1.14959192139085 0.7966581131786017 0.8371679520634381 0.34225454226417007 1.200645884765695 0.4984300332015298 0.7314280958736041 1.7130952732855504
0.3625620094136722 0.10982585663064925 0.2380138781722102 0.2895982557834683
0.30619704551042826 0.28953867421640234 0.17748005453685456 0.22678422573631485
0.05949432526546028 0.5602811767402298 0.18255171233738288 0.19767278565692703
0.34413639388838024 0.08375208123268352 0.3047419599415614 0.26736956493737485
0.017372025919124345 0.8270874370303651 0.04879105424650565 0.10674948280400487
0.42903616574839687 0.3396963650678846 0.1325637868823637 0.09870368230135484
0.32627747822946596 0.1082508948368438 0.3288002642419685 0.23667136269172173
0.42086348967800447 0.03158204854209723 0.23683758259615295 0.31071687918374535
0.235905365849035 0.7317262197435113 0.005232625722975115 0.027135788684478634
0.34182884121892165 0.31148610068425253 0.23216070642215714 0.11452435167466868
0.38869383728787166 0.0548666499464473 0.3408608365458682 0.21557867621981286
0.3732680338790636 0.4328620473791569 0.0015499446667694983 0.19231997407501
0.3185012124023998 0.49757330213153794 0.00984889752033924 0.174076587945723
0.5171186228655802 0.04101481959382458 0.4284028015585014 0.013463755982093817
0.12204580491917427 0.5799142837614275 0.05371129787887985 0.24432861344051837
0.1232362346056739 0.14615981959448376 0.4979830068504515 0.23262093894939084
0.20130348889006755 0.2763850868801755 0.08510871411282916 0.4372027101169278
0.053834636192314766 0.4082057342902706 0.1459687497801776 0.391990879737237
0.18565617959514213 0.5378180910048234 0.15077606456632198 0.12574966483371253
0.35104600486985726 0.4176053589329902 0.034242632216349045 0.19710600398080347
0.24539328023763607 0.33346793767057115 0.2512077108188485 0.16993107127294427
0.22477339370013216 0.3430156665575438 0.14463299035422716 0.2875779493880969
0.335690474229862 0.03061686356979121 0.48988891761506936 0.14380374458527745
0.14567470634167745 0.24343877008699522 0.403193638594911 0.20769288497641636
0.20437510584395258 0.22277470085944495 0.21201974782008137 0.3608304454765211
0.13449071015925307 0.2845397268487214 0.22713404095001088 0.3538355220420146
0.5274399791836082 0.37282434721248514 0.038781672065365536 0.060954001538541136
0.37750036153856803 0.07116459484767079 0.0816078849220534 0.4697271586917078
0.5968102716241326 0.18478388165301451 0.15293267710878944 0.06547316961406346
0.002671314656475743 0.28949704216876637 0.3958544578429837 0.3119771853317742
0.3024441048268546 0.10504982018370324 0.44967010837651766 0.14283596661292453
0.31290348558823355 0.40274808598363343 0.020110310285816557 0.26423811814231646
0.14676996368341344 0.6931604615530101 4.719997138735721e-05 0.16002237479218906
0.25309096556675237 0.21733873172617135 0.18287426719962108 0.3466960355074552
0.07053759627989531 0.5319604714128557 0.31553724680747375 0.0819646854997752
0.0072096349324279885 0.01313586424039348 0.9491516880823151 0.03050281274486344
0.020960327438552584 0.7031621375174218 0.2619678589324579 0.013909676111567681
0.026639092458374813 0.24865811699316998 0.2515266448551975 0.4731761456932577
0.03703066736622984 0.46438995360600177 0.1525298213826246 0.3460495576451438
0.5440262127270548 0.3780297202887355 0.046221582210328904 0.031722484773880844
0.03170775152874872 0.309106225993923 0.3907626450828763 0.268423377394452
0.13664963834754318 0.0259192281320626 0.07867592569091308 0.7587552078294811
0.18819184329191252 0.20367393268400258 0.10826087620931679 0.4998733478147681
0.08898163794389724 0.3043177174473667 0.0035853802877995333 0.6031152643209365
0.16156441191215443 0.11350388495465902 0.19329669972214925 0.5316350034110373
0.6860843061868155 0.14791831539996836 0.13782229827020198 0.028175080143014175
0.1739191529496058 0.33627524100014317 0.2872948005359387 0.20251080551431233
0.28597000375671067 0.28195074350097105 0.3302706192260688 0.10180863351624947
0.17099071752127593 0.3897197738851007 0.005583498154520861 0.4337060104391025
0.36822584666470326 0.4824456895934446 0.11319972783811205 0.036128735903740106
0.6089401865000075 0.057467516443142186 0.3015682946693037 0.03202400238754666
0.267023511841742 0.4057007871640248 0.024735847344886874 0.3025398536493463
0.15996464727464832 0.5952488198253995 0.11756077726321856 0.12722575563673366
0.5101813017674265 0.04251507399944798 0.44102216090825774 0.0062814633248677865
0.4322742472437593 0.1980125245175287 0.3063084594849633 0.06340476875374867
0.263394990697595 0.0011291182734101124 0.4581546761522387 0.2773212148767562
0.26883229662811836 0.15331041374424026 0.43582459687521613 0.14203269275242525
0.03832007833593443 0.34843540616901725 0.3320339742844004 0.2812105412106479
0.029429883845652594 0.1034888894287429 0.1359757923506799 0.7311054343749246
0.19513580829480015 0.37605413439245283 0.23576791820831722 0.1930421391044298
0.40608942260753966 0.3970067375261934 0.13371349378498942 0.0631903460812775
0.21733253164834898 0.12492513134932348 0.012968578492732918 0.6447737585095946
0.048596783290192236 0.35391114405639135 0.024811518327267357 0.5726805543261491
0.12474737731623808 0.28867289075181346 0.2352943213589631 0.35128541057298535
0.04954139199958063 0.0978666967788715 0.41601299306064987 0.436578918160898
0.33375383351084353 0.44770995774313893 0.16998605391416022 0.04855015483185732
0.4279405420176946 0.10562301289487663 0.2939999566560496 0.17243648843137915
0.16797686601183437 0.28796836880455523 0.4818272679482063 0.062227497235404106
0.5307899591648383 0.028555407935577315 0.08077449075902166 0.35988014214056274
0.047465790321446044 0.45544386190878594 0.18192180730363205 0.31516854046613596
0.07849929347475038 0.385603818359752 0.4516290874409533 0.08426780072454432
0.2902390548483993 0.078077212951283 0.031922834212506745 0.599760897987811
0.04824806298546602 0.5193534793782354 0.08190674418826371 0.35049171344803487
0.17371330990516998 0.717053422243426 0.08483848674397554 0.02439478110742843
0.28263761327233283 0.08777430731015967 0.6138304498319321 0.01575762958557536
0.14503601652960385 0.5016720351406937 0.06638731207113358 0.2869046362585689
0.6150177566750388 0.2653197917188581 0.049289796085729254 0.07037265552037386
0.04773419932390388 0.6772474052807259 0.18630066640895127 0.08871772898641894
0.18918237609275934 0.5424860931797901 0.06335975962029039 0.20497177110716014
0.47504592786223376 0.11792815150994862 0.38296203351985736 0.024063887107960258
