38 30 4 95.71653062626828 191.43306125253653
4.462958075650693 8.737370619315572 9.49779672226678 7.325424042496564 6.7027068745426615 6.453651537915382 2.80114158573914 4.486490989000311 3.3308484737628845 1.671465532777911 3.528612772100117 4.9459073603144486 5.349241392305169 8.816405376586552 5.766664456038561 6.060368298112802 5.2394980959567174 7.199578062971397 5.543457448387413 8.408581792891413 9.643304385879274 8.723298148436136 3.7825878200334797 5.947489562311442 6.892105434717362 9.557728549132003 9.772926828271322 5.03681192229157 8.193456358870508 7.55518273346095
0.8925916151301386 1.7474741238631144 1.899559344453356 1.4650848084993129 1.3405413749085322 1.2907303075830765 0.5602283171478281 0.8972981978000621 0.6661696947525769 0.3342931065555822 0.7057225544200234 0.9891814720628898 1.0698482784610337 1.7632810753173103 1.1533328912077123 1.2120736596225605 1.0478996191913434 1.4399156125942794 1.1086914896774824 1.6817163585782826 1.9286608771758549 1.7446596296872272 0.7565175640066959 1.1894979124622884 1.3784210869434723 1.9115457098264006 1.9545853656542644 1.0073623844583142 1.6386912717741016 1.51103654669219
0.08814555543490965 0.12264037049118282 0.7123783696282442 0.07683570444566334
0.015090351039761307 0.3980886615717344 0.029854347290880878 0.5569666400976234
0.12116783759476857 0.0060251450817169205 0.09068573972928373 0.7821212775942308
0.29481288648625625 0.029178989493920948 0.15474573828872862 0.5212623857310942
0.3294575572858509 0.03382821607455622 0.07858742991091117 0.5581267967286817
0.41727366225734985 0.1620368368852788 0.11001676301294161 0.3106727378444297
0.391248612897663 0.24477002195293018 0.0079802643369693 0.3560011008124375
0.02715249618524962 0.4285190524945206 0.08829898192310548 0.4560294693971243
0.032681883466592954 0.38397440265015326 0.37126311650635246 0.21208059737690133
0.29752939595849814 0.43954415463033125 0.11255235464554814 0.15037409476562247
0.2223293912331995 0.6511368107805691 0.07614131034349891 0.05039248764273252
0.14731208958794795 0.3627900617975395 0.38271477722345526 0.10718307139105732
0.21067825196239698 0.3099580669091857 0.0916247875377123 0.387738893590705
0.03698088916499831 0.06628060489708887 0.2234595072913227 0.6732789986465901
0.0884656219527149 0.062116317945155486 0.37679576193871 0.4726222981634196
0.448445646003794 0.34719167398290474 0.18790745967862887 0.016455220334672394
0.31018012874268597 0.17613887182864307 0.28869190265386013 0.22498909677481083
0.3018397331562893 0.24974363732906368 0.16626863285958293 0.28214799665506407
0.4182691451817704 0.2935358089884632 0.016707460095972126 0.2714875857337943
0.21493613130690503 0.32297017423239505 0.08343076620498424 0.3786629282557157
0.28393989612930515 0.017780274822283615 0.31957107565755705 0.3787087533908542
0.27755361129573375 0.14779376782257336 0.2887312815977261 0.2859213392839668
0.0744326893605407 0.7280325633786219 0.06018380281733027 0.13735094444350715
0.19302885597478248 0.000274300319028975 0.4695595125309635 0.33713733117522504
0.006353076172511352 0.08869742030947392 0.7848487558759066 0.1201007476421081
0.1903361726911975 0.19746553267595746 0.009343653894689274 0.6028546407381558
0.027675815559792927 0.1649788903299525 0.46436718907788177 0.3429781050323728
0.1643808865820401 0.3947089756240717 0.2846440235269353 0.15626611426695292
0.002964390736657996 0.24823560541783085 0.4153315231199385 0.33346848072557267
0.13340377784937885 0.47374005874737746 0.13350276528452354 0.25935339811872016
0.24164118808015944 0.37326505066368354 0.178128370410906 0.206965390845251
0.1842786974189522 0.4141206727623741 0.13079000274792274 0.270810627070751
0.09042597346230319 0.7214190728793419 0.18015344294317248 0.008001510715182403
0.4017410368124711 0.01596368764221001 0.15180265566123907 0.43049261988407983
0.25006978324328 0.35119812389615757 0.04704759384670709 0.35168449901385535
0.2907360027058288 0.3794162394005334 0.24968768322266788 0.08016007467096997
0.4580688025734684 0.2044399731432761 0.06628783024737572 0.2712033940358798
0.5262847256951094 0.11549092113653114 0.3258191900626003 0.03240516310575914
0.019853526969808466 0.595892482908659 0.1299225953210883 0.2543313948004442
0.36011858810158326 0.15597822496252012 0.026721310907744433 0.4571818760281522
0.650520389425572 0.026418533840424474 0.17819776477685156 0.14486331195715196
0.2362862251202137 0.013041919289421444 0.15832416827546236 0.5923476873149025
0.2953283625939106 0.06082355397199457 0.22855824005177916 0.41528984338231567
0.5215856555433336 0.1331932514391193 0.34419233140969296 0.001028761607854145
0.5119917969948556 0.3005069729860774 0.142003870774411 0.04549735924465592
0.4409570335519626 0.3252133886466584 0.1272084070020244 0.10662117079935463
0.043028117943009314 0.6522819027563431 0.3035830626571069 0.0011069166435406785
0.30326851404266764 0.19660314150585267 0.20207243289797394 0.29805591155350575
0.48744124610992656 0.17928448254885465 0.3079444262744976 0.0253298450667212
0.06848946019364521 0.2848020203228716 0.18136170008362051 0.46534681939986267
0.23874792260587974 0.07701377745607674 0.26732404935817744 0.4169142505798661
0.2221468302720142 0.6288972485538139 0.0595719968802515 0.08938392429392039
0.07697742872354629 0.15506966791386045 0.13669879170256838 0.6312541116600249
0.4448112695756449 0.15912302698015446 0.0812605554851995 0.31480514795900116
0.3328557745444828 0.18895020562896492 0.37714166663776205 0.10105235318879024
0.1891958933686272 0.1623444721921553 0.617225538566438 0.031234095872779477
0.04877453977030011 0.021534476162760496 0.4851525670986093 0.4445384169683301
0.22213100012321763 0.2795879820281041 0.46500338812012687 0.03327762972855142
0.3516736001656581 0.49599291239464305 0.05913455226291986 0.09319893517677902
0.02494741720345428 0.760849578408284 0.14572016688843525 0.06848283749982642
