87 100 4 266.41152803268665 532.8230560653733
6.906377667096612 9.594112392219047 9.737884314944347 1.8804895958384846 3.1667042420306286 8.817777882224114 5.927076410072622 7.472379681358821 9.331153124415867 6.553347554003919 7.001743225786027 4.005116571531379 2.646198953204893 4.262153783245832 4.616704798638317 7.857197742024841 3.4006152052178713 3.4038597108362567 9.78469272679685 1.5602458454742558 4.772889390872886 4.161248409341921 1.8053683502239966 2.7762210229177144 9.467722940009363 1.0950888896639104 2.674952744827575 9.869390717181142 4.062261971522252 3.938883506146378 6.885193050857186 1.1981502181983137 2.7283489613846292 9.572337053807967 7.756328911250041 3.042567219567424 6.741032792850437 1.2875325643991362 4.709864939308468 9.523742493002652 7.852280334589692 5.158157718731162 4.225405795785594 3.4461162642098104 2.4757419939853915 6.839657520549894 7.299559544160618 7.782585777684338 9.40497446797871 6.564022696303387 7.286978375723773 2.864370926579511 1.1209219286060148 9.02270331154249 8.624672113545028 8.388646671773548 8.227331770873617 5.235195448963298 4.673812547074555 3.0291074059222094 3.7535144161006424 3.480760255867991 2.1598670201292443 3.382546619160447 1.4434270415673924 5.087214977601646 4.896082319817284 6.297357245339848 6.464000130272209 5.377980020055288 2.7392432780528515 6.716257234497807 4.181181087432729 5.935995940952535 3.300287964565265 6.444865394815189 2.5960765305719438 9.790195281577303 1.8933413740040907 5.300705767490404 5.215657661716614 1.0814903644069709 5.413132736767093 1.3144491941060221 8.409271213755336 5.389574768461023 8.441377496642508 8.53179719210857 9.349970923898663 5.858573205950913 9.133149404626508 5.732732737026025 1.478926694383175 3.8361578150107976 9.288435442140882 4.463771527967843 1.1310285227428605 1.3158026900050173 1.3407089594797248 9.338947425427465
1.3812755334193223 1.9188224784438095 1.9475768629888695 0.3760979191676969 0.6333408484061257 1.7635555764448227 1.1854152820145243 1.4944759362717641 1.8662306248831733 1.3106695108007838 1.4003486451572054 0.8010233143062757 0.5292397906409786 0.8524307566491665 0.9233409597276634 1.5714395484049681 0.6801230410435742 0.6807719421672513 1.95693854535937 0.31204916909485114 0.9545778781745773 0.8322496818683842 0.3610736700447993 0.5552442045835428 1.8935445880018726 0.21901777793278207 0.534990548965515 1.9738781434362285 0.8124523943044505 0.7877767012292756 1.3770386101714371 0.23963004363966273 0.5456697922769258 1.9144674107615933 1.5512657822500082 0.6085134439134847 1.3482065585700875 0.25750651287982723 0.9419729878616936 1.9047484986005305 1.5704560669179384 1.0316315437462324 0.8450811591571188 0.6892232528419621 0.4951483987970783 1.3679315041099787 1.4599119088321237 1.5565171555368678 1.880994893595742 1.3128045392606773 1.4573956751447548 0.5728741853159022 0.22418438572120297 1.8045406623084979 1.7249344227090055 1.6777293343547097 1.6454663541747234 1.0470390897926596 0.934762509414911 0.6058214811844419 0.7507028832201285 0.6961520511735981 0.43197340402584883 0.6765093238320894 0.2886854083134785 1.0174429955203292 0.9792164639634567 1.2594714490679695 1.2928000260544419 1.0755960040110577 0.5478486556105703 1.3432514468995613 0.8362362174865459 1.1871991881905068 0.660057592913053 1.2889730789630378 0.5192153061143887 1.9580390563154606 0.37866827480081816 1.060141153498081 1.0431315323433228 0.2162980728813942 1.0826265473534185 0.2628898388212044 1.6818542427510672 1.0779149536922046 1.6882754993285016 1.706359438421714 1.8699941847797326 1.1717146411901826 1.8266298809253017 1.146546547405205 0.295785338876635 0.7672315630021596 1.8576870884281764 0.8927543055935686 0.22620570454857208 0.2631605380010035 0.26814179189594495 1.867789485085493
0.18779133386451463 0.27299027309877777 0.3621697222039658 0.17704867083274178
0.2773117143705368 0.3518744416052383 0.08066315576508365 0.29015068825914125
0.10767012190947867 0.8316158378370119 0.047399890431877756 0.013314149821631704
0.4961268359433828 0.1251976681874657 0.2586068611507524 0.12006863471839913
0.12515465461466335 0.3836448089815042 0.4723406360776098 0.018859900326222645
0.12776722743960212 0.30302045971501346 0.5359713399848853 0.033240972860499096
0.0190216272664937 0.5127152270461243 0.3521491011434452 0.11611404454393681
0.47191242929591815 0.16302913826209142 0.2220460381228081 0.14301239431918233
0.43257425562496465 0.4268596236662674 0.1049289973693539 0.035637123339414045
0.022675491554436933 0.10213136359305841 0.6292473162890772 0.2459458285634275
0.11120755401369486 0.05019455865234479 0.5771738260695042 0.26142406126445616
0.24887857142996128 0.17495204740051662 0.262237492449098 0.3139318887204241
0.20909124090374187 0.14502881500462683 0.02914530425752404 0.6167346398341073
0.14553939530389848 0.060949103744978195 0.36440570081057 0.42910580014055333
0.027739500352295665 0.2772454392840502 0.526758802189088 0.16825625817456613
0.22092090851918733 0.28329779037883474 0.04628566459374228 0.44949563650823565
0.06764551315445866 0.27527928380255007 0.1977653655529864 0.45930983749000487
0.31641026905286707 0.14693274329071715 0.22242228760524352 0.31423470005117227
0.17409448514140025 0.5957476953968613 0.20299083368513993 0.027166985776598485
0.30513237302830987 0.10015259234070117 0.20633296901099996 0.388382065619989
0.06617035628175838 0.12130605387650117 0.6688765652344981 0.14364702460724232
0.21610457322305265 0.17682109102669563 0.3432547651120449 0.2638195706382068
0.4072145256782528 0.3942822248809462 0.026282613937458454 0.17222063550334255
0.039646354677162376 0.065839296951133 0.3432598617340952 0.5512544866376095
0.2812222280794514 0.2556959510059762 0.04746238412734294 0.41561943678722946
0.31835157235634515 0.27560688500249997 0.3480545368738849 0.057987005767270006
0.1903167280020246 0.5338408917115113 0.15857470483621539 0.11726767545024874
0.13714644573959434 0.34283384195611466 0.46846709897882866 0.05155261332546235
0.1268428687571752 0.2756812639092554 0.5859910773337028 0.011484789999866574
0.33508172055520113 0.045340990910446966 0.4881125257446678 0.1314647627896841
0.09260628198740695 0.5206928486423518 0.028344015022245372 0.3583568543479959
0.22753173825314155 0.027603626239170564 0.38043356560326924 0.36443106990441865
0.1370740214166084 0.5487075736604785 0.20995566554334222 0.10426273937957087
0.12175526934369363 0.4400917290824915 0.35001988420329977 0.0881331173705151
0.44479212585185435 0.3180146504743939 0.23036911684166117 0.00682410683209056
6.907538794920232e-05 0.6257230363182575 0.263544448090158 0.11066344020363528
0.05712519539544858 0.3764770225695703 0.3546355343207761 0.21176224771420504
0.301730058588382 0.1111842452343107 0.21357159422400396 0.37351410195330337
0.10429000165066982 0.47351151781401146 0.11247925054296448 0.30971922999235424
0.3214387976111668 0.16291482049195194 0.07494713481950876 0.4406992470773725
0.006775076975238603 0.3406528620809325 0.10571710199805162 0.5468549589457773
0.07617354406209209 0.18334456210764094 0.5353504161550812 0.2051314776751858
0.17498926717679808 0.17430424834700897 0.469826420547236 0.18088006392895695
0.15571833229071186 0.08032426758228073 0.02828012383340195 0.7356772762936055
0.12576592390189545 0.4020375639043351 0.1040700206267241 0.36812649156704536
0.36742795601053213 0.2601629939165756 0.05386974378814502 0.31853930628474725
0.6407920910531473 0.18460187981656484 0.11198894787415647 0.06261708125613141
0.44560077548313803 0.19364972298814154 0.0922479118068078 0.2685015897219126
0.16480773734176435 0.383430347433498 0.3588205786042078 0.09294133662052984
0.15053262544098167 0.2328399882444544 0.4424857376914857 0.17414164862307824
0.07021499473181014 0.07759959410264705 0.6214155531940081 0.2307698579715347
0.35746483053259115 0.3409050030601747 0.24912361908423708 0.05250654732299709
0.6560161600089072 0.15450390628267097 0.07572168992005701 0.11375824378836485
0.12247862793994557 0.33192184252090595 0.09937936211237919 0.4462201674267693
0.7528864649575678 0.06408803172291211 0.12061958912941051 0.062405914190109546
0.36351315704705633 0.37304972127858793 0.19421714869658036 0.06921997297777538
0.05113954175498836 0.5081098946246204 0.32920792737473437 0.11154263624565686
0.1521257709967907 0.43374866681603486 0.33041185726388134 0.08371370492329311
0.1363106680884496 0.12012808735732483 0.14023646524047784 0.6033247793137477
0.08914265455618042 0.2083307033419397 0.38983853307671046 0.3126881090251694
0.34099261886207644 0.28068858878775793 0.15341577092847358 0.22490302142169205
0.015696525223334534 0.35050697590126845 0.18291650678508298 0.45087999209031404
0.3430770313126671 0.2604364111040589 0.04039692283985952 0.3560896347434145
0.3052630331111509 0.47294105714423296 0.0683211804373276 0.15347472930728856
0.09446686511695501 0.3661340958711562 0.3137275387901274 0.2256715002217614
0.049986711393001704 0.6205561095240536 0.24564510296579656 0.08381207611714814
0.04727466490693022 0.3048089375193027 0.26217009084473 0.3857463067290371
0.012223434213633366 0.2118556267685735 0.7709296453138631 0.004991293703930033
0.24412250393169066 0.2686995083746676 0.44783712330092773 0.039340864392714
0.029762105154461094 0.6603460976289446 0.27303569554404805 0.03685610167254627
0.46017484647154383 0.13189743040585145 0.22710850079194034 0.1808192223306644
0.16025731011459032 0.043290599605955715 0.2515858649003775 0.5448662253790765
0.24207387082570697 0.03739506829902506 0.20488763906194085 0.5156434218133271
0.1828598077819401 0.06690972194833367 0.46394393091071684 0.2862865393590094
0.07164983453526808 0.0053302719734957815 0.1701854106407087 0.7528344828505275
0.022934604180951612 0.10051022892661532 0.518359226258413 0.35819594063402005
0.1468088757772248 0.38699668743979265 0.1498305420809436 0.31636389470203896
0.0679445031359075 0.7158551962222136 0.003070856157840529 0.21312944448403837
0.2276865218990003 0.33275113947073587 0.21064333876018293 0.2289189998700809
0.03835668198669073 0.6569974121577281 0.26675193893523375 0.03789396692034741
0.6193212014106849 0.06486867112139627 0.17238246883972563 0.14342765862819318
0.30097044756687197 0.10037003013526014 0.3255356245705082 0.2731238977273597
0.13897125624869222 0.22952232312192966 0.4454376968077589 0.1860687238216192
0.05235547895445325 0.7349657125037863 0.04430148253675881 0.16837732600500166
0.2692022483348099 0.09408193464693237 0.33991102848853794 0.2968047885297198
0.6004260687632025 0.025364384895105507 0.09526450422270316 0.27894504211898885
0.14591655325466313 0.24088371089023297 0.5600123340378894 0.053187401817214486
0.31504517816443467 0.07533750828766184 0.26920454060181653 0.34041277294608696
0.13433117193024058 0.1355550852719658 0.43031979862521796 0.29979394417257565
0.25621164568031474 0.33430838937796237 0.30736180387306533 0.10211816106865756
0.07954933244213358 0.4648307152122849 0.39221408392944856 0.06340586841613294
0.6626818121379511 0.014318881293833186 0.08256003216674346 0.24043927440147228
0.08237053048989418 0.4385155685958311 0.288863477318537 0.19025042359573774
0.011552020976196453 0.688341965116976 0.05952508014836644 0.24058093375846112
0.023345516496464103 0.2580135656033118 0.049936477885374586 0.6687044400148495
0.05911002207914262 0.01793472109296368 0.12868147220718584 0.7942737846207079
0.3564224372445012 0.08850989181163393 0.41091268779403045 0.14415498314983444
0.10682471964207696 0.14993972147060441 0.06773213959168145 0.6755034192956372
0.18899277575799434 0.10674893744722602 0.38698999631057895 0.3172682904842007
0.3137147483641026 0.2664964174572526 0.041127629191417436 0.37866120498722733
0.33150419289640487 0.19253156660654003 0.4175404518243927 0.0584237886726624
0.38524449898687263 0.10608922989815173 0.15765024326625088 0.35101602784872477
0.4559828255138677 0.28759847154884177 0.09158051389518262 0.1648381890421079
0.6597153483022601 0.0010652137914860527 0.1285226716119754 0.21069676629427847
0.2460747272116488 0.1890994107659838 0.2712332070731547 0.2935926549492127
0.7458465003315746 0.07316258230437767 0.0035567855917912894 0.17743413177225642
0.5679994536652642 0.06891391140534409 0.05956356828565179 0.30352306664373996
0.29584581535903964 0.1549057265453967 0.23688946579515935 0.3123589923004043
0.6084885634882271 0.05739097629400236 0.017051262701007763 0.31706919751676277
0.24211130688370874 0.3720386161979634 0.3152519494690065 0.07059812744932137
0.20167051314531637 0.13193911288746352 0.2555227961915324 0.4108675777756877
0.23198227398644944 0.07379858628616265 0.6051100177575515 0.08910912196983645
0.1840869613590933 0.6378107001761447 0.16569495756534047 0.012407380899421505
0.0956019784737473 0.4074201962130567 0.09546511174290628 0.4015127135702897
0.18037286670593855 0.2973233575904165 0.08761061975032503 0.4346931559533199
0.43050250227030684 0.07636037473574764 0.42887900941373136 0.06425811358021416
0.20666623342378987 0.4278639525530129 0.020803394548931986 0.34466641947426524
0.5020166403140374 0.11227315783102876 0.07568882338027316 0.3100213784746607
0.30685369932930073 0.1391547357834224 0.2520101152663662 0.30198144962091067
0.22049886443171096 0.03322946028976337 0.331864518616814 0.4144071566617117
0.18635348167962862 0.2541830225023959 0.40741349746114 0.15204999835683553
0.020631793377538732 0.08506535011057048 0.4147855189985784 0.4795173375133124
0.09496523636853615 0.12315368412735483 0.13467875843889554 0.6472023210652135
0.5787507811431675 0.05305114768034902 0.09312999991469917 0.27506807126178434
0.2310340692532158 0.31939993298923197 0.40921646647886356 0.04034953127868868
0.4894685809950984 0.0632277187746878 0.15100842791126268 0.29629527231895114
0.441376015256824 0.11802068700302704 0.19853267731563984 0.2420706204245091
0.2112209708506836 0.4903644674530726 0.13124055471303409 0.16717400698320972
0.05332652190317755 0.08741645123319541 0.7932937616283418 0.06596326523528528
0.3487635032907206 0.19095759289920478 0.4166278771942238 0.04365102661585085
0.054243769339077264 0.33259209317750016 0.4619096612315804 0.15125447625184218
0.3463924546724214 0.22904797537816135 0.09435421067822591 0.3302053592711913
0.2175656971466564 0.08956492321737641 0.5607038935105819 0.13216548612538526
0.15221642886693232 0.16405688575934363 0.5837722789077954 0.09995440646592868
0.0067757018530929525 0.15832987753299987 0.11282258509729326 0.7220718355166139
0.17650197700155812 0.0649245005187149 0.15226381751207185 0.6063097049676551
0.060704694957601446 0.4573712338512901 0.3811709118661659 0.10075315932494255
0.28890093763249036 0.03388158526531504 0.6515755901782546 0.025641886923939983
0.03720158520399497 0.0813302064850624 0.6212528387953846 0.260215369515558
0.0909307602693803 0.5922023513383092 0.0016844649251214205 0.31518242346718905
0.4802277924238346 0.19922250067993763 0.22874427888580195 0.0918054280104258
0.12442740314804834 0.0013627159849313175 0.39804180508827336 0.476168075778747
0.23468381192503152 0.10891922054714676 0.004750001299605455 0.6516469662282163
0.31680978131872917 0.036060999782616676 0.5938595916542032 0.053269627244450946
0.43980802254181384 0.3606588222545615 0.18952365475332533 0.010009500450299358
0.09297389161250025 0.49418008604577923 0.3773265594513384 0.0355194628903821
0.49397044796713563 0.2736459503127395 0.06363576294649609 0.16874783877362876
0.0884487110201565 0.05409518495509591 0.8126120025295877 0.04484410149515994
0.2381250914261499 0.38540416863336824 0.18383404209935494 0.1926366978411269
0.04793928928586921 0.5430083638156741 0.18913095466067031 0.2199213922377864
0.03388273607625425 0.4053429260453344 0.2635325688263428 0.29724176905206856
0.22578928478867233 0.42320388007415655 0.3104776250610921 0.040529210076079014
0.14295813936448332 0.2939842549633258 0.14985669965392634 0.41320090601826454
0.6237409620741886 0.23452466909189296 0.1109484915812019 0.03078587725271653
0.7776215395248325 0.057056642108766265 0.13622184795838976 0.02909997040801149
0.11318796820283883 0.06914062141284083 0.7236038135732136 0.09406759681110677
0.27309324747797403 0.2886600034985173 0.11911056514167584 0.31913618388183285
0.3425496166929729 0.3130018998275024 0.3053550800360104 0.03909340344351431
0.03131420792492956 0.4545360804510915 0.14112060831862272 0.3730291033053562
0.1320459686672023 0.24062146076732427 0.42933504231008945 0.19799752825538397
0.39848917506278636 0.348963056653839 0.041613204790315605 0.21093456349305906
0.31413387084210054 0.2252452810095108 0.0647760987907886 0.39584474935760006
0.011243416857853461 0.024242747136612786 0.8901409473415764 0.0743728886639573
0.1432577256218689 0.12984267136307803 0.025605793876113947 0.7012938091389391
0.5081595856669029 0.36053971192867984 0.01923356084580341 0.11206714155861386
0.4402970933023327 0.16786840844018114 0.1063353478882868 0.2854991503691994
0.15248582428094792 0.2740331742133332 0.4621070816421321 0.1113739198635868
0.30539903562668536 0.07964825886270432 0.39436365897247105 0.22058904653813927
0.5878128824137336 0.1367009609402654 0.26973596491519525 0.005750191730805709
0.06845248804587734 0.28463359879307515 0.08847927859459748 0.55843463456645
0.3443727865839198 0.10489539251036084 0.1695129184294919 0.3812189024762275
0.1673390348750271 0.2634572287363385 0.2865869147861614 0.28261682160247303
0.036034495557755175 0.19942783125270014 0.12992688206817826 0.6346107911213664
0.2452123696145989 0.22720235207413753 0.39122138924378136 0.1363638890674822
0.07597330741717967 0.4437611339960027 0.17230151896990087 0.30796403961691676
0.19172908812331846 0.3318099334341704 0.3775725744517787 0.0988884039907324
0.17264757370013006 0.5355731344286446 0.09946071376352483 0.19231857810770048
0.7532225965232645 0.03368319022995758 0.20831799294784215 0.004776220298935763
0.3623516279808402 0.0019804358772369524 0.2501438831456726 0.38552405299625025
0.5093731999973189 0.15127211961807685 0.17333674528214305 0.1660179351024612
0.07205791333412503 0.6354021895840939 0.26839399129734 0.02414590578444109
0.13556151198461286 0.13196655649255506 0.12660392604759763 0.6058680054752345
0.38737695817079665 0.48700894141949713 0.08250363302987984 0.04311046737982638
0.7925520614211522 0.017304840678146083 0.17911472717424792 0.011028370726453796
0.3074739137081458 0.02542273756464397 0.5221182704767207 0.14498507825048956
0.060525407367316375 0.16547940957264162 0.5341523681514858 0.2398428149085562
0.010444668654876366 0.05124776010014187 0.1945603503551856 0.7437472208897962
0.37915734473319984 0.13694925090374288 0.4265196546862895 0.05737374967676778
0.025963213522394946 0.16752221943104306 0.1191762784032937 0.6873382886432683
0.07887261468276974 0.47642476953877977 0.0275328670518612 0.4171697487265893
0.03829346412648771 0.12285100543420191 0.32619866741364045 0.5126568630256699
0.5871867543175416 0.08024672832448387 0.09866581414261755 0.23390070321535694
0.35307067611418064 0.3276756341961291 0.24310946769354325 0.07614422199614701
0.06551337071174945 0.012408196951064765 0.10019235901525358 0.8218860733219322
0.12087662176374436 0.3716049531578698 0.3249811964641208 0.18253722861426502
0.3268537370163974 0.21622383178536286 0.32689448286581513 0.1300279483324246
0.5463497408468179 0.06912179297315091 0.12551798814101933 0.2590104780390119
0.2623165547598314 0.2537870454128557 0.02535705753480988 0.45853934229250304
0.42601524460756746 0.2478214726065423 0.15505928035236005 0.1711040024335302
0.19766934646407186 0.06027587399576473 0.3721637759440939 0.3698910035960695
