5 50 4 134.1305858605626 268.26117172112515
2.9979385398076555 8.836590755596387 2.8604723980548377 9.267498171441295 5.395700699153462 6.505694766123812 7.89317070832284 5.665761890856489 3.6712045141859977 2.6894910579512645 1.7266714188838739 7.64596266579073 4.971783006063578 2.4247888094138608 8.91943328081151 3.4667781579300216 4.728115171729462 3.6647193946028316 6.65909117991535 6.218540291705906 6.399362769624888 3.392372057819565 3.5621729257722743 3.2822938519640874 3.948075529198607 2.297478705880784 2.4905157508114084 9.675374761611476 9.642040437571245 2.6957319003634166 1.2187590546653828 2.840999917419556 7.298592527139017 8.01563126999977 1.2063978319517332 6.198965723167804 1.0147795544444076 5.639253507148542 6.758156585177714 9.8706196252377 3.331878367699952 8.222471967365832 8.83434778301335 9.304746525511028 1.0199279127919922 5.225395345818196 9.833218638454095 4.590503235125654 8.323592298282264 5.9181084817522995
0.599587707961531 1.7673181511192773 0.5720944796109675 1.853499634288259 1.0791401398306923 1.3011389532247624 1.578634141664568 1.1331523781712978 0.7342409028371996 0.5378982115902529 0.3453342837767748 1.529192533158146 0.9943566012127156 0.4849577618827722 1.7838866561623021 0.6933556315860043 0.9456230343458923 0.7329438789205663 1.3318182359830701 1.243708058341181 1.2798725539249776 0.678474411563913 0.7124345851544549 0.6564587703928175 0.7896151058397214 0.45949574117615677 0.4981031501622817 1.9350749523222952 1.9284080875142489 0.5391463800726833 0.24375181093307657 0.5681999834839112 1.4597185054278035 1.6031262539999538 0.24127956639034664 1.2397931446335608 0.2029559108888815 1.1278507014297083 1.3516313170355427 1.97412392504754 0.6663756735399904 1.6444943934731664 1.76686955660267 1.8609493051022057 0.20398558255839844 1.0450790691636391 1.966643727690819 0.9181006470251308 1.6647184596564528 1.18362169635046
0.029111563672717722 0.0823422487053056 0.6594002747622012 0.22914591285977548
0.6353562055818931 0.18130399703346878 0.1482550899110031 0.03508470747363501
0.3610484184638091 0.46376230197471635 0.10187189480534886 0.0733173847561257
0.05114280310134711 0.3143349648108177 0.1808805806286421 0.4536416514591931
0.5834997437200565 0.0553779383403088 0.15620979086066666 0.204912527078968
0.10082727286264515 0.7427276932475786 0.09998511590565584 0.05645991798412042
0.3715126153280073 0.13884218201124066 0.3493520896489436 0.14029311301180847
0.47833904398678495 0.036398923013894136 0.2857384537498906 0.19952357924943032
0.05396210214514685 0.5186565466626524 0.4125181488880053 0.014863202304195466
0.3320481495356774 0.12037069628129804 0.46905172014220153 0.07852943404082302
0.3302532519595063 0.07743247671763731 0.1190318367814478 0.4732824345414086
0.7100490473544384 0.059883629536876315 0.12305161746398363 0.10701570564470164
0.23964043961222492 0.13407407778374436 0.39361686372181415 0.23266861888221657
0.0600961698663498 0.30350362693775623 0.4495707306792389 0.18682947251665505
0.06340098197336863 0.021669479776846967 0.08517961388786655 0.8297499243619179
0.05982163675463459 0.529552241479108 0.22526813332411777 0.1853579884421397
0.5709752168558058 0.2547306096425449 0.16079561490504524 0.013498558596604093
0.031130063418406073 0.5497884642149893 0.07135225835430525 0.3477292140122994
0.364710178792385 0.09463541596625924 0.17355994603232294 0.36709445920903283
0.4966955091225945 0.1072886319736891 0.3572269990778316 0.03878885982588476
0.2184977813400989 0.20535182146512376 0.3320142284553915 0.24413616873938582
0.13436372785235862 0.23096929108204445 0.1767573901426054 0.45790959092299155
0.13648009382127513 0.5427025870498159 0.318042785691831 0.0027745334370780084
0.5487261970931809 0.039773867879890235 0.1382893056605049 0.27321062936642393
0.2456309985441607 0.10915446215380065 0.24981785353532204 0.3953966857667166
0.16564182663829652 0.11251410724881994 0.06957323378001612 0.6522708323328674
0.5912223113896565 0.03353215577272983 0.2690081860699005 0.10623734676771313
0.4977680192642012 0.011707075043221327 0.1319896782304092 0.35853522746216826
0.11976902075848306 0.6505603423591084 0.13976806984470025 0.08990256703770827
0.1547451095413378 0.6057864308754036 0.05141265114068294 0.18805580844257563
0.00038289436747096506 0.1607495589764697 0.421778362579473 0.41708918407658635
0.33833864897286325 0.041439740445354034 0.2202147773194687 0.400006833262314
0.0859497793298083 0.21454609044363093 0.13767302283272098 0.5618311073938398
0.2030319807878168 0.16940047412866832 0.47370036753428013 0.15386717754923473
0.009708308333148619 0.6240081689575219 0.08024258167754772 0.2860409410317818
0.1906563341982922 0.5168698910937041 0.23102670881739384 0.06144706589060989
0.2924804596307673 0.27869814196496356 0.01702101110889276 0.4118003872953764
0.30554852972650537 0.3506627493175595 0.12092301320316512 0.22286570775277004
0.13793535839611237 0.0685673201867183 0.4624107615593207 0.33108655985784863
0.08162956241513852 0.36568059157812116 0.3639058285399357 0.18878401746680462
0.047738377113599184 0.23123929496074702 0.4353399182378148 0.285682409687839
0.13290579639419553 0.7803117459216224 0.012434270767860855 0.07434818691632117
0.006608107989574563 0.36942390991522156 0.2070806109387926 0.4168873711564113
0.03834193016002463 0.19269094501298756 0.5001511246952303 0.26881600013175755
0.06881640857365579 0.03574379786847681 0.4397447245283219 0.4556950690295455
0.27483440401180403 0.19483208092636528 0.4685756084039828 0.06175790665784786
0.7193998828358722 0.06672749536118916 0.10377160724588386 0.11010101455705479
0.48462060798629536 0.1685434697642445 0.15866617768883828 0.18816974456062185
0.22027202611951346 0.15059074033280406 0.4357668987013491 0.19337033484633337
0.756749996221688 0.00785265397236723 0.21085656091008553 0.0245407888958592
0.08652568840220509 0.16471942328834255 0.23368596329791036 0.515068925011542
0.5660819960927563 0.06568405664498911 0.1801363384426652 0.18809760881958937
0.03550903176033027 0.0586937004169924 0.8184240315264605 0.08737323629621685
0.18866773579310792 0.05562313116480044 0.5518518538980959 0.20385727914399576
0.3520949357663685 0.1413201161303912 0.4458843000680919 0.06070064803514841
0.11169242718357142 0.23433572457238094 0.03738091431116286 0.6165909339328848
0.01236941160035765 0.09874133794000761 0.8499923324247646 0.038896918034870165
0.020391378448150643 0.4262164494741626 0.40337220446388034 0.15001996761380643
0.19047777345550265 0.2209058423238739 0.39001791463169355 0.1985984695889299
0.3599831951713076 0.34295888194667057 0.2506884286093689 0.04636949427265291
0.08273856907998767 0.5781058218783977 0.23772676392633796 0.10142884511527672
0.7015528325813724 0.057546285707953615 0.20605842872501468 0.034842452985659356
0.08305444303844489 0.13842831700455027 0.7528667188426488 0.025650521114356062
0.2642383745406488 0.18550518335590727 0.3605706742157957 0.18968576788764824
0.1953446255624387 0.04676304669349618 0.5656697630914171 0.19222256465264798
0.8102855291824956 0.10444881093496639 0.050262300152870254 0.03500335972966773
0.10748953357509894 0.19502857892529535 0.35689916785292697 0.34058271964667874
0.24185905409742914 0.23096910095985768 0.07140419768889894 0.45576764725381425
0.4186541000368995 0.10852473290966269 0.3651544423519485 0.1076667247014893
0.21114100089423782 0.53743480966058 0.04043430400142589 0.2109898854437563
0.31864643768233136 0.10699089585265531 0.5678666743976806 0.0064959920673327565
0.26523024662679795 0.03665585110593195 0.17605521237182653 0.5220586898954436
0.31770020335258964 0.24321438645756233 0.040426566085236315 0.3986588441046117
0.6050043134902023 0.010809226028292929 0.026536000636726897 0.35765045984477783
0.07126598409496776 0.23796478737850946 0.468151223155037 0.2226180053714858
0.012848073980403552 0.047518358437374175 0.28796556192123335 0.6516680056609889
0.1596809333223338 0.5709103326843683 0.04442186402940651 0.2249868699638914
0.16820815801861322 0.4754320613723809 0.3445275435718328 0.011832237037173066
0.1814812091194561 0.567703450490976 0.18115718337731057 0.0696581570122573
0.1428757978793307 0.04940349789614429 0.21479966074599466 0.5929210434785304
0.7392507348926605 0.031009268078800667 0.0752578131923487 0.15448218383619017
0.4970103500750551 0.24574039144247606 0.21871674432864086 0.03853251415382797
0.1260458531287345 0.10961778453643811 0.5631226369014956 0.20121372543333182
0.2186817294576564 0.35669293560149573 0.266168076803983 0.15845725813686484
0.2651126682511451 0.28435079127784535 0.33946508414712573 0.11107145632388382
0.2581863842453116 0.37602789177932416 0.17148033361538728 0.19430539035997696
0.4256440120392254 0.46225538492374807 0.102156156360097 0.009944446676929508
0.17750904732011363 0.1726705307765828 0.12259929601331043 0.5272211258899931
0.21304496429445163 0.11765943891355024 0.04070054380744492 0.6285950529845532
0.027528463477695997 0.409007089992076 0.009256907720918806 0.5542075388093092
0.07517049988664237 0.7552672004895987 0.03314787947486886 0.13641442014889005
0.36528645954502703 0.06810143144257985 0.5279801851438439 0.03863192386854919
0.34882757222309646 0.006994003934701953 0.0771090093555824 0.5670694144866192
0.026037244426359463 0.8330609725266932 0.13941755030978142 0.0014842327371659136
0.019519958823183248 0.27647746883707425 0.22945205341723274 0.47455051892250977
0.28518106427047496 0.6815456045660048 0.003879038725281503 0.029394292438238767
0.1368790323208824 0.30438126123381626 0.28022843479727066 0.2785112716480307
0.09738624473422608 0.3642752959498673 0.3053115919468832 0.23302686736902345
0.19656782979436171 0.5523472893850934 0.13721917364849723 0.11386570717204769
0.38829314965345374 0.26905311309459135 0.18660735940796058 0.15604637784399433
