19 30 4 80.92913272665338 161.85826545330673
1.8778024157450641 7.851247450073707 3.2224417584969434 2.2431851872868758 3.983019069438383 1.7469960850620359 7.0477937315242 8.259344183454917 9.844677230897926 6.720946613171673 2.943309304424623 5.941246888758517 5.910039622083035 3.1066846583230148 2.023532587063715 5.496933403440592 2.368975801796092 5.794174725015426 4.483060916018941 7.194946450799479 4.356344407675536 9.515440404670533 7.996221262960363 6.47230872760709 6.537088329274621 6.786888411423911 3.416351564173012 7.751405337429039 3.58147440478138 7.3843845204361065
0.3755604831490128 1.5702494900147415 0.6444883516993887 0.44863703745737515 0.7966038138876766 0.34939921701240717 1.40955874630484 1.6518688366909835 1.9689354461795852 1.3441893226343347 0.5886618608849246 1.1882493777517034 1.182007924416607 0.6213369316646029 0.404706517412743 1.0993866806881185 0.4737951603592184 1.1588349450030853 0.8966121832037881 1.438989290159896 0.8712688815351072 1.9030880809341066 1.5992442525920727 1.294461745521418 1.3074176658549241 1.3573776822847823 0.6832703128346024 1.5502810674858076 0.716294880956276 1.4768769040872214
0.06478677547176559 0.2817418543188247 0.20563920367908717 0.44783216653032254
0.04416722266296824 0.49776541490021675 0.2836249758410252 0.1744423865957898
0.010343895110245693 0.35403450685583737 0.23506549513084407 0.40055610290307286
0.13565977671520735 0.3145957242472961 0.4706927496247597 0.07905174941273685
0.44892175700184356 0.4873811518660812 0.002689726574804485 0.06100736455727074
0.7283094463286277 0.13079504397938457 0.03921125556531457 0.10168425412667315
0.16483069676401785 0.4256771072643587 0.16967871724025396 0.2398134787313695
0.13052339190334605 0.7467418250919308 0.12017211545436324 0.0025626675503599428
0.40094733206810995 0.25173204673383376 0.29675474322089024 0.05056587797716605
0.05391789471661923 0.19572074586985255 0.4912475311805775 0.2591138282329507
0.07858701687903547 0.34358144345884345 0.2085736406399803 0.3692578990221408
0.28752143607082925 0.5333134361652444 0.01435247294588804 0.1648126548180383
0.3330956994836386 0.3368482058518171 0.31349187571032044 0.016564218954223886
0.18849319518824292 0.15906453313559354 0.6372193436352231 0.015222928040940387
0.014979197663230304 0.6969662449111698 0.1211146008107461 0.16693995661485383
0.3136907146921142 0.16341339522372023 0.38450022051401334 0.13839566957015226
0.05655338856796899 0.24675129394020734 0.2806925720578889 0.4160027454339348
0.056686266327217405 0.0694446051127302 0.03604986982079039 0.837819258739262
0.31239040116674577 0.03565350922157584 0.26566164316293983 0.38629444644873856
0.25215345299998027 0.30528872677097696 0.04012839680435898 0.4024294234246838
0.2073784250938192 0.35233953774174653 0.04581867833068454 0.3944633588337497
0.060526567455402525 0.1230898470171331 0.483487094398387 0.3328964911290774
0.12489571073937256 0.46881922024114264 0.2532813179502621 0.1530037510692227
0.27274570667578024 0.4855625318232041 0.11306894591766203 0.12862281558335364
0.050327417125237806 0.29384966462893847 0.13344636907862684 0.5223765491671969
0.08203183389714397 0.28284414658489876 0.41943693538557025 0.21568708413238702
0.027473008201872595 0.08911981828544224 0.7420431133033205 0.14136406020936465
0.017534314743064883 0.1982734152404947 0.256652059407921 0.5275402106085194
0.19736489490056042 0.1179222023055212 0.01812996640823561 0.6665829363856828
0.15401655534776437 0.03859578078631354 0.44910705438577636 0.35828060948014573
0.1726129600841977 0.381213520226363 0.136031998928675 0.3101415207607643
0.05176904301577445 0.024767518519854148 0.634530408695781 0.28893302976859037
0.17973880276470322 0.6840979242784486 0.13046809521479052 0.005695177742057633
0.7156744827027806 0.21968993984508023 0.0360053459371108 0.028630231515028415
0.03127758666552116 0.49295014354987554 0.14854631466921542 0.3272259551153879
0.18252879402305167 0.6518427087678675 0.13299677587177328 0.03263172133730752
0.3614592485935443 0.07875251184782228 0.0020620724313029637 0.5577261671273305
0.1639605602220474 0.018081785097542324 0.08680955608511409 0.7311480985952962
0.40016700117762294 0.31056567244551037 0.20109366650275273 0.08817365987411396
0.3484708615800669 0.01268614660051115 0.13404715511370424 0.5047958367057177
0.06326975075740693 0.14259647268577147 0.7683646272262177 0.025769149330603924
0.08207576786149495 0.29939384199497476 0.43518766580540547 0.18334272433812482
0.6756317627705831 0.2173298846210644 0.06623765215160071 0.04080070045675177
0.34828456138236175 0.28338098238536746 0.11996569532350188 0.24836876090876892
0.1420305629591706 0.7145096238692461 0.0007342850226786934 0.1427255281489046
0.09318029011083084 0.5480422024019153 0.15458162121571517 0.20419588627153873
0.2670659728825079 0.06436332926967847 0.5788228095372758 0.08974788831053782
0.029364493641441447 0.0702366502750218 0.0512802494796506 0.8491186066038862
0.07022964247308394 0.27918574027483256 0.2103852338568739 0.4401993833952096
0.3118984598798553 0.21356744859071464 0.06939059301495931 0.40514349851447073
0.07536713361265246 0.3045240633749696 0.007757252051271979 0.6123515509611059
0.042419133629680195 0.027660119844722164 0.4162831435633433 0.5136376029622544
0.23371067335722562 0.2783930068171666 0.23268688260926318 0.2552094372163446
0.24418834657693944 0.015446431215246692 0.5734258790379647 0.16693934316984915
0.5207618809423598 0.326289627813383 0.05124219257795393 0.10170629866630332
0.09833603119427892 0.007993531018327449 0.7580876569435131 0.13558278084388053
0.11010505217052724 0.013493973050685448 0.3014038520269311 0.5749971227518562
0.08268172460873968 0.32892759145849626 0.3460934750508521 0.24229720888191197
0.14802901927812395 0.07716668903865864 0.21942313943482894 0.5553811522483885
0.5264376884308806 0.32630689418990355 0.12758376508228986 0.019671652296926023
