56 30 4 87.61029942819752 175.22059885639501
9.85772665488319 4.000710394131881 7.063314622022237 2.7675137549307207 4.190018181769212 8.320293578638545 3.2306459816013495 5.127501926315924 8.89571279347379 4.524926150506673 3.93520078315279 1.8108559921939413 8.507959749314505 1.8659044444782737 6.827905738875522 5.945535895306108 8.647664877015512 3.3878558640189924 4.967814888995725 8.927968442453924 7.627219344579116 7.413760336615036 1.3210477204416589 1.177581060482614 3.9501718411961173 6.067149700284598 7.71145342412856 7.566110990379096 9.91172007713859 9.67135364707079
1.9715453309766382 0.8001420788263761 1.4126629244044475 0.5535027509861441 0.8380036363538425 1.664058715727709 0.6461291963202699 1.0255003852631848 1.7791425586947578 0.9049852301013346 0.787040156630558 0.36217119843878826 1.701591949862901 0.37318088889565476 1.3655811477751043 1.1891071790612215 1.7295329754031024 0.6775711728037985 0.9935629777991449 1.7855936884907848 1.5254438689158232 1.4827520673230072 0.26420954408833175 0.2355162120965228 0.7900343682392235 1.2134299400569195 1.542290684825712 1.5132221980758191 1.9823440154277179 1.934270729414158
0.5092546158582089 0.040940719087424804 0.3811243808373187 0.06868028421704764
0.13782737256520994 0.2633391277718511 0.18457023607805234 0.41426326358488663
0.7443375639629439 0.007905535018285836 0.03383292923592662 0.2139239717828436
0.025420971434836348 0.8008797196610201 0.14116216510928659 0.03253714379485695
0.1527355716683979 0.3058852299482385 0.010360648666774996 0.5310185497165886
0.1460934696865831 0.587233287992671 0.22884621060173194 0.037827031719013915
0.15073436131691642 0.6979717133922294 0.0878632434129134 0.06343068187794076
0.22203616691622308 0.11177008953180445 0.10100624086712895 0.5651875026848435
0.5276519550888901 0.16442262658389029 0.2967252715580462 0.011200146769173469
0.3985822705894927 0.0888499269432742 0.013127832884653245 0.49943996958257986
0.5156080038658745 0.3716014578969068 0.07924562628516474 0.033544911952054
0.06125915966708273 0.004723186946860913 0.3759501699864153 0.5580674833996411
0.09958381997515531 0.5574019540628736 0.23820980521763901 0.10480442074433205
0.08301366707298918 0.16526867629106978 0.31726584567520655 0.4344518109607345
0.253478820710315 0.06701590890778597 0.3852306263736046 0.2942746440082944
0.16607630654869532 0.47046443668212334 0.2375735165782472 0.12588574019093413
0.5294921604425464 0.08956555953489287 0.1568933759654073 0.2240489040571534
0.12049886415634459 0.5321252720315996 0.2814853973157502 0.06589046649630559
0.09308675892807083 0.7781639809464816 0.11980489411235129 0.008944366013096228
0.3429685054859545 0.2025577675691801 0.04852103829526366 0.40595268864960177
0.2329799677109411 0.1333905209919256 0.4240357350152324 0.2095937762819009
0.15939256030339244 0.26668859122458655 0.437476608023025 0.136442240448996
0.13740837199588152 0.167821880206092 0.06546238928431636 0.6293073585137101
0.06007652009873099 0.17937556852972225 0.00738101277596348 0.7531668985955833
0.4292857453815554 0.10615852448969987 0.259551847843584 0.20500388228516075
0.18906620526817564 0.03831739978436988 0.40939070949915024 0.36322568544830425
0.057694042769647624 0.05379517815655832 0.22767387446007425 0.6608369046137198
0.046859712843968504 0.4868701865989916 0.37614927011452026 0.09012083044251962
0.05863628977290836 0.43257847559155416 0.49014211492460813 0.018643119710929357
0.2900162394584762 0.5542609106896025 0.03641071258156614 0.11931213727035517
0.20418215532269568 0.1455902820213163 0.6384892338734316 0.011738328782556429
0.15652571602169907 0.3156709092703217 0.25300609431969046 0.27479728038828877
0.12892417667035672 0.03641400291490238 0.09391558377956977 0.7407462366351711
0.17658115501488114 0.1057326201238149 0.0898430787734752 0.6278431460878288
0.0016424362549277705 0.03717053192410724 0.14957551016269288 0.8116115216582721
0.5352733224737404 0.1440305604030897 0.058490189012704086 0.26220592811046584
0.01741362681044112 0.30997991896950117 0.5458778417079809 0.1267286125120768
0.03566288656035865 0.32870658616069504 0.03884816332348573 0.5967823639554606
0.11020666723436923 0.6436510640072038 0.18434271789863266 0.06179955085979427
0.22313033981126051 0.28605991253112484 0.17363706090050923 0.3171726867571054
0.20678671606036358 0.3654893145508369 0.11811472469527518 0.30960924469352435
0.033002470287029184 0.6907507544654601 0.25577239234504545 0.020474382902465282
0.27910927839176247 0.41621844566835753 0.09963944547194825 0.20503283046793175
0.5029668090059994 0.08015998141994896 0.021238430893342763 0.39563477868070884
0.6099362948475462 0.09359221374262383 0.2783170568179212 0.018154434591908797
0.07507984000765366 0.11296313601571029 0.11798589060058873 0.6939711333760473
0.6449799430587987 0.05030351439525882 0.3008262718808813 0.0038902706650612018
0.15157549729490827 0.1455790035237896 0.384921992722687 0.3179235064586151
0.3872548463012915 0.5142281036015955 0.00032452507283209364 0.09819252502428089
0.2896881425772716 0.38926325962429387 0.2003856779458857 0.12066291985254884
0.030076309149594804 0.8251627763636264 0.11572720728617958 0.029033707200599168
0.18355410627520996 0.10207281779650956 0.47051542259446144 0.24385765333381904
0.10155914167724234 0.054326597602876836 0.6578951990615538 0.18621906165832702
0.2455057541771476 0.0652645541407566 0.07150963248665965 0.6177200591954362
0.3418081745577999 0.04467971531842785 0.35824427751824506 0.2552678326055272
0.3210077577408815 0.3468414391152531 0.06311183038034307 0.2690389727635223
0.18668455230122283 0.37097844983426476 0.3030574412951771 0.13927955656933533
0.04099646395813328 0.43382385315384386 0.5034305687118023 0.021749114176220607
0.0871591303929331 0.1934729323869644 0.18666356170569198 0.5327043755144105
0.309369113221415 0.3180627897724976 0.10454364323979859 0.2680244537662888
