80 80 4 234.9294194737079 469.85883894741585
5.697241448502293 7.294657303131976 3.4288207396565524 7.070336872200931 9.172648749819833 7.166351837434666 2.9048800959376972 3.855394667135624 3.405694644666593 2.0845568682415534 9.971712066714217 1.7239572043461462 3.5613977472096745 5.817251792705351 8.612218969814787 2.8011172246711293 8.30839196017254 4.356431118845587 8.286771169050262 1.1079573649876395 7.012624713192254 3.614717765444226 3.9044782481167575 4.759389234347514 5.3775639710032905 9.484106679650308 7.589329516202727 9.780555016602431 6.209489377418542 5.633927999497578 5.005533916463483 8.7915612406368 6.5930020300121 5.763909822556199 1.5986519317697312 5.282802808842224 3.1117214334582486 5.764473397775272 1.9219603072103988 2.357746517215772 9.536515834002842 9.768645280607117 1.6910845311199214 8.391739308803617 1.8231119913404972 7.433404213969075 6.392899744702151 2.5466488232682614 7.434520572440215 3.341134737939869 8.943900038942367 4.842014703680299 9.204594761618495 1.2615166350534701 7.640679884945866 7.178598917899796 9.567562550439176 6.602778038779493 9.72814760219283 3.404689207181576 8.43759814407789 9.721088437267866 6.888100993985793 6.177671491880544 9.243710013610775 9.241961257520156 1.0484518532059135 6.323381245126132 1.1412193724742274 2.894982635409338 7.518540771247116 2.293307352167891 7.276346403255679 4.5275047038873675 6.309847373613667 9.125948025167904 5.024557528372458 9.100865107814753 5.99938351871117 8.644849567031347
1.1394482897004585 1.4589314606263952 0.6857641479313105 1.4140673744401862 1.8345297499639668 1.4332703674869332 0.5809760191875395 0.7710789334271249 0.6811389289333186 0.41691137364831066 1.9943424133428433 0.34479144086922925 0.712279549441935 1.1634503585410703 1.7224437939629573 0.5602234449342258 1.6616783920345077 0.8712862237691175 1.6573542338100524 0.2215914729975279 1.402524942638451 0.7229435530888452 0.7808956496233515 0.9518778468695028 1.0755127942006582 1.8968213359300616 1.5178659032405455 1.9561110033204863 1.2418978754837084 1.1267855998995155 1.0011067832926965 1.7583122481273599 1.31860040600242 1.1527819645112398 0.31973038635394624 1.0565605617684448 0.6223442866916498 1.1528946795550543 0.38439206144207977 0.47154930344315443 1.9073031668005682 1.9537290561214236 0.33821690622398426 1.6783478617607233 0.36462239826809945 1.486680842793815 1.2785799489404304 0.5093297646536523 1.486904114488043 0.6682269475879739 1.7887800077884735 0.9684029407360597 1.8409189523236988 0.252303327010694 1.5281359769891734 1.4357197835799593 1.9135125100878352 1.3205556077558986 1.945629520438566 0.6809378414363152 1.687519628815578 1.9442176874535733 1.3776201987971586 1.2355342983761088 1.848742002722155 1.8483922515040312 0.2096903706411827 1.2646762490252264 0.22824387449484548 0.5789965270818677 1.503708154249423 0.4586614704335782 1.4552692806511358 0.9055009407774735 1.2619694747227332 1.825189605033581 1.0049115056744917 1.8201730215629506 1.199876703742234 1.7289699134062695
0.3046826228584405 0.1614109007595359 0.4074673767427537 0.12643909963926991
0.22647320825294603 0.056834387048577684 0.08482810790348716 0.6318642967949891
0.40899617937290333 0.3500419516812655 0.0633104631197311 0.17765140582610006
0.3254232308112296 0.434561486174424 0.0515029485795937 0.18851233443475268
0.08545856617175385 0.00411868812083338 0.7417183231782033 0.16870442252920947
0.3462534108582681 0.11020417970620255 0.42079670337048525 0.12274570606504409
0.22131609878537672 0.0070594409565808425 0.5245370944710803 0.2470873657869621
0.14066560206830547 0.06023090970755707 0.1928257237092772 0.6062777645148603
0.2869154096232418 0.6532770008113415 0.04001431745063233 0.01979327211478432
0.07839058241845209 0.49218262040038663 0.04668859887647958 0.3827381983046817
0.6072612225140316 0.1306600651769232 0.12156422643207243 0.1405144858769728
0.45298586504579974 0.07897800605214611 0.17045790137472416 0.29757822752733
0.703987293430583 0.07193962837573897 0.1996778151732601 0.024395263020417945
0.1675900197589575 0.009293211107743615 0.7735817844452215 0.04953498468807738
0.11844977066355078 0.5087649748926376 0.02457566091408514 0.34820959352972647
0.0008253982792368886 0.19087881853530186 0.30058620219601273 0.5077095809894485
0.47177283790391644 0.09931749911268684 0.10271413208205626 0.32619553090134046
0.594498904521604 0.008169632055580744 0.04340768768804171 0.3539237757347735
0.4135769173166236 0.14779721889723907 0.3907495657667771 0.04787629801936022
0.39742549606303945 0.43749403044075563 0.050964360605175285 0.11411611289102963
0.1863987067253987 0.37150232249383486 0.04045282766112068 0.40164614311964575
0.021949613134583434 0.4324841235793425 0.1794440178525707 0.36612224543350336
0.4844906118277853 0.28760814809205804 0.05179147332157552 0.17610976675858114
0.05540564892066635 0.43284171245504854 0.29614007519634666 0.21561256342793844
0.06159145527009657 0.2705956005810076 0.5188813062114015 0.1489316379374943
0.14306042473054692 0.17480836255737553 0.6215005805104105 0.06063063220166709
0.24853933071324397 0.46035451786970194 0.24731603806456148 0.04379011335249261
0.554095314346297 0.09295332172386506 0.12012795919693564 0.2328234047329023
0.23538600126132736 0.4539144225749623 0.13583168180642635 0.174867894357284
0.055781114740433235 0.843102846326166 0.0947090576431614 0.006406981290239311
0.36772017449132965 0.4218946711344229 0.14943669079953836 0.060948463574709066
0.6588279880639012 0.0868932093829412 0.08549935573696066 0.16877944681619694
0.4195856945233649 0.17974734240572532 0.32166354185658574 0.07900342121432402
0.3822847114891873 0.09570588682056413 0.3762252803424637 0.14578412134778485
0.4323577978946883 0.1148293327783414 0.04457258712855794 0.40824028219841235
0.07957413615744902 0.2687737128520663 0.42973258931537084 0.22191956167511384
0.052755900896652386 0.19772157292221015 0.2597664020734558 0.48975612410768166
0.5816715872068846 0.005242330202419265 0.3145772196271909 0.09850886296350525
0.1192183896783483 0.28143272315382273 0.12922067752761346 0.4701282096402155
0.04254870582862935 0.611371679032731 0.17619458136021315 0.16988503377842645
0.39620269063111746 0.4372372430467606 0.09473677335849173 0.07182329296363021
0.18695731906731894 0.05707590190222589 0.4910051473101279 0.2649616317203273
0.334681546483227 0.43726195079551977 0.14990349050044238 0.07815301222081084
0.0027423988356570783 0.5477848176233999 0.003826841111205903 0.4456459424297371
0.001861747020095783 0.18793628098577608 0.4200646553590486 0.39013731663507956
0.2685522477426001 0.1914891774672589 0.3801712918139618 0.15978728297617917
0.5425680835493784 0.2456096350398943 0.17277781470989728 0.03904446670083006
0.566517661081349 0.05624304002904801 0.3240502674765535 0.053189031413049426
0.6051924310191434 0.13534326172106337 0.03163373649723056 0.22783057076256263
0.11406373477636289 0.07126107730417619 0.03834211083239447 0.7763330770870664
0.16467370916805457 0.5073334619182934 0.22569342438232542 0.10229940453132658
0.1260930804873739 0.5710914713857616 0.13269886528381436 0.1701165828430502
0.19308958301008827 0.08866635540086465 0.6692601241102856 0.04898393747876151
0.4273107245691331 0.1422062009298387 0.4107870774753205 0.01969599702570768
0.22105955755555395 0.10405771322440771 0.6246755389865629 0.05020719023347542
0.20306964691515184 0.020170516285752282 0.6274969616816554 0.14926287511744052
0.10087003187167454 0.19873131872412553 0.3614967590515409 0.33890189035265905
0.045187412685594563 0.06047821924807539 0.8153366114679287 0.07899775659840136
0.9079800238731981 0.06787276935087128 0.0074528679731235 0.01669433880280713
0.3220308952939219 0.3875882606596035 0.05707891149397282 0.23330193255250176
0.33661988836020673 0.04287606581192416 0.2409438044658947 0.3795602413619744
0.254502912461697 0.016896115372961207 0.30899103885901724 0.41960993330632457
0.22776384003317074 0.16411789246089392 0.1747726001935559 0.43334566731237945
0.6669869411988102 0.2152334960506359 0.10017630481700024 0.017603257933553662
0.30877847174310113 0.10928841378400922 0.0682323593769758 0.5137007550959138
0.2578329399982736 0.5776533883284767 0.05852506183067252 0.10598860984257719
0.06946777252922465 0.04633810242945491 0.3002373974558109 0.5839567275855095
0.18457203029639313 0.2511788139289528 0.5508829172247871 0.01336623854986696
0.09297932475807713 0.3142601407283415 0.4248277716107337 0.16793276290284764
0.3367912163236715 0.5577166377655147 0.07688566166520316 0.02860648424561063
0.0708954641601558 0.13074983112606042 0.7792363157563089 0.019118388957474863
0.007184732572797281 0.42873002531652593 0.5028810976959339 0.06120414441474287
0.07430859661171696 0.5255773333703396 0.14645899214433622 0.2536550778736072
0.7803548356997483 0.17219203897256963 0.005002051310994626 0.04245107401668746
0.5865733426568641 0.08259898238096963 0.3111402733526467 0.01968740160951954
0.3034957535237812 0.4949196658521069 0.03267595271522472 0.16890862790888717
0.026774527801478154 0.2614913530488784 0.624169554594388 0.08756456455525541
0.039046987761337304 0.6215371344923654 0.05667034254668446 0.2827455351996129
0.23471516061784814 0.02548572946806893 0.6393006996681235 0.1004984102459594
0.18463333837046692 0.3714260629106525 0.10392132851987268 0.3400192701990079
0.19572575509783163 0.4006134475254558 0.37013177921390505 0.03352901816280751
0.013982255318108372 0.7396109243470329 0.028788320178735005 0.21761850015612372
0.1309652427673118 0.029829290500113625 0.5052668541249686 0.33393861260760593
0.12765165710234982 0.5312369774507877 0.011410311040489729 0.32970105440637276
0.17989323401071577 0.0003208100600933239 0.036097210387704415 0.7836887455414865
0.013414863053786141 0.3877383192463295 0.259594294428407 0.33925252327147737
0.13280688473146296 0.5871899097449231 0.034115763939426946 0.24588744158418696
0.11461667700655731 0.1937112237408074 0.34603529906436004 0.34563680018827525
0.12291832581004791 0.2564682292790488 0.16096722853538392 0.4596462163755194
0.4289931250990495 0.05204235127170154 0.13271350239540258 0.38625102123384636
0.0931599099434981 0.5064536880683496 0.23139950940332588 0.16898689258482646
0.22509763356154622 0.20128651873302283 0.06360002669781084 0.5100158210076201
0.16057726579085174 0.08119470945824059 0.1077324204484944 0.6504956043024133
0.2629612477622032 0.3198472994286292 0.1425510069068574 0.2746404459023102
0.11221917389611458 0.32391644078321824 0.5517100665794046 0.012154318741262604
0.039038326506971144 0.1195804330699266 0.0019300402373630954 0.8394512001857392
0.11158992465935924 0.06876231964108437 0.7686428022626318 0.05100495343692457
0.13457386579026587 0.27388480292196893 0.05648290835611425 0.535058422931651
0.5103522948830901 0.33002127587548846 0.000807866581747696 0.15881856265967376
0.01371898409950345 0.7488506511151904 0.0002490401700496747 0.23718132461525643
0.53250736618651 0.19127922015208265 0.20539470331261722 0.07081871034879017
0.19181907158547007 0.03702285945257944 0.5834326825765757 0.18772538638537484
0.11767527833891311 0.36818955427109945 0.4223481279262017 0.09178703946378575
0.006584352091248968 0.1743347343981081 0.6616876959136145 0.1573932175970284
0.16070233244557597 0.07892388723978117 0.7492393254893678 0.011134454825275086
0.3257319850403475 0.05428405830636207 0.05532197967985608 0.5646619769734343
0.23172476975456835 0.45444615857805626 0.11919909008428098 0.1946299815830944
0.2788936893750258 0.3712341745792128 0.03678527636472917 0.3130868596810322
0.58907866480403 0.2856304811581373 0.015799892359863232 0.10949096167796946
0.1830964490609608 0.24266578095192726 0.3008310927733199 0.2734066772137921
0.1170436387955538 0.7664678022533257 0.07714906143844025 0.03933949751268029
0.2142792892578167 0.24272304067392658 0.2405774029161516 0.3024202671521051
0.5527920253823689 0.004585543455689733 0.17583504173160502 0.2667873894303363
0.4740661413952286 0.03439906678143079 0.43086028385846076 0.06067450796487983
0.034225430974804016 0.8074235014887235 0.046992456231605084 0.11135861130486735
0.07910611915933397 0.6910372280073948 0.13509102091453262 0.09476563191873866
0.3169734200312715 0.03720824005925483 0.46288804158310415 0.18293029832636953
0.4331666552977954 0.3571386479987312 0.0017575380740844082 0.207937158629389
0.5801269799739017 0.06856113892413285 0.0021016145590099233 0.3492102665429555
0.7294151040782701 0.03419838173825984 0.056711548469159156 0.17967496571431085
0.2560808826282105 0.4574634754422784 0.16137902634852952 0.1250766155809816
0.4846332230113677 0.10867880131531882 0.29839659751371284 0.10829137815960066
0.05509849919590892 0.5830022135513588 0.30908478503229897 0.05281450222043327
0.3488426625354667 0.47367061770354835 0.043563937490645355 0.1339227822703396
0.326427400804711 0.2237204472230656 0.37935472335299114 0.07049742861923225
0.12988175687240533 0.005410226555449649 0.2511248588137819 0.6135831577583631
0.24916193107179196 0.5034014645460352 0.21952965168877991 0.02790695269339294
0.3854121128197838 0.11531349751855846 0.010477545171919456 0.48879684448973826
0.016966687010190107 0.30914933533756195 0.06666739760609164 0.6072165800461563
0.0543705053309782 0.2037580249453591 0.4965344649965878 0.24533700472707487
0.27001262473727417 0.02322337364232474 0.2818569852522419 0.4249070163681592
0.4473632057834239 0.012714068350135554 0.33929070948786333 0.2006320163785772
0.04256091806089002 0.12288378787861454 0.3192228777572258 0.5153324163032696
0.2092013792786933 0.09073909534910884 0.008614036752269016 0.6914454886199288
0.05149868096593724 0.02161721116740145 0.07312831433088529 0.853755793535776
0.6979626598651765 0.049945088363518186 0.005875395234996028 0.24621685653630931
0.23730761724064875 0.5868792461481647 0.04776071360901912 0.12805242300216746
0.12213232570750365 0.24685382331071026 0.5561133292818669 0.07490052169991923
0.31727175360510507 0.1562490980697273 0.21120326722704075 0.3152758810981269
0.19232004274186787 0.44349813818351336 0.2302737247869988 0.13390809428761996
0.11659377516536551 0.4328709391710993 0.07305915858735379 0.3774761270761814
0.2794906968792993 0.00018122913909812688 0.7174668153571085 0.0028612586244940452
0.2941376180744566 0.05803262568948997 0.48329707757678086 0.16453267865927257
0.3094807723501839 0.44496851126133996 0.019912837012434292 0.22563787937604185
0.20560108786506703 0.20713520075532144 0.49377716645221603 0.0934865449273955
0.42598820473500143 0.019212598538302927 0.40624597310512167 0.14855322362157397
0.3737286826935805 0.15749705381613466 0.19364082796909876 0.2751334355211861
0.005701698674345113 0.5476235203448108 0.1829709230911173 0.26370385788972683
0.5297473982239672 0.39307862157170503 0.052462597618798346 0.024711382585529407
0.03524243184443987 0.2490168168722866 0.5665081917451684 0.1492325595381051
0.5994984214107509 0.06017842255916117 0.26116763369290186 0.07915552233718604
0.4144393164666753 0.16395846724217145 0.2769298425616654 0.14467237372948782
0.41433165264469785 0.11955649554955605 0.08520516995129523 0.38090668185445087
0.03911983805516517 0.0376737730869221 0.3434779418215981 0.5797284470363147
0.08437199759983194 0.33089662054327995 0.19373351800662797 0.39099786385026014
0.11623052943135115 0.36013279427621014 0.004378117084030242 0.5192585592084085
0.6859262845798506 0.18536772386273526 0.000674109234851894 0.12803188232256224
0.2862174735120687 0.5609077472672547 0.11724078362874335 0.035633995591933254
0.05724412904188014 0.13508824962548005 0.05503110953795265 0.7526365117946872
0.26278935292282324 0.24320371044244982 0.49397452324031677 3.2413394410180096e-05
