13 30 4 82.55837381466141 165.1167476293228
7.999321695164381 3.1378709803142106 8.418506793952318 9.691742782386997 9.75341002514404 5.08104322675581 6.481382164851501 7.97973863144362 6.774520102831622 7.498164065652524 1.3153287169129357 3.6860452380026145 1.5266124269386727 8.71354848328479 4.355686250873267 7.118631564202873 3.306519543939671 4.128230936372428 1.0847149307287247 4.225004044344727 9.541847635103894 2.9610910821852 3.8745222974232814 9.259951474005288 1.2871329979590524 1.5857608333826305 6.668460991970407 8.864320989515848 1.0784415907340636 7.719195132945438
1.5998643390328762 0.6275741960628421 1.6837013587904637 1.9383485564773995 1.950682005028808 1.016208645351162 1.2962764329703003 1.595947726288724 1.3549040205663245 1.4996328131305048 0.26306574338258715 0.7372090476005229 0.30532248538773454 1.742709696656958 0.8711372501746535 1.4237263128405746 0.6613039087879342 0.8256461872744856 0.21694298614574495 0.8450008088689455 1.9083695270207788 0.59221821643704 0.7749044594846562 1.8519902948010576 0.25742659959181047 0.3171521666765261 1.3336921983940813 1.7728641979031696 0.21568831814681272 1.5438390265890876
0.47988339149638315 0.17657194310057467 0.1563858364056656 0.18715882899737657
1.2033569485092599e-05 0.2769843228143244 0.43523632152777403 0.2877673220884165
0.37933329148306616 0.07875252579369751 0.4604659308691851 0.08144825185405125
0.13798605275825726 0.5480990264290562 0.0862936804932446 0.22762124031944198
0.2376589218796833 0.007900183444972342 0.6804353741655622 0.07400552050978215
0.14487098904632512 0.4117610623880775 0.2830764589816682 0.16029148958392914
0.49064013706516085 0.008401546835733131 0.4858967738001141 0.015061542298991926
0.13635835175923794 0.09022952514019045 0.6866249300902146 0.08678719301035698
0.12895807457854047 0.46644117077383873 0.36353548663091795 0.04106526801670285
0.20163407511411524 0.23548393753669583 0.5301350959097583 0.03274689143943066
0.10930490807954563 0.7352536247265724 0.12190350847127229 0.03353795872260967
0.08190006001834516 0.5682304579947882 0.04659432584011758 0.30327515614674905
0.2777215297314206 0.4111847698272687 0.1567657549204554 0.15432794552085527
0.12426071024992369 0.07933742590565651 0.5458875592793945 0.2505143045650253
0.25439918504137593 0.02506036860724825 0.48045952697211725 0.24008091937925857
0.013200625564899537 0.5284100027151141 0.07023896104552751 0.3881504106744589
0.17167529767716483 0.39248498118464625 0.25240124885176696 0.18343847228642196
0.14500296285546677 0.41517845546061394 0.39068961431006466 0.04912896737385464
0.07107351246240812 0.3011724999617099 0.34846801819902673 0.27928596937685524
0.27608308497765854 0.028600845327423463 0.09055788795855046 0.6047581817363675
0.5066913505591185 0.07474695025425582 0.11281175678517774 0.3057499424014479
0.1223312112911773 0.24774566635811546 0.47433737883842686 0.15558574351228038
0.16956247865888308 0.5444884473746735 0.1960777040279924 0.08987136993845102
0.00984544079968852 0.8904300109508698 0.01302579227631917 0.08669875597312249
0.13239783638207125 0.008199828789683283 0.19369058720886823 0.6657117476193772
0.11961014615577858 0.18424412667525947 0.6317451124508789 0.064400614718083
0.16338249440464603 0.1154810569017648 0.4156756753359385 0.30546077335765065
0.09284603190663265 0.21548999809389935 0.5253793510861853 0.16628461891328272
0.2958142574937309 0.17865381359577848 0.44447321951530705 0.08105870939518356
0.15973108250577628 0.05922039602116658 0.6601240151697003 0.12092450630335683
0.07571744617226672 0.43354475391125147 0.4463119448475481 0.044425855068933706
0.24697870099191632 0.0776033487947968 0.37086340276676144 0.30455454744652544
0.2444757021979903 0.008516980623516135 0.3515461458102046 0.39546117136828896
0.0679174967944145 0.03083572241050392 0.44950687819090684 0.45173990260417474
0.1517866625844726 0.4170985899720878 0.11121976304808168 0.3198949843953579
0.07273721088434781 0.11818284778224586 0.21439943403153772 0.5946805073018686
0.10677999399370885 0.6052443802560444 0.16276212748529117 0.12521349826495554
0.23638016015282026 0.1285358007334647 0.5075159014591435 0.12756813765457153
0.4532393332235999 0.11068327585511517 0.19664506768867496 0.23943232323261
0.14302607708757153 0.03270378612561009 0.16453093963463095 0.6597391971521874
0.08825354002927399 0.1060439451837325 0.4751086547676564 0.3305938600193371
0.26938469527986364 0.2773925500647969 0.4163208323582681 0.03690192229707134
0.15349463697837273 0.07071783364640838 0.009413991223185758 0.7663735381520331
0.06759889360357696 0.11248050181443847 0.04472787849078097 0.7751927260912036
0.03382173104378916 0.19219268322282768 0.4428402921546596 0.3311452935787236
0.373945089576196 0.45537260494512555 0.08293838979729751 0.08774391568138096
0.07972011775621979 0.27006209584481167 0.48836681861996845 0.1618509677790001
0.09851907591702669 0.6115468141460371 0.03798544206312371 0.25194866787381254
0.04180861912122957 0.5800367498297488 0.13663193664722528 0.2415226944017963
0.13623338112195127 0.025105442333240413 0.06516449985795292 0.7734966766868554
0.05286620198352476 0.12686192664872298 0.10179070823617908 0.7184811631315732
0.1306641990394306 0.2615343477086387 0.11233036622680115 0.49547108702512954
0.09936765398837333 0.7018114144321275 0.028398408666034713 0.1704225229134645
0.563570171869058 0.014409174296708405 0.4162600166308258 0.0057606372034078035
0.180203757609243 0.48904365303020425 0.02338884710187017 0.30736374225868257
0.20290489288829328 0.18928577002462843 0.22146387098527998 0.3863454661017983
0.2046000739957785 0.2541132317301661 0.4862537274080748 0.05503296686598058
0.6817935532090346 0.11381601720238632 0.07340960773064586 0.13098082185793325
0.07142513371862946 0.09469466293866091 0.19410962311181668 0.639770580230893
0.6689037930967858 0.042876613285963816 0.2561353529135999 0.03208424070365046
