65 20 4 45.65137794730239 91.30275589460479
2.967805451324854 1.282624475523225 3.5841274960573304 2.5538018999968584 3.730387427905693 2.466552002563795 7.293823779049899 7.943597485013739 5.630972028654402 3.122261993058068 3.070356639388968 5.551436497258527 2.2076646668861426 6.053160366864671 5.338001827945359 7.117018800810793 7.648365627372926 2.4862659010412864 1.906243365385364 9.348288162502863
0.5935610902649708 0.256524895104645 0.7168254992114661 0.5107603799993716 0.7460774855811386 0.493310400512759 1.4587647558099799 1.5887194970027478 1.1261944057308804 0.6244523986116136 0.6140713278777936 1.1102872994517052 0.44153293337722854 1.2106320733729343 1.0676003655890718 1.4234037601621585 1.5296731254745852 0.49725318020825726 0.38124867307707283 1.8696576325005725
0.2202715309733464 0.2354693746688663 0.33731538654077764 0.20694370781700966
0.17972021725952947 0.3528523612272111 0.1306539142791342 0.33677350723412525
0.05040405473854259 0.05538711880253744 0.444479472265361 0.44972935419355897
0.4107905542838617 0.39608155974041015 0.12443320032806471 0.06869468564766346
0.41065642736484065 0.4599318362549565 0.06499664997582899 0.06441508640437388
0.049855573308633105 0.012661140388968484 0.6352728730063751 0.3022104132960233
0.8117711027806889 0.07296166392185288 0.06793537563171392 0.047331857665744326
0.28542069701080586 0.2455295678393088 0.3637881620792722 0.10526157307061312
0.04208975435279538 0.11891480976586233 0.15688975803287697 0.6821056778484653
0.6257329924323716 0.3055622891755424 0.00873726413819631 0.05996745425388972
0.3901670761545124 0.202942079917814 0.008540856366293648 0.39834998756137996
0.18689798072911978 0.0029046315642012877 0.16480832555162583 0.6453890621550531
0.23251931294062744 0.5635853680534818 0.1835793188513063 0.020316000154584457
0.17497349061381862 0.08686178265876032 0.37722653309452714 0.3609381936328939
0.0652959808594108 0.17842152765814057 0.7526270078674205 0.003655483615028099
0.2540470058681832 0.03128009247805974 0.1452321938361053 0.5694407078176518
0.3439450732136724 0.49024839604419457 0.05893383912276495 0.10687269161936808
0.059444946414107136 0.1547227191788868 0.056324592123199846 0.7295077422838062
0.059206391436551375 0.5642121922040788 0.28589978975671904 0.09068162660265078
0.1778183279128559 0.5430123740401614 0.0011470826617410168 0.27802221538524163
0.10020807150003386 0.006908057942924817 0.00031029724064457476 0.8925735733163968
0.44607481116150904 0.18405357376469456 0.3549121422429822 0.014959472830814224
0.02993736548149961 0.3198713168241193 0.2018458327195367 0.4483454849748444
0.21171865076215357 0.09224386553434194 0.07267278238967156 0.6233647013138329
0.09286040856678823 0.23892472800525688 0.3087859451972348 0.3594289182307201
0.4564752658697685 0.21992170082931395 0.04381489668960026 0.2797881366113173
0.03072132911453762 0.07718987845122649 0.48964958391108837 0.4024392085231475
0.2786355922407082 0.07556879544070294 0.31931041965184137 0.32648519266674747
0.09563274693878077 0.047557871838928345 0.5325111141803082 0.3242982670419827
0.12743414643212536 0.33956047700741554 0.06646566441309498 0.4665397121473641
0.01685499543285429 0.6044134934025951 0.13084019867109975 0.24789131249345087
0.24991336732741143 0.07167828456086378 0.14423578222480937 0.5341725658869154
0.40244270568539475 0.06158254520481765 0.043051261628309856 0.49292348748147774
0.3808576313128208 0.27415767915129885 0.20212069221148266 0.1428639973243977
0.46696824033448936 0.32637069188330226 0.0015116908259847905 0.2051493769562236
0.818513814765807 0.017643531052400463 0.04628785740410335 0.11755479677768921
0.21037549213473772 0.061010753548277896 0.30867250812081715 0.41994124619616724
0.16903295725314194 0.046611984780129734 0.2914840005300543 0.49287105743667403
0.29825318288360725 0.27629808378964293 0.40868422113673597 0.016764512190013847
0.21440386438213466 0.2338910483384008 0.09119740519955799 0.46050768207990656
