35 70 4 193.27286779198263 386.5457355839652
5.122494534016814 3.775146462684205 3.0833834053200606 3.4968209658051332 8.355113307124029 2.0021197248324833 6.637935060588272 3.4910909797286287 7.139572067696458 7.110737055196687 8.170456767289686 1.4122194627045976 9.213384469693317 2.9243438770336 3.732735711452646 9.901572611053048 2.6729335262901603 9.898523518700452 7.750758082347687 3.001474406029078 2.331135174967583 5.642112476003141 4.548324867161222 1.628921128349883 4.044031931745733 1.0993349916112696 7.907750722549165 8.872499174105425 5.802348886440136 1.7597147457572981 8.418980761506738 5.5412307550932045 8.934567642042978 2.5664165633139815 4.626620977106402 8.48913889677809 9.807962245927648 6.572482886843235 8.82928589793158 3.2398921007230563 6.787305629091486 3.704055930736315 3.208244974687438 5.914213150041529 2.0778475794987163 4.087870349633272 6.686082685673886 8.483967294011485 4.198491036001439 3.1187058845184246 8.218317997278486 6.4334157576927185 5.442671251234236 9.397460408925614 6.878005771185638 7.109644824677867 3.804929828528782 2.0812815452008286 2.394264101513942 7.8950077029452075 5.612526008758236 5.154435763224312 7.77396365091477 9.559956988042144 2.232466935367179 9.542670912666736 2.0393485090566257 9.91246983672776 4.9611866982566735 2.2793577563287344
1.024498906803363 0.755029292536841 0.6166766810640121 0.6993641931610266 1.6710226614248058 0.4004239449664967 1.3275870121176543 0.6982181959457258 1.4279144135392916 1.4221474110393373 1.634091353457937 0.2824438925409195 1.8426768939386633 0.58486877540672 0.7465471422905292 1.9803145222106096 0.5345867052580321 1.9797047037400906 1.5501516164695375 0.6002948812058155 0.4662270349935166 1.128422495200628 0.9096649734322444 0.3257842256699766 0.8088063863491467 0.21986699832225393 1.581550144509833 1.774499834821085 1.1604697772880272 0.3519429491514596 1.6837961523013476 1.108246151018641 1.7869135284085957 0.5132833126627963 0.9253241954212804 1.697827779355618 1.9615924491855297 1.314496577368647 1.765857179586316 0.6479784201446113 1.3574611258182974 0.740811186147263 0.6416489949374876 1.1828426300083057 0.4155695158997433 0.8175740699266545 1.3372165371347773 1.696793458802297 0.8396982072002878 0.6237411769036849 1.6436635994556972 1.2866831515385437 1.0885342502468471 1.8794920817851228 1.3756011542371276 1.4219289649355733 0.7609859657057564 0.41625630904016575 0.47885282030278836 1.5790015405890414 1.1225052017516473 1.0308871526448624 1.554792730182954 1.9119913976084288 0.4464933870734358 1.9085341825333473 0.40786970181132515 1.9824939673455522 0.9922373396513346 0.45587155126574685
0.5734789718254368 0.09931168907931864 0.18682023981956808 0.14038909927567644
0.040619300617455 0.41734770529344256 0.07654067151538402 0.4654923225737184
0.34683272797773335 0.029154382320898287 0.09716318946339919 0.5268497002379692
0.5492852455390711 0.02134006854685233 0.2855261393649312 0.14384854654914536
0.014654075559076607 0.31169152164493663 0.2532502535281077 0.42040414926787906
0.37054003744224584 0.011003063385720657 0.06939739632306297 0.5490595028489705
0.22893557389823438 0.17164380615048747 0.17819195075908434 0.4212286691921938
0.3875188499727136 0.08283248892194017 0.4597139315281943 0.06993472957715197
0.3203095187462669 0.35279935839004517 0.28507809070592294 0.041813032157764995
0.6912147767614077 0.06644702386143309 0.14024097551544912 0.10209722386171005
0.2815190905620122 0.23132988134992882 0.06342756613238065 0.42372346195567834
0.19710289325647512 0.15295619641476565 0.26249578408691265 0.38744512624184657
0.14817095804086522 0.292830971414365 0.49374707609405966 0.06525099445071014
0.2181495616982193 0.3674834041517976 0.37143384071229124 0.04293319343769186
0.0926447462436063 0.2930481926815175 0.290229475666408 0.3240775854084682
0.7042170244204657 0.013488965912408335 0.039737592386791754 0.24255641728033417
0.5037984214259044 0.09498117037078435 0.36817836129226633 0.03304204691104495
0.5713570859728608 0.37838611804460165 0.013454162095344113 0.0368026338871934
0.19747217671912465 0.05675862630985784 0.3863185515065175 0.3594506454645
0.15139081659485043 0.18581863244681196 0.07850790631938287 0.5842826446389547
0.04254440736084231 0.6790416455770198 0.14129806380323928 0.13711588325889856
0.3913973132903801 0.03672183153622466 0.18120018724952958 0.3906806679238657
0.2768343409965883 0.08548558685740937 0.5725441218611741 0.06513595028482821
0.3518413707006136 0.12763618515020125 0.16226367867490998 0.35825876547427515
0.7637824701445451 0.16602926723479938 0.05922436907224915 0.010963893548406323
0.2149245386620895 0.17517535634688208 0.3473447222934394 0.26255538269758905
0.12334738350244245 0.5123504825132633 0.2510009174076989 0.11330121657659531
0.48235057597070696 0.02296719108918055 0.3208620497546609 0.17382018318545156
0.41437662068181236 0.4041150331359784 0.1517592712091046 0.02974907497310464
0.03030628043744643 0.7129828338711395 0.10915411976637168 0.1475567659250424
0.006335799081779614 0.0529127086465051 0.7923747248127319 0.14837676745898343
0.2549162243913158 0.03699756681040567 0.5315914170639647 0.17649479173431382
0.2275381938406117 0.1439795783418606 0.4334839512448837 0.194998276572644
0.01809334551834607 0.09475945743538683 0.5531199179574052 0.3340272790888619
0.3020215024247975 0.16107506182130082 0.27582349407489704 0.2610799416790046
0.13013188183259694 0.5018300055210342 0.15540361298613647 0.2126344996602324
0.006667450639488592 0.40043640831209193 0.538418097748406 0.05447804330001349
0.45160843688302255 0.28073297852633594 0.1303030929593586 0.1373554916312829
0.32435744388275867 0.0185512121446334 0.6176105740834051 0.039480769889202794
0.014160181302799946 0.5190235820139367 0.27833260402931337 0.18848363265394996
0.21205899880577306 0.00441527534506847 0.7059066508617784 0.07761907498738008
0.29756739938162646 0.0018105710465439184 0.3350968841195231 0.3655251454523065
0.2365866587997647 0.5259768081014998 0.06512955963669442 0.17230697346204105
0.1009865042298076 0.17785201369309522 0.6907935029415693 0.03036797913552791
0.0784045854475951 0.2815963380134615 0.3927945502695984 0.24720452626934497
0.24250542015003884 0.2849620586673709 0.18723091072555975 0.2853016104570305
0.5128594372659814 0.1071011844783436 0.07985869931931355 0.30018067893636147
0.2737358597133016 0.23263714820268333 0.19952971174363276 0.2940972803403823
0.18153140608025498 0.524192932377079 0.15643693876208042 0.13783872278058562
0.1562285008027654 0.07300950978177134 0.2599037208272601 0.5108582685882032
0.7885389473135709 0.06033612552863976 0.07161851973740074 0.07950640742038861
0.047524042476329464 0.4811388251039955 0.1613288942577905 0.3100082381618845
0.5589250409524684 0.1938695821046894 0.013441052426307554 0.23376432451653462
0.4695414353323778 0.14633567058335495 0.31037573488089076 0.07374715920337649
0.07246741343769558 0.07987955075418729 0.18945978719863676 0.6581932486094804
0.0832823806157057 0.08896870083790709 0.007813118806776043 0.8199357997396112
0.3569440430823977 0.07645235937313832 0.30321621997399917 0.2633873775704648
0.42194161793619744 0.4001785013964597 0.00353133495795499 0.17434854570938785
0.3908162160833526 0.3378589141025772 0.25995642764566884 0.011368442168401383
0.04301199696198499 0.13498273708615116 0.5436640954563026 0.2783411704955613
0.2854577810058506 0.008333674732007412 0.09789899135260405 0.6083095529095379
0.1355578142910836 0.339109734903294 0.48785082610058783 0.03748162470503458
0.028923679365105537 0.1741503058150995 0.03919535983979283 0.7577306549800021
0.1102582627671681 0.05285752580270031 0.41116743908925346 0.4257167723408781
0.4709634513228035 0.17529050885110598 0.10934048934338991 0.24440555048270063
0.5787366815180843 0.2139225461096682 0.17316147500336176 0.0341792973688857
0.28822921026025394 0.21244310092076613 0.49928341315967106 4.427565930886779e-05
0.40405645050798333 0.4064666520323815 0.05271853604942178 0.13675836141021336
0.2724079424688203 0.014482007745467373 0.03784361105864931 0.675266438727063
0.35281834258233313 0.09843843335034719 0.29199029575102897 0.2567529283162907
0.0030834986940074804 0.11052849556688882 0.15175120713992973 0.734636798599174
0.22154597283124156 0.23402156864986567 0.24872151827746658 0.2957109402414262
0.36791660296125894 0.2528408541558108 0.3377797287696491 0.04146281411328112
0.5271609204112784 0.12158767091589351 0.09384087810004638 0.25741053057278174
0.07257532288356017 0.21458283632509811 0.6098194872286163 0.10302235356272538
0.03226078537495891 0.4632651155455333 0.45283861374554324 0.05163548533396456
0.7482378502531969 0.12890492135954557 0.10254735942295956 0.020309868964297983
0.011428469478960368 0.00710429147513425 0.5054812095227114 0.475986029523194
0.3213813256700041 0.3622667993362081 0.18300231458206517 0.13334956041172263
0.19630106895472432 0.2605086339057686 0.5176068857286517 0.025583411410855406
0.6349106209322155 0.11259780281569154 0.19324342305147346 0.05924815320061949
0.16065446013896723 0.20480589061143795 0.42568314570969823 0.2088565035398966
0.3009126112465994 0.4459081005283144 0.18302316892659898 0.0701561192984872
0.5467516047041276 0.27584380909023565 0.09437454417952318 0.08303004202611353
0.43977015876461656 0.07677900637813095 0.15882455735666312 0.32462627750058937
0.20418282716905822 0.07685801043403462 0.4193908132920118 0.2995683491048954
0.37364806393658323 0.40145861268589733 0.157584854898565 0.06730846847895444
0.22672332135341555 0.3833901634639225 0.3130953506474964 0.07679116453516555
0.4595741381462065 0.14593313489452509 0.24722309710352197 0.14726962985574643
0.3012653731633267 0.005113350879542233 0.6838991732397321 0.009722102717398928
0.35602109936472504 0.3100665734450776 0.1271713099678673 0.20674101722233007
0.49821363450985523 0.10070916835444765 0.30035218276882736 0.10072501436686976
0.017420456187415723 0.231267621020521 0.3125407270823404 0.4387711957097229
0.507229518029706 0.2838181146440625 0.08013472849859304 0.12881763882763853
0.7860823697427518 0.07744634870432232 0.1280217439673892 0.008449537585536682
0.11988235415618542 0.33200936882884347 0.016275219907681104 0.53183305710729
0.1317009567293146 0.4764350293572487 0.35413661720085265 0.03772739671258407
0.26805329055250915 0.26545574677573147 0.12325403944829272 0.34323692322346666
0.10639856911939494 0.08761446262972028 0.015221265938115125 0.7907657023127697
0.7069977964397105 0.15255370773327825 0.11225760327821821 0.028190892548793034
0.270848513127956 0.2836980059679586 0.34710338425720044 0.09835009664688499
0.29233998303047537 0.29769404521586473 0.12558130468467132 0.2843846670689886
0.5856865404464812 0.17772593999532216 0.15709677689935486 0.07949074265884182
0.5098934532483089 0.28324689163169736 0.09030898932291065 0.11655066579708306
0.14192412545999433 0.47395562928865487 0.03759628695192796 0.34652395829942284
0.07666055343083233 0.2341542960779931 0.6246700713373377 0.06451507915383692
0.020452977962102437 0.171787694549436 0.47643322271900235 0.33132610476945923
0.19987755795205286 0.07754868248442415 0.17367576430124132 0.5488979952622817
0.32117725080306336 0.5189316110146975 0.058307133556601 0.1015840046256381
0.015163495678212624 0.4309773827527338 0.2811094083472552 0.2727497132217984
0.3489804046680247 0.08288269307963791 0.42550389271046485 0.14263300954187252
0.12452617050531467 0.010153082390676249 0.4991754292370765 0.3661453178669326
0.07657469036968034 0.03279773692142085 0.34455260186801884 0.54607497084088
0.21820529043916548 0.05923939859847793 0.0178395075964769 0.7047158033658797
0.24057112262857483 0.01762688541247337 0.004712568601323186 0.7370894233576286
0.2477458790162198 0.4292939285697883 0.1699851369661306 0.15297505544786127
0.2850246536275748 0.5204263829043437 0.17814715672634351 0.016401806741737968
0.13859528609750515 0.4621062896122884 0.27458201525617476 0.1247164090340317
0.5796929539538936 0.13336995833258503 0.24160705682784367 0.045330030885677663
0.4640324457490219 0.09821951433526377 0.0004473202840805657 0.43730071963163375
0.2701680006943936 0.2599912841886246 0.2007506871951089 0.26909002792187287
0.3246630817257221 0.2000721665505314 0.1742277824738584 0.3010369692498881
0.2494591931198873 0.5505641285053028 0.07020190151854722 0.1297747768562627
0.3949162916246196 0.0956179326826514 0.1174476525727195 0.3920181231200095
0.04597044380441462 0.2672124278665069 0.06903317462179781 0.6177839537072807
0.5142966231550503 0.11137839730887211 0.17397581125886163 0.20034916827721594
0.2804656806477859 0.1565395910151015 0.3392402034029227 0.2237545249341899
0.013230925373034275 0.11005572152328646 0.6392723476182277 0.23744100548545155
0.4018272815824232 0.1860441468177244 0.35438554208544926 0.05774302951440313
0.2839715419840343 0.1646550635054943 0.10841010890660463 0.4429632856038668
0.30896065246320803 0.13973006318582204 0.31125868144631763 0.2400506029046523
0.5160280981858761 0.40378079804414657 0.04293230928496117 0.03725879448501612
0.13402560046090273 0.21518782460036456 0.6183696401208972 0.032416934817835474
0.0466133859512422 0.20126531190493746 0.016854198072955406 0.7352671040708649
0.15684160759787602 0.23157409279023178 0.11759753417236474 0.49398676543952746
0.17920750825948184 0.35859662884908605 0.32096703056933273 0.14122883232209937
0.11956609535666829 0.07025236324284156 0.72984602232726 0.08033551907323011
0.024009898107618555 0.2219804232294167 0.2528779334651273 0.5011317451978374
0.31011946071997554 0.2539900776084373 0.4286221584539356 0.007268303217651595
0.41057459508663163 0.35221933136150374 0.10646101847841005 0.13074505507345457
