68 70 4 192.88074832184034 385.76149664368074
3.3343432295359907 1.3902494604571023 6.2382730791394385 2.0126095103000923 6.496991042474353 3.6674916246615434 8.265269740700704 1.8535396142459775 7.300903364160124 9.396064207605296 8.57988009188761 8.199630859677232 9.755409646603516 5.824777810818929 5.565095245516277 9.593477715587488 7.981270983670573 6.315002798230625 2.5199023841425214 2.6505139701650413 1.2857788140622017 3.0666101557775987 5.769202388459624 7.227240066917398 3.609704475755236 1.8108977652983897 9.870710964874403 7.958537541861139 5.939069401846053 2.4243700965255295 7.753987272362736 5.7222510774910855 8.252224429983379 7.449089802116418 1.1430495969077712 5.6186647814431865 7.057623710062352 7.160872077883816 5.376790500754567 9.9812747141306 4.233567357751503 4.297711644768714 2.2232975782666564 3.971642409688606 2.5328376391689096 8.56379698674258 6.4497146288230445 5.098238180016093 7.321567889413074 9.925485993697574 6.73048770263293 1.1648984579277522 2.256049201298817 6.808024698127093 1.04218994104344 1.6502998440485939 6.114624128914475 7.024483843053739 8.627000982956552 3.2946489240624746 7.627522782748558 9.97476339299166 1.2189965423240523 9.95222160971302 1.9008692874423816 8.170454166321049 1.6732221234220641 3.5393194260018097 1.7712856285667875 9.18362763765276
0.6668686459071982 0.27804989209142045 1.2476546158278876 0.4025219020600185 1.2993982084948708 0.7334983249323087 1.653053948140141 0.3707079228491955 1.4601806728320248 1.8792128415210592 1.715976018377522 1.6399261719354463 1.9510819293207031 1.164955562163786 1.1130190491032554 1.9186955431174977 1.5962541967341146 1.2630005596461251 0.5039804768285043 0.5301027940330083 0.25715576281244035 0.6133220311555198 1.1538404776919249 1.4454480133834795 0.7219408951510472 0.36217955305967797 1.9741421929748806 1.5917075083722279 1.1878138803692107 0.4848740193051059 1.5507974544725474 1.144450215498217 1.6504448859966758 1.4898179604232835 0.22860991938155423 1.1237329562886373 1.4115247420124704 1.4321744155767633 1.0753581001509134 1.9962549428261203 0.8467134715503006 0.8595423289537427 0.4446595156533313 0.7943284819377212 0.5065675278337819 1.7127593973485158 1.289942925764609 1.0196476360032185 1.4643135778826148 1.9850971987395147 1.346097540526586 0.23297969158555043 0.4512098402597634 1.3616049396254186 0.20843798820868803 0.3300599688097188 1.2229248257828949 1.4048967686107479 1.7254001965913104 0.6589297848124949 1.5255045565497116 1.994952678598332 0.24379930846481046 1.9904443219426038 0.3801738574884763 1.6340908332642097 0.3346444246844128 0.7078638852003619 0.3542571257133575 1.836725527530552
0.14739564716195452 0.01633406787740721 0.5587327925944953 0.277537492366143
0.5494122807804006 0.07471262602529238 0.3668960208408627 0.008979072353444306
0.015595528187677954 0.6280686495623471 0.21873705894988027 0.13759876330009468
0.512035022238762 0.06268388682231707 0.025831475963080885 0.3994496149758401
0.4594076163653087 0.05132098697078202 0.06581740762782662 0.42345398903608267
0.1983977541580224 0.45034520751269336 0.06773245176228437 0.28352458656699986
0.1095481855231134 0.36795827659804226 0.5105974889096919 0.011896048969152417
0.02258089717404843 0.2227589374771377 0.6404600299616466 0.11420013538716722
0.010594959841800478 0.1035786108632305 0.17669318794583988 0.7091332413491291
0.2019427843881516 0.4033669603815935 0.21890098592490326 0.17578926930535166
0.5209295099701224 0.02169815335415526 0.016316627345394186 0.4410557093303281
0.65252269086509 0.24967501096602884 0.034754704013234106 0.06304759415564709
0.18274936453774993 0.12303593690427306 0.09546903713072474 0.5987456614272523
0.22223618583174543 0.19371686958630852 0.18933517058983207 0.394711773992114
0.04891562664823157 0.4037753279767914 0.36192314594749797 0.18538589942747907
0.21832812837833415 0.21572321645854042 0.4850863304988773 0.08086232466424814
0.33221310189046127 0.4576933697772744 0.1661434073386553 0.043950120993609065
0.038048998013086366 0.009076561001116867 0.001262278315534382 0.9516121626702624
0.4522822344837595 0.08285581678127674 0.3408989617007714 0.1239629870341924
0.13982866170467823 0.0844916559647454 0.24518634967430986 0.5304933326562665
0.0302594726611507 0.25196028076916044 0.48412300079875714 0.23365724577093172
0.3900304464700316 0.009203746938602597 0.254949462511983 0.3458163440793828
0.5129680880024166 0.4064990839514435 0.049050016558917386 0.03148281148722254
0.06828355627240412 0.1421856305472985 0.6319507584035792 0.15758005477671821
0.5571807519103658 0.24091818914320273 0.03364172286888478 0.16825933607754673
0.608355589826076 0.19151061567433425 0.10451385530799362 0.09561993919159617
0.33077697414920015 0.270258548765431 0.1741422576570466 0.22482221942832226
0.07050729277878387 0.2789718103423051 0.5425582359343523 0.10796266094455875
0.055671486210501 0.433072609454752 0.31687382905813766 0.19438207527660933
0.018111918719296516 0.4120478484869735 0.5316031495855497 0.03823708320818031
0.07203491946645346 0.2562354764104554 0.5601499588436744 0.11157964527941677
0.43642309981475647 0.3540669056102803 0.02705792654762218 0.18245206802734104
0.6663957178913262 0.09365197122800195 0.22255574371633313 0.017396567164338683
0.2643302896959785 0.03344897363859811 0.6049834542487543 0.09723728241666907
0.46296754343230684 0.05166488692344828 0.3117706158757416 0.17359695376850326
0.2544182549183249 0.3531532860861235 0.03882972253382755 0.353598736461724
0.021504745835152494 0.17859797044284387 0.6627958028094382 0.13710148091256547
0.05095542065224701 0.18991130524019484 0.6153970518665183 0.14373622224103988
0.06666226348652071 0.5601593737051968 0.25660412646467445 0.11657423634360808
0.36203484944001796 0.13568242042197576 0.39245704187043573 0.10982568826757055
0.27679522956368274 0.1465171792210639 0.1626111488833788 0.4140764423318746
0.3533686205936294 0.0716197832500487 0.5592840820806706 0.015727514075651317
0.13864853966208412 0.05969502914446212 0.15756164308224696 0.6440947881112068
0.05326616650352978 0.5079825629515781 0.17666956416605584 0.2620817063788363
0.5206823506235261 0.27485851963801444 0.19016148766685226 0.01429764207160722
0.3504784131293476 0.3086130349888655 0.036374968957140874 0.30453358292464605
0.7301500162122135 0.13831649926684775 0.00999250012748476 0.12154098439345395
0.014820577314242578 0.7536836810255273 0.10078537871620574 0.13071036294402438
0.4238001245296338 0.38077464247124293 0.13854097206670923 0.056884260932414055
0.5512482071259777 0.0903031597113686 0.11508307979548082 0.24336555336717292
0.1474243070529052 0.18339086845675845 0.18381708606083724 0.4853677384294991
0.15366638362150276 0.554672981513008 0.06206771478987039 0.22959292007561882
0.07349972420736928 0.2775442310611492 0.3034762819083029 0.3454797628231786
0.37996096366593923 0.19080378534790443 0.008098430363176146 0.4211368206229802
0.17581860605420574 0.07173147626790677 0.1746026798585678 0.5778472378193197
0.1818785064311158 0.024215949164742456 0.34246080262805156 0.4514447417760902
0.18047727139379455 0.044672403636631275 0.4344617766848997 0.34038854828467446
0.2596978147688914 0.2103373166412278 0.23073711164303645 0.29922775694684434
0.4872905069398722 0.16582229585678987 0.23992954707168068 0.10695765013165726
0.16516202768695076 0.32578481613207744 0.1348542555915232 0.3741989005894486
0.7128400305660916 0.20688815567420826 0.026359595402037583 0.05391221835766258
0.14953196195238527 0.6264790946348766 0.13389260532885927 0.09009633808387885
0.18497693616108468 0.2806893280661247 0.34182118493695757 0.19251255083583307
0.18187365724113191 0.18786756383306458 0.3507716248265107 0.2794871540992928
0.25865584135027786 0.043453031014036525 0.25601023439372594 0.44188089324195967
0.3857285336245969 0.08535737293470946 0.00681562570073424 0.5220984677399594
0.15900175982407727 0.31449557210637447 0.0353637365015701 0.49113893156797817
0.16490742613574738 0.547173211094324 0.08573143224449864 0.20218793052542994
0.1314285590033768 0.23882289954487068 0.5302815397836431 0.0994670016681094
0.5602976118532839 0.03755065032327598 0.1575590420680365 0.24459269575540366
0.36357789117035977 0.42103364467454674 0.08184648021979057 0.13354198393530292
0.12789470182948137 0.29036456960257984 0.2655965221427662 0.3161442064251726
0.05661556341560747 0.31779658290037516 0.023810351097801497 0.6017775025862159
0.02040479616295443 0.20789330418901275 0.3389711590305611 0.43273074061747174
0.03531920784249731 0.47139477463457946 0.03704125193988217 0.45624476558304106
0.2628928517506738 0.42739754357904236 0.28748440666098973 0.022225198009294123
0.12802576613454153 0.5104269705657718 0.16244476964297294 0.19910249365671373
0.10734526153649171 0.004064819184836921 0.7431690173329097 0.14542090194576163
0.12460725038120568 0.41523653124985027 0.24582937948022732 0.21432683888871673
0.26720871442030947 0.17500138801460197 0.011581895148816801 0.5462080024162718
0.22836612379551113 0.2010015537205434 0.31724337389644874 0.2533889485874967
0.4547695169103969 0.031040454857587108 0.03371974249049958 0.4804702857415164
0.1741991551071007 0.06426017306240073 0.3587871507377002 0.4027535210927984
0.5676934446546593 0.09390528527876518 0.19095138269119327 0.14744988737538223
0.017197636920257997 0.11952104387002993 0.8149787668906838 0.04830255231902825
0.1877145643149264 0.05747506670976099 0.12969713583280662 0.625113233142506
0.18104451499898788 0.3151590373337466 0.2663986526556321 0.23739779501163338
0.02867805422043368 0.264449401109207 0.6207086043848926 0.0861639402854667
0.07356972223177194 0.4475422372389266 0.3863594571441271 0.09252858338517433
0.11661683861156857 0.16026664360279486 0.2887332618920154 0.43438325589362115
0.19080840427997614 0.12886435180626177 0.2784576676324272 0.4018695762813349
0.2987481657819824 0.041999908319080625 0.40871866299405446 0.25053326290488254
0.20394757393238117 0.3087583018385768 0.43301513077867937 0.05427899345036269
0.07591160768536154 0.4786193928514776 0.33092867849331853 0.11454032096984235
0.22318794068811876 0.2453087986674627 0.29771468832451176 0.2337885723199068
0.1512350857479694 0.21844129782106259 0.15785896086030782 0.4724646555706602
0.2624193024069543 0.05470934730116361 0.07424889884969132 0.6086224514421907
0.07461013895141988 0.5736452936967086 0.28392444010724804 0.0678201272446235
0.5044693850122668 0.2002725053332074 0.164603746751097 0.1306543629034288
0.3357131547541027 0.48225840400796127 0.07869443668130616 0.10333400455662989
0.28221662025673333 0.401206225936666 0.20209800642586595 0.11447914738073472
0.03769219710650806 0.06557529227357395 0.41899947544957583 0.47773303517034216
0.33679272963440077 0.2990306200858037 0.2202272006472411 0.1439494496325544
0.0968058850131912 0.021593808824070915 0.3681780715426394 0.5134222346200985
0.11211041039794178 0.46762699059312585 0.3272265168361709 0.09303608217276149
0.3340754802663186 0.040248416719590785 0.20147835358012023 0.4241977494339704
0.2732076172366117 0.5205689784975732 0.16890233498541285 0.03732106928040224
0.08401308224277748 0.6000704779208073 0.16019788522730816 0.1557185546091071
0.03363527539495703 0.07316317388618909 0.6295082517494579 0.263693298969396
0.19671699694007128 0.5438147110574928 0.15126439083947718 0.10820390116295875
0.01276799052788602 0.02883509835710185 0.8179774917592297 0.1404194193557824
0.7208945836587045 0.1612772466088097 0.07058718607414127 0.047240983658344504
0.2548169558198867 0.023810624916210332 0.26988305133718915 0.4514893679267138
0.5785340268084658 0.10157294560883035 0.2735881941735774 0.0463048334091265
0.23237673382679147 0.0799416661123461 0.5949780368775235 0.09270356318333894
0.20232179366666103 0.3375599210868999 0.2732043761295092 0.18691390911692984
0.13279532004715777 0.3078518152257096 0.2370794723773305 0.3222733923498021
0.12405917467691352 0.39589909027559433 0.33650109783282167 0.14354063721467047
0.04501235179655383 0.04483789396073867 0.5082772545515806 0.4018724996911269
0.40538518872161855 0.24886301596358162 0.3073913397379373 0.03836045557686252
0.22033916320637126 0.3802644473183717 0.15168844087780387 0.24770794859745315
0.5331065974988912 0.07668199942571763 0.13154810831201136 0.2586632947633798
0.19346518137802104 0.29951924474801006 0.11050790044079806 0.39650767343317084
0.1423755854521337 0.21474154285943536 0.17473963753488153 0.4681432341535494
0.6324424434198586 0.05620920833177845 0.2733471686178772 0.03800117963048577
0.14167210183965195 0.6552937405554553 0.08355425562148133 0.11947990198341141
0.4654994603479913 0.0461575224194859 0.2349945645035969 0.2533484527289259
0.41343342207790523 0.2973573940651947 0.2316360570502981 0.05757312680660198
0.06985270163639357 0.2169322159252416 0.377866826739662 0.33534825569870286
0.3852051144184878 0.19257676756776687 0.3210799432664987 0.10113817474724662
0.3542338666057575 0.23466324241631242 0.22959179632923488 0.1815110946486952
0.21581462519506 0.05627317026479017 0.05032952749990871 0.6775826770402411
0.023532900038317206 0.0813463090254195 0.7997999961658231 0.0953207947704402
0.5367809650961969 0.03271067986541598 0.19576795956068782 0.23474039547769932
0.04616055372208272 0.032289238389912156 0.19841899796571383 0.7231312099222913
0.3061877601440146 0.21985917882503359 0.3480825962592954 0.12587046477165642
0.12226654243009305 0.07241446094057358 0.3662965565219356 0.43902244010739777
0.07880748580236607 0.4361271603652156 0.32387056992471 0.16119478390770836
0.09333019579329027 0.2171724352804072 0.26410585302132716 0.42539151590497537
0.48737484521093244 0.22701671503532894 0.2791298051003406 0.006478634653398041
