11 90 4 249.3769921411471 498.75398428229425
2.6224271998909225 1.1752771733886211 5.168966738485102 7.524405362729331 4.781832441289547 5.368843883510042 1.1150273313154777 5.386344465878844 9.476259871090296 8.657155804391008 7.569680231987367 1.9786246468207744 9.04513753256573 8.714388223655465 2.485779558357044 6.691006124411465 1.184352515121094 2.050635419020146 3.8473058045128634 2.4212107600744326 7.830816293444548 8.364478220777292 4.101620418632956 3.8691891717619025 2.0049510879519437 1.7555782898985135 7.414533421199586 6.3958905663189 1.5010631162657058 5.318175534934873 4.61508832567587 8.63181097792277 7.4606426140589095 6.418576461239421 5.971454393549475 9.541921579719737 9.880059973226217 4.04248644684575 3.1588721114722604 8.167921785891515 1.5731778769718987 4.28154078696437 1.630205223620522 3.87430936345819 1.633443355962612 3.612373004217808 8.110910110904104 9.148602887200646 8.133592465719335 6.056368391303906 6.544165465653863 4.253351879828816 2.5193556872690754 4.926168402986448 7.595428027133585 1.565988614746304 1.186596809930542 7.9349325977351715 3.699568084874989 7.310478475391652 7.612009488140515 9.396141644686113 4.602955896296276 4.225941355133406 8.25910111834949 7.880419868900243 6.873532659240255 8.298699165595606 6.779933728669496 9.616996475433597 4.004869793059831 7.644273605638057 9.54849975163463 4.00927738745116 6.50468797061333 4.2910315081943775 5.153862622485704 1.6750179379784411 1.1740902606841837 7.836845207969562 5.074832480427978 6.605506068876906 7.659563660181052 4.767970871636567 4.30855862560885 2.521259295316771 8.144851659713265 8.497336677259847 7.607916885748177 8.877651220213146
0.5244854399781845 0.23505543467772422 1.0337933476970202 1.5048810725458661 0.9563664882579094 1.0737687767020083 0.22300546626309553 1.0772688931757688 1.8952519742180591 1.7314311608782016 1.5139360463974734 0.3957249293641549 1.809027506513146 1.742877644731093 0.4971559116714088 1.338201224882293 0.2368705030242188 0.4101270838040292 0.7694611609025727 0.4842421520148865 1.5661632586889096 1.6728956441554583 0.8203240837265913 0.7738378343523805 0.4009902175903887 0.3511156579797027 1.4829066842399172 1.27917811326378 0.30021262325314113 1.0636351069869747 0.923017665135174 1.726362195584554 1.492128522811782 1.283715292247884 1.1942908787098951 1.9083843159439475 1.9760119946452435 0.80849728936915 0.6317744222944521 1.633584357178303 0.31463557539437975 0.8563081573928739 0.3260410447241044 0.774861872691638 0.32668867119252243 0.7224746008435616 1.6221820221808207 1.829720577440129 1.626718493143867 1.2112736782607811 1.3088330931307726 0.8506703759657632 0.5038711374538151 0.9852336805972897 1.519085605426717 0.3131977229492608 0.2373193619861084 1.5869865195470343 0.7399136169749978 1.4620956950783304 1.522401897628103 1.8792283289372225 0.9205911792592552 0.8451882710266811 1.651820223669898 1.5760839737800487 1.3747065318480511 1.659739833119121 1.3559867457338992 1.9233992950867194 0.8009739586119663 1.5288547211276113 1.9096999503269259 0.801855477490232 1.300937594122666 0.8582063016388755 1.0307725244971409 0.3350035875956882 0.23481805213683674 1.5673690415939123 1.0149664960855955 1.3211012137753813 1.5319127320362105 0.9535941743273135 0.86171172512177 0.5042518590633542 1.628970331942653 1.6994673354519694 1.5215833771496354 1.775530244042629
0.1930180802665976 0.14106481403574145 0.3139735476734744 0.35194355802418653
0.31818719398704765 0.0006830457715274463 0.33982211167451337 0.34130764856691154
0.30097916984093387 0.13724150103640986 0.406717859994832 0.15506146912782426
0.2693035401785444 0.07440976678175992 0.6302549488049548 0.02603174423474086
0.4155036692248403 0.11819031267151314 0.09330383729495728 0.3730021808086893
0.4974963527482624 0.021511388839396517 0.20490352103195508 0.276088737380386
0.4477711603657113 0.39291427002293355 0.1304897732423499 0.028824796369005257
0.5565211058717441 0.35527437840422993 0.018970438183295357 0.06923407754073063
0.42039077484565157 0.11845951703942414 0.05663639857797853 0.40451330953694575
0.14491946190451044 0.3605537067150606 0.20748975161346372 0.28703707976696524
0.35778924129581746 0.19613803152576847 0.40213099122670115 0.04394173595171291
0.055084832105785964 0.1777980005235027 0.41516364054330823 0.3519535268274031
0.05411530447521384 0.7131009801389603 0.22186487696518176 0.010918838420644117
0.35583007986260196 0.12242656037023492 0.13571368899052683 0.3860296707766363
0.05295186810844732 0.3076280102883151 0.32097916460146647 0.3184409570017711
0.07837980771565989 0.6277678201120739 0.1082932430873168 0.18555912908494943
0.17079014782816504 0.005113333897792449 0.11513449407737086 0.7089620241966716
0.32037244968918166 0.3531176940310139 0.07837702544265879 0.24813283083714566
0.02773266075835501 0.03771392195183987 0.6224896641612426 0.3120637531285625
0.6037265473927619 0.2576661400205825 0.041254741605680434 0.09735257098097516
0.14062588525348063 0.631911862164865 0.020744314829489463 0.20671793775216496
0.5443871912785486 0.07910941217873646 0.28495133940325423 0.09155205713946069
0.234288511937924 0.1400470564319316 0.11921879398120638 0.506445637648938
0.4153075156128513 0.0322972615155217 0.02291527208682942 0.5294799507847976
0.27399239180774915 0.4848977118149882 0.12411666466805882 0.11699323170920384
0.440753983615948 0.15246187597317484 0.344288324783642 0.06249581562723516
0.2840215869807551 0.0464605218854407 0.02362052351493471 0.6458973676188695
0.01836989442987258 0.4837998886058008 0.3263603902050055 0.1714698267593211
0.27827656976936765 0.21628706571769174 0.3447247751148236 0.16071158939811703
0.3386884703760198 0.3396610885318696 0.18152162705950114 0.14012881403260946
0.314647120130355 0.20249727912880378 0.23813923346478627 0.24471636727605495
0.2115011781361238 0.5530617203105637 0.22921357094215455 0.00622353061115799
0.07256924416241772 0.2298762940617073 0.26003919756204075 0.43751526421383424
0.03304441704947503 0.09108707492056334 0.5290136328940767 0.346854875135885
0.02797631300041259 0.25188046849334655 0.3846922112856269 0.33545100722061394
0.06574940877546687 0.47066384666278505 0.2552012233313533 0.20838552123039478
0.07604137792672061 0.32610468031253637 0.5031213504991021 0.09473259126164091
0.03839609224862206 0.7240343639177552 0.005453666109102806 0.23211587772451991
0.4479663902269472 0.018154126869697196 0.1384067221779155 0.39547276072544013
0.2913424595463794 0.3302362638733485 0.15870572077666123 0.2197155558036109
0.27225627931772056 0.04913239789011892 0.309267588549325 0.3693437342428355
0.09846297786639624 0.7980170495612464 0.05989891420827709 0.043621058364080256
0.535743793854694 0.1742896994814257 0.04452452328734402 0.24544198337653633
0.07689554943318133 0.4467884899502528 0.1978899420840211 0.2784260185325448
0.11173844324449789 0.005738985811378106 0.20064167830072033 0.6818808926434037
0.17497807210117222 0.5256833316733311 0.2393278178827286 0.06001077834276802
0.596432610889062 0.02176613585819509 0.173791054060354 0.20801019919238894
0.10704076626823245 0.12358538514661221 0.061115194368224435 0.7082586542169309
0.407101575697982 0.14438123103250344 0.2018365357126709 0.24668065755684365
0.11515934620524426 0.042525021885127856 0.8072608441843144 0.03505478772531345
0.6257633388317952 0.07304697237775137 0.29701798274476987 0.00417170604568351
0.345527801300605 0.2790100963209198 0.07303762828151417 0.30242447409696105
0.30492016208911366 0.16388039855249703 0.20007270955038758 0.33112672980800173
0.8235181243394845 0.05083120608523772 0.007756533813866651 0.11789413576141117
0.1585357885664811 0.4839422215732051 0.09769692959289944 0.25982506026741437
0.4019369310441364 0.19457732071448808 0.013753772792665209 0.3897319754487103
0.19256691051904096 0.3235905959466294 0.06057446853176385 0.4232680250025658
0.2796914968876747 0.08443954178714719 0.005576163864367545 0.6302927974608106
0.6912189777110839 0.014547732839797378 0.13620547483213297 0.15802781461698578
0.006722747082761438 0.530076025432141 0.0430839999359699 0.4201172275491276
0.35428742184314244 0.02230557928674093 0.14619227291670223 0.4772147259534144
0.4194870328283461 0.35055724307877467 0.11609609968353063 0.1138596244093486
0.6683436483460108 0.24733826815128956 0.02356099985041038 0.06075708365228927
0.2474544495511266 0.030360713539057782 0.0015477557150055388 0.7206370811948101
0.1310625218612168 0.25043723286402797 0.5564879428797268 0.06201230239502842
0.5508927450314998 0.3109496754792227 0.09050782860565898 0.04764975088361856
0.06898427454012279 0.06198640856067894 0.30639684278098245 0.5626324741182158
0.20002517247339213 0.4540080645993404 0.14770610921380978 0.1982606537134577
0.04976840269041927 0.06267317052147903 0.029385372394163167 0.8581730543939385
0.028605408387988973 0.17335405597292664 0.3385908601802561 0.4594496754588283
0.24028554656419265 0.03998237496905166 0.1491000268070951 0.5706320516596606
0.19989604772001657 0.24596086009463625 0.0291082903380524 0.5250348018472948
0.13102575864259913 0.2939330600321528 0.23832106819459553 0.33672011313065253
0.1032936627923059 0.5351067574709392 0.2864426358668739 0.07515694386988103
0.31588384394395286 0.044680225853923394 0.06611458557888272 0.573321344623241
0.250505919337182 0.006929789019040955 0.20101628970335228 0.5415480019404247
0.39662011486907023 0.1568684020982305 0.33275289367338345 0.11375858935931582
0.061729175293708805 0.068103338445059 0.6324559976273029 0.23771148863392932
0.40834836630073346 0.47661853107373475 0.10828828722315231 0.006744815402379478
0.38827100751431387 0.15283077122340616 0.23089155037481046 0.2280066708874695
0.23823213722716408 0.09922770453298235 0.15804658335929833 0.5044935748805552
0.36289766804736945 0.2400956114495988 0.2862118612359702 0.11079485926706156
0.8013581077849303 0.11944818344017527 0.06673931573604908 0.012454393038845324
0.10743822288272042 0.0814737647678655 0.5220856411602927 0.2890023711891214
0.05130677276779694 0.24100051036281966 0.19432126725775445 0.513371449611629
0.15754387619283416 0.6961160618078196 0.05401343666067804 0.0923266253386682
0.08433989010226894 0.09881392267572664 0.6977359022039447 0.11911028501805976
0.6947310230264085 0.17942870510543785 0.11109853138260384 0.01474174048554977
0.21672529615218894 0.39263469106948246 0.3651345183537149 0.025505494424613695
0.023960449194882938 0.031461861957849724 0.3213291808283152 0.6232485080189522
0.4379592060627783 0.25810696870787897 0.07156606016865086 0.2323677650606919
0.21800337527051994 0.35028629365674635 0.007268872127968229 0.4244414589447655
0.08569480601338675 0.005719780912263439 0.21075010086196055 0.6978353122123893
0.6252248400713203 0.031483966117341944 0.052592211582773496 0.2906989822285643
0.2860446694951897 0.5396075595770605 0.08546943572847665 0.08887833519927313
0.4939130011335059 0.15480919715119457 0.27372803998616946 0.07754976172913008
0.12704826111139933 0.42359120984096954 0.3817742479862686 0.06758628106136255
0.23834610123997146 0.0753330518633829 0.052748057938129866 0.6335727889585158
0.22803686619425723 0.7041117554749645 0.027814025671260012 0.040037352659518244
0.13648451325554378 0.38508897814025933 0.4080316229544414 0.07039488564975549
0.04587020519081331 0.690439266591258 0.22962142491724535 0.03406910330068336
0.05293284911473728 0.6529514095105737 0.1406127185220477 0.15350302285264128
0.2477996424832022 0.2063981576439008 0.5254955081919025 0.020306691680994526
0.05317982877899563 0.259364930502208 0.6029582448174563 0.08449699590134008
0.24699815272037573 0.5846617868101027 0.11629009022167536 0.05204997024784619
0.19072161285288602 0.7208112339161972 0.04064263352515918 0.04782451970575763
0.29909023029198534 0.4915232956810228 0.17077424578406597 0.03861222824292587
0.2484196822431457 0.05028819412274599 0.5805481866865071 0.12074393694760122
0.42265997464635086 0.14564585628155657 0.006350112872702041 0.42534405619939053
0.3519715939039939 0.17905781200994553 0.06862069833224449 0.4003498957538161
0.2218770910355624 0.0078066327971237914 0.6731531087080672 0.09716316745924658
0.14322266096375436 0.08041581948803844 0.15585870793474255 0.6205028116134647
0.18776571431877243 0.2945953812635954 0.18580992668534446 0.3318289777322877
0.023839804008858878 0.03587992372058635 0.35608982814743917 0.5841904441231156
0.4339920625873168 0.5067169297830695 0.009702273212108592 0.04958873441750511
0.25036821423134437 0.05029286006710876 0.2867731494987591 0.4125657762027878
0.3248058703912017 0.021389843564278643 0.296723557881199 0.3570807281633207
0.5457853350663964 0.19579329548640734 0.03731460104876261 0.22110676839843368
0.173345022674655 0.13749273031147047 0.17331012957158654 0.515852117442288
0.10519406923913521 0.010017952614826409 0.4170281572527852 0.4677598208932532
0.3808704616721813 0.17605063387276743 0.33358352524393564 0.10949537921111563
0.17521486475504 0.49181922941626643 0.15593171175747578 0.1770341940712178
0.2091003056378511 0.16723196129160678 0.4962190821013255 0.12744865096921665
0.08965531399991189 0.006710389592811561 0.5749553552343901 0.32867894117288643
0.1210004667658876 0.11999248510647287 0.40774112261235884 0.3512659255152807
0.09092484166469161 0.37150292638684124 0.2061054049423069 0.33146682700616026
0.278282875182854 0.42326592334587965 0.24740700837794904 0.051044193093317314
0.0030641225222766133 0.4488141536754946 0.19110478339476356 0.35701694040746523
0.015716058074189188 0.6942649074587124 0.1720236839349899 0.11799535053210852
0.3941051418095679 0.26082297880432204 0.16168423826629208 0.18338764111981798
0.1684781135159218 0.2704982401562168 0.3819794284470194 0.17904421788084202
0.34219781219585366 0.07743029493530917 0.208707403027654 0.37166448984118317
0.47330732756814897 0.03220194775156282 0.47122160871953966 0.023269115960748543
0.22234907776730561 0.23833705775371106 0.13847109051171247 0.40084277396727086
0.2818299573281393 0.652714005729663 0.03292099227779055 0.03253504466440715
0.8566416606358137 0.09859338029855902 0.005358628212185579 0.039406330853441696
0.10929144227521981 0.18626780657137287 0.34631807541032533 0.358122675743082
0.21965878411878847 0.07790093468432036 0.17615573317758648 0.5262845480193047
0.14698562884594757 0.30358273050416007 0.12291142479422812 0.42652021585566424
0.13919124586676324 0.40792735109217015 0.34440756762446034 0.10847383541660627
0.34773721164898086 0.5946387506536134 0.03281964710113028 0.024804390596275483
0.036900658417940324 0.835919087250588 0.02100750596050105 0.10617274837097057
0.15973648714811528 0.2356044799775463 0.03862896139147265 0.5660300714828658
0.04319015972113338 0.04917916375492504 0.3656557417765328 0.5419749347474088
0.21481696381764936 0.23607086719417136 0.49730183034358366 0.05181033864459561
0.1079376491401961 0.10169186696581067 0.3855954678616512 0.404775016032342
0.45824795884600256 0.35327047658190647 0.04572584150334413 0.14275572306874684
0.02497454194548221 0.1627511522519397 0.44777468434331136 0.36449962145926673
0.23479334662175422 0.5176461987859199 0.21093908053039045 0.03662137406193544
0.004761837122656543 0.43879421392628315 0.05004470398091698 0.5063992449701433
0.13498110501715332 0.26142565185762634 0.24504790183215142 0.3585453412930689
0.053353985951199445 0.6257783785175004 0.012599291946110758 0.3082683435851894
0.654838804571006 0.047258354717443996 0.18722860202180558 0.11067423868974446
0.022428446464295204 0.3415982386142541 0.09327666035478366 0.542696654566667
0.189353904076898 0.1630238737253894 0.48066392587320705 0.16695829632450554
0.25598011759129313 0.17887214898643355 0.3345106907544707 0.2306370426678026
0.1589786885460146 0.05852664754954662 0.5943305498686927 0.18816411403574607
0.05622810383834709 0.7377142211212206 0.02942298197161841 0.17663469306881385
0.1317848769930431 0.3908246666420988 0.07825363578561784 0.39913682057924027
0.09940036941606556 0.7152927007507419 0.13230236939065376 0.05300456044253876
0.2720220161206103 0.19969820686593787 0.3850873808718458 0.14319239614160606
0.4995867314903164 0.004807941603325094 0.30069599835185423 0.19490932855450427
0.20407692876607597 0.6672650579873601 0.126694789663364 0.001963223583199891
0.18412867360505558 0.10946653493974345 0.47159383237217267 0.2348109590830283
0.2702047999356364 0.08836899460439473 0.6230016940078887 0.018424511452080128
0.189679141631085 0.2681956441260951 0.42777340279376264 0.11435181144905726
0.1707482602164394 0.030666058773334726 0.37902133073686717 0.4195643502733587
0.39750598437048335 0.28779549860756026 0.11133160090277561 0.20336691611918079
0.4799540327457359 0.04093693010961741 0.27841409113225957 0.20069494601238713
0.13544587514316242 0.24375924831412465 0.6103206776509862 0.010474198891726738
0.4431683300466627 0.15792388551122705 0.15459239497365196 0.24431538946845832
0.2782258982179121 0.19679040165129325 0.26187665503729063 0.263107045093504
0.23453398826262128 0.06154684741325778 0.5693032913318782 0.13461587299224276
0.412012067377455 0.031823460880643806 0.32371589879178553 0.23244857295011567
0.18449603853103258 0.33618483935932 0.2926130382929325 0.18670608381671494
0.016389577194591554 0.4013354563562511 0.15256966521459414 0.4297053012345632
0.27904436519905107 0.6592982086137553 0.018278019664942358 0.04337940652225125
0.7917826787423692 0.13389239002212672 0.015123493588302228 0.05920143764720187
0.4714724799345015 0.19392498321484297 0.1542794710797144 0.18032306577094115
0.3094123386715858 0.012318325815088071 0.48317292624146935 0.19509640927185679
