30 60 4 160.45856513267964 320.91713026535933
6.797291824615015 4.426736406716049 6.967431148021017 2.47285653492478 9.663470323068868 4.119956563417891 9.925758930642468 3.1155210604508103 6.271248416694919 4.6602109146268065 2.2261088981714225 5.897226588743618 5.6635871214326095 7.901695956686549 9.404651289867218 1.8073304450733474 2.7619413109302253 9.947743158676253 3.1166244785529003 3.1508773474838594 6.661898477444818 7.614573189788255 7.195099447604834 1.2801767357586447 9.122624589236816 3.5779179512111883 6.000513074254986 4.387782200765889 1.2396192829580293 5.447342093924842 8.512435841440732 4.302885970092274 5.638439010168173 5.251412128827519 4.475368796111626 7.6972330399626605 4.017178716995845 6.358944593809258 3.8452004371742854 4.116253815353308 3.2034862761137477 7.281551484838009 2.908727482522731 3.405638514938135 4.365046708457751 6.157796561046409 9.256222708469213 8.370783430794242 2.468628031235066 1.2173929286938487 8.061882644465545 3.3837164106147877 4.054303507162083 8.329326265995698 8.267092442740468 5.442054731190421 8.607811994952142 4.286709859510214 1.4304780923628762 3.377312077575117
1.359458364923003 0.8853472813432098 1.3934862296042034 0.49457130698495605 1.9326940646137736 0.8239913126835783 1.9851517861284935 0.6231042120901621 1.2542496833389838 0.9320421829253613 0.4452217796342845 1.1794453177487236 1.132717424286522 1.5803391913373097 1.8809302579734435 0.3614660890146695 0.5523882621860451 1.9895486317352507 0.62332489571058 0.6301754694967718 1.3323796954889635 1.522914637957651 1.4390198895209667 0.25603534715172893 1.8245249178473633 0.7155835902422376 1.2001026148509972 0.8775564401531778 0.24792385659160585 1.0894684187849684 1.7024871682881464 0.8605771940184548 1.1276878020336345 1.0502824257655037 0.8950737592223252 1.5394466079925322 0.803435743399169 1.2717889187618516 0.7690400874348571 0.8232507630706616 0.6406972552227496 1.4563102969676018 0.5817454965045462 0.681127702987627 0.8730093416915501 1.2315593122092818 1.8512445416938426 1.6741566861588484 0.49372560624701317 0.24347858573876974 1.612376528893109 0.6767432821229575 0.8108607014324166 1.6658652531991396 1.6534184885480936 1.0884109462380842 1.7215623989904283 0.8573419719020429 0.28609561847257525 0.6754624155150234
0.31343675340085886 0.1504304067176797 0.3558204925672942 0.18031234731416723
0.13782687945281946 0.18620694435284335 0.3086161599857127 0.3673500162086245
0.03082189126169621 0.22601582398463782 0.23662597777416172 0.5065363069795042
0.38770822445994335 0.19506699910968217 0.40360891941553423 0.013615857014840249
0.1617182284919555 0.14500843136111896 0.6831878406882224 0.010085499458703184
0.025844836873522903 0.024809166040942965 0.23982374473890467 0.7095222523466295
0.07160379461879807 0.04548371720579136 0.7952939845797409 0.0876185035956697
0.15160629830825234 0.16403620519184559 0.0943180709399678 0.5900394255599343
0.015456051150818495 0.08119344435047438 0.12001881926650837 0.7833316852321988
0.2967776353328905 0.3830080980081296 0.27712704474055116 0.04308722191842873
0.14577254819859586 0.025118675083836473 0.732155088055756 0.09695368866181164
0.2863958303231542 0.3048856978558132 0.3973770128546519 0.011341458966380724
0.20648364149092824 0.22232457496401248 0.4406113369050928 0.13058044663996649
0.2939110734492527 0.07442365050900246 0.4210758764413086 0.2105893996004362
0.05043075239597339 0.646550732210022 0.025589948683350516 0.2774285667106541
0.043944343559712884 0.8055338227634992 0.010277183054620331 0.14024465062216762
0.17419507532441425 0.22599703195834175 0.09446681247384847 0.5053410802433955
0.18058988238275897 0.0864220138100823 0.5726908203790926 0.16029728342806615
0.5378108117386575 0.1578624782943887 0.17351133840232802 0.13081537156462575
0.19520152534907897 0.0019052877841220228 0.3515057544739961 0.4513874323928029
0.17407204806712828 0.6114912629666461 0.05981837847718652 0.15461831048903907
0.27808553632662203 0.04318656348942107 0.6517048095084569 0.027023090675500017
0.3373039792603426 0.03818531583944007 0.24574218145906657 0.37876852344115075
0.4289059471044482 0.26359606709421124 0.16940587258444761 0.13809211321689296
0.6439524238978356 0.006071360131659653 0.31505369195867794 0.03492252401182683
0.24554984243354894 0.0877251993840813 0.396181082348103 0.27054387583426676
0.37521035127296276 0.0746575709636963 0.39290542249891525 0.1572266552644257
0.2894864355051986 0.3954607473916639 0.16634435759270794 0.14870845951042955
0.11273641347072239 0.09212411347425997 0.7740172652900283 0.021122207764989298
0.3926931406676183 0.11094940688276844 0.07906881394855991 0.41728863850105335
0.4617039357137769 0.2614009325375629 0.09270036453829633 0.18419476721036387
0.45708606951825637 0.06049074953208555 0.133463182581661 0.34895999836799707
0.20083476895972585 0.15787335976039008 0.011466374233746968 0.6298254970461371
0.6089529658169998 0.03440860859520556 0.05469300291861068 0.301945422669184
0.2655983362319444 0.06615370681622823 0.4048952216276873 0.26335273532414005
0.08873803419263016 0.04941788330757746 0.7596549029603118 0.10218917953948059
0.045481568465384314 0.40895862245010783 0.1509308043272588 0.39462900475724905
0.18873588261142438 0.060760785191467104 0.4431304984872457 0.3073728337098628
0.5051374471007245 0.1411748455042211 0.2598142894618185 0.09387341793323589
0.01925511671485103 0.296961468947329 0.18339262823938762 0.5003907860984323
0.1311962092341592 0.1292141760077049 0.28226308791068855 0.45732652684744735
0.16019687452048825 0.043596539813859025 0.3909648105876594 0.4052417750779933
0.4777897521353772 0.4564871929479891 0.03451380266199844 0.031209252254635222
0.38103122674403056 0.14629148143840232 0.134265186546218 0.33841210527134913
0.29676873430731276 0.16797340740169098 0.5342000002524738 0.00105785803852243
0.27721521233652735 0.43085225379742653 0.08242166286522645 0.20951087100081967
0.06544602028998625 0.1482355723806743 0.7388234233788075 0.04749498395053198
0.5627553803778818 0.31799203312981783 0.09532298603627554 0.02392960045602488
0.34834840341597584 0.36931053875190245 0.1949015268610399 0.08743953097108181
0.6828085496193502 0.13048154440314597 0.1577148230005172 0.028995082976986608
0.08258573476868769 0.1929838643106283 0.06903124453804443 0.6553991563826396
0.2508491257873098 0.6907013209857475 0.0538425399614324 0.004607013265510274
0.2927425457625511 0.2073813924093738 0.3299204032116333 0.1699556586164418
0.3247079710938833 0.39125852395312777 0.2700730859166267 0.013960419036362248
0.6001173401093163 0.11195124565541392 0.13355465968099245 0.15437675455427735
0.2613763366468642 0.4756233117175437 0.18545355343460457 0.07754679820098753
0.04920975633489988 0.8758980933782321 0.00412619640180345 0.07076595388506457
0.32222295235194676 0.15324734512757066 0.5163817500198656 0.00814795250061695
0.688316959743038 0.03832296929217638 0.17776299123773043 0.09559707972705522
0.31521503084409075 0.19026305503019703 0.19861206786932128 0.29590984625639094
0.4625367885188232 0.22195423658085467 0.008864034397392917 0.30664494050292923
0.5768119991495879 0.019649668416953037 0.021539356261857545 0.3819989761716015
0.05713460300902695 0.086477521769588 0.7955436030042744 0.06084427221711064
0.3570967475164035 0.582493889743796 0.053512496516224584 0.0068968662235758815
0.3408632429762164 0.02762699750517672 0.4965661336411141 0.13494362587749276
0.5316390522364949 0.10622502055883809 0.2973202379362141 0.06481568926845294
0.19351250766628814 0.11719990669614755 0.3807820242799882 0.3085055613575761
0.13435027437450497 0.3775930849065928 0.2950867524635332 0.19296988825536898
0.37901324152236826 0.0631733544544043 0.3847157637929428 0.17309764023028462
0.26942989118265326 0.350056557517083 0.3639058088062469 0.016607742494016864
0.04905917212119215 0.0525824064554925 0.29763290531462616 0.6007255161086892
0.34675085470817635 0.33059716528407024 0.02782378883486525 0.29482819117288817
0.7803478367384922 0.0397444927097641 0.03142475998754968 0.14848291056419405
0.22912990202758132 0.4089983922393211 0.26212789715420093 0.09974380857889664
0.031066724263415058 0.24472434790604836 0.49653659016805274 0.22767233766248385
0.24473725573165206 0.5344556185192353 0.1717803898336493 0.04902673591546336
0.2537116326210229 0.29575894926087976 0.3800573983544957 0.07047201976360162
0.2758065539982788 0.5134069893167231 0.08571279932349174 0.12507365736150633
0.3045112636953058 0.3702011625868903 0.19206799768408778 0.13321957603371615
0.5510805727250121 0.1617915791599227 0.07713934872423711 0.2099884993908281
0.2905840977853211 0.5625057546113349 0.002426981130826733 0.14448316647251724
0.06037287491829957 0.24921533613829927 0.4605910336688598 0.22982075527454138
0.023491251065060226 0.01278107572950793 0.6122240126787319 0.3515036605266999
0.047706208496565594 0.4750455997341475 0.47465915403141756 0.0025890377378693374
0.13705238465905678 0.30348679445685167 0.10248856174592835 0.4569722591381632
0.02778913215990464 0.037211840182103995 0.06667556340899161 0.8683234642489998
0.09672584836407216 0.2688510459857282 0.21212961221546578 0.4222934934347339
0.379525930770802 0.12593375100601767 0.2556380545920771 0.23890226363110323
0.0752792120967416 0.6267417275849472 0.28242704983886235 0.015552010479448874
0.01727272531182844 0.035303463567645355 0.36221576771103214 0.5852080434094941
0.12238303294629305 0.5266158307629666 0.28813426136828146 0.0628668749224589
0.1933226798911324 0.2464630932865367 0.18438517545948196 0.37582905136284894
0.12393211115936964 0.2674988732468466 0.5369667762210844 0.07160223937269938
0.12024253194369527 0.6008751585737395 0.10361559551211197 0.17526671397045324
0.16657217770061472 0.3759398852750554 0.44062187766714556 0.016866059357184326
0.04010323433090479 0.6355467396597858 0.005930071988316632 0.31841995402099277
0.042693284778339335 0.7768501277827861 0.16787990205303704 0.01257668538583756
0.33559454577637005 0.4077448941133761 0.09435391502728185 0.162306645082972
0.1063561641668227 0.059672971054131274 0.5513732451179723 0.2825976196610738
0.18031423096230903 0.08851836253319534 0.2126944990747116 0.518472907429784
0.16986923199210513 0.032595049616610194 0.5146883928666438 0.28284732552464087
0.003640463270014549 0.548755471652219 0.11855054130146858 0.3290535237762978
0.053806389706302915 0.6387494699435862 0.08443110735265524 0.22301303299745567
0.0331037332842421 0.11127862286053325 0.42758341402696354 0.4280342298282611
0.35158949487996405 0.29451198394014366 0.1863231663544337 0.1675753548254586
0.04198408828964706 0.3530914105759181 0.4087757565443978 0.19614874459003706
0.007862106452541595 0.04375846599879518 0.03471124400370729 0.9136681835449559
0.010315084145431253 0.4986745618985793 0.20348201505202745 0.287528338903962
0.11818482298458877 0.45415327648001436 0.14400405578423903 0.28365784475115785
0.5729097753625723 0.20400492934405756 0.013890034694011955 0.20919526059935822
0.20701305502663914 0.4527738680956981 0.004666716761259293 0.3355463601164035
0.13991477151371756 0.08581214731658504 0.45016721036543295 0.32410587080426445
0.11716666648784235 0.62907795332788 0.07235869487630464 0.18139668530797304
0.052305186394099645 0.07231655771268708 0.3904796544198311 0.48489860147338215
0.05908375703668933 0.3896435536141605 0.5335961953582903 0.01767649399085991
0.08384577446107366 0.4381668778180857 0.077820352346048 0.4001669953747926
0.029214231081925 0.3131277020325609 0.15468343290820497 0.5029746339773091
0.05785964440030311 0.05602048664655623 0.17032111892154134 0.7157987500315993
0.09041975662214607 0.3758317281157152 0.5061529147794204 0.027595600482718363
0.23392680861448523 0.18160489887714792 0.08091501146385882 0.503553281044508
