100 60 4 154.77139620658863 309.54279241317727
5.890644476118689 3.5053244658441653 4.820658316742198 8.602985190879133 1.042469705718753 2.094122087048028 7.036741762541007 8.43267479594543 2.230359307164577 6.17583996484525 9.021897588810376 2.8828190990547062 2.6679539759506756 1.9753920141782961 2.9772774336249297 9.807614062366326 8.30514834180391 2.5474691145933477 8.34602273853256 3.4666637233752926 4.885337652968095 9.460268376601372 8.358844408990546 4.025007551088088 2.5786940836810297 4.355488416609308 1.0511965661731608 3.271837181003564 8.160962576259585 1.137294741217051 6.3895903923564354 6.434240851385682 1.946329168708507 4.43749100448799 1.3282845093331201 9.013704070978681 9.828287713110804 1.5394778993623353 9.014913502556537 6.192113494600296 7.682317201881796 6.671655428278385 6.236579731589001 1.1839521882423085 2.8902391990557454 5.9021639036078275 7.922036539950865 3.256257062245563 3.573061213661782 8.671555790571757 9.775058442459288 8.96367964141995 4.2355705954321206 6.389730512881725 4.1931605049156975 4.061711938335812 2.602728905552244 3.139247877616454 1.4037605421469777 5.548882866722103
1.1781288952237379 0.701064893168833 0.9641316633484396 1.7205970381758267 0.2084939411437506 0.4188244174096056 1.4073483525082016 1.686534959189086 0.4460718614329154 1.23516799296905 1.8043795177620752 0.5765638198109413 0.5335907951901351 0.3950784028356592 0.5954554867249859 1.9615228124732653 1.6610296683607821 0.5094938229186695 1.6692045477065118 0.6933327446750586 0.9770675305936191 1.8920536753202744 1.6717688817981091 0.8050015102176176 0.5157388167362059 0.8710976833218617 0.21023931323463216 0.6543674362007128 1.632192515251917 0.22745894824341023 1.2779180784712871 1.2868481702771364 0.3892658337417014 0.887498200897598 0.26565690186662405 1.8027408141957362 1.9656575426221607 0.3078955798724671 1.8029827005113073 1.238422698920059 1.5364634403763593 1.334331085655677 1.2473159463178 0.2367904376484617 0.578047839811149 1.1804327807215655 1.584407307990173 0.6512514124491127 0.7146122427323565 1.7343111581143513 1.9550116884918576 1.79273592828399 0.8471141190864241 1.277946102576345 0.8386321009831395 0.8123423876671623 0.5205457811104488 0.6278495755232908 0.2807521084293955 1.1097765733444205
0.376252454297363 0.2536894212901344 0.30389942387892166 0.06615870053358097
0.27676506139633517 0.08642294271301465 0.2391086536215158 0.3977033422691344
0.17360800174020508 0.5576927513197175 0.22571184729287552 0.042987399647201885
0.09205560337723862 0.41664328986095533 0.01933633007985347 0.4719647766819526
0.3130664415885097 0.08196949016971988 0.41041460557105014 0.19454946267072026
0.11078790118244575 0.3461912288668201 0.08342544525145057 0.4595954246992836
0.20012360721840317 0.05413391059931494 0.5240316976321304 0.22171078455015147
0.6103281532093938 0.014995604547413777 0.07241114975614837 0.30226509248704403
0.02317813647840361 0.9003186887806838 0.05300330175676793 0.023499872984144687
0.21097841871844636 0.24962320235640378 0.088773640552822 0.45062473837232786
0.3947002866898355 0.10565560998502954 0.025600039554913967 0.474044063770221
0.09043278819643585 0.3124475431827063 0.09773398806381106 0.4993856805570468
0.039998689640650786 0.5423454805761181 0.36113292752595805 0.05652290225727308
0.11004833096656297 0.4139385035217499 0.46865540291465524 0.007357762597031914
0.18327900063057578 0.7596812442844499 0.05597202392818623 0.0010677311567880432
0.1896735289121496 0.2972179534569739 0.10778858653258194 0.40531993109829456
0.20820724019602266 0.15147086240451357 0.21776327022731112 0.42255862717215265
0.3754392475619882 0.1164036627020657 0.23751755076538728 0.2706395389705588
0.11353757521867625 0.3425014823874477 0.19899614839319846 0.3449647940006776
0.13491872253239878 0.3852419645055245 0.44148121673672247 0.03835809622535424
0.29943801894470223 0.0877346088839368 0.3198708678605041 0.29295650431085685
0.07957343897032487 0.3934105515978962 0.33274461686856416 0.1942713925632148
0.49049905188389964 0.24249596795409267 0.22840245766561318 0.03860252249639451
0.16224691874820008 0.25484381683546076 0.007756502341170757 0.5751527620751684
0.035626996553034807 0.2661254169311137 0.5451800661252705 0.15306752039058102
0.2943304412963712 0.13684741100335873 0.5211990007138164 0.047623146986453646
0.263365783050724 0.22950072429454982 0.40088559737493223 0.10624789527979395
0.08226452393202399 0.6023597477606889 0.11178095349349493 0.20359477481379218
0.21134788749712163 0.2740664226872457 0.504251266594916 0.010334423220716649
0.06088456434663547 0.25999716173990073 0.3804447880069799 0.2986734859064839
0.16926890814543094 0.0705232814190413 0.1986009050753711 0.5616069053601567
0.5590558855960195 0.04605614992215956 0.10678762306473666 0.2881003414170843
0.8496073257589813 0.010786865148605385 0.017161351379184175 0.1224444577132291
0.1908360458112225 0.049796775118630454 0.488861523034655 0.27050565603549204
0.13752361490782572 0.2488171793983427 0.43776149495241834 0.17589771074141325
0.23933508209581977 0.5687799307978806 0.1577108023507846 0.034174184755515036
0.13748694797777417 0.09374135607102885 0.7609623854664441 0.007809310484752863
0.33253590652220666 0.30398113473257193 0.12439571830407148 0.23908724044114993
0.017823184026521055 0.5040486137980686 0.4063128836390567 0.07181531853635359
0.21295603224034498 0.20866147682224456 0.378873696506563 0.19950879443084746
0.009933693670982957 0.2653795251239154 0.14604270296165744 0.5786440782434442
0.0491059726975559 0.14341570755442345 0.6126484871153178 0.19482983263270282
0.47969376130167696 0.2071169348527191 0.1531594030473553 0.16002990079824864
0.06043793213558557 0.26092790664661314 0.36134061764610836 0.3172935435716929
0.06913918311155143 0.04046776672096131 0.13356721605491262 0.7568258341125746
0.07664186926890304 0.3907361221764445 0.387066524259709 0.14555548429494347
0.459553670010184 0.0879463311391181 0.37254704170940833 0.07995295714128958
0.30687852974345065 0.2924402509808338 0.3256081626785071 0.07507305659720842
0.05120709286293723 0.3445875170340592 0.23929353785393004 0.3649118522490735
0.1228477519037694 0.6582163307273221 0.047958671069731285 0.1709772462991772
0.1384489237765847 0.5659868734873587 0.21689599625689937 0.07866820647915729
0.546551813367495 0.35112649737477053 0.08478926398472741 0.017532425273007024
0.1854741590544805 0.3690026490174535 0.019999033951404455 0.42552415797666154
0.10956460430560977 0.03887405343717376 0.7908169264093557 0.06074441584786072
0.09849288379186216 0.14599804551429751 0.13958852973525449 0.6159205409585858
0.10686550466855071 0.34886354632954775 0.0640226567131088 0.48024829228879273
0.06066969591495719 0.44114389777057395 0.09718943120296974 0.4009969751114991
0.18106714116610723 0.28170638252845837 0.14588552144525524 0.39134095486017917
0.4553549670732038 0.11275376777229207 0.22858150403586575 0.2033097611186384
0.7728028218089087 0.03943345615387939 0.014139328758724035 0.1736243932784879
0.14260031444628352 0.4502050865296031 0.35357447983321466 0.05362011919089871
0.20434527686864423 0.0421906043349054 0.1412303991230811 0.6122337196733693
0.3403852228374361 0.2575884614914846 0.36863601015840286 0.03339030551267641
0.08846017300289077 0.37503784593425693 0.5286600175733805 0.007841963489471748
0.3355964417185683 0.2984402412437068 0.1203123116200785 0.2456510054176464
0.2967937508800147 0.015846546995728406 0.34629977235045384 0.34105992977380306
0.6411012587007017 0.016523546828282054 0.12197359308176592 0.22040160138925036
0.30900034852440217 0.550617947204663 0.12278953388048452 0.017592170390450357
0.16074454850708164 0.005949582691776478 0.7868557186806758 0.04645015012046605
0.2718308491769721 0.08869440163763609 0.33563631400877714 0.3038384351766147
0.0013990231190438296 0.4907679467821061 0.22390402066318615 0.2839290094356639
0.27356292002744065 0.08073538007887993 0.09087832872481771 0.5548233711688617
0.026544641333941965 0.2565957183858776 0.7077524432050075 0.009107197075172935
0.17314990980873102 0.4913315361552091 0.3286359265171047 0.006882627518955187
0.2418600859762523 0.14498533594153795 0.19584839323210845 0.4173061848501013
0.3095898177667046 0.10118085525860543 0.30581542010302987 0.2834139068716601
0.3213319320088136 0.12037588755992934 0.009550804493091425 0.5487413759381656
0.34373953523538436 0.42635023768431113 0.1289865418740157 0.1009236852062888
0.13302868937357504 0.02670754078493509 0.5513017630519874 0.28896200678950246
0.2182722577281544 0.6193434871336554 0.14145460062205906 0.020929654516131158
0.2508340198317248 0.6060615085732909 0.0030800285406473726 0.14002444305433692
0.2529805046497241 0.4102965423664041 0.06948355799958694 0.26723939498428484
0.6321920644327551 0.2702174388152111 0.051395230919696555 0.04619526583233724
0.40588132236756125 0.2897097059245126 0.16252319775935586 0.14188577394857027
0.07019911390868883 0.42219353308989327 0.4872310340315881 0.020376318969829832
0.5923975029889863 0.0038360155293548637 0.21434024001112995 0.1894262414705289
0.3192704571895012 0.22301015634629462 0.011740576235910405 0.4459788102282938
0.48829316680509927 0.14734354302029928 0.31911079560541034 0.045252494569191115
0.02841185671325175 0.3832362814645812 0.5550447824051348 0.03330707941703226
0.0251715638848119 0.04835549798076222 0.03787925483847909 0.8885936832959468
0.19005270791973705 0.437633571581317 0.2032174851029207 0.16909623539602525
0.5592172832680401 0.145203125020817 0.15387451703792043 0.14170507467322246
0.2544665354944545 0.18066365459777123 0.48462516905784403 0.08024464084993022
0.4126407675387943 0.2933787524173679 0.14530490687683317 0.14867557316700464
0.5252117866139705 0.06566900412095422 0.2173896171566836 0.1917295921083917
0.06368112422046845 0.7161146800124664 0.08746460887549579 0.1327395868915694
0.28575198481557174 0.30393346388795506 0.08875525566795905 0.32155929562851415
0.046527167666138625 0.5553214384657539 0.34270418489516485 0.05544720897294264
0.18167941079661343 0.00839276533755906 0.30574980976949795 0.5041780140963296
0.0547173770819418 0.38255146436572185 0.4221674699972474 0.14056368855508894
0.14333587216899957 0.5744041323743369 0.07202567479267019 0.2102343206639934
0.012625830357479995 0.3011894029601553 0.25218515166745825 0.43399961501490647
0.3676567217785285 0.08650683067247689 0.2726473526007014 0.27318909494829324
0.09095116720087482 0.0017686999701667094 0.5880159000595961 0.31926423276936233
0.16905576511943454 0.4714056770365953 0.23245851959023534 0.12708003825373482
0.21038644476715873 0.5655627746362138 0.01296557769984541 0.211085202896782
0.4809727659278811 0.11800638955307208 0.1872757073344593 0.21374513718458754
0.5043734512337575 0.03697952911535507 0.4291978216811062 0.029449197969781182
0.028463806171351802 0.2015053590776813 0.568776107306306 0.20125472744466089
0.2202125178336386 0.06527930986640085 0.21917398489663964 0.4953341874033209
0.6939164454759088 0.08412010685806914 0.16498207970221346 0.056981367963808593
0.0656092254275048 0.19832176366736587 0.1052862406430124 0.6307827702621169
0.27197820430902153 0.24088806378476613 0.13430106373461148 0.35283266817160086
0.030304170594405044 0.3164499595817989 0.031572865485266166 0.6216730043385299
0.5808627476668515 0.08061822610683345 0.003942714145776294 0.33457631208053873
0.03866652012956684 0.25756759773619076 0.2520203895982299 0.4517454925360125
0.0004867594752598903 0.5012393622163545 0.44811081745823056 0.050163060850155095
0.6475821773323257 0.02442050645981786 0.03227041144282372 0.2957269047650327
0.5853103927119501 0.15314113781954442 0.21568678400300068 0.04586168546550484
0.029956597665086293 0.49182079595123396 0.4055137799358298 0.07270882644784993
