43 50 4 141.4719971030488 282.9439942060976
2.0354910975080105 6.481598853515333 2.2005186776738945 3.165306579688139 3.944251502300258 8.73223741853738 6.994811917882232 5.870459910550634 1.2611244198192435 7.603734666522547 4.554550165879053 8.218424067657999 3.2897901327389136 1.5119644298603663 8.799837768092802 2.989260962959342 4.644905032425337 3.8448682391638784 1.6899642999680253 8.58902224806734 8.640452329703752 9.743185822918491 4.468392229556243 9.590393125977986 5.01182524755747 7.0275218654962694 1.7425004472743986 9.073887219833809 3.6820315061988644 3.360743403367433 1.0461659415801126 5.888822637523654 5.280367303065279 6.727363098143703 9.803837206738056 9.17796482047979 9.19137768202141 5.727301039964309 1.936170548692866 2.628231357321109 9.577361988880675 4.707576850477228 8.785154085464637 7.049595515285585 6.6590721629394505 3.480028989840569 9.070725427667764 2.862022342090287 4.639647187678668 9.942152431546932
0.4070982195016021 1.2963197707030667 0.4401037355347789 0.6330613159376278 0.7888503004600516 1.7464474837074762 1.3989623835764464 1.1740919821101268 0.2522248839638487 1.5207469333045094 0.9109100331758105 1.6436848135315998 0.6579580265477827 0.30239288597207326 1.7599675536185604 0.5978521925918684 0.9289810064850673 0.7689736478327757 0.33799285999360507 1.7178044496134681 1.7280904659407503 1.9486371645836982 0.8936784459112486 1.9180786251955972 1.002365049511494 1.4055043730992538 0.3485000894548797 1.8147774439667619 0.7364063012397729 0.6721486806734867 0.2092331883160225 1.1777645275047308 1.0560734606130557 1.3454726196287408 1.960767441347611 1.835592964095958 1.8382755364042818 1.1454602079928617 0.3872341097385732 0.5256462714642218 1.915472397776135 0.9415153700954455 1.7570308170929274 1.409919103057117 1.33181443258789 0.6960057979681138 1.8141450855335528 0.5724044684180574 0.9279294375357336 1.9884304863093862
0.560663169443735 0.1663248225242535 0.008739089539132272 0.26427291849287926
0.20608185091330178 0.403478020345744 0.060585293443336075 0.32985483529761817
0.14447837842282873 0.5114844494010251 0.13977603699219032 0.20426113518395583
0.31026952684458975 0.2778345158137864 0.15966656913448696 0.2522293882071369
0.6952608669550929 0.20441275241231982 0.04396880881687837 0.056357571815708885
0.4813033334553166 0.11314585336311411 0.40424905907825626 0.0013017541033130131
0.005083284699214041 0.0586372836181005 0.8064609087172749 0.12981852296541052
0.18471295754908879 0.7011865379987846 0.06841998764816493 0.04568051680396168
0.044704402435746915 0.05864810844240753 0.3399601838508296 0.556687305271016
0.2152285149871862 0.5368111713788388 0.18951455739229195 0.05844575624168302
0.3941979979597263 0.15806614905167726 0.37022533676163694 0.07751051622695948
0.4326980795636002 0.0519884100400263 0.15968400701018715 0.3556295033861864
0.007309493723924754 0.7376476318083048 0.22429837829882626 0.030744496168944146
0.060363544351553666 0.3533219903817827 0.49176544958013724 0.0945490156865264
0.2921975442760082 0.2919432864375786 0.23071105553703086 0.18514811374938234
0.1815347567293506 0.19702058272221923 0.10835083678051649 0.5130938237679137
0.21449782034691445 0.293903111799492 0.3295295965233105 0.16206947133028304
0.0022395771533531006 0.6716936738542687 0.15285182121479135 0.17321492777758685
0.3692853070430535 0.11021971439761435 0.47277803133772833 0.0477169472216038
0.08164113622514768 0.8056494554353557 0.07536734605520778 0.037342062284288824
0.4452131001322439 0.04080242392762734 0.4874234740219723 0.02656100191815647
0.44706112349741334 0.1790102041326288 0.3458475322166502 0.02808114015330765
0.09145020235766321 0.12013080404860432 0.13872497582158494 0.6496940177721475
0.6010594411321879 0.10247970499940406 0.1230392552139995 0.17342159865440854
0.08837381961170587 0.4583233670048872 0.4223698755231805 0.03093293786022644
0.4686165581275846 0.38186913192574756 0.13881775363212634 0.010696556314541472
0.10690220488046798 0.5082450026081042 0.07742918999685278 0.307423602514575
0.1734633597648233 0.15332634525995914 0.15259750506701242 0.5206127899082051
0.08594221175006189 0.11748092407161814 0.37373323360742816 0.4228436305708918
0.038974173914759436 0.17795579730711153 0.6606801263389215 0.12238990243920755
0.4101943985665063 0.10622457921287631 0.009074305387635317 0.47450671683298207
0.005431306395287883 0.19298537234044189 0.6338003256272321 0.16778299563703813
0.2641719373840786 0.3169779808450308 0.3156709485758996 0.10317913319499095
0.023602193184371068 0.4224299634414522 0.2569786236396626 0.2969892197345141
0.27669297993327013 0.5127649279795449 0.11844977659148792 0.09209231549569707
0.16441716047206212 0.15987070487773936 0.11247652049806134 0.5632356141521372
0.2712645315363219 0.2603430324407434 0.005437340186495776 0.4629550958364389
0.07022879894549428 0.12858362208301855 0.5945020757299426 0.20668550324154455
0.008865909730762511 0.8020364394155179 0.08225802534670901 0.10683962550701054
0.5046790159045362 0.07839151566190017 0.22674305878231205 0.19018640965125155
0.2356536472419556 0.20284965404009425 0.21159576106826883 0.34990093764968133
0.10689029607493195 0.4466991780296491 0.2412384193599224 0.20517210653549656
0.07660902741195175 0.4519150437679823 0.45505099827355366 0.016424930546512284
0.30797919859265654 0.39724115296597906 0.05807900891421991 0.23670063952714449
0.0654917229489771 0.6568939081951114 0.27297066744902676 0.004643701406884748
0.09338953694699603 0.3964746788345622 0.48925357979208783 0.020882204426353912
0.43344703467126333 0.3213780897695723 0.1880853482483994 0.057089527310765
0.14357901685861363 0.5724314707390209 0.26372990925792095 0.020259603144444527
0.053970145435644046 0.10894573383004524 0.4482416255603011 0.3888424951740096
0.28818262021176755 0.39265933007051135 0.20677569849904498 0.11238235121867612
0.39919688590407476 0.012058603182560468 0.033805923403047444 0.5549385875103173
0.1991614766227019 0.3408729875589541 0.16468114369888542 0.29528439211945856
0.2903327777707566 0.009283998036268226 0.10433989117344467 0.5960433330195305
0.24339801628096225 0.0019452366823975442 0.4748033948908631 0.2798533521457771
0.10274277857321168 0.09583710586310223 0.3047597484564679 0.49666036710721817
0.024168624980544617 0.26725406469306334 0.6739858920036553 0.03459141832273671
0.5696243989430589 0.04165319072696272 0.2723238753038676 0.11639853502611075
0.2550462803347965 0.17963204075200878 0.3051854987166689 0.26013618019652585
0.31162746930915075 0.17848219175991176 0.12682731475183262 0.38306302417910487
0.7154990865280647 0.061396280180704754 0.12807581392448109 0.09502881936674945
0.5981881365821267 0.23077314235701518 0.0159366086377144 0.15510211242314376
0.12826034157607324 0.07644587459458196 0.48944091957629565 0.30585286425304914
0.10561720640258265 0.22887178515034967 0.366486697880372 0.29902431056669565
0.016025917932118938 0.10472625258366852 0.6054595032449877 0.2737883262392249
0.5227976163272436 0.07352936384962205 0.13227707003168576 0.27139594979144854
0.07013593446323718 0.007421871031733751 0.39063610057495424 0.5318060939300748
0.09465689421443624 0.23719484061684182 0.02326073556948638 0.6448875295992356
0.025962269231945 0.8984554820824215 0.07039682879184184 0.005185419893791621
0.15913749655398135 0.006932676990515474 0.7684898103257779 0.06544001612972528
0.3194050602856374 0.13455705432824472 0.5434104857346064 0.002627399651511486
0.04474569544182738 0.2765458929921858 0.6774269478748725 0.0012814636911143706
0.6619712408858358 0.008678529325414908 0.039525029585805505 0.2898252002029438
0.5024364776431564 0.08729453256647146 0.20534462478993565 0.20492436500043654
0.16003461073905834 0.011593065178880146 0.16107395257457968 0.6672983715074818
0.3275349776987574 0.5031756269435808 0.13277851913724248 0.036510876220419375
0.4936927425283941 0.06526006357220904 0.36012428095539206 0.08092291294400478
0.35473485179661235 0.5440022395650429 0.0933087230474845 0.007954185590860252
0.0461680577085708 0.30962636860392156 0.3031836984903914 0.34102187519711624
0.2964456118515941 0.3557141254013658 0.029642399162233102 0.31819786358480695
0.02226974834023565 0.434444041286821 0.08244339625645114 0.4608428141164922
0.5442262757088847 0.27529553119583183 0.06683055261894011 0.11364764047634335
0.05274634353341923 0.5414346481065103 0.18112328747251016 0.2246957208875603
0.04401325478638207 0.20796019406181776 0.3054750849762118 0.4425514661755884
0.4250691522964457 0.14758522525155437 0.14210119237659136 0.28524443007540856
0.40742853465844164 0.5369910077798641 0.0474786900497316 0.008101767511962676
0.032586123724061555 0.5237154751126765 0.06726378072886496 0.376434620434397
0.39297331949182535 0.2744976652034422 0.3043387108718135 0.028190304432918922
0.06259572079291453 0.07788490778946522 0.3033680462014705 0.5561513252161497
0.18253547642120083 0.4349155998302583 0.2593792063968249 0.123169717351716
0.5786960248673311 0.2048053259218351 0.14446171288654552 0.07203693632428831
0.2824408442832903 0.14571225593892867 0.5167494944056784 0.055097405372102615
0.10280014070070342 0.24809926075280475 0.049725871717140935 0.5993747268293509
0.32840069292610696 0.09759412457871863 0.4687292614076085 0.1052759210875659
0.04342365441727358 0.3779894658038784 0.37614507753702775 0.2024418022418203
0.05202584378358999 0.599220360765933 0.052536217007665975 0.29621757844281105
0.3499251162543665 0.23212939379269304 0.22388857005641916 0.1940569198965213
0.16413719409901262 0.49162656736358 0.30566157048816156 0.03857466804924581
0.6555132857187057 0.11422746343749601 0.0407731403237086 0.18948611052008968
0.18935650785356173 0.07219604161565296 0.227195463804035 0.5112519867267503
0.04126169124479906 0.05269766990848612 0.15806262876481736 0.7479780100818975
