85 60 4 162.9448302374489 325.8896604748978
6.583364330979304 5.580577617808663 3.6842035758285583 6.884188411533362 3.4615588091703993 5.708134705150308 4.359247678893491 4.323507342159129 7.612242412685536 6.837749880807694 9.332170607609392 3.0443332915441097 4.649974783363562 8.953126663606893 2.8801100399967217 2.9240853639171505 3.55096316239917 5.07815955113373 4.038142481657352 1.1056353832251342 4.572521855712626 7.202280791375718 8.516829752961383 3.842096370393186 7.472701995813897 5.544908707154223 4.307429796465081 2.6466476543238677 5.829932447310805 1.2844898403252207 6.387329279409229 7.984854452098324 3.013520765556634 6.6364560181769 4.710880954686588 6.589653154517656 3.1562176731111826 3.7653153587029218 3.3246339797585263 1.8438878974899269 5.7173452582260476 8.800767650003527 4.77669162296492 2.978956653933391 9.906278232377366 1.9033218781581096 1.0147589302857536 6.43357669770288 9.803449479763902 7.03658932197781 6.610976395242616 3.8060058295845183 8.360640666610106 1.7166121120845776 8.783437325891885 7.289870394131997 7.287119246801975 9.59049984376959 8.943823387184153 5.9048747093892135
1.3166728661958609 1.1161155235617326 0.7368407151657117 1.3768376823066724 0.6923117618340798 1.1416269410300617 0.8718495357786982 0.8647014684318257 1.5224484825371072 1.3675499761615388 1.8664341215218783 0.6088666583088219 0.9299949566727124 1.7906253327213786 0.5760220079993443 0.5848170727834301 0.710192632479834 1.015631910226746 0.8076284963314704 0.22112707664502684 0.9145043711425253 1.4404561582751436 1.7033659505922767 0.7684192740786372 1.4945403991627795 1.1089817414308445 0.8614859592930163 0.5293295308647735 1.165986489462161 0.25689796806504417 1.277465855881846 1.5969708904196647 0.6027041531113267 1.32729120363538 0.9421761909373176 1.3179306309035312 0.6312435346222365 0.7530630717405844 0.6649267959517052 0.3687775794979854 1.1434690516452095 1.7601535300007054 0.9553383245929841 0.5957913307866782 1.9812556464754731 0.3806643756316219 0.20295178605715072 1.286715339540576 1.9606898959527803 1.407317864395562 1.3221952790485232 0.7612011659169037 1.6721281333220213 0.3433224224169155 1.756687465178377 1.4579740788263993 1.457423849360395 1.9180999687539182 1.7887646774368307 1.1809749418778428
0.6816976657513556 0.1412629806184318 0.0889621383241953 0.08807721530601731
0.37457063867703355 0.234864654642164 0.1732976932045336 0.21726701347626887
0.368499092059986 0.16948650549116895 0.05792171567619908 0.404092686772646
0.0941653509822915 0.4646398984620346 0.4020983300199118 0.03909642053576212
0.06053018611847594 0.2827149258360382 0.06591457307337056 0.5908403149721153
0.14607977173094322 0.6852908472428118 0.11166597417085389 0.05696340685539114
0.2437226950629785 0.45803066640852874 0.1804139714213735 0.11783266710711926
0.1966079223238475 0.17384134234327708 0.06788778954318242 0.561662945789693
0.39964827064113173 0.04669121941752874 0.33868045196152374 0.2149800579798158
0.6036267039569995 0.15624836562638078 0.17284220371258652 0.06728272670403324
0.09219302487950909 0.2534344138152834 0.21504071571222616 0.43933184559298133
0.29193904174846086 0.12727405423628146 0.2424233900405972 0.33836351397466047
0.24037664941773051 0.10866694869710902 0.2699121560431187 0.3810442458420418
0.44075762195152934 0.03781430452941992 0.2635951056682969 0.2578329678507538
0.11533146236810088 0.4871826125865548 0.035535315992533234 0.36195060905281107
0.040770408338104636 0.8113707862449222 0.023358633172795185 0.12450017224417798
0.11009334712060348 0.14161749398875834 0.1389157161366983 0.6093734427539399
0.20659938310932346 0.03792374973259338 0.18416697953233152 0.5713098876257516
0.20207296219870985 0.41100392078533476 0.12683666256096582 0.26008645445498957
0.19840468191116545 0.538927921099873 0.10272775677009893 0.15993964021886264
0.2913536347698955 0.005193317545029941 0.42108455458788163 0.2823684930971929
0.15569263863760063 0.33560810353462933 0.30622169679252376 0.20247756103524628
0.3321348390665497 0.2736944150961922 0.17378572049127605 0.22038502534598203
0.1089143463263832 0.6047197909059528 0.1869808813963183 0.09938498137134566
0.11129686620294832 0.09483399310467788 0.1888685431236612 0.6050005975687126
0.5287508695642245 0.27672194239019365 0.172253498181142 0.022273689864439894
0.018811247585117097 0.18103062458963326 0.12144069597312013 0.6787174318521295
0.4439277085941712 0.43941541637559745 0.10272532977817239 0.013931545252058974
0.5182742899128753 0.22309283094562526 0.24844020630556307 0.01019267283593639
0.3611003911547035 0.20369588986600706 0.15441241480840162 0.2807913041708878
0.16147954806837073 0.03214407128025876 0.5614723871696139 0.24490399348175662
0.05572433860713588 0.49859813890154214 0.21001101312081782 0.23566650937050415
0.24621028211535811 0.14674939678244336 0.04415563175314696 0.5628846893490516
0.6188040099098727 0.20488528480898582 0.05356559200445132 0.12274511327669013
0.43675165469684674 0.20787794019471506 0.15881970214975627 0.19655070295868193
0.22701940305685653 0.2263692434347323 0.23379305163691588 0.3128183018714953
0.637090000990614 0.11083246185457685 0.23649114207069266 0.015586395084116522
0.22439752015850634 0.4509396742999201 0.25651330195639843 0.06814950358517513
0.3513897591488131 0.2276054680865668 0.2396667065478476 0.1813380662167725
0.8312784449935127 0.06669522262836836 0.016468501298318783 0.0855578310798002
0.27817395587716887 0.13122307993323168 0.03493280105085639 0.5556701631387431
0.048308040689552856 0.6752982266569985 0.04752176383756901 0.22887196881587968
0.23474652863169387 0.5802669008820281 0.02872889124730682 0.15625767923897116
0.004778405056638513 0.6434921955591202 0.26121712095836036 0.09051227842588094
0.10383492052154664 0.09561851407828481 0.03211198484062494 0.7684345805595436
0.010924063183853194 0.8712616596712731 0.03432888626178476 0.08348539088308893
0.3469633166674081 0.48661196984317967 0.025193222463834486 0.14123149102557775
0.06500974505024282 0.3217591593726453 0.1430295104449142 0.4702015851321977
0.04324077998893816 0.465004369870924 0.4694070892935297 0.022347760846608167
0.13496429165726787 0.2868042177702431 0.2697187742366116 0.3085127163358774
0.2246280927879476 0.2077987610781621 0.3414539869590485 0.22611915917484182
0.1894855231073156 0.30461821059768746 0.31603407667792327 0.18986218961707368
0.0735722715711743 0.32137143521590883 0.3727487235968354 0.23230756961608146
0.04864572169504355 0.6137816588619139 0.2815856146579453 0.055987004785097216
0.41129268577261147 0.3418124099186727 0.1824288889065797 0.06446601540213615
0.1730766613552155 0.26452785981063265 0.41044855329283336 0.1519469255413185
0.31798380382662483 0.39887597877336844 0.16567987460629385 0.11746034279371287
0.7881385248907175 0.010743437504573627 0.16583841126477006 0.03527962633993886
0.3509852631338861 0.2520540275281258 0.30668350169226344 0.09027720764572467
0.37082194987474315 0.17328847324153396 0.04301345514288413 0.41287612174083876
0.0896839695388787 0.10312519655922547 0.6683550943290276 0.1388357395728682
0.13752093335118898 0.08414068778354888 0.3113755687722384 0.46696281009302376
0.07773425813959045 0.03474372498741274 0.2951931086958133 0.5923289081771835
0.1313395181528637 0.54516147297809 0.24756773622545736 0.0759312726435889
0.45800351010186013 0.4156075045074171 0.09980386820644227 0.02658511718428047
0.02105608163849859 0.22612294922505394 0.08881708142762446 0.664003887708823
0.11462273031995884 0.4618275318444509 0.187296939664491 0.23625279817109923
0.28307331262117086 0.033778434075614316 0.3032625235218257 0.3798857297813891
0.25003779367987544 0.1676488807698855 0.15154724478796866 0.4307660807622704
0.02968835534866432 0.09276684041984018 0.13740040452723223 0.7401443997042633
0.19562057687895607 0.15537043429493602 0.27765156481566866 0.37135742401043925
0.012734960997164757 0.18504503225186308 0.11896202480354956 0.6832579819474226
0.040315853126753676 0.21127030623763576 0.5768963919805749 0.1715174486550357
0.1329278267554579 0.039740458998059225 0.35654170047743683 0.47079001376904606
0.05404149869187058 0.3126614696421893 0.19421185235866423 0.43908517930727586
0.4212978778277332 0.11429293274489327 0.4150873003527732 0.049321889074600334
0.8146670393824108 0.0345852919923737 0.003012570482712751 0.14773509814250274
0.25572027856132673 0.06206939456305571 0.13687526365493996 0.5453350632206776
0.013454257446630202 0.17977396647115018 0.4335498071976035 0.3732219688846161
0.14466132349845173 0.1862353847476137 0.5705438505996054 0.09855944115432913
0.3075196886653362 0.08256199483169624 0.06059032093071404 0.5493279955722535
0.008716458393418614 0.22007729279820343 0.4711229460728935 0.30008330273548445
0.22039498960800807 0.0797200052347592 0.2892709595195061 0.41061404563772663
0.27030438282874114 0.10598938177879913 0.262646019936549 0.3610602154559107
0.426363626944675 0.20280041890760003 0.006231219186345949 0.364604734961379
0.4586704212747337 0.14904774546645772 0.24969922662054944 0.14258260663825917
0.030563194913985292 0.15993529508882054 0.24858869394532168 0.5609128160518725
0.5091243708466819 0.3013180032609982 0.027681993733028043 0.1618756321592918
0.2391315093982449 0.13065814724860492 0.1275981124015978 0.5026122309515524
0.5422348216766972 0.2711728173329082 0.0495159330777275 0.13707642791266705
0.34817561395936947 0.3531404334890458 0.19154438188619682 0.10713957066538793
0.3499402834964984 0.11435728108373844 0.23986627120655057 0.29583616421321257
0.27946327273134264 0.2759794197955163 0.2994576730105625 0.14509963446257856
0.22304485619302816 0.1970897457316214 0.4314127460757735 0.1484526519995769
0.1612040698710866 0.34187698662350063 0.007525342242031274 0.4893936012633815
0.12966797299067045 0.06365438696523518 0.0599167690293102 0.7467608710147842
0.5034102908248604 0.16487728543738778 0.0538846616070795 0.2778277621306723
0.01485995055120104 0.534743492492772 0.14535177908677055 0.30504477786925643
0.06887755583193511 0.2758759248634777 0.6330339772074253 0.022212542097161947
0.31517972963252583 0.11672306503572383 0.5013797811368597 0.06671742419489068
0.5119394718078706 0.04527387562156704 0.005600299057682334 0.43718635351288004
0.047265286807233076 0.20374873224371448 0.34928129559155396 0.3997046853574985
0.47387206468684007 0.039800892260471676 0.02195548309364903 0.4643715599590392
0.19738404015041766 0.11267327616867961 0.27657320477247527 0.41336947890842746
0.4519671828138696 0.10330365814784503 0.042517750161366274 0.4022114088769191
0.32966571486134233 0.030711501267432384 0.5895185394253889 0.05010424444583639
0.18907742694221297 0.14421385360430994 0.26148164514558336 0.40522707430789373
0.13394361287375323 0.3637754923202564 0.4994984279491034 0.0027824668568869892
0.38901744849990993 0.17166802423768812 0.10291973280922961 0.33639479445317233
0.03134550589495799 0.5644213625163246 0.04270723799877829 0.36152589358993914
0.23263622751900415 0.027670080055196333 0.4248942873469287 0.31479940507887083
0.2783398681700008 0.26277048594450836 0.19038886980345138 0.2685007760820395
0.005954883032961322 0.19302982595992013 0.2760183862922778 0.5249969047148407
0.05627205532860913 0.07832447954326871 0.7509296678518086 0.11447379727631357
0.5862063021515876 0.04119578110566091 0.13311237944147558 0.23948553730127586
0.02539156453072744 0.6533405202572516 0.0024258284490077386 0.3188420867630132
0.141116046556644 0.057458921419846876 0.17029198779935717 0.631133044224152
0.3663920576298304 0.056363128944127205 0.22057163264689827 0.3566731807791441
0.21992597640896594 0.5426913309177959 0.060242228134850584 0.1771404645383876
0.20431936491713376 0.35485061784210337 0.12372754039302114 0.31710247684774173
