52 10 4 27.108220138984855 54.21644027796972
8.407993066388126 1.235061834128806 2.8969357593816456 6.565795924146492 1.8845601880320926 6.58118178889173 1.485011976385994 9.645886520238147 9.823864367935661 5.690148852441014
1.6815986132776253 0.2470123668257612 0.5793871518763292 1.3131591848292985 0.3769120376064185 1.316236357778346 0.2970023952771988 1.9291773040476294 1.9647728735871322 1.138029770488203
0.6365533448355478 0.1284019497812714 0.0038500117069234507 0.23119469367625733
0.3684555913246884 0.012040088658701431 0.5456078915434417 0.07389642847316846
0.20131683134279676 0.12357388229402644 0.417383235213557 0.2577260511496198
0.4453774958910275 0.0652387390980309 0.27578620342070936 0.21359756159023224
0.07874907332177594 0.35563957155120385 0.4272520734001909 0.13835928172682932
0.3348156564151846 0.11601105341626539 0.04690078634639949 0.5022725038221505
0.1228875539702794 0.597316618428161 0.06718111923835246 0.21261470836320717
0.37451251076585956 0.09743494348900694 0.22254597021012867 0.3055065755350048
0.4542809790228073 0.18429570041571042 0.10549072349890387 0.2559325970625784
0.20178386343344057 0.48824248514665236 0.20115164067630031 0.10882201074360676
0.41768557955972274 0.0055161708523089326 0.3415551978572182 0.2352430517307501
0.09495426388360773 0.5869722209887906 0.17698337048042168 0.14109014464717995
0.41511218614249124 0.24279668144413447 0.1505790456567203 0.191512086756654
0.3949396379041129 0.3481272726061022 0.053092630991809386 0.2038404584979755
0.020022559117985117 0.22603538655493116 0.2415873123437633 0.5123547419833204
0.04742287434525816 0.8113511297827464 0.042816027022432035 0.09840996884956343
0.15743374693326317 0.3818215764449757 0.12568373445085568 0.33506094217090543
0.425568262771457 0.1022181821383148 0.3729010588204965 0.09931249626973171
0.5943246846083065 0.32145173208842237 0.01370938514327702 0.07051419815999416
0.058868078357722564 0.261465127832916 0.402728560463845 0.2769382333455165
