28 20 4 58.328609976232 116.657219952464
7.561123680602072 6.05115642094877 2.1247038280831685 4.578331318301054 8.031773856461285 5.598936834878018 2.644240225742425 8.681615877239675 9.598347033713283 9.85792121426601 2.7343087644463147 9.737155912331955 3.113275191412986 1.237184636588836 9.514543087872601 9.29552366818852 3.645781910307825 2.4964633197912183 4.558805558491835 5.596027612796165
1.5122247361204144 1.210231284189754 0.4249407656166337 0.9156662636602109 1.606354771292257 1.1197873669756038 0.528848045148485 1.7363231754479351 1.9196694067426567 1.971584242853202 0.546861752889263 1.947431182466391 0.6226550382825973 0.24743692731776717 1.9029086175745202 1.8591047336377042 0.729156382061565 0.4992926639582437 0.911761111698367 1.119205522559233
0.30803722849072956 0.522032177160363 0.0008189045617688073 0.16911168978713864
0.3325788051937316 0.39277625445418907 0.04847649894093253 0.22616844141114678
0.07309577476596008 0.6921757612488956 0.07584653176261102 0.15888193222253333
0.039303182169226236 0.21187943175645707 0.4238959313527365 0.3249214547215802
0.5333830445968283 0.16537226948496875 0.1970232246719169 0.10422146124628606
0.6103815784059902 0.15288409150636129 0.16662190525664222 0.07011242483100633
0.10681001127994949 0.47217324085303636 0.2542507175505666 0.16676603031644754
0.7262486705180046 0.016387592040433163 0.25449137833806446 0.0028723591034978124
0.7005459100771145 0.16747018233076316 0.10330900721455194 0.028674900377570367
0.046459090146250936 0.2841479157136325 0.03440757584982812 0.6349854182902884
0.2616993719297237 0.09248194594424852 0.26905994286875656 0.3767587392572712
0.7374077018652834 0.038070855684751104 0.0446467760701561 0.17987466637980942
0.06125105420094468 0.32087856395968806 0.03337633432869547 0.5844940475106718
0.38187252227519464 0.001759583926356889 0.059719700384695096 0.5566481934137534
0.16996923167825784 0.0632460136384213 0.3615848166082367 0.40519993807508414
0.03229214935934144 0.14931226341661963 0.32478715576799033 0.4936084314560486
0.36861752031667094 0.23626598980897173 0.20457209246518493 0.1905443974091724
0.03305478887490143 0.05026633686124149 0.7732165245452771 0.14346234971857996
0.0046106436381342375 0.36573988538078983 0.3763495627541049 0.253299908226971
0.18912247948386984 0.267646481391297 0.18060450478103385 0.3626265343437993
0.42956883359193765 0.1328247378808448 0.4345357196118499 0.003070708915367648
0.0910081263870145 0.058375604113361845 0.8057627038172105 0.044853565682413166
0.1455396676526015 0.30162308327625076 0.33462216713564497 0.21821508193550276
0.13170218598547412 0.5243208910049866 0.3323953070411626 0.011581615968376702
0.05917524354882453 0.1027494273010634 0.4652500956227059 0.37282523352740615
0.1562820815836775 0.1607030161834676 0.18082542214552777 0.5021894800873271
0.22996942738199455 0.44373095349920033 0.20214899294681787 0.12415062617198724
0.27530634180429314 0.009425610728896916 0.20633839222682637 0.5089296552399836
0.04888569362356843 0.11337600972091888 0.4896832062966947 0.348055090358818
0.19730087634233162 0.3334701300746866 0.22187394039138275 0.247355053191599
0.30446975041422886 0.21020431088911629 0.3370654242564347 0.14826051444022015
0.8555524109733382 0.009668534877411594 0.03033103720340047 0.10444801694584971
0.24213480168928625 0.36927225795437635 0.2061090475365145 0.1824838928198229
0.02552222740561172 0.6046274566385933 0.3486907969310886 0.021159519024706364
0.4145711082641804 0.36467734718160505 0.13162162245452147 0.08912992209969306
0.22840922120522034 0.014146997118902216 0.19607698315495747 0.56136679852092
0.4623536696988586 0.05693479847691518 0.03809017119734914 0.44262136062687707
0.39902017750242713 0.08414617711734784 0.3645901874438334 0.1522434579363916
0.7181202822190859 0.04606812701685159 0.0947304144478156 0.14108117631624695
0.497620392610885 0.26219565529984057 0.18795606784146335 0.05222788424781111
