85 30 4 75.9056576526528 151.81131530530564
6.583364330979304 5.580577617808663 3.6842035758285583 6.884188411533362 3.4615588091703993 5.708134705150308 4.359247678893491 4.323507342159129 7.612242412685536 6.837749880807694 9.332170607609392 3.0443332915441097 4.649974783363562 8.953126663606893 2.8801100399967217 2.9240853639171505 3.55096316239917 5.07815955113373 4.038142481657352 1.1056353832251342 4.572521855712626 7.202280791375718 8.516829752961383 3.842096370393186 7.472701995813897 5.544908707154223 4.307429796465081 2.6466476543238677 5.829932447310805 1.2844898403252207
1.3166728661958609 1.1161155235617326 0.7368407151657117 1.3768376823066724 0.6923117618340798 1.1416269410300617 0.8718495357786982 0.8647014684318257 1.5224484825371072 1.3675499761615388 1.8664341215218783 0.6088666583088219 0.9299949566727124 1.7906253327213786 0.5760220079993443 0.5848170727834301 0.710192632479834 1.015631910226746 0.8076284963314704 0.22112707664502684 0.9145043711425253 1.4404561582751436 1.7033659505922767 0.7684192740786372 1.4945403991627795 1.1089817414308445 0.8614859592930163 0.5293295308647735 1.165986489462161 0.25689796806504417
0.22372452950629262 0.18859557656999493 0.18627203608029352 0.4014078578434189
0.23957974145679806 0.018712922960815948 0.2658568087186135 0.4758505268637725
0.00163988114286151 0.4179925214087963 0.569954067712494 0.010413529735848193
0.623441821693624 0.19440714126305447 0.1603120903504216 0.021838946692899874
0.6985688052002195 0.1662575643433234 0.017820673476918514 0.11735295697953863
0.6816976657513556 0.1412629806184318 0.0889621383241953 0.08807721530601731
0.37457063867703355 0.234864654642164 0.1732976932045336 0.21726701347626887
0.368499092059986 0.16948650549116895 0.05792171567619908 0.404092686772646
0.0941653509822915 0.4646398984620346 0.4020983300199118 0.03909642053576212
0.06053018611847594 0.2827149258360382 0.06591457307337056 0.5908403149721153
0.14607977173094322 0.6852908472428118 0.11166597417085389 0.05696340685539114
0.2437226950629785 0.45803066640852874 0.1804139714213735 0.11783266710711926
0.1966079223238475 0.17384134234327708 0.06788778954318242 0.561662945789693
0.39964827064113173 0.04669121941752874 0.33868045196152374 0.2149800579798158
0.6036267039569995 0.15624836562638078 0.17284220371258652 0.06728272670403324
0.09219302487950909 0.2534344138152834 0.21504071571222616 0.43933184559298133
0.29193904174846086 0.12727405423628146 0.2424233900405972 0.33836351397466047
0.24037664941773051 0.10866694869710902 0.2699121560431187 0.3810442458420418
0.44075762195152934 0.03781430452941992 0.2635951056682969 0.2578329678507538
0.11533146236810088 0.4871826125865548 0.035535315992533234 0.36195060905281107
0.040770408338104636 0.8113707862449222 0.023358633172795185 0.12450017224417798
0.11009334712060348 0.14161749398875834 0.1389157161366983 0.6093734427539399
0.20659938310932346 0.03792374973259338 0.18416697953233152 0.5713098876257516
0.20207296219870985 0.41100392078533476 0.12683666256096582 0.26008645445498957
0.19840468191116545 0.538927921099873 0.10272775677009893 0.15993964021886264
0.2913536347698955 0.005193317545029941 0.42108455458788163 0.2823684930971929
0.15569263863760063 0.33560810353462933 0.30622169679252376 0.20247756103524628
0.3321348390665497 0.2736944150961922 0.17378572049127605 0.22038502534598203
0.1089143463263832 0.6047197909059528 0.1869808813963183 0.09938498137134566
0.11129686620294832 0.09483399310467788 0.1888685431236612 0.6050005975687126
0.6210725727241839 0.005200318184360508 0.14982204821349154 0.22390506087796402
0.09376532194332521 0.21349194013477724 0.5594946990334005 0.133248038888497
0.10036909757312329 0.1195149750861424 0.38384667152994323 0.3962692558107911
0.07962356800939752 0.23215485749999343 0.3589537213770324 0.32926785311357665
0.5449860788210237 0.1538884094158649 0.25562549440417703 0.045500017358934386
0.0896839695388787 0.10312519655922547 0.6683550943290276 0.1388357395728682
0.13752093335118898 0.08414068778354888 0.3113755687722384 0.46696281009302376
0.07773425813959045 0.03474372498741274 0.2951931086958133 0.5923289081771835
0.1313395181528637 0.54516147297809 0.24756773622545736 0.0759312726435889
0.45800351010186013 0.4156075045074171 0.09980386820644227 0.02658511718428047
0.02105608163849859 0.22612294922505394 0.08881708142762446 0.664003887708823
0.11462273031995884 0.4618275318444509 0.187296939664491 0.23625279817109923
0.28307331262117086 0.033778434075614316 0.3032625235218257 0.3798857297813891
0.25003779367987544 0.1676488807698855 0.15154724478796866 0.4307660807622704
0.02968835534866432 0.09276684041984018 0.13740040452723223 0.7401443997042633
0.19562057687895607 0.15537043429493602 0.27765156481566866 0.37135742401043925
0.012734960997164757 0.18504503225186308 0.11896202480354956 0.6832579819474226
0.040315853126753676 0.21127030623763576 0.5768963919805749 0.1715174486550357
0.1329278267554579 0.039740458998059225 0.35654170047743683 0.47079001376904606
0.05404149869187058 0.3126614696421893 0.19421185235866423 0.43908517930727586
0.4212978778277332 0.11429293274489327 0.4150873003527732 0.049321889074600334
0.8146670393824108 0.0345852919923737 0.003012570482712751 0.14773509814250274
0.25572027856132673 0.06206939456305571 0.13687526365493996 0.5453350632206776
0.013454257446630202 0.17977396647115018 0.4335498071976035 0.3732219688846161
0.14466132349845173 0.1862353847476137 0.5705438505996054 0.09855944115432913
0.3075196886653362 0.08256199483169624 0.06059032093071404 0.5493279955722535
0.008716458393418614 0.22007729279820343 0.4711229460728935 0.30008330273548445
0.22039498960800807 0.0797200052347592 0.2892709595195061 0.41061404563772663
0.27030438282874114 0.10598938177879913 0.262646019936549 0.3610602154559107
0.426363626944675 0.20280041890760003 0.006231219186345949 0.364604734961379
