58 10 4 26.229926731156745 52.45985346231348
4.285950247204245 5.060853243040041 5.464543138910106 1.6805985993562325 6.145854240949488 3.6067060519656273 3.779240129095823 4.3738854985469855 8.342710069879129 9.719512243365816
0.8571900494408491 1.0121706486080082 1.092908627782021 0.3361197198712465 1.2291708481898975 0.7213412103931255 0.7558480258191647 0.8747770997093971 1.6685420139758258 1.9439024486731633
0.16271621633781574 0.6172244625881225 0.008940540238531858 0.21111878083552993
0.03262926440693592 0.12011281252842887 0.5000942111647452 0.34716371189989004
0.07945976545948075 0.49504808396678746 0.1530551137776207 0.2724370367961111
0.3673871706992532 0.13818416787881282 0.010549531844002424 0.48387912957793155
0.3707323174237991 0.1715281595758562 0.03635479849860945 0.42138472450173525
0.28436057263338477 0.37397691165417635 0.1658932118022407 0.17576930391019818
0.6753940101247247 0.00791549391845836 0.2882032358634101 0.028487260093406852
0.558597032866212 0.1902434908093149 0.2407193341784305 0.010440142146042608
0.01952336262022558 0.007199846596675941 0.5660950777202273 0.4071817130628712
0.683727077520892 0.11133699877400927 0.10673288109729973 0.098203042607799
0.3000437067335723 0.08063812041960206 0.16670584957712298 0.4526123232697027
0.27888679460792065 0.01761223529871314 0.6522562138396797 0.05124475625368652
0.12299982062054582 0.04179255380273217 0.3890934951789401 0.4461141303977819
0.014263508757677124 0.22603309995907284 0.13108490140222917 0.6286184898810209
0.42473303730359635 0.17495796553191734 0.24416046915649836 0.15614852800798795
0.08276164899797556 0.13808375559797625 0.1765921650896628 0.6025624303143854
0.5778602965275927 0.3305125834820126 0.032881042019407114 0.05874607797098752
0.01286183960845333 0.2545755715179402 0.6145209716258087 0.11804161724779783
0.32139908102478143 0.2449307607829343 0.21755913364733992 0.21611102454494435
0.41736993823396007 0.16418321559545357 0.011874231015553627 0.40657261515503273
