40 80 4 221.43034225315486 442.86068450630967
4.669183252722576 1.4982943610067407 8.096813897380773 3.585746663104113 5.053155282705441 3.7352107480668897 5.737595718674309 6.61430991596218 7.990979119524616 7.176174808298116 9.828449768690247 6.407344829943218 8.325716679486959 7.377806369468788 1.2478121229027934 9.138404955085552 5.049143661282665 2.0703218860225427 8.517701583524316 2.820234036563057 2.5678240350212675 5.042323717199482 7.028153025522498 9.616591981773919 8.499999256517201 5.5747896846184055 6.670211929962361 8.515312174087027 5.0259848077511435 7.860614268492859 6.732300181342775 4.260663046303634 1.131170945419202 5.877864018622859 3.8633993300420935 2.3049131244985106 5.940027525516202 2.687331458265928 4.590833285943186 3.160343858536808 1.3298936749622503 6.116902814430677 9.30488319149176 2.6114959523347276 7.327699014413557 7.480115155513126 1.279576167490785 6.245427761548865 7.279098359691097 9.188681210336902 9.700281938917673 8.52156578674056 9.56009232651316 5.556929763313452 2.750485435572662 1.6268027843694157 9.332161033580334 4.521938328033303 4.673536555223897 2.538145456361078 2.1911062710427034 5.5898252387332095 4.066697337634263 5.1122755107197975 1.4374087721511093 3.309399063398654 9.289842783420111 1.795183324561012 6.517151940320154 7.761961197617045 5.214182673412871 6.7009849268457895 4.8583616918121075 9.62328245906283 8.918711708795389 2.0638111627020765 1.6970446773544878 9.056265441936805 1.1087392470740403 7.71168505102273
0.9338366505445151 0.2996588722013481 1.6193627794761547 0.7171493326208226 1.010631056541088 0.7470421496133779 1.1475191437348617 1.322861983192436 1.5981958239049232 1.4352349616596232 1.9656899537380492 1.2814689659886436 1.6651433358973917 1.4755612738937576 0.2495624245805587 1.8276809910171103 1.009828732256533 0.41406437720450856 1.703540316704863 0.5640468073126115 0.5135648070042536 1.0084647434398963 1.4056306051044998 1.9233183963547837 1.6999998513034402 1.114957936923681 1.3340423859924722 1.7030624348174055 1.0051969615502288 1.5721228536985719 1.346460036268555 0.8521326092607268 0.2262341890838404 1.1755728037245716 0.7726798660084186 0.4609826248997021 1.1880055051032403 0.5374662916531856 0.9181666571886373 0.6320687717073616 0.26597873499245006 1.2233805628861354 1.860976638298352 0.5222991904669455 1.4655398028827116 1.496023031102625 0.25591523349815704 1.249085552309773 1.4558196719382193 1.8377362420673804 1.9400563877835346 1.7043131573481118 1.9120184653026322 1.1113859526626904 0.5500970871145323 0.32536055687388316 1.8664322067160668 0.9043876656066606 0.9347073110447794 0.5076290912722156 0.4382212542085407 1.1179650477466418 0.8133394675268526 1.0224551021439594 0.28748175443022184 0.6618798126797307 1.8579685566840223 0.35903666491220243 1.3034303880640308 1.5523922395234089 1.0428365346825743 1.340196985369158 0.9716723383624215 1.924656491812566 1.7837423417590776 0.41276223254041533 0.33940893547089757 1.811253088387361 0.22174784941480805 1.542337010204546
0.13372217117730678 0.26797423632684547 0.05401337452221289 0.5442902179736349
0.14140647732409317 0.24215975339183637 0.1096029151123975 0.506830854171673
0.18124673920870116 0.3430059439090002 0.3520575435422344 0.12368977334006426
0.0042243686391818525 0.5154201286441289 0.19112425861149673 0.2892312441051925
0.4041328539479496 0.057131781171315565 0.4492267387243877 0.08950862615634714
0.7478583530434783 0.014416670142801569 0.20810240585961903 0.029622570954101146
0.38191198596497933 0.217080463861142 0.021788631090291055 0.3792189190835876
0.2056078484243279 0.04896093668037815 0.24508863462178243 0.5003425802735115
0.4237126327366172 0.2520849793494664 0.17677905962819873 0.1474233282857177
0.08281160692135792 0.03386643721270455 0.1559322545248445 0.727389701341093
0.05070618107573788 0.19105350645636376 0.67761904226918 0.08062127019871834
0.14191602324995178 0.27204717387351407 0.40395303561667617 0.18208376725985798
0.33573483475534327 0.055990525159385074 0.022721395262399247 0.5855532448228724
0.012972035348441269 0.5929751691281636 0.08455280197510484 0.3094999935482903
0.21246315757068301 0.04671348409093712 0.03225535527014245 0.7085680030682374
0.3264058693541926 0.17620695824072152 0.3903474578364391 0.1070397145686468
0.10051597803343737 0.42651600663816824 0.27622494845404977 0.19674306687434462
0.13214034604363079 0.6056601564939821 0.001649482428352278 0.26055001503403485
0.4456172194857436 0.23120177518897933 0.054236688934432564 0.2689443163908445
0.25632296894875184 0.32053971844585205 0.130462260603317 0.2926750520020791
0.009641076149634054 0.020980235286508386 0.36420840334852767 0.6051702852153299
0.3481789021277045 0.06264110676448531 0.4728670258357709 0.11631296527203927
0.21232382999680055 0.0965011147487439 0.25685886899615895 0.4343161862582966
0.20262475477963715 0.48664491788750786 0.21934848971590604 0.09138183761694896
0.03230080113214473 0.8171021725932677 0.14546089836051235 0.00513612791407525
0.4587301968542785 0.01069320131881979 0.35702133952315906 0.17355526230374263
0.16898524805224135 0.556480436372851 0.011358535839761097 0.2631757797351465
0.5291535975884851 0.014611408321539399 0.04480714058311408 0.4114278535068614
0.20194362746333638 0.11537640309673913 0.05149766624051255 0.6311823031994119
0.08013858380041572 0.7519165662121335 0.011305003067852537 0.1566398469195982
0.1633986759996532 0.0644131571177381 0.40548948186576217 0.36669868501684655
0.2889750052544173 0.3260305556016573 0.34698803238341347 0.038006406760511924
0.005496985207712246 0.5530445472871697 0.04292178793208967 0.3985366795730284
0.31948203730802227 0.16470927192456108 0.05040907491737645 0.4653996158500402
0.25272672201084034 0.08709970971251635 0.2904256039281603 0.369747964348483
0.3114715988854815 0.18076948926877812 0.002872432869700181 0.5048864789760402
0.05650691521373974 0.4569042498509577 0.13629271312398494 0.35029612181131764
0.16626146009629916 0.00917737170462285 0.23646188688658543 0.5880992813124926
0.006518068261111676 0.4885733041232292 0.4860551138635443 0.01885351375211486
0.10169696846269816 0.07760747001259416 0.4702910736349978 0.3504044878897099
0.39973218054058335 0.4452634844357094 0.005206985762679972 0.14979734926102728
0.1677596659285795 0.5228008050894237 0.15202572407939452 0.15741380490260226
0.006759892617685281 0.3881386011104321 0.36992671238064867 0.23517479389123397
0.1331017553532995 0.12253312091631585 0.06547560598321867 0.678889517747166
0.31205835567367335 0.1477275662026959 0.15473235839941724 0.3854817197242135
0.0031353031412139076 0.015454979574669125 0.09570444775639919 0.8857052695277178
0.1004123372487028 0.21633334105580881 0.2142842363917915 0.4689700853036969
0.13800903504102413 0.11342959267757802 0.5353514004799464 0.2132099718014514
0.265537571546402 0.2828611941454744 0.011495766739290203 0.4401054675688334
0.11144605757924897 0.4688861361062716 0.21161757900818046 0.20805022730629896
0.009712011032264378 0.44962911590584287 0.4330875680329991 0.10757130502889367
0.09796180021226075 0.020370466982296942 0.21371119880522293 0.6679565340002194
0.6226734731270311 0.007409747803998279 0.3219299014296919 0.04798687763927867
0.11357344354981247 0.007632416040563195 0.10022026263334471 0.7785738777762796
0.585562846825345 0.09735032822336254 0.05738927084376966 0.2596975541075228
0.6171786501404342 0.24170635226723614 0.045632523537792014 0.09548247405453769
0.026061741962373874 0.5414832645896561 0.39376199028577497 0.03869300316219504
0.07631255434772599 0.1611373509766031 0.3325859459713737 0.4299641487042972
0.6757817498146861 0.08083841783284185 0.04984669295135258 0.1935331394011195
0.08902701365356891 0.39690250298538843 0.04136282214541087 0.4727076612156318
0.1280645248179113 0.7531735189817553 0.0899501397593997 0.02881181644093367
0.10266459644342085 0.1646285820643424 0.1657332915436246 0.5669735299486122
0.033322048878807076 0.2407850074306268 0.4067565367501915 0.3191364069403746
0.02549138790584815 0.01623648208572559 0.8835609909455903 0.074711139062836
0.23435735897065257 0.23068889914921598 0.16563402128067628 0.36931972059945517
0.18705306229101215 0.05438637058100182 0.31419827906744413 0.4443622880605419
0.24955246981487678 0.55593208587011 0.14165028867975993 0.05286515563525329
0.3607954632733139 0.034389999531731164 0.2536057766832387 0.35120876051171623
0.017225293038210854 0.445834502092071 0.17949296779076573 0.35744723707895243
0.42332009942854565 0.3549790142125375 0.04393991033949074 0.1777609760194261
0.7609434026476739 0.0061861931329183495 0.2141291428854657 0.01874126133394205
0.16627125964203615 0.4054982568661396 0.24962658193442322 0.17860390155740102
0.27816498804660006 0.014683112476685523 0.36348911603441825 0.34366278344229617
0.1340313640710311 0.16729645580677655 0.05715296510409429 0.641519215018098
0.006670624940077974 0.17509332003420341 0.4340761825215277 0.3841598725041909
0.16336767345064884 0.5564462555686904 0.11550128422179384 0.16468478675886689
0.845172621807332 0.013781604772633904 0.032024604449448435 0.10902116897058567
0.3961916420054512 0.010180288234186485 0.23580585230958717 0.35782221745077514
0.29518188861681194 0.14712445567471688 0.047261685848941304 0.5104319698595299
0.0942437330641891 0.3334484855635843 0.34404596852567826 0.22826181284654834
0.14775294913593906 0.5107731292010884 0.16530077012888433 0.1761731515340882
0.13307569889988524 0.7334535615255346 0.06573094604866303 0.06773979352591708
0.11271575614356144 0.1711759510300196 0.3828070875713959 0.33330120525502305
0.21779505267446997 0.07180669296103848 0.6761922038019241 0.034206050562567425
0.45649940743379547 0.4479742802587414 0.021632239276426435 0.07389407303103668
0.2473434459622874 0.5423901264143464 0.017860450116273685 0.19240597750709254
0.049309308339197666 0.2092056478379648 0.3364646697018189 0.40502037412101866
0.00042666958457104887 0.37587960056925473 0.06092236822407482 0.5627713616220994
0.005853708080804321 0.28574856154674255 0.29778567894282626 0.41061205142962687
0.5168609719612551 0.01824313034070324 0.2781348489771489 0.18676104872089272
0.28714030870314555 0.44665547419453744 0.2584791391840331 0.007725077918283918
0.2667732915213632 0.19139688660181087 0.24919464597122332 0.2926351759056026
0.07249752386882291 0.24221370205462855 0.15284797841926545 0.5324407956572831
0.1230943730065357 0.5383464435981422 0.19784748063788082 0.14071170275744127
0.058378047850259795 0.5768493466875378 0.3428376078081553 0.02193499765404705
0.12008702451275366 0.4050218597908084 0.25307184990771303 0.2218192657887249
0.2295976805503145 0.5244315567941547 0.14023070379800606 0.1057400588575248
0.26170294898138813 0.5056248455077231 0.027304466419671436 0.2053677390912173
0.08759821089865694 0.246658371553232 0.5783519962369411 0.08739142131116995
0.24429371813008371 0.057770149910057356 0.1043946284449121 0.5935415035149468
0.08112364865712285 0.14273298857582306 0.5828212545213545 0.19332210824569962
0.00287500863498924 0.34127128504091375 0.6421872942452244 0.013666412078872647
0.40338647506003933 0.16596907663195493 0.2541293847433981 0.17651506356460767
0.032295778593133484 0.412928263432204 0.17226963537803652 0.382506322596626
0.009418780815869554 0.63927897207973 0.02645989438464158 0.3248423527197589
0.1777547818861459 0.0855590764579649 0.45415823330579375 0.28252790835009545
0.38490762168028747 0.07578823039522986 0.3002299224235787 0.23907422550090396
0.12269611873151254 0.32868139625485593 0.20451261146727684 0.3441098735463547
0.5028174127083894 0.3213489889829332 0.025056916041894195 0.1507766822667832
0.019662610122718305 0.5656231151405605 0.11265199800633319 0.302062276730388
0.4414876804616049 0.15344234720739103 0.04464876778579918 0.3604212045452049
0.526082696378281 0.11330338233293691 0.32211487352868073 0.03849904776010138
0.2780496752705792 0.12367830237492783 0.07654009061525702 0.5217319317392359
0.03282866725204925 0.33977959106586453 0.31078349041018705 0.3166082512718992
0.08518279398590523 0.031936164904936115 0.023970779281167642 0.858910261827991
0.204528004298699 0.23829447890049305 0.11871063927865055 0.4384668775221574
0.19622636745377486 0.24830731206465528 0.3275409696972561 0.22792535078431375
0.05545321409925863 0.5618554698503782 0.3618416419500803 0.020849674100282933
0.39698652608446094 0.04576381279368402 0.17157900868855713 0.3856706524332979
0.37523680759424805 0.44829583890719493 0.1702185120841827 0.006248841414374318
0.31309426217701464 0.2997702477972032 0.08174976715387405 0.3053857228719081
0.10078411952406052 0.23454075798302776 0.15003047163982774 0.514644650853084
0.15156521272949375 0.2540475240248319 0.2862210921073298 0.30816617113834455
0.7686229146743065 0.009588000434853305 0.06543106447469149 0.15635802041614866
0.2713899804051031 0.03072839547623618 0.3281636677772287 0.369717956341432
0.21663230172390224 0.2827680545408573 0.4915635305137772 0.009036113221463249
0.18731677773835953 0.6053003172201964 0.108575263138742 0.09880764190270208
0.49714698959362313 0.021336437941998687 0.16273348105930585 0.3187830914050723
0.0683179418010339 0.4736821741076481 0.3670038517683222 0.0909960323229958
0.5031101351081173 0.033793141180597286 0.3513784991722626 0.1117182245390228
0.34988889517493893 0.34130472812414725 0.0911514078028638 0.21765496889805003
0.07231248074350649 0.550884903911463 0.19761579135467722 0.17918682399035324
0.04790366004588931 0.12123295767114872 0.7350778153831485 0.09578556689981343
0.32416825830061746 0.2601580163293451 0.09256358418830801 0.3231101411817294
0.06103299939495643 0.09494458713162235 0.3412073958463844 0.5028150176270368
0.5693151641966048 0.08735499935199831 0.17683233732596937 0.16649749912542755
0.2065496805468341 0.6110363442838079 0.029335652858596295 0.15307832231076168
0.2640403994609394 0.20957618645471365 0.480860195351537 0.045523218732809956
0.018056660963893134 0.05081943940439149 0.6365927932701887 0.2945311063615267
0.5795105827259878 0.3775952810414446 0.013082612364384683 0.029811523868182976
0.3729369215364503 0.4948638649117246 0.006748864446649239 0.12545034910517583
0.24127970159611134 0.47551167923822946 0.08884339494751026 0.19436522421814895
0.2606866288621259 0.10621602806737096 0.3249397574574798 0.3081575856130233
0.2288411445520805 0.36101272163817866 0.10845201995464204 0.3016941138550988
0.4884518430214977 0.2839018185561738 0.04392939293836984 0.18371694548395867
0.004082680515848036 0.02286620592807176 0.4420671482673707 0.5309839652887095
0.6629287494962599 0.24847496679226566 0.06542370523851171 0.023172578472962724
0.34497246138398363 0.5009652816149543 0.11731063443476386 0.03675162256629816
0.07067572600474481 0.14707269008620838 0.4944178365974772 0.28783374731156963
0.24028082758400948 0.11692019686908106 0.17839122550924957 0.4644077500376599
0.058445645511177036 0.8074310242438318 0.08089598329609027 0.053227346948900855
0.529686580699637 0.24132233925438906 0.18262698314790138 0.04636409689807253
0.44487605756165294 0.20160203522928366 0.1242568844406452 0.2292650227684182
0.16702458675626797 0.7097702958850053 0.06419031966936384 0.05901479768936291
0.008752135220857493 0.42588715965836677 0.11705855020131306 0.4483021549194627
0.08178731456019883 0.00831429876053269 0.3879387578669836 0.5219596288122849
0.563417295428816 0.13114344791993537 0.2843896327572054 0.02104962389404319
0.09265862329079344 0.6236694610791045 0.11880383611485135 0.16486807951525073
0.14535209399352977 0.3630434336151722 0.19393843940363586 0.29766603298766214
0.1943648094720689 0.29396573145287597 0.25754621187807336 0.25412324719698176
