52 70 4 204.17668610757374 408.35337221514754
8.407993066388126 1.235061834128806 2.8969357593816456 6.565795924146492 1.8845601880320926 6.58118178889173 1.485011976385994 9.645886520238147 9.823864367935661 5.690148852441014 6.72898010351993 7.882812534423249 7.884597651551373 4.7591702160375045 7.919247756913684 4.808815753708285 9.334932143741483 7.137338363851585 4.316100321922196 8.73018869817538 4.424461119850509 1.8545883749524696 3.924016422731409 4.736009675282421 7.680465539653422 6.921179808279631 2.8118514820851708 8.276391219190113 8.077621945687909 4.554456741137017 5.595546114901525 8.16543587351822 5.008397463019247 7.687602194591936 1.7087416598959835 5.388807322150116 4.9094978038568176 3.2145215110562466 8.754766464458536 1.1802030320618662 5.05744038848305 1.4268058691073233 5.479547465600645 8.728966037152041 4.013340907736662 9.11431028035393 2.1059879857325146 2.4169037223993683 8.086467624731135 6.984451520461851 7.481837551585963 5.85329791040415 5.247527088293799 9.106187533572415 4.370612596892736 5.750078004187946 7.250440820184957 4.830114364943113 6.747190114946659 6.348922161474758 5.088528811205266 9.24198775027056 7.696606626436794 9.365372216560052 9.02060190330754 3.882998855715747 7.210237137220837 1.529812705219503 2.816054770900965 7.5075558998903515
1.6815986132776253 0.2470123668257612 0.5793871518763292 1.3131591848292985 0.3769120376064185 1.316236357778346 0.2970023952771988 1.9291773040476294 1.9647728735871322 1.138029770488203 1.345796020703986 1.5765625068846498 1.5769195303102745 0.9518340432075009 1.5838495513827369 0.9617631507416571 1.8669864287482967 1.427467672770317 0.8632200643844392 1.7460377396350761 0.8848922239701018 0.37091767499049394 0.7848032845462818 0.9472019350564842 1.5360931079306845 1.3842359616559263 0.5623702964170342 1.6552782438380227 1.615524389137582 0.9108913482274034 1.119109222980305 1.633087174703644 1.0016794926038495 1.5375204389183872 0.3417483319791967 1.0777614644300233 0.9818995607713635 0.6429043022112493 1.750953292891707 0.23604060641237323 1.01148807769661 0.28536117382146464 1.095909493120129 1.7457932074304083 0.8026681815473324 1.822862056070786 0.4211975971465029 0.48338074447987367 1.617293524946227 1.3968903040923704 1.4963675103171927 1.1706595820808299 1.0495054176587597 1.821237506714483 0.8741225193785471 1.1500156008375892 1.4500881640369914 0.9660228729886227 1.349438022989332 1.2697844322949516 1.0177057622410532 1.848397550054112 1.5393213252873588 1.8730744433120106 1.804120380661508 0.7765997711431494 1.4420474274441673 0.3059625410439006 0.5632109541801931 1.5015111799780703
0.34974214023403494 0.4022677834396604 0.20643699680690963 0.04155307951939502
0.28024548115249903 0.15734303006900308 0.027576450542336595 0.5348350382361613
0.536704363369267 0.27812090344393003 0.16956157512842296 0.015613158058380039
0.18821937901900487 0.1550102834848993 0.627193416647797 0.02957692084829877
0.5147723383402653 0.23573604029287276 0.2206739856795561 0.028817635687305887
0.017670713942223193 0.38169499006901875 0.38065060195183065 0.2199836940369274
0.0770699849538371 0.026085953685468954 0.09741659156726268 0.7994274697934313
0.22118556038846338 0.28467488873472235 0.07776867766152407 0.4163708732152902
0.12844700539551834 0.03836682482612841 0.640666188503812 0.19251998127454129
0.2818067619383081 0.0949748631296069 0.235104484176049 0.388113890756036
0.035422261525915544 0.3418663311069581 0.4480225459134243 0.1746888614537021
0.13988279236892542 0.25973101986702074 0.5669947514567756 0.033391436307278255
0.20792820112526988 0.4600100007720396 0.02453260416674341 0.30752919393594713
0.7512679969383042 0.028734587399893874 0.03908494593714895 0.18091246972465302
0.07411864034731663 0.4455656133432254 0.3548701370929943 0.12544560921646364
0.06326987753641777 0.09294451399325865 0.8387376058508352 0.005048002619488345
0.4006679763088309 0.4848382091879856 0.04290960750326567 0.07158420699991785
0.01711858051649795 0.0009273193809619107 0.8122420679486381 0.16971203215390207
0.40773105430844625 0.07127766204814345 0.35439762707257905 0.16659365657083125
0.08639050145364857 0.3703914273122947 0.1851849039818243 0.35803316725223244
0.138018188110413 0.06502088384379945 0.09302897325891257 0.703931954786875
0.17440176578793287 0.045186087511566386 0.31432438614394587 0.4660877605565549
0.11012856694924311 0.43527837597838837 0.012802076191722356 0.44179098088064617
0.11811417331175644 0.28855438623566565 0.38401697484118613 0.20931446561139178
0.2781980306779237 0.3417285299634437 0.27322416030807695 0.10684927905055563
0.8112880251909049 0.017282046918752347 0.11002651116887852 0.06140341672146421
0.3471393774654222 0.11298279486778462 0.1920182963542102 0.34785953131258296
0.178156204034574 0.7166260216231849 0.05497815979782872 0.05023961454441239
0.14449956755687077 0.036771412041609386 0.45280616955702213 0.3659228508444977
0.5664386699288954 0.34510999593779934 0.0014364779697224606 0.08701485616358284
0.4191325697638878 0.2451337034722023 0.04007885957734403 0.29565486718656586
0.15369112909376503 0.6817523981000853 0.03902646649003605 0.12553000631611366
0.04608746602390201 0.18819573653591382 0.3617789388794055 0.4039378585607787
0.2208694298540782 0.0661862449436883 0.13353250701665298 0.5794118181855805
0.20735129442547007 0.08885049574757997 0.005804837583932465 0.6979933722430175
0.21563856154997507 0.045346523857257126 0.34167948949733473 0.39733542509543307
0.1520200219145632 0.177755559417469 0.3199751189692551 0.35024929969871266
0.1373426058302939 0.5509858277659585 0.17362256793026798 0.13804899847347962
0.0029494325995252924 0.28802211069545225 0.6785476833037548 0.030480773401267647
0.029309325605475167 0.18443568725924042 0.18943457555541443 0.59682041157987
0.0027461629768427143 0.2989689319420904 0.4537927055645391 0.2444921995165278
0.7497652680589422 0.01141244087678217 0.07503868544620207 0.1637836056180736
0.5032077177337388 0.1056911349300893 0.2175655136794411 0.17353563365673075
0.667471872116029 0.15093740111235587 0.009173631085408473 0.17241709568620667
0.5039730365330823 0.15259483496010073 0.19931438880515095 0.14411773970166597
0.08179794717519562 0.44954819604481133 0.1733725238049435 0.29528133297504955
0.05745977787711398 0.3324159733997367 0.1304019025789308 0.4797223461442185
0.2023111611690579 0.6465512731547822 0.07753312990203887 0.07360443577412101
0.21426902803251635 0.1996129662760867 0.19553593219342635 0.3905820734979706
0.03567063852728025 0.06195555391124663 0.49196172924572446 0.41041207831574866
0.02213026874598334 0.430636766193226 0.2432855578171863 0.30394740724360436
0.2281728369480135 0.07603278911206035 0.6046259972189475 0.09116837672097866
0.10010095978317435 0.2760405694539815 0.2864412822796958 0.3374171884831484
0.25575436222190595 0.025495249224271266 0.061470667745990526 0.6572797208078323
0.22378658935853923 0.18678711561192718 0.5474964745284523 0.041929820501081294
0.2112593440177205 0.45700463722101636 0.1555921092159822 0.17614390954528092
0.40492590345480284 0.26930527877877997 0.15454686768912063 0.17122195007729657
0.23898303257935904 0.24470695727987268 0.06808460524255111 0.44822540489821716
0.490510752687246 0.16160357434481576 0.18300205745718578 0.16488361551075248
0.0880942956749533 0.47489859339383567 0.08391672529670102 0.35309038563451
0.5247201899919186 0.12646051908657996 0.31868886499264326 0.030130425928858173
0.5042699142837059 0.3388166137133284 0.0648758141121677 0.09203765789079799
0.33279527880437587 0.11326439120321108 0.30616660400140094 0.2477737259910121
0.7116504947690132 0.13574045155364822 0.07380308381900913 0.07880596985832944
0.37362278923563297 0.35614497241506904 0.060316523568056946 0.20991571478124105
0.7106047955018094 0.14628374958507684 0.07924603638710248 0.06386541852601124
0.30565560537733616 0.5404948105328797 0.08858896388133153 0.06526062020845258
0.31579569909415695 0.4513932627573609 0.03608853958165181 0.19672249856683033
0.8818522363699677 0.010228846515950907 0.0639843438072768 0.043934573306804614
0.10280669403812659 0.23089239772838277 0.5802079645583111 0.0860929436751795
0.004363273526967193 0.1931190964583397 0.09789875745590315 0.70461887255879
0.42788389922088954 0.427239915383545 0.0744918530692873 0.07038433232627817
0.1456551348709756 0.33207243010172915 0.30447701738437827 0.217795417642917
0.4554246915674217 0.24019521149258805 0.2987258864309724 0.005654210509017821
0.06917213261814714 0.4431167611733915 0.4425315138054633 0.04517959240299807
0.16744375511655984 0.6294801018111997 0.051570777612689356 0.15150536545955107
0.2407584808183978 0.1739077719681743 0.3171678685094069 0.268165878704021
0.4938081387298918 0.11499736441579844 0.33111691204097016 0.06007758481333958
0.5754528095681868 0.08027635530559729 0.14309146757335156 0.20117936755286436
0.2602992874062112 0.15708653262484462 0.20709195002845393 0.3755222299404902
0.1783917410558119 0.16899053063453962 0.1012386246432192 0.5513791036664293
0.23428878581295864 0.10816679135480423 0.6140850465371054 0.043459376295131746
0.263761961911827 0.14473921301819248 0.2993506417975951 0.29214818327238545
0.10402202815782546 0.08150000271149505 0.1669053540240032 0.6475726151066763
0.2195194629827696 0.2622694594480057 0.10475202133568429 0.4134590562335404
0.44233277440178786 0.11772599039574838 0.16449093182779706 0.2754503033746667
0.2906306842979809 0.09327927844543105 0.23867509183062274 0.3774149454259653
0.6320741328384002 0.20429027660154386 0.07755721749082911 0.08607837306922683
0.02470636091673062 0.017156123434714954 0.4561118141943994 0.502025701454155
0.05090034294612944 0.4924083849371158 0.36487995403492335 0.0918113180818314
0.03269910931020359 0.22343675073901093 0.6311386847274548 0.11272545522333066
0.02414861532989465 0.7535609415048249 0.09209538888274393 0.13019505428253653
0.4409295740083149 0.19869606811717366 0.05677123038226228 0.30360312749224916
0.0596812772992924 0.08972367120136282 0.41407901589049967 0.4365160356088451
0.007873910709581988 0.017128585174638444 0.9742310223358898 0.0007664817798898049
0.4370747161235613 0.07593168804131345 0.29107937009782137 0.19591422573730388
0.4532363175562445 0.15397218518670597 0.3109599169425479 0.08183158031450166
0.2992618749172592 0.40133371899882175 0.26916588013916154 0.03023852594475751
0.36757441046262174 0.02769022040625657 0.5249764792078975 0.07975888992322422
0.10623897136777272 0.20964124898512915 0.5382519382641461 0.14586784138295206
0.6254244598224711 0.015434369607205123 0.07715294472862799 0.2819882258416958
0.3075386918368537 0.30134052346820606 0.15447489900281508 0.2366458856921252
0.018836691845472653 0.05871550649371349 0.5893845086297875 0.33306329303102633
0.07213041902437689 0.27154031084018593 0.10375213642678827 0.5525771337086489
0.39647760260561815 0.2822512566397325 0.06131032579903384 0.2599608149556155
0.07203385028476783 0.3371977629100138 0.24966016500331079 0.3411082218019076
0.28747134954980713 0.25881742495675664 0.10658461414694642 0.3471266113464898
0.12147577291052059 0.39381679259846236 0.1470301242051678 0.33767731028584924
0.5172190519750512 0.18992955776632703 0.24078829525012557 0.05206309500849615
0.5611303009903401 0.14787886781116166 0.2601899775049772 0.030800853693521035
0.3774301867736908 0.24918893213332172 0.2218981153096906 0.1514827657832969
0.3632905529801852 0.009856298426202281 0.49688445709097173 0.1299686915026408
0.20485639394097765 0.7412863162198161 0.04291586486130761 0.010941424977898628
0.09153634315687464 0.32429494957465566 0.22289518905013628 0.3612735182183334
0.28011198492617206 0.4610024092402384 0.048388260706390795 0.21049734512719875
0.15959260172396217 0.120949544195745 0.6507791713348521 0.06867868274544076
0.013846376724352738 0.3882470487874281 0.45986841101738185 0.1380381634708373
0.46369585828682547 0.4431439392880947 0.07825362966255511 0.014906572762524717
0.6337342974810909 0.10790449447593664 0.028825593651416903 0.22953561439155556
0.073404673125822 0.4491228262892374 0.2269757108768743 0.2504967897080663
0.6265801680984509 0.10362327396698956 0.0699961853356258 0.1998003725989338
0.020959494982568216 0.7739775287893431 0.2009005692525332 0.004162406975555477
0.5152392422681601 0.15854574352442774 0.1437049859252183 0.18251002828219387
0.0015502343596982548 0.20886189923660536 0.15522260832679158 0.6343652580769048
0.11989366253528355 0.5349960598280774 0.05611480073088637 0.28899547690575267
0.3409245784621546 0.315767904262765 0.29205333634849195 0.0512541809265884
0.1582333619845434 0.24704519920886048 0.02412246471019719 0.5705989740963989
0.10519626011126626 0.6893764041505668 0.04767476582862229 0.15775256990954467
0.8189264648300435 0.014891405721105588 0.025090839896538042 0.14109128955231287
0.03217932783399036 0.30051243633583136 0.2573265487734543 0.409981687056724
0.3205939416294018 0.037544574965689526 0.433516561930428 0.2083449214744807
0.03182744523425485 0.42188135136723415 0.132858160102153 0.413433043296358
0.6773126582757839 0.10138896103425787 0.06941910808337182 0.1518792726065864
0.1761337667270555 0.5372398166535248 0.1556845915098095 0.13094182510961017
0.07511507071710477 0.26577213052223836 0.3774472231217705 0.2816655756388864
0.06782148532066223 0.3159367803072092 0.34394524183906383 0.27229649253306476
0.2502179674890582 0.26308295024764805 0.11898343918084242 0.3677156430824513
0.17147872017089083 0.0990508633112408 0.40974453842284164 0.3197258780950267
0.06816225397806308 0.23954317574998463 0.688872275571673 0.003422294700279327
0.4785796499901348 0.14949342154407375 0.15562673085462986 0.2163001976111616
