92 20 4 63.32845695263548 126.65691390527097
8.972924494938631 8.097234101233521 4.822553183275968 5.309826821624704 1.003186537583948 8.707303414664676 4.179895240029829 5.380741411351822 4.97145795653803 9.44722490439283 7.459109969553322 8.563142479565384 3.623665493210084 8.517118801556583 5.026933649493586 3.603522293289325 4.630429468499269 8.193599381025795 8.702528229634183 7.444516073809472
1.7945848989877262 1.6194468202467043 0.9645106366551935 1.061965364324941 0.2006373075167896 1.741460682932935 0.8359790480059658 1.0761482822703645 0.994291591307606 1.8894449808785658 1.4918219939106643 1.7126284959130769 0.7247330986420167 1.7034237603113165 1.0053867298987171 0.720704458657865 0.9260858936998538 1.638719876205159 1.7405056459268367 1.4889032147618944
0.17096165545790587 0.6024385580880659 0.010049519074506796 0.21655026737952143
0.007790208883773131 0.3447554556294654 0.020929489942097645 0.6265248455446638
0.5249144514252775 0.15154702472779713 0.07602793750017622 0.24751058634674916
0.467126735759787 0.25706413392129224 0.0993645911119585 0.17644453920696224
0.3012640254782052 0.0768388860415532 0.1078005847476472 0.5140965037325944
0.13488626146209104 0.409648205510449 0.2476692150443386 0.20779631798312137
0.26595028761497774 0.45162976758460405 0.09805176827896367 0.18436817652145454
0.44588413796009996 0.14739731246212406 0.18424602318088712 0.22247252639688886
0.011682200972270795 0.4576488751275386 0.4735918511537376 0.05707707274645302
0.18752162812828044 0.3875638907009743 0.3682632399444502 0.05665124122629506
0.8859310299950054 0.000505883100497484 0.10262043302764601 0.010942653876851116
0.1854675964779583 0.10738613967724941 0.40011554287995066 0.30703072096484163
0.024091806084711176 0.00783972541340916 0.7633399170705008 0.2047285514313789
0.5195130579254226 0.3549217482378302 0.11058775273214883 0.014977441104598421
0.008520292661936657 0.06590877310252752 0.8466716943833117 0.07889923985222413
0.23660351106849087 0.48638083598314297 0.16903748212295755 0.10797817082540861
0.11837574854295008 0.5757533712303786 0.2591157078124018 0.04675517241426952
0.23196626729262582 0.08293765048872703 0.4497223030911395 0.23537377912750768
0.052126253361997055 0.3632141398766693 0.40664112306371725 0.17801848369761641
0.0075604631280210555 0.2000709339960366 0.5025588261667885 0.28980977670915387
0.440388715418512 0.4297435758703375 0.04998484107410295 0.07988286763704755
0.11905044935420306 0.06341620328741326 0.7342977902491339 0.08323555710924979
0.10766602921316182 0.43126579870017034 0.0755657744771061 0.38550239760956173
0.06810805386667318 0.30066992846134477 0.09272329797308854 0.5384987196988935
0.06693800305061393 0.14309966234486704 0.6615316662920665 0.12843066831245253
0.08654682149095139 0.11315411060681346 0.5407830121921486 0.2595160557100865
0.029468553723913105 0.32357195143315454 0.5111673375673162 0.1357921572756161
0.45110398507064386 0.3220517668817614 0.052875369511486414 0.17396887853610832
0.04774350979601483 0.13686419148398976 0.7723376360910368 0.04305466262895863
0.2796089062855116 0.19842963157107074 0.05831316803054842 0.46364829411286923
0.23171934882513978 0.22071754262616294 0.1509877947914957 0.39657531375720156
0.3848339069853146 0.2624779710714855 0.29858164183390856 0.05410648010929131
0.03557627656619933 0.44286777876356964 0.07703412491589245 0.4445218197543386
0.10537433135772378 0.1735354144526432 0.4251958690876567 0.2958943851019763
0.48490037780932815 0.08934397357243407 0.3298443947853661 0.09591125383287169
0.16692360213964585 0.17584470659092 0.024477012052545932 0.6327546792168882
0.18458432655812718 0.45811827220782364 0.29520317518673034 0.062094226047318846
0.013436906978363194 0.34970404007215283 0.2608491980732851 0.37600985487619887
0.1873255874162233 0.2900951225370392 0.30065207148089534 0.2219272185658422
0.03412651134863176 0.30907435893838575 0.22414215968554918 0.4326569700274333
