100 50 4 129.61463029284744 259.2292605856949
5.890644476118689 3.5053244658441653 4.820658316742198 8.602985190879133 1.042469705718753 2.094122087048028 7.036741762541007 8.43267479594543 2.230359307164577 6.17583996484525 9.021897588810376 2.8828190990547062 2.6679539759506756 1.9753920141782961 2.9772774336249297 9.807614062366326 8.30514834180391 2.5474691145933477 8.34602273853256 3.4666637233752926 4.885337652968095 9.460268376601372 8.358844408990546 4.025007551088088 2.5786940836810297 4.355488416609308 1.0511965661731608 3.271837181003564 8.160962576259585 1.137294741217051 6.3895903923564354 6.434240851385682 1.946329168708507 4.43749100448799 1.3282845093331201 9.013704070978681 9.828287713110804 1.5394778993623353 9.014913502556537 6.192113494600296 7.682317201881796 6.671655428278385 6.236579731589001 1.1839521882423085 2.8902391990557454 5.9021639036078275 7.922036539950865 3.256257062245563 3.573061213661782 8.671555790571757
1.1781288952237379 0.701064893168833 0.9641316633484396 1.7205970381758267 0.2084939411437506 0.4188244174096056 1.4073483525082016 1.686534959189086 0.4460718614329154 1.23516799296905 1.8043795177620752 0.5765638198109413 0.5335907951901351 0.3950784028356592 0.5954554867249859 1.9615228124732653 1.6610296683607821 0.5094938229186695 1.6692045477065118 0.6933327446750586 0.9770675305936191 1.8920536753202744 1.6717688817981091 0.8050015102176176 0.5157388167362059 0.8710976833218617 0.21023931323463216 0.6543674362007128 1.632192515251917 0.22745894824341023 1.2779180784712871 1.2868481702771364 0.3892658337417014 0.887498200897598 0.26565690186662405 1.8027408141957362 1.9656575426221607 0.3078955798724671 1.8029827005113073 1.238422698920059 1.5364634403763593 1.334331085655677 1.2473159463178 0.2367904376484617 0.578047839811149 1.1804327807215655 1.584407307990173 0.6512514124491127 0.7146122427323565 1.7343111581143513
0.3547956116572998 0.004712232279602491 0.6154986496696853 0.024993506393412468
0.04486228246077528 0.13321870704502958 0.19817146479155812 0.623747545702637
0.6022966577308656 0.027645217856631765 0.30389942387892166 0.06615870053358097
0.17360800174020508 0.10315705965613009 0.08642294271301465 0.6368119958906502
0.09205560337723862 0.639245149682684 0.22571184729287552 0.042987399647201885
0.3950359317582296 0.11366296147996435 0.01933633007985347 0.4719647766819526
0.3130664415885097 0.22733813371220668 0.26504596202856334 0.19454946267072026
0.11078790118244575 0.14346961663527236 0.20272161223154772 0.5430208699507342
0.20012360721840317 0.41020454599099065 0.1679610622404547 0.22171078455015147
0.6253237577568076 0.07241114975614837 0.27876521950289934 0.023499872984144687
0.02317813647840361 0.18780028224004275 0.712518406540641 0.07650317474091262
0.46060162107485014 0.03975427560001488 0.04901936495280712 0.45062473837232786
0.3947002866898355 0.008180044689306665 0.12307560485063684 0.474044063770221
0.09043278819643585 0.41018153124651735 0.4428627782997737 0.05652290225727308
0.039998689640650786 0.5423454805761181 0.4102980671861992 0.007357762597031914
0.11004833096656297 0.4139385035217499 0.4189734104267129 0.057039755084974275
0.18327900063057578 0.00639452828157383 0.8092587399310623 0.0010677311567880432
0.4868914823691235 0.09054989045872386 0.017238696073858084 0.40531993109829456
0.20820724019602266 0.15147086240451357 0.13216480766351768 0.5081570897359461
0.3754392475619882 0.2795959584373342 0.07432525503011878 0.2706395389705588
0.11353757521867625 0.3425014823874477 0.5056028461685218 0.03835809622535424
0.13491872253239878 0.3852419645055245 0.18688280865121987 0.29295650431085685
0.29943801894470223 0.0877346088839368 0.08581136273958201 0.527016009431779
0.07957343897032487 0.7261551684664603 0.1556688700668203 0.03860252249639451
0.16224691874820008 0.32825213313569956 0.24249596795409267 0.2670049801620077
0.41709073558366083 0.007756502341170757 0.4220852416845874 0.15306752039058102
0.035626996553034807 0.2661254169311137 0.6506244395293979 0.047623146986453646
0.2943304412963712 0.13684741100335873 0.4625742524204761 0.10624789527979395
0.08226452393202399 0.1811012591187 0.22950072429454982 0.5071334926547262
0.4854143101843673 0.19920996150834558 0.11178095349349493 0.20359477481379218
0.21134788749712163 0.48997862659639446 0.28833906268576726 0.010334423220716649
0.06088456434663547 0.10838434379879547 0.15161281794110526 0.6791182739134638
0.23979218956447224 0.1986009050753711 0.2735065639430724 0.2881003414170843
0.5590558855960195 0.04605614992215956 0.2552821553894077 0.13960580909241327
0.729494343964508 0.12011298179447338 0.02794821652778956 0.1224444577132291
0.1908360458112225 0.049796775118630454 0.5834694683287338 0.17589771074141325
0.13752361490782572 0.2488171793983427 0.5794850209383166 0.034174184755515036
0.231228304048803 0.00810677804701676 0.5687799307978806 0.19188498710629964
0.13748694797777417 0.6234258115810759 0.23127792995639707 0.007809310484752863
0.33253590652220666 0.30398113473257193 0.2916676402088678 0.07181531853635359
0.017823184026521055 0.5040486137980686 0.27861940774456284 0.19950879443084746
0.009933693670982957 0.20302233856936203 0.20866147682224456 0.5783824909374105
0.19252168025197935 0.08279153854291899 0.14604270296165744 0.5786440782434442
0.0491059726975559 0.6377047234568402 0.11835947121290114 0.19482983263270282
0.3213658387821987 0.15832792251947825 0.3602763379000744 0.16002990079824864
0.06043793213558557 0.18273623375183978 0.4395322905408817 0.3172935435716929
0.06913918311155143 0.04046776672096131 0.3577710416128348 0.5326220085546525
0.07664186926890304 0.47085813188039904 0.30694451455575444 0.14555548429494347
0.459553670010184 0.13976511071410047 0.32072826213442596 0.07995295714128958
0.30687852974345065 0.0889160801535458 0.5291323335057951 0.07507305659720842
0.34019021537064575 0.2586687305051014 0.28599434761535836 0.11514670650889447
0.23769420862405044 0.2677372210117388 0.08737397134009739 0.40719459902411337
0.14260031444628352 0.24516596588034723 0.5586136004824706 0.05362011919089871
0.20434527686864423 0.0421906043349054 0.720073813283774 0.03339030551267641
0.3403852228374361 0.1231127960997116 0.13447566539177302 0.40202631567107927
0.08846017300289077 0.2471362687156775 0.65656159479196 0.007841963489471748
0.2967937508800147 0.3372429320822604 0.1203123116200785 0.2456510054176464
0.3126402978757431 0.32846096082495857 0.01783881152549527 0.34105992977380306
0.30900034852440217 0.34862445700458156 0.12197359308176592 0.22040160138925036
0.16669413119885812 0.692924164530207 0.12278953388048452 0.017592170390450357
0.16074454850708164 0.19978070230752654 0.5930245990649258 0.04645015012046605
0.2718308491769721 0.4243307156464132 0.01990942574095078 0.2839290094356639
0.0013990231190438296 0.35289927698727674 0.13786866979482937 0.5078330300988501
0.026544641333941965 0.24701827869349868 0.17161370880369764 0.5548233711688617
0.28314035971981955 0.7077524432050075 0.002224569556217748 0.006882627518955187
0.17314990980873102 0.06871017616752129 0.4226213599876878 0.3355185540360599
0.38684542191779026 0.02392525110751975 0.1719231421245887 0.4173061848501013
0.3095898177667046 0.13211800180203837 0.27487827355959693 0.2834139068716601
0.3213319320088136 0.12992669205302076 0.4478176907318768 0.1009236852062888
0.34373953523538436 0.3672984579751132 0.05905177970919795 0.2299102270803045
0.13302868937357504 0.02670754078493509 0.6778795147032997 0.16238425513819021
0.2182722577281544 0.6417032992175087 0.11909478853820576 0.020929654516131158
0.2508340198317248 0.4124430271844034 0.1936184813888875 0.1431044715949843
0.2529805046497241 0.47978010036599106 0.2210441291519476 0.04619526583233724
0.40588132236756125 0.22631074206519386 0.2702174388152111 0.0975904967520338
0.07019911390868883 0.625391914383385 0.16252319775935586 0.14188577394857027
0.4923926469985821 0.318181111530889 0.16904992250069906 0.020376318969829832
0.5540211897717062 0.03837631321728008 0.0038360155293548637 0.40376648148165883
0.3192704571895012 0.22301015634629462 0.09335609628960273 0.36436329017460145
0.48829316680509927 0.4664543386257096 0.011945415152158856 0.03330707941703226
0.0251715638848119 0.0032402928284398502 0.3832362814645812 0.588351861822167
0.07352706186557412 0.03787925483847909 0.5162799627970008 0.37231372049894595
0.19005270791973705 0.6408510566842377 0.027391160722802788 0.14170507467322246
0.5592172832680401 0.145203125020817 0.21533495086121268 0.08024464084993022
0.2544665354944545 0.15817423204433978 0.02248942255343145 0.5648698099077742
0.5252117866139705 0.1808077333421917 0.14530490687683317 0.14867557316700464
0.5908807907349247 0.1889150134980101 0.028474603658673492 0.1917295921083917
0.06368112422046845 0.5260043244830583 0.2775749644049038 0.1327395868915694
0.046527167666138625 0.2392248171494331 0.3926887195559141 0.32155929562851415
0.18167941079661343 0.4201691953352791 0.34270418489516485 0.05544720897294264
0.1900721761341725 0.30574980976949795 0.3636143255412406 0.14056368855508894
0.0547173770819418 0.38255146436572185 0.35249683788834296 0.2102343206639934
0.14333587216899957 0.1704793611486357 0.40392477122570114 0.2822599954566636
0.012625830357479995 0.5533745546276135 0.16081052006661323 0.27318909494829324
0.09271986717104153 0.27493685460748696 0.08650683067247689 0.5458364475489946
0.09095116720087482 0.549510274955155 0.04027432507460782 0.31926423276936233
0.16905576511943454 0.606893454283938 0.0969707423428926 0.12708003825373482
0.21038644476715873 0.5758684180482537 0.002659934287805532 0.211085202896782
0.4809727659278811 0.023400685305876467 0.09460570424719561 0.40102084451904685
0.5413529803491126 0.2573922922062265 0.1718055294748797 0.029449197969781182
