42 20 4 51.19320595580071 102.38641191160143
4.370861069626263 9.556428757689245 7.587945476302646 6.387926357773329 2.4041677639819286 2.403950683025824 1.5227525095137953 8.795585311974417 6.41003510568888 7.372653200164409 1.185260448662222 9.72918866945795 8.491983767203795 2.9110519961044856 2.636424704863906 2.650640588680904 3.7381801866358395 5.72280788469014 4.887505167779041 3.6210622617823773
0.8741722139252526 1.911285751537849 1.517589095260529 1.2775852715546658 0.48083355279638573 0.4807901366051648 0.30455050190275906 1.7591170623948833 1.2820070211377759 1.474530640032882 0.2370520897324444 1.9458377338915898 1.698396753440759 0.5822103992208971 0.5272849409727811 0.5301281177361808 0.7476360373271679 1.144561576938028 0.9775010335558083 0.7242124523564755
0.29214464853521815 0.16392533568181777 0.15578291050534354 0.38814710527762053
0.19967378215835974 0.39274078670368273 0.015130283039395898 0.39245514809856163
0.06505159298527952 0.23956217618809117 0.6610182639011887 0.03436796692544064
0.034388521115218396 0.08764971372956043 0.5621947916673781 0.3157669734878431
0.2587799816000169 0.05293109448939404 0.2349992032538687 0.45328972065672035
0.5978999788110851 0.341598962753104 0.030085686200369444 0.03041537223544144
0.045227288910538066 0.04326521314138143 0.3001847876375625 0.611322710310518
0.14092422497476265 0.14001028471261812 0.5478029994645486 0.17126249084807066
0.005522117123602399 0.06902852655616842 0.6976941256168866 0.22775523070334258
0.3584657285442726 0.3483916153033445 0.06441300283832863 0.22872965331405426
0.3109823217156622 0.019915703136986984 0.5322054010229443 0.13689657412440648
0.1195942459383017 0.6100119323997624 0.15760656423826247 0.11278725742367346
0.5227328293819941 0.23805221923490338 0.010182131337663547 0.229032820045439
0.02541912674409519 0.006010058942639063 0.2829267953895924 0.6856440189236733
0.22879816549162246 0.18158475754400727 0.4971835508904633 0.09243352607390698
0.289751452913768 0.34365230359665544 0.2962938958321496 0.07030234765742693
0.8036720768991145 0.0037680782649480715 0.08511884332591524 0.10744100151002223
0.22793516254194168 0.09006831242992219 0.5000112909506292 0.18198523407750689
0.006952130531190703 0.1129132368024921 0.2975456358150962 0.582588996851221
0.363629602379294 0.15516101936407212 0.42411908216915306 0.05709029608748084
0.13949386065204183 0.22686798264164987 0.4188141180993219 0.2148240386069864
0.046450412719997725 0.1240737109672938 0.3437103147263201 0.4857655615863884
0.09767211400638387 0.7107252341100773 0.1404881891368721 0.051114462746666756
0.4401524937396013 0.05502441637166888 0.4141434919675119 0.09067959792121794
0.18485445552552704 0.3352135656522838 0.14245426317617116 0.33747771564601803
0.7751328233611146 0.11969452706653427 0.027046884595468 0.07812576497688317
0.1959828624191452 0.07536616935475071 0.05398129898936843 0.6746696692367357
0.3567533266935893 0.1859427564646592 0.2595008975957912 0.19780301924596033
0.1987156815341724 0.6167457469206618 0.17142550814568314 0.013113063399482705
0.07404465173409036 0.04182440779103935 0.6131381085158576 0.2709928319590127
0.06355835028602363 0.2616249717407234 0.2981148048008109 0.3767018731724421
0.4722149251619493 0.16534254619326383 0.07568731586778188 0.286755212777005
0.42754101835854963 0.06625457800584111 0.06748160120510549 0.43872280243050377
0.10789142699330445 0.4006792641713983 0.12783972009907763 0.3635895887362196
0.07697990982879299 0.17231231932008195 0.5062589093941737 0.24444886145695133
0.16122128725400442 0.6468990923104125 0.06334021062330075 0.1285394098122823
0.18657005888603584 0.3527721830296149 0.3567490580078425 0.10390870007650677
0.11005192452767676 0.31705586409857955 0.4336227946300871 0.13926941674365656
0.22210781047073025 0.1155073609328977 0.17313213117393778 0.48925269742243427
0.32320293202075523 0.3798160268744226 0.2687631238257828 0.02821791727903933
