92 40 4 117.95856612241991 235.9171322448398
8.972924494938631 8.097234101233521 4.822553183275968 5.309826821624704 1.003186537583948 8.707303414664676 4.179895240029829 5.380741411351822 4.97145795653803 9.44722490439283 7.459109969553322 8.563142479565384 3.623665493210084 8.517118801556583 5.026933649493586 3.603522293289325 4.630429468499269 8.193599381025795 8.702528229634183 7.444516073809472 8.051047593584308 8.831190621599646 2.538654899121153 4.963498438766608 7.960601921913746 9.281054191266572 4.172910980619147 2.0714540441878277 4.361276390098025 2.6421998737745467 1.0701118799539582 9.250879986016752 7.772404722879258 1.9689942629184563 7.088153285377672 5.85038645121999 5.724230062827497 6.530478421513944 7.517717827129713 1.6129724848000586
1.7945848989877262 1.6194468202467043 0.9645106366551935 1.061965364324941 0.2006373075167896 1.741460682932935 0.8359790480059658 1.0761482822703645 0.994291591307606 1.8894449808785658 1.4918219939106643 1.7126284959130769 0.7247330986420167 1.7034237603113165 1.0053867298987171 0.720704458657865 0.9260858936998538 1.638719876205159 1.7405056459268367 1.4889032147618944 1.6102095187168615 1.7662381243199292 0.5077309798242305 0.9926996877533216 1.5921203843827492 1.8562108382533142 0.8345821961238293 0.4142908088375655 0.872255278019605 0.5284399747549093 0.21402237599079163 1.8501759972033505 1.5544809445758516 0.39379885258369124 1.4176306570755344 1.170077290243998 1.1448460125654996 1.3060956843027889 1.5035435654259426 0.32259449696001175
0.3781029115197584 0.08902382424002864 0.35642872503325074 0.17644453920696224
0.13488626146209104 0.16637776401611415 0.1846394707892004 0.5140965037325944
0.54453446697254 0.17304558822704175 0.07462362681729684 0.20779631798312137
0.26595028761497774 0.5115771859881334 0.03810434987543432 0.18436817652145454
0.44588413796009996 0.02344693813970944 0.12395037432241462 0.406718549577776
0.011682200972270795 0.9312407262812762 0.0004258315201579599 0.05665124122629506
0.18752162812828044 0.3875638907009743 0.31084551116575065 0.11406897000499461
0.6929692790351584 0.1934676340603445 0.10262043302764601 0.010942653876851116
0.024091806084711176 0.16137579039324712 0.10738613967724941 0.7071462638447923
0.031931531498120336 0.7633399170705008 0.1897511103267805 0.014977441104598421
0.07442906576446418 0.4450839921609584 0.3549217482378302 0.12556519383674725
0.008520292661936657 0.2280832184065542 0.684497249079285 0.07889923985222413
0.7229843470516338 0.16903748212295755 0.061222998411139096 0.04675517241426952
0.11837574854295008 0.11359051874967574 0.4621628524807029 0.3058708802266713
0.31490391778135285 0.10043647545731349 0.349285827633826 0.23537377912750768
0.0075604631280210555 0.044565790233976 0.7698552629403865 0.17801848369761641
0.20763139712405765 0.4931659294122932 0.009392896754495283 0.28980977670915387
0.0913554790253589 0.7283165944949831 0.10176127057988615 0.07856665589977185
0.06632717231572938 0.05065817535871364 0.41636932093410195 0.46664533139145503
0.0011369053030998444 0.4410189427375929 0.5542592590664206 0.0035848928928866597
0.10600315471761013 0.3823314636402775 0.3746952312341869 0.13697015040792548
0.10069783376576269 0.4403679387496767 0.1708441386249563 0.2880900888596043
0.07666534719749418 0.029530915628083965 0.012060999708867093 0.8817427374655548
0.3355604735677691 0.12176163005976715 0.13911155710302614 0.40356633926943764
0.5375249039813212 0.035217792817341165 0.330269499438579 0.09698780376275862
0.0671231753671262 0.17815019914238683 0.6571096127003117 0.09761701279017532
0.32685826534532814 0.18193717547940225 0.2613535477609825 0.2298510114142871
0.17171398799238713 0.06232389478166678 0.7500157753987243 0.015946341827221766
0.24262917340367718 0.6071954685616635 0.08389592729092332 0.06627943074373599
0.10108074077199913 0.13858038346371193 0.22844371332517677 0.5318951624391122
0.22046350091077815 0.2652981954497968 0.16300206236343895 0.35123624127598607
0.07764259549401598 0.10470491564065931 0.37070798743747113 0.4469445014278536
0.6296769847768068 0.005536079780121161 0.1716131886989435 0.19317374674412857
0.11131641377766655 0.8159364482056688 0.05534246288044731 0.01740467513621735
0.6337696394888482 0.0319724136661953 0.21527150089050873 0.11898644595444774
0.5810677945632985 0.077711914946901 0.02248529681693401 0.3187349936728665
0.013388795235033002 0.7154587847941248 0.2362758182040945 0.03487660176674767
0.1197932925858225 0.006740793930993916 0.5041143605725582 0.3693515529106254
0.26485609891707074 0.5791269196684975 0.12073358134453605 0.03528340006989572
0.13512743369473057 0.02213622436572993 0.2910478384482521 0.5516885034912874
0.06693800305061393 0.301839979277404 0.09272329797308854 0.5384987196988935
0.08654682149095139 0.12349084390452958 0.6615316662920665 0.12843066831245253
0.029468553723913105 0.17023237837385174 0.5407830121921486 0.2595160557100865
0.35304050515706764 0.47299061630682404 0.03817672126049221 0.1357921572756161
0.1846077012800046 0.2664962837906393 0.3220517668817614 0.22684424804759473
0.04774350979601483 0.48860819609111594 0.4205936314839106 0.04305466262895863
0.23171934882513978 0.04788955746037182 0.19842963157107074 0.5219614621434177
0.4524368914513027 0.1509877947914957 0.34246883364791025 0.05410648010929131
0.3848339069853146 0.1706442732603468 0.0918336978111387 0.3526881219431999
0.03557627656619933 0.44286777876356964 0.22566155956825473 0.2958943851019763
0.10537433135772378 0.1735354144526432 0.20599063199896117 0.5150996221906718
0.16692360213964585 0.40732074924211636 0.3298443947853661 0.09591125383287169
0.18458432655812718 0.15818398217243868 0.024477012052545932 0.6327546792168882
0.013436906978363194 0.6292656917875876 0.29520317518673034 0.062094226047318846
0.363140947050516 0.11427976290274644 0.14656943517053866 0.37600985487619887
0.1873255874162233 0.3800174425563434 0.21072975146159112 0.2219272185658422
0.03412651134863176 0.014364007739308793 0.29471035119907696 0.6567991297129825
0.434499303278268 0.01468346639908713 0.4683228678714547 0.08249436245119013
0.005188356321749521 0.7555398931310269 0.11651377282290587 0.12275797772431774
0.009325661498729598 0.7833653330683883 0.03260134721423169 0.17470765821865042
0.45843009486126984 0.1429756608127113 0.3225084472930192 0.07608579703299967
0.5597988438488093 0.05033129263529568 0.009685229149092311 0.3801846343668027
0.009497728619264456 0.8741593015819817 0.03834551373872741 0.0779974560600264
0.1597490454871059 0.5654192473923989 0.21134934846050246 0.06348235865999274
0.3131062792820397 0.11814058709671482 0.5504036147179073 0.018349518903338136
0.30348397455963916 0.2847115126361792 0.33789832605097125 0.07390618675321037
0.19122042113387994 0.36328374406702346 0.08246354450479865 0.36303229029429795
0.2936245207328053 0.1870132332050316 0.2697755576551494 0.2495866884070137
0.3352855298496886 0.09464855783795212 0.558290514193809 0.011775398118550218
0.04951825669758958 0.14357003580814764 0.17060804264823248 0.6363036648460303
0.0944662616920835 0.6498734993770824 0.18522877358697853 0.07043146534385558
0.4892812671517197 0.04743231504380785 0.3448607749019835 0.11842564290248891
0.8439480216934155 0.0609833667252343 0.07799756839160865 0.017071043189741508
0.03945131599708296 0.20596428702729663 0.5660024853472405 0.1885819116283799
0.010307636431640899 0.18382480189616934 0.47528477769355726 0.3305827839786325
0.49799932476739206 0.020730957207196643 0.33044816320873016 0.15082155481668114
0.5055110171987118 0.019327303263184326 0.0735092140999225 0.40165246543818134
0.32386680266423373 0.1024505993746 0.058205767866280844 0.5154768300948854
0.2236024967849607 0.5484945378901869 0.02593330692732221 0.20196965839753023
0.23399678106802135 0.28596508278084776 0.02448047664036246 0.45555765951076843
