21 30 4 77.38738556001078 154.77477112002157
1.4385239272821457 3.6019869381083516 7.488697121481069 1.1945462492435481 2.853304887406951 1.4569593102583913 3.7204470456815515 6.9751926516223 3.7730295391319095 6.252321485967388 1.626138591513405 8.806640355937795 2.1991646732657295 2.603121954035485 5.463365948435402 8.773296801024012 7.8304945196090285 9.734366128142419 7.833722975069975 4.458250288811165 4.6784649649935925 7.420243850960309 3.4360279540582037 8.686925847922097 9.21847572650625 7.846804626981456 5.650016839822596 2.510521886993566 3.6882306244797913 3.5554874052757044
0.28770478545642914 0.7203973876216703 1.4977394242962139 0.23890924984870962 0.5706609774813902 0.2913918620516783 0.7440894091363103 1.39503853032446 0.7546059078263819 1.2504642971934776 0.325227718302681 1.761328071187559 0.4398329346531459 0.520624390807097 1.0926731896870803 1.7546593602048024 1.5660989039218056 1.9468732256284838 1.5667445950139949 0.8916500577622329 0.9356929929987186 1.4840487701920617 0.6872055908116408 1.7373851695844196 1.84369514530125 1.5693609253962912 1.1300033679645192 0.5021043773987132 0.7376461248959583 0.7110974810551409
0.32721257661773095 0.21715578283990666 0.25549996748133885 0.20013167306102353
0.38681643413428557 0.22800827701414905 0.2344680022427823 0.15070728660878308
0.8101575494926372 0.018160582723644625 0.0700222063684125 0.10165966141530569
0.3059151647888555 0.39294562416363266 0.08958435468860482 0.21155485635890703
0.13966465542401996 0.09154765951631572 0.6550557429948102 0.11373194206485415
0.6656936477741948 0.13891600424545303 0.014746593734915825 0.18064375424543633
0.16797507343295692 0.5711336535511324 0.12497702258888488 0.13591425042702576
0.38103513941087674 0.2531279375038661 0.21574195163534804 0.15009497144990913
0.37352109865034655 0.48382126175347817 0.03997053723717969 0.10268710235899559
0.5290773087427948 0.041567713272728235 0.3612325355774836 0.06812244240699339
0.20830305100300806 0.09556394371234667 0.6197910535288428 0.0763419517558025
0.5090796626394611 0.18144212027438933 0.09124765968864701 0.21823055739750252
0.047229130005625786 0.10354541816600138 0.4540699907309016 0.39515546109747124
0.1508509880160348 0.541063795536882 0.28834849529434226 0.019736721152740944
0.002100500892840307 0.5766455397251596 0.33802757994801347 0.08322637943398659
0.284143272181518 0.15197586532720597 0.2796995981133419 0.2841812643779341
0.3302114813466831 0.40839511552212315 0.022101176125367328 0.23929222700582642
0.1375290754165801 0.48104648981247455 0.27902284274595457 0.10240159202499077
0.11546953773860269 0.07264451533292382 0.0712421084228303 0.7406438385056432
0.08833486468591223 0.4356138899289127 0.1415903886612382 0.3344608567239369
0.06268918940131918 0.18960368568392405 0.24383925636026937 0.5038678685544874
0.19561039162894633 0.4771594538437284 0.13706345939481468 0.1901666951325106
0.2656556602845208 0.2734742689704627 0.35867857823035243 0.10219149251466408
0.5334355201833139 0.1179734781026881 0.3104461924884704 0.038144809225527654
0.3192097458549269 0.10402448043095447 0.547588576622377 0.029177197091741602
0.3025290730659017 0.09318411991274378 0.5793784070312239 0.024908399990130614
0.1294060376887719 0.5334661071546114 0.09423588592472532 0.24289196923189138
0.10754192763516712 0.41190870793471723 0.4430023815124301 0.037546982917685545
0.39574151649323897 0.008510534171486173 0.028421105441138073 0.5673268438941368
0.10231052972199373 0.353621816365973 0.3985633181594427 0.14550433575259059
0.21740086975972195 0.24273946403325408 0.2665441155035594 0.2733155507034646
0.2675218045820723 0.14283237399074644 0.24240189462117034 0.3472439268060109
0.490032225049018 0.11033704033311686 0.258520205786104 0.14111052883176112
0.4543903076107496 0.3656940973151772 0.06757103228127614 0.11234456279279703
0.3277415904125234 0.07355490806816523 0.18916126506266795 0.40954223645664345
0.24411249672277346 0.2234886937253422 0.32985164901986586 0.2025471605320185
0.17924647312516861 0.2813999951973677 0.24151782368157693 0.29783570799588677
0.04120749026614079 0.3239047565758446 0.439066095603145 0.19582165755486958
0.17672956273072515 0.018033919798031484 0.18751527852829553 0.6177212389429478
0.2465759340069429 0.26456078253423987 0.01206598246978885 0.4767973009890284
0.06996941969626091 0.6054229712166098 0.14063799917757613 0.18396960990955313
0.03510298901951303 0.40368868440509365 0.3404549558262473 0.22075337074914603
0.0745612011704414 0.5402023733303447 0.09758642817243823 0.28764999732677565
0.4617322192499923 0.0010667085776885354 0.380720229979126 0.15648084219319314
0.4790055255964919 0.193923724380202 0.059638237331582244 0.26743251269172386
0.16283091474667466 0.20047854066050064 0.40871604512313786 0.22797449946968684
0.22880153646288492 0.047330684392358546 0.5096959477826325 0.21417183136212403
0.139303583663965 0.22656440771139508 0.5592546012467788 0.07487740737786108
0.1104778922193611 0.21348127399074068 0.18787351282520703 0.4881673209646912
0.08828575481211265 0.2236734171886715 0.02180924529952133 0.6662315826996945
0.21825894513212662 0.055991675751043024 0.5035264495532407 0.2222229295635897
0.2831144435519859 0.05456167630242659 0.004293833433323124 0.6580300467122644
0.27396109208909103 0.4698040429042082 0.13737603850219182 0.11885882650450896
0.1331934419386872 0.06906400863842199 0.610198476996675 0.18754407242621585
0.03553603828633134 0.7413782587924364 0.16749994560264847 0.05558575731858384
0.7019345905358452 0.2493744727996824 0.017354841364948248 0.03133609529952419
0.04611928160405354 0.18045194754262261 0.7104929414060441 0.06293582944727971
0.510675296501964 0.07820709649761559 0.22618103217949403 0.1849365748209264
0.15286971031914565 0.442349358835018 0.06065792322709718 0.34412300761873915
0.037249817803254426 0.0908985739604764 0.23118567861591066 0.6406659296203585
