95 10 4 33.639639867793534 67.27927973558707
3.0592313880121105 2.7161921676176464 8.977237038841588 7.470333060304658 5.79685045090728 8.82515890003703 7.518139087594129 5.338782920252481 7.804694771098569 9.772659950921577
0.611846277602422 0.5432384335235293 1.7954474077683176 1.4940666120609316 1.1593700901814559 1.765031780007406 1.5036278175188258 1.0677565840504961 1.5609389542197136 1.9545319901843154
0.34406231060009773 0.15020105042185417 0.014103739695049744 0.49163289928299836
0.23170890522295928 0.024379565609361054 0.5734021527985327 0.17050937636914698
0.26398117903245766 0.03907136326480798 0.010713703549038223 0.6862337541536961
0.3495728744660135 0.017394876536127035 0.07266838771596207 0.5603638612818974
0.14370915263551942 0.3098964485837832 0.13107174051420922 0.4153226582664882
0.23786885552472448 0.3979619277310841 0.2839748919940882 0.08019432475010324
0.3131728389985837 0.0761071699948428 0.2053383241828014 0.4053816668237721
0.6105345984671525 0.29037560079616076 0.0634001075106525 0.035689693226034214
0.4952500558867502 0.46353999944739066 0.03800800340461585 0.0032019412612432907
0.21827997707273006 0.007906692450369679 0.3321246808282603 0.44168864964863996
0.5171673336720742 0.44132401897350304 0.011258879435397828 0.030249767919024895
0.38548714666088046 0.017788073592013176 0.12869638543268258 0.4680283943144238
0.05022929547385524 0.16344113933431426 0.5862574378476506 0.2000721273441799
0.35449553023317915 0.5514485923199677 0.08289661648121338 0.011159260965639795
0.0052022337023373 0.0597598763330599 0.2481897290436078 0.686848160920995
0.27914635544185595 0.1977404239203565 0.3751049724839369 0.1480082481538506
0.04491258909095952 0.06185094201651531 0.695433889839935 0.19780257905259013
0.017924351258356563 0.03052811285222301 0.6453116202743467 0.3062359156150737
0.1051346039771468 0.3539901824630951 0.5103142509113392 0.0305609626484189
0.335601792096055 0.19875245982354317 0.3872574572056844 0.07838829087471744
