83 80 4 217.9189007051931 435.8378014103862
3.3133818439462592 7.154088247639653 6.97277581812204 7.994173910197599 8.446299655019125 4.210157293613609 4.480624600732158 7.6906824516981 3.5428646358620095 3.6466893269331746 6.165918232935329 1.4241200626177766 4.483757289296621 8.51119411124835 5.689603620179559 2.147720146462476 4.734314731825382 8.387412102391615 4.101845806882377 9.242790112292997 2.687024529590963 1.2460320694290923 3.1346505031608087 7.477809349947511 3.4229807618837444 6.097410459706706 6.669714450043726 2.913063788273501 7.643587041849626 4.121501428918789 3.9240133569491418 3.8537619909424303 9.744849096922659 2.0324582989350173 3.9817576884072707 9.805319810712405 9.974063088748888 2.6278530615649696 2.253185064642352 7.393882595652726 6.912933976508744 6.501021621283072 5.498911306520965 9.993306145270926 7.655008821985865 9.06842984439129 5.929891764857133 7.808160593626864 6.606348922176405 2.8639124362676025 8.83318272630671 4.196598184177329 5.917342718400441 1.5120171842569003 3.765588742607894 5.430329538622067 4.471537031356544 5.351105230394462 2.312776207787481 3.235869178930538 9.0730825645856 6.80472960914659 8.191363478224527 6.058364472816619 8.85437146648778 1.2312403783972106 4.013733171256636 1.1300411763956286 6.0652527736054624 2.785840561289255 2.0789825885496427 8.477180651713015 2.3078204898123365 8.757951399099472 9.027085523521803 5.68363280884299 8.334029388864955 5.584663128436889 1.2504846805957972 2.9183464868363513
0.6626763687892518 1.4308176495279306 1.394555163624408 1.59883478203952 1.689259931003825 0.8420314587227218 0.8961249201464316 1.53813649033962 0.708572927172402 0.7293378653866349 1.2331836465870658 0.2848240125235553 0.8967514578593242 1.70223882224967 1.137920724035912 0.4295440292924952 0.9468629463650764 1.677482420478323 0.8203691613764754 1.8485580224585996 0.5374049059181927 0.24920641388581846 0.6269301006321617 1.4955618699895021 0.6845961523767489 1.2194820919413412 1.333942890008745 0.5826127576547002 1.5287174083699253 0.8243002857837578 0.7848026713898284 0.7707523981884861 1.9489698193845317 0.40649165978700347 0.7963515376814542 1.961063962142481 1.9948126177497776 0.525570612312994 0.4506370129284704 1.478776519130545 1.3825867953017488 1.3002043242566144 1.099782261304193 1.9986612290541852 1.531001764397173 1.8136859688782578 1.1859783529714265 1.5616321187253728 1.321269784435281 0.5727824872535205 1.766636545261342 0.8393196368354658 1.1834685436800882 0.30240343685138005 0.7531177485215788 1.0860659077244135 0.8943074062713088 1.0702210460788923 0.46255524155749617 0.6471738357861077 1.8146165129171201 1.360945921829318 1.6382726956449054 1.2116728945633237 1.770874293297556 0.24624807567944212 0.8027466342513272 0.22600823527912572 1.2130505547210926 0.557168112257851 0.41579651770992854 1.6954361303426029 0.4615640979624673 1.7515902798198943 1.8054171047043606 1.136726561768598 1.666805877772991 1.1169326256873777 0.25009693611915945 0.5836692973672702
0.4922649156739277 0.010330234089110157 0.05994137896255658 0.43746347127440555
0.11062251468591999 0.1580466079199414 0.3504684375777949 0.3808624398163437
0.5273667514032582 0.21492499475363136 0.17925416323149723 0.07845409061161324
0.34411802387716117 0.07638729738075667 0.1913775061893812 0.38811717255270095
0.43004515568297075 0.1106215817520706 0.2764102737741583 0.18292298879080038
0.4742132052512713 0.2890457770848114 0.0687125367253727 0.1680284809385446
0.4000054983475064 0.22341316206182138 0.3087854774544724 0.06779586213619981
0.3041020985544086 0.1053717142070083 0.5678250606959337 0.02270112654264933
0.20642102559868036 0.33348876422577756 0.034169687601790066 0.425920522573752
0.19707730164360193 0.17813473838021954 0.22655724580017267 0.39823071417600586
0.24010507222640676 0.3925867221921706 0.09995275876146448 0.26735544681995815
0.0772846458207852 0.32829182047868144 0.31237342603720186 0.2820501076633315
0.3912482333174975 0.1451499781818234 0.3616864521735408 0.10191533632713834
0.1317025193197039 0.1769966579821295 0.572145894925536 0.11915492777263059
0.7113753070712175 0.03172917281089527 0.05412282401734558 0.2027726961005416
0.30082132016408714 0.4008217013463389 0.00853968599637589 0.2898172924931981
0.25299039226152475 0.36857979732510227 0.30399321786231415 0.07443659255105883
0.15212818628293956 0.20591624162859334 0.5890003158201357 0.05295525626833142
0.31820916104305297 0.10286965297646122 0.35837803716690264 0.22054314881358317
0.23662196688578807 0.3695085428400593 0.2869181331160271 0.10695135715812554
0.018004519887032444 0.6918765416162755 0.20626010068460143 0.08385883781209058
0.005615238198661721 0.12790965012083355 0.020857063566511513 0.8456180481139932
0.04943839843506426 0.35341592032633373 0.10516016493179214 0.49198551630680987
0.1727033536516389 0.5822156334838009 0.045977506856690664 0.19910350600786952
0.034521672553695315 0.2455225130866403 0.29346021051757365 0.42649560384209073
0.3721802909121653 0.09541396123221857 0.4630049310702623 0.06940081678535381
0.33823829792790905 0.21420320390488579 0.24820406005889784 0.19935443810830733
0.6016305863384261 0.2897377691390657 0.001761814696756403 0.10686982982575177
0.3592918113975414 0.26835561467178637 0.2645740020274132 0.10777857190325901
0.11745758080020652 0.1015649489428242 0.09617071569886704 0.6848067545581022
0.036962556463811524 0.5585003941407641 0.05415701679585083 0.3503800325995735
0.2700081796273853 0.4222157887093215 0.19040926099680455 0.1173667706664886
0.2538427952648502 0.10625072959620252 0.4491791644157852 0.19072731072316207
0.10096249085685738 0.018044114150093438 0.2860331991925884 0.5949601958004608
0.2544153383986151 0.10466716016589062 0.43137906567731765 0.20953843575817666
0.01767480587743897 0.4523991503938717 0.3469367462972974 0.18298929743139192
0.18414087627611098 0.43956307421300544 0.03798104502784172 0.33831500448304186
0.08511965271648769 0.037003242350434506 0.14134198928733177 0.736535115645746
0.4432277767314592 0.33224447931697965 0.03650648428530423 0.18802125966625693
0.07631088010111742 0.06808110866623596 0.07257819300845592 0.7830298182241907
0.176519926442807 0.11041374654636982 0.3644850150871445 0.3485813119236787
0.5561542243934494 0.07269744019745938 0.3188666345301917 0.052281700878899495
0.22432663875192183 0.5078154259123637 0.14301824441639377 0.12483969091932068
0.2842752363211152 0.1274732307873806 0.029584992874281846 0.5586665400172224
0.09125831973842502 0.3865114627719337 0.35374138974549096 0.1684888277441503
0.19003831978972918 0.41854904048049013 0.20316128783339815 0.18825135189638253
0.14032014713772534 0.6233564087313199 0.043442901110209986 0.19288054302074475
0.6040265921936463 0.180979265503047 0.15883469091149338 0.05615945139181333
0.0399972516582936 0.047422193331198015 0.4760558035194873 0.4365247514910211
0.13994692109188778 0.13324391077055808 0.05090412709960779 0.6759050410379464
0.08322831963946875 0.15678331344247842 0.2550683556918242 0.5049200112262286
0.1320779706901487 0.13916107742978234 0.43655555580941874 0.2922053960706502
0.4941539401015903 0.37532675243252944 0.0007342828735630302 0.12978502459231722
0.1688994104927074 0.21445041838636913 0.202592018767913 0.41405815235301047
0.25624149254037554 0.4664773987147308 0.06959020515515524 0.2076909035897384
0.20997859462375645 0.09850816465102152 0.6017269571638189 0.08978628356140317
0.33848080852354123 0.5019076069563544 0.12807080651081393 0.03154077800929045
0.4869457098925528 0.18906291987506696 0.19365359447459962 0.1303377757577806
0.10430791988178933 0.5849418811023341 0.2609389809570789 0.049811218058797624
0.7943759905655443 0.05489589214548796 0.07078340947144002 0.07994470781752772
0.01481272172617809 0.0958074540179934 0.44522707456419675 0.44415274969163177
0.05776323405175565 0.32245444563877435 0.22133459218870788 0.3984477281207621
0.0203765961689657 0.4703270967371854 0.2718830451895258 0.2374132619043231
0.1549732643090863 0.2802327452601786 0.018688328690773637 0.5461056617399614
0.0600995739558019 0.5863396954365878 0.13091883864190312 0.22264189196570716
0.14150155509424955 0.14004260233461208 0.6928931881509285 0.025562654420209885
0.2658080741072978 0.046045310048731136 0.5727988180279319 0.11534779781603921
0.2260952359459807 0.09677692154246142 0.5908208427482075 0.08630699976335043
0.16851050683366786 0.10845270793784256 0.23430444208672196 0.4887323431417676
0.6469127745011143 0.03383826819001856 0.29907948933202555 0.020169467976841604
0.46968094717555575 0.009852287573863916 0.3382419339755499 0.18222483127503042
0.17129509914986651 0.5114746629736021 0.24701886514687288 0.0702113727296585
0.037952438386168685 0.8845397219322139 0.0651445559058752 0.012363283775742251
0.12522254998959192 0.4014107835339964 0.44446657659044286 0.028900089885968816
0.10027034966239212 0.013259294277710776 0.14105702499575812 0.745413331064139
0.12281457310753208 0.236837273434084 0.46313663043841224 0.17721152301997167
0.10700622428481577 0.3409002134833209 0.030026293941222026 0.5220672682906413
0.23231548002386226 0.35405388169760543 0.27404065189724625 0.13958998638128606
0.1990106475869945 0.26828476601492046 0.5169092927361675 0.015795293661917564
0.0786661284294008 0.5408860683950066 0.2165901544181632 0.16385764875742936
0.01679640632243018 0.114849496625961 0.8271064263580306 0.041247670693578264
0.6242668309849592 0.020253832440740305 0.3245190908246425 0.030960245749658055
0.0679945469237192 0.17572678719349 0.589382147931583 0.16689651795120786
0.10702916854775635 0.32754074279702317 0.29463244130013944 0.27079764735508105
0.05288554374231147 0.5982878110296331 0.07501482455504727 0.27381182067300813
0.12425336822625577 0.2971920514349776 0.22800302250030335 0.35055155783846326
0.1190304498692043 0.1571860010412206 0.3375995417836344 0.3861840073059407
0.15964745182290674 0.30776806147613556 0.4367265816422966 0.0958579050586611
0.1356019636912177 0.7209440599665463 0.11462444286856965 0.028829533473666347
0.08765396440964612 0.06269793533176227 0.6952522952818657 0.1543958049767259
0.5141102664544827 0.15015165639209505 0.32978015486640255 0.005957922287019746
0.6522238819403492 0.1150341546579221 0.1124454190901355 0.1202965443115932
0.015346382420000082 0.1397477712138272 0.55094293126866 0.2939629150975127
0.191277894275093 0.06349357918164689 0.5391404343447964 0.2060880921984637
0.30103176156777467 0.20368294119847463 0.3379493520873348 0.1573359451464159
0.010651122657789003 0.010351279743660569 0.6514727019415233 0.32752489565702714
0.38445142132126253 0.11938900825331122 0.45088999092577375 0.04526957949965249
0.05401483150295727 0.15052502839263393 0.4346742392729356 0.3607859008314732
0.4502664073119277 0.05942747144031757 0.19416157457342698 0.29614454667432777
0.3044672299480693 0.24248662785537578 0.22458877807508526 0.22845736412146966
0.5145180398091073 0.11216855289066696 0.34357907048126635 0.029734336818959428
0.18014732149115364 0.5523171426037706 0.1051796294535281 0.16235590645154763
0.5581726467648654 0.1259442929289344 0.2905504857949951 0.025332574511205075
0.20464041796658528 0.4284739461813999 0.31615149951897903 0.050734136333035806
0.46467553630386904 0.23471328780684975 0.005397363141938505 0.2952138127473427
0.12433685215013968 0.4456993063790172 0.06218559880349672 0.3677782426673464
0.37029660727625513 0.08819533295257487 0.30201317909776093 0.23949488067340907
0.19003858754848946 0.07694453311605642 0.25428709279661876 0.47872978653883536
0.08801147099401696 0.08748582074626166 0.5233136170650229 0.3011890911946985
0.3398356635099724 0.20399719327197763 0.05295276231247292 0.40321438090557704
0.14271167538668894 0.13661653857511036 0.4833902655031579 0.2372815205350428
0.2548196488968363 0.016072713831248753 0.6502038038364438 0.07890383343547114
0.4193855774882732 0.11915629681618789 0.239600137965697 0.2218579877298419
0.5624306974135885 0.018742273942890186 0.26748314449330746 0.15134388415021383
0.5518640146851709 0.17521886002929055 0.022803823674228285 0.2501133016113103
0.6039862281016035 0.03877130865931344 0.24613730917955656 0.11110515405952648
0.30442359150474374 0.27536068561314053 0.04303753451340109 0.37717818836871464
0.2626962597150765 0.6221942381257833 0.09339511580250714 0.02171438635663303
0.327834807232371 0.2997205950126349 0.08778962062934759 0.28465497712564647
0.46195345176051894 0.07345094530368945 0.13071460465991025 0.33388099827588136
0.1739058082878039 0.056883625328025045 0.7681972381696605 0.0010133282145106115
0.5118956434401102 0.300613317935444 0.09268254723021074 0.09480849139423508
0.17597995432704017 0.640438116071089 0.11219332338117427 0.07138860622069654
0.12840416254305198 0.5690203444293835 0.07162428449763647 0.230951208529928
0.04691896830235265 0.17024821314929606 0.5447283152454298 0.23810450330292154
0.2818527737380574 0.022922672305219494 0.5974025351000789 0.09782201885664421
0.2708703568456958 0.32500093443022715 0.3484462245287232 0.05568248419535382
0.10205048116112347 0.07892166746198415 0.18050300641364947 0.6385248449632429
0.025694617952766285 0.48592850390835873 0.48387329705777393 0.004503581081101049
0.15109027690494314 0.13370645430981343 0.42361181414009685 0.2915914546451466
0.3480987802876342 0.06155158914873726 0.20072020040131688 0.38962943016231166
0.08969159074704947 0.06403028233065655 0.30397480187097625 0.5423033250513177
0.2460695816331997 0.42149287997874263 0.2663126037303293 0.0661249346577284
0.13127099781033624 0.11326012801155871 0.4537894356312493 0.30167943854685575
0.6168726490917951 0.048887322549654444 0.15383810289401034 0.18040192546454015
0.00860144857870615 0.43327167889902596 0.15395868296696447 0.4041681895553034
0.2708457262978974 0.14005756676915226 0.5008863292539898 0.08821037767896056
0.017481322750851236 0.36865411147205795 0.3832997891725698 0.23056477660452102
0.28432453715531836 0.11309791052946783 0.09067167026031764 0.5119058820548962
0.09990469836290816 0.367374501481759 0.46346127916201163 0.06925952099332122
0.07850240060524272 0.14600417575949276 0.08709794651465519 0.6883954771206093
0.516102395032591 0.001560686568559233 0.03330359472982347 0.44903332366902626
0.35063845973989816 0.06603945180364368 0.5583246771321796 0.024997411324278573
0.007422679596332693 0.07547176933931787 0.5746411788979766 0.3424643721663728
0.4224510855217508 0.3482723727857018 0.19702495429059208 0.03225158740195533
0.125972371614666 0.3035631767665262 0.4351381414768365 0.13532631014197127
0.29333818460735184 0.14205426168008872 0.3472765104657981 0.21733104324676134
0.6015687964035263 0.0317933176138141 0.19731129461518415 0.1693265913674754
0.5132353947905769 0.019251649337081678 0.42705331214020714 0.04045964373213429
0.03119699867268999 0.21799553305771302 0.45258105775025614 0.29822641051934085
0.0690968497381369 0.10214006104009576 0.09024615507050371 0.7385169341512636
0.07631570059800574 0.09882291755784167 0.7222267328072721 0.10263464903688047
0.32936548476230876 0.15502364157786674 0.042984109000015036 0.47262676465980946
0.48652891841941914 0.24161363668163605 0.08735962990998447 0.18449781498896034
0.1967929489505117 0.0856681225996121 0.5434492109798055 0.17408971747007074
0.10603820254429785 0.4095002100817443 0.008847631866696237 0.4756139555072616
0.17748978082063216 0.5277719543826414 0.0761791423679492 0.21855912242877729
0.09383214889441294 0.4430903170463151 0.34050310152984875 0.12257443252942324
0.14348111818625886 0.24966761058239573 0.12777194656529633 0.4790793246660491
0.31904182729005104 0.46757296283623007 0.09883287326269641 0.11455233661102249
