93 10 4 35.433734504137284 70.86746900827458
6.457189039988279 6.917604117560341 3.765169084092129 9.65803136635758 5.823270165981643 6.936712217979729 9.994388759409443 7.758855342389721 5.846699833025205 7.709549081490495
1.2914378079976558 1.3835208235120682 0.7530338168184258 1.931606273271516 1.1646540331963284 1.3873424435959458 1.9988777518818885 1.5517710684779442 1.169339966605041 1.541909816298099
0.23559819468300558 0.2389603499901476 0.37046121212729266 0.15498024319955417
0.1851633718138186 0.43712863350070974 0.24715260725412813 0.13055538743134354
0.5690645524601465 0.20964823160397783 0.023800793348641935 0.1974864225872337
0.271675192681196 0.20587421405925066 0.4816299647462454 0.04082062851330792
0.20105064264527273 0.07755813934982436 0.2804178329282353 0.4409733850766676
0.12755269651280088 0.3381588050441452 0.4822350089241719 0.052053489518882
0.04135017792114337 0.4264343096586243 0.11102527927200234 0.42119023314823
0.45518218469412475 0.1876736583084565 0.07772626678254113 0.2794178902148776
0.030385909819087176 0.22064893441295297 0.45181604831426825 0.2971491074536916
0.1729608207199459 0.04556660215553121 0.2785719489986933 0.5029006281258296
0.4056467451430634 0.010703745349519123 0.2768286933008356 0.30682081620658186
0.05264577893382205 0.015629077877408748 0.5327435128236295 0.3989816303651397
0.09253529359472201 0.3127995776873057 0.3800371786266026 0.2146279500913697
0.4775052076315923 0.17735990954691283 0.1890972780732164 0.15603760474827844
0.3247752995195735 0.05040756115464817 0.48522167475134015 0.13959546457443817
0.17646285084462976 0.2782886481806698 0.4723517963432158 0.07289670463148468
0.0014726320542625126 0.4205927262149137 0.5245181648218311 0.05341647690899265
0.09256217559492996 0.1128023498189965 0.5939312494468268 0.20070422513924668
0.034520955228579564 0.17737230650302271 0.0008698831151705555 0.7872368551532272
0.6229639108927911 0.1491372305999934 0.0553692685371967 0.17252958997001877
