38 10 4 27.734927226733948 55.4698544534679
4.462958075650693 8.737370619315572 9.49779672226678 7.325424042496564 6.7027068745426615 6.453651537915382 2.80114158573914 4.486490989000311 3.3308484737628845 1.671465532777911
0.8925916151301386 1.7474741238631144 1.899559344453356 1.4650848084993129 1.3405413749085322 1.2907303075830765 0.5602283171478281 0.8972981978000621 0.6661696947525769 0.3342931065555822
0.2809569746777908 0.2022920689116724 0.04638034041482142 0.4703706159957154
0.4710553439951908 0.03377326138118841 0.4555385486102068 0.03963284601341399
0.3091764244481644 0.345501957187098 0.32009126595044013 0.025230352414297497
0.08814555543490965 0.7111273733284801 0.12389136679094692 0.07683570444566334
0.015090351039761307 0.19569557488633116 0.20239308668540323 0.5868209873885043
0.1271929826764855 0.09068573972928373 0.22515463749660736 0.5569666400976234
0.12116783759476857 0.20282403838540863 0.15474573828872862 0.5212623857310942
0.29481288648625625 0.06847288687415087 0.07858742991091117 0.5581267967286817
0.3294575572858509 0.08781610497149894 0.2720535998982204 0.3106727378444297
0.391248612897663 0.18806188624496567 0.06468840004493381 0.3560011008124375
0.4384341511460498 0.1238289930887061 0.3062263420526389 0.13151051371260525
0.6888420069968219 0.13433374776889073 0.034968483949413764 0.14185576128487365
0.44853465803239667 0.10118640444665239 0.40113766520228455 0.049141272318666385
0.614906238743843 0.11344739830737371 0.0646809721035323 0.206965390845251
0.1842786974189522 0.057362490661207244 0.48754818484908957 0.270810627070751
0.09042597346230319 0.5079733967190231 0.21344567616031884 0.18815495365835488
0.4017410368124711 0.01596368764221001 0.5742937648301365 0.008001510715182403
0.25006978324328 0.3194375968726402 0.03176052702351739 0.39873209286056244
0.2907360027058288 0.3575794982803159 0.2715244243428854 0.08016007467096997
0.6625087757167445 0.007643466389617659 0.058644363857758064 0.2712033940358798
