90 20 4 54.40321871286635 108.80643742573268
2.377487788895322 2.4191709490846653 9.869420027648374 9.140479577247643 2.674704364003369 3.4093856297184555 4.006460417395412 6.801326838392721 3.262665166821157 6.716857486491543 6.218180009571964 6.569301005586586 4.309949133791452 3.3235056311270106 2.7491517102830194 5.972683568950478 8.430677215012231 5.531051825869226 7.188038891556346 7.8359401882857265
0.4754975577790644 0.48383418981693305 1.973884005529675 1.8280959154495284 0.5349408728006738 0.6818771259436911 0.8012920834790824 1.3602653676785441 0.6525330333642314 1.3433714972983086 1.2436360019143928 1.313860201117317 0.8619898267582904 0.6647011262254021 0.5498303420566039 1.1945367137900955 1.6861354430024462 1.1062103651738453 1.437607778311269 1.5671880376571452
0.0801038968579525 0.5622000924479417 0.16917002523305347 0.18852598546105237
0.5942517774839245 0.09562957811086004 0.29633589462776144 0.013782749777453973
0.5477365686580543 0.051494070820696236 0.2394939360628472 0.16127542445840226
0.28397939083661716 0.351192429972603 0.17796388127340645 0.18686429791737336
0.7535564054452825 0.006139615804755527 0.021548687799113453 0.21875529095084856
0.44141912537248595 0.13965483239092935 0.33628778406612947 0.08263825817045523
0.03762491609951424 0.0049209963086236375 0.6474629204026069 0.30999116718925523
0.6363355059355751 0.027528193969394987 0.15530691594938761 0.1808293841456423
0.06511069917522705 0.07994728194898904 0.3326783018815539 0.52226371699423
0.10723666035884383 0.03516388607498133 0.49733534765663223 0.3602641059095426
0.17222864344596522 0.42500906005637107 0.33502313780336757 0.06773915869429614
0.16234382525204372 0.025744305682973923 0.7104772909833889 0.10143457808159351
0.036555037449919836 0.055768299617967365 0.1569783913897479 0.7506982715423649
0.5174301349944334 0.18981037793163724 0.20022362343094557 0.09253586364298383
0.40861216090048513 0.11852561095019698 0.00780692336017208 0.4650553047891458
0.18775160056804419 0.08886227209393915 0.1500438470890646 0.5733422802489521
0.4695783086815162 0.0790665263749798 0.05324910094901747 0.39810606399448656
0.4766591514344346 0.1584502399849541 0.15812784524702173 0.20676276333358956
0.17581212611303076 0.15998238642023244 0.44318705657867574 0.22101843088806106
0.20949276068203737 0.08667622818916731 0.36545706252582366 0.33837394860297165
0.05082903820888296 0.3341752723905822 0.4224855310927025 0.19251015830783236
0.623238408718428 0.1965595001231243 0.14846447428247667 0.0317376168759711
0.4600107025815916 0.2215819805410032 0.2749045688281625 0.0435027480492427
0.41671668748122415 0.06764362952721004 0.12245773355692358 0.39318194943464224
0.30422153475609315 0.09568208772786502 0.20248056707669826 0.3976158104393436
0.5956696149350738 0.30678588707394516 0.02997507123443155 0.06756942675654953
0.46239777294776496 0.49658124784560964 0.009104537358488707 0.03191644184813669
0.08796747714396325 0.03919111433394484 0.7664008917046352 0.1064405168174567
0.33628657522722205 0.1634519846528354 0.03701850209247215 0.4632429380274704
0.18737458930544748 0.10129268236889255 0.27080394816036923 0.44052878016529073
0.41599945782845726 0.1327362389002793 0.44143410671138106 0.009830196559882376
0.2915832487376844 0.19718412807472452 0.18512802695206265 0.32610459623552845
0.8456283151753128 0.007225123596855676 0.12564105097668876 0.02150551025114278
0.28385982369897766 0.32779112897543006 0.37099878839360423 0.01735025893198805
0.38379600979100315 0.33654059759221133 0.2287422744203479 0.05092111819643763
0.09376640952597814 0.38346616904148245 0.25570503412295964 0.26706238730957976
0.019901741520077176 0.16959057475671369 0.3810147420690786 0.42949294165413054
0.4710693834429036 0.27095292734042253 0.06181537030040607 0.19616231891626779
0.15444951836875043 0.1309096474765047 0.018688959383926673 0.6959518747708182
0.33489692425257644 0.04180171052864212 0.29111900953233183 0.3321823556864496
