49 10 4 32.177752547006904 64.35550509401381
3.708680102703231 3.22355648765633 9.33701621553258 9.024430944499876 7.149490839774883 6.101961935497051 5.922692922187285 2.8938145238808923 7.927790213668922 9.06607090861276
0.7417360205406462 0.644711297531266 1.8674032431065162 1.8048861888999752 1.4298981679549765 1.2203923870994102 1.184538584437457 0.5787629047761784 1.5855580427337843 1.813214181722552
0.4422127828941942 0.2794376736717774 0.123180849173948 0.1551686942600804
0.2898378865007918 0.4120683810202034 0.26026127388325415 0.037832458595750684
0.35522728982654916 0.5512722833211592 0.03652919346801564 0.05697123338427601
0.2514930382726811 0.05142740042074867 0.5407228925322477 0.15635666877432253
0.6657567170339073 0.1891811245607914 0.1351692995752971 0.009892858830004236
0.16660746498138002 0.31374432410385933 0.10242232794570971 0.41722588296905094
0.5430657341203313 0.02477010104982369 0.059985547335207445 0.37217861749463754
0.0907847055003721 0.22908509501198404 0.2973069262769028 0.38282327321074106
0.010167566218610702 0.12690400843804095 0.48469083453494466 0.3782375908084037
0.2713392135609134 0.2514177439874107 0.10496684198639894 0.372276200465277
0.22913820441272792 0.2696421454955379 0.30365017789615956 0.19756947219557464
0.058918335545673606 0.2532458065652935 0.39544471907388623 0.29239113881514667
0.2519290024999423 0.16887023236422005 0.18558393197731415 0.39361683315852347
0.07604762834331136 0.5611468099368134 0.27344115218779097 0.08936440953208424
0.3930553850050462 0.5280901212534724 0.018774029585787777 0.06008046415569357
0.3614378357735736 0.01597407285527308 0.5175294064621644 0.10505868490898895
0.006671474159268609 0.7619434527276943 0.05468631327462292 0.1766987598384142
0.027459156688935282 0.22835414928027276 0.5754134286765586 0.16877326535423331
0.6851055586476112 0.2435433557644645 0.0609817976373358 0.010369287950588446
0.594305015244464 0.00638453604073852 0.13363156417605293 0.26567888453874455
