74 100 4 261.13670847188143 522.2734169437629
2.8198206408721718 8.060928436995049 8.74483515313328 3.943766809732912 3.2397442847635007 8.293273446218297 7.420913103315365 6.951955720404018 7.3944213132661 2.0161078765310565 8.829748031104653 5.287850356293555 1.7224379284367726 2.338934157304754 3.9162182834124 1.0608164633927657 7.451920654665319 1.585690493494888 4.814611642037224 8.243916315285585 1.265465106800412 5.731914777098036 8.086024144643336 8.306882746469501 4.073116818914792 4.597060083336812 8.760985323374403 1.0192206760253426 2.5206640234219195 4.452658176320602 6.399560963348801 2.1742206168623768 1.3120331142501866 7.3171664359207735 5.785202899019894 7.735938222536454 2.3685840516270167 1.6132827530875529 5.393224215187388 5.809974622287679 6.20066058580415 6.976277114012966 4.981969784583266 2.2393629587091546 2.832513940166389 2.9793570555235 8.04271333686462 7.37074457693731 5.715934379459153 9.811331202008791 3.4026595156763917 7.555287218386293 4.348403142287114 5.353072773208128 7.981667211794864 9.538550271514605 6.999720218951548 7.609558569739774 6.812873532149611 1.1710002063904867 9.217949826337748 4.462327844742629 6.0705256034550805 1.5173925944309063 6.665870454226011 1.781854182533249 2.480849627441219 2.8032351662524477 4.999149475651045 9.402054559462933 1.0240313694281236 3.0405866538255557 6.292323289882923 6.706490246714629 2.05381899314209 3.6652368398644413 7.095215264493464 4.041193706956868 7.296925314814842 1.483401051644425 1.7205835682338417 9.437480311721883 9.617768466038727 5.899716019797298 5.362607435974455 1.9115811279810262 3.1668978164999664 6.391760278377923 8.084541251818688 5.625781670934464 2.135010207727082 8.082523512093058 4.788743801340579 9.395706703585207 2.1246492987982153 8.46388079847885 4.710996671140363 6.990141365374919 1.3481440992281915 8.129721997956429
0.5639641281744343 1.6121856873990097 1.748967030626656 0.7887533619465824 0.6479488569527001 1.6586546892436593 1.484182620663073 1.3903911440808037 1.47888426265322 0.4032215753062113 1.7659496062209308 1.057570071258711 0.3444875856873545 0.46778683146095085 0.78324365668248 0.21216329267855313 1.4903841309330637 0.31713809869897763 0.9629223284074447 1.6487832630571169 0.2530930213600824 1.1463829554196072 1.6172048289286671 1.6613765492939003 0.8146233637829583 0.9194120166673624 1.7521970646748806 0.20384413520506853 0.5041328046843839 0.8905316352641204 1.27991219266976 0.43484412337247536 0.26240662285003735 1.4634332871841547 1.157040579803979 1.5471876445072907 0.47371681032540336 0.3226565506175106 1.0786448430374775 1.1619949244575358 1.24013211716083 1.395255422802593 0.9963939569166532 0.4478725917418309 0.5665027880332778 0.5958714111047 1.6085426673729242 1.4741489153874618 1.1431868758918307 1.9622662404017581 0.6805319031352783 1.5110574436772586 0.8696806284574228 1.0706145546416255 1.5963334423589728 1.907710054302921 1.3999440437903097 1.5219117139479548 1.3625747064299223 0.23420004127809735 1.8435899652675496 0.8924655689485258 1.214105120691016 0.30347851888618127 1.3331740908452023 0.3563708365066498 0.4961699254882438 0.5606470332504896 0.9998298951302089 1.8804109118925865 0.20480627388562472 0.6081173307651111 1.2584646579765846 1.3412980493429258 0.410763798628418 0.7330473679728883 1.4190430528986928 0.8082387413913736 1.4593850629629683 0.296680210328885 0.3441167136467683 1.8874960623443766 1.9235536932077455 1.1799432039594595 1.0725214871948912 0.38231622559620526 0.6333795632999932 1.2783520556755845 1.6169082503637378 1.1251563341868929 0.42700204154541643 1.6165047024186117 0.9577487602681158 1.8791413407170414 0.42492985975964304 1.6927761596957702 0.9421993342280726 1.3980282730749838 0.2696288198456383 1.6259443995912857
0.03220866509838305 0.6674516393640021 0.15894908286888587 0.141390612668729
0.280661045847055 0.12456911497326228 0.4329080409164251 0.16186179826325764
0.23098798675421028 0.1300979013064112 0.22713866358674595 0.4117754483526326
0.1349166071469785 0.5161216921184886 0.05345514853090738 0.29550655220362554
0.27369633097843726 0.6000579664741739 0.10492061717353751 0.02132508537385136
0.19711824028098857 0.44203077003359625 0.0937436872901144 0.2671073023953008
0.5086347706913593 0.09316370303434429 0.3821742976460937 0.016027228628202717
0.026214233014971944 0.036096418253349194 0.49097189969568766 0.4467174490359912
0.5874934916737881 0.05118461910973604 0.060078181110875484 0.3012437081056004
0.2735668867760833 0.38793908906462937 0.16408357301521648 0.17441045114407083
0.06443640260589767 0.046403484206834156 0.2728414294986151 0.6163186836886531
0.148567573001671 0.5070052402690525 0.23851727332734252 0.10590991340193401
0.0737120014921957 0.30865186476815776 0.34947788359482557 0.268158250144821
0.21060652809955627 0.38343770503036667 0.32581779584053905 0.08013797102953801
0.018685203615573687 0.16571116525848795 0.27877522302469315 0.5368284081012452
0.2130340680599896 0.5236688519164328 0.09920425932974586 0.1640928206938318
0.13318248968069957 0.356362900582037 0.13210411710204673 0.3783504926352167
0.38054820415253077 0.2687401680530451 0.19635711333247652 0.1543545144619476
0.64139494967554 0.04574629586191614 0.13925632773666718 0.17360242672587667
0.02638544686764266 0.2890814836902741 0.6198350374783737 0.0646980319637096
0.14977602855145977 0.03626553010455458 0.186435058330768 0.6275233830132176
0.1488877768952851 0.4452768133573266 0.07458887378414569 0.3312465359632426
0.30636286166326165 0.08301680525026889 0.02553030121239508 0.5850900318740744
0.11730671855942898 0.6966061791890409 0.014938450059179709 0.17114865219235043
0.7336620035643544 0.08079515116971792 0.0068752852422248045 0.17866756002370288
0.11948920436654609 0.47410037295486407 0.2741822459100981 0.13222817676849175
0.018510187677406864 0.7453854483332696 0.11197416539382321 0.12413019859550034
0.44229859782029435 0.3870161930132676 0.14245692189491688 0.028228287271521157
0.10053291955959087 0.021252591911303242 0.442920433604466 0.4352940549246399
0.05300722858532625 0.4052205173626461 0.32230103163645785 0.21947122241556982
0.6775552318225987 0.07362614095185482 0.23787358642017276 0.01094504080537373
0.6509924329221743 0.12549191669939375 0.18970185253133254 0.03381379784709937
0.01972241732746327 0.8505305268334967 0.02377481740530396 0.10597223843373604
0.24683746599845657 0.48131879304293146 0.10216322672469424 0.16968051423391772
0.06941992419284848 0.8732988668137112 0.05711883704749521 0.00016237194594515003
0.6854106670451034 0.026719131282254227 0.23142748784972678 0.05644271382291555
0.18148525803390458 0.3665384772910689 0.019216873523133282 0.4327593911518932
0.12535710335843497 0.08985789348434181 0.013245737025072146 0.7715392661321511
0.09115027205901927 0.05120546866205378 0.018661170972656183 0.8389830883062708
0.4963928255666925 0.08504406294952493 0.10649674125925612 0.31206637022452643
0.39798168302480996 0.3046617752203724 0.13940281908499397 0.15795372266982366
0.16553014834310043 0.3392281285716079 0.15831837715551988 0.3369233459297718
0.19359354158633746 0.3047806074257795 0.2594044731447974 0.24222137784308562
0.2046083444649507 0.3297300326768202 0.01744977569050432 0.4482118471677248
0.3685626914649762 0.2097025001461481 0.19222464760557256 0.2295101607833031
0.08644676518574412 0.37000525594883904 0.47046985911168604 0.0730781197537308
0.30626366615923717 0.11046819284236287 0.14776749025529357 0.4355006507431064
0.02056413065996532 0.3001448462222138 0.3755365421248208 0.30375448099300006
0.06977639967608973 0.24488272896479912 0.5821858373980108 0.10315503396110037
0.24552609796399105 0.1933213045861102 0.15203564868005592 0.40911694876984284
0.04647307795649125 0.5098516735105513 0.23591877952623874 0.20775646900671874
0.12241265623359332 0.2849715251360784 0.5779360658308691 0.014679752799459211
0.453853140498501 0.12189104638594805 0.2535202946515347 0.17073551846401624
0.33996544238833015 0.3437601475473909 0.20924888698874333 0.10702552307553559
0.0001237701397784896 0.4445246773109751 0.40157021107498003 0.15378134147426636
0.28616708083597464 0.4605285040169149 0.10245965432918569 0.15084476081792475
0.11099209408275035 0.4764878609160713 0.34380686547074346 0.06871317953043488
0.10575530106296605 0.6633247958159584 0.21463979890649976 0.01628010421457582
0.033736446924046315 0.2842200508400399 0.2494276580053495 0.4326158442305643
0.33406081412185806 0.2414035332036878 0.03986410477266189 0.38467154790179225
0.03066388829310973 0.17085957386198414 0.26793873044513683 0.5305378073997693
0.05885119639977765 0.12453475800904856 0.19672279846618035 0.6198912471249934
0.42509558622333155 0.05283197957431751 0.27899977374060114 0.2430726604617498
0.18310478468517655 0.22653994409018208 0.15841260081313213 0.43194267041150924
0.07096913761871504 0.31856620554720194 0.26285947320462877 0.34760518362945425
0.003911251652059744 0.09440842812171257 0.7319612191503443 0.1697191010758834
0.40193315921690365 0.15851928802606996 0.27414676666313587 0.16540078609389053
0.7089913585020352 0.2528716231092897 0.026238527238665488 0.011898491150009627
0.136881684444203 0.44227924764070115 0.09024339433882111 0.33059567357627473
0.04799617371694176 0.03296176612148927 0.22407204525071445 0.6949700149108545
0.19783409032852972 0.4312921524502642 0.3558126398587743 0.015061117362431764
0.27412965914338605 0.7127325198488573 0.009019879450858692 0.0041179415568979305
0.07772061735253533 0.33056692150523903 0.2719672191260766 0.31974524201614907
0.8280923191879979 0.025015144511122078 0.09077920204460566 0.056113334256274405
0.2940380971946338 0.3225155162870271 0.03964539741571249 0.3438009891026266
0.3557082094205528 0.359112604748824 0.2668344582392622 0.018344727591360965
0.1899087515765786 0.12819583042124283 0.5457499158097413 0.13614550219243726
0.043983231828942815 0.5339804324394695 0.1987516946622495 0.2232846410693382
0.6844429215390905 0.006526161657966045 0.23456895697689728 0.0744619598260462
0.30713233019488206 0.13128281487784632 0.27196817334933376 0.28961668157793785
0.2806144440610773 0.0031627962886564553 0.6396980335170112 0.07652472613325512
0.1430072263695199 0.0728387557172212 0.2739118323714771 0.5102421855417818
0.11345190782834458 0.02113975770243748 0.8077480278613056 0.057660306607912326
0.19899242015835106 0.1278216031393702 0.0508082923858344 0.6223776843164444
0.05979868776792008 0.7399152932118184 0.0689297201998873 0.13135629882037425
0.2047501810923622 0.16079979738539052 0.6287257878500477 0.005724233672199541
0.02955551954235458 0.3260339007510903 0.612614395024922 0.031796184681633144
0.19335940191496093 0.036038933493517056 0.6102329256513249 0.1603687389401971
0.16578240453720228 0.27759406321300184 0.47863701172430184 0.07798652052549404
0.4303855973042696 0.28319542017117316 0.08924251039518794 0.19717647212936928
0.29967300380577366 0.48604463635326745 0.17466864659161674 0.03961371324934215
0.09112824029515842 0.07657190298962846 0.5531954967728174 0.2791043599423957
0.6893686061735675 0.17921499274230512 0.09929145675773321 0.03212494432639412
0.22413841809430723 0.5766129990590686 0.0230902209188405 0.17615836192778367
0.47070199897320375 0.13349467605744825 0.3839963561113193 0.011806968858028677
0.3690785519899361 0.2103681911706634 0.2097741554107143 0.21077910142868617
0.015576696025833892 0.04824055425055673 0.6591764539108993 0.2770062958127101
0.1599136888766628 0.11468289663550157 0.6835530414835684 0.041850373004267194
0.22079886754911038 0.46497388215184166 0.20364324361643626 0.1105840066826117
0.06173321123685749 0.7941088828251426 0.12795002436618774 0.016207881571812188
0.506502240807773 0.3430878216893549 0.03482755043531527 0.11558238706755686
0.020372987850272306 0.4547346502229431 0.016635664783419934 0.5082566971433646
0.35254712252836884 0.29170165355041855 0.04764209476726855 0.30810912915394406
0.2807715327432573 0.5241183674730551 0.04793199368691037 0.14717810609677728
0.34980555646534695 0.36134132521045004 0.275151488592956 0.013701629731247
0.31707267357464597 0.25787003366356653 0.34691006705717997 0.07814722570460753
0.0996362289358913 0.10456730955458271 0.3756894723440597 0.4201069891654663
0.13017093354190634 0.4626387972787659 0.40244407763468215 0.004746191544645617
0.03784691478222313 0.1538545287100176 0.719280511017029 0.08901804549073034
0.05866971741711746 0.23167481793264022 0.057405800864992695 0.6522496637852496
0.24931008146574607 0.41977231351962185 0.025039441654428507 0.30587816336020357
0.301558448430276 0.28881900966225227 0.2442457509671454 0.1653767909403263
0.09204275746116597 0.1449954719885046 0.659313348256638 0.10364842229369142
0.6102497642853931 0.07422554621332988 0.1502372055902037 0.16528748391107329
0.21646807815157454 0.3036735615645402 0.35057122587573786 0.12928713440814743
0.15793420557525484 0.13325820996175108 0.4458277853021029 0.2629797991608912
0.5900939646318847 0.1789352577521992 0.20201968445790575 0.028951093158010366
0.03166836735318679 0.36503318966900833 0.4680245474953274 0.13527389548247748
0.16687011304220978 0.3300309015063184 0.21231409995680428 0.2907848854946675
0.4454170019958409 0.11670461986162406 0.43103303120997205 0.006845346932563001
0.15708647346115556 0.6697359526174984 0.088670211411087 0.08450736251025903
0.15978065716100387 0.2131464797654209 0.3333241113445793 0.29374875172899595
0.040673016487323244 0.5445402880863723 0.061175196420661604 0.3536114990056428
0.036497952827602265 0.31484585103952145 0.5820075527494615 0.06664864338341481
0.4538897721410369 0.08214288709246154 0.17376072090798977 0.2902066198585118
0.04589648606692687 0.08897723361347709 0.8510459395844531 0.014080340735142971
0.060878432938621385 0.6653551062857123 0.26248723950583075 0.011279221269835604
0.36613730859520177 0.35598343178484704 0.0807982963105558 0.1970809633093954
0.33690857350105585 0.2172482747134694 0.013367175913679752 0.432475975871795
0.11683620265025252 0.01678777266080589 0.6481536826838029 0.21822234200513868
0.032470048080179725 0.7642079708086409 0.12038567010687873 0.08293631100430066
0.310839319597505 0.20820712908590178 0.34113334436135156 0.13982020695524167
0.04525172803589261 0.25852549962600224 0.5153307817951702 0.18089199054293492
0.021922012393255197 0.1491791197243536 0.5453417480523908 0.2835571198300004
0.093908781373917 0.5289173103055916 0.036325833770151084 0.3408480745503403
0.32582222908758685 0.4355789286275018 0.06793894801391176 0.1706598942709996
0.5129711921682283 0.15096996971590282 0.2534565750017307 0.08260226311413821
0.32323112250073593 0.1799473079370495 0.4631570987580552 0.03366447080415935
0.2267666836792379 0.19275990177850688 0.21457481018630198 0.3658986043559532
0.1898322044738986 0.5477242622458985 0.09488559439626787 0.167557938883935
0.5537492986135472 0.18195727710754517 0.20103473669183825 0.06325868758706943
0.47713396927208584 0.02092913300217425 0.32409706069234656 0.17783983703339334
0.14217689279943357 0.023237711856332388 0.2753329572882016 0.5592524380560324
0.024768534099006922 0.01781042822031431 0.6955868065455704 0.2618342311351084
0.2635143767343654 0.25688055346341376 0.4227202334283272 0.05688483637389363
0.5498014657342941 0.18827997020820542 0.0947551977312786 0.16716336632622186
0.0817612688121605 0.7233429829978907 0.18899207164989573 0.005903676540053082
0.2954918563784351 0.016175663740926494 0.6818130674189623 0.0065194124616760885
0.10817863374071801 0.12136372337758727 0.3300741774996724 0.44038346538202233
0.1319657800665176 0.036025040589880986 0.6112323263406448 0.22077685300295657
0.5007316201039227 0.07138002095433615 0.19728863124958385 0.2305997276921573
0.3036192769809257 0.2703250110409916 0.38317634167949266 0.042879370298590014
0.5877363976878412 0.2556550909504255 0.020050745190098196 0.13655776617163506
0.08024358029122713 0.2955741798450684 0.44676938996651394 0.17741284989719053
0.08379465096627214 0.7112937858867443 0.11154639495728136 0.0933651681897022
0.5669427894625397 0.08546372838430216 0.229486387969416 0.1181070941837421
0.10456151960294757 0.10723912919725365 0.5548929798319633 0.2333063713678355
0.5710366150119904 0.07486488425178484 0.0066191269931688 0.34747937374305593
0.027963491818538855 0.34067480965517405 0.09855602515649875 0.5328056733697883
0.41870504031597233 0.16466307191111185 0.300497417341828 0.11613447043108782
0.27412789374223867 0.29910313130043165 0.02620495040881432 0.40056402454851536
0.1528105280067833 0.334751978926194 0.07234270364500339 0.4400947894220193
0.0684753909360839 0.28275949129132205 0.2394542085542657 0.40931090921832836
0.6284133895941103 0.17310962736808422 0.04695413014366201 0.15152285289414347
0.03608608063464647 0.19786645043691686 0.21589100493004987 0.5501564639983868
0.5320186283511867 0.3474314103160443 0.1054685186314408 0.015081442701328163
0.34665950542333324 0.36065376180910447 0.26158971091007943 0.031097021857482865
0.22261253511439738 0.2813338482298672 0.25728130247059944 0.238772314185136
0.3055648292840296 0.18825610690723882 0.34501517801441295 0.16116388579431862
0.08460580905001003 0.31639312562170185 0.22685041616279855 0.37215064916548957
0.19823678250162824 0.29083833336131704 0.22074565935300727 0.29017922478404745
0.1609362943256869 0.09474504326010424 0.5664527022836484 0.17786596013056044
0.2754608184859878 0.03659747189966012 0.4230563712809676 0.26488533833338446
0.18173242669192058 0.118146264950025 0.30381814538580487 0.39630316297224955
0.08339663525274454 0.5260600329794167 0.142514303138917 0.24802902862892173
0.003201463170429464 0.8650341269327646 0.08200909893335873 0.04975531096344721
0.04556313343843155 0.1929921177283218 0.5472053491043842 0.2142393997288624
0.1327357734611574 0.3836085353024906 0.25820749889180816 0.22544819234454383
0.11031035092574804 0.7425922166226391 0.14678189768394345 0.0003155347676694342
0.4856281267424214 0.12215817913966376 0.05495922923913077 0.3372544648787841
0.3095378587200389 0.2244334033802159 0.11208088820994322 0.353947849689802
0.37641133831055096 0.19235402255431144 0.31580671453505116 0.11542792460008644
0.05766873936657224 0.1519773955002558 0.12353907663379493 0.666814788499377
0.07632215727037372 0.7100660683323918 0.12122139904174356 0.09239037535549088
0.7281970211418082 0.06998921416072257 0.1970004622884607 0.0048133024090085685
0.11343765646448556 0.5427568904301725 0.1043707234618998 0.23943472964344215
0.18101797260673558 0.16513483927093286 0.1866545903602732 0.46719259776205835
0.16004388809260417 0.14709572655560765 0.5362368576445423 0.15662352770724586
0.33125439010786195 0.42673425442328417 0.10295538467867349 0.1390559707901804
0.3876319746032052 0.2687402324587117 0.2885016143522027 0.055126178585880425
0.1853869640645649 0.22233490818082569 0.3514056500868089 0.2408724776678005
0.057946842714327484 0.1514301479567396 0.45556076923231614 0.3350622400966168
0.3594320361839325 0.15014062042028475 0.231542203321369 0.25888514007441377
0.4053640842055699 0.476160476440034 0.11162986174841616 0.0068455776059799245
0.17809472811484917 0.11618351792840409 0.6349007740439007 0.07082097991284608
0.4591243840440383 0.2673770871358845 0.0014090540513471694 0.27208947476873
0.261799502778465 0.03225705285468272 0.31649766053788053 0.38944578382897177
0.6431187632899074 0.19895931888831364 0.04879332215855914 0.10912859566321986
0.2405915190802269 0.028635003366370815 0.41725972380906207 0.3135137537443402
0.11864712493258545 0.375702560285445 0.42742193179210686 0.07822838298986268
