28 10 4 32.36407514511788 64.72815029023576
7.561123680602072 6.05115642094877 2.1247038280831685 4.578331318301054 8.031773856461285 5.598936834878018 2.644240225742425 8.681615877239675 9.598347033713283 9.85792121426601
1.5122247361204144 1.210231284189754 0.4249407656166337 0.9156662636602109 1.606354771292257 1.1197873669756038 0.528848045148485 1.7363231754479351 1.9196694067426567 1.971584242853202
0.19270097382736828 0.04210738077407461 0.7112519884955127 0.053939656903044364
0.29397576781198054 0.014061460678749027 0.08738561134169665 0.6045771601675738
0.3325788051937316 0.49749060045736093 0.0008189045617688073 0.16911168978713864
0.07309577476596008 0.6522592848819606 0.04847649894093253 0.22616844141114678
0.6750785452784198 0.09019299073643583 0.07584653176261102 0.15888193222253333
0.039303182169226236 0.21187943175645707 0.282200430671145 0.4666169554031717
0.6103815784059902 0.08837373567580686 0.1970232246719169 0.10422146124628606
0.7632656699123515 0.069968299771201 0.09665360548544122 0.07011242483100633
0.10681001127994949 0.47217324085303636 0.41814438876351634 0.0028723591034978124
0.7262486705180046 0.016387592040433163 0.12537982984943996 0.1319839075921223
0.02635384850987066 0.8953710035110761 0.0490702493492704 0.029204898629782816
0.16627370219902426 0.2632951313929134 0.0811009011631918 0.48933026524487055
0.0910081263870145 0.47138544508576796 0.4345357196118499 0.003070708915367648
0.14938373050037634 0.2977790204284759 0.5079836833887346 0.044853565682413166
0.13170218598547412 0.013837481667127394 0.6362452504118957 0.21821508193550276
0.05917524354882453 0.5968478334416362 0.3323953070411626 0.011581615968376702
0.16192467084988793 0.1550604269172572 0.31018966870544873 0.37282523352740615
0.1562820815836775 0.07368734579831704 0.26784109253067834 0.5021894800873271
0.27530634180429314 0.39839403907690174 0.20214899294681787 0.12415062617198724
0.1622617033444873 0.12247024918870275 0.20633839222682637 0.5089296552399836
