97 60 4 167.16749762887048 334.33499525774096
8.532497118380714 9.732122667462969 5.024384067353602 3.561229081257684 7.940949292087787 3.690492690121998 9.78701567405756 9.362367775879626 2.84206659165032 4.106291654994576 2.911600448848282 3.6897409622617325 4.092853906247518 9.189659969205943 2.2207761593996143 2.7533175201624283 2.4472802230101642 2.0094078933004624 4.736361899170247 3.7125304605929195 2.2294887875390814 7.888556097037692 6.42284620515235 6.551728971544035 7.001036165744823 7.667680257663719 4.651323350239121 2.572621400687338 2.5524071518052422 3.9666494464432773 6.736617455729897 9.468514942247719 3.4134010964969965 1.7654700946403623 9.967191101709496 1.0622458490351363 9.428901902680275 4.266855641004236 8.390086930928312 2.14215729582437 4.747936786999538 8.796104390130417 2.6762123333371735 6.979836129461788 5.4746581419833875 2.50821833961636 9.259410988347478 3.3714587516681624 7.818236725319075 8.938641943062759 3.2719599463475335 8.705004500018724 1.7978557195461229 4.951669241232617 9.2105310670123 9.99114624552929 9.541979500142576 5.726563735316812 6.669245126363255 3.409599446705952
1.7064994236761428 1.9464245334925938 1.0048768134707204 0.7122458162515368 1.5881898584175573 0.7380985380243996 1.957403134811512 1.8724735551759253 0.5684133183300639 0.8212583309989151 0.5823200897696564 0.7379481924523466 0.8185707812495036 1.8379319938411887 0.44415523187992284 0.5506635040324857 0.48945604460203285 0.4018815786600925 0.9472723798340494 0.7425060921185839 0.4458977575078163 1.5777112194075384 1.28456924103047 1.310345794308807 1.4002072331489646 1.5335360515327436 0.9302646700478242 0.5145242801374675 0.5104814303610484 0.7933298892886554 1.3473234911459795 1.8937029884495438 0.6826802192993993 0.35309401892807246 1.9934382203418992 0.21244916980702727 1.8857803805360551 0.8533711282008472 1.6780173861856624 0.428431459164874 0.9495873573999075 1.7592208780260834 0.5352424666674347 1.3959672258923574 1.0949316283966775 0.5016436679232721 1.8518821976694955 0.6742917503336325 1.5636473450638149 1.787728388612552 0.6543919892695067 1.7410009000037447 0.35957114390922457 0.9903338482465234 1.84210621340246 1.998229249105858 1.9083959000285151 1.1453127470633624 1.333849025272651 0.6819198893411904
0.09471310769730656 0.22851055115386631 0.03266003385318972 0.6441163072956374
0.08878287134098584 0.012068844661984102 0.38889508233657955 0.5102532016604505
0.2274146541027121 0.1103990988381568 0.04162884955302015 0.6205573975061109
0.02732268019559303 0.1874697233145236 0.3870814585558181 0.39812613793406526
0.44188386062924345 0.06413038846874175 0.24765842604289667 0.24632732485911812
0.023271498583203876 0.21748424626198448 0.46641630540836465 0.292827949746447
0.19434702531066483 0.03434026258036982 0.45527886679065266 0.3160338453183127
0.31866366429295945 0.3103348721488207 0.31394882513110167 0.05705263842711816
0.026273757540205334 0.24295097771548468 0.2347153741494351 0.4960598905948749
0.3220582514213226 0.04310583880189556 0.06471488393355329 0.5701210258432285
0.5366515272915842 0.08737370174473735 0.06790172975502984 0.30807304120864865
0.2778684836018218 0.38190084667987156 0.041920851248018365 0.29830981847028826
0.3785696734010082 0.0631765359628027 0.2916311084801898 0.26662268215599927
0.09307201481444483 0.7491454666154664 0.07916196719613289 0.07862055137395585
0.32306547592826507 0.5134181578042365 0.1352569211223097 0.028259445145188744
0.36607147491321823 0.15656458673903983 0.4453056394308821 0.03205829891685985
0.14013080000907474 0.000239852244217853 0.46872859392973887 0.39090075381696854
0.3138783547795223 0.39682789608509994 0.24054803020871696 0.0487457189266608
0.26283398652667844 0.08002081825885976 0.3985012010472141 0.2586439941672477
0.16727310164808395 0.39246945470706307 0.044830844042045626 0.39542659960280735
0.13757748041190643 0.046460549023202735 0.272234537994133 0.5437274325707578
0.23826617490903634 0.4022346654546989 0.019225934317224525 0.34027322531904025
0.37348677791242413 0.07982296638119535 0.017020695803056207 0.5296695599033243
0.019175380923277863 0.06387011923819841 0.8928801193153162 0.02407438052320754
0.2965280776134517 0.37272971841914393 0.1483091630083615 0.1824330409590429
0.5690182058555003 0.10967131903284744 0.09800440422348011 0.22330607088817211
0.16042653984447475 0.10344567570480523 0.5775347549071982 0.15859302954352184
0.36737953644851506 0.1428762263475668 0.2265802019970683 0.26316403520684983
0.16077726929193736 0.10037392897116326 0.5550673115307518 0.18378149020614754
0.6398926888561977 0.19456688860283422 0.16160313788182457 0.003937284659143558
0.5672843282273791 0.4008172479250749 0.006208890432862768 0.025689533414683274
0.05965770013113292 0.06439119775640878 0.5736374834455666 0.30231361866689166
0.6849744739436753 0.07003166239088199 0.11518062034968579 0.12981324331575694
0.09720458495808837 0.39818674733923176 0.12787339014737364 0.3767352775553062
0.4041465309082648 0.3112949688361246 0.10198536937932745 0.18257313087628313
0.3809014057616744 0.3807847477776388 0.19744926779451077 0.04086457866617599
0.30286771495563336 0.4388414742528358 0.07712710017680524 0.18116371061472558
0.22360321573225983 0.3422544958059959 0.20343873028364023 0.23070355817810406
0.3237402314711102 0.2773532885301093 0.20609769222972507 0.1928087877690554
0.23522860779999366 0.3793699483349827 0.22830763910004792 0.1570938047649757
0.07083220776914856 0.30398146128295245 0.5777497603586943 0.047436570589204696
0.47539731562732024 0.19513491557920937 0.12808330093996523 0.20138446785350517
0.2503952418890043 0.1151478648997386 0.4723566419101335 0.1621002513011236
0.15887095254712613 0.5841808353127725 0.06593342833549043 0.1910147838046109
0.3846098464384504 0.04152707810058276 0.06384009122786272 0.5100229842331041
0.3559680364088472 0.30133815944985154 0.2502012959154779 0.09249250822582333
0.4841934099453946 0.1480763210361501 0.17316970327538228 0.194560565743073
0.22662433573425167 0.6957933156668507 0.06516428220656634 0.01241806639233134
0.5118066269057969 0.19641687924763152 0.09147159529512594 0.20030489855144562
0.5904878569467299 0.14750487603367357 0.00927627235591455 0.252730994663682
0.15865883524436708 0.133632815584101 0.06577288124140168 0.6419354679301302
0.14892246261620334 0.6186381535323465 0.20997646671465042 0.02246291713679971
0.2039223498290803 0.10622406486540992 0.6609402385487185 0.028913346756791247
0.33809228317051065 0.008008171151487997 0.4061564802154385 0.24774306546256286
0.0232937617369956 0.026824692747304812 0.03537226433867935 0.9145092811770202
0.21282222779976123 0.16127496205938818 0.14018548462097635 0.48571732551987423
0.2782549987315325 0.32180703951349066 0.22748336089778187 0.172454600857195
0.028313720199711234 0.05513019492867266 0.21392870589889423 0.7026273789727219
0.13374704190720765 0.005582551686505455 0.5487050541417312 0.3119653522645557
0.019407553109317188 0.10855341095117399 0.018320501275310153 0.8537185346641987
0.05021302009603057 0.14505740802065326 0.30820229232451757 0.4965272795587986
0.4445551934694424 0.3657594412061117 0.09423923788863153 0.09544612743581438
0.112297864746421 0.4256372495929688 0.08804430760554016 0.37402057805507005
0.18661451156212727 0.6619903228637065 0.05605657880374648 0.09533858677041973
0.13766772273836803 0.10733956793002519 0.6678878472324056 0.08710486209920121
0.3218338639209367 0.2074064700350986 0.22016377312126933 0.25059589292269535
0.37995470972885415 0.5329255167601251 0.07459909819354216 0.01252067531747858
0.31329294100507044 0.3775851368015878 0.04402518868962635 0.26509673350371543
0.415633001536889 0.45450810671585695 0.1282784316905734 0.001580460056680666
0.0019566612608010736 0.05062209709718202 0.5401527989560908 0.4072684426859261
0.27869539214318806 0.016743293965532424 0.40143448092004386 0.30312683297123566
0.17966575690792408 0.1397133240025572 0.3510549744912179 0.3295659445983008
0.35315183956091467 0.58320584015938 0.06233587371615523 0.0013064465635500566
0.12241447163426966 0.3127870900683972 0.35292429448356366 0.21187414381376946
0.0529214860673749 0.19140623202505003 0.7405455560840689 0.01512672582350616
0.8461804519048608 0.013958615506056371 0.07082011777170538 0.06904081481737745
0.19508204757084824 0.0034490021054692788 0.2026376879350712 0.5988312623886113
0.3213721037386562 0.04723540068462939 0.21522847244554655 0.41616402313116785
0.3090385905303078 0.04380300181507102 0.2534968546429789 0.3936615530116423
0.4146366016838221 0.2174790503685553 0.07447658252661415 0.29340776542100844
0.37711912476716525 0.27555525069682374 0.2952686615118283 0.05205696302418272
0.09422337638446021 0.350382066457143 0.3165482875722887 0.2388462695861081
0.062035523892610356 0.061364124835965206 0.7281544620270269 0.1484458892443975
0.2725194516330126 0.28671705680315607 0.19969485634651818 0.24106863521731314
0.7174268322762626 0.04357117060975857 0.06724592078533675 0.1717560763286421
0.07561090029229856 0.1540542264411009 0.16404299640084097 0.6062918768657596
0.3894195068816638 0.0516016993237749 0.5025668929778632 0.05641190081669811
0.03483959124007174 0.43034122564162847 0.3467348458138799 0.18808433730441987
0.2802010704947101 0.16018984238792577 0.4808503464578219 0.07875874065954225
0.208746168592147 0.26206521852955167 0.4291160619461827 0.10007255093211864
0.1611346746438883 0.3777911909516486 0.13602553453901867 0.32504859986544443
0.185094321368667 0.15459940547500473 0.5577627522659383 0.10254352089038998
0.8060828429300625 0.06153594912729765 0.03863580253671295 0.09374540540592691
0.5115838505500373 0.06465626822338366 0.39110645653550424 0.032653424691074795
0.006957388307161083 0.9664312769369666 0.01533415217209988 0.011277182583772416
0.37173535806129976 0.04782541437030341 0.08155191589516675 0.4988873116732301
0.24480220710068246 0.3419458306318186 0.1477830064605189 0.26546895580698004
0.04113010681075535 0.18064288146291474 0.2521949484993862 0.5260320632269437
0.6709204581126221 0.04945812176136688 0.02150886182137135 0.25811255830463964
0.03304619201687564 0.38007934870581883 0.20035096526083507 0.38652349401647046
0.3538952460375673 0.08730274393378146 0.525877936881961 0.032924073146690214
0.42007066478342814 0.07876927728898231 0.14789149336480445 0.3532685645627851
0.549735477594339 0.0864913481706403 0.1850945423245277 0.17867863191049294
0.5960966709293035 0.036951776587718754 0.26578670764523404 0.10116484483774368
0.3368844813818672 0.18896937511888723 0.07654789176687249 0.39759825173237306
0.03243223423039121 0.24592919325324858 0.29686665726635986 0.42477191525000035
0.27058425978327305 0.2447987152001435 0.44255924440864447 0.042057780607938966
0.10778668189626872 0.0067919138381967725 0.8574907407204588 0.027930663545075674
0.12672794188722392 0.4553231536990222 0.32460979989336725 0.09333910452038663
0.5173533906796772 0.016712005432042987 0.023528783256900443 0.44240582063137934
0.20746349423673816 0.5147833844140206 0.12315554072661972 0.15459758062262152
0.43323848831168 0.06905184076270088 0.3708861256628986 0.12682354526272055
0.07700502250785857 0.5108192717285674 0.23966683034674885 0.17250887541682514
0.10845739736052573 0.08292448176609479 0.55025069438944 0.2583674264839395
0.3269898228547755 0.19297276998016855 0.4676468684324607 0.012390538732595213
0.27722141988607285 0.24230748582094686 0.4517406458293062 0.02873044846367412
0.18902628301925872 0.4672043038217423 0.1303596765138818 0.2134097366451172
0.008373293718861419 0.05760430999642996 0.8748656731936463 0.059156723091062346
0.3912785406995537 0.3769101832930194 0.12785566985427688 0.10395560615315003
0.36388624235675193 0.2747967715203222 0.31899420559644065 0.04232278052648519
