15 80 4 200.01011688190619 400.0202337638123
8.639359275417208 2.610063324288986 1.4892689287578829 4.253846014794006 3.478608357457708 5.770002024058828 3.753270241623244 3.740269232387288 2.0056714855803524 3.2490911249210304 9.258669080529062 3.3773216792803624 7.459963187262005 8.791435307711387 8.263715340208382 2.8949552439294517 2.5051872831080093 1.420357525138645 1.354800805817483 2.802077287979256 9.986890624544548 4.355082804950994 7.844592465360547 5.26126998414845 5.587437752358892 9.505345754713984 1.9850198350764694 5.18583844688352 2.273997339107213 5.84513885941233 3.6909879085022093 5.839706974769524 6.99064784042369 4.278959205113313 6.607167574011044 6.784523967206902 4.779836380876361 4.6291819060914605 4.513782934868866 4.6557057022524235 1.7169949485090803 1.5114808127087538 1.7049781776978001 7.261100295752148 1.2624306481462861 5.495431777561755 2.193708859700151 1.2768007019120664 6.7554048548249135 5.013983327676513 9.771459721475921 3.9678933913443224 2.758823408918684 7.1564159108206855 4.159889715404629 7.939325020053414 8.126195512325273 4.994871302128862 3.4194547113241627 1.2151397984906493 4.341993091910423 1.879577916902769 7.547702937201211 5.134999828021441 5.68446827328767 7.161121386131628 4.827612657631158 6.431257515801294 8.414641976107697 5.066841370984957 8.99150680929975 2.98359583006275 1.9614038654847157 1.1080911306646786 9.26147258786509 6.729095928050864 2.9778583360342123 5.927971902813752 9.2871970331248 8.880993478732167
1.7278718550834415 0.5220126648577972 0.29785378575157656 0.8507692029588012 0.6957216714915415 1.1540004048117656 0.7506540483246489 0.7480538464774577 0.40113429711607046 0.649818224984206 1.8517338161058123 0.6754643358560725 1.491992637452401 1.7582870615422774 1.6527430680416764 0.5789910487858904 0.5010374566216018 0.28407150502772904 0.2709601611634966 0.5604154575958512 1.9973781249089098 0.8710165609901989 1.5689184930721094 1.05225399682969 1.1174875504717785 1.9010691509427968 0.3970039670152939 1.037167689376704 0.4547994678214426 1.169027771882466 0.7381975817004418 1.1679413949539048 1.3981295680847379 0.8557918410226627 1.3214335148022087 1.3569047934413805 0.9559672761752722 0.9258363812182921 0.9027565869737731 0.9311411404504847 0.34339898970181604 0.30229616254175073 0.34099563553956 1.4522200591504295 0.2524861296292572 1.0990863555123511 0.4387417719400302 0.2553601403824133 1.3510809709649827 1.0027966655353027 1.9542919442951843 0.7935786782688645 0.5517646817837367 1.4312831821641372 0.8319779430809258 1.5878650040106828 1.6252391024650545 0.9989742604257724 0.6838909422648325 0.24302795969812988 0.8683986183820845 0.3759155833805538 1.509540587440242 1.0269999656042883 1.136893654657534 1.4322242772263256 0.9655225315262316 1.2862515031602588 1.6829283952215395 1.0133682741969914 1.79830136185995 0.5967191660125499 0.39228077309694315 0.22161822613293572 1.8522945175730179 1.3458191856101727 0.5955716672068425 1.1855943805627505 1.85743940662496 1.7761986957464333
0.12759215495203946 0.16770441674677916 0.4481230577671803 0.25658037053400107
0.0016447577600704477 0.6062075496124579 0.31194841725074485 0.08019927537672678
0.20071996630407773 0.21977453021184423 0.1532571900469505 0.42624831343712755
0.015004156349900266 0.6003960105675501 0.31687717662345927 0.06772265645909037
0.5990396713972187 0.022580662681166763 0.056754389160583396 0.32162527676103114
0.009044383533662548 0.1123801213431267 0.5443278389647979 0.3342476561584129
0.20999573804245497 0.1912927616934902 0.5395903809403754 0.05912111932367947
0.43402167155975613 0.24899967933945444 0.3108933503286685 0.0060852987721209395
0.2154033690963183 0.15458587726975292 0.4899434049381962 0.14006734869573256
0.551521872294001 0.12659509879219966 0.03831658420047168 0.2835664447133277
0.11538834870299763 0.514814579494112 0.11523529942540356 0.2545617723774868
0.06600112254706125 0.5575809310713433 0.16563767535885832 0.2107802710227371
0.09929055739243631 0.6619861137645189 0.2084660408670429 0.030257287976001912
0.03612705238698832 0.7612584433983917 0.17111975493242726 0.03149474928219276
0.18474297802999107 0.2537663312638977 0.3060044190545109 0.2554862716516003
0.21738165701726286 0.03158326411780099 0.5728815843698093 0.17815349449512685
0.030873134596241747 0.7389801092331101 0.05795909226708951 0.17218766390355866
0.45226602184668685 0.2960698054178015 0.06892063361587075 0.18274353911964092
0.16787213484059926 0.09437546490483462 0.22196452361950736 0.5157878766350588
0.1585468371652191 0.1535946996410663 0.40541196414804115 0.2824464990456734
0.0073315085486058695 0.26093274684433876 0.5009337323569661 0.23080201225008923
0.20920712776156858 0.2786794963633936 0.00017846314580682865 0.511934912729231
0.2094201517943991 0.4140311122002277 0.2853971448698075 0.0911515911355657
0.026123872851089747 0.23835243138622253 0.43862257185928377 0.29690112390340395
0.22534953945136493 0.19442873008754935 0.2581229481850278 0.3220987822760579
0.015936433652146365 0.1284938103330051 0.7141058756019143 0.14146388041293423
0.2694825371672692 0.258924006875795 0.21414203117914032 0.2574514247777955
0.24776276007443354 0.6976265685998181 0.0021603122196796054 0.05245035910606877
0.08258403571946071 0.23975555663547932 0.6031390438054753 0.07452136383958463
0.6500659237024757 0.15004495615999802 0.005015483336812343 0.1948736368007139
0.06040716813355995 0.11387153860824073 0.24418529275942236 0.581536000498777
0.25064275513904455 0.4353260992252641 0.24239713810979846 0.07163400752589288
0.6694029462121013 0.14396119925348683 0.165218828442126 0.021417026092285907
0.3927243966621393 0.08115295139515988 0.354057566279514 0.1720650856631868
0.06944861711891037 0.2626128493296468 0.2602306326268188 0.40770790092462406
0.0423843533949293 0.20831260446922206 0.22446332523925794 0.5248397168965907
0.21912027700465075 0.5528497610195422 0.22006308010894526 0.007966881866861786
0.07119029432072288 0.34258343962111704 0.5192580415109429 0.06696822454721718
0.16771961723145623 0.22395419378222736 0.3444745975846514 0.26385159140166503
0.22940538998195215 0.23911838249597472 0.2496380211100656 0.2818382064120075
0.5307177414357697 0.02057196077093182 0.3707021430944958 0.07800815469880273
0.21965130223389528 0.4763701840118505 0.18826488958407162 0.1157136241701826
0.3983457517212088 0.1385195952743521 0.07542887294237943 0.3877057800620597
0.7799301053613984 0.13391805873121398 0.010842679557124701 0.07530915635026292
0.27245316628494876 0.1857915633845415 0.054663532625268685 0.48709173770524106
0.16246289295671446 0.11897970091377419 0.5973489000246346 0.12120850610487677
0.1400774452313912 0.1845052980764903 0.19830506962760197 0.4771121870645165
0.23494528842582862 0.039850402399071005 0.6793788870705489 0.04582542210455143
0.257282316728182 0.37722091305706795 0.2979092350584871 0.06758753515626292
0.2566506548202463 0.10698405165534497 0.4092521865780443 0.22711310694636444
0.09295844822640453 0.2785939931692659 0.4364678801602201 0.19197967844410946
0.16902762897776125 0.3306082853507615 0.1545457947804071 0.3458182908910702
0.15837764953054034 0.4937356436449428 0.02477855247567229 0.32310815434884455
0.3510307265594219 0.4966440350201822 0.12160592032395445 0.03071931809644146
0.12498032517357816 0.2343286046617422 0.12529307077197283 0.5153979993927068
0.10915397628833723 0.07618744821516332 0.6300543455996735 0.1846042298968259
0.004431500595257765 0.009686052202356521 0.32814986642181854 0.6577325807805672
0.3855807243552173 0.35475635725401056 0.02432265337947459 0.23534026501129757
0.06637855862288944 0.7430997912674722 0.12727779560808816 0.06324385450155023
0.07256092793071645 0.44285550733431245 0.2023936051430223 0.2821899595919488
0.0015305757069687953 0.1612996683220087 0.1436772671365849 0.6934924888344376
0.40989982858808194 0.3363636491439642 0.17808657491207391 0.07564994735587993
0.1546512891445141 0.5507680369693525 0.2819393884040581 0.012641285482075326
0.1342294362586932 0.17444091264781125 0.2587337529925998 0.4325958981008957
0.0783707345766026 0.2941054332534312 0.3068864286613423 0.3206374035086239
0.3485977202104804 0.05620857573185578 0.42199958209087385 0.17319412196678996
0.5979090586383682 0.004128096567576511 0.24612525506917693 0.15183758972487837
0.0856036751180107 0.36182490970879255 0.09254141678881689 0.46002999838437986
0.3664194553274732 0.09767193203555757 0.21598114166860927 0.31992747096835994
0.334196221794947 0.2183245750088022 0.25738631225198894 0.19009289094426185
0.21980997388888435 0.263467573105039 0.346977665325389 0.16974478768068768
0.16456379085694806 0.39661149632220016 0.28300717239882 0.15581754042203178
0.3574896982521377 0.13390650634004997 0.38943801516369125 0.11916578024412106
0.01980614859064589 0.0533962366211872 0.19778279017010925 0.7290148246180577
0.5627810249046777 0.019433431857526107 0.3694837184713038 0.04830182476649236
0.0804141022081849 0.16422275519802887 0.7243653930111698 0.030997749582616474
0.3930762329502391 0.11284257036595469 0.3729110668568135 0.12117012982699271
0.2346080323835179 0.24634598754779624 0.1275015551485621 0.39154442492012376
0.009379422328582243 0.03866320634065201 0.19397116391847458 0.7579862074122912
0.08829248128396161 0.3406177426254725 0.010868159209645234 0.5602216168809206
0.30365373978719956 0.026361445483134682 0.23908985237224134 0.4308949623574244
0.07173319673476697 0.12963341445054477 0.31430874196299063 0.4843246468516976
0.42117805927001195 0.0777393125818292 0.38145601012822317 0.11962661801993568
0.363290798030508 0.5364366107804465 0.07121465950157979 0.029057931687465732
0.13927871531915537 0.40706033201394753 0.3899234089331375 0.06373754373375962
0.5173941425728488 0.2455186989309519 0.011857398416263432 0.2252297600799359
0.12398756441911152 0.24138013765252408 0.22463775933406305 0.40999453859430135
0.09621129351913138 0.03294740178027766 0.48235017824858284 0.3884911264520081
0.22821247935454547 0.23753829957937755 0.38431516760568085 0.14993405346039612
0.36501978739945595 0.01285618967890012 0.20839272321602653 0.4137312997056174
0.15953575050217628 0.31280594362541303 0.3396719961581791 0.18798630971423158
0.29991891969923234 0.1932686175431284 0.34560239037673535 0.1612100723809039
0.12149158646230274 0.22116341627095337 0.5211542251892213 0.13619077207752261
0.07902950509210371 0.507811374374558 0.38229017761729767 0.030868942916040587
0.1670162454535159 0.3456411843479956 0.37087830508564945 0.11646426511283903
0.10164343205158344 0.33347269867193663 0.531496186569296 0.03338768270718395
0.04753698969229203 0.5433590226552324 0.3747055507054905 0.03439843694698508
0.19843054054272513 0.05433848655544482 0.6980917767656902 0.04913919613613982
0.13324374974499853 0.012847498907951227 0.2643074320178186 0.5896013193292317
0.36985414233061853 0.23319403427098784 0.31913058195890365 0.07782124143948999
0.540824693036656 0.19220602829821698 0.16305982341363656 0.10390945525149042
0.49451055174762837 0.3468129447931727 0.043280559379842765 0.11539594407935616
0.2621881360813587 0.19299258800118335 0.09981162182461945 0.4450076540928385
0.2051949544912982 0.21177838615658773 0.29205458141587026 0.2909720779362438
0.020042648764431514 0.34489611051110924 0.14406224349622931 0.4909989972282299
0.7278934984274035 0.144871707064552 0.06827019204596063 0.058964602462083904
0.26418620539695514 0.1442245719493488 0.3920089767256161 0.19958024592808
0.1540113346811094 0.3493082492055035 0.3568097329938644 0.13987068311952267
0.053528109550113 0.20698933718561785 0.499439422871908 0.24004313039236114
0.1714198223450768 0.14030888823039034 0.09077963256989285 0.59749165685464
0.42956401337012706 0.17287580208374653 0.32582294687323 0.07173723767289641
0.31155852147103 0.009339148973471434 0.5497424861233554 0.12935984343214313
0.05719820305014256 0.843520916996756 0.039286507570710616 0.059994372382390804
0.1350882529509374 0.6246113913533359 0.1317338972004316 0.10856645849529512
0.04275684111415434 0.5742329961591778 0.34493831484939985 0.03807184787726803
0.6823524940331293 0.25275038008408524 0.02661508685421099 0.03828203902857452
0.26267733568740925 0.4456256064856059 0.16575308132572253 0.12594397650126232
0.0014446131712595456 0.23557221228859193 0.6226102018482973 0.14037297269185123
0.2602828542059501 0.04861032439046864 0.6657915593210814 0.0253152620824999
0.02376043597771016 0.03741522910192807 0.30745715938418894 0.6313671755361728
0.5448452132007492 0.3051275932507498 0.14609392216880512 0.003933271379695902
0.04987925451626962 0.38822566307057005 0.39231399432250225 0.16958108809065808
0.23240358934641792 0.022227628649652886 0.574793012111824 0.1705757698921052
0.14886116166459085 0.6235074227573054 0.008128196524796127 0.2195032190533076
0.08300444961733455 0.23471321176354476 0.33118833282131543 0.35109400579780525
0.05767769217676777 0.47144660387068904 0.25092048830230607 0.21995521565023712
0.2388503381673568 0.24227589581499487 0.21826285175239657 0.30061091426525177
0.43506233209579703 0.3304237515780626 0.19699937735532946 0.03751453897081092
0.47328996329014317 0.01239852920524498 0.040371072849175293 0.47394043465543656
0.07247963302692106 0.6802238559738374 0.0031305418589689937 0.24416596914027255
0.8981350678596518 0.0383597697128385 0.05466221575327801 0.008842946674231689
0.32562636251375787 0.35186945958982374 0.09144245983390953 0.23106171806250886
0.19992496383687497 0.5503325180240273 0.1612721463286121 0.08847037181048567
0.3243273543749231 0.05930659669994198 0.01563355882528661 0.6007324900998483
0.027920634394469346 0.021719352297689287 0.7310562567570001 0.21930375655084122
0.01605009084128528 0.243037492563703 0.564507893038562 0.17640452355644975
0.6286087835235115 0.16983755813449997 0.0688493781980889 0.13270428014389968
0.007716472820713749 0.26501218207846033 0.6604457316126807 0.0668256134881452
0.0038870686586055525 0.0172948825435566 0.6145474370903184 0.3642706117075194
0.3150049817971128 0.3471268253512516 0.19942011477016108 0.13844807808147452
0.07234425409434497 0.4840229261953918 0.1794405618741255 0.26419225783613776
0.2289677431194469 0.19737083298791602 0.3716951466546642 0.2019662772379729
0.11233924060815947 0.4648912416279771 0.0760854099379138 0.3466841078259496
0.1735188676350069 0.11749963016132059 0.5761115349328504 0.13286996727082212
0.05017624721884817 0.17965986445098492 0.7547271933120097 0.015436695018157254
0.16800677524168306 0.42565064984961776 0.28784423572760565 0.11849833918109354
0.1842442842175519 0.48640921154676275 0.09457576805855195 0.2347707361771334
0.2420234055668965 0.6279331375683567 0.032763440611582095 0.09728001625316474
0.24562039599125984 0.10506787691055697 0.42312333774319555 0.22618838935498764
0.38925466495797956 0.2026903461112436 0.2072795126068866 0.20077547632389026
0.08454245952201345 0.018540213914577164 0.30306687826896705 0.5938504482944423
0.05714726165088835 0.4199128994358591 0.3751193151529286 0.14782052376032395
0.0815202841094187 0.07557432350436721 0.15718243902986195 0.6857229533563521
0.03385320356616561 0.4234380497970879 0.051846938077975135 0.4908618085587714
0.14551023397126883 0.02808929990582354 0.03781176550902321 0.7885887006138844
0.06976131386398343 0.2941764358474216 0.10258184702395579 0.5334804032646392
0.6764943463947796 0.06853440317998538 0.1359119374647092 0.11905931296052585
0.5593661131731715 0.25292479643337407 0.06332658192052076 0.12438250847293364
0.10279655944524202 0.014657943311995436 0.15683026728136584 0.7257152299613967
0.2750135874740144 0.09214688970662055 0.23691316399419304 0.395926358825172
