85 40 4 99.61203241940673 199.2240648388135
6.583364330979304 5.580577617808663 3.6842035758285583 6.884188411533362 3.4615588091703993 5.708134705150308 4.359247678893491 4.323507342159129 7.612242412685536 6.837749880807694 9.332170607609392 3.0443332915441097 4.649974783363562 8.953126663606893 2.8801100399967217 2.9240853639171505 3.55096316239917 5.07815955113373 4.038142481657352 1.1056353832251342 4.572521855712626 7.202280791375718 8.516829752961383 3.842096370393186 7.472701995813897 5.544908707154223 4.307429796465081 2.6466476543238677 5.829932447310805 1.2844898403252207 6.387329279409229 7.984854452098324 3.013520765556634 6.6364560181769 4.710880954686588 6.589653154517656 3.1562176731111826 3.7653153587029218 3.3246339797585263 1.8438878974899269
1.3166728661958609 1.1161155235617326 0.7368407151657117 1.3768376823066724 0.6923117618340798 1.1416269410300617 0.8718495357786982 0.8647014684318257 1.5224484825371072 1.3675499761615388 1.8664341215218783 0.6088666583088219 0.9299949566727124 1.7906253327213786 0.5760220079993443 0.5848170727834301 0.710192632479834 1.015631910226746 0.8076284963314704 0.22112707664502684 0.9145043711425253 1.4404561582751436 1.7033659505922767 0.7684192740786372 1.4945403991627795 1.1089817414308445 0.8614859592930163 0.5293295308647735 1.165986489462161 0.25689796806504417 1.277465855881846 1.5969708904196647 0.6027041531113267 1.32729120363538 0.9421761909373176 1.3179306309035312 0.6312435346222365 0.7530630717405844 0.6649267959517052 0.3687775794979854
0.4196324025516578 0.10451707058456972 0.4654369971279243 0.010413529735848193
0.00163988114286151 0.6218019405507625 0.35471923161347607 0.021838946692899874
0.6985688052002195 0.11928015775645906 0.046977406586864334 0.13517363045645714
0.6816976657513556 0.1412629806184318 0.05968639665067399 0.11735295697953863
0.37457063867703355 0.234864654642164 0.30248749137478514 0.08807721530601731
0.368499092059986 0.16948650549116895 0.2447473889725762 0.21726701347626887
0.5588052494443261 0.03710206378302794 0.36499626623688386 0.03909642053576212
0.0941653509822915 0.24907976097222262 0.06591457307337056 0.5908403149721153
0.06053018611847594 0.770840432855279 0.11166597417085389 0.05696340685539114
0.14607977173094322 0.555673589740564 0.1804139714213735 0.11783266710711926
0.2437226950629785 0.12672656960414608 0.06788778954318242 0.561662945789693
0.1966079223238475 0.20304034831728424 0.3853716713790525 0.2149800579798158
0.44633949005866047 0.157287213898339 0.15624836562638078 0.24012493041661975
0.3456274386947925 0.21504071571222616 0.3720491188889481 0.06728272670403324
0.09219302487950909 0.19974601686895177 0.3696974442768787 0.33836351397466047
0.24037664941773051 0.1788364465670118 0.1997426581732159 0.3810442458420418
0.34904359811483954 0.0917140238366898 0.03781430452941992 0.5214280735190507
0.6025140749546557 0.035535315992533234 0.10411764120205724 0.2578329678507538
0.040770408338104636 0.07456105402999624 0.736809732214926 0.14785880541697316
0.11009334712060348 0.2805332101254566 0.4848732705097619 0.12450017224417798
0.20659938310932346 0.03792374973259338 0.00718770826744497 0.7482891588906382
0.20207296219870985 0.22661715017553852 0.18438677060979625 0.3869231170159554
0.7373326030110384 0.0025809425339720082 0.10014681423612692 0.15993964021886264
0.19840468191116545 0.09294895285873006 0.4262778721329116 0.2823684930971929
0.29654695231492545 0.19475378985730452 0.30622169679252376 0.20247756103524628
0.15569263863760063 0.1764422004289491 0.44748013558746824 0.22038502534598203
0.6058292541627419 0.10780488306959413 0.1869808813963183 0.09938498137134566
0.1089143463263832 0.0023825198765651256 0.09483399310467788 0.7938691406923738
0.3949994024312874 0.13375146713293706 0.44897544057133565 0.022273689864439894
0.018811247585117097 0.18103062458963326 0.6056309397796678 0.1945271880455819
0.3212825681478705 0.5620605568218981 0.10272532977817239 0.013931545252058974
0.4439277085941712 0.07434658131870409 0.47153303725118834 0.01019267283593639
0.3611003911547035 0.3581083046744087 0.022158425029388362 0.25863287914149946
0.16147954806837073 0.40331673295233983 0.19029972549753282 0.24490399348175662
0.05572433860713588 0.1378992807414936 0.36069885816004854 0.445677522491322
0.24621028211535811 0.19090502853559033 0.3272181799785474 0.23566650937050415
0.3929596788978015 0.43072961582105707 0.05356559200445132 0.12274511327669013
0.43675165469684674 0.18205235521302598 0.18464528713144535 0.19655070295868193
0.22701940305685653 0.2263692434347323 0.19124094839997297 0.3553704051084382
0.6871816981285047 0.0607407647166861 0.23649114207069266 0.015586395084116522
0.10036909757312329 0.1195149750861424 0.6468678884522373 0.133248038888497
0.31177842550939094 0.29195231867981797 0.06700140269721444 0.32926785311357665
0.07962356800939752 0.6192509202274911 0.25562549440417703 0.045500017358934386
0.0896839695388787 0.10312519655922547 0.3521769127229195 0.4550139211789763
0.13752093335118898 0.08414068778354888 0.6395026392923939 0.1388357395728682
0.07773425813959045 0.03474372498741274 0.42055920677997305 0.46696281009302376
0.40767109182281647 0.2688298993081373 0.24756773622545736 0.0759312726435889
0.1313395181528637 0.7422714964564135 0.09980386820644227 0.02658511718428047
0.24717903086355253 0.08881708142762446 0.12200739781068315 0.5419964898981399
0.02105608163849859 0.09356664868146025 0.4618275318444509 0.42354973783559025
0.3168517466967852 0.3032625235218257 0.1436329316102899 0.23625279817109923
0.25003779367987544 0.033035518941295416 0.13461336182859007 0.5823133255502391
0.02968835534866432 0.09276684041984018 0.4467787234692251 0.4307660807622704
0.19562057687895607 0.06423502341678067 0.09113541087815535 0.6490089888261079
0.012734960997164757 0.30400705705541264 0.31190055793698335 0.37135742401043925
0.040315853126753676 0.15746414012227417 0.6307025580959364 0.1715174486550357
0.1329278267554579 0.11865833260893155 0.2776238268665645 0.47079001376904606
0.05404149869187058 0.11862678706164653 0.388246534939207 0.43908517930727586
0.3667029683340599 0.054594909493673294 0.5293802330976665 0.049321889074600334
0.5355908105726265 0.31366152080215803 0.003012570482712751 0.14773509814250274
0.31778967312438244 0.13687526365493996 0.3600021026030884 0.1853329606175892
0.19322822391778038 0.062492054643546346 0.37105775255405715 0.3732219688846161
0.013454257446630202 0.3174424507994352 0.5705438505996054 0.09855944115432913
0.14466132349845173 0.16285836516688446 0.14315231576241028 0.5493279955722535
0.008716458393418614 0.22007729279820343 0.1612879323054104 0.6099183165029676
0.22039498960800807 0.0797200052347592 0.3998017024217483 0.30008330273548445
0.27030438282874114 0.10598938177879913 0.2130921897547331 0.41061404563772663
0.426363626944675 0.20280041890760003 0.00977573869181425 0.3610602154559107
0.4586704212747337 0.1767248437638873 0.22202212832311985 0.14258260663825917
0.030563194913985292 0.4085239890341422 0.16863098279306388 0.3922818332588086
0.19049849000280583 0.3186258808438761 0.3013180032609982 0.18955762589231984
0.3697896566468498 0.1275981124015978 0.3407365987922606 0.1618756321592918
0.2391315093982449 0.30310331227845233 0.2711728173329082 0.18659236099039456
0.7013160474484152 0.1616075246389177 0.029936857247279125 0.10713957066538793
0.34817561395936947 0.001764669537128949 0.11435728108373844 0.5357024354197631
0.27946327273134264 0.2759794197955163 0.14872114325992847 0.29583616421321257
0.22304485619302816 0.6285024918073949 0.0033530175369983484 0.14509963446257856
0.4201346019246496 0.08294645456993766 0.007525342242031274 0.4893936012633815
0.12966797299067045 0.03153609688041614 0.032118290084819034 0.8066776400440944
0.25323912898521583 0.2501711618396446 0.16487728543738778 0.3317124237377518
