31 100 4 251.88660053277368 503.7732010655474
3.5744843949446405 9.622950098671 7.932816389969902 9.881830027832166 2.8734891571424908 2.2322534395944533 9.1753642206091 1.6177466617940826 1.6779945010569144 5.891812205385815 1.804597448662612 4.44153940773682 7.017043957130068 4.862521203056589 1.39560676737763 2.7485738987411854 5.019935355754937 1.5631595029180947 3.678105538136517 9.492678099257635 3.545299681849877 3.4092419189755923 4.664971037209495 8.433913626576679 5.560305968729154 3.4252784294132286 4.061694586772742 9.770246663410655 2.658741212083254 3.1804495536296704 7.214133823300248 4.455417487727736 5.15298207606448 7.077024883400982 1.7715754346727386 3.1061498255723845 5.702129904013703 1.6220500798104827 1.8121302845954659 1.7557107218500185 3.9052049742981882 9.198130598750021 8.48791011692263 7.750722427214426 5.223284332724012 8.805919333821084 3.513591142173843 1.7347248755995772 2.3429032923723523 5.452907902827234 3.733407379334807 3.7159018577725313 1.066482302023037 6.21517030099528 7.464862575855227 4.665371337467562 2.4666778025985505 2.8927601077915894 7.841107234709287 4.220093343908548 4.483460228017375 7.785312023949427 8.806928918974968 7.746623319313921 4.5769224034950255 4.7807187582816475 5.982182286981367 5.189346795842562 8.754122229277137 8.413602877508387 1.666400396681325 3.885930852673056 4.783474152482141 6.952078997513759 6.683619018158613 5.636521883779421 4.181923728708238 1.3801011511503383 1.3322984212517326 8.022308449933973 2.6220930015232433 4.626109927116566 8.42996974631496 4.951343863080142 5.882642166286588 1.1376745995272448 4.889615389838914 5.177133801600674 3.868700713187986 6.569487690736076 3.079024725115529 2.365428359286874 4.374138102214563 6.702273758296287 4.240521311301825 5.968001959769628 8.040308028653978 7.140655590849745 9.139689685856236 7.943429036425013
0.7148968789889281 1.9245900197341999 1.5865632779939802 1.9763660055664332 0.5746978314284982 0.44645068791889064 1.8350728441218203 0.3235493323588165 0.3355989002113829 1.178362441077163 0.3609194897325224 0.888307881547364 1.4034087914260136 0.9725042406113179 0.279121353475526 0.5497147797482371 1.0039870711509873 0.31263190058361895 0.7356211076273034 1.8985356198515269 0.7090599363699754 0.6818483837951185 0.9329942074418989 1.6867827253153358 1.112061193745831 0.6850556858826458 0.8123389173545483 1.9540493326821309 0.5317482424166509 0.6360899107259341 1.4428267646600497 0.8910834975455473 1.030596415212896 1.4154049766801964 0.3543150869345477 0.6212299651144769 1.1404259808027406 0.3244100159620965 0.3624260569190932 0.3511421443700037 0.7810409948596376 1.8396261197500041 1.6975820233845258 1.5501444854428852 1.0446568665448024 1.7611838667642168 0.7027182284347686 0.34694497511991546 0.46858065847447045 1.0905815805654469 0.7466814758669613 0.7431803715545062 0.2132964604046074 1.243034060199056 1.4929725151710453 0.9330742674935124 0.4933355605197101 0.5785520215583179 1.5682214469418574 0.8440186687817096 0.8966920456034749 1.5570624047898853 1.7613857837949936 1.5493246638627842 0.9153844806990051 0.9561437516563295 1.1964364573962734 1.0378693591685124 1.7508244458554274 1.6827205755016774 0.333280079336265 0.7771861705346111 0.9566948304964281 1.3904157995027517 1.3367238036317226 1.1273043767558844 0.8363847457416476 0.27602023023006766 0.2664596842503465 1.6044616899867947 0.5244186003046487 0.9252219854233132 1.685993949262992 0.9902687726160284 1.1765284332573176 0.22753491990544897 0.9779230779677828 1.0354267603201348 0.7737401426375972 1.313897538147215 0.6158049450231058 0.4730856718573748 0.8748276204429126 1.3404547516592573 0.8481042622603651 1.1936003919539258 1.6080616057307957 1.428131118169949 1.8279379371712472 1.5886858072850027
0.35509570210938735 0.2275895455243635 0.3241820497301554 0.09313270263609374
0.29384797217510616 0.014095374420021511 0.025555975093546124 0.6665006783113262
0.4633299835924899 0.3504548024861204 0.09420191625671293 0.09201329766467681
0.3954171230773408 0.11495717021873386 0.47572560768638283 0.013900099017542522
0.2685672118298418 0.044185484370359074 0.6672872627202161 0.019960041079583046
0.03478870878171647 0.007300088241254832 0.17431546881189175 0.783595734165137
0.39377486836479103 0.09137942007837674 0.3759601894658161 0.13888552209101612
0.6581167684163954 0.08830119090871447 0.03970948963395038 0.21387255104093972
0.00047059662956350223 0.3602367502586268 0.6293254067401711 0.009967246371638594
0.4664261763573211 0.2522497109948466 0.22954864313752743 0.05177546951030487
0.12673788098139827 0.33761582973593385 0.3313933299392313 0.20425295934343657
0.23443836482562908 0.6715894351196928 0.026207497462602425 0.06776470259207568
0.131325605226299 0.3619782587067074 0.026201582825273628 0.48049455324171997
0.2551072128921459 0.23904996221432417 0.4444067948410829 0.06143603005244702
0.16420411701004767 0.11858291192420833 0.6198539090342087 0.09735906203153533
0.11359799387981628 0.052321658856684605 0.38338166639952675 0.45069868086397236
0.44054301271555507 0.1359512027830737 0.2705353286228289 0.1529704558785423
0.34484747530736715 0.019555955497667532 0.280079051746571 0.3555175174483943
0.11011504387103044 0.0021790356307582748 0.8562555616097951 0.031450358888416186
0.42225883734607583 0.414630340521822 0.10909780697993776 0.05401301515216439
0.13431335779676334 0.3839894095552162 0.42252476222658697 0.059172470421433476
0.1110785810176882 0.0032446840569976265 0.061091328096456676 0.8245854068288575
0.6165037691869236 0.1280791118502257 0.1519903928459596 0.10342672611689108
0.02614256509479218 0.7445510686175827 0.21670460833364136 0.012601757953983772
0.5519086651165459 0.0866012178031762 0.28063602543087807 0.08085409164939983
0.16102999074147994 0.14703292031239723 0.4261221120872435 0.26581497685887934
0.041915867253347394 0.4832161103264855 0.19975557060009264 0.2751124518200745
0.6153423695536984 0.17426746106207336 0.05703942504268711 0.15335074434154117
0.15179149757274257 0.0703990724850716 0.5364417569108028 0.24136767303138307
0.4494197853289291 0.2914011662738115 0.20720369051795662 0.05197535787930274
0.5143081053803499 0.09073744937028771 0.037303779066690246 0.35765066618267216
0.3465801231305623 0.0733800007458475 0.5257122582659035 0.054327617857686694
0.325357837562957 0.4079845329339352 0.040959880265115656 0.22569774923799213
0.2816823504133108 0.2527491009916105 0.31026489735397844 0.15530365124110024
0.027075018879067936 0.6829593287269148 0.1655133177155731 0.12445233467844419
0.1972225370220253 0.12285052152749698 0.6334860979478055 0.04644084350267219
0.6392321162895002 0.02811970089172766 0.15311922943768164 0.17952895338109054
0.15726167197860763 0.6878852121073398 0.08406637703667352 0.07078673887737907
0.33332217026639865 0.045819390123960635 0.17565381558140247 0.44520462402823824
0.29440434539436455 0.06148374639214349 0.45981221743682077 0.1842996907766712
0.15201681524038868 0.31802427631096275 0.4214593526443211 0.10849955580432746
0.10251515306060477 0.25608390637798706 0.604121351352271 0.03727958920913721
0.27599391646702853 0.6465750809641738 0.031848737444218456 0.04558226512457919
0.41944723235353787 0.007881961164019846 0.35278316013924027 0.21988764634320201
0.22871191612796893 0.0913117179261318 0.39410716652206823 0.28586919942383104
0.045033215431179774 0.38473980967136023 0.07602490619335833 0.49420206870410166
0.23704542481405122 0.04039654138333093 0.39655572987307686 0.326002303929541
0.24043140182447942 0.5219500918387698 0.030858049031085466 0.20676045730566528
0.0020145021060725687 0.0006541976718055231 0.31464939233377565 0.6826819078883463
0.5523281227778889 0.27273877942286306 0.0052469496027137685 0.16968614819653427
0.4336852011862815 0.07628006305067636 0.13148264372748686 0.35855209203555527
0.04694764701424692 0.28658227729288943 0.5002491500390162 0.1662209256538475
0.36025941584313614 0.013657086223378023 0.002447465532054105 0.6236360324014317
0.35024011070230987 0.36898865547436377 0.18607083053265028 0.09470040329067608
0.04080677915908404 0.5503543206413558 0.36758209121823526 0.04125680898132489
0.43141046446130815 0.21780692116535627 0.25265223946493365 0.09813037490840193
0.6208728320872053 0.04681367760276833 0.11798499951340469 0.21432849079662164
0.008133057622750406 0.30090247103975887 0.02720444174935288 0.6637600295881378
0.012748902832964926 0.30869597048988884 0.33717937670868725 0.341375749968459
0.4635032067020103 0.013805082630198529 0.25730240440390917 0.265389306263882
0.05382964253560807 0.22142619915387762 0.050246808292918166 0.6744973500175961
0.13358045529471962 0.26086133527659594 0.30004765538773637 0.30551055404094807
0.033420694846417076 0.2629654664744502 0.22766228887283657 0.47595154980629617
0.07939729565063247 0.7049821086008763 0.008932886746712887 0.20668770900177835
0.11650314152920982 0.31216752214829147 0.006721579055585902 0.5646077572669128
0.1260140399254639 0.1262763202376448 0.6894748675621 0.05823477227479135
0.34391769036679354 0.247936723077535 0.036573831763782816 0.37157175479188864
0.12146541912546605 0.1716954179875888 0.512373592891217 0.19446556999572817
0.25151444039751714 0.045586724808932666 0.2092726384485436 0.4936261963450066
0.042391791999032424 0.33149684060764617 0.3016928398584704 0.324418527534851
0.06950722277577259 0.30749284425537604 0.25573894371381856 0.3672609892550328
0.6063236706030968 0.3520340601688384 0.028581610029493887 0.013060659198570912
0.3263453759176551 0.48708625093720326 0.11660349570970807 0.06996487743543356
0.16116015604340594 0.02354222150804064 0.2821578907363854 0.533139731712168
0.18889624409771189 0.3061429539325825 0.09017855394133756 0.41478224802836805
0.5770905957329504 0.15838870071046762 0.035341261412249136 0.22917944214433283
0.20316332477433907 0.40441219941878104 0.39049466499216157 0.0019298108147183246
0.05679292979181927 0.6741735175145022 0.11443232869497943 0.15460122399869913
0.12738635724391922 0.13051556839495582 0.7241799573250691 0.017918117036055836
0.3307958534884413 0.540524111225476 0.08688731936033789 0.04179271592574485
0.4615097738121189 0.40364616337309567 0.025395051998469587 0.10944901081631586
0.2482791708096448 0.02766555323635811 0.3470504135081667 0.3770048624458304
0.3650800384771423 0.029143927898252153 0.16799626226407383 0.4377797713605317
0.16826932456878485 0.4478438392471946 0.34509251716492517 0.03879431901909536
0.16533585763528902 0.0844965834960616 0.2636749593263973 0.4864925995422521
0.1002621568670018 0.367463241085341 0.37080694868415154 0.16146765336350566
0.16324236996546093 0.5014603480824267 0.14962245689926845 0.18567482505284394
0.19767323667917258 0.1722492250404447 0.21350137737210584 0.41657616090827687
0.1819616869822479 0.6828378433535869 0.051399350326352344 0.08380111933781287
0.16624686990506754 0.48695592717899605 0.3273326774713452 0.019464525444591207
0.5254087043457485 0.18612508852487508 0.18975709332063406 0.09870911380874237
0.3390031762526776 0.3534943963319652 0.21781953577381874 0.08968289164153842
0.4224530908151888 0.1444311299758113 0.2830794687902044 0.1500363104187955
0.45354610185955535 0.1482773712373654 0.25282841655894017 0.14534811034413908
0.008250126456409657 0.15611711415481644 0.6332838901305312 0.2023488692582427
0.020118490547919365 0.6547969812417945 0.034897533342134635 0.29018699486815147
0.5771952672121419 0.04915424205955621 0.1888469933117588 0.18480349741654312
0.06630771768601829 0.5517396630766774 0.36121296861778573 0.020739650619518546
0.3254576131562601 0.2704184074204409 0.27584987255177384 0.12827410687152518
0.120157419655474 0.014225975446232608 0.3700084531728707 0.4956081517254227
0.4779599465274377 0.0722350456280304 0.4361535952209028 0.013651412623629122
0.06139173250395913 0.018034207897856036 0.08603667719925912 0.8345373823989257
0.46903876686055734 0.4233399510380722 0.07122493159394061 0.03639635050742984
0.23803329334148204 0.07207478733487604 0.27030499051485624 0.4195869288087857
0.14856182612859403 0.3086064749835634 0.5089970862387287 0.033834612649113804
0.1558989486119291 0.5527659268118397 0.11284353103921729 0.17849159353701394
0.22908746604512287 0.31822070781733935 0.2847422318867323 0.16794959425080547
0.19816029230198762 0.04793505898371353 0.7201939371197295 0.0337107115945694
0.1419379448182697 0.10495878928649494 0.2947357843469828 0.4583674815482526
0.044954436415257426 0.020840912319136873 0.07169526308351204 0.8625093881820937
0.26474584654165234 0.5299263518723877 0.15090510254964595 0.054422699036314026
0.07985395259922057 0.11114386513284735 0.18001590339824503 0.628986278869687
0.03398399717507794 0.18820968619767275 0.0967744183826642 0.6810318982445851
0.02686205885698789 0.17663755707492546 0.3693410679420984 0.42715931612598823
0.2509894872187245 0.2500217789329564 0.2823448690311726 0.21664386481714648
0.05243217312911197 0.13230199209976545 0.597504182681286 0.21776165208983655
0.1818237082725016 0.16768958670545664 0.13590587759896522 0.5145808274230765
0.3924749486571433 0.010924540655137371 0.5512020347171499 0.04539847597056945
0.1018669925345781 0.425184021111468 0.17954880320134847 0.2934001831526054
0.6652508490968092 0.24902636240722686 0.017191114028398347 0.06853167446756558
0.30477035510732065 0.04927164862596012 0.5266431717841323 0.1193148244825869
0.6183716146436339 0.01282685238576553 0.23940372040550506 0.12939781256509553
0.1900245173006775 0.1915012961312672 0.09111725310506347 0.5273569334629918
0.21525359616312412 0.1019397895196682 0.5427306455318458 0.14007596878536188
0.002561663531373659 0.2299952015743657 0.4501938517139138 0.31724928318034684
0.24555142124013685 0.14306450967615214 0.43596925384206275 0.17541481524164826
0.511789035336068 0.1420776296464179 0.03176629478136572 0.31436704023614837
0.11536960330387191 0.43601872348574633 0.09745793371355771 0.35115373949682405
0.08027124058107526 0.05017025044879275 0.09969247875507081 0.7698660302150612
0.1211668583149973 0.08630715068367467 0.26630372319032725 0.5262222678110008
0.12439927261944772 0.17399063241894885 0.4443987564162718 0.2572113385453316
0.09881989277412462 0.18135778343483455 0.4625005796784901 0.2573217441125507
0.17700318420093308 0.3115766395912578 0.05277736144699596 0.45864281476081314
0.049258337041838685 0.29663989908875865 0.5270240903341182 0.12707767353528443
0.028892129419524015 0.25498255614293364 0.231050733497691 0.48507458093985134
0.21858309797361852 0.5389716756931116 0.14955351308031295 0.09289171325295698
0.03831346132904856 0.7076048067429348 0.134967617652208 0.11911411427580865
0.23126821532398023 0.2047728281077258 0.33234203909902515 0.23161691746926882
0.6583601356971469 0.23823038834386623 0.04076653316089207 0.06264294279809479
0.15440627625138936 0.25913914186590237 0.022754229050246932 0.5637003528324613
0.10585912409930998 0.056776331478276876 0.5035613723481593 0.3338031720742538
0.04358966764039274 0.6362453339839107 0.13820248899242116 0.1819625093832754
0.34098109422081313 0.4642295544040168 0.007724938323302344 0.18706441305186772
0.2851228921155671 0.1556333588170118 0.19129235367384223 0.3679513953935789
0.1942923285524012 0.3295943548516741 0.4050688447757914 0.07104447182013329
0.4668554697000957 0.18918655534752704 0.23985935775173728 0.10409861720063995
0.48608079350505473 0.02021365758158189 0.2801386438593587 0.21356690505400466
0.44676221469956134 0.14996758755862982 0.10694009128577142 0.2963301064560374
0.36458029862595565 0.04278302304559134 0.4487646169925018 0.1438720613359512
0.16639363893150727 0.27270757940142953 0.4558174661986206 0.10508131546844257
0.4272904663977466 0.11139547523424642 0.08294984172415054 0.37836421664385644
0.08178450867829457 0.030820602704847322 0.23199262098612872 0.6554022676307294
0.013602147087650951 0.6258690330454723 0.24545167436866233 0.11507714549821446
0.15065427465809167 0.28314500832949585 0.423951576928018 0.1422491400843945
0.29823835169143165 0.3257266515990097 0.13270344118934585 0.2433315555202128
0.1492789485039614 0.1744550121453139 0.1473737473808745 0.5288922919698502
0.24482325001285576 0.04127924869387478 0.5530648689905927 0.16083263230267675
0.2529427251163521 0.46988233724407147 0.03951561334827536 0.2376593242913011
0.2571675125289805 0.4429361520808798 0.07740313073016714 0.22249320465997258
0.4748903434113496 0.10932997916701881 0.10325705441261468 0.3125226230090169
0.05504986571323467 0.37013183101281344 0.174161531551281 0.4006567717226709
0.09562534959048785 0.14556782599714613 0.25977081538700864 0.4990360090253574
0.14689031096451222 0.235044549361762 0.4601788469826842 0.1578862926910416
0.0920461222927842 0.16693229958848377 0.03855836081072617 0.7024632173080059
0.049945817658513136 0.5021924209383248 0.3955828469690533 0.0522789144341087
0.37927588939841894 0.014516420387542528 0.4273397552537923 0.17886793496024622
0.15840993506652679 0.6522227833516818 0.1723506647133991 0.017016616868392287
0.7375640212288315 0.0909895253652625 0.0782160974712558 0.09323035593465023
0.06631228668476663 0.6028977307626736 0.2822619151302389 0.04852806742232085
0.010102104808489054 0.4651250307877488 0.451261284208461 0.07351158019530113
0.4076635945189172 0.00020183256803374405 0.23799689781454503 0.354137675098504
0.626366663429887 0.01790490004961809 0.08663973976593953 0.2690886967545554
0.2495558150705619 0.3476434543623086 0.3172119276643298 0.08558880290279969
0.4406574941629382 0.0997419821489326 0.15836685734078915 0.30123366634734006
0.11357252888458513 0.2668106244734908 0.4764456287171186 0.14317121792480547
0.7697045149837696 0.11576556226917367 0.03777814280428615 0.0767517799427706
0.20240979274582627 0.48697105968482624 0.2124844515286014 0.0981346960407461
0.44294047907261636 0.030925209931538022 0.33662205097292053 0.1895122600229251
0.21195329533670693 0.49817583279010447 0.2598799865828352 0.02999088529035343
0.4527906817285522 0.2039478089130844 0.04429428694583393 0.2989672224125295
0.12648527119159758 0.25309540023713106 0.006644357326798245 0.6137749712444731
0.01414753092971266 0.059952968358795045 0.7418160371346345 0.1840834635768578
0.11421719089385418 0.07688543494224997 0.22955171632594873 0.5793456578379471
0.06621134812386786 0.2452497759289457 0.3200331728954682 0.36850570305171826
0.4968287004338624 0.2788399264941994 0.03990942372636286 0.18442194934557532
0.13344259879731213 0.4934106836373199 0.3314047570221289 0.04174196054323909
0.9380485502616621 0.0358298466358663 0.0170602844063914 0.009061318696080178
0.5240837928740173 0.13845039288495276 0.2948368759541864 0.042628938286843554
0.6321252368407538 0.033531432456165855 0.22474124457920486 0.10960208612387545
0.19895837237578629 0.20255843444941224 0.39014762722293506 0.20833556595186642
0.32334746129294634 0.2439934596593083 0.059136227978009104 0.37352285106973626
0.04080710494795148 0.3625547565967602 0.2908573339352516 0.30578080452003675
0.12209909505872218 0.025490824807217094 0.6477570067243453 0.2046530734097154
0.21161019697862027 0.5206991415101506 0.15951062105359148 0.10818004045763763
0.11695769318403682 0.5403236364536516 0.023677960344944293 0.31904071001736733
0.32096372505838267 0.07118958787897178 0.04447007275940784 0.5633766143032377
0.23551710902764178 0.5398975257771027 0.20429077209622237 0.020294593099033142
0.22980092340752356 0.5759580907449424 0.023314360150586633 0.1709266256969474
0.31394151667812764 0.07016836909421031 0.16980030579588 0.44608980843178203
0.12369318892169423 0.5496261175323822 0.20215969449177806 0.12452099905414549
