17 10 4 23.6209648805422 47.24192976108439
3.6519850241839875 5.775280800447647 2.7236870825274537 1.6111032237216223 8.08286913999922 6.907001695982699 6.737688064392723 6.180426043777306 1.3515662456997983 4.22032244035194
0.7303970048367975 1.1550561600895295 0.5447374165054908 0.32222064474432444 1.616573827999844 1.38140033919654 1.3475376128785446 1.2360852087554612 0.2703132491399597 0.844064488070388
0.05119366562045369 0.8128484379257573 0.08164108327219655 0.05431681318159243
0.29772571830177164 0.18580290600823046 0.06822274432487319 0.4482486313651247
0.15090669442067706 0.24514074162634947 0.022436949298850428 0.581515614654123
0.19877387220034304 0.369217247524288 0.1500460739790147 0.2819628062963543
0.4449960661200688 0.10000250781065156 0.13176381177224006 0.32323761429703957
0.7187760832244346 0.0784916467708755 0.16352002647146802 0.039212243533221836
0.7769745806055802 0.052330183302848 0.05843158797720871 0.11226364811436307
0.13042928220861905 0.2599452090679655 0.1302605722347473 0.4793649364886682
0.06570232191808534 0.13174145559558992 0.3833310475730527 0.41922517491327205
0.7955946473535244 0.07644913859964608 0.011820431780066754 0.1161357822667628
0.060044680315385346 0.5923739351502695 0.22487191068237544 0.12270947385196973
0.2829881608569912 0.2785207444693699 0.036004347912689916 0.402486746760949
0.05524135021582377 0.0886625705595041 0.6447967889035717 0.2112992903211004
0.08233974921248077 0.20997760529165777 0.5390465678063825 0.16863607768947897
0.11847226487907647 0.04048647968819896 0.7290236895899236 0.11201756584280098
0.06797872826362639 0.5912266641123953 0.08437137275807483 0.25642323486590346
0.029156996519808853 0.1047886710559841 0.7040458446195321 0.16200848780467492
0.4372519921680409 0.05562068199764325 0.49151085682878803 0.015616469005527822
0.08332540063040506 0.4959586771136649 0.37505378781285426 0.045662134443075764
0.01569619295094371 0.7524942464773685 0.14791964696124305 0.08388991361044473
