73 90 4 243.0019509058101 486.00390181162027
6.784209242074711 5.8475883787205225 5.607081842127671 6.4923150440169675 5.436900852500726 2.9301579801229165 3.1958201735882303 6.148850733805577 7.953657973525533 3.7956515670833118 4.636748569533076 6.371200430553265 3.1729129019075537 9.15147857290514 2.432906515080644 6.297973081115854 3.357744097697101 8.887057483332718 9.27167887672417 1.9447561439808703 9.736129984740348 1.3908462171335594 1.3063946619725009 5.7932278444698735 1.2470909081220127 4.037473074411531 2.7400236164026595 3.418120147405719 9.791859110386449 9.524490041775131 8.378969522517869 6.897025324631574 1.4988830492101664 7.202447686328464 6.731068805574682 6.424982887559819 2.0929787067153045 2.915841029982797 5.56694263822026 5.289384006556297 1.7327096001765985 4.2130678778941855 7.59876472125577 7.580286452271159 2.062367644616576 1.3789806594859635 3.869694799449306 8.54886832466239 6.470911888140399 1.6944264024418287 3.3915260886868714 6.277704485106517 4.815414803110926 6.7117473516770865 1.4607386408521446 6.273312096109193 9.675831347895189 1.0500017184353878 7.196376220026558 9.08170006568331 8.137063014175133 6.981303778889652 8.282760932860189 2.4560964307585853 3.292365333489238 5.508061322693903 9.351013370531948 5.525966353640647 2.760214506602762 7.062085064524136 3.8578382831410862 8.109828593289688 7.695405661844709 2.313845495598974 8.117432126778688 4.902127577998196 8.930685672094876 6.148751568236883 9.906532673959136 4.764244563104922 4.196695398308863 5.805413542328517 3.3444921532818124 4.652751988121915 6.525196412747387 3.4854339653755257 6.167493192709688 9.216604210303768 4.476595307813715 1.244302403924752
1.3568418484149423 1.1695176757441046 1.121416368425534 1.2984630088033935 1.0873801705001451 0.5860315960245833 0.639164034717646 1.2297701467611153 1.5907315947051066 0.7591303134166624 0.9273497139066151 1.274240086110653 0.6345825803815107 1.830295714581028 0.4865813030161288 1.2595946162231708 0.6715488195394201 1.7774114966665437 1.854335775344834 0.38895122879617405 1.9472259969480696 0.2781692434267119 0.2612789323945002 1.1586455688939747 0.24941818162440255 0.8074946148823061 0.5480047232805318 0.6836240294811438 1.9583718220772899 1.9048980083550262 1.6757939045035737 1.3794050649263148 0.29977660984203325 1.4404895372656927 1.3462137611149365 1.2849965775119638 0.4185957413430609 0.5831682059965594 1.113388527644052 1.0578768013112594 0.3465419200353197 0.8426135755788371 1.519752944251154 1.5160572904542318 0.41247352892331524 0.2757961318971927 0.7739389598898612 1.709773664932478 1.2941823776280796 0.33888528048836575 0.6783052177373743 1.2555408970213033 0.9630829606221851 1.3423494703354173 0.2921477281704289 1.2546624192218387 1.9351662695790377 0.21000034368707757 1.4392752440053116 1.8163400131366618 1.6274126028350266 1.3962607557779303 1.6565521865720378 0.49121928615171706 0.6584730666978477 1.1016122645387807 1.8702026741063897 1.1051932707281293 0.5520429013205523 1.4124170129048272 0.7715676566282172 1.6219657186579375 1.5390811323689417 0.4627690991197948 1.6234864253557375 0.9804255155996392 1.7861371344189751 1.2297503136473766 1.9813065347918273 0.9528489126209845 0.8393390796617727 1.1610827084657034 0.6688984306563625 0.9305503976243831 1.3050392825494774 0.6970867930751051 1.2334986385419375 1.8433208420607534 0.8953190615627429 0.24886048078495043
0.4060569461544311 0.05766918239732155 0.05832937693025664 0.4779444945179907
0.19509332030033533 0.23374761646783138 0.5546092188226849 0.016549844409148418
0.09468353954456954 0.2225697065407336 0.41281100540887194 0.2699357485058249
0.17306263880791795 0.028855713592352727 0.41592855867684886 0.38215308892288047
0.03894517361040728 0.5680362650997494 0.2764627403254012 0.11655582096444217
0.0083911140733115 0.22642660627287392 0.47496934081634745 0.2902129388374671
0.21539042374332962 0.17461313507985188 0.3449670471400723 0.2650293940367462
0.26599117574836584 0.1361850494550496 0.5160027942312582 0.08182098056532638
0.06989213647339398 0.36570515441077556 0.18715693460052063 0.37724577451530983
0.6612157304437016 0.26591100743347895 0.05909589752048783 0.013777364602331588
0.050388157099736985 0.0029530435446162295 0.8409257775457046 0.10573302180994215
0.2429170049359306 0.1681151040444081 0.5472423653186089 0.04172552570105237
0.025660744281820747 0.23658470794119935 0.36709831748435373 0.3706562302926262
0.06800329621473367 0.057372419881609016 0.28350731234654136 0.591116971557116
0.22071885663976365 0.6088374292279712 0.10768704912594618 0.06275666500631893
0.3994436597484484 0.04082274992899593 0.5587893679278695 0.0009442223946861672
0.3324339083978578 0.27236972860132436 0.018761404813508076 0.37643495818730976
0.08946742589913692 0.08982062006673719 0.24520335803926774 0.5755085959948582
0.14383721873173638 0.31733469439664075 0.25900414330370924 0.2798239435679136
0.017365529185428552 0.017678545047968397 0.8941785270300938 0.07077739873650923
0.12732866124463926 0.027662179935688203 0.5748458362636231 0.27016332255604947
0.00961735598227631 0.5155793916237073 0.057653033547545696 0.41715021884647074
0.09110074361059628 0.16570354357305606 0.37742736363755924 0.3657683491787884
0.07777353302876355 0.17702019110108136 0.6469478654934815 0.0982584103766736
0.3791977625350448 0.04226663566835964 0.13669151237991228 0.4418440894166833
0.13467550498407954 0.13847482709781367 0.34402392994535014 0.38282573797275665
0.459775577048661 0.1181991418987659 0.36418975380790797 0.05783552724466512
0.7794528540908355 0.1332570476757785 0.05501261417742609 0.03227748405595987
0.1695349337183516 0.3365302122299286 0.13311295039860016 0.3608219036531196
0.019673747358218918 0.42724947835665894 0.01658437181681116 0.536492402468311
0.2367373278590006 0.00463551707183163 0.23636227266308196 0.5222648824060858
0.5924412472964279 0.042787011299697975 0.31283490564091043 0.05193683576296371
0.4693029207766719 0.3084137824660891 0.18201329992352844 0.040269996833710575
0.11051083256901906 0.4189254181443506 0.005244961617573596 0.46531878766905677
0.09713634313881514 0.05656122453566115 0.3885996899528601 0.4577027423726636
0.3992903641149924 0.4909273507701237 0.06118676109350785 0.04859552402137601
0.2065179847069113 0.33590768086365386 0.04403995324909493 0.4135343811803399
0.030351907275201984 0.1384229295104773 0.4907565031762875 0.3404686600380332
0.058325522617093006 0.08489173333902955 0.4720975006724353 0.38468524337144216
0.18232464000841053 0.18939594593704157 0.5906966451398681 0.03758276891467982
0.16600077519085665 0.22839903450824317 0.27466091910673585 0.33093927119416433
0.14877994031068886 0.5534649162300879 0.25057650306051693 0.04717864039870634
0.18502713432865803 0.23170248974558183 0.2959084469405474 0.28736192898521273
0.005138703837395453 0.08703325982692911 0.8859101401966766 0.02191789613899886
0.01149072159742881 0.438468801961872 0.07462594227824504 0.47541453416245416
0.3352565853492615 0.34623787903414904 0.011200206509123012 0.30730532910746644
0.19063154263697402 0.6647754048442781 0.14265131830263122 0.0019417342161166529
0.007973227518354276 0.09898849958349865 0.8811295019888461 0.01190877090930098
0.19006161005594824 0.016584026713761246 0.14637885088029678 0.6469755123499937
0.3076505897522389 0.023754963946208907 0.5235417422154598 0.1450527040860924
0.22571147899938082 0.21620910982453512 0.46827608694305123 0.08980332423303283
0.2832000782028179 0.2161732990110592 0.07955674603358953 0.4210698767525334
0.10456122945957869 0.3202617897376062 0.521903422807676 0.05327355799513911
0.17261891054650602 0.17536726785648482 0.2075572062551505 0.44445661534185865
0.2744185002460604 0.1353590534357184 0.23631387056620545 0.35390857575201573
0.1269861114800085 0.24384364939184133 0.04548399243553414 0.583686246692616
0.04984480656769563 0.2477504771591411 0.43098483436710433 0.2714198819060589
0.32634222230911203 0.318821767547811 0.24117355301604015 0.11366245712703682
0.13881100283184 0.023823108834647666 0.578775667043103 0.2585902212904093
0.08449530710866782 0.34053907789252824 0.5042649152190154 0.07070069977978855
0.28137948014561054 0.3289428498982395 0.14878414412490226 0.24089352583124768
0.36703256109342863 0.27670126566986275 0.28505065533863183 0.07121551789807679
0.04366146145834038 0.04950196594667278 0.20044184772401052 0.7063947248709763
0.16418268980898854 0.6292407980490619 0.06568067825318535 0.14089583388876425
0.19078629328917318 0.44105083258763356 0.36509993621644476 0.0030629379067484974
0.10145425135971498 0.5836181518680761 0.026068056999022482 0.28885953977318646
0.09931443010245489 0.34842209379086353 0.22594658052542582 0.32631689558125576
0.17479424456940862 0.16109891231372064 0.25147648409532164 0.4126303590215491
0.03638725539866716 0.18543504435971214 0.7331476379727526 0.045030062268868076
0.2538375150783827 0.26128253969048354 0.09531236163302959 0.3895675835981042
0.052366573576917985 0.37486139871326596 0.4519403593391057 0.12083166837071035
0.12223715164679194 0.5500335642679113 0.2941475693467167 0.03358171473858007
0.5059993094806826 0.3875762649941453 0.06285018449886037 0.04357424102631169
0.3348900912024487 0.08921426114081377 0.34561325532530707 0.23028239233143044
0.1421037266103613 0.1723615591040496 0.4538677067069222 0.23166700757866687
0.17033159755859528 0.35311357070177696 0.4179699170437867 0.05858491469584104
0.5776531713393075 0.21702533428035597 0.12755474885892137 0.07776674552141516
0.5737031881884543 0.22916158052809577 0.08604790719377464 0.11108732408967525
0.2847933506601176 0.14916178125321355 0.22212200659064962 0.34392286149601925
0.5922894100788523 0.08971389227251336 0.25992057263026713 0.05807612501836723
0.421529468637606 0.0947262621026701 0.3591552572773431 0.12458901198238082
0.11432699103910082 0.25612220597859126 0.5927463799531162 0.036804423029191735
0.34892865533387785 0.13834154532804177 0.1221484041959695 0.3905813951421109
0.09035855868393317 0.2535702021266898 0.00218270869519277 0.6538885304941843
0.255518359925062 0.28687278379036385 0.2650690041472453 0.19253985213732883
0.21851517414102117 0.4497691517692317 0.22105877593800016 0.11065689815174695
0.23022178697340068 0.24293861426615804 0.10256896308524488 0.4242706356751964
0.3716222533680017 0.5094178548718059 0.01729172310586269 0.1016681686543297
0.08798310945144583 0.08567924699314955 0.27568047586637245 0.5506571676890322
0.08370995990051744 0.41898732023201657 0.271039929297582 0.22626279056988396
0.57275600668246 0.16660853846384027 0.24135079987744568 0.01928465497625409
0.000594813859835952 0.2101772053751777 0.7554581909828333 0.03376978978215306
0.17286194325168658 0.05008936561983934 0.25429507626056136 0.5227536148679127
0.1344763453475052 0.22495024297116617 0.08234745515885644 0.5582259565224722
0.07112524770513029 0.008684124608008381 0.20793472843097593 0.7122558992558854
0.26745340860399325 0.0783152659695665 0.25830811366554607 0.3959232117608942
0.044564840121712246 0.021435134297063563 0.41218556529541905 0.5218144602858051
0.11016116033092482 0.46583296867697344 0.20667048211779127 0.21733538887431048
0.4130406797872067 0.35694038723740207 0.21740937379169656 0.012609559183694663
0.12971129607578213 0.07936525022840835 0.7043370243314342 0.08658642936437533
0.1056614632872217 0.39251849501662583 0.30173763967147593 0.20008240202467653
0.060855435763612964 0.05457584175114605 0.21175132369972094 0.67281739878552
0.25798859718263834 0.13629911134325579 0.1336191047400772 0.47209318673402867
0.16974686911639603 0.6595897827089218 0.09011385106115655 0.08054949711352566
0.32354371150032024 0.028954408351229644 0.336385834093589 0.3111160460548611
0.17273540938575316 0.4970944991928229 0.21843950133777645 0.1117305900836475
0.11653453008727643 0.24659666614092912 0.294593434325194 0.3422753694466004
0.25000745638437327 0.14357424072745295 0.44424278415367924 0.16217551873449454
0.004949531477747349 0.23967934695146176 0.1272701067687373 0.6281010148020536
0.3599995151031996 0.05966593043377999 0.16833360332638336 0.41200095113663704
0.06390995299774815 0.5085597402302041 0.10082560307151422 0.3267047037005335
0.20464160844687307 0.23508930310721454 0.3008376679173079 0.25943142052860446
0.1839319862155241 0.22349613706263738 0.5922782579378901 0.0002936187839484017
0.016092194562066897 0.07959647089965638 0.3645386491907028 0.5397726853475739
0.8515277002708599 0.049140833780835225 0.08435802824953087 0.014973437698774017
0.4616752173990374 0.2063561692687157 0.21295434708056005 0.11901426625168687
0.0643520592348259 0.08761679839483338 0.7942684184291164 0.05376272394122428
0.39816070714911656 0.20223460940989446 0.2539553741457674 0.14564930929522157
0.02426391204153122 0.7384237575860287 0.13391462466985327 0.10339770570258677
0.16469084011226864 0.7201761563682273 0.060422509262296864 0.0547104942572072
0.28681789400148094 0.11111651168339176 0.08987822758215802 0.5121873667329693
0.1402219458999454 0.3244456887508774 0.41356070170934145 0.12177166363983571
0.06224472942566617 0.4859827705548183 0.2381641023044977 0.21360839771501783
0.3433287155381036 0.4974081653261986 0.013761006828143851 0.14550211230755394
0.03587947425273408 0.23734548353902574 0.6436201495576619 0.0831548926505783
0.03255863165369399 0.5185977730783969 0.19615495691529394 0.2526886383526151
0.00350915276633057 0.6446845640070544 0.21421502701934836 0.13759125620726664
0.5648905985257564 0.05944785901051963 0.1828151522905006 0.19284639017322336
0.14335182566358362 0.2699815537852822 0.40319213886179406 0.1834744816893401
0.6151265973166343 0.02851121260349454 0.3006672213545345 0.055694968725336635
0.23839009655938892 0.3991057090359068 0.2575977076373227 0.10490648676738157
0.07751633978055905 0.10358954760289685 0.10146142201040842 0.7174326906061357
0.18739893207092329 0.24055925350276175 0.5634126872639027 0.008629127162412265
0.027709769214093294 0.7046985216306223 0.2076728094878092 0.05991889966747521
0.1912298529150126 0.03804046470788447 0.06732326972792346 0.7034064126491795
0.5634966847504682 0.263786589101763 0.16372669685019703 0.008990029297571756
0.4187146760193492 0.07314986682230806 0.009437867149747703 0.49869759000859504
0.16070254481943314 0.20306770722744483 0.40962461163168984 0.2266051363214322
0.12798995421195714 0.19674240795244247 0.5420715338576885 0.13319610397791193
0.36573010578225496 0.22201917083895428 0.2832131831301732 0.12903754024861758
0.4984472139584154 0.07835052953220867 0.10609766497798823 0.3171045915313877
0.0023654983402915386 0.4534850804175423 0.15840870587419964 0.3857407153679665
0.27723310657525413 0.21135589927928577 0.4116905285039102 0.0997204656415499
0.26403558664570836 0.25697247303211346 0.08559613158890811 0.39339580873327007
0.10979676599814703 0.12303929920265155 0.10740916578804449 0.6597547690111569
0.14842636838847578 0.2553067764664497 0.2875482284656773 0.3087186266793972
0.006276607578504456 0.8550683370004571 0.01784599442166479 0.12080906099937361
0.43670885349899946 0.15599909641312215 0.3528794374399894 0.05441261264788899
0.14953405533252717 0.04301003702424355 0.28937451995960384 0.5180813876836254
0.04034145493148833 0.35577607635971376 0.30751309232258617 0.29636937638621175
0.5351293674661635 0.2607408746812667 0.13057849096073126 0.07355126689183855
0.2603447374594937 0.19125619131026717 0.4360603920115834 0.1123386792186557
0.1003868609215387 0.3755834660789198 0.08163339852669638 0.44239627447284513
0.3511854248068116 0.38389771369652137 0.17458006802926151 0.09033679346740553
0.003600222013997123 0.022425270677811526 0.6524375437557567 0.32153696355243466
0.6735031540556726 0.16739851769570868 0.06721462702358172 0.09188370122503697
0.05111579876514272 0.8801730544601115 0.054694371566896494 0.014016775207849275
0.30716517843979463 0.2371261041931061 0.042017355096044984 0.4136913622710543
0.21209060134548707 0.18188040162825747 0.5927097684252856 0.013319228600969901
0.570977925864117 0.17773337172819814 0.16503449115838076 0.0862542112493041
0.6411279142634997 0.012827269743870051 0.16795559412660221 0.17808922186602805
0.1200322017537998 0.1636803188163336 0.33630465916359187 0.3799828202662747
0.3187696874440611 0.056880583069255364 0.4664236170658983 0.15792611242078525
0.3173254168290126 0.18985108793300243 0.370609671943375 0.12221382329460995
0.0556828380914971 0.13315563013290055 0.48045503774489096 0.3307064940307114
0.0837255808350762 0.6538306712819404 0.11530521720979658 0.14713853067318683
0.7229079252145624 0.05494210525604559 0.1836254689507214 0.03852450057867063
0.1533829307918143 0.070950752882318 0.5031016225721034 0.27256469375376424
0.11005840802485345 0.14656671545839728 0.5531662879849316 0.19020858853181766
0.11296890342307042 0.028311294636922057 0.3821303827497622 0.47658941919024533
0.1504759324174435 0.07717603581146104 0.2823660919649551 0.48998193980614035
0.2608839404974469 0.018862950481560614 0.34376485234194487 0.3764882566790476
0.20347645728331043 0.6825407506184638 0.06440521577237923 0.049577576325846584
0.3367993083413231 0.2282553443749502 0.07203755277549606 0.36290779450823063
0.2687629507383056 0.06283016870990898 0.15332888664986588 0.5150779939019196
0.5150841536086165 0.057393004922151714 0.0349900705452707 0.3925327709239611
0.18343982466896014 0.6653633453311332 0.02130723878580143 0.12988959121410526
0.005073988868802726 0.4953202596220867 0.3558152826630371 0.1437904688460735
0.4821394478993457 0.14027909502071678 0.3599921570784531 0.017589300001484398
0.7322922092701851 0.029364027802147197 0.0961823607933402 0.14216140213432749
