56 40 4 116.3225055954438 232.64501119088763
9.85772665488319 4.000710394131881 7.063314622022237 2.7675137549307207 4.190018181769212 8.320293578638545 3.2306459816013495 5.127501926315924 8.89571279347379 4.524926150506673 3.93520078315279 1.8108559921939413 8.507959749314505 1.8659044444782737 6.827905738875522 5.945535895306108 8.647664877015512 3.3878558640189924 4.967814888995725 8.927968442453924 7.627219344579116 7.413760336615036 1.3210477204416589 1.177581060482614 3.9501718411961173 6.067149700284598 7.71145342412856 7.566110990379096 9.91172007713859 9.67135364707079 5.951758014510703 9.894355040956992 5.58329154272388 4.147951936096108 9.381877442046571 2.837639397904261 4.610498503033549 5.249769627628187 2.2404463530868894 7.526824476505401
1.9715453309766382 0.8001420788263761 1.4126629244044475 0.5535027509861441 0.8380036363538425 1.664058715727709 0.6461291963202699 1.0255003852631848 1.7791425586947578 0.9049852301013346 0.787040156630558 0.36217119843878826 1.701591949862901 0.37318088889565476 1.3655811477751043 1.1891071790612215 1.7295329754031024 0.6775711728037985 0.9935629777991449 1.7855936884907848 1.5254438689158232 1.4827520673230072 0.26420954408833175 0.2355162120965228 0.7900343682392235 1.2134299400569195 1.542290684825712 1.5132221980758191 1.9823440154277179 1.934270729414158 1.1903516029021406 1.9788710081913983 1.116658308544776 0.8295903872192216 1.8763754884093142 0.5675278795808522 0.9220997006067098 1.0499539255256374 0.4480892706173779 1.50536489530108
0.5857367364151134 0.15860082754783056 0.04173846425421246 0.2139239717828436
0.025420971434836348 0.7268221275463934 0.2152197572239133 0.03253714379485695
0.1527355716683979 0.3162458786150135 0.35731924081244504 0.17369930890414353
0.1460934696865831 0.31252733193005333 0.2747059560626177 0.26667324232074585
0.8487060747091458 0.0878632434129134 0.02560365015892685 0.037827031719013915
0.15073436131691642 0.1830718951311111 0.10100624086712895 0.5651875026848435
0.22203616691622308 0.305615788172667 0.16442262658389029 0.30792541832721965
0.4874321975327669 0.013127832884653245 0.4882398228134064 0.011200146769173469
0.3985822705894927 0.11702573327638177 0.45084708418207153 0.033544911952054
0.06125915966708273 0.3806733569332762 0.44527694516242233 0.11279053823721874
0.06598234661394364 0.033601473361211665 0.7956117592805126 0.10480442074433205
0.08301366707298918 0.16526867629106978 0.40870343067396997 0.34301422596197106
0.253478820710315 0.3120693683289505 0.1401771669524401 0.2942746440082944
0.16607630654869532 0.15441842306940567 0.31604601361271767 0.36345925676918134
0.6190577199774393 0.1568933759654073 0.09816316386621926 0.12588574019093413
0.12049886415634459 0.40899329628620185 0.404617373061148 0.06589046649630559
0.09308675892807083 0.5595373772598734 0.33843149779895954 0.008944366013096228
0.5455262730551346 0.04852103829526366 0.27720342852415425 0.12874926012544752
0.2329799677109411 0.10998853777501338 0.023401983216912225 0.6336295112971333
0.426081151527979 0.3643250721901201 0.0731515358329049 0.136442240448996
0.13740837199588152 0.02198418830751092 0.1458376918985811 0.6947697477980265
0.06007652009873099 0.17937556852972225 0.13124055285783665 0.6293073585137101
0.24683310140441672 0.28861116846683854 0.259551847843584 0.20500388228516075
0.2273836050525455 0.20190214032900988 0.20748856917014036 0.36322568544830425
0.057694042769647624 0.131372162498528 0.15009689011810456 0.6608369046137198
0.11148922092620595 0.4222406785167542 0.37614927011452026 0.09012083044251962
0.046859712843968504 0.011776576928939853 0.9227205905161623 0.018643119710929357
0.2900162394584762 0.2011985259059863 0.3530623847836162 0.1557228498519213
0.03435585396683105 0.4057698462385776 0.4405621625242362 0.11931213727035517
0.05483006239614374 0.07904170436040636 0.5280072696173723 0.3381209636260776
0.03915218483534466 0.47518898854171887 0.30205466910143264 0.18360415752150383
0.08216068618047856 0.06824255992433381 0.32690408036303853 0.5226926735321491
0.020556406803787675 0.18221997408709867 0.7386427648129337 0.058580854296179985
0.3240863577841917 0.0037653595027666853 0.027404167646019495 0.6447441150670221
0.16568716642432957 0.07499685419609592 0.49466048844922594 0.26465549093034857
0.023711955694064812 0.37545878703314395 0.3549927840176246 0.24583647325516667
0.2697450373213651 0.3069277472528008 0.4042058172723231 0.019121398153510993
0.030192143083152545 0.46250196122633225 0.032043146727509075 0.47526274896300613
0.273097177545922 0.07327569134021039 0.13304375124975765 0.52058337986411
0.6592666495543524 0.20356607383048975 0.00987463852893522 0.1272926380862226
0.15652571602169907 0.008812463563560025 0.09391558377956977 0.7407462366351711
0.12892417667035672 0.047656978344524425 0.1057326201238149 0.717686224861304
0.0016424362549277705 0.18674604208680012 0.18376837557044334 0.6278431460878288
0.03881296817903501 0.49646035429470536 0.1440305604030897 0.3206961171231699
0.3273935457799423 0.4104005261095919 0.13547731559838905 0.1267286125120768
0.01741362681044112 0.018249259749917535 0.36755474948418076 0.5967823639554606
0.11020666723436923 0.25416280548668446 0.3894882585205194 0.24614226875842693
0.22313033981126051 0.45969697343163407 0.25537313589731114 0.06179955085979427
0.20678671606036358 0.30240353628202177 0.06308577826881512 0.42772396938879953
0.033002470287029184 0.6573882850194465 0.03336246944601362 0.27624677524751073
0.69532772406012 0.09963944547194825 0.18455844756546647 0.020474382902465282
0.27910927839176247 0.22385753061423697 0.08015998141994896 0.4168732095740516
0.6043652213192912 0.09916328727087886 0.2783170568179212 0.018154434591908797
0.18804297602336395 0.11798589060058873 0.3039074282235935 0.3900637051524538
0.07507984000765366 0.569900103051145 0.05030351439525882 0.3047165425459425
0.15157549729490827 0.1455790035237896 0.6989552285162409 0.0038902706650612018
0.6820764935413849 0.21940645636150213 0.00032452507283209364 0.09819252502428089
0.3872548463012915 0.291696555900274 0.2003856779458857 0.12066291985254884
0.2896881425772716 0.5655509429359497 0.11572720728617958 0.029033707200599168
0.030076309149594804 0.15347779712561516 0.572588240390971 0.24385765333381904
0.15588573928011917 0.12974118479160035 0.5281540142699535 0.18621906165832702
0.10155914167724234 0.14394661249990526 0.13677418662741625 0.6177200591954362
0.3107703083179042 0.031037866239895684 0.04467971531842785 0.6135121101237723
0.3210077577408815 0.3468414391152531 0.07688297053833815 0.2552678326055272
0.5576630021354876 0.17329802510099013 0.12975941619418696 0.13927955656933533
0.18668455230122283 0.2881357648107543 0.5034305687118023 0.021749114176220607
0.04099646395813328 0.23963559882176422 0.18666356170569198 0.5327043755144105
0.0871591303929331 0.22220998282848192 0.42260643301229617 0.2680244537662888
0.4011881007056405 0.22624380228827212 0.13414731354207765 0.23842078346400974
0.2562101829624709 0.14730646204715458 0.4992533203737439 0.0972300346166306
0.6872128677343929 0.05965398618498907 0.10976538508103906 0.14336776099957893
0.27738391561925524 0.08489746676359733 0.05677429329684436 0.5809443243203031
0.07746424697284826 0.06421730195018394 0.34291067981520784 0.51540777126176
0.13989110128546522 0.22196837695807936 0.5380824969337694 0.100058024822686
0.4114125723868145 0.35052696317681886 0.22644709409586972 0.01161337034049692
0.43012565693065263 0.24745973317843073 0.11735714962221222 0.20505746026870442
0.18764306508796147 0.34155060478174337 0.23170582886825697 0.2391005012620382
0.009463778007164358 0.3810011237156883 0.3487673656603475 0.26076773261679986
0.16189978170281627 0.6017326985163763 0.13764440176073334 0.09872311802007405
0.1401166177021267 0.37541169832235344 0.4323963015158343 0.05207538245968557
