86 70 4 194.26490743741275 388.52981487482555
2.823462582660014 2.8638379365487583 2.373739689702213 7.791335303729706 3.0468408916250986 6.976737676309856 6.302960423203684 4.794824987110218 8.704214884796688 5.3807742831617835 3.2531647331366074 8.581769940284717 8.198464984080335 7.9519716561889 8.3770496518551 1.5150294091749639 3.76152535892045 2.606583136338702 4.581330453147675 9.00407518781942 3.587761272237696 7.116560350242218 8.711808295698308 3.486776072998947 5.664682305046751 6.206122150274543 2.4514362798495077 7.644232389289187 6.417633659311612 1.4461521054049635 4.113904607943716 7.036397574641589 2.8318276460373304 2.2458932436334686 4.939554840821005 3.676874202542121 9.975563512404904 9.083520524707978 7.875567943175487 2.8970608226645416 6.080642594161851 7.591979872862366 9.539032419819009 5.4181506028421484 8.475304659322347 3.752861500923855 3.235923225824728 5.294095552207097 7.892445126040427 8.087978810900157 6.814449516062348 3.6962321694011933 8.63238239244282 1.6298590878093107 3.9538473823406526 6.923030268542288 2.953193410464567 3.515277903244896 6.709360684167203 9.905686615909241 1.9982461421828932 2.3720958642178873 8.67395583968204 1.6041113616015514 6.531500442905206 4.034762858274417 4.6927181313330255 8.414160025973745 8.266612866209613 5.540894578435799
0.5646925165320028 0.5727675873097516 0.4747479379404426 1.5582670607459412 0.6093681783250198 1.3953475352619713 1.2605920846407368 0.9589649974220436 1.7408429769593377 1.0761548566323567 0.6506329466273215 1.7163539880569434 1.639692996816067 1.59039433123778 1.67540993037102 0.3030058818349928 0.75230507178409 0.5213166272677404 0.916266090629535 1.800815037563884 0.7175522544475392 1.4233120700484436 1.7423616591396616 0.6973552145997894 1.1329364610093502 1.2412244300549085 0.4902872559699015 1.5288464778578374 1.2835267318623225 0.28923042108099273 0.8227809215887432 1.407279514928318 0.5663655292074661 0.4491786487266937 0.987910968164201 0.7353748405084242 1.9951127024809807 1.8167041049415957 1.5751135886350975 0.5794121645329083 1.2161285188323703 1.518395974572473 1.9078064839638018 1.0836301205684298 1.6950609318644694 0.7505723001847711 0.6471846451649456 1.0588191104414195 1.5784890252080854 1.6175957621800314 1.3628899032124697 0.7392464338802387 1.7264764784885638 0.3259718175618621 0.7907694764681306 1.3846060537084575 0.5906386820929134 0.7030555806489792 1.3418721368334405 1.9811373231818483 0.39964922843657863 0.4744191728435775 1.734791167936408 0.3208222723203103 1.3063000885810412 0.8069525716548833 0.9385436262666051 1.682832005194749 1.6533225732419226 1.1081789156871598
0.2060669050451388 0.6906918884564895 0.09887475594692752 0.004366450551444134
0.13208464477673165 0.14030314201935823 0.4976302306162945 0.2299819825876156
0.1331856583516945 0.3974632949059621 0.13827349864964023 0.3310775480927032
0.14867897615068415 0.5858384670907428 0.13675486677151338 0.12872768998705963
0.038083119917579955 0.6019475347594506 0.3485701596026697 0.011399185720299743
0.11021912825295166 0.4718905458009238 0.3230102329914155 0.094880092954709
0.09529529717482565 0.6967565031388463 0.1683004086460067 0.039647791040321345
0.34612539756807703 0.14304268046627167 0.40303681445703676 0.10779510750861454
0.05424576835411765 0.7147011711387095 0.13425909856913687 0.09679396193803602
0.0003891497377432884 0.07088176692119508 0.5605973845907906 0.3681316987502711
0.3669075124822886 0.3281810619000688 0.12155396802594853 0.18335745759169408
0.15585113826605346 0.6903232573590586 0.11065785111686388 0.04316775325802402
0.1677953949379718 0.006103186179447162 0.6961945827825253 0.1299068361000557
0.22120208798230478 0.19829786043374054 0.1904608410151284 0.3900392105688263
0.2860016174442569 0.1264720778364805 0.5318885948731271 0.055637709846135475
0.4961696765622886 0.05369082249551227 0.084775799450717 0.3653637014914821
0.296931376758783 0.01941970737621046 0.3522884413507743 0.33136047451423223
0.19025363639065307 0.05864884656695346 0.16912888459512454 0.5819686324472689
0.5844336344181895 0.09064721085530303 0.1975244339009785 0.12739472082552894
0.22671645052530065 0.6495383681630693 0.10519046948095256 0.018554711830677473
0.3212954596467492 0.4820269231468305 0.0839725729108689 0.1127050442955514
0.34648402706237424 0.5753905220388729 0.07039571682491663 0.0077297340738362585
0.03070155805009467 0.14251592215194497 0.6908537214693125 0.1359287983286479
0.30733256181417334 0.006559078574947974 0.6615624292882789 0.024545930322599774
0.0015210248669477178 0.5125297422545533 0.25195520609055855 0.23399402678794046
0.3212190867810236 0.391323889849703 0.025206345274481845 0.2622506780947915
0.2680319870655681 0.591184682084464 0.11249406384347771 0.02828926700649026
0.3371905641980547 0.265199433699876 0.2049091504112006 0.1927008516908687
0.6301919001016726 0.013069687272462827 0.2591466859553053 0.09759172667055926
0.3374610615506517 0.10503144657404917 0.26585078055656075 0.2916567113187384
0.08290526125888498 0.12421052413163969 0.07686688813384068 0.7160173264756347
0.291279655602513 0.3610795286302343 0.22852502360510962 0.11911579216214307
0.031657658007963274 0.48633486930877157 0.39704048677422177 0.08496698590904339
0.07542276485145083 0.2907610122346609 0.24992320285534686 0.3838930200585414
0.15744345965264006 0.3190147366830315 0.48749810887983513 0.03604369478449332
0.11942817345788104 0.39528283620254745 0.151100823325514 0.3341881670140575
0.76801237922792 0.021356964123959488 0.09974067935055564 0.11088997729756489
0.2027830257951041 0.02229093510922131 0.6917801461342348 0.08314589296143982
0.26340124489213657 0.229867797015458 0.361691334778257 0.14503962331414844
0.006445119525047893 0.023726745106680602 0.13642740064543146 0.83340073472284
0.5662515179126809 0.01129605785169463 0.15239174091213326 0.2700606833234912
0.09231298249639042 0.07147759460164105 0.7747343538029455 0.061475069099023005
0.012850252594544642 0.28206731277932706 0.5825095922024073 0.12257284242372102
0.20549033430890096 0.5022364439914223 0.0017815729532961733 0.29049164874638056
0.5405315309572478 0.0955898829735281 0.3162189952562623 0.04765959081296178
0.41057386799856976 0.32342149278759025 0.00443443172736846 0.26157020748647153
0.009448170844764903 0.3264164956583989 0.5916966255368187 0.0724387079600175
0.04055411891365368 0.009493613784434252 0.5698949726429698 0.3800572946589422
0.005380461310598328 0.27869942109003953 0.07102968918516417 0.644890428414198
0.1291161553125293 0.02875073389672611 0.7210107172118424 0.1211223935789022
0.10762820323714373 0.7839631798424154 0.04052705313610605 0.06788156378433485
0.37061958052664346 0.3516504134239664 0.1023432343743148 0.17538677167507533
0.6399590948503446 0.17455502310549287 0.07226581723739045 0.11322006480677205
0.20893917177867105 0.09646246296149796 0.6083247072260033 0.0862736580338277
0.5137789425818562 0.03666372875613255 0.06399041895363289 0.38556690970837837
0.48241804586856596 0.053316760265937346 0.021133906952474968 0.4431312869130217
0.2841909115253779 0.08544798602334613 0.573555021248509 0.05680608120276698
0.007891568634731838 0.14597780275403904 0.2893955597885951 0.556735068822634
0.26730821335901345 0.18588242679214817 0.05428100281537107 0.4925283570334673
0.19875589025116136 0.11942546508317198 0.45408590903006196 0.2277327356356047
0.2672669232821382 0.36614602003781693 0.23823092270202162 0.12835613397802326
0.3928423267700901 0.046837156023913695 0.007762210430937944 0.5525583067750582
0.18271683363758706 0.24775835344793273 0.2800181407709401 0.2895066721435401
0.08171167114504396 0.4214115166493646 0.03786469138175652 0.4590121208238349
0.12056196846776035 0.1363143910817438 0.184113854061147 0.5590097863893488
0.061537132677767836 0.3518807034105288 0.35809210844482253 0.22849005546688084
0.5698382780264157 0.015807092882671903 0.13154490660820817 0.2828097224827042
0.25384864200999735 0.1835018751814288 0.26823658325925004 0.2944128995493238
0.3871086233677149 0.11861088082600446 0.20542439682581104 0.2888560989804696
0.07511799170275568 0.4742708588147576 0.3627088582141418 0.08790229126834492
0.1952532727428532 0.02235954827212039 0.06685244083377206 0.7155347381512543
0.30824399323307783 0.11849861876983692 0.006699712578284389 0.5665576754188009
0.07070277991770135 0.2943206346558752 0.03309679084473793 0.6018797945816855
0.3081033770667473 0.07186993390688634 0.11789160574022206 0.5021350832861443
0.12164999284935518 0.006512227342440613 0.45634785040890546 0.41548992939929874
0.06367146051028116 0.030392464252961937 0.6161093543271946 0.2898267209095623
0.618722571795444 0.03720952195353833 0.022994254719394314 0.32107365153162337
0.28885759537225475 0.3660821160805524 0.15656608447793385 0.18849420406925899
0.044324629557433215 0.4691545425256204 0.1088978372633812 0.3776229906535652
0.3825479785025079 0.4966413939491291 0.042729476980004844 0.07808115056835818
0.2678394957678053 0.08722295528003221 0.27234582582846756 0.37259172312369493
0.056836935330936034 0.45853181861720194 0.18855752751809152 0.2960737185337705
0.7262629259230072 0.03823363227417087 0.01752766879440726 0.21797577300841464
0.2263281866105492 0.2880578446213544 0.007297668028302451 0.4783163007397939
0.8586920503057319 0.049607755613799154 0.04828798932777256 0.04341220475269636
0.20870539891187567 0.2940738440841233 0.23870314905872558 0.25851760794527545
0.5338512184573957 0.09198756143799092 0.18289552389449792 0.19126569621011547
0.05688078318688894 0.014349093208408492 0.8401624402526324 0.08860768335207014
0.19497906622519867 0.196809704222365 0.5113631774374148 0.09684805211502157
0.3553677846920922 0.13120943854016576 0.005373364116571855 0.5080494126511702
0.10255805504760585 0.03242180369673042 0.1796677370308234 0.6853524042248403
0.028717018659038196 0.32187738488748463 0.3329537271058701 0.31645186934760705
0.04919384325536125 0.002513051819520662 0.03415438173225238 0.9141387231928657
0.2700383519126681 0.030638012291162475 0.13248074422537948 0.5668428915707899
0.31642203936949964 0.011842184347736318 0.49916695728259064 0.1725688190001734
0.32237599689085505 0.3217865361411165 0.027517599999472453 0.328319866968556
0.30733640879369584 0.10395930404083809 0.02901979340018257 0.5596844937652835
0.4010981446690135 0.10345981039388474 0.26803595037763106 0.2274060945594707
0.306944858600229 0.3772171561026264 0.09515351222033508 0.2206844730768095
0.03481218043380285 0.45701864086869004 0.2639400491158377 0.24422912958166942
0.6429020855197318 0.02518155835846214 0.32879114979808466 0.0031252063237213745
0.2593959869722846 0.2943555351528503 0.0539939121095 0.3922545657653651
0.11045045763627115 0.38038077943977433 0.0985909337607821 0.4105778291631724
0.04223793679047716 0.02176933746813281 0.7527477465274229 0.1832449792139671
0.0413382189101017 0.4015111500789056 0.19680921923728878 0.36034141177370393
0.04827883875762695 0.39441026733121076 0.3218204735299527 0.2354904203812096
0.14788279540160387 0.1459999403808161 0.6551281063970366 0.050989157820543474
0.6675328056234645 0.29941994281236106 0.031247199524552904 0.0018000520396215247
0.3294686609879788 0.4156813673357852 0.13851687818134573 0.1163330934948903
0.30213801629430437 0.6391374873923442 0.04415685348708298 0.014567642826268434
0.3986780799609757 0.14299758998629797 0.39137628236220345 0.06694804769052287
0.023591365313083035 0.2763889275175516 0.21858083103318493 0.4814388761361804
0.33398435140736193 0.613438380162468 0.051828091765107276 0.0007491766650628007
0.11816994162736993 0.0432450077464307 0.01917352877405032 0.819411521852149
0.47017135942112964 0.16804540873373708 0.3179555004149234 0.043827731430209904
0.1521963246608421 0.10370719601927803 0.17058488310973785 0.573511596210142
0.01640841842896279 0.4810881924125272 0.4186584926893263 0.0838448964691837
0.25132653280095785 0.48830290892220096 0.15901463969911722 0.10135591857772397
0.04591063607518808 0.10303397991223484 0.3382473222739397 0.5128080617386374
0.5121475375432735 0.09658554945546427 0.26446265569341865 0.12680425730784362
0.4422921271920084 0.001320973451153673 0.09833843284347654 0.4580484665133614
0.5648727742558134 0.030432857062427265 0.35030516546484425 0.054389203216915094
0.2186453195268775 0.019593315133180078 0.4612578512042568 0.30050351413568566
0.057830783642117134 0.7381956424068027 0.08724905448568465 0.11672451946539553
0.3206724909638691 0.039859978068343405 0.3568436405533951 0.2826238904143924
0.23206074415049693 0.19561770140417367 0.5170434954866608 0.05527805895866855
0.566179206720248 0.23878420794014998 0.13982967840753646 0.055206906932065536
0.546221305886557 0.2576892200598053 0.19151106241798643 0.004578411635651203
0.08543784078682404 0.15702786713118 0.03123802412892407 0.7262962679530719
0.06637972501047795 0.5579248566801034 0.09053669614423476 0.2851587221651839
0.2536610133484861 0.13295879524641108 0.27273069111155845 0.34064950029354435
0.8453349467964271 0.052164608628351705 0.024114761794540196 0.07838568278068103
0.1487152497517582 0.11712803013301654 0.3468804334889659 0.38727628662625935
0.28506329209948256 0.05650568807747547 0.22646621893320695 0.431964800889835
0.7513689106876021 0.1255534855638103 0.10783648786469102 0.015241115883896539
0.040048270889152526 0.04855591979941776 0.7847964926552619 0.12659931665616786
0.5672622288423905 0.21462843332203752 0.12909323110765036 0.0890161067279216
0.1251170416817755 0.5971205021678057 0.050844292710609196 0.22691816343980964
0.1760454885982553 0.18021663982431813 0.05942580225319993 0.5843120693242266
0.043898523831890635 0.43173845155121815 0.029993416599038647 0.49436960801785257
