60 80 4 223.7945788176444 447.58915763528887
3.7078599704195687 2.6825123470769023 3.908644092713975 6.991746132594781 6.10273720872292 4.584285630088882 4.414734239721369 1.0952338229077867 2.533290408943409 2.1105403361209363 7.231611487636774 8.869974045154223 4.036572141747611 9.932133031116107 2.183860637053463 5.502968529015628 3.5795845590555437 2.98526369324097 5.518769919741634 6.724562857562587 6.721092451531546 1.7238977977855563 6.232903765628063 8.552717734772393 3.637164268788706 9.891367849343743 5.924719364475903 9.634473030404875 4.206583718071354 5.65505012414163 9.892120561363866 2.8382682943859705 9.78447581719546 1.359363403322365 1.1739401072534035 2.7461547221966143 1.1042699039167163 5.021854182080118 6.867435804826801 7.4018474221337796 3.2950760311821212 7.875266804395707 9.699222704291905 5.812824760950216 4.8778112435796395 5.499062661892706 7.895442312152957 3.9190450238771377 2.473053387626749 6.565159092886052 6.758527274625343 8.071461497461584 9.349698212788088 8.542814175775757 9.665301656976474 5.975729935093891 1.2643437286642585 2.289531889365323 5.247392980445542 7.138978351229209 7.195085991484949 7.534637255397116 9.904715663112036 4.534113511358445 5.620281306199947 9.288255026349402 4.479050720231505 5.022342932456719 5.03009247882169 3.369538226612793 9.359421448607032 5.6443012793762435 6.9771544746564516 8.490581431979294 1.0307584395661296 6.2476570877880935 5.393256857899928 3.4624265073715015 3.497385284859727 8.225772571645091
0.7415719940839137 0.5365024694153805 0.781728818542795 1.3983492265189563 1.220547441744584 0.9168571260177764 0.8829468479442738 0.21904676458155733 0.5066580817886818 0.42210806722418726 1.4463222975273546 1.7739948090308446 0.8073144283495222 1.9864266062232214 0.4367721274106926 1.1005937058031257 0.7159169118111087 0.5970527386481941 1.1037539839483268 1.3449125715125174 1.3442184903063092 0.34477955955711126 1.2465807531256126 1.7105435469544787 0.7274328537577411 1.9782735698687486 1.1849438728951807 1.926894606080975 0.8413167436142708 1.1310100248283261 1.9784241122727733 0.5676536588771941 1.956895163439092 0.271872680664473 0.2347880214506807 0.5492309444393229 0.22085398078334326 1.0043708364160238 1.3734871609653603 1.4803694844267559 0.6590152062364243 1.5750533608791415 1.939844540858381 1.1625649521900432 0.9755622487159279 1.0998125323785413 1.5790884624305914 0.7838090047754276 0.4946106775253498 1.3130318185772105 1.3517054549250687 1.6142922994923168 1.8699396425576176 1.7085628351551514 1.933060331395295 1.1951459870187782 0.2528687457328517 0.4579063778730646 1.0494785960891084 1.4277956702458419 1.4390171982969897 1.5069274510794233 1.9809431326224072 0.906822702271689 1.1240562612399894 1.8576510052698805 0.8958101440463009 1.0044685864913439 1.0060184957643379 0.6739076453225585 1.8718842897214063 1.1288602558752487 1.3954308949312904 1.6981162863958588 0.2061516879132259 1.2495314175576187 1.0786513715799857 0.6924853014743003 0.6994770569719454 1.6451545143290183
0.4435017965074094 0.05021820485517792 0.12685345174865104 0.37942654688876165
0.02636720355422406 0.3883048041735292 0.17788102371673975 0.407446968555507
0.0049081104377101115 0.4878119079823523 0.013578946997911068 0.4937010345820265
0.18987112472232637 0.4118312239104063 0.05767477098542684 0.3406228803818405
0.030768584070215432 0.18043033681671772 0.16242848551491507 0.6263725935981518
0.22435260111920963 0.013620211814606598 0.4235914401505947 0.3384357469155891
0.19044923534064961 0.44208187943252064 0.1393583575499162 0.22811052767691353
0.33997446377846285 0.3981971206401148 0.23719671360668548 0.024631701974736853
0.34898520151809465 0.21535540258688435 0.36370791404962133 0.07195148184539968
0.10864763288662427 0.34573363306744176 0.28126208452289936 0.2643566495230346
0.13517190374773946 0.055734871805655395 0.24587082825791007 0.5632223961886951
0.013316137497819791 0.6761640322079377 0.16284814705800776 0.1476716832362347
0.020874914530764288 0.11254215841190951 0.28028046507250637 0.5863024619848198
0.20475577614723306 0.43153160110039757 0.06745166620290854 0.29626095654946083
0.35488158765349964 0.11168562866364884 0.01035675156818594 0.5230760321146656
0.2548653247391197 0.23374864330152545 0.4930460510561716 0.01833998090318323
0.34106268676877527 0.01994733032577245 0.6336084703641385 0.005381512541313804
0.7853988560660876 0.0044087411405534516 0.18224955284195965 0.027942849951399285
0.2029873865751255 0.11217959492230478 0.24703072058788822 0.4378022979146815
0.11593902509528708 0.5368339484726966 0.08160608106245049 0.2656209453695658
0.37972574682454874 0.1383078116165496 0.3213640650124716 0.16060237654643006
0.13186538675378534 0.40549659082560185 0.04627988027989205 0.41635814214072076
0.057445586256732684 0.7036336953558364 0.20743681836376138 0.03148390002366952
0.20445815414738855 0.3201085226407421 0.09644951889433206 0.3789838043175373
0.2667400435266656 0.48434469893035337 0.06632051606761058 0.18259474147537047
0.15638791325176782 0.16010409687136284 0.17151134227822373 0.5119966475986456
0.06368913142789578 0.28513478937533265 0.11699811324263887 0.5341779659541327
0.018183571337899607 0.6737298056520052 0.3079771196313692 0.00010950337872595028
0.34782388991778157 0.12778755004482922 0.03773525599633443 0.4866533040410548
0.26068986010668793 0.669942169224561 0.00037722010002105844 0.06899075056873005
0.17639844529609117 0.5533894639561594 0.04294266166589389 0.22726942908185555
0.3904714157563549 0.37045890330789777 0.11581549205465513 0.12325418888109219
0.24449455296463685 0.13947065765500566 0.10596294927037997 0.5100718401099775
0.02556284374280937 0.6515721528113829 0.2758541197173182 0.047010883728489494
0.018493533781462457 0.10735935645195016 0.3794551836709825 0.49469192609560486
0.18278156995608863 0.0757396646219548 0.13416640755965992 0.6073123578622966
0.23983217172951055 0.4484755018872253 0.27960025952207423 0.03209206686118993
0.7262452710817231 0.08956958282952565 0.06329275848366156 0.12089238760508969
0.14991357415147433 0.5514443311099118 0.2602225474463977 0.038419547292216194
0.3185057279481469 0.5032542194917698 0.08255414433713026 0.09568590822295298
0.02955615158896896 0.003685060921997385 0.20974727153340178 0.7570115159556319
0.3495145291706627 0.093275340312021 0.24559613538811964 0.31161399512919663
0.13303523309705856 0.009843852860950353 0.5746972615408124 0.28242365250117873
0.09182714134824799 0.4052074451105362 0.07186412769744732 0.4311012858437685
0.12328102549039399 0.38838919109792847 0.1488577222815919 0.33947206113008566
0.018313096565479747 0.0026812400436644346 0.7662594366125866 0.21274622677826927
0.33064440142477125 0.11120104082457027 0.16140304021863205 0.3967515175320264
0.4762751379792477 0.09395925765684376 0.4191999455557621 0.010565658808146416
0.0020787393648270536 0.14891548171152724 0.5141482142999133 0.3348575646237324
0.04336839497670175 0.5713837106619923 0.2275227731645424 0.15772512119676352
0.0802366049915495 0.12060262743459249 0.5333775230775799 0.2657832444962781
0.41176365489482225 0.21170202855267362 0.04001135388883381 0.3365229626636703
0.5316454582498663 0.2701559909844793 0.03783617205683365 0.16036237870882075
0.5600050096949091 0.1552169595553169 0.1964507771752323 0.08832725357454174
0.37743008411382706 0.5526713067028195 0.059121005609321764 0.01077760357403168
0.008326990970391024 0.4618121963109296 0.265057766479485 0.2648030462391944
0.29928232456686543 0.15947519133546517 0.2840415092304971 0.2572009748671723
0.5102017321780388 0.21274592056525898 0.26334191470043555 0.013710432556266694
0.2399671616240534 0.0832908865658869 0.2906611409606238 0.3860808108494359
0.15536381571086877 0.3372937800430058 0.009920024749534795 0.4974223794965906
0.3335650462025853 0.5354272704242692 0.10117053237208651 0.029837151001058992
0.03521797874171129 0.2375890126380812 0.0226087978632733 0.7045842107569342
0.13007973831820263 0.7374698204686418 0.009319771484224915 0.12313066972893061
0.08428932879072859 0.15806915769427332 0.7069293249309465 0.050712188584051576
0.5071489799589695 0.139598570542112 0.2732007069860495 0.08005174251286906
0.14482138328226202 0.7058196347538341 0.049108658586164644 0.1002503233777392
0.4862285166788449 0.09395424442617528 0.36796466009633244 0.05185257879864735
0.4455519558071023 0.04211036537970969 0.28783426130557843 0.2245034175076096
0.02817534323727744 0.4378224017097896 0.4995315393298716 0.034470715723061374
0.15428374247106413 0.29663278720951114 0.15578258141718138 0.39330088890224335
0.1988293425281238 0.030651406416786986 0.40632821799115804 0.3641910330639312
0.25501048659874104 0.024725506116589746 0.5360015851580185 0.18426242212665067
0.05752842579777251 0.3594180587821506 0.4151976595701262 0.16785585584995066
0.6688717287580717 0.22115458010964562 0.06127856583356106 0.048695125298721664
0.37344657032825124 0.1381134443579486 0.33546007398194777 0.1529799113318524
0.3816677846017642 0.041493930759508024 0.04874293468588475 0.528095349952843
0.08442851133977325 0.4885459425068073 0.013109317457477565 0.4139162286959419
0.13092121697787984 0.09529899927175589 0.3238458004708076 0.4499339832795567
0.027728358212548487 0.5328904995789701 0.28444697914238337 0.15493416306609809
0.2632445377867759 0.3311771767280126 0.07171263157810814 0.3338656539071033
0.3255831749732978 0.2782117706163717 0.1077027549077777 0.2885022995025528
0.3967570436405615 0.07936082293424829 0.280196908875721 0.24368522454946917
0.16835322310715428 0.5737152629768774 0.09994544805870165 0.1579860658572667
0.16063346882923113 0.38449278044957114 0.10169853316512678 0.35317521755607095
0.32558595728677 0.14159934049548073 0.4436215004040611 0.08919320181368817
0.15012986068343237 0.33233847947238626 0.35082288827755115 0.16670877156663022
0.18360452279033046 0.7684847862255847 0.042905545751610985 0.005005145232473862
0.29856735762799724 0.26207134325295667 0.015521624321326422 0.42383967479771967
0.45199994049529935 0.36776936860175924 0.02779176544200901 0.1524389254609324
0.042946563137421845 0.18095281382611705 0.3740915258367422 0.4020090971997189
0.5556088496259134 0.28255132919956105 0.13330398370372754 0.02853583747079802
0.12712716834598148 0.09691378735988487 0.008258472929952965 0.7677005713641807
0.20470670058705598 0.23278991554815143 0.38697259890668434 0.17553078495810825
0.20939215041196935 0.3414548061797269 0.1343270143673847 0.31482602904091905
0.19245540225455027 0.37615347888044925 0.2435613678432611 0.18782975102173938
0.1076818418185328 0.34989869716056266 0.4489338483752736 0.09348561264563093
0.3383551505567589 0.08189769330659813 0.2557731657514344 0.3239739903852086
0.16082931387052002 0.31067135128182866 0.07650171731407496 0.45199761753357637
0.2001319221701513 0.03197531496322181 0.021224925181698162 0.7466678376849287
0.21260891825821815 0.010103807819381139 0.6457087511071775 0.1315785228152232
0.033799091155620964 0.15393342157083345 0.024553673198931203 0.7877138140746144
0.4570666189002798 0.09650149461715662 0.05376121758764363 0.39267066889491997
0.13299839942953973 0.12472671198587437 0.22301967648531518 0.5192552120992707
0.06543494789858217 0.6684995747751686 0.21289386656362574 0.053171610762623445
0.04005160232356353 0.02682326158009829 0.7620817026568311 0.17104343343950712
0.1499991450613236 0.08718963457886164 0.17970542623170815 0.5831057941281066
0.3093028474169337 0.33814178819633867 0.2591482105104217 0.09340715387630594
0.0019146447428080027 0.30613344381148844 0.081165904722036 0.6107860067236676
0.017451385047954737 0.24477807665726403 0.6141590385625202 0.12361149973226104
0.009696967179979255 0.23044206138183843 0.17920201858934648 0.5806589528488358
0.15166483412232523 0.5398163261281457 0.09001076730740043 0.21850807244212866
0.04296217976878225 0.3276520058651279 0.4216665493542172 0.20771926501187266
0.1447258304087523 0.15738690558835267 0.03140676377440865 0.6664805002284864
0.23096054005551125 0.49795803249117154 0.1220599878950922 0.149021439558225
0.2068125390464427 0.2345575690377949 0.0766210072477177 0.4820088846680447
0.074916046057252 0.5058261347092874 0.204667340530456 0.21459047870300463
0.3094587244020226 0.439311315354331 0.11581537958686028 0.13541458065678613
0.1908241185050168 0.13405976924340113 0.5492714063273133 0.12584470592426877
0.12897239103294145 0.6094477690867387 0.16760326175793672 0.09397657812238314
0.3887915909599793 0.3034392583004992 0.14469819637548598 0.16307095436403551
0.10834471102479637 0.15971074037060484 0.24594061466796657 0.4860039339366322
0.36592631714404955 0.2838550371571886 0.32439761772149267 0.02582102797726915
0.06839782358011881 0.11718480303618972 0.24690095092123165 0.5675164224624598
0.3486697667567368 0.4182169973514023 0.17007772965683288 0.06303550623502807
0.4227281745938021 0.09119275825064388 0.22960929860879786 0.2564697685467562
0.18989939636924147 0.11455023750693039 0.14757074944038273 0.5479796166834454
0.4101581964461555 0.13888056932358517 0.05417825185514458 0.3967829823751148
0.17382911565262327 0.007347922198528756 0.8118383745619411 0.0069845875869068985
0.19995017206765775 0.06536176160325746 0.37258383558480657 0.3621042307442782
0.11087426265693989 0.017135981812708367 0.274221168036313 0.5977685874940387
0.1695905580287449 0.1036095668271827 0.10978285607156946 0.617017019072503
0.12878834512256365 0.12612658525087317 0.6169379019501298 0.12814716767643342
0.3039568685369538 0.5650308158975361 0.05736849317342696 0.07364382239208311
0.06454128281682248 0.2171685268622625 0.08365435683304223 0.6346358334878728
0.10475351923158305 0.3140166290272688 0.23987710751966174 0.3413527442214864
0.3854639959346716 0.08898540631355056 0.4120005430504208 0.11355005470135704
0.08289553164049346 0.2876147278517245 0.24123341906192775 0.3882563214458543
0.7224005862113766 0.11003966775037155 0.0699398838197699 0.09761986221848196
0.08294206293340634 0.4159255204601189 0.15713420771152853 0.34399820889494626
0.08632049559219568 0.41186543894982186 0.28060097806356454 0.22121308739441792
0.3093349039623613 0.0714584221150596 0.602711639928749 0.01649503399383012
0.035481848508331026 0.34484001978507695 0.10036091027174565 0.5193172214348464
0.1444708793714713 0.09373156653487846 0.5855396841291415 0.17625786996450876
0.14683643616997966 0.16233243556144472 0.3293545924543573 0.36147653581421835
0.4200698072237853 0.10596774556532151 0.10914320736762018 0.364819239843273
0.08508218797103373 0.19197065225042642 0.04008977780059564 0.6828573819779442
0.5024263708085168 0.20080983149135256 0.20849674311494837 0.08826705458518225
0.5445901552747265 0.016024863606657225 0.3050185098085251 0.13436647131009116
0.585727301972567 0.08963005453388162 0.02143212965261565 0.3032105138409358
0.7861539338321457 0.0038920293279732787 0.06971670886352932 0.1402373279763517
0.038353615739844304 0.2426405201740055 0.25021845877672844 0.46878740530942176
0.0767085000497133 0.48942826780213533 0.3922995599192791 0.04156367222887225
0.0919905312223448 0.3462909507723122 0.23995903431827115 0.32175948368707186
0.03807056173814838 0.6373974348623065 0.22604811880643028 0.09848388459311486
0.09558400004424317 0.03962617482107922 0.02584163023721453 0.8389481948974631
0.10826426504121844 0.604642619235773 0.25114778716236674 0.03594532856064181
0.23082040545062243 0.09822078142342372 0.03449477181237515 0.6364640413135787
0.03009144014969145 0.072863212723287 0.34713929686388034 0.5499060502631412
0.698266781786356 0.2507711888983566 0.049169041855646856 0.001792987459640516
0.016778523779504284 0.3301869806854143 0.36998849692059976 0.28304599861448165
