73 70 4 186.07111551032858 372.14223102065716
6.784209242074711 5.8475883787205225 5.607081842127671 6.4923150440169675 5.436900852500726 2.9301579801229165 3.1958201735882303 6.148850733805577 7.953657973525533 3.7956515670833118 4.636748569533076 6.371200430553265 3.1729129019075537 9.15147857290514 2.432906515080644 6.297973081115854 3.357744097697101 8.887057483332718 9.27167887672417 1.9447561439808703 9.736129984740348 1.3908462171335594 1.3063946619725009 5.7932278444698735 1.2470909081220127 4.037473074411531 2.7400236164026595 3.418120147405719 9.791859110386449 9.524490041775131 8.378969522517869 6.897025324631574 1.4988830492101664 7.202447686328464 6.731068805574682 6.424982887559819 2.0929787067153045 2.915841029982797 5.56694263822026 5.289384006556297 1.7327096001765985 4.2130678778941855 7.59876472125577 7.580286452271159 2.062367644616576 1.3789806594859635 3.869694799449306 8.54886832466239 6.470911888140399 1.6944264024418287 3.3915260886868714 6.277704485106517 4.815414803110926 6.7117473516770865 1.4607386408521446 6.273312096109193 9.675831347895189 1.0500017184353878 7.196376220026558 9.08170006568331 8.137063014175133 6.981303778889652 8.282760932860189 2.4560964307585853 3.292365333489238 5.508061322693903 9.351013370531948 5.525966353640647 2.760214506602762 7.062085064524136
1.3568418484149423 1.1695176757441046 1.121416368425534 1.2984630088033935 1.0873801705001451 0.5860315960245833 0.639164034717646 1.2297701467611153 1.5907315947051066 0.7591303134166624 0.9273497139066151 1.274240086110653 0.6345825803815107 1.830295714581028 0.4865813030161288 1.2595946162231708 0.6715488195394201 1.7774114966665437 1.854335775344834 0.38895122879617405 1.9472259969480696 0.2781692434267119 0.2612789323945002 1.1586455688939747 0.24941818162440255 0.8074946148823061 0.5480047232805318 0.6836240294811438 1.9583718220772899 1.9048980083550262 1.6757939045035737 1.3794050649263148 0.29977660984203325 1.4404895372656927 1.3462137611149365 1.2849965775119638 0.4185957413430609 0.5831682059965594 1.113388527644052 1.0578768013112594 0.3465419200353197 0.8426135755788371 1.519752944251154 1.5160572904542318 0.41247352892331524 0.2757961318971927 0.7739389598898612 1.709773664932478 1.2941823776280796 0.33888528048836575 0.6783052177373743 1.2555408970213033 0.9630829606221851 1.3423494703354173 0.2921477281704289 1.2546624192218387 1.9351662695790377 0.21000034368707757 1.4392752440053116 1.8163400131366618 1.6274126028350266 1.3962607557779303 1.6565521865720378 0.49121928615171706 0.6584730666978477 1.1016122645387807 1.8702026741063897 1.1051932707281293 0.5520429013205523 1.4124170129048272
0.31753758701567625 0.42639637541151365 0.0468918294371089 0.2091742081357012
0.35518837758987376 0.5259989193095569 0.10842744465158449 0.010385258448984858
0.2604991281424236 0.31366678215865285 0.03974480222641097 0.3860892874725126
0.3862883675348572 0.01976857861957393 0.05766918239732155 0.5362738714482473
0.19509332030033533 0.32696218518167397 0.4613946501088423 0.016549844409148418
0.09468353954456954 0.33415739722359716 0.3012233147260084 0.2699357485058249
0.20191835240027067 0.11533489368503247 0.3005936649918164 0.38215308892288047
0.03894517361040728 0.13411746519751067 0.4339187999022387 0.39301856128984336
0.0083911140733115 0.22642660627287392 0.6486264586893724 0.11655582096444217
0.21539042374332962 0.49439663741920326 0.025183544800720936 0.2650293940367462
0.3900035588231815 0.012172666380233954 0.5160027942312582 0.08182098056532638
0.06989213647339398 0.19609903927497185 0.35676304973632433 0.37724577451530983
0.43559729088416954 0.2256184395595321 0.26591100743347895 0.07287326212281942
0.050388157099736985 0.8438788210903209 0.09195565720761056 0.013777364602331588
0.053341200644353215 0.1895758042915774 0.1681151040444081 0.5889678910196613
0.025660744281820747 0.6036830254255531 0.3289307045915738 0.04172552570105237
0.06800329621473367 0.057372419881609016 0.1368697361266774 0.7377545477769799
0.40888302844288404 0.42067325742485084 0.10768704912594618 0.06275666500631893
0.22071885663976365 0.2195475530376807 0.5587893679278695 0.0009442223946861672
0.3324339083978578 0.06700975135059062 0.22412138206424181 0.37643495818730976
0.08946742589913692 0.08982062006673719 0.42551559103330805 0.39519636300081784
0.14383721873173638 0.28065418527340547 0.2956846524269445 0.2798239435679136
0.017365529185428552 0.4438063839429486 0.46805068813511364 0.07077739873650923
0.03504407423339695 0.11994676694693052 0.5748458362636231 0.27016332255604947
0.00961735598227631 0.11771130526236295 0.45552111990889 0.41715021884647074
0.09110074361059628 0.16570354357305606 0.2683924604223312 0.47480325239401644
0.07777353302876355 0.17702019110108136 0.37943792669136667 0.3657683491787884
0.3791977625350448 0.17895814804827193 0.3435856790400097 0.0982584103766736
0.13467550498407954 0.2867888932193249 0.19570986382383893 0.38282573797275665
0.2731503320818932 0.1866252449667678 0.48238889570667387 0.05783552724466512
0.5779747189474269 0.3347351828191871 0.05501261417742609 0.03227748405595987
0.5060651459482802 0.13311295039860016 0.14027475774395515 0.22054714590916447
0.019673747358218918 0.14986118636013268 0.2939726638133374 0.536492402468311
0.2367373278590006 0.21018589785587727 0.030811891879036324 0.5222648824060858
0.24137284493083222 0.39385541366529364 0.31283490564091043 0.05193683576296371
0.4693029207766719 0.12313832651975598 0.1852754559463331 0.222283296757239
0.11051083256901906 0.4189254181443506 0.4302937524529198 0.040269996833710575
0.09713634313881514 0.05656122453566115 0.38098364465646695 0.46531878766905677
0.3992903641149924 0.14300689351234397 0.4091072183512876 0.04859552402137601
0.2065179847069113 0.33590768086365386 0.347792049314551 0.10978228511488386
0.16877483678567928 0.4176907820339808 0.0730657211423067 0.3404686600380332
0.030351907275201984 0.027973615341891023 0.5569892340114648 0.38468524337144216
0.14321725595612256 0.22850332998932954 0.5906966451398681 0.03758276891467982
0.18232464000841053 0.2120751696906893 0.27466091910673585 0.33093927119416433
0.14877994031068886 0.01722083488016779 0.786820584410437 0.04717864039870634
0.18502713432865803 0.5172177222121187 0.010393214474010537 0.28736192898521273
0.005138703837395453 0.08703325982692911 0.3245576604099153 0.5832703759257601
0.01149072159742881 0.438468801961872 0.5281225803017003 0.02191789613899886
0.3352565853492615 0.18932888048828433 0.16810920505498772 0.30730532910746644
0.6814944643834105 0.17391248309784157 0.14265131830263122 0.0019417342161166529
0.007973227518354276 0.09898849958349865 0.0836698155351211 0.809368457363026
0.19006161005594824 0.16296287759405803 0.6350667414406928 0.01190877090930098
0.20664563676970948 0.10100495298252943 0.023754963946208907 0.6685944463015522
0.22571147899938082 0.6292358169145268 0.055249379853059555 0.08980332423303283
0.2832000782028179 0.15872051062109804 0.13700953442355068 0.4210698767525334
0.10456122945957869 0.3202617897376062 0.07455035801669219 0.5006266227861229
0.17261891054650602 0.3829244741116353 0.39118305734671954 0.05327355799513911
0.34798617840299084 0.061791375278787974 0.23631387056620545 0.35390857575201573
0.2744185002460604 0.09641126062578942 0.04548399243553414 0.583686246692616
0.04984480656769563 0.07714130491231286 0.17060917224682826 0.7024047162731633
0.645163989856923 0.08341612823701805 0.1577574247790221 0.11366245712703682
0.13881100283184 0.18753121947727203 0.41506755640047865 0.2585902212904093
0.16263411166648767 0.2624002733347084 0.5042649152190154 0.07070069977978855
0.08449530710866782 0.5258270229351822 0.14878414412490226 0.24089352583124768
0.28137948014561054 0.0856530809478181 0.27670126566986275 0.3562661732367086
0.09316342740501316 0.20044184772401052 0.6351792069728995 0.07121551789807679
0.04366146145834038 0.12052122835064816 0.6949214763022472 0.14089583388876425
0.19078629328917318 0.44105083258763356 0.16158636198124365 0.2065765121419496
0.10145425135971498 0.6096862088670986 0.28579660186643796 0.0030629379067484974
0.4477365238933184 0.22594658052542582 0.011389298809046822 0.31492759677220894
0.14598283284433045 0.287586898044358 0.356411223921277 0.21001904519003456
0.4182493959005469 0.115685442135955 0.03814866954537399 0.42791649241812413
0.2761593294861695 0.12970200252737663 0.5070946913535391 0.08704397663291474
0.027144711547194667 0.7122198335991056 0.24135079987744568 0.01928465497625409
0.21077201923501365 0.3619839874474463 0.393474203535387 0.03376978978215306
0.000594813859835952 0.22235649501168997 0.25429507626056136 0.5227536148679127
0.1344763453475052 0.03838559790418139 0.2689121002258412 0.5582259565224722
0.07112524770513029 0.008684124608008381 0.2796172160055327 0.6405734116813286
0.2877441007441146 0.05802457382944515 0.25830811366554607 0.3959232117608942
0.044564840121712246 0.021435134297063563 0.20145343418521744 0.7325465913960068
0.47818553971419486 0.0978085892937034 0.20667048211779127 0.21733538887431048
0.11016116033092482 0.659819906693684 0.21740937379169656 0.012609559183694663
0.12971129607578213 0.2833293837114246 0.500372890848418 0.08658642936437533
0.1056614632872217 0.10341508301696878 0.590841051671133 0.20008240202467653
0.060855435763612964 0.266327165450867 0.17099735708936759 0.5018200416961525
0.11543127751475901 0.14255731966787932 0.269918216083333 0.47209318673402867
0.16974686911639603 0.2245408394094981 0.4350489432994237 0.1706633481746822
0.3524981198515499 0.336385834093589 0.23056654894133544 0.08054949711352566
0.17273540938575316 0.15080830211456708 0.5647256984160323 0.1117305900836475
0.36313119622820555 0.294593434325194 0.012105278025176469 0.33017009142142395
0.11653453008727643 0.2770471670245498 0.44424278415367924 0.16217551873449454
0.2446288784292091 0.0053785779551641655 0.12189152881357312 0.6281010148020536
0.004949531477747349 0.35504998362545226 0.22799953376016335 0.41200095113663704
0.4196654455369796 0.15280424769097267 0.10082560307151422 0.3267047037005335
0.06390995299774815 0.14073165544912491 0.23508930310721454 0.5602690884459124
0.1839319862155241 0.5566365932558714 0.25913780174465606 0.0002936187839484017
0.016092194562066897 0.07959647089965638 0.3117394578164382 0.5925718767218385
0.46022731465242606 0.39130038561843383 0.1334988620303661 0.014973437698774017
0.6680313866677531 0.21295434708056005 0.019682800303381986 0.09933146594830489
0.15196885762965928 0.3097063597693781 0.48456205865973834 0.05376272394122428
0.0643520592348259 0.5360432573241851 0.2539553741457674 0.14564930929522157
0.02426391204153122 0.37389679510758533 0.49844158714829667 0.10339770570258677
0.16469084011226864 0.5979968295152913 0.12217932685293598 0.11513300351950406
0.3979344056848727 0.08987822758215802 0.4574768724757621 0.0547104942572072
0.1402219458999454 0.14659594810153553 0.1778497406493419 0.5353323653491772
0.06224472942566617 0.724146872859316 0.09183673407518211 0.12177166363983571
0.5482274999804845 0.2925093808838177 0.013761006828143851 0.14550211230755394
0.2732249577917598 0.07010375774634381 0.5735163918113181 0.0831548926505783
0.03587947425273408 0.5152769304793569 0.19615495691529394 0.2526886383526151
0.03255863165369399 0.615635085119691 0.21421502701934836 0.13759125620726664
0.00350915276633057 0.6208293047699455 0.1828151522905006 0.19284639017322336
0.14335182566358362 0.2699815537852822 0.15155721907689057 0.4351094014742436
0.6151265973166343 0.20139892099402557 0.12777951296400347 0.055694968725336635
0.6374958055952957 0.006142004324833139 0.25145570331248956 0.10490648676738157
0.1811058873834559 0.05728420917593302 0.0441772128344754 0.7174326906061357
0.07751633978055905 0.10988259229036423 0.24055925350276175 0.572041814426315
0.7324082908447156 0.2076728094878092 0.05128977250506295 0.008629127162412265
0.027709769214093294 0.1635200837009193 0.03804046470788447 0.7707296823771029
0.29659358735082053 0.5306896865014107 0.16372669685019703 0.008990029297571756
0.4187146760193492 0.08258773397205577 0.06219427475906325 0.4365033152495318
0.16070254481943314 0.20306770722744483 0.1280942907947793 0.5081354571583427
0.12798995421195714 0.19674240795244247 0.4486625015141682 0.2266051363214322
0.36573010578225496 0.22201917083895428 0.27905461940087883 0.13319610397791193
0.4984472139584154 0.07835052953220867 0.29416471626075835 0.12903754024861758
0.0023654983402915386 0.4534850804175423 0.22704482971077844 0.3171045915313877
0.27723310657525413 0.33702617805677937 0.2860202497264166 0.0997204656415499
0.4885890058545399 0.03241905382328192 0.08559613158890811 0.39339580873327007
0.10979676599814703 0.15423882064756134 0.07620964434313471 0.6597547690111569
0.14842636838847578 0.0844096968123228 0.17089707965412693 0.5962668551450745
0.006276607578504456 0.6850047657420983 0.1879095656800236 0.12080906099937361
0.43670885349899946 0.42463609107996214 0.0842424427731494 0.05441261264788899
0.14953405533252717 0.3323845569838474 0.11078933759574705 0.4072920500878784
0.19254409235677072 0.20357343893443136 0.30751309232258617 0.29636937638621175
0.04034145493148833 0.49478791253467513 0.2607408746812667 0.20412975785256982
0.2603447374594937 0.6273165833218506 0.03878741232681715 0.07355126689183855
0.1003868609215387 0.3512140678482222 0.024369398230697614 0.5240296729995415
0.3511854248068116 0.20641830072034328 0.3520594810054396 0.09033679346740553
0.02602549269180865 0.6524375437557567 0.05662010205576762 0.26491686149666704
0.003600222013997123 0.8373014497373842 0.06721462702358172 0.09188370122503697
0.05111579876514272 0.6223873552905299 0.2577856991695816 0.06871114677474577
