16 50 4 121.82046754429996 243.64093508859992
3.0096197123818498 5.708470072606085 5.95631310923063 1.4104175511952568 4.2465595181299545 3.007728475221599 7.198535456392208 2.473582825008093 1.6329238012495029 9.469097742212524 6.073132422113428 1.7019310545098836 7.503764600123558 2.426069561708498 3.2525317606962103 3.6413853049197775 7.269496427877354 5.178376792361366 2.9355592934290557 5.021436358716918 2.0879087638506117 9.259183069702525 6.09801695847276 5.248173841677345 3.831097821824904 1.3889415676296353 7.772004252639758 5.889421394841862 7.904713831432305 8.114038895942082 1.6499924143716713 6.937442509670628 1.4796940450982234 7.165220074504306 4.990158658119384 5.21196532641965 6.9495340128846355 7.209699687339507 3.3699653600100743 1.1033104038415735 7.9416500196228865 8.345280936599645 2.2567744337346625 6.20206071017357 4.066068448397794 3.0899393872215986 2.787793782265942 3.443416959598126 9.791674876096238 2.9388608045322537
0.6019239424763699 1.1416940145212169 1.191262621846126 0.28208351023905137 0.8493119036259908 0.6015456950443199 1.4397070912784415 0.4947165650016186 0.3265847602499006 1.8938195484425049 1.2146264844226855 0.34038621090197674 1.5007529200247116 0.4852139123416996 0.650506352139242 0.7282770609839555 1.4538992855754709 1.035675358472273 0.5871118586858112 1.0042872717433835 0.4175817527701223 1.851836613940505 1.2196033916945521 1.049634768335469 0.7662195643649807 0.27778831352592703 1.5544008505279516 1.1778842789683723 1.580942766286461 1.6228077791884163 0.32999848287433425 1.3874885019341257 0.2959388090196447 1.4330440149008612 0.9980317316238768 1.04239306528393 1.389906802576927 1.4419399374679014 0.6739930720020149 0.2206620807683147 1.5883300039245773 1.669056187319929 0.45135488674693247 1.240412142034714 0.8132136896795588 0.6179878774443197 0.5575587564531884 0.6886833919196251 1.9583349752192476 0.5877721609064508
0.3564074170620962 0.26038285253291793 0.12556146647083544 0.2576482639341504
0.420103554589757 0.010551625071929305 0.5413903462416831 0.027954474096630544
0.04775810110489587 0.5192293507674843 0.10867899740901443 0.32433355071860537
0.11284552220179378 0.5697578279634691 0.03871587880749072 0.2786807710272464
0.10057401461121851 0.23861138850660124 0.24373006134868402 0.4170845355334962
0.2989396309634117 0.1566252243888051 0.41479598642347193 0.12963915822431127
0.06831478431392501 0.8415263856768308 0.02937496243762272 0.060783867571621464
0.6541871683390603 0.3071650250745216 0.01618732302637027 0.022460483560047817
0.43700781123413013 0.26920943720822754 0.23046056145196603 0.0633221901056763
0.1797664014159619 0.44640932013716605 0.19585209471386456 0.1779721837330075
0.001984401045787232 0.10976500832545266 0.16989678376304262 0.7183538068657175
0.4225810508566923 0.18865754066358853 0.31908886669849834 0.06967254178122084
0.03343151432586111 0.07480973718434214 0.39882155249476736 0.4929371959950294
0.7001514539668893 0.1112499614079473 0.03554535279602289 0.15305323182914055
0.19747718556896254 0.1438209595748442 0.003306075827888555 0.6553957790283047
0.13735714139920507 0.08607243248537588 0.4278461567215128 0.3487242693939062
0.09948797138799059 0.31504485659427306 0.10308103076971253 0.4823861412480238
0.11451152608765047 0.7483420548007468 0.03535444977111668 0.10179196934048607
0.34149252806527086 0.2319332351734057 0.39672490905659064 0.02984932770473281
0.4956239121885867 0.048879729215933976 0.3700361233249819 0.0854602352704974
0.19178860193593794 0.1969905219784306 0.33851276630353955 0.2727081097820919
0.005970365451990145 0.40936344910438827 0.4093666404207569 0.1752995450228647
0.33908039938009304 0.017262164853389494 0.2925017051775779 0.35115573058893956
0.014632868903693086 0.7654104735873345 0.05037139453362227 0.16958526297535015
0.6899208215013513 0.138820682333894 0.11275920140744822 0.05849929475730653
0.4812622884541188 0.07853904043779969 0.05139051944338868 0.38880815166469285
0.18926509698373162 0.5091990993574718 0.0914182387657303 0.21011756489306632
0.025207974983498915 0.2154982591527994 0.49634652797473267 0.262947237888969
0.13973900617708446 0.06087680239271365 0.6840196302003351 0.11536456122986682
0.039982359788262034 0.1390019470299515 0.4473454276676606 0.37367026551412585
0.13073848426080437 0.4297039982260722 0.2751915196849606 0.16436599782816286
4.449907125669839e-06 0.2764735297342964 0.2918969759111377 0.4316250444474402
0.027578715863632586 0.2879671257953067 0.45593816360929373 0.22851599473176698
0.7320529086937675 0.10042026824552541 0.09178081521316905 0.07574600784753804
0.1524836025980163 0.20680688029566363 0.4813403253517643 0.15936919175455577
0.12642580942614012 0.2711857369534687 0.5110082371820573 0.09138021643833383
0.168388570511378 0.29772839816237284 0.08911483531801645 0.4447681960082327
0.10349703671383215 0.2224770896387861 0.4796547135188912 0.19437116012849054
0.06997075234332095 0.262814790945624 0.24794749314193898 0.4192669635691161
0.14881708896939583 0.4767411857586168 0.022938190393909985 0.3515035348780774
0.3989680705695663 0.441389942599238 0.09590848820371911 0.06373349862747657
0.3688279088184241 0.11254215413221114 0.09724709465230164 0.42138284239706314
0.025904508662122905 0.21984659415300445 0.3755038619150267 0.37874503526984593
0.05945662101567517 0.11049219563241408 0.7951509392185242 0.03490024413338655
0.23998360359929682 0.010664660813921478 0.3306928211759359 0.4186589144108458
0.23661539085623262 0.5207153682902252 0.23723205322706153 0.0054371876264806
0.041857421902043 0.31646369206934555 0.5367082774670684 0.10497060856154306
0.2794362294331294 0.022407685520317133 0.645270138653501 0.05288594639305244
0.28352367188871264 0.0439299134592972 0.2857465961604214 0.38679981849156875
0.5123386703913707 0.0005298366285835243 0.4521464407452792 0.034985052234766556
0.018399946630616282 0.21200544115046815 0.35384482061380207 0.4157497916051135
0.7092528321948621 0.10078628546241608 0.14768948215417255 0.042271400188549246
0.527005167794156 0.19594008145298503 0.009836551644547331 0.2672181991083117
0.19916263217137087 0.1947046903114611 0.4014453576164576 0.20468731990071043
0.15344568607162112 0.2538014207834566 0.33347341410660336 0.25927947903831894
0.4004229990716831 0.42793706767143525 0.13816609365955956 0.033473839597322086
0.10214265774506748 0.5038838622307458 0.16011015527548178 0.23386332474870497
0.12278570628019525 0.2339030180942946 0.2944927027971259 0.34881857282838424
0.26713663074285254 0.6416906745315565 0.02443365411299203 0.06673904061259894
0.16277253754939225 0.49278081730945533 0.25235551222678354 0.09209113291436888
0.26952228245370013 0.3186867904949193 0.308354301098384 0.10343662595299652
0.3402339528373949 0.320689053290938 0.009273357017872574 0.32980363685379455
0.09700896639589807 0.5379642885515726 0.31622746062820195 0.04879928442432735
0.550260127836184 0.06210862612182322 0.03201332164092119 0.35561792440107154
0.7733226619848896 0.07708757177058578 0.12135640126158931 0.028233364982935272
0.1293990795977742 0.5090008531970123 0.07901647981087179 0.28258358739434175
0.0647247686015846 0.07046121197274946 0.44233968356798636 0.4224743358576796
0.09443728770894055 0.44825025321144785 0.19578453955318587 0.26152791952642573
0.11772665997080989 0.12935058132224997 0.3209578817664911 0.43196487694044905
0.1854445319921587 0.38242042260283593 0.058535671596922856 0.3735993738080825
0.5727042902682571 0.10027971175104156 0.31474946431254547 0.012266533668155888
0.045811758709343064 0.5906964167300034 0.09678742694271569 0.26670439761793785
0.08640734624365187 0.1340162951386893 0.438151134989503 0.34142522362815586
0.004084359780744284 0.1848742986421934 0.03231247351491828 0.778728868062144
0.20979241153998585 0.2849221239478431 0.31320441834433654 0.1920810461678345
0.37150780771396197 0.44662032474421154 0.01413346150389383 0.16773840603793266
0.05974170895963615 0.33844432446505 0.1829536885125138 0.4188602780628
0.2906698962447649 0.2615470052990191 0.3572923402891083 0.09049075816710772
0.187554301839723 0.17720262217848526 0.321367120322926 0.3138759556588657
0.19102595546505274 0.12104142492641412 0.4052770474852384 0.28265557212329473
0.3637571385624654 0.1588290867594313 0.018612859942659044 0.45880091473544427
0.04214445837531333 0.459036028820454 0.4016803511143878 0.09713916168984482
0.005465181744703895 0.3832689712579387 0.2035992235050158 0.4076666234923416
0.5791915523033466 0.1649532140035711 0.038346801809258424 0.21750843188382385
0.7047738047158322 0.008700929387724154 0.18650427764426858 0.10002098825217509
0.3799964883950345 0.1123092614601181 0.36862973822380096 0.1390645119210464
0.04355752499253196 0.024893689701191657 0.5763303697432497 0.3552184155630267
0.10135501589644491 0.4921471166473679 0.1471818718890907 0.2593159955670965
0.07301441479661286 0.08579836836552202 0.13887369149111195 0.7023135253467532
0.07559165657106148 0.20307923479466405 0.682526656736426 0.03880245189784848
0.0712828045355457 0.04122962328411395 0.7046613821620774 0.18282619001826295
0.10024308442622865 0.8306985209879865 0.030475303238885698 0.03858309134689919
0.0964229626244072 0.038479362849313414 0.2799490367827504 0.585148637743529
0.1310906632175416 0.07364641791567794 0.5789041265929448 0.2163587922738357
0.06615724212295626 0.0986806429258471 0.7923178114594246 0.04284430349177204
0.5877968349584806 0.1276246568976106 0.135166955146094 0.14941155299781483
0.4972811795911585 0.3393143710138168 0.0498854895778037 0.11351895981722104
0.10207280552747255 0.04237409323598318 0.12275340766106135 0.7327996935754829
0.04159415961835988 0.26959456880105104 0.6874464770476595 0.0013647945329295919
0.20808474310846992 0.499749923766755 0.09773576272724249 0.19442957039753261
