71 40 4 108.13675721941038 216.2735144388208
2.670177473366854 4.47939372737863 8.487065787734528 2.7882770413589397 9.249021693095425 8.094796305746044 7.503438559418536 9.961250687780183 8.60834928328903 3.1035393119991315 3.9017298864573897 7.449904065330275 1.9254916031265643 6.400816138502858 2.2263750813362795 9.093284947605001 3.214065732686359 9.582369911470096 8.094614886040596 4.906848608745898 3.2916299683296066 4.344657801817731 6.124663814394537 3.58805178847809 8.73488105481827 9.339609635247166 1.3375222229660941 3.9167408256526235 4.040575725382795 6.643977805809383 1.67934674599184 3.0387011465825378 9.28633095009477 3.2830900308221516 8.89238229511421 3.6174705532860534 3.1260292128204967 2.6642397497837056 2.2349517658694644 5.347850613090662
0.5340354946733707 0.895878745475726 1.6974131575469056 0.557655408271788 1.849804338619085 1.6189592611492087 1.5006877118837072 1.9922501375560366 1.721669856657806 0.6207078623998263 0.7803459772914779 1.489980813066055 0.38509832062531285 1.2801632277005717 0.4452750162672559 1.8186569895210003 0.6428131465372717 1.916473982294019 1.618922977208119 0.9813697217491797 0.6583259936659214 0.8689315603635462 1.2249327628789073 0.717610357695618 1.7469762109636542 1.8679219270494332 0.2675044445932188 0.7833481651305247 0.808115145076559 1.3287955611618767 0.33586934919836803 0.6077402293165075 1.857266190018954 0.6566180061644303 1.778476459022842 0.7234941106572107 0.6252058425640994 0.5328479499567411 0.4469903531738929 1.0695701226181324
0.30979523696189437 0.42089724938412576 0.2192569008837868 0.05005061277019307
0.419373885847666 0.29221418092195817 0.06013445979835452 0.22827747343202132
0.07927965623367383 0.08003805432815791 0.6979028875123873 0.14277940192578098
0.22256042299483692 0.03059563543494237 0.013466263936473433 0.7333776776337473
0.3649652479788772 0.0844502811591803 0.5151778022790832 0.035406668582859346
0.8596976531883781 0.032532181875970956 0.04832666447776679 0.05944350045788416
0.2735942557731593 0.08349350225799801 0.6252052729176741 0.01770696905116853
0.14035695943246929 0.6027661556971331 0.08802652650676124 0.16885035836363638
0.7942676623122329 0.009188299964674296 0.06523959371321564 0.13130444400987717
0.6903046307098317 0.07617872110399715 0.0824623993603395 0.15105424882583163
0.09555949648247752 0.44343604962755256 0.06537794751952308 0.39562650637044683
0.18681716568218643 0.21187268604664167 0.37647633529863633 0.22483381297253557
0.19652400481718024 0.271186718522737 0.26396581968381916 0.2683234569762636
0.25480478851709576 0.11030123875146702 0.21825578470820783 0.4166381880232294
0.19465607725825929 0.19237780983032482 0.13144758158805103 0.48151853132336486
0.13828317810310353 0.36228297488809347 0.28181387782640754 0.21761996918239546
0.40779025990643347 0.040526360558823415 0.1695729850623231 0.38211039447242
0.1431376454253337 0.014518125276529847 0.6081444325041784 0.23419979679395808
0.29238251378569813 0.1878534666298186 0.5186677785976579 0.0010962409868253697
0.3581058319195075 0.08955570582686934 0.035084264704682844 0.5172541975489403
0.024298904357968443 0.044569285251783164 0.7945074581288596 0.1366243522613888
0.723994504816095 0.05738656801069408 0.14342856773378942 0.07519035943942154
0.3059354872794532 0.1787749643723483 0.2690929248170588 0.2461966235311397
0.5732983123334657 0.23342748197564778 0.1852993288386835 0.007974876852202994
0.5333273167019722 0.24853341907135262 0.13818721487661212 0.07995204935006306
0.3695627506418979 0.35084295664910037 0.12520696551588673 0.154387327193115
0.05546044457228749 0.1336619943746371 0.6004225231420729 0.2104550379110025
0.07848809933057133 0.06071137322872733 0.10013828734179853 0.7606622400989028
0.006282861512538207 0.36745514649322 0.39200243094431153 0.2342595610499303
0.12738551711093604 0.2560767689975222 0.5569229664806539 0.0596147474108879
0.009945759601361681 0.7082020003473772 0.24711823509565278 0.0347340049556083
0.6427299387271255 0.03779014484960208 0.1310416277630192 0.18843828866025325
0.06904706722557585 0.17365178988798335 0.13312962853630061 0.6241715143501402
0.14000546588245633 0.24721639891748348 0.23227082176921166 0.38050731343084854
0.46695171334434304 0.030037189663021824 0.04636106964333231 0.4566500273493028
0.06157509903375069 0.38566714967187665 0.5248080675092034 0.027949683785169266
0.2880185928636477 0.5514622661774932 0.0839067998624129 0.07661234109644621
0.07611023081332635 0.2625345731660965 0.2361335326632773 0.42522166335729983
0.8777447738277789 0.07040728400793195 0.005364207540484278 0.04648373462380484
0.020074104992482744 0.661227662076402 0.15720897520182764 0.16148925772928757
0.5297653485043685 0.1652320495663645 0.07326810935676353 0.23173449257250345
0.4352496425483162 0.129593044564417 0.13408264484357357 0.3010746680436932
0.013776385816136272 0.5246661856191992 0.012065015197046836 0.4494924133676177
0.14744345966989247 0.46618876819975164 0.3619647197234426 0.024403052406913317
0.11504425234136706 0.007695801759277976 0.848931109943975 0.02832883595537994
0.2363082225306049 0.3317845190298865 0.08938437126944965 0.34252288717005897
0.19228086580854764 0.42312863426314984 0.21976936075364661 0.1648211391746559
0.3002799385965972 0.12706212897873437 0.2997102518790189 0.27294768054564955
0.1564969165656349 0.6390590411803815 0.010452868986162489 0.19399117326782112
0.07662576448073122 0.4636810362425664 0.2131048100530043 0.24658838922369808
0.015887579297748644 0.6663315601335282 0.04826739695417104 0.2695134636145521
0.2940825946511658 0.36611082728644184 0.3203308479818323 0.019475730080560028
0.14463136734874604 0.6631816607385246 0.042290888796788106 0.14989608311594127
0.5042553985848793 0.28696952427433364 0.011237659371900355 0.19753741776888667
0.05736544960643486 0.40058590432046026 0.30841097075496837 0.2336376753181365
0.10017915519815968 0.20810743141588262 0.5710632686279038 0.12065014475805391
0.2597830573522183 0.08688799814148562 0.45983573101683906 0.19349321348945703
0.09344448932379101 0.35346184631935595 0.1538314115840954 0.3992622527727576
0.006788540305981083 0.028177471121307973 0.46678545571717034 0.4982485328555406
0.6177266650694498 0.18704009587731263 0.14864770503604208 0.04658553401719545
0.0911743741787483 0.4698896873868197 0.02054462473740426 0.41839131369702776
0.05314603680398633 0.27227752902620905 0.672265782867133 0.002310651302671607
0.2762935852018974 0.2400333703214974 0.18662894504545613 0.29704409943114907
0.42550088757923366 0.0607145557385016 0.21234864217417015 0.3014359145080946
0.024025817405461503 0.329395249575144 0.37784218262088276 0.26873675039851175
0.4625542836139602 0.01563653822475186 0.25556317341725243 0.2662460047440355
0.17806318901280105 0.2060318200867255 0.6138797526191779 0.002025238281295527
0.2996485081328998 0.3961659503113434 0.07831394031913075 0.22587160123662609
0.3000070507478293 0.0403294772172299 0.2316040335734192 0.4280594384615216
0.1342191223166923 0.039491271412140816 0.6770756317648317 0.14921397450633522
0.24396023978921022 0.41522180539435694 0.3106222531613032 0.030195701655129636
0.5678113575495194 0.10016497783882572 0.12217627214924798 0.2098473924624069
0.27906098209008734 0.21729173098935572 0.1542306056582926 0.34941668126226433
0.6254545996690337 0.1320035721095656 0.201744921063573 0.04079690715782769
0.20411171355593727 0.32629957227383255 0.04957175003625003 0.42001696413398015
0.15014881529438784 0.14162738220016025 0.5503674882939318 0.15785631421152013
0.027111796941622024 0.1852263807113601 0.5334363783096482 0.2542254440373697
0.45374660778184306 0.15682152986447795 0.03194058755439666 0.35749127479928233
0.20582923384293517 0.23631316078361364 0.41045171241605294 0.14740589295739825
0.028666834791846618 0.4225980888338895 0.11993650995534011 0.4287985664189238
