67 70 4 187.57996445878118 375.1599289175623
5.912662869414808 8.729709495322231 7.173033279099212 3.9843263891209078 1.539981366045561 4.476500029384381 2.918348728159201 9.39255985073224 7.505364689702759 1.4220577600154165 8.39179764446048 6.326825493617756 3.2686435755031558 3.835690213508295 2.6905422003323283 4.152879163423533 3.3151853070480803 1.1000270379092671 4.686296588816025 4.710290063733709 1.3886989380678882 9.595079140858502 4.579095562961459 5.766925506793897 3.095316213953647 3.7774445726089896 5.967800553040789 7.376280661078693 9.58082097877819 6.417323265267462 4.620264129517782 4.194371795854196 8.327471412752626 3.6787767326251464 5.901528924614713 9.66773994428238 2.650559279186086 7.55197604427613 7.5991605838670155 1.4152598070303353 9.726277543956456 4.334891888805493 7.362498137692901 3.465376314384963 3.241405583699896 3.744751419917644 2.2496678974544997 9.776033689666264 1.075707139274173 9.05024620578782 4.187837622070989 9.343318021126112 4.604389009410675 5.216060713659338 5.027024897898711 9.175819354940653 6.780666486409703 3.158235526769744 7.087051749154631 4.8626409165758115 3.0255461463981597 2.366519873213444 5.0819669154635925 8.397080924885024 6.741530462327691 9.974488237622571 5.741812749937972 3.2045146239760207 1.2559928910041644 7.215960181311977
1.1825325738829615 1.7459418990644462 1.4346066558198425 0.7968652778241816 0.3079962732091122 0.8953000058768762 0.5836697456318402 1.878511970146448 1.5010729379405519 0.2844115520030833 1.678359528892096 1.2653650987235512 0.6537287151006311 0.767138042701659 0.5381084400664656 0.8305758326847066 0.663037061409616 0.22000540758185344 0.9372593177632049 0.9420580127467417 0.27773978761357765 1.9190158281717005 0.9158191125922919 1.1533851013587795 0.6190632427907294 0.7554889145217979 1.1935601106081577 1.4752561322157385 1.9161641957556381 1.2834646530534923 0.9240528259035564 0.8388743591708392 1.6654942825505252 0.7357553465250293 1.1803057849229426 1.933547988856476 0.5301118558372172 1.510395208855226 1.519832116773403 0.28305196140606703 1.9452555087912913 0.8669783777610987 1.4724996275385802 0.6930752628769926 0.6482811167399791 0.7489502839835288 0.44993357949089996 1.9552067379332527 0.21514142785483462 1.810049241157564 0.8375675244141979 1.8686636042252225 0.9208778018821351 1.0432121427318677 1.0054049795797422 1.8351638709881306 1.3561332972819407 0.6316471053539489 1.4174103498309263 0.9725281833151623 0.605109229279632 0.4733039746426888 1.0163933830927185 1.6794161849770048 1.3483060924655381 1.9948976475245144 1.1483625499875942 0.6409029247952042 0.2511985782008329 1.4431920362623953
0.012413544759144468 0.17526320698508846 0.10874088560710482 0.7035823626486623
0.16849859310789206 0.19029579231154348 0.2702510863659403 0.37095452821462416
0.23806972152099926 0.5563446154295155 0.15532522532956738 0.05026043771991784
0.2127567873974312 0.11157583948705407 0.34561087635137633 0.3300564967641384
0.026961772558011243 0.7669048010113518 0.15406262134974802 0.052070805080888904
0.7015470788434289 0.009762329531209923 0.09325562120872521 0.19543497041663593
0.025835663453620428 0.07029985205268485 0.8193275517400215 0.08453693275367324
0.4670790002746462 0.07515016582542178 0.3150711310647586 0.14269970283517341
0.08511061126111652 0.32516292716078865 0.31672973580290276 0.2729967257751921
0.45775987243596883 0.20904133087721477 0.09720380679493568 0.23599498989188072
0.7320930987229965 0.07776684121603306 0.026463489415012753 0.16367657064595764
0.28737119379772547 0.34879293629444574 0.14149042259492706 0.22234544731290173
0.3367275706345154 0.4302219792284546 0.20075744466544487 0.03229300547158509
0.473314610296212 0.514000509176554 0.010309167449604417 0.0023757130776295154
0.6514057914084204 0.08913231656299347 0.07251167089427679 0.18695022113430937
0.047354913864042225 0.4454741506141846 0.44227907555870793 0.06489185996306523
0.643983523998353 0.06949083554109825 0.1770304731514194 0.10949516730912934
0.21383775376658487 0.10276561459127753 0.39719424637421064 0.28620238526792696
0.34409155361390054 0.05524959473359947 0.2202180243716121 0.3804408272808879
0.016067512266857986 0.3166904309372016 0.505198698110708 0.16204335868523234
0.040349385920240066 0.0034790089845377903 0.4596842538479283 0.4964873512472938
0.23892003940767348 0.34995224493935984 0.31104098748585185 0.10008672816711484
0.21056635021295977 0.7003391270792323 0.08589709658584121 0.0031974261219667177
0.169503216255384 0.07524641361766249 0.28747808030404454 0.46777228982290897
0.3997441993512576 0.20624105238341295 0.3229926287913556 0.07102211947397385
0.18542082359411305 0.3729818259261012 0.04452415144985611 0.39707319902992966
0.09711710374362958 0.6127830285412541 0.28258867737396953 0.007511190341146778
0.006747600097865902 0.8104925147655769 0.1797999360772965 0.002959949059260669
0.0074555676287035855 0.13027901103205475 0.2637247608002301 0.5985406605390116
0.5391156349256281 0.138699701438474 0.13936489234336946 0.18281977129252847
0.1869741984383001 0.19482401265783356 0.24432873283490286 0.3738730560689635
0.5074800459388028 0.12039363000674119 0.34254902721800895 0.029577296836447053
0.05453974790694238 0.14873250821406847 0.10783023960714078 0.6888975042718484
0.29255405925940525 0.41630887282791107 0.015439193183720668 0.275697874728963
0.23159655192027562 0.5363646195692577 0.05309176422098616 0.17894706428948048
0.5208528633686615 0.26063012138428476 0.0201901868562131 0.1983268283908406
0.1558201450486263 0.36272078437368604 0.10057762303780204 0.3808814475398856
0.11284462904975268 0.4283359759474421 0.2187911979335685 0.24002819706923673
0.030599799476546674 0.037568910140537315 0.9255512615092453 0.00628002887367074
0.06345274167665171 0.3811685111181782 0.33486354215385117 0.22051520505131894
0.1515276050104093 0.03249747856619811 0.1204266461973833 0.6955482702260093
0.1845466815432476 0.7675643919173205 0.0021423706240829565 0.04574655591534893
0.04064095226660347 0.7760966017213541 0.03473981519194802 0.14852263082009443
0.16669951145109585 0.1099154802820198 0.3308301596672387 0.3925548485996456
0.36804178608520344 0.07625435012727733 0.43214473812963483 0.1235591256578844
0.01563381666277508 0.45736615304313666 0.310331308559481 0.21666872173460727
0.23529915138823576 0.016549210084492727 0.5873625320198047 0.1607891065074668
0.7112133925466921 0.053695924950424745 0.1976040149517324 0.03748666755115071
0.5098740715120315 0.12003815884865576 0.19082762941991738 0.1792601402193954
0.10343844466095908 0.4380170839267836 0.1014265853165961 0.3571178860956612
0.3009118761498879 0.29020723040068797 0.1508358574882831 0.25804503596114103
0.09741471935178159 0.3867682029914322 0.24575819428985102 0.2700588833669352
0.15435235181973195 0.15062655035348438 0.21346589455975495 0.4815552032670287
0.5395107175802288 0.2437584196508551 0.17655555159480607 0.040175311174109996
0.6342364991074713 0.08360485723116773 0.05409519527348361 0.2280634483878774
0.3066863342644234 0.016913706434130704 0.19116573091022238 0.48523422839122354
0.2057283519545029 0.6020896085655743 0.0460395575370498 0.14614248194287305
0.29534199280302664 0.35299008532087517 0.07745954835065716 0.27420837352544103
0.03256568226868839 0.16879254603677663 0.4602331515613842 0.33840862013315076
0.1549640819616721 0.2694749208987325 0.41999249964020524 0.15556849749939017
0.08401533539853245 0.23664416209080585 0.5756330595552059 0.10370744295545575
0.009299779204065994 0.20418776158004692 0.6657554489407973 0.12075701027508978
0.1333735398137773 0.2807848781458856 0.03183883927550524 0.5540027427648319
0.013794716702453358 0.13806733687594863 0.29270188686929355 0.5554360595523045
0.2070502457063742 0.2818232961577518 0.48387212085101194 0.02725433728486204
0.3451111889614128 0.0924261338471466 0.32804243906898056 0.23442023812246005
0.3253444387375054 0.09001949062699033 0.2619447920232457 0.32269127861225855
0.5301326225417905 0.18568416078999117 0.211020622461492 0.07316259420672633
0.0489582593090524 0.6025392440751665 0.06857069903863589 0.27993179757714526
0.03839265381493384 0.22521784165923908 0.2387349408246655 0.49765456370116157
0.15654396783624946 0.30746186403663567 0.30598436175350985 0.23000980637360502
0.1672574903000541 0.0703869633923061 0.5634764169927939 0.19887912931484586
0.14723935170361147 0.31844126375934423 0.061226932363285136 0.47309245217375917
0.020918555646014303 0.07736005846168592 0.134278558898697 0.7674428269936028
0.33061173826215484 0.5461471210431098 0.0882991942518524 0.034941946442882954
0.17462688518152591 0.11481296065060043 0.09746905892496793 0.6130910952429057
0.11457494457563022 0.5526030968046951 0.23895408830110698 0.09386787031856769
0.12985103713158752 0.05147385134472604 0.5771735454080549 0.24150156611563156
0.047960844180328754 0.5396131654477142 0.06514865220035737 0.34727733817159967
0.11410260576929354 0.04563548764328351 0.6027492347642847 0.2375126718231383
0.01273544549345984 0.8576180924982368 0.001026363164518096 0.12862009884378522
0.0708153791440026 0.17217082306544818 0.02668832470354221 0.730325473087007
0.08945445434501265 0.3460857587980751 0.3365688905004913 0.2278908963564209
0.1363476255024496 0.7911480865647871 0.012689495311693277 0.059814792621070034
0.29419831862602586 0.2056435872019028 0.40873116005562893 0.09142693411644243
0.12045461537039293 0.4423909704791177 0.16655634987610657 0.2705980642743828
0.007987539421170586 0.26317862980225826 0.3904980416070286 0.33833578916954254
0.40799715043133233 0.10830872797126945 0.11557990560351805 0.36811421599388017
0.2018773919747704 0.018958426201483247 0.5215909806785808 0.2575732011451656
0.046445208955010475 0.011548415668141354 0.14590826217640873 0.7960981132004394
0.06774231976514744 0.49223912466304476 0.1873497325235961 0.2526688230482117
0.030846581107736637 0.006359360313484941 0.469663374189342 0.4931306843894364
0.22102943413206655 0.13249500546469972 0.308474676936878 0.3380008834663557
0.2030545520432815 0.2882125827645138 0.40755792599095064 0.10117493920125409
0.06447368533107434 0.29038477028033993 0.5714312257145496 0.0737103186740361
0.6047665995597856 0.2753775195915479 0.10876756208882377 0.01108831875984273
0.03160398912868312 0.7413038705267915 0.027666181133882528 0.19942595921064288
0.28974125741219126 0.09850111189871569 0.3416981877517379 0.2700594429373552
0.14306441137304005 0.17427493404874927 0.606476840244902 0.07618381433330867
0.0006637027776186244 0.14752281428696123 0.32345335711363554 0.5283601258217846
0.07519682831248176 0.40262049981090986 0.1923358287174124 0.329846843159196
0.2022127273826122 0.047330893022210385 0.5800693095520666 0.17038707004311082
0.22983967172452524 0.5646829550846238 0.05198966248011372 0.1534877107107372
0.05623830506960903 0.6747614634978962 0.0770583688502563 0.19194186258223844
0.4349039528080334 0.38463924536479555 0.14646735702195057 0.03398944480522048
0.3199900429006973 0.20774581117412838 0.24185882962167515 0.23040531630349914
0.7507555531941086 0.13251582664365247 0.09353060879845865 0.023198011363780302
0.08297337314321362 0.4183676768888881 0.22452463969025205 0.27413431027764623
0.22422319152532122 0.2476396697878851 0.05505954028239779 0.4730775984043959
0.20648332506324474 0.13428507632501263 0.5602037765419383 0.09902782206980432
0.377465296732866 0.24764843351287447 0.18967792444710907 0.18520834530715047
0.12081432497177791 0.5241916283691371 0.14095681444629837 0.2140372322127866
0.1192769966942 0.1291818559175828 0.19496253089636262 0.5565786164918546
0.12509476792313734 0.3364594364892194 0.2525512679770384 0.28589452761060485
0.3108203678507714 0.11132263205140225 0.4474588016022655 0.1303981984955609
0.05737183492596576 0.1400504106333197 0.15830727124201394 0.6442704831987006
0.5322086761600502 0.10690834353469025 0.23332659679078904 0.12755638351447052
0.2338443690809756 0.1640388288515372 0.0333353185719274 0.5687814834955598
0.1276435028693902 0.2530648572017614 0.4980210122063963 0.12127062772245212
0.15462134097467062 0.18577986087004095 0.002120713298064625 0.6574780848572238
0.3261357169146767 0.0030895531676785604 0.31220062838329576 0.358574101534349
0.2735882231499467 0.10320974718585785 0.16540954834430788 0.4577924813198876
0.1198322921575119 0.021664826412408633 0.07903314185957833 0.7794697395705011
0.5760788871643684 0.06656816112754571 0.04359978150614474 0.31375317020194116
0.42475541392165816 0.09843947220332772 0.21493749203849666 0.26186762183651746
0.02011638300391061 0.6049132256356282 0.18554796830820375 0.18942242305225743
0.3439279196198757 0.3860248918768455 0.20020262018894208 0.06984456831433672
0.06538675733604205 0.5633841889929269 0.10295469353549025 0.26827436013554085
0.10195460683373647 0.003155508191770795 0.4973685311678061 0.39752135380668663
0.11687000533368286 0.080543202847001 0.577756397354445 0.22483039446487119
0.008243951419060203 0.03910811631170297 0.7678474780760874 0.1848004541931494
0.2419945340367895 0.024077714690127316 0.5213752169195851 0.21255253435349808
0.2751474331491722 0.18337226001314788 0.0429841738992639 0.498496132938416
0.01420894833049302 0.01640155286278444 0.644119595054789 0.32526990375193354
0.11150667678767434 0.012614194348990138 0.873825214827074 0.0020539140362615393
0.217952592233699 0.07383182325104265 0.47230287784445557 0.23591270667080277
0.011656153003394953 0.740728497759984 0.17579182017918604 0.07182352905743505
0.0858517146792247 0.10781271598457265 0.5665469441744562 0.23978862516174648
0.3375582216591315 0.2993900239005517 0.09171841298293193 0.27133334145738486
0.46589576346459693 0.4481605491065468 0.0075809949963872025 0.07836269243246907
