47 50 4 131.81831578057003 263.63663156114
2.021396247042846 9.77034784992811 7.558611701509956 4.163210253034313 7.368446244331729 8.196441414940484 6.8100566905746325 4.731396464693497 7.354279101457083 3.219844435971777 3.303931881681661 1.2161021873082483 1.8885335936392948 3.7039279182515954 6.767701100293832 3.8998715326253106 2.669447242683014 9.254741941337631 3.43828723037293 3.4619310243772183 9.589714141586885 2.144031139531572 7.72538364891434 1.0471416012901236 8.711115470779287 7.263605811895281 5.977231338110938 9.417122177047442 5.613611767691925 2.5985085903621132 5.8317921321800705 3.6411383618190705 1.0954184761059378 8.954206460130216 6.907695833111014 9.480303753825655 7.704507679929644 3.404894011844428 4.256765900459931 5.737634970155353 5.921964739552164 3.3280329158526447 2.571727125278282 4.246392317512557 2.261640387527365 4.5017078963649695 5.246995007312155 9.719442307223023 2.3101070458009514 5.62829249588959
0.4042792494085692 1.9540695699856219 1.5117223403019913 0.8326420506068626 1.4736892488663458 1.6392882829880968 1.3620113381149266 0.9462792929386994 1.4708558202914166 0.6439688871943554 0.6607863763363322 0.24322043746164965 0.377706718727859 0.7407855836503191 1.3535402200587663 0.7799743065250622 0.5338894485366028 1.8509483882675262 0.687657446074586 0.6923862048754437 1.917942828317377 0.4288062279063144 1.545076729782868 0.2094283202580247 1.7422230941558574 1.4527211623790561 1.1954462676221875 1.8834244354094885 1.122722353538385 0.5197017180724226 1.166358426436014 0.7282276723638141 0.21908369522118756 1.7908412920260433 1.3815391666222028 1.896060750765131 1.5409015359859288 0.6809788023688856 0.8513531800919862 1.1475269940310706 1.184392947910433 0.6656065831705289 0.5143454250556564 0.8492784635025113 0.45232807750547305 0.9003415792729939 1.049399001462431 1.9438884614446046 0.4620214091601903 1.125658499177918
0.10372881071894025 0.05594594543113762 0.36797707383948997 0.47234817001043217
0.3863063807868756 0.17569279632293966 0.09993476800482459 0.3380660548853601
0.25247741468160834 0.6277288212960792 0.07390270942891097 0.04589105459340148
0.4447506000327969 0.3297074162058322 0.11936546320514585 0.10617652055622506
0.44292787324078353 0.03855444405944086 0.12666230360533803 0.3918553790944376
0.4882908215334514 0.3470051373880958 0.14267219448184276 0.02203184659661006
0.4006212445493138 0.24130094571619787 0.2751336848986041 0.0829441248358842
0.313588323726645 0.24998580173877127 0.2935923615265138 0.1428335130080699
0.31477581669804067 0.23572360753661004 0.31263772352961894 0.13686285223573036
0.27991926669347267 0.11772987612749497 0.410686494098668 0.19166436308036439
0.003349256902538955 0.3420325385984323 0.004299964704809089 0.6503182397942197
0.3242618665170247 0.387240042835165 0.2714066132399201 0.017091477407890188
0.0797121165635416 0.08876203819230843 0.5297842556165758 0.30174158962757414
0.14796805927342627 0.3669193286236413 0.12789115506015403 0.3572214570427784
0.2575279646172631 0.23426191214575431 0.14617560770107207 0.3620345155359105
0.2889973518655785 0.23850663631178992 0.27447012135997684 0.19802589046265473
0.2819790263998275 0.5014678192994444 0.08115804138513938 0.1353951129155887
0.2427568627899086 0.34594622377951423 0.09067103545710253 0.32062587797347464
0.021983486663739282 0.22846250687475955 0.07551002345848679 0.6740439830030144
0.39966266822141505 0.14763020764577017 0.12995461412431641 0.32275251000849836
0.25319813994073315 0.43704251928016513 0.14323435005534535 0.16652499072375637
0.1733672650093694 0.6875957701810198 0.10190993486207844 0.037127029947532364
0.008685043400014192 0.7195821681835408 0.13059620629811464 0.14113658211833036
0.07913566508691572 0.41191577943574487 0.3061706777808799 0.2027778776964595
0.007528848824627454 0.07781496375336894 0.10497743044161545 0.8096787569803882
0.17192437168683983 0.3675259359586608 0.2865180856937203 0.1740316066607791
0.5485169340400997 0.05066827577503341 0.06915582138132048 0.3316589688035464
0.5656519091196615 0.3704621781011691 0.055559823932043506 0.008326088847125934
0.24978329458628135 0.22462641415486728 0.03999348096245181 0.48559681029639956
0.19158200028724426 0.08998493846750588 0.6376061322164375 0.08082692902881239
0.45293007300167565 0.06621235538193226 0.19944901555640537 0.2814085560599867
0.11126381956756781 0.8599829755747105 0.003961972671916225 0.02479123218580548
0.12356699864936826 0.6650560520280812 0.20280013529528562 0.008576814027264956
0.15744349935204394 0.4647157366417578 0.019987658621247073 0.3578531053849512
0.08106907960169629 0.020152116229379846 0.8166551883935084 0.08212361577541549
0.31118911476121125 0.5004086003001551 0.05886830797738751 0.12953397696124613
0.14259933593192486 0.5424025909397868 0.2698856990749654 0.04511237405332291
0.28055366577863194 0.18973147739478935 0.03955637154016001 0.4901584852864187
0.2545547064790058 0.502826040664855 0.06539591019222213 0.17722334266391704
0.044346280667063476 0.13580431213032218 0.44619733863165545 0.3736520685709589
0.248713353762804 0.5702601399483074 0.06524208120519914 0.11578442508368947
0.63975606005114 0.1609220852536758 0.12511012597770677 0.07421172871747739
0.1534408251044741 0.2724641514924543 0.5300459049454456 0.044049118457626046
0.24508981655701634 0.4230092468570481 0.2337246492078564 0.09817628737807915
0.16347505715468236 0.6646654740322732 0.11617554108097083 0.055683927732073646
0.2974672550156452 0.4986376107028889 0.184910646272474 0.018984488008991884
0.00039730138731353115 0.46667659673410145 0.1678376213391436 0.36508848053944143
0.3894822966866982 0.0098356952193005 0.3826377541653643 0.21804425392863702
0.17164442411174252 0.018643661353601404 0.7754036380334193 0.0343082765012368
0.08153661054427985 0.08862830589268533 0.5124328202378873 0.31740226332514754
0.3052425160786135 0.2627235724402852 0.02894543741198674 0.4030884740691145
0.08472204766699598 0.10452076162904278 0.4588288692564466 0.3519283214475146
0.05902445626966857 0.7247337044815783 0.14333236178828068 0.0729094774604725
0.3771513337602156 0.3769025359129514 0.12499464138016025 0.12095148894667274
0.3029007250817266 0.22234424627042726 0.0028878768875115757 0.47186715176033456
0.08537583850883246 0.5166640377490452 0.29827313954523627 0.09968698419688604
0.21688351936536976 0.25674699494223174 0.07154164260786311 0.4548278430845354
0.4764979154642507 0.11278573863112784 0.1687349256235201 0.24198142028110137
0.03875307567633712 0.6221613153898072 0.1388798594996591 0.20020574943419656
0.455439613931917 0.3406152149775571 0.15737650472960574 0.04656866636092016
0.05942669054264138 0.419368372452698 0.1328386577541797 0.38836627925048095
0.19499636050305635 0.5596847472800833 0.2220786929485341 0.02324019926832621
0.015405647692592672 0.023162566445446564 0.5262508483391426 0.43518093752281817
0.15134197957959894 0.6485279931198115 0.10197586762038424 0.09815415968020536
0.4932150463411943 0.30294597866775674 0.028266728408990915 0.17557224658205806
0.09760276876600382 0.07236852170542629 0.5562560218370581 0.27377268769151175
0.14192015992943408 0.6871041104556324 0.10687878578426602 0.06409694383066755
0.2934523251595481 0.058414923889466674 0.18959828094334685 0.45853447000763836
0.3553141560990163 0.27618407091273256 0.11973440694914284 0.24876736603910832
0.35355663899227874 0.26133305552586494 0.330135545068291 0.054974760413565305
0.058999056483725165 0.71271325300134 0.17325417413020905 0.055033516384725756
0.43073967804308777 0.22767059908776144 0.2254741598113157 0.1161155630578351
0.1583552260324731 0.23810680150461416 0.4712888694866627 0.13224910297625003
0.7724582660056721 0.04646716733685796 0.005982882903197817 0.1750916837542721
0.44319310966882386 0.25419752310313115 0.18272239293330472 0.11988697429474027
0.7837188832670547 0.17461612602759014 0.014018291083020107 0.027646699622335014
0.12366150167751244 0.27807345762436975 0.0866007892133881 0.5116642514847297
0.3630389223459144 0.11451945771819272 0.015357231779643876 0.507084388156249
0.13839975284257255 0.22984684096444052 0.08112430911555435 0.5506290970774326
0.6890640641265713 0.22489082180370323 0.0627370858834122 0.02330802818631328
0.01915101469302738 0.19742245881789477 0.5154872919355586 0.2679392345535192
0.03131178895739695 0.17671614561797044 0.6421977017514965 0.14977436367313612
0.3848628575082096 0.06036158777177503 0.25410874079287227 0.3006668139271431
0.03549936322828451 0.10268621679901557 0.1282186936896451 0.7335957262830548
0.28383010361156025 0.5680938314950794 0.1078687949442253 0.04020726994913504
0.32609737282871587 0.03604730873041129 0.6072763245976374 0.03057899384323548
0.00026512149238600013 0.20778075927446182 0.013001859416025385 0.7789522598171268
0.10178969939427762 0.20014238727000333 0.40823680717608013 0.2898311061596389
0.460465100088844 0.07371626429614597 0.05580061598890307 0.41001801962610696
0.40029420048079933 0.18056621794933503 0.3051239651751171 0.11401561639474855
0.780474330560538 0.14293916896360503 0.07316696642749265 0.003419534048364259
0.24165290533551087 0.011890881923087848 0.16760960701062744 0.5788466057307738
0.20969299924544926 0.39169968555005996 0.20250802187376116 0.19609929333072962
0.040428287451725886 0.43625440699436224 0.06012120886829697 0.4631960966856149
0.547912480948713 0.2842228035938609 0.11893718344635107 0.048927532011075026
0.03735535748652652 0.5188357013696336 0.019131915007315148 0.4246770261365247
0.5872026799300973 0.020949612987197774 0.04131443407763402 0.35053327300507087
0.06436791129051178 0.16070321514163755 0.14524322183997151 0.6296856517278792
0.6330339033377159 0.13940316284286847 0.1461109227334726 0.08145201108594302
0.33165389509759424 0.5176102897489296 0.03544844059448471 0.1152873745589914
