27 20 4 64.35379281537081 128.70758563074162
4.831492694670062 8.331253664450973 7.618575611797116 8.812028798917622 4.450426955853581 9.815109689300686 9.038749120436218 2.887436527789379 7.676448826714667 6.968289872167686 8.981213153427433 8.722114409219916 7.74335992369167 8.831302480497293 2.6808025912427174 3.930100452948241 4.356436914590178 8.143417225753089 2.3595424259328044 2.529484291340288
0.9662985389340124 1.6662507328901945 1.5237151223594232 1.7624057597835243 0.8900853911707163 1.963021937860137 1.8077498240872436 0.5774873055578758 1.5352897653429334 1.3936579744335371 1.7962426306854866 1.7444228818439833 1.548671984738334 1.7662604960994586 0.5361605182485435 0.7860200905896482 0.8712873829180356 1.6286834451506178 0.47190848518656087 0.5058968582680576
0.07064129588532642 0.010527797064519229 0.7021207088690286 0.2167101981811258
0.18097987910036895 0.0396762938457933 0.1946074762492329 0.5847363508046048
0.4928929732595768 0.24304706630613604 0.11349490874381007 0.15056505169047707
0.07603696537169113 0.016384948506107166 0.8740437521462701 0.03353433397593164
0.7045862607036278 0.0011076442691791977 0.13123620349507759 0.16306989153211537
0.28815289454812154 0.2321396052217778 0.40359681132328074 0.07611068890681993
0.5833700814446411 0.012843881319524408 0.39549693409888576 0.00828910313694875
0.6758213297659811 0.23471404009004349 0.00043584033523447197 0.08902878980874096
0.6731198462086596 0.22748045351021995 0.07499523303554878 0.02440446724557166
0.015087921518884051 0.19523964868394006 0.3507000144733122 0.43897241532386366
0.19410813118027714 0.2014157015518253 0.06412116496098019 0.5403550023069174
0.17126442146678234 0.0500236633049056 0.4998642922753834 0.27884762295292864
0.03541708769813445 0.7039938924204591 0.09095219544010513 0.16963682444130135
0.7096489722082104 0.22959133111717467 0.00350750045376802 0.057252196220846874
0.4009708638307262 0.0026103908890506844 0.5001454664891412 0.09627327879108194
0.555063278630468 0.15198333503318306 0.23570500406755712 0.05724838226879181
0.11106006985091776 0.20313867630400517 0.6328966511081517 0.05290460273692532
0.059746398956140645 0.17105012600484493 0.4004271011667909 0.3687763738722235
0.11323433718051013 0.5554498725013197 0.05933856631963752 0.27197722399853264
0.09649789260292185 0.3512597440026658 0.3929975750643653 0.15924478833004707
0.16290618197894668 0.14226915969084697 0.3958958312217443 0.298928827108462
0.5135722490632681 0.08534500131549039 0.1266557572563708 0.27442699236487067
0.4765872407403199 0.11793303102786701 0.33437255624542717 0.07110717198638594
0.013629501631003293 0.10384741771452388 0.46584537108751056 0.41667770956696226
0.38700659769417056 0.527781301701149 0.008523257147238117 0.07668884345744231
0.4892301565307503 0.1947896892401243 0.19334592947768325 0.12263422475144214
0.21039796338844785 0.053877452395938774 0.3846245353327199 0.3511000488828935
0.12165793024523441 0.12002999969854677 0.5130634755636437 0.24524859449257508
0.10466007199390026 0.19906960818393105 0.5658131770039971 0.13045714281817156
0.2095178826973032 0.18369607345881234 0.07440449385359538 0.5323815499902891
0.1925857832764143 0.6570447932196861 0.13107243724829476 0.01929698625560483
0.4605330170263848 0.05383699977637679 0.43713791710981875 0.04849206608741963
0.18319228819522537 0.32754009539708007 0.4720726505662708 0.01719496584142377
0.3918676582027327 0.0853048335049228 0.25052063501574373 0.27230687327660075
0.07195334754183935 0.48632021602327546 0.205384766567957 0.23634166986692817
0.21012746122808923 0.41160968601879955 0.10068517403379751 0.2775776787193137
0.3116763122648373 0.020387967647763183 0.39564813996229253 0.272287580125107
0.03482098205022799 0.14766431431548532 0.04169882980000206 0.7758158738342846
0.15406444785964013 0.4692604125294718 0.21057590721237407 0.16609923239851399
0.11199090772310505 0.7615134011864364 0.06138482940978196 0.06511086168067659
