71 30 4 86.55156068768245 173.10312137536488
2.670177473366854 4.47939372737863 8.487065787734528 2.7882770413589397 9.249021693095425 8.094796305746044 7.503438559418536 9.961250687780183 8.60834928328903 3.1035393119991315 3.9017298864573897 7.449904065330275 1.9254916031265643 6.400816138502858 2.2263750813362795 9.093284947605001 3.214065732686359 9.582369911470096 8.094614886040596 4.906848608745898 3.2916299683296066 4.344657801817731 6.124663814394537 3.58805178847809 8.73488105481827 9.339609635247166 1.3375222229660941 3.9167408256526235 4.040575725382795 6.643977805809383
0.5340354946733707 0.895878745475726 1.6974131575469056 0.557655408271788 1.849804338619085 1.6189592611492087 1.5006877118837072 1.9922501375560366 1.721669856657806 0.6207078623998263 0.7803459772914779 1.489980813066055 0.38509832062531285 1.2801632277005717 0.4452750162672559 1.8186569895210003 0.6428131465372717 1.916473982294019 1.618922977208119 0.9813697217491797 0.6583259936659214 0.8689315603635462 1.2249327628789073 0.717610357695618 1.7469762109636542 1.8679219270494332 0.2675044445932188 0.7833481651305247 0.808115145076559 1.3287955611618767
0.07548297177687113 0.8014483943469299 0.04377207277561779 0.07929656110058114
0.13721686287438495 0.09900860521678134 0.49446701825485384 0.26930751365397987
0.30979523696189437 0.10957864888577162 0.5305755013821409 0.05005061277019307
0.15931771056183175 0.5522703562077924 0.06013445979835452 0.22827747343202132
0.07927965623367383 0.17387640219610545 0.6040645396444397 0.14277940192578098
0.22256042299483692 0.0440618993714158 0.18279320677180477 0.5505844708619425
0.3649652479788772 0.5272645870854719 0.0723634963527916 0.035406668582859346
0.35708775803115733 0.5026098951572208 0.08085884635373775 0.05944350045788416
0.2735942557731593 0.46952885935644306 0.23916991581922908 0.01770696905116853
0.14035695943246929 0.6539107028797636 0.03688197932413073 0.16885035836363638
0.7664833518138289 0.036972610463078315 0.06523959371321564 0.13130444400987717
0.5389955461100301 0.15130908459980164 0.15864112046433665 0.15105424882583163
0.09555949648247752 0.5088139971470756 0.17079269339791125 0.22483381297253557
0.18681716568218643 0.21187268604664167 0.06902087161108916 0.5322892766600827
0.19652400481718024 0.16858202245138254 0.36657051575517363 0.2683234569762636
0.25480478851709576 0.13222909857148835 0.1963279248881865 0.4166381880232294
0.19465607725825929 0.3059100757329377 0.017915315685438138 0.48151853132336486
0.13828317810310353 0.47960642742447646 0.16449042529002456 0.21761996918239546
0.40779025990643347 0.040526360558823415 0.31748358274078503 0.23419979679395808
0.1431376454253337 0.014518125276529847 0.3225802097136532 0.5197640195844833
0.29238251378569813 0.15527902396067872 0.5512422212667978 0.0010962409868253697
0.024298904357968443 0.33380692756153907 0.12463997053155218 0.5172541975489403
0.0688681896097516 0.7125128832170374 0.08199457491182216 0.1366243522613888
0.4847104516518015 0.23928405316429346 0.2008151357444835 0.07519035943942154
0.3059354872794532 0.4478678891894071 0.2382217466789367 0.007974876852202994
0.5732983123334657 0.2085624234398591 0.024865058535788687 0.1932742056908865
0.3695627506418979 0.16376456606007428 0.38672063394796474 0.07995204935006306
0.1891224389469246 0.5312832683440737 0.12520696551588673 0.154387327193115
0.05546044457228749 0.023027654758283833 0.7110568627584262 0.2104550379110025
0.006282861512538207 0.13291661104676045 0.10013828734179853 0.7606622400989028
0.22652234962028195 0.02715432047106825 0.03715339138487794 0.7091699385237719
0.1849155277537451 0.298178984811884 0.2851709948618675 0.23173449257250345
0.5297653485043685 0.035077338608364705 0.1301547109579998 0.305002601929267
0.013776385816136272 0.42147325673217995 0.2636756894079906 0.3010746680436932
0.5384425714353355 0.012065015197046836 0.4250893609607044 0.024403052406913317
0.14744345966989247 0.46618876819975164 0.35803893617497595 0.02832883595537994
0.11504425234136706 0.007695801759277976 0.44535268745984635 0.4319072584395086
0.19228086580854764 0.044027356722057265 0.42116889029933613 0.34252288717005897
0.3002799385965972 0.3151295614751003 0.21976936075364661 0.1648211391746559
0.42734206757533155 0.2997102518790189 0.07895650727782844 0.19399117326782112
0.1564969165656349 0.3838098841576627 0.2552491570227188 0.2044440422539836
0.07662576448073122 0.6055933749505457 0.07119247134502504 0.24658838922369808
0.015887579297748644 0.644305842639859 0.07029311444784025 0.2695134636145521
0.2940825946511658 0.5560213222328929 0.13042035303538124 0.019475730080560028
0.14463136734874604 0.6465935555104669 0.016588105228057648 0.19218697191272938
0.4579513539268951 0.04630404465798421 0.298207183646234 0.19753741776888667
0.05736544960643486 0.25092113700760743 0.4580757380678212 0.2336376753181365
0.10017915519815968 0.7063276313123833 0.07284306873140312 0.12065014475805391
0.2597830573522183 0.08688799814148562 0.10023528014944305 0.553093664356853
0.03496601142728906 0.05847847789650196 0.5072932579034514 0.3992622527727576
0.006788540305981083 0.4949629268384783 0.3030152938023031 0.19523323905323753
0.5816086863029722 0.0361179787664776 0.3356878009133547 0.04658553401719545
0.05314603680398633 0.03802833737476197 0.4698896873868197 0.438935938434432
0.3254235658301954 0.19090338969319942 0.4813623931739336 0.002310651302671607
0.2762935852018974 0.422270500290008 0.004391815076945527 0.29704409943114907
0.3534210669806055 0.07207982059862816 0.0607145557385016 0.5137845566822647
0.024025817405461503 0.4541650044332506 0.25307242776277616 0.26873675039851175
0.17806318901280105 0.2844910946011592 0.2711997116420043 0.2662460047440355
0.38409500909952654 0.3117194493447166 0.3021603032744613 0.002025238281295527
0.2996485081328998 0.2722920534055786 0.20218783722489553 0.22587160123662609
