25 10 4 25.211823637891676 50.423647275783345
8.831117229644907 6.240492358053038 3.5095504663096215 2.673201088811613 4.699901151326019 2.0563799242124396 7.164718699367215 4.938499536936854 6.006063926547732 4.303722894573915
1.7662234459289814 1.2480984716106076 0.7019100932619243 0.5346402177623226 0.9399802302652038 0.41127598484248795 1.432943739873443 0.9876999073873709 1.2012127853095464 0.860744578914783
0.16198510384493825 0.2403806249692646 0.044665117453286496 0.5529691537325107
0.3260511261378255 0.04034342277845815 0.11494839433123372 0.5186570567524826
0.03444976810857148 0.3485983600607976 0.13119636008240987 0.48575551174822107
0.28170075378898063 0.13930279381826172 0.24860873049995968 0.33038772189279797
0.28980434477223604 0.2694377167293257 0.26910419207174163 0.17165374642669662
0.07714031987919201 0.23211726575735514 0.6488347518975947 0.0419076624658582
0.08870241768428277 0.043718136027335874 0.16301133642407128 0.7045681098643101
0.07674224020171683 0.5784039000448695 0.024705446936591047 0.3201484128168226
0.39654162919866054 0.31601012446014276 0.006502803889863129 0.28094544245133357
0.3739892442679148 0.17378877249119828 0.29437624181176847 0.15784574142911845
0.11304070069439631 0.40767808735828726 0.06472632845835213 0.4145548834889643
0.516502297991861 0.18268393995258003 0.13718827032161418 0.1636254917339448
0.5590532743284707 0.16087675203886387 0.27761086951024616 0.002459104122419231
0.43693512529224887 0.01913362519627282 0.4442055875681912 0.09972566194328714
0.5258189634647219 0.21946486831576428 0.07841062014456301 0.1763055480749508
0.524253715876378 0.12060835448442475 0.23833888552325144 0.11679904411594577
0.5123759884616795 0.12934074262615047 0.12476908349200411 0.2335141854201659
0.3310438226975936 0.17816925676312012 0.09290727835174706 0.39787964218753924
0.09793715214676801 0.3172820832715476 0.409919728439857 0.17486103614182735
0.2519372628606047 0.18888382482899435 0.4728547320251575 0.08632418028524347
