64 30 4 66.45908280181692 132.91816560363384
4.411886728903931 6.103883504616526 6.360332613914097 5.048730089699074 5.113178428552468 3.8048589808785596 3.8200362507781334 3.6537351490142242 5.776952151120637 4.56599819439477 7.4687533496646346 5.932827972549015 6.2386757443642695 2.508858440119433 1.2634947783765589 2.878677261226094 1.2031789291991073 6.712069979680181 3.019975652797654 4.584788832709828 6.575507185708307 1.0175364769101782 1.3210297188612785 4.3911059726748825 2.947999906660389 4.6436093456829415 8.793947202016241 3.301510781876557 6.412913913024598 3.042112067659243
0.8823773457807862 1.2207767009233053 1.2720665227828194 1.0097460179398148 1.0226356857104935 0.7609717961757119 0.7640072501556266 0.7307470298028449 1.1553904302241276 0.9131996388789541 1.4937506699329268 1.186565594509803 1.2477351488728539 0.5017716880238866 0.25269895567531175 0.5757354522452187 0.24063578583982145 1.3424139959360362 0.6039951305595308 0.9169577665419656 1.3151014371416614 0.20350729538203566 0.2642059437722557 0.8782211945349765 0.5895999813320778 0.9287218691365883 1.7587894404032482 0.6603021563753114 1.2825827826049196 0.6084224135318486
0.20608794746311854 0.16973241996253252 0.5127789587864162 0.11140067378793272
0.3525379118118491 0.07080453883429272 0.14567114019018512 0.43098640916367303
0.1309454633729532 0.49233734080218805 0.3660472485708277 0.010669947254031031
0.08694693688587751 0.450554544815859 0.17407493182129186 0.28842358647697164
0.6950708555045416 0.1175236934043018 0.1529606139772336 0.03444483711392299
0.24138247743851493 0.2239430283344499 0.1468517733878214 0.38782272083921376
0.06485964093513452 0.26389737520745693 0.11113795868913379 0.5601050251682748
0.07826413945779476 0.18448033354272664 0.022819323504771005 0.7144362034947076
0.6035017741864835 0.3382092584893478 0.01910650948304693 0.03918245784112173
0.3255601902775359 0.14683442368417976 0.0848250058051534 0.44278038023313093
0.07940994130836332 0.24504534247431153 0.4724477367607812 0.20309697945654392
0.6023989538220866 0.20486400638753532 0.05956089663297248 0.13317614315740556
0.047073860316548255 0.49712619222136045 0.1957429776461107 0.2600569698159806
0.0071538258880377015 0.8156107948385906 0.0037279424180549636 0.17350743685531678
0.15133760508293048 0.32448907054864806 0.05046090571541184 0.4737124186530096
0.3037778899837317 0.0927475997269348 0.4356466520361908 0.16782785825314273
0.3440471670401263 0.2848532193727453 0.022065388140394382 0.349034225446734
0.06260925718039012 0.09741619841681526 0.013067674414645292 0.8269068699881493
0.1306820766709471 0.606088213603038 0.10852229221479626 0.15470741751121864
0.10394850922899668 0.4283600508737848 0.0739809104134842 0.3937105294837343
0.009091032399944687 0.3600954747096883 0.2732816452954351 0.35753184759493195
0.12625945129931726 0.38867640189891983 0.2077602623696736 0.2773038844320893
0.25045343078556526 0.0034667006717507 0.6537142732800078 0.09236559526267629
0.11701655448833437 0.11450153164937915 0.2810904628491442 0.4873914510131423
0.0862201318148802 0.3175670503315914 0.5285758583060147 0.0676369595475137
0.45052017630995866 0.12266064003862653 0.02456665524995172 0.4022525284014631
0.2205500638766389 0.060203148063829315 0.21222529325243167 0.5070214948071001
0.0482719288247786 0.3938585461254517 0.27986938232569347 0.27800014272407625
0.46155045224195335 0.25271283932802435 0.2730279071446703 0.012708801285352012
0.35804052106251516 0.26085917629262334 0.004771316344013177 0.3763289863008483
0.01798798449939376 0.15793195162833706 0.4956623602445721 0.32841770362769707
0.30602276252477023 0.0880834258894615 0.18107168081639458 0.4248221307693737
0.24507316100625598 0.004693355284787204 0.7071927772508125 0.043040706458144284
0.09894442813170345 0.6686671459102169 0.13520027194532724 0.09718815401275238
0.2501179233661036 0.0817537243990023 0.19818176389879272 0.46994658833610137
0.09696807065302482 0.4208687923633183 0.3264013446488856 0.15576179233477128
0.4320164574705886 0.4117544012741713 0.00021127289498334978 0.15601786836025677
0.045601941621106645 0.06193882857518429 0.5431497161341171 0.34930951366959195
0.01616414734422067 0.6571420260105381 0.03673708541618781 0.28995674122905346
0.10155763563414877 0.20544333580586005 0.02336413990059316 0.669634888659398
0.4588355578091533 0.5206313065586811 0.009158217867895724 0.01137491776426991
0.023363770515924642 0.053968657365713435 0.40181964704578865 0.5208479250725733
0.022632746739208343 0.02656377835703949 0.453823318356665 0.49698015654708716
0.050402740750721375 0.32525271987237014 0.5929284677784459 0.0314160715984626
0.16117594469210828 0.06368123975792406 0.26280700167031457 0.5123358138796531
0.2750310998003874 0.360702517408256 0.07257742140949841 0.2916889613818582
0.015229400104253221 0.3626391450288061 0.3494182024826943 0.2727132523842464
0.3375684730702272 0.38510047646203127 0.11957921519542491 0.15775183527231662
0.3326829434673577 0.04231366613126797 0.4903858962957408 0.1346174941056335
0.07387998101526994 0.3836391543832893 0.41424797799597 0.12823288660547072
0.20203849631217208 0.19997037283666808 0.32191050185687686 0.276080628994283
0.2760704204091047 0.049482547663063925 0.03799275029362581 0.6364542816342056
0.2468034257921553 0.12667253546055557 0.3498364910193231 0.276687547727966
0.24635874239802424 0.38542947840470543 0.13997816590809198 0.22823361328917835
0.003372697683293513 0.38405268492726286 0.6086300886748742 0.003944528714569406
0.12185690581350661 0.26784982637739496 0.3668785426737923 0.24341472513530615
0.14020529118107572 0.31389694488052877 0.4514814641111694 0.0944162998272261
0.681497324038476 0.08475358303908698 0.213580453932807 0.02016863898963006
0.12008320823158536 0.1341601559493193 0.25242722532528605 0.4933294104938093
0.37252789166562517 0.08493384778176438 0.3369571680287782 0.20558109252383228
