64 40 4 88.61311507355457 177.2262301471091
4.411886728903931 6.103883504616526 6.360332613914097 5.048730089699074 5.113178428552468 3.8048589808785596 3.8200362507781334 3.6537351490142242 5.776952151120637 4.56599819439477 7.4687533496646346 5.932827972549015 6.2386757443642695 2.508858440119433 1.2634947783765589 2.878677261226094 1.2031789291991073 6.712069979680181 3.019975652797654 4.584788832709828 6.575507185708307 1.0175364769101782 1.3210297188612785 4.3911059726748825 2.947999906660389 4.6436093456829415 8.793947202016241 3.301510781876557 6.412913913024598 3.042112067659243 2.854791527168067 2.5832794251495774 8.997393935908605 7.044240667350726 4.382383306830859 1.1618918604945438 4.172841206306642 3.754204862722932 4.810082055815276 4.5469556957280854
0.8823773457807862 1.2207767009233053 1.2720665227828194 1.0097460179398148 1.0226356857104935 0.7609717961757119 0.7640072501556266 0.7307470298028449 1.1553904302241276 0.9131996388789541 1.4937506699329268 1.186565594509803 1.2477351488728539 0.5017716880238866 0.25269895567531175 0.5757354522452187 0.24063578583982145 1.3424139959360362 0.6039951305595308 0.9169577665419656 1.3151014371416614 0.20350729538203566 0.2642059437722557 0.8782211945349765 0.5895999813320778 0.9287218691365883 1.7587894404032482 0.6603021563753114 1.2825827826049196 0.6084224135318486 0.5709583054336134 0.5166558850299154 1.7994787871817208 1.4088481334701453 0.8764766613661719 0.23237837209890877 0.8345682412613284 0.7508409725445864 0.9620164111630553 0.9093911391456171
0.1309454633729532 0.43806812746337376 0.05426921333881429 0.37671719582485874
0.08694693688587751 0.6246294766371508 0.2777536392229406 0.010669947254031031
0.5375014817017365 0.1575693738028051 0.1175236934043018 0.18740545109115658
0.24138247743851493 0.3707948017222713 0.3533778837252908 0.03444483711392299
0.06485964093513452 0.3750353338965907 0.025430530941239593 0.5346744942270352
0.07826413945779476 0.18448033354272664 0.06601254314207006 0.6712429838574085
0.2855637965052924 0.31793797768119114 0.3573157679723947 0.03918245784112173
0.3255601902775359 0.14683442368417976 0.46931641871411567 0.05828896732416866
0.32445528378267485 0.23276433598419422 0.239683400776587 0.20309697945654392
0.07940994130836332 0.7278530189012586 0.05956089663297248 0.13317614315740556
0.5442000525379087 0.05819890128417793 0.13754407636193278 0.2600569698159806
0.0071538258880377015 0.039920034428510554 0.779418702828135 0.17350743685531678
0.47582667563157854 0.05046090571541184 0.2964770393796379 0.17723537927337174
0.15133760508293048 0.1524402849008012 0.0927475997269348 0.6034745102893335
0.3440471670401263 0.3069186075131397 0.1812063671935913 0.16782785825314273
0.06260925718039012 0.09741619841681526 0.4688749308156662 0.3710996135871284
0.1306820766709471 0.04241105334090356 0.5636771602621344 0.2632297097260149
0.10394850922899668 0.4283600508737848 0.31298402238599987 0.15470741751121864
0.36918650710963297 0.23710296340663273 0.036178681888802355 0.35753184759493195
0.009091032399944687 0.11716841889937257 0.5964366642685934 0.2773038844320893
0.25045343078556526 0.0034667006717507 0.26101572174092114 0.4850641468017629
0.11701655448833437 0.39559199449852334 0.395025855750466 0.09236559526267629
0.0862201318148802 0.14529795432283332 0.7008449543147728 0.0676369595475137
0.4037871821464716 0.16939363420211362 0.02456665524995172 0.4022525284014631
0.2205500638766389 0.060203148063829315 0.16976696436949046 0.5494798236900413
0.4421304749502303 0.050848030242669595 0.22902135208302388 0.27800014272407625
0.0482719288247786 0.6659913627451991 0.2730279071446703 0.012708801285352012
0.35804052106251516 0.10350993117943819 0.15734924511318515 0.3811003026448615
0.008704704271813468 0.018790411929113127 0.5961758974982251 0.3763289863008483
0.4426140401678391 0.0037829422886149766 0.5436589161828428 0.009944101360703117
0.4299469510443795 0.3390995111905878 0.09336026901655703 0.13759326874847566
0.43216845195145737 0.3911094015592982 0.02511871989623582 0.15160342659300863
0.14245120360470886 0.0037532692930439815 0.6412864045633818 0.21250912253886534
0.4349806972932321 0.058966654893721104 0.016353376068983017 0.4896992717440638
0.7271183670229919 0.14734297710473587 0.08656725535052856 0.03897140052174364
0.233270005273011 0.29166770606363823 0.17337052488515248 0.3016917637781983
0.27307650511996695 0.42138708510223233 0.024210061440563813 0.2813263483372369
0.002402573682349085 0.46653090560506716 0.1448536372605218 0.38621288345206195
0.1080822154550467 0.06668698175264665 0.5503498010605751 0.2748810017317316
0.3874818140942703 0.40631488745526634 0.09539266153801074 0.11081063691245263
0.24507316100625598 0.004693355284787204 0.3254113529395831 0.4248221307693737
0.7676115740419204 0.13520027194532724 0.0541474475546081 0.043040706458144284
0.09894442813170345 0.23292721963340246 0.19818176389879272 0.46994658833610137
0.09696807065302482 0.1531498527130788 0.2677189396502395 0.48216313698365687
0.8437708587447599 0.00021127289498334978 0.00025607602548549657 0.15576179233477128
0.10754077019629094 0.32447568727429765 0.21867402885981946 0.34930951366959195
0.01616414734422067 0.029437794276885976 0.6277042317336521 0.32669382664524127
0.10155763563414877 0.20544333580586005 0.4030422873309377 0.28995674122905346
0.330365111340602 0.6491017530272324 0.009158217867895724 0.01137491776426991
0.023363770515924642 0.43547178729322866 0.020316517118273425 0.5208479250725733
0.049196525096247834 0.028135902785390243 0.42568741557127476 0.49698015654708716
0.022632746739208343 0.027769994011513033 0.32525271987237014 0.6243445393769085
0.16117594469210828 0.3264882414282386 0.4809197422811905 0.0314160715984626
0.22485718445003233 0.05017391535035509 0.4332799388177544 0.2916889613818582
0.015229400104253221 0.6205042171043902 0.09155313040711022 0.2727132523842464
0.3375684730702272 0.04030007206283215 0.3448004043991991 0.27733105046774154
0.3326829434673577 0.5095652212603257 0.023134341166683114 0.1346174941056335
0.3749966095986257 0.08252252579993358 0.41424797799597 0.12823288660547072
0.07387998101526994 0.12815851529690214 0.5218808746935449 0.276080628994283
0.3255529680721686 0.03799275029362581 0.03846315078304574 0.5979911308511598
0.2760704204091047 0.0974055408436062 0.3498364910193231 0.276687547727966
0.2468034257921553 0.38498479501057437 0.13997816590809198 0.22823361328917835
0.003372697683293513 0.24298604471473073 0.14106664021253212 0.6125746173894436
0.12185690581350661 0.6347283690511872 0.23947019642073675 0.003944528714569406
0.14020529118107572 0.24950144100982585 0.5158769679818723 0.0944162998272261
0.4541022360616045 0.22739508797687147 0.298334036971894 0.02016863898963006
0.12008320823158536 0.1341601559493193 0.5120075428966583 0.23374909292243706
0.37252789166562517 0.08493384778176438 0.04920885005880116 0.4933294104938093
0.14584120128227573 0.4936941861361136 0.1548835200577784 0.20558109252383228
0.023526007924642656 0.15604177209711168 0.5059029934666122 0.3145292265116335
0.05867173589188823 0.18509885810299243 0.5241048322867928 0.2321245737183265
0.0577165377033142 0.03500731622512809 0.8271915567584092 0.08008458931314855
0.07513539561091631 0.35158544572608175 0.011375039649033969 0.561904119013968
0.2772400054821649 0.12531243462508945 0.022183582447028338 0.5752639774457173
0.23374979314153765 0.3245594849297704 0.3387262761537252 0.10296444577496677
0.7331233481010968 0.038166182537533455 0.10638863182956826 0.12232183753180148
0.179884945209142 0.07114235292271598 0.5208096313840446 0.22816307048409745
0.27398920654364434 0.1576351007948713 0.4080050982918665 0.16037059436961787
0.6678128371031636 0.10523724972309345 0.05415181435651395 0.17279809881722896
0.02544462325195118 0.06444918717932291 0.8331366175437376 0.07696957202498833
