10 60 4 166.79767039131914 333.59534078263835
7.941885789400714 1.1867675442346135 6.702834114336479 7.7392349428475065 5.4865631107233135 3.023169809777629 2.782565782836616 7.8447764097906285 2.521997529062819 1.7950583275660925 7.1682383653101756 9.58054011575443 1.03553439695123 5.60973037047199 8.313588654869022 6.512734601464493 7.495797856886196 3.6268846135356982 9.259967102616491 7.431182050579215 5.882899312101351 2.2795304284137425 4.360066840463222 7.067202535597108 4.976498569806965 4.906125939999644 6.559902806223855 5.6182441829895176 6.853574637383205 6.4093505806409 8.247008771494718 5.694824371542707 9.177839927278015 3.8731248008969077 1.8141341434381664 3.70630050972583 2.025859256771948 8.458131936769089 1.4220668745032479 6.636584334802533 5.928275403273192 8.373582961030618 2.7905278571093106 8.711652722119599 4.1648737548887915 7.7918292237687155 3.663655361917108 8.955428316050677 3.9296047404902392 2.485143079472336 4.532763195519285 1.8411433710278526 8.389950920532357 2.3603681767830746 4.457030038229796 9.49834641014921 9.88862927411685 5.106740923853057 8.435105594584659 3.262367207863534
1.5883771578801427 0.2373535088469227 1.3405668228672958 1.5478469885695012 1.0973126221446627 0.6046339619555259 0.5565131565673231 1.5689552819581256 0.5043995058125639 0.3590116655132185 1.433647673062035 1.9161080231508858 0.20710687939024602 1.121946074094398 1.6627177309738044 1.3025469202928988 1.4991595713772392 0.7253769227071396 1.8519934205232982 1.486236410115843 1.1765798624202701 0.4559060856827485 0.8720133680926445 1.4134405071194216 0.9952997139613929 0.9812251879999287 1.311980561244771 1.1236488365979036 1.370714927476641 1.28187011612818 1.6494017542989436 1.1389648743085414 1.835567985455603 0.7746249601793815 0.3628268286876333 0.741260101945166 0.40517185135438955 1.6916263873538178 0.28441337490064955 1.3273168669605067 1.1856550806546384 1.6747165922061236 0.5581055714218621 1.7423305444239197 0.8329747509777583 1.5583658447537432 0.7327310723834216 1.7910856632101353 0.7859209480980478 0.49702861589446723 0.9065526391038571 0.36822867420557054 1.6779901841064713 0.47207363535661495 0.8914060076459591 1.899669282029842 1.97772585482337 1.0213481847706114 1.6870211189169317 0.6524734415727068
0.03928176722538734 0.4952761815764277 0.06281369942906923 0.4026283517691157
0.039959208689977266 0.03965388146598692 0.2511062218261678 0.669280688017868
0.3149268718426883 0.03142027823734472 0.533568024437883 0.12008482548208399
0.5978366479629736 0.007740916430783118 0.27251907833110156 0.12190335727514168
0.30087130894070724 0.002191251710327524 0.25451562801160943 0.4424218113373558
0.06425106069482445 0.2754567829430392 0.1354244037771869 0.5248677525849494
0.3182728054789512 0.2598636244035163 0.3989442960402143 0.022919274077318197
0.06809727353795003 0.5179247065152258 0.19592713856597255 0.2180508813808516
0.29972987242456284 0.050926518858570136 0.32281053400158755 0.3265330747152795
0.05047767015399762 0.05758610262545494 0.7777633233882532 0.11417290383229428
0.10687958439356915 0.11188976478596757 0.25101594426095775 0.5302147065595055
0.14762019228529766 0.10099231551747179 0.3964596186654724 0.35492787353175814
0.2267733432700092 0.33997658130499075 0.3554828623285463 0.07776721309645374
0.014860024633228108 0.5466973356431408 0.011471543756816915 0.42697109596681415
0.14853345135645857 0.43566237717421696 0.10969423781173615 0.3061099336575883
0.09010673472443853 0.34949850305015195 0.06737339148945687 0.49302137073595265
0.1981006572162689 0.09780310500456846 0.26922259173696717 0.43487364604219547
0.030684840372946276 0.35442875919254024 0.3597504773845812 0.25513592304993227
0.6031629758620348 0.1795518423829363 0.055546502458721725 0.16173867929630714
0.458514206237273 0.1572226697962963 0.13472773445392172 0.24953538951250898
0.1748138948221194 0.3092069954647064 0.3647431815244063 0.15123592818876785
0.09465904074365306 0.02207047020331021 0.33996802437320894 0.5433024646798278
0.07708540441603862 0.49669082703516354 0.08195051126339603 0.3442732572854018
0.35121350299640874 0.04220560944010665 0.4198969712342887 0.1866839163291959
0.38403076811573245 0.12357013993922694 0.3218010117722765 0.17059808017276412
0.2131865653786481 0.652366052848635 0.10039363328053197 0.0340537484921849
0.025263945431817092 0.1593628925824484 0.07284858539027761 0.7425245765954569
0.02443264498316411 0.4334168669912464 0.35204215342576817 0.19010833459982135
0.2742948190153962 0.08147752380826712 0.4888465183201872 0.15538113885614946
0.37764191857408025 0.1335667277113851 0.04787787011779299 0.44091348359674165
0.18486754999091237 0.1153430616031007 0.493062621433601 0.2067267669723859
0.5692713997012885 0.04543031327888114 0.37421526121603155 0.01108302580379883
0.2747951315927687 0.5279808047554777 0.018440539850013926 0.17878352380173967
0.26340316495675753 0.19532106423310613 0.4797899680194738 0.061485802790662514
0.046739227161395 0.6338351472830497 0.17807464102398185 0.14135098453157346
0.11396030875469221 0.8169555270930593 0.032984686990531364 0.03609947716171713
0.543465038474916 0.09457004286971071 0.12852504522628005 0.23343987342909323
0.3841218491535694 0.5131580956657786 0.0007443640301673105 0.10197569115048466
0.08696940892461757 0.21760394642200254 0.10080593308294894 0.594620711570431
0.05662820283810621 0.5443260044075702 0.2775119711809867 0.12153382157333692
0.6917746075764666 0.06551143273914817 0.04572149640128309 0.19699246328310216
0.08262029129549275 0.12214132273470346 0.3240922653319299 0.47114612063787387
0.5506607842218151 0.2426085411046055 0.17008818039507034 0.036642494278509075
0.14325251090518198 0.20198427895667548 0.45561501992175857 0.19914819021638397
0.05794980601005473 0.08856587330674692 0.36381610523204333 0.489668215451155
0.28873488054197527 0.2620711834989735 0.05063431214185743 0.3985596238171938
0.5167892778204419 0.06354207364753461 0.0351707655905642 0.38449788294145926
0.3426431255645266 0.07066153000004372 0.09175446199189086 0.49494088244353884
0.21790843620284273 0.3948207457262113 0.05009256947093477 0.3371782486000112
0.009769977119685747 0.12228515015230113 0.7781755093877761 0.089769363340237
0.0871283569325122 0.00036469559139318264 0.6835782027839491 0.22892874469214552
0.27252617599113516 0.2653062578628389 0.2353791878982875 0.22678837824773845
0.4407370574138011 0.035947913302860846 0.2415522096029853 0.28176281968035277
0.037322009011339086 0.4398987918965953 0.13697543280675595 0.38580376628530966
0.06785531108690035 0.49126999287358175 0.17476873369835133 0.26610596234116657
0.0193474616178273 0.014555051514734463 0.23398567256953007 0.7321118142979082
0.23671087648016043 0.12377443367389829 0.05175209836339656 0.5877625914825447
0.44276965332145124 0.2284872518041804 0.18189850806477048 0.1468445868095979
0.13560977226706927 0.5163850761390407 0.2402746032865779 0.1077305483073121
0.4299261028565723 0.0969071186805035 0.010520803886553742 0.46264597457637047
0.3571817586345363 0.23301960435088664 0.31263039734620446 0.09716823966837262
0.30545991834281827 0.12403226008882007 0.3443381177789575 0.22616970378940415
0.04309735620499444 0.5933937868625502 0.12674944407613642 0.23675941285631896
0.2622156611319503 0.1552934827073167 0.09595748356902145 0.4865333725917116
0.025399782050106068 0.2166760933534213 0.32343114448464017 0.43449298011183246
0.2927979762895091 0.20225065459294522 0.4837705148751883 0.021180854242357383
0.4407738249006665 0.07902316097471362 0.3341367646251062 0.14606624949951363
0.037094413234407875 0.42743639454492466 0.25407200260291773 0.28139718961774973
0.1591937333780935 0.35314041989545575 0.050856531219195755 0.436809315507255
0.17890280857109042 0.15891307849358904 0.027549084149436354 0.6346350287858842
0.5982556712791092 0.14634756949645145 0.007892929443042207 0.24750382978139718
0.048628006263405577 0.13540681582974567 0.358373694134853 0.45759148377199577
0.3814115349046321 0.15205935008437055 0.39188598787877416 0.07464312713222321
0.791756996276624 0.0855782452883107 0.10056402183707025 0.022100736597995052
0.10461974452285316 0.32383099444504326 0.2803990874010588 0.2911501736310448
0.16620214770453368 0.6338666029896115 0.018967113442067363 0.18096413586378746
0.03755767594167769 0.3985605793971566 0.1532294563417731 0.4106522883193926
0.1680727975326186 0.28503220266861484 0.1041904060351635 0.44270459376360305
0.5990517974614926 0.18200881982878947 0.06744856460443249 0.15149081810528542
0.021165191172154985 0.1548769421115389 0.3370805744485512 0.4868772922677549
0.0146348751032499 0.7280397021961842 0.1017112172399135 0.1556142054606524
0.3386791329893397 0.07821927406003804 0.29893246570193643 0.2841691272486858
0.20595025836897252 0.08788129683479551 0.5097367925394516 0.1964316522567804
0.09344037694376706 0.6914263413331798 0.07961247552500639 0.13552080619804674
0.2573028872050038 0.38702372783641315 0.09205608879714644 0.2636172961614366
0.310283706940119 0.006717855365669156 0.57870738639777 0.1042910512964419
0.049195157773728626 0.019838183843525425 0.8445483899534205 0.08641826842932543
0.13021178947959489 0.27325805100107114 0.45336120214708653 0.14316895737224744
0.5381475171399585 0.1709584469320321 0.0852030977545436 0.20569093817346584
0.12250998143741987 0.3062373476916228 0.4630152408066516 0.10823743006430575
0.3964418788784505 0.015834198474950156 0.4279712387349899 0.15975268391160946
0.060050205550819635 0.16873212765114565 0.13924434763349414 0.6319733191645406
0.28825313879221637 0.31279875234029364 0.026509961573118912 0.3724381472943711
0.12233592111500502 0.5849603882264323 0.26751619005523186 0.02518750060333086
0.19325373228646103 0.6346494434621102 0.12474076102205267 0.04735606322937613
0.1467688142787268 0.22526008789510765 0.2269075468988404 0.40106355092732515
0.009221101669878884 0.31192092979508057 0.016612615420224075 0.6622453531148165
0.058822368101847045 0.3372954242387499 0.5445892461426263 0.059292961516776765
0.1301755406309124 0.4538803319243566 0.19990841440371876 0.2160357130410122
0.2974840969759218 0.34774364870811136 0.23556431492950736 0.11920793938645946
0.17778874861709792 0.011240704238537402 0.3257342970010775 0.4852362501432872
0.4820719697228585 0.18930036023450492 0.024935941851633614 0.303691728191003
0.04173781251696107 0.023169169889648566 0.9104857347667231 0.024607282826667243
0.02042996881149528 0.1874971293206561 0.4919668863971014 0.3001060154707472
0.25660756684899655 0.19290721074967987 0.5457440072215796 0.004741215179744018
0.09727249413988015 0.6235274077675269 0.1177771131464802 0.16142298494611274
0.1845717366096261 0.44157193251679727 0.260811419342187 0.11304491153138962
0.1295767771432601 0.4058919391484629 0.37419386029483137 0.09033742341344564
0.8427384994497643 0.060433240280157174 0.03249826226572805 0.06432999800435046
0.22581272666343477 0.35524518047147013 0.32648503938114615 0.09245705348394895
0.11687943957439817 0.24058375854548653 0.3753320706766373 0.267204731203478
0.13147160161175608 0.4350453942955722 0.18820657031962085 0.24527643377305086
0.5566206925418394 0.13711667172007225 0.06264499363368681 0.2436176421044015
0.10017138767093214 0.5786640092220492 0.1590791120732148 0.16208549103380387
0.03733023706427252 0.12352246220427532 0.16071288344335943 0.6784344172880927
0.15168642439497915 0.08402553204101781 0.7461229016518812 0.01816514191212182
0.2531791463099399 0.5199364529667739 0.0523489292853031 0.1745354714379831
0.5220495668360079 0.031698874419495815 0.1525824439451633 0.293669114799333
0.30910515867905375 0.4418214931651335 0.037627222631053 0.21144612552475972
0.2504239331501743 0.5343146476102998 0.05410800685305195 0.16115341238647396
