8 50 4 137.03683745009255 274.0736749001851
8.860864625126347 9.716865965388388 8.822750861925279 5.777701224000391 3.094554951795616 1.102589238496869 4.874219364632415 4.621162240336283 5.704072042173126 5.305526162221621 5.998208264400974 5.890474157882863 7.84806018042636 7.411371166738821 6.577138864930957 4.83482593428573 3.6016752521627895 9.764697170804016 4.003966409596034 2.9692095473784517 1.5922754900849028 9.845834918980904 2.1507014163252864 3.899177138837614 1.6384856027517887 3.0229294507124087 4.542714234492444 9.065305043925717 4.109154507980803 9.862744935567441 1.2585884406696586 4.165162626431081 4.428630002834677 7.877441182293641 9.449235219796945 3.877208168203249 4.8922833951137426 3.431311674323188 8.20950297693755 6.744149255108092 1.6182112011234149 6.432800287322001 8.16017102586079 1.2880734078321712 5.099030398953397 8.11155287204457 9.897368663023563 6.2556808915087005 1.3502106787808965 5.017806167661123
1.7721729250252694 1.9433731930776776 1.7645501723850558 1.1555402448000782 0.6189109903591232 0.2205178476993738 0.974843872926483 0.9242324480672567 1.1408144084346252 1.0611052324443242 1.1996416528801948 1.1780948315765727 1.569612036085272 1.482274233347764 1.3154277729861914 0.966965186857146 0.7203350504325579 1.9529394341608033 0.8007932819192067 0.5938419094756904 0.3184550980169806 1.9691669837961807 0.43014028326505727 0.7798354277675228 0.3276971205503577 0.6045858901424818 0.9085428468984889 1.8130610087851433 0.8218309015961607 1.9725489871134883 0.2517176881339317 0.8330325252862162 0.8857260005669353 1.5754882364587282 1.889847043959389 0.7754416336406498 0.9784566790227485 0.6862623348646376 1.64190059538751 1.3488298510216183 0.32364224022468296 1.2865600574644003 1.632034205172158 0.25761468156643424 1.0198060797906794 1.622310574408914 1.9794737326047127 1.25113617830174 0.2700421357561793 1.0035612335322246
0.18817251529331425 0.02714528417943196 0.32082650720682826 0.46385569332042553
0.5957502458740258 0.13540818610663696 0.21215975248253904 0.056681815536798186
0.008872285585150852 0.42594394279843795 0.07576422686968154 0.48941954474672966
0.18588368551977097 0.12051217111946255 0.2926903963009059 0.4009137470598606
0.7065155434054563 0.11626687709207018 0.007279240495591144 0.16993833900688238
0.2985348512836252 0.19506964663784276 0.3726571849601794 0.1337383171183526
0.1787570156678676 0.6401785613647186 0.12026855899128541 0.06079586397612835
0.13838470671609027 0.4238986772455432 0.24436295125159235 0.19335366478677418
0.008308374432570376 0.4937690182029181 0.48196325473799206 0.015959352626519485
0.2361343702522496 0.6138229199374712 0.12721371135853843 0.0228289984517408
0.09562836130088648 0.3667317172371345 0.5265788619224012 0.011061059539577811
0.2172111529162143 0.2547419676197148 0.057339331772401025 0.4707075476916699
0.16029869282555476 0.44606793033186687 0.22718237809176878 0.1664509987508096
0.032865810850571386 0.6049750511710081 0.24005221123991616 0.12210692673850432
0.04823177716362981 0.31933876038546294 0.1892048951172567 0.44322456733365057
0.4657003666305104 0.07852118398648911 0.3212024805974628 0.13457596878553768
0.17731310063401184 0.05977795891203974 0.5464796132206267 0.21642932723332176
0.007206409512140133 0.5246199150352345 0.005243792398566094 0.46292988305405924
0.2705735220119151 0.339042688218515 0.32159922919452444 0.06878456057504545
0.02799536548956172 0.21710919555479757 0.3858246810937981 0.3690707578618426
0.16973160496332196 0.45100042643203075 0.3547746818503832 0.0244932867542641
0.6322237729028609 0.08322529687638747 0.059667140580854205 0.2248837896398974
0.3109550914270601 0.040921330475839124 0.5115678011565307 0.13655577694057008
0.2898208340999401 0.08422790588150875 0.4164431630114839 0.2095080970070673
0.017206897789604936 0.16529258163368243 0.001544785605662402 0.8159557349710502
0.3035414820257104 0.08297040959068447 0.4903382364671228 0.1231498719164823
0.21890147556152073 0.04112946001119866 0.31339052282931534 0.42657854159796527
0.7992297558169913 0.13084897965034814 0.004878523981181049 0.06504274055147952
0.18914978645463199 0.6725512488914048 0.053270566577167555 0.08502839807679563
0.662767517135585 0.03460647969023434 0.2626686287264983 0.039957374447682326
0.4114010390774 0.05834765609353498 0.2022356888396154 0.3280156159894496
0.0471371476582344 0.6823297779587263 0.026100908300459635 0.24443216608257967
0.3572116459902588 0.14497208915595683 0.24838052498245888 0.2494357398713255
0.42813584701379404 0.1162880957939848 0.18785690745473949 0.2677191497374817
0.03636596001217551 0.30371570338914766 0.4805446101617413 0.1793737264369355
0.17051798938670393 0.1924758614012616 0.03557471137829049 0.601431437833744
0.1569092802598817 0.47584329422107985 0.006952914615879435 0.360294510903159
0.28668015019570514 0.3143188772601684 0.10652078114807595 0.2924801913960505
0.14462775460926192 0.07481818665768669 0.18401251005042385 0.5965415486826275
0.3487405060728357 0.11818791040048449 0.3096658384654366 0.22340574506124322
0.34277275183558253 0.2884464298621241 0.36330924581637136 0.005471572485922005
0.18443217858280303 0.16303784570134394 0.17148520525854294 0.4810447704573101
0.04858155412802745 0.03452806211180448 0.8815129656941075 0.03537741806606054
0.440279320775556 0.2482264384444145 0.10496150507892199 0.20653273570110753
0.35383154448083065 0.028980962196148985 0.5002609107427393 0.1169265825802811
0.3129035795328472 0.2559968665074841 0.06527471063177659 0.3658248433278921
0.14751577732278343 0.015436421338623885 0.8092269120684421 0.027820889270150584
0.1888996122393528 0.18516052355664625 0.5870745556334059 0.038865308570595
0.36862211259104327 0.3878904541448176 0.19397961305827982 0.04950782020585931
0.05442216796667343 0.427154029709941 0.0014463927127671417 0.5169774096106184
0.10038679422454932 0.050583313432947086 0.476085539197752 0.3729443531447516
0.37473850501777617 0.28724420725669153 0.2776683271667071 0.060348960558825215
0.06789640356536919 0.36359722731499156 0.03939895076348876 0.5291074183561505
0.4043954647747654 0.12530985192713917 0.1912191499856789 0.2790755333124165
0.5105822466821824 0.07654810455311478 0.1335476602445247 0.2793219885201781
0.20340977215199052 0.2723942499117834 0.13187210865401366 0.3923238692822124
0.5277238384199121 0.09200157817599686 0.1036579983913648 0.27661658501272623
0.2986252025528 0.3367727116260637 0.12800670045828266 0.23659538536285363
0.22707862658327538 0.561504637914614 0.20853539703863255 0.002881338463478045
0.6568532942055743 0.07471522059683511 0.08124902083576224 0.1871824643618284
0.0007438894434061982 0.4998622165009098 0.377013835230779 0.12238005882490499
0.3591089147932802 0.20571419589045792 0.04055439062887878 0.3946224986873831
0.06281332248498894 0.08263215607128382 0.358167266384416 0.49638725505931125
0.42802190146812014 0.04848517801721275 0.4063990608759658 0.11709385963870134
0.17516677920914991 0.06548347264992849 0.28943523111382197 0.46991451702709963
0.2990527486167165 0.4523054481690856 0.09558834676080086 0.15305345645339707
0.2528705036510319 0.1152263448784584 0.023798713320064002 0.6081044381504457
0.2808908500366094 0.14216845364136976 0.31701805608593314 0.2599226402360877
0.18725043421724963 0.13874661824912293 0.15022685950496495 0.5237760880286625
0.20399355000831143 0.09743006647800045 0.13490694589341734 0.5636694376202708
0.33788707424605824 0.3218430770048316 0.21141819011620844 0.1288516586329017
0.06610071679227247 0.637251803143837 0.185276291179299 0.11137118888459152
0.05920180480396464 0.11164917058775214 0.7778729344947449 0.051276090113538286
0.5039710319327204 0.448043062474918 0.00046780569547966167 0.04751809989688194
0.24627961648822094 0.014371350856959175 0.17941038605490967 0.5599386465999102
0.013041057601078432 0.2230540090133336 0.26107298493734565 0.5028319484482423
0.00416519878445154 0.27082730020873735 0.2454140939910472 0.4795934070157639
0.5257099285645006 0.25263458220440393 0.03802045041384794 0.18363503881724752
0.6476363959130117 0.04985874009550406 0.20555630329888153 0.09694856069260271
0.12363180317953704 0.12638496541613875 0.45962405267328643 0.2903591787310378
0.3178217655823331 0.18032862036909447 0.368528808630716 0.1333208054178564
0.5038730496361019 0.13581565689854513 0.019434461816178805 0.34087683164917415
0.053127290849074194 0.13516512967631633 0.5414299369419959 0.27027764253261355
0.3785444539867562 0.020623155734838527 0.20990279960954528 0.39092959066886
0.07736580229194046 0.24885769159087 0.35884473377359305 0.3149317723435965
0.4116660325463931 0.09890742416271714 0.42979688297632934 0.059629660314560406
0.6358981304875596 0.2937707309237947 0.05299735036847142 0.017333788220174284
0.16683274879237286 0.0793829682812136 0.6099225010006806 0.14386178192573296
0.062083297019820516 0.49339061710690524 0.41023652105115627 0.03428956482211798
0.1949094211027047 0.02776401445812926 0.7124644608214483 0.06486210361771771
0.11053451326006802 0.25146699058830235 0.34175130357969297 0.29624719257193666
0.13291907420805138 0.09091118586296354 0.07508105372074736 0.7010886862082377
0.02914682609792385 0.2486519644177796 0.048598427575789915 0.6736027819085066
0.27971536165930244 0.24631236353537345 0.29325500855849485 0.18071726624682927
0.04075976690697014 0.07119529916917522 0.21324944689526193 0.6747954870285927
0.3632256979625619 0.33985020577182823 0.2391047104841556 0.05781938578145429
0.2793623682287333 0.051801912160584385 0.38993864507357234 0.27889707453711
0.03515798430195982 0.6575474765319049 0.20649712677524967 0.10079741239088558
0.1386590964098453 0.219192794574246 0.11047067001034838 0.5316774390055603
0.1878544718969979 0.4986779953458733 0.1408185879406062 0.1726489448165226
