62 30 4 86.06228466850219 172.1245693370044
1.303792393808875 5.401967571690262 8.614765875527945 4.70261799828797 6.682738363576883 3.6184891353952064 5.885202600371884 3.053632419129734 3.162486964783617 9.581117743578663 6.812293889485764 1.1607143814227343 9.96513236691955 7.616750810849052 7.497482147792426 4.694468574544193 2.834021735555413 9.658922761346702 3.020239252348672 1.4300448878709124 8.954624508031653 9.00218857316055 9.665037094861669 6.500571739104927 9.872324895075282 4.627809072610388 2.4122432132287015 6.287042170178333 4.4607081170041045 3.6451380794623356
0.260758478761775 1.0803935143380525 1.722953175105589 0.9405235996575939 1.3365476727153767 0.7236978270790413 1.1770405200743768 0.6107264838259467 0.6324973929567234 1.9162235487157324 1.3624587778971526 0.23214287628454686 1.9930264733839098 1.5233501621698102 1.4994964295584852 0.9388937149088387 0.5668043471110826 1.9317845522693404 0.6040478504697344 0.2860089775741825 1.7909249016063307 1.80043771463211 1.9330074189723336 1.3001143478209856 1.9744649790150564 0.9255618145220776 0.4824486426457403 1.2574084340356666 0.8921416234008209 0.7290276158924671
0.01757670756217322 0.4110368679951054 0.4814528530543549 0.08993357138836644
0.11201011372897274 0.5072655632676922 0.11559724317130915 0.2651270798320259
0.2319284538685925 0.05044579995929732 0.2352554550829159 0.48237029108919427
0.36386157914644224 0.3438215644257534 0.22222790728782382 0.07008894913998054
0.5908355461613134 0.08889754027242425 0.12031949077677428 0.19994742278948807
0.19554847505866957 0.103366839326826 0.4612744154711228 0.23981027014338163
0.2793118113132056 0.2400266282913358 0.34848411941828616 0.13217744097717243
0.3468443706460439 0.3854168180543357 0.17603483945409892 0.09170397184552148
0.3922017973113634 0.2656553675809957 0.04882388365355672 0.29331895145408415
0.3231523654476329 0.42218947477388313 0.17622262082966167 0.07843553894882227
0.1282163812634115 0.792268543620114 0.07910174955194182 0.0004133255645326628
0.1830068581309271 0.5416535840175017 0.10126611016635134 0.17407344768521982
0.05924963099262137 0.8742070472026647 0.025047082623565586 0.04149623918114831
0.12260387792811567 0.36404038391162274 0.47776605134232675 0.03558968681793484
0.2098962200631701 0.6988317171585355 0.006345605573202295 0.08492645720509207
0.1120088878878085 0.09887688264244998 0.20633766279964771 0.5827765666700938
0.24416677916328455 0.1873231718305295 0.1809531204219358 0.38755692858425017
0.2227386552670807 0.2851211132588999 0.27232193279641703 0.2198182986776024
0.2788141482084502 0.056814627573352317 0.2318031719019341 0.4325680523162634
0.5390308207140199 0.0002991204686590976 0.13501154998182496 0.3256585088354961
0.37316604284799537 0.08890079785562832 0.1319513874755005 0.4059817718208758
0.16883892775736264 0.12392802162871075 0.08376736453616807 0.6234656860777585
0.21945609824158685 0.6880959621651919 0.03858370187356441 0.05386423771965687
0.014546503205853378 0.1003244984376247 0.6457292729423165 0.2393997254142054
0.36853829237061997 0.2980508244624105 0.19403845643294315 0.1393724267340264
0.00520303448989512 0.3160164707530264 0.29978006282366143 0.37900043193341704
0.4748802970199584 0.43015938366118167 0.029640664366897607 0.06531965495196235
0.2397027700941523 0.01677041285830716 0.6349618161795023 0.10856500086803822
0.13502170760124843 0.1197210383748365 0.07632453526037752 0.6689327187635375
0.2675198103692229 0.24637236846010457 0.14412395702116487 0.34198386414950765
0.10251991388105897 0.028346511234644156 0.3359936806784729 0.533139894205824
0.1889821298485318 0.08193464823091201 0.6579188164554145 0.07116440546514169
0.29146713895027776 0.09439413929366147 0.4203794837607425 0.19375923799531825
0.3356556189205484 0.43834740844117437 0.07571500234900963 0.1502819702892676
0.017833534938224926 0.6462259100933063 0.22356538244250124 0.11237517252596751
0.18774964833439356 0.33941739405559124 0.01486236814519748 0.4579705894648177
0.03921140234210496 0.1298586800929208 0.3445110701522831 0.48641884741269115
0.26909759762367935 0.07804544844464456 0.5321374780235271 0.12071947590814902
0.792122928112791 0.06246846896638658 0.11623921901116396 0.02916938390965851
0.13272331917555857 0.37674919892287995 0.41652878867193477 0.07399869322962671
0.03513781128132265 0.058308452950849854 0.7880341311631133 0.11851960460471422
0.48025316527879525 0.19181739283305965 0.0027799499520654303 0.32514949193607967
0.05682917782949237 0.12587740944602088 0.7031611933988503 0.11413221932563644
0.3554672761085238 0.23684875354264467 0.0028085529228139006 0.4048754174260176
0.059256660826141117 0.03167962235952504 0.7758474294065913 0.1332162874077425
0.20303869170725053 0.38518693054387665 0.06875680347462176 0.34301757427425106
0.28609805312426784 0.038424849264204974 0.6637832669412179 0.011693830670309269
0.007557313723873249 0.5170004303079581 0.27793661679296566 0.19750563917520303
0.15868184030012988 0.5701804458750839 0.18682404349383264 0.0843136703309536
0.16628893072148088 0.025109910633292154 0.5636479641098147 0.2449531945354123
0.13089540769072794 0.08282280999594382 0.6750812680069475 0.11120051430638078
0.5597727062167529 0.08653079967939625 0.1675882324292245 0.18610826167462635
0.6477714650365594 0.0657696172705644 0.11843254285702143 0.1680263748358548
0.09379525790319243 0.7954302203915715 0.07878327943550567 0.03199124226973038
0.2832096136826431 0.07372656774006636 0.33311217476158483 0.3099516438157057
0.18556611567835657 0.10344879439513044 0.7087243262836083 0.0022607636429047284
0.05002744928705827 0.1768735189882673 0.2685006355524554 0.504598396172219
0.7444869255975327 0.059058993507292934 0.16981657331367772 0.026637507581496633
0.30211350287363237 0.21244142373696817 0.09942075671296413 0.38602431667643533
0.6400202462757032 0.07410816559799616 0.06410794875847681 0.22176363936782384
