99 30 4 82.60434390491336 165.2086878098267
7.050507027677126 5.392705593165253 8.429456566323067 1.2830174886366832 8.27244967028363 6.0905567764947754 3.6786024883354957 1.4202614845625794 9.915646595237165 1.0614315973928967 7.928137253709458 7.720903908948697 4.396950427014687 5.447327070168783 9.360535528860213 4.559086399112383 9.76560667146064 5.719732438377161 1.8425178396797732 8.31977571503916 2.9051810703042715 5.989112061316169 3.6304220436324544 8.345281239884693 8.452383095861302 2.9941963455661993 6.803512314429804 1.8566345974017737 4.704969149586446 1.8717873513640044
1.4101014055354253 1.0785411186330507 1.6858913132646134 0.25660349772733665 1.6544899340567258 1.218111355298955 0.7357204976670991 0.2840522969125159 1.983129319047433 0.21228631947857934 1.5856274507418917 1.5441807817897393 0.8793900854029374 1.0894654140337567 1.8721071057720426 0.9118172798224766 1.953121334292128 1.1439464876754322 0.3685035679359546 1.663955143007832 0.5810362140608543 1.1978224122632337 0.7260844087264908 1.6690562479769386 1.6904766191722604 0.5988392691132398 1.360702462885961 0.37132691948035473 0.9409938299172891 0.37435747027280086
0.14401099890768465 0.09103278261685 0.24161237293132531 0.52334384554414
0.1675466277143035 0.37454107110361856 0.3565564882544777 0.10135581292760021
0.25263223015238256 0.2722446098096304 0.2757813236843977 0.19934183635358937
0.2037283479831944 0.2625097867266478 0.08314028310622967 0.4506215821839281
0.43278933519110707 0.4185546554806785 0.08783343221352613 0.0608225771146883
0.40995853614205446 0.22666156656940417 0.3398312195054015 0.02354867778313985
0.29306511293389037 0.010868090849725842 0.6540467951554696 0.04202000106091419
0.31259445774959593 0.5139640662215531 0.04821236848218213 0.12522910754666883
0.1531184547977973 0.39315018057272366 0.17414892236657875 0.2795824422629003
0.23526653942787257 0.3786135024012163 0.21306641964155937 0.1730535385293518
0.10346633054919097 0.059742545920013934 0.5278210021792216 0.30897012135157353
0.5444174127245024 0.2002298392712848 0.025390378547693326 0.2299623694565195
0.41494128416141196 0.11164505487958609 0.46877854156759846 0.004635119391403486
0.33170348372063974 0.1430590790490106 0.03231695370799492 0.49292048352235474
0.13313606043554593 0.48190334977509497 0.10918602473866834 0.27577456505069076
0.5164365326761173 0.2599865586429343 0.07180959421379607 0.1517673144671523
0.6179088993694664 0.0716227040384666 0.013833249367796951 0.2966351472242701
0.07688890351604516 0.22156227167774034 0.31229217286908895 0.38925665193712555
0.6576156440907441 0.024142911031502012 0.21829878007574322 0.09994266480201064
0.036569392659698385 0.11720530093840875 0.793779910270191 0.05244539613170185
0.1428040002663774 0.6182159967795761 0.05795848975609219 0.18102151319795434
0.3188977829088504 0.3089626530596927 0.30902559721094225 0.06311396682051462
0.22200462314754843 0.27839554341221406 0.21272962296601028 0.2868702104742272
0.06650677541017858 0.5167826542040015 0.15118082926142173 0.2655297411243982
0.18728599604706986 0.05506057764947958 0.4566860521642828 0.30096737413916774
0.18990049999358483 0.06059067959374431 0.566979039346194 0.18252978106647688
0.15187424427171203 0.5162423617568715 0.2600500195038886 0.0718333744675278
0.4653861200367132 0.04426003562578518 0.33761012279162883 0.1527437215458728
0.2936366812621213 0.03425967593230239 0.4540736341031888 0.21803000870238753
0.042048944863398385 0.6366039229511948 0.18845837371307728 0.1328887584723295
0.0065530026811640996 0.07106083391885076 0.13458233871554215 0.787803824684443
0.0417585312942399 0.5104758955834233 0.3766437566180727 0.07112181650426408
0.6401425405143248 0.19477631117628547 0.13335466108467364 0.03172648722471605
0.264091169854872 0.11324261739052477 0.5381287117344482 0.084537501020155
0.0790466853113343 0.6370662666109326 0.12138064065298781 0.1625064074247453
0.20538671086664506 0.4361833899068186 0.06371825847339352 0.2947116407531428
0.015782220353167897 0.14422785367833524 0.5584963057463234 0.2814936202221735
0.0489126869760389 0.6448452125067613 0.22459024922570225 0.08165185129149755
0.47002862075489793 0.04622428755178498 0.3062722407001367 0.1774748509931804
0.10554000904938199 0.1381162949807846 0.2218729110354143 0.5344707849344191
0.23282414461674794 0.06605525397849488 0.05592361569756654 0.6451969857071906
0.35491121674007997 0.2932476036569842 0.1421729360149393 0.20966824358799652
0.10662336988183263 0.04799676326729829 0.10167249699914604 0.743707369851723
0.07674838391545857 0.3573934163047128 0.37273481361886085 0.1931233861609678
0.2006592579192613 0.5506944535329322 0.1508256994476167 0.09782058910018976
0.5548639958101985 0.10625299733455495 0.11146352718020591 0.22741947967504061
0.24913734216053152 0.15032306570180887 0.20132571411298172 0.3992138780246779
0.21185787848598392 0.49123544897545524 0.2629772094354068 0.033929463103154034
0.17408102283484006 0.03388885887967252 0.6330930197030841 0.15893709858240335
0.2317612521475123 0.3990049711421222 0.16511967706785102 0.20411409964251448
0.08649102197078118 0.7329657535282875 0.14381306914505398 0.036730155355877314
0.4138407275582775 0.27117982256321616 0.022262353841112636 0.2927170960373937
0.08320396459997825 0.6318016702578971 0.22509696766086273 0.05989739748126188
0.16447437009756782 0.4185852768990945 0.0913050292819435 0.32563532372139414
0.15860332704069646 0.28022269369741504 0.010297078399951864 0.5508769008619366
0.03840426016681553 0.3613055468401557 0.5197870133960016 0.08050317959702713
0.014042530782964135 0.10015546217305571 0.49442703195291704 0.3913749750910631
0.4363721251332012 0.02429526582074437 0.3756501823448769 0.1636824267011775
0.36242166711449064 0.2064209208007466 0.153121560973415 0.27803585111134776
0.3938187114217395 0.5309609241238561 0.0037400105961965524 0.07148035385820783
