86 40 4 108.14951148436039 216.29902296872075
2.823462582660014 2.8638379365487583 2.373739689702213 7.791335303729706 3.0468408916250986 6.976737676309856 6.302960423203684 4.794824987110218 8.704214884796688 5.3807742831617835 3.2531647331366074 8.581769940284717 8.198464984080335 7.9519716561889 8.3770496518551 1.5150294091749639 3.76152535892045 2.606583136338702 4.581330453147675 9.00407518781942 3.587761272237696 7.116560350242218 8.711808295698308 3.486776072998947 5.664682305046751 6.206122150274543 2.4514362798495077 7.644232389289187 6.417633659311612 1.4461521054049635 4.113904607943716 7.036397574641589 2.8318276460373304 2.2458932436334686 4.939554840821005 3.676874202542121 9.975563512404904 9.083520524707978 7.875567943175487 2.8970608226645416
0.5646925165320028 0.5727675873097516 0.4747479379404426 1.5582670607459412 0.6093681783250198 1.3953475352619713 1.2605920846407368 0.9589649974220436 1.7408429769593377 1.0761548566323567 0.6506329466273215 1.7163539880569434 1.639692996816067 1.59039433123778 1.67540993037102 0.3030058818349928 0.75230507178409 0.5213166272677404 0.916266090629535 1.800815037563884 0.7175522544475392 1.4233120700484436 1.7423616591396616 0.6973552145997894 1.1329364610093502 1.2412244300549085 0.4902872559699015 1.5288464778578374 1.2835267318623225 0.28923042108099273 0.8227809215887432 1.407279514928318 0.5663655292074661 0.4491786487266937 0.987910968164201 0.7353748405084242 1.9951127024809807 1.8167041049415957 1.5751135886350975 0.5794121645329083
0.5645158437957613 0.2660735627956108 0.11819197338851772 0.05121862002011024
0.24843591398052534 0.39761403224862446 0.11977728999756432 0.23417276377328589
0.21702149005161853 0.11118377465289841 0.5198372233446852 0.15195751195079787
0.11091623802032147 0.52345717133159 0.21828835061275964 0.14733824003532892
0.41030201459255833 0.2043091457302424 0.19279026925604514 0.19259857042115414
0.2060669050451388 0.6906918884564895 0.09887475594692752 0.004366450551444134
0.13208464477673165 0.14030314201935823 0.4976302306162945 0.2299819825876156
0.1331856583516945 0.3974632949059621 0.13827349864964023 0.3310775480927032
0.14867897615068415 0.5858384670907428 0.13675486677151338 0.12872768998705963
0.038083119917579955 0.6019475347594506 0.3485701596026697 0.011399185720299743
0.11021912825295166 0.4718905458009238 0.3230102329914155 0.094880092954709
0.09529529717482565 0.6967565031388463 0.1683004086460067 0.039647791040321345
0.34612539756807703 0.14304268046627167 0.40303681445703676 0.10779510750861454
0.05424576835411765 0.7147011711387095 0.13425909856913687 0.09679396193803602
0.0003891497377432884 0.07088176692119508 0.5605973845907906 0.3681316987502711
0.3669075124822886 0.3281810619000688 0.12155396802594853 0.18335745759169408
0.15585113826605346 0.6903232573590586 0.11065785111686388 0.04316775325802402
0.1677953949379718 0.006103186179447162 0.6961945827825253 0.1299068361000557
0.22120208798230478 0.19829786043374054 0.1904608410151284 0.3900392105688263
0.2860016174442569 0.1264720778364805 0.5318885948731271 0.055637709846135475
0.4961696765622886 0.05369082249551227 0.084775799450717 0.3653637014914821
0.296931376758783 0.01941970737621046 0.3522884413507743 0.33136047451423223
0.19025363639065307 0.05864884656695346 0.16912888459512454 0.5819686324472689
0.5844336344181895 0.09064721085530303 0.1975244339009785 0.12739472082552894
0.22671645052530065 0.6495383681630693 0.10519046948095256 0.018554711830677473
0.3212954596467492 0.4820269231468305 0.0839725729108689 0.1127050442955514
0.34648402706237424 0.5753905220388729 0.07039571682491663 0.0077297340738362585
0.03070155805009467 0.14251592215194497 0.6908537214693125 0.1359287983286479
0.30733256181417334 0.006559078574947974 0.6615624292882789 0.024545930322599774
0.0015210248669477178 0.5125297422545533 0.25195520609055855 0.23399402678794046
0.3212190867810236 0.391323889849703 0.025206345274481845 0.2622506780947915
0.2680319870655681 0.591184682084464 0.11249406384347771 0.02828926700649026
0.3371905641980547 0.265199433699876 0.2049091504112006 0.1927008516908687
0.6301919001016726 0.013069687272462827 0.2591466859553053 0.09759172667055926
0.3374610615506517 0.10503144657404917 0.26585078055656075 0.2916567113187384
0.08290526125888498 0.12421052413163969 0.07686688813384068 0.7160173264756347
0.291279655602513 0.3610795286302343 0.22852502360510962 0.11911579216214307
0.031657658007963274 0.48633486930877157 0.39704048677422177 0.08496698590904339
0.07542276485145083 0.2907610122346609 0.24992320285534686 0.3838930200585414
0.15744345965264006 0.3190147366830315 0.48749810887983513 0.03604369478449332
0.3058735001026506 0.18503212243536593 0.24153658555780189 0.2675577919041816
0.29958135215568815 0.17754037586732263 0.3104314731881178 0.2124467987888714
0.0699843430899234 0.2094909794928428 0.3786391516997102 0.3418855257175236
0.06712348462239459 0.08533161140181511 0.8370656390768171 0.010479264898973217
0.3371958731416018 0.16734796890682024 0.3192517163931051 0.1762044415584728
0.1952532727428532 0.02235954827212039 0.06685244083377206 0.7155347381512543
0.30824399323307783 0.11849861876983692 0.006699712578284389 0.5665576754188009
0.07070277991770135 0.2943206346558752 0.03309679084473793 0.6018797945816855
0.3081033770667473 0.07186993390688634 0.11789160574022206 0.5021350832861443
0.12164999284935518 0.006512227342440613 0.45634785040890546 0.41548992939929874
0.06367146051028116 0.030392464252961937 0.6161093543271946 0.2898267209095623
0.618722571795444 0.03720952195353833 0.022994254719394314 0.32107365153162337
0.28885759537225475 0.3660821160805524 0.15656608447793385 0.18849420406925899
0.044324629557433215 0.4691545425256204 0.1088978372633812 0.3776229906535652
0.3825479785025079 0.4966413939491291 0.042729476980004844 0.07808115056835818
0.2678394957678053 0.08722295528003221 0.27234582582846756 0.37259172312369493
0.056836935330936034 0.45853181861720194 0.18855752751809152 0.2960737185337705
0.7262629259230072 0.03823363227417087 0.01752766879440726 0.21797577300841464
0.2263281866105492 0.2880578446213544 0.007297668028302451 0.4783163007397939
0.8586920503057319 0.049607755613799154 0.04828798932777256 0.04341220475269636
0.20870539891187567 0.2940738440841233 0.23870314905872558 0.25851760794527545
0.5338512184573957 0.09198756143799092 0.18289552389449792 0.19126569621011547
0.05688078318688894 0.014349093208408492 0.8401624402526324 0.08860768335207014
0.19497906622519867 0.196809704222365 0.5113631774374148 0.09684805211502157
0.3553677846920922 0.13120943854016576 0.005373364116571855 0.5080494126511702
0.10255805504760585 0.03242180369673042 0.1796677370308234 0.6853524042248403
0.028717018659038196 0.32187738488748463 0.3329537271058701 0.31645186934760705
0.04919384325536125 0.002513051819520662 0.03415438173225238 0.9141387231928657
0.2700383519126681 0.030638012291162475 0.13248074422537948 0.5668428915707899
0.31642203936949964 0.011842184347736318 0.49916695728259064 0.1725688190001734
0.32237599689085505 0.3217865361411165 0.027517599999472453 0.328319866968556
0.30733640879369584 0.10395930404083809 0.02901979340018257 0.5596844937652835
0.4010981446690135 0.10345981039388474 0.26803595037763106 0.2274060945594707
0.306944858600229 0.3772171561026264 0.09515351222033508 0.2206844730768095
0.03481218043380285 0.45701864086869004 0.2639400491158377 0.24422912958166942
0.6429020855197318 0.02518155835846214 0.32879114979808466 0.0031252063237213745
0.2593959869722846 0.2943555351528503 0.0539939121095 0.3922545657653651
0.11045045763627115 0.38038077943977433 0.0985909337607821 0.4105778291631724
0.04223793679047716 0.02176933746813281 0.7527477465274229 0.1832449792139671
0.0413382189101017 0.4015111500789056 0.19680921923728878 0.36034141177370393
