46 30 4 77.2732940237118 154.5465880474236
8.054491157251757 6.713503354474572 3.24138782364174 7.822682781848359 3.8176924206851184 9.435136217395577 1.3857890351703752 4.96780483086824 9.21450060941678 5.095035270341009 5.571409066334125 1.7641715931523012 4.837148119589839 7.711452637244848 8.803732560497112 3.9129924421060354 1.9366695758195944 8.218972421681023 4.55348754262106 6.649912794107707 1.3238968923973065 3.699170650193819 1.428878976436299 4.3498997002551265 3.361736767853774 9.914735857714174 4.556308132927543 3.7678533633915965 2.9899102271293403 5.446225224877486
1.6108982314503515 1.3427006708949143 0.6482775647283481 1.5645365563696718 0.7635384841370236 1.8870272434791153 0.27715780703407505 0.993560966173648 1.8429001218833558 1.019007054068202 1.114281813266825 0.3528343186304602 0.9674296239179678 1.5422905274489698 1.7607465120994223 0.782598488421207 0.3873339151639189 1.6437944843362047 0.9106975085242119 1.3299825588215415 0.2647793784794613 0.7398341300387637 0.2857757952872598 0.8699799400510253 0.6723473535707548 1.9829471715428348 0.9112616265855087 0.7535706726783193 0.5979820454258681 1.0892450449754971
0.05787518962294125 0.1770752010023363 0.3807234824522222 0.38432612692250023
0.02322350511829474 0.0668617510817483 0.5824897074852399 0.3274250363147171
0.05805131621625281 0.006551561873572864 0.10500488637657523 0.8303922355335991
0.006246276335343692 0.10031057475496097 0.032154072922816246 0.8612890759868791
0.1483228951433896 0.2812782684591344 0.40625056546051974 0.16414827093695628
0.01896837827374731 0.12864152647313243 0.3663763121280368 0.4860137831250835
0.40732889294799735 0.3066865037202037 0.2326087321894681 0.05337587114233089
0.23274440122166595 0.3437685533653173 0.0021417278655481153 0.4213453175474686
0.36725157675142106 0.28481978475699565 0.1586419916377937 0.1892866468537896
0.33225550703369766 0.29203607500772955 0.2798504459865394 0.09585797197203338
0.09147953804540188 0.12091610190543678 0.4428652224595435 0.34473913758961783
0.07877940377718029 0.5802891825439099 0.06596638532876964 0.27496502835014014
0.12294007147336927 0.19595239100711426 0.4046067067835424 0.2765008307359741
0.007611268721885667 0.23224061497578086 0.19022621416193608 0.5699219021403974
0.08351630936716758 0.581117224910795 0.2780708311270186 0.05729563459501885
0.3518313298117569 0.49572037414135783 0.00025349610480018825 0.15219479994208507
0.11221857325441476 0.8665209672009249 0.019275414464265617 0.001985045080394765
0.07102711783699556 0.007894314147260828 0.2380725610258032 0.6830060069899404
0.24061744996676848 0.06102951912345589 0.6969522133829467 0.001400817526828968
0.0768888949011789 0.027139485808938546 0.012219771378240596 0.883751847911642
0.06486304518465935 0.25202681002722815 0.16448375290506478 0.5186263918830477
0.07988421612929109 0.437840381871498 0.4817004178678339 0.000574984131377021
0.45279041716946167 0.28125349779169095 0.1046392584750695 0.16131682656377788
0.06730433569380889 0.3011241257590396 0.21755896214234782 0.4140125764048037
0.44595109231158936 0.3434766247321105 0.13897718386789482 0.07159509908840533
0.03341544123265339 0.1759784328133629 0.40851855716885754 0.3820875687851262
0.08402281180524918 0.6415960952474351 0.15104363262877818 0.12333746031853754
0.344180714481948 0.4188844762236803 0.004810355363814356 0.23212445393055736
0.03319178729333094 0.07700052897981113 0.4962880729031438 0.3935196108237141
0.3036638962067595 0.12251683008618464 0.3322322835769479 0.24158699013010798
0.28970004072785505 0.5728839285741867 0.10084644565158707 0.0365695850463712
0.14898890157990508 0.7587267895958636 0.07127623363666524 0.02100807518756609
0.19512729674487106 0.06060612706348134 0.49993201047357605 0.24433456571807155
0.10714519514849807 0.4136444052403624 0.26981549605273947 0.20939490355840007
0.005874720050239368 0.21309815732510684 0.4793709651645064 0.3016561574601474
0.4248002562289217 0.06952566991825926 0.37645861005947867 0.12921546379334037
0.3458034276780333 0.14076834362414692 0.34235465950267796 0.17107356919514183
0.31109721172394855 0.13728848193596743 0.22361079534523054 0.3280035109948535
0.09095060145023293 0.37563277907925485 0.10558780610361929 0.42782881336689293
0.13721504476428503 0.09155457790404886 0.3288980044223425 0.4423323729093236
0.051039348775481996 0.12674443054304085 0.5240718481643608 0.29814437251711634
0.3105054142136142 0.2051806478579392 0.19915007081990366 0.2851638671085429
0.023190708043028252 0.4256468745381897 0.037588681077133645 0.5135737363416484
0.20694776650990865 0.2121744131439789 0.3684643937121229 0.21241342663398954
0.013131545706038361 0.3231904832408431 0.2587720218173356 0.40490594923578294
0.12609178774593377 0.04923414680338678 0.6083956492196771 0.2162784162310023
0.0012575591068988423 0.14253677202620763 0.42973383019834965 0.4264718386685439
0.002698103673121399 0.3360976029820004 0.18847668112389304 0.47272761222098514
0.15128702188305243 0.5585756298563207 0.16689881304281795 0.12323853521780892
0.12919469623477742 0.15529645783488577 0.5366900278955173 0.17881881803481947
0.5262279952265122 0.14185149178963619 0.036784460794261786 0.2951360521895898
0.4745274210954963 0.210872106337621 0.20446408659250925 0.11013638597437347
0.5492228325803065 0.10225429641682882 0.15442516212772162 0.1940977088751431
0.022771316890988325 0.22562792156556932 0.5762130172455 0.17538774429794235
0.303188922890548 0.45541407830118297 0.1630990798988905 0.07829791890937854
0.15812481975102632 0.4543094277252214 0.16072930594622648 0.22683644657752577
0.0072593480434094415 0.5144948750413836 0.10223719733764913 0.37600857957755784
0.25740275401966417 0.05508957613949206 0.2486672189797009 0.4388404508611429
0.579418097902411 0.2422617661360581 0.0940031934166482 0.08431694254488276
0.6090419938514797 0.05480444317949884 0.1730193015994531 0.16313426136956832
