86 50 4 140.83371866681236 281.66743733362466
2.823462582660014 2.8638379365487583 2.373739689702213 7.791335303729706 3.0468408916250986 6.976737676309856 6.302960423203684 4.794824987110218 8.704214884796688 5.3807742831617835 3.2531647331366074 8.581769940284717 8.198464984080335 7.9519716561889 8.3770496518551 1.5150294091749639 3.76152535892045 2.606583136338702 4.581330453147675 9.00407518781942 3.587761272237696 7.116560350242218 8.711808295698308 3.486776072998947 5.664682305046751 6.206122150274543 2.4514362798495077 7.644232389289187 6.417633659311612 1.4461521054049635 4.113904607943716 7.036397574641589 2.8318276460373304 2.2458932436334686 4.939554840821005 3.676874202542121 9.975563512404904 9.083520524707978 7.875567943175487 2.8970608226645416 6.080642594161851 7.591979872862366 9.539032419819009 5.4181506028421484 8.475304659322347 3.752861500923855 3.235923225824728 5.294095552207097 7.892445126040427 8.087978810900157
0.5646925165320028 0.5727675873097516 0.4747479379404426 1.5582670607459412 0.6093681783250198 1.3953475352619713 1.2605920846407368 0.9589649974220436 1.7408429769593377 1.0761548566323567 0.6506329466273215 1.7163539880569434 1.639692996816067 1.59039433123778 1.67540993037102 0.3030058818349928 0.75230507178409 0.5213166272677404 0.916266090629535 1.800815037563884 0.7175522544475392 1.4233120700484436 1.7423616591396616 0.6973552145997894 1.1329364610093502 1.2412244300549085 0.4902872559699015 1.5288464778578374 1.2835267318623225 0.28923042108099273 0.8227809215887432 1.407279514928318 0.5663655292074661 0.4491786487266937 0.987910968164201 0.7353748405084242 1.9951127024809807 1.8167041049415957 1.5751135886350975 0.5794121645329083 1.2161285188323703 1.518395974572473 1.9078064839638018 1.0836301205684298 1.6950609318644694 0.7505723001847711 0.6471846451649456 1.0588191104414195 1.5784890252080854 1.6175957621800314
0.32820526470451694 0.31784468152463285 0.20199254182005233 0.15195751195079787
0.11091623802032147 0.10610525203129706 0.4173519193002929 0.36562659064808856
0.41030201459255833 0.2043091457302424 0.23805059964187036 0.14733824003532892
0.8074014295788459 0.08935736392278248 0.09887475594692752 0.004366450551444134
0.2060669050451388 0.06632088175095108 0.4976302306162945 0.2299819825876156
0.13208464477673165 0.0011010135749628391 0.3974632949059621 0.4693510467423434
0.14867897615068415 0.5202434757566127 0.06559499133413016 0.265482556758573
0.6400306546770306 0.2312416553359098 0.11732850426675989 0.011399185720299743
0.038083119917579955 0.0721360083353717 0.7949007787923393 0.094880092954709
0.09529529717482565 0.4868143768790498 0.20994212625979647 0.20794819968632805
0.34612539756807703 0.14304268046627167 0.47118413092532996 0.039647791040321345
0.05424576835411765 0.8379591241372678 0.011001145570578519 0.09679396193803602
0.07127091665893837 0.5605973845907906 0.13707863824309818 0.2310530605071729
0.0003891497377432884 0.6946994246446141 0.12155396802594853 0.18335745759169408
0.3669075124822886 0.4792668831428235 0.11065785111686388 0.04316775325802402
0.15585113826605346 0.018047442851365503 0.6961945827825253 0.1299068361000557
0.1677953949379718 0.05340669304433299 0.3887587014488689 0.3900392105688263
0.2860016174442569 0.13349833097178843 0.5248623417378192 0.055637709846135475
0.4124736952807374 0.0836959812815512 0.05369082249551227 0.4501395009421991
0.296931376758783 0.01941970737621046 0.3182852143735244 0.3653637014914821
0.24890248295760653 0.16912888459512454 0.2506081579330367 0.33136047451423223
0.19025363639065307 0.39417999802753645 0.28817164475628154 0.12739472082552894
0.22671645052530065 0.4483643947481919 0.20117397341487742 0.12374518131163004
0.3212954596467492 0.4820269231468305 0.17812290537574282 0.018554711830677473
0.34648402706237424 0.5408109286420744 0.10497531022171513 0.0077297340738362585
0.03070155805009467 0.8333696436212574 0.05780334742989501 0.07812545089875289
0.17321748020203964 0.1341150816121337 0.006559078574947974 0.6861083596108787
0.514050767121501 0.25195520609055855 0.20944809646534068 0.024545930322599774
0.0015210248669477178 0.7110219517637789 0.025206345274481845 0.2622506780947915
0.2680319870655681 0.053187099715455544 0.5379975823690084 0.14078333084996797
0.6023899978979307 0.2049091504112006 0.16441158468437844 0.02828926700649026
0.3371905641980547 0.2930013359036179 0.013069687272462827 0.3567384126258646
0.3374610615506517 0.3708822271306099 0.19406498464817912 0.09759172667055926
0.08290526125888498 0.12421052413163969 0.2353767227341762 0.5575074918752991
0.28398267352436535 0.36837651070838195 0.22852502360510962 0.11911579216214307
0.031657658007963274 0.25962199759454974 0.22671287171422183 0.48200747268326516
0.07542276485145083 0.5406842150900077 0.29892603414949803 0.08496698590904339
0.3661837770861117 0.11027441924955983 0.48749810887983513 0.03604369478449332
0.15744345965264006 0.3572675500077884 0.151100823325514 0.3341881670140575
0.11942817345788104 0.648584205770039 0.021356964123959488 0.21063065664812053
0.2027830257951041 0.02229093510922131 0.6640360617981097 0.11088997729756489
0.4932690419075946 0.361691334778257 0.06189373035270862 0.08314589296143982
0.006445119525047893 0.023726745106680602 0.23322938026040807 0.7365987551078634
0.16659926527715996 0.39965225263552095 0.01129605785169463 0.42245242423562446
0.09231298249639042 0.07147759460164105 0.5661487395784773 0.2700606833234912
0.012850252594544642 0.28206731277932706 0.6436073655271053 0.061475069099023005
0.7077267783003233 0.0017815729532961733 0.16791880632265954 0.12257284242372102
0.20549033430890096 0.43063107962187497 0.3162189952562623 0.04765959081296178
0.41057386799856976 0.12995766295867806 0.19789826155628065 0.26157020748647153
0.009448170844764903 0.7245471899413951 0.1935659312538225 0.0724387079600175
0.0699843430899234 0.22959700906576475 0.35853312212678823 0.3418855257175236
0.1524550960242097 0.1270202265585565 0.7100454125182606 0.010479264898973217
0.06712348462239459 0.27007238851920723 0.48659968529992537 0.1762044415584728
0.1952532727428532 0.02235954827212039 0.2869310210334485 0.49545615795157794
0.28446526184874565 0.023778731384332175 0.11849861876983692 0.5732573879970853
0.07070277991770135 0.2943206346558752 0.06841891000762257 0.5665576754188009
0.3799733109736336 0.018146894444680872 0.09974471129554119 0.5021350832861443
0.1281622201917958 0.1799411568749515 0.276406693533954 0.41548992939929874
0.06367146051028116 0.030392464252961937 0.02758606808611208 0.8783500071506448
0.6559320937489823 0.022994254719394314 0.031246930622061075 0.2898267209095623
0.618722571795444 0.03621713965736317 0.15656608447793385 0.18849420406925899
0.044324629557433215 0.24453296581482153 0.33351941397418006 0.3776229906535652
0.3825479785025079 0.13093119358054572 0.36571020036858337 0.12081062754836303
0.2678394957678053 0.35956878110849977 0.29451057255533675 0.07808115056835818
0.056836935330936034 0.2982255157169015 0.16030630290030046 0.48463124605186203
0.7039262814662295 0.022336644456777743 0.03823363227417087 0.2355034418028219
0.2263281866105492 0.2880578446213544 0.26763819575968173 0.21797577300841464
0.5216836992602061 0.33700835104552584 0.049607755613799154 0.09170019408046892
0.502779242995999 0.23870314905872558 0.2151054031925791 0.04341220475269636
0.20870539891187567 0.41713338098351094 0.18289552389449792 0.19126569621011547
0.05688078318688894 0.47697043527050675 0.37754109819053416 0.08860768335207014
0.07122987639529743 0.12374918982990124 0.196809704222365 0.6082112295524363
0.3553677846920922 0.13120943854016576 0.4165747246527205 0.09684805211502157
0.10255805504760585 0.03242180369673042 0.3569707286044935 0.5080494126511702
0.31464759577515966 0.035946807771363165 0.3329537271058701 0.31645186934760705
0.028717018659038196 0.02047682459632305 0.03666743355177304 0.9141387231928657
0.05170689507488191 0.24896946912894868 0.13248074422537948 0.5668428915707899
0.2700383519126681 0.046383687456831524 0.011842184347736318 0.671735776282764
0.32237599689085505 0.3217865361411165 0.18326864796785503 0.1725688190001734
0.30733640879369584 0.10395930404083809 0.2603844201969101 0.328319866968556
0.4010981446690135 0.03921736156570299 0.3322783992058128 0.2274060945594707
0.306944858600229 0.19761309646266922 0.27475757186029226 0.2206844730768095
0.03481218043380285 0.45701864086869004 0.19233119340036253 0.3158379852971446
0.668083643878194 0.08768722654013661 0.24110392325794805 0.0031252063237213745
0.2593959869722846 0.2943555351528503 0.08915056339459693 0.3570979144802682
0.4908312370760455 0.0985909337607821 0.01832326339780732 0.3922545657653651
0.06400727425860997 0.04644318337766118 0.7063045631497618 0.1832449792139671
0.0413382189101017 0.0008997178803754613 0.5974206514358189 0.36034141177370393
0.04827883875762695 0.39457053023138033 0.3216602106297831 0.2354904203812096
0.14788279540160387 0.29480631068723384 0.5063217360906188 0.050989157820543474
0.29388273578241997 0.37365006984104454 0.33066714233691397 0.0018000520396215247
0.745150028323764 0.13851687818134573 0.08328584193071586 0.03304725156417443
0.3294686609879788 0.6118068426986698 0.04415685348708298 0.014567642826268434
0.30213801629430437 0.09654006366667134 0.5343738723485014 0.06694804769052287
0.023591365313083035 0.2763889275175516 0.24169537711663902 0.4583243300527263
0.33398435140736193 0.18457677245645765 0.42886160770601034 0.05257726843017008
0.11816994162736993 0.062418536520481016 0.8186623451870862 0.0007491766650628007
0.16141494937380063 0.308756410047329 0.48600090914866045 0.043827731430209904
0.1521963246608421 0.10370719601927803 0.3823132474747466 0.3617832318451333
0.426488403789858 0.07100820705163202 0.4186584926893263 0.0838448964691837
