99 100 4 272.8192126372838 545.6384252745677
7.050507027677126 5.392705593165253 8.429456566323067 1.2830174886366832 8.27244967028363 6.0905567764947754 3.6786024883354957 1.4202614845625794 9.915646595237165 1.0614315973928967 7.928137253709458 7.720903908948697 4.396950427014687 5.447327070168783 9.360535528860213 4.559086399112383 9.76560667146064 5.719732438377161 1.8425178396797732 8.31977571503916 2.9051810703042715 5.989112061316169 3.6304220436324544 8.345281239884693 8.452383095861302 2.9941963455661993 6.803512314429804 1.8566345974017737 4.704969149586446 1.8717873513640044 2.296098990169162 2.9097655778400133 5.2899053901027395 1.6985245294001339 3.1153940337208117 1.0589770241304768 9.087797683651598 5.970109841898969 2.5079196494287315 9.359903651461623 5.878789289361299 1.375826781648159 5.723891559658116 6.761282864628924 8.205923472817695 8.514269665215494 3.273690071371443 9.714461614977555 5.19614321238858 3.376820528693848 5.944405760344647 4.396004085208571 2.8335551318487493 9.239162490818606 9.452596805967806 8.537442333177292 4.895104016719964 7.445016567300402 8.66209591604607 1.7114201678020087 4.68962682527849 6.774130906961173 9.78806189995174 7.347595233221715 6.729580924403128 2.8484803977998054 3.637586016405013 2.4400906662835284 3.735398834052546 7.466557418000439 9.621819990451772 1.142039983178511 3.8133501197463633 1.44021418278435 8.87293803207998 7.243821095345202 8.439026715740342 9.265133338376522 2.3780660931801756 5.230257586794082 5.916417718334689 5.646276174760146 7.483758019633897 8.402726341061378 3.117398854850853 1.949860081444438 6.524920376461799 3.192906736271499 8.442518153235834 5.1897629355902275 7.219268907835838 4.193227128635284 1.9311969749427187 3.6899145873571855 2.468879888222844 3.0954173015507314 5.899756714520522 4.19420095066072 7.701825267962085 6.833429383573578
1.4101014055354253 1.0785411186330507 1.6858913132646134 0.25660349772733665 1.6544899340567258 1.218111355298955 0.7357204976670991 0.2840522969125159 1.983129319047433 0.21228631947857934 1.5856274507418917 1.5441807817897393 0.8793900854029374 1.0894654140337567 1.8721071057720426 0.9118172798224766 1.953121334292128 1.1439464876754322 0.3685035679359546 1.663955143007832 0.5810362140608543 1.1978224122632337 0.7260844087264908 1.6690562479769386 1.6904766191722604 0.5988392691132398 1.360702462885961 0.37132691948035473 0.9409938299172891 0.37435747027280086 0.4592197980338324 0.5819531155680027 1.0579810780205479 0.3397049058800268 0.6230788067441624 0.21179540482609535 1.8175595367303194 1.194021968379794 0.5015839298857463 1.8719807302923246 1.1757578578722598 0.2751653563296318 1.1447783119316233 1.3522565729257847 1.6411846945635389 1.7028539330430987 0.6547380142742887 1.942892322995511 1.039228642477716 0.6753641057387696 1.1888811520689295 0.8792008170417143 0.5667110263697499 1.847832498163721 1.8905193611935611 1.7074884666354584 0.9790208033439928 1.4890033134600804 1.732419183209214 0.3422840335604017 0.9379253650556979 1.3548261813922347 1.9576123799903482 1.469519046644343 1.3459161848806256 0.569696079559961 0.7275172032810027 0.4880181332567057 0.7470797668105092 1.4933114836000878 1.9243639980903544 0.22840799663570222 0.7626700239492726 0.28804283655687 1.7745876064159962 1.4487642190690404 1.6878053431480684 1.8530266676753044 0.4756132186360351 1.0460515173588163 1.1832835436669378 1.1292552349520293 1.4967516039267794 1.6805452682122755 0.6234797709701706 0.3899720162888876 1.3049840752923598 0.6385813472542998 1.6885036306471668 1.0379525871180455 1.4438537815671677 0.8386454257270568 0.38623939498854376 0.7379829174714371 0.4937759776445688 0.6190834603101463 1.1799513429041044 0.8388401901321441 1.540365053592417 1.3666858767147156
0.526586339040998 0.24345129150248246 0.225327250065116 0.004635119391403486
0.41494128416141196 0.05982127860823838 0.03231695370799492 0.49292048352235474
0.33170348372063974 0.28333592649000117 0.10918602473866834 0.27577456505069076
0.13313606043554593 0.3833004722405714 0.33179615285673036 0.1517673144671523
0.689531603407933 0.013833249367796951 0.07305823854332172 0.22357690868094837
0.07688890351604516 0.5338544445468293 0.007165551306591911 0.38209110063053364
0.2984511751937855 0.35916446889695863 0.024142911031502012 0.31824144487775385
0.15377469359810714 0.7462826415998822 0.04749726867030879 0.05244539613170185
0.036569392659698385 0.10623460760667902 0.6761744865356683 0.18102151319795434
0.3188977829088504 0.44212221413710306 0.1758660361335319 0.06311396682051462
0.22200462314754843 0.4058558128209947 0.08526935355722964 0.2868702104742272
0.06650677541017858 0.4338933911495839 0.2340700923158393 0.2655297411243982
0.24234657369654944 0.3409428559176306 0.11574319624665219 0.30096737413916774
0.18728599604706986 0.0026145039465149678 0.06059067959374431 0.7495088204126709
0.6681166060285836 0.14935361290493954 0.11069640659894908 0.0718333744675278
0.15187424427171203 0.31351187576500117 0.381870158417414 0.1527437215458728
0.2936366812621213 0.03425967593230239 0.1817497984680747 0.4903538443375016
0.6786528678145932 0.10331712348301925 0.08514125023005803 0.1328887584723295
0.042048944863398385 0.5414340662153482 0.09586832075035334 0.3206486681709001
0.15354461964236843 0.26353446397259805 0.53604614589072 0.046874770494313545
0.04172451242733011 0.04766228967731179 0.037304617884177826 0.8733085800111803
0.023803481188196973 0.05999494901505864 0.8073325517324742 0.10886901806427018
0.46760305126274404 0.027755774369833786 0.3538507484308746 0.15079042593654757
0.5318311145987473 0.3148424149108585 0.07083199230314341 0.08249447818725075
0.10143118966342501 0.19079562580110754 0.2261542351934427 0.48161894934202476
0.11568120372470159 0.2188578808406091 0.6548444098205427 0.01061650561414662
0.3561315526921506 0.3493638599640836 0.08017547801501612 0.2143291093287497
0.22973762378328277 0.4099974204900343 0.02501279748071672 0.3352521582459662
0.23179073851141763 0.6289011618472928 0.0927861393794085 0.046521960261881046
0.054766306743142756 0.12577195078103487 0.38939181822318825 0.43006992425263413
0.5289830146547179 0.19427812076616569 0.04171654195893093 0.23502232262018552
0.2933307026037758 0.5149701488734173 0.046755404957328994 0.1449437435654779
0.2518293523009715 0.005891729186071615 0.2026792338403569 0.5395996846726
0.2987697335133854 0.022192159219373675 0.055948182634208754 0.6230899246330321
0.4298124054238728 0.28998527980191013 0.23806921641961787 0.04213309835459922
0.31687232762034223 0.5585419696905741 0.08876665941003847 0.03581904327904517
0.09716521270663792 0.17990631124383027 0.43961592775620517 0.28331254829332664
0.17559021524034768 0.5889393173979914 0.05000250361267189 0.185467963748989
0.4242363418663041 0.09688462950415322 0.2166848710558319 0.2621941575737108
0.6960385078730588 0.08310290723127345 0.022388575659068932 0.19847000923659885
0.15429501475117713 0.26064287739114456 0.2515772836998118 0.3334848241578665
0.5874975089797344 0.13453378581747177 0.23644462028203428 0.04152408492075954
0.004558333272067117 0.5210759906194324 0.36241127748093815 0.11195439862756229
0.03217275754922133 0.39420865908319613 0.1209088637078819 0.45270971965970064
0.2229177132780502 0.11032296533233577 0.6197041006080592 0.047055220781554774
0.3937157023065978 0.16662446543761067 0.1677445586723999 0.2719152735833916
0.2971745801513792 0.3776832670766741 0.1727339953425644 0.1524081574293823
0.2877629958134339 0.07469599921519177 0.16890437862565544 0.4686366263457189
0.09253468107152485 0.5453460926831005 0.13888749401707268 0.22323173222830195
0.0992727548682667 0.11908708283987601 0.012242707783916895 0.7693974545079404
0.5177463820001909 0.27731103156488657 0.19890298775467063 0.006039598680251945
0.14647368843243913 0.3969007551834226 0.24077322454816086 0.2158523318359774
0.058584533544527306 0.3379351509653753 0.023523519888068667 0.5799567956020287
0.23075699107221903 0.006710587331529183 0.17249371578983386 0.5900387058064179
0.1271827461738262 0.35069397336456565 0.12240524847313305 0.3997180319884751
0.6632472689035073 0.16026920648805676 0.15937882397979564 0.017104700628640335
0.2597852093887342 0.2432489170599903 0.1768288199611413 0.3201370535901342
0.26444713867560354 0.42056994141093096 0.26143890267582703 0.053544017237638464
0.13345937895089877 0.6616839897154578 0.16032378283884208 0.044532848494801325
0.11887094968971768 0.1923735780440492 0.6670659493409804 0.021689522925252724
0.15216835476734036 0.06985366308207075 0.5244603122623034 0.2535176698882855
0.4335866094688666 0.04393431522983149 0.3644558623214963 0.1580232129798056
0.3101444796393379 0.11015792131987856 0.4903043887111762 0.08939321032960734
0.08856712354263074 0.01869701851432448 0.4436308874145247 0.44910497052852005
0.7982964464104141 0.05856686726709037 0.08642546165359277 0.05671122466890277
0.04808689015557355 0.05618611264467266 0.03015746056576396 0.8655695366339898
0.4410775791639262 0.1256268030953528 0.10033577939796945 0.33295983834275156
0.16213185113802142 0.336635122608544 0.38774657300088977 0.1134864532525448
0.12539821887989688 0.07279441935035313 0.08769641476922208 0.7141109470005279
0.05157257785097502 0.5890782379195886 0.29708764223639617 0.06226154199304024
0.03947795098312812 0.5210711468552767 0.16262558489950263 0.2768253172620926
0.18533743639459377 0.23716345392738325 0.4067853713936599 0.1707137382843631
0.473925822582807 0.0605068536768264 0.388406307105326 0.0771610166350406
0.06602164621214446 0.13929810333240966 0.6158229895625842 0.1788572608928617
0.16523994507294815 0.2598156712401771 0.3609015298760665 0.21404285381080823
0.1757641896273755 0.06321667957154564 0.47549820069874027 0.2855209301023386
0.22202651912787852 0.3251775952843097 0.08802331390048201 0.3647725716873298
0.1922777792216669 0.5030422605012611 0.23740390680998802 0.06727605346708398
0.26899016234746387 0.016603959677270574 0.07862601141855163 0.6357798665567139
0.028261147542906984 0.19021728155713058 0.15784085456092534 0.6236807163390371
0.01510207236413219 0.0436658306839125 0.04254937589520802 0.8986827210567473
0.07869942940859642 0.7137485337733855 0.054653765558716594 0.15289827125930144
0.13523440698517242 0.011447369943489938 0.3038916619281393 0.5494265611431983
0.16606219229918628 0.3463597274699606 0.27336156261106703 0.2142165176197861
0.043361858797965724 0.5626091014109258 0.1956213464512685 0.19840769333983999
0.34675211447222043 0.23527336283876266 0.2506894483080906 0.16728507438092632
0.043643974661290885 0.2296670961069056 0.5311322497477288 0.19555667948407474
0.5642740786663457 0.03693233128460571 0.2655271736761794 0.13326641637286918
0.03544928991315066 0.592078375434189 0.14237015220924343 0.23010218244341696
0.2367293999535902 0.20624926045333913 0.43113168528116297 0.12588965431190768
0.5334071334524604 0.02919234705188667 0.16061941626150023 0.2767811032341527
0.20623318273471114 0.47387641325373064 0.2848370822485099 0.03505332176304832
0.295917214787621 0.3931686504583565 0.2738691707377908 0.037044964016231696
0.5181254702508208 0.24591413372240545 0.013150637641159202 0.22280975838561456
0.3717812478949246 0.3955065704289846 0.14838394893773155 0.08432823273835921
0.7477668616209526 0.12466059056439405 0.046274984671820674 0.08129756314283265
0.21636258815742082 0.032370805149881 0.7099050061197814 0.04136160057291682
0.27325217611110164 0.506674099428388 0.06656006173354112 0.1535136627269692
0.06851670124446585 0.3611980013242334 0.029596664637520087 0.5406886327937807
0.0771441842035232 0.4459934512479665 0.4666254841752244 0.01023688037328585
0.10662336988183263 0.14966926026644434 0.5340391262637265 0.20966824358799652
0.15462013314913092 0.2795216670710404 0.37273481361886085 0.1931233861609678
0.07674838391545857 0.674605327536735 0.1508256994476167 0.09782058910018976
0.2006592579192613 0.46045773522549216 0.11146352718020591 0.22741947967504061
0.24913734216053152 0.15032306570180887 0.15540358794785814 0.4451360041898015
0.21185787848598392 0.3889282434893382 0.10230720548611705 0.29690667253856085
0.17408102283484006 0.6669818785827566 0.1250076354792493 0.033929463103154034
0.20796988171451258 0.023791370432999726 0.3990049711421222 0.3692337767103655
0.08649102197078118 0.7093948783867043 0.16738394428663717 0.036730155355877314
0.4138407275582775 0.2934421764043288 0.11217387153646241 0.1805432245009313
0.08320396459997825 0.6018165855215154 0.02998508473638173 0.2849943651421246
0.16447437009756782 0.4185852768990945 0.35704295552207577 0.05989739748126188
0.15860332704069646 0.2905197720973669 0.2252415771405425 0.32563532372139414
0.39970980700697123 0.03911621373114027 0.48067079966486137 0.08050317959702713
0.014042530782964135 0.024361729383851394 0.07579373278920432 0.8858020070439802
0.4363721251332012 0.17225289977573566 0.22769254838988562 0.1636824267011775
0.36242166711449064 0.09824572383945496 0.10817519696129163 0.43115741208476277
0.7219641488886522 0.20281548665694338 0.0037400105961965524 0.07148035385820783
0.3938187114217395 0.06804583710498313 0.5255512338089493 0.012584217664328046
0.3331955602651395 0.0936477235158597 0.4443673595951372 0.1287893566238636
0.11952024818869655 0.28295259632801273 0.5870361567539434 0.010490998729347334
0.384237420660842 0.035160492513123254 0.1716477669135663 0.40895431991246844
0.3563730836826636 0.09117195623700336 0.46280952594007974 0.08964543414025328
0.6444695689475489 0.23404467486565428 0.08634945816801398 0.03513629801878282
0.1039296511878981 0.20212808495644596 0.0971802695155396 0.5967619943401163
0.411640239775103 0.010791335812681102 0.5546638662137379 0.02290455819847803
0.6142621079689186 0.08605168196529978 0.15752283781264886 0.1421633722531328
0.050988396525263324 0.014748979906968107 0.0445909453032034 0.8896716782645652
0.12134416008913118 0.17149203728330675 0.6579411309106844 0.049222671716877664
0.4109163200546081 0.043702489618491325 0.32405683605213054 0.22132435427477004
0.7688098438265153 0.06282670483757569 0.1677327388740414 0.000630712461867633
0.5040848010136093 0.041137512927898245 0.021069788576651316 0.43370789748184113
0.11150083577660996 0.5065193899452476 0.12253714257925175 0.2594426316988907
0.7703637590907179 0.09344823176682704 0.11258828019560829 0.02359972894684681
0.1659492465083282 0.0789910474254103 0.1467196532654853 0.6083400528007762
0.014755308159439928 0.12389481679890435 0.3373552247309104 0.5239946503107453
1.7399161704956256e-05 0.07481728541621813 0.6230680502475291 0.3020972651745478
0.13566154879254644 0.14132438827730387 0.18690453266986984 0.5361095302602799
0.28996662309025767 0.5568567148644853 0.10804852965236367 0.04512813239289337
0.2856874913751274 0.09661385545241785 0.043325552318460026 0.5743731008539947
0.6196846027356608 0.10936999620363053 0.25723621407766795 0.013709186983040689
0.10999634864645236 0.513980657796051 0.02730820240419185 0.34871479115330484
0.2348421508510521 0.08698842261092266 0.23172830147112056 0.4464411250669047
0.1595487213961546 0.43110341784437556 0.40857251141588047 0.0007753493435893599
0.4653344305184711 0.09740953989578882 0.15892931862648363 0.27832671095925643
0.31024746062290176 0.06675028135744221 0.34366240490789 0.279339853111766
0.3402506988797521 0.334363321285014 0.29518598273073204 0.03019999710450183
0.19329990704618727 0.3805107219458195 0.02171141055606407 0.4044779604519292
0.1001888938786738 0.4899749769160886 0.17640431218928798 0.23343181701594962
0.19094332198202124 0.33670523458411183 0.20332615622953887 0.26902528720432806
0.16196661733921802 0.32012705526050644 0.34899031334651875 0.16891601405375678
0.4209944409176969 0.03972630753582873 0.27154845443511333 0.26773079711136105
0.12451298179499393 0.5517640212963875 0.15042961087181528 0.17329338603680333
0.6030190971309976 0.12178028213329861 0.24439739635661573 0.030803224379088112
0.2462163773061785 0.33938938229065796 0.3098221616432899 0.10457207875987362
0.015525113045989136 0.2402017311714375 0.49802112691036515 0.2462520288722082
0.1279380606813213 0.5588490349659675 0.31145414064187316 0.0017587637108380516
0.14588130975490177 0.6012231662805549 0.14282852461444462 0.11006699935009867
0.48640932730821973 0.0018995183956561634 0.3254185950518774 0.18627255924424668
0.2920493914490089 0.10563174114997553 0.2967939361431734 0.3055249312578422
0.2836073311095998 0.2790853782435393 0.2812121660552178 0.1560951245916431
0.11267459991411855 0.3363237929930494 0.0865023583580673 0.4644992487347648
0.20476029102875304 0.10715354166217139 0.45813036366685334 0.22995580364222223
0.5504378272456478 0.31410742961322624 0.06801613545424356 0.06743860768688237
0.317198354885053 0.42924925704914785 0.16714632408538066 0.0864060639804185
0.384166511591962 0.4286839138340576 0.18456716502389492 0.002582409550085485
0.6665647484427164 0.28599822410939946 0.03786703674731262 0.009569990700571518
0.04005981809542691 0.22384161129706148 0.6675729808475604 0.06852558975995116
0.28978213171014056 0.24211275853186776 0.41114081094957133 0.056964298808420355
0.5315793662383569 0.1399682566957493 0.171633712122383 0.15681866494351082
0.19961178538969204 0.577473401644458 0.20206673776939943 0.02084807519645049
0.10583492864672017 0.2775515785537399 0.4726249763045147 0.1439885164950252
0.32695267646997117 0.08038994994775306 0.2171371356106664 0.3755202379716094
0.38685171732002455 0.06114499250393701 0.43493705076354405 0.11706623941249439
0.5078579706042797 0.36753255208571867 0.11064041200550179 0.013969065304499817
0.5544097375119436 0.16313962544311011 0.16568680095261745 0.11676383609232888
0.09898831696612587 0.71425867238646 0.1818820427885487 0.004870967858865427
0.02835118673835746 0.13966692644747614 0.38220082197650596 0.44978106483766045
0.006793617404869723 0.29029269407541247 0.5365845548138263 0.16632913370589153
0.41210749272654457 0.04503822292800186 0.25497555163826313 0.28787873270719044
0.3238919500822637 0.27967983514740025 0.3704913599980456 0.025936854772290463
0.26990796854254917 0.10694400049597153 0.0870026429904518 0.5361453879710275
0.19545098526594817 0.039161243772490306 0.6370240086285632 0.1283637623329983
0.6391978162247359 0.030351090031653705 0.13622856902747693 0.19422252471613344
0.10577361590930145 0.4832032577584826 0.303201310283033 0.10782181604918295
0.3189331102477385 0.04351858458982516 0.36633238107088495 0.2712159240915514
0.4627977712551604 0.05112508848084185 0.4675751084022334 0.018502031861764356
0.18685991363345922 0.4870816948783021 0.21238700963419432 0.11367138185404435
0.10889985110763467 0.317528281691975 0.13174912101094527 0.44182274618944506
0.3979178508498027 0.16028242908705748 0.1303421746255411 0.31145754543759874
0.050275794856177836 0.49436508337462615 0.4487829038872905 0.006576217881905544
0.26181943801427066 0.061072062967367335 0.49418976092596145 0.18291873809240056
0.26479892593667465 0.13642312205350982 0.555645969579832 0.043131982429983506
0.013954361609469945 0.4568471540505964 0.16153967890450727 0.3676588054354264
0.07638891277377102 0.12284738753040414 0.16545189515916214 0.6353118045366627
0.11397499163351588 0.03199067274594214 0.5381339091451077 0.31590042647543426
0.06359741341205227 0.09473594686741504 0.38392657998295554 0.45774005973757714
0.388535598919475 0.20521569623204383 0.1061197077220134 0.3001289971264678
0.3660508974164358 0.4255216471684631 0.04233767323664139 0.1660897821784597
0.8088735831398997 0.13168753184888238 0.058764030609847695 0.0006748544013702729
