2 80 4 205.174915197856 410.34983039571205
4.923954119278034 1.2333360864510219 5.946962300908382 4.917901533564492 4.783310218787401 3.9730133890348673 2.8418377063405824 6.573438697155973 3.6968920630707083 3.4014454759258 6.590204494923654 5.762278848493351 2.211219508104402 5.622203091391718 2.6599587908222375 8.068016330350062 8.6857776337554 5.448131536437351 8.619053368217212 1.7168092930815488 5.547214811095335 1.5875785394819029 4.853100948376505 1.8687782409455131 2.144439745311497 6.370707780807362 3.0341080054381226 1.9625111587898467 2.9827558636350373 4.1484365650296935 5.210087361240702 2.815689036384688 6.763660526934233 5.347628519965765 5.547130480166942 4.482033860067034 8.142737089974194 6.22003760990026 2.4606873865208247 7.306771119464406 9.680959720803296 5.500075250531951 9.005680575515305 4.074522874039987 6.104297148649383 4.84791366966499 4.930725367241191 7.9890326649739025 5.820437561478907 9.5836800425038 5.897873441332919 1.7388543004752233 4.297081615075184 8.657654536040514 4.656475387431557 1.2448212930536462 3.22459515097618 1.6042993366325922 9.944668102791455 9.735222820394561 8.202325160193281 6.416354092649207 7.884638744065134 2.5230290192576015 3.637209086374958 5.716601877703278 4.20961853010483 1.4111106872086006 9.848381008214915 4.972194274193621 5.536003954412374 3.9118718578122893 3.3377027747242334 4.482008967886862 8.488152096710508 7.630723506584016 4.412895102474737 1.1171560302509556 8.176644451293342 3.4244991783667107
0.9847908238556068 0.24666721729020438 1.1893924601816763 0.9835803067128983 0.9566620437574802 0.7946026778069735 0.5683675412681165 1.3146877394311947 0.7393784126141416 0.68028909518516 1.3180408989847308 1.1524557696986704 0.4422439016208804 1.1244406182783435 0.5319917581644475 1.6136032660700124 1.73715552675108 1.0896263072874701 1.7238106736434424 0.34336185861630975 1.1094429622190671 0.31751570789638056 0.970620189675301 0.3737556481891026 0.42888794906229943 1.2741415561614724 0.6068216010876245 0.39250223175796933 0.5965511727270074 0.8296873130059387 1.0420174722481403 0.5631378072769376 1.3527321053868466 1.069525703993153 1.1094260960333884 0.8964067720134068 1.6285474179948387 1.244007521980052 0.49213747730416496 1.4613542238928812 1.9361919441606592 1.1000150501063901 1.801136115103061 0.8149045748079974 1.2208594297298767 0.9695827339329981 0.9861450734482382 1.5978065329947806 1.1640875122957814 1.91673600850076 1.1795746882665838 0.34777086009504465 0.8594163230150368 1.7315309072081029 0.9312950774863115 0.24896425861072924 0.644919030195236 0.32085986732651844 1.988933620558291 1.9470445640789122 1.6404650320386562 1.2832708185298414 1.5769277488130267 0.5046058038515203 0.7274418172749917 1.1433203755406556 0.841923706020966 0.2822221374417201 1.969676201642983 0.9944388548387242 1.1072007908824748 0.7823743715624578 0.6675405549448467 0.8964017935773724 1.6976304193421015 1.5261447013168032 0.8825790204949474 0.22343120605019112 1.6353288902586685 0.6848998356733421
0.49707379873451263 0.08561108979452192 0.07951713073929123 0.3377979807316742
0.3132585284297136 0.0376133728719269 0.6220387885731844 0.027089310125175126
0.21463574639995364 0.4292061877482414 0.09455782447270533 0.26160024137909965
0.1704771334837707 0.6075310263246976 0.09090846662361052 0.1310833735679212
0.2208379150614619 0.37124666260491446 0.20650107643270454 0.2014143459009191
0.26377852928001977 0.15595693202680094 0.1887066964982289 0.3915578421949504
0.5479077800903767 0.04334957256316918 0.03230583190858494 0.3764368154378692
0.010250039399590904 0.10033310839657017 0.13522801610796964 0.7541888360958693
0.09528805226080372 0.11963633186989153 0.08024792108904721 0.7048276947802575
0.04886808622935135 0.42254177124032766 0.3737032581050226 0.1548868844252984
0.6433114272482352 0.09844361163521376 0.12839085448555254 0.1298541066309985
0.08756250900112283 0.14201151974322235 0.5693114827602844 0.2011144884953704
0.043501186059715646 0.008721541324444582 0.3049122063154005 0.6428650663004393
0.6196414637099646 0.04878558230609309 0.20783940568810133 0.12373354829584093
0.42536729190538647 0.02264742461870317 0.16723985694018662 0.38474542653572374
0.042429191882546125 0.4077979877348271 0.05739030705458814 0.4923825133280386
0.33187371253987585 0.17090503996934558 0.27480915579631215 0.2224120916944664
0.4144600551329115 0.030110886617797705 0.3038030575903271 0.2516260006589637
0.008448363578819729 0.6535194268608879 0.2784827031023809 0.05954950645791146
0.2008423437754454 0.7158722681824371 0.009186984550616728 0.07409840349150076
0.21882078632937274 0.19901545767334305 0.08338020768437115 0.49878354831291305
0.8423330461034713 0.0342288223198558 0.0645540052102952 0.05888412636637774
0.13139460547944382 0.07710788904607868 0.5838277247807354 0.2076697806937421
0.5691405320556354 0.16153966847048018 0.10248104420786064 0.16683875526602376
0.04312903635336274 0.3919546135054649 0.4455384163068531 0.11937793383431927
0.33074702616940477 0.2955969330316216 0.08666333434595463 0.286992706453019
0.38079258371620806 0.006107759296160142 0.5498807292218177 0.06321892776581406
0.2594804044042771 0.5221790212618043 0.19882565333269708 0.01951492100122154
0.120039792177414 0.34169911257911767 0.3285048978375136 0.20975619740595475
0.1757241932567306 0.023174898572768554 0.3374443812665694 0.46365652690393144
0.17559907090882187 0.46621269272000976 0.07391882414213358 0.2842694122290348
0.08778755488499446 0.5651193958162201 0.23235672370927463 0.11473632558951086
0.18115022940864645 0.14260035284750006 0.28517956667824507 0.39106985106560843
0.6941525454251833 0.18111626437947925 0.11968145016313059 0.0050497400322068176
0.0734983847144366 0.27971550707108195 0.49904903481203267 0.1477370734024488
0.4893012881271256 0.03733713572570774 0.36652776271421006 0.10683381343295661
0.015056134248370046 0.01409318359914169 0.37348860528563566 0.5973620768668526
0.09587331469277216 0.6331274871287048 0.21341981057566617 0.05757938760285686
0.25128292170720934 0.6520132287818061 0.06381698102328082 0.032886868487703724
0.3373682942964583 0.16563847923786823 0.19032705505489633 0.3066661714107771
0.04348969793627744 0.3140285344189546 0.5856524903119762 0.05682927733279175
0.1706855260340261 0.03196352531369773 0.050899215877199144 0.746451732775077
0.06966059041244543 0.028299805473813167 0.10813723928432506 0.7939023648294163
0.28026828777019874 0.043260227049845446 0.09113974228659272 0.5853317428933631
0.3115294033429846 0.07484632175157624 0.30287614968298315 0.310748125222456
0.5231693261751952 0.31795362184471276 0.08866747504525474 0.07020957693483731
0.0024824262680964715 0.24251171214607325 0.692918980650434 0.06208688093539627
0.03285393822844762 0.2735107333615596 0.3720568382318754 0.32157849017811735
0.4285402814602093 0.27696274344659044 0.19834313996808683 0.09615383512511344
0.06280543805583938 0.31257599919791046 0.3378105233483062 0.28680803939794397
0.09609070017703092 0.23049760104020856 0.0008058824293013522 0.6726058163534592
0.26662589262979464 0.03398589122857165 0.3936273350943942 0.30576088104723953
0.24873428889263027 0.3240779988727265 0.3031277846586745 0.12405992757596873
0.09163641211230289 0.12866524300734805 0.31915943945467573 0.46053890542567333
0.30075307000335416 0.2320878174924924 0.2533876292557069 0.21377148324844653
0.034275479609645165 0.2836230105856985 0.43028653747333223 0.2518149723313241
0.3724205151363791 0.01455070988658913 0.21479249507125286 0.3982362799057789
0.4840535743546751 0.09265608609827614 0.16216118876472008 0.2611291507823287
0.09855000940345082 0.12545130860925136 0.33942471808893504 0.4365739638983628
0.5316683919455354 0.11166006735033718 0.3180617378798005 0.03860980282432691
0.36840323003201225 0.17798573993227895 0.017718841919674877 0.4358921881160339
0.06115376859333066 0.27656585211282625 0.2090943024154186 0.4531860768784245
0.15594451246101437 0.2781648344244516 0.2640900076848871 0.3018006454296469
0.37123509889437645 0.0815825322877004 0.2007942202309293 0.34638814858699385
0.003335444799077214 0.06237523125990452 0.8855830782208278 0.048706245720190444
0.4351226187451721 0.1348540332473781 0.015578797885028361 0.41444455012242143
0.44646810833355155 0.1296862457225173 0.4059243548306193 0.017921291113311866
0.5792019600682361 0.014538410127379886 0.042823047988965635 0.3634365818154184
0.5918790685357836 0.1790989051255275 0.14251751675196866 0.08650450958672018
0.051057148754760195 0.3146034153941054 0.33096055166232907 0.3033788841888053
0.26658984055727786 0.029615113255252234 0.6278102378614223 0.07598480832604759
0.16805312059048538 0.24627782677573729 0.009875371099917873 0.5757936815338595
0.07232532311351159 0.12469493594621628 0.2266286773785654 0.5763510635617067
0.2387654951164666 0.06715165578028726 0.140367816557058 0.5537150325461881
0.24056424441156266 0.40720523348277937 0.1647482215279258 0.18748230057773219
0.10274927548709478 0.403505559852239 0.42348224879973284 0.07026291586093336
0.2429590901039319 0.04749918095913486 0.10695205821136267 0.6025896707255706
0.49526216245887733 0.20690010349088117 0.11310805028511106 0.18472968376513044
0.10148815654607135 0.03547419194068524 0.213143028939339 0.6498946225739044
0.47286841209022545 0.36331731560771086 0.10278315627253432 0.061031116029529375
0.025550941849692754 0.3619724840235887 0.027382411501405746 0.5850941626253128
0.04179770981531006 0.0709785054227614 0.4382016900863478 0.44902209467558074
0.4167534401953371 0.24075894746370685 0.003968939056397391 0.33851867328455865
0.133954208171691 0.6148236701051635 0.13287435747169407 0.11834776425145144
0.34623790945514643 0.19710732112875629 0.3751134160056978 0.08154135341039948
0.5401915156671309 0.2860583127670271 0.08766564873097404 0.086084522834868
0.17671216158442604 0.3125540054104331 0.210254452795689 0.30047938020945186
0.1866271455864802 0.08743210694957348 0.3553004702935285 0.3706402771704178
0.18728654470189776 0.09646926276335688 0.0018479264456476852 0.7143962660890977
0.23211825143616394 0.3173785696522441 0.4390128796957563 0.011490299215835664
0.1614665628916767 0.05593586341334922 0.4356180869260752 0.3469794867688989
0.03058948319431931 0.0006580790709422857 0.6733799368551976 0.2953725008795408
0.06566366620637754 0.32948709226112627 0.19463123300426 0.4102180085282362
0.1980271118161696 0.09239963111881877 0.141962352509859 0.5676109045551526
0.20704983825331424 0.23752442651044348 0.5090856976185649 0.046340037617677354
0.16441908617012002 0.3613141636408379 0.18223792080796286 0.2920288293810792
0.4814581623460332 0.29564483712361145 0.1796445938376029 0.04325240669275243
0.7157470842863543 0.13293742998096914 0.009155004172190506 0.1421604815604861
0.025201423670748957 0.07693652456044453 0.18112079558992733 0.7167412561788792
0.3883341821147591 0.18194002763595996 0.13199003106900586 0.29773575918027506
0.004663522735049885 0.501423310777589 0.057289276826396285 0.4366238896609649
0.6775848402279094 0.13843431169648457 0.11014213500052594 0.07383871307508005
0.346630014990264 0.0023716256935953917 0.518379896472664 0.13261846284347656
0.205793676950072 0.597620487209377 0.0017173760962525542 0.19486845974429845
0.10718740423157991 0.1136938176291642 0.4988063158636672 0.2803124622755887
0.2286102518330989 0.18586899769229026 0.3553804074673128 0.23014034300729802
0.1783098277777202 0.46414259112507206 0.2126672419013983 0.14488033919580945
0.24625358896778982 0.2259549984480116 0.22019065846542962 0.30760075411876897
0.12578138255308757 0.6365538616709713 0.07656735033494178 0.16109740544099937
0.07923817070079964 0.21727458009382938 0.13307586826178475 0.5704113809435862
0.0873791787897964 0.014365632173585663 0.6115767511940285 0.2866784378425894
0.4777363530063754 0.0812144416909013 0.4241875663457956 0.016861638956927716
0.5144020604712206 0.3188104296513836 0.1556496031971023 0.011137906680293463
0.7336697980969766 0.0924810213428201 0.1253593289059356 0.04848985165426767
0.16477862322429637 0.45860609107154227 0.01755392548302559 0.3590613602211358
0.260720019719452 0.20272923643412044 0.36144122505310694 0.1751095187933206
0.37289288401172616 0.06377699571530382 0.4562360033516858 0.10709411692128423
0.1261601086290215 0.07080421172101703 0.17430685131785784 0.6287288283321036
0.287635258215888 0.380464077409303 0.21313596149604053 0.1187647028787685
0.3780024086485555 0.15609929142478174 0.4179090050096639 0.04798929491699888
0.009450374137899287 0.23810050148464124 0.3093092906207128 0.4431398337567467
0.06290154018084104 0.19132514996969574 0.09075326952665441 0.6550200403228088
0.4642123499590466 0.03251515235506852 0.43842606103737325 0.06484643664851164
0.11710503569658959 0.09449254771955018 0.07974013501684252 0.7086622815670177
0.6110893003188685 0.033436889055588837 0.23577276678303938 0.11970104384250324
0.3250568036101299 0.5231446053861739 0.10608722756002387 0.045711363443672326
0.134426759823139 0.357692340407488 0.012942820346514061 0.49493807942285895
0.3327599576169492 0.44303795360459974 0.009999951300180054 0.214202137478271
0.09846862942141765 0.5305408277471427 0.1933030114491855 0.17768753138225413
0.1947943284958592 0.11381459764435553 0.5045727900396783 0.186818283820107
0.162183447643939 0.05810643896388201 0.7440769496979275 0.03563316369425151
0.13976349904776564 0.45725304982348913 0.20615932358682199 0.19682412754192324
0.018758146770764816 0.24668532480790428 0.024232019083347156 0.7103245093379837
0.3412099591542521 0.15415204365007362 0.06749539611139443 0.4371426010842798
0.5114487253382032 0.29488648907231385 0.006170367081696493 0.18749441850778648
0.15406612089950988 0.23080377632277305 0.18713891574470287 0.4279911870330142
0.8362491954172746 0.0732807145741875 0.0024888674508369846 0.08798122255770091
0.027744297986087574 0.8336564985962432 0.0971132700133529 0.04148593340431628
0.7407019109377186 0.20048058474975283 0.022260545157101408 0.036556959155427116
0.044766962053024884 0.49855167587998117 0.013650094733652418 0.4430312673333415
0.20797501638302762 0.4713509971981932 0.06503487574722155 0.25563911067155765
0.37277142561922716 0.10321731526002742 0.18664645975562666 0.33736479936511876
0.43509242639066503 0.19069619373877866 0.3480790013277303 0.026132378542826018
0.8550999869224472 0.02418696849470725 0.06111059476745895 0.05960244981538665
0.15493551669335204 0.16234784079769526 0.6075048787856706 0.07521176372328209
0.5241313450448837 0.388545807469326 0.02145959618007165 0.06586325130571868
0.18518019414953268 0.5772503641531874 0.2360727021083836 0.0014967395888962898
0.18524397491309819 0.35623266408040233 0.11276529563758309 0.3457580653689164
0.08905019629775435 0.36057480875999115 0.2593661672358324 0.2910088277064221
0.38763904916671943 0.16514091096472516 0.11086129748780693 0.3363587423807485
0.203876080671906 0.6379915519200936 0.13671595500830347 0.021416412399696938
0.7442558911563787 0.028930678273832222 0.07090551973866588 0.1559079108311232
0.14074135541701693 0.6781741859752718 0.027192170359881862 0.1538922882478294
0.23326435882255137 0.4599088941804258 0.016188680480846873 0.29063806651617596
0.013903825184684027 0.05002127089531072 0.0762590870873926 0.8598158168326127
0.4633097744431629 0.010995341311586526 0.3766269330740558 0.14906795117119476
0.003573433465069109 0.30582384707316856 0.6442942683749977 0.046308451086764624
0.19809562814943382 0.5021021189983178 0.053189082194331494 0.24661317065791688
0.08725561520610292 0.3401218542118516 0.03209459327332409 0.5405279373087214
0.16894755841793907 0.13737566708442095 0.31858917265856523 0.37508760183907475
