73 30 4 79.35117303360815 158.7023460672163
6.784209242074711 5.8475883787205225 5.607081842127671 6.4923150440169675 5.436900852500726 2.9301579801229165 3.1958201735882303 6.148850733805577 7.953657973525533 3.7956515670833118 4.636748569533076 6.371200430553265 3.1729129019075537 9.15147857290514 2.432906515080644 6.297973081115854 3.357744097697101 8.887057483332718 9.27167887672417 1.9447561439808703 9.736129984740348 1.3908462171335594 1.3063946619725009 5.7932278444698735 1.2470909081220127 4.037473074411531 2.7400236164026595 3.418120147405719 9.791859110386449 9.524490041775131
1.3568418484149423 1.1695176757441046 1.121416368425534 1.2984630088033935 1.0873801705001451 0.5860315960245833 0.639164034717646 1.2297701467611153 1.5907315947051066 0.7591303134166624 0.9273497139066151 1.274240086110653 0.6345825803815107 1.830295714581028 0.4865813030161288 1.2595946162231708 0.6715488195394201 1.7774114966665437 1.854335775344834 0.38895122879617405 1.9472259969480696 0.2781692434267119 0.2612789323945002 1.1586455688939747 0.24941818162440255 0.8074946148823061 0.5480047232805318 0.6836240294811438 1.9583718220772899 1.9048980083550262
0.05543144991224069 0.5813539729293906 0.18310007966035413 0.18011449749801456
0.08141217779739984 0.040029900726522905 0.3859959923894395 0.49256192908663776
0.11804084940184179 0.20081412831474776 0.4143411024229404 0.26680391986047003
0.26572512096520795 0.15820985715822822 0.18394412055883036 0.3921209013177335
0.05119318231690495 0.6372930643527126 0.2754950142076257 0.03601873912275677
0.254707259276582 0.5382997422984328 0.016188657631672876 0.19080434079331232
0.19557938962252908 0.12195819739314717 0.6103527874878736 0.07210962549645017
0.7439339624271899 0.0468918294371089 0.09036150503513185 0.11881270310056935
0.2604991281424236 0.09468924944745016 0.6344263639611414 0.010385258448984858
0.3862883675348572 0.18787754276621926 0.03974480222641097 0.3860892874725126
0.4060569461544311 0.05766918239732155 0.05832937693025664 0.4779444945179907
0.19509332030033533 0.23374761646783138 0.5546092188226849 0.016549844409148418
0.09468353954456954 0.2225697065407336 0.41281100540887194 0.2699357485058249
0.17306263880791795 0.028855713592352727 0.41592855867684886 0.38215308892288047
0.03894517361040728 0.5680362650997494 0.2764627403254012 0.11655582096444217
0.0083911140733115 0.22642660627287392 0.47496934081634745 0.2902129388374671
0.21539042374332962 0.17461313507985188 0.3449670471400723 0.2650293940367462
0.26599117574836584 0.1361850494550496 0.5160027942312582 0.08182098056532638
0.06989213647339398 0.36570515441077556 0.18715693460052063 0.37724577451530983
0.6612157304437016 0.26591100743347895 0.05909589752048783 0.013777364602331588
0.050388157099736985 0.0029530435446162295 0.8409257775457046 0.10573302180994215
0.2429170049359306 0.1681151040444081 0.5472423653186089 0.04172552570105237
0.025660744281820747 0.23658470794119935 0.36709831748435373 0.3706562302926262
0.06800329621473367 0.057372419881609016 0.28350731234654136 0.591116971557116
0.22071885663976365 0.6088374292279712 0.10768704912594618 0.06275666500631893
0.3994436597484484 0.04082274992899593 0.5587893679278695 0.0009442223946861672
0.3324339083978578 0.27236972860132436 0.018761404813508076 0.37643495818730976
0.08946742589913692 0.08982062006673719 0.24520335803926774 0.5755085959948582
0.14383721873173638 0.31733469439664075 0.25900414330370924 0.2798239435679136
0.017365529185428552 0.017678545047968397 0.8941785270300938 0.07077739873650923
0.6027758763955355 0.05244915967463937 0.03393581796632106 0.31083914596350404
0.21287122555364413 0.14413631643459868 0.11959068096245684 0.5234017770493004
0.04210896216510707 0.6890339769761329 0.10762020804347017 0.16123685281528988
0.07715848916020318 0.5092531202960765 0.04822698517450774 0.3653614053692126
0.005555746492820868 0.580367819741534 0.3120431077304573 0.10203332603518789
0.1617884923065095 0.3391072102150353 0.1636936062439721 0.3354106912344831
0.5028851504045163 0.1706798567648321 0.11641594764061702 0.21001904519003456
0.14598283284433045 0.287586898044358 0.13851377669318743 0.42791649241812413
0.40586133201354613 0.012388063887000755 0.115685442135955 0.4660651619634981
0.027144711547194667 0.24901461793897484 0.6367966938809158 0.08704397663291474
0.57275600668246 0.16660853846384027 0.24135079987744568 0.01928465497625409
0.000594813859835952 0.2101772053751777 0.7554581909828333 0.03376978978215306
0.17286194325168658 0.05008936561983934 0.25429507626056136 0.5227536148679127
0.1344763453475052 0.22495024297116617 0.08234745515885644 0.5582259565224722
0.07112524770513029 0.008684124608008381 0.20793472843097593 0.7122558992558854
0.26745340860399325 0.0783152659695665 0.25830811366554607 0.3959232117608942
0.044564840121712246 0.021435134297063563 0.41218556529541905 0.5218144602858051
0.11016116033092482 0.46583296867697344 0.20667048211779127 0.21733538887431048
0.4130406797872067 0.35694038723740207 0.21740937379169656 0.012609559183694663
0.12971129607578213 0.07936525022840835 0.7043370243314342 0.08658642936437533
0.1056614632872217 0.39251849501662583 0.30173763967147593 0.20008240202467653
0.060855435763612964 0.05457584175114605 0.21175132369972094 0.67281739878552
0.25798859718263834 0.13629911134325579 0.1336191047400772 0.47209318673402867
0.16974686911639603 0.6595897827089218 0.09011385106115655 0.08054949711352566
0.32354371150032024 0.028954408351229644 0.336385834093589 0.3111160460548611
0.17273540938575316 0.4970944991928229 0.21843950133777645 0.1117305900836475
0.11653453008727643 0.24659666614092912 0.294593434325194 0.3422753694466004
0.25000745638437327 0.14357424072745295 0.44424278415367924 0.16217551873449454
0.004949531477747349 0.23967934695146176 0.1272701067687373 0.6281010148020536
0.3599995151031996 0.05966593043377999 0.16833360332638336 0.41200095113663704
