9 10 4 16.69410036206708 33.388200724134165
1.0933673849712995 5.516871329338649 5.461959638207315 2.2044657606334894 2.278999769090847 2.9670280806347042 4.766573624594072 3.232910515722032 1.7565368604881506 4.109487760453601
0.2186734769942599 1.1033742658677297 1.0923919276414629 0.4408931521266979 0.45579995381816935 0.5934056161269409 0.9533147249188143 0.6465821031444065 0.35130737209763013 0.8218975520907202
0.16677634653232143 0.5323310448664396 0.2518566402279555 0.0490359683732835
0.3864771696146654 0.16136061343181618 0.350169335178668 0.10199288177485044
0.8248704645005481 0.11565394502610793 0.04283483869767646 0.016640751775667484
0.5210847114597973 0.1284557517006789 0.32130554892974894 0.02915398790977486
0.2431156753134085 0.10378627846211119 0.559375323147988 0.09372272307649232
0.4779740135383469 0.1325637273097825 0.25987055557840166 0.12959170357346894
0.6471167135451114 0.040557379647563785 0.23752598407843228 0.07479992272889258
0.03857092316235833 0.42312673930833866 0.3328502245078424 0.2054521130214606
0.1387386997795519 0.3457597553732502 0.31665797654288386 0.19884356830431404
0.3428052291614103 0.0323175333343636 0.5343534467624763 0.09052379074174977
0.038748375832319826 0.5340114397370894 0.3057992699632498 0.12144091446734095
0.6668989729196366 0.0275397048448216 0.007988746303597027 0.29757257593194475
0.1696362575837671 0.29603221778349875 0.3380712946450519 0.19626022998768222
0.18554168693446071 0.675290236291236 0.08468549375054402 0.0544825830237593
0.46353471398405754 0.2947432728125913 0.11512285630447594 0.12659915689887524
0.18735864706142158 0.2481968177049242 0.06072625290484124 0.503718282328813
0.03945481767426706 0.5985991670431179 0.06547518908400318 0.29647082619861187
0.053059424485393025 0.1095466220746878 0.006925367647796055 0.8304685857921231
0.2667743770719413 0.08614257616074061 0.34481943189109565 0.30226361487622244
0.022866949969676864 0.17676637867854783 0.24447896639582178 0.5558877049559535
