85 10 4 27.51738738250822 55.03477476501644
6.583364330979304 5.580577617808663 3.6842035758285583 6.884188411533362 3.4615588091703993 5.708134705150308 4.359247678893491 4.323507342159129 7.612242412685536 6.837749880807694
1.3166728661958609 1.1161155235617326 0.7368407151657117 1.3768376823066724 0.6923117618340798 1.1416269410300617 0.8718495357786982 0.8647014684318257 1.5224484825371072 1.3675499761615388
0.2089011155551913 0.19665163815187114 0.5202439804717589 0.07420326582117864
0.28344035137768553 0.05413103547313136 0.05937548600614162 0.6030531271430415
0.36749219960723123 0.35169691103875733 0.11601419523860956 0.16479669411540188
0.22372452950629262 0.31293463130601906 0.06193298134426939 0.4014078578434189
0.23957974145679806 0.018712922960815948 0.15402744165867355 0.5876798939237124
0.4196324025516578 0.10451707058456972 0.4654369971279243 0.010413529735848193
0.00163988114286151 0.6218019405507625 0.35471923161347607 0.021838946692899874
0.6985688052002195 0.11928015775645906 0.046977406586864334 0.13517363045645714
0.6816976657513556 0.1412629806184318 0.05968639665067399 0.11735295697953863
0.37457063867703355 0.234864654642164 0.30248749137478514 0.08807721530601731
0.21378726265746117 0.013360880847439915 0.6565325968958649 0.11631925959923406
0.01173726480279269 0.4413915742120662 0.23601347113799864 0.31085768984714246
0.18296085048042976 0.13282763511881313 0.18920137075122634 0.4950101436495308
0.03160998225835787 0.5946629086501866 0.14982204821349154 0.22390506087796402
0.09376532194332521 0.21349194013477724 0.3138153106460815 0.3789274272758161
0.10036909757312329 0.1195149750861424 0.6468678884522373 0.133248038888497
0.31177842550939094 0.29195231867981797 0.06700140269721444 0.32926785311357665
0.07962356800939752 0.6192509202274911 0.25562549440417703 0.045500017358934386
0.0896839695388787 0.10312519655922547 0.3521769127229195 0.4550139211789763
0.13752093335118898 0.08414068778354888 0.6395026392923939 0.1388357395728682
