98 30 4 87.078166064008 174.15633212801603
7.590405232619667 6.104701139057963 3.7110150104499366 8.025246329299044 5.480868500871566 2.070191679483405 4.497035705045832 4.551785114854081 4.037730204099488 1.7429568007729768 4.286779798193269 4.680022589282124 9.399381959138886 3.6279303900661364 8.547772403644824 9.90296201688082 4.737467736621657 7.27380482711425 9.639364446381862 4.950879470247678 7.178357817917793 3.67436668048583 9.801298347940119 7.239894909475216 1.2860812607833494 2.1796979850455074 3.378734486544958 8.982226212096265 8.725144495140956 6.852228578460476
1.5180810465239334 1.2209402278115926 0.7422030020899874 1.6050492658598088 1.096173700174313 0.414038335896681 0.8994071410091664 0.9103570229708161 0.8075460408198977 0.34859136015459535 0.8573559596386537 0.9360045178564247 1.8798763918277772 0.7255860780132273 1.7095544807289649 1.9805924033761642 0.9474935473243313 1.45476096542285 1.9278728892763723 0.9901758940495355 1.4356715635835586 0.734873336097166 1.9602596695880237 1.447978981895043 0.2572162521566699 0.43593959700910145 0.6757468973089915 1.796445242419253 1.7450288990281912 1.3704457156920953
0.17634564862286373 0.3446357733941513 0.296220040333926 0.18279853764905896
0.1670825549063364 0.3533542264517976 0.4642857895770799 0.01527742906478613
0.0781016080769481 0.3478912496793145 0.012499842693639573 0.5615072995500978
0.20300539841843457 0.28773886261851933 0.3456375237859751 0.16361821517707098
0.0943050581156234 0.18490203400686067 0.4491522398888025 0.27164066798871345
0.2058674863916249 0.04932733615681295 0.23359963101275993 0.5112055464388022
0.32790395719988497 0.107604450340548 0.22715934259705528 0.33733224986251176
0.01023352181505266 0.16254475819608805 0.19546806202097766 0.6317536579678816
0.7306328034364385 0.00043159348375332307 0.07154809485882896 0.19738750822097917
0.2880724696864979 0.25735652205778936 0.12854754239057564 0.3260234658651371
0.2896339387832947 0.37464281878461203 0.29345854625905365 0.04226469617303963
0.6357292533673928 0.06344590616471679 0.24121654573673457 0.05960829473115581
0.0427633648137824 0.23046801997306798 0.5228297284438974 0.2039388867692522
0.3498188463132714 0.26358303417677365 0.31969278452570826 0.06690533498424667
0.20063737373875867 0.02831957268257168 0.637414310850504 0.1336287427281656
0.3704689031810635 0.1345284636460845 0.27555511999689397 0.219447513175958
0.5472153295779116 0.38962234054108913 0.057113238852390724 0.006049091028608511
0.3626088505469184 0.3185259595965628 0.013452175628126395 0.3054130142283924
0.3828038940567692 0.35694175410828344 0.12915703799391076 0.13109731384103662
0.390451597676598 0.034887301634933254 0.01694084222477088 0.5577202584636979
0.3235644111241729 0.17290911009800258 0.25883396069711695 0.24469251808070758
0.3145793776624721 0.23389685471800692 0.28231434175811077 0.1692094258614102
0.23358107308217702 0.6844460245612767 0.05474433776330234 0.027228564593243965
0.15060210915009675 0.029006199540690947 0.0894738511772728 0.7309178401319395
0.07443633417959661 0.6170340203387716 0.21826556986490542 0.09026407561672634
0.024307963183221593 0.4017333276275046 0.054770535984195456 0.5191881732050784
0.10027629812598515 0.005083030594255189 0.061388160404271086 0.8332525108754886
0.1737821036325754 0.05197496628788312 0.4131531086902921 0.3610898213892494
0.4982733459085368 0.05544252278053796 0.030445752831853024 0.41583837847907223
0.1004892828369296 0.021044351833361508 0.02281756360922016 0.8556488017204887
0.5484445253886466 0.054497329261546934 0.36666781552850236 0.030390329821304074
0.46925749686134743 0.24874934093824774 0.08247781551464073 0.1995153466857641
0.017684819319607414 0.04891376165918282 0.09898187964709049 0.8344195393741193
0.005425214678843604 0.32760061890377445 0.274834552468201 0.39213961394918095
0.03373802981403817 0.15714241310126653 0.1689381312936421 0.6401814257910532
0.03714533081900473 0.31894317534415084 0.015235065481338683 0.6286764283555057
0.2976113865441641 0.07239866975026321 0.08164864252268 0.5483413011828927
0.31972254626518803 0.25328721805876897 0.11756099657571939 0.3094292391003236
0.14895601789565283 0.038465674070969236 0.532627881002756 0.2799504270306219
0.14751038745261136 0.252976650607186 0.591794313428226 0.007718648511976678
0.2714394582665707 0.05572089210026132 0.5611503221347116 0.11168932749845639
0.10090135941410894 0.1621164177258657 0.14040723204758043 0.5965749908124449
0.1511616189850974 0.06334658454900421 0.7742977375244959 0.011194058941402463
0.3398934069949847 0.11795333852156709 0.052260429328269464 0.48989282515517873
0.06294368230891956 0.03510939359287468 0.8034926136868505 0.09845431041135522
0.23983481495602754 0.34388187105848944 0.11044683696484137 0.30583647702064165
0.7299986203717587 0.04743008684221617 0.21314835566322876 0.009422937122796404
0.26071119479551286 0.17079906863164207 0.23991093090792848 0.3285788056649166
0.396013699575251 0.22938844373135836 0.04383250631618507 0.33076535037720556
0.16496278596370306 0.4451546358241032 0.24836010444134604 0.1415224737708477
0.3731388293651755 0.09490601077874083 0.2578606635489561 0.27409449630712757
0.0725902467246976 0.00830861530861593 0.4870762938247172 0.4320248441419693
0.10167787200467715 0.11905831785322762 0.39555595654758413 0.3837078535945111
0.3848015289736254 0.04601109951567306 0.12164821102904633 0.4475391604816552
0.08582452199506507 0.2899195300839994 0.3810992898620372 0.2431566580588983
0.16296828013020126 0.2548691452720093 0.1277699993982977 0.4543925751994917
0.03730877024504464 0.08403399049197369 0.5508948886913052 0.32776235057167646
0.3143022216682517 0.15203304249952332 0.32197347312647995 0.211691262705745
0.8816405582248337 0.06437023054264746 0.0239445322212839 0.030044679011234976
0.08246383662589551 0.36495081898856796 0.1349941815695922 0.41759116281594433
