34 10 4 22.004414327092743 44.00882865418548
1.3470551279326868 8.020904144722074 1.8343337980071999 6.6960341783602955 1.1250176348819683 9.42542682476431 4.839169435619801 3.2777780568231716 2.7096877566430293 4.733421696430943
0.26941102558653734 1.6041808289444148 0.36686675960144 1.339206835672059 0.22500352697639364 1.885085364952862 0.9678338871239601 0.6555556113646344 0.5419375513286059 0.9466843392861886
0.013420609739402511 0.794572209142243 0.0613759270673887 0.13063125405096576
0.27168333373830145 0.010858026190539993 0.43217891396961083 0.2852797261015477
0.5565884808723606 0.3606790033736579 0.023879175810759934 0.058853339943221616
0.17469315871871116 0.2694543278379752 0.4487500514718229 0.10710246197149076
0.794811873704265 0.026152036695291314 0.015014641873675738 0.16402144772676797
0.27841212944220306 0.0742776762769608 0.6320867272790761 0.015223467001760027
0.0786623787682128 0.569040359222936 0.15414579740309697 0.19815146460575417
0.24123302122509915 0.3249182859568449 0.08977312888365307 0.34407556393440286
0.07544648805103904 0.12430730479124907 0.6310893994115401 0.1691568077461718
0.47569515139874696 0.37570832636537377 0.10156468724596368 0.04703183498991559
0.6090357034477198 0.03943708137547064 0.17803854559614252 0.173488669580667
0.138308602629985 0.33422800491465454 0.3639398333498034 0.16352355910555705
0.08119067548279624 0.07574374983535448 0.22864114794149082 0.6144244267403585
0.21210604313749704 0.30269200855577816 0.4088830156990997 0.07631893260762512
0.4615851021832986 0.038072190587549626 0.4347308678205246 0.06561183940862714
0.10859242544912784 0.04246584709469481 0.5480712719036231 0.3008704555525542
0.03415976101733875 0.18937678315389306 0.28857576641252447 0.4878876894162437
0.03348572713329834 0.1161878327687057 0.7047544744333525 0.14557196566464348
0.29152153826900395 0.34451284831996287 0.17101810116656746 0.1929475122444657
0.04109595142580447 0.1329284195959859 0.6653777953897596 0.16059783358845003
