85 80 4 215.94133453277772 431.8826690655554
6.583364330979304 5.580577617808663 3.6842035758285583 6.884188411533362 3.4615588091703993 5.708134705150308 4.359247678893491 4.323507342159129 7.612242412685536 6.837749880807694 9.332170607609392 3.0443332915441097 4.649974783363562 8.953126663606893 2.8801100399967217 2.9240853639171505 3.55096316239917 5.07815955113373 4.038142481657352 1.1056353832251342 4.572521855712626 7.202280791375718 8.516829752961383 3.842096370393186 7.472701995813897 5.544908707154223 4.307429796465081 2.6466476543238677 5.829932447310805 1.2844898403252207 6.387329279409229 7.984854452098324 3.013520765556634 6.6364560181769 4.710880954686588 6.589653154517656 3.1562176731111826 3.7653153587029218 3.3246339797585263 1.8438878974899269 5.7173452582260476 8.800767650003527 4.77669162296492 2.978956653933391 9.906278232377366 1.9033218781581096 1.0147589302857536 6.43357669770288 9.803449479763902 7.03658932197781 6.610976395242616 3.8060058295845183 8.360640666610106 1.7166121120845776 8.783437325891885 7.289870394131997 7.287119246801975 9.59049984376959 8.943823387184153 5.9048747093892135 7.135278991762201 2.7352824948829375 8.406645817328087 1.8071557258499082 9.207305062245844 8.750478343844186 6.484917639872778 2.237688400160701 4.371135748093302 2.994954590212641 8.04459687871358 5.7973347091627865 4.316491828539874 1.6996083232563142 5.841870377960395 2.0123018481430286 6.363165819046186 4.669039826405348 6.029247244998935 7.088508920178584
1.3166728661958609 1.1161155235617326 0.7368407151657117 1.3768376823066724 0.6923117618340798 1.1416269410300617 0.8718495357786982 0.8647014684318257 1.5224484825371072 1.3675499761615388 1.8664341215218783 0.6088666583088219 0.9299949566727124 1.7906253327213786 0.5760220079993443 0.5848170727834301 0.710192632479834 1.015631910226746 0.8076284963314704 0.22112707664502684 0.9145043711425253 1.4404561582751436 1.7033659505922767 0.7684192740786372 1.4945403991627795 1.1089817414308445 0.8614859592930163 0.5293295308647735 1.165986489462161 0.25689796806504417 1.277465855881846 1.5969708904196647 0.6027041531113267 1.32729120363538 0.9421761909373176 1.3179306309035312 0.6312435346222365 0.7530630717405844 0.6649267959517052 0.3687775794979854 1.1434690516452095 1.7601535300007054 0.9553383245929841 0.5957913307866782 1.9812556464754731 0.3806643756316219 0.20295178605715072 1.286715339540576 1.9606898959527803 1.407317864395562 1.3221952790485232 0.7612011659169037 1.6721281333220213 0.3433224224169155 1.756687465178377 1.4579740788263993 1.457423849360395 1.9180999687539182 1.7887646774368307 1.1809749418778428 1.4270557983524401 0.5470564989765875 1.6813291634656173 0.36143114516998165 1.8414610124491688 1.7500956687688372 1.2969835279745556 0.4475376800321402 0.8742271496186603 0.5989909180425281 1.608919375742716 1.1594669418325574 0.8632983657079748 0.33992166465126283 1.1683740755920788 0.4024603696286057 1.2726331638092372 0.9338079652810697 1.2058494489997869 1.417701784035717
0.0941653509822915 0.3149943340455932 0.5517438944363532 0.03909642053576212
0.06053018611847594 0.2827149258360382 0.48812550701924085 0.16862938102624503
0.14607977173094322 0.7360875611619375 0.06086926025172812 0.05696340685539114
0.2437226950629785 0.1946143591473285 0.26341630726120024 0.29824663852849276
0.1966079223238475 0.17384134234327708 0.41457067735305964 0.2149800579798158
0.39964827064113173 0.04669121941752874 0.157287213898339 0.39637329604300053
0.5606681544070187 0.19920691517636158 0.17284220371258652 0.06728272670403324
0.09219302487950909 0.2534344138152834 0.316009047330547 0.33836351397466047
0.29193904174846086 0.12727405423628146 0.1997426581732159 0.3810442458420418
0.24037664941773051 0.10866694869710902 0.0917140238366898 0.5592423780484707
0.47857192648094926 0.12394214847370644 0.13965295719459048 0.2578329678507538
0.11533146236810088 0.522717928579088 0.2140918036358379 0.14785880541697316
0.040770408338104636 0.34985614890795547 0.4848732705097619 0.12450017224417798
0.11009334712060348 0.13442978572131337 0.00718770826744497 0.7482891588906382
0.20659938310932346 0.2220907292649249 0.18438677060979625 0.3869231170159554
0.20207296219870985 0.5378405833463006 0.10014681423612692 0.15993964021886264
0.19840468191116545 0.09294895285873006 0.4459789682411429 0.2626673969889616
0.29654695231492545 0.19475378985730452 0.22633076473057712 0.2823684930971929
0.15569263863760063 0.6239223360164173 0.017907464310735755 0.20247756103524628
0.3321348390665497 0.2736944150961922 0.10780488306959413 0.28636586276766396
0.1089143463263832 0.09721651298124301 0.6944841593210281 0.09938498137134566
0.11129686620294832 0.2837025362283391 0.5827269077042727 0.022273689864439894
0.018811247585117097 0.5099396219791074 0.27672194239019365 0.1945271880455819
0.19984187217475036 0.12144069597312013 0.5620605568218981 0.11665687503023137
0.4439277085941712 0.07434658131870409 0.46779416483506575 0.013931545252058974
0.3611003911547035 0.38026672970379705 0.24844020630556307 0.01019267283593639
0.16147954806837073 0.40331673295233983 0.15441241480840162 0.2807913041708878
0.05572433860713588 0.1378992807414936 0.5614723871696139 0.24490399348175662
0.24621028211535811 0.3081121953933199 0.21001101312081782 0.23566650937050415
0.3929596788978015 0.04415563175314696 0.4401395760723614 0.12274511327669013
0.6188040099098727 0.18464528713144535 0.020239997677540478 0.17631070528114146
0.43675165469684674 0.016636991794742095 0.19124094839997297 0.3553704051084382
0.22701940305685653 0.4601622950716482 0.29723190678737876 0.015586395084116522
0.637090000990614 0.03824719346781247 0.07258526838676438 0.2520775371548092
0.22439752015850634 0.5942644136247212 0.11318856263159738 0.06814950358517513
0.3513897591488131 0.2276054680865668 0.31897844038650114 0.10202633237811898
0.40939703581040054 0.4218814091831121 0.08316372392668714 0.0855578310798002
0.27817395587716887 0.16615588098408807 0.2792764304852944 0.2763937326534487
0.048308040689552856 0.7228199904945675 0.0438853983296017 0.18498657048627798
0.23474652863169387 0.608995792129335 0.06574540081309022 0.09051227842588094
0.004778405056638513 0.22678701438381788 0.4167051811753023 0.3517293993842413
0.010924063183853194 0.09291085733769344 0.09561851407828481 0.8005465654001686
0.8335752865105878 0.04861043634453854 0.03432888626178476 0.08348539088308893
0.06500974505024282 0.2819535716171653 0.5118051923070142 0.14123149102557775
0.38676890442288814 0.1430295104449142 0.4478538242855895 0.022347760846608167
0.04324077998893816 0.3785277294385728 0.08647664043235115 0.49175485014013787
0.13496429165726787 0.2974625622088418 0.2590604297980129 0.3085127163358774
0.2246280927879476 0.26947564091705545 0.27977710712015513 0.22611915917484182
0.1894855231073156 0.20545818367976754 0.4151941035958432 0.18986218961707368
0.0735722715711743 0.5888551089857832 0.10526504982696105 0.23230756961608146
0.04864572169504355 0.8868882629028203 0.008479010617038929 0.055987004785097216
0.1730766613552155 0.23821602441739598 0.3418124099186727 0.24689490430871586
0.31798380382662483 0.1196207173392233 0.41044855329283336 0.1519469255413185
0.7168597825999933 0.16567987460629385 0.082180716453774 0.03527962633993886
0.7881385248907175 0.010743437504573627 0.11084082995898425 0.09027720764572467
0.3509852631338861 0.193125159982391 0.05892886754573479 0.3969607093379881
0.3642258765816634 0.006596073293079763 0.21630192838441809 0.41287612174083876
0.4298398476027335 0.29598135960519356 0.18419379099063227 0.08998500180144064
0.023198897343484903 0.10629138562925744 0.6291166661453261 0.24139305088193153
0.4507990264656798 0.18288835858104735 0.24163068412621058 0.12468193082706225
0.1280336043274416 0.7557058231571244 0.10629844085305407 0.009962131662379914
0.385738489939801 0.2527486852805435 0.03977490833749442 0.3217379164421611
0.10447825792254484 0.5387861357387401 0.11167225095729161 0.24506335538142343
0.10891653843912508 0.311563991057359 0.13077148358601176 0.44874798691750417
0.30723472573518373 0.4312389855936939 0.024824090900960383 0.236702197770162
0.7051678725750365 0.2446387917430245 0.009068990817697409 0.04112434486424155
0.15872543098451952 0.3019851247545924 0.09220309262431436 0.44708635163657373
0.4383318767977059 0.20130009590127385 0.17523388594544387 0.18513414135557638
0.01418104250824892 0.6603445942534626 0.22625798499977967 0.09921637823850882
0.21924758029356317 0.060765005607275935 0.5893695800683844 0.13061783403077654
0.17930572728856353 0.0450748305505182 0.24835664222207332 0.527262799938845
0.47827018063599214 0.2841893626542089 0.1905715161315804 0.04696894057821854
0.6060189689005089 0.04821059951720996 0.3114650414662453 0.03430539011603584
0.004451661986895505 0.3854695574768857 0.5152558130854769 0.09482296745074192
0.40311824748178215 0.37346250204498377 0.21536893276437363 0.008050317708860444
0.5902306682305467 0.15316597685097266 0.14838376749333548 0.10821958742514515
0.16845168249838638 0.5377601689209089 0.035458508654906296 0.2583296399257984
0.1071967791323204 0.35087682718768776 0.1498056634013848 0.39212073027860705
0.042907919891020496 0.01386193683045367 0.7109186258104755 0.23231151746805034
0.6255572120965794 0.02278653928959007 0.29771459529799027 0.05394165331584022
0.1313395181528637 0.7927292092035474 0.04934615545930843 0.02658511718428047
0.335996112291177 0.12200739781068315 0.4156075045074171 0.12638898539072274
0.02105608163849859 0.09356664868146025 0.13255630054359369 0.7528209691364475
0.5764502621644098 0.04366400805420112 0.1436329316102899 0.23625279817109923
0.28307331262117086 0.033778434075614316 0.10083492775297576 0.5823133255502391
0.1224551957685045 0.12758259791137094 0.31919612555785415 0.4307660807622704
0.02968835534866432 0.16593222153029175 0.06423502341678067 0.7401443997042633
0.3167420180525774 0.034248993121314686 0.27765156481566866 0.37135742401043925
0.012734960997164757 0.02758089212958892 0.15746414012227417 0.8022200067509722
0.1329278267554579 0.11865833260893155 0.5768963919805749 0.1715174486550357
0.05404149869187058 0.11862678706164653 0.35654170047743683 0.47079001376904606
0.3667029683340599 0.19421185235866423 0.38976329023267553 0.049321889074600334
0.4212978778277332 0.11429293274489327 0.3166740912848708 0.14773509814250274
0.31778967312438244 0.49687736625802836 0.0345852919923737 0.1507476686252155
0.25572027856132673 0.19894465821799567 0.17211309433606148 0.3732219688846161
0.013454257446630202 0.17977396647115018 0.7082123349278905 0.09855944115432913
0.14466132349845173 0.16285836516688446 0.02337701958072924 0.6691032917539346
0.008716458393418614 0.3813652251036138 0.06059032093071404 0.5493279955722535
0.22879375119162204 0.07132124365114523 0.3998017024217483 0.30008330273548445
0.22039498960800807 0.04990939322073307 0.3190815715335322 0.41061404563772663
0.37629376460754027 0.05006986233713473 0.21257615759941428 0.3610602154559107
0.629164045852275 0.006231219186345949 0.22202212832311985 0.14258260663825917
0.4390871839481275 0.019583237326606162 0.14904774546645772 0.3922818332588086
0.030563194913985292 0.15993529508882054 0.3186258808438761 0.49087562915331806
0.3697896566468498 0.44065271746083035 0.027681993733028043 0.1618756321592918
0.2391315093982449 0.2582562596502027 0.04484705262824962 0.45776517832330277
0.8134076390096054 0.0495159330777275 0.029936857247279125 0.10713957066538793
0.34817561395936947 0.001764669537128949 0.35137576395191683 0.29868395255158475
0.27946327273134264 0.18483429184889422 0.23986627120655057 0.29583616421321257
0.22304485619302816 0.3323978363338308 0.2994576730105625 0.14509963446257856
0.4201346019246496 0.09047179681196893 0.3409409492638046 0.1484526519995769
0.1612040698710866 0.032118290084819034 0.3097586965386816 0.49691894350541277
0.12966797299067045 0.12357115599454538 0.4150484472770324 0.3317124237377518
0.5034102908248604 0.046193152219112577 0.1725687948253547 0.2778277621306723
0.01485995055120104 0.05401760528073407 0.6260776662988085 0.30504477786925643
0.3447534806954128 0.5885290951096965 0.04450488209772874 0.022212542097161947
0.31517972963252583 0.11672306503572383 0.08003667713962093 0.4880605281921294
0.5572133474294376 0.005600299057682334 0.037481668155381564 0.3997046853574985
0.047265286807233076 0.20374873224371448 0.2228580456358925 0.5261279353131599
0.19738404015041766 0.3162889167968941 0.02195548309364903 0.4643715599590392
0.3100573163190973 0.27657320477247527 0.011158070031508371 0.4022114088769191
0.3603772161287747 0.09158996668509489 0.10330365814784503 0.44472915903828536
0.32966571486134233 0.26510721083076394 0.35512282986205734 0.05010424444583639
0.13394361287375323 0.05513381406845974 0.14421385360430994 0.6667087194534771
0.38901744849990993 0.1087016566940997 0.4994984279491034 0.0027824668568869892
0.5606854727375981 0.0777886336724628 0.02513109913676681 0.33639479445317233
0.03134550589495799 0.20129072162404615 0.3631306408922784 0.40423313158871743
0.2603063075742005 0.28080404654030866 0.14409024080662003 0.31479940507887083
0.19898470899288145 0.07935515917711933 0.45315935574795974 0.2685007760820395
0.005954883032961322 0.050317172295647805 0.41873103995655014 0.5249969047148407
0.13459653487187784 0.6259179278268463 0.1250117400249623 0.11447379727631357
0.5862063021515876 0.04119578110566091 0.05375582997973827 0.3188420867630132
0.02539156453072744 0.11572448202591656 0.5376160382313351 0.3212679152120209
0.19857496797649088 0.16781708965333952 0.0024748981460176456 0.631133044224152
0.4227551865739576 0.22057163264689827 0.1795327162407565 0.1771404645383876
0.20431936491713376 0.015606611491832179 0.5426913309177959 0.2373826926732382
0.5130038792433929 0.04616610351584427 0.12372754039302114 0.31710247684774173
0.2170852080930682 0.16254685350597797 0.5039838279506856 0.1163841104502682
0.10120781511890908 0.07801150836484361 0.600412913980519 0.22036776253572832
0.352833659937434 0.034164902050011436 0.3212005219703966 0.29180091604215797
0.4274687416825136 0.2061893704014104 0.3169649566131193 0.04937693130295673
0.18693513548810792 0.034401507699658995 0.10327605421989072 0.6753873025923424
0.39069626695131643 0.360139819114514 0.21987325497227161 0.029290658961897975
0.4093345567522977 0.034448724109903295 0.5529917590116451 0.0032249601261539196
0.13883399219771864 0.09385475774022978 0.21338750987769872 0.5539237401843529
0.08189529153463382 0.49487341360739323 0.2606086070804886 0.16262268777748434
0.2350310663023525 0.5112335675857668 0.09492644535224692 0.15880892075963382
0.3023416207173881 0.2222561559343741 0.2084710596920768 0.266931163656161
0.005096727728550965 0.08619327747509398 0.9086836231990646 2.6371597290464344e-05
0.20588035812719863 0.12427198873526879 0.2323154120254337 0.4375322411120989
0.18394895328040006 0.11644715223109081 0.5818798889866164 0.11772400550189277
0.8504821729755144 0.07564819438677572 0.053785755707256966 0.020083876930452882
0.08712591234807565 0.5023437785598446 0.10664451258588592 0.30388579650619385
0.16757671263609153 0.7616230549946954 0.03224789398625383 0.03855233838295924
0.6433350626709008 0.22404886704814242 0.04754138706706523 0.08507468321389156
0.12523289401651794 0.2329012314330382 0.291834730198375 0.35003114435206883
0.3992324107269377 0.19742180034337287 0.2654875026685174 0.13785828626117203
0.029401898772696056 0.32724680271224493 0.6045992607919333 0.03875203772312574
0.23479740459329324 0.06286934847170345 0.5683028442629475 0.1340304026720558
0.3246833210926975 0.14066923700355805 0.22256767552551993 0.31207976637822454
