14 10 4 27.611504203869984 55.22300840773997
5.6254900939542125 7.958485468713671 8.833849171523314 1.0724225367683613 3.787623329546837 9.618433654293018 5.6180504104109845 3.8645598238488876 5.852799436830833 2.991294481849839
1.1250980187908426 1.5916970937427342 1.7667698343046627 0.21448450735367225 0.7575246659093674 1.9236867308586034 1.1236100820821968 0.7729119647697775 1.1705598873661667 0.5982588963699678
0.5388888490671446 0.13426362911338074 0.13332887974374463 0.19351864207573
0.7524189220859464 0.1180805331858037 0.06205813760696177 0.06744240712128813
0.3000919803937838 0.372844738772802 0.028214600557901703 0.2988486802755125
0.18200775771189426 0.5645563624285139 0.14097333678042012 0.1124625430791717
0.4079158134516613 0.044221485306730535 0.27934382781433664 0.26851887342727154
0.31591900435196574 0.03570746774741684 0.005808891152383033 0.6425646367482344
0.17540264266554373 0.1125022139517704 0.44736325436665914 0.26473188901602673
0.11005315861088283 0.02242445433967888 0.8632103315929677 0.00431205545647062
0.1501726341960331 0.3059491810273296 0.16482172609893675 0.37905645867770055
0.12034724351170079 0.3298313133023246 0.28348352402420907 0.2663379191617655
0.00587378555105833 0.20415047662767982 0.13223036343594619 0.6577453743853157
0.11011117825660166 0.26413357122489045 0.38889425236402986 0.23686099815447803
0.25759243292061773 0.21731333302985079 0.1820942934237939 0.3429999406257376
0.0623500489834764 0.020999112066280357 0.23871383177934402 0.6779370071708992
0.18987854312792152 0.5526328118656223 0.24887164390493732 0.008617001101518862
0.05161855399507598 0.6631931124301839 0.28399294513972106 0.0011953884350190958
0.21242137590306676 0.24937449551273916 0.48188307932955377 0.05632104925464032
0.2086811922474796 0.0379646396698331 0.2556744063476928 0.4976797617349945
0.5382745459850139 0.08279568070379995 0.11342000225706794 0.2655097710541182
0.07357155006150706 0.07945397195988924 0.27604682518531254 0.5709276527932912
