76 10 4 28.798770749137276 57.59754149827455
3.7974681978071976 8.370884986469651 4.012773621143726 2.743421668061884 1.9928199254734036 9.660790787015987 8.785425265643218 8.671707765183006 1.7155992889185332 7.84664999255794
0.7594936395614396 1.6741769972939302 0.8025547242287452 0.5486843336123768 0.3985639850946807 1.9321581574031974 1.7570850531286435 1.7343415530366013 0.3431198577837066 1.569329998511588
0.6563058589327739 0.16113286014700767 0.042754556064901084 0.1398067248553173
0.16322020988730412 0.2796175987022811 0.29638614032416877 0.260776051086246
0.7798025027972298 0.08852482657739436 0.03392062646789851 0.09775204415747729
0.11233779139242672 0.1713206005063338 0.6265140079188226 0.08982760018241687
0.7166401964526277 0.16308901956114652 0.08871995921127229 0.03155082477495352
0.03782519133623763 0.04288984325002587 0.5191107351475523 0.40017423026618415
0.1988209906766346 0.3058355341094259 0.2083974495214055 0.286946025692534
0.12663637676840755 0.1553082628773531 0.5909156419482501 0.12713971840598925
0.6483632316155289 0.07838851610805497 0.20569348317484726 0.06755476910156888
0.3322256298167455 0.09128310120071592 0.10922966056268968 0.4672616084198489
0.16535122732064989 0.20410449060681224 0.5492948637651143 0.0812494183074236
0.5625790262240297 0.26954447721590047 0.15553440787616124 0.012342088683908625
0.4942264616661264 0.17842160353009673 0.14304727925903238 0.1843046555447445
0.07801878186979971 0.3788692396803588 0.45289474505270655 0.09021723339713494
0.5222735458463846 0.37659837423644826 0.09944536756085143 0.0016827123563156743
0.5407606738501642 0.1421694104235407 0.10987759579473244 0.20719231993156262
0.22558085584056897 0.03212825437482336 0.2693267633128682 0.47296412647173947
0.1252335116673149 0.16391309139180288 0.6125550482588158 0.09829834868206644
0.04555487192544605 0.05492159929010809 0.5925254303547975 0.3069980984296483
0.6942843459478502 0.10560387470579768 0.18434560574135117 0.015766173605000988
