64 80 4 194.87272300098937 389.74544600197873
4.411886728903931 6.103883504616526 6.360332613914097 5.048730089699074 5.113178428552468 3.8048589808785596 3.8200362507781334 3.6537351490142242 5.776952151120637 4.56599819439477 7.4687533496646346 5.932827972549015 6.2386757443642695 2.508858440119433 1.2634947783765589 2.878677261226094 1.2031789291991073 6.712069979680181 3.019975652797654 4.584788832709828 6.575507185708307 1.0175364769101782 1.3210297188612785 4.3911059726748825 2.947999906660389 4.6436093456829415 8.793947202016241 3.301510781876557 6.412913913024598 3.042112067659243 2.854791527168067 2.5832794251495774 8.997393935908605 7.044240667350726 4.382383306830859 1.1618918604945438 4.172841206306642 3.754204862722932 4.810082055815276 4.5469556957280854 6.121122317526943 6.176600823075637 6.609545237576271 3.2478986466193884 2.1785091703565787 3.205658449056304 9.90397047471372 9.612633641876702 7.404187721707255 7.908504166377283 1.7825224319728976 9.125306613885229 5.837513335315629 1.890499853185331 8.31335094017959 5.770480704975087 7.255637699540874 3.9868448298859533 9.689996465974692 3.2510613102949324 3.1724422969466346 1.8727126358772233 6.509595512447076 5.660531767147088 5.1879295519566835 8.598143868987059 4.959054773485527 8.593937728702839 1.5837367684162107 8.59583918475769 3.9588131452833233 4.888148117235297 3.3647002570046927 6.856214376973672 1.7043772551201528 1.9678669317666184 3.570074168547632 1.4104174745899598 9.647357879429904 1.145477326097986
0.8823773457807862 1.2207767009233053 1.2720665227828194 1.0097460179398148 1.0226356857104935 0.7609717961757119 0.7640072501556266 0.7307470298028449 1.1553904302241276 0.9131996388789541 1.4937506699329268 1.186565594509803 1.2477351488728539 0.5017716880238866 0.25269895567531175 0.5757354522452187 0.24063578583982145 1.3424139959360362 0.6039951305595308 0.9169577665419656 1.3151014371416614 0.20350729538203566 0.2642059437722557 0.8782211945349765 0.5895999813320778 0.9287218691365883 1.7587894404032482 0.6603021563753114 1.2825827826049196 0.6084224135318486 0.5709583054336134 0.5166558850299154 1.7994787871817208 1.4088481334701453 0.8764766613661719 0.23237837209890877 0.8345682412613284 0.7508409725445864 0.9620164111630553 0.9093911391456171 1.2242244635053887 1.2353201646151273 1.3219090475152542 0.6495797293238776 0.43570183407131574 0.6411316898112608 1.980794094942744 1.9225267283753404 1.480837544341451 1.5817008332754567 0.35650448639457955 1.8250613227770458 1.1675026670631259 0.3780999706370662 1.6626701880359183 1.1540961409950174 1.451127539908175 0.7973689659771906 1.9379992931949386 0.6502122620589865 0.634488459389327 0.3745425271754447 1.3019191024894152 1.1321063534294176 1.0375859103913367 1.7196287737974116 0.9918109546971055 1.7187875457405677 0.31674735368324214 1.719167836951538 0.7917626290566646 0.9776296234470594 0.6729400514009385 1.3712428753947346 0.34087545102403055 0.3935733863533237 0.7140148337095263 0.28208349491799195 1.9294715758859808 0.2290954652195972
0.3255601902775359 0.27794158390894763 0.3382092584893478 0.05828896732416866
0.32445528378267485 0.14793933017904082 0.0848250058051534 0.44278038023313093
0.07940994130836332 0.7174930792350928 0.06992083629913837 0.13317614315740556
0.5442000525379087 0.05819890128417793 0.20486400638753532 0.19273703979037804
0.047073860316548255 0.6928691698674712 0.08654953296066381 0.17350743685531678
0.0071538258880377015 0.5191337554589527 0.2964770393796379 0.17723537927337174
0.15133760508293048 0.1524402849008012 0.17204878564784687 0.5241733243684215
0.3965254897106665 0.2544402848425995 0.1812063671935913 0.16782785825314273
0.06260925718039012 0.28143790985973616 0.2848532193727453 0.3710996135871284
0.16002545559720538 0.013067674414645292 0.5636771602621344 0.2632297097260149
0.1306820766709471 0.4016264834318344 0.31298402238599987 0.15470741751121864
0.10394850922899668 0.502340961287269 0.036178681888802355 0.35753184759493195
0.009091032399944687 0.11716841889937257 0.2429270558103157 0.630813492890367
0.25045343078556526 0.26448242241267184 0.2077602623696736 0.2773038844320893
0.25392013145731596 0.25868841752954175 0.395025855750466 0.09236559526267629
0.11701655448833437 0.11450153164937915 0.7008449543147728 0.0676369595475137
0.0862201318148802 0.3175670503315914 0.19396028945206534 0.4022525284014631
0.2205500638766389 0.22997011243331977 0.12266064003862653 0.4268191836514148
0.2807532119404682 0.21222529325243167 0.22902135208302388 0.27800014272407625
0.0482719288247786 0.3938585461254517 0.5451607237644177 0.012708801285352012
0.46155045224195335 0.15734924511318515 0.0953635942148392 0.2857367084300223
0.008704704271813468 0.3493358167907017 0.2656304926366365 0.3763289863008483
0.027495116200926595 0.4189018662555275 0.5436589161828428 0.009944101360703117
0.4299469510443795 0.012667089123459596 0.4197926910836852 0.13759326874847566
0.7690464622349673 0.05423139127578824 0.02511871989623582 0.15160342659300863
0.14245120360470886 0.0037532692930439815 0.2859639790537045 0.5678315480485426
0.4939473521869532 0.016353376068983017 0.27719014920519847 0.21250912253886534
0.4349806972932321 0.29213766972975985 0.23391023245526443 0.03897140052174364
0.233270005273011 0.4650382309487907 0.1761531079059261 0.1255386558722722
0.5249377113366492 0.16952587888555004 0.024210061440563813 0.2813263483372369
0.27307650511996695 0.1958569741674493 0.1448536372605218 0.38621288345206195
0.002402573682349085 0.10567964177269762 0.6170367828132217 0.2748810017317316
0.17476919720769335 0.21271261688657694 0.5017075489932771 0.11081063691245263
0.03940691738994695 0.34013944659657525 0.41425033756301444 0.20620329845046337
0.3187615702588913 0.15353425179494384 0.24716914486543773 0.28053503308072714
0.13857097808045682 0.28785759367946484 0.12213765214181116 0.4514337760982672
0.16302302744225294 0.1581354371447471 0.3912904592389814 0.28755107617401854
0.06740513335982123 0.4993164345399299 0.2511055569849646 0.18217287511528424
0.02609492029391236 0.36884474333387185 0.26468809933681425 0.34037223703540154
0.5694530486300334 0.01525483078520773 0.26799744679502935 0.1472946737897295
0.14570269088858478 0.5801619420920936 0.23846942664160364 0.035665940377717975
0.11061151324402119 0.36324163505973983 0.0682467331669363 0.4579001185293027
0.07292707847339064 0.6963775403056984 0.01888048537931275 0.21181489584159818
0.14980307697242046 0.044495542843263514 0.7049626745110259 0.10073870567329013
0.26622015372191843 0.008011691192126191 0.3619128549499253 0.36385530013603007
0.3495410944197409 0.02675725754767433 0.14885561111255474 0.47484603692003
0.041018316988591264 0.21175169409435923 0.3087840756965794 0.4384459132204701
0.2780663805435738 0.38882766863871 0.037052353684546846 0.29605359713316937
0.43541998126471404 0.34519729920318354 0.11227364077520552 0.1071090787568969
0.4371558836677616 0.1601997473785648 0.04706107077580224 0.3555832981778714
0.0952658112601309 0.44695563653277726 0.0465223773179394 0.41125617488915245
0.41507991408234357 0.042437069500075086 0.4053010912146795 0.13718192520290184
0.4363780370483008 0.0840902554432359 0.04359895046016515 0.43593275704829815
0.3051808777281808 0.6087309913752187 0.027549767243581935 0.058538363653018566
0.10651941880782867 0.027211095538269725 0.2092790644415191 0.6569904212123825
0.13216976304179684 0.18595930765503266 0.14411860122781506 0.5377523280753554
0.3058353016778773 0.10012413959072741 0.2284155588426141 0.36562499988878117
0.10849387247109332 0.4303866785684799 0.019647473471296584 0.4414719754891302
0.16397083380646915 0.049308345030585565 0.5579411787926049 0.22877964237034043
0.5791131301249891 0.12941460696776386 0.03185979939136341 0.25961246351588363
0.6164366863235934 0.19131572304012967 0.02547946187136474 0.1667681287649122
0.16651269236285537 0.2746033849099595 0.3185449280237532 0.2403389947034319
0.03474741549738569 0.2381417899850018 0.016055725924352338 0.7110550685932602
0.5003414287512978 0.07590185393860505 0.23082275021369925 0.19293396709639787
0.00917126854433814 0.1973439244814862 0.6436562690179394 0.1498285379562363
0.2433311226297683 0.17845145326274925 0.0821904775073865 0.49602694660009594
0.06352470929602771 0.6310771423103771 0.041016637408359036 0.2643815109852361
0.5130311100287621 0.24944221866558947 0.06901533997168674 0.16851133133396168
0.07529109672026535 0.007243667588449076 0.8390403210826762 0.07842491460860934
0.5591212981294323 0.18748401922434166 0.25215991814573147 0.001234764500494534
0.034184559162591444 0.3204651680926691 0.6193588208526903 0.0259914518920491
0.09373496696850214 0.12468184132347049 0.5209988615124218 0.26058433019560556
0.03668923354329323 0.1990935458836416 0.4464730664312002 0.31774415414186497
0.4478655379203016 0.09772243788919865 0.147638653930512 0.30677337025998774
0.35872850740030526 0.10522291224592095 0.1416079947521539 0.3944405856016199
0.377057125452374 0.5125174685709342 0.10228701956773079 0.00813838640896103
0.05674659478035393 0.09304624631097258 0.1015495774720635 0.74865758143661
0.2557374990461998 0.09891962546921496 0.5132541771982698 0.13208869828631542
0.06480261396537579 0.6631292967186007 0.027600023171419852 0.2444680661446037
0.34059980493500286 0.07253700162159094 0.45468277965993364 0.13218041378347256
0.10155763563414877 0.57174853772061 0.03673708541618781 0.28995674122905346
0.3070009714400088 0.02336413990059316 0.6491017530272324 0.020533135632165633
0.4588355578091533 0.020316517118273425 0.5094730073083034 0.01137491776426991
0.023363770515924642 0.02583275458032319 0.028135902785390243 0.9226675721183619
0.022632746739208343 0.3530227138838832 0.12736438282982132 0.49698015654708716
0.050402740750721375 0.1107732039413869 0.8074079837094291 0.0314160715984626
0.22485718445003233 0.05017391535035509 0.21263308631995947 0.5123358138796531
0.015229400104253221 0.6205042171043902 0.07257742140949841 0.2916889613818582
0.3375684730702272 0.04030007206283215 0.3494182024826943 0.2727132523842464
0.3326829434673577 0.38998600606490075 0.11957921519542491 0.15775183527231662
0.3749966095986257 0.08252252579993358 0.40786337049580723 0.1346174941056335
0.07387998101526994 0.6500393899904471 0.14784774238881226 0.12823288660547072
0.20203849631217208 0.16150722205362233 0.03846315078304574 0.5979911308511598
0.2760704204091047 0.049482547663063925 0.3977594841998654 0.276687547727966
0.2468034257921553 0.12667253546055557 0.3982904254581108 0.22823361328917835
0.24635874239802424 0.14106664021253212 0.2443628381921733 0.36821177919727033
0.003372697683293513 0.7532125771814003 0.23947019642073675 0.003944528714569406
0.12185690581350661 0.26784982637739496 0.5158769679818723 0.0944162998272261
0.14020529118107572 0.31389694488052877 0.22739508797687147 0.31850267596152404
0.25424336418090465 0.5120075428966583 0.213580453932807 0.02016863898963006
0.12008320823158536 0.2524446834340398 0.13414269784056554 0.4933294104938093
0.14584120128227573 0.3116205381651138 0.3369571680287782 0.20558109252383228
0.17956778002175433 0.459967607396635 0.04593538606997716 0.3145292265116335
0.023526007924642656 0.03514572796724558 0.18509885810299243 0.7562294060051193
0.09272385392844229 0.6751515723532312 0.15203998440517796 0.08008458931314855
0.0577165377033142 0.36900430363368386 0.011375039649033969 0.561904119013968
0.07513539561091631 0.20210460987124856 0.12531243462508945 0.5974475598927457
0.23374979314153765 0.190986229412745 0.47229953167075056 0.10296444577496677
0.558309278071308 0.17481407002978877 0.1445548143671017 0.12232183753180148
0.251027298131858 0.5202622325067723 0.0005473988772722871 0.22816307048409745
0.179884945209142 0.09410426133450234 0.1576351007948713 0.5683756926614844
0.6678128371031636 0.10523724972309345 0.06657931880412504 0.16037059436961787
0.02544462325195118 0.06444918717932291 0.737308090751497 0.17279809881722896
0.75383291824816 0.10577753131732814 0.06341997840952351 0.07696957202498833
0.5768766730283932 0.08062341810652696 0.07779319792546269 0.2647067109396172
0.25762836241596687 0.22964497452126897 0.03145070919834314 0.481275953864421
0.30715126971886164 0.1679086299773851 0.11241097574837156 0.4125291245553817
0.015216662699125139 0.3619028954805721 0.24376525480345956 0.3791151870168432
0.6832151248029579 0.11968999886243747 0.16163633114269083 0.035458545191913826
0.11527805929707513 0.26487392957434597 0.17640879127014275 0.44343921985843615
0.23790192656772147 0.4660986354601879 0.12571721282694126 0.17028222514514935
0.06946701274216094 0.001718774115453292 0.7430100138491686 0.18580419929321712
0.711945613262201 0.12538755333085283 0.13723623817629105 0.025430595230655162
0.030745145245507866 0.004467105458099252 0.7018560070227277 0.2629317422736652
0.22609084964989734 0.024772592053147746 0.40512603234180133 0.3440105259551536
0.23410473859754188 0.39674003735003205 0.04662289168356093 0.32253233236886514
0.24169405772996932 0.27909839185834007 0.1376789778302202 0.3415285725814704
0.18142322185887316 0.7397399795360748 0.0028416741259197353 0.07599512447913226
0.006422824816963213 0.18374755169710422 0.17304848533203177 0.6367811381539008
0.271369529952617 0.2116545487143212 0.005376211878610482 0.5115997094544513
0.13493033269839017 0.27052423323419306 0.26836979654511195 0.32617563752230483
0.24306228056969714 0.33583480766627494 0.29134909113153684 0.12975382063249108
0.12318955538021303 0.1893121220782934 0.3898277246649251 0.29767059787656847
0.2795790208671689 0.1857308472723268 0.5214651139605939 0.013225017899910374
0.14544359696441833 0.7457563802704567 0.03088371238993648 0.07791631037518854
0.17812677215754047 0.002082150991539855 0.04431910915778525 0.7754719676931344
0.05946127689921421 0.37045290594427427 0.11212055875911553 0.457965258397396
0.6856393312473892 0.09050258319613114 0.17005438708063936 0.05380369847584032
0.6838209531059433 0.14921411343456192 0.03682998424375106 0.13013494921574376
0.02784343414740098 0.5870672288921429 0.042799127445847684 0.3422902095146084
0.12661653167533793 0.5790674248273184 0.048897481751714156 0.24541856174562948
0.07451944379003805 0.22368555671783408 0.25829967190319514 0.44349532758893273
0.6002655904530635 0.136494929870133 0.22382554806308197 0.03941393161372153
0.054318868434385825 0.4135440693181669 0.45628348921966455 0.07585357302778273
0.6002105525780808 0.22327569095712185 0.07367181803524059 0.1028419384295568
0.35709058781975955 0.08710316519937311 0.33118420577168717 0.22462204120918017
0.17610122164822628 0.29915303391409875 0.09910676783805639 0.4256389765996186
0.174337059403603 0.15388195234616975 0.29948258309387177 0.3722984051563555
0.0461249449408625 0.5973833851592585 0.04510181088210474 0.3113898590177743
0.30383706910087604 0.08727705193962232 0.07640743334340805 0.5324784456160936
0.010322122916568977 0.5956133137849824 0.23076849360970753 0.1632960696887411
0.21248833432389946 0.27015682085974646 0.015535408430126574 0.5018194363862275
0.048557238611517284 0.25726831371564374 0.34488612212318615 0.34928832554965283
0.3878495705811579 0.2650741605992546 0.3388425337761045 0.008233735043483015
0.30750523413041164 0.09762986061010703 0.46503736005361807 0.12982754520586326
0.5365950107336782 0.3838331493298922 0.009681882667713748 0.06988995726871583
0.024530404727129418 0.4189960207042739 0.0602972412380296 0.4961763333305671
0.058926941813779554 0.038490049357850165 0.12263323605124943 0.7799497727771209
0.490053835785613 0.1615142768049932 0.1358412234601445 0.2125906639492493
0.11085694309046334 0.3820281241579133 0.22440594108445688 0.28270899166716645
