76 50 4 155.4706266081745 310.9412532163491
3.7974681978071976 8.370884986469651 4.012773621143726 2.743421668061884 1.9928199254734036 9.660790787015987 8.785425265643218 8.671707765183006 1.7155992889185332 7.84664999255794 8.741739476302143 2.4881610458858487 6.906752730394965 4.32510146134716 8.356948471718034 9.268755235233188 2.468981888985737 8.48911153095937 4.985540277306267 9.888921201844822 7.653015540223786 6.063211236016267 8.01822252517507 5.448038154995137 9.120231602582704 7.053832586766008 8.814945964371617 8.3412581000973 9.191551598358249 5.111992193951426 3.5529255270888447 9.188044899425785 2.0110401225318406 1.7021690368281974 7.449761768073649 5.700461912617461 9.716042577025418 9.98485558879316 8.917562944123969 9.089847280745497 1.7264353112763715 5.866846064651478 1.3404267220261388 7.146370758463345 6.398431927604342 8.135269120615936 5.5419087230745445 3.3193819919385312 2.7893889160897114 3.0302277025651208
0.7594936395614396 1.6741769972939302 0.8025547242287452 0.5486843336123768 0.3985639850946807 1.9321581574031974 1.7570850531286435 1.7343415530366013 0.3431198577837066 1.569329998511588 1.7483478952604288 0.49763220917716977 1.381350546078993 0.8650202922694319 1.6713896943436068 1.8537510470466376 0.49379637779714736 1.697822306191874 0.9971080554612535 1.9777842403689643 1.530603108044757 1.2126422472032534 1.6036445050350139 1.0896076309990275 1.824046320516541 1.4107665173532016 1.7629891928743233 1.66825162001946 1.8383103196716497 1.0223984387902854 0.710585105417769 1.837608979885157 0.4022080245063681 0.3404338073656395 1.4899523536147297 1.1400923825234923 1.9432085154050835 1.996971117758632 1.7835125888247938 1.8179694561490993 0.3452870622552743 1.1733692129302955 0.26808534440522774 1.429274151692669 1.2796863855208684 1.627053824123187 1.108381744614909 0.6638763983877063 0.5578777832179422 0.6060455405130242
0.12663637676840755 0.1553082628773531 0.4311093346617053 0.286946025692534
0.6483632316155289 0.22449704997848186 0.059584949304420376 0.06755476910156888
0.42350873101746145 0.10922966056268968 0.19401335614343274 0.27324825227641614
0.008916724294643519 0.03467479857813138 0.2886341069439706 0.6677743701832545
0.11294486188761865 0.11918514461758156 0.6535424487625402 0.11432754473225959
0.11414910424532654 0.01642500756895182 0.16366896564301137 0.7057569225427103
0.07081839391475964 0.018240639401965963 0.41642822819298597 0.49451273849028843
0.15208268754577503 0.012721189321062698 0.5005861341059775 0.33460998902718475
0.12096773711797304 0.23360167803620813 0.402962725974534 0.24246785887128486
0.006043446239698325 0.6458344728291134 0.3299049290843362 0.01821715184685202
0.07255114599442603 0.6346731284013373 0.15247838637621702 0.14029733922801968
0.11955444872731213 0.34153686776973957 0.0364244126854556 0.5024842708174927
0.21239334246652253 0.18039551543545584 0.485193862164066 0.12201727993395561
0.2775613640157897 0.009589158114008622 0.420897281991804 0.2919521958783977
0.04284650223485087 0.286160269894704 0.34620262117278955 0.3247906066976556
0.13289159259247352 0.504847417066031 0.3427556819564167 0.0195053083850788
0.25682174080740583 0.024317823295590624 0.7042193128676401 0.01464112302936349
0.39041152592781947 0.222611456184037 0.137814406528177 0.24916261135996653
0.4076767155636005 0.18897122266088884 0.28545364774556004 0.1178984140299506
0.02553419880481933 0.4451349336953079 0.07738669068167447 0.4519441768181983
0.03695767424560148 0.5371737733434497 0.29579403577457586 0.13007451663637293
0.11982287190635899 0.20846551667295876 0.1806961936771787 0.49101541774350355
0.04679530876806626 0.19494558470416568 0.6547312041864234 0.10352790234134468
0.049878747634995446 0.5812479558461965 0.21623947899914553 0.15263381751966254
0.01188010397339112 0.6037484117274771 0.1594162870163599 0.2249551972827719
0.16443909062178463 0.6395866919124328 0.002391362082460713 0.19358285538332187
0.18724994714114263 0.22927317422506366 0.18881160528937158 0.39466527334442214
0.26512430647498064 0.11940567533439361 0.530946581363934 0.08452343682669172
0.28839414961869136 0.23420939971309596 0.15924159804938232 0.31815485261883036
0.6168467821854401 0.1600491233094411 0.15297598959534564 0.07012810490977317
0.2238286196398196 0.16851727725138876 0.4399729397857801 0.16768116332301153
0.7646826118620488 0.07757650901935631 0.06903150941521796 0.08870936970337695
0.035778914648463056 0.7072857154839906 0.22573485938500593 0.031200510482540467
0.01588296437408343 0.8951515645312504 0.018500223530760862 0.07046524756390526
0.586993032812687 0.24360396776895332 0.12839344182783619 0.04100955759052349
0.5770168928607126 0.06405442250564874 0.2073967795383782 0.1515319050952605
0.24039451872341222 0.4290537477543137 0.23377217888203183 0.09677955464024224
0.1086141418476686 0.07213977143241834 0.17006377977517984 0.6491823069447332
0.6131258498481563 0.0886963992130344 0.070717050827097 0.22746070011171227
0.0926762832360728 0.30297702611807564 0.19450195568380846 0.4098447349620431
0.06583822530687988 0.5452955792833694 0.04452814001103689 0.34433805539871387
0.11842131116210697 0.038582769798767624 0.2190107102521468 0.6239852087869786
0.5066289842400304 0.35558424741500816 0.0752183630668809 0.0625684052780805
0.06769042396873937 0.3472098666185659 0.027407037317676464 0.5576926720950183
0.06744698748456379 0.4636724921585639 0.13000609369523564 0.3388744266616367
0.004714557625422056 0.5750984106314561 0.1575874517398338 0.2625995800032881
0.12190567293478871 0.10237990529270602 0.4369746259422399 0.33873979583026537
0.49086300368800684 0.2125684216892565 0.06738927359422386 0.2291793010285128
0.6219651869798751 0.05978212370365499 0.26801308536511526 0.05023960395135463
0.019392018611893325 0.2270641986440679 0.24016833145908545 0.5133754512849533
0.1252335116673149 0.16391309139180288 0.23788927046914277 0.47296412647173947
0.10047647121555414 0.5925254303547975 0.20869974974758188 0.09829834868206644
0.04555487192544605 0.6487294740224041 0.28994948044714886 0.015766173605000988
0.371946846009672 0.059516508798366785 0.3684248658456091 0.20011177934635216
0.3579937838765065 0.024301522705585943 0.46996716509190306 0.1477375283260045
0.1103012445547844 0.35646740754266915 0.37855119564280815 0.1546801522597383
0.1753034241890179 0.10542331954771267 0.005657078131237836 0.7136161781320316
0.08005191427350578 0.484525162165936 0.21186263311151887 0.22356029044903936
0.10654890425227925 0.08854439574816853 0.14837589781549487 0.6565308021840573
0.015998121311615487 0.43896155861593367 0.23057184260815244 0.3144684774642984
0.06789515134696755 0.22833623316150553 0.40640782970491385 0.29736078578661307
0.04289465068264553 0.8889408393906637 0.007351728919481437 0.06081278100720933
0.21943515124379398 0.4359222680294381 0.25328679921493336 0.09135578151183454
0.43101995237867496 0.3382504310195661 0.09540485776162377 0.13532475884013517
0.10880559528734557 0.16859700088800822 0.3332770830845462 0.38932032074010003
0.14221834065486727 0.07248384522367157 0.10045690639449645 0.6848409077269647
0.4448640951628614 0.04075574557236428 0.18699323729438733 0.327386921970387
0.5323173265482405 0.28285154234886434 0.03849466925657874 0.14633646184631643
0.6341087211033053 0.053762637312662065 0.11783299082002541 0.19429565076400723
0.03001220853363451 0.054088189964632494 0.09260076914859305 0.8232988323531399
0.06973420017185528 0.03415545239888951 0.1924359912174154 0.7036743562118398
0.23824571859180876 0.14959844547818024 0.10345395846147698 0.508701877468534
0.5280706142703044 0.09208759766623809 0.18556307365453784 0.19427871440891964
0.2798556836761492 0.20927708714144255 0.45968711383135386 0.05118011535105438
0.14042804410159138 0.32401310945882933 0.06261036432816092 0.4729484821114184
0.2820468343261008 0.5706612471159261 0.008034362421572627 0.13925755613640045
0.047700139009944076 0.06816093709364801 0.7593952098192246 0.12474371407718332
0.48880843984004974 0.20596808745552453 0.2623563691900741 0.042867103514351634
0.0848716132013746 0.024854541092544702 0.4414298454526383 0.4488440002534424
0.7864021261183638 0.08713712890468295 0.07223468340836592 0.054226061568587336
0.41973441285361823 0.15192584330909276 0.20536184084397036 0.22297790299331866
0.19336801064014475 0.127813075534979 0.42666155244882764 0.2521573613760486
0.22916132237807785 0.34326423291926467 0.2800151904975595 0.14755925420509797
0.4474257854647802 0.23488777117921944 0.16139083633700402 0.15629560701899636
0.059080748305332165 0.045871702947069326 0.7811404907059778 0.11390705804162071
0.16028282136774985 0.49181484630690364 0.22033180347508163 0.12757052885026487
0.02784401053435137 0.02527145455723845 0.7045709990811547 0.24231353582725546
0.18181219146584437 0.679941516059049 0.094829660853057 0.04341663162204967
0.11131001456376044 0.061602288708257014 0.6816249754060913 0.1454627213218912
0.013758456503243477 0.1759893571560437 0.06402108651833993 0.7462310998223729
0.3018976383640867 0.44927831614495295 0.15865778066545633 0.09016626482550405
0.14635789843596847 0.41877376698744195 0.0930573490671831 0.3418109855094065
0.2795635853637729 0.3785214913206194 0.2715212154141895 0.07039370790141819
0.40122915078648147 0.18775456961217285 0.03045178773934809 0.3805644918619976
0.04223671709057153 0.06239630635966109 0.47827285946194176 0.4170941170878256
0.14149240684576114 0.296061986866601 0.40245171093773957 0.15999389534989827
0.4571785877086687 0.03413006247326478 0.3492264179911104 0.1594649318269561
0.17064351259150534 0.3312317624840889 0.12041500799647253 0.3777097169279332
0.16301988895170094 0.0208956796709997 0.7604849154214515 0.05559951595584789
0.6743242357669125 0.04197906052877032 0.13283319616510636 0.15086350753921085
