23 90 4 243.8737685874559 487.74753717491177
5.655680954619303 9.522663434333326 7.889137834572162 3.5415625957040144 2.989408269354873 7.175998767137202 2.5042528279005065 4.5319821981852755 6.562471125275283 4.7073708537287136 1.0221839308079756 8.956289641348942 8.964527845388261 3.7036872042983284 6.306236786932431 9.805842244133478 8.6058443991368 1.5856789515147414 3.6527001824562904 3.591409968705218 8.402197051930898 6.635647341642215 1.9942994252230641 1.0047593005234845 9.479496095699496 2.273506819526708 4.794368735495437 4.118404961336898 8.828065759574633 4.857416311170577 8.4587633589048 7.4606665440343445 2.0730402476571044 6.36745755438648 2.1678066793466195 1.6978068255445946 8.480847301213762 5.1794705330218225 2.4581123110247405 5.93177762883706 6.2963723965810825 7.962518521681608 6.902609122062129 6.019360835305807 2.6042253991312903 3.165251780962118 5.5544916913197335 4.570711289468461 5.347496668986473 9.601658569793672 9.114419735266427 5.5518338977976365 8.386313366466233 8.44944333467483 3.08650012841849 1.7114993776443739 5.191866338311598 8.910782275638457 2.327527528352681 3.0812617477947475 9.261512251335368 2.161571748455536 9.247669498592556 3.1131779582016734 6.543880917755522 9.564289840011378 3.2961773775010226 5.052296335104913 9.752660023838443 3.154338983454748 2.7881317242516603 7.191517392289248 8.605082752021648 5.079845636351246 1.912330247832656 6.605631734973977 1.7512834317380626 1.4794038518404378 4.10930630181276 9.149277026959684 8.187401866156357 4.458042484735875 1.83453404019891 2.1405250865791636 5.809575531078776 5.565737773676517 5.53181296310025 2.1394609811618848 8.121615319507127 6.364461287108797
1.1311361909238606 1.9045326868666652 1.5778275669144324 0.7083125191408028 0.5978816538709746 1.4351997534274403 0.5008505655801013 0.9063964396370551 1.3124942250550566 0.9414741707457427 0.20443678616159514 1.7912579282697885 1.7929055690776523 0.7407374408596656 1.2612473573864862 1.9611684488266956 1.7211688798273599 0.31713579030294825 0.7305400364912581 0.7182819937410436 1.6804394103861795 1.327129468328443 0.39885988504461284 0.2009518601046969 1.8958992191398991 0.4547013639053416 0.9588737470990875 0.8236809922673796 1.7656131519149265 0.9714832622341154 1.6917526717809601 1.492133308806869 0.4146080495314209 1.273491510877296 0.4335613358693239 0.33956136510891893 1.6961694602427524 1.0358941066043645 0.4916224622049481 1.186355525767412 1.2592744793162165 1.5925037043363217 1.3805218244124258 1.2038721670611614 0.520845079826258 0.6330503561924237 1.1108983382639468 0.9141422578936922 1.0694993337972947 1.9203317139587344 1.8228839470532854 1.1103667795595273 1.6772626732932465 1.6898886669349662 0.617300025683698 0.34229987552887475 1.0383732676623196 1.7821564551276914 0.4655055056705362 0.6162523495589495 1.8523024502670737 0.4323143496911072 1.8495338997185111 0.6226355916403347 1.3087761835511045 1.9128579680022757 0.6592354755002046 1.0104592670209827 1.9505320047676886 0.6308677966909496 0.557626344850332 1.4383034784578497 1.7210165504043295 1.0159691272702491 0.3824660495665312 1.3211263469947954 0.35025668634761253 0.2958807703680876 0.8218612603625519 1.8298554053919367 1.6374803732312713 0.891608496947175 0.36690680803978204 0.4281050173158327 1.1619151062157553 1.1131475547353034 1.10636259262005 0.42789219623237695 1.6243230639014254 1.2728922574217594
0.0744592048645033 0.3611399646518665 0.3221702031828002 0.24223062730083
0.04662987836169319 0.596830331808012 0.23480564503956602 0.12173414479072875
0.005024923725740482 0.23515697782067158 0.28897311813225335 0.4708449803213346
0.14536195449419298 0.4602032402764391 0.23728935627811076 0.15714544895125715
0.5583471760640503 0.04512803115177755 0.3510792241334354 0.04544556865073679
0.3018131639153595 0.3254193358418963 0.012157378957007858 0.36061012128573633
0.2853803359354091 0.19851163539297945 0.3658925570904895 0.15021547158112192
0.0968849642839934 0.09315368710261152 0.13874869855353522 0.6712126500598599
0.12234722973411316 0.6386089161031466 0.1273060060039285 0.11173784815881171
0.1552147464040412 0.0299781710792979 0.3795925316749139 0.435214550841747
0.08086222034004453 0.6571778039614611 0.05633928206239025 0.20562069363610413
0.11380123623093197 0.33569574649695133 0.1019054214781222 0.4485975957939945
0.1406534791699433 0.008194545722752355 0.22268575223727016 0.6284662228700342
0.05011902966338311 0.330188333193019 0.5304004645801571 0.0892921725634408
0.19425766330246852 0.011675010827103427 0.41130881962735977 0.3827585062430683
0.17079131745352893 0.4697721943949207 0.3221579577037328 0.03727853044781759
0.028773996896283682 0.3014956562524538 0.27481735297224563 0.3949129938790169
0.9395388576438164 0.013702225731360151 0.03754981251370948 0.009209104111113975
0.06781930482977494 0.05378932813766901 0.7062585830644169 0.17213278396813914
0.31263487955292235 0.38190647758927443 0.2402508654214226 0.06520777743638062
0.08096605281726121 0.33315761593914284 0.21261200720386653 0.3732643240397294
0.3436456284377015 0.2030931391984313 0.17630176126309194 0.27695947110077523
0.34809190046205274 0.06255906248068577 0.24036046217264562 0.3489885748846159
0.09317831284174316 0.29998078022714836 0.5836725919771176 0.023168314953990854
0.030125761588574607 0.26097985541908264 0.10290598213722613 0.6059884008551166
0.3241235471935223 0.15059761602002153 0.29788325687328776 0.2273955799131684
0.42954226359209646 0.17259155239984447 0.016862920306473628 0.38100326370158544
0.07309111409214941 0.11569851853616497 0.4015143620232149 0.4096960053484707
0.1151005530179735 0.12876740937525055 0.014761552260569744 0.7413704853462062
0.3755784392310356 0.21523628174359577 0.0035678117558580746 0.40561746726951053
0.1253607482101322 0.35193314218867777 0.4559481639444749 0.06675794565671511
0.21395974147532426 0.1684449045796178 0.5730020496278756 0.044593304317182336
0.021559629030845406 0.003335677250061564 0.6284160936382756 0.3466886000808175
0.6132629221851462 0.3482262184427194 0.017295750131799514 0.021215109240334873
0.14696006871897738 0.36502494971691524 0.2041626223513382 0.2838523592127692
0.1448598293465332 0.0186472308430905 0.6836065899808946 0.15288634982948168
0.02678853814485327 0.24487974632627074 0.3339202215167647 0.3944114940121113
0.10997747968966642 0.5379073733712013 0.12884052854854045 0.22327461839059182
0.388468854806459 0.02841541208270082 0.19987785373283817 0.383237879378002
0.5345126828592638 0.1176703819877335 0.20278072457924579 0.14503621057375693
0.04946705171077226 0.6635292364812018 0.052827499836229364 0.2341762119717966
0.0489662006098438 0.31199198805335115 0.6342146492466247 0.004827162090180304
0.1197395769791999 0.6745897036991895 0.04973341844637158 0.15593730087523905
0.08362855759432997 0.11041906188131423 0.7004322466589191 0.10552013386543668
0.2273428595343805 0.12199808301971482 0.4585191862514477 0.19213987119445697
0.05167183644896767 0.24671325957557422 0.19042301782608373 0.5111918861493744
0.21038752809982075 0.38921147149203805 0.13211484108350147 0.26828615932463973
0.08774706063976812 0.3756218073455976 0.10500242376430835 0.43162870825032595
0.023169743854271396 0.2393828096306665 0.13940528722114054 0.5980421592939216
0.405200550812272 0.03222063811072029 0.040370685559104946 0.5222081255179027
0.27243960181280913 0.4331221149814487 0.01891868813607711 0.27551959506966506
0.25320217406703527 0.5959248007542773 0.14135455928330698 0.009518465895380412
0.3802029602480851 0.4015028386391366 0.08902145197105726 0.12927274914172104
0.07294111304757134 0.5541849689774313 0.25311426595963804 0.11975965201535932
0.007227984623138783 0.08159742729091979 0.7827836959575721 0.1283908921283693
0.1829887421949219 0.45488700770437474 0.2364869805577391 0.12563726954296428
0.07824100385495825 0.061577201957257355 0.8004973349512737 0.05968445923651067
0.021806789118449688 0.6604186774074624 0.20055020254059952 0.11722433093348839
0.0917493119472077 0.3050498894495781 0.03234189331163073 0.5708589052915835
0.22784077369818545 0.042132895823541405 0.1846555271568805 0.5453708033213926
0.19300320074456478 0.6120957728587846 0.12800662451168499 0.06689440188496565
0.09756212145850385 0.2106703834794902 0.4074345438162641 0.28433295124574187
0.34630026241876444 0.22334863062546306 0.039777785540920596 0.3905733214148519
0.16458012282314227 0.026532074952417273 0.051737257161733496 0.757150545062707
0.31434967098598876 0.22345040945048367 0.12216339995093373 0.34003651961259385
0.13406142845320113 0.390887102981607 0.2814311538850398 0.19362031468015206
0.18085637652095798 0.2554913215743947 0.4085230124810102 0.15512928942363713
0.4581142029682954 0.33689691864478555 0.13907260086144868 0.06591627752547036
0.21212538395786107 0.36078863865131705 0.30636184624555873 0.12072413114526315
0.3251344852047523 0.03252100404223357 0.33207141391639816 0.31027309683661597
0.149070930621918 0.28051991668765774 0.16589933438762505 0.4045098183027992
0.0010769051076935376 0.256791917530524 0.02477162174444003 0.7173595556173424
0.03119623242181535 0.1927445879247146 0.6465960734460837 0.12946310620738632
0.3577997907742848 0.14337102155345105 0.19409365319114824 0.3047355344811159
0.49078881889177617 0.02242290918305656 0.13414601619327138 0.3526422557318959
0.35560449737706856 0.15666739550328868 0.4262258442558928 0.061502262863749935
0.008892823484124568 0.17335070721094292 0.13562271869138587 0.6821337506135466
0.5204200584793329 0.18585813980397148 0.09212460729278538 0.20159719442391022
0.40680733945979797 0.4341116869230168 0.10366931808134094 0.05541165553584426
0.2608053566351832 0.00119143213783246 0.1664306048127311 0.5715726064142532
0.006424919946722563 0.1781988821273035 0.7013153954512966 0.11406080247467731
0.15870647785203362 0.7012775599171589 0.10179802091873147 0.03821794131207601
0.2348524492830083 0.26771990110983235 0.03531401034292547 0.4621136392642339
0.47797758337823937 0.07608472695361257 0.4153008474639084 0.030636842204239678
0.05224330720440884 0.34619543155251964 0.159941605143739 0.4416196560993325
0.25836954755714314 0.20300271486671073 0.22157980622835272 0.3170479313477934
0.010058487645680514 0.3223573385559656 0.3029443230850998 0.3646398507132541
0.3442556845771223 0.09322135539743448 0.43393629842628223 0.128586661599161
0.1493846127018884 0.04007862594275147 0.36442984658269206 0.44610691477266806
0.343274824853116 0.013714002751650578 0.07339479537724669 0.5696163770179867
0.006428299533343673 0.4529357923547881 0.143123751578367 0.39751215653350125
0.41874240000591323 0.014275293302585035 0.13533208217989767 0.43165022451160406
0.1288935485768078 0.16681325452901896 0.35178818507905374 0.3525050118151195
0.5183144450584166 0.17307481540242842 0.272155519601589 0.03645521993756595
0.0854957627108347 0.19652061933799303 0.6130845728412245 0.10489904510994774
0.3964306441212516 0.0015139881524955934 0.019083474789970634 0.5829718929362822
0.33885827739248164 0.04563307792464877 0.4542473481381103 0.1612612965447593
0.023379930587594244 0.5056232509250986 0.4333394630613412 0.03765735542596593
0.5213904458715113 0.4382543640564771 0.03894187116574499 0.001413318906266614
0.29823290410761627 0.30288604621590276 0.17973383514517305 0.21914721453130792
0.11651782167819436 0.4497962772991434 0.36094591817123434 0.07273998285142791
0.2879329511114639 0.15671063416681907 0.24401137259118888 0.31134504213052816
0.11965252243926927 0.4916811570926951 0.23328380417648853 0.1553825162915471
0.1830493219429843 0.0805050644170684 0.2723341538804078 0.4641114597595395
0.24598420871622517 0.511730738485561 0.02119713503534526 0.2210879177628685
0.11917630556450598 0.28093105441244515 0.3635606335220013 0.23633200650104758
0.21749415361126012 0.2953194069225452 0.2858083833500321 0.20137805611616255
0.480686727057959 0.012561573188850872 0.08330039552865998 0.42345130422453015
0.27628244726328566 0.44507765376563135 0.08820625599937315 0.19043364297170984
0.04517116277350908 0.29729401577914527 0.25783192781482156 0.3997028936325241
0.1754967208555327 0.13820430989597754 0.08109082983478444 0.6052081394137053
0.4689082800259925 0.042716459621270575 0.323249984653891 0.16512527569884594
0.18415932175163263 0.5990267417201445 0.08983969608194775 0.12697424044627514
0.29572214736158386 0.2616370016975369 0.26143973729078396 0.18120111365009528
0.8908251192592131 0.008986626101305184 0.0809001017134956 0.01928815292598607
0.3024871162472813 0.5099563793683621 0.07402008464987397 0.11353641973448259
0.0030786379783936946 0.08181902546525666 0.5535169509976758 0.3615853855586738
0.5614675346240364 0.12456865632048142 0.08704947097317339 0.22691433808230876
0.09905593656208833 0.12212764655881347 0.5248590129568824 0.2539574039222158
0.23501047798661767 0.30175931600445416 0.3048670499268299 0.15836315608209828
0.0837421396375857 0.4023364688747365 0.35326083159493815 0.16066055989273964
0.10869424754894208 0.23495615190174224 0.11500909808029991 0.5413405024690158
0.24522107624938727 0.027190021658459074 0.06496569465232416 0.6626232074398295
0.0425938640226482 0.5052402690680813 0.1646916211428846 0.2874742457663859
0.5902507905733642 0.2207630687486195 0.01987130062546605 0.16911484005255029
0.1836483711819311 0.15874725327675998 0.08303674020033724 0.5745676353409717
0.08871545457591135 0.005405524991666355 0.248127028711301 0.6577519917211213
0.47806896006875077 0.26555840343834836 0.09892133167568551 0.15745130481721537
0.3152283625220813 0.12652876093779086 0.5544719471402622 0.0037709293998656745
0.1632957510588965 0.19228261626646548 0.27993310300023244 0.3644885296744056
0.45578849641224983 0.1146878975871427 0.18735546452472862 0.24216814147587884
0.08651653838786766 0.1860865052622236 0.3580863428608284 0.36931061348908034
0.01644898236134007 0.2820374820642708 0.09674975851531675 0.6047637770590724
0.44788372843169166 0.42326814771446697 0.10793274454486157 0.020915379308979798
0.2195151893089342 0.2575018097206945 0.32745056815697926 0.19553243281339205
0.015136608886209824 0.363826011894696 0.29874442021498726 0.3222929590041069
0.6337757519736682 0.18580915232764095 0.148079259451513 0.03233583624717784
0.012421362724883922 0.15685281019465858 0.5139433622508158 0.3167824648296417
0.019001744850314584 0.49993767915386145 0.01657377950732175 0.4644867964885022
0.016374825218726685 0.27585454950521493 0.18206429958804993 0.5257063256880085
0.08283183092446611 0.3828040468780176 0.29364647711002956 0.24071764508748672
0.1609204521549238 0.2849241153609221 0.2748046244004888 0.2793508080836653
0.2282326164835059 0.45950712178376596 0.2870757317781749 0.025184529954553225
0.25335597176492386 0.24149584792088652 0.05042712781511771 0.4547210524990719
0.030061941010108728 0.1554299441133561 0.12921241594483734 0.6852956989316978
0.18728207386986628 0.45743944856169394 0.0012025299211471108 0.35407594764729267
0.08274846064207764 0.233169025460934 0.36096252829070885 0.3231199856062795
0.36590125050440014 0.09114452884280932 0.033878968282110344 0.5090752523706802
0.1796720491852063 0.10179763943529652 0.6516509316662632 0.06687937971323399
0.3012792211777372 0.427507806358323 0.02103583868835124 0.2501771337755886
0.4225565521700051 0.07516658976663992 0.35997108322976334 0.14230577483359164
0.06622660552823434 0.3534887805443282 0.09305712066203242 0.48722749326540504
0.32958786014080677 0.21306896121200036 0.22696111821922627 0.2303820604279666
0.10709021750846526 0.6175306973871942 0.04486650423227756 0.23051258087206294
0.2789254382835451 0.4624696774871869 0.05238544493630215 0.20621943929296582
0.013740711309659592 0.034444237472507244 0.8885355937032164 0.06327945751461672
0.1633144084901461 0.04804079877410394 0.01199815385980707 0.7766466388759429
0.008540302969749836 0.1476111619788325 0.8028804125551406 0.040968122496277015
0.1666531856059028 0.27892299444882096 0.253764262096591 0.30065955784868525
0.2525647588221581 0.6371546802582811 0.07595815829624786 0.034322402623312875
0.3657408732706374 0.04005570271082248 0.25503461776717307 0.339168806251367
0.04302207643922673 0.0023686783687634216 0.38087408125581623 0.5737351639361936
0.008248799290777709 0.3669278813297079 0.12247677422267056 0.5023465451568438
0.03615320184031623 0.7524189398003355 0.15078526376547752 0.06064259459387078
0.07204891806944869 0.11746205722461645 0.16798321265547866 0.6425058120504562
0.12343411894466438 0.2569587126896343 0.6144191587345896 0.005188009631111656
0.21681643454841037 0.35986830888824695 0.35157890854085017 0.07173634802249251
0.2290118993872451 0.14271465228326397 0.10982425137066343 0.5184491969588275
0.4227936116041937 0.03656611181490188 0.08091489367193083 0.4597253829089736
0.5338668776675614 0.2236047188867557 0.15896701539772207 0.08356138804796087
0.21285193174839834 0.17099569983649776 0.26897426493693943 0.34717810347816447
0.09211617578200748 0.013070749811075921 0.7512365627233402 0.14357651168357644
0.17557450745739034 0.5684752427865221 0.18286711107548692 0.07308313868060068
0.16534047338212798 0.5416017336212573 0.2811421227971498 0.011915670199464934
0.12335021229434073 0.07302737797530723 0.3668878935072005 0.4367345162231515
0.23052251365984355 0.1742010510676456 0.34663145479387225 0.2486449804786386
0.1113033205638061 0.2295668660505411 0.24333413410116522 0.4157956792844876
0.25182277004991815 0.014521560815768941 0.32578802657718675 0.40786764255712615
0.18868429465723824 0.003116992101358851 0.08326879995344538 0.7249299132879575
0.10389337563451528 0.007728642605427605 0.7520870741945591 0.136290907565498
