100 90 4 238.98161815715372 477.9632363143075
5.890644476118689 3.5053244658441653 4.820658316742198 8.602985190879133 1.042469705718753 2.094122087048028 7.036741762541007 8.43267479594543 2.230359307164577 6.17583996484525 9.021897588810376 2.8828190990547062 2.6679539759506756 1.9753920141782961 2.9772774336249297 9.807614062366326 8.30514834180391 2.5474691145933477 8.34602273853256 3.4666637233752926 4.885337652968095 9.460268376601372 8.358844408990546 4.025007551088088 2.5786940836810297 4.355488416609308 1.0511965661731608 3.271837181003564 8.160962576259585 1.137294741217051 6.3895903923564354 6.434240851385682 1.946329168708507 4.43749100448799 1.3282845093331201 9.013704070978681 9.828287713110804 1.5394778993623353 9.014913502556537 6.192113494600296 7.682317201881796 6.671655428278385 6.236579731589001 1.1839521882423085 2.8902391990557454 5.9021639036078275 7.922036539950865 3.256257062245563 3.573061213661782 8.671555790571757 9.775058442459288 8.96367964141995 4.2355705954321206 6.389730512881725 4.1931605049156975 4.061711938335812 2.602728905552244 3.139247877616454 1.4037605421469777 5.548882866722103 4.386272088676266 6.33524860878298 6.669476880287476 2.2834028300165516 9.404571695197772 9.517418927281911 6.42066991957779 4.489896522939677 4.268692036984149 2.8391074918177983 3.4908855525670166 3.218822930831947 2.5624720156618457 9.699487250385912 9.613113403175182 6.381763158960286 7.581706777539304 4.063467005536925 1.8285004303951475 5.171482170434329 5.578290039143745 1.7961415570260169 5.752317009862427 9.929422328594754 4.5553233858240665 4.020367975467114 8.249054835963518 7.789140951241182 3.8175979742965875 6.706330146660476
1.1781288952237379 0.701064893168833 0.9641316633484396 1.7205970381758267 0.2084939411437506 0.4188244174096056 1.4073483525082016 1.686534959189086 0.4460718614329154 1.23516799296905 1.8043795177620752 0.5765638198109413 0.5335907951901351 0.3950784028356592 0.5954554867249859 1.9615228124732653 1.6610296683607821 0.5094938229186695 1.6692045477065118 0.6933327446750586 0.9770675305936191 1.8920536753202744 1.6717688817981091 0.8050015102176176 0.5157388167362059 0.8710976833218617 0.21023931323463216 0.6543674362007128 1.632192515251917 0.22745894824341023 1.2779180784712871 1.2868481702771364 0.3892658337417014 0.887498200897598 0.26565690186662405 1.8027408141957362 1.9656575426221607 0.3078955798724671 1.8029827005113073 1.238422698920059 1.5364634403763593 1.334331085655677 1.2473159463178 0.2367904376484617 0.578047839811149 1.1804327807215655 1.584407307990173 0.6512514124491127 0.7146122427323565 1.7343111581143513 1.9550116884918576 1.79273592828399 0.8471141190864241 1.277946102576345 0.8386321009831395 0.8123423876671623 0.5205457811104488 0.6278495755232908 0.2807521084293955 1.1097765733444205 0.8772544177352533 1.267049721756596 1.3338953760574952 0.4566805660033103 1.8809143390395544 1.9034837854563822 1.284133983915558 0.8979793045879354 0.8537384073968297 0.5678214983635597 0.6981771105134034 0.6437645861663894 0.5124944031323692 1.9398974500771824 1.9226226806350364 1.2763526317920573 1.5163413555078606 0.812693401107385 0.3657000860790295 1.034296434086866 1.115658007828749 0.3592283114052034 1.1504634019724853 1.9858844657189507 0.9110646771648133 0.8040735950934229 1.6498109671927037 1.5578281902482365 0.7635195948593175 1.3412660293320953
0.11078790118244575 0.3461912288668201 0.08342544525145057 0.4595954246992836
0.20012360721840317 0.05413391059931494 0.5240316976321304 0.22171078455015147
0.6103281532093938 0.014995604547413777 0.07241114975614837 0.30226509248704403
0.02317813647840361 0.9003186887806838 0.05300330175676793 0.023499872984144687
0.21097841871844636 0.24962320235640378 0.088773640552822 0.45062473837232786
0.3947002866898355 0.10565560998502954 0.025600039554913967 0.474044063770221
0.09043278819643585 0.3124475431827063 0.09773398806381106 0.4993856805570468
0.039998689640650786 0.5423454805761181 0.36113292752595805 0.05652290225727308
0.11004833096656297 0.4139385035217499 0.46865540291465524 0.007357762597031914
0.18327900063057578 0.7596812442844499 0.05597202392818623 0.0010677311567880432
0.1896735289121496 0.2972179534569739 0.10778858653258194 0.40531993109829456
0.20820724019602266 0.15147086240451357 0.21776327022731112 0.42255862717215265
0.3754392475619882 0.1164036627020657 0.23751755076538728 0.2706395389705588
0.11353757521867625 0.3425014823874477 0.19899614839319846 0.3449647940006776
0.13491872253239878 0.3852419645055245 0.44148121673672247 0.03835809622535424
0.29943801894470223 0.0877346088839368 0.3198708678605041 0.29295650431085685
0.07957343897032487 0.3934105515978962 0.33274461686856416 0.1942713925632148
0.49049905188389964 0.24249596795409267 0.22840245766561318 0.03860252249639451
0.16224691874820008 0.25484381683546076 0.007756502341170757 0.5751527620751684
0.035626996553034807 0.2661254169311137 0.5451800661252705 0.15306752039058102
0.2943304412963712 0.13684741100335873 0.5211990007138164 0.047623146986453646
0.263365783050724 0.22950072429454982 0.40088559737493223 0.10624789527979395
0.08226452393202399 0.6023597477606889 0.11178095349349493 0.20359477481379218
0.21134788749712163 0.2740664226872457 0.504251266594916 0.010334423220716649
0.06088456434663547 0.25999716173990073 0.3804447880069799 0.2986734859064839
0.16926890814543094 0.0705232814190413 0.1986009050753711 0.5616069053601567
0.5590558855960195 0.04605614992215956 0.10678762306473666 0.2881003414170843
0.8496073257589813 0.010786865148605385 0.017161351379184175 0.1224444577132291
0.1908360458112225 0.049796775118630454 0.488861523034655 0.27050565603549204
0.13752361490782572 0.2488171793983427 0.43776149495241834 0.17589771074141325
0.23933508209581977 0.5687799307978806 0.1577108023507846 0.034174184755515036
0.13748694797777417 0.09374135607102885 0.7609623854664441 0.007809310484752863
0.33253590652220666 0.30398113473257193 0.12439571830407148 0.23908724044114993
0.017823184026521055 0.5040486137980686 0.4063128836390567 0.07181531853635359
0.21295603224034498 0.20866147682224456 0.378873696506563 0.19950879443084746
0.009933693670982957 0.2653795251239154 0.14604270296165744 0.5786440782434442
0.0491059726975559 0.14341570755442345 0.6126484871153178 0.19482983263270282
0.47969376130167696 0.2071169348527191 0.1531594030473553 0.16002990079824864
0.06043793213558557 0.26092790664661314 0.36134061764610836 0.3172935435716929
0.06913918311155143 0.04046776672096131 0.13356721605491262 0.7568258341125746
0.07664186926890304 0.3907361221764445 0.387066524259709 0.14555548429494347
0.459553670010184 0.0879463311391181 0.37254704170940833 0.07995295714128958
0.30687852974345065 0.2924402509808338 0.3256081626785071 0.07507305659720842
0.05120709286293723 0.3445875170340592 0.23929353785393004 0.3649118522490735
0.1228477519037694 0.6582163307273221 0.047958671069731285 0.1709772462991772
0.1384489237765847 0.5659868734873587 0.21689599625689937 0.07866820647915729
0.546551813367495 0.35112649737477053 0.08478926398472741 0.017532425273007024
0.1854741590544805 0.3690026490174535 0.019999033951404455 0.42552415797666154
0.10956460430560977 0.03887405343717376 0.7908169264093557 0.06074441584786072
0.09849288379186216 0.14599804551429751 0.13958852973525449 0.6159205409585858
0.10686550466855071 0.34886354632954775 0.0640226567131088 0.48024829228879273
0.06066969591495719 0.44114389777057395 0.09718943120296974 0.4009969751114991
0.18106714116610723 0.28170638252845837 0.14588552144525524 0.39134095486017917
0.4553549670732038 0.11275376777229207 0.22858150403586575 0.2033097611186384
0.7728028218089087 0.03943345615387939 0.014139328758724035 0.1736243932784879
0.5407225761596202 0.015587464117253091 0.32907729196435276 0.11461266775877399
0.38009165785093446 0.19603375456094085 0.10498595513007836 0.31888863245804633
0.0303847229992098 0.15099913683956379 0.14847090054073075 0.6701452396204957
0.3810072706070531 0.27158895231503744 0.006369211650513074 0.3410345654273964
0.14770043610250894 0.33488466774773296 0.3237007693924794 0.19371412675727873
0.067767735751191 0.05568195690211786 0.5805857491249106 0.2959645582217806
0.13367496222456432 0.023040906697718966 0.5554350789800557 0.287849052097661
0.4508774763010518 0.04263456574842284 0.47835410619555796 0.02813385175496741
0.1509202908404773 0.06036159295588439 0.17597553373485553 0.6127425824687828
0.10819822866909212 0.32044506927377037 0.5666221040745444 0.004734597982593125
0.07026799039549492 0.035940168134994455 0.7844558919260619 0.10933594954344872
0.13563613798031937 0.6215221444552365 0.12020572289508491 0.12263599466935926
0.5193379792114721 0.1394349501472102 0.19762046080154527 0.14360660983977247
0.502466433756727 0.05006298967759637 0.01601954118395965 0.43145103538171703
0.12751954351366868 0.0729710652189891 0.35762160830352785 0.44188778296381437
0.10008522439470402 0.4155032612151194 0.3310040633115803 0.15340745107859632
0.25901477045356636 0.05861690117431717 0.5384565769237818 0.14391175144833468
0.15918230108432907 0.3944768990771269 0.39052911767044596 0.055811682168098065
0.008376446001807092 0.08975570980658198 0.1812300211015021 0.7206378230901088
0.5092314972536864 0.06737827111355366 0.09560879767418051 0.3277814339585794
0.11929113212325759 0.129816257235278 0.18579192533451327 0.5651006853069511
0.3137655042597186 0.06612218413838622 0.47102649390872287 0.1490858176931723
0.6649769518322519 0.097313968430084 0.15219227082504672 0.08551680891261737
0.22374220285139934 0.4190596473817385 0.0251365647655164 0.33206158500134575
0.01959981977284353 0.35409108157217384 0.08581640134110025 0.5404926973138824
0.00887517698156215 0.30087833818591125 0.5883782218054275 0.10186826302709906
0.2723444648400082 0.036042241954799326 0.21377791513350786 0.47783537807168464
0.29502169857893545 0.04685719413630851 0.6144687133919522 0.04365239389280384
0.3373519213932864 0.1707627203061436 0.3215350182911829 0.1703503400093871
0.051549976415450005 0.7185730169980427 0.193170639394304 0.036706367192203326
0.4098464718143954 0.3070336590902156 0.23914253601785818 0.04397733307753082
0.4698011067009591 0.09688429204037774 0.2754517038123878 0.15786289744627535
0.22960846580858452 0.204306235721606 0.0033348951939361493 0.5627504032758733
0.3760066618461234 0.35494447797200335 0.03819154100324418 0.23085731917862906
0.20848049565757376 0.030941177260981445 0.13665376859897627 0.6239245584824685
0.2967937508800147 0.015846546995728406 0.34629977235045384 0.34105992977380306
0.6411012587007017 0.016523546828282054 0.12197359308176592 0.22040160138925036
0.30900034852440217 0.550617947204663 0.12278953388048452 0.017592170390450357
0.16074454850708164 0.005949582691776478 0.7868557186806758 0.04645015012046605
0.2718308491769721 0.08869440163763609 0.33563631400877714 0.3038384351766147
0.0013990231190438296 0.4907679467821061 0.22390402066318615 0.2839290094356639
0.27356292002744065 0.08073538007887993 0.09087832872481771 0.5548233711688617
0.026544641333941965 0.2565957183858776 0.7077524432050075 0.009107197075172935
0.17314990980873102 0.4913315361552091 0.3286359265171047 0.006882627518955187
0.2418600859762523 0.14498533594153795 0.19584839323210845 0.4173061848501013
0.3095898177667046 0.10118085525860543 0.30581542010302987 0.2834139068716601
0.3213319320088136 0.12037588755992934 0.009550804493091425 0.5487413759381656
0.34373953523538436 0.42635023768431113 0.1289865418740157 0.1009236852062888
0.13302868937357504 0.02670754078493509 0.5513017630519874 0.28896200678950246
0.2182722577281544 0.6193434871336554 0.14145460062205906 0.020929654516131158
0.2508340198317248 0.6060615085732909 0.0030800285406473726 0.14002444305433692
0.2529805046497241 0.4102965423664041 0.06948355799958694 0.26723939498428484
0.6321920644327551 0.2702174388152111 0.051395230919696555 0.04619526583233724
0.40588132236756125 0.2897097059245126 0.16252319775935586 0.14188577394857027
0.07019911390868883 0.42219353308989327 0.4872310340315881 0.020376318969829832
0.5923975029889863 0.0038360155293548637 0.21434024001112995 0.1894262414705289
0.3192704571895012 0.22301015634629462 0.011740576235910405 0.4459788102282938
0.48829316680509927 0.14734354302029928 0.31911079560541034 0.045252494569191115
0.02841185671325175 0.3832362814645812 0.5550447824051348 0.03330707941703226
0.0251715638848119 0.04835549798076222 0.03787925483847909 0.8885936832959468
0.19005270791973705 0.437633571581317 0.2032174851029207 0.16909623539602525
0.5592172832680401 0.145203125020817 0.15387451703792043 0.14170507467322246
0.2544665354944545 0.18066365459777123 0.48462516905784403 0.08024464084993022
0.4126407675387943 0.2933787524173679 0.14530490687683317 0.14867557316700464
0.5252117866139705 0.06566900412095422 0.2173896171566836 0.1917295921083917
0.06368112422046845 0.7161146800124664 0.08746460887549579 0.1327395868915694
0.28575198481557174 0.30393346388795506 0.08875525566795905 0.32155929562851415
0.046527167666138625 0.5553214384657539 0.34270418489516485 0.05544720897294264
0.18167941079661343 0.00839276533755906 0.30574980976949795 0.5041780140963296
0.0547173770819418 0.38255146436572185 0.4221674699972474 0.14056368855508894
0.14333587216899957 0.5744041323743369 0.07202567479267019 0.2102343206639934
0.012625830357479995 0.3011894029601553 0.25218515166745825 0.43399961501490647
0.3676567217785285 0.08650683067247689 0.2726473526007014 0.27318909494829324
0.09095116720087482 0.0017686999701667094 0.5880159000595961 0.31926423276936233
0.16905576511943454 0.4714056770365953 0.23245851959023534 0.12708003825373482
0.21038644476715873 0.5655627746362138 0.01296557769984541 0.211085202896782
0.4809727659278811 0.11800638955307208 0.1872757073344593 0.21374513718458754
0.5043734512337575 0.03697952911535507 0.4291978216811062 0.029449197969781182
0.028463806171351802 0.2015053590776813 0.568776107306306 0.20125472744466089
0.2202125178336386 0.06527930986640085 0.21917398489663964 0.4953341874033209
0.6939164454759088 0.08412010685806914 0.16498207970221346 0.056981367963808593
0.0656092254275048 0.19832176366736587 0.1052862406430124 0.6307827702621169
0.27197820430902153 0.24088806378476613 0.13430106373461148 0.35283266817160086
0.030304170594405044 0.3164499595817989 0.031572865485266166 0.6216730043385299
0.5808627476668515 0.08061822610683345 0.003942714145776294 0.33457631208053873
0.03866652012956684 0.25756759773619076 0.2520203895982299 0.4517454925360125
0.0004867594752598903 0.5012393622163545 0.44811081745823056 0.050163060850155095
0.6475821773323257 0.02442050645981786 0.03227041144282372 0.2957269047650327
0.5853103927119501 0.15314113781954442 0.21568678400300068 0.04586168546550484
0.029956597665086293 0.49182079595123396 0.4055137799358298 0.07270882644784993
0.18711472229064618 0.2714469447930077 0.4492033311817597 0.09223500173458643
0.013846685418091642 0.13793781911191172 0.6568999856033885 0.19131550986660817
0.21365686845063014 0.5645166587053183 0.1735996189923773 0.048226853851674245
0.14409194606082942 0.2616425865118195 0.10608814114079468 0.4881773262865564
0.5240217982839889 0.2803692823853049 0.1890624964114036 0.00654642291930263
0.06192919793340079 0.8990504550444826 0.03483615398451134 0.0041841930376053105
0.0904734812788307 0.08987168794951739 0.4827361530923866 0.3369186776792653
0.14360098508058272 0.1860999934166302 0.18016015178768718 0.4901388697150999
0.08654232235729176 0.7287962571025859 0.07806483456223878 0.10659658597788357
0.020062850895111617 0.6746798205985084 0.07156134068659148 0.2336959878197885
0.08843736434987892 0.11282151389690542 0.29121744552979856 0.5075236762234171
0.6861716144556532 0.17255535822819423 0.08449552951808115 0.0567774977980714
0.23087775291356172 0.051912500953062435 0.06054319130982122 0.6566665548235546
0.16112709705428085 0.1421504224984742 0.18243234855402224 0.5142901318932227
0.2323783174916082 0.3113138517384292 0.1264686907697652 0.32983914000019743
0.3149919734186799 0.13238430685872316 0.4542158051167072 0.09840791460588971
0.05184299524331337 0.014528378314885293 0.21995850035361464 0.7136701260881867
0.35974476987985604 0.07321327128494393 0.2842592608784209 0.2827826979567791
0.40699555242514285 0.16106337717117847 0.39297870256899314 0.03896236783468554
0.1371442613273378 0.0057294661307037975 0.22588822507208484 0.6312380474698736
0.05238812645692448 0.08389399557641697 0.6344232585534448 0.22929461941321372
0.6212826674295909 0.05862836898764867 0.04672694658207743 0.27336201700068297
0.094895480739556 0.26197731331163476 0.5881328970998323 0.054994308848976936
0.05725321925421012 0.03152388929864258 0.5184442765782747 0.39277861486887256
0.021136011560755397 0.3726573327969832 0.17177379261836123 0.43443286302390016
0.16284534638833636 0.1925879721928423 0.22672335968192614 0.4178433217368952
0.10100427170620596 0.19881578507667974 0.5826357125688394 0.1175442306482749
0.2860681555183966 0.44283663652322924 0.27057435909066785 0.0005208488677063139
0.09940514628180974 0.37571641051812654 0.3587150095555528 0.16616343364451092
0.6813237878724938 0.01962366869975407 0.11505289318272705 0.18399965024502507
0.2070405888350909 0.19897058833126413 0.2663202312736195 0.3276685915600255
0.10771652388871167 0.8330238684086804 0.0390366376050425 0.020222970097565462
0.4109781451687913 0.399556154106409 0.007500137207778201 0.18196556351702153
0.6373144062380719 0.2583870155589919 0.060522620448833386 0.04377595775410281
0.06319643998308144 0.5182872895693728 0.19871551927302833 0.21980075117451747
