45 90 4 239.82381463442596 479.6476292688519
9.9011036212804 5.945902541602529 3.5330257175955655 1.6956060947125544 5.000225463746228 5.255271727799368 1.4366980081580127 2.4699200338744007 2.0435564034815 6.646525144339834 8.70563843736062 6.850921789787973 9.916495162820201 5.2331567356340685 6.564650352106224 3.5440048587805064 9.784029842357874 7.057611992185077 4.9647779989709 3.6071860622688536 5.587297156424271 2.0121480621639516 3.0425931040805727 5.306970741955252 3.1848234110210174 4.491842658464503 8.36986084808839 1.6708670664539196 9.308345851249022 3.024064738085121 7.357343361471965 1.9950891109526014 6.409037111708677 4.661132842794643 8.531465053888507 3.250273850595632 5.119641923145819 6.016894324138682 3.2675517981239968 1.9921719003915923 7.539734766772217 3.7906654376460014 8.431785689474848 5.064998739818982 1.8472503619044325 8.984829138488756 7.675787151645486 2.097390478913191 8.70282164515266 1.6024444406951446 2.6555678727177723 2.549501355757883 9.30050179711989 6.996992241011208 3.2955107980312297 3.2618462755406648 9.856329085344026 7.1091583689907365 4.6213415556011626 1.5775506636948318 4.994867134750838 2.863824654471413 3.903309583488593 6.845373552948697 7.516111337828615 5.214992476024783 2.6897115533583653 3.667486966133878 2.2617263388495488 1.8529269233915153 5.425868413288202 9.917008329057841 8.918321738503373 2.4515093864928756 3.744219661519273 6.443156955577578 9.462741700875608 7.598075505195365 1.354778225976396 2.4396618787150883 1.578089542959347 5.000954202544917 8.557952403335335 6.0178183644029355 9.89124078539319 7.868760425448224 9.467899563166554 7.540735565542962 3.2736902111274597 9.16708512010137
1.98022072425608 1.1891805083205058 0.7066051435191131 0.3391212189425109 1.0000450927492455 1.0510543455598735 0.28733960163160255 0.49398400677488014 0.4087112806963 1.3293050288679669 1.7411276874721238 1.3701843579575947 1.9832990325640403 1.0466313471268136 1.3129300704212448 0.7088009717561012 1.9568059684715748 1.4115223984370153 0.9929555997941801 0.7214372124537707 1.1174594312848543 0.4024296124327903 0.6085186208161145 1.0613941483910503 0.6369646822042034 0.8983685316929005 1.673972169617678 0.3341734132907839 1.8616691702498045 0.6048129476170242 1.471468672294393 0.3990178221905203 1.2818074223417353 0.9322265685589286 1.7062930107777015 0.6500547701191264 1.0239283846291638 1.2033788648277364 0.6535103596247993 0.39843438007831844 1.5079469533544434 0.7581330875292003 1.6863571378949698 1.0129997479637964 0.3694500723808865 1.7969658276977512 1.5351574303290971 0.4194780957826382 1.7405643290305322 0.3204888881390289 0.5311135745435545 0.5099002711515765 1.8601003594239782 1.3993984482022417 0.659102159606246 0.6523692551081329 1.971265817068805 1.4218316737981473 0.9242683111202326 0.31551013273896633 0.9989734269501677 0.5727649308942826 0.7806619166977187 1.3690747105897394 1.503222267565723 1.0429984952049565 0.5379423106716731 0.7334973932267757 0.45234526776990974 0.37058538467830304 1.0851736826576404 1.9834016658115683 1.7836643477006746 0.4903018772985751 0.7488439323038546 1.2886313911155156 1.8925483401751215 1.519615101039073 0.2709556451952792 0.4879323757430177 0.3156179085918694 1.0001908405089834 1.711590480667067 1.2035636728805872 1.978248157078638 1.573752085089645 1.8935799126333108 1.5081471131085924 0.6547380422254919 1.833417024020274
0.2372215788455453 0.3670166238017809 0.08048448549182441 0.3152773118608494
0.5237494966813177 0.19900571055871974 0.11803719283544611 0.1592075999245165
0.04442158058212842 0.5265641262930728 0.4190213884957106 0.009992904629088195
0.030473341519351438 0.4427740074218701 0.49414152561132174 0.0326111254474567
0.07445300675121813 0.11006839655495015 0.05178870174398986 0.7636898949498419
0.07036985367114024 0.07728300954979406 0.5898959059163964 0.2624512308626693
0.5346123521023269 0.39481153409836933 0.035378014386926004 0.035198099412377726
0.31738832906629 0.33791388947374756 0.15449491205425459 0.19020286940570785
0.30903249402955024 0.07963137394530184 0.48159332715211123 0.1297428048730367
0.1517106503440303 0.25927363759969846 0.19150542593458497 0.39751028612168626
0.2025824851018787 0.03109172320565945 0.18549577339124634 0.5808300183012155
0.39023364997316157 0.3385788478770956 0.09401453258558168 0.17717296956416118
0.0951198285526551 0.06864457755051112 0.1494527273487174 0.6867828665481164
0.4458548735203173 0.10000774575874172 0.002980353355301446 0.45115702736563956
0.12543415040740347 0.7517669978745709 0.09503355550606574 0.02776529621195989
0.3531409204404511 0.5537586207175694 0.07868413744606984 0.014416321395909648
0.05504379602223486 0.22215708732637918 0.13873107306632293 0.584068043585063
0.10431775641310781 0.3311945085288688 0.45174045315637945 0.11274728190164396
0.3810573736781755 0.27875538736659744 0.026335399547798843 0.3138518394074282
0.5440263175004111 0.2996141466007912 0.04734368721966098 0.10901584867913672
0.30401828157870536 0.054883202309678025 0.4403793956418658 0.20071912046975082
0.4035604768232044 0.2422911454850929 0.2854251911873924 0.06872318650431031
0.08764698750893873 0.2598518262143712 0.47657219043316057 0.1759289958435295
0.37051211495154457 0.46659616404231774 0.11778781084963075 0.04510391015650694
0.7272713391330065 0.15048154846829875 0.04539350712128021 0.07685360527741458
0.7267414758828553 0.12350201031210362 0.12618879070426803 0.02356772310077304
0.38546896745722814 0.016044846847368732 0.33490099510450333 0.2635851905908998
0.03143591821773073 0.5631429028762964 0.1765985597143137 0.22882261919165914
0.23584306680715827 0.04934525871965101 0.493723160520959 0.22108851395223172
0.195168349136833 0.26162711111772763 0.2730010186775764 0.27020352106786294
0.1721147210951368 0.256040469879246 0.38602510693704806 0.18581970208856913
0.0212937590674126 0.23418351920822755 0.05168419989036277 0.6928385218339971
0.4408910429721735 0.03888871360924928 0.08718185215543517 0.43303839126314203
0.08629635265872171 0.31102079237543867 0.5564480414307386 0.04623481353510106
0.5516686454541706 0.17906303832926962 0.06944209600236906 0.19982622021419072
0.08880626551940107 0.24097381368241177 0.15259333714111 0.5176265836570771
0.044396975656120885 0.14221833163777742 0.46769074422575607 0.3456939484803456
0.2610887995132456 0.18342455451737083 0.06264672382800407 0.4928399221413795
0.5231087713657611 0.010488361997560758 0.41573608044871924 0.050666786187958945
0.21967795603794382 0.07968710400111945 0.688959035639872 0.01167590432106469
0.06670102141056655 0.49802645269412027 0.2474699212574134 0.18780260463789977
0.13054982916411617 0.15108796281819747 0.620748829763974 0.0976133782537123
0.12414789989190056 0.17980128828579056 0.008418332862650257 0.6876324789596586
0.152725566284017 0.2283080105486125 0.0651847350109217 0.5537816881564488
0.01067578360211352 0.39889515910437345 0.2552182875399699 0.33521076975354314
0.34862424839660777 0.23450317809373522 0.3503893288268426 0.06648324468281441
0.8858703828337904 0.010445374087162174 0.025551141001534772 0.07813310207751267
0.021059907633108832 0.5519111850743896 0.3539298619690634 0.07309904532343814
0.40444243707135974 0.03486583668690879 0.2535801011255765 0.307111625116155
0.07734286041181904 0.5884765166776688 0.13015208204859496 0.20402854086191724
0.128620498208615 0.27294503539523796 0.3042195629701452 0.2942149034260019
0.7781397689109422 0.1491279294549981 0.03263173877249392 0.040100562861565825
0.2091832800015787 0.07992661795102285 0.14635859533625373 0.5645315067111447
0.10514112720557778 0.04986378487904786 0.11372164639243443 0.7312734415229399
0.014759622967374764 0.0228626878318704 0.06953774442449012 0.8928399447762647
0.11208594592057342 0.057472551266638305 0.49727712865283835 0.3331643741599499
0.32990360888018233 0.07953897402218313 0.12790181561692793 0.4626556014807066
0.6124817942144846 0.014953597827722986 0.09717485954484806 0.2753897484129444
0.18821101810449203 0.029330018779302303 0.5188362276528965 0.26362273546330917
0.2918022586282094 0.18282545410956252 0.46884694421725437 0.0565253430449737
0.4017818335777972 0.08553590639809727 0.458494363081418 0.05418789694268755
0.1550238099457928 0.03209985123524006 0.6893744547994594 0.12350188401950779
0.1668031925272454 0.34950765386573823 0.4404167730855224 0.04327238052149396
0.08676286488953744 0.3342137024876054 0.4742621108322601 0.10476132179059705
0.2470565699227164 0.0412095658652748 0.08017236324669808 0.6315615009653107
0.038559394077905096 0.27365794167204816 0.04236913887702998 0.6454135253730168
0.5746674518688687 0.035232038291351686 0.31513391908949495 0.07496659075028467
0.03093052604469748 0.04350681590022787 0.1207447538194637 0.804817904235611
0.1927682662871083 0.4798828151992026 0.3082556954470753 0.019093223066613763
0.20122269278560057 0.39349835722539717 0.11686455617250102 0.28841439381650125
0.06346887941038903 0.6864865323791289 0.046903507299195346 0.2031410809112867
0.13446984895675573 0.017815896510569695 0.6506616989093044 0.1970525556233702
0.5677610631206301 0.1541441186183704 0.2230660776662149 0.055028740594784575
0.07623269527854093 0.32279890484133633 0.29058029169395716 0.3103881081861656
0.22522309552934305 0.16165043551955016 0.27667670455005877 0.336449764401048
0.5627997618911992 0.04652164460324604 0.1717645545162253 0.21891403898932948
0.3526463386378824 0.1138480531990016 0.4033959403483265 0.1301096678147895
0.17190282410571167 0.2572206836448574 0.4191333488527875 0.1517431433966434
0.34046612407362875 0.22577323941914762 0.08845740223018661 0.345303234277037
0.14156025716124598 0.4379958482333084 0.18517377063943175 0.23527012396601388
0.0006170788309720621 0.09272077381387933 0.15337172743490446 0.7532904199202441
0.2902594533366405 0.03635027749006681 0.11857064276728013 0.5548196264060126
0.22653528622033126 0.4266943091469705 0.28952454109368275 0.05724586353901551
0.5245510067529855 0.08948519019784251 0.1710255174784514 0.2149382855707206
0.1764535118123497 0.42389698075390836 0.18990224651215504 0.2097472609215869
0.12397464553974491 0.5304901340188708 0.34108085938220645 0.004454361059177847
0.18732785880066116 0.205147228033289 0.17285029939658636 0.4346746137694635
0.057155138216029466 0.29555710475309827 0.30350589200873224 0.34378186502214003
0.06463153634905328 0.07693305232668324 0.5185882849616021 0.33984712636266134
0.24018087825070422 0.047380256768082774 0.381448890934157 0.330989974047056
0.10523491740724167 0.6320260148127631 0.2517249773722908 0.011014090407704402
0.29788447696729425 0.13521576253427514 0.23553574598692228 0.3313640145115083
0.22671595816392676 0.22654928587831047 0.12072264046274994 0.42601211549501283
0.07475668562383264 0.004097259576059442 0.32872340520460785 0.5924226495955001
0.12888529643023605 0.24441551613816037 0.03391400649084286 0.5927851809407607
0.3455340811149984 0.03517581680360038 0.4935663958713381 0.12572370621006312
0.11351235681208072 0.300057744138732 0.191044732221473 0.3953851668277143
0.10949532823123653 0.2683342931196596 0.3756366224845611 0.24653375616454276
0.5886472898861005 0.16200282544072253 0.1814691345322792 0.06788075014089778
0.42199938071274934 0.05637674792377123 0.15024335935006294 0.3713805120134165
0.11489528131347349 0.49320504910175356 0.2707951645229326 0.12110450506184034
0.325377541118959 0.19173943900702584 0.06584245990125859 0.4170405599727566
0.3550985492284746 0.5817650102595086 0.046471882763178374 0.01666455774883846
0.30738284945655314 0.2033187518532532 0.23576523706974095 0.2535331616204527
0.31603742394293355 0.2731368984746686 0.21734641417399825 0.1934792634083996
0.03308766534076857 0.5015067393170664 0.4443409509090477 0.021064644433117397
0.037927969657492566 0.7242278051320911 0.16866209782141284 0.06918212738900353
0.15531994360418555 0.43371479701185967 0.40189256222107805 0.00907269716287673
0.6359045669890764 0.24055923671075585 0.0745898853079886 0.048946310992179165
0.4712740362006985 0.15042790602074219 0.2445419152892908 0.13375614248926848
0.1863418397393688 0.007037653361442908 0.21479283878291255 0.5918276681162757
0.6799004781766753 0.11774401953061542 0.008939171717308736 0.19341633057540053
0.4054141691131068 0.3955913826100742 0.19649137565069608 0.0025030726261229264
0.2562303752517052 0.10864424547222007 0.36913999367137673 0.265985385604698
0.022809128242531562 0.34027742919884785 0.19729751851778354 0.43961592404083705
0.26287231163749214 0.2630845269768025 0.14492983563560247 0.3291133257501029
0.3320251753103365 0.17072310643890065 0.2590990486412318 0.23815266960953108
0.25918372252368294 0.3663604702702037 0.19285241031987865 0.18160339688623472
0.05550741667072345 0.44494101538394726 0.008539218563569761 0.4910123493817595
0.2693760452152669 0.37227842360603214 0.3119986218775078 0.04634690930119312
0.28539682742366335 0.2486607893650794 0.30669266248364646 0.1592497207276108
0.6071725965694521 0.2045583831044342 0.03070399516451161 0.1575650251616021
0.09709797452405466 0.5868838064839162 0.17889903413980013 0.13711918485222896
0.021652800562997898 0.14724684427717472 0.6941297026219061 0.1369706525379213
0.5954225940802139 0.02463995549894371 0.14140565676939354 0.23853179365144883
0.6562300478659369 0.17722838841360644 0.05778784047774477 0.10875372324271193
0.18592169116037682 0.41862691149617126 0.013702720458058537 0.3817486768853934
0.30843233912391066 0.033328915284528304 0.4912385583538851 0.16700018723767596
0.028097820491729042 0.21295437257655658 0.2701323278278651 0.48881547910384926
0.3269286005810931 0.4417296550444072 0.19645217911791646 0.034889565256583266
0.8408828011365699 0.035945117721839726 0.044240325799717706 0.07893175534187269
0.2115324329510766 0.023514383591457855 0.10502943447706103 0.6599237489804045
0.10625679460472437 0.08066628954820299 0.6278622514982051 0.18521466434886757
0.0420938536834351 0.25852368447810725 0.22313414739467707 0.4762483144437806
0.36324049592455365 0.41360309020757546 0.07783483823285287 0.14532157563501802
0.5389109418753851 0.15704943399142623 0.182202702888688 0.12183692124450063
0.3826684074399561 0.2075199945057672 0.0349482434636178 0.3748633545906589
0.04396299198636289 0.39409316398361005 0.3827841975683184 0.17915964646170868
0.09346489265793367 0.6748941488504222 0.21327437633666613 0.018366582154977995
0.5276189775344835 0.39120750604164245 0.022859126878945868 0.05831438954492818
0.35852996399592507 0.17997500890368 0.26656517965674953 0.1949298474436454
0.2841867651075328 0.5057419037324785 0.1472484687806953 0.06282286237929335
0.20903651846732663 0.2028202402775673 0.5014849688930598 0.08665827236204626
0.3990458303277232 0.04978980014804768 0.4364909126745018 0.1146734568497273
0.2683122467724147 0.5055014610235278 0.14510574901789075 0.08108054318616675
0.48878004956107435 0.09725335992156425 0.27953591758048923 0.13443067293687216
0.12901441129605828 0.3469528057700274 0.0042994674127069255 0.5197333155212074
0.25483710056839937 0.5153749659564743 0.13116602016825618 0.0986219133068702
0.13533891154014555 0.19204434719271601 0.24079714268095997 0.43181959858617847
0.48175217931857883 0.13147530178368416 0.13370644397390286 0.25306607492383415
0.02311331874871625 0.05347077523413868 0.27212162400308415 0.6512942820140609
0.7475334727096712 0.11897301644355573 0.054198209806022524 0.07929530104075055
0.11779496228170105 0.30498581653792534 0.016173800031511476 0.5610454211488621
0.6371700750423742 0.20487575519233114 0.12402315218450055 0.03393101758079409
0.13867259836354784 0.12640779224977983 0.11352939611993407 0.6213902132667383
0.14552915253710963 0.16616959023774025 0.5763166706696712 0.11198458655547894
0.04277141684157226 0.1713269073653001 0.4259871517008573 0.3599145240922703
0.28638312103582686 0.29857669741921766 0.04637718115321565 0.3686630003917398
0.4762658367685342 0.07788439328050167 0.24345198592571893 0.20239778402524522
0.04091334372613087 0.3136311979936778 0.4427294705336263 0.20272598774656503
0.10648396280919437 0.09161044456068734 0.7184490819071364 0.08345651072298188
0.12838913796331253 0.10967535713307508 0.661965786454397 0.09996971844921543
0.4683779946026281 0.2077327200925193 0.07056501156618977 0.25332427373866284
0.10823036724337975 0.2232096406216122 0.04597275668393186 0.6225872354510762
0.009997349168476721 0.4225280883560305 0.2230659054078573 0.34440865706763546
0.12774198905270462 0.3195973292205275 0.13679761363200893 0.4158630680947589
0.04650494709436148 0.44255159227971774 0.4542018131442611 0.05674164748165966
0.1409170637953373 0.42455128297087386 0.3002534011680684 0.13427825206572042
0.20076298693855854 0.17755484482092576 0.47543718664081414 0.14624498159970156
0.30486593676536256 0.18274366210991067 0.013182035916870949 0.49920836520785583
0.256343297094934 0.15149110073604288 0.11430906770476612 0.477856534464257
0.6337412653979511 0.10913740626948909 0.0648698681743124 0.19225146015824746
0.03744697313909884 0.025833045077113814 0.43146817699626094 0.5052518047875264
0.1018666805401004 0.603134728609213 0.2885753436511881 0.006423247199498494
0.1870722966596099 0.5036621363195423 0.17897776549207123 0.13028780152877661
0.17596830443958367 0.48589366134904666 0.12200694138966361 0.21613109282170606
0.23921430757383388 0.41625443415671426 0.3024046330515415 0.04212662521791033
0.15534872966007918 0.5407988533073057 0.03797716930980277 0.26587524772281235
0.19206118500034286 0.05090957531224283 0.18988521235659606 0.5671440273308183
0.05148580416761395 0.5946409798021232 0.09751040512791054 0.25636281090235236
