74 40 4 99.43054544059648 198.86109088119298
2.8198206408721718 8.060928436995049 8.74483515313328 3.943766809732912 3.2397442847635007 8.293273446218297 7.420913103315365 6.951955720404018 7.3944213132661 2.0161078765310565 8.829748031104653 5.287850356293555 1.7224379284367726 2.338934157304754 3.9162182834124 1.0608164633927657 7.451920654665319 1.585690493494888 4.814611642037224 8.243916315285585 1.265465106800412 5.731914777098036 8.086024144643336 8.306882746469501 4.073116818914792 4.597060083336812 8.760985323374403 1.0192206760253426 2.5206640234219195 4.452658176320602 6.399560963348801 2.1742206168623768 1.3120331142501866 7.3171664359207735 5.785202899019894 7.735938222536454 2.3685840516270167 1.6132827530875529 5.393224215187388 5.809974622287679
0.5639641281744343 1.6121856873990097 1.748967030626656 0.7887533619465824 0.6479488569527001 1.6586546892436593 1.484182620663073 1.3903911440808037 1.47888426265322 0.4032215753062113 1.7659496062209308 1.057570071258711 0.3444875856873545 0.46778683146095085 0.78324365668248 0.21216329267855313 1.4903841309330637 0.31713809869897763 0.9629223284074447 1.6487832630571169 0.2530930213600824 1.1463829554196072 1.6172048289286671 1.6613765492939003 0.8146233637829583 0.9194120166673624 1.7521970646748806 0.20384413520506853 0.5041328046843839 0.8905316352641204 1.27991219266976 0.43484412337247536 0.26240662285003735 1.4634332871841547 1.157040579803979 1.5471876445072907 0.47371681032540336 0.3226565506175106 1.0786448430374775 1.1619949244575358
0.20361266001848766 0.2388284271574308 0.13541008902454266 0.4221488237995389
0.26696216840848797 0.2570305404203068 0.2585309952672742 0.21747629590393103
0.3720447935874571 0.2945907862960483 0.10910522142703505 0.22425919868945954
0.5633917337172312 0.08248310318828123 0.2672306993542374 0.08689446374025023
0.1645388474934688 0.2798110942455362 0.18519121984166298 0.370458838419332
0.0026701521586803834 0.11442084707932965 0.4709449218600925 0.41196407890189746
0.08006484091487132 0.5971812995844025 0.022412227813486396 0.3003416316872398
0.24076642405555182 0.24396773549716544 0.4727956700071414 0.04247017044014134
0.12611224530300913 0.2948592881792774 0.36619971671979 0.21282874979792343
0.03868267769202127 0.0862783555077804 0.28737193026023866 0.5876670365399597
0.03220866509838305 0.6674516393640021 0.15894908286888587 0.141390612668729
0.280661045847055 0.12456911497326228 0.4329080409164251 0.16186179826325764
0.23098798675421028 0.1300979013064112 0.22713866358674595 0.4117754483526326
0.1349166071469785 0.5161216921184886 0.05345514853090738 0.29550655220362554
0.27369633097843726 0.6000579664741739 0.10492061717353751 0.02132508537385136
0.19711824028098857 0.44203077003359625 0.0937436872901144 0.2671073023953008
0.5086347706913593 0.09316370303434429 0.3821742976460937 0.016027228628202717
0.026214233014971944 0.036096418253349194 0.49097189969568766 0.4467174490359912
0.5874934916737881 0.05118461910973604 0.060078181110875484 0.3012437081056004
0.2735668867760833 0.38793908906462937 0.16408357301521648 0.17441045114407083
0.06443640260589767 0.046403484206834156 0.2728414294986151 0.6163186836886531
0.148567573001671 0.5070052402690525 0.23851727332734252 0.10590991340193401
0.0737120014921957 0.30865186476815776 0.34947788359482557 0.268158250144821
0.21060652809955627 0.38343770503036667 0.32581779584053905 0.08013797102953801
0.018685203615573687 0.16571116525848795 0.27877522302469315 0.5368284081012452
0.2130340680599896 0.5236688519164328 0.09920425932974586 0.1640928206938318
0.13318248968069957 0.356362900582037 0.13210411710204673 0.3783504926352167
0.38054820415253077 0.2687401680530451 0.19635711333247652 0.1543545144619476
0.64139494967554 0.04574629586191614 0.13925632773666718 0.17360242672587667
0.02638544686764266 0.2890814836902741 0.6198350374783737 0.0646980319637096
0.14977602855145977 0.03626553010455458 0.186435058330768 0.6275233830132176
0.1488877768952851 0.4452768133573266 0.07458887378414569 0.3312465359632426
0.30636286166326165 0.08301680525026889 0.02553030121239508 0.5850900318740744
0.11730671855942898 0.6966061791890409 0.014938450059179709 0.17114865219235043
0.7336620035643544 0.08079515116971792 0.0068752852422248045 0.17866756002370288
0.11948920436654609 0.47410037295486407 0.2741822459100981 0.13222817676849175
0.018510187677406864 0.7453854483332696 0.11197416539382321 0.12413019859550034
0.44229859782029435 0.3870161930132676 0.14245692189491688 0.028228287271521157
0.10053291955959087 0.021252591911303242 0.442920433604466 0.4352940549246399
0.05300722858532625 0.4052205173626461 0.32230103163645785 0.21947122241556982
0.13770699541212827 0.08222156631270505 0.44410222872105176 0.3359692095541149
0.70786050854859 0.02050473793877594 0.25067155373583316 0.020963199776800945
0.48367475257868087 0.2507206440590718 0.2143324113083146 0.05127219205393274
0.019000022932276317 0.038488043115602166 0.32721502781241363 0.6152969061397079
0.08687268694813877 0.11348677596879986 0.7332021548011649 0.06643838228189647
0.22673185042506172 0.06940557622654286 0.3379170452055764 0.365945528142819
0.05371122796049166 0.28419918392360477 0.599587400529446 0.06250218758645754
0.10128679199789181 0.4431260990906968 0.05467158428673624 0.40091552462467517
0.5139757412149405 0.27297131568428823 0.14590924349912748 0.06714369960164379
0.6655712628194355 0.12662007028683442 0.03712875561360229 0.17067991128012783
0.506502240807773 0.3430878216893549 0.03482755043531527 0.11558238706755686
0.020372987850272306 0.4547346502229431 0.016635664783419934 0.5082566971433646
0.35254712252836884 0.29170165355041855 0.04764209476726855 0.30810912915394406
0.2807715327432573 0.5241183674730551 0.04793199368691037 0.14717810609677728
0.34980555646534695 0.36134132521045004 0.275151488592956 0.013701629731247
0.31707267357464597 0.25787003366356653 0.34691006705717997 0.07814722570460753
0.0996362289358913 0.10456730955458271 0.3756894723440597 0.4201069891654663
0.13017093354190634 0.4626387972787659 0.40244407763468215 0.004746191544645617
0.03784691478222313 0.1538545287100176 0.719280511017029 0.08901804549073034
0.05866971741711746 0.23167481793264022 0.057405800864992695 0.6522496637852496
0.24931008146574607 0.41977231351962185 0.025039441654428507 0.30587816336020357
0.301558448430276 0.28881900966225227 0.2442457509671454 0.1653767909403263
0.09204275746116597 0.1449954719885046 0.659313348256638 0.10364842229369142
0.6102497642853931 0.07422554621332988 0.1502372055902037 0.16528748391107329
0.21646807815157454 0.3036735615645402 0.35057122587573786 0.12928713440814743
0.15793420557525484 0.13325820996175108 0.4458277853021029 0.2629797991608912
0.5900939646318847 0.1789352577521992 0.20201968445790575 0.028951093158010366
0.03166836735318679 0.36503318966900833 0.4680245474953274 0.13527389548247748
0.16687011304220978 0.3300309015063184 0.21231409995680428 0.2907848854946675
0.4454170019958409 0.11670461986162406 0.43103303120997205 0.006845346932563001
0.15708647346115556 0.6697359526174984 0.088670211411087 0.08450736251025903
0.15978065716100387 0.2131464797654209 0.3333241113445793 0.29374875172899595
0.040673016487323244 0.5445402880863723 0.061175196420661604 0.3536114990056428
0.036497952827602265 0.31484585103952145 0.5820075527494615 0.06664864338341481
0.4538897721410369 0.08214288709246154 0.17376072090798977 0.2902066198585118
0.04589648606692687 0.08897723361347709 0.8510459395844531 0.014080340735142971
0.060878432938621385 0.6653551062857123 0.26248723950583075 0.011279221269835604
0.36613730859520177 0.35598343178484704 0.0807982963105558 0.1970809633093954
0.33690857350105585 0.2172482747134694 0.013367175913679752 0.432475975871795
0.11683620265025252 0.01678777266080589 0.6481536826838029 0.21822234200513868
