25 50 4 137.63067822099984 275.26135644199974
8.831117229644907 6.240492358053038 3.5095504663096215 2.673201088811613 4.699901151326019 2.0563799242124396 7.164718699367215 4.938499536936854 6.006063926547732 4.303722894573915 4.621291559327826 2.017366306249567 5.0232776164074044 6.269006048599321 2.4578659346044445 5.686469092474152 3.9344601352404296 7.292676141499969 4.297550940246553 8.527370574394496 5.332086489227656 5.648520681926749 4.4474331535243214 9.977868062898226 5.628200394266011 6.0314794689562365 1.3100479129771432 7.479370237306012 4.789031928465182 4.93241612763024 3.5353067841008254 9.102469042510416 7.026510502964818 5.104618754396695 3.608239102950124 5.7323706711824975 6.033178553514055 7.707554486024375 8.45511628215973 8.413250067325443 1.694262878912728 6.8037586332472255 3.783318270728924 5.718283442887403 9.622831037807277 8.948808602956488 3.6588870112212093 5.6113838961551155 1.798321759158545 6.77545057979047
1.7662234459289814 1.2480984716106076 0.7019100932619243 0.5346402177623226 0.9399802302652038 0.41127598484248795 1.432943739873443 0.9876999073873709 1.2012127853095464 0.860744578914783 0.9242583118655652 0.4034732612499134 1.0046555232814809 1.2538012097198643 0.4915731869208889 1.1372938184948302 0.7868920270480859 1.458535228299994 0.8595101880493106 1.7054741148788992 1.0664172978455313 1.12970413638535 0.8894866307048643 1.9955736125796453 1.1256400788532022 1.2062958937912474 0.2620095825954286 1.4958740474612022 0.9578063856930363 0.986483225526048 0.7070613568201651 1.8204938085020832 1.4053021005929636 1.020923750879339 0.7216478205900249 1.1464741342364995 1.2066357107028112 1.541510897204875 1.691023256431946 1.6826500134650886 0.33885257578254563 1.360751726649445 0.7566636541457848 1.1436566885774806 1.9245662075614554 1.7897617205912977 0.7317774022442418 1.122276779231023 0.359664351831709 1.355090115958094
0.07674224020171683 0.05567831350990182 0.5474310334715587 0.3201484128168226
0.39654162919866054 0.2586045110479258 0.06390841730208008 0.28094544245133357
0.3739892442679148 0.3385625093908885 0.12960250491207825 0.15784574142911845
0.027473941374380195 0.5203040753847329 0.04310734471842004 0.4091146385224669
0.1690414563978564 0.16632439267036758 0.5015623148527448 0.1630718360790312
0.021376281366212724 0.19368808970715545 0.5441432803683743 0.24079234855825749
0.094439590374785 0.018309452025216166 0.06187704437822539 0.8253739132217734
0.033682798780728995 0.05487097091987603 0.6008835031998349 0.3105627270995601
0.0843622262855469 0.16001728973880802 0.5612331324277353 0.19438735154790976
0.25304423289892997 0.2255668477647338 0.47992915819053894 0.0414597611457973
0.3200071264548999 0.1695139218634817 0.11244015934889351 0.3980387923327249
0.3581746375941489 0.027897983330225862 0.023549148233164674 0.5903782308424605
0.08570312337117136 0.09730672278610897 0.7307413410632848 0.08624881277943486
0.5828703770935633 0.411611095197269 0.003786095721157623 0.001732431988010097
0.3236036385238463 0.02745100288067215 0.6092646182262748 0.03968074036920677
0.2459858565996741 0.25333942085933425 0.2977736744809678 0.20290104806002385
0.04444198706739688 0.3287566436137819 0.004051626474668613 0.6227497428441526
0.19807449786873876 0.39067402485642033 0.16579399845980625 0.24545747881503466
0.38370420165888686 0.15353570229457636 0.22587753933093102 0.23688255671560576
0.01534090572860014 0.7049386299437455 0.09567743446481891 0.1840430298628355
0.09218890863291451 0.24141504083384457 0.22898275407271795 0.43741329646052296
0.28584169213022836 0.14137075085409134 0.009838900323212108 0.5629486566924682
0.05532146800472615 0.19633738063793404 0.5056005310408727 0.24274062031646715
0.05952488938339007 0.009651712216911412 0.07079214056183047 0.860031257837868
0.2584735145686684 0.4741062273074409 0.13061027351061394 0.13680998461327676
0.3195982637534255 0.10539006677052165 0.42397750977645465 0.1510341596995982
0.47970618370144535 0.20244709540022143 0.2666826643225624 0.05116405657577083
0.10641362333582116 0.3252251664034479 0.3880978591770917 0.18026335108363922
0.3173645436378586 0.1464911734784181 0.2964463853212962 0.2396978975624271
0.37521484067374167 0.15047763037710082 0.27303436043813323 0.20127316851102428
0.007530155344974587 0.6615343497888443 0.06556551176127012 0.265369983104911
0.020099581590442117 0.3822609752289271 0.048142038272238286 0.5494974049083925
0.25667302134099035 0.16251779481452766 0.2671905382358909 0.3136186456085911
0.03321087153118785 0.2135070443274718 0.41133003574422544 0.3419520483971149
0.06081313391837573 0.34064820216344016 0.3374832982627717 0.26105536565541243
0.04082397348200506 0.3146310790096083 0.2921883543506476 0.35235659315773904
0.6466143359643496 0.29534012266916443 0.054121569897509825 0.003923971468976162
0.13619478577241206 0.3479585928463075 0.345676860927705 0.17016976045357546
0.02142979193982475 0.22179762626071808 0.5566363938478632 0.20013618795159394
0.12763864069493802 0.029579194211581505 0.2625901182150506 0.5801920468784298
0.7595070423901247 0.006950518739815226 0.10487389539292569 0.1286685434771344
0.1812639688338713 0.32317791504501003 0.21199555627507538 0.2835625598460433
0.45340013425796677 0.20681464863538046 0.14721279757867578 0.192572419527977
0.3033744842172814 0.23947228910703544 0.01899046883319888 0.43816275784248426
0.3692358729312163 0.21700022106061412 0.15640218672214945 0.25736171928602014
0.11079463985549487 0.6504700301329923 0.15562374517304267 0.08311158483847014
0.05483487675970411 0.7201569243803462 0.13247850712889475 0.09252969173105496
0.08155909636179282 0.13371967513077898 0.5191501865372107 0.2655710419702175
0.4687513246944429 0.0638076875468353 0.126078369442565 0.3413626183161568
0.09327773326679079 0.2726096861785835 0.4408487833341458 0.19326379722047993
0.3310438226975936 0.17816925676312012 0.2572727351191204 0.2335141854201659
0.4152192354183156 0.18690112239414514 0.2230186060457119 0.17486103614182735
0.09793715214676801 0.34288393554283103 0.4728547320251575 0.08632418028524347
0.16365152801194183 0.04260577160179846 0.04567996324686441 0.7480627371393953
0.47239795478750024 0.2945963744961142 0.008208841847921144 0.22479682886846442
0.6608743268938546 0.0156870307787228 0.23553264167564691 0.08790600065177567
0.5668296093599882 0.22377701969309716 0.04055594073286761 0.16883743021404707
0.4918456636903529 0.30412551866884463 0.14157908020353605 0.06244973743726645
0.08564645309057428 0.3837472169003474 0.42341191642016984 0.10719441358890847
0.19040067625794943 0.5719168470757495 2.172435794167704e-05 0.23766075230835937
0.22195087706133376 0.07439980743816177 0.4952307210460958 0.2084185944544087
0.006597664201326903 0.10296397813314206 0.08715269002167525 0.8032856676438558
0.015087390905166198 0.732508112826019 0.17834503394484746 0.07405946232396732
0.12496399018079785 0.025050060643053706 0.16260549892359888 0.6873804502525496
0.5310583246744428 0.008416106298167914 0.26694293680095627 0.19358263222643302
0.11986628696399715 0.5069168013056459 0.174340818868726 0.198876092861631
0.06345742593276682 0.010658426292934342 0.21889602890898563 0.7069881188653132
0.04296878218210631 0.9102786392236433 0.03469284566130593 0.012059732932944489
0.5266766957283981 0.2542647327869917 0.08330054459590308 0.13575802688870708
0.06683133145592302 0.06228980700733611 0.41708289648673413 0.45379596505000674
0.11671916814082994 0.05498521132711409 0.23922698642614393 0.589068634105912
0.3981472048978115 0.21891310516787732 0.26876532161633204 0.11417436831797911
0.928543776915434 0.039605594219199736 0.007731348012417594 0.024119280852948677
0.362887120491038 0.24215200880967847 0.10677409202542276 0.2881867786738608
0.02612698446065609 0.42533156402806416 0.0784654095152072 0.47007604199607256
0.2603223447124632 0.059113260365973974 0.5729317782321552 0.1076326166894076
0.16201095566638912 0.18656039868115315 0.12242041395428704 0.5290082316981707
0.07085548628776739 0.3226257419834866 0.11421678745556008 0.49230198427318594
0.4881375470214211 0.04888216749841057 0.3291212120282051 0.13385907345196324
0.028147397395793083 0.047056088017863984 0.5953968255897265 0.3293996889966164
0.28930037596339264 0.07764570604008292 0.22338426271869793 0.4096696552778265
0.45365097483915073 0.17527642661042153 0.3335851230203041 0.03748747553012366
0.4213455714087472 0.040370627847053364 0.08969017181289662 0.44859362893130283
0.2783441594158823 0.3697994664044528 0.23194799635368868 0.11990837782597619
0.7487860729745276 0.07343071879126828 0.1431480786577013 0.03463512957650283
0.16482760696260979 0.38202710819528984 0.13202219877157295 0.3211230860705274
0.5128585853732388 0.06335269998496262 0.0064920759012222495 0.4172966387405763
0.15854688756779856 0.018881691084954633 0.23059949089998755 0.5919719304472593
0.2058151816524727 0.06821737715720166 0.19044539782441483 0.5355220433659108
0.2648385295164015 0.15662877748374437 0.1760983277813094 0.4024343652185447
0.44851026250835 0.0042842150732982365 0.15271487747404755 0.3944906449443042
0.021023695686286814 0.28473419191366656 0.4525008317546725 0.24174128064537415
0.16047642300704412 0.2869588007213496 0.02801895645823027 0.524545819813376
0.30460178574665486 0.4318924605995358 0.21611069128567828 0.04739506236813107
0.9265653947877035 0.00892183983512329 0.04063271800544621 0.023880047371726998
0.22919910453538328 0.013586331869001156 0.31472141612548254 0.442493147470133
0.038410046716164215 0.5840263651438593 0.25524244573117216 0.12232114240880432
0.5432062952920611 0.1441090201428995 0.2698853294978186 0.04279935506722077
0.13504762606850718 0.2702173198786091 0.04780066511338221 0.5469343889395015
0.8271329835462156 0.0972208478760831 0.0682530099933365 0.007393158584364845
