83 70 4 190.70881213205647 381.417624264113
3.3133818439462592 7.154088247639653 6.97277581812204 7.994173910197599 8.446299655019125 4.210157293613609 4.480624600732158 7.6906824516981 3.5428646358620095 3.6466893269331746 6.165918232935329 1.4241200626177766 4.483757289296621 8.51119411124835 5.689603620179559 2.147720146462476 4.734314731825382 8.387412102391615 4.101845806882377 9.242790112292997 2.687024529590963 1.2460320694290923 3.1346505031608087 7.477809349947511 3.4229807618837444 6.097410459706706 6.669714450043726 2.913063788273501 7.643587041849626 4.121501428918789 3.9240133569491418 3.8537619909424303 9.744849096922659 2.0324582989350173 3.9817576884072707 9.805319810712405 9.974063088748888 2.6278530615649696 2.253185064642352 7.393882595652726 6.912933976508744 6.501021621283072 5.498911306520965 9.993306145270926 7.655008821985865 9.06842984439129 5.929891764857133 7.808160593626864 6.606348922176405 2.8639124362676025 8.83318272630671 4.196598184177329 5.917342718400441 1.5120171842569003 3.765588742607894 5.430329538622067 4.471537031356544 5.351105230394462 2.312776207787481 3.235869178930538 9.0730825645856 6.80472960914659 8.191363478224527 6.058364472816619 8.85437146648778 1.2312403783972106 4.013733171256636 1.1300411763956286 6.0652527736054624 2.785840561289255
0.6626763687892518 1.4308176495279306 1.394555163624408 1.59883478203952 1.689259931003825 0.8420314587227218 0.8961249201464316 1.53813649033962 0.708572927172402 0.7293378653866349 1.2331836465870658 0.2848240125235553 0.8967514578593242 1.70223882224967 1.137920724035912 0.4295440292924952 0.9468629463650764 1.677482420478323 0.8203691613764754 1.8485580224585996 0.5374049059181927 0.24920641388581846 0.6269301006321617 1.4955618699895021 0.6845961523767489 1.2194820919413412 1.333942890008745 0.5826127576547002 1.5287174083699253 0.8243002857837578 0.7848026713898284 0.7707523981884861 1.9489698193845317 0.40649165978700347 0.7963515376814542 1.961063962142481 1.9948126177497776 0.525570612312994 0.4506370129284704 1.478776519130545 1.3825867953017488 1.3002043242566144 1.099782261304193 1.9986612290541852 1.531001764397173 1.8136859688782578 1.1859783529714265 1.5616321187253728 1.321269784435281 0.5727824872535205 1.766636545261342 0.8393196368354658 1.1834685436800882 0.30240343685138005 0.7531177485215788 1.0860659077244135 0.8943074062713088 1.0702210460788923 0.46255524155749617 0.6471738357861077 1.8146165129171201 1.360945921829318 1.6382726956449054 1.2116728945633237 1.770874293297556 0.24624807567944212 0.8027466342513272 0.22600823527912572 1.2130505547210926 0.557168112257851
0.11988695428329366 0.025426433473632604 0.7465850037454964 0.10810160849757733
0.0278316311773108 0.4644332844966169 0.3226272386444008 0.1851078456816715
0.2686691226058614 0.23392602715717647 0.05994137896255658 0.43746347127440555
0.11062251468591999 0.5085150454977363 0.3024083492047305 0.07845409061161324
0.5273667514032582 0.08451607604404088 0.13040891870959048 0.25770825384311047
0.34411802387716117 0.07638729738075667 0.3965716899512818 0.18292298879080038
0.43004515568297075 0.04416804956830056 0.06645353218377004 0.45933326256495866
0.6234186604093278 0.13984032192675488 0.0687125367253727 0.1680284809385446
0.4000054983475064 0.5321986395162938 0.04509473559355048 0.02270112654264933
0.3041020985544086 0.1053717142070083 0.16460566466483106 0.425920522573752
0.19707730164360193 0.009343723955078431 0.33348876422577756 0.4600902101755421
0.37521204002382147 0.22655724580017267 0.03092250859458323 0.36730820558142263
0.0772846458207852 0.16282042640562155 0.4925394809536351 0.26735544681995815
0.3912482333174975 0.014328232981969169 0.31237342603720186 0.2820501076633315
0.1317025193197039 0.404695692179617 0.3616864521735408 0.10191533632713834
0.3086991773018334 0.43440530258027943 0.1377405923452566 0.11915492777263059
0.30082132016408714 0.4105539869071304 0.08585199682824085 0.2027726961005416
0.621570189586627 0.08007283192379899 0.00853968599637589 0.2898172924931981
0.15212818628293956 0.1008622059785852 0.6725730151874164 0.07443659255105883
0.31820916104305297 0.039835266868479935 0.5890003158201357 0.05295525626833142
0.4210788140195142 0.18505169570633317 0.17332634146056947 0.22054314881358317
0.018004519887032444 0.21861744699875563 0.6564266759560864 0.10695135715812554
0.13352488831949527 0.5763561731838127 0.20626010068460143 0.08385883781209058
0.005615238198661721 0.14876671368734506 0.35363253180718335 0.49198551630680987
0.04943839843506426 0.35341592032633373 0.3980421752307325 0.19910350600786952
0.1727033536516389 0.1073408319886967 0.4748748014951042 0.2450810128645602
0.034521672553695315 0.43307257959068857 0.10591014401352539 0.42649560384209073
0.3721802909121653 0.42846527097952736 0.12995362132295352 0.06940081678535381
0.33823829792790905 0.21420320390488579 0.04918908450563131 0.39836941366157386
0.8913683554774918 0.0008530726192491622 0.0009087420775072408 0.10686982982575177
0.2190225297430307 0.1402692816545107 0.26835561467178637 0.3723525739306722
0.036962556463811524 0.080495024336395 0.19773566464169123 0.6848067545581022
0.2700081796273853 0.32545477097719033 0.05415701679585083 0.3503800325995735
0.6922239683367069 0.11704872094013108 0.07336054005667347 0.1173667706664886
0.2538427952648502 0.10625072959620252 0.044946279338486494 0.5949601958004608
0.10096249085685738 0.018044114150093438 0.24007589355755488 0.6409175014354943
0.2544153383986151 0.5360462258432083 0.026549138326784738 0.18298929743139192
0.01767480587743897 0.166466070398672 0.2859330799951997 0.5299260437286893
0.1221228950669222 0.5015810554221942 0.03798104502784172 0.33831500448304186
0.08511965271648769 0.17834523163776628 0.17976289237720522 0.5567722232685408
0.14439198876735337 0.6310802672810855 0.03650648428530423 0.18802125966625693
0.07631088010111742 0.14065930167469187 0.06996349121336753 0.7130663270108232
0.176519926442807 0.4748987616335143 0.2962996110447792 0.052281700878899495
0.22432663875192183 0.3318275856415276 0.07269744019745938 0.3711483354090912
0.2842752363211152 0.4478668283431704 0.14301824441639377 0.12483969091932068
0.4117484671084958 0.029584992874281846 0.3901777122730721 0.1684888277441503
0.09125831973842502 0.09878000005130416 0.28773146272062955 0.5222302174896413
0.6085873602702193 0.19853209670903593 0.00462919112436222 0.18825135189638253
0.14032014713772534 0.6233564087313199 0.1801639927391414 0.05615945139181333
0.08741944498949161 0.5166071472041547 0.180979265503047 0.2149941423033067
0.0399972516582936 0.23319358020415226 0.29028441664653304 0.4365247514910211
0.08322831963946875 0.056718601452419026 0.18414803787016587 0.6759050410379464
0.24001163308194717 0.031227415037983874 0.2238409406538403 0.5049200112262286
0.1320779706901487 0.3620759694114416 0.21364066382775948 0.2922053960706502
0.38334982887907654 0.4861308636550432 0.0007342828735630302 0.12978502459231722
0.1688994104927074 0.08734208204766813 0.329700355106614 0.41405815235301047
0.20997859462375645 0.5127402966313499 0.06959020515515524 0.2076909035897384
0.308486759274778 0.029994049248763255 0.5717329079150556 0.08978628356140317
0.4869457098925528 0.3534427055873428 0.12807080651081393 0.03154077800929045
0.6760086297676198 0.19365359447459962 0.08052655769898298 0.049811218058797624
0.10430791988178933 0.5849418811023341 0.2308054911983488 0.07994470781752772
0.01481272172617809 0.7795632688393662 0.05489589214548796 0.15072811728896773
0.11062017574417149 0.44522707456419675 0.04570502157086964 0.3984477281207621
0.05776323405175565 0.32245444563877435 0.3823690584051469 0.2374132619043231
0.0203765961689657 0.43351774209107286 0.03680935464611257 0.5092963070938489
0.1549732643090863 0.2802327452601786 0.3421520984650279 0.22264189196570716
0.0600995739558019 0.08140198113844765 0.5049377142981402 0.3535607306076103
0.28154415742886163 0.6031080447550992 0.08978514339582933 0.025562654420209885
0.2260952359459807 0.0397128381613171 0.046045310048731136 0.6881466158439711
0.3228721574884421 0.18839549936979028 0.4024253433784172 0.08630699976335043
0.5204036454269989 0.3103942047633361 0.031196749709606397 0.13800540010005857
0.13164590294839118 0.08150370670009233 0.2962574046222819 0.4905929857292346
0.01679640632243018 0.9419559229839916 0.01028742494392021 0.030960245749658055
0.2437213341172092 0.38054549686774997 0.020253832440740305 0.35547933657430053
0.0679945469237192 0.03903462162403715 0.7260743135010358 0.16689651795120786
0.4345699113447795 0.29161826798221235 0.0030141733179270824 0.27079764735508105
0.05288554374231147 0.5965628984192253 0.0017249126104078583 0.3488266452280554
0.12425336822625577 0.15196308268416914 0.14522896875080848 0.5785545803387666
0.1190304498692043 0.040617001953702436 0.45416854087115255 0.3861840073059407
0.4674155132990423 0.3891305103587217 0.0475960712835749 0.0958579050586611
0.1356019636912177 0.014749936050190704 0.8208185667849253 0.028829533473666347
0.08765396440964612 0.757950230613628 0.14843788268970615 0.005957922287019746
0.5141102664544827 0.15015165639209505 0.1029961137516936 0.2327419634017287
0.15509415363382728 0.4971297283065219 0.2274795737480576 0.1202965443115932
0.015346382420000082 0.17593151185509293 0.5147591906273943 0.2939629150975127
0.2547714734567399 0.046260288111034775 0.49288014623376164 0.2060880921984637
0.02100240240144957 0.48371230036479973 0.3379493520873348 0.1573359451464159
0.010651122657789003 0.6618239816851839 0.28225531615737465 0.04526957949965249
0.2045398598955912 0.17991156142567133 0.11938900825331122 0.49615957042542624
0.05401483150295727 0.5851992676655695 0.06464135415714545 0.29614454667432777
0.3044672299480693 0.1457991773638584 0.05942747144031757 0.49030612124775474
0.5145180398091073 0.03243581799433781 0.22458877807508526 0.22845736412146966
0.6266865926997742 0.21095750084867815 0.1326215696325882 0.029734336818959428
0.18014732149115364 0.5523171426037706 0.24220296139387065 0.025332574511205075
0.5581726467648654 0.1259442929289344 0.26514892397316436 0.050734136333035806
0.20464041796658528 0.4284739461813999 0.06627445996273362 0.3006111758892812
0.12433685215013968 0.34033868415372937 0.24011065094878825 0.2952138127473427
0.37029660727625513 0.19973955125290177 0.06218559880349672 0.3677782426673464
0.45849194022883 0.06277827323233465 0.23923490586542628 0.23949488067340907
0.08801147099401696 0.1020271165544725 0.07694453311605642 0.7330168793354541
0.17549729174027862 0.1643383717696938 0.3589752452953291 0.3011890911946985
0.14271167538668894 0.4011211813952611 0.05295276231247292 0.40321438090557704
0.2793282139617993 0.4833902655031579 0.15837768709957167 0.07890383343547114
0.2548196488968363 0.016072713831248753 0.14849321476018817 0.5806144225117268
0.5385418743044611 0.023888823109127433 0.21571131485656958 0.2218579877298419
0.5518640146851709 0.02930895667130784 0.26748314449330746 0.15134388415021383
0.642757536760917 0.08432533795354447 0.022803823674228285 0.2501133016113103
0.6039862281016035 0.018835583529681843 0.26607303430918816 0.11110515405952648
0.30442359150474374 0.27536068561314053 0.3985013365254827 0.02171438635663303
0.2626962597150765 0.36485914252992946 0.2573350955958539 0.11510950215914018
0.327834807232371 0.20756958983183738 0.17994062581014514 0.28465497712564647
0.23078943361582893 0.23116401814469 0.2041655499635997 0.33388099827588136
0.1739058082878039 0.3379898351523063 0.4870910283453792 0.0010133282145106115
0.8125089613755542 0.09268254723021074 0.023419885173538546 0.07138860622069654
0.12840416254305198 0.047575791783988186 0.640438116071089 0.1835819296018708
0.2171671814516487 0.4802573255207868 0.07162428449763647 0.230951208529928
0.04691896830235265 0.7149765283947258 0.14028248444627733 0.09782201885664421
0.2818527737380574 0.022922672305219494 0.2910958452326461 0.404128708724077
0.18097214862310762 0.0898982082225882 0.6734471589589504 0.05568248419535382
0.10205048116112347 0.2594246738756336 0.6340212638821419 0.004503581081101049
0.025694617952766285 0.48592850390835873 0.1967854234937284 0.2915914546451466
0.15109027690494314 0.13370645430981343 0.06330204907287762 0.6519012197123658
0.08969159074704947 0.319958778689322 0.20072020040131688 0.38962943016231166
0.15372187307770602 0.30397480187097625 0.20986578666326006 0.3324375383880577
0.2460695816331997 0.45225097981994455 0.23555450388912735 0.0661249346577284
0.13127099781033624 0.11326012801155871 0.42122884581955455 0.3342400283585505
0.5958318104446966 0.021040838647098492 0.2027254254436648 0.18040192546454015
0.00860144857870615 0.4023018444883435 0.030969834410682462 0.5581268725222679
0.017481322750851236 0.25336440354704615 0.6409438960231421 0.08821037767896056
0.28432453715531836 0.10181089706759083 0.3832997891725698 0.23056477660452102
0.3974224476847862 0.09067167026031764 0.44264636106157496 0.06925952099332122
0.09990469836290816 0.2116998245164825 0.15567467696527648 0.5327208001553329
0.07850240060524272 0.14600417575949276 0.29159581866785556 0.48389760496740897
0.41667791154354183 0.10098517005760843 0.03330359472982347 0.44903332366902626
0.007422679596332693 0.34321578014356546 0.6243641289358233 0.024997411324278573
0.08289444893565057 0.5746411788979766 0.11318783047382541 0.2292765416925474
0.4224510855217508 0.4422226043362779 0.10307472274001594 0.03225158740195533
0.125972371614666 0.16736581299268583 0.1361973637738404 0.5704644516188078
0.43539244628744056 0.19796966772989988 0.14930684273589823 0.21733104324676134
0.5324870441276586 0.06908175227586777 0.22910461222899825 0.1693265913674754
