4 30 4 86.83458021007786 173.6691604201557
9.70326855112309 5.925090242581501 9.75415923968396 7.433343943069282 7.2795594213754375 2.9448054602233875 9.786470092986177 1.0560722968413088 3.2768412614509956 4.913123791640012 8.014446296143772 2.7791656714022777 8.766939120393001 9.850606094577815 2.4745801726422885 6.376005495395733 1.080874879007995 4.4791415437926645 1.3974405213834962 9.609876709428123 4.925319821918179 9.540795761034065 8.076753873415548 8.796603687235287 2.5584887934635336 1.6745372831179632 6.406684492399924 2.5117496534656345 7.600421507595129 4.675994741368132
1.940653710224618 1.1850180485163002 1.9508318479367919 1.4866687886138563 1.4559118842750876 0.5889610920446775 1.9572940185972354 0.21121445936826175 0.6553682522901991 0.9826247583280023 1.6028892592287545 0.5558331342804556 1.7533878240786003 1.970121218915563 0.49491603452845767 1.2752010990791465 0.216174975801599 0.8958283087585329 0.27948810427669923 1.9219753418856247 0.9850639643836357 1.908159152206813 1.6153507746831095 1.7593207374470574 0.5116977586927067 0.33490745662359267 1.2813368984799847 0.502349930693127 1.520084301519026 0.9351989482736265
0.15822340718479944 0.36347271526015856 0.006212700972962337 0.47209117658207966
0.39690000290173266 0.004595440688540231 0.1229086364782005 0.4755959199315266
0.3755757685875424 0.3110913113288034 0.08073788717377806 0.23259503290987615
0.5547408629425585 0.08281621007617812 0.2579440930374094 0.10449883394385395
0.4977941146173057 0.33239398748104054 0.08819493704141645 0.08161696086023729
0.33117450309112273 0.5142691460029906 0.059223939649253654 0.09533241125663305
0.5956881170683345 0.0015784902508404475 0.13532684127079286 0.2674065514100322
0.06506781238280734 0.06411897128763033 0.3855471872427074 0.4852660290868549
0.04853413641955251 0.3151162106252854 0.32037286807878973 0.3159767848763724
0.4877376391496743 0.022505990145265775 0.0613977423198091 0.42835862838525085
0.35028521085551567 0.014267964470240146 0.3023745962138702 0.333072228460374
0.2609221572944955 0.21169915187127752 0.14630861747832058 0.38107007335590637
0.08318412257086116 0.3358499119814392 0.560582227488185 0.020383737959514647
0.34745133671105566 0.26437047974423644 0.06686358602369191 0.321314597521016
0.17377979375527586 0.23484699299462208 0.35090274241343344 0.24047047083666862
0.46548967481753567 0.28733052066287723 0.22045779864851778 0.02672200587106932
0.01597127753156069 0.01790634036684846 0.5010249837660434 0.4650973983355474
0.006323937265482749 0.4350167671071873 0.5083282355751739 0.05033106005215604
0.35414553817936534 0.05347613911229232 0.2240705678333219 0.36830775487502043
0.18096483602510238 0.539487285399514 0.0424296684187071 0.23711821015667656
0.07365237412062664 0.015120483269576046 0.6512718726117233 0.25995526999807406
0.33992641648215505 0.02640972276937925 0.4203961751835502 0.2132676855649155
0.32832213688090817 0.6069687203527793 0.03338326814349446 0.031325874622818106
0.08691561764276523 0.4701664576224388 0.3271157887100642 0.11580213602473177
0.221580929980553 0.03522399090100414 0.6989996731023583 0.044195406016084515
0.029773996732739172 0.08867151960084563 0.8273827783418586 0.05417170532455662
0.6241532443303243 0.2006676838757001 0.1085582398750159 0.06662083191895973
0.33345638176379444 0.0745258871301564 0.4994823775341304 0.09253535357191878
0.23074594172777607 0.6279749067615089 0.0019350136465962064 0.1393441378641188
0.12322788872941182 0.11148916435342981 0.15852967528371398 0.6067532716334444
0.10819338288723068 0.4370092688159821 0.3923689322477292 0.06242841604905802
0.6239161135482231 0.01369413057777058 0.012194864893348645 0.3501948909806577
0.17897391004113083 0.07470573862025232 0.24885341066555122 0.4974669406730656
0.19144640211896335 0.17140718631416307 0.2620772556309713 0.3750691559359023
0.18244540457120684 0.23433090010715574 0.015045766662865057 0.5681779286587724
0.40482521731090604 0.16731355296184258 0.28887554148032335 0.13898568824692803
0.08466161102041025 0.16079209756269186 0.6491975837336367 0.10534870768326121
0.5400747296428063 0.06348878071740005 0.010999335990125592 0.385437153649668
0.10981811811784403 0.40483557896581246 0.25310433724708925 0.23224196566925426
0.8101444221261449 0.033562571864510504 0.08301369924959578 0.07327930675974881
0.14872683943405696 0.040298920022097895 0.6767491564879444 0.13422508405590072
0.39278117482212993 0.019691036840626897 0.02429408027675639 0.5632337080604868
0.6235688394069139 0.10942987818908112 0.16942313828014588 0.09757814412385912
0.05888009415812312 0.06513452415514887 0.7020082487119476 0.17397713297478046
0.7944233175766422 0.14816253215033803 0.0012116561560653327 0.05620249411695444
0.040091124641168374 0.7229025166341978 0.2182162778558946 0.018790080868739234
0.5432903150235341 0.11419432081173841 0.00907376026498763 0.33344160389973987
0.0993277648941745 0.17314369382956163 0.4557979814695108 0.2717305598067531
0.28803682699770816 0.49349429690000157 0.14427747338154928 0.07419140272074098
0.4095913896676494 0.14233505106372524 0.4388703777856825 0.009203181482942857
0.13475260700177727 0.6946653427192284 0.004363420200385604 0.1662186300786087
0.4445406645343004 0.24368060866982566 0.15224479151805614 0.15953393527781778
0.3225749762532557 0.48497397696134503 0.11243839448329707 0.0800126523021022
0.09091055162091022 0.5459381212456906 0.21933509806121676 0.1438162290721824
0.15188560123269723 0.1603194310473547 0.020290134707444563 0.6675048330125035
0.3753401433363357 0.0697850497239324 0.09265647311527858 0.4622183338244533
0.3358494099024567 0.27596293869927235 0.12270670440692022 0.2654809469913507
0.1852092341733128 0.5522427392413635 0.14868225793945644 0.11386576864586728
0.05243487868640262 0.11268324171348465 0.1741067878242316 0.6607750917758811
0.27036548223830226 0.18657375952376298 0.10621399316786051 0.43684676507007425
