31 10 4 27.24037054850028 54.48074109700056
3.5744843949446405 9.622950098671 7.932816389969902 9.881830027832166 2.8734891571424908 2.2322534395944533 9.1753642206091 1.6177466617940826 1.6779945010569144 5.891812205385815
0.7148968789889281 1.9245900197341999 1.5865632779939802 1.9763660055664332 0.5746978314284982 0.44645068791889064 1.8350728441218203 0.3235493323588165 0.3355989002113829 1.178362441077163
0.043956307486403334 0.04544340903166466 0.5791607231630507 0.33143956031888133
0.28281107576109743 0.014756206254071147 0.1490922019576022 0.5533405160272292
0.3401882874191935 0.06703071671519478 0.09948165905773998 0.49329933680787175
0.18430457912036158 0.27713787377569177 0.2290168608039742 0.30954068629997245
0.08573060385252651 0.0045060944358585875 0.4322221799353597 0.4775411217762552
0.3228005526997987 0.1464532620473138 0.3627361982442908 0.1680099870085967
0.14921147693026138 0.13007642775572115 0.02442402635121821 0.6962880689627993
0.007386922447004118 0.1555772778417237 0.5553538636951862 0.28168193601608593
0.387051136446375 0.37307188963243465 0.10731352047396459 0.13256345344722575
0.39743582261055843 0.15613998705403787 0.3079933269217521 0.13843086341365163
0.1942859887490206 0.18810727877729272 0.04677575503553 0.5708309774381567
0.06257327810201052 0.2051202684508331 0.6759373533646714 0.05636910008248497
0.2694753810459143 0.5565150219070499 0.14848144853710854 0.02552814850992724
0.24227217262551892 0.14166310378867397 0.2912897106303607 0.3247750129554464
0.06911667553449807 0.014851182448837319 0.1500487893024851 0.7659833527141795
0.7500802696904918 0.11724410073407299 0.04357902943654868 0.08909660013888654
0.08163609728884191 0.22013077579699492 0.1930006716727447 0.5052324552414185
0.21030667864350994 0.19695680329733023 0.17219988483641313 0.4205366332227467
0.35778814932317204 0.39183666393393024 0.004298744959500667 0.24607644178339705
0.4200798620312942 0.04540311528454599 0.3582506757406472 0.17626634694351262
