59 70 4 194.35029668024552 388.7005933604911
9.316316040169827 2.4208352248131275 8.802235691342176 1.7574124677531238 6.162163155438649 3.537457901766215 3.3065250202900494 6.075823707624822 2.978410166368085 6.837587196243413 6.649770181687145 4.69876969325172 4.622890220788106 5.051458648034581 3.1053018741113103 2.208985268719106 1.942414906019978 5.2569120627097465 2.0246278225465213 3.5744228802778553 8.543905197936104 3.826660807359565 1.6873865068773057 7.924843082733688 3.321729865948895 9.409757328560543 8.27235707634315 4.017966487125982 5.422127484415392 3.004606971418264 4.9082334658335025 6.799545336603575 9.655900688254047 4.955429991777196 4.952130435865223 6.762052526790847 9.21789636572105 6.004541988599743 5.819060016922309 4.989334739314365 2.252166989045971 9.418413631815506 6.740456637338218 9.549604250726988 5.07875281810722 4.502888645773867 6.5339636055163055 7.047087737432383 7.87148371427961 3.793162325096881 3.6470001247797637 2.8034965163482317 3.562547801029132 7.295662756663091 9.306242826080037 4.069182887909939 7.303248276766045 6.763603742478158 1.3862835129211206 7.670048403529306 1.183385823399513 8.306807460673003 3.5472409173964126 4.936703815730386 9.370595846189016 5.875957310754077 9.125030439398838 4.52499791901017 6.344628915304287 9.064161214641194
1.8632632080339655 0.4841670449626255 1.7604471382684352 0.3514824935506248 1.2324326310877298 0.707491580353243 0.6613050040580098 1.2151647415249642 0.595682033273617 1.3675174392486826 1.329954036337429 0.939753938650344 0.9245780441576212 1.0102917296069163 0.6210603748222621 0.44179705374382117 0.3884829812039956 1.0513824125419493 0.4049255645093043 0.7148845760555711 1.7087810395872207 0.765332161471913 0.33747730137546117 1.5849686165467376 0.6643459731897791 1.8819514657121086 1.65447141526863 0.8035932974251964 1.0844254968830784 0.6009213942836528 0.9816466931667005 1.359909067320715 1.9311801376508093 0.9910859983554392 0.9904260871730447 1.3524105053581694 1.84357927314421 1.2009083977199486 1.163812003384462 0.997866947862873 0.45043339780919417 1.883682726363101 1.3480913274676436 1.9099208501453977 1.015750563621444 0.9005777291547734 1.306792721103261 1.4094175474864765 1.574296742855922 0.7586324650193762 0.7294000249559527 0.5606993032696463 0.7125095602058263 1.4591325513326183 1.8612485652160076 0.8138365775819878 1.460649655353209 1.3527207484956316 0.27725670258422414 1.5340096807058612 0.23667716467990257 1.6613614921346005 0.7094481834792825 0.9873407631460772 1.8741191692378032 1.1751914621508155 1.8250060878797676 0.904999583802034 1.2689257830608573 1.8128322429282389
0.16165598227743438 0.024638505419264267 0.32778697721860917 0.4859185350846922
0.03807370841415769 0.18869018469127552 0.5440200895738907 0.2292160173206761
0.3585452936572223 0.03003248934011149 0.004231293056565666 0.6071909239461005
0.22459354112073338 0.40624106947288763 0.09202674211001016 0.27713864729636883
0.15960809303427892 0.4211613569032139 0.039000697723857614 0.3802298523386496
0.14193852666206042 0.12606538895413666 0.09679826101649958 0.6351978233673033
0.22096986949898467 0.08034483154053251 0.5850917383787311 0.11359356058175174
0.027775054743657823 0.5182065395419496 0.007657388059870374 0.4463610176545222
0.6566376341398921 0.27852900728013297 0.06096648230384161 0.0038668762761333575
0.4491186869685121 0.08831411497565 0.3132307300545504 0.14933646800128753
0.6478816030730874 0.164633179487354 0.11452086018908147 0.07296435725047712
0.4051982721522879 0.16208797758238735 0.04943714293348889 0.3832766073318359
0.49457871141599685 0.024594395252042767 0.20613291028809633 0.27469398304386405
0.3467780033381418 0.3314096388127301 0.24306846329088194 0.07874389455824615
0.22531210154403458 0.19469873680832994 0.4697347507903179 0.11025441085731758
0.33916311981823855 0.547726056088426 0.011521218732559513 0.10158960536077599
0.1928734404656256 0.3910414636267493 0.13121683216556657 0.28486826374205854
0.12672675034450753 0.062192119408168156 0.09485652402129052 0.7162246062260338
0.725464305993431 0.058138283314960626 0.16397666395334132 0.05242074673826702
0.14884054372850242 0.19667493243095557 0.5846075782254755 0.06987694561506652
0.00632618017181763 0.06804111010882452 0.495675619997074 0.42995708972228386
0.18944046552105231 0.2184406718634424 0.49528619081899483 0.09683267179651045
0.4523305600149501 0.4429685963773812 0.053695471535078254 0.05100537207259048
0.2170379735918424 0.13831982223640127 0.08974888839543882 0.5548933157763175
0.6747509621172023 0.1357687429726746 0.17746160105153663 0.012018693858586449
0.5177534936683353 0.06105077851159635 0.22890857103528373 0.19228715678478459
0.08098274453295529 0.2584967916534354 0.5208595547650017 0.13966090904860762
0.2825607493408455 0.5644672280126154 0.14277405312510105 0.010197969521438033
0.12935100801147226 0.22307281823003777 0.40340650421100455 0.24416966954748542
0.18867226426049544 0.05076395294260161 0.43470930409344555 0.3258544787034574
0.374555011606713 0.01303350781228696 0.3668037973009777 0.24560768328002236
0.049576348554155714 0.522207870884514 0.2102342542007678 0.21798152636056245
0.01651462422205563 0.4767165676944558 0.020224947875521426 0.48654386020796714
0.30624742807082694 0.15397811850483878 0.4244487190565023 0.115325734367832
0.0073009125609557746 0.19420014253419426 0.7683786027313915 0.030120342173458492
0.32368124215696314 0.21666664227918342 0.28672106341564874 0.1729310521482047
0.15337589183187783 0.4893887890835793 0.3128760555949647 0.04435926348957819
0.0005692430631877299 0.5727314059192972 0.33487687103050123 0.09182247998701387
0.13533323296749045 0.5154556299447053 0.29998283716917107 0.0492282999186332
0.294503430023467 0.11865726036497504 0.43727065255576536 0.1495686570557926
0.004715519982696037 0.08161802527453355 0.26739466678257606 0.6462717879601944
0.11670452560982747 0.15884142039682314 0.23523368521518162 0.48922036877816777
0.24629089052702535 0.09833377634274076 0.5008296363793932 0.15454569675084073
0.5718510880959333 0.09757043139651977 0.10324801068491063 0.22733046982263627
0.10530252042699995 0.06992636499229143 0.3013486695893032 0.5234224449914054
0.18398233940191144 0.26078158388795314 0.367157549152513 0.18807852755762244
0.05233245679740817 0.42256284588668824 0.24652966544632393 0.27857503186957966
0.6806192076414396 0.09814901900165507 0.18599297890115973 0.035238794455745626
0.8259612161588098 0.04759076552946595 0.045633490023769596 0.08081452828795466
0.0166535686056124 0.022744746829080453 0.7118350368148679 0.24876664775043922
0.22100435573832133 0.5545193419752809 0.04151886180688036 0.18295744047951745
0.2691685678536726 0.3838481717179216 0.002866585090631979 0.3441166753377738
0.8822283017052295 0.047513032092677876 0.045041835127389684 0.02521683107470296
0.49031747893329625 0.07785659385501065 0.20213737257416353 0.22968855463752957
0.2005256717948466 0.0522513009728669 0.1370738264467296 0.6101492007855569
0.4671486411739897 0.3043041637668049 0.03509810921570744 0.19344908584349796
0.21549364926937642 0.1278231280914951 0.21728993562393362 0.43939328701519487
0.008622439582561814 0.3081534156009984 0.0226909845821176 0.6605331602343222
0.023398591471281316 0.5971701745316359 0.09943883796962516 0.2799923960274576
0.25478062085233966 0.26265491785721007 0.07161323335871894 0.41095122793173133
0.28191002704744716 0.2367926438782212 0.06049409438225828 0.42080323469207337
0.24145587567299065 0.3466069019236263 0.38122720163114154 0.030710020772241498
0.5112131633353367 0.23717113076463592 0.2272121538607591 0.02440355203926825
0.10682906399578085 0.08924121555310394 0.26461255041037257 0.5393171700407426
0.33375043938702076 0.17409946508162988 0.28935406771364836 0.202796027817701
0.11714058572884722 0.41904391645522565 0.18084562811889682 0.2829698696970303
0.3853579922865603 0.125520886720337 0.014483044238812859 0.4746380767542898
0.059803274262141715 0.5578477576924126 0.10345742183632267 0.27889154620912304
0.15507127044558044 0.2767987352541882 0.43972404404211407 0.1284059502581173
0.38430838522681854 0.03065620991596618 0.18442837116682964 0.40060703369038564
0.6337440668597117 0.09450571743877045 0.08136772216734411 0.1903824935341737
0.676429581476733 0.2350810161091622 0.04784367119190103 0.04064573122220372
0.2624744876103656 0.4945929913732243 0.15850523544902106 0.08442728556738899
0.4803256469202636 0.17790093774602955 0.3349058286360659 0.006867586697640982
0.5891060097517044 0.2112925635139189 0.0615630737069881 0.13803835302738865
0.5397568296220565 0.004883344498435194 0.22737801080498665 0.22798181507452164
0.010829225901887174 0.021489645338270136 0.2223004575992611 0.7453806711605816
0.22418098794063634 0.014657039965376706 0.03296281180127458 0.7281991602927124
0.6378015965938203 0.15207045004275332 0.006592306234868617 0.20353564712855776
0.07911708122124295 0.6074983030489359 0.24958268771467085 0.06380192801515028
0.11252597878197734 0.4391865588379339 0.09480975698640104 0.3534777053936877
0.04921465222684429 0.12044816856489993 0.2759677254294135 0.5543694537788423
0.22996225063142417 0.3603334212657078 0.16533675907350998 0.24436756902935808
0.23742298368822046 0.33250784325820637 0.07006867103501291 0.36000050201856026
0.4571646534021364 0.015589715478226629 0.015609082436496724 0.5116365486831402
0.14221201786725834 0.10834806981579981 0.22138058820847217 0.5280593241084697
0.16402868383567482 0.46541618648621896 0.20899795374636754 0.16155717593173868
0.5159215249128292 0.21084005941208728 0.27195235779951865 0.0012860578755649055
0.14437139767857066 0.06627085669709298 0.6408217169016199 0.14853602872271643
0.3869535757941768 0.4214536156429618 0.12922694114404898 0.06236586741881245
0.22936108736554128 0.31836974206556556 0.22171138536363855 0.2305577852052546
0.27056759336608094 0.3415182165155176 0.0289659198390948 0.35894827027930665
0.06767043563740338 0.17614964620051432 0.46890956078691515 0.28727035737516715
0.37188967212416923 0.3886818111397604 0.02043622605518791 0.21899229068088244
0.4888260825246623 0.12270414152947162 0.28116822479161685 0.10730155115424922
0.2197908915986424 0.11502220810436636 0.3954555785655769 0.26973132173141434
0.054454344107176644 0.11038753260381706 0.6746760088503247 0.16048211443868154
0.36892832253995145 0.19265134163366449 0.136195090019666 0.30222524580671806
0.06425097503397581 0.09123506317604568 0.286202205706933 0.5583117560830455
0.3780958647657331 0.36548251638539564 0.20596702624680308 0.05045459260206819
0.37301392022445534 0.31630439855738945 0.14888330662619054 0.16179837459196467
0.21215814345484618 0.7141180227213763 0.03544626287530861 0.03827757094846895
0.45463158888042576 0.30379697939525163 0.15571016002159133 0.08586127170273128
0.15850724750237255 0.3443005570411135 0.3553317864085742 0.14186040904793973
0.24636279745422918 0.10897444713173632 0.5570009598989073 0.0876617955151272
0.016117574990730188 0.16769939160691494 0.7680169112424493 0.04816612215990557
0.1834254663794559 0.35047549881233186 0.11022817822773467 0.35587085658047757
0.2958075998153281 0.08554691785020563 0.34666960740668973 0.27197587492777653
0.037987557990657006 0.19619097401658814 0.47984465924174535 0.2859768087510095
0.15803123578335188 0.3226248295107127 0.2606288948958664 0.25871503981006905
0.1562991417953481 0.40918878268838343 0.23098838931416177 0.2035236862021067
0.20555190243442834 0.27784912373731185 0.02077166392876173 0.4958273098994981
0.26279160834129356 0.1785886068002711 0.3873225470588373 0.17129723779959805
0.04196127660327431 0.05957239205661358 0.7422491600183289 0.15621717132178325
0.5240271667130545 0.07865386345524861 0.25856395710889524 0.13875501272280166
0.034136604761946354 0.12565353666960266 0.5564478905816094 0.2837619679868416
0.5814929766754267 0.09829713962646325 0.04253481861498232 0.2776750650831278
0.3914348741928605 0.008576508412024841 0.2943736790431488 0.30561493835196585
0.14616249791255131 0.203006936721278 0.4623140852795071 0.18851648008666355
0.1150934371109209 0.07763732608418406 0.649118880881487 0.1581503559234081
0.11030797326564035 0.3150583906688975 0.28139697335478986 0.2932366627106723
0.08583419111725332 0.5516477521309031 0.20548257020249583 0.15703548654934774
0.558968764056109 0.1093807593865257 0.15741734269553753 0.17423313386182782
0.6656813799936852 0.012724331134711497 0.033863330966155014 0.28773095790544834
0.04416039585077092 0.10145108289636806 0.624242364372472 0.23014615688038897
0.3015389797446073 0.09742113028998078 0.5871268251868323 0.013913064778579565
0.398890901390754 0.3408081252451519 0.21190933823118174 0.048391635132912336
0.28444868858731354 0.39229522561565533 0.27325826178795154 0.049997824009079594
0.09482408867987913 0.23122870058459366 0.3185571375268025 0.35539007320872473
0.10993501438609687 0.4049446963868135 0.08708028201059326 0.39804000721649635
0.011284815007462257 0.12678395214396154 0.5201175911517022 0.341813641696874
0.021655101082887707 0.14855317314128147 0.39244348298481957 0.43734824279101125
0.16028277323534845 0.12237885796265957 0.07065810577649023 0.6466802630255017
0.40779913276605406 0.005264321768743918 0.47358908801775956 0.11334745744744246
0.11226925070148386 0.043953258744653056 0.757028598667441 0.0867488918864221
0.047480331896596284 0.47416138955134357 0.314849981043255 0.16350829750880513
0.22808991074279572 0.12682116277537825 0.3518089110984336 0.29328001538339243
0.3969449211078886 0.22785058505935674 0.31361613835132585 0.061588355481428825
0.35262884871872324 0.32886178273972155 0.1482899333141242 0.170219435227431
0.03246680880989461 0.16692464564707632 0.13970874641666142 0.6608997991263676
