77 30 4 72.74789736190088 145.4957947238018
9.271981286192636 6.779760399314699 7.78341006756259 2.2538311129246154 1.7858759319064006 8.092018522328427 3.9353584333103995 5.869610393283709 3.1621165828120543 5.908806330183144 4.604990533119003 7.436726985517812 8.530119469730753 6.296330282920146 3.6653910763002364 3.5291592158856777 7.350375201916863 4.803367871707769 1.5158438672248553 7.723245760364094 5.070817117533672 2.5819726422819196 1.4443929938303832 3.632278048254593 1.6011921798231517 7.760408373920121 1.573943716725906 4.887174874705943 4.27755172098715 2.3677437312330483
1.8543962572385273 1.3559520798629399 1.5566820135125181 0.45076622258492305 0.3571751863812801 1.6184037044656854 0.7870716866620799 1.173922078656742 0.6324233165624109 1.1817612660366288 0.9209981066238007 1.4873453971035624 1.7060238939461505 1.2592660565840292 0.7330782152600472 0.7058318431771355 1.4700750403833727 0.9606735743415538 0.30316877344497106 1.5446491520728187 1.0141634235067343 0.5163945284563839 0.28887859876607663 0.7264556096509186 0.3202384359646303 1.552081674784024 0.3147887433451812 0.9774349749411886 0.85551034419743 0.47354874624660964
0.03606131000291102 0.2372313731270731 0.27341765658593165 0.45328966028408424
0.3532450981171027 0.09231081189878165 0.19881384469503305 0.3556302452890826
0.2620003413345412 0.46739366771884383 0.1653612302406684 0.10524476070594657
0.1294506297724709 0.30532434291041366 0.5049900622844729 0.060234965032642585
0.13474393062097323 0.5749596473754596 0.2375903430041013 0.05270607899946589
0.14481444821771017 0.4442576488328026 0.26837379134717454 0.14255411160231268
0.4534082266242594 0.1851139542135466 0.36011042274335947 0.0013673964188345433
0.5149742681090496 0.027003364638883753 0.2745458108776492 0.1834765563744175
0.2770886884732112 0.14333831509296524 0.3660441780904784 0.21352881834334514
0.01192155358275615 0.041231558734412865 0.7725646360267472 0.1742822516560838
0.10036080873450193 0.1807898523217698 0.6124786985708474 0.10637064037288091
0.5615661006777212 0.18381127347115056 0.16386216874016035 0.09076045711096792
0.2136507101264129 0.05979208506587086 0.039035491784762066 0.6875217130229542
0.01447453844780433 0.8473712718800548 0.005018981099955688 0.1331352085721852
0.1603909008190777 0.2624162925931496 0.054146598215703445 0.5230462083720693
0.39179478271945045 0.5289504870752345 0.0054353458155462775 0.07381938438976876
0.2349904981777623 0.3307978486909038 0.15358857988552244 0.2806230732458115
0.026819636699749072 0.22050297412310693 0.5441457629072283 0.20853162626991573
0.06467290721485874 0.4337408114772501 0.22022549215467768 0.2813607891532135
0.6426786141941642 0.09049363809348399 0.23707115900225062 0.02975658871010123
0.03452878136675119 0.2617227120802744 0.028673450780207776 0.6750750557727666
0.02079884965962986 0.3708207943348103 0.6067003116864852 0.0016800443190746472
0.3544317346711524 0.4831249540999989 0.04173580068970251 0.12070751053914619
0.03043433541242735 0.9494545636413495 0.014878265605029029 0.00523283534119412
0.6533569100468444 0.23080191395133198 0.03902258386391111 0.07681859213791253
0.4536384129556481 0.007766578917988376 0.4986530511614783 0.03994195696488523
0.3422069204813598 0.06504989293370866 0.1544766140873931 0.4382665724975384
0.537367285358173 0.38930731458603884 0.06146603592900801 0.011859364126780125
0.07992740717930857 0.48051324016617847 0.3468383385267545 0.09272101412775846
0.6659812401916544 0.21304546720927808 0.03812085601836346 0.08285243658070407
0.1689852192728417 0.2743078183294919 0.3796001536271717 0.17710680877049467
0.10754107880259256 0.2781625793130138 0.5913490033183009 0.022947338566092768
0.30948318615494275 0.0027518721762103127 0.47103853684340435 0.2167264048254426
0.36704287316054973 0.05512848307304308 0.49492219812572646 0.08290644564068073
0.049976404839687016 0.20479654324902197 0.25173299501799473 0.4934940568932963
0.2576384903723663 0.06926011828550549 0.3570751433827565 0.31602624795937173
0.31945566560822425 0.012436636374723364 0.5357298757919474 0.13237782222510497
0.11232380884068305 0.10860783750713132 0.3051561215769536 0.47391223207523203
0.48154689598856304 0.42287373567198705 0.044593871375810834 0.050985496963639076
0.05972078070924791 0.19991826749786068 0.14499793906682634 0.5953630127260651
0.20228926948995807 0.3707537960459949 0.3702599755265047 0.05669695893754234
0.6007604785160442 0.29007115484162804 0.04774612905437303 0.06142223758795473
0.2485007122242413 0.03984368408848149 0.4827091398183806 0.2289464638688966
0.2591405994003485 0.16738925479038358 0.18258312216358352 0.3908870236456844
0.056531631540942984 0.6441676393575375 0.035296783894852135 0.26400394520666737
0.027818070849014997 0.3314238538298666 0.09344236038861042 0.547315714932508
0.07954435102283086 0.019257661958832606 0.1960865531508298 0.7051114338675067
0.26278232187865447 0.1154865072551704 0.32356226160612644 0.2981689092600487
0.14801435238687422 0.15617300667344725 0.3064734663167429 0.38933917462293566
0.2106973939969884 0.26082480979884004 0.44006996356059824 0.08840783264357333
0.17735672485066722 0.13527662265649143 0.26544406558255607 0.4219225869102853
0.09962483101455777 0.2551582810771871 0.24989157985014088 0.3953253080581143
0.1426086960632018 0.40729026769953347 0.04027506129631919 0.4098259749409455
0.3373415663707561 0.4115790730505282 0.1745332029797294 0.07654615759898631
0.5805916314301794 0.2480543848783865 0.04492371915444959 0.12643026453698447
0.23107471996240758 0.05570058006183565 0.41601778673936085 0.2972069132363959
0.151807374862318 0.07689597221281863 0.016719331601446452 0.7545773213234169
0.4553911259175266 0.2768721096071243 0.03498756306169026 0.23274920141365885
0.2391263931429055 0.3234293237604311 0.25273728386212324 0.18470699923454015
0.24075237672924343 0.26829028271798583 0.03976895987283868 0.45118838067993206
