48 90 4 230.74677296374685 461.49354592749376
1.1574124383803737 9.024159404622326 3.563750507265265 3.690787397130621 8.128308345898864 3.9202353773040595 8.782393480212324 5.027613689924867 5.934069157150848 4.214547953469905 2.0108082285343882 2.277074393634674 5.004631690409664 7.587822026682207 5.140911053766444 6.3346996807783515 4.030424716861731 5.089850387454608 2.6841499554747226 4.679516919490395 2.1889183595132446 1.3339928348635477 1.7378904767599994 2.9209595597230718 5.907063373432729 6.895597135361253 6.299091242309179 6.1748522843590825 4.012167859171249 4.42515194827247 4.614766227345562 7.113923489249577 2.315587785251987 8.099057964683222 1.3368435006191 6.522673487377751 2.368610428962131 7.946893451337486 3.368071359309197 7.94772306818334 3.587071135907183 6.865114366022506 9.555299547427808 9.266269082196697 2.4830504220639993 4.040143394914258 1.8106026928874797 7.235544989124054 7.119232227441388 9.18249102779788 3.7546836997383926 2.638967552416248 1.3130002842440875 4.331791456252025 9.66562642373528 6.213208061353055 9.006043146346201 5.659298455051001 7.552908292531984 4.445099743754062 9.92579815421155 4.533721586203771 2.283989006721614 9.163183785313628 1.5469717052365253 1.8247864975698387 5.200938880658838 1.0071757365123521 7.204670485811577 4.4268947133609355 7.412815394732637 6.460861360240925 9.337844115705654 1.7191251057886827 6.548551616635984 6.394241650891007 4.176453826981864 4.0393109053416145 1.1397857896769943 8.478823425452106 7.699307660869048 4.151534198174232 5.362120060418452 6.165388709411854 3.505287302435339 3.5180911087523596 9.85745998080813 5.020106101424283 1.6000006475237465 4.2498577728908025
0.23148248767607474 1.8048318809244652 0.7127501014530531 0.7381574794261242 1.6256616691797727 0.7840470754608119 1.7564786960424648 1.0055227379849734 1.1868138314301695 0.8429095906939811 0.4021616457068776 0.4554148787269348 1.0009263380819329 1.5175644053364414 1.0281822107532888 1.2669399361556704 0.8060849433723462 1.0179700774909217 0.5368299910949446 0.935903383898079 0.43778367190264894 0.26679856697270954 0.3475780953519999 0.5841919119446144 1.1814126746865459 1.3791194270722507 1.2598182484618357 1.2349704568718165 0.8024335718342497 0.885030389654494 0.9229532454691125 1.4227846978499152 0.46311755705039737 1.6198115929366446 0.26736870012381997 1.30453469747555 0.4737220857924262 1.5893786902674971 0.6736142718618394 1.589544613636668 0.7174142271814367 1.3730228732045011 1.9110599094855616 1.8532538164393393 0.49661008441279986 0.8080286789828517 0.36212053857749593 1.4471089978248108 1.4238464454882775 1.836498205559576 0.7509367399476785 0.5277935104832496 0.2626000568488175 0.8663582912504051 1.933125284747056 1.242641612270611 1.8012086292692402 1.1318596910102001 1.5105816585063967 0.8890199487508124 1.98515963084231 0.9067443172407541 0.4567978013443228 1.8326367570627256 0.30939434104730507 0.3649572995139677 1.0401877761317677 0.20143514730247042 1.4409340971623155 0.8853789426721871 1.4825630789465274 1.292172272048185 1.8675688231411307 0.34382502115773655 1.3097103233271967 1.2788483301782014 0.8352907653963728 0.8078621810683229 0.22795715793539886 1.695764685090421 1.5398615321738096 0.8303068396348465 1.0724240120836903 1.2330777418823708 0.7010574604870679 0.703618221750472 1.971491996161626 1.0040212202848566 0.3200001295047493 0.8499715545781605
0.03984569310124453 0.22889819859340932 0.5303504109631555 0.20090569734219066
0.25839358997133954 0.45621927719929933 0.21541777101674386 0.06996936181261726
0.028767325522239817 0.16600025297493337 0.2565573458078957 0.5486750756949311
0.41441444089796775 0.022680224107693103 0.38707204787235316 0.17583328712198598
0.15587814262589017 0.02946051316325482 0.093976225859973 0.720685118350882
0.559589952847043 0.16451894499859632 0.2074965919239543 0.06839451023040632
0.10775789740363695 0.2517434675733923 0.6107308098868354 0.029767825136135406
0.40794052726749364 0.39849189436747756 0.10675787999290265 0.08680969837212615
0.46781611809916657 0.1776391409462761 0.08457545744845418 0.26996928350610316
0.33626769893982944 0.28227403834057085 0.0223718093466988 0.3590864533729009
0.3840704205349681 0.15528386963520702 0.06763592727737389 0.393009782552451
0.3724920263235939 0.27332893427495464 0.30914566407649613 0.04503337532495533
0.2274290870826432 0.15548628275354937 0.5904221339362409 0.026662496227566557
0.41441409176372845 0.24046896303403853 0.31736380211038195 0.027753143091851062
0.6214500618686376 0.10679104839335041 0.16713201398553534 0.10462687575247664
0.33641143186840883 0.07798699976058077 0.4031764485717175 0.18242511979929288
0.4444010648550607 0.05257548565912129 0.2975769733118059 0.20544647617401213
0.002284185279189832 0.08555507374273741 0.8803968423337282 0.03176389864434459
0.11171651349206269 0.18206277273199378 0.6393186492447888 0.06690206453115477
0.6359558550391426 0.10663095451440341 0.0529438974822406 0.20446929296421334
0.44281979072780775 0.05582945886672419 0.18118989488749404 0.320160855517974
0.10543877746756292 0.6393690248259732 0.18168426171853846 0.07350793598792538
0.08966191934454237 0.6995446284682063 0.11165424486643005 0.09913920732082127
0.0770330145756829 0.33634812545615245 0.4709914519437699 0.11562740802439475
0.15848072980973626 0.6886876783711761 0.14240332113236454 0.01042827068672314
0.19712224566218872 0.2147396874505385 0.046155222206409885 0.5419828446808629
0.7868801369143655 0.11482500256187778 0.04878816977638656 0.04950669074737013
0.190561563524138 0.3339932503624409 0.33073592599065427 0.14470926012276686
0.2868779772323412 0.032034881764695156 0.3055683135753704 0.37551882742759324
0.041274500658022295 0.2303229596741314 0.2345948480941512 0.4938076915736951
0.06366370807698418 0.44101110143754674 0.11900012527700332 0.37632506520846576
0.20762708989171197 0.15010572991511584 0.41158775644098256 0.23067942375218964
0.0892071198676061 0.49781030068318566 0.1161161552162393 0.29686642423296894
0.282317548437342 0.04236548029453924 0.12109347687553995 0.5542234943925788
0.10108117649256643 0.33807382220589677 0.2094403288438852 0.3514046724576516
0.00824020038648865 0.23172979859258536 0.7197583090485237 0.040271691972402324
0.4996209631329379 0.16755468582733923 0.25719638236768916 0.0756279686720337
0.2205400757350341 0.34711945590916293 0.30062632128856537 0.1317141470672376
0.4987311400372253 0.010299416571048492 0.2993086039268352 0.191660839464891
0.6064082838322801 0.11043854151024224 0.06868643908348848 0.2144667355739892
0.3761733552758525 0.16277030663043646 0.325432860450212 0.13562347764349902
0.23331445975540166 0.32142695406733934 0.14739517704617566 0.29786340913108333
0.17561390856577697 0.6417027586546807 0.10613463678442125 0.07654869599512104
0.4055132387883694 0.2730556224766918 0.1722291787502076 0.14920195998473118
0.28294876099118094 0.009741477829395162 0.6724664690845823 0.034843292094841605
0.5864911403939743 0.07742721110297812 0.07332820550202257 0.262753443001025
0.35758649890055194 0.30130886352153197 0.31364696300132955 0.027457674576586544
0.14828046898835867 0.4759836563677514 0.16739329959705596 0.20834257504683396
0.1115490271084707 0.28341946911260907 0.1902537255970811 0.41477777818183914
0.3721654934919193 0.3948963639610821 0.14355379928829026 0.08938434325870837
0.015922830409413113 0.17888480321325884 0.7151644617213008 0.09002790465602728
0.03311262528286529 0.3638391747311778 0.5936414348350734 0.009406765150883567
0.49300354311930517 0.14199513901584782 0.010817820114854326 0.3541834977499927
0.10243036267568639 0.16950591379285418 0.32160100149141313 0.4064627220400463
0.030160718637201933 0.7721311210712054 0.004676629244294128 0.19303153104729853
0.2901737466672544 0.14585182160033472 0.5386022100958139 0.025372221636597025
0.01137225601622427 0.04441811537900131 0.8475606744024391 0.09664895420233532
0.0024486022869747437 0.6111530598156307 0.36172122457503864 0.024677113322355892
0.15893346093246707 0.2477771076941746 0.21774935268522255 0.37554007868813577
0.13542715718710607 0.5235990205758506 0.20441097082709436 0.13656285140994895
0.5797955414105028 0.009488972249898975 0.12367785588678326 0.28703763045281494
0.09114904635460952 0.3542450625596334 0.2362124701939553 0.3183934208918018
0.23445479235085787 0.03510288677676254 0.11875054665380769 0.6116917742185719
0.2971356447345739 0.13922365748597265 0.1870291746356001 0.3766115231438534
0.6777916547581528 0.0865085608765992 0.08577560773272974 0.14992417663251822
0.4249897951070898 0.33734465345356235 0.10253702766597728 0.1351285237733706
0.3214906209325361 0.001528457754327972 0.283579405236296 0.39340151607683993
0.0953821566924471 0.7052839443671794 0.19818182172785437 0.001152077212519087
0.057312980633086985 0.5172034231878876 0.1492752810524398 0.2762083151265856
0.34964752034163693 0.37975393459480133 0.22979867733263082 0.04079986773093092
0.2817712816350376 0.1142227756255253 0.2538579344381733 0.3501480083012638
0.0675255738950914 0.44717157611872504 0.3436446655374146 0.141658184448769
0.10954329695010956 0.2579055310834075 0.3282565659561103 0.3042946060103726
0.11391163269619886 0.5856263239571202 0.0654564584788404 0.2350055848678405
0.11571308529674829 0.21534919803866148 0.4893137554535879 0.17962396121100233
0.09044162281441548 0.5295653144208767 0.23855687087053834 0.14143619189416945
0.4771026395073288 0.06724558592267538 0.37678702549361476 0.07886474907638108
0.10444197096771635 0.006056241456934508 0.7244849720134371 0.16501681556191206
0.3451819043904727 0.00404511859061607 0.02251928183438545 0.6282536951845258
0.0726120621019839 0.4473692912934658 0.12308756807680754 0.35693107852774275
0.3651343103822583 0.2635559377021861 0.27745841683652506 0.09385133507903054
0.10233409934013749 0.5315678023996485 0.07298244767410211 0.2931156505861119
0.01967469837760394 0.06870518029482287 0.7336302907913916 0.17798983053618156
0.026598987953469266 0.3277643011881993 0.6318319881212291 0.013804722737102315
0.050795983375258036 0.5513342261543188 0.18453862765302864 0.2133311628173945
0.38129410098937333 0.04894281331743 0.30394394066076036 0.2658191450324363
0.10064822201807155 0.5251565735161267 0.1659584901704897 0.2082367142953121
0.13680438087043456 0.09398265588267274 0.3842575242303192 0.3849554390165735
0.02613605740991154 0.22317061623074796 0.25267377223582055 0.49801955412351995
0.21392553432631745 0.41364572295396707 0.2930377759171312 0.07939096680258428
0.0242773773017666 0.2172485938047498 0.5649741348315663 0.19349989406191725
0.39337442224446295 0.21394501441037206 0.38087701468866453 0.011803548656500462
0.11479585648509816 0.16422583328400386 0.47000961984078893 0.25096869039010905
0.24033877033048523 0.014439623596891438 0.6621146113886087 0.08310699468401461
0.05549228289894903 0.07092124507874242 0.808648509384179 0.06493796263812956
0.3406667872106023 0.5587586238738659 0.09505738346705683 0.005517205448475004
0.42218717214460855 0.13721628373697992 0.275385842789602 0.16521070132880955
0.3205935830740604 0.0079930089575031 0.020889098730644373 0.6505243092377921
0.2840711389291112 0.36042282764063527 0.21056715308659757 0.14493888034365598
0.03671572664813327 0.6463155580287231 0.24859559020441713 0.06837312511872651
0.5506805596166198 0.13632057030918954 0.019494149433219476 0.2935047206409712
0.2375625796209596 0.6706115063338256 0.055172560961281425 0.03665335308393336
0.3630415130217123 0.1090439436433488 0.16087932836239127 0.36703521497254765
0.04841733111474089 0.0964890051595797 0.8339423054306975 0.021151358294981937
0.10202687035475166 0.023476236313332066 0.3639801283067764 0.5105167650251399
0.23216123148463996 0.15386561420643252 0.3023817552589789 0.3115913990499486
0.07932121218190968 0.7936442724919183 0.105508350447867 0.021526164878305054
0.49661342735748104 0.029595566134748896 0.40315719617643253 0.07063381033133753
0.49765975109945015 0.0385221789735718 0.1149100275650149 0.34890804236196316
0.3389927612104614 0.03885983875152765 0.585564346764317 0.03658305327369393
0.32526055035497914 0.03763898608783711 0.13670906909924063 0.5003913944579431
0.32679942650851646 0.1618546130893086 0.024576844294574518 0.48676911610760043
0.012065928181838825 0.3720030130426085 0.5362315862568509 0.0796994725187018
0.03685702080561026 0.07115975407999098 0.8051847439697803 0.08679848114461841
0.2513037664674528 0.09592101357814664 0.027141332445612676 0.6256338875087879
0.34793709482725654 0.14609555916537842 0.38141484873936893 0.12455249726799611
0.004331761134991674 0.24650215857058422 0.10560645264615243 0.6435596276482717
0.5962519746257992 0.07281021154569156 0.07697353575871446 0.2539642780697948
0.061113263933407325 0.4384137500185791 0.39839425608380796 0.10207872996420564
0.37863369880196973 0.12530520602534545 0.46441643027072566 0.03164466490195916
0.032873048845245 0.15476617882833432 0.2817295340814112 0.5306312382450095
0.38463387934452276 0.12052211656082878 0.04519247067908683 0.44965153341556163
0.03669265565421642 0.7628316102217949 0.13316554814293502 0.06731018598105365
0.033960698875975304 0.40714043157877144 0.10608023813127365 0.4528186314139796
0.23611688074581172 0.2838432200233879 0.2463509302817387 0.23368896894906166
0.3578248485179012 0.019224757701036266 0.5998239218149163 0.023126471966146256
0.08207096273822923 0.09491230517222571 0.7809780330057076 0.042038699083837505
0.3880618441268613 0.026913651334458888 0.36964425645513244 0.2153802480835474
0.30687759111999957 0.19323948386524148 0.1045196437125463 0.39536328130221265
0.012040393975534025 0.5540605555867274 0.08754838808942567 0.3463506623483129
0.4718728441825867 0.0425164160403273 0.33722517581412503 0.148385563962961
0.2817857174456726 0.3649031517244278 0.134954532009241 0.2183565988206586
0.6240087244534236 0.09746151763394273 0.1186324503664965 0.15989730754613718
0.15277840523322794 0.030445983713804692 0.09251141721499478 0.7242641938379726
0.059203088633445033 0.22047739787264253 0.6180866192317062 0.10223289426220628
0.5105984543390019 0.24268212381760557 0.23489328937821652 0.011826132465176054
0.3674917381791841 0.27183252027171323 0.22425118875123484 0.1364245527978678
0.689602393923474 0.11906118036899871 0.08872840946542637 0.10260801624210092
0.08493236107354829 0.07097392310410422 0.3243375567595105 0.519756159062837
0.15282639439112478 0.07290012994792083 0.08004246608896648 0.6942310095719879
0.04871799704517532 0.33418053655249 0.016209949410802005 0.6008915169915326
0.23181806858385712 0.19912269602552446 0.337216377011605 0.23184285837901342
0.20221042570352588 0.34108696799359006 0.3431828601097906 0.11351974619309346
0.2694844219400163 0.4939044049712522 0.05113754183356389 0.18547363125516758
0.26553936625095587 0.01708523629653802 0.33470197952309566 0.38267341792941045
0.19921189620705115 0.1496282002581245 0.5217327301996123 0.12942717333521203
0.745870030702762 0.1005697259928563 0.09321640998884462 0.060343833315537054
0.16839622349718886 0.11504811285330463 0.07484692061011533 0.6417087430393912
0.2330442373115087 0.3066228028626995 0.3701520220797473 0.09018093774604452
0.15582169106645616 0.5013473731964183 0.21666771236924687 0.12616322336787866
0.3734853991062286 0.23094653993057712 0.2704809199889314 0.12508714097426288
0.30774934082131833 0.17117636730564967 0.12017781529287996 0.40089647658015204
0.04217386547695989 0.32747371039705453 0.13304944957064657 0.497302974555339
0.09904771988580818 0.06790588601984127 0.2971824395812682 0.5358639545130823
0.11551446677755672 0.5696606501618773 0.17917461779675137 0.13565026526381463
0.030811901078877324 0.03373992146109539 0.2861358010487314 0.6493123764112959
0.14299653493518194 0.35083005404612655 0.06800484599870871 0.4381685650199828
0.7158100620864959 0.10555292745511557 0.139244231027282 0.03939277943110653
0.039874832173743546 0.07853268620136666 0.7620449690350329 0.11954751258985685
0.13894827490644912 0.5921322751997934 0.19521465086010092 0.07370479903365657
0.13142381405984738 0.23335477323157117 0.07701011339092667 0.5582112993176548
0.25618855840337007 0.08063507735955988 0.10874207838010286 0.5544342858569672
0.17744954616386988 0.0051369013542660324 0.550162851757426 0.26725070072443813
0.22324091555664816 0.5671408417999422 0.15181885150676444 0.05779939113664523
0.08614572498680073 0.3576170899473452 0.11699750995331126 0.4392396751125428
0.21664981090937108 0.18952938678018894 0.29611302569186493 0.29770777661857506
0.5781678998471939 0.29495633818002964 0.009333387821286121 0.11754237415149038
0.3169346985103455 0.2799673649324793 0.06672785402530201 0.33637008253187317
0.009069681165942423 0.3607923951584242 0.6220579790476205 0.00807994462801287
0.046405166534215 0.1678519589622013 0.6836535234252379 0.10208935107834582
0.6260588375648316 0.09834548722983749 0.2406038865549056 0.03499178865042529
0.3988770128150415 0.3514325399097038 0.23534704976582654 0.014343397509428146
0.10339285470363913 0.6062069442327741 0.225783221202708 0.06461697986087878
0.11129931360168088 0.5722861221377761 0.28058813789806747 0.03582642636247557
0.09129326720100261 0.07796081187698978 0.34230052326378535 0.48844539765822226
0.2403603398333407 0.36324678278376077 0.061257104340160184 0.33513577304273834
0.22272070692212165 0.21724158187942488 0.35908581863858946 0.200951892559864
0.12233105001152145 0.5333017965615828 0.25499420347043267 0.08937294995646305
0.010881758109271722 0.24880115075241505 0.09075736835356407 0.6495597227847492
0.1499703482667799 0.39658789558794794 0.2747689028782039 0.17867285326706828
