22 30 4 85.76767671195537 171.53535342391078
2.8761448362295834 5.335129555870293 4.784842317829373 8.732637986692097 2.54045398250506 4.049775645433304 3.4347954996804804 7.219372154046365 2.983640649739531 8.30755828484818 1.094741868844976 6.050833269966998 8.323535686736768 7.705902664529521 2.702002197345058 1.055267797114884 7.948394843000826 9.620489512839477 7.317440956848801 3.6782044017854547 7.9119346776003185 7.193964924033527 4.4846513234292 6.536852425837506 4.847997158599066 6.258606788412054 7.323719669789067 2.0070565469530903 9.309429332600054 9.899976464769841
0.5752289672459167 1.0670259111740585 0.9569684635658746 1.7465275973384196 0.508090796501012 0.8099551290866607 0.686959099936096 1.443874430809273 0.5967281299479061 1.6615116569696362 0.21894837376899517 1.2101666539933995 1.6647071373473536 1.5411805329059043 0.5404004394690116 0.21105355942297682 1.589678968600165 1.9240979025678953 1.4634881913697602 0.735640880357091 1.5823869355200637 1.4387929848067054 0.89693026468584 1.3073704851675012 0.9695994317198131 1.2517213576824109 1.4647439339578134 0.4014113093906181 1.8618858665200109 1.9799952929539681
0.02907634933808989 0.6483344241499501 0.19751697178967698 0.125072254722283
0.3112646634243844 0.17301957502872434 0.023805924775062826 0.4919098367718284
0.04521011190769353 0.3924705481744061 0.4115100851254795 0.1508092547924209
0.1290640072118362 0.06849450195350293 0.4098553539766525 0.39258613685800836
0.21873041542199356 0.32003505767769347 0.4432636354802164 0.017970891420096557
0.3140740298466136 0.4225921996710176 0.17487076786774647 0.08846300261462237
0.35764316974130783 0.3869212932112013 0.11388873290122081 0.14154680414627008
0.5681323703054622 0.10488362672170182 0.2687603890530389 0.058223613919797135
0.1578559141684922 0.35031132631920925 0.06362790594053269 0.42820485357176585
0.6972231799520315 0.16486463251023464 0.02441054279783572 0.1135016447398981
0.44080286851070616 0.06574260703263834 0.15076582705279307 0.34268869740386243
0.057952871572311215 0.3920888071055496 0.3538118895329435 0.19614643178919566
0.36241686423239117 0.46943587328317515 0.04033670198073236 0.12781056050370132
0.16892308055411542 0.22701410240458952 0.3083594376430209 0.2957033793982742
0.26704436661784337 0.16794268033313076 0.29595504113150817 0.2690579119175177
0.5389013429054401 0.026496692583865555 0.3069883755974099 0.12761358891328445
0.04895546575127907 0.16314738914083926 0.18595230212627356 0.6019448429816081
0.11557638066163867 0.4985321620273978 0.03702912471046815 0.3488623326004954
0.4517788243490799 0.36517109059593666 0.04675614007071183 0.1362939449842716
0.026716901748386812 0.4318747231872715 0.3776556631475505 0.1637527119167912
0.4715598247823619 0.06829505980699391 0.3688267616196005 0.0913183537910437
0.05196410414210806 0.32452919978598305 0.05439004402291303 0.5691166520489959
0.27705080775062785 0.23127653585852914 0.0033269343164951115 0.4883457220743479
0.1878703577436346 0.3662209214743637 0.30518926985992456 0.14071945092207716
0.2612231950610343 0.05458142013215328 0.4827466119485204 0.201448772858292
0.35089860250058036 0.39461803892782454 0.08912071873939187 0.16536263983220323
0.18199141156667276 0.20612883228132328 0.017754122032254238 0.5941256341197497
0.22500291335972156 0.31559423942780573 0.29300645716634444 0.16639639004612827
0.04671699281628905 0.5435447734534542 0.3906047236735096 0.019133510056747127
0.09863311430997679 0.29668493854650413 0.38207510139037415 0.22260684575314493
0.17775907103572464 0.5671730063328932 0.050232698089034966 0.20483522454234715
0.04566154259879052 0.08267235922897787 0.3874395860217631 0.4842265121504685
0.09588460991804115 0.02932257327532084 0.5596215354737658 0.3151712813328722
0.44350009427690873 0.02955990779874773 0.3085627467512696 0.21837725117307394
0.16748829814257826 0.14593249008870035 0.3955346255748533 0.2910445861938681
0.08625567976924198 0.13288168209509388 0.6094030030827093 0.1714596350529548
0.005512411903590642 0.1720246260324565 0.7756112109988074 0.0468517510651455
0.02304901267712911 0.14106532076187217 0.07800862326078717 0.7578770433002116
0.32375160991167895 0.14620080339347408 0.03361040821063932 0.49643717848420765
0.030453593675645596 0.2213819171192497 0.38336067873259505 0.36480381047250965
0.20002865147795024 0.7326171001161514 0.066676670044849 0.0006775783610493136
0.7903060350188497 0.017366024199376384 0.04353873730984947 0.14878920347192448
0.028732626188844312 0.1736950001957871 0.40028037141759576 0.39729200219777283
0.19343626241123058 0.5695596492315884 0.12649992643454322 0.11050416192263779
0.5146685042108027 0.14915084378809185 0.22337468915492953 0.11280596284617594
0.007408867991093193 0.027106149128352408 0.31556041265586554 0.6499245702246889
0.7248406917784315 0.01124004267990164 0.19722106019743502 0.06669820534423188
0.03709209948967984 0.7193521335358127 0.168591088361965 0.07496467861254241
0.5003814625412049 0.10429358179785742 0.04446376866348967 0.35086118699744806
0.1546168560073785 0.07434820310170598 0.2814178531105628 0.48961708778035273
0.03525687011793488 0.04362472120544869 0.6162572685809659 0.3048611400956506
0.5784844816893525 0.3600728026909539 0.03300630097063184 0.02843641464906177
0.17891537035148664 0.16113127521210702 0.6577676434925704 0.0021857109438359057
0.04351748164020386 0.3643869365893271 0.07577152548688959 0.5163240562835795
0.06273854583665517 0.020041670317956783 0.9153468119640545 0.0018729718813335072
0.25309932195697216 0.40309653452272187 0.06543057701670196 0.278373566503604
0.663517140268703 0.11292156088499883 0.0711572947977076 0.15240400404859056
0.005999501419766795 0.4583322583433703 0.0448658200792198 0.4908024201576431
0.5692352679629824 0.2197754999097119 0.018595687419341256 0.19239354470796444
0.19078757459849527 0.2573633371073296 0.1821395618541679 0.3697095264400072
