69 20 4 50.53757449553526 101.0751489910705
3.666242455051902 8.28160944105994 4.152272727010703 8.104683307878034 6.052140781935153 3.2823005879811986 1.9447937531659814 1.5261465627719175 7.059631426928598 7.280466913015391 7.595048853564885 8.090866526479394 1.687386883542335 3.8591253695796786 7.669209494652641 3.956448062575432 5.231309364280398 2.629771459612159 3.911539616281906 5.094155403702894
0.7332484910103804 1.6563218882119881 0.8304545454021406 1.6209366615756067 1.2104281563870305 0.6564601175962397 0.3889587506331963 0.3052293125543835 1.4119262853857195 1.4560933826030782 1.519009770712977 1.6181733052958787 0.337477376708467 0.7718250739159357 1.5338418989305282 0.7912896125150863 1.0462618728560797 0.5259542919224318 0.7823079232563812 1.0188310807405787
0.233458700605652 0.04351644727452886 0.2526553676015718 0.47036948451824734
0.33544620663849345 0.0968862909283329 0.5553586167929104 0.012308885640263223
0.11655619545171181 0.2970598991082576 0.26682006308026196 0.31956384235976865
0.19350921158975343 0.13844332421214944 0.1257641602464905 0.5422833039516066
0.03198771223661634 0.15892980933623702 0.0661744967915261 0.7429079816356206
0.3910502178883323 0.536139223199959 0.0401065958377409 0.032703963073967834
0.1629177546747762 0.28013366793621264 0.20852297753209448 0.3484255998569167
0.1267851475022781 0.6428404221794964 0.21298679883906035 0.01738763147916511
0.4046784137150877 0.26913192548119713 0.30436516480755005 0.021824495996165094
0.02170204214452065 0.399137709300705 0.17074138110373904 0.4084188674510353
0.25948498736528336 0.14293710921758174 0.1450938034249324 0.4524840999922025
0.19507262853552654 0.03403618125087071 0.198112726223859 0.5727784639897437
0.18924039702508433 0.07618861031506641 0.4534021816917747 0.28116881096807456
0.5843104413797825 0.03317852276917632 0.07337118429685974 0.30913985155418144
0.06714565067377654 0.23966728208143018 0.2589711744123796 0.4342158928324137
0.06778206723193037 0.8227383275847497 0.006572105529454975 0.10290749965386492
0.4468665688517708 0.10522225472169988 0.4162989283118713 0.031612248114658015
0.04235634543141953 0.048142484958792586 0.7951794717905766 0.11432169781921131
0.41905871456184207 0.01172870560627659 0.003749703834396212 0.5654628759974851
0.5737044754308536 0.1104678367598213 0.058457200520934505 0.2573704872883906
0.2930305486524848 0.3842248210792527 0.0008977022432121728 0.3218469280250503
0.38766628526578384 0.12555583904655765 0.017692246971812597 0.4690856287158459
0.39113473324146986 0.06489829883538567 0.25119269429253444 0.29277427363061004
0.0937152433162668 0.37131324807438004 0.3407644173143354 0.1942070912950178
0.06937376769742032 0.006507897071455049 0.07657388490521533 0.8475444503259093
0.37876973050352947 0.16785618960338233 0.3506826023572308 0.10269147753585739
0.532802108369059 0.022356457344461123 0.3011197979045306 0.14372163638194935
0.301446129711462 0.01050389099436344 0.6337852004226263 0.054264778871548236
0.28127815478903406 0.15179562316010797 0.1479447130298147 0.41898150902104325
0.05818320873854366 0.6360526697838306 0.00047312981638725216 0.3052909916612385
0.06655436032716688 0.29733648502461185 0.15474596847816968 0.4813631861700516
0.001007943590017546 0.11293541821510389 0.6464545844076263 0.2396020537872523
0.6176427024608999 0.05714551669013901 0.04947182701322361 0.27573995383573746
0.5403514236240866 0.06381428948901047 0.0016180180760452245 0.3942162688108577
0.2282102698780194 0.6174667782817396 0.013836348245954255 0.14048660359428677
0.4201677351565193 0.15840325389406207 0.249265259078001 0.17216375187141764
0.22445298556976356 0.3969229625336236 0.044225018286752515 0.33439903360986034
0.26203531051078377 0.06936718571095579 0.3424537390466149 0.3261437647316455
0.4538532851178865 0.27039658192575955 0.16444401562210365 0.11130611733425033
0.08079130110978516 0.20721666932901694 0.359222068642727 0.3527699609184709
