44 100 4 277.80472247289913 555.6094449457983
8.513579337990844 1.9431649393288277 7.70176433511566 4.244507526306571 4.233797540272647 6.483145425563365 4.544015959794262 4.681653488748088 5.5891216863064574 7.391331939943661 9.644736026851007 5.109589980450435 4.848863689554481 2.0211733100797336 2.961089824118717 9.617248621611257 9.490156483639556 8.93641853040848 6.817695061630541 2.924423309175477 6.731488124261553 2.2523162678641313 5.128336632748263 8.864768666406864 3.3260527528036627 6.983659879862785 8.764069024332635 2.3396325673979703 6.066549623430759 2.432397374318329 2.556054339240692 1.93620664891208 2.826438337001504 5.096703670505991 8.151174246053952 9.917404128827034 8.24515480522407 4.3967386514478015 5.641636830596555 1.5300902923486968 7.399861175827258 1.6525703205787252 8.943504237368918 7.534520367099027 8.500295911975803 7.392076154466556 7.2768692638377255 9.370925230673553 8.935054739715547 1.8547478496681227 5.108467755136622 5.434511426709797 1.9807615354224894 2.383610147755747 9.858556299758602 3.4440413834075376 9.074366979619343 2.4781118097167627 2.191224652646774 3.856180624023874 3.766803029430602 4.798496680789606 3.9789675172068963 6.112678356291222 1.857561954050336 8.181797363660696 3.4179073343013533 9.202734216301257 9.115695816992721 1.1427202031613746 8.683140213840337 7.080455563030496 1.3391226309610733 3.7805304954036094 6.07824542810955 6.346698665075132 7.127320670144403 6.691886425019562 9.448322405878606 7.634076334668828 7.703699590582862 1.9799703576139676 5.442717453397474 8.800759324649574 1.1642959691465662 2.6461334866650956 2.0141189027671405 8.679678932906368 1.436087339220026 5.49486005644244 5.527808820926782 7.882544215502806 4.127310252001743 9.38277038715769 3.6928532423982174 5.960165353989184 1.5179973363776904 6.35776122160473 6.7873973590027905 7.67074629324328
1.7027158675981688 0.38863298786576556 1.5403528670231321 0.8489015052613142 0.8467595080545294 1.2966290851126732 0.9088031919588524 0.9363306977496176 1.1178243372612915 1.4782663879887321 1.9289472053702013 1.021917996090087 0.9697727379108961 0.4042346620159467 0.5922179648237434 1.9234497243222513 1.8980312967279112 1.787283706081696 1.3635390123261082 0.5848846618350955 1.3462976248523106 0.45046325357282624 1.0256673265496525 1.7729537332813727 0.6652105505607325 1.396731975972557 1.752813804866527 0.4679265134795941 1.2133099246861518 0.48647947486366583 0.5112108678481384 0.387241329782416 0.5652876674003008 1.0193407341011982 1.6302348492107903 1.9834808257654069 1.649030961044814 0.8793477302895603 1.128327366119311 0.30601805846973934 1.4799722351654516 0.330514064115745 1.7887008474737836 1.5069040734198054 1.7000591823951605 1.4784152308933112 1.455373852767545 1.8741850461347105 1.7870109479431093 0.37094956993362455 1.0216935510273244 1.0869022853419594 0.3961523070844979 0.47672202955114945 1.9717112599517204 0.6888082766815076 1.8148733959238688 0.4956223619433525 0.4382449305293548 0.7712361248047748 0.7533606058861204 0.9596993361579212 0.7957935034413792 1.2225356712582445 0.3715123908100672 1.636359472732139 0.6835814668602707 1.8405468432602514 1.8231391633985443 0.2285440406322749 1.7366280427680674 1.416091112606099 0.26782452619221464 0.7561060990807219 1.21564908562191 1.2693397330150265 1.4254641340288807 1.3383772850039124 1.8896644811757213 1.5268152669337656 1.5407399181165724 0.39599407152279353 1.0885434906794949 1.7601518649299148 0.23285919382931325 0.5292266973330191 0.4028237805534281 1.7359357865812737 0.2872174678440052 1.098972011288488 1.1055617641853563 1.5765088431005612 0.8254620504003485 1.876554077431538 0.7385706484796435 1.1920330707978368 0.3035994672755381 1.271552244320946 1.357479471800558 1.534149258648656
0.002541242720362824 0.096371407690506 0.5903413785332958 0.31074597105583535
0.3130252232139995 0.00604973318034463 0.3800526882698283 0.30087235533582757
0.0003637751704699266 0.1317189040029948 0.3777240420985071 0.4901932787280282
0.43001901954959876 0.3622761583468386 0.049380064469968676 0.158324757633594
0.25878023347396073 0.25467752688278356 0.10268599765852393 0.3838562419847318
0.26815606288495886 0.53523790539986 0.17728169733845422 0.01932433437672687
0.3632100552160633 0.04170593402636125 0.055788912177881844 0.5392950985796936
0.4854212527098192 0.36476839735056854 0.13633229824402704 0.013478051695585247
0.17336596120429493 0.16465768712951467 0.3800231235384367 0.2819532281277537
0.3121379551365323 0.267417542412023 0.20935475203723142 0.2110897504142133
0.12889973998601045 0.33077970322660644 0.09238162381568304 0.44793893297170007
0.17111105661548986 0.37831027598968126 0.15688382918438004 0.29369483821044884
0.405570276316518 0.30703461135219545 0.27009728340563466 0.017297828925651904
0.005883066355186983 0.7470228542184176 0.009566083691255 0.23752799573514038
0.07897690039948257 0.21301796010076202 0.6897380351866617 0.01826710431309375
0.2085981135547098 0.3023501564897406 0.45884636446023463 0.03020536549531494
0.12993429275883883 0.012821064209711741 0.4318785829026025 0.4253660601288469
0.1633316675766724 0.012998172033653055 0.44123397397031805 0.3824361864193565
0.26078603784056 0.09897612946307155 0.3161484737332979 0.32408935896307056
0.523549918088129 0.15731521514636826 0.12789340651126901 0.19124146025423372
0.5549799885511761 0.36246972188145077 0.015314159453041154 0.06723613011433194
0.3514503332058071 0.057157704917087826 0.09451968496075747 0.4968722769163476
0.12623228549869014 0.17833832658819915 0.08554624758118223 0.6098831403319285
0.4221045774770774 0.02626048192118524 0.1550957663117445 0.39653917428999286
0.34691334052889033 0.3895082809146543 0.09934324821733542 0.16423513033911996
0.13885521665528622 0.4549643953217155 0.007030067209846891 0.3991503208131514
0.15381600729306977 0.5113950439081153 0.3058880816814794 0.028900867117335527
0.28750646999079443 0.4243623725919291 0.13116405396105613 0.15696710345622034
0.2725795336469634 0.11180342955774647 0.2862818973809259 0.3293351394143642
0.1545533337289503 0.33476654674715844 0.3624697737242326 0.14821034579965864
0.21774716929496862 0.36345646748747096 0.3044933521329106 0.1143030110846498
0.2833497829016478 0.10021826074610618 0.44503594127836277 0.17139601507388325
0.07760553833488038 0.5693593003882167 0.19513468908072107 0.15790047219618186
0.13262782922954008 0.3515112585787409 0.32962528864657015 0.1862356235451489
0.12961711703499323 0.737203919010166 0.08823068556714408 0.04494827838769666
0.37601741248618137 0.037885418174153696 0.5034142803837249 0.08268288895594
0.06657028245059005 0.23701671347574926 0.3007221042402758 0.3956908998333849
0.1132882645424308 0.004611059319375332 0.7752625361988839 0.10683813993931002
0.007517058420938527 0.03735392046771924 0.576095885292574 0.3790331358187682
0.16824489434094392 0.1306413980542328 0.009071723730177284 0.692041983874646
0.014098171827430672 0.014936129241132856 0.3887741294414777 0.5821915694899588
0.5191001846219898 0.3500167852455499 0.024609279199971357 0.10627375093248892
0.24630126263185181 0.11965317232333061 0.3008814736074972 0.3331640914373204
0.221276823376085 0.17302160228033858 0.46346292457643257 0.14223864976714384
0.5877660749471824 0.3272475145192423 0.07099836198596676 0.0139880485476086
0.3939995908325681 0.13536024093802335 0.21717489255828903 0.25346527567111954
0.6656693608386333 0.04897418711140711 0.15668486799917924 0.12867158405078039
0.3271057918712741 0.20929739624231725 0.21202594574245281 0.25157086614395585
0.17561515684431694 0.039929207552726664 0.7540000596898935 0.030455575913062916
0.02812785731896872 0.07975436879291797 0.7861214594447827 0.10599631444333057
0.03244108245772814 0.19823180441178934 0.40807475761230294 0.3612523555181796
0.032713285977953754 0.10570885906376526 0.8142846930077768 0.04729316195050415
0.12390815944557743 0.1953269059630438 0.004417730642005346 0.6763472039493734
0.049114510112086784 0.24772843849788018 0.43967565535488096 0.2634813960351521
0.6618460827667796 0.2179071010267004 0.09008587407541235 0.03016094213110765
0.6282022746511503 0.01455360712637599 0.13669299335271712 0.2205511248697566
0.3975786330159161 0.23071513720062664 0.26393818242104605 0.10776804736241119
0.06253269858391963 0.025838097950195094 0.8362017858801027 0.07542741758578253
0.09601508650533352 0.6275044239952329 0.2445309330597446 0.031949556439689
0.49187624667564445 0.07242432146618871 0.24806074103251674 0.1876386908256501
0.08231824693741185 0.07887006762872428 0.28524359875660976 0.5535680866772541
0.2853423916933928 0.35425085452454774 0.21669893304471421 0.14370782073734523
0.2808478477568629 0.011310986692972036 0.15561127733318925 0.5522298882169758
0.4237824347020771 0.21678514408266003 0.051229862169885676 0.3082025590453772
0.12531946923055282 0.13640471883872307 0.5126297218985044 0.2256460900322197
0.011685752017095541 0.07379320383619459 0.9112217530709061 0.003299291075803734
0.45684902206133515 0.15838431953169974 0.06114506973912148 0.32362158866784363
0.14256142571503527 0.1832571003482012 0.5204353160962012 0.15374615784056234
0.5633390780974216 0.16146213881669347 0.14929278553845093 0.12590599754743403
0.3308296341567306 0.11176715086813038 0.3635100505716913 0.19389316440344773
0.08501051504439727 0.07539478233965025 0.4851249032640098 0.35446979935194267
0.48748701016919205 0.22519702728977653 0.02613935237395526 0.26117661016707616
0.21003546518785476 0.06336261141182109 0.18561496093242114 0.540986962467903
0.0838843546065835 0.45134011091111403 0.26661077400068955 0.1981647604816129
0.08191528658998548 0.2287396195083229 0.30815266450841217 0.38119242939327946
0.6954906734542574 0.0821309984078431 0.12657185912061597 0.09580646901728351
0.692127129285871 0.004276270399214965 0.11856052654301541 0.18503607377189868
0.07705384975953211 0.15997741549604394 0.13816660559376037 0.6248021291506636
0.3557846014742737 0.03099422783460415 0.547792612244653 0.06542855844646911
0.4966465770348909 0.14505781906221282 0.20789795833998637 0.1503976455629099
0.008209448583023526 0.08201765815975848 0.4678530245326541 0.4419198687245639
0.06731492872063782 0.5912848087720122 0.07014298348000603 0.271257279027344
0.19331578672463634 0.007588131259742781 0.37892454325299074 0.42017153876263014
0.4824994632522658 0.0380532891944243 0.3359250511933072 0.14352219636000274
0.12750660605647557 0.6267314529541586 0.19869009586508668 0.0470718451242792
0.1861467999175631 0.2712027030869293 0.28603203889756645 0.25661845809794115
0.5357297599677213 0.17694650228666542 0.24107129363208657 0.04625244411352669
0.34858632013516555 0.42883834832064904 0.22134083875027988 0.0012344927939055284
0.09466806872619349 0.03631209506440969 0.8246209603240092 0.0443988758853876
0.6614065359718266 0.07877191546127837 0.1601245762741671 0.09969697229272789
0.004883978961379154 0.05803162604070189 0.11664390988886686 0.8204404851090521
0.2632514268178414 0.1221188584823708 0.1085742091282399 0.5060555055715479
0.16145907755376587 0.2602330304958642 0.2743765727491352 0.30393131920123473
0.5018310807084017 0.2563070541901733 0.1763448350721275 0.06551703002929754
0.5376264082778032 0.35941122679706217 0.09843753708835612 0.004524827836778544
0.520038819519884 0.1884782332423529 0.04757069648949919 0.24391225074826395
0.36352584567979995 0.14803412239394442 0.23835731281324934 0.2500827191130063
0.05024933300412815 0.09510144924401664 0.7217447416491303 0.13290447610272493
0.21893304146312298 0.6341512416775003 0.030096265374700115 0.11681945148467665
0.3159968189398419 0.14725029263317368 0.1463440939487224 0.39040879447826204
0.18216201205132265 0.0853921521624037 0.0772214289947083 0.6552244067915654
0.21219464549832456 0.15824524309607746 0.048494508088192445 0.5810656033174055
0.677299480790826 0.10184551805863673 0.07828107123919437 0.14257392991134288
0.06413964755693335 0.2823847103504731 0.1376001871984126 0.515875454894181
0.11692560546847719 0.23480436035675922 0.010802327237688591 0.637467706937075
0.4056858774139247 0.09523207447080262 0.17590255250431974 0.32317949561095294
0.7282496573579125 0.1495501798536164 0.05801702582986412 0.064183136958607
0.3149405550065224 0.08965649156377875 0.06297814369125554 0.5324248097384433
0.44846886960375876 0.12462353799219283 0.3194330955991386 0.10747449680490984
0.38953335235033526 0.09507060792799649 0.21077799489718974 0.3046180448244785
0.4871203044289981 0.10235933459959368 0.025906045939732225 0.384614315031676
0.5275267441774609 0.010988260246323822 0.4404752680850027 0.02100972749121255
0.20269273565233248 0.5564540374204934 0.02761460498384516 0.213238621943329
0.028544667945797242 0.21529953600948004 0.3152102429255549 0.44094555311916783
0.3022386698231242 0.20713594249521095 0.259150701080498 0.23147468660116688
0.05291761358361302 0.020574270372863745 0.3339752599891276 0.5925328560543957
0.28150944302944736 0.2049917641207103 0.15248347381239102 0.3610153190374513
0.40241364183848416 0.40593179983612104 0.04183001379451312 0.14982454453088168
0.022307575720608153 0.16477177868935244 0.1612739290121471 0.6516467165778923
0.1801066059155938 0.4614599946915596 0.2370887863610217 0.12134461303182487
0.16566384371498255 0.3165586581390719 0.14467333668028348 0.37310416146566205
0.5395815814841766 0.20303067515470796 0.24424348545257624 0.013144257908539236
0.7194543296560749 0.005446511718967262 0.09146803301625572 0.1836311256087021
0.15064106774295083 0.15775944229855898 0.27655473594017943 0.41504475401831076
0.16390174056632356 0.033854618881816956 0.22932474011530768 0.5729189004365518
0.3843549237785746 0.3873056476918326 0.146090792745587 0.08224863578400576
0.4058216311410574 0.05273332265280217 0.3337332714066763 0.20771177479946412
0.8410468710991892 0.0819762489524043 0.03349420633226141 0.04348267361614511
0.2153139832753106 0.09792486593256289 0.6837404094100706 0.0030207413820558804
0.6273932545535863 0.06125077246380517 0.0869527617263901 0.22440321125621843
0.12370928649004942 0.09168813581801682 0.10878787807064272 0.675814699621291
0.18671049619779023 0.002381062504501097 0.31017950834247454 0.5007289329552341
0.5907402363587761 0.19948596219422687 0.09890435739040948 0.1108694440565875
0.03729793597817843 0.8436980959072341 0.091576037106882 0.027427931007705464
0.14654873841072602 0.6911789151186682 0.08132908739125655 0.08094325907934918
0.024388334449047866 0.45921311402208376 0.061603632441915246 0.45479491908695313
0.2239042388940815 0.3377989434596962 0.024463753648196418 0.4138330639980259
0.34694890818704194 0.42977639909666243 0.21529891261476353 0.007975780101532104
0.2652322804566266 0.07324521240734938 0.5507200128194595 0.11080249431656453
0.32506878415962925 0.14866469061341414 0.3382475878414639 0.1880189373854927
0.42292696866542634 0.2730113029359118 0.27771239847429596 0.026349329924365894
0.4268781031084383 0.028845061635983993 0.1324663142098349 0.4118105210457428
0.3288367277608927 0.23632623650740459 0.3273422793642172 0.10749475636748551
0.7983133524260584 0.0714493519381233 0.0963219707364047 0.033915324899413624
0.08329922618176056 0.18604538039044705 0.026026781375548036 0.7046286120522444
0.03681354258433045 0.044913231988180424 0.4962545514156176 0.42201867401187154
0.3738284927455029 0.06728570811871448 0.30646337705311577 0.25242242208266685
0.543582920138661 0.12642182986833728 0.04273403250740693 0.28726121748559474
0.07484242620063308 0.2834079391916474 0.396998637822668 0.24475099678505152
0.6693774891610453 0.159761355637697 0.018769167761691796 0.15209198743956587
0.2734271812392398 0.33881360989603126 0.1650658567103127 0.2226933521544162
0.004046041316992599 0.49440744462549746 0.12559570253800967 0.37595081151950027
0.32127109772030404 0.43521814067205933 0.1931522897040936 0.050358471903543034
0.4580303936897693 0.14012916992981428 0.12038014614040649 0.28146029024000996
0.5558144254770064 0.14516232359796932 0.06886813112012902 0.23015511980489523
0.5895939364296772 0.23144717945678217 0.0464318209925344 0.13252706312100626
0.8857782376226293 0.046087039908903726 0.049871574477137526 0.018263147991329443
0.342204281954715 0.02156217298426466 0.5005460578303669 0.1356874872306535
0.4054245096509165 0.03096937294055846 0.05630269562752055 0.5073034217810045
0.5747279705073678 0.09463516410720452 0.30807243348262836 0.02256443190279933
0.6047984752059907 0.14691865516243452 0.1741358093154426 0.07414706031613216
0.25092432163809975 0.0777862351938915 0.17522664440891023 0.49606279875909853
0.5015930404047517 0.22249469806604083 0.06929036322849458 0.20662189830071287
0.294127557159801 0.2190765956169567 0.1989725490738239 0.2878232981494184
0.07584330859455934 0.06706677241881343 0.24331703350822487 0.6137728854784024
0.03769481709096978 0.11228141545929649 0.42777376420100577 0.42225000324872797
0.6059171929471121 0.13008333257897098 0.0886358601356313 0.17536361433828562
0.6194100021471409 0.10247075400707073 0.08154268396014364 0.1965765598856447
0.5229985803261964 0.057240904723172004 0.2638143282030061 0.1559461867476255
0.01868823106952411 0.22425724317043105 0.6725413739765488 0.08451315178349605
0.4017538703395377 0.057419376475233874 0.4672554540840671 0.07357129910116134
0.8441407921852898 0.1051291566801752 0.0026883735482006177 0.048041677586334375
0.23604066022478953 0.20857611386714003 0.10290465110281255 0.4524785748052579
0.018233146380780885 0.12612970379477262 0.7031260739422107 0.15251107588223578
0.053850187410994454 0.5380258021623209 0.3074866455351727 0.10063736489151198
0.33577300297251256 0.4363236513191704 0.12839171291572093 0.09951163279259612
0.1906522633591461 0.438439191686412 0.333655729384005 0.037252815570436915
0.20389955876233934 0.10577903170248337 0.45215507649707 0.2381663330381073
0.8475698708554336 0.10559531572702274 0.0309396731306667 0.015895140286876996
0.3915630289873875 0.04343810698493 0.2488552173733688 0.3161436466543137
0.7452759697483778 0.17291736312276873 0.08018555279180617 0.001621114337047258
0.09743122645405056 0.3124668343356274 0.4502218773185731 0.13988006189174895
0.07325519977022021 0.5679682628389012 0.34097578767138115 0.01780074971949741
0.04723029512606025 0.29970498969480386 0.527538375313764 0.12552633986537187
0.20641091664399136 0.1801636312193443 0.5589803658507938 0.054445086285870525
0.3344086288931183 0.14955836982707327 0.47130916025593683 0.04472384102387161
0.13762502094390383 0.6060927653186851 0.07484659632443125 0.18143561741297987
0.4097073100208378 0.01627317515345117 0.5713308623437241 0.0026886524819869084
0.651567053746796 0.012508085882969366 0.08526294215106056 0.25066191821917405
0.18392811149562582 0.198199422541826 0.47190106463009474 0.14597140133245345
0.33945047098065084 0.11788073762205087 0.4686795831618361 0.07398920823546218
0.13608405668559653 0.31459060158850805 0.4869721117406489 0.062353229985246506
0.6150930253728014 0.14243765417081744 0.14042220393941673 0.10204711651696441
0.07189967553767529 0.39252036211540564 0.06946201210270919 0.4661179502442099
0.01494648172417723 0.42427059172204606 0.0720899760677729 0.4886929504860038
0.29408560200926537 0.23581625642197823 0.21148167578742227 0.2586164657813341
0.04901363535698966 0.3890751721665334 0.04976585239954412 0.5121453400769328
0.1317099506816729 0.24120422678767173 0.5278912643987652 0.09919455813189015
0.0886373161476377 0.5411013751689765 0.014152690369270138 0.35610861831411567
0.24856458573367823 0.11705069349159536 0.37965563350868137 0.25472908726604504
