82 40 4 108.37558948179006 216.75117896358014
3.477031028212039 6.753076848327427 6.615092911018419 8.002380765838744 5.3030217655045 9.632204969399263 9.97690786038536 8.492619488173613 2.834605467863149 2.2064500132971805 6.535131551810037 6.33688351843367 6.803024441979704 9.898484786401415 4.01646351176842 8.276669422368014 7.038234287424518 5.8432605329290395 1.6255791319431832 1.8055110909135599 8.846130637883864 6.292306545114345 1.6890896229489596 4.096971285182821 4.2970873916610834 1.1068142921676087 4.9764930427931695 1.4818843044855494 7.0532950422712055 1.2904205911511502 4.4604147660664815 8.417191901817336 9.082833537962438 3.9680985746313873 1.8760822090567375 2.6955540116926837 2.4813874420236237 9.435405968456728 9.894932555750861 1.8361518464707736
0.6954062056424078 1.3506153696654855 1.3230185822036837 1.6004761531677487 1.0606043531009 1.9264409938798526 1.995381572077072 1.6985238976347226 0.5669210935726298 0.4412900026594361 1.3070263103620072 1.2673767036867338 1.3606048883959407 1.979696957280283 0.8032927023536841 1.655333884473603 1.4076468574849037 1.168652106585808 0.3251158263886366 0.361102218182712 1.7692261275767727 1.258461309022869 0.33781792458979193 0.8193942570365642 0.8594174783322167 0.22136285843352174 0.995298608558634 0.2963768608971099 1.4106590084542412 0.25808411823023003 0.8920829532132963 1.6834383803634672 1.8165667075924876 0.7936197149262775 0.3752164418113475 0.5391108023385367 0.49627748840472474 1.8870811936913454 1.9789865111501723 0.3672303692941547
0.015089156761581957 0.2471047833558988 0.458611328921707 0.27919473096081227
0.004796904840458249 0.09183293632418466 0.8049735520404185 0.09839660679493856
0.07002801964798655 0.20475012024389083 0.6217218710063687 0.10349998910175395
0.23213341892327244 0.10110797588333398 0.48106340174488493 0.18569520344850865
0.02147903629339143 0.26201664612356834 0.27419517599448606 0.44230914158855417
0.2910222072639196 0.007502738646172125 0.6653333619751427 0.03614169211476559
0.05773277831971424 0.5267616460437605 0.20195328733528328 0.21355228830124195
0.32395144337357584 0.3966881843415363 0.2712228877321067 0.008137484552781182
0.3942147485315711 0.05176563879621088 0.4382805106016441 0.11573910207057392
0.6918715851174692 0.02971826917063103 0.03079815701921118 0.24761198869268863
0.15720721454812447 0.40948291223247046 0.2406110530189921 0.19269882020041296
0.11597282733154879 0.06924921526951111 0.11284152910465906 0.701936428294281
0.8066049957829795 0.012648988196826472 0.0902281292163073 0.09051788680388673
0.06630833471503983 0.07423082561997119 0.38304189361272534 0.47641894605226365
0.44229240857188823 0.08588912694093609 0.2423086899202731 0.22950977456690258
0.2511163898776163 0.19433737298572817 0.0810906842155168 0.4734555529211387
0.019407164738009297 0.42416358945238963 0.5409273607875488 0.015501885022052297
0.1745161029599942 0.0909454821661636 0.7070715907241237 0.02746682414971846
0.05426589150573313 0.25616860260215846 0.21069909480913784 0.47886641108297057
0.2978916663044704 0.24634407172660444 0.34934338820582167 0.1064208737631035
0.3821243839080696 0.0770672894455463 0.36982666850278856 0.17098165814359556
0.6163638026831147 0.13926620076012963 0.060718065656389486 0.18365193090036613
0.1617030417947687 0.5019863107003677 0.020508723684323327 0.3158019238205403
0.23352789540820396 0.6960993352841214 0.018956260537741132 0.05141650876993353
0.06576038985039157 0.24082941487147946 0.0722331887300206 0.6211770065481084
0.596871414809514 0.16682861207725153 0.17333170366407014 0.06296826944916434
0.3533078731297673 0.4716904744937064 0.14223485050103757 0.03276680187548875
0.24180724264153997 0.078271735072592 0.536738394491466 0.14318262779440205
0.034077545002250575 0.8459971843289972 0.024180988551685934 0.09574428211706631
0.1492185087145298 0.45882321927834746 0.31873409378061346 0.07322417822650928
0.01647562579532913 0.321957107606619 0.14175846799365877 0.5198087986043931
0.2358569910278513 0.20078470739103516 0.0605959683168481 0.5027623332642654
0.07782594563509004 0.0044651216143020145 0.20529362183824562 0.7124153109123623
0.2771748483319951 0.45301758664881253 0.05758372744528206 0.21222383757391028
0.2871047855742307 0.35670175270262605 0.3221118712269957 0.03408159049614756
0.3181990028569174 0.46011509242404036 0.1858517961844146 0.03583410853462765
0.07013695461600866 0.008067312791903647 0.5273898705118871 0.39440586208020056
0.6190949726357995 0.27826734215027205 0.04655288372262023 0.056084801491308234
0.3103123196163027 0.06410559191359011 0.41294381919237744 0.21263826927772977
0.33659401211287987 0.3111177860067845 0.21805477727182432 0.1342334246085113
0.13267023928989408 0.021352823251090447 0.03731454862395778 0.8086623888350577
0.16650007316095417 0.29777210234677964 0.15013572241947937 0.3855921020727868
0.15904685815599096 0.42204093486388106 0.32704298811478694 0.09186921886534105
0.1199266965234368 0.282553368601522 0.32488213280211153 0.27263780207292965
0.30650838643372236 0.5148201403414601 0.13112163699857637 0.047549836226241204
0.33733418078191457 0.008983031569095856 0.10668974100098871 0.5469930466480009
0.19911251439476108 0.021240607221905683 0.056184999699809834 0.7234618786835234
0.03356490134629886 0.21153698393976494 0.5085606026682211 0.24633751204571508
0.21655608469331733 0.13873357686539856 0.4470392305071931 0.19767110793409104
0.6168482570917437 0.24073442294203962 0.044941841637586855 0.0974754783286298
0.3608459842598638 0.07401593200882484 0.32022460809415787 0.2449134756371535
0.2941783780833477 0.09577736080595711 0.37796755266780946 0.23207670844288575
0.09010178797648039 0.25344688514336056 0.4763315917755977 0.18011973510456136
0.12865998750495966 0.029697044024088126 0.6753514201427224 0.1662915483282298
0.00526085006499355 0.7261573562884545 0.25434146806709346 0.014240325579458535
0.7242205846748522 0.04809355278239247 0.2070820712270246 0.020603791315730757
0.06684511640086743 0.31115300460740036 0.550305804633085 0.07169607435864722
0.5203332879695607 0.08901331601662332 0.187386840548467 0.203266555465349
0.5306268400571372 0.10422890393133766 0.028024996758400533 0.3371192592531246
0.2786774648688938 0.06096462642994949 0.3006607813527088 0.35969712734844794
0.10442088906218283 0.15446708342537507 0.5200008538415136 0.22111117367092847
0.5408782640265938 0.03922713197091787 0.0965573693188243 0.32333723468366404
0.08400200022541182 0.6654139731298742 0.23974261532534136 0.010841411319372662
0.5820100073148802 0.21929361998889263 0.15492912091232713 0.04376725178390006
0.2294106232167511 0.19967074272108487 0.5641646178085205 0.00675401625364358
0.06717131123151132 0.010468615848968299 0.24316098264582642 0.679199090273694
0.00668794561891739 0.17449713926084764 0.743969302242617 0.07484561287761793
0.3070604502352746 0.01619389322884046 0.1731224092807917 0.5036232472550932
0.22637470735724652 0.4231378319034065 0.31644694985843613 0.03404051088091087
0.7823202014769525 0.05277092552040574 0.13503122994878491 0.029877643053856873
0.20968745804962408 0.12670714634029523 0.44910734723857937 0.21449804837150133
0.42246649548477133 0.2652301592927877 0.03387217523858321 0.27843116998385775
0.48239630474586415 0.01343160149095557 0.4664202432801642 0.0377518504830161
0.5270803236865574 0.03161300137197598 0.14756606990989507 0.2937406050315715
0.7592684955442771 0.07832969572748116 0.09339049660253895 0.06901131212570277
0.4655045446300764 0.0370515191300923 0.39321904508391226 0.10422489115591904
0.26477910645960223 0.2305360218530087 0.4180812114455075 0.0866036602418816
0.2656374011074941 0.08101777420055845 0.595583107608384 0.05776171708356348
0.3551015265499302 0.005403229134633536 0.6050854452570004 0.034409799058435886
0.06840166705530193 0.8083755413595164 0.06221965049643441 0.06100314108874727
