77 60 4 152.13902969434693 304.2780593886938
9.271981286192636 6.779760399314699 7.78341006756259 2.2538311129246154 1.7858759319064006 8.092018522328427 3.9353584333103995 5.869610393283709 3.1621165828120543 5.908806330183144 4.604990533119003 7.436726985517812 8.530119469730753 6.296330282920146 3.6653910763002364 3.5291592158856777 7.350375201916863 4.803367871707769 1.5158438672248553 7.723245760364094 5.070817117533672 2.5819726422819196 1.4443929938303832 3.632278048254593 1.6011921798231517 7.760408373920121 1.573943716725906 4.887174874705943 4.27755172098715 2.3677437312330483 5.920393057443242 4.989637338421002 1.3245517900261992 8.40603872106555 3.459634148169857 2.5208669734555755 6.799327792398256 1.967869709223333 4.179205883053925 4.471332923040457 5.010003190142959 9.793473952905165 7.564546081480465 3.8101155249803775 9.05279715364648 8.049462356571016 3.3580030720108707 3.7853486753944847 2.165055667952238 4.799542206102336 9.457885314706218 4.303385858444948 4.912974754145961 9.253841989233873 9.525645289004807 3.2929565327983807 7.3873322019678955 1.4497876435571833 2.2126953755887593 5.558553487960333
1.8543962572385273 1.3559520798629399 1.5566820135125181 0.45076622258492305 0.3571751863812801 1.6184037044656854 0.7870716866620799 1.173922078656742 0.6324233165624109 1.1817612660366288 0.9209981066238007 1.4873453971035624 1.7060238939461505 1.2592660565840292 0.7330782152600472 0.7058318431771355 1.4700750403833727 0.9606735743415538 0.30316877344497106 1.5446491520728187 1.0141634235067343 0.5163945284563839 0.28887859876607663 0.7264556096509186 0.3202384359646303 1.552081674784024 0.3147887433451812 0.9774349749411886 0.85551034419743 0.47354874624660964 1.1840786114886483 0.9979274676842005 0.2649103580052398 1.68120774421311 0.6919268296339715 0.5041733946911151 1.3598655584796513 0.3935739418446666 0.8358411766107849 0.8942665846080914 1.002000638028592 1.958694790581033 1.512909216296093 0.7620231049960755 1.810559430729296 1.6098924713142033 0.6716006144021741 0.757069735078897 0.4330111335904476 0.9599084412204671 1.8915770629412436 0.8606771716889895 0.9825949508291922 1.8507683978467746 1.9051290578009614 0.6585913065596761 1.477466440393579 0.28995752871143665 0.44253907511775187 1.1117106975920668
0.14481444821771017 0.4442576488328026 0.26837379134717454 0.14255411160231268
0.4534082266242594 0.1851139542135466 0.36011042274335947 0.0013673964188345433
0.5149742681090496 0.027003364638883753 0.2745458108776492 0.1834765563744175
0.2770886884732112 0.14333831509296524 0.3660441780904784 0.21352881834334514
0.01192155358275615 0.041231558734412865 0.7725646360267472 0.1742822516560838
0.10036080873450193 0.1807898523217698 0.6124786985708474 0.10637064037288091
0.5615661006777212 0.18381127347115056 0.16386216874016035 0.09076045711096792
0.2136507101264129 0.05979208506587086 0.039035491784762066 0.6875217130229542
0.01447453844780433 0.8473712718800548 0.005018981099955688 0.1331352085721852
0.1603909008190777 0.2624162925931496 0.054146598215703445 0.5230462083720693
0.39179478271945045 0.5289504870752345 0.0054353458155462775 0.07381938438976876
0.2349904981777623 0.3307978486909038 0.15358857988552244 0.2806230732458115
0.026819636699749072 0.22050297412310693 0.5441457629072283 0.20853162626991573
0.06467290721485874 0.4337408114772501 0.22022549215467768 0.2813607891532135
0.6426786141941642 0.09049363809348399 0.23707115900225062 0.02975658871010123
0.03452878136675119 0.2617227120802744 0.028673450780207776 0.6750750557727666
0.02079884965962986 0.3708207943348103 0.6067003116864852 0.0016800443190746472
0.3544317346711524 0.4831249540999989 0.04173580068970251 0.12070751053914619
0.03043433541242735 0.9494545636413495 0.014878265605029029 0.00523283534119412
0.6533569100468444 0.23080191395133198 0.03902258386391111 0.07681859213791253
0.4536384129556481 0.007766578917988376 0.4986530511614783 0.03994195696488523
0.3422069204813598 0.06504989293370866 0.1544766140873931 0.4382665724975384
0.537367285358173 0.38930731458603884 0.06146603592900801 0.011859364126780125
0.07992740717930857 0.48051324016617847 0.3468383385267545 0.09272101412775846
0.6659812401916544 0.21304546720927808 0.03812085601836346 0.08285243658070407
0.4643382701748804 0.020668902587722027 0.2894345169693061 0.22555831026809148
0.008136159216853733 0.09721476057142842 0.6090398817347427 0.2856091984769752
0.17318483926973527 0.3632484869012208 0.11439252878049022 0.3491741450485537
0.020419173931602197 0.501699319076179 0.19473275150354197 0.2831487554886768
0.0014967060919942599 0.224989845917131 0.586625904354682 0.18688754363619275
0.24858879025151703 0.2716593938008375 0.30451506390901784 0.17523675203862765
0.12719144495990675 0.02403281093215459 0.5479210616282189 0.3008546824797198
0.0367399634931056 0.20623008537949417 0.533975648861319 0.22305430226608125
0.10613138083153562 0.27235093255428366 0.1880790488719265 0.4334386377422542
0.1744815800611298 0.6382042425297509 0.1253462253752421 0.06196795203387717
0.3574715982219876 0.10293787366541107 0.11738841695097957 0.42220211116162176
0.04239144690620611 0.6411005183457007 0.00428109638100449 0.3122269383670887
0.21585576291628972 0.44218701158883755 0.23778527395600402 0.10417195153886871
0.1174629618912284 0.02570000437361497 0.7533126107016911 0.10352442303346554
0.4631870873855466 0.16148870818748917 0.17993815916033784 0.1953860452666264
0.670448610495048 0.10144360206826475 0.2171024116288358 0.011005375807851436
0.30565244883057097 0.12715773849706935 0.1707572467695465 0.39643256590281317
0.10881119071315049 0.0479354680786771 0.14853692715193012 0.6947164140562423
0.08387796541460713 0.5401275532032644 0.2351776839436499 0.14081679743847852
0.025484922397537746 0.11074650648907691 0.116923035133355 0.7468455359800303
0.4641121273494808 0.018745325528567447 0.2699979124625871 0.24714463465936465
0.26632248837563566 0.27894901507738135 0.29814835352138735 0.15658014302559564
0.1922478442557224 0.06049294640507641 0.1729569909003722 0.574302218438829
0.21383644973282512 0.05539445678405941 0.6118495438370887 0.1189195496460268
0.16737207313190605 0.004574553190658137 0.07508876099148198 0.7529646126859538
0.1432560067410149 0.004519050037015804 0.2331519991456934 0.6190729440762759
0.05884546595990592 0.21812637738491392 0.591136024171302 0.1318921324838782
0.15313216276877395 0.49077649914059795 0.21583620138078152 0.14025513670984657
0.10278525990786391 0.3423277644277599 0.37907799378487583 0.17580898187950034
0.55299347248278 0.023634238466301083 0.08802627553493259 0.33534601351598636
0.16056813772474432 0.47441172295280387 0.33142742189679897 0.03359271742565284
0.2772728581250544 0.15304808658052937 0.45709324772129245 0.11258580757312375
0.3792419244626618 0.12308671066873011 0.07880428224865843 0.41886708261994965
0.05210374538716611 0.2529639505086242 0.6685971430700329 0.02633516103417677
0.19685700091356684 0.3361572767375922 0.02255363014707934 0.4444320922017616
0.2576384903723663 0.06926011828550549 0.3570751433827565 0.31602624795937173
0.31945566560822425 0.012436636374723364 0.5357298757919474 0.13237782222510497
0.11232380884068305 0.10860783750713132 0.3051561215769536 0.47391223207523203
0.48154689598856304 0.42287373567198705 0.044593871375810834 0.050985496963639076
0.05972078070924791 0.19991826749786068 0.14499793906682634 0.5953630127260651
0.20228926948995807 0.3707537960459949 0.3702599755265047 0.05669695893754234
0.6007604785160442 0.29007115484162804 0.04774612905437303 0.06142223758795473
0.2485007122242413 0.03984368408848149 0.4827091398183806 0.2289464638688966
0.2591405994003485 0.16738925479038358 0.18258312216358352 0.3908870236456844
0.056531631540942984 0.6441676393575375 0.035296783894852135 0.26400394520666737
0.027818070849014997 0.3314238538298666 0.09344236038861042 0.547315714932508
0.07954435102283086 0.019257661958832606 0.1960865531508298 0.7051114338675067
0.26278232187865447 0.1154865072551704 0.32356226160612644 0.2981689092600487
0.14801435238687422 0.15617300667344725 0.3064734663167429 0.38933917462293566
0.2106973939969884 0.26082480979884004 0.44006996356059824 0.08840783264357333
0.17735672485066722 0.13527662265649143 0.26544406558255607 0.4219225869102853
0.09962483101455777 0.2551582810771871 0.24989157985014088 0.3953253080581143
0.1426086960632018 0.40729026769953347 0.04027506129631919 0.4098259749409455
0.3373415663707561 0.4115790730505282 0.1745332029797294 0.07654615759898631
0.5805916314301794 0.2480543848783865 0.04492371915444959 0.12643026453698447
0.23107471996240758 0.05570058006183565 0.41601778673936085 0.2972069132363959
0.151807374862318 0.07689597221281863 0.016719331601446452 0.7545773213234169
0.4553911259175266 0.2768721096071243 0.03498756306169026 0.23274920141365885
0.2391263931429055 0.3234293237604311 0.25273728386212324 0.18470699923454015
0.24075237672924343 0.26829028271798583 0.03976895987283868 0.45118838067993206
0.2044735264450087 0.37947402057606394 0.2656377343512931 0.15041471862763423
0.5794206502551287 0.1161366915624602 0.26832556543674335 0.03611709274566777
0.9192334109128145 0.024007210935509837 0.037347184921139975 0.019412193230535668
0.09814214842393099 0.1408391976406872 0.24783130506879492 0.5131873488665869
0.22914746879818138 0.3264570085576357 0.2514978777537201 0.1928976448904628
0.132253164794226 0.51172049542466 0.15900194253787503 0.19702439724323895
0.015593907299812138 0.36693919153327537 0.5745146514277137 0.042952249739198756
0.22410497062377677 0.012307319451334009 0.19960823443755416 0.5639794754873351
0.28152188177853343 0.11250656925196711 0.5347775404134342 0.07119400855606528
0.1500351492335973 0.3702224338868605 0.14760007736874847 0.33214233951079375
0.3112155744656847 0.43263409103424133 0.03970570625968284 0.21644462824039112
0.19203084781961155 0.06496224502056569 0.5217284511292057 0.22127845603061702
0.04064614235224395 0.3761522364059121 0.5052257249227252 0.07797589631911872
0.07987874524373706 0.2502542313110656 0.4463464996942399 0.22352052375095743
0.2928339786520222 0.05133504147803514 0.493327246698572 0.16250373317137068
0.48453027705592844 0.170581038238653 0.06498906311952612 0.27989962158589243
0.3483316503518771 0.2203895761802882 0.40685890524731405 0.02441986822052067
0.041534940436736445 0.1374407637216739 0.055569018058476916 0.7654552777831127
0.14250543568026386 0.266024244354059 0.5431129668444398 0.048357353121237345
0.06897167785500713 0.16823468144417641 0.00198071734222538 0.7608129233585911
0.14871395049457248 0.14757920740629515 0.002696923633151438 0.7010099184659809
0.16610545923568 0.37437180626527744 0.0019028855722544868 0.4576198489267881
0.24149358716850833 0.061446659343615595 0.6820039157201508 0.015055837767725233
0.15881373054268189 0.10816923514678844 0.10839672621613294 0.6246203080943967
0.6002178745176198 0.2988351464627189 0.09052447572447186 0.010422503295189456
0.3210439769060571 0.3637471307724528 0.28037504564444726 0.03483384667704281
0.12304755734667716 0.05662439577938494 0.10834721249308943 0.7119808343808485
0.058438590614557806 0.0004376198177163948 0.5402912481869336 0.40083254138079216
0.2518934712527985 0.25909348477553384 0.08911296297597238 0.3999000809956953
0.10459950173386989 0.6096374331124149 0.10285279850478957 0.18291026664892562
0.56848685903874 0.3423235600382897 0.052112126524155755 0.0370774543988146
0.16098108060886795 0.13552972277613184 0.09241619763122666 0.6110729989837735
0.5023371472863222 0.1853034296370032 0.18308402062938955 0.12927540244728508
0.10292305439316052 0.1790075946617392 0.46115115696658693 0.25691819397851334
0.3676859932128319 0.10632635493274734 0.5005072986448116 0.025480353209609174
