46 80 4 197.28522332983252 394.570446659665
8.054491157251757 6.713503354474572 3.24138782364174 7.822682781848359 3.8176924206851184 9.435136217395577 1.3857890351703752 4.96780483086824 9.21450060941678 5.095035270341009 5.571409066334125 1.7641715931523012 4.837148119589839 7.711452637244848 8.803732560497112 3.9129924421060354 1.9366695758195944 8.218972421681023 4.55348754262106 6.649912794107707 1.3238968923973065 3.699170650193819 1.428878976436299 4.3498997002551265 3.361736767853774 9.914735857714174 4.556308132927543 3.7678533633915965 2.9899102271293403 5.446225224877486 1.5208767066064712 3.6073003665506955 3.114553515627498 9.67087373458266 6.5410648576974975 8.763255723718377 1.8107673058003875 2.3409001142191457 7.053174673167546 9.810927323311905 1.2090115460646527 9.169441220581918 1.5224618459462753 7.800988908537356 1.581425902808431 3.3016008142751714 2.526469880197608 2.7561456707038396 1.959011659812742 5.687106403499744 1.0562164870180932 8.1154458679744 2.248398316118088 1.9643067563364827 4.866410472422716 2.9707558963781158 8.522665561567393 1.0528724804521543 2.334906056290506 7.285094582858673 2.3284891427219176 8.837060825859936 5.6258759518742485 4.8232023060602955 1.1707154044637258 5.448933335324629 9.519617159719022 4.1122308491023 4.665960036531976 8.460337877243724 7.426138570013809 5.379145941719622 3.0946996109949936 7.047968401046319 6.207892142072782 5.035471242939244 6.188616591282849 3.799874905515537 6.86864225357575 1.8185554130520964
1.6108982314503515 1.3427006708949143 0.6482775647283481 1.5645365563696718 0.7635384841370236 1.8870272434791153 0.27715780703407505 0.993560966173648 1.8429001218833558 1.019007054068202 1.114281813266825 0.3528343186304602 0.9674296239179678 1.5422905274489698 1.7607465120994223 0.782598488421207 0.3873339151639189 1.6437944843362047 0.9106975085242119 1.3299825588215415 0.2647793784794613 0.7398341300387637 0.2857757952872598 0.8699799400510253 0.6723473535707548 1.9829471715428348 0.9112616265855087 0.7535706726783193 0.5979820454258681 1.0892450449754971 0.30417534132129426 0.7214600733101391 0.6229107031254996 1.934174746916532 1.3082129715394994 1.7526511447436754 0.3621534611600775 0.46818002284382915 1.4106349346335092 1.9621854646623809 0.24180230921293053 1.8338882441163835 0.30449236918925504 1.5601977817074713 0.3162851805616862 0.6603201628550343 0.5052939760395216 0.5512291341407679 0.39180233196254843 1.1374212806999489 0.21124329740361864 1.6230891735948798 0.44967966322361763 0.39286135126729654 0.9732820944845433 0.5941511792756231 1.7045331123134786 0.21057449609043086 0.4669812112581012 1.4570189165717347 0.4656978285443835 1.7674121651719872 1.1251751903748497 0.9646404612120592 0.23414308089274516 1.0897866670649257 1.9039234319438045 0.8224461698204599 0.9331920073063952 1.6920675754487449 1.4852277140027619 1.0758291883439244 0.6189399221989987 1.4095936802092637 1.2415784284145563 1.007094248587849 1.23772331825657 0.7599749811031075 1.37372845071515 0.3637110826104193
0.36725157675142106 0.25704000529000615 0.1864217711047832 0.1892866468537896
0.21239563995083865 0.119859867082859 0.571886520994269 0.09585797197203338
0.09147953804540188 0.5637813243649803 0.06977410923947769 0.27496502835014014
0.07877940377718029 0.5802891825439099 0.06443058294293569 0.2765008307359741
0.007611268721885667 0.1153288027514836 0.19595239100711426 0.6811075375195165
0.08351630936716758 0.15633557433049894 0.19022621416193608 0.5699219021403974
0.3518313298117569 0.31280220446620566 0.2780708311270186 0.05729563459501885
0.8475517039531147 0.00025349610480018825 0.1309343403974247 0.02126045954466038
0.07892143198425638 0.03329714127015837 0.8857963816651905 0.001985045080394765
0.07102711783699556 0.2306198512532288 0.015347023919835223 0.6830060069899404
0.0768888949011789 0.1637285550655896 0.7579817325064026 0.001400817526828968
0.06486304518465935 0.03916533552545809 0.012219771378240596 0.883751847911642
0.07988421612929109 0.23700563908259642 0.16448375290506478 0.5186263918830477
0.5177245980007891 0.21631931696036355 0.26538110090747036 0.000574984131377021
0.36842846145284847 0.0843619557166132 0.38589275626676045 0.16131682656377788
0.06730433569380889 0.5186830879013874 0.3424174773163984 0.07159509908840533
0.03341544123265339 0.41253565107893597 0.3434766247321105 0.21057228295630015
0.20939387404601628 0.40851855716885754 0.10770647583781046 0.2743810929473157
0.08402281180524918 0.2601579026766988 0.5324818251995145 0.12333746031853754
0.11019231627314208 0.6528728744324862 0.004810355363814356 0.23212445393055736
0.03319178729333094 0.5732886018829549 0.15193262069360614 0.24158699013010798
0.2677711113364959 0.035892784870263594 0.12251683008618464 0.5738192737070559
0.14699309594977028 0.40433189061851127 0.039948756322291334 0.4087262571094271
0.028947758166749216 0.44718532899086205 0.1903479571949761 0.33351895564741263
0.21064593975707113 0.26022015913731866 0.25633521298044015 0.27279868812517005
0.09386003761061068 0.7506035855856057 0.09849582724408923 0.0570405495596944
0.44818742262419387 0.08273887538690605 0.2630944152665601 0.20597928672234
0.5961264920523697 0.10107923386947126 0.15851731438207173 0.14427695969608734
0.07517367995947866 0.31155603443076385 0.049674581933835116 0.5635957036759224
0.011250256218795052 0.32008308936238494 0.564612566595652 0.10405408782316805
0.34649387151097255 0.09220466087360102 0.0158327150366524 0.545468752578774
0.05509679280191271 0.4755021738162174 0.1954184208972669 0.273982612484603
0.3343107374953864 0.41570255264540645 0.17230862464395558 0.07767808521525155
0.5410135916214855 0.2069560905512049 0.17155402084283133 0.08047629698447822
0.19958282688199924 0.01659821477095258 0.5919122589761702 0.191906699370878
0.8034904845589069 0.16345670576499494 0.008528552268181944 0.024524257407916195
0.2305125889980959 0.3168383403956432 0.04963565608348053 0.4030134145227804
0.20317007615712523 0.03480410992611671 0.3969160532253806 0.36510976069137746
0.012713147016921833 0.10289621041300323 0.5042022835858747 0.3801883589842002
0.3798616171099395 0.4146697649575486 0.026737104744088858 0.17873151318842306
0.1244024292474617 0.25597888528193335 0.3632047086360931 0.25641397683451184
0.18689090530212427 0.38858729139697923 0.25329711175291836 0.17122469154797815
0.051718997143405 0.28078095732006847 0.2924003888637493 0.3750996566727772
0.24768711804885868 0.2029516260688904 0.2304208405488366 0.31894041533341433
0.0647286287935146 0.044718545069000304 0.712340661819669 0.17821216431781606
0.006226646925950319 0.12984315824066273 0.8303607087803528 0.033569486053034114
0.1770694915116513 0.4393570993754623 0.3099430434993381 0.0736303656135483
0.45391843683015465 0.208804857636259 0.13744129805025362 0.19983540748333273
0.014256434756951819 0.07125981726714414 0.37944037609301606 0.535043371882888
0.05686048927220466 0.6683011843850704 0.145008290615814 0.129830035726911
0.32615434484326733 0.07411121968686496 0.11884306951251322 0.4808913659573545
0.14250928886320047 0.06352114957274313 0.17307026101012768 0.6208993005539287
0.4178910964111149 0.080938715755969 0.013488592822177736 0.4876815950107384
0.0586848087046663 0.5588715234601608 0.13311530232618407 0.24932836550898885
0.12451633138926888 0.27022448955704836 0.48507192416582123 0.12018725488786153
0.046307944663174117 0.8780835545773052 0.05362205212124671 0.021986448638273925
0.08061295150612258 0.5268447517857477 0.30585495510119676 0.08668734160693292
0.12047486341265456 0.38129884154973326 0.27804431551492925 0.22018197952268292
0.23450182753147297 0.17053312019097333 0.14977862078956738 0.4451864314879863
0.07903553891854054 0.3128284746144747 0.3800261712329436 0.22810981523404117
0.034242898457974014 0.004419403101036612 0.03937217433368034 0.921965524107309
0.6476327098463105 0.012857823007986546 0.3166548139776578 0.022854653168045136
0.32539528705698706 0.23460757769768814 0.2436138735052138 0.196383261740111
0.018743932858094836 0.19354338362176915 0.5817450717476919 0.20596761177244416
0.17715185028257885 0.308297664616184 0.0567359744282131 0.45781451067302403
0.3091099551908273 0.23161264761572686 0.23713600028007287 0.22214139691337298
0.36958369387904166 0.018160529321093355 0.45255669231723417 0.15969908448263082
0.017221413893209414 0.2849003349450865 0.26437288326452535 0.43350536789717875
0.6799571913565596 0.030320919148283054 0.13462593926049915 0.15509595023465816
0.021644023022862835 0.027533261697603506 0.27740339743136766 0.673419317848166
0.3101586061169038 0.09033087200788514 0.4248687813519869 0.17464174052322412
0.15808813160708102 0.28363364817129666 0.5329589582632676 0.025319261958354766
0.2533597505061942 0.14994730899188935 0.4153335121211891 0.18135942838072738
0.14935365159914094 0.1018369153982609 0.2574454309954587 0.4913640020071395
0.14983949069490776 0.202205107342735 0.39885600452182823 0.249099397440529
0.19399050192879874 0.4417529408091554 0.018573463959737357 0.3456830933023085
0.2710913210867728 0.3904114472533745 0.2646397628101953 0.07385746884965738
0.5484578250943957 0.18724872907270196 0.1601409154991552 0.10415253033374716
0.042099793136673114 0.033525593130747766 0.6808428428983357 0.24353177083424338
0.3655194724898869 0.011068572330726112 0.1421896278747793 0.4812223273046077
0.4665833805294878 0.09108424656118863 0.014503559542430655 0.42782881336689293
0.13721504476428503 0.04056873455423782 0.050985843349811044 0.7712303773316661
0.051039348775481996 0.46464671329607143 0.18616956541133023 0.29814437251711634
0.023190708043028252 0.28731470617058597 0.40433071867784287 0.2851638671085429
0.41912217965388754 0.029715402927330437 0.037588681077133645 0.5135737363416484
0.013131545706038361 0.1938162208038703 0.5806388068561018 0.21241342663398954
0.33632202894688146 0.2587720218173356 0.18862753300478063 0.2162784162310023
0.12609178774593377 0.017702543387172698 0.03153160341621408 0.8246740654506794
0.0012575591068988423 0.0014405445662225569 0.5708300576583347 0.4264718386685439
0.3387957066551218 0.18847668112389304 0.18259026396035827 0.29013734826062687
0.15128702188305243 0.13320413218661076 0.5922703107125279 0.12323853521780892
0.12919469623477742 0.5756692515756328 0.11631723415477035 0.17881881803481947
0.4745274210954963 0.05170057413101592 0.14185149178963619 0.3319205129838516
0.6514771289971353 0.03392239843598199 0.20446408659250925 0.11013638597437347
0.5492228325803065 0.25667945854455043 0.018709964577200755 0.17538774429794235
0.022771316890988325 0.22562792156556932 0.6733028426340638 0.07829791890937854
0.303188922890548 0.30924532458569975 0.1461687537154832 0.24139699880826904
0.15812481975102632 0.46586660067141583 0.14917213300003207 0.22683644657752577
0.0072593480434094415 0.5144948750413836 0.039405326054064105 0.4388404508611429
0.25740275401966417 0.05508957613949206 0.5091875338793128 0.17832013596153096
0.579418097902411 0.02962389594906878 0.3066410636036375 0.08431694254488276
0.4205893262987104 0.2432571107322682 0.1730193015994531 0.16313426136956832
0.12658080305106545 0.4755203210464026 0.18089386366722193 0.21700501223531
0.3959006920596877 0.32123046521565835 0.10764862112257745 0.1752202216020765
0.06208813734660901 0.09374014274541287 0.5402668555007327 0.3039048644072454
0.5324696115317048 0.20225029863807442 0.15372992585689305 0.11155016397332773
0.05714401155769011 0.519296245589758 0.19207794694693836 0.23148179590561357
0.4609767576812519 0.2687057846017745 0.21816003164824516 0.05215742606872842
0.16395338819827643 0.5540677104427811 0.21690528945334386 0.06507361190559857
0.2216358080891323 0.2759497242294845 0.07964842165866937 0.42276604602271384
0.051943493915049155 0.05494481460747003 0.4795274672174821 0.41358422425999875
0.2305582819074259 0.46029849133692524 0.1537692617330535 0.15537396502259537
0.08647243334414001 0.04960673122027992 0.40582280317108754 0.4580980322644925
0.04027685278766635 0.03137650326126895 0.6271371798509219 0.3012094641001428
0.4292423292475501 0.00047591470092167576 0.4418569589420105 0.1284247971095177
0.013192435378797107 0.0019566683429774745 0.31476077598349617 0.6700901202947293
0.03316398895704342 0.22743848085440843 0.2759495386591785 0.46344799152936966
0.07341692353603702 0.041800567251807697 0.1138738133130639 0.7709086958990914
0.008210161959550266 0.09657206335502999 0.7514136312571383 0.1438041434282814
0.19966576384776047 0.411575870354011 0.12976009238867692 0.2589982734095516
0.18465046316711187 0.026968238418276003 0.7259362664653864 0.06244503194922568
0.23621819349968354 0.2569066280354708 0.4779058859124904 0.028969292552355252
0.18810225512322865 0.08862890213943475 0.46284790872426096 0.26042093401307564
0.19193831734388622 0.08112972161825294 0.33775069593809826 0.3891812650997626
0.22922621490346073 0.14568490919618304 0.5796187070297862 0.04547016887056998
0.017171664553793042 0.8117472571625861 0.03348674038539334 0.1375943378982275
0.07847605990226081 0.20946430117582093 0.3203214245017174 0.39173821442020085
0.4575667885866641 0.07200994172506336 0.09031514319359635 0.3801081264946762
0.4477456263454851 0.16465959015930265 0.06992620236856661 0.31766858112664564
0.5014730694379267 0.14249418683031134 0.2743067240109872 0.08172601972077476
0.030635767793383173 0.28972930476312264 0.6603535276777908 0.019281399765703422
0.19470272914190945 0.34192230315683236 0.07189107973464215 0.39148388796661604
0.1678969231935914 0.33555529553180075 0.39233443248006006 0.1042133487945478
0.41610527417023535 0.45198869175860823 0.09326909273970974 0.038636941331446684
0.12306000280467377 0.06423785622601241 0.27497421746059325 0.5377279235087206
0.19866676527114457 0.06524259651151776 0.3277318578553292 0.40835878036200846
0.35599821414017885 0.2533169253684997 0.38459133128572187 0.006093529205599579
0.15071901855646463 0.04715451099334911 0.4365362993509859 0.36559017109920033
0.010003819217585641 0.09235600468605665 0.7837511308512338 0.11388904524512389
0.7509612497739161 0.04765394991322924 0.0833597558977196 0.11802504441513506
0.25254990797385557 0.5483995552656581 0.09280279340046038 0.10624774336002596
0.2890240364612727 0.5059341868233282 0.10155309201248441 0.10348868470291461
0.5168533360039743 0.08949447199685745 0.2060837863320465 0.18756840566712174
0.13426185143796365 0.2854547519030426 0.045226296095635665 0.5350571005633581
0.008537821769270426 0.6807098348762796 0.03792019710302863 0.2728321462514214
0.05454401180826152 0.5777167493559972 0.2697944554618098 0.09794478337393153
0.1913688756761006 0.017067564301056493 0.5133987916128642 0.2781647684099787
0.06467450782959061 0.04169964836315976 0.32293092638181753 0.5706949174254321
0.0565019040486896 0.08940084896340283 0.31517752419555223 0.5389197227923553
0.23385855899602093 0.4962895091243772 0.04961267402025826 0.22023925785934362
0.029436472026056926 0.11751627843829526 0.42430124218623555 0.42874600734941226
0.3736242877309198 0.19513042412102188 0.006603324269391142 0.42464196387866715
0.09824325636003628 0.6678398708501596 0.18184231724078004 0.05207455554902407
0.16592196617065424 0.25107950627288445 0.03966523985771897 0.5433332876987423
0.3017506869055112 0.04731685554713516 0.3089987816329087 0.3419336759144449
0.25892821712162406 0.01820813740364413 0.10807399796460804 0.6147896475101238
0.3900239938986547 0.1270571638951462 0.10202582563020479 0.3808930165759943
0.4507050130276934 0.015372550788157358 0.44717163115460734 0.08675080502954191
0.13886461211473644 0.29692597031402 0.48227523322290444 0.0819341843483391
0.0061367275779887764 0.5474764948541125 0.21659720036067676 0.22978957720722193
