97 40 4 105.24436309979983 210.48872619959963
8.532497118380714 9.732122667462969 5.024384067353602 3.561229081257684 7.940949292087787 3.690492690121998 9.78701567405756 9.362367775879626 2.84206659165032 4.106291654994576 2.911600448848282 3.6897409622617325 4.092853906247518 9.189659969205943 2.2207761593996143 2.7533175201624283 2.4472802230101642 2.0094078933004624 4.736361899170247 3.7125304605929195 2.2294887875390814 7.888556097037692 6.42284620515235 6.551728971544035 7.001036165744823 7.667680257663719 4.651323350239121 2.572621400687338 2.5524071518052422 3.9666494464432773 6.736617455729897 9.468514942247719 3.4134010964969965 1.7654700946403623 9.967191101709496 1.0622458490351363 9.428901902680275 4.266855641004236 8.390086930928312 2.14215729582437
1.7064994236761428 1.9464245334925938 1.0048768134707204 0.7122458162515368 1.5881898584175573 0.7380985380243996 1.957403134811512 1.8724735551759253 0.5684133183300639 0.8212583309989151 0.5823200897696564 0.7379481924523466 0.8185707812495036 1.8379319938411887 0.44415523187992284 0.5506635040324857 0.48945604460203285 0.4018815786600925 0.9472723798340494 0.7425060921185839 0.4458977575078163 1.5777112194075384 1.28456924103047 1.310345794308807 1.4002072331489646 1.5335360515327436 0.9302646700478242 0.5145242801374675 0.5104814303610484 0.7933298892886554 1.3473234911459795 1.8937029884495438 0.6826802192993993 0.35309401892807246 1.9934382203418992 0.21244916980702727 1.8857803805360551 0.8533711282008472 1.6780173861856624 0.428431459164874
0.1862458148152415 0.2301916059624849 0.08074681722042776 0.5028157620018459
0.25243999403861483 0.5051418643301713 0.16013047366982258 0.08228766796139131
0.08865063550512475 0.8236305941629085 0.036827603681141796 0.05089116665082494
0.09471310769730656 0.22851055115386631 0.3066924663002999 0.37008387484852723
0.08878287134098584 0.26710082136337676 0.13386310563518689 0.5102532016604505
0.10085171600296994 0.12656293809974217 0.15202794839117695 0.6205573975061109
0.21479240351011664 0.12302134943075227 0.26406010912506583 0.39812613793406526
0.02732268019559303 0.4786915689023922 0.24765842604289667 0.24632732485911812
0.24075574484518836 0.2011281157840551 0.26528818962430956 0.292827949746447
0.023271498583203876 0.17107552672746096 0.4896191293710225 0.3160338453183127
0.22868728789103465 0.0899763764019248 0.3103348721488207 0.37100146355821984
0.026273757540205334 0.24295097771548468 0.6737226263171918 0.05705263842711816
0.3220582514213226 0.10782072273544885 0.07406113524835367 0.4960598905948749
0.36516409022321816 0.171487437068366 0.1552754314997672 0.30807304120864865
0.2778684836018218 0.3461567454344997 0.03574410124537186 0.3402306697183066
0.4417462093638109 0.2599439721659008 0.03168713631428899 0.26662268215599927
0.09307201481444483 0.2854976585865634 0.46364780802890304 0.15778251857008874
0.32306547592826507 0.5983139726977791 0.050361106228767105 0.028259445145188744
0.36607147491321823 0.15656458673903983 0.3138475720802435 0.16351636626749844
0.14013080000907474 0.4689684461739567 0.3588424549001087 0.03205829891685985
0.1403706522532926 0.5703355986113297 0.24054803020871696 0.0487457189266608
0.26283398652667844 0.051044368252843864 0.42747765105323 0.2586439941672477
0.16727310164808395 0.17558170313745425 0.26171859561165445 0.39542659960280735
0.13757748041190643 0.31869508701733573 0.10346998892590487 0.440257443644853
0.18403802943510916 0.45646281092862606 0.019225934317224525 0.34027322531904025
0.23826617490903634 0.21504356938458313 0.017020695803056207 0.5296695599033243
0.019175380923277863 0.35431139698914627 0.6024388415643683 0.02407438052320754
0.08304550016147627 0.5862122958711193 0.1483091630083615 0.1824330409590429
0.2965280776134517 0.27249012824204866 0.20767572325632755 0.22330607088817211
0.26387221554928 0.4148173093390678 0.1627174455681304 0.15859302954352184
0.16042653984447475 0.20695299660404032 0.3694564283446351 0.26316403520684983
0.16077726929193736 0.3494784935041445 0.3059627469977706 0.18378149020614754
0.2611511982631006 0.37874149059309703 0.3561700264846588 0.003937284659143558
0.8344595774590319 0.13364199869342208 0.006208890432862768 0.025689533414683274
0.1240488978875417 0.44323543033983737 0.13040205310572928 0.30231361866689166
0.05965770013113292 0.6953484362034243 0.11518062034968579 0.12981324331575694
0.49539133229732013 0.12787339014737364 0.0617097514989815 0.3150255260563247
0.09720458495808837 0.30694194595017643 0.3112949688361246 0.2845585002556106
0.3809014057616744 0.43652546336204245 0.14170855221010714 0.04086457866617599
0.30286771495563336 0.4388414742528358 0.01997696433084406 0.23831384646068676
0.1675798155129289 0.4968464210939364 0.2018075845187366 0.13376617887439812
0.26349541685201805 0.5926161942611736 0.025959715893781654 0.11792867299302667
0.43907436013695744 0.08609938823157726 0.4738425011347198 0.0009837504967454835
0.05021302009603057 0.2175202517601863 0.23573944858498452 0.4965272795587986
0.19527042811668383 0.6150442065588703 0.09423923788863153 0.09544612743581438
0.112297864746421 0.3322573287230214 0.18142422847548756 0.37402057805507005
0.5379351143393898 0.310669720086444 0.05605657880374648 0.09533858677041973
0.13766772273836803 0.048946788823759246 0.7262806263386715 0.08710486209920121
0.24500729066839322 0.0768265732525435 0.2074064700350986 0.4707596660439647
0.37995470972885415 0.3694493973484505 0.16347611941167461 0.08711977351102074
0.31329294100507044 0.42161032549121413 0.25257605818623685 0.01252067531747858
0.415633001536889 0.27524507626976924 0.1792630304460877 0.12985889174725407
0.05257875835798309 0.5401527989560908 0.40568798262924544 0.001580460056680666
0.0019566612608010736 0.2934820248479194 0.40143448092004386 0.30312683297123566
0.17966575690792408 0.09902963523526398 0.39173866325851114 0.3295659445983008
0.3193790809104813 0.6169785988098134 0.06233587371615523 0.0013064465635500566
0.12241447163426966 0.230737367926645 0.08204972214175221 0.5647984382973331
0.24432771809242493 0.5437981380938056 0.1967474179902633 0.01512672582350616
0.0529214860673749 0.7932589658374859 0.08477873327776175 0.06904081481737745
0.19508204757084824 0.0034490021054692788 0.6616080177345997 0.13986093258908283
0.3686075044232856 0.03256123318810311 0.18266723925744344 0.41616402313116785
0.3090385905303078 0.012333513208348412 0.2849663432497015 0.3936615530116423
0.3528415923453788 0.061795009338443285 0.2174790503685553 0.3678843479476226
0.37711912476716525 0.3294731098118263 0.24135080239682571 0.05205696302418272
0.09422337638446021 0.350382066457143 0.2080689326223858 0.347325624536011
0.12339964872857556 0.6377540816853163 0.0904003803417106 0.1484458892443975
0.062035523892610356 0.21048392774040225 0.48641191314967425 0.24106863521731314
0.5592365084361687 0.1581903238400939 0.04357117060975857 0.23900199711397885
0.22966512673339945 0.16404299640084097 0.4345358005371175 0.1717560763286421
0.07561090029229856 0.31380860658936527 0.0516016993237749 0.5589787937945613
0.03483959124007174 0.7770760714555084 0.13167243648772176 0.05641190081669811
0.2802010704947101 0.1849797463869901 0.45606044245875754 0.07875874065954225
0.208746168592147 0.23164474429048887 0.0304204742390628 0.5291886128783013
0.5389258655955369 0.13602553453901867 0.2249760489333258 0.10007255093211864
0.1611346746438883 0.1785590521997834 0.5577627522659383 0.10254352089038998
0.185094321368667 0.6209885215613955 0.06153594912729765 0.13238120794263986
0.5115838505500373 0.3946707440440358 0.06109198071485211 0.032653424691074795
0.576240118773421 0.39714854647070674 0.01533415217209988 0.011277182583772416
0.006957388307161083 0.3647779697541387 0.04782541437030341 0.5804392275683968
0.24480220710068246 0.25631048122608746 0.08563534940573114 0.41325196226749894
