41 90 4 236.9334269913734 473.8668539827469
3.2583126137044616 1.414862386053506 7.091346169995026 1.3912253708027684 2.0478133284987816 6.434791200539318 2.7183759650176524 7.016641455343112 9.25703063983807 4.769020782543726 3.9903386504296847 3.5473027165455395 2.6765404065840195 3.853994234379676 5.330518019341977 1.6256842103044493 7.344843144205201 3.832092405815862 7.7075411942732295 4.58391516294902 6.474038135707439 7.556108386468618 4.795822338098095 4.54517391923003 3.0900031642044734 4.974981436700142 4.357192553482424 6.252454357552784 1.9002823794510277 7.672166962980192 1.7487813825101337 2.136015502357645 3.906023769989247 6.78634563236553 9.995245567470082 3.529014861178891 6.24002183407564 8.853409543277015 8.104052970743819 2.9627892443122916 4.119599179839425 7.493505774908753 4.185265368950674 5.146158741684113 3.199578932968507 3.5439688588315095 8.43653319399666 8.869345621904671 2.284921018593581 3.5206464509076336 5.726522317254072 9.107721680491583 6.422112504698851 7.226161210738317 3.543354216910509 3.488567311969367 2.4065837650818684 6.974095683741315 9.48527628020603 7.131893434139809 8.766844632174914 9.203559315103886 8.338064340508735 8.46773077748777 1.24387344943668 3.1685297433896777 3.396941289601455 4.421902687744551 5.31326526703026 3.8927718620221836 4.933506735846229 6.024422565023334 4.542854417638173 6.204365839674048 4.40307501493446 2.8332702600021893 4.277990520078577 7.327204649797828 7.635404280730316 7.143278501736628 1.9018808064119663 2.6960151925125997 5.6350067013570575 8.698564088478822 1.293493842002986 2.7285225720295014 8.466128726149194 7.900657808609688 5.739289948577556 9.184512599517861
0.6516625227408923 0.2829724772107012 1.418269233999005 0.27824507416055366 0.4095626656997563 1.2869582401078636 0.5436751930035305 1.4033282910686222 1.8514061279676142 0.9538041565087452 0.7980677300859369 0.7094605433091079 0.5353080813168039 0.7707988468759351 1.0661036038683955 0.3251368420608899 1.4689686288410402 0.7664184811631725 1.541508238854646 0.916783032589804 1.294807627141488 1.5112216772937237 0.9591644676196189 0.909034783846006 0.6180006328408947 0.9949962873400284 0.8714385106964848 1.2504908715105567 0.3800564758902055 1.5344333925960385 0.34975627650202673 0.427203100471529 0.7812047539978494 1.3572691264731058 1.9990491134940165 0.7058029722357781 1.248004366815128 1.770681908655403 1.6208105941487638 0.5925578488624583 0.823919835967885 1.4987011549817506 0.8370530737901347 1.0292317483368225 0.6399157865937014 0.7087937717663019 1.6873066387993318 1.7738691243809341 0.45698420371871623 0.7041292901815267 1.1453044634508145 1.8215443360983166 1.2844225009397703 1.4452322421476633 0.7086708433821018 0.6977134623938734 0.48131675301637367 1.394819136748263 1.897055256041206 1.4263786868279618 1.7533689264349828 1.8407118630207773 1.667612868101747 1.693546155497554 0.24877468988733603 0.6337059486779355 0.679388257920291 0.8843805375489102 1.0626530534060519 0.7785543724044367 0.9867013471692457 1.2048845130046668 0.9085708835276346 1.2408731679348095 0.880615002986892 0.5666540520004378 0.8555981040157153 1.4654409299595657 1.5270808561460631 1.4286557003473255 0.38037616128239327 0.5392030385025199 1.1270013402714114 1.7397128176957644 0.2586987684005972 0.5457045144059003 1.6932257452298387 1.5801315617219376 1.1478579897155112 1.8369025199035722
0.43492332203686457 0.048758633039854504 0.07906250134618953 0.4372555435770914
0.05887044519220874 0.5861999611013571 0.24004852851670166 0.11488106518973251
0.17010918751016402 0.19153124597596416 0.20137369593257592 0.4369858705812959
0.24944998716114897 0.5107546490739256 0.048664429321875535 0.19113093444304985
0.22295932453294576 0.18740770519927197 0.17600624999867864 0.41362672026910363
0.044437067282930176 0.3644518553194319 0.5742306616156703 0.01688041578196764
0.0920117117681093 0.6692064735094867 0.0956679514866684 0.1431138632357356
0.014598500574212858 0.13518096427012594 0.7943956809538081 0.055824854201853125
0.03216205874612199 0.25782246426173405 0.0741567770424364 0.6358586999497076
0.23157127508396247 0.2662728800304176 0.24245188051558686 0.25970396437003307
0.03128370263515068 0.6907100923865712 0.16909578882055853 0.10891041615771957
0.0724676179853071 0.45584593333282053 0.1622876896418014 0.30939875904007097
0.003318730091000921 0.6221470320575613 0.11242765358268203 0.26210658426875577
0.0879026414804086 0.4767572172395256 0.003919224465100846 0.43142091681496497
0.09186463031061554 0.2925413636095875 0.3444178713560955 0.2711761347237015
0.14550398617381577 0.1968279081610138 0.39848668275560606 0.25918142290956436
0.20214625823007282 0.047962123618987995 0.18791216752194473 0.5619794506289945
0.13624016929435778 0.15138919781029525 0.37268176461003166 0.3396888682853153
0.10269606706946033 0.11805893505454135 0.5135131057870871 0.26573189208891124
0.02322653415063769 0.509217609964146 0.16027904026424056 0.30727681562097575
0.6670494339349193 0.16092535380609774 0.01618531123724798 0.15583990102173495
0.5245112036371808 0.1278213241024465 0.10803273228288979 0.23963473997748286
0.020691957743507072 0.004733058888985453 0.8457714036114392 0.12880357975606826
0.13753302219878494 0.08643119360986495 0.32014114126411364 0.45589464292723647
0.031234184393140407 0.2974072057946143 0.3496554408010458 0.32170316901119944
0.2928760583538329 0.015319739924170572 0.20517072002664094 0.4866334816953556
0.4030629050983644 0.20585177361815932 0.29019525576248684 0.10089006552098945
0.18099282465453725 0.49360016595315437 0.010353373933969179 0.3150536354583392
0.07191726794191766 0.11523820956705333 0.05737966801898797 0.755464854472041
0.14893319557540596 0.2368574387938982 0.1397011118706415 0.47450825376005434
0.08443961802190725 0.8515480549482294 0.058385179911516594 0.005627147118346776
0.2142074877515262 0.469678133354425 0.051300600341576685 0.2648137785524721
0.32229578594563335 0.09809544179002883 0.17730635864970956 0.40230241361462826
0.3515871164462899 0.32069057684431845 0.15906420468958016 0.16865810201981146
0.6396113821368282 0.0817414540686473 0.10083660556368579 0.1778105582308387
0.08470469305493122 0.5577707582996257 0.2886553398778873 0.06886920876755576
0.011485763201647625 0.6151422012630198 0.345048984910309 0.028323050625023605
0.49896272758172266 0.18290433037471154 0.006678407364727357 0.31145453467883844
0.3328026958581358 0.046171012162064096 0.340451232732945 0.2805750592468551
0.266668896624185 0.3356284092494958 0.2785908926139432 0.11911180151237599
0.13418651679126625 0.2772748108679697 0.23001434649844865 0.3585243258423154
0.260971904464007 0.26119322021754054 0.10576044534249629 0.3720744299759562
0.1998974590439726 0.1458442666915819 0.01859386723453893 0.6356644070299066
0.056330425090836966 0.10026520342525447 0.2794013498376777 0.5640030216462308
0.33994426181403203 0.013274958851695606 0.5182556835744196 0.12852509575985271
0.1323377550158079 0.5083216046274445 0.08360200679840035 0.27573863355834727
0.010240329429256345 0.6812712287974171 0.25575165260350086 0.052736789169825715
0.026984960179256223 0.1241016281118853 0.24518318514138915 0.6037302265674693
0.35739519556862165 0.08029445704119942 0.14266903514650786 0.41964131224367107
0.052540547313397745 0.26110494702848996 0.512742303500184 0.17361220215792827
0.23966675515767566 0.39350777905046597 0.002835644877611232 0.36398982091424714
0.05727819930779132 0.29764969932538654 0.5694925746853055 0.07557952668151668
0.44711505383644945 0.23220220877610198 0.19726866907972074 0.12341406830772783
0.07216120107299184 0.04157554682711373 0.8602680783228469 0.02599517377704752
0.2720166357090724 0.661735403514653 0.013575421886161787 0.05267253889011281
0.38429824703946414 0.1447655486546171 0.02304385910372575 0.447892345202193
0.4894814883324965 0.08159922240900108 0.32965066214963545 0.09926862710886697
0.19638493822904612 0.29791960614274804 0.2665642665887844 0.23913118903942143
0.5835250788643022 0.04561265255524505 0.29417305097157553 0.07668921760887726
0.4329260878990704 0.09251981678838361 0.1242333532611486 0.3503207420513974
0.024750010935305156 0.13853284552974088 0.5986693742535983 0.23804776928135563
0.30561451534318695 0.21407459073232826 0.12007527423990971 0.36023561968457507
0.4546962295612855 0.25655971234188035 0.07396794581763277 0.21477611227920135
0.6166112534675177 0.14202072361752138 0.18702041947842574 0.05434760343653522
0.41663697742847916 0.23039844230209616 0.1178338710887511 0.23513070918067358
0.4374353552492902 0.26912983562423576 0.2175711160800613 0.07586369304641272
0.02435888787131968 0.02649263118911105 0.1555700895751987 0.7935783913643706
0.01634263010144943 0.3646079030564314 0.26276577220273933 0.3562836946393798
0.135782770954208 0.6215898809416346 0.008681183604998699 0.23394616449915873
0.06929747407204423 0.08138113899618182 0.6883370458749403 0.16098434105683368
0.01247606885484509 0.017632001881747295 0.416775374432495 0.5531165548309126
0.45217275019523195 0.28478102800550353 0.17131248314303904 0.09173373865622547
0.5101959955277672 0.06570678850548628 0.10063886255190668 0.32345835341483986
0.03894525664669912 0.05747060211889454 0.10944762557062115 0.7941365156637852
0.20953152366834982 0.08965808131166508 0.04749552716064509 0.65331486785934
0.5358601416423091 0.03523592704500933 0.21227992224182024 0.21662400907086132
0.31880568975032963 0.07687718134972932 0.06499280483564951 0.5393243240642915
0.4677660064767102 0.14964669416998477 0.3641522689817426 0.018435030371562466
0.06623098076979628 0.568243182685836 0.2662369937710797 0.09928884277328809
0.09717982645018364 0.10268319181313279 0.5634117505559446 0.23672523118073896
0.07232638729846419 0.18817054319027093 0.11083756631228159 0.6286655031989833
0.6581566765504712 0.19301831511964385 0.0617606312109954 0.08706437711888959
0.15852250888444008 0.2695262932887136 0.3085688720021269 0.26338232582471943
0.17703424069229146 0.09646018774137943 0.6942247052664738 0.03228086629985527
0.7010879350186268 0.09591196076500186 0.17885097326375332 0.02414913095261806
0.16889466894894833 0.6006659479730491 0.12451794270868266 0.10592144036931994
0.04745169130572213 0.13895209864970315 0.13305233669939742 0.6805438733451773
0.23613394750346062 0.3909538230374411 0.050542033282642285 0.322370196176456
0.2869019179779717 0.471664278361137 0.02343731797403492 0.21799648568685637
0.6999653214892146 0.09857775460992357 0.021349196851560115 0.18010772704930167
0.14816109268903876 0.34426649861849523 0.038774184557264335 0.46879822413520167
0.12406707728439814 0.21092751226103235 0.017877894290628582 0.6471275161639409
0.3224577242161273 0.017123269128933916 0.36153939198289 0.2988796146720488
0.3310428396631906 0.012033380965946638 0.30591319110885784 0.35101058826200493
0.08502655062147602 0.10208972304909691 0.0953183422871301 0.717565384042297
0.0945597107216587 0.038363564233437675 0.576155863257195 0.2909208617877086
0.6296020436883417 0.041262632094169804 0.10277891629260472 0.22635640792488376
0.11074431650238326 0.44942229124240285 0.04046231109847587 0.39937108115673803
0.05852998469980131 0.19216289352295457 0.17718173301300422 0.5721253887642399
0.21588960809408775 0.22787556414028398 0.5239852931669498 0.03224953459867852
0.18421591474847798 0.44126825321459306 0.21571595797777798 0.15879987405915097
0.6095198045537182 0.1176510432948682 0.16331483639834188 0.10951431575307169
0.01653421952967027 0.10390584151766169 0.8217108132626765 0.057849125689991565
0.39973637307413956 0.4146133331934114 0.1580612244720473 0.027589069260401722
0.6093941631269707 0.08730360798038939 0.15419070959129888 0.14911151930134103
0.49246212150001756 0.20918175970480446 0.2479054168699496 0.05045070192522838
0.7751333508389385 0.06279963838454661 0.10371980871989894 0.05834720205661592
0.026608383488793685 0.1815354072086114 0.689320603067458 0.10253560623513691
0.2393740079800628 0.30959685137182313 0.3377282359846574 0.11330090466345666
0.30163384814399463 0.30056482742341883 0.31572215316053376 0.08207917127205278
0.11396642895853659 0.36142869073407924 0.4861950841180376 0.03840979618934659
0.3721301724835704 0.4144016929811216 0.058229984809554325 0.15523814972575367
0.21286877202804666 0.6974653479348072 0.02810252677252978 0.06156335326461637
0.7090476166099212 0.14142650061775708 0.09806612644788726 0.05145975632443445
0.11829746630438787 0.20818472319414794 0.5115805735106488 0.16193723699081541
0.47562920751348636 0.06721303883715335 0.23373026171797162 0.22342749193138867
0.017666185118943356 0.2402908914111087 0.4568021562901483 0.2852407671797996
0.05381680852230564 0.680290769723754 0.24640095120250205 0.019491470551438295
0.49803031577946955 0.2969644969282441 0.06480115133469 0.14020403595759634
0.04480206928846242 0.33926138267435413 0.052640672386335075 0.5632958756508484
0.8621349007069771 0.01287900231780903 0.009658809698714577 0.11532728727649932
0.24910813001593313 0.251459163022855 0.19394972729556914 0.30548297966564275
0.41772052094520273 0.052234376247707104 0.4576138758348677 0.07243122697222248
0.2151108291176923 0.5724139719163801 0.05610610289098017 0.15636909607494742
0.08817645252779249 0.21513866761397282 0.5653493329421742 0.13133554691606053
0.019067557211431607 0.3500580716492 0.29371756351418177 0.3371568076251866
0.059744941111387395 0.0654898985014577 0.17855126860383974 0.6962138917833152
0.16867780355719364 0.15944540199725188 0.09926200082130854 0.5726147936242459
0.07730372033892952 0.06849193412087984 0.3484797794753417 0.505724566064849
0.1572744808354265 0.5202098089413055 0.09272752796256911 0.22978818226069886
0.058212773872193035 0.12381292868434535 0.2690406982343174 0.5489335992091442
0.1772913530146516 0.036904106740841214 0.08425938068926986 0.7015451595552373
0.11882383610202807 0.4414444471857659 0.3300033542106957 0.1097283625015103
0.4601214878688493 0.18788920209045468 0.1466454454181665 0.20534386462252951
0.09138398756161903 0.43586963950457747 0.316191345792164 0.1565550271416395
0.2851029094426357 0.24245879191671482 0.44422633686542967 0.028211961775219785
0.2679637983986931 0.11524518890883184 0.24202174198978343 0.3747692707026916
0.711781310000022 0.057996405609830104 0.10114385198749387 0.12907843240265404
0.7534732403111061 0.03135259809153812 0.026965121280468574 0.18820904031688723
0.09762424579245166 0.06912555962032518 0.7108221217087023 0.12242807287852087
0.09360520548591988 0.22169701539047715 0.5557907607986345 0.12890701832496843
0.19680301207503492 0.3249873450854157 0.1503134325901826 0.32789621024936677
0.11420814276342339 0.0701596314467633 0.02695002511247324 0.7886822006773401
0.1400291134063053 0.3304607546543 0.12564553241306464 0.40386459952633
0.5071697636132944 0.05504548796590736 0.2916939195895484 0.1460908288312499
0.4365132573378221 0.1091530120506996 0.09960034804779361 0.3547333825636847
0.5791149677323794 0.08982197010718151 0.04826039164827034 0.2828026705121688
0.1816789587891272 0.6271434455114794 0.054755211484643906 0.1364223842147495
0.10460488411994706 0.2531235018955269 0.21593378248233253 0.4263378315021935
0.19808447028130094 0.15906099442285115 0.4831009858733921 0.1597535494224558
0.07529312880471117 0.0015677338031651056 0.1574851040722579 0.7656540333198658
0.29231791523560313 0.0321891355466033 0.3022887354417144 0.37320421377607915
0.3776057938566948 0.4654292879322389 0.15511999928940312 0.0018449189216631634
0.26567143584588226 0.2416070689992943 0.36223012831542734 0.1304913668393961
0.683180839178999 0.1695334764236266 0.05037174891121876 0.09691393548615568
0.32718815156320824 0.4265385822113503 0.0854482092023584 0.16082505702308303
0.07028916737743873 0.11099022099047973 0.8068070431517111 0.011913568480370396
0.06443270103983612 0.08354861704407424 0.21728959258931335 0.6347290893267763
0.5606535918067658 0.11611989866104488 0.2549857608593268 0.06824074867286256
0.13247333502724523 0.015740462593314297 0.4753686609764167 0.37641754140302375
0.028583927045204738 0.8583731704761921 0.02320971569595731 0.08983318678264585
0.3425068159966326 0.36760648300382603 0.050508246653673705 0.23937845434586769
0.21458148092558038 0.0766244966920826 0.039642328306061736 0.6691516940762753
0.13015172141054732 0.5757874360674098 0.1335210501550168 0.1605397923670261
0.360883582740986 0.27756589299691015 0.18655228468717489 0.174998239574929
0.30196677402493766 0.080322308502362 0.37919276880829045 0.2385181486644099
0.11617655743774546 0.6150514581993141 0.22174535501864168 0.0470266293442988
0.09147207972034976 0.7933095796295755 0.059168179206997684 0.05605016144307706
0.056629116307463145 0.05597661206774207 0.2814594748565141 0.6059347967682807
0.05242509881594981 0.2620144401394414 0.5816137244101545 0.1039467366344543
0.052708762397793096 0.3668461547382438 0.5496339153375559 0.030811167526407224
0.208945425712188 0.07416541394948384 0.5743921500101113 0.14249701032821682
0.017688570735464926 0.07480206268280132 0.9021838207822113 0.005325545799522491
0.43715425859316215 0.0701154957197665 0.2350933242094212 0.25763692147765016
0.04772744021143316 0.09595260436516373 0.15332600317511103 0.7029939522482921
0.18600800923596095 0.03356649902111397 0.5361866364080639 0.24423885533486123
0.22555729308803574 0.489406802361972 0.17558907379155797 0.10944683075843431
0.3677330291555345 0.0026625442167209634 0.34341557656594246 0.28618885006180206
0.10040139558766636 0.8484892292415196 0.04610202607307046 0.005007349097743585
0.07516331472594162 0.2997486724464601 0.43651077128852234 0.18857724153907596
