78 30 4 86.89441253648522 173.78882507297044
1.4336310475021392 7.128667124809461 8.188264611134215 8.200977324920942 9.687675251406343 4.996178417973604 8.481113889047634 3.219108713894915 1.4525009029893161 5.386886044741782 6.852139782655898 9.28880911453584 7.648606241410635 3.226798655737836 5.662298511085351 6.976754741107615 3.63518482485828 8.861524842431587 8.947616963875069 6.038002057718648 3.0177257099200467 9.400608056770533 4.508574673106882 2.3561121413036794 3.896442069405028 4.010872482504187 9.088776611651426 1.0982879352155162 2.859826273028799 8.23886005622721
0.2867262095004278 1.425733424961892 1.637652922226843 1.6401954649841883 1.9375350502812687 0.9992356835947207 1.696222777809527 0.643821742778983 0.2905001805978632 1.0773772089483564 1.3704279565311794 1.8577618229071677 1.529721248282127 0.6453597311475672 1.1324597022170702 1.395350948221523 0.727036964971656 1.7723049684863175 1.7895233927750138 1.2076004115437295 0.6035451419840093 1.8801216113541066 0.9017149346213763 0.4712224282607359 0.7792884138810056 0.8021744965008374 1.8177553223302851 0.21965758704310323 0.5719652546057599 1.6477720112454421
0.05798909854956702 0.5124944809741048 0.39374896762144607 0.03576745285488214
0.00420252457964887 0.10972692802758066 0.5724613424859663 0.3136092049068042
0.2716922922295164 0.09690758928051557 0.49855855102463853 0.1328415674653295
0.4724387390374203 0.11274948258133355 0.1946659537968709 0.22014582458437526
0.1331804584482692 0.13662420670456943 0.6497832768089493 0.08041205803821205
0.09055300617101325 0.4524442417909337 0.16447999862295049 0.2925227534151026
0.3284743012686824 0.3794812199374723 0.1219798835033421 0.17006459529050322
0.1019890744290114 0.42925374280117534 0.40875498272844213 0.060002200041371134
0.6136101842775266 0.29668168614504953 0.057671767009287 0.03203636256813691
0.004664666090464342 0.008896998842724546 0.4499702180482319 0.5364681170185792
0.2945715068955429 0.03352787668984736 0.24135629450601315 0.4305443219085966
0.06335583107168075 0.227357558763158 0.47698866896876957 0.2322979411963917
0.4945173697560369 0.007035627530692423 0.1301752362689894 0.3682717664442813
0.3307622936121942 0.1149923242678399 0.2902129862547097 0.2640323958652562
0.2932762437855171 0.029242084479378705 0.1544920321115658 0.5229896396235384
0.014873201001824765 0.18339855962404328 0.44724186824036205 0.3544863711337699
0.43647546781613855 0.04046849497923921 0.4181080183810686 0.10494801882355365
0.5844814658142483 0.26377721907416407 0.15149606261087556 0.0002452525007120565
0.2809962527368075 0.04384507433995344 0.3411543901944726 0.3340042827287665
0.11054347490907124 0.3296730672406162 0.5331943880757835 0.026589069774529128
0.21243224584294407 0.7306857939880722 0.03790234930447667 0.018979610864507057
0.22607805425894045 0.07224392703309823 0.11042771667890261 0.5912503020290587
0.33971315018156845 0.26273113025610884 0.13989465980901894 0.2576610597533038
0.1729636050080463 0.12552880295640323 0.07658571436848538 0.6249218776670651
0.3332637660932175 0.4973653675027211 0.04995971298212287 0.11941115342193853
0.04256939165808049 0.351613038416969 0.5688820156926019 0.03693555423234862
0.28614675992369676 0.24380275246912086 0.3001570647232127 0.1698934228839697
0.2058132696035212 0.12887638147748226 0.6585793413006495 0.006731007618346996
0.04819994312234488 0.28345362667876794 0.16714232317156974 0.5012041070273174
0.41014051453828493 0.07244745230498906 0.3176452495405383 0.19976678361618772
0.08507422750116977 0.32631158130196924 0.19768462218582783 0.39092956901103315
0.08229015574578558 0.21412278045453548 0.6485593163313005 0.05502774746837846
0.06723502176914065 0.28658834831577473 0.40784010503969925 0.23833652487538537
0.6659461145019988 0.07369698485651022 0.15709415360120038 0.10326274704029059
0.40903475553117985 0.09991346475090446 0.0460314191254636 0.4450203605924521
0.4803914787255773 0.12015587759076407 0.09465117745298357 0.30480146623067506
0.3022000930503451 0.08774842619535017 0.5226293454494998 0.08742213530480492
0.48949619694574853 0.14413834894376631 0.2594423174102225 0.10692313670026266
0.3431390048468398 0.18173519523531456 0.02882478821612655 0.4463010117017191
0.02409543348627674 0.3595569971527456 0.037108769920673135 0.5792387994403045
0.18847590407718406 0.18013592497058029 0.1751457355621624 0.45624243539007325
0.022043738883720798 0.7531912181417736 0.18438169901288304 0.040383343961622575
0.08157838837856757 0.5686892895974569 0.09975103148417908 0.24998129053979645
0.061886232180981215 0.002522349929059531 0.6537885207671933 0.28180289712276596
0.25895565007265653 0.11581874965920969 0.578178079656055 0.04704752061207873
0.12167553394524244 0.5229965019353886 0.22343859334588967 0.1318893707734793
0.41602760938885097 0.18635001082377267 0.15816164848052194 0.2394607313068544
0.18571586615498825 0.06882751595974979 0.016578191764499484 0.7288784261207625
0.03412119729533636 0.579476819414315 0.07271762253758884 0.31368436075275985
0.20507626134686685 0.6977297356360063 0.08824081522036098 0.008953187796765905
0.6577550191499331 0.3013865103017752 0.026994275346044483 0.013864195202247243
0.017010180133802844 0.3389814428973902 0.5131986440511556 0.1308097329176514
0.11236736313682183 0.1438467042246403 0.6067823167083427 0.13700361593019517
0.15292135763901327 0.3230175278463917 0.45024264669574643 0.0738184678188486
0.1312660472636824 0.22141213743307864 0.0782350043508595 0.5690868109523795
0.4380246048386017 0.3521936582736026 0.06261500733529268 0.14716672955250298
0.2757568630941669 0.22654932966224994 0.4356782691179515 0.06201553812563165
0.6372196827212044 0.005550766792997597 0.3323485830850085 0.02488096740078949
0.027370377829437964 0.5216571350003251 0.4305185910430811 0.02045389612715587
0.2166235996300555 0.2587865707513577 0.36835636235830205 0.15623346726028475
