44 10 4 27.663041089685194 55.32608217937039
8.513579337990844 1.9431649393288277 7.70176433511566 4.244507526306571 4.233797540272647 6.483145425563365 4.544015959794262 4.681653488748088 5.5891216863064574 7.391331939943661
1.7027158675981688 0.38863298786576556 1.5403528670231321 0.8489015052613142 0.8467595080545294 1.2966290851126732 0.9088031919588524 0.9363306977496176 1.1178243372612915 1.4782663879887321
0.21789886934652414 0.20975265171508484 0.5328747041440584 0.03947377479433267
0.6368320138068392 0.00957854859655427 0.2969401580010016 0.05664927959560495
0.2584503058670736 0.2002537644382889 0.4039702657315968 0.1373256639630407
0.1728949265822991 0.030042666417868014 0.3600123651588061 0.4370500418410268
0.5157374256218394 0.2788374906063775 0.010442284352235265 0.19498279941954777
0.7110956862030287 0.12227052623872725 0.04924536948812386 0.11738841807012024
0.4564964172374024 0.24093350096678934 0.18424283065309122 0.11832725114271703
0.10897350393583216 0.7881783826885392 0.08713214668213987 0.015715966693488737
0.13235829473853045 0.17506426408709197 0.023573831975143844 0.6690036091992337
0.09528466156114845 0.17337170891677967 0.6330876091879297 0.09825602033414216
0.1134637011199704 0.34315740781896686 0.5008509601289801 0.042527930932082625
0.1391462519849035 0.07467856014570506 0.6679994690258891 0.11817571884350231
0.14884806304421894 0.5160030347183127 0.20901208739378663 0.12613681484368178
0.10402296099023112 0.05513230282291659 0.2960340329097402 0.5448107032771121
0.05889892137207742 0.318516484344345 0.6134072752643592 0.009177319019218366
0.07250781339763612 0.6377228704319813 0.015827134736941195 0.2739421814334414
0.09497198329645806 0.39775150856018604 0.4373793115515284 0.06989719659182747
0.1537344608617497 0.010500184662335044 0.1073255081878639 0.7284398462880514
0.31735340266931933 0.10470178408508135 0.1460201861668462 0.4319246270787531
0.01585780035126383 0.7821196844999245 0.11343742807117363 0.08858508707763801
