65 60 4 145.21210632098098 290.42421264196196
2.967805451324854 1.282624475523225 3.5841274960573304 2.5538018999968584 3.730387427905693 2.466552002563795 7.293823779049899 7.943597485013739 5.630972028654402 3.122261993058068 3.070356639388968 5.551436497258527 2.2076646668861426 6.053160366864671 5.338001827945359 7.117018800810793 7.648365627372926 2.4862659010412864 1.906243365385364 9.348288162502863 2.9824437787601177 1.9018726435003046 8.137506629646914 1.9668378401524294 5.101668150779914 1.964045164986628 5.793153206380665 5.014673300453581 2.6174819553357653 9.865364744522672 6.969038434892873 6.671155464335833 5.952435812257969 1.2694362893334965 1.9521205618697204 4.14827814075057 1.4536364926468832 5.964890635226401 8.261849026218446 4.389717688175503 9.38174782917103 3.7356626466684597 4.697114988554755 2.9054678568593824 4.695907846283566 1.8357436771010942 8.835294372578174 3.986066229148406 9.420264222360634 6.765139735923519 1.5626504232784142 5.108277392827916 7.28010628033579 7.087572700291742 1.4487001597776978 7.481906770498144 8.962594900322877 1.2764919620308386 8.3059399250262 1.9712008680918771
0.5935610902649708 0.256524895104645 0.7168254992114661 0.5107603799993716 0.7460774855811386 0.493310400512759 1.4587647558099799 1.5887194970027478 1.1261944057308804 0.6244523986116136 0.6140713278777936 1.1102872994517052 0.44153293337722854 1.2106320733729343 1.0676003655890718 1.4234037601621585 1.5296731254745852 0.49725318020825726 0.38124867307707283 1.8696576325005725 0.5964887557520235 0.38037452870006094 1.627501325929383 0.3933675680304859 1.0203336301559829 0.3928090329973256 1.158630641276133 1.0029346600907163 0.5234963910671531 1.9730729489045344 1.3938076869785747 1.3342310928671666 1.1904871624515938 0.2538872578666993 0.3904241123739441 0.829655628150114 0.2907272985293766 1.1929781270452802 1.6523698052436893 0.8779435376351007 1.876349565834206 0.7471325293336919 0.9394229977109511 0.5810935713718764 0.9391815692567131 0.36714873542021886 1.7670588745156348 0.7972132458296812 1.884052844472127 1.3530279471847038 0.3125300846556828 1.0216554785655831 1.456021256067158 1.4175145400583484 0.28974003195553955 1.4963813540996287 1.7925189800645753 0.2552983924061677 1.66118798500524 0.39424017361837543
0.28542069701080586 0.2455295678393088 0.421717877484141 0.047331857665744326
0.04208975435279538 0.2758045677987393 0.5768441047778522 0.10526157307061312
0.1610045641186577 0.46472842831371386 0.3142995533137387 0.05996745425388972
0.5931091560723264 0.008540856366293648 0.32964526916929393 0.06870471839208603
0.18980261229332107 0.16480832555162583 0.0355561383095655 0.6098329238454876
0.18689798072911978 0.04562133221150766 0.7471646869047881 0.020316000154584457
0.17497349061381862 0.08686178265876032 0.5342694077215303 0.20389531900589075
0.0652959808594108 0.5737658255076953 0.3572827100178658 0.003655483615028099
0.24371750851755136 0.010329497350631822 0.17651228631416505 0.5694407078176518
0.2853270983462429 0.05861797486742948 0.49024839604419457 0.16580653074213303
0.059444946414107136 0.21104731130208665 0.6226350506644381 0.10687269161936808
0.059206391436551375 0.15496127415644256 0.6951507078043553 0.09068162660265078
0.6234185836406302 0.09741211831238716 0.0011470826617410168 0.27802221538524163
0.1149066708604275 0.0629116570524284 0.6442576201092308 0.17792405197791328
0.1298753827816871 0.06363538283014603 0.6293997328277243 0.17708950156044256
0.14785902667710416 0.04451533791176765 0.6205181540224506 0.1871074813886776
0.22521331243609943 0.05240522054985264 0.7031139153968935 0.019267551617154433
0.05559638157166902 0.6366823103708373 0.12576467206787423 0.18195663598961942
0.2628667425096364 0.08239604954548452 0.24640107976075487 0.40833612818412424
0.03361092405247501 0.23393465429852967 0.18403099160946224 0.5484234300395331
0.5225846285034604 0.050736931680356645 0.023569809070323133 0.4031086307458598
0.011237981536530772 0.2474397809098483 0.0863477670921059 0.654974470461515
0.2120049247424478 0.13067767339443825 0.5907084325472882 0.06660896931582572
0.15082030059033324 0.22865649238442665 0.17762441347608904 0.44289879354915107
0.3463394207524336 0.1360253928736972 0.03899737037022977 0.4786378160036394
0.24005450254422311 0.5009171316905643 0.03729270388255235 0.22173566188266025
0.0442668520445072 0.16698303636108136 0.2219521493783616 0.5667979622160498
0.04630253238918536 0.3112040794200688 0.6308338140575531 0.01165957413319274
0.49091084623242576 0.20933595566334284 0.0047974150579491726 0.2949557830462822
0.06970460134086798 0.020675435233194372 0.5985433375389215 0.3110766258870161
0.1921047696328464 0.10329244122194992 0.25415495341243566 0.45044783573276803
0.3936638467895234 0.23734762069737847 0.17923781527742755 0.1897507172356706
0.3155593228980452 0.24171607033138898 0.09857432512374598 0.3441502816468198
0.06420347003222526 0.22868569540766726 0.6160281212386421 0.09108271332146534
0.36358152256363807 0.18971569417669054 0.29333652567234625 0.15336625758732514
0.3165136992091867 0.17371957585659337 0.19616625880489402 0.3136004661293259
0.11377403366201944 0.799564954587209 0.03349650361006262 0.053164508140708944
0.2996345532104847 0.10115019764038657 0.273823470502068 0.3253917786470607
0.3179725163959869 0.008981161813788274 0.20693825847429614 0.4661080633159287
0.13587928600328048 0.12673223405495815 0.13712729797892242 0.600261181962839
0.006037165903530983 0.5321365456314834 0.38459517861339576 0.07723110985158987
0.08217468721647314 0.6747495461562705 0.22528241082043965 0.017793355806816735
0.03254823384749295 0.7106019032152562 0.15261276597202034 0.10423709696523054
0.05798464788291391 0.6580088671527612 0.1314331497482506 0.1525733352160743
0.16159963827688306 0.34479687874447373 0.14750156579858842 0.3461019171800548
0.020564633830848944 0.4507185846243007 0.12609664170329837 0.402620139841552
0.00732563662042629 0.26621766690405124 0.14541123877595352 0.581045457699569
0.2877142848870031 0.055638298663479135 0.42198871784470604 0.2346586986048117
0.17653667091630199 0.11858976797692156 0.032702886621613025 0.6721706744851634
0.14397203815076232 0.38295131473993893 0.09873629870874012 0.37434034840055863
0.02820426046917046 0.6975264540351239 0.2691508170500354 0.00511846844567021
0.5432003720502026 0.07115121697419247 0.05423433256073018 0.3314140784148748
0.26999970677588847 0.22840674872113353 0.06959871373067028 0.4319948307723077
0.44142756439301 0.23356432764039048 0.27879641053132453 0.04621169743527498
0.1396515135098323 0.04075846376199077 0.5784930588504271 0.24109696387774981
0.04157484005574652 0.4281686437209906 0.3880994793051439 0.14215703691811898
0.33477773820304424 0.43795309340028277 0.19660634562332568 0.03066282277334731
0.0829313614759477 0.24030866775370874 0.186870783638601 0.48988918713174257
0.1903511060073072 0.24889417025335747 0.17743423422260063 0.3833204895167347
0.16297411147807184 0.1761499990484382 0.08331411225856011 0.5775617772149299
0.2786355922407082 0.07556879544070294 0.24335640379544132 0.4024392085231475
0.1431906187777091 0.5303241885555434 0.002186925624764746 0.3242982670419827
0.09563274693878077 0.031801399493344595 0.33956047700741554 0.5330053765604591
0.01685499543285429 0.5166052924197816 0.21864839965391325 0.24789131249345087
0.24991336732741143 0.21591406678567315 0.1554410547223648 0.3787315111645506
0.3215916518882752 0.1424335990019372 0.043051261628309856 0.49292348748147774
0.3808576313128208 0.021585074372573954 0.2525726047787249 0.34498468953588035
0.7933389322177916 0.0015116908259847905 0.0622853796318259 0.1428639973243977
0.46696824033448936 0.3515455744313176 0.017643531052400463 0.16384265418179256
0.2713862456830156 0.30867250812081715 0.30238644941847803 0.11755479677768921
0.16903295725314194 0.04134253488159578 0.29675345042858825 0.49287105743667403
0.21564494203327167 0.3589063246399785 0.40868422113673597 0.016764512190013847
0.21440386438213466 0.08384931850147259 0.1500417298369282 0.5517050872794645
0.19758259204120787 0.029521948151594035 0.31238777772729154 0.46050768207990656
0.05725192389507028 0.06622725718065392 0.7384719311461139 0.13804888777816193
0.046365519907953234 0.6075037904639857 0.03761168832125095 0.3085190013068101
0.17880665739028578 0.42749131471253476 0.16713931608858712 0.22656271180859233
0.6924114659054693 0.2112535160402298 0.0005360253646420343 0.09579899268965886
0.2959601131306182 0.48332569269206915 0.189916438008075 0.030797756169237633
0.15462484571343993 0.36330723613165583 0.18625255291221587 0.29581536524268837
0.40235505660115656 0.19887954764713578 0.25957085162557314 0.13919454412613452
0.03371300555049628 0.4090560696783445 0.028579811297562485 0.5286511134735967
0.12448595469085988 0.015875594355547085 0.26207749466808505 0.597560956285508
0.08214167820278451 0.47163593730195563 0.2075977621146463 0.23862462238061355
0.8699069319972038 0.10095051769107122 0.019756631669591518 0.00938591864213345
0.2322029683412652 0.1954479066140271 0.4922571002450483 0.08009202479965938
0.13469701037666404 0.03166033501578169 0.24344807278706526 0.590194581820489
0.06585990472222081 0.016159032838639287 0.8090051039920861 0.10897595844705377
0.0036837435588820133 0.21553848588256408 0.6852593839568314 0.09551838660172252
0.22461325396540566 0.09670960134266793 0.2643142157082815 0.4143629289836449
0.077410011445737 0.5957029966707607 0.22121024431373149 0.10567674756977086
0.5163746932597895 0.07472303208453657 0.11929088491509188 0.2896113897405821
0.09783405918715382 0.18758289349133128 0.2188033887062122 0.4957796586153027
0.22596095450646259 0.1611748247064806 0.19824034695973436 0.41462387382732246
0.11848671813305145 0.29911281318224636 0.2988521599111039 0.28354830877359827
0.168559639082973 0.03692586811799092 0.13495068996330306 0.659563802835733
0.11100312393181622 0.18197507756516074 0.5603741815627145 0.1466476169403086
0.27545282216163436 0.5360087650753519 0.061273849389979596 0.12726456337303416
0.021155069769512647 0.3122928149831312 0.3207643245259435 0.34578779072141264
0.16207351376723722 0.25605948260267264 0.13988360586856396 0.4419833977615262
0.5937865641146783 0.13752279241514076 0.15728465343034725 0.11140599003983365
0.21187006028307132 0.4656540838386011 0.18670163709557797 0.13577421878274964
0.03368841404653711 0.01967114143510218 0.9194470428216195 0.027193401696741226
0.3540973349813624 0.010738216500788655 0.05989070317242029 0.5752737453454286
0.008723597177381248 0.44859421773818153 0.31534159319845967 0.22734059188597755
0.1864895938852401 0.3101548323307648 0.43281436411637497 0.07054120966762012
0.26852168736030846 0.29549140310538513 0.19869071531953364 0.23729619421477277
0.005706512530641139 0.2635294999130501 0.3512186995944817 0.37954528796182707
0.01099576089218457 0.15990175809760354 0.5600519049055482 0.26905057610466365
0.3449867491388997 0.35264652230274074 0.22602322341245507 0.07634350514590449
0.753756999034057 0.06620216302129811 0.13713155562915091 0.04290928231549396
0.07702621458300551 0.31499036246359935 0.3427156778750651 0.26526774507833006
0.48695069831423765 0.12647289466123912 0.07650167087310122 0.310074736151422
0.19525629737067451 0.29783153127021134 0.3020530664118588 0.20485910494725534
0.638473600009372 0.030269880460226828 0.20123569359881188 0.13002082593158926
0.524941784008294 0.2561550103986152 0.05142698211730923 0.1674762234757815
0.4531470864831324 0.24976397679822437 0.0735599037988639 0.22352903291977932
0.043981856470478475 0.15311980620712207 0.18225246707717568 0.6206458702452238
0.18949107410001054 0.035680638956195 0.6510125682738523 0.12381571866994212
0.30648104620055694 0.13997414970506772 0.44318381268748985 0.11036099140688549
