71 70 4 191.76694586359366 383.53389172718727
2.670177473366854 4.47939372737863 8.487065787734528 2.7882770413589397 9.249021693095425 8.094796305746044 7.503438559418536 9.961250687780183 8.60834928328903 3.1035393119991315 3.9017298864573897 7.449904065330275 1.9254916031265643 6.400816138502858 2.2263750813362795 9.093284947605001 3.214065732686359 9.582369911470096 8.094614886040596 4.906848608745898 3.2916299683296066 4.344657801817731 6.124663814394537 3.58805178847809 8.73488105481827 9.339609635247166 1.3375222229660941 3.9167408256526235 4.040575725382795 6.643977805809383 1.67934674599184 3.0387011465825378 9.28633095009477 3.2830900308221516 8.89238229511421 3.6174705532860534 3.1260292128204967 2.6642397497837056 2.2349517658694644 5.347850613090662 7.576232377114181 7.914389566847469 3.7881571326570493 7.254976582636597 9.549544485068262 5.767888136539317 4.7743649726289945 6.083584184014599 7.9455027391118085 4.917246782934846 7.404292600926618 7.290327987606761 2.4338593950564857 1.1239874723452266 8.714985382667972 5.954568279691441 1.7135169061030644 5.845983142918019 3.2784045258680137 9.78037252833778 3.3996009012962745 6.522690050826797 3.0030438069535323 2.326991137029032 5.044739762242518 9.74504047640158 9.681339982754267 2.1046604869058054 4.284687231809895 2.0353982710723035
0.5340354946733707 0.895878745475726 1.6974131575469056 0.557655408271788 1.849804338619085 1.6189592611492087 1.5006877118837072 1.9922501375560366 1.721669856657806 0.6207078623998263 0.7803459772914779 1.489980813066055 0.38509832062531285 1.2801632277005717 0.4452750162672559 1.8186569895210003 0.6428131465372717 1.916473982294019 1.618922977208119 0.9813697217491797 0.6583259936659214 0.8689315603635462 1.2249327628789073 0.717610357695618 1.7469762109636542 1.8679219270494332 0.2675044445932188 0.7833481651305247 0.808115145076559 1.3287955611618767 0.33586934919836803 0.6077402293165075 1.857266190018954 0.6566180061644303 1.778476459022842 0.7234941106572107 0.6252058425640994 0.5328479499567411 0.4469903531738929 1.0695701226181324 1.515246475422836 1.582877913369494 0.7576314265314099 1.4509953165273193 1.9099088970136524 1.1535776273078633 0.9548729945257989 1.2167168368029198 1.5891005478223617 0.9834493565869693 1.4808585201853235 1.4580655975213523 0.48677187901129715 0.22479749446904532 1.7429970765335945 1.1909136559382882 0.3427033812206129 1.1691966285836037 0.6556809051736028 1.9560745056675561 0.6799201802592549 1.3045380101653594 0.6006087613907065 0.46539822740580644 1.0089479524485037 1.9490080952803162 1.9362679965508534 0.4209320973811611 0.856937446361979 0.4070796542144607
0.8596976531883781 0.032532181875970956 0.04832666447776679 0.05944350045788416
0.2735942557731593 0.08349350225799801 0.6252052729176741 0.01770696905116853
0.14035695943246929 0.6027661556971331 0.08802652650676124 0.16885035836363638
0.7942676623122329 0.009188299964674296 0.06523959371321564 0.13130444400987717
0.6903046307098317 0.07617872110399715 0.0824623993603395 0.15105424882583163
0.09555949648247752 0.44343604962755256 0.06537794751952308 0.39562650637044683
0.18681716568218643 0.21187268604664167 0.37647633529863633 0.22483381297253557
0.19652400481718024 0.271186718522737 0.26396581968381916 0.2683234569762636
0.25480478851709576 0.11030123875146702 0.21825578470820783 0.4166381880232294
0.19465607725825929 0.19237780983032482 0.13144758158805103 0.48151853132336486
0.13828317810310353 0.36228297488809347 0.28181387782640754 0.21761996918239546
0.40779025990643347 0.040526360558823415 0.1695729850623231 0.38211039447242
0.1431376454253337 0.014518125276529847 0.6081444325041784 0.23419979679395808
0.29238251378569813 0.1878534666298186 0.5186677785976579 0.0010962409868253697
0.3581058319195075 0.08955570582686934 0.035084264704682844 0.5172541975489403
0.024298904357968443 0.044569285251783164 0.7945074581288596 0.1366243522613888
0.723994504816095 0.05738656801069408 0.14342856773378942 0.07519035943942154
0.3059354872794532 0.1787749643723483 0.2690929248170588 0.2461966235311397
0.5732983123334657 0.23342748197564778 0.1852993288386835 0.007974876852202994
0.5333273167019722 0.24853341907135262 0.13818721487661212 0.07995204935006306
0.3695627506418979 0.35084295664910037 0.12520696551588673 0.154387327193115
0.05546044457228749 0.1336619943746371 0.6004225231420729 0.2104550379110025
0.07848809933057133 0.06071137322872733 0.10013828734179853 0.7606622400989028
0.006282861512538207 0.36745514649322 0.39200243094431153 0.2342595610499303
0.12738551711093604 0.2560767689975222 0.5569229664806539 0.0596147474108879
0.009945759601361681 0.7082020003473772 0.24711823509565278 0.0347340049556083
0.6427299387271255 0.03779014484960208 0.1310416277630192 0.18843828866025325
0.06904706722557585 0.17365178988798335 0.13312962853630061 0.6241715143501402
0.14000546588245633 0.24721639891748348 0.23227082176921166 0.38050731343084854
0.46695171334434304 0.030037189663021824 0.04636106964333231 0.4566500273493028
0.06157509903375069 0.38566714967187665 0.5248080675092034 0.027949683785169266
0.2880185928636477 0.5514622661774932 0.0839067998624129 0.07661234109644621
0.07611023081332635 0.2625345731660965 0.2361335326632773 0.42522166335729983
0.8777447738277789 0.07040728400793195 0.005364207540484278 0.04648373462380484
0.020074104992482744 0.661227662076402 0.15720897520182764 0.16148925772928757
0.10828952488322352 0.3613969288082124 0.4899619644670491 0.040351581841514994
0.13704884974225007 0.39576396040338124 0.04449546721911879 0.4226917226352499
0.23910061089080215 0.47115500132817534 0.2752742262876422 0.014470161493380318
0.29478864872751886 0.4408219960101626 0.07091595730119526 0.19347339796112328
0.010411070962279112 0.2079636292659256 0.4608947262283848 0.3207305735434105
0.37653276103250055 0.16288671922289644 0.2546839066023088 0.20589661314229424
0.20929096825535465 0.42134364011093506 0.09177475400325641 0.2775906376304539
0.23664335769507006 0.6150673900503757 0.07317048762725109 0.07511876462730316
0.8186569136269676 0.01491953680740854 0.13206675050388406 0.03435679906173983
0.006989441817608966 0.05599407836092263 0.5140843489404215 0.42293213088104686
0.21154788205899122 0.009944984342576846 0.44340663641678746 0.3351004971816445
0.1282984642099051 0.39373065979577504 0.30579660796021746 0.1721742680341024
0.22405856403441937 0.4428549793009183 0.17661855698100692 0.15646789968365538
0.2525509411859481 0.507517550438119 0.10258705063297568 0.13734445774295723
0.5021414850308032 0.004822707323637654 0.13591770927433322 0.3571180983712259
0.2600983279819751 0.10260047141085316 0.16429225688086968 0.4730089437263021
0.12245346415498948 0.1503377231119386 0.25772982688262824 0.4694789858504437
0.4777294255005955 0.32456147359447385 0.12718640837016248 0.07052269253476817
0.5141745268823182 0.16411174723986743 0.11127856655502888 0.21043515932278545
0.5559862355244182 0.16543533209114247 0.23866753268020768 0.03991089970423167
0.4662378652348308 0.0703028358351856 0.26650730079705676 0.19695199813292685
0.15429259082530888 0.3339799931773523 0.3949333251042939 0.11679409089304493
0.7001899016686889 0.052624618603545836 0.04846230586799283 0.19872317385977245
0.3390759023276191 0.08307166276371669 0.44877772745448474 0.12907470745417948
0.05239671117830935 0.2599752375297326 0.43982746438860787 0.24780058690335016
0.148137882896187 0.4923450386833038 0.0031389070128772234 0.35637817140763195
0.15361002715918548 0.03326686043778715 0.2677180798579891 0.5454050325450382
0.11876843017691463 0.1873622971235016 0.4505448061400229 0.24332446655956086
0.5377381511190713 0.0821668382241264 0.06582714747329044 0.31426786318351185
0.2615946400786926 0.4607355462131114 0.18016698034810097 0.09750283336009502
0.06078352491397199 0.6916462229125272 0.19072473901890807 0.05684551315459274
0.09844525174600749 0.7591179986555786 0.07195861603542941 0.07047813356298449
0.04432028551255662 0.5624843135611584 0.37762652577657185 0.015568875149713168
0.3896213305854751 0.16135655907706836 0.16994256569461408 0.27907954464284246
0.07206962803674044 0.3134875724103027 0.40609272815561215 0.20835007139734474
0.2363082225306049 0.3317845190298865 0.08938437126944965 0.34252288717005897
0.19228086580854764 0.42312863426314984 0.21976936075364661 0.1648211391746559
0.3002799385965972 0.12706212897873437 0.2997102518790189 0.27294768054564955
0.1564969165656349 0.6390590411803815 0.010452868986162489 0.19399117326782112
0.07662576448073122 0.4636810362425664 0.2131048100530043 0.24658838922369808
0.015887579297748644 0.6663315601335282 0.04826739695417104 0.2695134636145521
0.2940825946511658 0.36611082728644184 0.3203308479818323 0.019475730080560028
0.14463136734874604 0.6631816607385246 0.042290888796788106 0.14989608311594127
0.5042553985848793 0.28696952427433364 0.011237659371900355 0.19753741776888667
0.05736544960643486 0.40058590432046026 0.30841097075496837 0.2336376753181365
0.10017915519815968 0.20810743141588262 0.5710632686279038 0.12065014475805391
0.2597830573522183 0.08688799814148562 0.45983573101683906 0.19349321348945703
0.09344448932379101 0.35346184631935595 0.1538314115840954 0.3992622527727576
0.006788540305981083 0.028177471121307973 0.46678545571717034 0.4982485328555406
0.6177266650694498 0.18704009587731263 0.14864770503604208 0.04658553401719545
0.0911743741787483 0.4698896873868197 0.02054462473740426 0.41839131369702776
0.05314603680398633 0.27227752902620905 0.672265782867133 0.002310651302671607
0.2762935852018974 0.2400333703214974 0.18662894504545613 0.29704409943114907
0.42550088757923366 0.0607145557385016 0.21234864217417015 0.3014359145080946
0.024025817405461503 0.329395249575144 0.37784218262088276 0.26873675039851175
0.4625542836139602 0.01563653822475186 0.25556317341725243 0.2662460047440355
0.17806318901280105 0.2060318200867255 0.6138797526191779 0.002025238281295527
0.2996485081328998 0.3961659503113434 0.07831394031913075 0.22587160123662609
0.3000070507478293 0.0403294772172299 0.2316040335734192 0.4280594384615216
0.1342191223166923 0.039491271412140816 0.6770756317648317 0.14921397450633522
0.24396023978921022 0.41522180539435694 0.3106222531613032 0.030195701655129636
0.5678113575495194 0.10016497783882572 0.12217627214924798 0.2098473924624069
0.27906098209008734 0.21729173098935572 0.1542306056582926 0.34941668126226433
0.6254545996690337 0.1320035721095656 0.201744921063573 0.04079690715782769
0.20411171355593727 0.32629957227383255 0.04957175003625003 0.42001696413398015
0.15014881529438784 0.14162738220016025 0.5503674882939318 0.15785631421152013
0.027111796941622024 0.1852263807113601 0.5334363783096482 0.2542254440373697
0.45374660778184306 0.15682152986447795 0.03194058755439666 0.35749127479928233
0.20582923384293517 0.23631316078361364 0.41045171241605294 0.14740589295739825
0.028666834791846618 0.4225980888338895 0.11993650995534011 0.4287985664189238
0.0008077679609105326 0.10753146352649001 0.750677087925798 0.14098368058680144
0.29392983046566323 0.44709543955474096 0.08666358557476472 0.17231114440483108
0.20912377027842732 0.017191716106438437 0.5770198022113097 0.19666471140382458
0.2545135483115568 0.046796929165981216 0.036238421581048064 0.6624511009414139
0.3332058363684819 0.13463522991792354 0.19734550488527725 0.3348134288283173
0.565626878252495 0.09990740642294549 0.11792448901082486 0.21654122631373462
0.6316924450053293 0.09439344399665006 0.2090450686795967 0.06486904231842394
0.12773390080595104 0.183244834089762 0.3263667783602644 0.36265448674402256
0.43038335243677794 0.11336334219137434 0.31187186167801306 0.14438144369383465
0.022344838084923935 0.03878808427289948 0.7394055771921152 0.1994615004500614
0.28566337966423694 0.5690916902886906 0.02890040936956184 0.11634452067751067
0.2393397302662147 0.3333798378232331 0.28194740768688686 0.14533302422366534
0.1869360828954142 0.009958065367925983 0.06877320574983725 0.7343326459868226
0.190783504787701 0.12072259486050452 0.4522773681081297 0.2362165322436648
0.0016403547919680017 0.6178572493067771 0.038335047927455235 0.34216734797379966
0.6919433381260344 0.031370597777963916 0.15170563124792258 0.12498043284807914
0.0494938200766224 0.3612481453286578 0.11394423670853515 0.47531379788618466
0.3288235701329004 0.47385710575919293 0.1215845306940122 0.07573479341389444
0.4442417251573956 0.2449957363514358 0.13638037663259128 0.17438216185857736
0.21484031494149125 0.06647028885040707 0.23562137591750965 0.48306802029059204
0.33807610184002534 0.11859523852734899 0.3234203328156279 0.2199083268169978
0.2931890883265328 0.2373160625884584 0.15563311402662483 0.313861735058384
0.3464475979357491 0.3219259353764329 0.2513590221245735 0.08026744456324453
0.2100084788344485 0.37334526091843223 0.09403703346149872 0.32260922678562054
0.15594194178571175 0.04931499730054556 0.084616719793987 0.7101263411197557
0.5179659297512476 0.38048267460149654 0.011385678779665787 0.09016571686759012
0.29767903981151256 0.20161272800096075 0.17432948603203546 0.32637874615549123
0.5251269761856588 0.10780546597384044 0.3502374140223352 0.0168301438181655
0.01883525353317017 0.3662867180020274 0.015228718833601662 0.5996493096312008
0.06831810186029619 0.20784560216674874 0.6910645428666371 0.03277175310631797
0.027046224936808416 0.32931064145117517 0.6261626633017455 0.01748047031027089
0.12329244183924326 0.09089116371674222 0.40730176122825346 0.37851463321576106
0.3544245744408622 0.33715076676685607 0.26176322832815324 0.04666143046412852
0.2959707529373262 0.13586345231458574 0.18519069422051615 0.3829751005275719
0.3925474316890004 0.04264508122099431 0.44710905678853896 0.11769843030146632
