78 10 4 29.08750166421018 58.17500332842036
1.4336310475021392 7.128667124809461 8.188264611134215 8.200977324920942 9.687675251406343 4.996178417973604 8.481113889047634 3.219108713894915 1.4525009029893161 5.386886044741782
0.2867262095004278 1.425733424961892 1.637652922226843 1.6401954649841883 1.9375350502812687 0.9992356835947207 1.696222777809527 0.643821742778983 0.2905001805978632 1.0773772089483564
0.5180331678983723 0.13220458573006078 0.08849627319497078 0.26126597317659617
0.22419174554667187 0.06860656832647039 0.590270237668532 0.1169314484583257
0.32182689660055863 0.06801473374465039 0.5089113265049493 0.10124704314984168
0.20664736366986658 0.3638362158538052 0.39374896762144607 0.03576745285488214
0.05798909854956702 0.05594035405766251 0.5724613424859663 0.3136092049068042
0.00420252457964887 0.3643973569303831 0.49855855102463853 0.1328415674653295
0.2716922922295164 0.3134959293892374 0.1946659537968709 0.22014582458437526
0.1331804584482692 0.13662420670456943 0.20263407388458166 0.5275612609625797
0.5429972479619469 0.16447999862295049 0.21211069537689053 0.08041205803821205
0.09055300617101325 0.6174025150351414 0.1219798835033421 0.17006459529050322
0.2474220728597596 0.4166617872633087 0.2568949303809138 0.07902120949601787
0.5597780064131831 0.3137247538569933 0.059898134926549496 0.06659910480327413
0.010920881690612894 0.13975824512090707 0.1838622601333897 0.6654586130550904
0.411385808803139 0.19768462218582783 0.1952473530362786 0.19568221597475455
0.08229015574578558 0.0027840717553841987 0.8598980250304518 0.05502774746837846
0.29641293620032105 0.057410433884594325 0.40784010503969925 0.23833652487538537
0.06723502176914065 0.5987110927328582 0.07369698485651022 0.260356900641491
0.40903475553117985 0.14594488387636806 0.3417576135521615 0.10326274704029059
0.5089482202820843 0.09159913603425707 0.09465117745298357 0.30480146623067506
0.3022000930503451 0.08774842619535017 0.09044295947988201 0.5196085212744227
