49 20 4 60.40734444499924 120.81468888999848
3.708680102703231 3.22355648765633 9.33701621553258 9.024430944499876 7.149490839774883 6.101961935497051 5.922692922187285 2.8938145238808923 7.927790213668922 9.06607090861276 7.494854109093744 5.489023149174392 4.979915046047748 8.221874750239827 8.603481751659277 3.0622438397145513 9.659507872638244 1.5302650199110626 3.608540978507126 3.809477278998704
0.7417360205406462 0.644711297531266 1.8674032431065162 1.8048861888999752 1.4298981679549765 1.2203923870994102 1.184538584437457 0.5787629047761784 1.5855580427337843 1.813214181722552 1.4989708218187487 1.0978046298348785 0.9959830092095496 1.6443749500479654 1.7206963503318555 0.6124487679429103 1.9319015745276489 0.3060530039822125 0.7217081957014252 0.7618954557997408
0.35522728982654916 0.346678977694446 0.24112249909472883 0.05697123338427601
0.2514930382726811 0.05142740042074867 0.6035791344542786 0.09350042685229165
0.8436433312256775 0.011294510369021182 0.1351692995752971 0.009892858830004236
0.48035178908523934 0.10242232794570971 0.0829826000029582 0.33424328296609274
0.16660746498138002 0.3764582691389513 0.02477010104982369 0.432164164829845
0.0907847055003721 0.22908509501198404 0.3079515819930063 0.37217861749463754
0.010167566218610702 0.12690400843804095 0.4801051521326073 0.38282327321074106
0.2713392135609134 0.2514177439874107 0.09900545164327224 0.3782375908084037
0.627723799534723 0.037984883205593456 0.3041911676709309 0.030100149588752623
0.06578415544285399 0.4645069588720415 0.18102542959614842 0.28868345608895607
0.25164980273224113 0.5526672734092998 0.12092947121974451 0.07475345263871458
0.07193765666408292 0.1822487768647828 0.25494328293511226 0.490870283536022
0.5551675741652958 0.051505064828778147 0.05746446255979498 0.33586289844613104
0.38110785044396167 0.0019612038128226095 0.3139546922596208 0.3029762534835949
0.7738780137928112 0.08116015933212672 0.01610669804903586 0.12885512882602623
0.41314605215208156 0.3840158094259529 0.13310056838523043 0.06973757003673509
0.31705580799391064 0.09326795711803049 0.15379282479885747 0.4358834100892014
0.1880926464033087 0.5494911132963306 0.08818713591752558 0.17422910438283512
0.06395729182284304 0.2667499684625021 0.300762681370335 0.36853005834431984
0.13940039999940712 0.1765512016502927 0.5600948448404157 0.12395355350988446
0.4207992348641624 0.18558393197731415 0.1012256943433768 0.29239113881514667
0.07604762834331136 0.17588137415663097 0.6587065879679734 0.08936440953208424
0.6371944382801248 0.28395106797839387 0.018774029585787777 0.06008046415569357
0.3614378357735736 0.01597407285527308 0.01564347637619956 0.6069446149949538
0.006671474159268609 0.8166297660023172 0.07164007492942526 0.10505868490898895
0.027459156688935282 0.22835414928027276 0.5128016209177548 0.23138507311303713
0.6851055586476112 0.14612117599815544 0.09742217976630907 0.07135108558792425
0.594305015244464 0.14001610021679145 0.2553095965881561 0.010369287950588446
0.6006895512852025 0.009114134757736592 0.15165305345222757 0.23854326050483332
0.005296953496846557 0.8701184317591423 0.02443667463228638 0.10014794011172479
0.12852124931319153 0.4378330659894003 0.17546579688167063 0.25817988781573753
0.45413338643902623 0.21187553687606642 0.2769816751344383 0.057009401550469074
0.01112348635829552 0.4790185319328194 0.4066750957046602 0.10318288600422487
0.35941978095486815 0.023796585943969495 0.4269261556260415 0.18985747747512083
0.3467030033281686 0.20991290511941518 0.27920634218130713 0.16417774937110907
0.05783073346172962 0.2434863969916573 0.12228801911833442 0.5763948504282786
0.18147236790930044 0.16040754824296588 0.1796832962775804 0.4784367875701533
0.6377222396822716 0.1749746351772179 0.11853996421140511 0.0687631609291054
0.1308376354613423 0.044973867128748846 0.39790097868578034 0.4262875187241285
0.026290163525186427 0.41892521310082853 0.2096683643569066 0.34511625901707843
