52 60 4 172.49680776920997 344.99361553842
8.407993066388126 1.235061834128806 2.8969357593816456 6.565795924146492 1.8845601880320926 6.58118178889173 1.485011976385994 9.645886520238147 9.823864367935661 5.690148852441014 6.72898010351993 7.882812534423249 7.884597651551373 4.7591702160375045 7.919247756913684 4.808815753708285 9.334932143741483 7.137338363851585 4.316100321922196 8.73018869817538 4.424461119850509 1.8545883749524696 3.924016422731409 4.736009675282421 7.680465539653422 6.921179808279631 2.8118514820851708 8.276391219190113 8.077621945687909 4.554456741137017 5.595546114901525 8.16543587351822 5.008397463019247 7.687602194591936 1.7087416598959835 5.388807322150116 4.9094978038568176 3.2145215110562466 8.754766464458536 1.1802030320618662 5.05744038848305 1.4268058691073233 5.479547465600645 8.728966037152041 4.013340907736662 9.11431028035393 2.1059879857325146 2.4169037223993683 8.086467624731135 6.984451520461851 7.481837551585963 5.85329791040415 5.247527088293799 9.106187533572415 4.370612596892736 5.750078004187946 7.250440820184957 4.830114364943113 6.747190114946659 6.348922161474758
1.6815986132776253 0.2470123668257612 0.5793871518763292 1.3131591848292985 0.3769120376064185 1.316236357778346 0.2970023952771988 1.9291773040476294 1.9647728735871322 1.138029770488203 1.345796020703986 1.5765625068846498 1.5769195303102745 0.9518340432075009 1.5838495513827369 0.9617631507416571 1.8669864287482967 1.427467672770317 0.8632200643844392 1.7460377396350761 0.8848922239701018 0.37091767499049394 0.7848032845462818 0.9472019350564842 1.5360931079306845 1.3842359616559263 0.5623702964170342 1.6552782438380227 1.615524389137582 0.9108913482274034 1.119109222980305 1.633087174703644 1.0016794926038495 1.5375204389183872 0.3417483319791967 1.0777614644300233 0.9818995607713635 0.6429043022112493 1.750953292891707 0.23604060641237323 1.01148807769661 0.28536117382146464 1.095909493120129 1.7457932074304083 0.8026681815473324 1.822862056070786 0.4211975971465029 0.48338074447987367 1.617293524946227 1.3968903040923704 1.4963675103171927 1.1706595820808299 1.0495054176587597 1.821237506714483 0.8741225193785471 1.1500156008375892 1.4500881640369914 0.9660228729886227 1.349438022989332 1.2697844322949516
0.4542809790228073 0.2897864239146143 0.14711058631897167 0.10882201074360676
0.20178386343344057 0.48824248514665236 0.06198357509360242 0.24799007632630465
0.34974214023403494 0.08784637098746717 0.5208584092591029 0.04155307951939502
0.28024548115249903 0.18491948061133967 0.5192218801777813 0.015613158058380039
0.3432296625039042 0.19347470086536278 0.27812090344393003 0.185174733186803
0.18821937901900487 0.5622889996141331 0.2199147005185632 0.02957692084829877
0.5147723383402653 0.26524396762280733 0.19116605834962153 0.028817635687305887
0.017670713942223193 0.18290181626434554 0.1987931738046732 0.6006342959887581
0.0770699849538371 0.026085953685468954 0.11802962174915732 0.7788144396115366
0.16681383022164675 0.339046618901539 0.07776867766152407 0.4163708732152902
0.12844700539551834 0.15335975654278977 0.5256732567871506 0.19251998127454129
0.376781625067915 0.0005069675649586047 0.2345975166110904 0.388113890756036
0.035422261525915544 0.10446053084300988 0.6854283461773725 0.1746888614537021
0.39961381223594616 0.2683243896613633 0.2986703617954123 0.033391436307278255
0.20792820112526988 0.484542604938783 0.1266167242112941 0.18091246972465302
0.7512679969383042 0.028734587399893874 0.09455180644533834 0.12544560921646364
0.06326987753641777 0.01084876281089886 0.4455656133432254 0.48031574630945795
0.15621439152967642 0.7722014014704057 0.06653620438042951 0.005048002619488345
0.01711858051649795 0.38354939579233294 0.4848382091879856 0.11449381450318352
0.01804589989745986 0.3896851544109864 0.4225569135376517 0.16971203215390207
0.4790087163565897 0.16295811639117785 0.1914395106814012 0.16659365657083125
0.08639050145364857 0.20967754375947645 0.16071388355281824 0.5432180712340567
0.138018188110413 0.06502088384379945 0.3308731674892327 0.4660877605565549
0.17440176578793287 0.045186087511566386 0.3386211658198546 0.44179098088064617
0.11012856694924311 0.296539992598179 0.13873838338020938 0.4545930570723685
0.11811417331175644 0.501812387329611 0.1707589737472408 0.20931446561139178
0.2781980306779237 0.5330899945129812 0.08186269575853944 0.10684927905055563
0.652140468687417 0.17642960342224023 0.11002651116887852 0.06140341672146421
0.3471393774654222 0.11298279486778462 0.43466005332455204 0.10521777434224111
0.178156204034574 0.4559209451209283 0.3156832363000853 0.05023961454441239
0.14449956755687077 0.036771412041609386 0.7302776862682145 0.0884513341333053
0.5664386699288954 0.13790646288453878 0.20864001102298302 0.08701485616358284
0.4191325697638878 0.2451337034722023 0.17117725395776018 0.1645564728061497
0.04608746602390201 0.10760366306986302 0.7207788645901213 0.12553000631611366
0.2208694298540782 0.013413772705737625 0.3617789388794055 0.4039378585607787
0.2870556747977665 0.014950952959216002 0.11858155405743698 0.5794118181855805
0.20735129442547007 0.05363379098176213 0.03521670476581784 0.70379820982695
0.21563856154997507 0.38702601335459186 0.04708612539672041 0.35024929969871266
0.1520200219145632 0.177755559417469 0.5321754201944882 0.13804899847347962
0.0029494325995252924 0.1343931732307686 0.5509858277659585 0.3116715664037476
0.2137450128647156 0.07722653043026195 0.6785476833037548 0.030480773401267647
0.029309325605475167 0.27240576931345795 0.1014644935011969 0.59682041157987
0.0027461629768427143 0.7527616375066295 0.0807085938984542 0.1637836056180736
0.6088988526638281 0.14086641539511402 0.01141244087678217 0.23882229106427566
0.5032077177337388 0.3232566486095304 0.0011185379705240805 0.17241709568620667
0.6565678714931831 0.01090400062284591 0.15093740111235587 0.18159072677161514
0.08179794717519562 0.4221750893578867 0.3519092237652517 0.14411773970166597
0.05745977787711398 0.47388636534289297 0.1733725238049435 0.29528133297504955
0.2023111611690579 0.1875645901077928 0.1304019025789308 0.4797223461442185
0.21426902803251635 0.6345934062913238 0.07753312990203887 0.07360443577412101
0.09762619243852688 0.3162558018700762 0.19553593219342635 0.3905820734979706
0.03567063852728025 0.4170963964119291 0.136820886745042 0.41041207831574866
0.02213026874598334 0.2820753573140905 0.3918469666963218 0.30394740724360436
0.2281728369480135 0.4344099745688381 0.24624881176216973 0.09116837672097866
0.10010095978317435 0.1556534024387316 0.12038716701524987 0.6238584707628442
0.22378658935853923 0.05746302208763798 0.061470667745990526 0.6572797208078323
0.4105737049704664 0.25769027626827046 0.28980619826018184 0.041929820501081294
0.2112593440177205 0.4629718382158623 0.14962490822113628 0.17614390954528092
0.40492590345480284 0.14684869164698 0.2770034548209206 0.17122195007729657
0.23898303257935904 0.24470695727987268 0.0068207628280142485 0.509489247312754
0.32033320619063854 0.5954432105060903 0.01370938514327702 0.07051419815999416
0.058868078357722564 0.23651304908348747 0.4276806392132735 0.2769382333455165
0.004363273526967193 0.1931190964583397 0.732133297688415 0.07038433232627817
0.42788389922088954 0.0498436657518152 0.3773962496317298 0.14487618539556546
0.1456551348709756 0.5499647681890342 0.08658467929707325 0.217795417642917
0.4554246915674217 0.05686420222411692 0.48205689569944354 0.005654210509017821
0.06917213261814714 0.7793225019223018 0.106325773056553 0.04517959240299807
0.16744375511655984 0.07331472570183795 0.5561653761093618 0.20307614307224042
0.4146662527865721 0.3171678685094069 0.2080882938906814 0.06007758481333958
0.4938081387298918 0.11499736441579844 0.19001512930144537 0.20117936755286436
0.2602992874062112 0.31515352216197556 0.08027635530559729 0.3442708351262159
0.1783917410558119 0.23899407897524394 0.20709195002845393 0.3755222299404902
0.34245557716776287 0.004926694522588648 0.1012386246432192 0.5513791036664293
0.23428878581295864 0.17421238911706083 0.5480394487748488 0.043459376295131746
0.1855220308693205 0.07823993104250648 0.44408985481578755 0.29214818327238545
0.10402202815782546 0.24840535673549824 0.2341135588731359 0.4134590562335404
0.2195194629827696 0.22281331141901828 0.03945614802898745 0.5182110775692247
0.5600587647975362 0.06252628977649843 0.10196464205129863 0.2754503033746667
0.2906306842979809 0.09327927844543105 0.24816417009498826 0.3679258671615998
0.49797429854584496 0.3383901108940991 0.07755721749082911 0.08607837306922683
0.02470636091673062 0.017156123434714954 0.009037858594683867 0.9490996570538706
0.2561358600492145 0.28717286783403073 0.36487995403492335 0.0918113180818314
0.02414861532989465 0.008550493980308937 0.8545754354664657 0.11272545522333066
0.4409295740083149 0.33677998282640464 0.09209538888274393 0.13019505428253653
0.14940494850065522 0.49022069362483334 0.05677123038226228 0.30360312749224916
0.025002495884220433 0.03467878141507197 0.5038026870918625 0.4365160356088451
0.007873910709581988 0.5051324934552928 0.48622711405523544 0.0007664817798898049
0.4370747161235613 0.17013378661938916 0.19687727151974566 0.19591422573730388
0.2992618749172592 0.1539744426389853 0.46493210212925384 0.08183158031450166
0.3952646308688783 0.30533096304720264 0.26916588013916154 0.03023852594475751
0.10623897136777272 0.261335439094849 0.552666699614154 0.07975888992322422
0.31588022035290186 0.40213155380540233 0.13612038445874375 0.14586784138295206
0.6254244598224711 0.015434369607205123 0.12249528487819861 0.2366458856921252
0.018836691845472653 0.288701999991381 0.30134052346820606 0.39112078469494027
0.07755219833918614 0.36987066795216494 0.21951384067762258 0.33306329303102633
0.07213041902437689 0.27154031084018593 0.05280687274105533 0.6035223973943818
0.40923161319478163 0.269497246050569 0.06131032579903384 0.2599608149556155
0.07203385028476783 0.5808395383687424 0.0060183895445822255 0.3411082218019076
0.28747134954980713 0.22782121595917582 0.03099620899758082 0.45371122549343623
0.12147577291052059 0.5408469168036302 0.04482592002722752 0.2928513902586217
0.5172190519750512 0.19179011682645053 0.23892773619000207 0.05206309500849615
0.5611303009903401 0.287386933226363 0.12068191208977586 0.030800853693521035
0.3774301867736908 0.24918893213332172 0.24341218959034672 0.1299686915026408
0.3632905529801852 0.009856298426202281 0.5729958587544063 0.053857289839206235
0.20485639394097765 0.21097489879055265 0.5732272822905711 0.010941424977898628
0.09153634315687464 0.5471901386247919 0.15077617309113467 0.21049734512719875
0.15959260172396217 0.1205193832022099 0.4610024092402384 0.25888560583358955
0.28054214591970716 0.12155127959207368 0.5292278917427784 0.06867868274544076
0.013846376724352738 0.84811545980481 0.044877961045757475 0.09316020242507983
0.46369585828682547 0.17003843919426542 0.3513591297563844 0.014906572762524717
0.7416387919570275 0.007864418334906143 0.02096117531651076 0.22953561439155556
0.073404673125822 0.4491228262892374 0.20767594265038103 0.2697965579345596
0.6265801680984509 0.17361945930261535 0.19563796562337832 0.004162406975555477
0.020959494982568216 0.7739775287893431 0.022552947945894797 0.18251002828219387
0.21041213359630362 0.3048271086718565 0.15854574352442774 0.32621501420741217
0.0015502343596982548 0.36408450756339694 0.28925498044026576 0.34511027763663904
0.11989366253528355 0.22103091592687107 0.3700799446320927 0.28899547690575267
0.4052785611934039 0.25141392153151576 0.29205333634849195 0.0512541809265884
0.1582333619845434 0.27116766391905767 0.41284640418685425 0.15775256990954467
0.10519626011126626 0.6893764041505668 0.02435380056821046 0.1810735351699565
