16 30 4 73.35521611904876 146.71043223809755
3.0096197123818498 5.708470072606085 5.95631310923063 1.4104175511952568 4.2465595181299545 3.007728475221599 7.198535456392208 2.473582825008093 1.6329238012495029 9.469097742212524 6.073132422113428 1.7019310545098836 7.503764600123558 2.426069561708498 3.2525317606962103 3.6413853049197775 7.269496427877354 5.178376792361366 2.9355592934290557 5.021436358716918 2.0879087638506117 9.259183069702525 6.09801695847276 5.248173841677345 3.831097821824904 1.3889415676296353 7.772004252639758 5.889421394841862 7.904713831432305 8.114038895942082
0.6019239424763699 1.1416940145212169 1.191262621846126 0.28208351023905137 0.8493119036259908 0.6015456950443199 1.4397070912784415 0.4947165650016186 0.3265847602499006 1.8938195484425049 1.2146264844226855 0.34038621090197674 1.5007529200247116 0.4852139123416996 0.650506352139242 0.7282770609839555 1.4538992855754709 1.035675358472273 0.5871118586858112 1.0042872717433835 0.4175817527701223 1.851836613940505 1.2196033916945521 1.049634768335469 0.7662195643649807 0.27778831352592703 1.5544008505279516 1.1778842789683723 1.580942766286461 1.6228077791884163
0.05329933834424705 0.018922041030383085 0.3711295826386347 0.5566490379867352
0.2633294844455638 0.3977298503193957 0.11023511185980572 0.2287055533752348
0.13964160374829582 0.05900214983680885 0.14203051845909465 0.6593257279558007
0.3564074170620962 0.26038285253291793 0.36006249441567884 0.023147235989307013
0.420103554589757 0.3222481814760926 0.22969378983751987 0.027954474096630544
0.04775810110489587 0.38289707855679045 0.24501126961970832 0.32433355071860537
0.11284552220179378 0.4541419296705864 0.11561589829288266 0.31739664983473714
0.10057401461121851 0.23861138850660124 0.38213382585493383 0.2786807710272464
0.4555648553522168 0.12735060911428697 0.28744537730918496 0.12963915822431127
0.06831478431392501 0.23062484664948668 0.6109015390273441 0.09015883000924418
0.6541871683390603 0.2850289640893182 0.03832338401157365 0.022460483560047817
0.43700781123413013 0.49966999866019357 0.024674383519258214 0.03864780658641809
0.1797664014159619 0.5264508470263958 0.11581056782463484 0.1779721837330075
0.1117494093712399 0.16989678376304262 0.34452952841884543 0.37382427844687205
0.001984401045787232 0.42059664981090505 0.5077464073620869 0.06967254178122084
0.10824125151020325 0.39882155249476736 0.1041757875153102 0.3887614084797192
0.03343151432586111 0.6667199396410282 0.14679531420397018 0.15305323182914055
0.19747718556896254 0.14712703540273275 0.46679719440314127 0.18859858462516343
0.13735714139920507 0.08607243248537588 0.11786857125922579 0.6587018548561933
0.09948797138799059 0.31504485659427306 0.23674290262383013 0.3487242693939062
0.5176138587519762 0.34523972213642107 0.03535444977111668 0.10179196934048607
0.11451152608765047 0.4589142371510261 0.39672490905659064 0.02984932770473281
0.34149252806527086 0.20301111333924982 0.3700361233249819 0.0854602352704974
0.38877912391436853 0.10684478827421817 0.23166797802932138 0.2727081097820919
0.005970365451990145 0.1858182364839478 0.22354521262044047 0.5846661854436216
0.35634256423348254 0.2925017051775779 0.17585618556607485 0.1752995450228647
0.014632868903693086 0.32444753047639996 0.4913343376445568 0.16958526297535015
0.6899208215013513 0.09012252098967632 0.04869816134421767 0.17125849616475475
0.4812622884541188 0.07853904043779969 0.381699376350775 0.05849929475730653
0.6111918483353072 0.08727234800589623 0.0914182387657303 0.21011756489306632
0.4679961473799611 0.19171968702788644 0.025308618314853204 0.31497554727729926
0.011478933760174836 0.6784876981664371 0.12617569436223752 0.18385767371115058
0.2322154874690665 0.03927528581961415 0.30651597228616045 0.4219932544251589
0.018399946630616282 0.19702903165074526 0.014976409499722898 0.7695946122189156
0.5842502083948865 0.12500262379997562 0.10078628546241608 0.1899608823427218
0.527005167794156 0.20577663309753236 0.22494679891976244 0.042271400188549246
0.19916263217137087 0.5237826170757701 0.07236743085214858 0.20468731990071043
0.15344568607162112 0.24042163641121084 0.01337978437224574 0.5927528931449223
0.4004229990716831 0.34029752188999796 0.22580563944099685 0.033473839597322086
0.6060265199758132 0.16011015527548178 0.06222339149182332 0.17163993325688165
0.10214265774506748 0.020643048535127773 0.2339030180942946 0.6433112756255102
0.6511814271716158 0.25764587810279327 0.02443365411299203 0.06673904061259894
0.26713663074285254 0.38841672411599504 0.25235551222678354 0.09209113291436888
0.16277253754939225 0.10674974490430789 0.3186867904949193 0.41179092705138054
0.3402339528373949 0.32996241030881057 0.22636701090079803 0.10343662595299652
0.6349732549474707 0.02594975118086218 0.29027770944733977 0.04879928442432735
0.09700896639589807 0.453251161440286 0.06210862612182322 0.3876312460419927
0.6443820755989285 0.12894058638596118 0.07708757177058578 0.14958976624452458
0.1293990795977742 0.5090008531970123 0.33336670222227827 0.028233364982935272
0.13518598057433406 0.44233968356798636 0.13989074846333782 0.28258358739434175
0.0647247686015846 0.02971251910735595 0.6440347927646337 0.26152791952642573
0.24707724129305986 0.29561029962732854 0.02534758213916255 0.43196487694044905
0.11772665997080989 0.45013829462418475 0.058535671596922856 0.3735993738080825
0.1854445319921587 0.3872597582760984 0.415029176063587 0.012266533668155888
0.6365081754393465 0.036475826579952186 0.06031160036276351 0.26670439761793785
0.045811758709343064 0.04059558753430881 0.1340162951386893 0.7795763586176588
0.1889586584229377 0.03231247351491828 0.43730364443398817 0.34142522362815586
0.004084359780744284 0.20570805175924156 0.5981265422921797 0.1920810461678345
0.49471453548782895 0.32341359697034455 0.01413346150389383 0.16773840603793266
0.05974170895963615 0.3117660987543258 0.20963191422323801 0.4188602780628
