73 60 4 156.39265045624552 312.78530091249104
6.784209242074711 5.8475883787205225 5.607081842127671 6.4923150440169675 5.436900852500726 2.9301579801229165 3.1958201735882303 6.148850733805577 7.953657973525533 3.7956515670833118 4.636748569533076 6.371200430553265 3.1729129019075537 9.15147857290514 2.432906515080644 6.297973081115854 3.357744097697101 8.887057483332718 9.27167887672417 1.9447561439808703 9.736129984740348 1.3908462171335594 1.3063946619725009 5.7932278444698735 1.2470909081220127 4.037473074411531 2.7400236164026595 3.418120147405719 9.791859110386449 9.524490041775131 8.378969522517869 6.897025324631574 1.4988830492101664 7.202447686328464 6.731068805574682 6.424982887559819 2.0929787067153045 2.915841029982797 5.56694263822026 5.289384006556297 1.7327096001765985 4.2130678778941855 7.59876472125577 7.580286452271159 2.062367644616576 1.3789806594859635 3.869694799449306 8.54886832466239 6.470911888140399 1.6944264024418287 3.3915260886868714 6.277704485106517 4.815414803110926 6.7117473516770865 1.4607386408521446 6.273312096109193 9.675831347895189 1.0500017184353878 7.196376220026558 9.08170006568331
1.3568418484149423 1.1695176757441046 1.121416368425534 1.2984630088033935 1.0873801705001451 0.5860315960245833 0.639164034717646 1.2297701467611153 1.5907315947051066 0.7591303134166624 0.9273497139066151 1.274240086110653 0.6345825803815107 1.830295714581028 0.4865813030161288 1.2595946162231708 0.6715488195394201 1.7774114966665437 1.854335775344834 0.38895122879617405 1.9472259969480696 0.2781692434267119 0.2612789323945002 1.1586455688939747 0.24941818162440255 0.8074946148823061 0.5480047232805318 0.6836240294811438 1.9583718220772899 1.9048980083550262 1.6757939045035737 1.3794050649263148 0.29977660984203325 1.4404895372656927 1.3462137611149365 1.2849965775119638 0.4185957413430609 0.5831682059965594 1.113388527644052 1.0578768013112594 0.3465419200353197 0.8426135755788371 1.519752944251154 1.5160572904542318 0.41247352892331524 0.2757961318971927 0.7739389598898612 1.709773664932478 1.2941823776280796 0.33888528048836575 0.6783052177373743 1.2555408970213033 0.9630829606221851 1.3423494703354173 0.2921477281704289 1.2546624192218387 1.9351662695790377 0.21000034368707757 1.4392752440053116 1.8163400131366618
0.254707259276582 0.5382997422984328 0.016188657631672876 0.19080434079331232
0.19557938962252908 0.12195819739314717 0.6103527874878736 0.07210962549645017
0.7439339624271899 0.0468918294371089 0.09036150503513185 0.11881270310056935
0.2604991281424236 0.09468924944745016 0.6344263639611414 0.010385258448984858
0.3862883675348572 0.18787754276621926 0.03974480222641097 0.3860892874725126
0.4060569461544311 0.05766918239732155 0.05832937693025664 0.4779444945179907
0.19509332030033533 0.23374761646783138 0.5546092188226849 0.016549844409148418
0.09468353954456954 0.2225697065407336 0.41281100540887194 0.2699357485058249
0.17306263880791795 0.028855713592352727 0.41592855867684886 0.38215308892288047
0.03894517361040728 0.5680362650997494 0.2764627403254012 0.11655582096444217
0.0083911140733115 0.22642660627287392 0.47496934081634745 0.2902129388374671
0.21539042374332962 0.17461313507985188 0.3449670471400723 0.2650293940367462
0.26599117574836584 0.1361850494550496 0.5160027942312582 0.08182098056532638
0.06989213647339398 0.36570515441077556 0.18715693460052063 0.37724577451530983
0.6612157304437016 0.26591100743347895 0.05909589752048783 0.013777364602331588
0.050388157099736985 0.0029530435446162295 0.8409257775457046 0.10573302180994215
0.2429170049359306 0.1681151040444081 0.5472423653186089 0.04172552570105237
0.025660744281820747 0.23658470794119935 0.36709831748435373 0.3706562302926262
0.06800329621473367 0.057372419881609016 0.28350731234654136 0.591116971557116
0.22071885663976365 0.6088374292279712 0.10768704912594618 0.06275666500631893
0.3994436597484484 0.04082274992899593 0.5587893679278695 0.0009442223946861672
0.3324339083978578 0.27236972860132436 0.018761404813508076 0.37643495818730976
0.08946742589913692 0.08982062006673719 0.24520335803926774 0.5755085959948582
0.14383721873173638 0.31733469439664075 0.25900414330370924 0.2798239435679136
0.017365529185428552 0.017678545047968397 0.8941785270300938 0.07077739873650923
0.12732866124463926 0.027662179935688203 0.5748458362636231 0.27016332255604947
0.00961735598227631 0.5155793916237073 0.057653033547545696 0.41715021884647074
0.09110074361059628 0.16570354357305606 0.37742736363755924 0.3657683491787884
0.07777353302876355 0.17702019110108136 0.6469478654934815 0.0982584103766736
0.3791977625350448 0.04226663566835964 0.13669151237991228 0.4418440894166833
0.13467550498407954 0.13847482709781367 0.34402392994535014 0.38282573797275665
0.459775577048661 0.1181991418987659 0.36418975380790797 0.05783552724466512
0.7794528540908355 0.1332570476757785 0.05501261417742609 0.03227748405595987
0.1695349337183516 0.3365302122299286 0.13311295039860016 0.3608219036531196
0.019673747358218918 0.42724947835665894 0.01658437181681116 0.536492402468311
0.2367373278590006 0.00463551707183163 0.23636227266308196 0.5222648824060858
0.5924412472964279 0.042787011299697975 0.31283490564091043 0.05193683576296371
0.4693029207766719 0.3084137824660891 0.18201329992352844 0.040269996833710575
0.11051083256901906 0.4189254181443506 0.005244961617573596 0.46531878766905677
0.09713634313881514 0.05656122453566115 0.3885996899528601 0.4577027423726636
0.3992903641149924 0.4909273507701237 0.06118676109350785 0.04859552402137601
0.2065179847069113 0.33590768086365386 0.04403995324909493 0.4135343811803399
0.030351907275201984 0.1384229295104773 0.4907565031762875 0.3404686600380332
0.058325522617093006 0.08489173333902955 0.4720975006724353 0.38468524337144216
0.18232464000841053 0.18939594593704157 0.5906966451398681 0.03758276891467982
0.16600077519085665 0.22839903450824317 0.27466091910673585 0.33093927119416433
0.14877994031068886 0.5534649162300879 0.25057650306051693 0.04717864039870634
0.18502713432865803 0.23170248974558183 0.2959084469405474 0.28736192898521273
0.005138703837395453 0.08703325982692911 0.8859101401966766 0.02191789613899886
0.01149072159742881 0.438468801961872 0.07462594227824504 0.47541453416245416
0.3352565853492615 0.34623787903414904 0.011200206509123012 0.30730532910746644
0.19063154263697402 0.6647754048442781 0.14265131830263122 0.0019417342161166529
0.007973227518354276 0.09898849958349865 0.8811295019888461 0.01190877090930098
0.19006161005594824 0.016584026713761246 0.14637885088029678 0.6469755123499937
0.3076505897522389 0.023754963946208907 0.5235417422154598 0.1450527040860924
0.22571147899938082 0.21620910982453512 0.46827608694305123 0.08980332423303283
0.2832000782028179 0.2161732990110592 0.07955674603358953 0.4210698767525334
0.10456122945957869 0.3202617897376062 0.521903422807676 0.05327355799513911
0.17261891054650602 0.17536726785648482 0.2075572062551505 0.44445661534185865
0.2744185002460604 0.1353590534357184 0.23631387056620545 0.35390857575201573
0.1617884923065095 0.3391072102150353 0.1636936062439721 0.3354106912344831
0.5028851504045163 0.1706798567648321 0.11641594764061702 0.21001904519003456
0.14598283284433045 0.287586898044358 0.13851377669318743 0.42791649241812413
0.40586133201354613 0.012388063887000755 0.115685442135955 0.4660651619634981
0.027144711547194667 0.24901461793897484 0.6367966938809158 0.08704397663291474
0.57275600668246 0.16660853846384027 0.24135079987744568 0.01928465497625409
0.000594813859835952 0.2101772053751777 0.7554581909828333 0.03376978978215306
0.17286194325168658 0.05008936561983934 0.25429507626056136 0.5227536148679127
0.1344763453475052 0.22495024297116617 0.08234745515885644 0.5582259565224722
0.07112524770513029 0.008684124608008381 0.20793472843097593 0.7122558992558854
0.26745340860399325 0.0783152659695665 0.25830811366554607 0.3959232117608942
0.044564840121712246 0.021435134297063563 0.41218556529541905 0.5218144602858051
0.11016116033092482 0.46583296867697344 0.20667048211779127 0.21733538887431048
0.4130406797872067 0.35694038723740207 0.21740937379169656 0.012609559183694663
0.12971129607578213 0.07936525022840835 0.7043370243314342 0.08658642936437533
0.1056614632872217 0.39251849501662583 0.30173763967147593 0.20008240202467653
0.060855435763612964 0.05457584175114605 0.21175132369972094 0.67281739878552
0.25798859718263834 0.13629911134325579 0.1336191047400772 0.47209318673402867
0.16974686911639603 0.6595897827089218 0.09011385106115655 0.08054949711352566
0.32354371150032024 0.028954408351229644 0.336385834093589 0.3111160460548611
0.17273540938575316 0.4970944991928229 0.21843950133777645 0.1117305900836475
0.11653453008727643 0.24659666614092912 0.294593434325194 0.3422753694466004
0.25000745638437327 0.14357424072745295 0.44424278415367924 0.16217551873449454
0.004949531477747349 0.23967934695146176 0.1272701067687373 0.6281010148020536
0.3599995151031996 0.05966593043377999 0.16833360332638336 0.41200095113663704
0.06390995299774815 0.5085597402302041 0.10082560307151422 0.3267047037005335
0.20464160844687307 0.23508930310721454 0.3008376679173079 0.25943142052860446
0.1839319862155241 0.22349613706263738 0.5922782579378901 0.0002936187839484017
0.016092194562066897 0.07959647089965638 0.3645386491907028 0.5397726853475739
0.8515277002708599 0.049140833780835225 0.08435802824953087 0.014973437698774017
0.4616752173990374 0.2063561692687157 0.21295434708056005 0.11901426625168687
0.0643520592348259 0.08761679839483338 0.7942684184291164 0.05376272394122428
0.39816070714911656 0.20223460940989446 0.2539553741457674 0.14564930929522157
0.02426391204153122 0.7384237575860287 0.13391462466985327 0.10339770570258677
0.16469084011226864 0.7201761563682273 0.060422509262296864 0.0547104942572072
0.28681789400148094 0.11111651168339176 0.08987822758215802 0.5121873667329693
0.1402219458999454 0.3244456887508774 0.41356070170934145 0.12177166363983571
0.06224472942566617 0.4859827705548183 0.2381641023044977 0.21360839771501783
0.3433287155381036 0.4974081653261986 0.013761006828143851 0.14550211230755394
0.03587947425273408 0.23734548353902574 0.6436201495576619 0.0831548926505783
0.03255863165369399 0.5185977730783969 0.19615495691529394 0.2526886383526151
0.00350915276633057 0.6446845640070544 0.21421502701934836 0.13759125620726664
0.5648905985257564 0.05944785901051963 0.1828151522905006 0.19284639017322336
0.14335182566358362 0.2699815537852822 0.40319213886179406 0.1834744816893401
0.6151265973166343 0.02851121260349454 0.3006672213545345 0.055694968725336635
0.23839009655938892 0.3991057090359068 0.2575977076373227 0.10490648676738157
0.07751633978055905 0.10358954760289685 0.10146142201040842 0.7174326906061357
0.18739893207092329 0.24055925350276175 0.5634126872639027 0.008629127162412265
0.027709769214093294 0.7046985216306223 0.2076728094878092 0.05991889966747521
0.1912298529150126 0.03804046470788447 0.06732326972792346 0.7034064126491795
0.5634966847504682 0.263786589101763 0.16372669685019703 0.008990029297571756
0.4187146760193492 0.07314986682230806 0.009437867149747703 0.49869759000859504
0.16070254481943314 0.20306770722744483 0.40962461163168984 0.2266051363214322
0.12798995421195714 0.19674240795244247 0.5420715338576885 0.13319610397791193
0.36573010578225496 0.22201917083895428 0.2832131831301732 0.12903754024861758
0.4984472139584154 0.07835052953220867 0.10609766497798823 0.3171045915313877
0.0023654983402915386 0.4534850804175423 0.15840870587419964 0.3857407153679665
0.27723310657525413 0.21135589927928577 0.4116905285039102 0.0997204656415499
0.26403558664570836 0.25697247303211346 0.08559613158890811 0.39339580873327007
0.10979676599814703 0.12303929920265155 0.10740916578804449 0.6597547690111569
