97 20 4 51.171473027723074 102.34294605544616
8.532497118380714 9.732122667462969 5.024384067353602 3.561229081257684 7.940949292087787 3.690492690121998 9.78701567405756 9.362367775879626 2.84206659165032 4.106291654994576 2.911600448848282 3.6897409622617325 4.092853906247518 9.189659969205943 2.2207761593996143 2.7533175201624283 2.4472802230101642 2.0094078933004624 4.736361899170247 3.7125304605929195
1.7064994236761428 1.9464245334925938 1.0048768134707204 0.7122458162515368 1.5881898584175573 0.7380985380243996 1.957403134811512 1.8724735551759253 0.5684133183300639 0.8212583309989151 0.5823200897696564 0.7379481924523466 0.8185707812495036 1.8379319938411887 0.44415523187992284 0.5506635040324857 0.48945604460203285 0.4018815786600925 0.9472723798340494 0.7425060921185839
0.13660986528212016 0.4659286019570299 0.06424332895471918 0.33321820380613076
0.1724896835339158 0.23321291093709762 0.23169934505453071 0.36259806047445586
0.26815567738855517 0.6683889784648088 0.05980991100324662 0.003645433143389387
0.1862458148152415 0.2301916059624849 0.4046833493254195 0.17887922989685412
0.49718423799815414 0.26039762037063197 0.16013047366982258 0.08228766796139131
0.08865063550512475 0.16378935853349008 0.6598412356294184 0.08771877033196673
0.3232236588511729 0.3066924663002999 0.3191927081977023 0.05089116665082494
0.08878287134098584 0.005930236356320728 0.26117058500705603 0.6441163072956374
0.10085171600296994 0.2785908864909191 0.11030419584566042 0.5102532016604505
0.21479240351011664 0.012622250592595474 0.1103990988381568 0.6621862470591311
0.02732268019559303 0.5745511818703417 0.15179881307494714 0.24632732485911812
0.24075574484518836 0.2011281157840551 0.06413038846874175 0.4939857509020148
0.023271498583203876 0.17107552672746096 0.5128250249428882 0.292827949746447
0.22868728789103465 0.4003112485507455 0.054967618239907146 0.3160338453183127
0.026273757540205334 0.2923899067527541 0.6242836972799224 0.05705263842711816
0.26922473525569 0.16065423890108144 0.07406113524835367 0.4960598905948749
0.3220582514213226 0.04310583880189556 0.171487437068366 0.46334847270841584
0.2778684836018218 0.3461567454344997 0.06790172975502984 0.30807304120864865
0.4417462093638109 0.21802312091788245 0.041920851248018365 0.29830981847028826
0.09307201481444483 0.2854976585865634 0.3548076444429925 0.26662268215599927
0.6168587746160039 0.12399458734663149 0.024541759930441498 0.2346048781069231
0.174735711187482 0.15489200508399326 0.6113183884227158 0.05905389530580896
0.006916205448348478 0.07813602728946956 0.2779317273737637 0.6370160398884183
0.1269063662027078 0.5375198704041575 0.2018075845187366 0.13376617887439812
0.1675798155129289 0.09591560133908916 0.6185759101549553 0.11792867299302667
0.43907436013695744 0.41703725097623423 0.14290463839006284 0.0009837504967454835
0.26773327185621687 0.23573944858498452 0.021701027927333305 0.4748262516314653
0.05021302009603057 0.14505740802065326 0.7092834444475018 0.09544612743581438
0.4445551934694424 0.18142422847548756 0.18433521273062414 0.1896853653244459
0.112297864746421 0.4256372495929688 0.310669720086444 0.1513951655741662
0.13766772273836803 0.048946788823759246 0.718046901667453 0.09533858677041973
0.24500729066839322 0.0768265732525435 0.5910612739798621 0.08710486209920121
0.5292403339560353 0.22016377312126933 0.16347611941167461 0.08711977351102074
0.31329294100507044 0.06666176872378371 0.6075246149536673 0.01252067531747858
0.6908780778066582 0.04402518868962635 0.13523784175646136 0.12985889174725407
0.415633001536889 0.17709855577718492 0.40568798262924544 0.001580460056680666
0.0019566612608010736 0.05062209709718202 0.6442944086707812 0.30312683297123566
0.17966575690792408 0.09902963523526398 0.016743293965532424 0.7045613138912795
0.3193790809104813 0.3510549744912179 0.32825949803475074 0.0013064465635500566
0.35315183956091467 0.08204972214175221 0.5011561180176278 0.06364232027970529
