42 80 4 207.7204494624726 415.44089892494515
4.370861069626263 9.556428757689245 7.587945476302646 6.387926357773329 2.4041677639819286 2.403950683025824 1.5227525095137953 8.795585311974417 6.41003510568888 7.372653200164409 1.185260448662222 9.72918866945795 8.491983767203795 2.9110519961044856 2.636424704863906 2.650640588680904 3.7381801866358395 5.72280788469014 4.887505167779041 3.6210622617823773 6.506676052501415 2.2554447458683766 3.629301836816963 4.297256589643226 5.104629857953324 8.066583652537123 2.7970640394252375 5.628109945722504 6.331731119758382 1.4180537144799796 6.467903667112945 2.5347171131856236 1.5854643368675156 9.539969835279999 9.690688297671034 8.275576133048151 3.741523922560336 1.8790490260574548 7.158097238609412 4.961372443656412 2.0983441136030097 5.456592191001432 1.3094966900369656 9.18388361870904 3.3290198344001523 6.962700559185838 3.8053996848046987 5.680612190600297 5.920392514089517 2.6636900997297435 9.726261649881026 7.976195410250031 9.455490474077703 9.053446153848839 6.381099809299767 9.296868115208051 1.7964325184672756 2.763845761772307 1.4070456001948426 3.927972976869379 4.498095607205338 3.442141285965063 8.458637582367365 4.210779940242304 3.5284105871864266 5.884264748424236 2.2683180247728636 8.219772826786357 1.6709557931179373 9.881982429404655 7.9502029236699165 2.7884411338075514 1.0496990541124216 8.339152856093508 7.361716094628554 7.561064512368886 7.941433120173512 1.6664018656068134 4.226191556898454 2.0428215357261674
0.8741722139252526 1.911285751537849 1.517589095260529 1.2775852715546658 0.48083355279638573 0.4807901366051648 0.30455050190275906 1.7591170623948833 1.2820070211377759 1.474530640032882 0.2370520897324444 1.9458377338915898 1.698396753440759 0.5822103992208971 0.5272849409727811 0.5301281177361808 0.7476360373271679 1.144561576938028 0.9775010335558083 0.7242124523564755 1.3013352105002831 0.4510889491736753 0.7258603673633927 0.8594513179286452 1.0209259715906647 1.6133167305074245 0.5594128078850475 1.1256219891445007 1.2663462239516765 0.2836107428959959 1.293580733422589 0.5069434226371248 0.3170928673735031 1.9079939670559998 1.9381376595342068 1.6551152266096303 0.7483047845120672 0.375809805211491 1.4316194477218824 0.9922744887312824 0.4196688227206019 1.0913184382002865 0.2618993380073931 1.8367767237418078 0.6658039668800304 1.3925401118371676 0.7610799369609398 1.1361224381200594 1.1840785028179035 0.5327380199459487 1.9452523299762052 1.5952390820500062 1.8910980948155405 1.8106892307697677 1.2762199618599532 1.8593736230416102 0.3592865036934551 0.5527691523544613 0.2814091200389685 0.7855945953738759 0.8996191214410676 0.6884282571930126 1.6917275164734729 0.8421559880484608 0.7056821174372854 1.1768529496848472 0.4536636049545727 1.6439545653572716 0.33419115862358745 1.9763964858809309 1.5900405847339834 0.5576882267615103 0.2099398108224843 1.6678305712187016 1.4723432189257109 1.5122129024737772 1.5882866240347024 0.33328037312136266 0.8452383113796907 0.4085643071452335
0.3109823217156622 0.019915703136986984 0.5322054010229443 0.13689657412440648
0.1195942459383017 0.6100119323997624 0.15760656423826247 0.11278725742367346
0.5227328293819941 0.23805221923490338 0.010182131337663547 0.229032820045439
0.02541912674409519 0.006010058942639063 0.2829267953895924 0.6856440189236733
0.22879816549162246 0.18158475754400727 0.4971835508904633 0.09243352607390698
0.289751452913768 0.34365230359665544 0.2962938958321496 0.07030234765742693
0.8036720768991145 0.0037680782649480715 0.08511884332591524 0.10744100151002223
0.22793516254194168 0.09006831242992219 0.5000112909506292 0.18198523407750689
0.006952130531190703 0.1129132368024921 0.2975456358150962 0.582588996851221
0.363629602379294 0.15516101936407212 0.42411908216915306 0.05709029608748084
0.2848404943774676 0.21240801151491784 0.4651987890497258 0.03755270505788877
0.05147875124998935 0.5580855827299075 0.29870155198675685 0.0917341140333463
0.1448948720912231 0.5272406753146555 0.31351490670472215 0.014349545889399296
0.23763754399239967 0.13014558872685356 0.2657465780416415 0.3664702892391053
0.040775141554763916 0.049514628499644386 0.23049029491732753 0.6792199350282642
0.512093058299281 0.13307973211016888 0.032391571432832555 0.3224356381577176
0.3410663510502585 0.34987138705220744 0.24579225063426857 0.06327001126326548
0.2579416277151556 0.5592805724860602 0.10747141807734695 0.07530638172143722
0.09310276780589921 0.4365478105501073 0.37076747880732397 0.09958194283666955
0.3390297910487007 0.3869258878215387 0.16113074539487793 0.1129135757348827
0.16162871409461377 0.44480034556497616 0.03560258649469783 0.35796835384571224
0.005061583846218687 0.09640995901981342 0.447262246500554 0.4512662106334139
0.3253996981592677 0.3265615613433328 0.06021796184493533 0.28782077865246414
0.09367476782809248 0.5559581312191222 0.007979993253128703 0.34238710769965663
0.26520236768172545 0.6268441874953878 0.08096399957533229 0.026989445247554422
0.1952429877980445 0.3816608968283146 0.2179074189152893 0.20518869645835158
0.2807723624408558 0.364699933466312 0.2949862884457465 0.059541415647085705
0.015456616528867428 0.4127275317884469 0.4866802419031342 0.08513560977955148
0.2944488920695857 0.5566877794472712 0.11248330557239594 0.036380022910747156
0.1694927466860925 0.4005684234032725 0.366093604071416 0.06384522583921903
0.14008401523652403 0.4749232114626457 0.2623658452287857 0.12262692807204456
0.35949115121975517 0.3375245897755128 0.11234541448324564 0.19063884452148638
0.5113423988609378 0.28695278010583736 0.06877713961332854 0.1329276814198963
0.375582952639944 0.32638392461775934 0.18803846455986295 0.1099946581824337
0.2865412521282844 0.17905676600417575 0.11268212286371382 0.421719859003826
0.03050024993904943 0.09656026271283535 0.6955400480077735 0.17739943934034175
0.0516817211686077 0.5712087546503926 0.14710307727961058 0.23000644690138916
0.5163003483011953 0.024334773308911206 0.18545621211255503 0.27390866627733845
0.02535074341545751 0.4136206772901786 0.35621477406306756 0.20481380523129633
0.15643704267108605 0.25251590174318383 0.42702717609793595 0.16401987948779417
0.5492266647061205 0.1109707120116108 0.29466790394546283 0.045134719336805906
0.3559726786512616 0.06362738377652832 0.13475399008361078 0.4456459474885993
0.014393488629755868 0.03160915339199688 0.8094579419892545 0.14453941598899278
0.17320186991001518 0.30097195917731 0.017442046029507163 0.5083841248831676
0.3746126146264712 0.02389211977090222 0.23658891647027036 0.3649063491323562
0.07056874740042984 0.43256751117965786 0.1555573730388573 0.341306368381055
0.026511310541621813 0.3616586156649001 0.5520603152184357 0.05976975857504241
0.45825289049151663 0.48321191828500853 0.01972575504738905 0.03880943617608579
0.0944429607559284 0.006335040621498256 0.09501313341186979 0.8042088652107036
0.07118864846022899 0.7432798341287068 0.03040682838051878 0.15512468903054544
0.11816482762165625 0.5107780191582277 0.10612819702400178 0.26492895619611423
0.2820345725713065 0.46858017906955185 0.23989039035981496 0.0094948579993267
0.34080354025301784 0.031214545539765326 0.48639466605022863 0.1415872481569882
0.10312386883593261 0.40212850361192454 0.24561869534364023 0.24912893220850263
0.32004960103061175 0.06915207770355136 0.5161802976851005 0.09461802358073634
0.31931363759041487 0.3125235745793844 0.31876993476775684 0.0493928530624439
0.29321077169806453 0.3793076843789739 0.11906058764881011 0.20842095627415147
0.057558760016644284 0.033647343032046084 0.35032439832468665 0.558469498626623
0.14299168205283586 0.20792333049924283 0.26730305076418237 0.38178193668373894
0.07276300636419353 0.011343799750803907 0.6221354210414988 0.2937577728435038
0.08483771408519192 0.2894330816709284 0.43852877150138225 0.18720043274249742
0.37625958553091576 0.400887330396521 0.2088541478954341 0.013998936177129107
0.011353644767419069 0.09984383753873227 0.31302452694082494 0.5757779907530237
0.05630327568183735 0.06122297109526753 0.6285186324883184 0.2539551207345767
0.22359583851945264 0.062116247762408094 0.6764604621926812 0.03782745152545808
0.012154474689816341 0.03100543726075977 0.48454119713572374 0.47229889091370014
0.07379656473539886 0.5556020733998637 0.3399038974838364 0.03069746438090104
0.04544638034145787 0.40909468442631536 0.129773247155327 0.41568568807689976
0.2773811829811327 0.17827556980458026 0.4947547312908458 0.04958851592344127
0.46369840493998216 0.11995770691088992 0.3907386958152944 0.025605192333833515
0.30952761628632774 0.37520355626755153 0.013430541465865864 0.30183828598025486
0.6134151959357899 0.2975119885580526 0.03887272879808157 0.050200086708075964
0.04521867010618941 0.3312446967718602 0.5562651164759637 0.06727151664598674
0.5941307153521351 0.37578368246246807 0.01736173150034126 0.012723870685055538
0.056375496650927115 0.35844400568673807 0.42350920237347267 0.16167129528886215
0.7689874151805105 0.043913593949567065 0.1837358279438278 0.0033631629260946205
0.4505441353100935 0.39910325536731794 0.10440363658131091 0.04594897274127763
0.11355759219962902 0.1150852133038337 0.3894854349544331 0.38187175954210417
0.5201635011119934 0.00014419979179991493 0.03159913787069224 0.44809316122551446
0.13401522845064073 0.6211220272229783 0.12151634698472602 0.12334639734165498
0.06355835028602363 0.2616249717407234 0.2981148048008109 0.3767018731724421
0.4722149251619493 0.16534254619326383 0.07568731586778188 0.286755212777005
0.42754101835854963 0.06625457800584111 0.06748160120510549 0.43872280243050377
0.10789142699330445 0.4006792641713983 0.12783972009907763 0.3635895887362196
0.07697990982879299 0.17231231932008195 0.5062589093941737 0.24444886145695133
0.16122128725400442 0.6468990923104125 0.06334021062330075 0.1285394098122823
0.18657005888603584 0.3527721830296149 0.3567490580078425 0.10390870007650677
0.11005192452767676 0.31705586409857955 0.4336227946300871 0.13926941674365656
0.22210781047073025 0.1155073609328977 0.17313213117393778 0.48925269742243427
0.32320293202075523 0.3798160268744226 0.2687631238257828 0.02821791727903933
0.036886947354532795 0.21489534847083136 0.04909601399140551 0.6991216901832303
0.23956189066697242 0.039084573569639014 0.22403255899225005 0.4973209767711385
0.2420552715115004 0.2473974887660626 0.27216685505115457 0.23838038467128242
0.5357746840747585 0.096531146518821 0.0959105180182801 0.2717836513881404
0.18651851039985423 0.4043744327883876 0.24440955240099616 0.16469750441076203
0.016587828927856152 0.1577786000771353 0.05212934619294651 0.773504224802062
0.11347352124058907 0.02404742290540418 0.24921440215454416 0.6132646536994626
0.5552008115994623 0.10478323443471671 0.21735530734680197 0.12266064661901899
0.24185229090045168 0.39124916637281626 0.2641143006800588 0.10278424204667325
0.3492095746126609 0.430665971244963 0.11723471409495323 0.1028897400474229
0.009197051616629648 0.07494291337841918 0.8144142235320304 0.10144581147292075
0.16080805141749865 0.5026937176905572 0.028393428584637448 0.30810480230730675
0.22426930946055978 0.012979778036240286 0.5092423176212241 0.25350859488197586
0.3677158030594335 0.2005928002760381 0.2809148071587063 0.15077658950582207
0.24398964337908358 0.14910808128767683 0.23804090133050249 0.3688613740027371
0.4925176938188639 0.010119399286328212 0.2198150221563132 0.2775478847384947
0.02431596643145384 0.1527947129755951 0.7768178975955384 0.046071422997412625
0.3701587002554444 0.558159862332281 0.038336256455944184 0.033345180956330434
0.31692200515627766 0.0681757234456476 0.4679117268654348 0.14699054453263993
0.09717649377076854 0.4596247686875816 0.13922853421662285 0.303970203325027
0.5183296523637367 0.2224389653904677 0.24928523235005884 0.009946149895736722
0.29359184426449336 0.4088922397226159 0.10762931069207149 0.18988660532081925
0.5015162946871996 0.14844763609056555 0.26327662177870614 0.0867594474435287
0.093981939840869 0.2440132170106668 0.45779751258456525 0.20420733056389895
0.035942273796742086 0.5067023609108345 0.04818862586143413 0.40916673943098925
0.03734818874921442 0.3228424526620485 0.16205261864354148 0.47775673994519563
0.085347464993768 0.13047356250307518 0.3155336040713048 0.468645368431852
0.32295647294124596 0.3144734285569606 0.33842217796432805 0.024147920537465395
0.07845638134226596 0.19237586991980826 0.6918161634158508 0.03735158532207494
0.17329432007084578 0.07694857809374955 0.44573130792910265 0.304025793906302
0.27993389694594284 0.4346620257541195 0.023300993995706176 0.2621030833042315
0.24773098950115746 0.3639897567331948 0.14612536423001687 0.24215388953563088
0.040728802318970136 0.0753438381879461 0.5875852188731074 0.2963421406199763
0.09783416065100148 0.33601748858697156 0.039620121542592646 0.5265282292194343
0.04530400977204452 0.570546088280172 0.010009817662019915 0.3741400842857636
0.1629344270814297 0.4794848511248859 0.21407056298200666 0.14351015881167772
0.575474177875879 0.010301403397584341 0.05751263716888988 0.3567117815576468
0.38610263780077425 0.15951415151516068 0.3597338526401288 0.09464935804393626
0.018221825651549728 0.05113947522361573 0.6136454725411914 0.31699322658364315
0.023271935735825866 0.25858283903757406 0.03712085552036137 0.6810243697062387
0.6967371653641506 0.10674376502069793 0.07399108314220437 0.12252798647294705
0.17743954377972282 0.23517813313170366 0.39421706235583753 0.193165260732736
0.42899402737501835 0.3474189333669785 0.15434436486156788 0.06924267439643528
0.7545428740846823 0.07191459202305928 0.07609544057182505 0.09744709332043333
0.01083765148029836 0.0804490253058352 0.8042365517100669 0.10447677150379953
0.44844552197831977 0.12499236614496634 0.3766240789275188 0.04993803294919508
0.32866454536991596 0.42370998406776406 0.03724361335687387 0.2103818572054461
0.49442030470258147 0.055108577621154065 0.33817530043456423 0.11229581724170024
0.10112267612279024 0.01594434030481562 0.6444436152898664 0.23848936828252776
0.08134878064189976 0.6196203508172202 0.12089092783123623 0.17813994070964378
0.3706421470668909 0.5766064303169678 0.03939100111731675 0.013360421498824548
0.08350071669866876 0.4749035330371363 0.19497393552313658 0.24662181474105838
0.46866064199412627 0.02396446229673288 0.41372928080387683 0.09364561490526402
0.11881791626807192 0.4645508488290877 0.06584153701890394 0.35078969788393644
0.37487057952370406 0.4937285486657562 0.09462341125115104 0.036777460559388686
0.8911431136980711 0.07873571300956794 0.0230859694116613 0.00703520388069967
0.5230978441701488 0.030756440231171966 0.14189440458329639 0.30425131101538283
0.2809631895922303 0.3465948904918331 0.27359993040692554 0.09884198950901102
0.1881211597237613 0.4320114380777754 0.2701311860893796 0.10973621610908368
0.07773463696498484 0.275617591061068 0.6328585164535501 0.013789255520397115
0.1626169393448913 0.3734794269992291 0.2776986533628283 0.18620498029305133
0.4182430362906189 0.3074764720977411 0.09681773453480902 0.177462757076831
0.026366974497252005 0.7841863562845809 0.055510558718575465 0.13393611049959164
0.15041689110352818 0.23047396552749333 0.4612280665046872 0.15788107686429131
0.27340707193070624 0.19528608786426405 0.39602921646008293 0.13527762374494678
0.5554317056026274 0.3893340242798006 0.054951943403702574 0.00028232671386940744
0.12915941515149498 0.11818868659170267 0.3588265327076824 0.39382536554911995
0.3581627180328405 0.3134104775599591 0.00012748881305713056 0.32829931559414327
0.5609379715353863 0.21138042020025305 0.0798631085829008 0.14781849968145988
0.028782676313338973 0.37470018989905807 0.21682668514106762 0.37969044864653534
