51 10 4 25.54137680738404 51.08275361476808
7.081582739531971 1.4024096398265145 4.0897330528833304 6.796177543178478 3.5579169886626056 9.544040259850046 2.4190315189638754 4.491756661804861 6.309943088250829 5.390162121815565
1.4163165479063942 0.2804819279653029 0.8179466105766661 1.3592355086356958 0.7115833977325211 1.9088080519700092 0.48380630379277506 0.8983513323609722 1.2619886176501658 1.078032424363113
0.17434338602412125 0.23590460007748515 0.2364975581034522 0.3532544557949414
0.3235482960359648 0.1218622068975489 0.3092278889071608 0.2453616081593255
0.5647609387245373 0.01759514182565025 0.21284264800470565 0.20480127144510685
0.3499918982451613 0.25373203672606504 0.2600507047889232 0.13622536023985043
0.019103206133850748 0.15001058569866343 0.25391302839745 0.5769731797700358
0.12445580943516521 0.146957138736463 0.5761881075263829 0.15239894430198886
0.19640902928258563 0.2186286761448828 0.23450947093331498 0.3504528236392166
0.10219360856776849 0.4783869692374596 0.27200232973068983 0.14741709246408208
0.04165497934232609 0.17607734705573996 0.056803526661358794 0.7254641469405751
0.17448745419058886 0.07883297335799289 0.5507624476505516 0.19591712480086665
0.047725782996429156 0.1704567781867815 0.03164884795912393 0.7501685908576654
0.06027480562853604 0.2319269530815682 0.4365090717310691 0.27128916955882665
0.6391391135990555 0.0749822818128496 0.15536916449243765 0.13050944009565724
0.3078997273079844 0.06424845141331681 0.33944524118521746 0.2884065800934813
0.45757318184853846 0.3853015463456483 0.03428420984004099 0.12284106196577227
0.1743854069255517 0.5685351341361247 0.17850259373446387 0.07857686520385976
0.16441869059144643 0.032771351359028755 0.1196547747723965 0.6831551832771283
0.011923225907076174 0.3148030593626783 0.3622482655143682 0.3110254492158774
0.07421206062652308 0.30275153983272685 0.32151966771115803 0.30151673182959204
0.028594337529569747 0.4350872723927697 0.18836649863336685 0.3479518914442937
