92 60 4 167.60509495320275 335.2101899064055
8.972924494938631 8.097234101233521 4.822553183275968 5.309826821624704 1.003186537583948 8.707303414664676 4.179895240029829 5.380741411351822 4.97145795653803 9.44722490439283 7.459109969553322 8.563142479565384 3.623665493210084 8.517118801556583 5.026933649493586 3.603522293289325 4.630429468499269 8.193599381025795 8.702528229634183 7.444516073809472 8.051047593584308 8.831190621599646 2.538654899121153 4.963498438766608 7.960601921913746 9.281054191266572 4.172910980619147 2.0714540441878277 4.361276390098025 2.6421998737745467 1.0701118799539582 9.250879986016752 7.772404722879258 1.9689942629184563 7.088153285377672 5.85038645121999 5.724230062827497 6.530478421513944 7.517717827129713 1.6129724848000586 5.204140621838083 5.153511522709959 8.41199914713734 4.319001840952161 4.402926203677826 1.6024420274555253 3.7113762293038466 8.844123985187927 5.37313146640665 2.8903389885593285 2.2139763531588192 1.7789213934185626 8.129833138151907 7.664355498609221 5.900810202752861 2.7973083888798835 7.458220496796236 1.2652169835152178 3.3935525885347997 8.777870584519455
1.7945848989877262 1.6194468202467043 0.9645106366551935 1.061965364324941 0.2006373075167896 1.741460682932935 0.8359790480059658 1.0761482822703645 0.994291591307606 1.8894449808785658 1.4918219939106643 1.7126284959130769 0.7247330986420167 1.7034237603113165 1.0053867298987171 0.720704458657865 0.9260858936998538 1.638719876205159 1.7405056459268367 1.4889032147618944 1.6102095187168615 1.7662381243199292 0.5077309798242305 0.9926996877533216 1.5921203843827492 1.8562108382533142 0.8345821961238293 0.4142908088375655 0.872255278019605 0.5284399747549093 0.21402237599079163 1.8501759972033505 1.5544809445758516 0.39379885258369124 1.4176306570755344 1.170077290243998 1.1448460125654996 1.3060956843027889 1.5035435654259426 0.32259449696001175 1.0408281243676165 1.0307023045419919 1.682399829427468 0.8638003681904323 0.8805852407355651 0.3204884054911051 0.7422752458607693 1.7688247970375854 1.07462629328133 0.5780677977118657 0.4427952706317638 0.35578427868371254 1.6259666276303815 1.5328710997218442 1.1801620405505722 0.5594616777759767 1.4916440993592472 0.25304339670304354 0.6787105177069599 1.755574116903891
0.593281450422224 0.18424602318088712 0.03810434987543432 0.18436817652145454
0.011682200972270795 0.43420193698782916 0.02344693813970944 0.5306689239001906
0.18752162812828044 0.7554012991252665 0.0004258315201579599 0.05665124122629506
0.5750855188292547 0.31084551116575065 0.10312631612814349 0.010942653876851116
0.2928537361552077 0.40011554287995066 0.1934676340603445 0.11356308690449712
0.024091806084711176 0.16137579039324712 0.6098038520906628 0.2047285514313789
0.031931531498120336 0.8425032746651324 0.11058775273214883 0.014977441104598421
0.07442906576446418 0.4450839921609584 0.4015877022223533 0.07889923985222413
0.008520292661936657 0.2280832184065542 0.6554183181061005 0.10797817082540861
0.11837574854295008 0.6046085985086838 0.23026048053409665 0.04675517241426952
0.23196626729262582 0.4621628524807029 0.07049710109916363 0.23537377912750768
0.31490391778135285 0.10043647545731349 0.40664112306371725 0.17801848369761641
0.0075604631280210555 0.044565790233976 0.6580639699288491 0.28980977670915387
0.0913554790253589 0.11627591809869875 0.4931659294122932 0.29920267346364915
0.533354668608545 0.286317404911797 0.10176127057988615 0.07856665589977185
0.06632717231572938 0.05065817535871364 0.8794297594326703 0.0035848928928866597
0.0011369053030998444 0.4410189427375929 0.42087400155138177 0.13697015040792548
0.10600315471761013 0.3823314636402775 0.05273115415755181 0.4589342274845606
0.10069783376576269 0.005498429059815457 0.6057136483148176 0.2880900888596043
0.07666534719749418 0.04159191533695106 0.4781763981961171 0.40356633926943764
0.3355604735677691 0.12176163005976715 0.44569009260970516 0.09698780376275862
0.24527337450951303 0.2922515294718082 0.035217792817341165 0.4272573032013376
0.0671231753671262 0.25973508997820194 0.5755247218644965 0.09761701279017532
0.5087954408247304 0.2613535477609825 0.21390466958706533 0.015946341827221766
0.17171398799238713 0.06232389478166678 0.6157867591912868 0.1501753580346593
0.10108074077199913 0.14154843263167805 0.6910913958525868 0.06627943074373599
0.23966112423571106 0.22844371332517677 0.017656858799687147 0.514238303639425
0.22046350091077815 0.33259199766136827 0.09570826015186751 0.35123624127598607
0.07764259549401598 0.10470491564065931 0.4473294736421315 0.3703230152231932
0.11131641377766655 0.5238966507792614 0.1716131886989435 0.19317374674412857
0.6337696394888482 0.2934832224944871 0.05534246288044731 0.01740467513621735
0.5810677945632985 0.08467425859174504 0.21527150089050873 0.11898644595444774
0.6587797095101995 0.02248529681693401 0.047582573702024344 0.27115241997084216
0.013388795235033002 0.11314529128178341 0.8385893117164359 0.03487660176674767
0.1197932925858225 0.5108551545035521 0.33406815284072966 0.03528340006989572
0.26485609891707074 0.18345539759164187 0.39567152207685563 0.15601698141443177
0.028992055732313227 0.10613537796241734 0.02213622436572993 0.8427363419395395
0.12558597685606432 0.33875642557464725 0.4923404524886479 0.04331714508064055
0.4804672476679849 0.15054972699588343 0.1336980839664974 0.2352849413696343
0.1078189921503393 0.21854996620986744 0.48705621717391656 0.1865748244658767
0.3409850996396647 0.19412064549922348 0.3417471416825095 0.12314711317860227
0.08849378474163538 0.1132444137720724 0.2192287085336998 0.5790330929525924
0.07176573935631558 0.003666498318651623 0.0025689675189900507 0.9219987948060427
0.19500062531554696 0.08422109476094097 0.41190826504367584 0.30887001487983623
0.1336324952686596 0.1023784844342508 0.3860402380833212 0.3779487822137684
0.7056636402591736 0.04168132475316755 0.13735456692609826 0.11530046806156058
0.11123568085950497 0.02622936094948758 0.2636846496351971 0.5988503085558103
0.5093797217468047 0.275263743644774 0.1075510713050245 0.1078054633033968
0.533073738931159 0.03242056045405006 0.28888535408888694 0.14562034652590405
0.1013196226168318 0.07840059842495417 0.7265570037288902 0.09372277522932382
0.14381153849318296 0.2765773574307058 0.5495616542889242 0.030049449787187044
0.0007586847829156307 0.7465625742468057 0.10551628730352036 0.14716245366675829
0.5266572372261757 0.33808722577785777 0.09349969218950926 0.04175584480645722
0.44805942311149893 0.1435643144945561 0.3423280923182509 0.06604817007569408
0.11102619928350044 0.11224562836540874 0.4744219777544437 0.3023061945966471
0.17983136149923995 0.4860292688602891 0.1838730036593188 0.15026636598115217
0.7065806160931694 0.08285598775375924 0.030334899997648157 0.18022849615542325
0.267740860455123 0.25671180903145474 0.08522983998359501 0.3903174905298272
0.09620774783367914 0.5498318156814518 0.15894751619318415 0.19501292029168493
0.1019295018006735 0.2677354892602315 0.006361077654178149 0.6239739312849168
0.35304050515706764 0.4201152467953376 0.052875369511486414 0.17396887853610832
0.1846077012800046 0.2664962837906393 0.5058413523003975 0.04305466262895863
0.04774350979601483 0.23186539648949678 0.25674279960161916 0.46364829411286923
0.23171934882513978 0.24631918903144256 0.1253861483862161 0.39657531375720156
0.4524368914513027 0.1948749866054974 0.29858164183390856 0.05410648010929131
0.3848339069853146 0.09361014834445436 0.07703412491589245 0.4445218197543386
0.03557627656619933 0.06979805479152446 0.5987312835402999 0.2958943851019763
0.278909745810367 0.20599063199896117 0.08934397357243407 0.4257556486182378
0.16692360213964585 0.17584470659092 0.5613204374365625 0.09591125383287169
0.18458432655812718 0.1826609942249846 0.27545727798283903 0.3572974012340492
0.013436906978363194 0.6105532381454379 0.31391562882888 0.062094226047318846
0.1873255874162233 0.17581535963429273 0.11427976290274644 0.5225792900467375
0.03412651134863176 0.5332165186239349 0.21072975146159112 0.2219272185658422
0.04849051908794055 0.29471035119907696 0.10598189939033764 0.5508172303226448
0.005188356321749521 0.4293109469565185 0.48300633427054185 0.08249436245119013
0.7607282494527764 0.06456409232857319 0.051949680494332684 0.12275797772431774
0.009325661498729598 0.7833653330683883 0.13122320839988244 0.07608579703299967
0.45843009486126984 0.1429756608127113 0.008724380810123833 0.38986986351589503
0.009497728619264456 0.5503011152295448 0.06001652178438799 0.3801846343668027
0.7251682928795048 0.1584887373217414 0.03834551373872741 0.0779974560600264
0.1597490454871059 0.27149782089164864 0.5052707749612527 0.06348235865999274
0.3131062792820397 0.27508920791377867 0.3934549939008435 0.018349518903338136
0.30348397455963916 0.25102019064126424 0.37158964804588623 0.07390618675321037
0.19122042113387994 0.10240409959892538 0.34334318897289673 0.36303229029429795
0.42993408768764074 0.05070366625019618 0.2697755576551494 0.2495866884070137
0.3352855298496886 0.028410805304281084 0.6245282667274801 0.011775398118550218
0.04951825669758958 0.14357003580814764 0.5512514685634287 0.2556602389308341
0.0944662616920835 0.44224732050344406 0.39285495246061686 0.07043146534385558
0.4892812671517197 0.35466675454169583 0.037626335404095546 0.11842564290248891
0.8114180883716201 0.09351330004702973 0.07799756839160865 0.017071043189741508
0.010307636431640899 0.02914367956544206 0.20596428702729663 0.7545843969756204
0.19413243832781024 0.3038668864395818 0.17141789125397544 0.3305827839786325
0.5187302819745887 0.07961725258722996 0.2508309106215002 0.15082155481668114
0.32386680266423373 0.1816442145344781 0.019327303263184326 0.47516167953810384
0.2236024967849607 0.20271490525387303 0.058205767866280844 0.5154768300948854
0.5199618638488691 0.25213517082627845 0.02593330692732221 0.20196965839753023
0.23399678106802135 0.3104455594212102 0.16415160000127604 0.2914060595094924
0.21738457320533733 0.03954136081014914 0.1364925865736749 0.6065814794108386
0.2723858524065855 0.475297055638514 0.1975416898057054 0.054775402149195074
0.5475816338136132 0.17332372991144862 0.1260204040944677 0.15307423218047045
0.26461026844801205 0.3423223880408828 0.31737641996527044 0.07569092354583473
0.1598105770400592 0.5706032887331052 0.067984104790205 0.20160202943663064
0.02359218993629475 0.6818520099085238 0.023599355009473744 0.2709564451457077
0.7342656242367382 0.023522501427209574 0.13561366861819857 0.10659820571785361
0.6237885142372556 0.26836897874144194 0.05804354721127103 0.04979895981003146
0.039829868569541516 0.29301006372338834 0.38909669782720546 0.2780633698798647
0.5647395352515872 0.08199437414219546 0.27440022765823247 0.07886586294798492
0.35275910725359505 0.04326570179043587 0.2581578010899449 0.34581738986602417
0.3629702616519378 0.1147294551445599 0.13968856909370886 0.38261171410979344
0.32630758809839344 0.3807463141741033 0.15873505533322074 0.1342110423942825
0.7681415249580473 0.16460409303050783 0.020694624424854258 0.04655975758659059
0.3230866072549946 0.09581028786703272 0.13248403624004312 0.44861906863792955
0.6344459175698602 0.04234263776851821 0.028890644110911246 0.2943208005507103
0.05030024864910265 0.7117882103102781 0.17984999518054035 0.058061545860078945
0.17894778456590643 0.4187747358932621 0.2923341984189881 0.10994328112184337
0.13612797300757729 0.5905018560275911 0.0648925683954854 0.20847760256934622
0.3848398443975495 0.1646990114505572 0.4244415265812468 0.026019617570646525
0.09422823703554217 0.22407703335202922 0.5011109432328333 0.18058378637959527
0.022981414140846312 0.062047538458468 0.05290858523428732 0.8620624621663984
0.3665199513250439 0.04722625373662326 0.5345343360815887 0.051719458856744116
