68 90 4 245.24676118863448 490.4935223772689
3.3343432295359907 1.3902494604571023 6.2382730791394385 2.0126095103000923 6.496991042474353 3.6674916246615434 8.265269740700704 1.8535396142459775 7.300903364160124 9.396064207605296 8.57988009188761 8.199630859677232 9.755409646603516 5.824777810818929 5.565095245516277 9.593477715587488 7.981270983670573 6.315002798230625 2.5199023841425214 2.6505139701650413 1.2857788140622017 3.0666101557775987 5.769202388459624 7.227240066917398 3.609704475755236 1.8108977652983897 9.870710964874403 7.958537541861139 5.939069401846053 2.4243700965255295 7.753987272362736 5.7222510774910855 8.252224429983379 7.449089802116418 1.1430495969077712 5.6186647814431865 7.057623710062352 7.160872077883816 5.376790500754567 9.9812747141306 4.233567357751503 4.297711644768714 2.2232975782666564 3.971642409688606 2.5328376391689096 8.56379698674258 6.4497146288230445 5.098238180016093 7.321567889413074 9.925485993697574 6.73048770263293 1.1648984579277522 2.256049201298817 6.808024698127093 1.04218994104344 1.6502998440485939 6.114624128914475 7.024483843053739 8.627000982956552 3.2946489240624746 7.627522782748558 9.97476339299166 1.2189965423240523 9.95222160971302 1.9008692874423816 8.170454166321049 1.6732221234220641 3.5393194260018097 1.7712856285667875 9.18362763765276 7.502162568704713 8.061503822604159 2.473567435354256 8.798122144582273 2.326560824457591 4.272201020533238 9.919188348819 2.151052316465332 5.944710527023606 7.154702142173447 6.617124161251237 4.764333442888551 1.1403597536891015 4.369709316843844 6.792977599750225 1.5095400707404671 8.761611130299148 4.5840024767240575 6.40495346521744 1.1836431654665898
0.6668686459071982 0.27804989209142045 1.2476546158278876 0.4025219020600185 1.2993982084948708 0.7334983249323087 1.653053948140141 0.3707079228491955 1.4601806728320248 1.8792128415210592 1.715976018377522 1.6399261719354463 1.9510819293207031 1.164955562163786 1.1130190491032554 1.9186955431174977 1.5962541967341146 1.2630005596461251 0.5039804768285043 0.5301027940330083 0.25715576281244035 0.6133220311555198 1.1538404776919249 1.4454480133834795 0.7219408951510472 0.36217955305967797 1.9741421929748806 1.5917075083722279 1.1878138803692107 0.4848740193051059 1.5507974544725474 1.144450215498217 1.6504448859966758 1.4898179604232835 0.22860991938155423 1.1237329562886373 1.4115247420124704 1.4321744155767633 1.0753581001509134 1.9962549428261203 0.8467134715503006 0.8595423289537427 0.4446595156533313 0.7943284819377212 0.5065675278337819 1.7127593973485158 1.289942925764609 1.0196476360032185 1.4643135778826148 1.9850971987395147 1.346097540526586 0.23297969158555043 0.4512098402597634 1.3616049396254186 0.20843798820868803 0.3300599688097188 1.2229248257828949 1.4048967686107479 1.7254001965913104 0.6589297848124949 1.5255045565497116 1.994952678598332 0.24379930846481046 1.9904443219426038 0.3801738574884763 1.6340908332642097 0.3346444246844128 0.7078638852003619 0.3542571257133575 1.836725527530552 1.5004325137409427 1.6123007645208318 0.49471348707085117 1.7596244289164544 0.46531216489151817 0.8544402041066477 1.9838376697638 0.43021046329306645 1.1889421054047211 1.4309404284346894 1.3234248322502473 0.9528666885777103 0.2280719507378203 0.8739418633687688 1.358595519950045 0.30190801414809343 1.7523222260598295 0.9168004953448115 1.280990693043488 0.23672863309331796
0.5107286033360907 0.001306418902671247 0.06268388682231707 0.42528109093892097
0.1983977541580224 0.2610098622072863 0.11713839459860864 0.42345398903608267
0.47750646212115566 0.1712364995495601 0.06773245176228437 0.28352458656699986
0.1095481855231134 0.7762516790897194 0.1023040864180148 0.011896048969152417
0.010594959841800478 0.011985937332247953 0.2227589374771377 0.7546601653488139
0.11417357070503098 0.08776921368312063 0.08892397426271925 0.7091332413491291
0.5589442906696719 0.0463654541000732 0.21890098592490326 0.17578926930535166
0.5209295099701224 0.02169815335415526 0.10989502754081226 0.34747730913491004
0.18274936453774993 0.7194483372933689 0.034754704013234106 0.06304759415564709
0.22223618583174543 0.08354911561027756 0.09546903713072474 0.5987456614272523
0.41595305541805394 0.18933517058983207 0.20932587456463492 0.18538589942747907
0.04891562664823157 0.4037753279767914 0.4664467207107289 0.08086232466424814
0.21832812837833415 0.11388497351212712 0.1018382429464133 0.5659486551631254
0.038048998013086366 0.7518574736546493 0.1661434073386553 0.043950120993609065
0.04712555901420323 0.001262278315534382 0.4867502139352986 0.4648619487349638
0.13982866170467823 0.31245357277908126 0.4237547784820481 0.1239629870341924
0.0302594726611507 0.19406084500827292 0.24518634967430986 0.5304933326562665
0.28221975343031114 0.10781069303972046 0.3763123077590367 0.23365724577093172
0.3992341934086342 0.254949462511983 0.31433353259216024 0.03148281148722254
0.5129680880024166 0.32945185722086523 0.07704722673057829 0.08053282804613993
0.06828355627240412 0.1421856305472985 0.5876297542338659 0.2019010589464315
0.5571807519103658 0.24268545359004445 0.03187445842204306 0.16825933607754673
0.6010355229146311 0.0073200669114448225 0.29602447098232787 0.09561993919159617
0.07050729277878387 0.2602696813704163 0.4444008064224776 0.22482221942832226
0.055671486210501 0.293807616910588 0.5425582359343523 0.10796266094455875
0.43015976720627 0.05858432845898298 0.31687382905813766 0.19438207527660933
0.018111918719296516 0.053923000747156946 0.8897279973253662 0.03823708320818031
0.32827039587690887 0.4622196095481279 0.09793034929554645 0.11157964527941677
0.43642309981475647 0.3236245893045717 0.057500242853330774 0.18245206802734104
0.6663957178913262 0.2363669996920047 0.07984071525233039 0.017396567164338683
0.2643302896959785 0.03344897363859811 0.16518828009773023 0.5370324565676932
0.5146324303557551 0.09293911064869331 0.2188315052270483 0.17359695376850326
0.2544182549183249 0.39198300861995106 0.21649725554915855 0.13710148091256547
0.021504745835152494 0.17859797044284387 0.6561610614809638 0.14373622224103988
0.05095542065224701 0.18991130524019484 0.6425590377639501 0.11657423634360808
0.06666226348652071 0.5601593737051968 0.263352674540712 0.10982568826757055
0.36203484944001796 0.06127755934472867 0.07440486107724709 0.5022827301380063
0.27679522956368274 0.3091283281044427 0.39834892825622326 0.015727514075651317
0.19834356880654624 0.15502505178708315 0.0716197832500487 0.5750115961563219
0.05326616650352978 0.08538237315855435 0.21725667222670908 0.6440947881112068
0.5612487294551078 0.17666956416605584 0.057622576640376844 0.20445912973845948
0.3504784131293476 0.1702039374941785 0.4650200073048667 0.01429764207160722
0.6590914481182131 0.036374968957140874 0.03468359913685959 0.26984998378778646
0.7685042583397699 0.09996225713929141 0.00999250012748476 0.12154098439345395
0.014820577314242578 0.4089795472153912 0.44548951252634184 0.13071036294402438
0.5512482071259777 0.25332655987489905 0.13854097206670923 0.056884260932414055
0.33081517550966366 0.3107361913276826 0.11508307979548082 0.24336555336717292
0.1474243070529052 0.3672079545175957 0.2557748183538803 0.22959292007561882
0.15366638362150276 0.5008538535553186 0.053819127957689394 0.2916606348654892
0.07349972420736928 0.2775442310611492 0.21972079374532516 0.42923525098615634
0.2475500823221125 0.13241088134382673 0.19890221571108058 0.4211368206229802
0.17581860605420574 0.030275849541652522 0.21605830658482206 0.5778472378193197
0.1818785064311158 0.366676751792794 0.11105619349141571 0.34038854828467446
0.18047727139379455 0.044672403636631275 0.47562256802272984 0.29922775694684434
0.2596978147688914 0.2103373166412278 0.01725537552975298 0.5127094930601278
0.6258010994105514 0.027311703386110664 0.23992954707168068 0.10695765013165726
0.16516202768695076 0.32578481613207744 0.42878134242127164 0.08027181375970016
0.7128400305660916 0.19706363135002958 0.03618411972621627 0.05391221835766258
0.14953196195238527 0.03544497420869941 0.5910341204261772 0.22398894341273812
0.3697412210741965 0.09592504315301287 0.34182118493695757 0.19251255083583307
0.18187365724113191 0.12023521512318247 0.4184039735363928 0.2794871540992928
0.25865584135027786 0.12707269227431905 0.17239057313344341 0.44188089324195967
0.4710859065593064 0.0024114253711453593 0.004404200329588881 0.5220984677399594
0.15900175982407727 0.34985930860794456 0.28895100104254823 0.20218793052542994
0.16490742613574738 0.2053440324125001 0.34182917868182394 0.2879193627699286
0.1314285590033768 0.42886905284990706 0.34023538647860674 0.0994670016681094
0.43557954758915995 0.1622687145873999 0.1575590420680365 0.24459269575540366
0.4896752018260452 0.2347013225755331 0.2514285332117584 0.02419494238666331
0.1319641084365828 0.3810270963392688 0.2937030299343867 0.19330576528976173
0.4407480647203127 0.18660107830875539 0.06394621982055126 0.30870463715038066
0.020472286697505337 0.7354623358378275 0.2242112382437902 0.019854139220876976
0.1919872220976443 0.11211713139321033 0.3807305271546272 0.3151651193545182
0.11182607426558011 0.5097604108025992 0.3023579418567499 0.07605557307507083
0.29809175905616125 0.1633545740730571 0.01589296596753509 0.5226607009032466
0.10019570911387288 0.1403750367452774 0.6950965658897479 0.06433268825110183
0.2783041236951387 0.242948378823438 0.19025214031692117 0.28849535716450214
0.08103631932942457 0.1758621753815327 0.3961194439507143 0.34698206133832843
0.29293252627129573 0.3704098912704584 0.11961552683241639 0.21704205562582946
0.10290825116672075 0.2540422932500772 0.39708024876045367 0.24596920682274837
0.46673306037524354 0.25252781316031536 0.1949985360250368 0.0857405904394043
0.0528088690389531 0.24226625567675275 0.473966781701056 0.23095809358323816
0.06928206126301006 0.13308725081169737 0.5693692893717106 0.22826139855358196
0.0044725583734521734 0.22116798041718322 0.13161692843638506 0.6427425327729795
0.1471407773784429 0.5979253474932944 0.01428815580479037 0.24064571932347234
0.04044647990490691 0.13668397069682026 0.605377905369249 0.21749164402902388
0.21961605926577288 0.1406383715693298 0.4489726981379327 0.1907728710269646
0.04083359184691948 0.22031214277296718 0.5360902710440043 0.20276399433610903
0.3607618489382799 0.09398754367306794 0.3006141679570804 0.24463643943157176
0.2268145662570391 0.04702896730445272 0.4434013916004892 0.282755074838019
0.3165786862851704 0.33740321209492685 0.23966584108984657 0.1063522605300562
0.22829810035196718 0.2784158821251096 0.06055527690545148 0.43273074061747174
0.03531920784249731 0.22757364390817647 0.28086238266628516 0.45624476558304106
0.6384527367003133 0.051837658629402816 0.28748440666098973 0.022225198009294123
0.10734526153649171 0.02068050459804982 0.6728717402087447 0.19910249365671373
0.11141008072132863 0.01319716965987705 0.7299718476730327 0.14542090194576163
0.44221010243491143 0.09763367919614452 0.24582937948022732 0.21432683888871673
0.26720871442030947 0.18658328316341877 0.29281905382877504 0.2533889485874967
0.22836612379551113 0.2010015537205434 0.025401839394342374 0.5452304830896031
0.1741991551071007 0.3116108166608833 0.03371974249049958 0.4804702857415164
0.23845932816950144 0.3292341164851579 0.0295530342525423 0.4027535210927984
0.6615987299334245 0.19095138269119327 0.09914733505635398 0.04830255231902825
0.017197636920257997 0.11952104387002993 0.10847095023439945 0.7548103689753126
0.1877145643149264 0.1871722025425676 0.3877154381308726 0.23739779501163338
0.02867805422043368 0.1523664607785542 0.3151590373337466 0.5037964476672655
0.2931274553296407 0.22798450414105786 0.39272410024383475 0.0861639402854667
0.07356972223177194 0.043047116379796635 0.7908545780032571 0.09252858338517433
0.27688348221436343 0.2887332618920154 0.03251367961228624 0.4018695762813349
0.19080840427997614 0.12886435180626177 0.42979398100887956 0.25053326290488254
0.2987481657819824 0.041999908319080625 0.17195780166989494 0.48729412422904206
0.20394757393238117 0.6815121050977765 0.06026132751947966 0.05427899345036269
0.07591160768536154 0.14727633300275722 0.33134305984872037 0.4454689994631609
0.46849673935558145 0.059038605073758355 0.2386760832507534 0.2337885723199068
0.1512350857479694 0.16589356396014854 0.05254773386091405 0.630323616430968
0.2624193024069543 0.12895824615085494 0.2568778840903192 0.35174456735187154
0.07461013895141988 0.7947354981451513 0.0628342356588053 0.0678201272446235
0.5044693850122668 0.2002725053332074 0.19192410509789593 0.10333400455662989
0.28221662025673333 0.05349653449736935 0.48225840400796127 0.18202844123793605
0.03769219710650806 0.6457306490868913 0.20209800642586595 0.11447914738073472
0.10326748938008201 0.41899947544957583 0.33378358553778775 0.1439494496325544
0.11839969383726212 0.21839303579713865 0.2990306200858037 0.3641766502797955
0.0968058850131912 0.3897718803667103 0.09315963561116614 0.42026259900893237
0.11211041039794178 0.22196506986837683 0.5728884375609199 0.09303608217276149
0.2732076172366117 0.10111627974929771 0.20147835358012023 0.4241977494339704
0.08401308224277748 0.7097635134914074 0.16890233498541285 0.03732106928040224
0.6840835601635847 0.05222314086701929 0.10797474436028887 0.1557185546091071
0.03363527539495703 0.07316317388618909 0.633733258716418 0.25946829200243593
0.04160308888498787 0.1551139080550834 0.69507910189697 0.10820390116295875
0.01276799052788602 0.8468125901163316 0.022591249623296616 0.11782816973248578
0.2548169558198867 0.4660776278388178 0.23186443268295098 0.047240983658344504
0.27862758073609706 0.26988305133718915 0.4051845345175873 0.0463048334091265
0.31231839993913757 0.2662156268693282 0.10157294560883035 0.3198930275827039
0.23237673382679147 0.3075049809267695 0.3674147220631001 0.09270356318333894
0.20232179366666103 0.47540481398353684 0.13535948323287228 0.18691390911692984
0.13279532004715777 0.3078518152257096 0.41581222751246216 0.14354063721467047
0.04501235179655383 0.07904682288035969 0.39589909027559433 0.48004173504749215
0.0898502457572925 0.5082772545515806 0.0561207043763271 0.3457517953147998
0.40538518872161855 0.3469068626809283 0.20934749302059064 0.03836045557686252
0.22033916320637126 0.31276743429251996 0.06749701302585176 0.399396389475257
0.6034923265668292 0.0062962703577796875 0.13154810831201136 0.2586632947633798
0.19346518137802104 0.163651946933548 0.13586729781446205 0.5070155738739689
0.1423755854521337 0.3894811803943169 0.43014205452306364 0.03800117963048577
0.14167210183965195 0.4907703415802066 0.05620920833177845 0.311348348248363
0.7466515472710741 0.05031429512403318 0.08355425562148133 0.11947990198341141
0.41343342207790523 0.052066038270086046 0.0461575224194859 0.4883430172325228
0.6646517443012971 0.04613907184180277 0.2316360570502981 0.05757312680660198
0.06985270163639357 0.2169322159252416 0.09842019685685266 0.6147948855815122
0.5777818819862547 0.011115227035815245 0.30996471623068345 0.10113817474724662
0.3224173229597589 0.03181654364599862 0.4642550387455473 0.1815110946486952
0.023532900038317206 0.1922817251567428 0.05627317026479017 0.7279122045401498
0.10487920906373671 0.660380395458564 0.13941960070725912 0.0953207947704402
0.2768687900777087 0.2599121750184882 0.03271067986541598 0.43050835503838714
0.04616055372208272 0.032289238389912156 0.4475971468570533 0.4739530610309518
0.19468100337066663 0.11150675677334798 0.567941775084329 0.12587046477165642
0.12226654243009305 0.4387110174625092 0.2778276561996894 0.16119478390770836
0.07880748580236607 0.4361271603652156 0.05967383792744296 0.42539151590497537
0.09333019579329027 0.2171724352804072 0.4038889291725639 0.2856084397537386
0.013476817047180845 0.4738980281637516 0.5061465201356695 0.006478634653398041
0.7841339774318877 0.08244502381480379 0.012657986661397502 0.12076301209191098
0.010009001970889941 0.3161050852572508 0.25722258477116566 0.4166633280006936
0.24943360948377946 0.160826849375867 0.15046143292918523 0.4392781082111683
0.05660729587936275 0.159372176635994 0.7234625188843202 0.06055800860032301
0.25099021815352973 0.2038414717650725 0.31079506846714955 0.23437324161424822
0.2788734348894576 0.0734841003808977 0.26557998105787584 0.38206248367176887
0.11204784266579637 0.31139919875142297 0.10486649588049557 0.4716864627022851
0.7577880063973877 0.07600279764636308 0.018473110641526125 0.14773608531472304
0.02966284857906376 0.3656516051869866 0.42506041950836637 0.17962512672558328
0.5202624225350403 0.29030796664627667 0.10390241037301173 0.0855272004456713
0.08476918400370748 0.3466993653950935 0.3304854828146183 0.23804596778658071
0.6281991525288301 0.06268983417179419 0.20724074701340478 0.10187026628597096
0.4676708100112903 0.0780795698205724 0.11149460772799924 0.34275501244013806
0.3764481193317192 0.03167758823992406 0.332322710615921 0.25955158181243576
0.005579367158857651 0.11001943365724232 0.61003621950406 0.2743649796798401
0.07759498440996926 0.27010988477405795 0.09167044786981338 0.5606246829461594
0.1905971916975261 0.33550931651548654 0.3903006314938833 0.08359286029310409
0.13414555631059988 0.5791587229847678 0.28072048628217827 0.005975234422454068
0.09441608350101371 0.06780339406260472 0.3651357473392375 0.4726447750971441
0.4125687382276946 0.3433849016483749 0.18430084023334614 0.05974551989058441
0.2004503272246918 0.049077916774795005 0.5893549792196553 0.1611167767808579
0.708344168621333 0.08010953400003651 0.03506386515918103 0.17648243221944948
0.3018786340827584 0.2031181273833872 0.2597325571116502 0.2352706814222042
