97 50 4 135.52972036476288 271.0594407295258
8.532497118380714 9.732122667462969 5.024384067353602 3.561229081257684 7.940949292087787 3.690492690121998 9.78701567405756 9.362367775879626 2.84206659165032 4.106291654994576 2.911600448848282 3.6897409622617325 4.092853906247518 9.189659969205943 2.2207761593996143 2.7533175201624283 2.4472802230101642 2.0094078933004624 4.736361899170247 3.7125304605929195 2.2294887875390814 7.888556097037692 6.42284620515235 6.551728971544035 7.001036165744823 7.667680257663719 4.651323350239121 2.572621400687338 2.5524071518052422 3.9666494464432773 6.736617455729897 9.468514942247719 3.4134010964969965 1.7654700946403623 9.967191101709496 1.0622458490351363 9.428901902680275 4.266855641004236 8.390086930928312 2.14215729582437 4.747936786999538 8.796104390130417 2.6762123333371735 6.979836129461788 5.4746581419833875 2.50821833961636 9.259410988347478 3.3714587516681624 7.818236725319075 8.938641943062759
1.7064994236761428 1.9464245334925938 1.0048768134707204 0.7122458162515368 1.5881898584175573 0.7380985380243996 1.957403134811512 1.8724735551759253 0.5684133183300639 0.8212583309989151 0.5823200897696564 0.7379481924523466 0.8185707812495036 1.8379319938411887 0.44415523187992284 0.5506635040324857 0.48945604460203285 0.4018815786600925 0.9472723798340494 0.7425060921185839 0.4458977575078163 1.5777112194075384 1.28456924103047 1.310345794308807 1.4002072331489646 1.5335360515327436 0.9302646700478242 0.5145242801374675 0.5104814303610484 0.7933298892886554 1.3473234911459795 1.8937029884495438 0.6826802192993993 0.35309401892807246 1.9934382203418992 0.21244916980702727 1.8857803805360551 0.8533711282008472 1.6780173861856624 0.428431459164874 0.9495873573999075 1.7592208780260834 0.5352424666674347 1.3959672258923574 1.0949316283966775 0.5016436679232721 1.8518821976694955 0.6742917503336325 1.5636473450638149 1.787728388612552
0.08865063550512475 0.16378935853349008 0.6598412356294184 0.08771877033196673
0.3232236588511729 0.3066924663002999 0.3191927081977023 0.05089116665082494
0.08878287134098584 0.005930236356320728 0.26117058500705603 0.6441163072956374
0.10085171600296994 0.2785908864909191 0.11030419584566042 0.5102532016604505
0.21479240351011664 0.012622250592595474 0.1103990988381568 0.6621862470591311
0.02732268019559303 0.5745511818703417 0.15179881307494714 0.24632732485911812
0.24075574484518836 0.2011281157840551 0.06413038846874175 0.4939857509020148
0.023271498583203876 0.17107552672746096 0.5128250249428882 0.292827949746447
0.22868728789103465 0.4003112485507455 0.054967618239907146 0.3160338453183127
0.026273757540205334 0.2923899067527541 0.6242836972799224 0.05705263842711816
0.26922473525569 0.16065423890108144 0.07406113524835367 0.4960598905948749
0.3220582514213226 0.04310583880189556 0.171487437068366 0.46334847270841584
0.2778684836018218 0.3461567454344997 0.06790172975502984 0.30807304120864865
0.4417462093638109 0.21802312091788245 0.041920851248018365 0.29830981847028826
0.09307201481444483 0.2854976585865634 0.3548076444429925 0.26662268215599927
0.8422174814299113 0.07916196719613289 0.050361106228767105 0.028259445145188744
0.32306547592826507 0.043005998984953164 0.47041215881928333 0.16351636626749844
0.14013080000907474 0.3825052616431833 0.4453056394308821 0.03205829891685985
0.1403706522532926 0.46872859392973887 0.34215503489030774 0.0487457189266608
0.3138783547795223 0.39682789608509994 0.03064975496813005 0.2586439941672477
0.26283398652667844 0.08002081825885976 0.26171859561165445 0.39542659960280735
0.16727310164808395 0.2889994657811582 0.10346998892590487 0.440257443644853
0.13757748041190643 0.046460549023202735 0.4756887452458506 0.34027322531904025
0.23826617490903634 0.21504356938458313 0.18719109607011575 0.3594991596362648
0.019175380923277863 0.35431139698914627 0.09684366218425156 0.5296695599033243
0.08304550016147627 0.5862122958711193 0.30666782344419685 0.02407438052320754
0.2965280776134517 0.4801658514983762 0.04087302992912922 0.1824330409590429
0.26387221554928 0.30514599030622036 0.10967131903284744 0.3213104751116522
0.16042653984447475 0.20695299660404032 0.4740274340079631 0.15859302954352184
0.16077726929193736 0.3494784935041445 0.2265802019970683 0.26316403520684983
0.2611511982631006 0.5550673115307518 0.17984420554700398 0.003937284659143558
0.6398926888561977 0.19456688860283422 0.13985088912628485 0.025689533414683274
0.5672843282273791 0.13040205310572928 0.2704151948193456 0.03189842384754604
0.05965770013113292 0.06439119775640878 0.7461378587967014 0.12981324331575694
0.6232647224446938 0.0617097514989815 0.07003166239088199 0.24499386366544273
0.09720458495808837 0.30694194595017643 0.09124480138905533 0.5046086677026799
0.3809014057616744 0.334540093982715 0.10198536937932745 0.18257313087628313
0.7417091892084692 0.01997696433084406 0.19744926779451077 0.04086457866617599
0.22360321573225983 0.07926449922337353 0.5159685744296411 0.18116371061472558
0.5658577115382557 0.035235808462963814 0.16820292182067642 0.23070355817810406
0.3237402314711102 0.2908583246638662 0.1925926560959682 0.1928087877690554
0.23522860779999366 0.13958506125210735 0.4680925261829233 0.1570938047649757
0.07083220776914856 0.7277833243773463 0.15394789726430047 0.047436570589204696
0.47539731562732024 0.19513491557920937 0.1673675174923468 0.1621002513011236
0.2503952418890043 0.1151478648997386 0.4434421094066462 0.1910147838046109
0.15887095254712613 0.26726597199190705 0.3169148633208655 0.25694821214010133
0.3559680364088472 0.0286418100296032 0.10536716932844548 0.5100229842331041
0.6573061958586988 0.14813323839822823 0.10206805751724968 0.09249250822582333
0.22662433573425167 0.25756907421114295 0.1480763210361501 0.3677302690184553
0.7996951014485544 0.12272254995254794 0.06516428220656634 0.01241806639233134
0.43907436013695744 0.41703725097623423 0.14290463839006284 0.0009837504967454835
0.26773327185621687 0.23573944858498452 0.021701027927333305 0.4748262516314653
0.05021302009603057 0.14505740802065326 0.7092834444475018 0.09544612743581438
0.4445551934694424 0.18142422847548756 0.18433521273062414 0.1896853653244459
0.112297864746421 0.4256372495929688 0.310669720086444 0.1513951655741662
0.13766772273836803 0.048946788823759246 0.718046901667453 0.09533858677041973
0.24500729066839322 0.0768265732525435 0.5910612739798621 0.08710486209920121
0.5292403339560353 0.22016377312126933 0.16347611941167461 0.08711977351102074
0.31329294100507044 0.06666176872378371 0.6075246149536673 0.01252067531747858
0.6908780778066582 0.04402518868962635 0.13523784175646136 0.12985889174725407
0.415633001536889 0.17709855577718492 0.40568798262924544 0.001580460056680666
0.0019566612608010736 0.05062209709718202 0.6442944086707812 0.30312683297123566
0.17966575690792408 0.09902963523526398 0.016743293965532424 0.7045613138912795
0.3193790809104813 0.3510549744912179 0.32825949803475074 0.0013064465635500566
0.35315183956091467 0.08204972214175221 0.5011561180176278 0.06364232027970529
0.12241447163426966 0.6657113845519609 0.1967474179902633 0.01512672582350616
0.0529214860673749 0.19140623202505003 0.6018527338124359 0.1538195480951392
0.19508204757084824 0.6650570198400689 0.07082011777170538 0.06904081481737745
0.19853104967631752 0.1700764547469681 0.03256123318810311 0.5988312623886113
0.3090385905303078 0.012333513208348412 0.26246387313017594 0.41616402313116785
0.3528415923453788 0.2534968546429789 0.025777205064019704 0.3678843479476226
0.37711912476716525 0.037517476916656856 0.29195563289516946 0.29340776542100844
0.09422337638446021 0.5584509990795288 0.2952686615118283 0.05205696302418272
0.4446054428416032 0.3165482875722887 0.0904003803417106 0.1484458892443975
0.062035523892610356 0.061364124835965206 0.6355317160541113 0.24106863521731314
0.2725194516330126 0.28671705680315607 0.20176149444985247 0.23900199711397885
0.22966512673339945 0.48776170554286313 0.11081709139509532 0.1717560763286421
0.07561090029229856 0.31809722284194186 0.0473130830711983 0.5589787937945613
0.3894195068816638 0.4224961558139163 0.13167243648772176 0.05641190081669811
0.03483959124007174 0.24536147925463836 0.1849797463869901 0.5348191831182998
0.208746168592147 0.23164474429048887 0.4808503464578219 0.07875874065954225
0.4708113871216987 0.06811447847383822 0.36100158347234446 0.10007255093211864
0.1611346746438883 0.1785590521997834 0.33525767329088385 0.32504859986544443
0.185094321368667 0.6209885215613955 0.09137363617954752 0.10254352089038998
0.5115838505500373 0.35603494150732284 0.03863580253671295 0.09374540540592691
0.576240118773421 0.39110645653550424 0.02137624210730238 0.011277182583772416
0.006957388307161083 0.4126033841244421 0.5538278928125245 0.026611334755872296
0.37173535806129976 0.12937733026547016 0.08563534940573114 0.41325196226749894
0.04113010681075535 0.2036721002899271 0.4897288370923375 0.26546895580698004
0.2217729882736701 0.2521949484993862 0.2679195049223041 0.25811255830463964
0.4131255407226945 0.25779491738992766 0.04945812176136688 0.279621420126011
0.03304619201687564 0.5804303139666539 0.35359942086978025 0.032924073146690214
0.3538952460375673 0.08730274393378146 0.20553344546586616 0.3532685645627851
0.42007066478342814 0.07876927728898231 0.3224814260170966 0.17867863191049294
0.549735477594339 0.0864913481706403 0.26260832939727696 0.10116484483774368
0.5960966709293035 0.006305077338323417 0.030646699249395337 0.3669515524829777
0.03243223423039121 0.304452247151476 0.18896937511888723 0.47414614349924555
0.27058425978327305 0.007777167700366738 0.29686665726635986 0.42477191525000035
0.5153829749834166 0.44255924440864447 0.014127117062863292 0.027930663545075674
0.10778668189626872 0.0067919138381967725 0.46747249985178063 0.4179489044137539
