64 50 4 119.7974303979976 239.59486079599523
4.411886728903931 6.103883504616526 6.360332613914097 5.048730089699074 5.113178428552468 3.8048589808785596 3.8200362507781334 3.6537351490142242 5.776952151120637 4.56599819439477 7.4687533496646346 5.932827972549015 6.2386757443642695 2.508858440119433 1.2634947783765589 2.878677261226094 1.2031789291991073 6.712069979680181 3.019975652797654 4.584788832709828 6.575507185708307 1.0175364769101782 1.3210297188612785 4.3911059726748825 2.947999906660389 4.6436093456829415 8.793947202016241 3.301510781876557 6.412913913024598 3.042112067659243 2.854791527168067 2.5832794251495774 8.997393935908605 7.044240667350726 4.382383306830859 1.1618918604945438 4.172841206306642 3.754204862722932 4.810082055815276 4.5469556957280854 6.121122317526943 6.176600823075637 6.609545237576271 3.2478986466193884 2.1785091703565787 3.205658449056304 9.90397047471372 9.612633641876702 7.404187721707255 7.908504166377283
0.8823773457807862 1.2207767009233053 1.2720665227828194 1.0097460179398148 1.0226356857104935 0.7609717961757119 0.7640072501556266 0.7307470298028449 1.1553904302241276 0.9131996388789541 1.4937506699329268 1.186565594509803 1.2477351488728539 0.5017716880238866 0.25269895567531175 0.5757354522452187 0.24063578583982145 1.3424139959360362 0.6039951305595308 0.9169577665419656 1.3151014371416614 0.20350729538203566 0.2642059437722557 0.8782211945349765 0.5895999813320778 0.9287218691365883 1.7587894404032482 0.6603021563753114 1.2825827826049196 0.6084224135318486 0.5709583054336134 0.5166558850299154 1.7994787871817208 1.4088481334701453 0.8764766613661719 0.23237837209890877 0.8345682412613284 0.7508409725445864 0.9620164111630553 0.9093911391456171 1.2242244635053887 1.2353201646151273 1.3219090475152542 0.6495797293238776 0.43570183407131574 0.6411316898112608 1.980794094942744 1.9225267283753404 1.480837544341451 1.5817008332754567
0.08694693688587751 0.450554544815859 0.2750930672071069 0.18740545109115658
0.24138247743851493 0.4536883780660267 0.2704843073815354 0.03444483711392299
0.43989497483172524 0.025430530941239593 0.1468517733878214 0.38782272083921376
0.06485964093513452 0.19788483206538687 0.06601254314207006 0.6712429838574085
0.07826413945779476 0.20729965704749764 0.6752537456535859 0.03918245784112173
0.3255601902775359 0.27794158390894763 0.3382092584893478 0.05828896732416866
0.32445528378267485 0.14793933017904082 0.0848250058051534 0.44278038023313093
0.07940994130836332 0.7174930792350928 0.06992083629913837 0.13317614315740556
0.5442000525379087 0.05819890128417793 0.20486400638753532 0.19273703979037804
0.047073860316548255 0.6928691698674712 0.08654953296066381 0.17350743685531678
0.0071538258880377015 0.5191337554589527 0.2964770393796379 0.17723537927337174
0.15133760508293048 0.1524402849008012 0.17204878564784687 0.5241733243684215
0.3965254897106665 0.2544402848425995 0.1812063671935913 0.16782785825314273
0.06260925718039012 0.28143790985973616 0.2848532193727453 0.3710996135871284
0.16002545559720538 0.013067674414645292 0.5636771602621344 0.2632297097260149
0.1306820766709471 0.4016264834318344 0.31298402238599987 0.15470741751121864
0.10394850922899668 0.502340961287269 0.036178681888802355 0.35753184759493195
0.009091032399944687 0.11716841889937257 0.2429270558103157 0.630813492890367
0.25045343078556526 0.26448242241267184 0.2077602623696736 0.2773038844320893
0.25392013145731596 0.25868841752954175 0.395025855750466 0.09236559526267629
0.11701655448833437 0.11450153164937915 0.7008449543147728 0.0676369595475137
0.0862201318148802 0.3175670503315914 0.19396028945206534 0.4022525284014631
0.2205500638766389 0.22997011243331977 0.12266064003862653 0.4268191836514148
0.2807532119404682 0.21222529325243167 0.22902135208302388 0.27800014272407625
0.0482719288247786 0.3938585461254517 0.5451607237644177 0.012708801285352012
0.46155045224195335 0.15734924511318515 0.0953635942148392 0.2857367084300223
0.008704704271813468 0.3493358167907017 0.2656304926366365 0.3763289863008483
0.027495116200926595 0.4189018662555275 0.5436589161828428 0.009944101360703117
0.4299469510443795 0.012667089123459596 0.4197926910836852 0.13759326874847566
0.7690464622349673 0.05423139127578824 0.02511871989623582 0.15160342659300863
0.14245120360470886 0.0037532692930439815 0.2859639790537045 0.5678315480485426
0.4939473521869532 0.016353376068983017 0.27719014920519847 0.21250912253886534
0.4349806972932321 0.29213766972975985 0.23391023245526443 0.03897140052174364
0.233270005273011 0.4650382309487907 0.1761531079059261 0.1255386558722722
0.5249377113366492 0.16952587888555004 0.024210061440563813 0.2813263483372369
0.27307650511996695 0.1958569741674493 0.1448536372605218 0.38621288345206195
0.002402573682349085 0.10567964177269762 0.6170367828132217 0.2748810017317316
0.17476919720769335 0.21271261688657694 0.5017075489932771 0.11081063691245263
0.03940691738994695 0.34013944659657525 0.41425033756301444 0.20620329845046337
0.3187615702588913 0.15353425179494384 0.24716914486543773 0.28053503308072714
0.13857097808045682 0.28785759367946484 0.12213765214181116 0.4514337760982672
0.16302302744225294 0.1581354371447471 0.3912904592389814 0.28755107617401854
0.06740513335982123 0.4993164345399299 0.2511055569849646 0.18217287511528424
0.02609492029391236 0.36884474333387185 0.26468809933681425 0.34037223703540154
0.5694530486300334 0.01525483078520773 0.26799744679502935 0.1472946737897295
0.14570269088858478 0.5801619420920936 0.23846942664160364 0.035665940377717975
0.11061151324402119 0.36324163505973983 0.0682467331669363 0.4579001185293027
0.07292707847339064 0.6963775403056984 0.01888048537931275 0.21181489584159818
0.14980307697242046 0.044495542843263514 0.7049626745110259 0.10073870567329013
0.26622015372191843 0.008011691192126191 0.3619128549499253 0.36385530013603007
0.09894442813170345 0.4311089835321952 0.372758434323349 0.09718815401275238
0.09696807065302482 0.1531498527130788 0.0817537243990023 0.6681283522348941
0.5178368630163431 0.32593399572841675 0.00046734892046884635 0.15576179233477128
0.4320164574705886 0.21867402885981946 0.19329164530933518 0.15601786836025677
0.01616414734422067 0.029437794276885976 0.06193882857518429 0.8924592298037091
0.10155763563414877 0.57174853772061 0.03673708541618781 0.28995674122905346
0.3070009714400088 0.02336413990059316 0.6491017530272324 0.020533135632165633
0.4588355578091533 0.020316517118273425 0.5094730073083034 0.01137491776426991
0.023363770515924642 0.02583275458032319 0.028135902785390243 0.9226675721183619
0.022632746739208343 0.3530227138838832 0.12736438282982132 0.49698015654708716
0.050402740750721375 0.1107732039413869 0.8074079837094291 0.0314160715984626
0.22485718445003233 0.05017391535035509 0.21263308631995947 0.5123358138796531
0.015229400104253221 0.6205042171043902 0.07257742140949841 0.2916889613818582
0.3375684730702272 0.04030007206283215 0.3494182024826943 0.2727132523842464
0.3326829434673577 0.38998600606490075 0.11957921519542491 0.15775183527231662
0.3749966095986257 0.08252252579993358 0.40786337049580723 0.1346174941056335
0.07387998101526994 0.6500393899904471 0.14784774238881226 0.12823288660547072
0.20203849631217208 0.16150722205362233 0.03846315078304574 0.5979911308511598
0.2760704204091047 0.049482547663063925 0.3977594841998654 0.276687547727966
0.2468034257921553 0.12667253546055557 0.3982904254581108 0.22823361328917835
0.24635874239802424 0.14106664021253212 0.2443628381921733 0.36821177919727033
0.003372697683293513 0.7532125771814003 0.23947019642073675 0.003944528714569406
0.12185690581350661 0.26784982637739496 0.5158769679818723 0.0944162998272261
0.14020529118107572 0.31389694488052877 0.22739508797687147 0.31850267596152404
0.25424336418090465 0.5120075428966583 0.213580453932807 0.02016863898963006
0.12008320823158536 0.2524446834340398 0.13414269784056554 0.4933294104938093
0.14584120128227573 0.3116205381651138 0.3369571680287782 0.20558109252383228
0.17956778002175433 0.459967607396635 0.04593538606997716 0.3145292265116335
0.023526007924642656 0.03514572796724558 0.18509885810299243 0.7562294060051193
0.09272385392844229 0.6751515723532312 0.15203998440517796 0.08008458931314855
0.0577165377033142 0.36900430363368386 0.011375039649033969 0.561904119013968
0.07513539561091631 0.20210460987124856 0.12531243462508945 0.5974475598927457
0.23374979314153765 0.190986229412745 0.47229953167075056 0.10296444577496677
0.558309278071308 0.17481407002978877 0.1445548143671017 0.12232183753180148
0.251027298131858 0.5202622325067723 0.0005473988772722871 0.22816307048409745
0.179884945209142 0.09410426133450234 0.1576351007948713 0.5683756926614844
0.6678128371031636 0.10523724972309345 0.06657931880412504 0.16037059436961787
0.02544462325195118 0.06444918717932291 0.737308090751497 0.17279809881722896
0.75383291824816 0.10577753131732814 0.06341997840952351 0.07696957202498833
0.5768766730283932 0.08062341810652696 0.07779319792546269 0.2647067109396172
0.25762836241596687 0.22964497452126897 0.03145070919834314 0.481275953864421
0.30715126971886164 0.1679086299773851 0.11241097574837156 0.4125291245553817
0.015216662699125139 0.3619028954805721 0.24376525480345956 0.3791151870168432
0.6832151248029579 0.11968999886243747 0.16163633114269083 0.035458545191913826
0.11527805929707513 0.26487392957434597 0.17640879127014275 0.44343921985843615
0.23790192656772147 0.4660986354601879 0.12571721282694126 0.17028222514514935
0.06946701274216094 0.001718774115453292 0.7430100138491686 0.18580419929321712
0.711945613262201 0.12538755333085283 0.13723623817629105 0.025430595230655162
0.030745145245507866 0.004467105458099252 0.7018560070227277 0.2629317422736652
0.22609084964989734 0.024772592053147746 0.40512603234180133 0.3440105259551536
