75 30 4 88.2726672739172 176.5453345478344
6.120461981073211 1.593678048304982 8.992996029102315 9.36692359456662 7.11722837238517 5.898482347823506 2.690644079422032 6.564371159665128 4.367149915468441 9.402239514447306 6.833270821852608 7.046120596411429 9.38416211041898 7.029892768763796 3.089120602353807 3.3025091594100706 3.024926413123228 1.7263058984096236 2.656002180279843 7.524544314331576 9.99037572217632 2.2885310371508174 2.9864934954524696 3.5060765666486557 7.723519835564919 9.82433787367127 8.001955825047396 7.256285448197962 9.536094476715443 1.7006343595954683
1.2240923962146422 0.3187356096609964 1.798599205820463 1.873384718913324 1.4234456744770339 1.1796964695647012 0.5381288158844064 1.3128742319330255 0.8734299830936882 1.8804479028894612 1.3666541643705217 1.4092241192822859 1.8768324220837962 1.4059785537527592 0.6178241204707614 0.6605018318820142 0.6049852826246456 0.3452611796819247 0.5312004360559686 1.5049088628663152 1.9980751444352642 0.4577062074301635 0.5972986990904939 0.7012153133297312 1.5447039671129839 1.964867574734254 1.6003911650094793 1.4512570896395924 1.9072188953430884 0.34012687191909363
0.03329899709428963 0.17676627592207583 0.5893100523711173 0.2006246746125172
0.025266517780541564 0.05992165362039226 0.8695330368618188 0.04527879173724736
0.41516876476188946 0.47663774304417117 0.03956041700088764 0.06863307519305173
0.1790259749355051 0.6226199993945111 0.18401405720868347 0.014339968461300368
0.28349574410329315 0.18463282881909915 0.41362143350137304 0.11824999357623467
0.499439359189373 0.10235670588228452 0.35722329762607763 0.040980637302264866
0.4727669339302132 0.28924741623914973 0.04169883101672156 0.19628681881391552
0.13355438654911955 0.3412509953909775 0.3150180179597225 0.21017660010018047
0.12888924772511057 0.4062016163483769 0.05084262816739671 0.4140665077591158
0.4401987920585194 0.14082833072503986 0.14567529085292874 0.273297586363512
0.1752508034152379 0.1876777592508564 0.20308227600318018 0.4339891613307255
0.09769487097691432 0.43271668771971494 0.11926719993432233 0.3503212413690484
0.26055406839901496 0.38045316122636996 0.264392464753724 0.09460030562089106
0.1207351481018426 0.10331254543900592 0.6811159136788925 0.09483639278025902
0.5566913901057537 0.1544532796057112 0.15052468880966619 0.13833064147886887
0.04954795462878481 0.2549711639247574 0.6050170213326355 0.09046386011382235
0.23404508307535132 0.35917492469404566 0.1319155108558704 0.2748644813747326
0.7456436508615017 0.10120783497701213 0.13906325525814078 0.014085258903345332
0.6033237895908639 0.2910999859835858 0.07609800017574186 0.029478224249808505
0.21050585800128063 0.4951969496785139 0.1848350985727455 0.10946209374745997
0.1170232925893957 0.429640593885682 0.36184112413956915 0.09149498938535316
0.27357277062014207 0.1116232980694114 0.47010064600913504 0.1447032853013115
0.17519462317842593 0.34614060696825244 0.1410863225881016 0.33757844726522
0.21988505948972437 0.45448822755476925 0.036881634893749626 0.28874507806175675
0.15293921296398527 0.2764921217786285 0.4972673202157891 0.07330134504159713
0.2183026179625036 0.43842382579408945 0.3120569893278451 0.03121656691556185
0.08019972499412731 0.3911249271337164 0.28980749798063143 0.23886784989152487
0.2703368506495637 0.5111628487902411 0.06453075477767045 0.15396954578252475
0.12327012650874114 0.33405040944412656 0.3261735729398829 0.21650589110724938
0.20861109867118344 0.001371872114419137 0.549263532364721 0.2407534968496764
0.2851928694890601 0.35314898445948206 0.02713699692265925 0.3345211491287986
0.7284126631206503 0.027197983419524174 0.11965968746458266 0.12472966599524282
0.19792090754831448 0.0672892725024099 0.14236154911799415 0.5924282708312815
0.011494983299081274 0.3017996192859086 0.19058454534359748 0.49612085207141265
0.1083644308967946 0.6710845199783708 0.1612707515413293 0.05928029758350528
0.5312948454296371 0.113042470779247 0.08770566415006431 0.26795701964105156
0.486902722617799 0.0003799023145156788 0.10789409451370369 0.40482328055398165
0.11706077800390091 0.22344530095447523 0.08552868599405261 0.5739652350475712
0.29014621924506734 0.4126279663716016 0.10584901090486121 0.19137680347846986
0.0866576741164563 0.10497110493282902 0.7735663603333794 0.03480486061733523
0.10737451467375025 0.14679813446610157 0.40991552267476417 0.335911828185384
0.01475583931602964 0.4814324003084083 0.007919981793180653 0.4958917785823814
0.3345370011098483 0.0796517046533084 0.08914456175491359 0.4966667324819297
0.00024501492006312464 0.005876301592514954 0.4935873440551459 0.500291339432276
0.09134716711117974 0.21003835052452746 0.3312354361081963 0.3673790462560965
0.07716242149265828 0.48830655740985685 0.0884608311929097 0.34607018990457517
0.19950437931416476 0.2111529100866817 0.3781651961371397 0.21117751446201383
0.5905566503119498 0.14400947238605166 0.10956182115684121 0.1558720561451573
0.38742271409170137 0.03181311435607648 0.3441231404924552 0.23664103105976697
0.19134383432152524 0.16484562755662524 0.3139031829272563 0.32990735519459324
0.4882044663884949 0.2107995419836065 0.06411194016735788 0.2368840514605407
0.03945686679860183 0.1362850361232687 0.24937263415790478 0.5748854629202247
0.5441020149796872 0.08054852824067338 0.1587857845053351 0.2165636722743043
0.11409139657349998 0.007935701595984779 0.8118341320951251 0.06613876973539012
0.4672094084763676 0.29681739623361936 0.21262356245344127 0.023349632836571765
0.4764600524394932 0.2032992217003189 0.19731063338080412 0.1229300924793838
0.41396794211534127 0.1475727808777173 0.24762507502415454 0.1908342019827869
0.0802642232989963 0.1373439175893474 0.2047001050640288 0.5776917540476275
0.3101874308947248 0.12364440916336095 0.25674784477406287 0.3094203151678514
0.07893714458331302 0.2950357940963718 0.03506400591447689 0.5909630554058383
