71 80 4 222.9232129867871 445.8464259735741
2.670177473366854 4.47939372737863 8.487065787734528 2.7882770413589397 9.249021693095425 8.094796305746044 7.503438559418536 9.961250687780183 8.60834928328903 3.1035393119991315 3.9017298864573897 7.449904065330275 1.9254916031265643 6.400816138502858 2.2263750813362795 9.093284947605001 3.214065732686359 9.582369911470096 8.094614886040596 4.906848608745898 3.2916299683296066 4.344657801817731 6.124663814394537 3.58805178847809 8.73488105481827 9.339609635247166 1.3375222229660941 3.9167408256526235 4.040575725382795 6.643977805809383 1.67934674599184 3.0387011465825378 9.28633095009477 3.2830900308221516 8.89238229511421 3.6174705532860534 3.1260292128204967 2.6642397497837056 2.2349517658694644 5.347850613090662 7.576232377114181 7.914389566847469 3.7881571326570493 7.254976582636597 9.549544485068262 5.767888136539317 4.7743649726289945 6.083584184014599 7.9455027391118085 4.917246782934846 7.404292600926618 7.290327987606761 2.4338593950564857 1.1239874723452266 8.714985382667972 5.954568279691441 1.7135169061030644 5.845983142918019 3.2784045258680137 9.78037252833778 3.3996009012962745 6.522690050826797 3.0030438069535323 2.326991137029032 5.044739762242518 9.74504047640158 9.681339982754267 2.1046604869058054 4.284687231809895 2.0353982710723035 9.030068515579142 6.112834674044422 9.465008495879042 3.126774002775444 8.737278878695403 6.917294015469469 4.213789822280416 2.730527792276929 3.462348301958434 8.516609747428097
0.5340354946733707 0.895878745475726 1.6974131575469056 0.557655408271788 1.849804338619085 1.6189592611492087 1.5006877118837072 1.9922501375560366 1.721669856657806 0.6207078623998263 0.7803459772914779 1.489980813066055 0.38509832062531285 1.2801632277005717 0.4452750162672559 1.8186569895210003 0.6428131465372717 1.916473982294019 1.618922977208119 0.9813697217491797 0.6583259936659214 0.8689315603635462 1.2249327628789073 0.717610357695618 1.7469762109636542 1.8679219270494332 0.2675044445932188 0.7833481651305247 0.808115145076559 1.3287955611618767 0.33586934919836803 0.6077402293165075 1.857266190018954 0.6566180061644303 1.778476459022842 0.7234941106572107 0.6252058425640994 0.5328479499567411 0.4469903531738929 1.0695701226181324 1.515246475422836 1.582877913369494 0.7576314265314099 1.4509953165273193 1.9099088970136524 1.1535776273078633 0.9548729945257989 1.2167168368029198 1.5891005478223617 0.9834493565869693 1.4808585201853235 1.4580655975213523 0.48677187901129715 0.22479749446904532 1.7429970765335945 1.1909136559382882 0.3427033812206129 1.1691966285836037 0.6556809051736028 1.9560745056675561 0.6799201802592549 1.3045380101653594 0.6006087613907065 0.46539822740580644 1.0089479524485037 1.9490080952803162 1.9362679965508534 0.4209320973811611 0.856937446361979 0.4070796542144607 1.8060137031158283 1.2225669348088846 1.8930016991758083 0.6253548005550889 1.7474557757390805 1.383458803093894 0.8427579644560833 0.5461055584553858 0.6924696603916868 1.7033219494856193
0.7431231151296024 0.08802652650676124 0.15114338931246785 0.01770696905116853
0.14035695943246929 0.6539107028797636 0.009188299964674296 0.1965440377230928
0.6903046307098317 0.07617872110399715 0.10221220417629395 0.13130444400987717
0.09555949648247752 0.44343604962755256 0.3099502050641383 0.15105424882583163
0.3986898517288281 0.20568364190072508 0.17079269339791125 0.22483381297253557
0.18681716568218643 0.009706839134993817 0.271186718522737 0.5322892766600827
0.25480478851709576 0.11030123875146702 0.36657051575517363 0.2683234569762636
0.19465607725825929 0.19237780983032482 0.1963279248881865 0.4166381880232294
0.13828317810310353 0.36228297488809347 0.017915315685438138 0.48151853132336486
0.4483166204652569 0.1695729850623231 0.16449042529002456 0.21761996918239546
0.15765577070186354 0.25013448920456993 0.35800994329960845 0.23419979679395808
0.1431376454253337 0.14924486836036444 0.1878534666298186 0.5197640195844833
0.3581058319195075 0.08955570582686934 0.5512422212667978 0.0010962409868253697
0.024298904357968443 0.044569285251783164 0.4138776128413081 0.5172541975489403
0.781381072826789 0.08199457491182216 0.061433992821967265 0.07519035943942154
0.3059354872794532 0.1787749643723483 0.23928405316429346 0.27600549518390505
0.7538033764688603 0.0529224178402532 0.1852993288386835 0.007974876852202994
0.5333273167019722 0.03997099563149353 0.2085624234398591 0.21813926422667518
0.3695627506418979 0.4760499221649871 0.07443527784305193 0.07995204935006306
0.05546044457228749 0.1336619943746371 0.5312832683440737 0.2795942927090017
0.07848809933057133 0.16084966057052585 0.5502072021879003 0.2104550379110025
0.006282861512538207 0.13291661104676045 0.23453853544645953 0.6262619919942418
0.38346228610845823 0.3822781528416115 0.17464481363904238 0.0596147474108879
0.009945759601361681 0.11743975750957436 0.8378804779334557 0.0347340049556083
0.6805200835767276 0.037627676372011365 0.09341395139100783 0.18843828866025325
0.2426988571135592 0.13312962853630061 0.26690145307726565 0.35727006127287453
0.06904706722557585 0.07095839865688047 0.24721639891748348 0.6127781352000602
0.46695171334434304 0.030037189663021824 0.1225037835617866 0.38050731343084854
0.06157509903375069 0.38566714967187665 0.09610772394506983 0.4566500273493028
0.8394808590411409 0.0839067998624129 0.04866265731127695 0.027949683785169266
0.07611023081332635 0.21190836205032137 0.050626211115775144 0.6613551960205771
0.5747783366427002 0.30296643718507876 0.07577149154841623 0.04648373462380484
0.6813017670688848 0.15720897520182764 0.10964131556499845 0.05184794216428912
0.020074104992482744 0.08821541989074078 0.8513588932752615 0.040351581841514994
0.13704884974225007 0.33263760394918584 0.10762182367331419 0.4226917226352499
0.5328128101456313 0.17744280207334617 0.2752742262876422 0.014470161493380318
0.23910061089080215 0.05568803783671672 0.5117379533113579 0.19347339796112328
0.010411070962279112 0.2079636292659256 0.5172359445094767 0.26438935526231855
0.539419480255397 0.1398499462011925 0.11483396040111626 0.20589661314229424
0.37653276103250055 0.25410184733378915 0.09177475400325641 0.2775906376304539
0.20929096825535465 0.027352389439715408 0.6150673900503757 0.14828925225455425
0.8186569136269676 0.01491953680740854 0.09130478493832073 0.07511876462730316
0.006989441817608966 0.05599407836092263 0.9026596807597286 0.03435679906173983
0.22149286640156807 0.35557500271738507 0.08783163369940239 0.3351004971816445
0.21154788205899122 0.3104812419466889 0.30579660796021746 0.1721742680341024
0.1282984642099051 0.09576009982451428 0.4428549793009183 0.3330864566646623
0.2525509411859481 0.507517550438119 0.08346360869227754 0.15646789968365538
0.5069641923544409 0.13591770927433322 0.21977364062826865 0.13734445774295723
0.2600983279819751 0.10260047141085316 0.13944268563797502 0.49785851496919675
0.12245346415498948 0.40453759211870843 0.003529957875858414 0.4694789858504437
0.2727911872669281 0.2049382382336674 0.32456147359447385 0.19770910090493066
0.5141745268823182 0.2753903137948963 0.13991246678801728 0.07052269253476817
0.5559862355244182 0.1223000385977675 0.04313529349337497 0.27857843238443936
0.5365407010700164 0.26650730079705676 0.15704109842869518 0.03991089970423167
0.15429259082530888 0.3119452744095219 0.022034718767830364 0.5117274159973388
0.7001899016686889 0.10108692447153866 0.08192908296672752 0.11679409089304493
0.3390759023276191 0.08307166276371669 0.33066695518089895 0.24718547972776528
0.31237194870804197 0.43982746438860787 0.11872587944917068 0.12907470745417948
0.05239671117830935 0.09574117171787766 0.4923450386833038 0.3595170784205092
0.18687688759697263 0.2677180798579891 0.1890268611374063 0.35637817140763195
0.15361002715918548 0.15252070014123076 0.4505448061400229 0.24332446655956086
0.11876843017691463 0.4189697209421567 0.14799398569741684 0.31426786318351185
0.2615946400786926 0.3583103492645051 0.28259217729670727 0.09750283336009502
0.722330186291804 0.030099561534695174 0.19072473901890807 0.05684551315459274
0.06078352491397199 0.0376617268320355 0.7591179986555786 0.1424367495984139
0.04432028551255662 0.5624843135611584 0.32271726736330053 0.07047813356298449
0.5509778896625435 0.16994256569461408 0.2635106694931293 0.015568875149713168
0.3855572004470431 0.004064130138431987 0.40202859801718016 0.20835007139734474
0.07206962803674044 0.1550837696254076 0.31740899802757616 0.4554376043102758
0.4780995156747657 0.18362571606975497 0.07631862266123679 0.2619561455942425
0.07496142323611532 0.2193581219411035 0.13533548357115144 0.5703449712516298
0.2212214083807389 0.1550414767722491 0.17009787124785658 0.4536392435991554
0.47771116949684156 0.11413705503455973 0.27801121788312533 0.13014055758547338
0.05219205774485458 0.034753336211493235 0.0006330888415502223 0.912421517202102
0.1755488797410928 0.49253673021473543 0.07670927540766492 0.25520511463650686
0.18364152241347675 0.094406109652453 0.3786459824139924 0.34330638552007786
0.3354692256384405 0.037210992785557506 0.1201381620239057 0.5071816195520963
0.5152708744052856 0.3798820581400526 0.0560267781893834 0.04882028926527837
0.4222214176734991 0.0366256151761305 0.42335730321885323 0.11779566393151719
0.2818950476416089 0.49316764804754576 0.17749544098174186 0.047441863329103495
0.3002799385965972 0.12706212897873437 0.18806743249636593 0.3845904999283025
0.1564969165656349 0.5705554028887155 0.07895650727782844 0.19399117326782112
0.5403068007232976 0.2131048100530043 0.042144346969714475 0.2044440422539836
0.07662576448073122 0.6055933749505457 0.04826739695417104 0.2695134636145521
0.015887579297748644 0.644305842639859 0.3203308479818323 0.019475730080560028
0.14463136734874604 0.14945122730241978 0.5560213222328929 0.14989608311594127
0.5042553985848793 0.28696952427433364 0.016588105228057648 0.19218697191272938
0.4579513539268951 0.30841097075496837 0.03610025754924984 0.19753741776888667
0.05736544960643486 0.25092113700760743 0.5710632686279038 0.12065014475805391
0.10017915519815968 0.24649190029554424 0.45983573101683906 0.19349321348945703
0.2597830573522183 0.18712327829092867 0.1538314115840954 0.3992622527727576
0.006788540305981083 0.028177471121307973 0.05847847789650196 0.906555510676209
0.5017514671444594 0.11597519792499045 0.18704009587731263 0.19523323905323753
0.0911743741787483 0.49043431212422395 0.3718057796798323 0.04658553401719545
0.05314603680398633 0.5079180247615817 0.4366252871317604 0.002310651302671607
0.2762935852018974 0.04912998062829799 0.19090338969319942 0.4836730444766052
0.48621544331773525 0.21234864217417015 0.004391815076945527 0.29704409943114907
0.3534210669806055 0.07207982059862816 0.3057623620222546 0.26873675039851175
0.024025817405461503 0.4385284662084987 0.01563653822475186 0.5218091781612879
0.17806318901280105 0.2060318200867255 0.349658986156438 0.2662460047440355
0.2996485081328998 0.3961659503113434 0.3021603032744613 0.002025238281295527
0.3403365279650592 0.2316040335734192 0.20218783722489553 0.22587160123662609
0.1342191223166923 0.165787928431137 0.5507789747458355 0.14921397450633522
0.17371039372883312 0.48547165145473403 0.3106222531613032 0.030195701655129636
0.24396023978921022 0.32385111776030917 0.10016497783882572 0.3320236646116549
0.27906098209008734 0.21729173098935572 0.29379989445815 0.2098473924624069
0.6254545996690337 0.025128719068701955 0.10687485304086364 0.2425418282214007
0.20411171355593727 0.3758713223100826 0.37922005697615246 0.04079690715782769
0.15014881529438784 0.14162738220016025 0.23863508833522173 0.4695887141702302
0.027111796941622024 0.7186627590210083 0.09636912982584955 0.15785631421152013
0.21233817765298213 0.24140843012886093 0.1887621174188746 0.35749127479928233
0.4421423946265488 0.1684257430197722 0.24202596939628074 0.14740589295739825
0.028666834791846618 0.17716239905108855 0.24543568978280095 0.5487350763742639
0.10833923148740054 0.4628622020936757 0.28781488583212234 0.14098368058680144
0.0008077679609105326 0.7402175020594937 0.08666358557476472 0.17231114440483108
0.20912377027842732 0.08480606018723591 0.5094054581305122 0.19666471140382458
0.22631548638486576 0.07499499109267227 0.036238421581048064 0.6624511009414139
0.2545135483115568 0.2133275179748486 0.19734550488527725 0.3348134288283173
0.3332058363684819 0.23242104188401314 0.21783189543377035 0.21654122631373462
0.6655342846754405 0.06055160432653883 0.2090450686795967 0.06486904231842394
0.12773390080595104 0.5039585441993782 0.005653068250648152 0.36265448674402256
0.31097873489571304 0.1194046175410649 0.11336334219137434 0.4562533053718477
0.022344838084923935 0.03878808427289948 0.7944856339483419 0.14438144369383465
0.8005384995499386 0.054216570402988884 0.02890040936956184 0.11634452067751067
0.28566337966423694 0.28705618842521086 0.28194740768688686 0.14533302422366534
0.1869360828954142 0.0524036473708005 0.026327623746962736 0.7343326459868226
0.190783504787701 0.006110643475639166 0.11461195138486535 0.6884939003517945
0.0016403547919680017 0.6178572493067771 0.1442858636575901 0.2362165322436648
0.6578326520262003 0.03411068609983403 0.031370597777963916 0.2766860640960017
0.0494938200766224 0.47519238203719294 0.3503333650381055 0.12498043284807914
0.4107419654052802 0.39193871048681317 0.1215845306940122 0.07573479341389444
0.3288235701329004 0.11541815502449515 0.38137611298402707 0.17438216185857736
0.2813106037918983 0.23562137591750965 0.1723054817994234 0.31076253849116864
0.21484031494149125 0.1232357868985341 0.44201557134297687 0.2199083268169978
0.45667134036737433 0.07383381054761684 0.15563311402662483 0.313861735058384
0.2931890883265328 0.3751844449856492 0.2513590221245735 0.08026744456324453
0.2100084788344485 0.13643911910130058 0.3309431752786304 0.32260922678562054
0.2052569390862573 0.084616719793987 0.29348008087263644 0.41664626024711926
0.15594194178571175 0.7425066625670323 0.011385678779665787 0.09016571686759012
0.29767903981151256 0.220286889939735 0.15565532409326122 0.32637874615549123
0.4992917678124733 0.13364067434702598 0.3502374140223352 0.0168301438181655
0.38512197153519756 0.015228718833601662 0.12477628581685962 0.47487302381434116
0.01883525353317017 0.04948284832712602 0.20784560216674874 0.7238362959729551
0.027046224936808416 0.32931064145117517 0.6108713805056984 0.03277175310631797
0.21418360555598548 0.40730176122825346 0.3610341629054902 0.01748047031027089
0.12329244183924326 0.2311321326016189 0.5989139950950093 0.04666143046412852
0.2959707529373262 0.3210541465351019 0.07455044173529013 0.30842465879228176
0.3925474316890004 0.03928677356291155 0.0033583076580827598 0.5648074870900053
0.17671173816334007 0.02916384009253714 0.6764259914426565 0.11769843030146632
0.29793478801596296 0.08895565135427774 0.23063841051308343 0.3824711501166759
0.3573420339372043 0.2007777097034178 0.09695209930151383 0.34492815705786406
0.5909005029705493 0.27176980111835514 0.10739458491599463 0.029935110995100933
0.1470577106478561 0.610571601633785 0.08586543597026364 0.15650525174809526
0.11552466086342561 0.5835672107985436 0.19141502626420492 0.1094931020738259
0.02572801435161709 0.47444003304122917 0.026238879118550495 0.47359307348860324
0.04691472949502373 0.337199124914643 0.1912378686411551 0.42464827694917817
0.036001539430961293 0.03312616568924687 0.18826627752754477 0.7426060173522471
0.22095295284663474 0.11230117832758979 0.36306911229843475 0.3036767565273407
0.4956183266068698 0.13155140506583263 0.037322288745594845 0.33550797958170275
0.11181555648903752 0.06790745652894481 0.1349987991358813 0.6852781878461364
