72 20 4 54.297908795143556 108.59581759028713
1.9606438202977965 7.159083699508186 5.814663556519784 4.322683690749686 4.713531793537914 6.290627284226625 7.4446640946279645 2.560006348969599 1.6006806412324366 5.506109854092406 4.889324756650156 9.52008329696418 4.7463388486877545 3.227227175226006 4.637276554367602 6.708331755855227 6.253869497266358 8.038939268866347 6.551831756201629 6.649899896439457
0.3921287640595593 1.4318167399016373 1.162932711303957 0.8645367381499373 0.9427063587075828 1.258125456845325 1.4889328189255928 0.5120012697939198 0.3201361282464873 1.1012219708184812 0.9778649513300313 1.9040166593928363 0.9492677697375509 0.6454454350452012 0.9274553108735205 1.3416663511710454 1.2507738994532716 1.6077878537732695 1.3103663512403259 1.3299799792878915
0.3698691195444671 0.29066475799391844 0.08478717646200162 0.2546789459996128
0.06947110339570983 0.37217524463624063 0.3467264128596036 0.21162723910844594
0.21048815365809315 0.4406049214267822 0.15441774272490583 0.19448918219021882
0.07900261017034504 0.2820494098748849 0.46621122049015784 0.1727367594646122
0.3223707370816423 0.37000990733483075 0.040473998329645045 0.2671453572538819
0.1633690796734335 0.0787477506235088 0.5936879031472188 0.16419526655583894
0.07737436102967177 0.10136460215203658 0.41927942476966784 0.4019816120486238
0.5720190542538977 0.07518460093273227 0.24646158788643913 0.10633475692693095
0.29643763403659773 0.3214430764549713 0.07948245801828258 0.3026368314901484
0.07854228003606123 0.19613661813776262 0.549490434172051 0.17583066765412514
0.17029116698328206 0.02791053909517227 0.20006521018926415 0.6017330837322815
0.12426297385265761 0.6146911427176812 0.011372566460626898 0.24967331696903428
0.648451075746577 0.17418642041869026 0.06868433930638995 0.10867816452834278
0.47123150209091813 0.07842014994257662 0.013112812544626928 0.4372355354218783
0.0153140450721857 0.5355099511104681 0.15685188854217835 0.2923241152751679
0.39689659187633397 0.17990329609810074 0.4119659615260415 0.01123415049952381
0.3074316992318751 0.31714863068496235 0.22428218051511395 0.15113748956804862
0.04298631597798741 0.5492507886255309 0.3629918497888086 0.04477104560767309
0.3350943203463558 0.38686777565501407 0.23961262927066906 0.03842527472796109
0.026297527388746134 0.2169457924260153 0.456508765170626 0.30024791501461257
0.168376704504697 0.150267546329949 0.07677184019923178 0.6045839089661222
0.048902404967098634 0.18843260844618825 0.46411090559852297 0.29855408098819014
0.04006867715275764 0.08982252813654734 0.7406013811744404 0.1295074135362546
0.09353794334944687 0.34295555089009977 0.239681361294921 0.32382514446553234
0.27648793299174934 0.10092480114147373 0.41740857055666547 0.20517869531011146
0.04720897348359043 0.22391978088363018 0.6229921276574194 0.10587911797535998
0.1738649261858356 0.1806346886576291 0.06352018436352203 0.5819802007930133
0.10256341122444168 0.15872575956440393 0.6331219371015967 0.10558889210955769
0.3245762975611718 0.29951326524984967 0.08299676347821139 0.29291367371076715
0.4476155039696613 0.1191139312558589 0.2674530393851432 0.16581752538933658
0.13093903601063417 0.23342913960652834 0.13043359467418947 0.505198229708648
0.14059307241686836 0.04236744807465598 0.5857588046577042 0.23128067485077142
0.1400531920450807 0.5099672653683176 0.167185933319017 0.1827936092675847
0.22707352945293613 0.5310739812366477 0.0006011892018968901 0.24125130010851925
0.47976635199067275 0.026251933356261636 0.4156920244167719 0.07828969023629373
0.1074602101678136 0.5577081362994376 0.028363137303908603 0.3064685162288402
0.21940195711597799 0.1553821012842378 0.20876628848241707 0.41644965311736715
0.30334027622373294 0.5217802870187802 0.10451491636629384 0.07036452039119301
0.30206903431155874 0.42665275057277985 0.21825241770149506 0.053025797414166354
0.549548419749513 0.018024140094085928 0.3249339940118051 0.107493446144596
