7 40 4 110.39673574456415 220.79347148912834
1.6867746043656147 8.019269130161032 4.945683082968042 7.511186600478471 9.801905607969424 5.846462833693903 5.510084172939441 1.648460200237854 3.4159508209168408 5.49894250743004 7.113069965088465 8.23365132493938 4.4284701983368455 1.593427122153146 3.593310393771942 9.186341749476522 2.9204681822192393 5.069115656359148 9.380854177201195 1.224093047953132 6.404940257177103 9.55116550372281 3.0727259111886833 5.936409273124274 9.182155373980581 2.1985250118332513 5.710713226063892 7.753688731918314 7.021119167955224 5.209775737704827 2.843641812680156 5.416893001819634 4.3514622044655304 5.296610393664295 4.293013472025336 8.541261948783346 7.917827558675584 3.8259520949139594 6.153627993795586 3.484441434976256
0.3373549208731229 1.6038538260322064 0.9891366165936084 1.5022373200956942 1.9603811215938847 1.1692925667387806 1.1020168345878882 0.3296920400475708 0.6831901641833682 1.099788501486008 1.4226139930176929 1.6467302649878761 0.8856940396673691 0.3186854244306292 0.7186620787543884 1.8372683498953044 0.5840936364438478 1.0138231312718298 1.876170835440239 0.2448186095906264 1.2809880514354206 1.910233100744562 0.6145451822377367 1.1872818546248547 1.8364310747961163 0.4397050023666503 1.1421426452127785 1.5507377463836627 1.4042238335910446 1.0419551475409654 0.5687283625360312 1.0833786003639267 0.8702924408931061 1.059322078732859 0.8586026944050673 1.708252389756669 1.5835655117351168 0.7651904189827918 1.230725598759117 0.6968882869952512
0.4528429325464004 0.006250045345031041 0.1983064848883268 0.34260053722024175
0.1804516192026816 0.23254020991115298 0.009382214529305766 0.5776259563568596
0.09226234584675208 0.3226236325926911 0.21949389019439558 0.3656201313661612
0.05312869067295756 0.47121690609223965 0.43112272623772874 0.044531676997074054
0.592594687323373 0.25580619351431577 0.11657011869843814 0.03502900046387314
0.3087336572978354 0.43311354338563135 0.09962951421493049 0.15852328510160274
0.13687611879745087 0.028625281668336555 0.15892476920665555 0.675573830327557
0.44812065750272334 0.012509638660553546 0.3357604046192716 0.20360929921745152
0.040655809436685786 0.7598232395617778 0.08680990285427126 0.11271104814726518
0.14714757194169303 0.12941550050944117 0.5201978844807681 0.2032390430680977
0.06925207000983546 0.5306023675336109 0.21297511262025992 0.18717044983629372
0.0071432752789984955 0.4559929427591488 0.3580913902684122 0.1787723916934405
0.12814785400273287 0.41329427809248676 0.2870110629009057 0.17154680500387465
0.16952372356620915 0.054554913380110204 0.43507976012424154 0.3408416029294391
0.5326448049436736 0.32433082116808654 0.11816405504535554 0.02486031884288431
0.16910106336538333 0.27242867933725645 0.4676527210582089 0.09081753623915134
0.5497141208007275 0.11525484210403358 0.18037619585921238 0.15465484123602657
0.008216505039312039 0.02731229979105132 0.7723420416231882 0.19212915354644844
0.023190368099362146 0.04043191759918974 0.633073616490861 0.3033040978105871
0.13457045864468764 0.4557753956616475 0.4022118648663051 0.00744228082735976
0.010579906938345762 0.7608624376253365 0.15517059320637439 0.0733870622299434
0.023903026142330863 0.2533165565519644 0.332395215640264 0.3903852016654408
0.36078049378522115 0.3117805357368916 0.23815242476612553 0.08928654571176176
0.18140428905736694 0.35358747187054873 0.20209629862437506 0.26291194044770927
0.19250821895985537 0.18586791447156392 0.5403330717108488 0.08129079485773194
0.1068767442566414 0.12579435137533235 0.04364609057881963 0.7236828137892066
0.6501283286286327 0.10182523251357489 0.17064959193574925 0.07739684692204318
0.6035595516954865 0.06880966673379996 0.07245445525252314 0.2551763263181904
0.4246255327956413 0.23182475374296074 0.3170252817310988 0.02652443173029917
0.039628573866894334 0.7214561703547916 0.05766024840161288 0.1812550073767012
0.30765459009285157 0.28839453003229887 0.2995608650897915 0.10439001478505805
0.4448123649543787 0.18473780650795324 0.05535386559778188 0.3150959629398862
0.2893728115784362 0.4960479100070735 0.041855607394087446 0.17272367102040287
0.628851403064647 0.218055157395327 0.045430896795258024 0.10766254274476794
0.09934751415963061 0.21114705233611186 0.23213709095198898 0.45736834255226855
0.035273336313462744 0.5220442895545165 0.3380491586690827 0.10463321546293802
0.5617406560688765 0.0365205715029544 0.3869584278077157 0.014780344620453412
0.05260174257878858 0.31827315671069567 0.5056572572000879 0.12346784351042783
0.2451093526405581 0.083940191246204 0.559939052997347 0.11101140311589086
0.16497671550850213 0.13303653369235136 0.10725439103310153 0.594732359766045
0.3529783659443947 0.017372717043640518 0.34897303952100633 0.28067587749095846
0.42645357268494233 0.31466530022832195 0.1653043962510744 0.09357673083566131
0.0014268805627581926 0.5214793204655871 0.18648819269686745 0.29060560627478726
0.30885268486379713 0.3740611695116204 0.013246609141551402 0.3038395364830311
0.2351204072574643 0.23720358903093797 0.4727242275043916 0.05495177620720615
0.13111064234791392 0.33188575180650315 0.022828834554479593 0.5141747712911033
0.30041890431803975 0.04311762538631858 0.07136524286889367 0.585098227426748
0.5223901280016119 0.2525102478124053 0.0033132257298794654 0.22178639845610337
0.6749187698667877 0.2007529550032956 0.06343962886210208 0.06088864626781465
0.47576449942424426 0.1829837595299012 0.058493973321084525 0.28275776772477
0.35707062835287895 0.07063420467467163 0.3004564501195832 0.2718387168528662
0.05549950311272267 0.3647573305598124 0.340258286307748 0.2394848800197169
0.23043067441021947 0.3773400770336477 0.33403851674758134 0.0581907318085515
0.13247398881674854 0.44238859877240055 0.20736756373462917 0.21776984867622173
0.03367420450284819 0.24058438869157306 0.5226927642491431 0.20304864255643562
0.19753288946715686 0.5216992522251797 0.1574687884892988 0.12329906981836469
0.16471665877901287 0.003558646588231462 0.6395601539288251 0.19216454070393052
0.044766260845139016 0.23676755700335472 0.08008282986356352 0.6383833522879427
0.1494863033242304 0.27756718968949723 0.09766634375490424 0.4752801632313681
0.2416029166538498 0.08975429430855586 0.6093041824339824 0.0593386066036119
0.45860347976796934 0.3720368462258353 0.03555870809058648 0.13380096591560886
0.12063242830615817 0.15096279195340567 0.6010319628846232 0.12737281685581292
0.030439266665623133 0.04090042059158416 0.3467598554203586 0.5819004573224341
0.1602024106191695 0.15684147131702664 0.2039702213459802 0.47898589671782366
0.20628585650065434 0.1482251615449517 0.47358255150134154 0.17190643045305243
0.369485915660384 0.08159268729015845 0.050728288167881 0.49819310888157653
0.06166533016986864 0.32084580875996516 0.21310997409054033 0.4043788869796259
0.28757994211990023 0.4244688446614946 0.23422714039103298 0.05372407282757219
0.14693031569354353 0.4467070137153286 0.36174612241200677 0.044616548179121085
0.18802992858258616 0.44847241384708114 0.3521319921322713 0.01136566543806139
0.09190485216377231 0.15448879212194855 0.2158822978450068 0.5377240578692724
0.10471130357324376 0.13731130389088908 0.5748713868783153 0.18310600565755186
0.14567943338343392 0.3675639664603051 0.06746197076814675 0.41929462938811424
0.2585894985926458 0.16266421000662756 0.4142148525482614 0.16453143885246524
0.457598874651717 0.18865523479707524 0.10779908753438261 0.24594680301682514
0.057253559800167664 0.2706575394965087 0.42560741940624125 0.24648148129708236
0.1157140506093054 0.22132022882096258 0.5571110575259476 0.10585466304378444
0.3272936465153866 0.03417143211314999 0.37115683082354434 0.26737809054791906
0.05953265441246691 0.5844553248191554 0.32442522198522716 0.031586798783150516
0.16003346144532782 0.6178266051219535 0.12171571229404343 0.10042422113867522
