51 60 4 154.1122682055435 308.224536411087
7.081582739531971 1.4024096398265145 4.0897330528833304 6.796177543178478 3.5579169886626056 9.544040259850046 2.4190315189638754 4.491756661804861 6.309943088250829 5.390162121815565 2.5690904742170915 2.963643050648896 6.820709897845528 3.2484826822810113 4.692231874914458 1.4295320469678625 3.911934664323683 3.629815828390938 5.008694526401623 1.5424732506568244 7.7917455265660704 7.55839747397056 6.082848448520835 7.427092558707146 6.241204724951688 6.7522520223915 8.156788556994037 8.825415039139084 4.1499270842064515 3.77109754577186 6.433515414741037 4.349333608491711 8.773971757841347 7.404340779158669 4.8072413820696775 8.89443044230805 1.1719288552046567 5.118158636636846 2.5220241264926275 8.58587255374768 2.120102284916487 7.686284869555087 8.6284095012821 2.5694686623299656 3.4427165335446537 9.292808213165262 6.845924587247051 3.851603350505845 4.735339348847216 2.479768215323018 2.767681263543271 2.7747103775542765 8.673246167823262 7.200770957057103 1.9197424771099163 3.94053656742779 6.225225200247053 1.1073090331636855 2.9595909375825946 7.286349413533672
1.4163165479063942 0.2804819279653029 0.8179466105766661 1.3592355086356958 0.7115833977325211 1.9088080519700092 0.48380630379277506 0.8983513323609722 1.2619886176501658 1.078032424363113 0.5138180948434183 0.5927286101297792 1.3641419795691054 0.6496965364562023 0.9384463749828915 0.2859064093935725 0.7823869328647366 0.7259631656781875 1.0017389052803245 0.3084946501313649 1.5583491053132141 1.511679494794112 1.216569689704167 1.4854185117414294 1.2482409449903376 1.3504504044783 1.6313577113988074 1.7650830078278168 0.8299854168412903 0.754219509154372 1.2867030829482073 0.8698667216983422 1.7547943515682694 1.4808681558317338 0.9614482764139355 1.77888608846161 0.23438577104093133 1.0236317273273692 0.5044048252985255 1.7171745107495362 0.4240204569832974 1.5372569739110173 1.7256819002564199 0.5138937324659931 0.6885433067089307 1.8585616426330525 1.3691849174494102 0.770320670101169 0.9470678697694431 0.4959536430646036 0.5535362527086541 0.5549420755108553 1.7346492335646524 1.4401541914114206 0.3839484954219833 0.788107313485558 1.2450450400494106 0.2214618066327371 0.5919181875165189 1.4572698827067343
0.04165497934232609 0.21166544820625566 0.0212154255108431 0.7254641469405751
0.17448745419058886 0.6295954210085445 0.09991267719401897 0.09600444760684768
0.1119554271992983 0.388443902090875 0.0347897346976932 0.4648109360121335
0.20878896399937197 0.39208907928058434 0.28681540588831644 0.11230655083172725
0.0059993948968157795 0.00043536827264079037 0.5277382950540395 0.46582694177650397
0.18822175398502938 0.4168088463745626 0.0458797063494204 0.3490896932909876
0.44333588321540585 0.25496650289785605 0.1005393846946796 0.2011582291920585
0.048837312695234725 0.8302264283210911 0.06683000744322654 0.05410625154044768
0.25350302755533494 0.05881142627122771 0.292196869547949 0.39548867662548837
0.6277829862030494 0.2706756938056508 0.08434204088078612 0.017199279110513666
0.39832616326346537 0.034004816471602695 0.5253129929083897 0.0423560273565422
0.042693217596753374 0.5543418484686239 0.385744291995021 0.01722064193960171
0.3862733543078446 0.05485361032819003 0.471514543865839 0.08735849149812636
0.2312444261405272 0.1888764398239322 0.407086241154365 0.1727928928811756
0.524107529481125 0.15949872918561014 0.26810279746172005 0.048290943871544756
0.05570066485194414 0.2504610599520031 0.6888919418824988 0.0049463333135539855
0.11102613713211695 0.5477116513667768 0.2523889933954441 0.08887321810566218
0.48789521924254475 0.4205752045073382 0.04159234449195326 0.04993723175816378
0.41966685985124896 0.08753304057896927 0.46746750685063454 0.02533259271914723
0.037842748305568774 0.025244907158691543 0.807072823327449 0.12983952120829068
0.46026216822611943 0.1273095854971208 0.13242196354797475 0.280006282728785
0.2346920542856087 0.35705856540429437 0.2472737641057171 0.16097561620437983
0.10897234248733945 0.006462984956443596 0.712013536247611 0.17255113630860597
0.3895509910646412 0.0959950249584055 0.11781716126414365 0.39663682271280964
0.14423524153423595 0.2603199735795 0.18992492541214245 0.4055198594741216
0.4450435519647581 0.2700775683467591 0.2272298089927859 0.05764907069569691
0.2663050278488618 0.08827995510657338 0.6147443983778823 0.030670618666682525
0.23905049132545952 0.2798994261131893 0.07834592411116137 0.4027041584501898
0.32147982231337946 0.2438286591679515 0.24780357763073313 0.18688794088793592
0.7408272834248666 0.12433798674067231 0.05541110119678194 0.07942362863767916
0.3749597868681135 0.04524474437564896 0.48390625465293147 0.09588921410330609
0.13060365511466032 0.2934259345543998 0.2922145871385393 0.28375582319240056
0.15686025726169206 0.042525709849772 0.44382791620622963 0.3567861166823063
0.4728906296806372 0.04992007957236422 0.055818660492671035 0.4213706302543275
0.34364846263235393 0.20768166464742965 0.12240840151671051 0.3262614712035059
0.017196408493772908 0.7446503899840314 0.1382301027492262 0.09992309877296945
0.1470069200234655 0.4930586763177729 0.2999896303888442 0.05994477326991743
0.26549879168658486 0.034698615223261564 0.1503202017963825 0.5494823912937711
0.09742262034663018 0.09391641813773322 0.296139763601622 0.5125211979140146
0.44820943260771684 0.3870237433820978 0.03184819093426017 0.13291863307592522
0.03667037496413594 0.018802091783016284 0.1928298706796996 0.7516976625731482
0.10334450758013891 0.026118840919967523 0.707443175565424 0.16309347593446955
0.28953172274754 0.39657782514851003 0.10642910189869459 0.20746135020525536
0.2461652873110154 0.07698191215718797 0.64502194721189 0.03183085331990665
0.2570762362781972 0.005704242555079286 0.21052421343657512 0.5266953077301484
0.39434725325168263 0.028461409354340605 0.5100437366871652 0.06714760070681158
0.12761634540888844 0.05105561422699001 0.017338997314263693 0.8039890430498579
0.5522306809253388 0.09275846978685831 0.19920603422190153 0.15580481506590138
0.22333958924557307 0.4072406325372152 0.3031691598303009 0.06625061838691082
0.2847917161219776 0.03477463905321265 0.2581002275448122 0.4223334172799975
0.14639621495299715 0.2226320769402359 0.5628441739833765 0.06812753412339045
0.1561202299302621 0.3934118723740835 0.3038744962527046 0.14659340144294986
0.3841146491416938 0.2356775997108822 0.18022716191708976 0.19998058923033424
0.4422377225260554 0.017188064107353074 0.12779451081501614 0.41277970255157537
0.3572654609260967 0.4863916470629466 0.12023946491884796 0.036103427092108786
0.0816602631307416 0.14031733229689303 0.6170197245481612 0.16100268002420415
0.4300622280274772 0.038958565906928366 0.49363237899719714 0.037346827068397315
0.008495692103709929 0.5892085363136961 0.19634268919160014 0.20595308239099386
0.037924990023521454 0.0062316738867502774 0.8114360687179031 0.1444072673718252
0.05132696553818672 0.22776515647689644 0.2857101750785277 0.43519770290638915
0.028594337529569747 0.04561772309695333 0.30275153983272685 0.6230363995407501
0.4636816099223394 0.17338921619611447 0.014977282437252382 0.3479518914442937
0.31548560488481303 0.16759780196828233 0.19101939142992008 0.32589720171698455
0.12831951148356902 0.3869632262062753 0.37595877590821525 0.10875848640194041
0.1350517709745358 0.21747811958530416 0.33854645193507293 0.3089236575050871
0.40045436154112246 0.12849088519773588 0.15269142164186167 0.31836333161928
0.14069102805773037 0.06655274009620071 0.6823430610764148 0.11041317076965407
0.1001826524548296 0.21988198895178646 0.3867486385030583 0.29318672009032565
0.4502148589369084 0.13424745240306668 0.25204525774144937 0.16349243091857557
0.03030897441866809 0.12103840174729852 0.06744355904270805 0.7812090647913253
0.12370521710620608 0.25095943018493183 0.36066205384629546 0.26467329886256663
0.014417203985236382 0.7350510584953494 0.07690951934918377 0.1736222181702305
0.08668495560529477 0.31266061581055193 0.20343477882211725 0.39721964976203605
0.09071632059714263 0.21899152126427557 0.21073775025666341 0.4795544078819184
0.3559533794425288 0.31823122909068624 0.1986071805474382 0.12720821091934675
0.28700769580892604 0.3315058712572767 0.001153085904044726 0.3803333470297525
0.5043112418942842 0.021875743288137017 0.47131200649671523 0.002501008320863529
0.5044463711096329 0.14835121394081285 0.24546387540472803 0.10173853954482626
0.03677582554838332 0.11005588301606717 0.8166457452236858 0.03652254621186368
0.40049962991442767 0.13433762163732854 0.28469690066783937 0.18046584778040442
0.5974358209720746 0.08181892845575822 0.11711851029572407 0.20362674027644312
0.1363776552024516 0.06542650727237243 0.1993676026228367 0.5988282349023393
0.6352552819335276 0.22496145468138218 0.1284770106657357 0.011306252719354482
0.8018178091594401 0.04522767399342498 0.07975822149549605 0.07319629535163885
0.5397233255432121 0.054320765516116976 0.16640055646426266 0.23955535247640825
0.014423243377552963 0.2205112200354451 0.7368830757671609 0.028182460819840993
0.1777977043283665 0.1326766627312267 0.5352573225921416 0.15426831034826516
0.18972249256656093 0.018036762935283 0.6991828879574222 0.09305785654073384
0.20997069110713495 0.12141645977523885 0.42591093059837426 0.24270191851925194
0.12546428489810302 0.4546238958507647 0.002819674860340071 0.41709214439079223
0.4564325173734797 0.1230874935022308 0.23137569289280469 0.18910429623148484
0.04754631272265364 0.19246489162406233 0.5610281914294172 0.19896060422386685
0.40031524354873993 0.07715871777771188 0.20290113503274299 0.3196249036408052
0.3107783336396087 0.040678031109499524 0.010189637693763798 0.638353997557128
0.05394104102624475 0.06799039912131544 0.06802914958659367 0.8100394102658461
0.2863912175457022 0.6377510617753868 0.053940859053882684 0.021916861625028372
0.0041454042313781025 0.2581121800710394 0.0032360129861234155 0.7345064027114591
0.22495985727474987 0.037407434046800025 0.09550444072616637 0.6421282679522837
0.2942097845963624 0.3146082359239383 0.001218886795416041 0.3899630926842833
0.1501998920762455 0.4751057512023793 0.025836441299326607 0.3488579154220486
0.07741276529844421 0.48584325288324826 0.20453038043136718 0.23221360138694036
0.039696563782517846 0.687534838562123 0.1620761659915163 0.1106924316638428
0.45681884939205564 0.3724121098239662 0.16530451284569536 0.005464527938282782
0.0632484249710843 0.10939655186829467 0.6125175646818087 0.2148374584788123
0.26749061537522223 0.21206777480249095 0.5094781413070882 0.010963468515198582
0.07459302799075618 0.07426622009459649 0.17950263001916644 0.6716381218954809
0.502947190788705 0.2600263102711813 0.20072072367003657 0.03630577527007717
0.1871035098698336 0.01520057008651221 0.43800097734318755 0.35969494270046665
0.026150679777719454 0.04161877828653293 0.12357655301790305 0.8086539889178446
0.05383026019769177 0.03481043646357096 0.8506898065676193 0.06066949677111799
0.4953834193960549 0.21372144338470878 0.16678005546101993 0.1241150817582164
0.3512862123867545 0.36406567767900855 0.01281360635729667 0.2718345035769403
0.11213335802471447 0.14897268237818084 0.11267343887213888 0.6262205207249658
0.5351411450106057 0.28997471260198426 0.07368887320576056 0.10119526918164945
0.15921218200266984 0.12614501085500307 0.6401315314433523 0.07451127569897475
0.00634593281658713 0.48997797027042744 0.35950572329927266 0.14417037361371277
0.8430889965461653 0.015408133537118562 0.0987108949179456 0.04279197499877052
0.05970579065403003 0.4087702914921534 0.16244856309651312 0.36907535475730346
0.10581270499539186 0.15440222540977466 0.6861285834280924 0.053656486166741124
0.2965859761087858 0.037153907050897605 0.6504772884099862 0.01578282843033041
