49 50 4 154.0882130550193 308.1764261100386
3.708680102703231 3.22355648765633 9.33701621553258 9.024430944499876 7.149490839774883 6.101961935497051 5.922692922187285 2.8938145238808923 7.927790213668922 9.06607090861276 7.494854109093744 5.489023149174392 4.979915046047748 8.221874750239827 8.603481751659277 3.0622438397145513 9.659507872638244 1.5302650199110626 3.608540978507126 3.809477278998704 7.317156407688956 7.36847975066368 9.487258899541516 6.457448501573289 4.197045608438943 4.7871931137774615 9.158496158329376 3.2673610224994807 3.726283948240868 1.6844286550898022 3.26343734445413 9.195720314211242 8.592789981031096 6.734749944521123 9.910964270529963 9.459275822598759 8.694440574352289 9.290309556326667 6.991810453305165 4.537498465045416 6.2449670532785415 4.39670717765962 5.323166101767154 4.252940521962162 2.49946718483242 9.054471835819099 5.887591607082982 8.409711161454272 6.110522516531395 1.0600432674334175
0.7417360205406462 0.644711297531266 1.8674032431065162 1.8048861888999752 1.4298981679549765 1.2203923870994102 1.184538584437457 0.5787629047761784 1.5855580427337843 1.813214181722552 1.4989708218187487 1.0978046298348785 0.9959830092095496 1.6443749500479654 1.7206963503318555 0.6124487679429103 1.9319015745276489 0.3060530039822125 0.7217081957014252 0.7618954557997408 1.4634312815377912 1.473695950132736 1.897451779908303 1.2914897003146577 0.8394091216877886 0.9574386227554923 1.8316992316658751 0.6534722044998962 0.7452567896481737 0.33688573101796043 0.652687468890826 1.8391440628422484 1.7185579962062192 1.3469499889042247 1.9821928541059926 1.8918551645197517 1.7388881148704578 1.8580619112653334 1.398362090661033 0.9074996930090832 1.2489934106557083 0.8793414355319239 1.0646332203534308 0.8505881043924324 0.49989343696648403 1.8108943671638198 1.1775183214165963 1.6819422322908544 1.222104503306279 0.2120086534866835
0.0907847055003721 0.22908509501198404 0.3079515819930063 0.37217861749463754
0.010167566218610702 0.12690400843804095 0.4801051521326073 0.38282327321074106
0.2713392135609134 0.2514177439874107 0.09900545164327224 0.3782375908084037
0.627723799534723 0.037984883205593456 0.3041911676709309 0.030100149588752623
0.06578415544285399 0.4645069588720415 0.18102542959614842 0.28868345608895607
0.25164980273224113 0.5526672734092998 0.12092947121974451 0.07475345263871458
0.07193765666408292 0.1822487768647828 0.25494328293511226 0.490870283536022
0.5551675741652958 0.051505064828778147 0.05746446255979498 0.33586289844613104
0.38110785044396167 0.0019612038128226095 0.3139546922596208 0.3029762534835949
0.7738780137928112 0.08116015933212672 0.01610669804903586 0.12885512882602623
0.41314605215208156 0.3840158094259529 0.13310056838523043 0.06973757003673509
0.31705580799391064 0.09326795711803049 0.15379282479885747 0.4358834100892014
0.1880926464033087 0.5494911132963306 0.08818713591752558 0.17422910438283512
0.06395729182284304 0.2667499684625021 0.300762681370335 0.36853005834431984
0.13940039999940712 0.1765512016502927 0.5600948448404157 0.12395355350988446
0.35251123185475675 0.15469744277303432 0.4409438508834769 0.05184747448873206
0.10271797888469802 0.34175363542502935 0.18323370422778285 0.3722946814624898
0.06978656598617894 0.0674917878977852 0.11140417964352789 0.751317466472508
0.11871415636629334 0.2751044895981808 0.5327093318468551 0.07347202218867077
0.2462055791311093 0.06920063936890775 0.3015415867561685 0.38305219474381447
0.0006160894265474504 0.3106883896211261 0.07938492598288516 0.6093105949694413
0.028210346660352936 0.3979887088311622 0.3355977516167128 0.23820319289177205
0.8930555825819386 0.04949137072786769 0.024367408531570156 0.03308563815862353
0.25426820210444234 0.286725847580408 0.21856429662952337 0.2404416536856263
0.1576476042311461 0.05950965365676686 0.16370417899450018 0.6191385631175869
0.3780927796049236 0.11773468242980567 0.21386895849990983 0.2903035794653609
0.0896190783295544 0.5366044833873755 0.35973435807049126 0.0140420802125788
0.030021642517242597 0.5451762792431524 0.07260509622180444 0.3521969820178006
0.15896398084272112 0.13821519701663032 0.16347248746411103 0.5393483346765375
0.054682848020906505 0.3485120996201958 0.38465648183567147 0.21214857052322622
0.08259323150714915 0.6238266829133375 0.03096991803504956 0.26261016754446376
0.09112352640781718 0.7059448908913628 0.18298420655481273 0.01994737614600728
0.5362423452554343 0.4515050275239083 0.0016438686629055566 0.010608758557751785
0.19302411767751337 0.34993775638680935 0.03723155238523712 0.41980657355044015
0.09546292139102708 0.045926360372379516 0.12816596073590314 0.7304447575006903
0.5820597156629121 0.1551882621164159 0.24699335168581316 0.0157586705348588
0.03681101689362998 0.725211504078645 0.03849008632807216 0.19948739269965288
0.050411993165580204 0.12921893437527487 0.5051445762145803 0.3152244962445646
0.48605133254816213 0.005941196544842153 0.2297384882426904 0.27826898266430533
0.15068274532576897 0.45861664663456203 0.1296771202625121 0.2610234877771569
0.5694168453327739 0.36592864704827743 0.02234524423477202 0.04230926338417662
0.47810195693395363 0.08950224702460097 0.3390708395049681 0.09332495653647732
0.17763680667266457 0.10507883196656087 0.12890346081845405 0.5883809005423205
0.5937937739025413 0.11539093219373098 0.11273069127391955 0.1780846026298082
0.6669295942907283 0.17476798328886733 0.049577508249356805 0.10872491417104757
0.08850342451258697 0.19653176845251885 0.394903490653959 0.32006131638093516
0.06306648481135324 0.23354092030739992 0.596416274811009 0.10697632007023783
0.4552934389924784 0.2526218320220365 0.1668796629343322 0.1252050660511529
0.23482122127578953 0.17381672643872337 0.09847645534275673 0.4928855969427304
0.08403729284896622 0.1056661235289198 0.07719215621437703 0.733104427407737
0.027459156688935282 0.22835414928027276 0.5128016209177548 0.23138507311303713
0.6851055586476112 0.14612117599815544 0.09742217976630907 0.07135108558792425
0.594305015244464 0.14001610021679145 0.2553095965881561 0.010369287950588446
0.6006895512852025 0.009114134757736592 0.15165305345222757 0.23854326050483332
0.005296953496846557 0.8701184317591423 0.02443667463228638 0.10014794011172479
0.12852124931319153 0.4378330659894003 0.17546579688167063 0.25817988781573753
0.45413338643902623 0.21187553687606642 0.2769816751344383 0.057009401550469074
0.01112348635829552 0.4790185319328194 0.4066750957046602 0.10318288600422487
0.35941978095486815 0.023796585943969495 0.4269261556260415 0.18985747747512083
0.3467030033281686 0.20991290511941518 0.27920634218130713 0.16417774937110907
0.05783073346172962 0.2434863969916573 0.12228801911833442 0.5763948504282786
0.18147236790930044 0.16040754824296588 0.1796832962775804 0.4784367875701533
0.6377222396822716 0.1749746351772179 0.11853996421140511 0.0687631609291054
0.1308376354613423 0.044973867128748846 0.39790097868578034 0.4262875187241285
0.026290163525186427 0.41892521310082853 0.2096683643569066 0.34511625901707843
0.25011677489589146 0.3045584912165904 0.01394649209876242 0.4313782417887557
0.21875533470884057 0.1330691717926854 0.2516891807299825 0.39648631276849156
0.06387840542833467 0.5420007807334635 0.36385739548922735 0.030263418348974502
0.269016316116496 0.0055190140566684365 0.6395367847117974 0.08592788511503813
0.10077720989994021 0.029679430509602867 0.11956706352796176 0.7499762960624952
0.671865024681269 0.018030564104631552 0.30565671940834716 0.00444769180575233
0.6723469239890718 0.14419943420898096 0.0667435148766472 0.11671012692530003
0.06198115953504124 0.05005357410743727 0.4910052903869414 0.3969599759705801
0.046098667031925444 0.373571254367861 0.16581436126837934 0.41451571733183423
0.19729939064530866 0.3204334051393224 0.24079750476118544 0.2414696994541835
0.016623323554313507 0.8442552925290596 0.09501049939192929 0.04411088452469758
0.29771510303483617 0.024695849852827245 0.02687554421097027 0.6507135029013663
0.014775569933262123 0.3575907063267797 0.4957330105913983 0.1319007131485599
0.08181819727109185 0.22070133570654937 0.238635668143524 0.4588447988788348
0.43100646119755404 0.05952919077183194 0.12354869396211166 0.38591565406850237
0.14246237916434024 0.4687523918442632 0.3726344578196018 0.016150771171794753
0.19434683117314522 0.031268371821081664 0.08023210070807407 0.694152696297699
0.2999309515178178 0.1842867332277125 0.06228300619634308 0.45349930905812663
0.41820412451926625 0.2313207408379392 0.1661526027586543 0.18432253188414027
0.6678175550881338 0.1457129716059754 0.12052705879418968 0.06594241451170113
0.02298730131563531 0.47556490251246153 0.1019485547394503 0.39949924143245286
0.7158030920637662 0.008333365656124303 0.22596640014190128 0.04989714213820817
0.06700213576406633 0.09464766627124077 0.5480036354023385 0.29034656256235436
0.2257019359285286 0.10707018709892258 0.1338027237529188 0.53342515321963
0.47685503932360296 0.21106760406444702 0.14119714306965325 0.17088021354229677
0.026594437699237528 0.3341192888216049 0.3659088239601592 0.27337744951899834
0.2031370246082781 0.03337792008293794 0.364639933003434 0.39884512230534996
0.4390554981981094 0.015531962072790728 0.04482381859940976 0.5005887211296901
0.30004126893301 0.10829767925744871 0.2753483443434205 0.31631270746612083
0.024748833416998073 0.5061579293747908 0.0952917223615043 0.3738015148467069
0.1246137013955867 0.5131297881508115 0.029280676859221866 0.33297583359438
0.5989234198814195 0.03916255402658453 0.005745283581983673 0.3561687425100123
0.20871231466401285 0.38567366619614085 0.07930240275036604 0.32631161638948025
0.034017692529848986 0.8489730105900251 0.09251754771923093 0.024491749160895027
0.1573980700879053 0.28771347688927074 0.5537069859954845 0.0011814670273394556
