23 30 4 81.83154590882825 163.6630918176565
5.655680954619303 9.522663434333326 7.889137834572162 3.5415625957040144 2.989408269354873 7.175998767137202 2.5042528279005065 4.5319821981852755 6.562471125275283 4.7073708537287136 1.0221839308079756 8.956289641348942 8.964527845388261 3.7036872042983284 6.306236786932431 9.805842244133478 8.6058443991368 1.5856789515147414 3.6527001824562904 3.591409968705218 8.402197051930898 6.635647341642215 1.9942994252230641 1.0047593005234845 9.479496095699496 2.273506819526708 4.794368735495437 4.118404961336898 8.828065759574633 4.857416311170577
1.1311361909238606 1.9045326868666652 1.5778275669144324 0.7083125191408028 0.5978816538709746 1.4351997534274403 0.5008505655801013 0.9063964396370551 1.3124942250550566 0.9414741707457427 0.20443678616159514 1.7912579282697885 1.7929055690776523 0.7407374408596656 1.2612473573864862 1.9611684488266956 1.7211688798273599 0.31713579030294825 0.7305400364912581 0.7182819937410436 1.6804394103861795 1.327129468328443 0.39885988504461284 0.2009518601046969 1.8958992191398991 0.4547013639053416 0.9588737470990875 0.8236809922673796 1.7656131519149265 0.9714832622341154
0.11922669418412268 0.010529603521057251 0.6989951866175758 0.1712485156772443
0.16201247900274895 0.4264733428395936 0.24271943384807548 0.16879474430958197
0.17824726657014334 0.32780736579871594 0.14979082563804402 0.3441545419930967
0.48305518544294146 0.3376462997199734 0.08090070764446589 0.09839780719261926
0.14750305870585345 0.08433028889620098 0.23392957887701205 0.5342370735209335
0.6159867686395024 0.3004209534263371 0.0015380836380902707 0.0820541942960702
0.19868130269462891 0.05644951702770695 0.7173869607041579 0.027482219573506272
0.08347593685978472 0.017894090677177066 0.7436391671321101 0.15499080533092813
0.09272600446654555 0.25275247351264996 0.45312172937151085 0.20139979264929364
0.5035347736778055 0.03086250755316966 0.2568933098253723 0.20870940894365253
0.0744592048645033 0.3611399646518665 0.3221702031828002 0.24223062730083
0.04662987836169319 0.596830331808012 0.23480564503956602 0.12173414479072875
0.005024923725740482 0.23515697782067158 0.28897311813225335 0.4708449803213346
0.14536195449419298 0.4602032402764391 0.23728935627811076 0.15714544895125715
0.5583471760640503 0.04512803115177755 0.3510792241334354 0.04544556865073679
0.3018131639153595 0.3254193358418963 0.012157378957007858 0.36061012128573633
0.2853803359354091 0.19851163539297945 0.3658925570904895 0.15021547158112192
0.0968849642839934 0.09315368710261152 0.13874869855353522 0.6712126500598599
0.12234722973411316 0.6386089161031466 0.1273060060039285 0.11173784815881171
0.1552147464040412 0.0299781710792979 0.3795925316749139 0.435214550841747
0.08086222034004453 0.6571778039614611 0.05633928206239025 0.20562069363610413
0.11380123623093197 0.33569574649695133 0.1019054214781222 0.4485975957939945
0.1406534791699433 0.008194545722752355 0.22268575223727016 0.6284662228700342
0.05011902966338311 0.330188333193019 0.5304004645801571 0.0892921725634408
0.19425766330246852 0.011675010827103427 0.41130881962735977 0.3827585062430683
0.17079131745352893 0.4697721943949207 0.3221579577037328 0.03727853044781759
0.028773996896283682 0.3014956562524538 0.27481735297224563 0.3949129938790169
0.9395388576438164 0.013702225731360151 0.03754981251370948 0.009209104111113975
0.06781930482977494 0.05378932813766901 0.7062585830644169 0.17213278396813914
0.31263487955292235 0.38190647758927443 0.2402508654214226 0.06520777743638062
0.07753409172717718 0.5188500809824317 0.1214676655164294 0.28214816177396174
0.46438561478020246 0.0835896773128042 0.22563787698272764 0.2263868309242657
0.24058353121801312 0.1561621676118159 0.16096106064859395 0.44229324052157704
0.5057593219775152 0.32195660409746596 0.12802391501320476 0.04426015891181412
0.07905548640493043 0.15219581890559708 0.6477245030937456 0.12102419159572686
0.12906352760617068 0.10573402330512638 0.7167902090899672 0.048412239998735784
0.23937099816163865 0.21088415018335172 0.2376912285760372 0.31205362307897244
0.05326709464893753 0.4000490871678676 0.16953178873585895 0.37715202944733595
0.12672500961990707 0.25750193312852354 0.5212482824693121 0.09452477478225729
0.12660677568465384 0.38069742139051477 0.08874705704803099 0.4039487458768004
0.006428299533343673 0.4529357923547881 0.143123751578367 0.39751215653350125
0.41874240000591323 0.014275293302585035 0.13533208217989767 0.43165022451160406
0.1288935485768078 0.16681325452901896 0.35178818507905374 0.3525050118151195
0.5183144450584166 0.17307481540242842 0.272155519601589 0.03645521993756595
0.0854957627108347 0.19652061933799303 0.6130845728412245 0.10489904510994774
0.3964306441212516 0.0015139881524955934 0.019083474789970634 0.5829718929362822
0.33885827739248164 0.04563307792464877 0.4542473481381103 0.1612612965447593
0.023379930587594244 0.5056232509250986 0.4333394630613412 0.03765735542596593
0.5213904458715113 0.4382543640564771 0.03894187116574499 0.001413318906266614
0.29823290410761627 0.30288604621590276 0.17973383514517305 0.21914721453130792
0.11651782167819436 0.4497962772991434 0.36094591817123434 0.07273998285142791
0.2879329511114639 0.15671063416681907 0.24401137259118888 0.31134504213052816
0.11965252243926927 0.4916811570926951 0.23328380417648853 0.1553825162915471
0.1830493219429843 0.0805050644170684 0.2723341538804078 0.4641114597595395
0.24598420871622517 0.511730738485561 0.02119713503534526 0.2210879177628685
0.11917630556450598 0.28093105441244515 0.3635606335220013 0.23633200650104758
0.21749415361126012 0.2953194069225452 0.2858083833500321 0.20137805611616255
0.480686727057959 0.012561573188850872 0.08330039552865998 0.42345130422453015
0.27628244726328566 0.44507765376563135 0.08820625599937315 0.19043364297170984
0.04517116277350908 0.29729401577914527 0.25783192781482156 0.3997028936325241
