24 90 4 274.0436178387096 548.0872356774191
9.640155730023267 7.295608449546185 9.998805633614912 2.980605698045666 4.2495071856765225 7.658568911884934 9.968101525801872 3.8471228001154754 2.2289012184117216 4.4558200913644015 3.884673552086738 4.297732777751636 7.386864063293147 9.101281874710361 5.807038952779485 3.2256438841895063 7.046259063193677 6.055561965818239 5.883038890385588 9.041028433254107 8.585015946085386 3.754113309546607 6.6805279970967595 7.122149744015396 9.733848043557886 9.04210436728685 9.481832752247024 6.78002933100515 6.531828704578758 3.049149289581783 5.374286820697355 8.264973694495719 8.597981381701267 5.812127796069615 7.82018244868996 5.497091974934555 8.652951069354657 6.577270978204647 8.754527611451024 3.085274769841003 4.61996573122694 6.61937555943897 2.2873303529551166 2.1051863523395133 4.751469196862519 6.011946838467639 9.472772578954801 4.683331202529075 7.6307630444464625 9.959056069296242 9.24997914289871 1.018209453346524 9.741985239063608 9.001433590288514 7.29539745613471 1.8777220169313367 6.160861350265613 8.380334046970862 6.0480194558103495 4.156862146483975 5.891497804844693 8.916301825409088 2.026869083849679 1.2829492489927148 9.57529054335733 3.598691269240646 4.977542537965222 3.3311937903528848 6.372022993543983 6.897574413795787 3.481259145811878 8.721752121452075 8.998517317454636 3.56554531958786 6.936043771981928 9.749082334301415 8.171867013007127 2.615179610590985 8.06205680098887 9.731150997181443 4.26530592087149 1.7909745828408559 4.094500813563988 6.139986811219939 2.4896141421428744 6.684543449678004 1.590089817689615 9.215867720844848 1.797885813040791 2.7944891047164453
1.9280311460046533 1.459121689909237 1.9997611267229825 0.5961211396091332 0.8499014371353045 1.5317137823769866 1.9936203051603745 0.7694245600230951 0.4457802436823443 0.8911640182728803 0.7769347104173476 0.8595465555503272 1.4773728126586294 1.8202563749420722 1.161407790555897 0.6451287768379013 1.4092518126387354 1.2111123931636478 1.1766077780771176 1.8082056866508214 1.7170031892170772 0.7508226619093213 1.3361055994193518 1.4244299488030792 1.9467696087115773 1.80842087345737 1.896366550449405 1.3560058662010301 1.3063657409157516 0.6098298579163566 1.074857364139471 1.6529947388991437 1.7195962763402535 1.162425559213923 1.564036489737992 1.099418394986911 1.7305902138709315 1.3154541956409294 1.7509055222902048 0.6170549539682006 0.923993146245388 1.3238751118877938 0.4574660705910233 0.4210372704679027 0.9502938393725039 1.2023893676935278 1.8945545157909602 0.936666240505815 1.5261526088892925 1.9918112138592483 1.849995828579742 0.2036418906693048 1.9483970478127215 1.8002867180577027 1.459079491226942 0.3755444033862673 1.2321722700531226 1.6760668093941724 1.20960389116207 0.8313724292967949 1.1782995609689386 1.7832603650818175 0.4053738167699358 0.25658984979854293 1.915058108671466 0.7197382538481292 0.9955085075930444 0.666238758070577 1.2744045987087966 1.3795148827591572 0.6962518291623756 1.744350424290415 1.7997034634909272 0.713109063917572 1.3872087543963856 1.9498164668602829 1.6343734026014254 0.5230359221181969 1.612411360197774 1.9462301994362885 0.853061184174298 0.35819491656817115 0.8189001627127975 1.2279973622439877 0.4979228284285749 1.3369086899356009 0.318017963537923 1.8431735441689696 0.3595771626081582 0.5588978209432891
0.47195269795088235 0.20871026622004651 0.08488846251770577 0.23444857331136537
0.20978981055078283 0.3941900107070586 0.1651827926958812 0.23083738604627735
0.46378770760574095 0.05532546114206949 0.12441219316102714 0.3564746380911624
0.25675936951200384 0.3915280036652332 0.28411771384146756 0.06759491298129539
0.11044039822543339 0.35848343823651374 0.34767986608434254 0.18339629745371033
0.5282710737487201 0.12282027486553082 0.06070826475839464 0.2882003866273545
0.578734368065148 0.1863152526853109 0.1472866879034207 0.0876636913461204
0.17621021357620914 0.37219639195606025 0.08754487367936525 0.36404852078836536
0.689698697488411 0.14358820004996686 0.06858198055733766 0.09813112190428452
0.4210961338309971 0.13748815858256225 0.3686995557347874 0.07271615185165325
0.045574626831785925 0.5432401809110837 0.16017055239660094 0.2510146398605294
0.0249223184136671 0.7144554705012645 0.24291520757545693 0.01770700350961152
0.35033697346952086 0.0369458907611131 0.17952221837242732 0.4331949173969387
0.18024039388297874 0.4999408560427815 0.24973489570181018 0.07008385437242959
0.2512847168134523 0.31162353608791327 0.017966812296759782 0.4191249348018746
0.2294505756274452 0.14518395127116546 0.530735058718616 0.09463041438277331
0.17801445745707967 0.5866655336793594 0.15721328254645783 0.07810672631710314
0.10226279433958463 0.021425956062766094 0.351969661032153 0.5243415885654963
0.03459653327767165 0.2517978864494528 0.43864265960416415 0.2749629206687114
0.31771564479989034 0.3237878822067638 0.35540876678867683 0.0030877062046690273
0.36913285641972904 0.363926287657664 0.11992705462155884 0.14701380130104813
0.0557266814938735 0.5072004152243981 0.22967448449832817 0.20739841878340026
0.031169561221821906 0.680360095094623 0.08948642012684882 0.19898392355670624
0.01156202888314628 0.5913419047875738 0.015605643402172853 0.3814904229271071
0.011952713141286542 0.19381887134779696 0.17535220593774348 0.618876209573173
0.07183356892844561 0.9136981235543329 0.004594079874280843 0.009874227642940658
0.2651874728015893 0.235829228474986 0.39757887992193364 0.10140441880149109
0.010064105629034814 0.4974559544396443 0.17370773312471655 0.31877220680660434
0.24642167220932465 0.3670916127562268 0.06387146493190221 0.3226152501025463
0.059797227161024424 0.5341657416950447 0.37978013720904946 0.026256893934881398
0.3235694128028398 0.04145373713822165 0.6296485974816208 0.005328252577317727
0.04828704990528554 0.1179795101510086 0.20995926769374174 0.6237741722499641
0.14961043798701457 0.14294305428788334 0.5132985935933728 0.19414791413172927
0.04095061157841895 0.8273560676576224 0.016747870659424624 0.11494545010453405
0.1442367950610135 0.026374533598189087 0.722248317504144 0.10714035383665343
0.12811783327338133 0.0630105784196141 0.2760320672485046 0.5328395210585
0.42490342701034367 0.23140446166322226 0.1945481517113371 0.14914395961509697
0.09375561971819235 0.17755799282114437 0.31999090641814765 0.40869548104251563
0.20100966327800285 0.6275658143334527 0.1644886191288042 0.00693590325974025
0.3387082768567302 0.06990333451310837 0.13894459243495294 0.45244379619520847
0.1708662037726033 0.4470773103617697 0.08243109114229719 0.29962539472332983
0.07521778324986406 0.2002690288601069 0.6631856255083979 0.06132756238163117
0.027697733910809985 0.7517891303876411 0.0852707046088027 0.13524243109274625
0.04370542230775165 0.32574843938465825 0.4059828885712625 0.22456324973632757
0.2783487714874162 0.4650844180552782 0.24325195047561965 0.013314859981685911
0.5130960221495895 0.10125968963580656 0.11578891167070726 0.2698553765438967
0.1386980172243214 0.03826303983340462 0.12041377114422147 0.7026251717980525
0.35549773177592614 0.34833319957523534 0.01718137959854571 0.2789876890502928
0.22324944101099775 0.11844968677360401 0.12472334657595041 0.5335775256394478
0.4608559998131557 0.14701648645659526 0.20678509941071144 0.18534241431953757
0.2764001362283851 0.40182360121859284 0.140205755987736 0.18157050656528606
0.4406824586264747 0.20845769914088885 0.14975185392641588 0.20110798830622056
0.1516144967260986 0.5096233207011658 0.13779383133775258 0.20096835123498302
0.18783414177589397 0.13388341910243262 0.0880566127127127 0.5902258264089607
0.07264460108719473 0.3147964716919698 0.5391897763247483 0.0733691508960872
0.20735494145385402 0.21996458275219188 0.13254442699015545 0.44013604880379864
0.8423374554243899 0.07675439916804372 0.04256469307809263 0.03834345232947378
0.19525426656533518 0.2595991990137414 0.23158518524322347 0.31356134917769996
0.10718344781423439 0.05182816869328166 0.46040773149369096 0.380580651998793
0.22705984433825877 0.19310607565287952 0.5765717600875043 0.003262319921357393
0.3692567867994315 0.12083969750586565 0.5045958074021649 0.005307708292537905
0.00804907670548094 0.3932560331406397 0.3753371159753456 0.22335777417853375
0.4605591834296531 0.12090576442070111 0.2714039530900313 0.14713109905961452
0.14160673999084084 0.24601211192351158 0.5236204390014438 0.08876070908420375
0.019341653349710053 0.21770660140400766 0.0947303545497693 0.668221390696513
0.32071403527107123 0.1318539840440256 0.03250960519558199 0.5149223754893212
0.02730315749485468 0.23809678944278123 0.6136518636071358 0.12094818945522834
0.3084284332815862 0.22182562238404402 0.3972567334656917 0.0724892108686781
0.41729933447936995 0.1401472699673677 0.125636717581877 0.31691667797138534
0.29577161679165 0.15813607547225383 0.48425529414108337 0.06183701359501281
0.12690525622185567 0.16278666252384233 0.6961868383896684 0.014121242864633565
0.16322819492529284 0.31909178109502945 0.3327638959996333 0.18491612798004442
0.6052308487502412 0.26671334087096255 0.04499063734807196 0.08306517303072425
0.32603325622472124 0.09600324889458578 0.24014834645244787 0.3378151484282451
0.09889886467267328 0.1182917411164689 0.5557463858405054 0.22706300837035243
0.0657922800669335 0.1424931354905331 0.730474898573111 0.06123968586942241
0.021279902740375833 0.5570176242847501 0.09561048236771186 0.3260919906071622
0.5944065798747383 0.14239208377916157 0.22746490624504012 0.03573643010105998
0.11382574285197822 0.4063335765083931 0.04583665348612476 0.43400402715350395
0.4441297207569703 0.05287445487934672 0.025445520206196504 0.47755030415748645
0.2660168239728604 0.1494435022978159 0.31571248421593545 0.26882718951338824
0.3456837215908035 0.11121777635288121 0.3079038261693421 0.23519467588697318
0.32155308534912397 0.003073924928665983 0.13927664189576872 0.5360963478264413
0.2518495935490609 0.6219016338926392 0.10077873153693118 0.02547004102136874
0.3330049230936635 0.2500740436415331 0.2164321074934723 0.20048892577133115
0.06859347556641615 0.4217908897624404 0.20237565844164385 0.3072399762294996
0.19776683242819582 0.5286910897285783 0.003234304896233886 0.27030777294699204
0.21540363275514374 0.098869806838349 0.24282380793321567 0.4429027524732916
0.4363567639932323 0.1960712863892876 0.023723071795744177 0.3438488778217359
0.0700748768122691 0.5308116805169807 0.22040137692062922 0.178712065750121
0.012743533666867535 0.26285910625667064 0.16539454027419964 0.5590028198022622
0.1361227536800812 0.3384614989054274 0.07138859360178207 0.4540271538127093
0.24883145382893634 0.18941891890797946 0.5059426730623996 0.0558069542006846
0.02299406471310539 0.333745461046722 0.03551948057473808 0.6077409936654345
0.05814587189395937 0.23119538230509917 0.15921694644267015 0.5514417993582713
0.15370561722706666 0.5284428817992545 0.06046818411355048 0.2573833168601284
0.05123622729922084 0.32926350508022706 0.05654327331362974 0.5629569943069224
0.5517914990855354 0.2696292945349211 0.09890728577736208 0.07967192060218142
0.05522385012184483 0.23102191121378224 0.373773258524422 0.33998098013995093
0.1574407373971164 0.2937310195476819 0.33572382960845637 0.21310441344674536
0.06176831515473502 0.4438747465983026 0.3336105918535117 0.16074634639345065
0.009683949656655533 0.03620965300381096 0.5466959385527221 0.40741045878681137
0.09945230026698948 0.2950111622762013 0.008235709857590034 0.5973008275992192
0.7305131084085753 0.15338527688540815 0.05823930483986417 0.05786230986615237
0.31027156380941834 0.3885029253388773 0.11414404830525038 0.18708146254645397
0.1496799063141213 0.672136395551816 0.09642239882233383 0.08176129931172882
0.09803848432106199 0.23190556969365672 0.06981388198950855 0.6002420639957727
0.09267715374413865 0.5359798576705478 0.07363205175924104 0.2977109368260725
0.018205185772184884 0.35294144901049973 0.5082800832296462 0.12057328198766915
0.1535907037805837 0.22153760856987326 0.4399238506222206 0.18494783702732243
0.016731749271506113 0.27066139885838003 0.022097810537849538 0.6905090413322643
0.029209489317782777 0.06172313604198809 0.6294172099618552 0.2796501646783739
0.4805047631149235 0.0020961914228769807 0.06627318472913979 0.4511258607330597
0.7592791718698868 0.04165285445768285 0.12786601817727217 0.07120195549515818
0.2707413083513932 0.2926342688068817 0.43577576080877833 0.0008486620329467565
0.24019426443006098 0.5236599647706437 0.21017368903873523 0.025972081760560095
0.5254843248347338 0.17015319397300144 0.26980216677931523 0.03456031441294949
0.438633283195327 0.41352025955982064 0.10298883570882045 0.0448576215360319
0.1386328445952434 0.4968705214952993 0.2892393350686223 0.07525729884083499
0.06494250091092246 0.09337283320252521 0.5634884984271007 0.27819616745945164
0.42025776739532594 0.4409235188624281 0.13387909669102038 0.004939617051225587
0.1600449569054968 0.06621700194863 0.14110119343638705 0.6326368477094861
0.010994743642253946 0.4076110689620992 0.5596656374712553 0.02172854992439155
0.00021870577242200095 0.10650963663414181 0.5459482034733296 0.34732345412010657
0.016225608667717384 0.15438455613044344 0.02941323669835849 0.7999765985034807
0.15492202166880842 0.1981814462894267 0.04965139054399015 0.5972451414977747
0.27861263474293885 0.040665972117797544 0.4031877203278327 0.27753367281143093
0.03303613538949435 0.11532527875621224 0.8341146884271552 0.017523897427138224
0.42626626782930743 0.13658088779414868 0.42624572404786476 0.010907120328679132
0.0071680473780662 0.11056339224379996 0.7918175098069405 0.09045105057119329
0.006594100552938298 0.45096103696039014 0.22170773825724077 0.3207371242294308
0.26971156486397363 0.11846567498760618 0.3903557856950589 0.22146697445336128
0.11234048033630806 0.29864195043871644 0.20622658613622968 0.3827909830887458
0.3863430534945762 0.29961571212993277 0.006211425717112862 0.30782980865837817
0.07570719302199114 0.502222254909353 0.19123406375283558 0.23083648831582027
0.07612399817055049 0.6284778535413209 0.23905161018434573 0.05634653810378287
0.2703933273580663 0.04716799819096551 0.1749323908525533 0.5075062835984149
0.007463749442434664 0.7057687131226583 0.22951693862133915 0.057250598813567866
0.16860373042578947 0.5814042890764042 0.23560741372585947 0.014384566771946883
0.3062375122298582 0.14989106222376614 0.06302868261611849 0.4808427429302572
0.3618812342433523 0.5684935660833085 0.0016653461519582358 0.06795985352138101
0.02753341232569917 0.03972923356797997 0.44174250513420366 0.4909948489721172
0.226083864456869 0.34474036266935504 0.07588767175333988 0.35328810112043607
0.1318651901900102 0.4378709065241635 0.3237993727238022 0.1064645305620241
0.11021138515943396 0.12021930338002207 0.40772387714977876 0.3618454343107652
0.01049791211934148 0.1260591143161902 0.3048240555265457 0.5586189180379226
0.11833327080465261 0.21109160863829624 0.5480214636075547 0.12255365694949649
0.06951846375219439 0.2762776287442815 0.18514604799891388 0.4690578595046102
0.2433019339263528 0.04859758874114062 0.17427334340173528 0.5338271339307713
0.2283235006925901 0.02166930518896104 0.6195175396813692 0.1304896544370796
0.6790856531325898 0.16206273946461058 0.08307116480831778 0.0757804425944818
0.35603383224393115 0.028605806825489632 0.4515949584474829 0.16376540248309635
0.3877197751815057 0.08229527288764749 0.1732476550589125 0.35673729687193434
0.44369225158234404 0.02567191180241979 0.04262428255089046 0.4880115540643457
0.17617142772151717 0.007282487569053142 0.4574189911476644 0.3591270935617653
0.26550269123642667 0.439570487797339 0.12789410963385672 0.16703271133237763
0.010313390628192254 0.016467405593067808 0.7584677850632155 0.2147514187155244
0.04548878701862047 0.0702405921937771 0.608222804218844 0.27604781656875843
0.27830422970517354 0.6147518697529327 0.03198753421861189 0.07495636632328184
0.12073912291665001 0.5147248156541332 0.13347513969084457 0.23106092173837223
0.20362428852007564 0.1296396604891572 0.40919996377762835 0.2575360872131388
0.3618031011595373 0.40841569264264965 0.1701618335008902 0.05961937269692286
0.14940091321693438 0.06119176343491517 0.42488375109410703 0.3645235722540434
0.030689407701078197 0.038537220463802035 0.6264544308358465 0.30431894099927326
0.4801953156115938 0.10782605726807926 0.2704806062885595 0.14149802083176743
0.22021673271963127 0.19735376306918273 0.163542487173311 0.418887017037875
0.0060581703844116985 0.3079148561503017 0.43963284860775875 0.24639412485752787
0.3833564985756245 0.28629930905908996 0.22865386320896808 0.10169032915631748
0.35882056848720856 0.016419666511558684 0.4637116865244697 0.16104807847676306
0.43170132284876783 0.49336946279693805 0.015947953368795176 0.05898126098549894
0.1670794954602146 0.037929915335828346 0.08816307124901901 0.706827517954938
0.16326251666322522 0.7300086105244977 0.09665353231075313 0.010075340501523922
0.291864854164807 0.32246874010288273 0.2870070972860814 0.09865930844622883
0.33244327483076497 0.037034298290594014 0.18402513227697936 0.44649729460166165
0.38942169470114696 0.3487776679018737 0.13465704105690324 0.1271435963400761
0.2570592733585182 0.10071562240962706 0.06911645322611559 0.5731086510057392
0.20862993274128783 0.18004681186921678 0.5719127977398588 0.03941045764963658
0.054478757325126304 0.01822415406794453 0.3668248729483049 0.5604722156586243
0.0021581312740938108 0.39373990960273575 0.427452244152541 0.17664971497062942
0.18913695659021468 0.6002658839215117 0.07195089253369691 0.1386462669545767
