50 30 4 83.81632757443907 167.63265514887814
5.451414809842193 3.052747940044026 3.299265313814902 4.566969187504992 4.395835879220116 9.969168071391843 4.673774802998773 7.947045953557422 7.844830192079959 3.7900841381679884 4.118870841064275 4.1658833574690615 2.3092017084653946 9.753982162457053 9.182605941932412 6.039613933499125 3.8223167184703413 8.993800337714994 7.071157592400375 4.5197870287470545 5.5646571152167885 5.716931523977026 9.35200835034897 6.14235762135034 7.0150381189901205 1.4703282199585834 3.9435157365671314 1.507614752543441 2.6184492465740865 9.333398552509383
1.0902829619684387 0.6105495880088052 0.6598530627629804 0.9133938375009985 0.8791671758440233 1.9938336142783686 0.9347549605997546 1.5894091907114842 1.5689660384159918 0.7580168276335977 0.8237741682128551 0.8331766714938122 0.4618403416930789 1.9507964324914107 1.8365211883864823 1.207922786699825 0.7644633436940682 1.7987600675429989 1.4142315184800751 0.9039574057494109 1.1129314230433578 1.1433863047954052 1.870401670069794 1.228471524270068 1.403007623798024 0.2940656439917167 0.7887031473134263 0.30152295050868816 0.5236898493148173 1.8666797105018766
0.7326876089065166 0.1986416586994315 0.006685955336443783 0.061984777057608076
0.5987651786627821 0.08359199047359667 0.0008486013909663193 0.3167942294726549
0.7257502783492717 0.07096698493179665 0.12116095587732145 0.08212178084161015
0.2949295455270283 0.17291668345425615 0.44846222037162686 0.08369155064708866
0.2271141706968911 0.2520020743460618 0.35987964366122505 0.16100411129582204
0.13896007126961285 0.3388248941487667 0.4802860836851853 0.04192895089643511
0.5266640910849083 0.15596851963124558 0.23662440573159516 0.08074298355225096
0.22696164702474486 0.570798460467013 0.05596238829365452 0.14627750421458763
0.005439868860820707 0.008465496822379293 0.36908773059031386 0.6170069037264861
0.40152910346764115 0.33596258144056734 0.1269623239798533 0.1355459911119382
0.29810165145363354 0.12757518815606483 0.13395260559972788 0.44037055479057374
0.049697686154183573 0.4370321709966911 0.4307296254041393 0.08254051744498603
0.07051577837500278 0.3377032443001986 0.5788027756805739 0.012978201644224696
0.2123761181247945 0.16847628894280342 0.32610166805361196 0.2930459248787901
0.17545596569028543 0.12171870123969608 0.20525390218826656 0.49757143088175193
0.12728055084633982 0.24274162593464843 0.21829265233686956 0.4116851708821422
0.16645858516935574 0.24080133926767922 0.4986921231646405 0.09404795239832453
0.17382853179944335 0.6564054859317 0.07219514532588867 0.09757083694296798
0.3084841658471108 0.10412916747415568 0.002472682588411823 0.5849139840903217
0.2444245269759111 0.49011657055036173 0.06072841976109833 0.20473048271262884
0.24305470050611977 0.4319511441167 0.03473721887024861 0.29025693650693163
0.02283521761259677 0.2503002307532637 0.4551382639360225 0.271726287698117
0.32260101781969397 0.16800143520621613 0.24758128348162667 0.26181626349246323
0.23352303568875166 0.23121913490083934 0.10590853721156446 0.42934929219884455
0.018585111354473938 0.2324082508274261 0.3854525962817439 0.36355404153635607
0.17851273856500083 0.37113012979262394 0.16926668055498062 0.2810904510873946
0.13387970383976067 0.008676884922776185 0.7964737520150477 0.060969659222415484
0.10039783847653161 0.3617786087487551 0.3061992250158745 0.2316243277588388
0.33150228369763424 0.05276121060680539 0.5160085495932835 0.09972795610227692
0.0371297051302375 0.07676338177314312 0.32292771582271074 0.5631791972739086
0.4064202433408075 0.05532743292362463 0.25234503116966156 0.2859072925659063
0.22203939207967582 0.4278764760093864 0.22814043451328392 0.12194369739765387
0.12485469348959277 0.30714755430848817 0.349831429928675 0.21816632227324406
0.25533891434456335 0.1323720793857328 0.2290204209922181 0.38326858527748575
0.07344734233770289 0.10517186002197554 0.4812572436746281 0.3401235539656935
0.11230718363845127 0.4279890456319706 0.04349608215304068 0.41620768857653745
0.2520088647581922 0.6702538240864626 0.04201342975708111 0.0357238813982641
0.4215458067022293 0.29447139183303883 0.22073400111244268 0.06324880035228919
0.03486532878140702 0.0799536208851005 0.4740909807959419 0.41109006953755056
0.7486200012742543 0.07303703002568529 0.01868713884602491 0.15965582985403548
0.5385443848349328 0.06383478864989078 0.010858400486107422 0.38676242602906896
0.2628770217325649 0.19981500770077776 0.03719960865155625 0.5001083619151011
0.20908845599764592 0.27795502467002364 0.09506513049791543 0.417891388834415
0.5929682131561674 0.04577228324554217 0.3223945531053598 0.038864950492930594
0.0897930746962542 0.7383511594646598 0.07634522307549607 0.09551054276358995
0.01653445679207788 0.025595046141123956 0.1371387230038501 0.8207317740629481
0.2354009785637614 0.23575917883161435 0.41252833920867604 0.1163115033959482
0.2920076220686647 0.16613548639196363 0.13679381627346843 0.40506307526590324
0.3178787309034169 0.08777220617743986 0.23251613254259362 0.3618329303765496
0.03703341312787889 0.7355374496421914 0.21250599667909764 0.014923140550832104
0.05169587728748348 0.8410688588533175 0.06449957633230607 0.04273568752689294
0.1705935122058415 0.7425490114474249 0.04226279608469896 0.044594680262034614
0.1307157463334474 0.009607827129370472 0.13691488732514911 0.722761539212033
0.4768940450475252 0.0564438881634477 0.27269316397156484 0.19396890281746226
0.05698766494677421 0.603538896262094 0.05229002341152178 0.28718341537961
0.2507041032180798 0.0892193291127763 0.4043964965907545 0.2556800710783894
0.15077407986613078 0.045090932199293166 0.7755878746084296 0.028547113326146456
0.08181246995631308 0.0021975661646298494 0.1263467084396872 0.7896432554393699
0.7005846907443111 0.16474391378686926 0.12299719626205663 0.011674199206763047
0.32698638865567964 0.17433983051977853 0.2323636087280836 0.26631017209645824
