78 40 4 112.26059510468782 224.52119020937567
1.4336310475021392 7.128667124809461 8.188264611134215 8.200977324920942 9.687675251406343 4.996178417973604 8.481113889047634 3.219108713894915 1.4525009029893161 5.386886044741782 6.852139782655898 9.28880911453584 7.648606241410635 3.226798655737836 5.662298511085351 6.976754741107615 3.63518482485828 8.861524842431587 8.947616963875069 6.038002057718648 3.0177257099200467 9.400608056770533 4.508574673106882 2.3561121413036794 3.896442069405028 4.010872482504187 9.088776611651426 1.0982879352155162 2.859826273028799 8.23886005622721 6.134352215713046 6.481633878900702 9.67809292430606 4.702472279228251 1.5219018869461032 1.765668047510528 2.025365073465066 9.504750272784595 7.177517155838762 1.7406114017120702
0.2867262095004278 1.425733424961892 1.637652922226843 1.6401954649841883 1.9375350502812687 0.9992356835947207 1.696222777809527 0.643821742778983 0.2905001805978632 1.0773772089483564 1.3704279565311794 1.8577618229071677 1.529721248282127 0.6453597311475672 1.1324597022170702 1.395350948221523 0.727036964971656 1.7723049684863175 1.7895233927750138 1.2076004115437295 0.6035451419840093 1.8801216113541066 0.9017149346213763 0.4712224282607359 0.7792884138810056 0.8021744965008374 1.8177553223302851 0.21965758704310323 0.5719652546057599 1.6477720112454421 1.2268704431426092 1.2963267757801404 1.9356185848612122 0.9404944558456503 0.30438037738922064 0.3531336095021056 0.40507301469301316 1.900950054556919 1.4355034311677524 0.34812228034241405
0.00420252457964887 0.3643973569303831 0.49855855102463853 0.1328415674653295
0.2716922922295164 0.3134959293892374 0.1946659537968709 0.22014582458437526
0.1331804584482692 0.13662420670456943 0.20263407388458166 0.5275612609625797
0.5429972479619469 0.16447999862295049 0.21211069537689053 0.08041205803821205
0.09055300617101325 0.6174025150351414 0.1219798835033421 0.17006459529050322
0.1019890744290114 0.22648522683967098 0.6115234986899465 0.060002200041371134
0.5312428172301867 0.08236736704733982 0.35435345315433653 0.03203636256813691
0.013561664933188888 0.4499702180482319 0.4467599874411553 0.08970812957742391
0.004664666090464342 0.28990684080507856 0.2748841711958605 0.4305443219085966
0.06335583107168075 0.2647435525137095 0.43960267521821805 0.2322979411963917
0.29071338983483874 0.21083960745189056 0.1301752362689894 0.3682717664442813
0.4457546178800341 0.04876275187600276 0.24145023437870694 0.2640323958652562
0.3225183282648958 0.008243965347298432 0.14624806676426738 0.5229896396235384
0.19827176062586804 0.09500448315964904 0.352237385080713 0.3544863711337699
0.014873201001824765 0.4216022668143138 0.04046849497923921 0.5230560372046222
0.5844814658142483 0.26377721907416407 0.04679329628803397 0.10494801882355365
0.2809962527368075 0.384999464534426 0.3337590302280544 0.0002452525007120565
0.11054347490907124 0.2142978521676897 0.11537521507292647 0.5597834578503126
0.21243224584294407 0.7306857939880722 0.030292890394454597 0.026589069774529128
0.22607805425894045 0.18267164371200084 0.5722706911645516 0.018979610864507057
0.2983219812920387 0.04139116888952976 0.4026257900651278 0.2576610597533038
0.29849240796444954 0.07658571436848538 0.22736615810474237 0.3975557195623227
0.1729636050080463 0.1603001610851712 0.4973653675027211 0.1693708664040614
0.04256939165808049 0.351613038416969 0.486406416503012 0.11941115342193853
0.5299495123928176 0.3001570647232127 0.13295786865162107 0.03693555423234862
0.2058132696035212 0.08033349032017556 0.0485428911573067 0.6653103489189965
0.04819994312234488 0.28345362667876794 0.6616154225805402 0.006731007618346996
0.41014051453828493 0.07244745230498906 0.01620792612940858 0.5012041070273174
0.7583742195073282 0.04185899687648409 0.11424168590458617 0.08552509771160155
0.7755741855550412 0.00848986649704786 0.16644004994450678 0.04949589800340415
0.16514525070334574 0.10529776576815919 0.6322836470565271 0.09727333647196801
0.3096853900693165 0.18680752755177765 0.24373165987059764 0.2597754225083082
0.10048243829778158 0.24802742305042036 0.4607697584821363 0.19072038016966175
0.6923232054795426 0.02207303797696636 0.0796733894188647 0.2059303671246263
0.3204502570492288 0.05276842440210794 0.10232838149995727 0.524452937048706
0.14565941275494354 0.637765652934829 0.16808275672859918 0.04849217758162827
0.048314252213338627 0.5843985501124638 0.2277822417342762 0.1395049559399214
0.20216184791741232 0.003545499910403871 0.418353983230938 0.37593866894124583
0.2113682058985038 0.32504031366045083 0.21070408568454224 0.2528873947565031
0.5150294961966864 0.24091723860844683 0.09306721324491618 0.15098605194995063
0.29641293620032105 0.057410433884594325 0.40784010503969925 0.23833652487538537
0.06723502176914065 0.5987110927328582 0.07369698485651022 0.260356900641491
0.40903475553117985 0.14594488387636806 0.3417576135521615 0.10326274704029059
0.5089482202820843 0.09159913603425707 0.09465117745298357 0.30480146623067506
0.3022000930503451 0.08774842619535017 0.09044295947988201 0.5196085212744227
0.48949619694574853 0.4035806663539888 0.01950100139545774 0.08742213530480492
0.5248742000821544 0.02882478821612655 0.07993555759123394 0.36636545411048516
0.3431390048468398 0.040513425792182534 0.037108769920673135 0.5792387994403045
0.02409543348627674 0.16438047059090732 0.18013592497058029 0.6313881709522357
0.022043738883720798 0.521713825726206 0.23147739241556764 0.2247650429745056
0.08157838837856757 0.668440321081636 0.20959794657817388 0.040383343961622575
0.061886232180981215 0.5883814457950433 0.06792942490120957 0.28180289712276596
0.06440858211004075 0.19454706796261578 0.6939968293152647 0.04704752061207873
0.12167553394524244 0.2530988657866238 0.26989763614876483 0.35532796411936896
0.41602760938885097 0.18635001082377267 0.26573300901389707 0.1318893707734793
0.25454338211473804 0.016578191764499484 0.48941769481390807 0.2394607313068544
0.18571586615498825 0.42788215055466305 0.07271762253758884 0.31368436075275985
0.03412119729533636 0.1709550640515305 0.6977297356360063 0.09719400301712688
0.6577550191499331 0.3013865103017752 0.03190528275152582 0.008953187796765905
0.017010180133802844 0.3389814428973902 0.6301441817665597 0.013864195202247243
0.11236736313682183 0.750629020932983 0.006193883012543755 0.1308097329176514
0.15292135763901327 0.10329270972244886 0.21972481812394284 0.524061114514595
0.1312660472636824 0.22141213743307864 0.5735033474843904 0.0738184678188486
0.43091318904762055 0.007111415790981179 0.3521936582736026 0.20978173688779567
0.2757568630941669 0.5770764073533301 0.08515119142687133 0.06201553812563165
0.5023061927564169 0.14046425675778518 0.3323485830850085 0.02488096740078949
0.027370377829437964 0.6098493048917665 0.3423264211516397 0.02045389612715587
0.4754101703814132 0.07361734244834983 0.2947390199099522 0.15623346726028475
0.2166235996300555 0.45285594831770115 0.2134207082603533 0.11709974379189003
0.6165994254395207 0.04184248682461944 0.021068301512974008 0.3204897862228858
0.7882790467923642 0.07899475578797588 0.06256826185484177 0.0701579355648182
0.24963724641068896 0.5067872855505493 0.12768863953406173 0.1158868285047
0.3501853640573537 0.13379727562005972 0.07769584695166853 0.43832151337091807
0.04899105464540143 0.04469439234242756 0.426455074024754 0.479859478987417
0.19114613827156612 0.11090990385352151 0.5776952368181824 0.12024872105673001
0.26679243719596624 0.1614116863253764 0.41437140657032356 0.1574244699083338
0.2945722924505312 0.397892989653863 0.005038595427258263 0.30249612246834756
0.3539761324898987 0.05952363201136435 0.467498780929715 0.119001454569022
0.5028014514107549 0.09580394726843722 0.22541880779445622 0.17597579352635162
0.1187908774259041 0.1750564764695789 0.2724852975372216 0.4336673485672954
