21 50 4 143.27490333133542 286.5498066626709
1.4385239272821457 3.6019869381083516 7.488697121481069 1.1945462492435481 2.853304887406951 1.4569593102583913 3.7204470456815515 6.9751926516223 3.7730295391319095 6.252321485967388 1.626138591513405 8.806640355937795 2.1991646732657295 2.603121954035485 5.463365948435402 8.773296801024012 7.8304945196090285 9.734366128142419 7.833722975069975 4.458250288811165 4.6784649649935925 7.420243850960309 3.4360279540582037 8.686925847922097 9.21847572650625 7.846804626981456 5.650016839822596 2.510521886993566 3.6882306244797913 3.5554874052757044 3.9449131895595784 5.141263004136785 5.899315235118738 2.9566078278374976 8.198814942450788 7.540160043668819 8.643634420520952 3.407696241238651 6.533422400335912 6.8748046587459015 4.48134790720857 4.693187607155369 8.291417945433736 6.403323388439214 9.08506304726225 5.410290025441162 8.454863189946536 8.73000524051415 8.096006292769836 8.988898934864826
0.28770478545642914 0.7203973876216703 1.4977394242962139 0.23890924984870962 0.5706609774813902 0.2913918620516783 0.7440894091363103 1.39503853032446 0.7546059078263819 1.2504642971934776 0.325227718302681 1.761328071187559 0.4398329346531459 0.520624390807097 1.0926731896870803 1.7546593602048024 1.5660989039218056 1.9468732256284838 1.5667445950139949 0.8916500577622329 0.9356929929987186 1.4840487701920617 0.6872055908116408 1.7373851695844196 1.84369514530125 1.5693609253962912 1.1300033679645192 0.5021043773987132 0.7376461248959583 0.7110974810551409 0.7889826379119157 1.028252600827357 1.1798630470237477 0.5913215655674995 1.6397629884901577 1.5080320087337638 1.7287268841041903 0.6815392482477302 1.3066844800671824 1.3749609317491802 0.896269581441714 0.9386375214310737 1.6582835890867471 1.2806646776878428 1.81701260945245 1.0820580050882325 1.6909726379893073 1.7460010481028299 1.6192012585539672 1.7977797869729653
0.13966465542401996 0.16625050936483554 0.39294562416363266 0.30113921104751185
0.23121231494033567 0.5733973370793122 0.081658405915498 0.11373194206485415
0.6656936477741948 0.07341507920989454 0.08024751877047431 0.18064375424543633
0.16797507343295692 0.681929955117134 0.014180721022883369 0.13591425042702576
0.38103513941087674 0.2531279375038661 0.2631498207262616 0.10268710235899559
0.37352109865034655 0.19712392336517648 0.2866973383883017 0.14265763959617528
0.20830305100300806 0.32077425773978674 0.4028002488502118 0.06812244240699339
0.3038669947153547 0.47790244788714276 0.14188860564170003 0.0763419517558025
0.047229130005625786 0.46185053263383535 0.18144212027438933 0.30947821708614953
0.15077454817162717 7.643984440763862e-05 0.45399355088649396 0.39515546109747124
0.6919147835529168 0.2248588370130966 0.06348965828124564 0.019736721152740944
0.002100500892840307 0.4340186366158837 0.14262690310927595 0.42125395938200005
0.284143272181518 0.43167546344054786 0.0448890373721077 0.23929222700582642
0.3302114813466831 0.40839511552212315 0.15899181110620297 0.10240159202499077
0.11546953773860269 0.022059537677977414 0.48104648981247455 0.38142443477094534
0.1881140530715265 0.0712421084228303 0.4061829817817063 0.3344608567239369
0.08833486468591223 0.163958010399331 0.2716558795295817 0.47605124538517507
0.06268918940131918 0.4334429420441934 0.3137011734219768 0.1901666951325106
0.19561039162894633 0.07004526865557448 0.4071141851881539 0.3272301545273253
0.5334355201833139 0.005694409071669626 0.35867857823035243 0.10219149251466408
0.651408998286002 0.3104461924884704 0.008967612133786051 0.029177197091741602
0.3192097458549269 0.10402448043095447 0.551857373723988 0.024908399990130614
0.1294060376887719 0.1731230353771298 0.09318411991274378 0.6042868070213545
0.5194506355698844 0.14342150927349895 0.09423588592472532 0.24289196923189138
0.10754192763516712 0.296710123029558 0.5582009664175893 0.037546982917685545
0.39574151649323897 0.036931639612624245 0.4218225081415462 0.14550433575259059
0.10231052972199373 0.353621816365973 0.24780268600171584 0.2962649679103174
0.003030924966509696 0.8028313549873576 0.05418792147622242 0.1399497985699103
0.22864052835331483 0.1405746180209987 0.17135466147383427 0.4594301921518522
0.09331338995400074 0.14631603407961757 0.49090127387793114 0.26946930208845055
0.4656865577567181 0.13746508381201195 0.1885041029010962 0.20834425553017377
0.524649445545466 0.3190142613564546 0.1496291194489877 0.00670717364909168
0.06134432300631054 0.33460972389787147 0.5147298786784376 0.08931607441738043
0.8761434995768898 0.04356577598878841 0.060919949456134215 0.01937077497818762
0.8946427884940492 0.010434160652240343 0.0010782826069350993 0.09384476824677535
0.4782711941015647 0.20184063520311124 0.20737164758952475 0.1125165231057993
0.22233237386421167 0.4464368258682694 0.16824893606162183 0.1629818642058971
0.08764892380455869 0.057896438884468826 0.39248033275025396 0.46197430456071853
0.27146251186434067 0.29890276166015883 0.3094597299194929 0.12017499655600761
0.03663894959680214 0.29432877719401396 0.36137347971366185 0.30765879349552205
0.30461470896878007 0.5057509872391275 0.05172731043393941 0.13790699335815304
0.0049676848041296795 0.37415582849191853 0.41648335885945154 0.20439312784450026
0.29253149920793964 0.05711577062518691 0.14202838130751738 0.5083243488593561
0.36354242914209145 0.16791249950073728 0.4039769749870673 0.06456809637010397
0.06851284368172861 0.6753998758403768 0.02209273457621952 0.23399454590167512
0.02153771428633222 0.31176083363816054 0.4169777143345147 0.24972373774099255
0.015805383855658328 0.137793263991841 0.3014370269413481 0.5449643252111526
0.030914548326151814 0.3897585961424156 0.5411181982745235 0.03820865725690914
0.12403999137177568 0.24373960267620642 0.5812416138555829 0.050978792096434966
0.0826006013576196 0.008561372327420935 0.1885413538787084 0.7202966724362511
0.4012964984806886 0.05309380913006101 0.3656940973151772 0.17991559507407318
0.3277415904125234 0.2627161731308332 0.20699507592462496 0.2025471605320185
0.24411249672277346 0.21653397159976284 0.006954722125579349 0.5323988095518843
0.17924647312516861 0.18586577371681678 0.33705204516212783 0.29783570799588677
0.04120749026614079 0.15355599226261585 0.6094148599163738 0.19582165755486958
0.17672956273072515 0.205549198326327 0.1288579554841306 0.48886328345881724
0.2465759340069429 0.2766267650040287 0.29282769107947526 0.18396960990955313
0.03510298901951303 0.034866430676747884 0.6054229712166098 0.32460760908712927
0.0745612011704414 0.36423047225416527 0.3404549558262473 0.22075337074914603
0.4617322192499923 0.1530313552507938 0.09758642817243823 0.28764999732677565
0.46279892782768084 0.2697685594805953 0.11095167049853072 0.15648084219319314
0.3633094554071753 0.1156960701893166 0.193923724380202 0.3270707500233061
0.16283091474667466 0.6091945857836385 0.01380266810756281 0.21417183136212403
0.22880153646288492 0.047330684392358546 0.6489903717668954 0.07487740737786108
0.139303583663965 0.22656440771139508 0.14596468765994874 0.4881673209646912
0.1104778922193611 0.20148127978142305 0.011999994209317633 0.6760408337898982
0.08828575481211265 0.12997319032001398 0.11550947216817886 0.6662315826996945
0.27425062088316965 0.06342549897124283 0.44010095058199783 0.2222229295635897
0.2831144435519859 0.05885550973574971 0.5391712202077554 0.11885882650450896
0.1331934419386872 0.14076765015040382 0.4698040429042082 0.2562348650067008
0.03553603828633134 0.16672141229077786 0.610198476996675 0.18754407242621585
0.7019345905358452 0.07497970654292252 0.16749994560264847 0.05558575731858384
0.9370641705527203 0.014244892782807272 0.017354841364948248 0.03133609529952419
0.04611928160405354 0.18045194754262261 0.2841040673552878 0.48932470349803603
0.5888823929995796 0.06699459938168129 0.15918643279781275 0.1849365748209264
0.15286971031914565 0.20646436006049584 0.23588499877452218 0.40478093084583633
0.037249817803254426 0.02614649370388622 0.06475208025659018 0.8718516082362692
0.08914943212552306 0.6120410123057544 0.10045639710381704 0.19835315846490553
0.2702639872994994 0.02344262733628799 0.21498773560334083 0.49130564976087177
0.003625425493034462 0.26609191387021514 0.4834147039134711 0.24686795672327932
0.2628851483357575 0.24454913970463021 0.36864030972645445 0.12392540223315784
0.026905988350189647 0.016663069006556452 0.5947415520424588 0.3616893906007951
0.30695376068349645 0.5895917887191763 0.05439926100047321 0.049055189596854065
0.03180339498236395 0.010396649009084324 0.7166485170083926 0.24115143900015912
0.02784998733220334 0.7130157141964034 0.010777125687535194 0.24835717278385805
0.04180538641387077 0.541025074208479 0.26350473844043165 0.15366480093721857
0.4316722652299496 0.48652915590274837 0.060616209511740515 0.021182369355561503
0.18289419417475994 0.26851818335876154 0.22698085292876258 0.32160676953771594
0.6404080883047568 0.06583146734949386 0.04730208179160644 0.24645836255414288
0.04533114322328202 0.2990578626712368 0.27196857700642896 0.3836424170990522
0.29320362584870374 0.13217020663954504 0.45717809322073477 0.11744807429101645
0.3360210785590967 0.171162607165112 0.07801758487364896 0.41479872940214235
0.4538988277374828 0.20165672580779692 0.1612423446133897 0.18320210184133057
0.2429424780007743 0.01953265192997866 0.5053668695517991 0.23215800051744795
0.3835954243891473 0.13082639118593098 0.08891887404582766 0.3966593103790941
0.3291749019059642 0.29254639660626225 0.009709871867556008 0.36856882962021753
0.33979277877985636 0.14274720421695652 0.19308879384368127 0.32437122315950584
0.12159806492552605 0.1844743624903954 0.6281691312345336 0.065758441349545
0.05313955189247932 0.8442363777692862 0.04899412111426127 0.05362994922397324
0.001041268406025253 0.22434481120153604 0.1998320475056521 0.5747818728867866
