62 60 4 168.68769711477773 337.37539422955547
1.303792393808875 5.401967571690262 8.614765875527945 4.70261799828797 6.682738363576883 3.6184891353952064 5.885202600371884 3.053632419129734 3.162486964783617 9.581117743578663 6.812293889485764 1.1607143814227343 9.96513236691955 7.616750810849052 7.497482147792426 4.694468574544193 2.834021735555413 9.658922761346702 3.020239252348672 1.4300448878709124 8.954624508031653 9.00218857316055 9.665037094861669 6.500571739104927 9.872324895075282 4.627809072610388 2.4122432132287015 6.287042170178333 4.4607081170041045 3.6451380794623356 1.158190368059559 5.201740952147584 9.190597857504702 1.9226792249295306 4.857522180015508 2.177797826041328 2.0080910235607545 9.359520350813725 6.573481092969985 3.438251002714994 7.613856281511767 2.700839168636786 3.5413682844510084 3.6232042505525 5.658667380197252 4.472751504195453 3.0873560848173325 8.256166858042135 7.36914829214976 8.647462267396591 4.27475421231798 4.020900570284936 9.369199457740175 7.966027246255505 6.317519915451821 8.988623447266292 7.117597777903638 1.1605018144440242 8.200473194894608 6.976535005283782
0.260758478761775 1.0803935143380525 1.722953175105589 0.9405235996575939 1.3365476727153767 0.7236978270790413 1.1770405200743768 0.6107264838259467 0.6324973929567234 1.9162235487157324 1.3624587778971526 0.23214287628454686 1.9930264733839098 1.5233501621698102 1.4994964295584852 0.9388937149088387 0.5668043471110826 1.9317845522693404 0.6040478504697344 0.2860089775741825 1.7909249016063307 1.80043771463211 1.9330074189723336 1.3001143478209856 1.9744649790150564 0.9255618145220776 0.4824486426457403 1.2574084340356666 0.8921416234008209 0.7290276158924671 0.23163807361191183 1.0403481904295169 1.8381195715009404 0.3845358449859061 0.9715044360031015 0.43555956520826566 0.40161820471215093 1.871904070162745 1.314696218593997 0.6876502005429989 1.5227712563023534 0.5401678337273572 0.7082736568902017 0.7246408501105 1.1317334760394504 0.8945503008390906 0.6174712169634665 1.651233371608427 1.4738296584299522 1.7294924534793181 0.854950842463596 0.8041801140569872 1.873839891548035 1.593205449251101 1.2635039830903643 1.7977246894532584 1.4235195555807276 0.23210036288880484 1.6400946389789215 1.3953070010567563
0.19554847505866957 0.103366839326826 0.4612744154711228 0.23981027014338163
0.2793118113132056 0.2400266282913358 0.34848411941828616 0.13217744097717243
0.3468443706460439 0.3854168180543357 0.17603483945409892 0.09170397184552148
0.3922017973113634 0.2656553675809957 0.04882388365355672 0.29331895145408415
0.3231523654476329 0.42218947477388313 0.17622262082966167 0.07843553894882227
0.1282163812634115 0.792268543620114 0.07910174955194182 0.0004133255645326628
0.1830068581309271 0.5416535840175017 0.10126611016635134 0.17407344768521982
0.05924963099262137 0.8742070472026647 0.025047082623565586 0.04149623918114831
0.12260387792811567 0.36404038391162274 0.47776605134232675 0.03558968681793484
0.2098962200631701 0.6988317171585355 0.006345605573202295 0.08492645720509207
0.1120088878878085 0.09887688264244998 0.20633766279964771 0.5827765666700938
0.24416677916328455 0.1873231718305295 0.1809531204219358 0.38755692858425017
0.2227386552670807 0.2851211132588999 0.27232193279641703 0.2198182986776024
0.2788141482084502 0.056814627573352317 0.2318031719019341 0.4325680523162634
0.5390308207140199 0.0002991204686590976 0.13501154998182496 0.3256585088354961
0.37316604284799537 0.08890079785562832 0.1319513874755005 0.4059817718208758
0.16883892775736264 0.12392802162871075 0.08376736453616807 0.6234656860777585
0.21945609824158685 0.6880959621651919 0.03858370187356441 0.05386423771965687
0.014546503205853378 0.1003244984376247 0.6457292729423165 0.2393997254142054
0.36853829237061997 0.2980508244624105 0.19403845643294315 0.1393724267340264
0.00520303448989512 0.3160164707530264 0.29978006282366143 0.37900043193341704
0.4748802970199584 0.43015938366118167 0.029640664366897607 0.06531965495196235
0.2397027700941523 0.01677041285830716 0.6349618161795023 0.10856500086803822
0.13502170760124843 0.1197210383748365 0.07632453526037752 0.6689327187635375
0.2675198103692229 0.24637236846010457 0.14412395702116487 0.34198386414950765
0.11468470215441873 0.2820894183259032 0.07708472456564708 0.526141154954031
0.6854312322749563 0.11421467002204388 0.1958312893372126 0.004522808365787223
0.3180945957246365 0.15199862019761656 0.29813059360826144 0.2317761904694855
0.5033192703801544 0.027006112567562024 0.12225621066148429 0.34741840639079924
0.5116315825766709 0.07819719035021155 0.008415967948331549 0.40175525912478605
0.03343755017137595 0.12920201225187777 0.4077984099866897 0.42956202759005657
0.19344307660260962 0.2626077513316607 0.050036602978925204 0.4939125690868045
0.28698033336477236 0.25279651381769275 0.28151154199221706 0.17871161082531783
0.2028649428305911 0.43247926502044176 0.15414812051403026 0.2105076716349369
0.09318092565573344 0.1935408037507762 0.3962401631990611 0.3170381073944293
0.3372324382735564 0.17101828580026113 0.27331183232045253 0.21843744360572992
0.15430822394316923 0.2547439573450596 0.020885694504912178 0.570062124206859
0.38457817161792873 0.38055760898047597 0.07569950747617826 0.15916471192541704
0.29354262710292933 0.07923313151661737 0.4702908706792799 0.1569333707011734
0.12592590931282566 0.12573249460979596 0.16120234961667157 0.5871392464607068
0.1880523103710443 0.455361472888534 0.07990975563469871 0.27667646110572297
0.030573701383478036 0.03513792503597457 0.21897713003826547 0.7153112435422819
0.07280728343840503 0.1718416793786316 0.038256295361065784 0.7170947418218976
0.05464541551930613 0.2560974217625942 0.5705616007579097 0.11869556196018993
0.14474241720406011 0.13609313749336194 0.15746591101842855 0.5616985342841494
0.29803596056790105 0.6132194467929429 0.062360896739331984 0.026383695899824033
0.20793155107344863 0.030915419580353598 0.6450740165468944 0.11607901279930333
0.042628143773370764 0.2513048864562737 0.12654718120874675 0.5795197885616088
0.4869929271680734 0.04578275429816003 0.28206310553763003 0.18516121299613653
0.7234483715019521 0.04868061310326177 0.02802019502371078 0.19985082037107538
0.013812067412492968 0.043589016850347106 0.2713208572432857 0.6712780584938742
0.07118017888877148 0.31357981613338104 0.611751461145389 0.003488543832458446
0.15154322279226728 0.12617520626708378 0.5359450802630081 0.1863364906776408
0.4143534116967309 0.0921793105952492 0.3990527377053662 0.0944145400026537
0.11687563439272664 0.2910762011028216 0.013806963716096798 0.578241200788355
0.32292123694922525 0.29351924938074525 0.1505893332055661 0.23297018046446338
0.07986734762684189 0.5785403066005697 0.22171226995876236 0.11988007581382609
0.10135406267370517 0.0106679814968762 0.19151000481495561 0.696467951014463
0.17881780192336305 0.23226870782091402 0.3373584967058997 0.25155499354982325
0.29848263292864263 0.2930781416140751 0.33270403841596996 0.07573518704131232
0.18774964833439356 0.33941739405559124 0.01486236814519748 0.4579705894648177
0.03921140234210496 0.1298586800929208 0.3445110701522831 0.48641884741269115
0.26909759762367935 0.07804544844464456 0.5321374780235271 0.12071947590814902
0.792122928112791 0.06246846896638658 0.11623921901116396 0.02916938390965851
0.13272331917555857 0.37674919892287995 0.41652878867193477 0.07399869322962671
0.03513781128132265 0.058308452950849854 0.7880341311631133 0.11851960460471422
0.48025316527879525 0.19181739283305965 0.0027799499520654303 0.32514949193607967
0.05682917782949237 0.12587740944602088 0.7031611933988503 0.11413221932563644
0.3554672761085238 0.23684875354264467 0.0028085529228139006 0.4048754174260176
0.059256660826141117 0.03167962235952504 0.7758474294065913 0.1332162874077425
0.20303869170725053 0.38518693054387665 0.06875680347462176 0.34301757427425106
0.28609805312426784 0.038424849264204974 0.6637832669412179 0.011693830670309269
0.007557313723873249 0.5170004303079581 0.27793661679296566 0.19750563917520303
0.15868184030012988 0.5701804458750839 0.18682404349383264 0.0843136703309536
0.16628893072148088 0.025109910633292154 0.5636479641098147 0.2449531945354123
0.13089540769072794 0.08282280999594382 0.6750812680069475 0.11120051430638078
0.5597727062167529 0.08653079967939625 0.1675882324292245 0.18610826167462635
0.6477714650365594 0.0657696172705644 0.11843254285702143 0.1680263748358548
0.09379525790319243 0.7954302203915715 0.07878327943550567 0.03199124226973038
0.2832096136826431 0.07372656774006636 0.33311217476158483 0.3099516438157057
0.18556611567835657 0.10344879439513044 0.7087243262836083 0.0022607636429047284
0.05002744928705827 0.1768735189882673 0.2685006355524554 0.504598396172219
0.7444869255975327 0.059058993507292934 0.16981657331367772 0.026637507581496633
0.30211350287363237 0.21244142373696817 0.09942075671296413 0.38602431667643533
0.6400202462757032 0.07410816559799616 0.06410794875847681 0.22176363936782384
0.1459349161026119 0.5179352258360665 0.22309253640924098 0.11303732165208058
0.504279706426365 0.11840496130439282 0.07069272991577913 0.30662260235346306
0.4223638602889259 0.1858447701122915 0.27453935550767483 0.11725201409110775
0.6205795760745105 0.08703954207109121 0.25815888383880503 0.034221998015593225
0.30016033238316164 0.20168080363221674 0.11227511109193433 0.3858837528926873
5.58491246687165e-05 0.6020845316514779 0.24244603758991112 0.15541358163394225
0.266159572084964 0.48084603680144167 0.1833973037362272 0.06959708737736714
0.21920359922957344 0.0936064345624531 0.5853342461397185 0.10185572006825494
0.19215811234928715 0.36846367179112516 0.15477751146725816 0.28460070439232954
0.12236890499423914 0.07001559371861588 0.29880835366359204 0.508807147623553
0.2691775631659322 0.515945246363792 0.14752582949767856 0.0673513609725972
0.1581176472607274 0.1583963693498467 0.4346805338626206 0.24880544952680528
0.45035099242469545 0.07261832510807131 0.21653203208018457 0.26049865038704867
0.40461508429790616 0.2635061269012595 0.22339993374343525 0.10847885505739907
0.5894580502438044 0.2569429168948766 0.13328241033203003 0.020316622529289008
0.2913070032334305 0.29502832650616484 0.32142565529916745 0.09223901496123721
0.7158455194347813 0.19413807688743723 0.0769946702906984 0.013021733387083123
0.508646019628904 0.0994580118926679 0.02443610376663119 0.3674598647117969
0.038404945267458857 0.4731050632250512 0.11373251895748093 0.374757472550009
0.2425240963249259 0.31585020411885256 0.10336925465134861 0.33825644490487294
0.07688927162151904 0.4129741550139854 0.45270294067853944 0.05743363268595614
0.14604563564471906 0.3266855740451705 0.08755473043026063 0.4397140598798498
0.29346308806759647 0.03126736622668158 0.23611608826237063 0.4391534574433513
0.40142476770151503 0.15894502086841278 0.35199576027761503 0.08763445115245716
0.016419632617796553 0.16015542956294848 0.486771195170278 0.33665374264897696
0.5069737016464803 0.012000297291177797 0.29572006150180064 0.1853059395605413
0.04800687525579184 0.4388796669117502 0.25585767370893364 0.25725578412352434
0.07410341112811192 0.4862396096756917 0.42669641608785946 0.012960563108336931
0.8712641281594483 0.02157172896344617 0.03172298565178999 0.07544115722531552
0.10620927740561215 0.09634331646763583 0.42580682736706355 0.3716405787596885
0.03612817334874019 0.6098318702230092 0.013641199908847823 0.34039875651940277
0.06222045967546408 0.27023193632013554 0.18238251750620627 0.4851650864981941
0.03660271535828441 0.29919633530768985 0.17231435492868652 0.4918865944053392
0.49941434453380684 0.20933122951628746 0.17988776632261927 0.11136665962728642
0.26148168759983104 0.017710760591922448 0.7172952617664615 0.0035122900417849934
