10 80 4 218.46822982881613 436.9364596576323
7.941885789400714 1.1867675442346135 6.702834114336479 7.7392349428475065 5.4865631107233135 3.023169809777629 2.782565782836616 7.8447764097906285 2.521997529062819 1.7950583275660925 7.1682383653101756 9.58054011575443 1.03553439695123 5.60973037047199 8.313588654869022 6.512734601464493 7.495797856886196 3.6268846135356982 9.259967102616491 7.431182050579215 5.882899312101351 2.2795304284137425 4.360066840463222 7.067202535597108 4.976498569806965 4.906125939999644 6.559902806223855 5.6182441829895176 6.853574637383205 6.4093505806409 8.247008771494718 5.694824371542707 9.177839927278015 3.8731248008969077 1.8141341434381664 3.70630050972583 2.025859256771948 8.458131936769089 1.4220668745032479 6.636584334802533 5.928275403273192 8.373582961030618 2.7905278571093106 8.711652722119599 4.1648737548887915 7.7918292237687155 3.663655361917108 8.955428316050677 3.9296047404902392 2.485143079472336 4.532763195519285 1.8411433710278526 8.389950920532357 2.3603681767830746 4.457030038229796 9.49834641014921 9.88862927411685 5.106740923853057 8.435105594584659 3.262367207863534 6.376344834077958 9.125485842984647 5.811021539216336 6.311812266868806 1.353535905028486 4.2146358277108265 1.7165178114036777 3.7491392650853643 3.976473807839188 7.964472665895363 1.3596328782097955 4.865429605884745 3.834341846584195 6.728420287607902 4.117124350720298 1.3878762058449499 8.919236570661244 7.869165284293129 8.902869784523725 4.757582294553403
1.5883771578801427 0.2373535088469227 1.3405668228672958 1.5478469885695012 1.0973126221446627 0.6046339619555259 0.5565131565673231 1.5689552819581256 0.5043995058125639 0.3590116655132185 1.433647673062035 1.9161080231508858 0.20710687939024602 1.121946074094398 1.6627177309738044 1.3025469202928988 1.4991595713772392 0.7253769227071396 1.8519934205232982 1.486236410115843 1.1765798624202701 0.4559060856827485 0.8720133680926445 1.4134405071194216 0.9952997139613929 0.9812251879999287 1.311980561244771 1.1236488365979036 1.370714927476641 1.28187011612818 1.6494017542989436 1.1389648743085414 1.835567985455603 0.7746249601793815 0.3628268286876333 0.741260101945166 0.40517185135438955 1.6916263873538178 0.28441337490064955 1.3273168669605067 1.1856550806546384 1.6747165922061236 0.5581055714218621 1.7423305444239197 0.8329747509777583 1.5583658447537432 0.7327310723834216 1.7910856632101353 0.7859209480980478 0.49702861589446723 0.9065526391038571 0.36822867420557054 1.6779901841064713 0.47207363535661495 0.8914060076459591 1.899669282029842 1.97772585482337 1.0213481847706114 1.6870211189169317 0.6524734415727068 1.2752689668155917 1.8250971685969293 1.1622043078432671 1.2623624533737612 0.27070718100569724 0.8429271655421653 0.34330356228073555 0.7498278530170729 0.7952947615678376 1.5928945331790725 0.2719265756419591 0.9730859211769489 0.766868369316839 1.3456840575215803 0.8234248701440595 0.27757524116898996 1.7838473141322488 1.5738330568586258 1.780573956904745 0.9515164589106806
0.30087130894070724 0.2969653390222664 0.007740916430783118 0.39442243560624324
0.30306256065103476 0.1720696867640158 0.08244594124759363 0.4424218113373558
0.06425106069482445 0.2754567829430392 0.6373728822848181 0.022919274077318197
0.06809727353795003 0.2501755319410012 0.2598636244035163 0.4218635701175325
0.350656391283133 0.23536558877004288 0.19592713856597255 0.2180508813808516
0.05047767015399762 0.24925220227056522 0.3737370528601577 0.3265330747152795
0.10806377277945256 0.11070557640008416 0.667057746988169 0.11417290383229428
0.10687958439356915 0.04074060789172851 0.3221651011551968 0.5302147065595055
0.2267733432700092 0.021839164532760247 0.3964596186654724 0.35492787353175814
0.014860024633228108 0.5518898999417718 0.3554828623285463 0.07776721309645374
0.5615573602763689 0.011471543756816915 0.011166924497489683 0.41580417146932447
0.14853345135645857 0.2910717864181319 0.2542848285678212 0.3061099336575883
0.09010673472443853 0.4168718945396088 0.058147724693757175 0.43487364604219547
0.030684840372946276 0.16741581684332263 0.09780310500456846 0.7040962377791626
0.3851135995654865 0.3597504773845812 0.09339724375362513 0.16173867929630714
0.6031629758620348 0.01257390017153448 0.16697794221140183 0.21728518175502887
0.458514206237273 0.025506684049552808 0.2664437202006652 0.24953538951250898
0.1748138948221194 0.2818836404980528 0.39206653649105994 0.15123592818876785
0.07708540441603862 0.01757363632761444 0.02207047020331021 0.8832704890530367
0.35121350299640874 0.2225627284547934 0.08195051126339603 0.3442732572854018
0.38403076811573245 0.009388344320782949 0.4198969712342887 0.1866839163291959
0.2131865653786481 0.2944143426763113 0.3218010117722765 0.17059808017276412
0.025263945431817092 0.840288672795466 0.10039363328053197 0.0340537484921849
0.1846268380142655 0.07284858539027761 0.20037408856986738 0.5421504880255895
0.02443264498316411 0.2498621740322321 0.5355968463847824 0.19010833459982135
0.3557723428236633 0.20331417357959503 0.2855323447405922 0.15538113885614946
0.3002106115940131 0.07743130698006717 0.1335667277113851 0.48879135371453464
0.18486754999091237 0.3844038497103761 0.22400183332632562 0.2067267669723859
0.6147017129801696 0.18807422336807678 0.18614103784795477 0.01108302580379883
0.2747951315927687 0.5464213446054916 0.11729772101107716 0.061485802790662514
0.26340316495675753 0.19532106423310613 0.22185014525458102 0.3194256255555553
0.046739227161395 0.8119097883070315 0.10525150736985633 0.03609947716171713
0.11396030875469221 0.6525998178162146 0.16435570927684473 0.0690841641522485
0.543465038474916 0.09457004286971071 0.2599892275048886 0.10197569115048466
0.3841218491535694 0.021257439275999657 0.491900656389779 0.10272005518065197
0.08696940892461757 0.21760394642200254 0.573892823080043 0.12153382157333692
0.05662820283810621 0.5443260044075702 0.0908204003307902 0.3082253924235334
0.08262029129549275 0.674665749020122 0.04572149640128309 0.19699246328310216
0.20476161403019622 0.3240922653319299 0.26441544596429445 0.20673067467357942
0.34523678986185746 0.20542399435995762 0.41269672149967584 0.036642494278509075
0.05794980601005473 0.08530270489512726 0.657599298878434 0.19914819021638397
0.14651567931680165 0.36381610523204333 0.09110859163396123 0.3985596238171938
0.28873488054197527 0.2620711834989735 0.029525287427027758 0.41966864853202346
0.5050591175564612 0.011730160263980771 0.09871283923809882 0.38449788294145926
0.3426431255645266 0.07066153000004372 0.24951709583541848 0.3371782486000112
0.009769977119685747 0.20813845908315698 0.3948207457262113 0.387270818070946
0.08749305252390538 0.04456207474808149 0.7781755093877761 0.089769363340237
0.0871283569325122 0.6839428983753423 0.0021403664444070714 0.22678837824773845
0.27252617599113516 0.20415879472552678 0.06114746313731212 0.46216756614602594
0.037322009011339086 0.403415048402462 0.27750012290584614 0.28176281968035277
0.4772208009079344 0.13697543280675595 0.11969780394414309 0.26610596234116657
0.06785531108690035 0.20003287461519148 0.29123711825839027 0.4408746960395179
0.0193474616178273 0.014555051514734463 0.32658279702149695 0.6395146898459413
0.23671087648016043 0.17552653203729485 0.25901949660817636 0.32874309487436837
0.44276965332145124 0.20922519508465875 0.20116056478429212 0.1468445868095979
0.13560977226706927 0.3912234492700065 0.3654362301556121 0.1077305483073121
0.058894011440773775 0.3710320914157985 0.10742792256705724 0.46264597457637047
0.17419994314144638 0.4018907688705413 0.23484351306311813 0.18906577492489418
0.5035747397173306 0.148211632063885 0.1549047778292747 0.19330885038950973
0.28814558099381116 0.3257895456706268 0.1010528291808882 0.28501204415467385
0.11452711222626355 0.3286499748010838 0.2057280644182664 0.3510948485543862
0.2856402082321652 0.0827016970980583 0.3937248966496524 0.23793319802012414
0.0017596491043597728 0.10319776291732818 0.5405312507224878 0.3545113372558243
0.27908960707212593 0.2015986579187311 0.32717826827423524 0.19213346673490772
0.2756196336037614 0.11923866281211248 0.5200691293523947 0.08507257423173142
0.7690121570235064 0.02017663090166988 0.08181618731882401 0.12899502475599967
0.2363533952237783 0.07102602331368613 0.5307911299932406 0.16182945146929495
0.19447817432203818 0.36836887238221816 0.36923662886085296 0.0679163244348907
0.019732459506620614 0.27534343439937803 0.23207098697896789 0.47285311911503347
0.0382934041858366 0.47104198732830205 0.32274936979861 0.16791523868725133
0.029654940797728235 0.3021890594367661 0.26632950782198006 0.4018264919435256
0.08084240379080565 0.33129137157313504 0.3972335584575942 0.19063266617846508
0.016909811354707704 0.26998088698300005 0.6244095260147406 0.0886997756475516
0.2287556137159159 0.38828893926150054 0.2273139205307817 0.15564152649180185
0.6104284489824332 0.029200699513129424 0.1715084912565994 0.18886236024783798
0.024738783415619525 0.14685423614659388 0.1136726035595994 0.7147343768781872
0.19493466478308674 0.1278814707922179 0.25940676701070475 0.4177770974139906
0.09284764508729115 0.011166420023417944 0.6385766758340317 0.25740925905525924
0.09016116884502079 0.4300135167824779 0.3641509777389348 0.11567433663356652
0.7882118923792203 0.0035798547808667536 0.1415565689229321 0.06665168391698084
0.025399782050106068 0.2368158790818442 0.25125096627633814 0.4865333725917116
0.24207587540352737 0.050722100885981725 0.27270904359865844 0.43449298011183246
0.4407738249006665 0.0542748059817878 0.4837705148751883 0.021180854242357383
0.46453080777933253 0.05526617809604761 0.3341367646251062 0.14606624949951363
0.037094413234407875 0.5260962712583371 0.15541212588950526 0.28139718961774973
0.1591937333780935 0.17862215368658596 0.1745182662088698 0.48766584672645075
0.17890280857109042 0.1864621626430254 0.387131199004487 0.24750382978139718
0.18403482209315125 0.4142208491859579 0.14634756949645145 0.2553967592244394
0.048628006263405577 0.3327835286412265 0.16099698132337215 0.45759148377199577
0.5334708849890026 0.39188598787877416 0.052542390534228156 0.022100736597995052
0.7088498263689552 0.08290716990766878 0.0855782452883107 0.1226647584350653
0.10461974452285316 0.06158240318168051 0.26224859126336275 0.5715492610321036
0.5893477116806074 0.21072103901353778 0.018967113442067363 0.18096413586378746
0.03755767594167769 0.3985605793971566 0.01698674486239915 0.5468949997987665
0.1680727975326186 0.38922260870377834 0.04175639122509567 0.4009482025385074
0.021165191172154985 0.7598954261181271 0.06744856460443249 0.15149081810528542
0.1760421332836939 0.3370805744485512 0.3312630868071025 0.1556142054606524
0.0146348751032499 0.40226353194612785 0.32577617025005634 0.2573254227005659
0.20595025836897252 0.1327288746203672 0.37715173976197447 0.2841691272486858
0.09344037694376706 0.20039117826000097 0.5097367925394516 0.1964316522567804
0.2573028872050038 0.527563831071943 0.07961247552500639 0.13552080619804674
0.644326615041417 0.09205608879714644 0.1593262448649947 0.1042910512964419
0.049195157773728626 0.26108854916639035 0.006717855365669156 0.6829984376942119
0.06903334161725405 0.061178447862340835 0.7833699420910797 0.08641826842932543
0.40346984048066603 0.3056361235913245 0.147725078555762 0.14316895737224744
0.12250998143741987 0.4156375357025386 0.2561615446865757 0.20569093817346584
0.3964418788784505 0.03230545025059217 0.4630152408066516 0.10823743006430575
0.060050205550819635 0.352225871802581 0.4279712387349899 0.15975268391160946
0.22878233320196528 0.13924434763349414 0.2595351718701695 0.3724381472943711
0.28825313879221637 0.31279875234029364 0.10624441820892727 0.2927036906585627
0.12233592111500502 0.07091781117145601 0.7815587671102081 0.02518750060333086
0.5989364490726748 0.22896672667589635 0.12474076102205267 0.04735606322937613
0.1467688142787268 0.17437321718623267 0.05088687070887499 0.6279710978261656
0.009221101669878884 0.32853354521530465 0.6029523915980397 0.059292961516776765
0.058822368101847045 0.07135317252906537 0.26594225170968455 0.603882207659403
0.584055872555269 0.19990841440371876 0.09682777365455275 0.11920793938645946
0.18902945285563533 0.10845464412028649 0.34774364870811136 0.3547722543159668
0.17778874861709792 0.30428322110576056 0.03269178013385432 0.4852362501432872
0.04173781251696107 0.6296345174404023 0.024935941851633614 0.303691728191003
0.02042996881149528 0.044477013595114356 0.9104857347667231 0.024607282826667243
0.20792709813215138 0.04868046871684517 0.44328641768025623 0.3001060154707472
0.09727249413988015 0.35224228345879627 0.5457440072215796 0.004741215179744018
0.1845717366096261 0.536228165297781 0.1177771131464802 0.16142298494611274
0.6261436691264234 0.260811419342187 0.022707488117943986 0.09033742341344564
0.1295767771432601 0.4058919391484629 0.40020128570392655 0.06432999800435046
0.22581272666343477 0.6169257727863295 0.060433240280157174 0.09682826027007851
0.11687943957439817 0.46417846756050674 0.32648503938114615 0.09245705348394895
0.13147160161175608 0.2259915965081286 0.3753320706766373 0.267204731203478
0.5566206925418394 0.009896303365488857 0.18820657031962085 0.24527643377305086
0.6788353968929813 0.014901967368930347 0.06264499363368681 0.2436176421044015
0.10017138767093214 0.22139419504097513 0.5163489262542889 0.16208549103380387
0.03733023706427252 0.12352246220427532 0.07485925716744912 0.764288043564003
0.15168642439497915 0.6737781041670378 0.15637032952586127 0.01816514191212182
0.2531791463099399 0.45315173889072713 0.0667847140760468 0.2268844007232862
0.5220495668360079 0.031698874419495815 0.23480543321973657 0.21144612552475972
0.30910515867905375 0.4418214931651335 0.033811928916286815 0.2152614192395259
0.09194928490764764 0.15847464824252666 0.5884226544633517 0.16115341238647396
0.2911544297803492 0.1480999208179261 0.4711477730080593 0.08959787639366534
0.6379207007555681 0.2905986556480491 0.037033359218179074 0.03444728437820377
0.008659271417291059 0.8327393860845301 0.14060525884128006 0.017996083656898754
0.17304972347660363 0.3286962746703924 0.2961345978742347 0.20211940397876926
0.5395385433522519 0.0971572851331397 0.20319165266898886 0.1601125188456195
0.1530668142526591 0.35756449409325664 0.4564144448841345 0.032954246769949735
0.12067964142197818 0.15338794794149335 0.658234389399091 0.06769802123743751
0.24387509597581103 0.6939743448906027 0.03239008936017529 0.029760469773410958
0.14647095922681508 0.7382477288792455 0.024503557565449197 0.09077775432849022
0.08981163906322553 0.2639729157077638 0.358246631616173 0.28796881361283766
0.26375579541254224 0.35205207995457455 0.07527607441599293 0.3089160502168903
0.18333855055950088 0.5599826814130487 0.061061682736534784 0.1956170852909156
0.013458558499757745 0.42022111047409083 0.04586903116740426 0.5204512998587472
0.011428526824066254 0.0500025517812287 0.8244891749173283 0.11407974647737673
0.03827219890219569 0.043642343399652894 0.7187794605831493 0.19930599711500208
0.40087668463516213 0.44216820062867646 0.01824943996677919 0.13870567476938223
0.1405987267853942 0.07954726659524447 0.6213519777945573 0.15850202882480402
0.005156348033917069 0.5187135350923646 0.012083650762833908 0.4640464661108844
0.05510592078168841 0.634920464534024 0.003904288372944098 0.30606932631134354
0.2958187265655955 0.05157777858001855 0.6195928827093824 0.03301061214500356
0.005290509169382895 0.39649134330510605 0.1030619539872103 0.49515619353830076
0.05618398091194032 0.1422334486208554 0.7871684271200549 0.01441414334714941
0.33479673167486723 0.17641894693651172 0.14338252473075797 0.3454017966578631
