43 90 4 249.68146767036538 499.3629353407308
2.0354910975080105 6.481598853515333 2.2005186776738945 3.165306579688139 3.944251502300258 8.73223741853738 6.994811917882232 5.870459910550634 1.2611244198192435 7.603734666522547 4.554550165879053 8.218424067657999 3.2897901327389136 1.5119644298603663 8.799837768092802 2.989260962959342 4.644905032425337 3.8448682391638784 1.6899642999680253 8.58902224806734 8.640452329703752 9.743185822918491 4.468392229556243 9.590393125977986 5.01182524755747 7.0275218654962694 1.7425004472743986 9.073887219833809 3.6820315061988644 3.360743403367433 1.0461659415801126 5.888822637523654 5.280367303065279 6.727363098143703 9.803837206738056 9.17796482047979 9.19137768202141 5.727301039964309 1.936170548692866 2.628231357321109 9.577361988880675 4.707576850477228 8.785154085464637 7.049595515285585 6.6590721629394505 3.480028989840569 9.070725427667764 2.862022342090287 4.639647187678668 9.942152431546932 7.621543733564087 5.005552712407144 6.045968524993615 4.701299401779718 7.542891927711896 4.5927719731366725 7.031306482321437 7.342440470924873 6.486038841331412 5.860310177634904 2.854736658219716 2.792453289604317 8.161649783344398 3.6129949999368094 6.903665450414684 3.6965509822632234 2.3003054058054584 4.635610002824226 3.7924257416013076 3.1905821465286603 6.292936383925385 3.208089276670238 7.729935506135767 7.481319830688006 7.257347802595836 1.9246850071589052 9.49278185365862 5.530056696035037 9.097062574306715 2.7872189599268253 6.350042681365877 9.68867723509537 9.988284213070182 1.2175176248249016 5.331730001097849 3.6228042070624715 1.5734851148558309 6.126619590487531 1.0457495622929263 6.501498307030195
0.4070982195016021 1.2963197707030667 0.4401037355347789 0.6330613159376278 0.7888503004600516 1.7464474837074762 1.3989623835764464 1.1740919821101268 0.2522248839638487 1.5207469333045094 0.9109100331758105 1.6436848135315998 0.6579580265477827 0.30239288597207326 1.7599675536185604 0.5978521925918684 0.9289810064850673 0.7689736478327757 0.33799285999360507 1.7178044496134681 1.7280904659407503 1.9486371645836982 0.8936784459112486 1.9180786251955972 1.002365049511494 1.4055043730992538 0.3485000894548797 1.8147774439667619 0.7364063012397729 0.6721486806734867 0.2092331883160225 1.1777645275047308 1.0560734606130557 1.3454726196287408 1.960767441347611 1.835592964095958 1.8382755364042818 1.1454602079928617 0.3872341097385732 0.5256462714642218 1.915472397776135 0.9415153700954455 1.7570308170929274 1.409919103057117 1.33181443258789 0.6960057979681138 1.8141450855335528 0.5724044684180574 0.9279294375357336 1.9884304863093862 1.5243087467128174 1.0011105424814288 1.209193704998723 0.9402598803559435 1.508578385542379 0.9185543946273345 1.4062612964642873 1.4684880941849747 1.2972077682662824 1.1720620355269808 0.5709473316439432 0.5584906579208634 1.6323299566688796 0.7225989999873619 1.3807330900829369 0.7393101964526447 0.4600610811610917 0.9271220005648452 0.7584851483202615 0.6381164293057321 1.258587276785077 0.6416178553340476 1.5459871012271535 1.4962639661376014 1.4514695605191672 0.38493700143178106 1.8985563707317241 1.1060113392070074 1.8194125148613431 0.5574437919853651 1.2700085362731754 1.9377354470190737 1.9976568426140364 0.24350352496498032 1.06634600021957 0.7245608414124943 0.3146970229711662 1.2253239180975062 0.20914991245858525 1.300299661406039
0.18471295754908879 0.6854685194855007 0.08413800616144884 0.04568051680396168
0.10335251087815445 0.3399601838508296 0.44258680081888935 0.1141005044521266
0.044704402435746915 0.7073352839302781 0.18951455739229195 0.05844575624168302
0.2152285149871862 0.3370356320242174 0.37022533676163694 0.07751051622695948
0.3941979979597263 0.03850008160387386 0.0519884100400263 0.5153135103963735
0.007309493723924754 0.6370610028898889 0.10058662891841597 0.2550428744677704
0.060363544351553666 0.3533219903817827 0.5555699690977195 0.030744496168944146
0.2921975442760082 0.2919432864375786 0.3213101535998868 0.0945490156865264
0.37855533945156983 0.10835083678051649 0.32794571001853134 0.18514811374938234
0.1815347567293506 0.03296306361756385 0.293903111799492 0.49159906785359353
0.0022395771533531006 0.82454549506906 0.011145456447303803 0.16206947133028304
0.47950502144066787 0.19442822956695394 0.2783498017707744 0.0477169472216038
0.08164113622514768 0.28764417081790583 0.5180052846174499 0.11270940833949661
0.48601552405987125 0.4766424136558399 0.010781060366132356 0.02656100191815647
0.4452131001322439 0.0018480233651694267 0.1790102041326288 0.37392867236995786
0.09145020235766321 0.12013080404860432 0.7603378534404248 0.02808114015330765
0.3503059822278525 0.2507534589043354 0.10247970499940406 0.29646085386840804
0.5466971866165931 0.2798812147289984 0.1424886607941821 0.03093293786022644
0.08837381961170587 0.7621118704416263 0.13881775363212634 0.010696556314541472
0.10690220488046798 0.36171435324711665 0.14653064936098759 0.3848527925114278
0.1734633597648233 0.15332634525995914 0.36578669246064255 0.307423602514575
0.08594221175006189 0.11748092407161814 0.2759640742701148 0.5206127899082051
0.038974173914759436 0.17795579730711153 0.36022639820723723 0.4228436305708918
0.5164189777793826 0.009074305387635317 0.3521168143937745 0.12238990243920755
0.19841667873572977 0.21177771983077653 0.42202260579645556 0.16778299563703813
0.005431306395287883 0.25874063098879074 0.3169779808450308 0.41885008177089056
0.023602193184371068 0.6794085870811148 0.19381008653952314 0.10317913319499095
0.27669297993327013 0.16933917669255316 0.3434257512869917 0.210542092087185
0.3242878653498015 0.11247652049806134 0.4711432986564401 0.09209231549569707
0.16441716047206212 0.3671904035050032 0.005437340186495776 0.4629550958364389
0.07022879894549428 0.12858362208301855 0.07245211050780909 0.7287354684636781
0.7933144967584554 0.01758785238782501 0.08225802534670901 0.10683962550701054
0.008865909730762511 0.5742046218356739 0.22674305878231205 0.19018640965125155
0.2356536472419556 0.26902536866258064 0.14542004644578244 0.34990093764968133
0.10689029607493195 0.3316130052071179 0.3563245921824536 0.20517210653549656
0.07660902741195175 0.4519150437679823 0.025065402924646984 0.44641052589541896
0.7052203515586356 0.05807900891421991 0.2202757089806322 0.016424930546512284
0.30797919859265654 0.41440643255143195 0.27297066744902676 0.004643701406884748
0.0654917229489771 0.42437249283258116 0.48925357979208783 0.020882204426353912
0.09338953694699603 0.3400574977242673 0.5094634380179717 0.057089527310765
0.14357901685861363 0.611246107582222 0.22491527241471987 0.020259603144444527
0.1629158792656893 0.4482416255603011 0.10485298277164412 0.2839895124023655
0.053970145435644046 0.2342124747761235 0.5994350285695563 0.11238235121867612
0.4948549731592492 0.1859869771230297 0.2007179452290333 0.1184401044886878
0.13509358127726756 0.0624286898266444 0.16642774435093854 0.6360499845451495
0.808987193620845 0.009992009034036298 0.11624919542256595 0.06477160192255271
0.017897579434676514 0.062464983361662174 0.09348753740372695 0.8261498997999344
0.5638471395152476 0.009453323296114924 0.09667000197394071 0.3300295352146968
0.11607273987471611 0.033752306542493726 0.23722677405007275 0.6129481795327174
0.16971532539737244 0.019538702840871558 0.6353031786153557 0.17544279314640032
0.41947009785783484 0.14964014545698578 0.172256829990726 0.25863292669445337
0.16403158778387095 0.006653529193450525 0.20402248825504055 0.625292394767638
0.7781038294063669 0.07416209974307952 0.060565210311704254 0.08716886053884931
0.3287612101228927 0.06616063477921685 0.4530681706693309 0.1520099844285595
0.11730813026770515 0.20001432085106974 0.022989109921122575 0.6596884389601025
0.36437921224725567 0.22774160199914162 0.0517863447413891 0.3560928410122136
0.5681549401539748 0.3247977171372143 0.038928236499726765 0.06811910620908412
0.5642773470366895 0.2714188523214085 0.12416799525004685 0.04013580539185513
0.11993065591125351 0.2855160710088055 0.04202143332695685 0.5525318397529841
0.05344547015935508 0.4378801155029747 0.01490012674494634 0.4937742875927239
0.11573087769727763 0.8436255780912624 0.0011169655167583281 0.039526578694701664
0.26032906500582476 0.32481060259449224 0.2230394041867383 0.19182092821294472
0.2018194252087605 0.29886316065853524 0.018351865311107995 0.48096554882159626
0.1723470368769423 0.06842275797823538 0.36002038313027174 0.3992098220145506
0.2976312708984157 0.2727757073231616 0.004858487253024069 0.42473453452539867
0.7980348343801249 0.012905074158164886 0.0996204161499945 0.0894396753117157
0.07560820957964043 0.6506964091337133 0.25402164356015944 0.01967373772648684
0.05608582269941986 0.4509915903374663 0.2753471525476888 0.21757543441542504
0.013037657115548829 0.7246679464749424 0.11026690773861392 0.15202748867089488
0.19139753558340677 0.25308044277344255 0.0005656005719471002 0.5549564210712036
0.53588884875149 0.16106652003164612 0.29304768047754404 0.009996950739319832
0.044353729964470734 0.09129685420126765 0.6886018283577239 0.17574758747653774
0.19918118544653962 0.3382435768227371 0.04194968846785374 0.42062554926286955
0.09164642178538196 0.1510600675260957 0.49651863008357366 0.2607748806049487
0.12232875599591109 0.3494464400337999 0.33744879213893386 0.19077601183135517
0.009439824624756676 0.1202239940629195 0.6535927000335895 0.21674348127873433
0.25245953682963307 0.3946689783312759 0.3492993170425198 0.003572167796571213
0.23908775436085206 0.3378867129004196 0.4077371824170293 0.015288350321699062
0.4333814316545662 0.12306545498745003 0.18106013899074436 0.2624929743672394
0.6500026527192321 0.04867923656745554 0.1440058008252182 0.1573123098880942
0.2793204427404006 0.22489761893092886 0.26078135001623703 0.23500058831243353
0.045523519670798485 0.6568515181720879 0.24268034458338383 0.054944617573729815
0.6914693260651356 0.07990894970953466 0.15488114382539697 0.07374058039993281
0.28429899610241893 0.21059170259462978 0.17227372644356875 0.33283557485938253
0.09632451919618745 0.37076365181936255 0.4221241634439835 0.11078766554046648
0.5375709775347653 0.0919496549391341 0.18847884541100535 0.1820005221150952
0.07946950500895522 0.033583276365057424 0.30198498636123083 0.5849622322647565
0.056911846043925185 0.08537564539852316 0.545861813815294 0.3118506947422577
0.23322957123298782 0.1172328812753064 0.45413198310932756 0.19540556438237822
0.008166030902951538 0.2171665126361565 0.35186342613916977 0.4228040303217222
0.43467832108680526 0.3051854987166689 0.1437376451704151 0.11639853502611075
0.2550462803347965 0.23506338073426603 0.12682731475183262 0.38306302417910487
0.31162746930915075 0.40387161721891396 0.061396280180704754 0.22310463329123054
0.8289612789391418 0.0159366086377144 0.060073293056394306 0.09502881936674945
0.12826034157607324 0.4699277950060534 0.0959589991648242 0.30585286425304914
0.10561720640258265 0.09908900976807256 0.12978277538227712 0.6655110084470677
0.12075217051578746 0.5802235189175169 0.025235984327470762 0.2737883262392249
0.016025917932118938 0.5067716983951247 0.20580643388130782 0.27139594979144854
0.07755780549497093 0.39063610057495424 0.12813307410694053 0.4036730198231343
0.07013593446323718 0.024520959751199056 0.23719484061684182 0.6681482651687219
0.025962269231945 0.32915020116881943 0.5693052809136021 0.07558224868563346
0.15913749655398135 0.006932676990515474 0.8287444065617116 0.005185419893791621
0.3194050602856374 0.13455705432824472 0.4805978692563926 0.06544001612972528
0.3212915884340132 0.6760810119144753 0.0013459359603971155 0.0012814636911143706
0.04474569544182738 0.6259040747694233 0.039525029585805505 0.2898252002029438
0.5897310102096278 0.072240230676208 0.13310439411372765 0.20492436500043654
0.16003461073905834 0.011593065178880146 0.33080880172521787 0.49756352235684365
0.3275349776987574 0.005166650793760774 0.49800897614982 0.16928939535766185
0.4936927425283941 0.4253843445276011 0.0444120367235854 0.036510876220419375
0.5589528061006032 0.3397842852610521 0.0933087230474845 0.007954185590860252
0.0461680577085708 0.30856679408804155 0.001059574515880013 0.6442055736875076
0.2964456118515941 0.3557141254013658 0.00681838754992381 0.34102187519711624
0.02226974834023565 0.434444041286821 0.22508834678813638 0.31819786358480695
0.5391571858835078 0.0050690898253769046 0.34212608381477194 0.11364764047634335
0.5941809916399295 0.18112328747251016 0.044217527792276834 0.18047819309528346
0.04401325478638207 0.008733088747037154 0.1992271053147806 0.7480265511518002
0.5574485338244116 0.015205843723588464 0.14210119237659136 0.28524443007540856
0.4250691522964457 0.51935039014186 0.0474786900497316 0.008101767511962676
0.032586123724061555 0.3748424109343801 0.21613684490716134 0.376434620434397
0.556301598836738 0.11116938585852953 0.3043387108718135 0.028190304432918922
0.06259572079291453 0.3303775986989108 0.050875355292024915 0.5561513252161497
0.14048062858237975 0.042054847838821074 0.6942948062270832 0.123169717351716
0.6174510762514591 0.16605027453770704 0.14446171288654552 0.07203693632428831
0.2824408442832903 0.14571225593892867 0.1505429246451121 0.42130397513266893
0.10280014070070342 0.2978251324699457 0.5442773214572483 0.055097405372102615
0.32840069292610696 0.022498708527401212 0.5438246774589259 0.1052759210875659
0.42141312022115196 0.004581697283673636 0.3715633802533541 0.2024418022418203
0.04342365441727358 0.6078225501322494 0.052536217007665975 0.29621757844281105
0.05202584378358999 0.5300286662634696 0.22388857005641916 0.1940569198965213
0.3499251162543665 0.3058386452082261 0.30566157048816156 0.03857466804924581
0.16413719409901262 0.4913760916196931 0.15500060376120461 0.18948611052008968
0.18935650785356173 0.29939150541968795 0.28099273588295204 0.23025925084379828
0.04126169124479906 0.05269766990848612 0.1675931883159295 0.7384474505307853
0.25202198991810254 0.04379707394657828 0.42565557552947986 0.2785253606058393
0.2978314009614903 0.11157844372577352 0.21020233315900627 0.3803878221537299
0.05045270255823775 0.21177683329529873 0.3631317663133736 0.3746386978330899
0.07951015823403451 0.08979891853650279 0.5242501125886191 0.3064408106408436
0.03174495147393408 0.3984767333698527 0.4999195038262323 0.06985881132998095
0.3007550980618068 0.0010683747130222354 0.3351895419999681 0.3629869852252029
0.3460162288063604 0.3186269836810929 0.09300771413435405 0.24234907337819267
0.24366436715527173 0.44928517816434566 0.20520629253444622 0.10184416214593639
0.1763268615390352 0.6663452673899942 0.15058056991191504 0.00674730115905553
0.16056384146298364 0.4022361742005446 0.3529683761581588 0.08423160817831299
0.10067702073776608 0.19058904726470838 0.19766786604862652 0.511066065948899
0.772124272007062 0.004715381626359871 0.03702318991567288 0.18613715645090523
0.26808336504078734 0.03948656824231844 0.40847374646846757 0.28395632024842665
0.3196964179443482 0.04971614789024725 0.6164140344313873 0.014173399734017211
0.29397165739680187 0.3851866596566249 0.1269609251791849 0.19388075776738833
0.1940244872705449 0.30674804075209017 0.01907671100359276 0.4801507609737722
0.556660387475637 0.2718502829905437 0.12690925658388585 0.04458007294993349
0.036185775946876886 0.8249435258136427 0.1337306190025811 0.005140079236899298
0.11888701909065058 0.4297957950506456 0.13828077253710214 0.3130364133216017
0.11649263389218789 0.07862477238546117 0.694817729335043 0.11006486438730789
0.5582134797242083 0.23442104278305465 0.025619397678546485 0.18174607981419055
0.014061913061012121 0.3823412120519383 0.5733659507594621 0.030230924127587544
0.07951993947787417 0.5322367915949723 0.33675663300521874 0.05148663592193481
0.38283106262721567 0.09344881736287514 0.2649928268890003 0.2587272931209089
0.29586305771373733 0.18480356296544076 0.09561454630204702 0.4237188330187749
0.0579191057540398 0.20368409629534456 0.21213157135957872 0.5262652265910369
0.03788674784835788 0.1916399247975895 0.2589664857223891 0.5115068416316635
0.08501316933151215 0.2750508147406304 0.4616819584980617 0.17825405742979572
0.21760541179352888 0.3752420873809451 0.012231016700822162 0.39492148412470385
0.13130563473512302 0.5086983530394559 0.027449846078319795 0.3325461661471013
0.2051323904519602 0.21301143675322076 0.3362137780653853 0.24564239472943372
0.21485550414275367 0.10675714380251566 0.06322691141994596 0.6151604406347847
0.16116420972880574 0.2033020947576928 0.07478699755079765 0.5607466979627038
0.27958760491096923 0.20210024917386182 0.4413549053306539 0.07695724058451503
0.0329665336907613 0.6445599068836088 0.3139127454383721 0.008560813987257831
0.4898718753889365 0.08392402062555804 0.1234667355638438 0.30273736842166166
0.1847286284970585 0.13527785849422702 0.44934798980801816 0.2306455232006963
0.28343289337598543 0.4215637835003775 0.0031081160769796945 0.2918952070466574
0.3564535600317309 0.20139153728005466 0.10691293699052962 0.33524196569768483
0.1358213945982537 0.1411837574297088 0.3547600075918642 0.3682348403801733
0.4798555643004889 0.20698980958022428 0.15262341754426323 0.16053120857502357
0.10131987937192688 0.58849651168213 0.17172657577858907 0.13845703316735403
0.16056747901066426 0.3382707489859468 0.09915757836242123 0.40200419364096773
0.3229365564353903 0.20568256135663598 0.2077786673202222 0.2636022148877515
0.6313668192777633 0.23992341107915305 0.09610007858572989 0.032609691057353785
0.2941809123490663 0.24346594767891905 0.11143479723255778 0.3509183427394569
0.06469036797387062 0.47714250654003576 0.01692953500579797 0.44123759048029565
