5 40 4 101.82849058265528 203.65698116531058
2.9979385398076555 8.836590755596387 2.8604723980548377 9.267498171441295 5.395700699153462 6.505694766123812 7.89317070832284 5.665761890856489 3.6712045141859977 2.6894910579512645 1.7266714188838739 7.64596266579073 4.971783006063578 2.4247888094138608 8.91943328081151 3.4667781579300216 4.728115171729462 3.6647193946028316 6.65909117991535 6.218540291705906 6.399362769624888 3.392372057819565 3.5621729257722743 3.2822938519640874 3.948075529198607 2.297478705880784 2.4905157508114084 9.675374761611476 9.642040437571245 2.6957319003634166 1.2187590546653828 2.840999917419556 7.298592527139017 8.01563126999977 1.2063978319517332 6.198965723167804 1.0147795544444076 5.639253507148542 6.758156585177714 9.8706196252377
0.599587707961531 1.7673181511192773 0.5720944796109675 1.853499634288259 1.0791401398306923 1.3011389532247624 1.578634141664568 1.1331523781712978 0.7342409028371996 0.5378982115902529 0.3453342837767748 1.529192533158146 0.9943566012127156 0.4849577618827722 1.7838866561623021 0.6933556315860043 0.9456230343458923 0.7329438789205663 1.3318182359830701 1.243708058341181 1.2798725539249776 0.678474411563913 0.7124345851544549 0.6564587703928175 0.7896151058397214 0.45949574117615677 0.4981031501622817 1.9350749523222952 1.9284080875142489 0.5391463800726833 0.24375181093307657 0.5681999834839112 1.4597185054278035 1.6031262539999538 0.24127956639034664 1.2397931446335608 0.2029559108888815 1.1278507014297083 1.3516313170355427 1.97412392504754
0.0022142125324435824 0.25688338387866216 0.6113854905903774 0.12951691299851686
0.7708540871402245 0.042878390446693615 0.16773626001909236 0.0185312623939895
0.029111563672717722 0.0823422487053056 0.8534614801483417 0.03508470747363501
0.6353562055818931 0.18130399703346878 0.11002241262851242 0.0733173847561257
0.3610484184638091 0.1853099300769978 0.27845237189771854 0.17518927956147456
0.05114280310134711 0.3143349648108177 0.4296097050088672 0.204912527078968
0.5834997437200565 0.0553779383403088 0.30466239995551425 0.05645991798412042
0.10082727286264515 0.4095275244766028 0.3332001687709758 0.15644503388977626
0.3715126153280073 0.10682642865877767 0.3813678430014066 0.14029311301180847
0.5147379670006791 0.05788068180712014 0.22785777194277046 0.19952357924943032
0.05396210214514685 0.3984567436718286 0.5327179518788291 0.014863202304195466
0.3320481495356774 0.07563757914146618 0.5137848372820334 0.07852943404082302
0.3302532519595063 0.1964643134990851 0.366266728896707 0.10701570564470164
0.7100490473544384 0.05728233376334502 0.002601295773531298 0.23006732310868527
0.23964043961222492 0.12395935719188111 0.010114720591863247 0.6262854826040307
0.0600961698663498 0.0033048121070188285 0.7497695455099763 0.18682947251665505
0.0850704617502156 0.08517961388786655 0.6443919359197782 0.1853579884421397
0.05982163675463459 0.5111535801011712 0.018398661377936776 0.41062612176625746
0.5809185276333954 0.24478729886495532 0.16079561490504524 0.013498558596604093
0.031130063418406073 0.3335801153739789 0.2875606071953156 0.3477292140122994
0.4593455947586442 0.17355994603232294 0.3283055993831481 0.03878885982588476
0.4966955091225945 0.1072886319736891 0.15187969016433056 0.24413616873938582
0.2184977813400989 0.14683523759430417 0.058516583870819594 0.5761503971947773
0.13436372785235862 0.0021163659689165115 0.4056103152557333 0.45790959092299155
0.5487261970931809 0.13045648377791008 0.318042785691831 0.0027745334370780084
0.35478546069796135 0.23371460427510982 0.1382893056605049 0.27321062936642393
0.2456309985441607 0.10209816912297187 0.2568741465661508 0.3953966857667166
0.16564182663829652 0.11251410724881994 0.31306637750254007 0.40877768861034347
0.4977680192642012 0.12698644789818514 0.2690081860699005 0.10623734676771313
0.5094750943074225 0.1319896782304092 0.12886459057975974 0.22967063688240852
0.11976902075848306 0.6407625196582584 0.1495658925455503 0.08990256703770827
0.00038289436747096506 0.15436221517386683 0.6571990820160866 0.18805580844257563
0.16113245334394066 0.421778362579473 0.01708235081427234 0.400006833262314
0.30049586977343923 0.037842779199424026 0.041439740445354034 0.6202216105817827
0.0859497793298083 0.11708220145800852 0.2351369118183434 0.5618311073938398
0.37243245491648513 0.26128402237418535 0.21241634516009478 0.15386717754923473
0.009708308333148619 0.6978179169588477 0.0064328336762219385 0.2860409410317818
0.1906563341982922 0.1018241254324751 0.6460724744786228 0.06144706589060989
0.5711786015957309 0.01702101110889276 0.06801166633944122 0.34378872095593516
0.13793535839611237 0.167613171330393 0.4715857625207246 0.22286570775277004
0.4694883717575773 0.3330085135052929 0.12025272868279968 0.0772503860543301
0.3989448039028505 0.08598627108560752 0.06152542298401975 0.45354350202752225
0.08652568840220509 0.16471942328834255 0.3805209410471978 0.36823394726225456
0.5660819960927563 0.2458203950876543 0.10072437252337252 0.08737323629621685
0.03550903176033027 0.0586937004169924 0.7019399886786816 0.20385727914399576
0.18866773579310792 0.05562313116480044 0.10780406880846016 0.6479050642336315
0.11169242718357142 0.3817226247131883 0.4458843000680919 0.06070064803514841
0.34602815175595236 0.03738091431116286 0.5776940158980146 0.038896918034870165
0.01236941160035765 0.09874133794000761 0.7388692828458283 0.15001996761380643
0.020391378448150643 0.3909922373312259 0.035224212142936695 0.5533921720776868
0.19047777345550265 0.5124643036624755 0.09845945329309191 0.1985984695889299
0.3599831951713076 0.5385879597134157 0.05505935084262381 0.04636949427265291
0.08273856907998767 0.5781058218783977 0.3043131560559553 0.034842452985659356
0.7015528325813724 0.057546285707953615 0.21525036059631797 0.025650521114356062
0.08305444303844489 0.13842831700455027 0.5888314720693566 0.18968576788764824
0.24210767225593488 0.02213070228471392 0.18550518335590727 0.5502564421034439
0.1953446255624387 0.6124328097849133 0.00250809383514361 0.18971447081750437
0.3025181125003943 0.6122162276170677 0.050262300152870254 0.03500335972966773
0.10748953357509894 0.3653386214821879 0.18658912529603444 0.34058271964667874
0.24185905409742914 0.3023732986487566 0.34810092255232494 0.1076667247014893
0.4186541000368995 0.10852473290966269 0.2618312816096815 0.2109898854437563
0.21114100089423782 0.53743480966058 0.24492819737784943 0.0064959920673327565
0.31864643768233136 0.10699089585265531 0.052303976569569754 0.5220586898954436
0.26523024662679795 0.03665585110593195 0.015814105619859742 0.6822997966474104
0.560914589810152 0.040426566085236315 0.041008384259833885 0.35765045984477783
0.6050043134902023 0.010809226028292929 0.16156845511001894 0.2226180053714858
0.012848073980403552 0.05841791011456421 0.23796478737850946 0.6907692285265228
0.06036643241777773 0.28796556192123335 0.42668113569709754 0.2249868699638914
0.1596809333223338 0.48395928606866034 0.08695104661570796 0.2694087339932979
0.16820815801861322 0.01327305110084287 0.8066865538433708 0.011832237037173066
0.1428757978793307 0.6063088617311014 0.18115718337731057 0.0696581570122573
0.19227929577547498 0.21479966074599466 0.4384388596423402 0.15448218383619017
0.7392507348926605 0.031009268078800667 0.1912074828747109 0.03853251415382797
0.4970103500750551 0.24574039144247606 0.056035533049137 0.20121372543333182
0.1260458531287345 0.10961778453643811 0.6058791041979625 0.15845725813686484
0.2186817294576564 0.35669293560149573 0.31355387861696404 0.11107145632388382
0.2651126682511451 0.28435079127784535 0.2562311501110326 0.19430539035997696
0.2581863842453116 0.16745762779391382 0.20857026398541034 0.36578572397536424
0.47277887411000685 0.41512052285296663 0.102156156360097 0.009944446676929508
0.17750904732011363 0.035535916974338 0.1371346138022448 0.6498204219033036
