3 10 4 26.037605066620415 52.07521013324083
5.957181123171179 7.373330403562943 3.618142650216499 5.597448446778968 9.036522589128893 9.066637800400942 2.130267794174526 2.865185903243681 1.463204829707469 4.967288592855728
1.1914362246342358 1.4746660807125886 0.7236285300432999 1.1194896893557935 1.8073045178257785 1.8133275600801884 0.4260535588349052 0.5730371806487362 0.2926409659414938 0.9934577185711456
0.029876210878566956 0.6192678367361938 0.02711085436537053 0.3237450980198687
0.023981882377165364 0.23527056453030004 0.024272634863853337 0.7164749182286813
0.30636353237617975 0.13409018529455974 0.10419530036110525 0.45535098196815527
0.38797125755564876 0.5148628509827493 0.07316131393453573 0.024004577527066195
0.3615647630625781 0.01642927826631102 0.27541686119464703 0.3465890974764638
0.26923557825106126 0.13728433812518737 0.05116648294672932 0.5423136006770221
0.20541034460498753 0.0725671620186138 0.3082753978442201 0.4137470955321786
0.4835855323515865 0.030449527465855386 0.1936515619982292 0.2923133781843289
0.3398486639568179 0.033751460192110394 0.317492797706836 0.3089070781442357
0.061528930829939266 0.2642782272349352 0.6457954481086932 0.02839739382643236
0.2784872826479753 0.1783459417467358 0.13402959302163975 0.4091371825836492
0.41510119701006964 0.14375289098081234 0.13428383032211433 0.3068620816870037
0.15686773847496327 0.06509014545721814 0.5583568805791856 0.21968523548863295
0.6723836759128137 0.1733671953803656 0.09063277856725116 0.06361635013956957
0.09221700887172424 0.13283749596810768 0.332786257548619 0.44215923761154907
0.2917927742254326 0.17714747447373647 0.39159366424775743 0.1394660870530735
0.20137871104307314 0.08210915138913666 0.17113421308973698 0.5453779244780532
0.08722936878080467 0.2749468436070287 0.3845700107141712 0.25325377689799544
0.572793869868875 0.0953409348663925 0.021045609019646583 0.3108195862450859
0.23058420435507399 0.012091217829264145 0.20246962707919391 0.554854950736468
