51 50 4 131.68468700802214 263.3693740160443
7.081582739531971 1.4024096398265145 4.0897330528833304 6.796177543178478 3.5579169886626056 9.544040259850046 2.4190315189638754 4.491756661804861 6.309943088250829 5.390162121815565 2.5690904742170915 2.963643050648896 6.820709897845528 3.2484826822810113 4.692231874914458 1.4295320469678625 3.911934664323683 3.629815828390938 5.008694526401623 1.5424732506568244 7.7917455265660704 7.55839747397056 6.082848448520835 7.427092558707146 6.241204724951688 6.7522520223915 8.156788556994037 8.825415039139084 4.1499270842064515 3.77109754577186 6.433515414741037 4.349333608491711 8.773971757841347 7.404340779158669 4.8072413820696775 8.89443044230805 1.1719288552046567 5.118158636636846 2.5220241264926275 8.58587255374768 2.120102284916487 7.686284869555087 8.6284095012821 2.5694686623299656 3.4427165335446537 9.292808213165262 6.845924587247051 3.851603350505845 4.735339348847216 2.479768215323018
1.4163165479063942 0.2804819279653029 0.8179466105766661 1.3592355086356958 0.7115833977325211 1.9088080519700092 0.48380630379277506 0.8983513323609722 1.2619886176501658 1.078032424363113 0.5138180948434183 0.5927286101297792 1.3641419795691054 0.6496965364562023 0.9384463749828915 0.2859064093935725 0.7823869328647366 0.7259631656781875 1.0017389052803245 0.3084946501313649 1.5583491053132141 1.511679494794112 1.216569689704167 1.4854185117414294 1.2482409449903376 1.3504504044783 1.6313577113988074 1.7650830078278168 0.8299854168412903 0.754219509154372 1.2867030829482073 0.8698667216983422 1.7547943515682694 1.4808681558317338 0.9614482764139355 1.77888608846161 0.23438577104093133 1.0236317273273692 0.5044048252985255 1.7171745107495362 0.4240204569832974 1.5372569739110173 1.7256819002564199 0.5138937324659931 0.6885433067089307 1.8585616426330525 1.3691849174494102 0.770320670101169 0.9470678697694431 0.4959536430646036
0.10219360856776849 0.09421542071481714 0.6561738782533323 0.14741709246408208
0.21773232639806606 0.056803526661358794 0.30604472474580324 0.4194194221947719
0.04165497934232609 0.13283247484826277 0.07883297335799289 0.7466795724514182
0.5351890639878665 0.2688938112112669 0.09991267719401897 0.09600444760684768
0.1119554271992983 0.388443902090875 0.10047871398978303 0.3991219567200437
0.0059993948968157795 0.2027895691025562 0.6789044851689008 0.11230655083172725
0.00643476316945657 0.5277382950540395 0.11673724848551637 0.3490896932909876
0.18822175398502938 0.4168088463745626 0.0932717857536699 0.3016976138867381
0.44333588321540585 0.35550588759253565 0.08022197020838429 0.12093625898367422
0.048837312695234725 0.2634771411313279 0.6335792946329897 0.05410625154044768
0.25350302755533494 0.3510082958191767 0.2939473566341886 0.10154131999129978
0.39832616326346537 0.22945682293958403 0.35501773468643694 0.017199279110513666
0.042693217596753374 0.3896377621383147 0.5253129929083897 0.0423560273565422
0.4411269646360346 0.15590810142934264 0.385744291995021 0.01722064193960171
0.3862733543078446 0.4409337528109798 0.08543440138304925 0.08735849149812636
0.2312444261405272 0.1888764398239322 0.10398666351666563 0.47589247051887495
0.3061617248039472 0.377444533862788 0.26810279746172005 0.048290943871544756
0.05570066485194414 0.055325472280172816 0.8840275295543291 0.0049463333135539855
0.48789521924254475 0.170842569256349 0.2523889933954441 0.08887321810566218
0.908470423749883 0.04159234449195326 0.02460463903901655 0.02533259271914723
0.037842748305568774 0.3818241115456802 0.08753304057896927 0.49280009956978177
0.06308765546426032 0.3971745127618591 0.4098983105655899 0.12983952120829068
0.5875717537232402 0.004178865966662837 0.12824309758131192 0.280006282728785
0.2346920542856087 0.5927568094057853 0.011575520104226134 0.16097561620437983
0.10897234248733945 0.006462984956443596 0.37011068857926366 0.5144539839769533
0.14423524153423595 0.24531574953040525 0.21381218622254916 0.39663682271280964
0.40455521511373593 0.040488336851022155 0.1494365885611203 0.4055198594741216
0.35458498295543517 0.36053613735608203 0.2272298089927859 0.05764907069569691
0.23905049132545952 0.027254536523402262 0.7030243534844557 0.030670618666682525
0.32147982231337946 0.19747009512526936 0.07834592411116137 0.4027041584501898
0.565308481481331 0.17551880194353564 0.07228477568719749 0.18688794088793592
0.3749597868681135 0.4902054832974254 0.05541110119678194 0.07942362863767916
0.13060365511466032 0.2896008761291021 0.48390625465293147 0.09588921410330609
0.15686025726169206 0.26716933240736807 0.2922145871385393 0.28375582319240056
0.19938596711146406 0.27350466256917316 0.17032325363705647 0.3567861166823063
0.5228107092530014 0.02851941802678215 0.027299242465888884 0.4213706302543275
0.017196408493772908 0.326452054138581 0.33009006616414016 0.3262614712035059
0.6400655963412384 0.12178120213656596 0.1382301027492262 0.09992309877296945
0.1470069200234655 0.15319048688638093 0.6398578198202362 0.05994477326991743
0.26549879168658486 0.18501881701964407 0.03696119337975645 0.5125211979140146
0.09742262034663018 0.09391641813773322 0.6757423284397114 0.13291863307592522
0.03667037496413594 0.4115390576435809 0.3870237433820978 0.1647668240101854
0.05547246674715223 0.07399088175295421 0.11883898892674538 0.7516976625731482
0.10334450758013891 0.5827650403159111 0.1507969761694804 0.16309347593446955
0.28953172274754 0.03361547672066334 0.4693914503265413 0.20746135020525536
0.2461652873110154 0.01091094896718181 0.7110929104018961 0.03183085331990665
0.2627804788332765 0.16002818377274675 0.05049602966382838 0.5266953077301484
0.12761634540888844 0.2667309078427942 0.5385051460415058 0.06714760070681158
0.17867195963587845 0.017338997314263693 0.6481842279839565 0.15580481506590138
0.5522306809253388 0.0783495408574495 0.014408928929408815 0.3550108492878029
0.19719004195047518 0.12953624331927927 0.3622482655143682 0.3110254492158774
0.011923225907076174 0.36504037455217375 0.32151966771115803 0.30151673182959204
0.028594337529569747 0.04561772309695333 0.38946954929581634 0.5363183900776606
0.31548560488481303 0.32158522123364086 0.014977282437252382 0.3479518914442937
0.48308340685309537 0.032199330836748974 0.1588200605931711 0.32589720171698455
0.12831951148356902 0.22421037907627095 0.5387116230382196 0.10875848640194041
0.1350517709745358 0.5465848974061842 0.009439674114192886 0.3089236575050871
0.20724376815393108 0.19321059338719138 0.12849088519773588 0.47105475326114166
0.14069102805773037 0.566122251851944 0.18277354932067158 0.11041317076965407
0.1001826524548296 0.21988198895178646 0.264397669933359 0.41553768866002494
0.03030897441866809 0.4199058845182403 0.38629271014451605 0.16349243091857557
0.12370521710620608 0.02764215905976053 0.06744355904270805 0.7812090647913253
0.014417203985236382 0.3602474433059015 0.36066205384629546 0.26467329886256663
0.602780350237964 0.1466879122426218 0.07690951934918377 0.1736222181702305
0.08668495560529477 0.004031364991847863 0.30862925081870407 0.6006544285841533
0.3097078418614182 0.04624553758111061 0.1644922126755528 0.4795544078819184
0.6185135670662028 0.055671041467012294 0.1986071805474382 0.12720821091934675
0.28700769580892604 0.2391792893734952 0.09347966778782624 0.3803333470297525
0.5043112418942842 0.3939502185608895 0.09923753122396273 0.002501008320863529
0.5044463711096329 0.14835121394081285 0.3106798687376906 0.03652254621186368
0.03677582554838332 0.11005588301606717 0.3880055429873057 0.4651627484482438
0.40049962991442767 0.27875511951340515 0.14027940279176276 0.18046584778040442
0.4011717650976607 0.19626405587441387 0.1989374387514823 0.20362674027644312
0.1363776552024516 0.06542650727237243 0.7868895848058215 0.011306252719354482
0.6352552819335276 0.16656252722591247 0.05839892745546971 0.13978326338509017
0.5940440910593291 0.253001392093536 0.07975822149549605 0.07319629535163885
0.23493446341299806 0.30478886213021406 0.22072132198037964 0.23955535247640825
0.014423243377552963 0.8313084462741819 0.12608584952842417 0.028182460819840993
0.1777977043283665 0.011924788238194428 0.12075187449303226 0.6895256329404068
0.20775925550184393 0.5495388259789041 0.1496440619785181 0.09305785654073384
0.12546428489810302 0.08450640620903194 0.12141645977523885 0.6686128491176262
0.5795200108757105 0.0005681698731572205 0.002819674860340071 0.41709214439079223
0.4564325173734797 0.34460687840265347 0.009856307992382018 0.18910429623148484
0.04754631272265364 0.19246489162406233 0.23746275697973585 0.5225260386735482
0.36164600244287204 0.03866924110586789 0.28005985281045487 0.3196249036408052
0.05394104102624475 0.25683729261336397 0.040678031109499524 0.6485436352508918
0.12193144014756019 0.06802914958659367 0.7881225486408178 0.021916861625028372
0.26549359728854094 0.020897620257161242 0.6377510617753868 0.07585772067891106
0.0041454042313781025 0.22081445304337177 0.03729772702766765 0.7377424156975825
0.2623672913215499 0.03184249327481248 0.0636619474513539 0.6421282679522837
0.6088180205203007 0.001218886795416041 0.01526873596290812 0.3746943567213752
0.1501998920762455 0.5009421925017059 0.11664431403510822 0.23221360138694036
0.07741276529844421 0.48584325288324826 0.16397538416294843 0.2727685976553591
0.039696563782517846 0.4171222856095378 0.43248871894410157 0.1106924316638428
0.0632484249710843 0.7659825342449376 0.16530451284569536 0.005464527938282782
0.17264497683937896 0.3069134133383342 0.3056041513434745 0.2148374584788123
0.14885924808535267 0.11863136728986956 0.7215459161095792 0.010963468515198582
0.07459302799075618 0.25376885011376293 0.17458531268418587 0.497052809211295
0.2023040799563458 0.5606694211035405 0.20072072367003657 0.03630577527007717
0.026150679777719454 0.16095283009211414 0.45320154742969976 0.35969494270046665
