59 80 4 225.06044300511334 450.1208860102266
9.316316040169827 2.4208352248131275 8.802235691342176 1.7574124677531238 6.162163155438649 3.537457901766215 3.3065250202900494 6.075823707624822 2.978410166368085 6.837587196243413 6.649770181687145 4.69876969325172 4.622890220788106 5.051458648034581 3.1053018741113103 2.208985268719106 1.942414906019978 5.2569120627097465 2.0246278225465213 3.5744228802778553 8.543905197936104 3.826660807359565 1.6873865068773057 7.924843082733688 3.321729865948895 9.409757328560543 8.27235707634315 4.017966487125982 5.422127484415392 3.004606971418264 4.9082334658335025 6.799545336603575 9.655900688254047 4.955429991777196 4.952130435865223 6.762052526790847 9.21789636572105 6.004541988599743 5.819060016922309 4.989334739314365 2.252166989045971 9.418413631815506 6.740456637338218 9.549604250726988 5.07875281810722 4.502888645773867 6.5339636055163055 7.047087737432383 7.87148371427961 3.793162325096881 3.6470001247797637 2.8034965163482317 3.562547801029132 7.295662756663091 9.306242826080037 4.069182887909939 7.303248276766045 6.763603742478158 1.3862835129211206 7.670048403529306 1.183385823399513 8.306807460673003 3.5472409173964126 4.936703815730386 9.370595846189016 5.875957310754077 9.125030439398838 4.52499791901017 6.344628915304287 9.064161214641194 2.4549038404969092 8.286557558192436 2.676650389270288 6.703696601737406 5.626733184237771 7.55424805868634 1.3426633757274193 9.203595378273057 7.937055844113916 9.634188419000166
1.8632632080339655 0.4841670449626255 1.7604471382684352 0.3514824935506248 1.2324326310877298 0.707491580353243 0.6613050040580098 1.2151647415249642 0.595682033273617 1.3675174392486826 1.329954036337429 0.939753938650344 0.9245780441576212 1.0102917296069163 0.6210603748222621 0.44179705374382117 0.3884829812039956 1.0513824125419493 0.4049255645093043 0.7148845760555711 1.7087810395872207 0.765332161471913 0.33747730137546117 1.5849686165467376 0.6643459731897791 1.8819514657121086 1.65447141526863 0.8035932974251964 1.0844254968830784 0.6009213942836528 0.9816466931667005 1.359909067320715 1.9311801376508093 0.9910859983554392 0.9904260871730447 1.3524105053581694 1.84357927314421 1.2009083977199486 1.163812003384462 0.997866947862873 0.45043339780919417 1.883682726363101 1.3480913274676436 1.9099208501453977 1.015750563621444 0.9005777291547734 1.306792721103261 1.4094175474864765 1.574296742855922 0.7586324650193762 0.7294000249559527 0.5606993032696463 0.7125095602058263 1.4591325513326183 1.8612485652160076 0.8138365775819878 1.460649655353209 1.3527207484956316 0.27725670258422414 1.5340096807058612 0.23667716467990257 1.6613614921346005 0.7094481834792825 0.9873407631460772 1.8741191692378032 1.1751914621508155 1.8250060878797676 0.904999583802034 1.2689257830608573 1.8128322429282389 0.49098076809938185 1.6573115116384873 0.5353300778540576 1.3407393203474811 1.1253466368475542 1.5108496117372678 0.26853267514548385 1.8407190756546115 1.5874111688227832 1.9268376838000332
0.2267638931054332 0.1317814005517891 0.034263782396677156 0.6071909239461005
0.3885777829973338 0.2422568275962872 0.09202674211001016 0.27713864729636883
0.15960809303427892 0.06498544808645446 0.3561759088167594 0.4192305500625072
0.14193852666206042 0.22286364997063624 0.25496797102865376 0.3802298523386496
0.2680039156161971 0.03331078542332011 0.5850917383787311 0.11359356058175174
0.027775054743657823 0.19319481475532685 0.33266911284649314 0.4463610176545222
0.5459815942856074 0.11065603985428463 0.3394954895839746 0.0038668762761333575
0.5374328019441621 0.3132307300545504 0.08450310942131256 0.06483335857997496
0.4491186869685121 0.1987629161045753 0.164633179487354 0.1874852174395586
0.4051982721522879 0.21152512051587624 0.31031225008135876 0.07296435725047712
0.49457871141599685 0.07270753831867838 0.15801976722146072 0.27469398304386405
0.3467780033381418 0.17239510332989783 0.40208299877371423 0.07874389455824615
0.4200108383523645 0.2581768037985074 0.21155794699181052 0.11025441085731758
0.22531210154403458 0.11385101827420396 0.547726056088426 0.1131108240933355
0.5839149040923749 0.13121683216556657 0.18327865838128254 0.10158960536077599
0.12672675034450753 0.06614669012111807 0.09090195330834061 0.7162246062260338
0.1889188697526757 0.594683719555716 0.16397666395334132 0.05242074673826702
0.14884054372850242 0.5766237622649286 0.20465874839150244 0.06987694561506652
0.00632618017181763 0.33918929598764036 0.22452743411825815 0.42995708972228386
0.07436729028064215 0.11507317524041016 0.7137268626824372 0.09683267179651045
0.4078811373844947 0.04444942263045537 0.49666406791245943 0.05100537207259048
0.35535779582824367 0.08974888839543882 0.45019247216864877 0.10470084360766874
0.2170379735918424 0.4577129885253599 0.31323034402421124 0.012018693858586449
0.5788042721799317 0.22890857103528373 0.0028068618746615037 0.18948029491012308
0.08098274453295529 0.2584967916534354 0.17827395748194463 0.48224650633166466
0.2825607493408455 0.5777783416105469 0.12946293952716958 0.010197969521438033
0.12935100801147226 0.6264793224410423 0.09119764690094634 0.15297202264653909
0.23943621720309705 0.11298760903841298 0.32172169505503256 0.3258544787034574
0.18867226426049544 0.19891625515850453 0.3668037973009777 0.24560768328002236
0.049576348554155714 0.3249786630525573 0.40746346203272454 0.21798152636056245
0.01651462422205563 0.49694151556997723 0.05832807964663689 0.42821578056133025
0.4602255465756657 0.03300564534084571 0.39144307371565656 0.115325734367832
0.20150105509515004 0.1047463729756769 0.6636322297557146 0.030120342173458492
0.0073009125609557746 0.31638032959600737 0.5033877056948322 0.1729310521482047
0.15337589183187783 0.38697199260426873 0.41529285207427524 0.04435926348957819
0.5733006489824849 0.06946403193297224 0.265412839097529 0.09182247998701387
0.0005692430631877299 0.650219619849008 0.29998283716917107 0.0492282999186332
0.13533323296749045 0.2778274574209516 0.43727065255576536 0.1495686570557926
0.004715519982696037 0.08161802527453355 0.20816988476623743 0.705496569976533
0.11670452560982747 0.23702368642997818 0.15705141918202659 0.48922036877816777
0.24629089052702535 0.029255055479625258 0.0690787208631155 0.6553753331302339
0.5718510880959333 0.09757043139651977 0.17603278375670617 0.15454569675084073
0.17522888541929138 0.3013486695893032 0.2960919751687692 0.22733046982263627
0.10530252042699995 0.33946140286286464 0.367157549152513 0.18807852755762244
0.05233245679740817 0.13164988260450328 0.5374426287285089 0.27857503186957966
0.4748953026840964 0.20572390495734316 0.09814901900165507 0.22123177335690536
0.8259612161588098 0.09322425555323555 0.04557573383220903 0.035238794455745626
0.039398315434692854 0.7118350368148679 0.12231862943871497 0.12644801831172425
0.0166535686056124 0.7588701291079898 0.04151886180688036 0.18295744047951745
0.22100435573832133 0.4320123838332729 0.002866585090631979 0.3441166753377738
0.2691685678536726 0.6130597338515569 0.09255486722006756 0.02521683107470296
0.49031747893329625 0.2799939664291742 0.15942988843543693 0.07025866620209265
0.2005256717948466 0.0522513009728669 0.3153971000205934 0.4318259272116931
0.3898507992144431 0.3816020057263515 0.03509810921570744 0.19344908584349796
0.21549364926937642 0.1278231280914951 0.12383186381311817 0.5328513588260103
0.008622439582561814 0.330844400183116 0.22113987321912731 0.43939328701519487
0.3167758551835602 0.303792910819357 0.09943883796962516 0.2799923960274576
0.023398591471281316 0.4940369472382684 0.07161323335871894 0.41095122793173133
0.25478062085233966 0.02712940619510751 0.29728673826047947 0.42080323469207337
0.24145587567299065 0.2772467952526777 0.45058730830209015 0.030710020772241498
0.5112131633353367 0.07684961426128023 0.1603215165033557 0.25161570590002735
0.19607027954888478 0.26461255041037257 0.5149136180014744 0.02440355203926825
0.10682906399578085 0.4010208404728698 0.28935406771364836 0.202796027817701
0.11714058572884722 0.21660985365817353 0.38327969091594893 0.2829698696970303
0.3853579922865603 0.14000393095914987 0.010822578938362692 0.4638154978159271
0.059803274262141715 0.4510756047447556 0.21022957478397963 0.27889154620912304
0.15507127044558044 0.2767987352541882 0.18578102625478565 0.3823489680454457
0.4149645951427847 0.18442837116682964 0.27220108343226834 0.1284059502581173
0.019408694621791622 0.3648996906050269 0.32220613875702886 0.2934854760161526
0.053567630904248875 0.28153089884337246 0.31545693736713987 0.3494445328852388
0.28094389233255135 0.0005976036816932595 0.48021466344865127 0.23824384053710412
0.4563472127172896 0.17524211632702147 0.298318231857263 0.07009243909842588
0.2711307016626231 0.3449463448428941 0.25370283877699396 0.13022011471748884
0.21286454454411163 0.12743476244852625 0.09103762177873875 0.5686630712286234
0.028764639697778427 0.49619874697408073 0.3195756535756127 0.15546095975252816
0.5029739264786949 0.14879516813112392 0.07035387985831698 0.2778770255318642
0.04856774916960693 0.6073692316212899 0.1442472141947525 0.1998158050143507
0.18749274571614027 0.032483437648675784 0.44013873480668564 0.3398850818284983
0.3049457872968976 0.020006008042033008 0.14301807900659924 0.5320301256544702
0.252989123041821 0.1380390451038227 0.15090796540552054 0.4580638664488358
0.2624744876103656 0.4139550938663674 0.0806378975068569 0.24293252101641005
0.4803256469202636 0.43524706751234743 0.077559698869748 0.006867586697640982
0.5891060097517044 0.06912057491458878 0.1421719885993301 0.19960142673437675
0.5397568296220565 0.004883344498435194 0.31732147285211965 0.13803835302738865
0.010829225901887174 0.021489645338270136 0.739699313685321 0.22798181507452164
0.23883802790601305 0.01578130093340535 0.017181510867869232 0.7281991602927124
0.22418098794063634 0.41362060865318395 0.15866275627762194 0.20353564712855776
0.07911708122124295 0.6074983030489359 0.10325666236639475 0.21012795336342638
0.11252597878197734 0.4391865588379339 0.3844855343649385 0.06380192801515028
0.04921465222684429 0.39641589399431343 0.20089174838515456 0.3534777053936877
0.16966282079174422 0.06029942983967995 0.5256701803392178 0.24436756902935808
0.23742298368822046 0.33250784325820637 0.02036484495070512 0.40970432810286805
0.47275436888036304 0.015609082436496724 0.15163604666457997 0.36000050201856026
0.14221201786725834 0.31495263553487807 0.014776022489393914 0.5280593241084697
0.25056008768305815 0.3788847826388356 0.20899795374636754 0.16155717593173868
0.16402868383567482 0.35189284107715435 0.48279241721160593 0.0012860578755649055
0.21064225437566364 0.5161193299492528 0.12470238695236713 0.14853602872271643
0.14437139767857066 0.6640357937585679 0.12922694114404898 0.06236586741881245
0.3869535757941768 0.16077725363693007 0.22171138536363855 0.2305577852052546
0.22936108736554128 0.041206506000539656 0.3415182165155176 0.38791419011840145
0.2438200818379177 0.39723164788277565 0.0716779129041395 0.28727035737516715
0.06767043563740338 0.6929010476265263 0.02043622605518791 0.21899229068088244
0.37188967212416923 0.11693641040049307 0.12270414152947162 0.38846977594586607
0.2197908915986424 0.11502220810436636 0.557885349142742 0.10730155115424922
0.054454344107176644 0.11038753260381706 0.565426801557592 0.26973132173141434
0.36892832253995145 0.19265134163366449 0.2779382213877025 0.16048211443868154
0.06425097503397581 0.3774372688829787 0.25608651027632745 0.30222524580671806
0.1554860382100215 0.2226098265557116 0.5714495426321987 0.05045459260206819
0.6893183187818448 0.054260062369283935 0.0946232442569066 0.16179837459196467
0.21215814345484618 0.16085577676960916 0.5887085088270757 0.03827757094846895
0.45463158888042576 0.45950713941684296 0.012137437878953716 0.07372383382377756
0.15850724750237255 0.3443005570411135 0.25562076373219134 0.2415714317243226
0.24636279745422918 0.6117767934978311 0.05419861353281252 0.0876617955151272
0.18381696659764513 0.17152027798832037 0.5964966332541289 0.04816612215990557
0.016117574990730188 0.5177833902010576 0.11022817822773467 0.35587085658047757
0.1834254663794559 0.11238213343587222 0.08554691785020563 0.6186454823344663
0.23417853200724514 0.47984465924174535 0.014000933823232975 0.27197587492777653
0.037987557990657006 0.12004367779269487 0.3226248295107127 0.5193439347059354
0.5654879244837315 0.17579703570619942 0.055191353607962346 0.2035236862021067
0.1562991417953481 0.04925276063908024 0.2986207876660736 0.4958273098994981
0.26279160834129356 0.22060941783044663 0.34530173602866177 0.17129723779959805
0.04196127660327431 0.39941893853829036 0.4024026135366521 0.15621717132178325
0.10153366865988789 0.4224934980531666 0.33721782056414384 0.13875501272280166
0.15979014143154902 0.4428908887367541 0.11355700184485529 0.2837619679868416
0.034136604761946354 0.5473563719134803 0.09829713962646325 0.3202098836981101
0.3914348741928605 0.008576508412024841 0.3223135523119869 0.2776750650831278
0.14616249791255131 0.203006936721278 0.34521562701420483 0.30561493835196585
0.1150934371109209 0.07763732608418406 0.6187527567182315 0.18851648008666355
0.11030797326564035 0.5964553640236874 0.1350863067872642 0.1581503559234081
0.08583419111725332 0.33953217281728454 0.21211557931361857 0.36251805675184356
0.558968764056109 0.1093807593865257 0.1746149900080176 0.15703548654934774
0.6656813799936852 0.04658766210086651 0.11349782404362052 0.17423313386182782
0.14561147874713898 0.5327942323812577 0.09144813199121438 0.23014615688038897
0.04416039585077092 0.2573785838938364 0.6845479554768131 0.013913064778579565
0.398890901390754 6.920864383408443e-05 0.5526482548324996 0.048391635132912336
0.28444868858731354 0.39229522561565533 0.06295511243293705 0.2603009733640941
0.09482408867987913 0.5497858381113961 0.30539224919964514 0.049997824009079594
0.10993501438609687 0.2161177748783759 0.1888269215084376 0.4851202892270896
0.011284815007462257 0.12678395214396154 0.46389122563207985 0.39804000721649635
0.021655101082887707 0.14855317314128147 0.4879780840789568 0.341813641696874
0.16028277323534845 0.12237885796265957 0.2799901260109807 0.43734824279101125
0.35331973697449826 0.05447939579155581 0.005264321768743918 0.586936545465202
0.11226925070148386 0.7743832918510737 0.02659856556102036 0.0867488918864221
0.047480331896596284 0.10874217754954063 0.36541921200180294 0.47835827855206015
0.22808991074279572 0.12682116277537825 0.4815806289730209 0.16350829750880513
0.3969449211078886 0.309775063508719 0.2316916599019636 0.061588355481428825
0.35262884871872324 0.2721666574485221 0.20498505860532368 0.170219435227431
0.03246680880989461 0.16692464564707632 0.48209917700147387 0.3185093685415552
0.33910020087363235 0.0031470261905887087 0.09783007989825276 0.5599226930375262
0.015825250981774786 0.02308297334794218 0.8308887733969321 0.1302030022733509
0.08727313053271024 0.5662480330008486 0.1795933287945024 0.16688550767193877
0.48556709452767677 0.044915295586832715 0.3448784381775253 0.12463917170796524
0.07542193416048948 0.4822391310746723 0.28186777018057874 0.16047116458425947
0.01835427882801266 0.0026669200044836527 0.286351201693014 0.6926275994744897
0.5816750026380783 0.112961577729347 0.05255724789153482 0.2528061717410399
0.37971716975715664 0.046999329604523576 0.025115007136804812 0.548168493501515
0.21708262941289402 0.03689155739270755 0.45819555755112795 0.28783025564327047
0.6515699416783468 0.042193916430492306 0.09285215137837799 0.2133839905127829
0.032634036035384506 0.6963751962307345 0.09806634695236571 0.17292442078151526
0.0669704485151631 0.6819887459340135 0.1426478593879864 0.10839294616283701
