15 60 4 142.71041495384966 285.4208299076994
8.639359275417208 2.610063324288986 1.4892689287578829 4.253846014794006 3.478608357457708 5.770002024058828 3.753270241623244 3.740269232387288 2.0056714855803524 3.2490911249210304 9.258669080529062 3.3773216792803624 7.459963187262005 8.791435307711387 8.263715340208382 2.8949552439294517 2.5051872831080093 1.420357525138645 1.354800805817483 2.802077287979256 9.986890624544548 4.355082804950994 7.844592465360547 5.26126998414845 5.587437752358892 9.505345754713984 1.9850198350764694 5.18583844688352 2.273997339107213 5.84513885941233 3.6909879085022093 5.839706974769524 6.99064784042369 4.278959205113313 6.607167574011044 6.784523967206902 4.779836380876361 4.6291819060914605 4.513782934868866 4.6557057022524235 1.7169949485090803 1.5114808127087538 1.7049781776978001 7.261100295752148 1.2624306481462861 5.495431777561755 2.193708859700151 1.2768007019120664 6.7554048548249135 5.013983327676513 9.771459721475921 3.9678933913443224 2.758823408918684 7.1564159108206855 4.159889715404629 7.939325020053414 8.126195512325273 4.994871302128862 3.4194547113241627 1.2151397984906493
1.7278718550834415 0.5220126648577972 0.29785378575157656 0.8507692029588012 0.6957216714915415 1.1540004048117656 0.7506540483246489 0.7480538464774577 0.40113429711607046 0.649818224984206 1.8517338161058123 0.6754643358560725 1.491992637452401 1.7582870615422774 1.6527430680416764 0.5789910487858904 0.5010374566216018 0.28407150502772904 0.2709601611634966 0.5604154575958512 1.9973781249089098 0.8710165609901989 1.5689184930721094 1.05225399682969 1.1174875504717785 1.9010691509427968 0.3970039670152939 1.037167689376704 0.4547994678214426 1.169027771882466 0.7381975817004418 1.1679413949539048 1.3981295680847379 0.8557918410226627 1.3214335148022087 1.3569047934413805 0.9559672761752722 0.9258363812182921 0.9027565869737731 0.9311411404504847 0.34339898970181604 0.30229616254175073 0.34099563553956 1.4522200591504295 0.2524861296292572 1.0990863555123511 0.4387417719400302 0.2553601403824133 1.3510809709649827 1.0027966655353027 1.9542919442951843 0.7935786782688645 0.5517646817837367 1.4312831821641372 0.8319779430809258 1.5878650040106828 1.6252391024650545 0.9989742604257724 0.6838909422648325 0.24302795969812988
0.3713325657678248 0.14916390904191623 0.20702607376817128 0.2724774514220877
0.42529029529235085 0.39855881316405994 0.06409609257689486 0.11205479896669435
0.10682265172052396 0.11293938561661077 0.6981793613145418 0.08205860134832343
0.12759215495203946 0.16770441674677916 0.6255030986483814 0.0792003296528
0.6078523073725284 0.13556732209347055 0.1763810951572743 0.08019927537672678
0.0016447577600704477 0.4188497387558515 0.1532571900469505 0.42624831343712755
0.015004156349900266 0.18571580995417747 0.7315573772368319 0.06772265645909037
0.5990396713972187 0.016360495520231666 0.006220167160935097 0.37837966592161454
0.009044383533662548 0.1123801213431267 0.5569502183621796 0.32162527676103114
0.20999573804245497 0.45575660579913213 0.2751265368347334 0.05912111932367947
0.40128849973594516 0.2817328511632654 0.3108933503286685 0.0060852987721209395
0.2154033690963183 0.15458587726975292 0.0640324251936849 0.5659783284402439
0.6781169710862006 0.03831658420047168 0.14349909601759514 0.14006734869573256
0.11538834870299763 0.4361335235910033 0.19391635532851226 0.2545617723774868
0.06600112254706125 0.5575809310713433 0.006620874578705083 0.36979707180289034
0.7612766711569552 0.027943057820307704 0.1805229830467352 0.030257287976001912
0.03612705238698832 0.06316350500544798 0.6980949383929437 0.20261450421462002
0.18474297802999107 0.5597707503184086 0.22399152236940756 0.03149474928219276
0.21738165701726286 0.03158326411780099 0.1895443881588249 0.5614906907061112
0.7698532438293518 0.05199326167552132 0.005965830591568189 0.17218766390355866
0.030873134596241747 0.4213928872504451 0.2960698054178015 0.25166417273551167
0.16787213484059926 0.09437546490483462 0.5550088611349252 0.18274353911964092
0.1585468371652191 0.3256652861997221 0.23334137758938533 0.2824464990456734
0.26826425539294463 0.043877281413340796 0.45705645094362535 0.23080201225008923
0.0073315085486058695 0.2018756192129627 0.2786794963633936 0.5121133758750378
0.2094201517943991 0.2786449354763699 0.13538617672385778 0.3765487360053732
0.2644763042373123 0.43862257185928377 0.20574953276783825 0.0911515911355657
0.026123872851089747 0.39365439668782454 0.2581229481850278 0.3220987822760579
0.015936433652146365 0.1284938103330051 0.08091929546621346 0.7746504605486351
0.5284065440430642 0.21414203117914032 0.11598754436486125 0.14146388041293423
0.24776276007443354 0.02171977709283568 0.678067103726662 0.05245035910606877
0.32233959235494003 0.6031390438054753 0.01991069251383626 0.05461067132574837
0.08258403571946071 0.567481887983015 0.15506043949681036 0.1948736368007139
0.06040716813355995 0.11387153860824073 0.6258321731206731 0.19988912013752624
0.25064275513904455 0.1678212443621785 0.5099019929728841 0.07163400752589288
0.6694029462121013 0.016565908152207376 0.12739529110127945 0.1866358545344119
0.3927243966621393 0.08115295139515988 0.5047056258504149 0.021417026092285907
0.06944861711891037 0.2626128493296468 0.49587344788825605 0.1720650856631868
0.25069695786415136 0.22446332523925794 0.11713181597196665 0.40770790092462406
0.0423843533949293 0.17673592360972146 0.5528497610195422 0.22802996197580705
0.4137737339418399 0.5192580415109429 0.059001342680355395 0.007966881866861786
0.07119029432072288 0.09652932291073335 0.5684287913668787 0.26385159140166503
0.22940538998195215 0.16226842103173145 0.07684996146424328 0.5314762275220731
0.5307177414357697 0.02057196077093182 0.166872091381291 0.2818382064120075
0.21965130223389528 0.4763701840118505 0.2259703590554515 0.07800815469880273
0.3983457517212088 0.1385195952743521 0.3474210288342565 0.1157136241701826
0.6122942199379403 0.30155394415467207 0.010842679557124701 0.07530915635026292
0.27245316628494876 0.1857915633845415 0.32168537569190814 0.2200698946386016
0.16246289295671446 0.3504453693380445 0.3658832316003643 0.12120850610487677
0.1400774452313912 0.14136514863909744 0.24144521906499483 0.4771121870645165
0.23494528842582862 0.08963745488205288 0.6295918345875671 0.04582542210455143
0.27479569082489963 0.35970753896035035 0.2979092350584871 0.06758753515626292
0.2566506548202463 0.0006316619079357322 0.5156045763254535 0.22711310694636444
0.09295844822640453 0.27067625824918673 0.4443856150802993 0.19197967844410946
0.16902762897776125 0.2025248124179092 0.28262926771325936 0.3458182908910702
0.15837764953054034 0.3412582647979824 0.15247737884696044 0.34788670682451683
0.3510307265594219 0.32586111909173354 0.2923888362524031 0.03071931809644146
0.12498032517357816 0.35962167543371504 0.3630727609723109 0.15232523842039591
0.10915397628833723 0.07618744821516332 0.17396750533181982 0.6406910701646796
0.004431500595257765 0.33783591862417506 0.4731283508837413 0.1846042298968259
0.09773087965586325 0.3617135456798525 0.22512461756779845 0.31543095709648583
0.22039953667363887 0.23147172676913408 0.15160179386848194 0.3965269426887451
0.01201012562940873 0.5355423080165638 0.08901378058190124 0.36343378577212626
0.30365373978719956 0.265451297855376 0.30656090443877626 0.12433405791864816
0.20136661118531174 0.1286485740850225 0.18566016787796813 0.4843246468516976
0.07173319673476697 0.4271841751170742 0.38145601012822317 0.11962661801993568
0.363290798030508 0.05788726123950394 0.4785493495409425 0.10027259118904552
0.13927871531915537 0.796983740947085 0.034679612046293884 0.029057931687465732
0.5173941425728488 0.02894490476025413 0.2284311925869612 0.2252297600799359
0.12398756441911152 0.24138013765252408 0.3975451394321651 0.23708715849619932
0.09621129351913138 0.49379416788656727 0.021503412142293232 0.3884911264520081
0.12915869529940904 0.09905378405513643 0.6218534671850584 0.14993405346039612
0.36501978739945595 0.01285618967890012 0.08787480185556695 0.534249221066077
0.15953575050217628 0.31280594362541303 0.1139270061667933 0.4137312997056174
0.29991891969923234 0.1932686175431284 0.31882615304340767 0.18798630971423158
0.12149158646230274 0.7172983411567934 0.025019300303381287 0.13619077207752261
0.3426550027332561 0.24418587673340564 0.38229017761729767 0.030868942916040587
0.07902950509210371 0.08798674036141219 0.7165194894336451 0.11646426511283903
0.10164343205158344 0.4110139977499281 0.4539548874913045 0.03338768270718395
0.04753698969229203 0.38757914103122804 0.5304854323294949 0.03439843694698508
0.19843054054272513 0.05433848655544482 0.3381269852493545 0.4091039876524756
0.13324374974499853 0.2771549309257698 0.5404621231930918 0.04913919613613982
0.14609124865294976 0.22376289367766877 0.23319403427098784 0.39695182339839363
0.540824693036656 0.19220602829821698 0.189148037225637 0.07782124143948999
0.8413234965408011 0.043280559379842765 0.011486488827865737 0.10390945525149042
0.2621881360813587 0.19299258800118335 0.0393298276650863 0.5054894482523716
0.2051949544912982 0.21177838615658773 0.13801900525927557 0.4450076540928385
0.020042648764431514 0.34489611051110924 0.34408916278821544 0.2909720779362438
0.5090010027717701 0.2188924956556334 0.21314189911051262 0.058964602462083904
0.40841077734630393 0.3920089767256161 0.07234545142003546 0.12723479450804454
0.1540113346811094 0.11017487071584575 0.5959431114835222 0.13987068311952267
0.26051744673573085 0.24280213715088206 0.25663728572102595 0.24004313039236114
0.053528109550113 0.1178917127949638 0.14030888823039034 0.6882712894245329
0.40250834314536 0.02705567022476707 0.17287580208374653 0.3975601845461264
0.31155852147103 0.5590816350968268 0.057622605759246714 0.07173723767289641
0.05719820305014256 0.2636994673943589 0.6191079571731077 0.059994372382390804
0.7596996443042733 0.1317338972004316 0.009285578542193695 0.09928087995310142
0.04275684111415434 0.09233141183678306 0.4819015843223947 0.3830101627266679
0.6823524940331293 0.25275038008408524 0.026825278005517483 0.03807184787726803
0.26267733568740925 0.6113786878113284 0.0876619374726878 0.03828203902857452
0.0014446131712595456 0.7068583290017556 0.15132408513513362 0.14037297269185123
0.23701682545985148 0.02326602874609862 0.71440188371155 0.0253152620824999
0.02376043597771016 0.03741522910192807 0.2477175135167805 0.6911068214035813
0.36863282446382717 0.4813399819876718 0.14609392216880512 0.003933271379695902
0.43810491758683967 0.10674029561390952 0.2855736987085927 0.16958108809065808
0.04987925451626962 0.1825243348301483 0.022227628649652886 0.7453687820039292
0.14886116166459085 0.6235074227573054 0.057055645685998524 0.1705757698921052
0.08300444961733455 0.23471321176354476 0.4627791195658131 0.2195032190533076
0.05767769217676777 0.47144660387068904 0.11978169815473794 0.35109400579780525
0.2388503381673568 0.24227589581499487 0.2989185503674112 0.21995521565023712
0.43506233209579703 0.2643267536389512 0.26309637529444085 0.03751453897081092
0.48568849249538815 0.040371072849175293 0.23942651832929618 0.23451391632614038
0.47328996329014317 0.2794135257106153 0.0031305418589689937 0.24416596914027255
0.07247963302692106 0.8640152045455692 0.05466221575327801 0.008842946674231689
0.6774958221035816 0.09144245983390953 0.12919678592216066 0.1018649321403482
0.32562636251375787 0.42463111934714437 0.1612721463286121 0.08847037181048567
0.19992496383687497 0.12440239053804814 0.07494015552522859 0.6007324900998483
0.027920634394469346 0.021719352297689287 0.33399396438270645 0.6163660489251349
0.2590875834049883 0.5216086600441705 0.04289923299439147 0.17640452355644975
0.01605009084128528 0.7823962508167261 0.0688493781980889 0.13270428014389968
