100 10 4 24.915910036423615 49.831820072847236
5.890644476118689 3.5053244658441653 4.820658316742198 8.602985190879133 1.042469705718753 2.094122087048028 7.036741762541007 8.43267479594543 2.230359307164577 6.17583996484525
1.1781288952237379 0.701064893168833 0.9641316633484396 1.7205970381758267 0.2084939411437506 0.4188244174096056 1.4073483525082016 1.686534959189086 0.4460718614329154 1.23516799296905
0.18532821955007506 0.034369273074917106 0.6716244616872719 0.10867804568773598
0.4317041836631217 0.3799789654262016 0.00454159963651668 0.18377525127416006
0.005688507352573424 0.16972194638976323 0.6422389250343907 0.1823506212232726
0.10514768541205632 0.49369569151643655 0.19681913154479447 0.20433749152671266
0.03647605659256892 0.8540698881359352 0.09037491228380734 0.019079142987688535
0.2100265776728606 0.3718156147259173 0.16063749669919947 0.25752031090202265
0.2858956904068647 0.48321948069878695 0.2058913225009359 0.024993506393412468
0.17808098950580487 0.17671462215149492 0.004712232279602491 0.6404921560630977
0.04486228246077528 0.3313901718365877 0.2536894212901344 0.37005812441250263
0.3631880041093498 0.2391086536215158 0.3315446417355534 0.06615870053358097
0.10837689046425514 0.10082523165293444 0.7694216625901801 0.02137621529263034
0.1719410127325942 0.10213273430910497 0.6659560725806755 0.05997018037762536
0.25242635344484043 0.08368559667605824 0.036720096169024496 0.6271679537100768
0.01525497124633901 0.36668847369677104 0.22186109409974353 0.3961954609571464
0.05994198881803725 0.5169595105819956 0.31351006404204285 0.10958843655792427
0.020439132026923157 0.5242457461517244 0.08549905829672855 0.36981606352462393
0.2506952291383959 0.6016998587029104 0.03245820564979918 0.11514670650889447
0.23769420862405044 0.10249600674659531 0.2586687305051014 0.4011410541242528
0.14260031444628352 0.3628311151895057 0.08737397134009739 0.40719459902411337
0.20434527686864423 0.1834210034579865 0.5586136004824706 0.05362011919089871
