91 60 4 157.12086576528918 314.24173153057836
2.809032365061765 3.961184198429638 3.668497198309649 1.8400030163269108 3.997709312479151 7.527004665507592 6.871264695281681 5.543650856231832 9.52597617044255 6.646614205474785 9.930577067803348 1.6850911985407744 4.083476743902304 3.7624196263974916 7.391841710779962 9.255857890397092 1.7281603043361176 1.5654990889671965 6.239514704393875 7.022784004741621 1.0840724434387754 4.797339299573025 4.558522886383759 1.6588365500516775 7.932684439033219 2.70423327881309 5.212069795272207 6.865736755619059 1.0734424413987118 1.6117750856418167 7.722371565280438 2.4172319190468725 5.813231621155598 7.086487268805586 5.675997480273958 5.674602708190234 5.191853964169831 3.20183207317951 9.203859744434727 1.9690681560482144 5.335829388056576 7.738385923319869 4.464924487867252 7.7674672230475945 7.836709061089035 3.5912481547588526 7.060882163706293 2.5801647619151615 7.0476265885818 3.668710661936388 5.5897254872680255 3.283928775209934 5.7827433424972785 2.271211911116467 6.542367273539708 5.2335410574666055 9.558075711140454 4.221249769172198 9.828656680613973 8.326874608659288
0.561806473012353 0.7922368396859276 0.7336994396619299 0.36800060326538214 0.7995418624958301 1.5054009331015183 1.3742529390563363 1.1087301712463664 1.90519523408851 1.3293228410949571 1.9861154135606696 0.33701823970815487 0.8166953487804609 0.7524839252794984 1.4783683421559926 1.8511715780794185 0.34563206086722353 0.3130998177934393 1.247902940878775 1.4045568009483242 0.21681448868775507 0.959467859914605 0.9117045772767518 0.3317673100103355 1.5865368878066437 0.5408466557626179 1.0424139590544415 1.3731473511238117 0.21468848827974235 0.32235501712836334 1.5444743130560876 0.4834463838093745 1.1626463242311196 1.4172974537611172 1.1351994960547915 1.1349205416380468 1.0383707928339663 0.640366414635902 1.8407719488869454 0.39381363120964286 1.067165877611315 1.5476771846639736 0.8929848975734505 1.553493444609519 1.567341812217807 0.7182496309517705 1.4121764327412587 0.5160329523830323 1.40952531771636 0.7337421323872776 1.1179450974536052 0.6567857550419868 1.1565486684994557 0.4542423822232934 1.3084734547079415 1.046708211493321 1.9116151422280907 0.8442499538344397 1.9657313361227946 1.6653749217318576
0.08690474009531401 0.7710319028721384 0.01690851853835884 0.12515483849418874
0.23134614061361647 0.309318683867576 0.37141957567799355 0.08791559984081398
0.3944303797828894 0.04879561416137512 0.02623205105409121 0.5305419550016442
0.5373016578343519 0.08378059054483644 0.3404827037583492 0.038435047862462435
0.14499439443462858 0.1928927426648086 0.5955806233019318 0.06653223959863097
0.333650115015933 0.5469370354730011 0.007575177815128398 0.1118376716959375
0.0835986116909847 0.7582810965464643 0.15464047999822617 0.0034798117643248805
0.3712036103987043 0.4086797892922631 0.1876529366333476 0.032463663675684984
0.00667162744288885 0.2057956590607276 0.6440401027026731 0.14349261079371045
0.4584539020152686 0.3237242196057919 0.20349391066794242 0.014327967710997092
0.056197210275942044 0.22966431120758668 0.3659729195653981 0.34816555895107315
0.8587698409642798 0.10825591159388614 0.013981065059047948 0.018993182382786133
0.7801440261493278 0.053231369067978096 0.01609879315558349 0.15052581162711065
0.0857360347488082 0.12399946387115834 0.5421048707741201 0.2481596306059134
0.29854968893267597 0.5838243481418062 0.020332270100220873 0.09729369282529698
0.060320570911529314 0.1190362955240748 0.03349535145337079 0.7871477821110251
0.17290615478234062 0.5574299784224072 0.151463002704886 0.11820086409036623
0.10808519537158412 0.7505408651637797 0.08971116196448192 0.051662777500154244
0.32870256213372995 0.40967407035713244 0.012050989393671774 0.24957237811546584
0.12414516340189807 0.706252267592824 0.15574487983479146 0.013857689170486465
0.30971274211822986 0.4659020451889988 0.11295871412314262 0.11142649856962872
0.10103209542755143 0.5541471063875245 0.029678486924495262 0.3151423112604288
0.53171171946539 0.13073829491642996 0.11565872695000767 0.2218912586681724
0.12696763384686638 0.11012942540255699 0.10853689326068638 0.6543660474898902
0.10261172571013388 0.5465615911419778 0.279034248964257 0.07179243418363135
0.6679222697679865 0.03564009191380302 0.19580909452308082 0.10062854379512964
0.3517973516092677 0.3080578544753029 0.32930428109701315 0.010840512818416248
0.0056174339966957865 0.4920857523292529 0.24207660204685422 0.2602202116271971
0.16429250712478483 0.5260200813741033 0.11598103555290096 0.19370637594821094
0.30871186790210436 0.14538120018581135 0.008180687773716278 0.537726244138368
0.5116239458728512 0.11904619262372373 0.34180690043625206 0.027522961067173002
0.060669422234535864 0.11365191638756589 0.2747216089455041 0.5509570524323941
0.7470740753745526 0.02463196984976046 0.01818384462834144 0.21011011014734549
0.25004213343933557 0.24872723232661165 0.4267545934526573 0.07447604078139547
0.0029511055127350305 0.2992690934791512 0.2921275125382059 0.40565228846990786
0.2111822783803199 0.0550178468773973 0.3821505505851932 0.3516493241570896
0.6382732107234198 0.10094353868391293 0.1975044530885035 0.06327879750416376
0.15353799142594382 0.6118288950564876 0.21535416292023823 0.019278950597330313
0.06134471763566418 0.16983443785521157 0.3739197826028301 0.39490106190629415
0.08221266709444619 0.5280444103920365 0.0974969341496561 0.2922459883638612
0.17758858875002326 0.3195568552224368 0.39481202774484747 0.10804252828269245
0.1136005869004677 0.33873565344298495 0.14227255091859614 0.4053912087379512
0.17981215201428058 0.20420713512774158 0.41367494060318033 0.2023057722547975
0.36881992113185236 0.34261819832174656 0.24969546457881175 0.03886641596758933
0.08944739226318588 0.5760991388064003 0.07403397940793255 0.2604194895224813
0.13324348714359802 0.43971436767256444 0.31296409790531055 0.114078047278527
0.14245399904253375 0.564438450367333 0.11208309458336152 0.18102445600677175
0.09778112004480188 0.1954720528561884 0.6567596761418386 0.0499871509571711
0.25509193746868775 0.022940681022225462 0.5752511154803149 0.14671626602877186
0.5115490645128226 0.40661647904052356 0.052319597282027286 0.029514859164626595
0.24195332301062678 0.08339934716659714 0.6001649346452083 0.07448239517756783
0.010832957510222507 0.06141354589446646 0.34451846763623606 0.583235028959075
0.27582128086666025 0.19220465829098687 0.19200973762323292 0.33996432321911996
0.06875482983785275 0.5280814291845664 0.28528463838770246 0.11787910258987844
0.024911649787103807 0.4993610229557862 0.13264105115957991 0.34308627609753006
0.3152017692278224 0.08949569920158562 0.022371483522358848 0.5729310480482331
0.06126860103257181 0.19372779343241864 0.7026094359869663 0.042394169548043203
0.15471663333599095 0.2785735630522733 0.4940885507852223 0.07262125282651344
0.18268247519508973 0.3362103676932108 0.21213708775483486 0.2689700693568646
0.8268000824789814 0.011398356066690152 0.008362352585589372 0.15343920886873907
0.32509150352799665 0.34905372493477715 0.16618289934094932 0.15967187219627688
0.18269034388710492 0.30838997201836227 0.13887058709167233 0.3700490970028605
0.5393116608414386 0.27241374578675537 0.01895547670589881 0.16931911666590727
0.03872856615609821 0.17595322523818724 0.5626312220277954 0.2226869865779192
0.30590167156315284 0.01649148976069892 0.032889003288201435 0.6447178353879468
0.2048494995141139 0.5335637477174351 0.25603140471673347 0.005555348051717535
0.04113208824053727 0.2525405871620445 0.5370556953659484 0.16927162923146977
0.23004964313185416 0.2236754802778922 0.0845634310305432 0.46171144555971044
0.1749112076182442 0.04740800965957448 0.300584922560689 0.4770958601614923
0.16798200618974624 0.3302180306642668 0.07988133193015945 0.4219186312158275
0.4491158865643673 0.06305184520990592 0.3433604385048279 0.1444718297208989
0.2317381143129743 0.4098662665753229 0.08522282748502641 0.2731727916266764
0.18863630752917915 0.2386169586546203 0.3828908116595724 0.18985592215662817
0.5319863554647375 0.17835498360291402 0.2657153571592399 0.023943303773108604
0.10181265009663354 0.6761053604396176 0.025253122626825886 0.19682886683692302
0.0481245407112747 0.7580785850009794 0.07619137095663864 0.11760550333110731
0.29334505096214925 0.20545043478016523 0.10332225259957784 0.3978822616581077
0.20984858722067035 0.5217856424741611 0.19522855549612095 0.07313721480904756
0.14562490831821107 0.0035675895982062444 0.04149771361293231 0.8093097884706504
0.4075962415448273 0.4069390082057932 0.013052852802602821 0.17241189744677665
0.015925833322168792 0.08951581946432774 0.456426172291464 0.4381321749220395
0.1629555590088122 0.4070426689155483 0.3667441559860961 0.06325761608954339
0.27105605010503797 0.3336801904522988 0.01956391547202907 0.37569984397063416
0.06922442238008375 0.30619103208639653 0.08009424797221698 0.5444902975613027
0.26886995351197085 0.47595115747725436 0.007891257238752392 0.2472876317720224
0.21970079826383038 0.21048208388064737 0.303403942570713 0.26641317528480923
0.1312701179364173 0.30882814624819477 0.2932566000522966 0.26664513576309135
0.32099381397859694 0.1824068684409862 0.048789399595224325 0.44780991798519254
0.00800683480207054 0.3196882406246606 0.39287860783685435 0.2794263167364145
0.18288241690247686 0.363475678863585 0.1647352244236182 0.2889066798103199
0.1832994781408247 0.08850733799326937 0.01983065218439395 0.708362531681512
0.030095078100463635 0.06899215154023608 0.1480335387731636 0.7528792315861367
0.3091646151666654 0.2112100921013642 0.27241474472596716 0.20721054800600325
0.2777771857606286 0.13061210659926892 0.2803846169290444 0.3112260907110581
0.23223648626058635 0.365795891007069 0.058976871065190895 0.34299075166715376
0.5776583619998489 0.2333014827249038 0.15405205387970433 0.03498810139554298
0.3508049637546171 0.06524885762027333 0.5550467159051083 0.028899462720001212
0.21339968512557872 0.11942904677929733 0.41424444462811005 0.2529268234670139
0.5983158367758379 0.06564368249017849 0.026963783199860702 0.3090766975341229
0.027173343514355186 0.6435000913560752 0.06658648767210806 0.26274007745746153
0.10455435307333316 0.16100307191747654 0.34217284974956264 0.39226972525962767
0.12853462347264066 0.04026922299298552 0.3194817080295056 0.5117144455048682
0.08770965880474801 0.4301742368396826 0.2282148304680467 0.2539012738875227
0.1201760362033274 0.08391398411083051 0.5242952037965215 0.2716147758893206
0.00015796791843170066 0.05810758458965126 0.8188131217996301 0.12292132569228698
0.4970255458403622 0.14861998596185488 0.3321889065689605 0.02216556162882244
0.011791546510440343 0.5582425073241895 0.3574745416719207 0.07249140449344949
0.3423066847706042 0.24915763795464185 0.2884863417557454 0.12004933551900854
0.39481792972626384 0.1078750378213148 0.4553665715000418 0.04194046095237958
0.2798879421648456 0.43817921127601867 0.10528465513403473 0.17664819142510102
0.14571713628348393 0.0887408829424281 0.06739925802854485 0.6981427227455431
0.2848494548034658 0.18230726146466558 0.15977358651939833 0.3730696972124703
0.15513276435911638 0.1416842176269152 0.09706140034053279 0.6061216176734356
0.02774848496914528 0.3176080070510926 0.25076468175621835 0.40387882622354376
0.020262320521807653 0.04218025928634228 0.5549750924634498 0.3825823277284003
0.9426884485679998 0.014111393775571468 0.04094899634022253 0.002251161316206174
0.3619558238490229 0.17988499057944074 0.2252547211677527 0.23290446440378365
0.13922135417741544 0.19252317666268937 0.4248498548988935 0.2434056142610017
0.25360464640154023 0.3096810441940695 0.2405058497951853 0.19620845960920497
0.11044654775801077 0.33137645711019914 0.38998105318314036 0.16819594194864973
