23 60 4 163.88749240364285 327.7749848072857
5.655680954619303 9.522663434333326 7.889137834572162 3.5415625957040144 2.989408269354873 7.175998767137202 2.5042528279005065 4.5319821981852755 6.562471125275283 4.7073708537287136 1.0221839308079756 8.956289641348942 8.964527845388261 3.7036872042983284 6.306236786932431 9.805842244133478 8.6058443991368 1.5856789515147414 3.6527001824562904 3.591409968705218 8.402197051930898 6.635647341642215 1.9942994252230641 1.0047593005234845 9.479496095699496 2.273506819526708 4.794368735495437 4.118404961336898 8.828065759574633 4.857416311170577 8.4587633589048 7.4606665440343445 2.0730402476571044 6.36745755438648 2.1678066793466195 1.6978068255445946 8.480847301213762 5.1794705330218225 2.4581123110247405 5.93177762883706 6.2963723965810825 7.962518521681608 6.902609122062129 6.019360835305807 2.6042253991312903 3.165251780962118 5.5544916913197335 4.570711289468461 5.347496668986473 9.601658569793672 9.114419735266427 5.5518338977976365 8.386313366466233 8.44944333467483 3.08650012841849 1.7114993776443739 5.191866338311598 8.910782275638457 2.327527528352681 3.0812617477947475
1.1311361909238606 1.9045326868666652 1.5778275669144324 0.7083125191408028 0.5978816538709746 1.4351997534274403 0.5008505655801013 0.9063964396370551 1.3124942250550566 0.9414741707457427 0.20443678616159514 1.7912579282697885 1.7929055690776523 0.7407374408596656 1.2612473573864862 1.9611684488266956 1.7211688798273599 0.31713579030294825 0.7305400364912581 0.7182819937410436 1.6804394103861795 1.327129468328443 0.39885988504461284 0.2009518601046969 1.8958992191398991 0.4547013639053416 0.9588737470990875 0.8236809922673796 1.7656131519149265 0.9714832622341154 1.6917526717809601 1.492133308806869 0.4146080495314209 1.273491510877296 0.4335613358693239 0.33956136510891893 1.6961694602427524 1.0358941066043645 0.4916224622049481 1.186355525767412 1.2592744793162165 1.5925037043363217 1.3805218244124258 1.2038721670611614 0.520845079826258 0.6330503561924237 1.1108983382639468 0.9141422578936922 1.0694993337972947 1.9203317139587344 1.8228839470532854 1.1103667795595273 1.6772626732932465 1.6898886669349662 0.617300025683698 0.34229987552887475 1.0383732676623196 1.7821564551276914 0.4655055056705362 0.6162523495589495
0.6159867686395024 0.3004209534263371 0.0015380836380902707 0.0820541942960702
0.19868130269462891 0.05644951702770695 0.7173869607041579 0.027482219573506272
0.08347593685978472 0.017894090677177066 0.7436391671321101 0.15499080533092813
0.09272600446654555 0.25275247351264996 0.45312172937151085 0.20139979264929364
0.5035347736778055 0.03086250755316966 0.2568933098253723 0.20870940894365253
0.0744592048645033 0.3611399646518665 0.3221702031828002 0.24223062730083
0.04662987836169319 0.596830331808012 0.23480564503956602 0.12173414479072875
0.005024923725740482 0.23515697782067158 0.28897311813225335 0.4708449803213346
0.14536195449419298 0.4602032402764391 0.23728935627811076 0.15714544895125715
0.5583471760640503 0.04512803115177755 0.3510792241334354 0.04544556865073679
0.3018131639153595 0.3254193358418963 0.012157378957007858 0.36061012128573633
0.2853803359354091 0.19851163539297945 0.3658925570904895 0.15021547158112192
0.0968849642839934 0.09315368710261152 0.13874869855353522 0.6712126500598599
0.12234722973411316 0.6386089161031466 0.1273060060039285 0.11173784815881171
0.1552147464040412 0.0299781710792979 0.3795925316749139 0.435214550841747
0.08086222034004453 0.6571778039614611 0.05633928206239025 0.20562069363610413
0.11380123623093197 0.33569574649695133 0.1019054214781222 0.4485975957939945
0.1406534791699433 0.008194545722752355 0.22268575223727016 0.6284662228700342
0.05011902966338311 0.330188333193019 0.5304004645801571 0.0892921725634408
0.19425766330246852 0.011675010827103427 0.41130881962735977 0.3827585062430683
0.17079131745352893 0.4697721943949207 0.3221579577037328 0.03727853044781759
0.028773996896283682 0.3014956562524538 0.27481735297224563 0.3949129938790169
0.9395388576438164 0.013702225731360151 0.03754981251370948 0.009209104111113975
0.06781930482977494 0.05378932813766901 0.7062585830644169 0.17213278396813914
0.31263487955292235 0.38190647758927443 0.2402508654214226 0.06520777743638062
0.08096605281726121 0.33315761593914284 0.21261200720386653 0.3732643240397294
0.3436456284377015 0.2030931391984313 0.17630176126309194 0.27695947110077523
0.34809190046205274 0.06255906248068577 0.24036046217264562 0.3489885748846159
0.09317831284174316 0.29998078022714836 0.5836725919771176 0.023168314953990854
0.030125761588574607 0.26097985541908264 0.10290598213722613 0.6059884008551166
0.3241235471935223 0.15059761602002153 0.29788325687328776 0.2273955799131684
0.42954226359209646 0.17259155239984447 0.016862920306473628 0.38100326370158544
0.07309111409214941 0.11569851853616497 0.4015143620232149 0.4096960053484707
0.1151005530179735 0.12876740937525055 0.014761552260569744 0.7413704853462062
0.3755784392310356 0.21523628174359577 0.0035678117558580746 0.40561746726951053
0.1253607482101322 0.35193314218867777 0.4559481639444749 0.06675794565671511
0.21395974147532426 0.1684449045796178 0.5730020496278756 0.044593304317182336
0.021559629030845406 0.003335677250061564 0.6284160936382756 0.3466886000808175
0.6132629221851462 0.3482262184427194 0.017295750131799514 0.021215109240334873
0.14696006871897738 0.36502494971691524 0.2041626223513382 0.2838523592127692
0.1448598293465332 0.0186472308430905 0.6836065899808946 0.15288634982948168
0.02678853814485327 0.24487974632627074 0.3339202215167647 0.3944114940121113
0.10997747968966642 0.5379073733712013 0.12884052854854045 0.22327461839059182
0.388468854806459 0.02841541208270082 0.19987785373283817 0.383237879378002
0.5345126828592638 0.1176703819877335 0.20278072457924579 0.14503621057375693
0.04946705171077226 0.6635292364812018 0.052827499836229364 0.2341762119717966
0.0489662006098438 0.31199198805335115 0.6342146492466247 0.004827162090180304
0.1197395769791999 0.6745897036991895 0.04973341844637158 0.15593730087523905
0.08362855759432997 0.11041906188131423 0.7004322466589191 0.10552013386543668
0.2273428595343805 0.12199808301971482 0.4585191862514477 0.19213987119445697
0.05167183644896767 0.24671325957557422 0.19042301782608373 0.5111918861493744
0.21038752809982075 0.38921147149203805 0.13211484108350147 0.26828615932463973
0.08774706063976812 0.3756218073455976 0.10500242376430835 0.43162870825032595
0.023169743854271396 0.2393828096306665 0.13940528722114054 0.5980421592939216
0.405200550812272 0.03222063811072029 0.040370685559104946 0.5222081255179027
0.27243960181280913 0.4331221149814487 0.01891868813607711 0.27551959506966506
0.25320217406703527 0.5959248007542773 0.14135455928330698 0.009518465895380412
0.3802029602480851 0.4015028386391366 0.08902145197105726 0.12927274914172104
0.07294111304757134 0.5541849689774313 0.25311426595963804 0.11975965201535932
0.007227984623138783 0.08159742729091979 0.7827836959575721 0.1283908921283693
0.12906352760617068 0.10573402330512638 0.7167902090899672 0.048412239998735784
0.23937099816163865 0.21088415018335172 0.2376912285760372 0.31205362307897244
0.05326709464893753 0.4000490871678676 0.16953178873585895 0.37715202944733595
0.12672500961990707 0.25750193312852354 0.5212482824693121 0.09452477478225729
0.12660677568465384 0.38069742139051477 0.08874705704803099 0.4039487458768004
0.006428299533343673 0.4529357923547881 0.143123751578367 0.39751215653350125
0.41874240000591323 0.014275293302585035 0.13533208217989767 0.43165022451160406
0.1288935485768078 0.16681325452901896 0.35178818507905374 0.3525050118151195
0.5183144450584166 0.17307481540242842 0.272155519601589 0.03645521993756595
0.0854957627108347 0.19652061933799303 0.6130845728412245 0.10489904510994774
0.3964306441212516 0.0015139881524955934 0.019083474789970634 0.5829718929362822
0.33885827739248164 0.04563307792464877 0.4542473481381103 0.1612612965447593
0.023379930587594244 0.5056232509250986 0.4333394630613412 0.03765735542596593
0.5213904458715113 0.4382543640564771 0.03894187116574499 0.001413318906266614
0.29823290410761627 0.30288604621590276 0.17973383514517305 0.21914721453130792
0.11651782167819436 0.4497962772991434 0.36094591817123434 0.07273998285142791
0.2879329511114639 0.15671063416681907 0.24401137259118888 0.31134504213052816
0.11965252243926927 0.4916811570926951 0.23328380417648853 0.1553825162915471
0.1830493219429843 0.0805050644170684 0.2723341538804078 0.4641114597595395
0.24598420871622517 0.511730738485561 0.02119713503534526 0.2210879177628685
0.11917630556450598 0.28093105441244515 0.3635606335220013 0.23633200650104758
0.21749415361126012 0.2953194069225452 0.2858083833500321 0.20137805611616255
0.480686727057959 0.012561573188850872 0.08330039552865998 0.42345130422453015
0.27628244726328566 0.44507765376563135 0.08820625599937315 0.19043364297170984
0.04517116277350908 0.29729401577914527 0.25783192781482156 0.3997028936325241
0.1754967208555327 0.13820430989597754 0.08109082983478444 0.6052081394137053
0.4689082800259925 0.042716459621270575 0.323249984653891 0.16512527569884594
0.18415932175163263 0.5990267417201445 0.08983969608194775 0.12697424044627514
0.29572214736158386 0.2616370016975369 0.26143973729078396 0.18120111365009528
0.8908251192592131 0.008986626101305184 0.0809001017134956 0.01928815292598607
0.3024871162472813 0.5099563793683621 0.07402008464987397 0.11353641973448259
0.0030786379783936946 0.08181902546525666 0.5535169509976758 0.3615853855586738
0.5614675346240364 0.12456865632048142 0.08704947097317339 0.22691433808230876
0.09905593656208833 0.12212764655881347 0.5248590129568824 0.2539574039222158
0.23501047798661767 0.30175931600445416 0.3048670499268299 0.15836315608209828
0.0837421396375857 0.4023364688747365 0.35326083159493815 0.16066055989273964
0.10869424754894208 0.23495615190174224 0.11500909808029991 0.5413405024690158
0.24522107624938727 0.027190021658459074 0.06496569465232416 0.6626232074398295
0.0425938640226482 0.5052402690680813 0.1646916211428846 0.2874742457663859
0.5902507905733642 0.2207630687486195 0.01987130062546605 0.16911484005255029
0.1836483711819311 0.15874725327675998 0.08303674020033724 0.5745676353409717
0.08871545457591135 0.005405524991666355 0.248127028711301 0.6577519917211213
0.47806896006875077 0.26555840343834836 0.09892133167568551 0.15745130481721537
0.3152283625220813 0.12652876093779086 0.5544719471402622 0.0037709293998656745
0.1632957510588965 0.19228261626646548 0.27993310300023244 0.3644885296744056
0.45578849641224983 0.1146878975871427 0.18735546452472862 0.24216814147587884
0.08651653838786766 0.1860865052622236 0.3580863428608284 0.36931061348908034
0.01644898236134007 0.2820374820642708 0.09674975851531675 0.6047637770590724
0.44788372843169166 0.42326814771446697 0.10793274454486157 0.020915379308979798
0.2195151893089342 0.2575018097206945 0.32745056815697926 0.19553243281339205
0.015136608886209824 0.363826011894696 0.29874442021498726 0.3222929590041069
0.6337757519736682 0.18580915232764095 0.148079259451513 0.03233583624717784
0.012421362724883922 0.15685281019465858 0.5139433622508158 0.3167824648296417
0.019001744850314584 0.49993767915386145 0.01657377950732175 0.4644867964885022
0.016374825218726685 0.27585454950521493 0.18206429958804993 0.5257063256880085
0.08283183092446611 0.3828040468780176 0.29364647711002956 0.24071764508748672
0.1609204521549238 0.2849241153609221 0.2748046244004888 0.2793508080836653
0.2282326164835059 0.45950712178376596 0.2870757317781749 0.025184529954553225
0.25335597176492386 0.24149584792088652 0.05042712781511771 0.4547210524990719
0.030061941010108728 0.1554299441133561 0.12921241594483734 0.6852956989316978
