98 80 4 201.73905676370094 403.47811352740183
7.590405232619667 6.104701139057963 3.7110150104499366 8.025246329299044 5.480868500871566 2.070191679483405 4.497035705045832 4.551785114854081 4.037730204099488 1.7429568007729768 4.286779798193269 4.680022589282124 9.399381959138886 3.6279303900661364 8.547772403644824 9.90296201688082 4.737467736621657 7.27380482711425 9.639364446381862 4.950879470247678 7.178357817917793 3.67436668048583 9.801298347940119 7.239894909475216 1.2860812607833494 2.1796979850455074 3.378734486544958 8.982226212096265 8.725144495140956 6.852228578460476 8.35481316115847 5.936000728497819 5.688832798153135 6.426476691851742 2.5871108376057736 9.726487031608263 2.5037429941570277 5.223317471752127 5.683931032223206 8.204361879828124 9.862503138416924 7.462061540196356 4.833935719806363 1.5993872288091122 1.702914472692533 1.1591633738764666 4.94643430404912 2.4902241456329266 2.827048585765911 1.0488269321095924 8.52743606340636 6.470743474457372 5.416698349332585 3.9972325022435626 7.555233988101579 1.3036422683263436 3.512863829102357 2.7179239862377425 1.8487455230406105 4.238367167880521 3.2967534029359404 1.3343079773710427 2.852807377524624 4.2047965554684 5.39915008205078 4.341912144800448 6.964009751237394 5.064928289353966 4.919575667863897 3.6785024788974767 3.9511356147989645 4.330090506649846 4.314217078289065 3.8775029163866925 1.092101696335474 7.215136848097088 2.5550045201002662 6.157087878915613 7.575695230927947 2.3406041610608757
1.5180810465239334 1.2209402278115926 0.7422030020899874 1.6050492658598088 1.096173700174313 0.414038335896681 0.8994071410091664 0.9103570229708161 0.8075460408198977 0.34859136015459535 0.8573559596386537 0.9360045178564247 1.8798763918277772 0.7255860780132273 1.7095544807289649 1.9805924033761642 0.9474935473243313 1.45476096542285 1.9278728892763723 0.9901758940495355 1.4356715635835586 0.734873336097166 1.9602596695880237 1.447978981895043 0.2572162521566699 0.43593959700910145 0.6757468973089915 1.796445242419253 1.7450288990281912 1.3704457156920953 1.670962632231694 1.1872001456995638 1.137766559630627 1.2852953383703485 0.5174221675211548 1.9452974063216526 0.5007485988314055 1.0446634943504254 1.1367862064446412 1.6408723759656247 1.972500627683385 1.4924123080392713 0.9667871439612726 0.3198774457618224 0.3405828945385066 0.23183267477529332 0.989286860809824 0.4980448291265853 0.5654097171531822 0.2097653864219185 1.7054872126812721 1.2941486948914744 1.083339669866517 0.7994465004487126 1.5110467976203157 0.2607284536652687 0.7025727658204713 0.5435847972475485 0.3697491046081221 0.8476734335761043 0.659350680587188 0.2668615954742085 0.5705614755049248 0.84095931109368 1.079830016410156 0.8683824289600895 1.3928019502474789 1.0129856578707932 0.9839151335727794 0.7357004957794954 0.7902271229597929 0.8660181013299691 0.8628434156578131 0.7755005832773385 0.21842033926709478 1.4430273696194176 0.5110009040200533 1.2314175757831225 1.5151390461855894 0.46812083221217515
0.5454289917442873 0.1856354051759046 0.07154809485882896 0.19738750822097917
0.2880724696864979 0.0015614690967967748 0.38434259535156823 0.3260234658651371
0.6642767575679067 0.2761149477009375 0.01734359855811618 0.04226469617303963
0.2732313847868504 0.36249786858054245 0.06344590616471679 0.3008248404678904
0.0427633648137824 0.5706385156762627 0.18265923274070273 0.2039388867692522
0.20063737373875867 0.14918147257451275 0.5832758187024819 0.06690533498424667
0.22895694642133035 0.14151195675973316 0.4959023540907709 0.1336287427281656
0.504997366827148 0.27555511999689397 0.2133984221473495 0.006049091028608511
0.5472153295779116 0.13391948056556957 0.25570285997551956 0.06316232988099924
0.3626088505469184 0.3319781352246892 0.045158662393445015 0.2602543518349474
0.3828038940567692 0.05947584747953294 0.42662294462266126 0.13109731384103662
0.3235644111241729 0.06688718655242509 0.034887301634933254 0.5746611006884688
0.4964735212221755 0.25883396069711695 0.07548309221929739 0.1692094258614102
0.3145793776624721 0.23389685471800692 0.36955086526297465 0.0819729023565463
0.23358107308217702 0.035501086785883484 0.7036892755386955 0.027228564593243965
0.07443633417959661 0.07616577497050014 0.029006199540690947 0.8203916913092123
0.42604129081072617 0.2654290637076421 0.21826556986490542 0.09026407561672634
0.024307963183221593 0.08105136553701875 0.3754524980746813 0.5191881732050784
0.10027629812598515 0.06647119099852627 0.007034614508063974 0.8262178963674246
0.22575706992045852 0.35840455160046925 0.05474855708982285 0.3610898213892494
0.14435119827951126 0.3539221476290255 0.05544252278053796 0.44628413131092526
0.1004892828369296 0.021044351833361508 0.41271172144782886 0.46575464388188004
0.23483190423281763 0.36694972658689495 0.0964196049626459 0.3017987642176415
0.025602667635594156 0.21294497725405792 0.7614300452481663 2.2309862181657536e-05
0.029890675634784092 0.4351037545688555 0.05584478147537797 0.4791607883209824
0.12661319939608473 0.6514541746906258 0.11802849414108574 0.1039041317722037
0.021029171745155173 0.039677824145296525 0.41515718143947833 0.52413582267007
0.21628466687442593 0.24924868873615258 0.2750028007819192 0.2594638436075023
0.811446065493566 0.1485596202773103 0.034799726620054816 0.005194587609068879
0.2063224314341644 0.097879344433914 0.4333291875250923 0.2624690366068293
0.14572620515267554 0.32840504287732153 0.033177477025448376 0.49269127494455456
0.06976322189327733 0.4807498591977528 0.4439050845254777 0.005581834383492135
0.06445791553727309 0.6300254302811483 0.20735774468806112 0.09815890949351747
0.19963994310718636 0.33433190195267215 0.24381994260294915 0.22220821233719235
0.06193432108131902 0.36734074046286325 0.10047662249517819 0.47024831596063954
0.3145937867075339 0.4326293795936216 0.2069722240010783 0.04580460969776623
0.2889182483036864 0.2085850614492566 0.4711174586003051 0.03137923164675194
0.015682803334290174 0.7708112586274409 0.06768337389901369 0.1458225641392552
0.8852739468232275 0.05380484508990235 0.014289605461257127 0.046631602625613056
0.19818209819956112 0.3502800338762788 0.26684438757746354 0.18469348034669653
0.48512989218687164 0.30153949647251777 0.04007579495004965 0.17325481639056095
0.19751206852464398 0.15715553361047585 0.24328086367520152 0.40205153418967865
0.17924163892211442 0.08983676567739163 0.6644134054811863 0.06650818991930763
0.15599399365811595 0.0675685579293156 0.2561571909265894 0.5202802574859791
0.2894122371327402 0.0732039609932289 0.0024501775815702898 0.6349336242924606
0.25545858519520037 0.22247710654731878 0.2235164114630781 0.29854789679440275
0.2014943221125579 0.29361238644313836 0.3794513129345243 0.12544197850977945
0.023968267000474608 0.40163203428620164 0.006166361297418321 0.5682333374159054
0.012964965025858755 0.2766080010335571 0.46623949468326387 0.24418753925732029
0.604237451538995 0.04065136251824464 0.06313937084358301 0.29197181509917736
0.1614779756122684 0.1363263605461742 0.3287637241744197 0.3734319396671377
0.06130327582898709 0.5953799328397319 0.20956758430057598 0.13374920703070503
0.136949342032059 0.12734106998201067 0.34474757914330034 0.39096200884263
0.5050336069584995 0.3455216889217244 0.06177634029968282 0.08766836382009324
0.2840497010336409 0.2629487472437104 0.06886073666056214 0.3841408150620865
0.14125539922238517 0.05634545822792136 0.20745913241270242 0.594940010136991
0.07188371176036712 0.22312354931808587 0.30793483817194367 0.39705790074960334
0.3756984377150524 0.3243550188901535 0.18091570347959252 0.11903083991520158
0.4761300456148666 0.057753972508510554 0.2962507726692737 0.16986520920734915
0.07866537362892145 0.3054796940307344 0.5922549801924345 0.023599952147909664
0.13729883637222473 0.6951531886141711 0.029775916853948314 0.13777205815965587
0.390645756623742 0.518462089882344 0.052508200674154404 0.03838395281975959
0.6905795835865867 0.026843701133367537 0.06000364110191414 0.22257307417813166
0.10806615975265377 0.28314562831147083 0.532861779779296 0.07592643215657935
0.33326398220132525 0.32872513145198534 0.16686100960180672 0.1711498767448827
0.2784059114855598 0.5543351938084008 0.1657987177237895 0.0014601769822498722
0.26421998320487794 0.06359302496193053 0.33115972475409183 0.3410272670790997
0.35916445336849334 0.19890326831437222 0.2801762195432962 0.16175605877383825
0.11247659904825025 0.18311252699714176 0.4111654889531545 0.2932453850014535
0.19159276033569317 0.27608751128659625 0.3121544356053195 0.22016529277239105
0.006996339889233982 0.1492857986922882 0.4675949498526686 0.37612291156580924
0.4752747120009516 0.03771568611628673 0.3442895612870842 0.14272004059567744
0.08714957356456399 0.16344455277176562 0.7444355334684019 0.004970340195268541
0.34186348890509577 0.17299292807162103 0.0927597789156277 0.3923838041076555
0.41008498753432565 0.04717388606496209 0.09895679330696616 0.4437843330937461
0.4323506656154692 0.06269310426736951 0.09843952948715173 0.40651670063000955
0.017719430562057825 0.2193205240975582 0.6873731003625257 0.07558694497785823
0.4722686706229181 0.29406777412204543 0.0274356323331455 0.20622792292189096
0.10631318848587823 0.5602323949525945 0.3200619319388731 0.013392484622654188
0.016766998254312382 0.46596359930396614 0.14273385326986487 0.3745355491718566
0.18742169196662206 0.2130653460931753 0.31956253490958075 0.2799504270306219
0.14751038745261136 0.12392907081395932 0.7208418932214526 0.007718648511976678
0.10090135941410894 0.22625899095272306 0.5611503221347116 0.11168932749845639
0.26301777713997465 0.14040723204758043 0.5853809318710425 0.011194058941402463
0.1511616189850974 0.06334658454900421 0.1253852034608831 0.6601065930050153
0.06294368230891956 0.39490306320763224 0.052260429328269464 0.48989282515517873
0.09805307590179424 0.48566361011272274 0.3178290035741278 0.09845431041135522
0.23983481495602754 0.4543287080233308 0.08326518423461648 0.22257129278602517
0.26071119479551286 0.4692874255762458 0.26057844250544493 0.009422937122796404
0.4315102634271549 0.19389187987945444 0.046019051028474034 0.3285788056649166
0.396013699575251 0.27322095004754343 0.18924287660635786 0.1415224737708477
0.16496278596370306 0.3030820541802133 0.14207258164388992 0.38988257821219374
0.08089886203331353 0.29223996733186197 0.3527666743276969 0.27409449630712757
0.0725902467246976 0.4953849091333331 0.048316990547458194 0.3837078535945111
0.10167787200467715 0.11905831785322762 0.33172464966044 0.4475391604816552
0.37574405207906447 0.009057476894560934 0.04601109951567306 0.5691873715107015
0.08582452199506507 0.07714375813513619 0.5938750618109004 0.2431566580588983
0.03730877024504464 0.38052865515716594 0.1277699993982977 0.4543925751994917
0.12134276073701833 0.1929594609312334 0.3579354277600718 0.32776235057167646
0.46633526416777504 0.32197347312647995 0.15770205147322613 0.053989211232518874
0.5824088371840557 0.299231721040778 0.08831476276393135 0.030044679011234976
0.08246383662589551 0.36495081898856796 0.20615108858247122 0.3464342558030653
0.16810459904602937 0.2669126340897988 0.08501239911691749 0.4799703677472543
0.37233150016132255 0.2638899553665617 0.3282267323758935 0.03555181209622227
0.037031971689587606 0.5881381480189272 0.19404673024712504 0.18078315004436019
0.5786804835646496 0.04158647800297555 0.05478229131369328 0.32495074711868155
0.29320869642366854 0.17551163864653252 0.3224596159605997 0.20882004896919926
0.11787638476504791 0.009165738137339563 0.6520827057320258 0.22087517136558676
0.06514626007142332 0.13353100920458072 0.7232162479739672 0.07810648275002874
0.10050614474992403 0.4633913856824836 0.4241494965010326 0.011952973066559736
0.3796597362830194 0.3609665952738672 0.14347194775494954 0.11590172068816385
0.20111956898068362 0.2750180649782379 0.408917297366451 0.1149450686746275
0.3016107030436437 0.0915944274467625 0.48286535429778243 0.12392951521181139
0.15074028623062197 0.3865137163248309 0.3018999903443349 0.16084600710021224
0.12288744417210418 0.1267706749025116 0.3110663501385176 0.43927553078686665
0.34815333654075986 0.07181377505854603 0.452988306077161 0.1270445823235331
0.5265690106443998 0.32948665485106077 0.056451922463238935 0.08749241204130054
0.22869401107947085 0.05912626172265134 0.31309376328710603 0.3990859639107718
0.07971510021434736 0.8489140176359614 0.023625019146367388 0.04774586300332384
0.013074995127183353 0.09189361757381487 0.6775624766181195 0.21746891068088225
0.4498290581672991 0.10030596962850002 0.4441818657358072 0.0056831064683936505
0.3044491518081286 0.4720493543733505 0.017022022251918845 0.20647947156660207
0.023844107459148223 0.4803164129910258 0.47370864783144984 0.022130831718376154
0.5553265010583486 0.22015302973550277 0.008469047667050034 0.21605142153909862
0.023797773830533386 0.5240435344170122 0.14269552939196006 0.3094631623604943
0.2560948737407712 0.39646984490027604 0.07955115757511899 0.26788412378383375
0.509996842104315 0.16108685607701634 0.21406540997925105 0.11485089183941766
0.42504999086814566 0.39405293368779615 0.15962831320668425 0.02126876223737395
0.398249364997155 0.046614978318360034 0.37311684006771195 0.182018816616773
0.3596657885036665 0.176544913054558 0.4418422096509643 0.021947088790811198
0.24590251499225946 0.23117233055975728 0.29892999420935096 0.2239951602386323
0.25950562203136074 0.1734407471253453 0.2642060266830455 0.3028476041602485
0.6051005767367305 0.1132940256322087 0.12945770042934934 0.1521476972017115
0.011203909970264436 0.016849457145672653 0.4220808207961293 0.5498658120879336
0.052853762499854406 0.21556217604256755 0.5070544467796914 0.22452961467788668
0.1096824795648842 0.2701682622520727 0.47397131103052403 0.14617794715251908
0.06539719428932012 0.1500636834102126 0.36277499855491124 0.42176412374555605
0.05964495661593372 0.36233417188647654 0.45582589152717157 0.12219497997041817
0.3350846645591421 0.22223189745127958 0.029395538404687116 0.4132878995848912
0.2751924968491307 0.0430176929982472 0.3466930034369926 0.33509680671562947
0.21241557449833148 0.482116282303404 0.006981991985926528 0.298486151212338
0.289338353046113 0.1898268672290101 0.12793470545573093 0.39290007426914597
0.05921273273061578 0.05595924848013378 0.2240222449108119 0.6608057738784385
0.12316213284155919 0.10496629882417241 0.49717864944556034 0.27469291888870806
0.11417910418945054 0.10982682127970611 0.231663961335285 0.5443301131955584
0.4669279639726919 0.23373240706420273 0.2756988763069732 0.02364075265613219
0.16028902190876804 0.36238527563114975 0.060719741134752314 0.4166059613253299
0.42943946122524934 0.018649098906900807 0.14079859814050721 0.41111284172734264
0.6927140942134107 0.1305794227208703 0.04651748217600027 0.13018900088971874
0.30488713602812956 0.03374318847610247 0.08452341631928428 0.5768462591764837
0.11616761490380789 0.022979329550659622 0.5594847409550908 0.30136831459044167
0.3033829908079031 0.13241987345643513 0.07178888627600744 0.49240824945965433
0.17060857304869415 0.4152975967979914 0.164069065578893 0.25002476457442147
0.6584119308647618 0.10681250545417298 0.20180109884875352 0.0329744648323117
0.19262841983628431 0.4319042095001625 0.24147525338552545 0.13399211727802773
0.061147530496125535 0.46294743066055255 0.11153074034730648 0.36437429849601544
0.6957743331138584 0.031519740231968574 0.24935759518116063 0.023348331473012407
0.020079561634660292 0.3173540516516281 0.6267817871089817 0.035784599604729905
0.12210936671851169 0.01521908202909672 0.354814960910512 0.5078565903418796
0.4039085313424523 0.006305462679042084 0.4753959986555726 0.11439000732293303
