79 50 4 139.27833562767165 278.5566712553433
5.50601313706343 5.212606833533036 5.507042730780091 2.3426034890689733 8.382501422374734 3.892276284486741 8.01256597396672 8.335722770913005 1.1332204955323666 3.048217555293667 7.405584178746709 8.390016059498263 8.139929280771616 5.456943870382062 6.045172258930392 5.634376929824458 3.583119958604634 2.6928081757475986 4.069050721652306 3.396784011212003 2.8252793744648788 4.669008166538601 5.691201021436838 1.076075832415908 9.6682991792954 8.744268506591222 8.110223359784701 7.76929390799231 9.452641248078224 9.85801130999369 1.7656240381158055 5.793816813544424 7.8026669063957925 3.79304159364278 7.225917342697392 2.75817249906009 8.687810215855972 4.942790058753599 6.711225798739498 3.511355947115015 7.076785239756575 4.454948122285608 2.915229104337179 2.5209362318167248 4.977830139888203 9.317206657342963 8.115226042142783 3.8999306226795154 1.0412613120418917 7.194038524156913
1.101202627412686 1.0425213667066073 1.1014085461560181 0.4685206978137947 1.6765002844749468 0.7784552568973482 1.6025131947933438 1.667144554182601 0.22664409910647332 0.6096435110587334 1.4811168357493418 1.6780032118996526 1.6279858561543232 1.0913887740764125 1.2090344517860783 1.1268753859648917 0.7166239917209267 0.5385616351495197 0.8138101443304612 0.6793568022424006 0.5650558748929757 0.9338016333077203 1.1382402042873676 0.21521516648318162 1.9336598358590797 1.7488537013182444 1.6220446719569401 1.553858781598462 1.8905282496156448 1.9716022619987381 0.3531248076231611 1.158763362708885 1.5605333812791584 0.7586083187285559 1.4451834685394784 0.5516344998120181 1.7375620431711944 0.9885580117507198 1.3422451597478997 0.7022711894230029 1.415357047951315 0.8909896244571216 0.5830458208674358 0.504187246363345 0.9955660279776406 1.8634413314685925 1.6230452084285567 0.7799861245359031 0.20825226240837832 1.4388077048313828
0.004242533523914349 0.21954842260585228 0.4204878278883414 0.355721215981892
0.65536917364675 0.14315535794891565 0.08563325553493051 0.11584221286940388
0.726665196030265 0.07831696194101767 0.15147175117338108 0.04354609085533623
0.6087534493280077 0.0596281791821448 0.2684427814786965 0.06317559001115103
0.5403370323274739 0.114041803803823 0.2733153285236596 0.07230583534504353
0.24736209870064818 0.23228346905875819 0.3620025356158548 0.1583518966247388
0.47618762520078517 0.16148373764470902 0.17574361228103863 0.18658502487346718
0.027090013154109416 0.47175290416410076 0.25115289390411777 0.25000418877767205
0.7104925356695022 0.08637237385527885 0.1495294247465505 0.05360566572866843
0.38565820044484844 0.2147174466450713 0.029271025482336177 0.3703533274277441
0.26327021375988213 0.2010833995315513 0.5125858479162029 0.023060538792363694
0.1367780215464478 0.3499774075753508 0.03790157634039093 0.4753429945378105
0.24822016184578022 0.4185656337161767 0.13619792348468807 0.197016280953355
0.19657789999122866 0.41454004278763956 0.18442827773815085 0.20445377948298094
0.05340391742297246 0.2179083649186383 0.11983347909786768 0.6088542385605216
0.6163240929835 0.31506622252035055 0.05548776929007615 0.013121915206073309
0.1616830749516981 0.5857305496308484 0.206438635807901 0.04614773960955254
0.1268346651574107 0.4634980740341328 0.38539110538786003 0.024276155420596468
0.23446692924543133 0.06223604799632254 0.3711790758776605 0.3321179468805856
0.5915722159174703 0.09215049307758516 0.06150968011793201 0.2547676108870125
0.43884707582902194 0.05280187831790761 0.16357663286093593 0.3447744129921345
0.004246322971503513 0.3543314167875884 0.3638349658398803 0.2775872944010278
0.023216521283324187 0.053393310831267304 0.019397093933560483 0.903993073951848
0.17379345707102412 0.38502455879524167 0.3955793008273396 0.04560268330639461
0.4219316278903996 0.1586074963174784 0.1978529627129727 0.2216079130791493
0.28957238458032764 0.06836284056533615 0.24191723217633399 0.40014754267800223
0.31884352739475097 0.06057904991188001 0.22934050670025663 0.3912369159931124
0.12145959687889163 0.20903997269107977 0.27553060279969543 0.39396982763033317
0.08273657833595627 0.07492939015374933 0.17189687996068725 0.6704371515496071
0.0807242814157112 0.09438395648483533 0.6868474756072199 0.13804428649223355
0.05269827999166876 0.5023941541474267 0.07139777413210946 0.37350979172879506
0.2856984687938958 0.3525834904114844 0.16262997253896683 0.19908806825565295
0.24495194141899979 0.210209078413231 0.05077759981777086 0.49406138034999836
0.43162934538778275 0.138640706007233 0.08677254592184724 0.342957402683137
0.26856231973316047 0.4249556823186208 0.06189379478795454 0.2445882031602642
0.10488563901390746 0.7862972288572302 0.10544786780781656 0.003369264321045784
0.4175882756613031 0.3965842109068969 0.17193091363952762 0.013896599792272424
0.07285936339629384 0.28308944933013536 0.3685191327895164 0.2755320544840544
0.10651434903489221 0.02063659825613695 0.6209556463448792 0.25189340636409163
0.17698524014420858 0.03391373027943856 0.6046628300560402 0.1844381995203127
0.05569518834210452 0.406724573169964 0.520676670628034 0.01690356785989744
0.12729916033267152 0.21497666499766122 0.6419151667841217 0.015809007885545512
0.4726313183137123 0.15077964854583492 0.34467314858402265 0.03191588455643013
0.03496540564767481 0.9018343206187454 0.047640423609330185 0.015559850124249652
0.01801824626900661 0.6766878071998519 0.25155803231837415 0.053735914212767355
0.8857529058495497 0.003080801769511754 0.043953199670468845 0.06721309271046971
0.41322592764361454 0.2779488506864416 0.09252679171941403 0.21629842995052984
0.03778530992144369 0.01291514479100031 0.5263623358661687 0.42293720942138735
0.059192054445667996 0.3246630415456182 0.14987747494383385 0.46626742906487995
0.17603767863348485 0.13654600929189453 0.5010735599756907 0.18634275209892992
0.4000460860863845 0.17512957101049154 0.2810663515989764 0.14375799130414757
0.0599098979516014 0.5041878073433824 0.16880938697069803 0.26709290773431815
0.4739631107941299 0.20602051298540314 0.10535956196695273 0.21465681425351424
0.008847423462379878 0.04415705595361774 0.28073079253614286 0.6662647280478595
0.21523186676285588 0.2827413819373883 0.26817416238613057 0.23385258891362526
0.2743611576685989 0.37565135067091604 0.06203906903074208 0.28794842262974296
0.19274148690320825 0.503910186536307 0.2033339409575795 0.10001438560290521
0.0050347147725186 0.2839107437673929 0.07081916886397921 0.6402353725961093
0.23948181033097693 0.29835906975886406 0.07973116786215806 0.38242795204800095
0.6208822152462379 0.028352794980813223 0.04344669610623908 0.3073182936667098
0.2875122348946346 0.06803138948947274 0.48528053615592737 0.15917583945996527
0.49352241061601854 0.33379193261632334 0.08690754981591753 0.0857781069517406
0.4416290443012363 0.010978454023093942 0.07649680766484679 0.470895694010823
0.13524499700781734 0.3998249152811807 0.2766912621843718 0.18823882552663018
0.11425567547659077 0.004244402099015887 0.7353818696687031 0.14611805275569023
0.39289924654437103 0.5166259717423602 0.07719823632316747 0.013276545390101258
0.012571086788825014 0.23613392535807087 0.5155097776858162 0.23578521016728793
0.5115174847450997 0.16372248056363026 0.17650094773048353 0.1482590869607865
0.11031342465761262 0.05896986822223038 0.7003010970191911 0.13041561010096592
0.18298563174880977 0.04929687696292895 0.6467563307248739 0.12096116056338735
0.07452359903187544 0.12377804033741002 0.09591186646294425 0.7057864941677703
0.0045338324277328645 0.14903355773225535 0.3600554521047651 0.4863771577352467
0.01019908345334708 0.8214971777277178 0.06649198371728393 0.10181175510165119
0.06515623239998403 0.017367018698933423 0.4638414287155267 0.45363532018555586
0.22822800330603465 0.0016145705201179306 0.2085980258250868 0.5615594003487606
0.28934208685826557 0.07282534781239947 0.10837980477368292 0.529452760555652
0.08780557851180693 0.12523355069616715 0.2010377468430049 0.585923123949021
0.08013150444333594 0.024813277719372362 0.0851201240861984 0.8099350937510933
0.20518259845029074 0.2910133723865721 0.16845102253668276 0.3353530066264544
0.40708534050724865 0.10461801086045441 0.21165477908747965 0.2766418695448173
0.035501686448348724 0.2846139866546007 0.5141038229410223 0.16578050395602828
0.5200227952939617 0.04925605632956742 0.0524859393786824 0.3782352089977885
0.12811904377674954 0.10099329041759586 0.7240605134380135 0.04682715236764112
0.16700832532351984 0.5353416908628505 0.12496314639786477 0.17268683741576485
0.4959460514631773 0.08660446002129196 0.051471921002796184 0.3659775675127346
0.32812523844097385 0.11871437632201365 0.31292805554152503 0.24023232969548747
0.010680710117258352 0.17103502305618912 0.7655344626144954 0.052749804212057105
0.4077828625564086 0.35444553662028233 0.20607118605276165 0.031700414770547414
0.09862887807653686 0.12837808962753183 0.6961390822904766 0.0768539500054547
0.16784150846195822 0.49898979685459477 0.13518503512092095 0.19798365956252606
0.21081782611703503 0.17788960644597862 0.01965909701531121 0.5916334704216751
0.06844807589104462 0.457092717478762 0.039641618348774776 0.4348175882814186
0.024085603045624016 0.003586220815398944 0.674553279685627 0.2977748964533501
0.5565457685477245 0.06672629538152264 0.18669720840548143 0.1900307276652714
0.3542747306080446 0.35809042756343634 0.18548012610878795 0.10215471571973112
0.026014396000637596 0.09133829085487077 0.7815276116845595 0.1011197014599321
0.22779691613139386 0.02258334319631039 0.48321584384561667 0.2664038968266791
0.2131228690013628 0.11015515280402766 0.3893550010470036 0.28736697714760595
0.0321120458069476 0.14020912318232437 0.1404749240870714 0.6872039069236566
0.1714741587406975 0.37985078255064786 0.20959498828966305 0.2390800704189916
