17 50 4 134.90889887265342 269.81779774530685
3.6519850241839875 5.775280800447647 2.7236870825274537 1.6111032237216223 8.08286913999922 6.907001695982699 6.737688064392723 6.180426043777306 1.3515662456997983 4.22032244035194 9.511148681365668 1.5404021228384681 8.7763789319159 8.895614735332273 1.4607429905840832 6.871767539190893 5.965762317713877 6.377619279151459 5.351757618790019 3.546893447712921 3.6795314647159447 6.05358014793725 4.5644269244232385 8.098306387110096 4.766359468112892 2.295135286977951 2.3581602497860934 1.497172151942414 7.4623347433328115 3.630856190537247 2.7889648498030875 8.48227530079469 6.111920077521679 1.7410577429123268 5.904987165376483 2.430628701105479 7.090861471326644 2.0662503839116884 5.00496459508062 8.991841907414791 8.175409569957791 1.6118085543726375 9.647089808201004 6.932848531384195 7.468984749019912 7.692190886206869 8.989627166970733 2.2055110081821367 7.992771225450222 8.541923609757927
0.7303970048367975 1.1550561600895295 0.5447374165054908 0.32222064474432444 1.616573827999844 1.38140033919654 1.3475376128785446 1.2360852087554612 0.2703132491399597 0.844064488070388 1.9022297362731337 0.30808042456769363 1.75527578638318 1.7791229470664547 0.29214859811681665 1.3743535078381786 1.1931524635427755 1.275523855830292 1.070351523758004 0.7093786895425842 0.735906292943189 1.21071602958745 0.9128853848846477 1.6196612774220192 0.9532718936225784 0.4590270573955902 0.4716320499572187 0.2994344303884828 1.4924669486665623 0.7261712381074494 0.5577929699606174 1.696455060158938 1.222384015504336 0.3482115485824654 1.1809974330752966 0.4861257402210958 1.4181722942653288 0.41325007678233766 1.000992919016124 1.7983683814829583 1.6350819139915582 0.3223617108745275 1.9294179616402007 1.386569706276839 1.4937969498039823 1.5384381772413738 1.7979254333941466 0.4411022016364273 1.5985542450900445 1.7083847219515853
0.3903744912765845 0.1302605722347473 0.3086697003970964 0.17069523609157178
0.06570232191808534 0.06472696029053371 0.4503455428781089 0.41922517491327205
0.19744377751367526 0.5981508698398491 0.08826957037971284 0.1161357822667628
0.2738131929177843 0.036706650727603374 0.5615239423077828 0.12795621404682955
0.08273548925340335 0.7023482020105262 0.07344097761359758 0.1414753311224729
0.22019206904373745 0.23354539289846943 0.27367505363202405 0.2725874844257691
0.5156805801975399 0.0579293576034976 0.06726489164345728 0.3591251705555052
0.4981436821039962 0.37290331196096627 0.11695966750646392 0.011993338428573641
0.5147053338756159 0.2174067096590181 0.012867167682172331 0.2550207887831937
0.11938639397855333 0.3295636743184751 0.4099119885498681 0.14113794315310346
0.3651236493904061 0.12797868919612054 0.45482068062203884 0.052076980791434524
0.30893876440744794 0.17391591025799835 0.17825799886062443 0.3388873264739293
0.03696914756503811 0.15161506046809348 0.5225889270356873 0.28882686493118115
0.6439261219721384 0.17025286400249606 0.11486595912456121 0.07095505490080434
0.15720954243394458 0.07832164946046771 0.34990451664531375 0.41456429146027396
0.2350219143212403 0.11222453469599147 0.01336197348697199 0.6393915774957962
0.05589661884601338 0.1086437380184152 0.6299879361320972 0.20547170700347417
0.38970628932173135 0.0903431741788232 0.1700469679943144 0.34990356850513105
0.493037931937103 0.018347679191696664 0.43505294302575226 0.053561445845448086
0.20717010014018156 0.33071935955162024 0.44892099948954545 0.013189540818652756
0.20490864579387014 0.1089788432080595 0.18772149825318907 0.4983910127448813
0.261008943361129 0.13921506692817054 0.4436386318275809 0.15613735788311955
0.1860412125600558 0.39995251101206575 0.006795332175508206 0.40721094425237025
0.17119434728109106 0.057429594597613876 0.684678978086021 0.0866970800352741
0.23844605886430326 0.4828278078852586 0.2655366895934873 0.01318944365695085
0.4973070777225004 0.33379475028166894 0.13042502321329763 0.03847314878253305
0.26389422589032496 0.6711224697377113 0.02306811323418889 0.041915191137774865
0.4299519979229338 0.4194844909542731 0.052152956907020376 0.09841055421577272
0.062429201164529435 0.7768555585752468 0.03130653947342499 0.12940870078679878
0.15082068445721508 0.0006401090651710906 0.46115430572187466 0.38738490075573917
0.18261776061642387 0.1775853161595079 0.6300137787196071 0.009783144504461161
0.3692533101705139 0.07621714705225724 0.31833027426268634 0.23619926851454254
0.3419766060842667 0.4759484905386563 0.061537881816048245 0.12053702156102875
0.07712045666568645 0.4468421615194246 0.14910480451936436 0.3269325772955246
0.3356486742296727 0.2740485058466351 0.3673348860431608 0.02296793388053142
0.39871665076947127 0.2946005581630109 0.08534001114993295 0.2213427799175849
0.386347923912712 0.129498795762101 0.13401320615630308 0.35014007416888393
0.16475174075323273 0.3154801720985425 0.5185295374384422 0.0012385497097825438
0.009511483075170801 0.3533266175865488 0.6030487288595701 0.03411317047871032
0.17525795670443156 0.6130037664530171 0.04905254699080919 0.16268572985174212
0.26724589950074407 0.38584150710448184 0.009931985943178678 0.3369806074515954
0.062052720082548696 0.23970005181342835 0.4936905271505102 0.20455670095351275
0.4790828027605615 0.22687183378746056 0.24841300530614585 0.04563235814583211
0.03536461644768396 0.14384115443417167 0.677769559377112 0.14302466974103234
0.11538227489821473 0.3310462640746863 0.533693925417374 0.01987753560972494
0.12406012570090519 0.31533576408112374 0.3575544880733259 0.20304962214464517
0.21039607412973438 0.09485511240221034 0.09893104768120264 0.5958177657868526
0.28761505143554067 0.04570095970951449 0.5885038074306 0.0781801814243448
0.2669556919924848 0.1753189371109215 0.3295967147678711 0.22812865612872257
0.18622643903592662 0.10146481539106633 0.521649247350139 0.1906594982228681
0.029156996519808853 0.40809499564823204 0.05562068199764325 0.5071273258343159
0.57928407774407 0.37505378781285426 0.03004566543754794 0.015616469005527822
0.01569619295094371 0.06762920767946135 0.6848650387979072 0.23180956057168778
0.23638112638259945 0.4792621325358746 0.20046682747108124 0.08388991361044473
0.35328125178061953 0.322205191223807 0.017410441112079567 0.3071031158834939
0.06412777290220895 0.18124461755754107 0.24230493900879835 0.5123226705314516
0.10616885236333873 0.4636561935315081 0.39052074812919757 0.03965420597595559
0.08015133786402995 0.6329350711233944 0.11978452608163837 0.16712906493093727
0.4130626280958577 0.41055735892415757 0.02292150809703497 0.15345850488294976
0.3105036139431915 0.21045586738730926 0.3763277936013084 0.10271272506819085
0.1300150130737544 0.3744625049178367 0.2785286031005496 0.21699387890785926
0.16373230849016773 0.37701513670412534 0.4258827090782874 0.03336984572741952
0.6874317440662987 0.094596013961746 0.10614280792781239 0.11182943404414292
0.26988141269516275 0.2155175734067344 0.2096430873022217 0.30495792659588117
0.425240464086586 0.15782600458876728 0.3702362231656825 0.046697308158964224
0.1688734483529436 0.04564357133283148 0.3859903069339612 0.39949267338026373
0.23247042560172015 0.5178936229105422 0.04134526958419127 0.20829068190354638
0.33761466765737647 0.3806270962674879 0.14055542992013903 0.14120280615499659
0.600518275557823 0.2741717387579997 0.06104369708900059 0.06426628859517669
0.08353762038601176 0.7458412229674413 0.126809428691661 0.04381172795488597
0.10611344922958055 0.21940494708269953 0.552800357498634 0.12168124618908593
0.1365644864046166 0.3935722861482418 0.03834851400293893 0.43151471344420267
0.013715933293031335 0.001999298796783955 0.3929476692259094 0.5913370986842753
0.18988373787072155 0.4003366340145462 0.12425410585537522 0.285525522259357
0.5397451964974905 0.13717778259017832 0.24488216416172592 0.07819485675060522
0.002205093485656895 0.5550560243007783 0.3408662602186878 0.10187262199487701
0.13575153226767522 0.5826897092292752 0.040709248702090695 0.24084950980095887
0.055297157475056924 0.15026991069887552 0.3105061797427221 0.48392675208334546
0.03378230610799049 0.580980755082679 0.07927093045365041 0.3059660083556801
0.7279363664643402 0.11201547369724285 0.08586525286464353 0.07418290697377339
0.1987425837363549 0.19236080290677393 0.006838776356453913 0.6020578370004173
0.556270204982893 0.21312401966843975 0.23038915899828394 0.00021661635038328075
0.3360116871555001 0.10294645457195384 0.3126024636969872 0.24843939457555886
0.48762092818895764 0.03862370344380939 0.3326224069017808 0.14113296146545218
0.13515543168847632 0.5250645258697648 0.1620016996167949 0.17777834282496396
0.3022381123692436 0.2571624361192201 0.38345169398554624 0.057147757525990106
0.22269923159481464 0.03871300251735266 0.41596442223467245 0.32262334365316025
0.2644157033458697 0.5187822631823064 0.17012009674691064 0.046681936724913276
0.6030358454066767 0.08276236580184237 0.08238130953749356 0.2318204792539874
0.10302198485040048 0.3275771203061215 0.4697785614055823 0.09962233343789573
0.15528813406099173 0.06044783368913109 0.4936149203088934 0.29064911194098375
0.6568796087946455 0.21821433533856083 0.10093526874976744 0.02397078711702627
0.35897841560254384 0.2501920847030654 0.05411983251840946 0.3367096671759813
0.15048852852814543 0.06635914391929587 0.6635791879089874 0.1195731396435713
0.5099118661727364 0.17478635326977 0.21898659212101068 0.0963151884364829
0.54839396345846 0.10739305571650681 0.04307389329142686 0.3011390875336063
0.3292105645054222 0.3806558129055334 0.07759202264566933 0.21254159994337507
0.2861254028906376 0.21930056773826312 0.21627900922069865 0.27829502015040064
0.03743961513831806 0.25232047223510423 0.11083794382986656 0.5994019687967111
0.34214842236376486 0.2777440448180911 0.2684239996753379 0.1116835331428061
