90 90 4 261.7408039995211 523.4816079990421
2.377487788895322 2.4191709490846653 9.869420027648374 9.140479577247643 2.674704364003369 3.4093856297184555 4.006460417395412 6.801326838392721 3.262665166821157 6.716857486491543 6.218180009571964 6.569301005586586 4.309949133791452 3.3235056311270106 2.7491517102830194 5.972683568950478 8.430677215012231 5.531051825869226 7.188038891556346 7.8359401882857265 6.7807359037530475 4.465038795395186 1.7209350717215726 8.26740857522951 8.303266130850528 1.4574613438799466 6.348265997355321 9.71436144811626 9.875955252002914 8.378181179573971 7.208932200353061 6.609145678465851 6.393075755308755 7.1343341481033535 8.54852117987438 5.140096323234324 5.929629117922489 9.608475267556816 3.5558145175295546 5.359242853075908 8.318221318743639 6.46136245508822 6.716546387282982 4.750450187331017 8.031202381442363 3.7379938128048384 7.837264191250342 4.599132602355624 7.782007649007542 6.421457706045908 4.972772128352373 6.361026534415664 9.256255676465903 9.12209951808117 6.229665619870738 9.391875159191054 7.210079495296703 9.630811187140372 1.338624244895628 5.161579956529884 1.382913211673241 9.71275202336677 6.727019553420176 1.7917072942956693 8.372535542689219 2.144427323301173 6.974773299144731 9.042035348642889 2.3055218301179448 5.497647038920517 5.29962654705193 4.026579177044999 1.5859962925770434 5.830813557752767 6.757623046814117 3.5980054450690604 1.9651299432295946 6.035240978512383 2.2816049179044264 2.686371303749027 2.5500577910136872 5.938621270558629 6.3751393315210265 9.911528230961059 9.390347571751334 4.743995120456115 2.4610944272683932 5.39890639131168 2.6927931784151586 7.065058633880244
0.4754975577790644 0.48383418981693305 1.973884005529675 1.8280959154495284 0.5349408728006738 0.6818771259436911 0.8012920834790824 1.3602653676785441 0.6525330333642314 1.3433714972983086 1.2436360019143928 1.313860201117317 0.8619898267582904 0.6647011262254021 0.5498303420566039 1.1945367137900955 1.6861354430024462 1.1062103651738453 1.437607778311269 1.5671880376571452 1.3561471807506096 0.8930077590790372 0.34418701434431453 1.653481715045902 1.6606532261701055 0.2914922687759893 1.269653199471064 1.9428722896232522 1.9751910504005827 1.6756362359147943 1.4417864400706122 1.3218291356931702 1.278615151061751 1.4268668296206708 1.709704235974876 1.0280192646468649 1.1859258235844978 1.9216950535113633 0.7111629035059109 1.0718485706151815 1.6636442637487279 1.292272491017644 1.3433092774565965 0.9500900374662035 1.6062404762884726 0.7475987625609677 1.5674528382500683 0.9198265204711248 1.5564015298015084 1.2842915412091815 0.9945544256704746 1.2722053068831327 1.8512511352931806 1.8244199036162339 1.2459331239741476 1.8783750318382109 1.4420158990593406 1.9261622374280745 0.26772484897912563 1.032315991305977 0.2765826423346482 1.942550404673354 1.3454039106840352 0.3583414588591339 1.6745071085378438 0.4288854646602346 1.3949546598289462 1.808407069728578 0.46110436602358895 1.0995294077841034 1.059925309410386 0.8053158354089998 0.3171992585154087 1.1661627115505533 1.3515246093628233 0.719601089013812 0.3930259886459189 1.2070481957024766 0.4563209835808853 0.5372742607498054 0.5100115582027375 1.1877242541117259 1.2750278663042054 1.9823056461922117 1.8780695143502668 0.9487990240912231 0.49221888545367865 1.079781278262336 0.5385586356830318 1.4130117267760487
0.0923233370678872 0.1569783913897479 0.6492636934607714 0.10143457808159351
0.036555037449919836 0.4808750975445135 0.3900340013625828 0.09253586364298383
0.40861216090048513 0.11852561095019698 0.18010274107538848 0.2927594870739294
0.18775160056804419 0.23890611918300375 0.10828697545980626 0.4650553047891458
0.27661387266198334 0.19296443601953284 0.0790665263749798 0.45135516494350403
0.4766591514344346 0.12523478457107884 0.191343300660897 0.20676276333358956
0.17581212611303076 0.15998238642023244 0.2993148788861255 0.3648906085806113
0.2961689888712047 0.36545706252582366 0.1173555177149106 0.22101843088806106
0.20949276068203737 0.2818204002592426 0.17213833081146346 0.3365485082472566
0.23281271569816386 0.10452821768116172 0.5525170920684205 0.11014197455225394
0.25576771407005305 0.07787526866577632 0.17141899796954585 0.4949380192946248
0.11352773501344571 0.016297232249776417 0.6691160897807996 0.20105894295597826
0.08772422686790438 0.7341079393930969 0.1666888359868367 0.01147899775216199
0.06759164547638152 0.14664811857704085 0.6085584332170797 0.17720180272949793
9.883971227442334e-05 0.680997015318668 0.18136006829252938 0.13754407667652824
0.4203202797481821 0.3098968253052087 0.1434080105113532 0.12637488443525602
0.06434332030326262 0.6313651986874239 0.09220960511529086 0.2120818758940226
0.03685419770217391 0.058472740256188094 0.5868413294909813 0.31783173255065666
0.016984036662833435 0.5801136908517197 0.2154561225762588 0.18744614990918806
0.7468732358883365 0.02292146441017784 0.09777139437653815 0.13243390532494748
0.39689657595628935 0.030424925654746193 0.37277882294825526 0.1998996754407092
0.25486334132994015 0.13468300252280685 0.07491887293692556 0.5355347832103274
0.11704344667784738 0.18046782978461529 0.5696944963564768 0.1327942271810605
0.1176841277146311 0.5404667829290354 0.1934671895394513 0.1483818998168822
0.13083028886090142 0.17617590779214887 0.5074014401454335 0.18559236320151618
0.2624505762314845 0.19868648324025406 0.09620560198264316 0.4426573385456183
0.1575180095979416 0.02790571921765861 0.5850738551948 0.22950241598959975
0.3383249296941444 0.31301651804976305 0.013387380520890058 0.3352711717352025
0.048006257230156946 0.6322641255102838 0.012484601557459563 0.3072450157020997
0.15717900365495596 0.24900473506984655 0.5756037560922288 0.018212505182968686
0.03813327486159335 0.25747814539138036 0.48441887728913446 0.21996970245789182
0.23824563640260177 0.4458447345886575 0.04978513552322228 0.2661244934855185
0.2875620823314915 0.19555992458584404 0.1016040896474606 0.4152739034352039
0.0752847770535795 0.1736992621001 0.026348005160479304 0.7246679556858412
0.29778798777851556 0.04726242099574374 0.3464106205092794 0.3085389707164613
0.059863955494732446 0.288511698256791 0.027108905086250856 0.6245154411622257
0.25160366673527546 0.20641763013626402 0.23919779361333615 0.3027809095151244
0.14265051385160687 0.714767084951896 0.032369467776183214 0.11021293342031391
0.017983046589151397 0.24104083259440123 0.08815041579901961 0.6528257050174278
0.6076386696455344 0.10106676674572712 0.007386797540242629 0.2839077660684959
0.21554493957926724 0.04387617813996558 0.32906455862806727 0.4115143236526999
0.10711573524984008 0.6420543699785939 0.017155669032855925 0.2336742257387101
0.1382701645917006 0.4106918496214893 0.30823478029217244 0.14280320549463765
0.2551754296475981 0.2623361757724558 0.3436575210590692 0.13883087352087686
0.5799579112539562 0.1858189238925686 0.1709937558533302 0.06322940900014495
0.08798591796479349 0.12502677245242078 0.19643403723546726 0.5905532723473185
0.5830384523896545 0.029194442443314816 0.2552973073643213 0.1324697978027094
0.2789423934739562 0.6343526618214176 0.05593623165607775 0.030768713048548446
0.2699928137354204 0.30935990035166894 0.19238840654566758 0.2282588793672431
0.5931514760451544 0.2294241265210697 0.056752458399748074 0.12067193903402784
0.38880245627875154 0.4638026454983225 0.08505213866486738 0.06234275955805857
0.08889307121404455 0.5384366564447179 0.31352799710004386 0.05914227524119364
0.012241904863936615 0.23368573279474458 0.014412630963665518 0.7396597313776533
0.1859818262494567 0.7207204725480564 0.03445394688642933 0.058843754316057595
0.2979684444875954 0.26978387954082006 0.222616541750283 0.20963113422130153
0.09994408639345642 0.33379226564843 0.14367488441616783 0.42258876354194574
0.2941758555025089 0.058450257599543476 0.5501214887487867 0.09725239814916087
0.5446797905391851 0.015733801487641474 0.2224293654207481 0.2171570425524253
0.23659567644517443 0.059606726078048844 0.49740228842232204 0.2063953090544547
0.10833883315592796 0.31032506907064783 0.00020792494694588104 0.5811281728264783
0.7088451228869015 0.1051436719340455 0.10654579877883774 0.07946540640021527
0.006924365001057975 0.04710115698147066 0.7081864638600948 0.2377880141573766
0.058208627538065216 0.14900680496979357 0.7713818061651075 0.02140276132703367
0.24593346541573502 0.1824442484691513 0.39335354578119297 0.1782687403339207
0.597047642124297 0.0010751838972786754 0.005505122437571619 0.39637205154085275
0.045872434649107174 0.13923582586587735 0.6892289435337929 0.12566279595122254
0.24838598266262035 0.541179946668698 0.19524824926798445 0.015185821400697241
0.4585004482127345 0.10455219372709545 0.4065505033649247 0.030396854695245334
0.5185723230629786 0.3219102916992824 0.06962663681086423 0.08989074842687472
0.030611250511832777 0.004298353175950731 0.3135366545352831 0.6515537417769334
0.25160996813178227 0.005884475305413361 0.1264964347009705 0.6160091218618339
0.03109113789317286 0.2649350584394351 0.5607025291920151 0.1432712744753769
0.1542339489370642 0.28016953350522844 0.2228996549279365 0.34269686262977084
0.18283070222714493 0.018693994722589813 0.25015049956700175 0.5483248034832635
0.015089806832388142 0.5687243640471003 0.0005560547564619212 0.4156297743640497
0.16722197342086842 0.035232192302919296 0.38808516087852074 0.40946067339769154
0.20371516777799958 0.4125530333073908 0.026604097986215658 0.35712770092839397
0.3101454489293689 0.22171343606413663 0.4537516745151934 0.014389440491301086
0.07934743163285718 0.1357522216669399 0.18525250970433804 0.5996478369958649
0.13951202759507986 0.21954276375743087 0.244609890891332 0.39633531775615727
0.15150885679455328 0.346724828759846 0.31826694504134667 0.18349936940425404
0.06607484074029979 0.04892754649900066 0.3940144146415786 0.49098319811912094
0.37311760059914567 0.4040834458127751 0.17626516093604272 0.0465337926520365
0.2589470585024909 0.35641776372129064 0.019636844395008124 0.36499833338121035
0.1401616285093148 0.1449060392451874 0.03998877678627433 0.6749435554592235
0.5441680180877777 0.07250762304957925 0.06017650542715969 0.32314785343548336
0.4376401102911506 0.08054128763628599 0.27921445146343904 0.2026041506091244
0.10948398522069891 0.22331194473842764 0.11920107256843226 0.5480029974724412
0.13559419741430168 0.2517744132858002 0.1522562697410802 0.46037511955881794
0.025618131743824768 0.06168242235815358 0.8482506397335485 0.06444880616447313
0.2915832487376844 0.5540450664376284 0.007225123596855676 0.14714656122783154
0.6116509526744077 0.3668435370744495 0.004155251319154729 0.01735025893198805
0.28385982369897766 0.09993618609202548 0.33654059759221133 0.2796633926167855
0.09376640952597814 0.6391712031644421 0.21614126911314213 0.05092111819643763
0.019901741520077176 0.16959057475671369 0.28774026229066973 0.5227674214325394
0.4710693834429036 0.09943767490296584 0.1715152524374567 0.25797768921667386
0.15444951836875043 0.1309096474765047 0.5184785152384771 0.19616231891626779
0.3040481252291818 0.030848799023394657 0.04180171052864212 0.6233013652187814
0.24751442161634019 0.08513962074844728 0.33516360194876293 0.3321823556864496
0.10594623682506454 0.28152662091784586 0.34399854146934417 0.26852860078774543
0.2658267277695653 0.26554626475954624 0.0235119234167267 0.4451150840541618
0.16301111015871828 0.13423457858363885 0.22608001130181876 0.4766742999558241
0.17582925895277524 0.09700493119755749 0.04960587734025523 0.677559932509412
0.6118746598725222 0.23441486073201312 0.15086684817856955 0.002843631216895126
0.10245195821578412 0.38231512322638417 0.17953888144490682 0.3356940371129249
0.24630263829079369 0.1404368312982236 0.4603684545204152 0.15289207589056752
0.2895630377864732 0.12685690657623627 0.13043518179697788 0.45314487384031266
0.09354691421661188 0.4707842053735576 0.28217769788520686 0.15349118252462368
0.03944917560818828 0.48010512634744207 0.14517185179779202 0.33527384624657763
0.1126015822479094 0.29950688934944547 0.10637453334052815 0.481516995062117
0.07584969559091304 0.3593656450978252 0.5499153322429563 0.01486932706830546
0.2320155447813257 0.3383278229546406 0.24441965346495587 0.18523697879907786
0.33213122201751355 0.13148467343101256 0.40166692548640115 0.13471717906507275
0.11498102625175632 0.46624380160511236 0.28019045461838654 0.13858471752474477
0.03151333786714772 0.29270870545466243 0.15499683197231673 0.5207811247058731
0.3407173403221613 0.11870160985869849 0.11353926592652175 0.4270417838926185
0.19088067043606327 0.14278002697047465 0.2061613142523937 0.4601779883410684
0.10322076472922082 0.23762982819170198 0.6111211597012622 0.04802824737781497
0.15148200897336872 0.5820237968112886 0.18664266255100204 0.07985153166434067
0.20769008383486742 0.4608981302459708 0.07451920335916362 0.25689258255999814
0.4060897659742827 0.16963503475963027 0.4200587219015054 0.004216477364581639
0.34747619395926976 0.02670013433024232 0.5493917867143407 0.07643188499614717
0.2734807044989924 0.2813019888343756 0.18514957968483814 0.2600677269817938
0.11376176073683564 0.14962477853754153 0.6949018429296179 0.04171161779600496
0.44435710398436823 0.12554912605496804 0.11281795644054138 0.31727581352012235
0.2617740636368636 0.13252209939592885 0.48546887140180084 0.12023496556540669
0.26372760914935023 0.08230270008209906 0.11628355478928654 0.5376861359792642
0.365923883495071 0.2831615586188565 0.32479892723512394 0.026115630650948574
0.018902140206333296 0.007125270236726711 0.24872847677465637 0.7252441127822836
0.1687989822946181 0.5744892669125871 0.20717581721840117 0.049535933574393676
0.03718648648900669 0.055986211881537185 0.3655830736006954 0.5412442280287607
0.5344220388529428 0.01314518398636344 0.13760084155688201 0.31483193560381173
0.7071556758881509 0.05085410760976672 0.11418151800995047 0.12780869849213194
0.22621712022839124 0.1504198980600956 0.05918677328495614 0.564176208426557
0.008265775459087243 0.18646201169122045 0.03310125896047267 0.7721709538892196
0.15563586686545627 0.06216364489961779 0.5258214494121057 0.2563790388228202
0.08878510693624264 0.39959923466861846 0.30302118995064264 0.20859446844449625
0.6141280821554502 0.2667485478293341 0.015387050545936254 0.10373631946927941
0.25596049062358717 0.5141419038489204 0.20402849872093032 0.02586910680656207
0.4252946186957205 0.16805255293961008 0.061329113428814086 0.34532371493585534
0.08004613301372954 0.37007226451875863 0.206347844945576 0.3435337575219358
0.3651685321000988 0.001545389256353391 0.20443482876407093 0.42885124987947687
0.13776719234697588 0.13465774291558896 0.6885303620340918 0.03904470270334337
0.6390300952734679 0.11907333465715886 0.0034707593837768336 0.23842581068559643
0.3178238995238667 0.04224766552005532 0.4138552275295354 0.22607320742654258
0.005850532040855283 0.39481049489927256 0.0012932429904120024 0.5980457300694602
0.042735849487475774 0.783008793610618 0.14532881824737764 0.028926538654528544
0.11167083856199111 0.3998769940341199 0.2933246563305487 0.19512751107334025
0.27110542146467276 0.187300942024053 0.2328914709816433 0.3087021655296309
0.1903166971224567 0.02883361595226952 0.24969420879785165 0.5311554781274221
0.23898509397280476 0.09457686301721724 0.1754864145301812 0.4909516284797968
0.2356831337743308 0.02734871587005605 0.43031522891343155 0.3066529214421816
0.6710998693404304 0.03259583516129094 0.20142283559556562 0.09488145990271302
0.18533247831557942 0.37126252633419154 0.3519948628655156 0.09141013248471341
0.4045581280668854 0.15178661498198054 0.19402963054788025 0.2496256264032538
0.329338265968094 0.16637073458221718 0.11119457561150348 0.3930964238381853
0.2348147393305987 0.1848328045469101 0.08859199857501576 0.49176045754747544
0.29958819177215334 0.4699048684166637 0.10743544003536398 0.123071499775819
0.1473450803903923 0.09630459308862249 0.5789152230908642 0.17743510343012103
0.2860811894289369 0.22907104285130342 0.2936410619161087 0.19120670580365096
0.23312402620237005 0.5868087780302277 0.04339090786442901 0.13667628790297326
0.00029789545569103293 0.1327649684645541 0.2604326361131438 0.606504499966611
0.03050843636114975 0.4959621167090139 0.2950277095029301 0.17850173742690623
0.013038451233778892 0.7318483714817144 0.2529188971943487 0.002194280090157985
0.23559952793668681 0.16020288783283643 0.23078564293431614 0.3734119412961606
0.21179034915762673 0.42527142048500644 0.2798123987532911 0.08312583160407572
0.6101755696121047 0.06377282818501517 0.21200404554279473 0.11404755666008537
0.4789729861830331 0.39476398392042433 0.028615241139113734 0.09764778875742885
0.5184737472590781 0.02096636725521306 0.05882253676244209 0.4017373487232667
0.16328861730387567 0.21312670678688161 0.12393169909418422 0.4996529768150585
0.44593823364947127 0.06609087212687725 0.31105017765726006 0.1769207165663914
0.16647032996915367 0.2979401301708906 0.03470468688838413 0.5008848529715716
0.02904750636375819 0.024869915102116336 0.5253923418664111 0.4206902366677143
0.3655171425973387 0.3811067815143472 0.19367171940036831 0.05970435648794581
0.49833932427813776 0.1724406573134324 0.13427874895310954 0.1949412694553203
0.1907058849959692 0.044427963725652386 0.23143220219398475 0.5334339490843937
0.17229744827989157 0.2139063957160433 0.4462169174184396 0.1675792385856255
0.07750313389773544 0.3141496901541767 0.2431476731977522 0.36519950275033564
0.297156513581855 0.6146950293204999 0.061478341501805756 0.026670115595839317
0.15963768374168796 0.024795612191133465 0.656511823778097 0.15905488028908155
