13 60 4 159.32235509090373 318.64471018180745
7.999321695164381 3.1378709803142106 8.418506793952318 9.691742782386997 9.75341002514404 5.08104322675581 6.481382164851501 7.97973863144362 6.774520102831622 7.498164065652524 1.3153287169129357 3.6860452380026145 1.5266124269386727 8.71354848328479 4.355686250873267 7.118631564202873 3.306519543939671 4.128230936372428 1.0847149307287247 4.225004044344727 9.541847635103894 2.9610910821852 3.8745222974232814 9.259951474005288 1.2871329979590524 1.5857608333826305 6.668460991970407 8.864320989515848 1.0784415907340636 7.719195132945438 8.31557053902361 1.6814570155504005 6.90809801137262 5.583359800751664 5.318950523467448 9.600167304379596 1.0001083021253658 3.222808308927247 7.410094101204251 3.921238448080418 3.4929672074542855 7.2590090729812715 9.266965733313539 3.200281319781913 5.1227723554908735 3.276934145393558 4.413999623347595 6.440849457685399 7.951408837125022 1.6112574711497305 7.17476571268582 5.934340876562428 2.241874474824315 1.8887789728442659 3.210031947921901 2.3660799632602534 9.333950315411961 7.120945140441779 3.1389302969171498 6.119967273009044
1.5998643390328762 0.6275741960628421 1.6837013587904637 1.9383485564773995 1.950682005028808 1.016208645351162 1.2962764329703003 1.595947726288724 1.3549040205663245 1.4996328131305048 0.26306574338258715 0.7372090476005229 0.30532248538773454 1.742709696656958 0.8711372501746535 1.4237263128405746 0.6613039087879342 0.8256461872744856 0.21694298614574495 0.8450008088689455 1.9083695270207788 0.59221821643704 0.7749044594846562 1.8519902948010576 0.25742659959181047 0.3171521666765261 1.3336921983940813 1.7728641979031696 0.21568831814681272 1.5438390265890876 1.6631141078047222 0.3362914031100801 1.381619602274524 1.1166719601503328 1.0637901046934897 1.9200334608759193 0.20002166042507316 0.6445616617854494 1.4820188202408502 0.7842476896160836 0.6985934414908571 1.4518018145962543 1.8533931466627078 0.6400562639563826 1.0245544710981747 0.6553868290787116 0.8827999246695191 1.2881698915370798 1.5902817674250045 0.3222514942299461 1.434953142537164 1.1868681753124855 0.44837489496486305 0.37775579456885316 0.6420063895843802 0.47321599265205067 1.8667900630823921 1.4241890280883558 0.6277860593834299 1.2239934546018088
0.14487098904632512 0.4117610623880775 0.2830764589816682 0.16029148958392914
0.49064013706516085 0.008401546835733131 0.4858967738001141 0.015061542298991926
0.13635835175923794 0.09022952514019045 0.6866249300902146 0.08678719301035698
0.12895807457854047 0.46644117077383873 0.36353548663091795 0.04106526801670285
0.20163407511411524 0.23548393753669583 0.5301350959097583 0.03274689143943066
0.10930490807954563 0.7352536247265724 0.12190350847127229 0.03353795872260967
0.08190006001834516 0.5682304579947882 0.04659432584011758 0.30327515614674905
0.2777215297314206 0.4111847698272687 0.1567657549204554 0.15432794552085527
0.12426071024992369 0.07933742590565651 0.5458875592793945 0.2505143045650253
0.25439918504137593 0.02506036860724825 0.48045952697211725 0.24008091937925857
0.013200625564899537 0.5284100027151141 0.07023896104552751 0.3881504106744589
0.17167529767716483 0.39248498118464625 0.25240124885176696 0.18343847228642196
0.14500296285546677 0.41517845546061394 0.39068961431006466 0.04912896737385464
0.07107351246240812 0.3011724999617099 0.34846801819902673 0.27928596937685524
0.27608308497765854 0.028600845327423463 0.09055788795855046 0.6047581817363675
0.5066913505591185 0.07474695025425582 0.11281175678517774 0.3057499424014479
0.1223312112911773 0.24774566635811546 0.47433737883842686 0.15558574351228038
0.16956247865888308 0.5444884473746735 0.1960777040279924 0.08987136993845102
0.00984544079968852 0.8904300109508698 0.01302579227631917 0.08669875597312249
0.13239783638207125 0.008199828789683283 0.19369058720886823 0.6657117476193772
0.11961014615577858 0.18424412667525947 0.6317451124508789 0.064400614718083
0.16338249440464603 0.1154810569017648 0.4156756753359385 0.30546077335765065
0.09284603190663265 0.21548999809389935 0.5253793510861853 0.16628461891328272
0.2958142574937309 0.17865381359577848 0.44447321951530705 0.08105870939518356
0.15973108250577628 0.05922039602116658 0.6601240151697003 0.12092450630335683
0.08285801012063598 0.06066253824789414 0.07199214878322391 0.784487302848246
0.16519309664977355 0.44825314875624434 0.11697108715385995 0.26958266744012216
0.23368185982132328 0.06363035974235898 0.628489873109864 0.0741979073264537
0.1029163661719199 0.17017759394591003 0.4943075450008433 0.23259849488132678
0.32173941183739707 0.27420065396828064 0.23714459946843802 0.16691533472588427
0.02909409645982286 0.4724686748367706 0.3265978256200651 0.17183940308334145
0.01478673530954211 0.16756520809067832 0.6868369797975379 0.1308110768022417
0.1227215762403242 0.19471363717408052 0.04873331944463888 0.6338314671409564
0.056852855598646945 0.159898072075652 0.21219985204140857 0.5710492202842925
0.04307662809459589 0.43873825814711087 0.08350630364738698 0.43467881011090626
0.7303571516567825 0.1137470182240391 0.07083309496330181 0.08506273515587659
0.04553264565460491 0.19487631067007405 0.32530270069225786 0.4342883429830632
0.001573158600998159 0.21132881187121033 0.30700742661127234 0.48009060291651917
0.05564220864270886 0.18806031935027123 0.2832589020341537 0.4730385699728662
0.07364112750960905 0.42885072260421986 0.29428690582948913 0.20322124405668196
0.2430797680627348 0.3186654732158378 0.30423247855292024 0.13402228016850715
0.03074675838642149 0.3104603956370132 0.018716296151791045 0.6400765498247742
0.21464574557780058 0.6539530281994549 0.12277220724585836 0.008629018976886171
0.21070032586890497 0.11281654911292394 0.49097070565620027 0.18551241936197083
0.22416302568145985 0.4131067497102876 0.0901552754011209 0.27257494920713166
0.024158957115163582 0.10479623039611152 0.6197665764296133 0.2512782360591116
0.021397673413144136 0.18674035694950653 0.14816730268897804 0.6436946669483713
0.0932686731653416 0.30311587277962626 0.4413897765507223 0.16222567750430983
0.14100425819988416 0.5865361858073669 0.2573868279956212 0.015072727997127777
0.6214300291700716 0.03938045233377252 0.22657046358192834 0.11261905491422752
0.005121589598552689 0.29122391670271763 0.1841287013772518 0.5195257923214779
0.14754400921956146 0.3316164565097015 0.2419239298517083 0.27891560441902874
0.24295536547311758 0.28893969516520657 0.25686180889476806 0.2112431304669078
0.7950694058795146 0.12362224523008247 0.07048862664353739 0.01081972224686556
0.1540247086101515 0.04101771906737817 0.7990892973451742 0.0058682749772961396
0.4897524563410455 0.1677871933640822 0.2870041292702571 0.055456221024615227
0.47824271272385255 0.03463523204239727 0.10871722410559226 0.3784048311281579
0.31892309597346546 0.55612684778082 0.07512273404901537 0.049827322196699164
0.24110821056056764 0.4373382588018737 0.24733749524157367 0.07421603539598498
0.19054175513748073 0.4813687168212857 0.09423254301823147 0.23385698502300212
0.07273721088434781 0.11818284778224586 0.21439943403153772 0.5946805073018686
0.10677999399370885 0.6052443802560444 0.16276212748529117 0.12521349826495554
0.23638016015282026 0.1285358007334647 0.5075159014591435 0.12756813765457153
0.4532393332235999 0.11068327585511517 0.19664506768867496 0.23943232323261
0.14302607708757153 0.03270378612561009 0.16453093963463095 0.6597391971521874
0.08825354002927399 0.1060439451837325 0.4751086547676564 0.3305938600193371
0.26938469527986364 0.2773925500647969 0.4163208323582681 0.03690192229707134
0.15349463697837273 0.07071783364640838 0.009413991223185758 0.7663735381520331
0.06759889360357696 0.11248050181443847 0.04472787849078097 0.7751927260912036
0.03382173104378916 0.19219268322282768 0.4428402921546596 0.3311452935787236
0.373945089576196 0.45537260494512555 0.08293838979729751 0.08774391568138096
0.07972011775621979 0.27006209584481167 0.48836681861996845 0.1618509677790001
0.09851907591702669 0.6115468141460371 0.03798544206312371 0.25194866787381254
0.04180861912122957 0.5800367498297488 0.13663193664722528 0.2415226944017963
0.13623338112195127 0.025105442333240413 0.06516449985795292 0.7734966766868554
0.05286620198352476 0.12686192664872298 0.10179070823617908 0.7184811631315732
0.1306641990394306 0.2615343477086387 0.11233036622680115 0.49547108702512954
0.09936765398837333 0.7018114144321275 0.028398408666034713 0.1704225229134645
0.563570171869058 0.014409174296708405 0.4162600166308258 0.0057606372034078035
0.180203757609243 0.48904365303020425 0.02338884710187017 0.30736374225868257
0.20290489288829328 0.18928577002462843 0.22146387098527998 0.3863454661017983
0.2046000739957785 0.2541132317301661 0.4862537274080748 0.05503296686598058
0.6817935532090346 0.11381601720238632 0.07340960773064586 0.13098082185793325
0.07142513371862946 0.09469466293866091 0.19410962311181668 0.639770580230893
0.6689037930967858 0.042876613285963816 0.2561353529135999 0.03208424070365046
0.6410300846501192 0.15185789628004487 0.1630620497577584 0.0440499693120775
0.25198515520957565 0.22808666082979068 0.47862886536326377 0.041299318597369905
0.28135794224944166 0.45604195658662705 0.02710287836059766 0.23549722280333363
0.16353307883213053 0.32584848178490466 0.19640603839282744 0.31421240099013736
0.18164138015089026 0.1416152963338132 0.3720570431340944 0.30468628038120216
0.29775374029236545 0.3454265486562127 0.22746087791360237 0.12935883313781948
0.15148091402584818 0.13044080820739468 0.5686157340075583 0.14946254375919887
0.08165793637092456 0.7007188429485005 0.12159693997216348 0.09602628070841146
0.06325138074870928 0.8848215708785842 0.01848649997191576 0.033440548400790804
0.2514120803260531 0.5708297295750839 0.06592918009568105 0.1118290100031819
0.34095605773003257 0.16864815841550806 0.44551952548082263 0.044876258373636735
0.01615903613308811 0.7751527255799202 0.10865699964580455 0.10003123864118713
0.2339404211999968 0.25981379033659036 0.12436287642990607 0.38188291203350677
0.19914291926856253 0.009055461269764975 0.2282048571511417 0.5635967623105308
0.15507878896953398 0.10646435131446019 0.5368826123441534 0.20157424737185248
0.27668452729256576 0.035561738531992404 0.1487769617656607 0.5389767724097811
0.38575461454897286 0.18421772365015898 0.0598673648336866 0.37016029696718156
0.4159324605560283 0.35670697928754413 0.1492471480884382 0.07811341206798939
0.4512756567910182 0.017925921709621817 0.44469640941942046 0.0861020120799395
0.3392015213500088 0.1285092417120106 0.25717167797999885 0.27511755895798173
0.1050294917167729 0.07839475038280941 0.28108151733206843 0.5354942405683493
0.05984421036917731 0.32090903755110733 0.5387063749880268 0.0805403770916886
0.1452947763761906 0.5568746055436222 0.08917329372900096 0.20865732435118622
0.06912932506394953 0.04986916614725412 0.7349209342275914 0.14608057456120493
0.4329899253386441 0.041460065303571936 0.14355992167100418 0.3819900876867798
0.3843382541840078 0.16520434452182786 0.3398625814624111 0.11059481983175323
0.070021245433038 0.054745887697765006 0.09080379369881031 0.7844290731703867
0.4389721204161413 0.17328662099904313 0.06954283201878286 0.3181984265660327
0.14937217431965621 0.4734600267185397 0.11427285556221245 0.26289494339959163
0.04798022560182991 0.168780697264309 0.7076427354329559 0.07559634170090523
0.13199269011440096 0.20851743157507807 0.4597190147826101 0.19977086352791085
0.3782438235410913 0.21082649556735777 0.2693180814827245 0.1416115994088264
0.3447877569916551 0.4607408159476757 0.07612566226876005 0.11834576479190917
0.25490197554623917 0.12444740235608787 0.3027022012282773 0.3179484208693957
0.023276089875885475 0.4438000610708832 0.39284407160329327 0.14007977744993805
