59 20 4 45.16516006497777 90.33032012995552
9.316316040169827 2.4208352248131275 8.802235691342176 1.7574124677531238 6.162163155438649 3.537457901766215 3.3065250202900494 6.075823707624822 2.978410166368085 6.837587196243413 6.649770181687145 4.69876969325172 4.622890220788106 5.051458648034581 3.1053018741113103 2.208985268719106 1.942414906019978 5.2569120627097465 2.0246278225465213 3.5744228802778553
1.8632632080339655 0.4841670449626255 1.7604471382684352 0.3514824935506248 1.2324326310877298 0.707491580353243 0.6613050040580098 1.2151647415249642 0.595682033273617 1.3675174392486826 1.329954036337429 0.939753938650344 0.9245780441576212 1.0102917296069163 0.6210603748222621 0.44179705374382117 0.3884829812039956 1.0513824125419493 0.4049255645093043 0.7148845760555711
0.07637627854192286 0.18159370656350993 0.5802417035541343 0.16178831134043292
0.43424816287038914 0.05709933539798773 0.31669217688086204 0.1919603248507611
0.43912560398502476 0.47397399220620295 0.04866714694811081 0.03823325686066148
0.1391296654495523 0.3963214475418154 0.10237740226843428 0.362171484740198
0.45319475756746885 0.16169008748989844 0.14861334541814497 0.23650180952448774
0.2847275334476813 0.009383591527847956 0.6288047445889193 0.0770841304355514
0.02037620259994588 0.022544187724623077 0.6574405293161026 0.2996390803593284
0.2830267685996014 0.6197543913336029 0.02728504519890862 0.06993379486788709
0.16165598227743438 0.024638505419264267 0.4075531695593332 0.40615234274396816
0.03807370841415769 0.4760077565011501 0.2567025177640161 0.2292160173206761
0.2267638931054332 0.1317814005517891 0.034263782396677156 0.6071909239461005
0.3885777829973338 0.2422568275962872 0.09202674211001016 0.27713864729636883
0.15960809303427892 0.06498544808645446 0.3561759088167594 0.4192305500625072
0.14193852666206042 0.22286364997063624 0.25496797102865376 0.3802298523386496
0.2680039156161971 0.03331078542332011 0.5850917383787311 0.11359356058175174
0.027775054743657823 0.19319481475532685 0.33266911284649314 0.4463610176545222
0.5459815942856074 0.11065603985428463 0.3394954895839746 0.0038668762761333575
0.5374328019441621 0.3132307300545504 0.08450310942131256 0.06483335857997496
0.4491186869685121 0.1987629161045753 0.164633179487354 0.1874852174395586
0.4051982721522879 0.21152512051587624 0.31031225008135876 0.07296435725047712
0.31407342303995167 0.4553535861526804 0.16499047175853943 0.0655825190488285
0.22273410793536264 0.11259550174530197 0.30906431660862155 0.35560607371071384
0.43949222130857735 0.11656799964694964 0.08416783757678936 0.35977194146768365
0.44325941547937386 0.49211987694457127 0.014576735434609023 0.05004397214144585
0.310351369455209 0.07885848007522067 0.2826887879620573 0.328101362507513
0.20038850181647017 0.14063181906241196 0.35849776319479465 0.30048191592632323
0.6404004158309065 0.10071607345012756 0.07075100634929965 0.18813250436966633
0.39166643544557445 0.0457450996355796 0.10436149944707673 0.4582269654717692
0.6337440668597117 0.17587343960611457 0.08640040627208423 0.10398208726208946
0.7282497842984822 0.18326081328741306 0.04784367119190103 0.04064573122220372
0.2624744876103656 0.4139550938663674 0.0806378975068569 0.24293252101641005
0.4803256469202636 0.43524706751234743 0.077559698869748 0.006867586697640982
0.5891060097517044 0.06912057491458878 0.1421719885993301 0.19960142673437675
0.5397568296220565 0.004883344498435194 0.31732147285211965 0.13803835302738865
0.010829225901887174 0.021489645338270136 0.739699313685321 0.22798181507452164
0.23883802790601305 0.01578130093340535 0.017181510867869232 0.7281991602927124
0.22418098794063634 0.41362060865318395 0.15866275627762194 0.20353564712855776
0.07911708122124295 0.6074983030489359 0.10325666236639475 0.21012795336342638
0.11252597878197734 0.4391865588379339 0.3844855343649385 0.06380192801515028
0.04921465222684429 0.39641589399431343 0.20089174838515456 0.3534777053936877
