33 90 4 242.6768570836911 485.35371416738224
3.2365911469395696 5.049778789457159 4.698467226968868 3.342697217982099 8.833561195122545 2.665359344457145 1.176952828870396 9.579268283533409 7.124057242579354 5.3792931389547505 9.685241378793586 4.5405886520947005 1.716018141582048 4.162666819724166 2.4727164634458574 9.84850138930508 8.925653657937172 5.446571213004071 4.608633170066306 5.061623167078869 7.487891636535066 3.2299145599303567 6.605019571637358 2.2820393427888592 2.8105865422472327 1.730959565038222 9.581250653282133 1.501644426779534 6.395828351098915 7.506978674441342 9.732607474283398 8.394125116709521 5.74795960695425 3.9832905658930082 4.18583976031719 1.7112727113208503 6.003229423828475 2.492150166007649 3.657140479368021 8.565476366427752 4.26305808472305 4.067325797704045 7.3936156979487855 1.2853697637587385 5.251490794398894 7.584189603449932 7.958941968373166 3.17120312953467 3.7557734095938544 2.2298467451278885 6.361621477541475 2.463119798316452 8.220944929087658 5.501139869667087 1.5354489273891425 4.5267919837832356 6.577979518051211 2.6937265896272127 4.850996276089574 1.8008347414950752 7.593673915563627 4.539694198521375 4.097227544995422 4.571962621111571 1.156348233272119 5.215284969300664 9.039254654763957 2.45407970720939 8.600135166545405 3.475614671801321 7.918592777346533 8.506023594281054 9.111666859287807 9.746424278712873 4.861325491735572 7.1747587556813395 3.9364973040651936 8.17740275037119 4.910755357596788 5.59174954554774 7.869957735774505 2.565272376546452 5.072009843980915 9.083722298353754 7.203548087346292 3.573730033810396 4.78777140710204 6.111286725319135 9.708684270332917 6.046394422657389
0.647318229387914 1.0099557578914318 0.9396934453937735 0.6685394435964198 1.7667122390245091 0.533071868891429 0.2353905657740792 1.9158536567066817 1.4248114485158707 1.07585862779095 1.9370482757587173 0.9081177304189401 0.3432036283164096 0.8325333639448331 0.49454329268917147 1.969700277861016 1.7851307315874343 1.0893142426008142 0.9217266340132613 1.0123246334157738 1.4975783273070131 0.6459829119860714 1.3210039143274717 0.4564078685577718 0.5621173084494465 0.3461919130076444 1.9162501306564266 0.3003288853559068 1.2791656702197831 1.5013957348882685 1.9465214948566796 1.6788250233419042 1.14959192139085 0.7966581131786017 0.8371679520634381 0.34225454226417007 1.200645884765695 0.4984300332015298 0.7314280958736041 1.7130952732855504 0.85261161694461 0.8134651595408091 1.478723139589757 0.2570739527517477 1.0502981588797788 1.5168379206899865 1.591788393674633 0.634240625906934 0.7511546819187709 0.4459693490255777 1.272324295508295 0.49262395966329037 1.6441889858175316 1.1002279739334173 0.3070897854778285 0.9053583967566471 1.3155959036102423 0.5387453179254426 0.9701992552179147 0.360166948299015 1.5187347831127254 0.907938839704275 0.8194455089990844 0.9143925242223142 0.23126964665442382 1.0430569938601328 1.8078509309527913 0.49081594144187796 1.720027033309081 0.6951229343602642 1.5837185554693067 1.7012047188562107 1.8223333718575614 1.9492848557425746 0.9722650983471144 1.434951751136268 0.7872994608130387 1.635480550074238 0.9821510715193575 1.1183499091095481 1.5739915471549009 0.5130544753092904 1.014401968796183 1.8167444596707507 1.4407096174692584 0.7147460067620792 0.9575542814204081 1.222257345063827 1.9417368540665834 1.209278884531478
0.235905365849035 0.4174095760541392 0.3195492694123472 0.027135788684478634
0.34182884121892165 0.046864996068950004 0.49678181103745966 0.11452435167466868
0.3732680338790636 0.07029245335525536 0.3408608365458682 0.21557867621981286
0.3185012124023998 0.4876288688558207 0.0015499446667694983 0.19231997407501
0.5171186228655802 0.29895589166835757 0.00984889752033924 0.174076587945723
0.5581334424594048 0.19753794410007686 0.23086485745842455 0.013463755982093817
0.12204580491917427 0.5799142837614275 0.06541897237000738 0.23262093894939084
0.1232362346056739 0.07806725428439365 0.06809256531009011 0.7306039457998423
0.47768857577024304 0.08510871411282916 0.04521183037969079 0.391990879737237
0.053834636192314766 0.13182154340282737 0.27638419088744326 0.5379596295174146
0.7234742705999655 0.07941972541923104 0.07135633914709094 0.12574966483371253
0.24539328023763607 0.1056527246322212 0.4176053589329902 0.2313486361971525
0.567789060257676 0.011072157650531267 0.2512077108188485 0.16993107127294427
0.22477339370013216 0.14153394409952103 0.3461147128122499 0.2875779493880969
0.14567470634167745 0.19001576788818453 0.5205057811848606 0.14380374458527745
0.38911347642867267 0.03803633027472486 0.3651573083201861 0.20769288497641636
0.13449071015925307 0.06988439568469951 0.4347944486795263 0.3608304454765211
0.4190304370079745 0.22713404095001088 0.25409984843810796 0.09973567360390667
0.5274399791836082 0.0028328621246840324 0.40877315715316664 0.060954001538541136
0.37750036153856803 0.07116459484767079 0.14814531523789376 0.4031897283758674
0.002671314656475743 0.7789228386206714 0.15293267710878944 0.06547316961406346
0.2921683568252421 0.3958544578429837 0.16914121871884968 0.14283596661292453
0.3024441048268546 0.10504982018370324 0.3081576465613092 0.284348428428133
0.14676996368341344 0.16613352190482011 0.42285839626945 0.26423811814231646
0.4704296972929237 0.36950072794349986 4.719997138735721e-05 0.16002237479218906
0.07053759627989531 0.18255336928685706 0.40021299892579243 0.3466960355074552
0.02034549917282147 0.5821525685199296 0.31553724680747375 0.0819646854997752
0.0072096349324279885 0.9622875523227086 0.016593136633295757 0.013909676111567681
0.020960327438552584 0.0056787650198222295 0.6974833724975996 0.27587753504402557
0.03703066736622984 0.23826654208531495 0.2515266448551975 0.4731761456932577
0.5014206209722316 0.1525298213826246 0.31432707287126294 0.031722484773880844
0.5440262127270548 0.33037493603610635 0.047654784252629145 0.07794406698420975
0.17445086259576625 0.25330283776417695 0.2707505490624521 0.3014957505776047
0.031184504971597415 0.12188720177594448 0.712475612207602 0.13445268104485608
0.5834686498859785 0.010899357962349088 0.35070445872913136 0.054927533422541086
0.6254504184331828 0.01790920907039839 0.007184183064238403 0.3494561894321804
0.00042556206057464685 0.5024029820145282 0.2733426619982753 0.22382879392662192
0.4136642739655271 0.3260941634586296 0.22489084753134547 0.03535071504449783
0.4217228573950692 0.00986818269808365 0.46985317375909796 0.09855578614774918
0.16705979494162237 0.013744006259078567 0.11923599169005605 0.699960207109243
0.010725001787691757 0.041789396367625464 0.7270887988205736 0.22039680302410913
0.2976226518037084 0.014151078883536505 0.2899034679629541 0.398322801349801
0.42999227453321553 0.4300125388204472 0.047082405772496894 0.09291278087384036
0.12307614322442317 0.7317363755047069 0.1089344182167965 0.03625306305407339
0.3904616482565534 0.09768822420613676 0.08790739312211382 0.42394273441519603
0.23268514121932393 0.0739774663911974 0.1993578287845863 0.49397956360489237
0.36675347542379033 0.07641208181799941 0.2859194511374449 0.2709149916207654
0.06445727025992065 0.8941671790458638 0.020426293748866176 0.020949256945349326
0.26680845144850973 0.13480578637199014 0.40374075547554356 0.19464500670395657
0.7249438314443234 0.173420317431637 0.01816067059646509 0.08347518052757452
0.22858799170740773 0.5431085212380062 0.09002248401996071 0.13828100303462532
0.17397092901901912 0.17826282706089758 0.39890600511504504 0.24886023880503827
0.18716247438846134 0.3092472933987691 0.1232234415809822 0.38036679063178735
0.5718868014340288 0.17611358896756313 0.0017320531739575262 0.25026755642445053
0.18189813555354628 0.07191632039839069 0.6032376293385627 0.1429479147095003
0.15677440660378505 0.4762056855468816 0.06710379145959255 0.2999161163897408
0.4268216652166309 0.22035520631894012 0.26576748629567215 0.08705564216875683
0.37224217526821024 0.45412853293853317 0.10957089965101596 0.06405839214224063
0.4377792988594208 0.059530244305327495 0.3367515162978203 0.1659389405374314
0.10452858680727495 0.3451454284791655 0.27814872268329593 0.2721772620302636
0.40166937606751807 0.3937679140810819 0.07792587174164123 0.1266368381097588
0.162407540185464 0.32251165626347333 0.35729746293649467 0.157783340614568
0.04058735652287615 0.13631731575028216 0.28474166696721026 0.5383536607596314
0.02770305978604437 0.10443800282268434 0.05832176253602883 0.8095371748552425
0.0002044617836346463 0.815841728212357 0.10075970713430082 0.08319410286970752
0.6083306662189896 0.08597292259133327 0.18285966352122118 0.12283674766845598
0.45694661602224207 0.15127152179374603 0.08994911842685627 0.30183274375715563
0.07592636384859752 0.6119933809974915 0.1161739595149105 0.19590629563900053
0.5784435427255308 0.09744101809921779 0.31306358914692334 0.011051850028328092
0.03494476407774416 0.21429249254350258 0.2129555404819916 0.5378072028967616
0.3472616063603391 0.013526701734894897 0.042511211699370555 0.5967004802053955
0.19910407274645514 0.08641247541079711 0.26538150214080336 0.4491019497019444
0.2632700341105162 0.24194430611425422 0.22399695028259092 0.27078870949263867
0.20020251115100984 0.3368328387923222 0.4374609918104959 0.025503658246172067
0.26159200262596594 0.13851731469293949 0.59440700576861 0.005483676912484525
0.18342138451143353 0.1560595007261566 0.19237366628185415 0.4681454484805557
0.02769216128293006 0.12209907819567933 0.3105683941105801 0.5396403664108105
0.04106770449020225 0.16165695077430442 0.02254942029559437 0.774725924439899
0.09288978954897953 0.12132752517416368 0.7773731722626389 0.008409513014217884
0.09626509847927867 0.743705187313877 0.1503601102271177 0.009669603979726604
0.5680865096650951 0.02135201332039738 0.3138605070035858 0.0967009700109217
0.02824824165146167 0.5531479355420631 0.0658541713644688 0.35274965144200643
0.08603691226987864 0.048681337425399374 0.029060576453665 0.836221173851057
0.8349193056797868 0.040572464189940316 0.09704856685987073 0.027459663270402168
0.10065559823517567 0.306621762605803 0.19478704458183604 0.3979355945771853
0.23749581192750602 0.24699399391385268 0.024475565155429924 0.4910346290032114
0.10510457529573947 0.2567421973323055 0.5458198751963974 0.0923333521755576
0.24348007911307556 0.017564600928002827 0.10965796706433617 0.6292973528945854
0.141617997160995 0.008208021868956306 0.1814719611095943 0.6687020198604544
0.017331919935463236 0.12052806681306105 0.7515339943662134 0.11060601888526234
0.17099071752127593 0.39530327203962157 0.3975772745353624 0.036128735903740106
0.36822584666470326 0.2981818562784464 0.18426383331499818 0.14932846374185216
0.6089401865000075 0.06378411250575933 0.29525169860668654 0.03202400238754666
0.15996464727464832 0.10705886456709368 0.4304366345089117 0.3025398536493463
0.5526963757668745 0.2025170913331733 0.11756077726321856 0.12722575563673366
0.5101813017674265 0.42641392947882484 0.05712330542888089 0.0062814633248677865
0.263394990697595 0.1688792565461643 0.1980125245175287 0.369713228238712
0.2645241089710051 0.4581546761522387 0.13528852212433096 0.14203269275242525
0.26883229662811836 0.15331041374424026 0.29664674841699346 0.2812105412106479
0.029429883845652594 0.008890194490281833 0.34843540616901725 0.6132445154950483
0.1329187732743955 0.1359757923506799 0.3022953770621776 0.428810057312747
0.19513580829480015 0.2109536143127395 0.40086843828803054 0.1930421391044298
0.3552262414904054 0.4478699186433277 0.13371349378498942 0.0631903460812775
0.21733253164834898 0.12492513134932348 0.06025026434891112 0.5974920726534164
0.048596783290192236 0.3787226623836587 0.22139514375316371 0.35128541057298535
0.12474737731623808 0.28867289075181346 0.15000081377105046 0.436578918160898
0.04954139199958063 0.0978666967788715 0.6340557024755303 0.21853620874601754
0.33375383351084353 0.09418670850685107 0.5235093031504481 0.04855015483185732
0.4559452348163896 0.07761832009618164 0.2939999566560496 0.17243648843137915
0.16797686601183437 0.39136850108858123 0.3784271356641803 0.062227497235404106
0.502909652230232 0.027880306934606303 0.10932989869459897 0.35988014214056274
0.047465790321446044 0.03103350315330433 0.6063321660591137 0.31516854046613596
0.2902390548483993 0.17386405698610308 0.4516290874409533 0.08426780072454432
0.3683162677996823 0.031922834212506745 0.16736244035151238 0.4323984576362986
0.04824806298546602 0.6012602235664991 0.32609693234060644 0.02439478110742843
0.17371330990516998 0.19669861067732253 0.5203548115661035 0.10923326785140397
0.28263761327233283 0.4304577504690983 0.2711470066729935 0.01575762958557536
0.14503601652960385 0.5016720351406937 0.2829192928093286 0.07037265552037386
0.6150177566750388 0.10996384792959102 0.1553559437892671 0.11966245160610312
0.04773419932390388 0.14144817676885546 0.7220998949208217 0.08871772898641894
0.47504592786223376 0.2566225414103157 0.06335975962029039 0.20497177110716014
0.03337776205672527 0.5595963173154571 0.38296203351985736 0.024063887107960258
0.050299663359801405 0.3481317448070643 0.1282780870465089 0.4732905047866254
0.16348236929740378 0.34363700966308286 0.09587439356460448 0.3970062274749089
0.17907689890519174 0.2322383053515309 0.17736771312556399 0.4113170826177134
0.48159441206260434 0.2132755737207337 0.06363052080265408 0.2414994934140079
0.5124012429548663 0.1709313872425018 0.17632751065946717 0.1403398591431647
0.7989059210982765 0.025839521489725237 0.0896554934056939 0.08559906400630435
0.17161198614079043 0.5224024018319127 0.15800425669837492 0.14798135532892198
0.08886932307963813 0.7483315821951662 0.02949060897978595 0.13330848574540977
0.07886996634346399 0.15064373838307477 0.6102516360076445 0.1602346592658167
0.010442422551755981 0.19843749069202943 0.2516395625255853 0.5394805242306293
0.26908389398859245 0.25947681941583545 0.027862150794569995 0.4435771358010021
0.6355390278771028 0.0664068960670392 0.06666898864065485 0.23138508741520314
0.4374619798460203 0.331920343101608 0.12806742110775282 0.10255025594461886
0.008406556004809107 0.31055690441264183 0.06088894536187339 0.6201475942206757
0.2380072128402947 0.04990885178422877 0.5591177964348798 0.15296613894059674
0.825518219409945 0.09151626853519268 0.005525034661860273 0.07744047739300208
0.0871220891219916 0.2843939536970851 0.616935651356335 0.011548305824588323
0.4693060285206271 0.04256897196723419 0.37359723151646573 0.11452776799567299
0.3468694640509168 0.21407701808042323 0.3572761854113201 0.08177733245733987
0.24619230776011758 0.43590892469129006 0.28464944447971785 0.033249323068874514
0.8620155971199684 0.014731548427847851 0.11730851253817676 0.005944341914006945
0.414677754259151 0.09937795552296069 0.10731476890728842 0.3786295213105999
0.209497059640132 0.13490717576068334 0.4205404953012697 0.23505526929791498
0.262091210198812 0.4732235669322524 0.16007131449939127 0.10461390836954432
0.018289541387940922 0.519027296580182 0.12429282595444158 0.3383903360774355
0.02514826385969937 0.7905427265808284 0.1652688503721923 0.01904015918727997
0.0895067935799162 0.4504506690133938 0.33622368157827154 0.12381885582841845
0.13969623137899423 0.2319939852543661 0.18763901851069242 0.44067076485594725
0.4019799624880843 0.2922352675731821 0.16349189669228303 0.14229287324645057
0.26200109332842336 0.1733990519257973 0.3132653104802351 0.25133454426554425
0.16514966225788275 0.4833313343315685 0.07703347136706296 0.2744855320434858
0.338779918745137 0.40426601409134233 0.17092151824453905 0.0860325489189816
0.12638309293544103 0.5522804695582596 0.2915543382308712 0.029782099275428187
0.4867925598190045 0.4177491189196608 0.07786779928492205 0.017590521976412643
0.5357747762551405 0.025944881939175102 0.22345706286063505 0.21482327894504938
0.3131958663584583 0.4759842723859291 0.2066205616196476 0.0041992996359649926
0.01902092795849697 0.5084103446229484 0.31684090682983457 0.15572782058872003
0.13363116400932296 0.18024979109969252 0.49208674442162537 0.19403230046935915
0.025272372678808996 0.20401510716198135 0.6827861384296187 0.087926381729591
0.5577544850956148 0.11642029672275411 0.24617527502179015 0.07964994315984097
0.11777670268075391 0.031135543358206896 0.7939594563139152 0.057128297647124016
0.6189669962763305 0.11376297514997324 0.18235331679916045 0.08491671177453586
0.28875398761248705 0.15085395323028405 0.012830557976797219 0.5475615011804317
0.04357873619799946 0.09884904744524359 0.44698483740686235 0.4105873789498946
0.09112099176869737 0.14709450578394723 0.17329771458091103 0.5884867878664444
0.327984123676641 0.2796361901187234 0.07223247154151502 0.32014721466312057
0.23936036907415037 0.2715330882235476 0.16149957174833918 0.32760697095396285
0.3383874426551856 0.15558467029149636 0.11122214215995196 0.39480574489336606
0.06484316331156326 0.11568283770999666 0.6129628117955549 0.2065111871828852
0.6761390363082108 0.18761632086632152 0.07938278290161827 0.0568618599238494
0.3741205300397781 0.06685360131654716 0.47841570396221766 0.0806101646814571
0.7007177502647359 0.23686850861262232 0.06070104066228521 0.0017127004603565421
0.09344768847350238 0.27542178550277374 0.5616165789014836 0.06951394712224024
0.4262850559412441 0.2880104381834677 0.22503489287351675 0.06066961300177143
0.4416093422411238 0.33062492876249094 0.05121637817322178 0.17654935082316348
0.47981950838195697 0.06495542240037844 0.36504712428125163 0.09017794493641296
0.2975166414225432 0.024860077014423387 0.20594764611747918 0.47167563544555424
0.4400429723990589 0.24963056168910758 0.28407734507314797 0.02624912083868558
