61 100 4 271.71104630374373 543.4220926074875
8.420225283219537 2.632147592474798 8.895940913863473 5.495961766119753 9.684337899004106 1.0319099212875775 9.312799119745467 6.664995219110898 3.7386779949941666 4.068325738599709 2.266616626426149 5.383015982709059 8.929420482203023 5.0769553278344315 5.2749836205217395 8.941064781400012 7.00717372136776 1.736458841985613 1.2504108294834577 7.480301141083219 7.406398012926148 1.358858566155244 5.194077825274609 4.306554206058671 6.393006834855653 7.522180053072223 2.727886026441016 5.7539703063257885 3.622987896234239 2.2554207527894476 9.603832969961054 6.445396860043522 9.192539656260811 5.12048470311357 1.3913456572961274 2.1390628205828865 4.011123296792749 5.030702011624007 4.833755415273619 5.94069125337382 7.927222584172823 9.299793428819749 7.747212763273606 3.6311254212133592 2.737665402132575 3.3452484254792267 7.534752347126634 5.090072349937478 2.539959183410961 6.781986556185881 1.0931075135414234 7.916540648943046 3.32353240974093 3.414404438421837 5.362195922737404 3.940765933456586 4.356208978812442 1.8837334770467626 1.3503688445060287 2.6868423782025976 2.2462081097896696 4.0655119396597 9.715134593062697 2.1114853482818527 7.003613103283387 6.155188421584568 7.556942306051954 5.000691728196744 5.304367088493716 3.208256576510997 2.1346377880308953 8.476520619056409 6.932900778588383 4.0846750736122 8.397733497687225 8.144621785749766 5.274189440082717 4.908757837623438 2.0828247264629267 9.807601340857305 6.814131639963361 2.833356999748683 6.944066277706519 9.225749255434634 1.156425090630322 1.1088095155138573 6.463423414868101 4.432335397358459 8.25080876513028 4.220225028153575 9.031922455331225 7.138346755394169 6.541435908711962 9.177401696514798 6.583893586367749 2.2683745658806735 9.12829831993086 6.0473609031859175 8.800086611551222 9.139041382394051
1.6840450566439074 0.5264295184949596 1.7791881827726947 1.0991923532239505 1.9368675798008212 0.2063819842575155 1.8625598239490935 1.3329990438221795 0.7477355989988334 0.8136651477199418 0.45332332528522984 1.076603196541812 1.7858840964406046 1.0153910655668863 1.0549967241043479 1.7882129562800024 1.401434744273552 0.3472917683971226 0.2500821658966915 1.4960602282166438 1.4812796025852297 0.27177171323104876 1.0388155650549218 0.8613108412117342 1.2786013669711305 1.5044360106144445 0.5455772052882032 1.1507940612651577 0.7245975792468478 0.45108415055788953 1.920766593992211 1.2890793720087044 1.8385079312521622 1.024096940622714 0.2782691314592255 0.4278125641165773 0.8022246593585498 1.0061404023248015 0.9667510830547238 1.188138250674764 1.5854445168345648 1.8599586857639498 1.5494425526547213 0.7262250842426718 0.547533080426515 0.6690496850958454 1.5069504694253268 1.0180144699874956 0.5079918366821923 1.3563973112371763 0.21862150270828468 1.5833081297886094 0.6647064819481859 0.6828808876843674 1.0724391845474808 0.7881531866913172 0.8712417957624885 0.3767466954093525 0.2700737689012057 0.5373684756405195 0.44924162195793393 0.81310238793194 1.9430269186125393 0.42229706965637054 1.4007226206566774 1.2310376843169135 1.5113884612103907 1.0001383456393487 1.0608734176987433 0.6416513153021994 0.42692755760617906 1.6953041238112818 1.3865801557176767 0.8169350147224399 1.679546699537445 1.6289243571499532 1.0548378880165434 0.9817515675246875 0.41656494529258536 1.961520268171461 1.3628263279926722 0.5666713999497366 1.388813255541304 1.8451498510869269 0.2312850181260644 0.22176190310277147 1.2926846829736203 0.8864670794716918 1.650161753026056 0.8440450056307149 1.806384491066245 1.4276693510788339 1.3082871817423922 1.8354803393029595 1.3167787172735497 0.45367491317613473 1.825659663986172 1.2094721806371835 1.7600173223102444 1.8278082764788102
0.06753918183055563 0.44952021579103707 0.4774485903140876 0.005492012064319707
0.2244041840310278 0.4678223400062337 0.18357390154564834 0.12419957441709017
0.21106019774499185 0.10315085856851314 0.48869906558028653 0.19708987810620848
0.41271096054771494 0.1304852261556485 0.4273551622400955 0.029448651056541042
0.44754354287051135 0.25975920331789415 0.2628429561181662 0.02985429769342829
0.1305661096490004 0.5399351781338034 0.2025802791148782 0.12691843310231798
0.26475307721765085 0.25545869770462803 0.46346064370573514 0.016327581371985977
0.1637722178249208 0.17547156795286778 0.41362954542141894 0.24712666880079248
0.1507916724092303 0.21863448406324848 0.5295973947279149 0.10097644879960632
0.32186902980772125 0.2737810136185489 0.1618130443740684 0.24253691219966145
0.10320571664862666 0.02422933258900306 0.05761914215137032 0.814945808611
0.302629697221641 0.35013491036411104 0.14280420121220816 0.20443119120203979
0.7542022974837501 0.006466678951031146 0.09093417380851887 0.14839684975669987
0.4476728119820663 0.1358485520257967 0.26191106484027904 0.15456757115185793
0.0279933311888223 0.5701616038967162 0.38447003686670733 0.01737502804775415
0.2643422085668181 0.13922887134196937 0.36463742540191324 0.23179149468929927
0.17957139433867153 0.30409340879943536 0.4672688734768795 0.0490663233850136
0.35864660842906215 0.5031778836323496 0.014069700620451875 0.12410580731813636
0.21398298882384648 0.09178484225963779 0.6541904835951415 0.0400416853213742
0.18316471483209684 0.29316694335766036 0.012114688775583415 0.5115536530346594
0.05273791475514922 0.4940531852770176 0.2816817397692519 0.17152716019858127
0.14654634340558426 0.29654618990486725 0.5225054268940762 0.034402039795472295
0.39104680378298406 0.07120524441434883 0.442981867342249 0.09476608446041812
0.2188107292904352 0.27850660017466355 0.03210351895833086 0.4705791515765704
0.10662161209783183 0.16005172997091 0.307746819713573 0.4255798382176852
0.18069614011308766 0.35679037925749313 0.44763137607362846 0.014882104555790754
0.10544950995334701 0.1720070492215645 0.2963111645779736 0.4262322762471149
0.12699247422285764 0.047812402736817305 0.19210919943041316 0.6330859236099119
0.34836718534641853 0.21911201260154223 0.0778240741815861 0.35469672787045314
0.2785058265992537 0.43059673898190487 0.1915737524309825 0.0993236819878589
0.04276549558887299 0.07111402423049329 0.1296936398884968 0.7564268402921369
0.0037735954743005617 0.7557364366044028 0.17333325232246954 0.06715671559882708
0.4631420484421295 0.1359614681011242 0.2808186876736457 0.12007779578310063
0.5472686217921956 0.2046573502983502 0.1843316249741982 0.06374240293525602
0.7569000901514145 0.10532103873041199 0.1265130708578207 0.011265800260352843
0.08583166861852454 0.5126984974098002 0.3734661804349426 0.02800365353673262
0.39796648934231826 0.12969866830680532 0.2819684079219119 0.1903664344289645
0.4541957474705559 0.118418112904777 0.3811508362916909 0.04623530333297621
0.3477002580209939 0.2589024252274261 0.11156398851846527 0.2818333282331147
0.6130108949571105 0.10389466088355925 0.24768193279565442 0.03541251136367585
0.30400474802808597 0.11418568465400603 0.23014867935395622 0.3516608879639518
0.13762497394731887 0.11226293690439826 0.12307902445406682 0.627033064694216
0.4928321410502743 0.1953042752169346 0.09355960140667507 0.21830398232611603
0.40608010606659783 0.08199546387081647 0.4330095338089589 0.0789148962536268
0.22091545717512617 0.48593903081128875 0.2229755411508877 0.07016997086269738
0.3954234860844933 0.07520930432976569 0.4106318880381761 0.11873532154756494
0.5607996599521182 0.0471122587285151 0.13774000972621736 0.2543480715931493
0.02608048901173199 0.27313457185298495 0.3057234858978818 0.39506145323740127
0.3140432896397788 0.08269493732822042 0.372699195726939 0.2305625773050618
0.07453047308103078 0.4549760537257046 0.25891064816984366 0.21158282502342096
0.14905490718357073 0.2897303251447493 0.024361240839977705 0.5368535268317023
0.21047755361640808 0.5542603049763373 0.06488891461206636 0.1703732267951883
0.5908764442707045 0.0860212632965236 0.07222252737970636 0.25087976505306553
0.08047608947372531 0.5074196437281385 0.13556755278813915 0.276536714009997
0.25876689553080245 0.008299830354929871 0.01758918576455637 0.7153440883497113
0.32124798023289436 0.3950506369363289 0.22869912823203387 0.05500225459874286
0.034082608995192 0.14387368645300325 0.12964801689177963 0.6923956876600251
0.2743438082860584 0.511840347253185 0.1376186115472633 0.07619723291349334
0.024803433668446728 0.25294632514114757 0.4309849893983181 0.2912652517920876
0.09988899115165017 0.26639686707656907 0.45407574523986893 0.17963839653191183
0.006758158874983322 0.3840475159454402 0.4724380526245522 0.13675627255502432
0.11962675373753617 0.12983355681894326 0.274372010792436 0.47616767865108456
0.2439746944231984 0.22730593614890926 0.39250684051614515 0.13621252891174718
0.03881521937081511 0.4987980311317425 0.21555563544762024 0.24683111404982216
0.35484087492296756 0.3658491182706676 0.05752749148190228 0.22178251532446258
0.34950141390837175 0.04173912662384882 0.16194579397690523 0.4468136654908742
0.01163281346815892 0.11327209383535475 0.29062566240788057 0.5844694302886058
0.7126137873839802 0.1624139503969163 0.0035195999166498515 0.12145266230245366
0.5119321853052761 0.25432603043928437 0.008892916619121172 0.2248488676363184
0.3647150262207822 0.40070765073091097 0.08905414857258265 0.14552317447572416
0.15515124409856873 0.11792799847322888 0.5492375829109073 0.1776831745172951
0.17082012908313415 0.5717516847142997 0.15855266069774554 0.0988755255048206
0.23595444686416134 0.2755997611680222 0.1460312082191899 0.34241458374862654
0.10640186135135843 0.2530707375744584 0.061934802788122134 0.578592598286061
0.24029722103484463 0.1303591866655598 0.13088927081483426 0.4984543214847613
0.03932654287024617 0.2584150905698568 0.09660588367571887 0.6056524828841782
0.3349018725569377 0.0803099531944379 0.29627345692966545 0.28851471731895895
0.42096410377068827 0.4158603461769065 0.06553995708013294 0.09763559297227231
0.2568569956726927 0.46929479083537284 0.10233023822186071 0.17151797527007373
0.0453419209845044 0.17617404256384306 0.04945732465788755 0.729026711793765
0.4147338288129563 0.3610228584181554 0.2145419067679033 0.009701406000985013
0.20192595877462183 0.08801218214539863 0.10952403021145929 0.6005378288685203
0.09638185638169239 0.5996918938756293 0.104682460581766 0.19924378916091234
0.0786372590306269 0.401007913588059 0.18927973341732696 0.33107509396398715
0.15202891905318605 0.23771576162112018 0.3712441916201682 0.23901112770552557
0.005008923734236226 0.0765138357711711 0.8461415544863987 0.07233568600819396
0.4042708005891609 0.17164529027277442 0.2350781684148613 0.18900574072320342
0.3505129282556313 0.15613821167565933 0.33845006127334964 0.15489879879535973
0.07114732646107869 0.4684951255977886 0.08383247093306168 0.37652507700807103
0.21222117542779317 0.24697898719104205 0.2089869851457744 0.33181285223539037
0.3838100064421953 0.2123978139160726 0.08246108930433782 0.32133109033739427
0.2143201981041507 0.06395678168138563 0.5387758084823878 0.18294721173207584
0.5465576192830841 0.26672075004288864 0.06912833676119123 0.11759329391283602
0.31922963002005034 0.4782267509020254 0.15141286069001292 0.05113075838791137
0.48504563576396054 0.10388186514647246 0.1002712389653666 0.3108012601242004
0.36650770449764014 0.019144092679706626 0.026292479442656114 0.5880557233799971
0.41293537071870234 0.2559276136024107 0.10642441429276894 0.22471260138611804
0.09209975858525443 0.037737259361390274 0.49579388092101584 0.37436910113233945
0.008175120518108758 0.7703489408441357 0.053177881368321134 0.16829805726943436
0.8635443330245755 0.06287266750116283 5.543956517628512e-05 0.07352755990908544
0.1294365531894901 0.04251788971652115 0.05628562677630422 0.7717599303176845
0.4100373304211916 0.03239315351352534 0.025771369530185884 0.5317981465350972
0.3334914760584162 0.4519889222640592 0.08418469010760665 0.13033491156991794
0.34468330541566294 0.18404724218266177 0.16968492424863446 0.3015845281530408
0.39693145824376697 0.08917056089027764 0.06014211855241858 0.4537558623135368
0.21646082371305975 0.5023386061700219 0.11527958462257581 0.16592098549434253
0.1564108847959157 0.13217904077043352 0.23840865870013894 0.47300141573351184
0.13457222958150816 0.2892312061201858 0.12155457396559632 0.4546419903327097
0.027054599171379534 0.07488156915513655 0.8886657219301952 0.009398109743288696
0.10442050933840297 0.10618253583151882 0.5666449852176877 0.22275196961239052
0.30766573332789904 0.50738301379362 0.01883770975688659 0.16611354312159432
0.018069660695995693 0.06259888698913818 0.8458099536004999 0.0735214987143662
0.11329601649745136 0.3397141640711563 0.2096265723140851 0.33736324711730725
0.6157648639172404 0.04786045408891093 0.16539497853716856 0.17097970345668012
0.702483080952054 0.034630760026249985 0.24608586274128208 0.016800296280413907
0.35221219096767953 0.037203490229818725 0.3378525290635086 0.27273178973899315
0.20736437162727384 0.14149528821818325 0.03473857702981442 0.6164017631247285
0.057298404081927656 0.03681991864697576 0.3006866646608125 0.6051950126102841
0.02978834080024717 0.25832535777912635 0.6010971268769493 0.1107891745436772
0.11340587776251121 0.520855491590702 0.049361413821826794 0.31637721682496
0.0729421324873123 0.36711122432275045 0.30850376252510336 0.2514428806648339
0.14104110832438832 0.37880551281336716 0.4198466661118685 0.060306712750376024
0.01680705126463755 0.3610150507615276 0.03597262167624293 0.5862052762975919
0.09924191005693173 0.0898045859290445 0.6873416421217277 0.12361186189229612
0.35491894984595895 0.2469030265866078 0.33311227251954745 0.06506575104788581
0.20596045978628574 0.05880711229947633 0.005429035888134592 0.7298033920261033
0.06333961101755248 0.09963292989471573 0.03489765019711588 0.8021298088906159
0.30705327700081075 0.5313890023916336 0.008874916032963864 0.15268280457459182
0.2506267438346014 0.26419581708973683 0.11450563791540824 0.37067180116025356
0.5445658428192451 0.33624181358593985 0.0637236071029289 0.055468736491886106
0.3273265154691818 0.40846024961430194 0.12867456872535776 0.1355386661911585
0.3148179749183935 0.25509261699241104 0.20252195147839147 0.22756745661080402
0.034683802747207615 0.18554818862792455 0.21264679154407373 0.5671212170807941
0.006052492953884214 0.2546952458410785 0.01340219817485977 0.7258500630301775
0.22607390160956342 0.009864456752491257 0.25404704480296536 0.51001459683498
0.18128117302364088 0.3520442011042133 0.27827894634278183 0.18839567952936398
0.31461381271034594 0.2356273643642227 0.3160090073103414 0.13374981561508992
0.15277377340461895 0.33879407053260524 0.48025665279264074 0.02817550327013507
0.24933151038781642 0.1708636214053887 0.025025644120161283 0.5547792240866336
0.06129473952915698 0.19031881077158563 0.40306527502550793 0.34532117467374945
0.42806024508327556 0.4501575961649139 0.10545059626167408 0.016331562490136453
0.06607653151105752 0.4074977335550123 0.16656930838249995 0.35985642655143024
0.23566317665388548 0.6610103466267766 0.09696813791506398 0.006358338804273944
0.21910236545143047 0.10730016756318217 0.3201375705831895 0.3534598964021979
0.11659829988395165 0.07941154881878654 0.583509000361194 0.2204811509360678
0.25092214242372957 0.22967006633575027 0.11972108956571814 0.399686701674802
0.3047235960888559 0.3308768246592241 0.14897034266166453 0.21542923659025548
0.21121476022263486 0.29403162232752345 0.3047168313089309 0.1900367861409108
0.3530622354775903 0.22994164491399482 0.38792761806868925 0.029068501539725622
0.08959212493707225 0.08540377071369143 0.6110471979011548 0.21395690644808152
0.4690044529084402 0.03763244827213874 0.39280958227386154 0.10055351654555955
0.07660154714994272 0.30634000848613974 0.05558401094245835 0.5614744334214592
0.13215306896438994 0.4684915617478935 0.31464649980390313 0.0847088694838134
0.00582525940452816 0.2168943632246383 0.40450102068316307 0.3727793566876705
0.3822057710525837 0.11083103034082464 0.4206925031121743 0.08627069549441735
0.1674490974842089 0.18685918108085597 0.21114898975764318 0.43454273167729196
0.13733347707842336 0.4833093516157816 0.12118279311241342 0.2581743781933816
0.14842088020572186 0.09584055428029448 0.1310943115570553 0.6246442539569284
0.13220304505992708 0.3441248743819537 0.12860830954342628 0.3950637710146929
0.30305730166699885 0.05984976707269041 0.3402803761342924 0.29681255512601834
0.23097531883428646 0.1317797281696781 0.019144682525427115 0.6181002704706083
0.04297830607879227 0.16123691720668598 0.37141979258123203 0.4243649841332897
0.3866772552122969 0.2144435962629362 0.15334273869729698 0.24553640982746994
0.18449453649451886 0.41760788541295 0.3830165248359847 0.014881053256546428
0.005657854519361183 0.0947068889043513 0.6305123953387389 0.2691228612375486
0.2135762501716535 0.13614818117379945 0.25142040840648794 0.3988551602480591
0.1816182239249824 0.24734628205136278 0.4634943954260249 0.10754109859762995
0.5796313402211294 0.12333682159814874 0.12543638946072488 0.171595448719997
0.15552665933682142 0.6785788852531845 0.11569247041416053 0.050201984995833504
0.8165438656195447 0.14662131713235127 0.0105701612587481 0.0262646559893559
0.37608893273427024 0.1865024109422897 0.0009541648366977462 0.4364544914867423
0.04648523651145031 0.3817803944639676 0.2330589574181009 0.3386754116064812
0.15987068007820948 0.4884067208469818 0.09727057583074139 0.25445202324406735
0.2879591730357691 0.0128995181439151 0.656592794553054 0.042548514267261806
0.8749935464894565 0.03413417451858625 0.008485920363154542 0.08238635862880272
0.23021557010727445 0.13288241992699812 0.14472480373867702 0.4921772062270504
0.0321701733856935 0.9264376156402037 0.037445596365242584 0.003946614608860255
0.5602244695309467 0.144973153452708 0.018119555869159143 0.2766828211471861
0.35537401012903647 0.39381646748020194 0.061805448659729145 0.18900407373103245
0.00046293465110647247 0.07778194308632547 0.23406320740171804 0.68769191486085
0.03693707892688025 0.37829708448205135 0.442757528434791 0.1420083081562774
0.39995383418777386 0.06414284737402154 0.3753517068254204 0.1605516116127842
0.6289017973483115 0.22977586541745232 0.10134903338952694 0.03997330384470921
0.010239616489545189 0.6704795634741452 0.2198188799930224 0.09946194004328723
0.04842206418906947 0.3898835383583017 0.07228370365969905 0.4894106937929298
0.014870342391587799 0.31368488758676005 0.6107265696627531 0.06071820035889908
0.10543870279360967 0.36586878036970916 0.4739360115535093 0.054756505283171886
0.08577390766547077 0.218115212717913 0.36948591701703637 0.32662496259957985
0.15670188057584167 0.7254422383863891 0.03926071026975175 0.07859517076801747
0.19967709111381704 0.4541388526258944 0.11507128785783949 0.2311127684024491
0.01956953472836498 0.3762432917980504 0.17094349590782887 0.43324367756575577
0.39350938877346286 0.34704389620423404 0.1940250103228255 0.06542170469947761
0.37381512452927823 0.42200556160478897 0.08747435086017685 0.11670496300575595
0.05527946603175837 0.3575819634526822 0.46670202310764464 0.12043654740791476
0.38093274204520566 0.14033537138779562 0.4245799948955802 0.05415189167141854
0.22823438298212972 0.13418196173513508 0.02455076009211865 0.6130328951906165
0.5713151436886695 0.15871168532172153 0.0636266748570159 0.20634649613259304
0.2799656096190546 0.4668230043049346 0.05246951263654909 0.2007418734394617
0.2291947931650451 0.2120804914953207 0.03433531889163666 0.5243893964479975
0.4071183559381496 0.1405752701648344 0.2175637770026697 0.2347425968943463
