21 20 4 49.04178569601402 98.08357139202803
1.4385239272821457 3.6019869381083516 7.488697121481069 1.1945462492435481 2.853304887406951 1.4569593102583913 3.7204470456815515 6.9751926516223 3.7730295391319095 6.252321485967388 1.626138591513405 8.806640355937795 2.1991646732657295 2.603121954035485 5.463365948435402 8.773296801024012 7.8304945196090285 9.734366128142419 7.833722975069975 4.458250288811165
0.28770478545642914 0.7203973876216703 1.4977394242962139 0.23890924984870962 0.5706609774813902 0.2913918620516783 0.7440894091363103 1.39503853032446 0.7546059078263819 1.2504642971934776 0.325227718302681 1.761328071187559 0.4398329346531459 0.520624390807097 1.0926731896870803 1.7546593602048024 1.5660989039218056 1.9468732256284838 1.5667445950139949 0.8916500577622329
0.27066977267313375 0.1380485567705988 0.504445640168073 0.08683603038819443
0.2986922916088657 0.028520285008865276 0.18945596114033525 0.4833314622419338
0.5443683594576376 0.25549996748133885 0.049424386452240454 0.15070728660878308
0.38681643413428557 0.22800827701414905 0.19533283834420256 0.18984245050736281
0.788445143641093 0.03987298857518884 0.0700222063684125 0.10165966141530569
0.13966465542401996 0.16625050936483554 0.39294562416363266 0.30113921104751185
0.23121231494033567 0.5733973370793122 0.081658405915498 0.11373194206485415
0.6656936477741948 0.07341507920989454 0.08024751877047431 0.18064375424543633
0.16797507343295692 0.681929955117134 0.014180721022883369 0.13591425042702576
0.38103513941087674 0.2531279375038661 0.2631498207262616 0.10268710235899559
0.37352109865034655 0.19712392336517648 0.2866973383883017 0.14265763959617528
0.20830305100300806 0.32077425773978674 0.4028002488502118 0.06812244240699339
0.3038669947153547 0.47790244788714276 0.14188860564170003 0.0763419517558025
0.047229130005625786 0.46185053263383535 0.18144212027438933 0.30947821708614953
0.15077454817162717 7.643984440763862e-05 0.45399355088649396 0.39515546109747124
0.6919147835529168 0.2248588370130966 0.06348965828124564 0.019736721152740944
0.002100500892840307 0.4340186366158837 0.14262690310927595 0.42125395938200005
0.284143272181518 0.43167546344054786 0.0448890373721077 0.23929222700582642
0.3302114813466831 0.40839511552212315 0.15899181110620297 0.10240159202499077
0.11546953773860269 0.022059537677977414 0.48104648981247455 0.38142443477094534
0.7133604278844787 0.04739564178012745 0.09334680232673787 0.14589712800865595
0.16783576522150734 0.1161072798091265 0.1761972887623422 0.539859666207024
0.21740086975972195 0.05012093482235036 0.4591626447144631 0.2733155507034646
0.41035417857281875 0.1900150868093161 0.05238680781185423 0.3472439268060109
0.490032225049018 0.3688572461192209 0.028765966038964086 0.11234456279279703
0.4012964984806886 0.05309380913006101 0.3656940973151772 0.17991559507407318
0.3277415904125234 0.2627161731308332 0.20699507592462496 0.2025471605320185
0.24411249672277346 0.21653397159976284 0.006954722125579349 0.5323988095518843
0.17924647312516861 0.18586577371681678 0.33705204516212783 0.29783570799588677
0.04120749026614079 0.15355599226261585 0.6094148599163738 0.19582165755486958
0.17672956273072515 0.205549198326327 0.1288579554841306 0.48886328345881724
0.2465759340069429 0.2766267650040287 0.29282769107947526 0.18396960990955313
0.03510298901951303 0.034866430676747884 0.6054229712166098 0.32460760908712927
0.0745612011704414 0.36423047225416527 0.3404549558262473 0.22075337074914603
0.4617322192499923 0.1530313552507938 0.09758642817243823 0.28764999732677565
0.46279892782768084 0.2697685594805953 0.11095167049853072 0.15648084219319314
0.3633094554071753 0.1156960701893166 0.193923724380202 0.3270707500233061
0.16283091474667466 0.6091945857836385 0.01380266810756281 0.21417183136212403
0.22880153646288492 0.047330684392358546 0.6489903717668954 0.07487740737786108
0.139303583663965 0.22656440771139508 0.14596468765994874 0.4881673209646912
