26 40 4 119.6563460256451 239.31269205129018
3.7714145736247375 5.674523313747707 7.914678953841761 8.102986625537739 8.835058562282411 2.69129252459862 3.4255472105522644 5.465729268890751 7.652095724023396 2.754567924774765 2.617707220533208 5.84943632717638 3.544890441498798 7.848458825158888 3.4272364748135264 3.6416755838260464 9.66164960451497 9.21892893553999 6.113573608651983 5.369431186031763 6.883339335837266 5.8296645867643715 9.961650076603776 2.27784217493293 9.778074729163539 6.576017266023768 7.4843758693447695 3.655572142380146 6.401187690130746 7.7557192485207915 6.772295571764386 9.309695135662386 8.998572172624325 6.802042172650315 3.660781690556169 7.143343415489678 3.4929754118045437 2.137869583168579 6.129255439941813 4.681535448306217
0.7542829147249475 1.1349046627495414 1.5829357907683521 1.6205973251075476 1.7670117124564821 0.5382585049197239 0.6851094421104529 1.0931458537781502 1.530419144804679 0.550913584954953 0.5235414441066416 1.169887265435276 0.7089780882997596 1.5696917650317777 0.6854472949627053 0.7283351167652092 1.932329920902994 1.8437857871079981 1.2227147217303966 1.0738862372063527 1.3766678671674533 1.1659329173528743 1.9923300153207553 0.455568434986586 1.9556149458327077 1.3152034532047536 1.4968751738689539 0.7311144284760293 1.280237538026149 1.5511438497041583 1.3544591143528772 1.8619390271324772 1.799714434524865 1.3604084345300629 0.7321563381112338 1.4286686830979356 0.6985950823609087 0.4275739166337158 1.2258510879883626 0.9363070896612434
0.09671889716483129 0.46368625012020526 0.4132166239765648 0.02637822873839868
0.2396154296911409 0.6439404504515457 0.08511060827291095 0.03133351158440245
0.18629732131295906 0.0003119263894998392 0.76628797821017 0.04710277408737107
0.08144908788369443 0.02674622184113995 0.025663828039078296 0.8661408622360873
0.33681723855337 0.6151010632835701 0.038551624267627815 0.009530073895432145
0.36471964755866804 0.41773152510444245 0.20295460990899927 0.014594217427890244
0.2714507069953772 0.006401565866658854 0.36232147034743745 0.3598262567905265
0.4097813642084164 0.2908154501819188 0.16275656352370105 0.1366466220859638
0.06674945786468267 0.5454950509552835 0.13305328756104529 0.25470220361898854
0.10370929014777408 0.27855276290106656 0.5312631682427594 0.08647477870839992
0.275627412613637 0.08905480234275298 0.1908498699258846 0.44446791511772543
0.08527820827265054 0.14183806049137726 0.035424503767273574 0.7374592274686986
0.6951027913184173 0.11191635623621798 0.05032245767640231 0.14265839476896236
0.5539161096852093 0.019652136758963268 0.015619384478083642 0.41081236907774377
0.058418338736477504 0.055033745192717864 0.8746265540150383 0.011921362055766327
0.4855905856374748 0.0746105866496638 0.2402649889511731 0.1995338387616883
0.07040963791060295 0.17265033140902397 0.02210349764113273 0.7348365330392403
0.37012974102771345 0.4328238266008374 0.06555024697698808 0.13149618539446106
0.05315249970252589 0.16277213127949341 0.07684429923709779 0.7072310697808829
0.18079532374809626 0.6791578022742116 0.03364189754501745 0.10640497643267466
0.4993762741751385 0.397095940381065 0.006534467285291279 0.0969933181585052
0.4698033808371014 0.13508568721335046 0.06458171297548188 0.3305292189740663
0.40620396062325914 0.3554462774761279 0.22389204309119026 0.014457718809422704
0.30440174022842126 0.023780622724721034 0.0910104391628469 0.5808071978840108
0.14564488059067515 0.13171969018858098 0.6252445775200375 0.09739085170070638
0.11756727849874493 0.0016129228342214308 0.08133737545508823 0.7994824232119454
0.10014906120750511 0.04904404645176019 0.3114803952351147 0.53932649710562
0.07339122040597457 0.09737502371218743 0.3802566476886212 0.4489771081932168
0.283548137709959 0.04767748243003478 0.26212627211057316 0.40664810774943305
0.38512185350142825 0.39682565626212607 0.14584627520774052 0.07220621502870517
0.00945339630568276 0.6513646449386934 0.20991330075852543 0.1292686579970984
0.29887959455137214 0.48360981050938723 0.12367855835388863 0.093832036585352
0.506041865537064 0.02282268706887358 0.20384769882850018 0.26728774856556226
0.31094675853066167 0.30899083099613334 0.008677303531593572 0.3713851069416114
0.2248670330846605 0.12500290512158896 0.27960456248751264 0.3705254993062379
0.47268418758241904 0.30683775943180513 0.01816446301494179 0.20231358997083404
0.17373449801095397 0.2336308901747799 0.5000259604896378 0.09260865132462837
0.07182538841541986 0.5643736690860274 0.22370018841040828 0.14010075408814449
0.028804658170423658 0.22799956106340857 0.0695900198336159 0.6736057609325519
0.9194227280031276 0.008430522276240193 0.05545084716841109 0.016695902552221087
0.3543428731361091 0.500000547162058 0.06762270724569519 0.07803387245613769
0.05095638493065513 0.05285836536268651 0.666159936415317 0.23002531329134135
0.5120469382571524 0.24067332730175983 0.037861758464723616 0.20941797597636413
0.1986245132408213 0.3246152610462043 0.10948545130449161 0.3672747744084828
0.5083079395724364 0.018051893426836996 0.1069039163626333 0.36673625063809334
0.03879476767733292 0.31327753997202423 0.6236527871991899 0.02427490515145292
0.31372806595000235 0.17316973196098417 0.4590121811515996 0.054090020937413885
0.26775209091489005 0.18615746450768522 0.0074217694669294065 0.5386686751104953
0.01343251361449116 0.04808388525028351 0.2348743185330403 0.703609282602185
0.2570282767196166 0.4225919705408656 0.1542366981959583 0.1661430545435595
0.005044305171323482 0.28743393852429244 0.4769857667166031 0.230535989587781
0.18765982074701926 0.3262924599169451 0.13109421990886427 0.35495349942717136
0.4377752881819109 0.43990746819600557 0.022868793631415807 0.09944844999066771
0.6209031775212696 0.11535641509254835 0.04899109106315547 0.21474931632302663
0.1328640222180001 0.4266728602755173 0.14206557054202362 0.29839754696445897
0.06030629779692065 0.03552042184928317 0.33401710465542567 0.5701561756983705
0.08612453271754317 0.40661542105048054 0.44588966044800094 0.061370385783975356
0.14501094055062158 0.04390681237405403 0.10398649063432275 0.7070957564410016
0.17409627024575736 0.39463582757112736 0.39897316814466877 0.032294734038446515
0.08279114714619884 0.8523621631148812 0.007427115434983422 0.057419574303936516
0.10653309772623099 0.7032243677636756 0.1869505121306797 0.0032920223794137282
0.34019559043920056 0.08654378662701823 0.5352223882699945 0.03803823466378675
0.40500390516965146 0.24018339437670988 0.2060637674700806 0.14874893298355807
0.17990150104605152 0.09646954257199447 0.6284592523955367 0.09516970398641733
0.09720666426833735 0.3652877938083803 0.13239145883743786 0.4051140830858445
0.13254191010062122 0.445416697201377 0.17532923765300001 0.24671215504500177
0.006035351707172398 0.5095887468014989 0.2729110047245352 0.21146489676679348
0.3845010768349594 0.263151189888278 0.24698029906238061 0.105367434214382
0.005661317413282685 0.1403481973477826 0.6478039168291657 0.206186568409769
0.215270815637714 0.012482338456533904 0.5098128452843009 0.26243400062145117
0.2973013198998874 0.09475152527617059 0.4268908618875725 0.1810562929363695
0.8520756139266875 0.019637949429712198 0.12037962160831706 0.007906815035283232
0.04218835425117573 0.034545932431971016 0.10323039075015605 0.8200353225666972
0.3402325768034786 0.4241270816864775 0.03763780528610716 0.1980025362239367
0.019703076308489442 0.49081642561109495 0.41686068326184655 0.07261981481856905
0.11586820234533202 0.006609938365889634 0.6039192937227349 0.27360256556604345
0.052621971602350937 0.42119769419163433 0.30915014880098746 0.21703018540502728
0.2358629574349117 0.26535417107959636 0.15201029779568043 0.3467725736898115
0.3596485410845096 0.25221766009975133 0.2677294393465357 0.12040435946920336
0.44986262084373485 0.20271902314008527 0.2874095495324668 0.060008806483713095
