42 100 4 261.5813345201942 523.1626690403884
4.370861069626263 9.556428757689245 7.587945476302646 6.387926357773329 2.4041677639819286 2.403950683025824 1.5227525095137953 8.795585311974417 6.41003510568888 7.372653200164409 1.185260448662222 9.72918866945795 8.491983767203795 2.9110519961044856 2.636424704863906 2.650640588680904 3.7381801866358395 5.72280788469014 4.887505167779041 3.6210622617823773 6.506676052501415 2.2554447458683766 3.629301836816963 4.297256589643226 5.104629857953324 8.066583652537123 2.7970640394252375 5.628109945722504 6.331731119758382 1.4180537144799796 6.467903667112945 2.5347171131856236 1.5854643368675156 9.539969835279999 9.690688297671034 8.275576133048151 3.741523922560336 1.8790490260574548 7.158097238609412 4.961372443656412 2.0983441136030097 5.456592191001432 1.3094966900369656 9.18388361870904 3.3290198344001523 6.962700559185838 3.8053996848046987 5.680612190600297 5.920392514089517 2.6636900997297435 9.726261649881026 7.976195410250031 9.455490474077703 9.053446153848839 6.381099809299767 9.296868115208051 1.7964325184672756 2.763845761772307 1.4070456001948426 3.927972976869379 4.498095607205338 3.442141285965063 8.458637582367365 4.210779940242304 3.5284105871864266 5.884264748424236 2.2683180247728636 8.219772826786357 1.6709557931179373 9.881982429404655 7.9502029236699165 2.7884411338075514 1.0496990541124216 8.339152856093508 7.361716094628554 7.561064512368886 7.941433120173512 1.6664018656068134 4.226191556898454 2.0428215357261674 8.767930832880342 6.609683141448022 3.9780822236738427 1.5720251525742128 3.79884089544096 3.9266498982407234 7.566455605042576 6.738017242196918 8.98491468318694 5.249934326457543 2.0763482134447155 7.419203085006955 7.847065437552077 6.051494778125466 7.938704619591049 5.444160367279517 5.704595464437946 4.847869165226946 1.2287721406968566 1.97102284293974
0.8741722139252526 1.911285751537849 1.517589095260529 1.2775852715546658 0.48083355279638573 0.4807901366051648 0.30455050190275906 1.7591170623948833 1.2820070211377759 1.474530640032882 0.2370520897324444 1.9458377338915898 1.698396753440759 0.5822103992208971 0.5272849409727811 0.5301281177361808 0.7476360373271679 1.144561576938028 0.9775010335558083 0.7242124523564755 1.3013352105002831 0.4510889491736753 0.7258603673633927 0.8594513179286452 1.0209259715906647 1.6133167305074245 0.5594128078850475 1.1256219891445007 1.2663462239516765 0.2836107428959959 1.293580733422589 0.5069434226371248 0.3170928673735031 1.9079939670559998 1.9381376595342068 1.6551152266096303 0.7483047845120672 0.375809805211491 1.4316194477218824 0.9922744887312824 0.4196688227206019 1.0913184382002865 0.2618993380073931 1.8367767237418078 0.6658039668800304 1.3925401118371676 0.7610799369609398 1.1361224381200594 1.1840785028179035 0.5327380199459487 1.9452523299762052 1.5952390820500062 1.8910980948155405 1.8106892307697677 1.2762199618599532 1.8593736230416102 0.3592865036934551 0.5527691523544613 0.2814091200389685 0.7855945953738759 0.8996191214410676 0.6884282571930126 1.6917275164734729 0.8421559880484608 0.7056821174372854 1.1768529496848472 0.4536636049545727 1.6439545653572716 0.33419115862358745 1.9763964858809309 1.5900405847339834 0.5576882267615103 0.2099398108224843 1.6678305712187016 1.4723432189257109 1.5122129024737772 1.5882866240347024 0.33328037312136266 0.8452383113796907 0.4085643071452335 1.7535861665760684 1.3219366282896043 0.7956164447347686 0.3144050305148426 0.7597681790881919 0.7853299796481447 1.5132911210085154 1.3476034484393835 1.796982936637388 1.0499868652915088 0.4152696426889431 1.483840617001391 1.5694130875104153 1.2102989556250932 1.5877409239182099 1.0888320734559034 1.1409190928875892 0.9695738330453892 0.24575442813937132 0.394204568587948
0.03142918568673425 0.2829267953895924 0.5932104928497663 0.09243352607390698
0.22879816549162246 0.06095328742214556 0.1206314701218617 0.5896170769643703
0.6334037565104235 0.170268320388691 0.1260255754434586 0.07030234765742693
0.3180034749718639 0.48943668019219866 0.08511884332591524 0.10744100151002223
0.006952130531190703 0.22098303201075098 0.5900796033805514 0.18198523407750689
0.1198653673336828 0.2975456358150962 0.5254987007637402 0.05709029608748084
0.363629602379294 0.15516101936407212 0.44365667319874513 0.03755270505788877
0.2848404943774676 0.21240801151491784 0.1123158280875114 0.39043566602010316
0.05147875124998935 0.09341612084123374 0.7633710138754306 0.0917341140333463
0.23763754399239967 0.4344980034134789 0.31351490670472215 0.014349545889399296
0.0902897700544083 0.2774933626648449 0.2657465780416415 0.3664702892391053
0.040775141554763916 0.2800049234169719 0.3567842968705466 0.3224356381577176
0.512093058299281 0.13307973211016888 0.04576494769301609 0.30906226189753405
0.3410663510502585 0.5836272672283043 0.012036370458171741 0.06327001126326548
0.2579416277151556 0.2717089506408509 0.28757162184520935 0.18277779979878417
0.09310276780589921 0.24592702324280147 0.5613882661146298 0.09958194283666955
0.6420316461542878 0.08392403271595161 0.16113074539487793 0.1129135757348827
0.1014715428660321 0.06015717122858166 0.44480034556497616 0.39357094034041007
0.005061583846218687 0.5436722055203674 0.10322747013601441 0.34803874049739947
0.3253996981592677 0.32423320088794694 0.0625463223003212 0.28782077865246414
0.09367476782809248 0.17152759985363297 0.3924105246186179 0.34238710769965663
0.7948113035416484 0.09723525163546487 0.08096399957533229 0.026989445247554422
0.1952429877980445 0.0855293746428113 0.2961315221855033 0.4230961153736409
0.6454722959071678 0.2693920943132807 0.025594194132465775 0.059541415647085705
0.015456616528867428 0.4127275317884469 0.5354358287719385 0.036380022910747156
0.1694927466860925 0.1249561453834932 0.5566877794472712 0.1488633284831431
0.570061170089365 0.044946056609804774 0.3211475474616112 0.06384522583921903
0.14008401523652403 0.556931725758744 0.18035733093268747 0.12262692807204456
0.35949115121975517 0.44987000425875845 0.05771116310159008 0.1329276814198963
0.5113423988609378 0.19062447839676555 0.0963283017090718 0.20170482103322485
0.375582952639944 0.20269718835622996 0.3117252008213923 0.1099946581824337
0.03050024993904943 0.256041002189235 0.17905676600417575 0.5344019818675398
0.12706051265188478 0.6429330404467261 0.052607007561047414 0.17739943934034175
0.0516817211686077 0.4889534004414988 0.08225535420889374 0.37710952418099974
0.5163003483011953 0.20979098542146624 0.06909486104604212 0.20481380523129633
0.02535074341545751 0.4136206772901786 0.3970086998065697 0.16401987948779417
0.15643704267108605 0.25251590174318383 0.1402737202918506 0.45077333529387953
0.5543540525114007 0.10584332420633058 0.29466790394546283 0.045134719336805906
0.014393488629755868 0.3415791900215057 0.06362738377652832 0.5803999375722101
0.04600264202175275 0.42817118706557245 0.381286754923682 0.14453941598899278
0.17320186991001518 0.22530286448735826 0.09311114071945892 0.5083841248831676
0.3746126146264712 0.12852364395361648 0.1319573922875561 0.3649063491323562
0.026511310541621813 0.04405743685880803 0.5881248842185152 0.341306368381055
0.3881699262065219 0.07008296428499472 0.48197735093344096 0.05976975857504241
0.19579113478929644 0.7456736739872287 0.01972575504738905 0.03880943617608579
0.07118864846022899 0.02325431229569941 0.006335040621498256 0.8992219986225733
0.11816482762165625 0.6963036549672795 0.03040682838051878 0.15512468903054544
0.2820345725713065 0.3469082742085775 0.10612819702400178 0.26492895619611423
0.37201808579278317 0.37859666584807516 0.23989039035981496 0.0094948579993267
0.34080354025301784 0.4100675275384795 0.10754168405151443 0.1415872481569882
0.10312386883593261 0.21692573219467914 0.1852027714172454 0.49474762755214285
0.31931363759041487 0.06988804114374825 0.5161802976851005 0.09461802358073634
0.29321077169806453 0.33862644047173474 0.31876993476775684 0.0493928530624439
0.09120610304869037 0.581312353028348 0.11906058764881011 0.20842095627415147
0.057558760016644284 0.2933562525354344 0.09061548882129833 0.558469498626623
0.08410680611499743 0.05888487593783842 0.4752263812634252 0.38178193668373894
0.07276300636419353 0.01207470772099839 0.6214045130713043 0.2937577728435038
0.3742707957561203 0.43852877150138225 0.17320149656536832 0.013998936177129107
0.37625958553091576 0.04796242371606052 0.3529249066804605 0.2228530840725632
0.011353644767419069 0.04494963091441828 0.05489420662431399 0.8888025176938487
0.11752624677710488 0.6285186324883184 0.21612766920911863 0.03782745152545808
0.012154474689816341 0.2114413638296363 0.062116247762408094 0.7142879137181393
0.04315991195057611 0.03063665278482275 0.453904544350901 0.47229889091370014
0.45454106476777323 0.1748575733674893 0.3399038974838364 0.03069746438090104
0.04544638034145787 0.5388679315816424 0.3660971721534585 0.04958851592344127
0.2773811829811327 0.17827556980458026 0.008041652154269219 0.5363015950600178
0.5836561118508721 0.11450560216887307 0.27623309364642135 0.025605192333833515
0.30952761628632774 0.37520355626755153 0.2261960119399632 0.08907281550615753
0.6134151959357899 0.3193132874182234 0.017071429937910776 0.050200086708075964
0.04521867010618941 0.3312446967718602 0.6108127624368949 0.012723870685055538
0.5941307153521351 0.24419798935900272 0.13158569310346535 0.030085602185396798
0.056375496650927115 0.35844400568673807 0.3980815067924124 0.18709899086992243
0.7689874151805105 0.08065997549690096 0.14698944639649392 0.0033631629260946205
0.22864280550346272 0.2219013298066308 0.5035068919486289 0.04594897274127763
0.11355759219962902 0.4067501087041643 0.09782053955410253 0.38187175954210417
0.5201635011119934 0.031743337662492155 0.3247467638838595 0.12334639734165498
0.13401522845064073 0.5700645396485828 0.05105748757439543 0.244862744326381
0.13637147558676976 0.2142160832198272 0.04165648629313534 0.6077559549002677
0.39654278232127016 0.11744670683854064 0.3901692053339376 0.09584130550625158
0.14707348092903794 0.34504281215050026 0.370247415667207 0.13763629125325483
0.4591357562382613 0.03348233775460829 0.14078276032385617 0.36659914568327423
0.07586332810866392 0.05218251084910852 0.010781333691637696 0.8611728273505899
0.18188008439914483 0.48567765412188235 0.22923067138498465 0.10321159009398817
0.16893506307216455 0.008075421204582267 0.01527853453192396 0.8077109811913292
0.12063587110060081 0.0856978473051917 0.29708355244906437 0.4965827291451431
0.039312139841098936 0.5885882496498088 0.24567823461586946 0.12642137589322278
0.06107795985486375 0.12344305950151357 0.621680260436684 0.19379872020693867
0.370472102791382 0.09206261334176591 0.15572005539714806 0.38174522846970405
0.0366832028905979 0.4749942392250682 0.20167214376888631 0.28665041411544756
0.10717201133977605 0.1620712196096049 0.2633740355056422 0.46738273354497684
0.02007119777772637 0.09969093404152485 0.09168587517729343 0.7885519930034554
0.08692028808742369 0.506672165466625 0.19557878505328963 0.2108287613926617
0.28377590579872447 0.14788364043095492 0.15518157179119973 0.4131588819791209
0.35609672589784624 0.2496780934590409 0.04014242197471407 0.3540827586683988
0.10178247262040374 0.08478455143090202 0.05939070433320237 0.7540422716154919
0.08023374566164221 0.09313984963311261 0.2370232316949067 0.5896031730103385
0.11203890216805235 0.7050331687812276 0.15239836232608894 0.03052956672463114
0.17088758739006582 0.40072510207983403 0.35776329965768594 0.07062401087241421
0.3236792364042437 0.18393114228021135 0.2618825545074819 0.2305070668080631
0.11483682473920354 0.039525890534998775 0.13426783796605346 0.7113694467597442
0.24929222914887494 0.2592784620158278 0.12783972009907763 0.3635895887362196
0.07697990982879299 0.08424137742521143 0.5943298512890443 0.24444886145695133
0.18657005888603584 0.6215503206783811 0.06334021062330075 0.1285394098122823
0.11005192452767676 0.42929031738797396 0.3567490580078425 0.10390870007650677
0.4271077886262563 0.08363951395130942 0.3499832806787777 0.13926941674365656
0.22210781047073025 0.10109512155002498 0.014412239382872727 0.662384828596372
0.25178229582536416 0.4512366630698137 0.2687631238257828 0.02821791727903933
0.036886947354532795 0.26399136246223687 0.20180071341209183 0.4973209767711385
0.23956189066697242 0.039084573569639014 0.21080629604095158 0.510547239722437
0.2420552715115004 0.48616107710035916 0.033403266716858004 0.23838038467128242
0.5357746840747585 0.096531146518821 0.2029966649956585 0.16469750441076203
0.016587828927856152 0.16993068147199808 0.4043744327883876 0.4091070568117582
0.17436642900499144 0.05212934619294651 0.16023957110259945 0.6132646536994626
0.11347352124058907 0.02404742290540418 0.7398184092349878 0.12266064661901899
0.24185229090045168 0.31334852069901065 0.10478323443471671 0.34001595396582096
0.3492095746126609 0.28389188266060705 0.2641143006800588 0.10278424204667325
0.08413996499504883 0.695735580862575 0.11723471409495323 0.1028897400474229
0.009197051616629648 0.6543047174914262 0.23505241941902344 0.10144581147292075
0.16080805141749865 0.06346125804306113 0.46762588823213347 0.30810480230730675
0.23724908749680007 0.5092423176212241 0.10273200537615379 0.15077658950582207
0.24398964337908358 0.12372615968034995 0.2005928002760381 0.4316913966645284
0.3930977246667604 0.1095393684384317 0.12850153289207078 0.3688613740027371
0.02431596643145384 0.46820172738741006 0.22993442144264142 0.2775478847384947
0.17711067940704894 0.19304802084839545 0.583769876747143 0.046071422997412625
0.8530094554673601 0.07530910712036532 0.038336256455944184 0.033345180956330434
0.31692200515627766 0.0681757234456476 0.1717035338564249 0.44319873754164985
0.09717649377076854 0.5988533029042045 0.2940240534292903 0.009946149895736722
0.5183296523637367 0.18415443162337253 0.038284533767095175 0.25923138224579556
0.29359184426449336 0.5165215504146874 0.10312715787729054 0.0867594474435287
0.5015162946871996 0.14844763609056555 0.1458287386583359 0.20420733056389895
0.035942273796742086 0.058039666044126914 0.2440132170106668 0.6620048431484642
0.03734818874921442 0.5052964459583622 0.04818862586143413 0.40916673943098925
0.21582102749684318 0.14436961391441971 0.16205261864354148 0.47775673994519563
0.085347464993768 0.44600716657438 0.10607526993005856 0.36257009850179345
0.2708322512620742 0.052124221679171745 0.6528956065212886 0.024147920537465395
0.07845638134226596 0.617517824751432 0.2666742085842271 0.03735158532207494
0.17329432007084578 0.07694857809374955 0.464353024535467 0.28540407729993766
0.27993389694594284 0.3317868492884094 0.12617617046141627 0.2621030833042315
0.11607264050691624 0.13165834899424123 0.5101151209632117 0.24215388953563088
0.040728802318970136 0.05710535833203134 0.6058236987290222 0.2963421406199763
0.43385164923797304 0.039620121542592646 0.14237832727165078 0.38414990194778353
0.04530400977204452 0.5805559059421919 0.2306299254740859 0.14351015881167772
0.1629344270814297 0.4228411541920336 0.05664369693285232 0.3575807217936844
0.5456167893159349 0.02985738855994402 0.06781404056647422 0.3567117815576468
0.06936130087516545 0.3167413369256088 0.5192480041552895 0.09464935804393626
0.018221825651549728 0.3007538046422116 0.36403114312259555 0.31699322658364315
0.023271935735825866 0.25858283903757406 0.4148823905907507 0.30326283463584935
0.17743954377972282 0.6260413866051258 0.07399108314220437 0.12252798647294705
0.4126176769114265 0.36379528383057036 0.030421778525267174 0.193165260732736
0.42899402737501835 0.325548846709664 0.17621445151888238 0.06924267439643528
0.8264574661077416 0.06906576238845885 0.007029678183366195 0.09744709332043333
0.01083765148029836 0.0804490253058352 0.8587752902646714 0.04993803294919508
0.32866454536991596 0.11978097660840381 0.12499236614496634 0.4265621118767139
0.49442030470258147 0.25795422473509855 0.03724361335687387 0.2103818572054461
0.11706701642760586 0.43246186589612967 0.33817530043456423 0.11229581724170024
0.10112267612279024 0.5998464553363297 0.060541500258352254 0.23848936828252776
0.08134878064189976 0.7405112786484565 0.16477951921081924 0.013360421498824548
0.3706421470668909 0.3827360381920507 0.19387039212491708 0.0527514226161413
0.08350071669866876 0.4749035330371363 0.34795013535893093 0.09364561490526402
0.11881791626807192 0.34984272572605435 0.02396446229673288 0.5073748957091408
0.37487057952370406 0.20849818557345556 0.06584153701890394 0.35078969788393644
0.8685991281894603 0.09462341125115104 0.006656287267027716 0.03012117329236097
0.5538542844013208 0.3372888292967503 0.10182168242122924 0.00703520388069967
0.5230978441701488 0.10446023591391462 0.06819060890055373 0.30425131101538283
0.2809631895922303 0.609300594298686 0.010894226600072665 0.09884198950901102
0.1881211597237613 0.1652310683022915 0.2667803697754839 0.37986740219846327
0.07773463696498484 0.45836172937913555 0.4501143781354825 0.013789255520397115
0.1626169393448913 0.6511780803620574 0.008742223216220313 0.177462757076831
0.4182430362906189 0.3074764720977411 0.1403443811120484 0.13393611049959164
0.026366974497252005 0.12404991660627618 0.6601364396783047 0.1894466692181671
0.3808908566310215 0.08780230316394877 0.3734257633407384 0.15788107686429131
0.27340707193070624 0.591315304324347 0.13499529703107738 0.00028232671386940744
0.24734810174319766 0.3080836038594298 0.3893340242798006 0.05523427011757198
0.12915941515149498 0.47701521929938506 0.06552604995497668 0.32829931559414327
0.3581627180328405 0.3134104775599591 0.10074519614283972 0.22768160826436068
0.40348286621239704 0.15745510532298923 0.29124352878315385 0.14781849968145988
0.028782676313338973 0.18418148519557176 0.40734538984455393 0.37969044864653534
0.014544665667881929 0.42293025635584713 0.15244276483090402 0.4100823131453669
0.34825546702330035 0.27383123320457314 0.16156631251326958 0.21634698725885693
0.25824438829895835 0.668343236862536 0.022932998496147716 0.050479376342357885
0.24014561877819307 0.08860599150931514 0.6512809649979688 0.019967424714522952
0.12887972191064923 0.023022971601645126 0.48897205129092025 0.3591252551967854
0.17231987120162984 0.17334741212223337 0.12829435693900915 0.5260383597371276
0.04086861626647886 0.04783391749057675 0.189887805274903 0.7214096609680414
0.36426986104807546 0.09650890698465031 0.22961606059663953 0.3096051713706347
0.08175903194887191 0.7176513669601707 0.12146200162277054 0.07912759946818682
0.2093493233367103 0.06752832481049342 0.47138204223645463 0.25174030961634164
0.3689136395697724 0.11560934562124892 0.2629479529427352 0.25252906186624346
0.25243694434402075 0.2796765409212949 0.3630933524218837 0.10479316231280067
0.24247050363472966 0.134813659469893 0.070128203718832 0.5525876331765454
0.3220791655831783 0.005418186594736363 0.5630299285619803 0.10947271926010504
0.4984421989290573 0.0386643428894905 0.14199577732594182 0.3208976808555104
0.12758030279556376 0.23550199360307134 0.3823571777856949 0.25456052581567
0.23722679173599448 0.3335515129329174 0.4157369441240678 0.013484751207020307
0.15285913918433203 0.007822234075223644 0.12441379543429143 0.7149048313061529
0.5245113895702547 0.3722540350561705 0.08561319228218123 0.017621383091393605
0.25790282704493983 0.1399527720008018 0.46765152684823863 0.13449287410601973
0.2799790936602842 0.2767837993536456 0.1118803269105012 0.331356780075569
0.18704374855752337 0.055365983857556866 0.18302670620133654 0.5745635613835832
0.4811401018548175 0.1000981195677948 0.029381821019020316 0.3893799575583674
