49 100 4 298.95920261934646 597.9184052386929
3.708680102703231 3.22355648765633 9.33701621553258 9.024430944499876 7.149490839774883 6.101961935497051 5.922692922187285 2.8938145238808923 7.927790213668922 9.06607090861276 7.494854109093744 5.489023149174392 4.979915046047748 8.221874750239827 8.603481751659277 3.0622438397145513 9.659507872638244 1.5302650199110626 3.608540978507126 3.809477278998704 7.317156407688956 7.36847975066368 9.487258899541516 6.457448501573289 4.197045608438943 4.7871931137774615 9.158496158329376 3.2673610224994807 3.726283948240868 1.6844286550898022 3.26343734445413 9.195720314211242 8.592789981031096 6.734749944521123 9.910964270529963 9.459275822598759 8.694440574352289 9.290309556326667 6.991810453305165 4.537498465045416 6.2449670532785415 4.39670717765962 5.323166101767154 4.252940521962162 2.49946718483242 9.054471835819099 5.887591607082982 8.409711161454272 6.110522516531395 1.0600432674334175 6.650392442548262 7.917534341982666 3.8788282046112053 1.2471324102004175 1.8170623495033489 3.3023197537228723 6.55459054110333 8.481040611811899 1.0915080959674963 7.165950027828501 2.233644171909865 9.357840229708682 6.595861682724367 9.906676408444705 3.4420529220482203 6.348745137200176 5.704812617934917 7.608890039151299 6.6495141958125075 6.4062059615668225 9.729098653701227 6.488233174386452 6.991378144662848 7.8531106554565 1.5920573989856859 8.8787384673039 7.401848895199396 9.098668538994477 5.7726200288340594 1.047672581471619 8.238853685273869 6.097188837723326 9.327218926251568 2.156691243818724 3.26484822459017 7.676381009658362 1.6474389099767461 6.994080309835834 3.2876779017597917 5.087200477951236 5.5821674481758015 9.486915386045778 5.996508167487662 9.071354025961977 6.97723391398482 5.411278164620034 6.460053750946666 1.1001113772246596 4.429970653995655 4.234778028593814
0.7417360205406462 0.644711297531266 1.8674032431065162 1.8048861888999752 1.4298981679549765 1.2203923870994102 1.184538584437457 0.5787629047761784 1.5855580427337843 1.813214181722552 1.4989708218187487 1.0978046298348785 0.9959830092095496 1.6443749500479654 1.7206963503318555 0.6124487679429103 1.9319015745276489 0.3060530039822125 0.7217081957014252 0.7618954557997408 1.4634312815377912 1.473695950132736 1.897451779908303 1.2914897003146577 0.8394091216877886 0.9574386227554923 1.8316992316658751 0.6534722044998962 0.7452567896481737 0.33688573101796043 0.652687468890826 1.8391440628422484 1.7185579962062192 1.3469499889042247 1.9821928541059926 1.8918551645197517 1.7388881148704578 1.8580619112653334 1.398362090661033 0.9074996930090832 1.2489934106557083 0.8793414355319239 1.0646332203534308 0.8505881043924324 0.49989343696648403 1.8108943671638198 1.1775183214165963 1.6819422322908544 1.222104503306279 0.2120086534866835 1.3300784885096524 1.5835068683965332 0.7757656409222411 0.2494264820400835 0.3634124699006698 0.6604639507445744 1.310918108220666 1.6962081223623797 0.21830161919349927 1.4331900055657 0.446728834381973 1.8715680459417363 1.3191723365448733 1.981335281688941 0.6884105844096441 1.2697490274400351 1.1409625235869834 1.5217780078302598 1.3299028391625014 1.2812411923133644 1.9458197307402454 1.2976466348772904 1.3982756289325695 1.5706221310913 0.3184114797971372 1.77574769346078 1.480369779039879 1.8197337077988955 1.1545240057668118 0.2095345162943238 1.6477707370547736 1.2194377675446653 1.8654437852503136 0.43133824876374477 0.652969644918034 1.5352762019316724 0.3294877819953492 1.3988160619671668 0.6575355803519584 1.0174400955902472 1.1164334896351602 1.8973830772091556 1.1993016334975324 1.8142708051923955 1.395446782796964 1.082255632924007 1.2920107501893332 0.22002227544493191 0.885994130799131 0.8469556057187628
0.3830690542567843 0.3139546922596208 0.17412112465756868 0.12885512882602623
0.7738780137928112 0.08116015933212672 0.07522425683832701 0.06973757003673509
0.41314605215208156 0.15097053775871705 0.23304527166723588 0.20283813842196552
0.1880926464033087 0.12896316159060195 0.09326795711803049 0.5896762348880589
0.6314699416556802 0.10611381804395914 0.08818713591752558 0.17422910438283512
0.06395729182284304 0.2667499684625021 0.5453391862047704 0.12395355350988446
0.13940039999940712 0.1765512016502927 0.6322009238615681 0.05184747448873206
0.10271797888469802 0.24979325297005872 0.15469744277303432 0.49279132537220893
0.24868253352749203 0.19578908078223534 0.18323370422778285 0.3722946814624898
0.06978656598617894 0.0674917878977852 0.7892496239273651 0.07347202218867077
0.11871415636629334 0.12749142276481595 0.14761306683336484 0.6061813540355259
0.0006160894265474504 0.3147901290734696 0.3015415867561685 0.38305219474381447
0.028210346660352936 0.2830941323873206 0.07938492598288516 0.6093105949694413
0.42619905549151516 0.3355977516167128 0.13125877547371068 0.10694441741806138
0.25426820210444234 0.688278751205364 0.024367408531570156 0.03308563815862353
0.38086143688241314 0.16013261280243718 0.21856429662952337 0.2404416536856263
0.1576476042311461 0.05950965365676686 0.49253916264672615 0.2903035794653609
0.3780927796049236 0.11773468242980567 0.13039609968220067 0.37377643828307006
0.030021642517242597 0.059597435812311805 0.8963388414578668 0.0140420802125788
0.46065166532346247 0.1145462564369325 0.07260509622180444 0.3521969820178006
0.15896398084272112 0.13821519701663032 0.49067225161742234 0.21214857052322622
0.054682848020906505 0.02791038348624264 0.32060171613395316 0.5968050523588977
0.7064199144204867 0.03096991803504956 0.059678584843643745 0.20293158270082
0.09112352640781718 0.44511881884761717 0.44381027859855837 0.01994737614600728
0.5429618740643227 0.44478549871501993 0.0016438686629055566 0.010608758557751785
0.09546292139102708 0.0975611962864863 0.38716930877204647 0.41980657355044015
0.1413892817634066 0.12816596073590314 0.7146860869658315 0.0157586705348588
0.03681101689362998 0.5452486987692822 0.1551882621164159 0.26275202222067195
0.6847755037554354 0.07724701721683958 0.03849008632807216 0.19948739269965288
0.050411993165580204 0.12921893437527487 0.3123616015521492 0.5080074709069957
0.48605133254816213 0.23567968478753254 0.017245494887148438 0.2610234877771569
0.15068274532576897 0.45861664663456203 0.32604610042072035 0.06465450761894864
0.5694168453327739 0.33725819813074875 0.0510156931523007 0.04230926338417662
0.28271563863922544 0.1953863182947282 0.08950224702460097 0.4323957960414454
0.17763680667266457 0.23398229278501492 0.2975656066385928 0.29081529390372773
0.5937937739025413 0.22812162346765053 0.01978218020940381 0.15830242242040438
0.08850342451258697 0.5784261697781413 0.22434549153822414 0.10872491417104757
0.2850351929651058 0.394903490653959 0.21308499631069733 0.10697632007023783
0.06306648481135324 0.23354092030739992 0.41130786589576174 0.2920847289854851
0.4552934389924784 0.0518209640647912 0.3676805308915775 0.1252050660511529
0.08403729284896622 0.1507839284268233 0.17381672643872337 0.5913620522854871
0.189703416377886 0.07719215621437703 0.6220087748354142 0.11109565257232279
0.15325322249246232 0.03586783465795185 0.5064006493445043 0.3044782935050815
0.032756640822363736 0.14372218108332868 0.5811057634488953 0.24241541464541227
0.07190538995441353 0.08917371030016019 0.358405769078322 0.4805151306671043
0.000469613074623787 0.2616808045985858 0.08974559696906093 0.6481039853577295
0.12412637016248451 0.02888295052252876 0.6565902302188741 0.19040044909611265
0.43426586175811177 0.14364637596528318 0.31088883704247594 0.11119892523412911
0.15917896650975705 0.6655113377798929 0.1388009401583542 0.03650875555199584
0.0753067389403862 0.19634959491081594 0.15729217661926043 0.5710514895295374
0.10024743121763469 0.21956866109239914 0.439109914184327 0.24107399350563918
0.13036545737737315 0.6838696452238399 0.14491766798260997 0.04084722941617702
0.18572588830550307 0.7720615786147691 0.03588102889584377 0.0063315041838840624
0.7711350660882758 0.02942110429639999 0.022623034543341358 0.1768207950719829
0.6716860872325168 0.07894510541912103 0.053188655205654856 0.19618015214270734
0.08779894152909296 0.054106278401719665 0.6042618398846565 0.25383294018453084
0.17680913960121103 0.13728396077474114 0.42107705739433765 0.2648298422297102
0.3685083021113821 0.08532720346018052 0.43352346818654197 0.11264102624189543
0.2258986588960129 0.24237443528961078 0.44651906749088455 0.08520783832349177
0.32798405000229336 0.26958442091920665 0.29669682814178155 0.10573470093671844
0.35451330011761495 0.05009489305704695 0.08187019901819514 0.513521607807143
0.5139004099685701 0.016924866652925252 0.20246043446617512 0.2667142889123295
0.329343275089526 0.5255013949925094 0.08412119163956944 0.06103413827839521
0.0205708275702311 0.29358712356588856 0.6009153851092386 0.08492666375464175
0.23823466045140518 0.04355732909425847 0.4936916358295611 0.22451637462477525
0.3490742277540194 0.4843739532226564 0.05263848315457653 0.11391333586874763
0.6206737645375995 0.2055294476190488 0.12246048822828959 0.05133629961506214
0.22838184795433203 0.020262123842039736 0.24119726393372487 0.5101587642699034
0.05589071009251256 0.05315957114409331 0.1341604450631403 0.7567892737002538
0.03970492652721258 0.38800117632848363 0.019451386663562387 0.5528425104807414
0.27579864051546477 0.013916680954929594 0.0056998663881820955 0.7045848121414235
0.10836704499004668 0.11664307630494675 0.33584675933206887 0.4391431193729377
0.5492039298818399 0.18050577389033728 0.16514452726106132 0.10514576896676153
0.7257058801368758 0.09969579181737098 0.1312982906760608 0.04330003736969246
0.30741162698403934 0.2368294732503804 0.13063360885312092 0.32512529091245934
0.22683277601115925 0.13128911405453292 0.08018398239204605 0.5616941275422618
0.12272395345820741 0.5081774574652598 0.17132911859700495 0.19776947047952786
0.0050980607156717594 0.025837946736182893 0.22518925073913243 0.7438747418090129
0.39194138439082626 0.29847470424724076 0.2401801054548005 0.06940380590713247
0.3026381451131329 0.02394505673060987 0.26420331080751114 0.4092134873487461
0.07103119261582858 0.18717253660554045 0.11241599115850098 0.62938027962013
0.2810422972492379 0.6625289252329706 0.04995008970969195 0.00647868780809957
0.049113234173107756 0.26270676212263033 0.6184881705740893 0.06969183313017258
0.05554309566246862 0.2860871326670681 0.5725728931575442 0.08579687851291906
0.14136800274726258 0.24094413817141958 0.3722273580062634 0.24546050107505446
0.15781954199069204 0.1723144894789792 0.45680466830263755 0.2130613002276912
0.5372182763314008 0.2174820307187033 0.24274304597316043 0.0025566469767354105
0.0353139907891421 0.46264632354110724 0.1300726324382041 0.37196705323154655
0.14733698468558376 0.16751099392164226 0.22817928153710265 0.45697273985567133
0.1905665384284677 0.5924341016959912 0.08840906765769696 0.12859029221784413
0.34448852591017776 0.13422174095476036 0.27849266081745827 0.2427970723176036
0.40895454823630395 0.13084002329565392 0.28490008929164135 0.1753053391764008
0.06146166228510308 0.10313570541751305 0.5546922736548219 0.280710358642562
0.7362670448291103 0.053554552702539615 0.00014721598889355647 0.2100311864794565
0.298598688702995 0.3528886275917359 0.3113904159455667 0.0371222677597024
0.025196429324766845 0.4667735526659348 0.15159482773484845 0.3564351902744499
0.2632439727907462 0.09164015513698454 0.5369906849022461 0.10812518717002317
0.11299732905242033 0.34123445062144897 0.10415353752748446 0.44161468279864624
0.6778231678514358 0.12449667349682625 0.007493912789678703 0.19018624586205923
0.03241845141030242 0.3525550943700759 0.561348654378715 0.053677799840906704
0.38321636689883765 0.4269261556260415 0.025679728104011756 0.16417774937110907
0.3467030033281686 0.07690214624355274 0.13301075887586244 0.4433840915524162
0.05783073346172962 0.2434863969916573 0.04056278569887939 0.6581200838477337
0.18147236790930044 0.3400908445205463 0.4096736266410479 0.0687631609291054
0.1308376354613423 0.5068846042209293 0.1749746351772179 0.1873031251405105
0.17581150259009115 0.2694038740359238 0.12849710464985653 0.4262875187241285
0.026290163525186427 0.5283851025872954 0.10020847487043971 0.34511625901707843
0.25011677489589146 0.3185049833153528 0.03489192902026417 0.39648631276849156
0.21875533470884057 0.1330691717926854 0.6179120751494995 0.030263418348974502
0.06387840542833467 0.20513791068816134 0.33686287004530213 0.39412081383820186
0.10077720989994021 0.17375812027322424 0.6395367847117974 0.08592788511503813
0.13045664040954308 0.11956706352796176 0.4218413207437641 0.32813497531873104
0.6723469239890718 0.017548664796828706 0.30565671940834716 0.00444769180575233
0.6030400240294199 0.21350633416863285 0.0667435148766472 0.11671012692530003
0.06198115953504124 0.05005357410743727 0.47344954902568726 0.41451571733183423
0.046098667031925444 0.373571254367861 0.09806287438484462 0.48226720421536895
0.19729939064530866 0.5612309099005078 0.10234831553755663 0.13912138391662687
0.016623323554313507 0.3326631735443202 0.6066026183766687 0.04411088452469758
0.29771510303483617 0.024695849852827245 0.0499553233723784 0.6276337237399582
0.014775569933262123 0.5263796311879031 0.3269440857302749 0.1319007131485599
0.08181819727109185 0.22070133570654937 0.18801611899174475 0.509464348030614
0.43100646119755404 0.1802083098110494 0.0028695749228941914 0.38591565406850237
0.14246237916434024 0.05188445200880498 0.78950239765506 0.016150771171794753
0.22561520299422688 0.08023210070807407 0.17837038104322933 0.5157823152544697
0.2999309515178178 0.11827317300144846 0.12829656642260712 0.45349930905812663
0.6495248653572054 0.16400566133690375 0.0021469414217505367 0.18432253188414027
0.49855220382809684 0.16926535126003694 0.2662400304001651 0.06594241451170113
0.02298730131563531 0.5775134572519118 0.1153023334962191 0.28419690793623376
0.7096534374376456 0.014483020282244907 0.22596640014190128 0.04989714213820817
0.06700213576406633 0.09464766627124077 0.06405213389322151 0.7742980640714714
0.3327721230274512 0.1338027237529188 0.22134779660768 0.31207735661195
0.026594437699237528 0.45026060162436543 0.3522647471341003 0.17088021354229677
0.23651494469121603 0.1241987818296264 0.3659088239601592 0.27337744951899834
0.2031370246082781 0.2359184735898313 0.16209937949654063 0.39884512230534996
0.30004126893301 0.15454619133789016 0.04482381859940976 0.5005887211296901
0.4083389481904587 0.21785953696283444 0.05748880738058604 0.31631270746612083
0.024748833416998073 0.09986486797858862 0.40629306139620214 0.46909323720821117
0.5989234198814195 0.03882006966497864 0.029280676859221866 0.33297583359438
0.5943859808601537 0.04369999304785033 0.005745283581983673 0.3561687425100123
0.20871231466401285 0.4649760689465069 0.2093023195093543 0.11700929688012596
0.034017692529848986 0.12338037755805631 0.8181101807511997 0.024491749160895027
0.02372179424056664 0.4213897527366094 0.5537069859954845 0.0011814670273394556
0.19751728983635586 0.4595014979091735 0.2894020096213027 0.053579202633167955
0.6250395341749881 0.05371680790681488 0.1473785661689705 0.17386509174922649
0.01560922742673787 0.01733251741892794 0.8860681501339123 0.08099010502042192
0.5319802743334414 0.34179366311318493 0.11527850998301925 0.010947552570354402
0.11715127452401097 0.5901457502277527 0.15105805530377303 0.14164491994446327
0.3823630665194735 0.4635861277879567 0.0321896033987249 0.1218612022938449
0.7609666589354322 0.0021309852211000013 0.11887722965088454 0.11802512619258321
0.20408243378788882 0.0747912336454799 0.018181927215708882 0.7029444053509224
0.16399225612270096 0.05859758740711718 0.18619990408233777 0.5912102523878441
0.18822135709855192 0.32532159106917746 0.3419765860543361 0.1444804657779345
0.07207391811621855 0.5606284077417266 0.019106092223740156 0.3481915819183147
0.12867653078684138 0.5712474518305739 0.29112738052607723 0.008948636856507486
0.0407763298939281 0.12277777566221149 0.1627531768705338 0.6736927175733266
0.01992472632930342 0.10140868617253318 0.23046200187550892 0.6482045856226545
0.13503505375519154 0.17301692154937198 0.5148546453205881 0.17709337937484837
0.1309872644721367 0.3843487176969643 0.3563343920459696 0.12832962578492935
0.47389607083522634 0.478601267717342 0.019446772002771673 0.028055889444659976
0.5966537908373545 0.22785760204166594 0.08438551998226496 0.09110308713871462
0.31462214430170954 0.22169463195505046 0.31047308734866974 0.15321013639457026
0.0247003362810283 0.31182965273201335 0.4388335416238568 0.22463646936310155
0.0819020262959177 0.33686163466113195 0.43494616578351064 0.14629017325943972
0.04101573341832676 0.4726807465260019 0.3624939074490634 0.12380961260660794
0.04595961505501267 0.15745763344609276 0.7373684490202537 0.0592143024786409
0.7001404747883299 0.09152286397227083 0.17527162956206277 0.03306503167733654
0.2961285827431308 0.45472868526909926 0.1952549775533724 0.05388775443439753
0.4839246890201143 0.21986299750176097 0.141143204121842 0.1550691093562827
0.04369121282512611 0.22018662778212805 0.01550204234257968 0.7206201170501662
0.6314418308445162 0.042118291070386005 0.2703775754308859 0.05606230265421186
0.44792720303361666 0.15323653959109684 0.24620131276943036 0.15263494460585614
0.2842268783007743 0.1739572065200129 0.007634456614009855 0.5341814585652029
0.03975093356429371 0.013629601815694392 0.25284245363939284 0.6937770109806191
0.03544017906375607 0.008190034071647867 0.9038477587603468 0.05252202810424922
0.05806563073876725 0.03251230686019824 0.6977489649715471 0.21167309742948737
0.07658770254712577 0.14839931114532723 0.18439228215966896 0.590620704147878
0.006020326809246801 0.36588854723979447 0.4487283630192008 0.1793627629317579
0.6288811323429054 0.295777023217775 0.05168392351120299 0.023657920928116583
0.12434988406317327 0.0957338663348658 0.23417647240162143 0.5457397772003395
0.25259061111608583 0.03310921739333039 0.13055644768673724 0.5837437238038465
0.030598539883970766 0.0036435491749049476 0.7056838390299269 0.26007407191119736
0.6729319277316327 0.08467234380616662 0.050330920038697324 0.19206480842350337
0.20193470675157765 0.05049559023639805 0.11430313647761814 0.6332665665344062
0.47990093390252375 0.05894681284111669 0.25021167505517516 0.2109405782011844
0.03699133234765051 0.6832236177303441 0.03148728467238027 0.2482977652496251
0.2700823690456313 0.08535227555024483 0.32749566997962243 0.3170696854245014
0.20079952162677328 0.08453621159589697 0.40616312323943304 0.3085011435378967
0.22786131882479077 0.08594489564106 0.6470384220007696 0.03915536353337967
0.039561670800287496 0.7127921657797407 0.11544361372593415 0.13220254969403766
0.29061816447792255 0.4781448563757361 0.015381438909379597 0.21585554023696174
0.1591638342882553 0.42673406328992114 0.0045387736626857356 0.4095633287591378
0.035822454090839284 0.5927053421931706 0.25454747484864393 0.11692472886734617
0.09423444103517031 0.53818852276902 0.016607852439220028 0.3509691837565897
0.4902337445369983 0.024081896167459704 0.1636022177722689 0.3220821415232731
0.004050472745294242 0.656720421116088 0.3365697706760704 0.002659335462547374
0.14543049206691872 0.46517912789686733 0.18618147293067921 0.20320890710553474
0.10835309040604557 0.2349254553094018 0.12053038127104265 0.53619107301351
0.6683486392086028 0.09523229922618404 0.21727125757552546 0.01914780398968774
0.4494640744190712 0.40358971389559395 0.10696686563726376 0.039979346048071074
0.6702291547312218 0.05844631669887079 0.24661763034472706 0.02470689822518035
