59 10 4 25.59738328590474 51.19476657180948
9.316316040169827 2.4208352248131275 8.802235691342176 1.7574124677531238 6.162163155438649 3.537457901766215 3.3065250202900494 6.075823707624822 2.978410166368085 6.837587196243413
1.8632632080339655 0.4841670449626255 1.7604471382684352 0.3514824935506248 1.2324326310877298 0.707491580353243 0.6613050040580098 1.2151647415249642 0.595682033273617 1.3675174392486826
0.23392243045681227 0.16862092740853285 0.22520888454433763 0.37224775759031725
0.10471276733555313 0.009134768502949253 0.7243641528210647 0.16178831134043292
0.07637627854192286 0.18159370656350993 0.5500696900438061 0.1919603248507611
0.43424816287038914 0.05709933539798773 0.47041924487096165 0.03823325686066148
0.43912560398502476 0.09632550900634296 0.37764848319986 0.08690040380877229
0.1391296654495523 0.31406509211791656 0.18463375769233314 0.362171484740198
0.29411112497552927 0.320773720081838 0.14861334541814497 0.23650180952448774
0.2847275334476813 0.4156333861929903 0.222554949923777 0.0770841304355514
0.02037620259994588 0.022544187724623077 0.24010637827503245 0.7169732314003986
0.5938476572560318 0.30893350267717246 0.02728504519890862 0.06993379486788709
0.13433169652434507 0.27664271383695715 0.03918766164254006 0.5498379279961577
0.2860469866975395 0.028026436342412198 0.15891680615002013 0.5270097708100282
0.3353296096806646 0.43409739951196746 0.16499047175853943 0.0655825190488285
0.22273410793536264 0.2167581133732147 0.2049017049807088 0.35560607371071384
0.44325941547937386 0.11280080547615312 0.08416783757678936 0.35977194146768365
0.3892098495304297 0.5461694428935154 0.014576735434609023 0.05004397214144585
0.20038850181647017 0.10996286763873886 0.361547268037278 0.328101362507513
0.3410203208788821 0.29938009495202433 0.059117668242770316 0.30048191592632323
0.43741153508115405 0.30370495419988 0.07075100634929965 0.18813250436966633
0.39166643544557445 0.15010659908265633 0.35424487820967976 0.10398208726208946
