98 20 4 57.42915067706274 114.85830135412546
7.590405232619667 6.104701139057963 3.7110150104499366 8.025246329299044 5.480868500871566 2.070191679483405 4.497035705045832 4.551785114854081 4.037730204099488 1.7429568007729768 4.286779798193269 4.680022589282124 9.399381959138886 3.6279303900661364 8.547772403644824 9.90296201688082 4.737467736621657 7.27380482711425 9.639364446381862 4.950879470247678
1.5180810465239334 1.2209402278115926 0.7422030020899874 1.6050492658598088 1.096173700174313 0.414038335896681 0.8994071410091664 0.9103570229708161 0.8075460408198977 0.34859136015459535 0.8573559596386537 0.9360045178564247 1.8798763918277772 0.7255860780132273 1.7095544807289649 1.9805924033761642 0.9474935473243313 1.45476096542285 1.9278728892763723 0.9901758940495355
0.03178680675370549 0.6546973952371604 0.29143783666914735 0.02207796133998674
0.2643038318383286 0.5528976305126124 0.04114792599805406 0.1416506116510049
0.1670825549063364 0.009263093716527337 0.3446357733941513 0.47901857798298497
0.4259928577562626 0.09444392360187137 0.4642857895770799 0.01527742906478613
0.0781016080769481 0.12490379034148646 0.23548730203146762 0.5615072995500978
0.4907442610369539 0.23761507097433265 0.10802245281164247 0.16361821517707098
0.0943050581156234 0.16088976443281444 0.02401226957404623 0.7207929078775159
0.2058674863916249 0.2829269671695729 0.17387329657629047 0.33733224986251176
0.32790395719988497 0.0403423848322334 0.0672620655083146 0.564491592459567
0.01023352181505266 0.16254475819608805 0.5578545234252978 0.26936719656356145
0.5454289917442873 0.1856354051759046 0.07154809485882896 0.19738750822097917
0.2880724696864979 0.0015614690967967748 0.38434259535156823 0.3260234658651371
0.6642767575679067 0.2761149477009375 0.01734359855811618 0.04226469617303963
0.2732313847868504 0.36249786858054245 0.06344590616471679 0.3008248404678904
0.0427633648137824 0.5706385156762627 0.18265923274070273 0.2039388867692522
0.20063737373875867 0.14918147257451275 0.5832758187024819 0.06690533498424667
0.22895694642133035 0.14151195675973316 0.4959023540907709 0.1336287427281656
0.504997366827148 0.27555511999689397 0.2133984221473495 0.006049091028608511
0.5472153295779116 0.13391948056556957 0.25570285997551956 0.06316232988099924
0.3626088505469184 0.3319781352246892 0.045158662393445015 0.2602543518349474
0.13107755389394526 0.16607429949336916 0.3961698032210429 0.3066783433916427
0.5484445253886466 0.10180309444029512 0.23666640373730985 0.1130859764337484
0.46925749686134743 0.13368435778884613 0.36666781552850236 0.030390329821304074
0.06659858097879023 0.6514082568208049 0.08247781551464073 0.1995153466857641
0.005425214678843604 0.01225960464076381 0.1478956413062733 0.8344195393741193
0.03373802981403817 0.2992878037685799 0.274834552468201 0.39213961394918095
0.03714533081900473 0.15373511209629998 0.1689381312936421 0.6401814257910532
0.35608850616315557 0.015235065481338683 0.08033512717261304 0.5483413011828927
0.2976113865441641 0.022111159721023954 0.05028751002923926 0.6299899437055727
0.14895601789565283 0.4240537464283042 0.11756099657571939 0.3094292391003236
0.18742169196662206 0.2130653460931753 0.31956253490958075 0.2799504270306219
0.14751038745261136 0.12392907081395932 0.7208418932214526 0.007718648511976678
0.10090135941410894 0.22625899095272306 0.5611503221347116 0.11168932749845639
0.26301777713997465 0.14040723204758043 0.5853809318710425 0.011194058941402463
0.1511616189850974 0.06334658454900421 0.1253852034608831 0.6601065930050153
0.06294368230891956 0.39490306320763224 0.052260429328269464 0.48989282515517873
0.09805307590179424 0.48566361011272274 0.3178290035741278 0.09845431041135522
0.23983481495602754 0.4543287080233308 0.08326518423461648 0.22257129278602517
0.26071119479551286 0.4692874255762458 0.26057844250544493 0.009422937122796404
0.4315102634271549 0.19389187987945444 0.046019051028474034 0.3285788056649166
