16 40 4 96.38870736517859 192.7774147303572
3.0096197123818498 5.708470072606085 5.95631310923063 1.4104175511952568 4.2465595181299545 3.007728475221599 7.198535456392208 2.473582825008093 1.6329238012495029 9.469097742212524 6.073132422113428 1.7019310545098836 7.503764600123558 2.426069561708498 3.2525317606962103 3.6413853049197775 7.269496427877354 5.178376792361366 2.9355592934290557 5.021436358716918 2.0879087638506117 9.259183069702525 6.09801695847276 5.248173841677345 3.831097821824904 1.3889415676296353 7.772004252639758 5.889421394841862 7.904713831432305 8.114038895942082 1.6499924143716713 6.937442509670628 1.4796940450982234 7.165220074504306 4.990158658119384 5.21196532641965 6.9495340128846355 7.209699687339507 3.3699653600100743 1.1033104038415735
0.6019239424763699 1.1416940145212169 1.191262621846126 0.28208351023905137 0.8493119036259908 0.6015456950443199 1.4397070912784415 0.4947165650016186 0.3265847602499006 1.8938195484425049 1.2146264844226855 0.34038621090197674 1.5007529200247116 0.4852139123416996 0.650506352139242 0.7282770609839555 1.4538992855754709 1.035675358472273 0.5871118586858112 1.0042872717433835 0.4175817527701223 1.851836613940505 1.2196033916945521 1.049634768335469 0.7662195643649807 0.27778831352592703 1.5544008505279516 1.1778842789683723 1.580942766286461 1.6228077791884163 0.32999848287433425 1.3874885019341257 0.2959388090196447 1.4330440149008612 0.9980317316238768 1.04239306528393 1.389906802576927 1.4419399374679014 0.6739930720020149 0.2206620807683147
0.13964160374829582 0.2010326682959035 0.4306201745805659 0.2287055533752348
0.19864375358510467 0.15776366347699156 0.6204453469485968 0.023147235989307013
0.420103554589757 0.19668671500525714 0.12556146647083544 0.2576482639341504
0.04775810110489587 0.38289707855679045 0.5413903462416831 0.027954474096630544
0.5669874518723802 0.10867899740901443 0.0069369008838682245 0.31739664983473714
0.11284552220179378 0.22633988091602597 0.38213382585493383 0.2786807710272464
0.10057401461121851 0.48234144985528526 0.28744537730918496 0.12963915822431127
0.2989396309634117 0.1566252243888051 0.454276314638539 0.09015883000924418
0.06831478431392501 0.8709013481144535 0.03832338401157365 0.022460483560047817
0.6541871683390603 0.2824906415552634 0.024674383519258214 0.03864780658641809
0.1797664014159619 0.25724140981816823 0.26920943720822754 0.29378275155764233
0.2816461931342825 0.34452952841884543 0.19585209471386456 0.1779721837330075
0.001984401045787232 0.10976500832545266 0.8185780488475393 0.06967254178122084
0.4225810508566923 0.08448175314827833 0.1041757875153102 0.3887614084797192
0.03343151432586111 0.07480973718434214 0.7387055166606562 0.15305323182914055
0.19747718556896254 0.5026742683979267 0.1112499614079473 0.18859858462516343
0.22342957388458096 0.11786857125922579 0.003306075827888555 0.6553957790283047
0.09948797138799059 0.03786917001121448 0.5139185892068887 0.3487242693939062
0.41453282798226365 0.10308103076971253 0.38059417190753775 0.10179196934048607
0.11451152608765047 0.7483420548007468 0.10729709140686994 0.02984932770473281
0.34149252806527086 0.20301111333924982 0.02892212183415588 0.42657423676132344
0.38877912391436853 0.10684478827421817 0.4189158525409159 0.0854602352704974
0.19178860193593794 0.22354521262044047 0.31195807566152967 0.2727081097820919
0.005970365451990145 0.3503721987814924 0.46835789074365275 0.1752995450228647
0.33908039938009304 0.3097638700309674 0.18157046761358941 0.16958526297535015
0.014632868903693086 0.6752879525976582 0.09012252098967632 0.21995665750897242
0.4812622884541188 0.34747921538112647 0.11275920140744822 0.05849929475730653
0.5598013288919185 0.05139051944338868 0.17869058677162653 0.21011756489306632
0.18926509698373162 0.5091990993574718 0.03858856576982761 0.262947237888969
0.025207974983498915 0.1754078335862992 0.04009042556650022 0.7592937658637017
0.039982359788262034 0.09975664638882242 0.7448964325930487 0.11536456122986682
0.13073848426080437 0.04824582255740917 0.4473454276676606 0.37367026551412585
0.5604424824868766 0.007932473065683232 0.26725904661927735 0.16436599782816286
4.449907125669839e-06 0.2764735297342964 0.03906786201751722 0.6844541583410607
0.027578715863632586 0.7439052894046004 0.06098917167105988 0.1675268230607071
0.1524836025980163 0.5795693060957512 0.19220108345869447 0.07574600784753804
0.12642580942614012 0.2328646734675398 0.4813403253517643 0.15936919175455577
0.3976115463796088 0.15762025761215848 0.35338797956989887 0.09138021643833383
0.10349703671383215 0.06489153379754586 0.29772839816237284 0.5338830313262491
0.32597412635261824 0.006811416936326697 0.4728432965825645 0.19437116012849054
0.2322154874690665 0.3457912581057746 0.2381355807140083 0.18385767371115058
0.018399946630616282 0.19702903165074526 0.056061795007319115 0.7285092267113193
0.23040538778108444 0.35384482061380207 0.12500262379997562 0.2907471678051379
0.7327818008916883 0.07725731676558989 0.14768948215417255 0.042271400188549246
0.527005167794156 0.19594008145298503 0.07236743085214858 0.20468731990071043
0.15344568607162112 0.045716946099749745 0.1947046903114611 0.606132677517168
0.4072471068550777 0.33347341410660336 0.22580563944099685 0.033473839597322086
0.4004229990716831 0.3657136761796119 0.06222339149182332 0.17163993325688165
0.10214265774506748 0.25454606662942236 0.2493377956013234 0.39397348002418675
0.12278570628019525 0.5283957208914205 0.25764587810279327 0.09117269472559097
0.26713663074285254 0.38841672411599504 0.2777076045285535 0.06673904061259894
0.16277253754939225 0.4254365353992272 0.31969979413701166 0.09209113291436888
0.26952228245370013 0.07071167038369475 0.5563294212096086 0.10343662595299652
0.6349732549474707 0.02594975118086218 0.009273357017872574 0.32980363685379455
0.09700896639589807 0.5153597875621092 0.3388319616176654 0.04879928442432735
0.550260127836184 0.0941219477627444 0.12894058638596118 0.22667733801511036
0.6383999327947865 0.21201030096068896 0.12135640126158931 0.028233364982935272
0.1293990795977742 0.44812658454454624 0.13989074846333782 0.28258358739434175
0.0647247686015846 0.02971251910735595 0.04074869286539351 0.8648140194256659
0.24707724129305986 0.29561029962732854 0.19578453955318587 0.26152791952642573
0.11772665997080989 0.45013829462418475 0.0001701684645563084 0.43196487694044905
0.1854445319921587 0.3872597582760984 0.05369633592366041 0.3735993738080825
0.6365081754393465 0.036475826579952186 0.31474946431254547 0.012266533668155888
0.045811758709343064 0.1746118826729981 0.512871960999721 0.26670439761793785
0.08640734624365187 0.10255131217928581 0.46961611794890645 0.34142522362815586
0.004084359780744284 0.20570805175924156 0.011478720397870124 0.778728868062144
0.49471453548782895 0.31320441834433654 0.010209178626008009 0.1818718675418265
0.37150780771396197 0.20963191422323801 0.25112187202486735 0.16773840603793266
0.05974170895963615 0.33844432446505 0.15403086811909783 0.447783098456216
0.2906698962447649 0.07408702777344334 0.544752317814684 0.09049075816710772
0.187554301839723 0.0034716536253297514 0.49509808887608153 0.3138759556588657
0.31206738039146686 0.22913170487308887 0.17614534261214954 0.28265557212329473
0.3637571385624654 0.1588290867594313 0.3802746129882585 0.09713916168984482
0.04214445837531333 0.459036028820454 0.09115288931189103 0.4076666234923416
0.005465181744703895 0.3832689712579387 0.35541061330427515 0.2558552336930823
0.5791915523033466 0.1342831818002097 0.06901683401261982 0.21750843188382385
0.3799964883950345 0.32477731632079765 0.19520520703199273 0.10002098825217509
0.04355752499253196 0.44874822486262067 0.36862973822380096 0.1390645119210464
0.06845121469372362 0.032903801202721294 0.5434265685405284 0.3552184155630267
0.07301441479661286 0.5204877177471999 0.1471818718890907 0.2593159955670965
