46 50 4 123.14697311056678 246.29394622113358
8.054491157251757 6.713503354474572 3.24138782364174 7.822682781848359 3.8176924206851184 9.435136217395577 1.3857890351703752 4.96780483086824 9.21450060941678 5.095035270341009 5.571409066334125 1.7641715931523012 4.837148119589839 7.711452637244848 8.803732560497112 3.9129924421060354 1.9366695758195944 8.218972421681023 4.55348754262106 6.649912794107707 1.3238968923973065 3.699170650193819 1.428878976436299 4.3498997002551265 3.361736767853774 9.914735857714174 4.556308132927543 3.7678533633915965 2.9899102271293403 5.446225224877486 1.5208767066064712 3.6073003665506955 3.114553515627498 9.67087373458266 6.5410648576974975 8.763255723718377 1.8107673058003875 2.3409001142191457 7.053174673167546 9.810927323311905 1.2090115460646527 9.169441220581918 1.5224618459462753 7.800988908537356 1.581425902808431 3.3016008142751714 2.526469880197608 2.7561456707038396 1.959011659812742 5.687106403499744
1.6108982314503515 1.3427006708949143 0.6482775647283481 1.5645365563696718 0.7635384841370236 1.8870272434791153 0.27715780703407505 0.993560966173648 1.8429001218833558 1.019007054068202 1.114281813266825 0.3528343186304602 0.9674296239179678 1.5422905274489698 1.7607465120994223 0.782598488421207 0.3873339151639189 1.6437944843362047 0.9106975085242119 1.3299825588215415 0.2647793784794613 0.7398341300387637 0.2857757952872598 0.8699799400510253 0.6723473535707548 1.9829471715428348 0.9112616265855087 0.7535706726783193 0.5979820454258681 1.0892450449754971 0.30417534132129426 0.7214600733101391 0.6229107031254996 1.934174746916532 1.3082129715394994 1.7526511447436754 0.3621534611600775 0.46818002284382915 1.4106349346335092 1.9621854646623809 0.24180230921293053 1.8338882441163835 0.30449236918925504 1.5601977817074713 0.3162851805616862 0.6603201628550343 0.5052939760395216 0.5512291341407679 0.39180233196254843 1.1374212806999489
0.006246276335343692 0.13246464767777721 0.2908902395894031 0.570398836397476
0.14760990474687974 0.0007129903965098494 0.6875288339196541 0.16414827093695628
0.01896837827374731 0.4950178386011692 0.4326379119827526 0.05337587114233089
0.23274440122166595 0.1745844917263314 0.3066865037202037 0.285984603331799
0.5765129545869833 0.0021417278655481153 0.07341667905588534 0.3479286384915833
0.36725157675142106 0.25704000529000615 0.1864217711047832 0.1892866468537896
0.21239563995083865 0.119859867082859 0.571886520994269 0.09585797197203338
0.09147953804540188 0.5637813243649803 0.06977410923947769 0.27496502835014014
0.07877940377718029 0.5802891825439099 0.06443058294293569 0.2765008307359741
0.007611268721885667 0.1153288027514836 0.19595239100711426 0.6811075375195165
0.08351630936716758 0.15633557433049894 0.19022621416193608 0.5699219021403974
0.3518313298117569 0.31280220446620566 0.2780708311270186 0.05729563459501885
0.8475517039531147 0.00025349610480018825 0.1309343403974247 0.02126045954466038
0.07892143198425638 0.03329714127015837 0.8857963816651905 0.001985045080394765
0.07102711783699556 0.2306198512532288 0.015347023919835223 0.6830060069899404
0.0768888949011789 0.1637285550655896 0.7579817325064026 0.001400817526828968
0.06486304518465935 0.03916533552545809 0.012219771378240596 0.883751847911642
0.07988421612929109 0.23700563908259642 0.16448375290506478 0.5186263918830477
0.5177245980007891 0.21631931696036355 0.26538110090747036 0.000574984131377021
0.36842846145284847 0.0843619557166132 0.38589275626676045 0.16131682656377788
0.06730433569380889 0.5186830879013874 0.3424174773163984 0.07159509908840533
0.03341544123265339 0.41253565107893597 0.3434766247321105 0.21057228295630015
0.20939387404601628 0.40851855716885754 0.10770647583781046 0.2743810929473157
0.08402281180524918 0.2601579026766988 0.5324818251995145 0.12333746031853754
0.11019231627314208 0.6528728744324862 0.004810355363814356 0.23212445393055736
0.03319178729333094 0.5732886018829549 0.15193262069360614 0.24158699013010798
0.2677711113364959 0.035892784870263594 0.12251683008618464 0.5738192737070559
0.14699309594977028 0.40433189061851127 0.039948756322291334 0.4087262571094271
0.028947758166749216 0.44718532899086205 0.1903479571949761 0.33351895564741263
0.21064593975707113 0.26022015913731866 0.25633521298044015 0.27279868812517005
0.09386003761061068 0.7506035855856057 0.09849582724408923 0.0570405495596944
0.44818742262419387 0.08273887538690605 0.2630944152665601 0.20597928672234
0.5961264920523697 0.10107923386947126 0.15851731438207173 0.14427695969608734
0.07517367995947866 0.31155603443076385 0.049674581933835116 0.5635957036759224
0.011250256218795052 0.32008308936238494 0.564612566595652 0.10405408782316805
0.34649387151097255 0.09220466087360102 0.0158327150366524 0.545468752578774
0.05509679280191271 0.4755021738162174 0.1954184208972669 0.273982612484603
0.3343107374953864 0.41570255264540645 0.17230862464395558 0.07767808521525155
0.5410135916214855 0.2069560905512049 0.17155402084283133 0.08047629698447822
0.19958282688199924 0.01659821477095258 0.5919122589761702 0.191906699370878
0.8034904845589069 0.16345670576499494 0.008528552268181944 0.024524257407916195
0.2305125889980959 0.3168383403956432 0.04963565608348053 0.4030134145227804
0.20317007615712523 0.03480410992611671 0.3969160532253806 0.36510976069137746
0.012713147016921833 0.10289621041300323 0.5042022835858747 0.3801883589842002
0.3798616171099395 0.4146697649575486 0.026737104744088858 0.17873151318842306
0.1244024292474617 0.25597888528193335 0.3632047086360931 0.25641397683451184
0.18689090530212427 0.38858729139697923 0.25329711175291836 0.17122469154797815
0.051718997143405 0.28078095732006847 0.2924003888637493 0.3750996566727772
0.24768711804885868 0.2029516260688904 0.2304208405488366 0.31894041533341433
0.0647286287935146 0.044718545069000304 0.712340661819669 0.17821216431781606
0.10714519514849807 0.11182768222684814 0.5716322190662537 0.20939490355840007
0.005874720050239368 0.6924691224896132 0.17244069366680703 0.12921546379334037
0.3458034276780333 0.07899682855088841 0.06952566991825926 0.505674073852819
0.4865717713021802 0.1854247177029663 0.15692994179971165 0.17107356919514183
0.09095060145023293 0.22014661027371563 0.13728848193596743 0.551614306340084
0.4665833805294878 0.09108424656118863 0.014503559542430655 0.42782881336689293
0.13721504476428503 0.04056873455423782 0.050985843349811044 0.7712303773316661
0.051039348775481996 0.46464671329607143 0.18616956541133023 0.29814437251711634
0.023190708043028252 0.28731470617058597 0.40433071867784287 0.2851638671085429
0.41912217965388754 0.029715402927330437 0.037588681077133645 0.5135737363416484
0.013131545706038361 0.1938162208038703 0.5806388068561018 0.21241342663398954
0.33632202894688146 0.2587720218173356 0.18862753300478063 0.2162784162310023
0.12609178774593377 0.017702543387172698 0.03153160341621408 0.8246740654506794
0.0012575591068988423 0.0014405445662225569 0.5708300576583347 0.4264718386685439
0.3387957066551218 0.18847668112389304 0.18259026396035827 0.29013734826062687
0.15128702188305243 0.13320413218661076 0.5922703107125279 0.12323853521780892
0.12919469623477742 0.5756692515756328 0.11631723415477035 0.17881881803481947
0.4745274210954963 0.05170057413101592 0.14185149178963619 0.3319205129838516
0.6514771289971353 0.03392239843598199 0.20446408659250925 0.11013638597437347
0.5492228325803065 0.25667945854455043 0.018709964577200755 0.17538774429794235
0.022771316890988325 0.22562792156556932 0.6733028426340638 0.07829791890937854
0.303188922890548 0.30924532458569975 0.1461687537154832 0.24139699880826904
0.15812481975102632 0.46586660067141583 0.14917213300003207 0.22683644657752577
0.0072593480434094415 0.5144948750413836 0.039405326054064105 0.4388404508611429
0.25740275401966417 0.05508957613949206 0.5091875338793128 0.17832013596153096
0.579418097902411 0.02962389594906878 0.3066410636036375 0.08431694254488276
0.4205893262987104 0.2432571107322682 0.1730193015994531 0.16313426136956832
0.12658080305106545 0.4755203210464026 0.18089386366722193 0.21700501223531
0.3959006920596877 0.32123046521565835 0.10764862112257745 0.1752202216020765
0.06208813734660901 0.09374014274541287 0.5402668555007327 0.3039048644072454
0.5324696115317048 0.20225029863807442 0.15372992585689305 0.11155016397332773
0.05714401155769011 0.519296245589758 0.19207794694693836 0.23148179590561357
0.4609767576812519 0.2687057846017745 0.21816003164824516 0.05215742606872842
0.16395338819827643 0.5540677104427811 0.21690528945334386 0.06507361190559857
0.2216358080891323 0.2759497242294845 0.07964842165866937 0.42276604602271384
0.051943493915049155 0.05494481460747003 0.4795274672174821 0.41358422425999875
0.2305582819074259 0.46029849133692524 0.1537692617330535 0.15537396502259537
0.08647243334414001 0.04960673122027992 0.40582280317108754 0.4580980322644925
0.04027685278766635 0.03137650326126895 0.6271371798509219 0.3012094641001428
0.4292423292475501 0.00047591470092167576 0.4418569589420105 0.1284247971095177
0.013192435378797107 0.0019566683429774745 0.31476077598349617 0.6700901202947293
0.03316398895704342 0.22743848085440843 0.2759495386591785 0.46344799152936966
0.07341692353603702 0.041800567251807697 0.1138738133130639 0.7709086958990914
0.008210161959550266 0.09657206335502999 0.7514136312571383 0.1438041434282814
0.19966576384776047 0.411575870354011 0.12976009238867692 0.2589982734095516
0.18465046316711187 0.026968238418276003 0.7259362664653864 0.06244503194922568
0.23621819349968354 0.2569066280354708 0.4779058859124904 0.028969292552355252
0.18810225512322865 0.08862890213943475 0.46284790872426096 0.26042093401307564
0.19193831734388622 0.08112972161825294 0.33775069593809826 0.3891812650997626
0.22922621490346073 0.14568490919618304 0.5796187070297862 0.04547016887056998
