73 40 4 105.8504348622568 211.7008697245136
6.784209242074711 5.8475883787205225 5.607081842127671 6.4923150440169675 5.436900852500726 2.9301579801229165 3.1958201735882303 6.148850733805577 7.953657973525533 3.7956515670833118 4.636748569533076 6.371200430553265 3.1729129019075537 9.15147857290514 2.432906515080644 6.297973081115854 3.357744097697101 8.887057483332718 9.27167887672417 1.9447561439808703 9.736129984740348 1.3908462171335594 1.3063946619725009 5.7932278444698735 1.2470909081220127 4.037473074411531 2.7400236164026595 3.418120147405719 9.791859110386449 9.524490041775131 8.378969522517869 6.897025324631574 1.4988830492101664 7.202447686328464 6.731068805574682 6.424982887559819 2.0929787067153045 2.915841029982797 5.56694263822026 5.289384006556297
1.3568418484149423 1.1695176757441046 1.121416368425534 1.2984630088033935 1.0873801705001451 0.5860315960245833 0.639164034717646 1.2297701467611153 1.5907315947051066 0.7591303134166624 0.9273497139066151 1.274240086110653 0.6345825803815107 1.830295714581028 0.4865813030161288 1.2595946162231708 0.6715488195394201 1.7774114966665437 1.854335775344834 0.38895122879617405 1.9472259969480696 0.2781692434267119 0.2612789323945002 1.1586455688939747 0.24941818162440255 0.8074946148823061 0.5480047232805318 0.6836240294811438 1.9583718220772899 1.9048980083550262 1.6757939045035737 1.3794050649263148 0.29977660984203325 1.4404895372656927 1.3462137611149365 1.2849965775119638 0.4185957413430609 0.5831682059965594 1.113388527644052 1.0578768013112594
0.08141217779739984 0.03662867160444194 0.6151552307376882 0.26680391986047003
0.26572512096520795 0.0531298567513816 0.289024120965677 0.3921209013177335
0.05119318231690495 0.3727417958065312 0.5400462827538071 0.03601873912275677
0.6884862466696176 0.10452075490539725 0.016188657631672876 0.19080434079331232
0.19557938962252908 0.05912786965405292 0.6731831152269678 0.07210962549645017
0.31753758701567625 0.42639637541151365 0.0468918294371089 0.2091742081357012
0.35518837758987376 0.5259989193095569 0.10842744465158449 0.010385258448984858
0.2604991281424236 0.31366678215865285 0.03974480222641097 0.3860892874725126
0.3862883675348572 0.01976857861957393 0.05766918239732155 0.5362738714482473
0.19509332030033533 0.32696218518167397 0.4613946501088423 0.016549844409148418
0.09468353954456954 0.33415739722359716 0.3012233147260084 0.2699357485058249
0.20191835240027067 0.11533489368503247 0.3005936649918164 0.38215308892288047
0.03894517361040728 0.13411746519751067 0.4339187999022387 0.39301856128984336
0.0083911140733115 0.22642660627287392 0.6486264586893724 0.11655582096444217
0.21539042374332962 0.49439663741920326 0.025183544800720936 0.2650293940367462
0.3900035588231815 0.012172666380233954 0.5160027942312582 0.08182098056532638
0.06989213647339398 0.19609903927497185 0.35676304973632433 0.37724577451530983
0.43559729088416954 0.2256184395595321 0.26591100743347895 0.07287326212281942
0.050388157099736985 0.8438788210903209 0.09195565720761056 0.013777364602331588
0.053341200644353215 0.1895758042915774 0.1681151040444081 0.5889678910196613
0.025660744281820747 0.6036830254255531 0.3289307045915738 0.04172552570105237
0.06800329621473367 0.057372419881609016 0.1368697361266774 0.7377545477769799
0.40888302844288404 0.42067325742485084 0.10768704912594618 0.06275666500631893
0.22071885663976365 0.2195475530376807 0.5587893679278695 0.0009442223946861672
0.3324339083978578 0.06700975135059062 0.22412138206424181 0.37643495818730976
0.08946742589913692 0.08982062006673719 0.42551559103330805 0.39519636300081784
0.14383721873173638 0.28065418527340547 0.2956846524269445 0.2798239435679136
0.017365529185428552 0.4438063839429486 0.46805068813511364 0.07077739873650923
0.03504407423339695 0.11994676694693052 0.5748458362636231 0.27016332255604947
0.00961735598227631 0.11771130526236295 0.45552111990889 0.41715021884647074
0.09110074361059628 0.16570354357305606 0.2683924604223312 0.47480325239401644
0.07777353302876355 0.17702019110108136 0.37943792669136667 0.3657683491787884
0.3791977625350448 0.17895814804827193 0.3435856790400097 0.0982584103766736
0.13467550498407954 0.2867888932193249 0.19570986382383893 0.38282573797275665
0.2731503320818932 0.1866252449667678 0.48238889570667387 0.05783552724466512
0.5779747189474269 0.3347351828191871 0.05501261417742609 0.03227748405595987
0.5060651459482802 0.13311295039860016 0.14027475774395515 0.22054714590916447
0.019673747358218918 0.14986118636013268 0.2939726638133374 0.536492402468311
0.2367373278590006 0.21018589785587727 0.030811891879036324 0.5222648824060858
0.24137284493083222 0.39385541366529364 0.31283490564091043 0.05193683576296371
0.04210896216510707 0.31489857982313574 0.37413539715299715 0.26885706085876004
0.07715848916020318 0.5092531202960765 0.25235153772843044 0.16123685281528988
0.005555746492820868 0.580367819741534 0.0487150283964326 0.3653614053692126
0.1617884923065095 0.5028008164590074 0.2333773651992952 0.10203332603518789
0.5008957025215448 0.0019894478829715068 0.1706798567648321 0.3264349928306516
0.14598283284433045 0.287586898044358 0.356411223921277 0.21001904519003456
0.4182493959005469 0.115685442135955 0.03814866954537399 0.42791649241812413
0.2761593294861695 0.12970200252737663 0.5070946913535391 0.08704397663291474
0.027144711547194667 0.7122198335991056 0.24135079987744568 0.01928465497625409
0.21077201923501365 0.3619839874474463 0.393474203535387 0.03376978978215306
0.000594813859835952 0.22235649501168997 0.25429507626056136 0.5227536148679127
0.1344763453475052 0.03838559790418139 0.2689121002258412 0.5582259565224722
0.07112524770513029 0.008684124608008381 0.2796172160055327 0.6405734116813286
0.2877441007441146 0.05802457382944515 0.25830811366554607 0.3959232117608942
0.044564840121712246 0.021435134297063563 0.20145343418521744 0.7325465913960068
0.47818553971419486 0.0978085892937034 0.20667048211779127 0.21733538887431048
0.11016116033092482 0.659819906693684 0.21740937379169656 0.012609559183694663
0.12971129607578213 0.2833293837114246 0.500372890848418 0.08658642936437533
0.1056614632872217 0.10341508301696878 0.590841051671133 0.20008240202467653
0.060855435763612964 0.266327165450867 0.17099735708936759 0.5018200416961525
0.11543127751475901 0.14255731966787932 0.269918216083333 0.47209318673402867
0.16974686911639603 0.2245408394094981 0.4350489432994237 0.1706633481746822
0.3524981198515499 0.336385834093589 0.23056654894133544 0.08054949711352566
0.17273540938575316 0.15080830211456708 0.5647256984160323 0.1117305900836475
0.36313119622820555 0.294593434325194 0.012105278025176469 0.33017009142142395
0.11653453008727643 0.2770471670245498 0.44424278415367924 0.16217551873449454
0.2446288784292091 0.0053785779551641655 0.12189152881357312 0.6281010148020536
0.004949531477747349 0.35504998362545226 0.22799953376016335 0.41200095113663704
0.4196654455369796 0.15280424769097267 0.10082560307151422 0.3267047037005335
0.06390995299774815 0.14073165544912491 0.23508930310721454 0.5602690884459124
0.1839319862155241 0.5566365932558714 0.25913780174465606 0.0002936187839484017
0.016092194562066897 0.07959647089965638 0.3117394578164382 0.5925718767218385
0.46022731465242606 0.39130038561843383 0.1334988620303661 0.014973437698774017
0.6680313866677531 0.21295434708056005 0.019682800303381986 0.09933146594830489
0.15196885762965928 0.3097063597693781 0.48456205865973834 0.05376272394122428
0.0643520592348259 0.5360432573241851 0.2539553741457674 0.14564930929522157
0.02426391204153122 0.37389679510758533 0.49844158714829667 0.10339770570258677
0.16469084011226864 0.5979968295152913 0.12217932685293598 0.11513300351950406
0.3979344056848727 0.08987822758215802 0.4574768724757621 0.0547104942572072
0.1402219458999454 0.14659594810153553 0.1778497406493419 0.5353323653491772
