95 70 4 194.19710460957828 388.3942092191566
3.0592313880121105 2.7161921676176464 8.977237038841588 7.470333060304658 5.79685045090728 8.82515890003703 7.518139087594129 5.338782920252481 7.804694771098569 9.772659950921577 5.575303906453015 9.626422173810196 5.448370249197567 5.6545060030486685 4.09656079540088 9.727752088728776 3.304796237490883 4.629476982276042 8.465415612677678 4.469384319947924 3.0853801470066333 5.787744451170186 3.823896212616735 1.4520636592646972 3.727472880675391 8.19935085390238 3.375830611292119 2.9230339132735255 4.956725248462924 9.899566651309241 4.1461558701941215 9.15349710297832 4.3027097590192644 4.190459772098612 5.082450410973723 1.0468201033210356 6.262096075601606 1.5846589903185748 2.293382373719675 3.818366551711045 9.27825107724907 3.5123171989767035 3.1408196997225204 5.291981014259912 6.722477049302277 8.667925766615344 4.503520080940839 8.219776788526689 3.8185555509872535 1.9608717799672735 6.351564998586051 1.4042133018186358 9.678792760965692 7.243876759464337 9.10819179336982 1.161319161325209 6.494811386204373 1.436072176995216 9.97118252864881 1.9462114357943212 5.457250502980751 9.72495133616423 9.629110498007268 5.132123077962177 2.9645197936545706 9.294505382127543 6.02480215316224 4.020416128864495 3.0356800257078977 5.809188267276384
0.611846277602422 0.5432384335235293 1.7954474077683176 1.4940666120609316 1.1593700901814559 1.765031780007406 1.5036278175188258 1.0677565840504961 1.5609389542197136 1.9545319901843154 1.115060781290603 1.9252844347620393 1.0896740498395134 1.1309012006097336 0.819312159080176 1.9455504177457552 0.6609592474981766 0.9258953964552085 1.6930831225355356 0.8938768639895848 0.6170760294013267 1.1575488902340372 0.764779242523347 0.2904127318529394 0.7454945761350782 1.6398701707804761 0.6751661222584238 0.5846067826547051 0.9913450496925847 1.9799133302618483 0.8292311740388243 1.8306994205956642 0.8605419518038528 0.8380919544197225 1.0164900821947447 0.20936402066420712 1.2524192151203213 0.31693179806371496 0.458676474743935 0.763673310342209 1.855650215449814 0.7024634397953406 0.628163939944504 1.0583962028519824 1.3444954098604556 1.7335851533230688 0.9007040161881678 1.6439553577053378 0.7637111101974507 0.3921743559934547 1.2703129997172102 0.2808426603637272 1.9357585521931384 1.4487753518928674 1.821638358673964 0.2322638322650418 1.2989622772408747 0.28721443539904323 1.9942365057297622 0.3892422871588642 1.0914501005961503 1.9449902672328458 1.9258220996014537 1.0264246155924355 0.5929039587309142 1.8589010764255085 1.2049604306324482 0.804083225772899 0.6071360051415795 1.1618376534552768
0.17442884574553774 0.4807351647669921 0.06341971099052002 0.28141627849695017
0.18405809728163258 0.06337273494756956 0.2714635863424846 0.4811055814283133
0.09810806115318271 0.08222557804454456 0.07043541667217113 0.7492309441301016
0.26495846543038926 0.4891064107637817 0.16875563897918777 0.07717948482664128
0.011538489533946206 0.2787456197373608 0.6298257599376862 0.07989013079100682
0.5540435538287503 0.28091750015292904 0.16213147990003562 0.0029074661182850736
0.010093130878351952 0.3690330562855957 0.04702483750797126 0.5738489753280811
0.029533365719005555 0.0797062460033039 0.3123738934339486 0.5783864948437419
0.0385072076944305 0.6532636673908563 0.02952623855579195 0.27870288635892126
0.2633517635884449 0.6159772139630231 0.05929317307379067 0.06137784937474133
0.12146288112684911 0.03985390315658499 0.428849187829228 0.4098340278873379
0.32682293242032723 0.07351890635410496 0.31679525763143424 0.2828629035941336
0.08359765833507837 0.49393196918379656 0.3338423245897708 0.08862804789135426
0.1434859202297315 0.4199673514091745 0.005447039177414736 0.43109968918367925
0.6350113269865943 0.15492982358419893 0.17652955370892254 0.03352929572028418
0.5732097170201255 0.02359477664848353 0.013202975349133506 0.3899925309822575
0.048440419617492236 0.480946821266936 0.15422552988686689 0.3163872292287049
0.5041858552036189 0.01560850452406004 0.11478280179021383 0.3654228384821072
0.5295701534593964 0.43416718950551314 0.021691531273987152 0.01457112576110331
0.2268047288126248 0.3393938859908845 0.4128773578019058 0.020924027394584876
0.2835817543381016 0.2916441933790316 0.05539431357171165 0.36937973871115515
0.5094580988501242 0.3561667309868962 0.054238760001678266 0.08013641016130135
0.024775437672616807 0.1318990420677082 0.7707849482088039 0.07254057205087105
0.13211419681449954 0.39426377912469035 0.2880350463400696 0.1855869777207405
0.10254229307613993 0.3297893649353171 0.39023910543566176 0.17742923655288123
0.06677749260395094 0.26936812053871584 0.192142751401418 0.4717116354559152
0.15643170819236862 0.2913197809155932 0.12137832733457987 0.4308701835574583
0.021072737057061808 0.366434391137898 0.0850233847109787 0.5274694870940615
0.16588719588473555 0.24811764003328152 0.27703380874337813 0.3089613553386048
0.2734876767509584 0.03825512865840708 0.05685335206355446 0.63140384252708
0.21974242260403565 0.007407252704459855 0.4992202646822549 0.2736300600092496
0.0511490289014197 0.4229915761019438 0.06512526571927013 0.46073412927736634
0.05810189768680252 0.05191953328068344 0.21303959793606198 0.6769389710964521
0.06790242257922652 0.13628964718895709 0.706010128489409 0.08979780174240737
0.06621107537047133 0.6611088944109141 0.1102222724126869 0.16245775780592764
0.5114356575964178 0.0546789951581268 0.07330727469753129 0.36057807254792407
0.26230524933844 0.07018200696713062 0.2958501435613211 0.37166260013310826
0.2957600863202309 0.490835298307822 0.08684136087002248 0.12656325450192463
0.3873154912883985 0.08262846574896776 0.03244855143395997 0.4976074915286738
0.24301366092264387 0.1520792439922135 0.32123285691282366 0.28367423817231896
0.46443921522584386 0.15596058555098946 0.31260539320610536 0.06699480601706131
0.5660159436396933 0.1815314962729183 0.1292792819849944 0.12317327810239398
0.40972212720222345 0.24582725578727294 0.127479488632388 0.2169711283781156
0.014107375749460194 0.027650501742453204 0.4784841904674273 0.4797579320406593
0.44111035717986746 0.262190910131724 0.2960150805974543 0.0006836520909542232
0.4277896127341939 0.28805499952491964 0.26342645235628215 0.020728935384604297
0.1389033943726654 0.09475537765473296 0.5340713989225861 0.23226982905001547
0.3464346256929811 0.03458480587564661 0.33552297008544985 0.28345759834592243
0.4422336160845044 0.20810195819228938 0.2676000605089712 0.08206436521423499
0.1441696175186068 0.5702492560381796 0.16163779694980396 0.12394332949340969
0.13747773943767505 0.09235548021313145 0.6948246298147667 0.07534215053442683
0.4481586804251434 0.2418904054742539 0.3009382472350782 0.009012666865524488
0.08164237358042303 0.7172628916188236 0.08648345143605607 0.11461128336469728
0.13925077836307986 0.09053325864568318 0.5363361364035132 0.23387982658772377
0.13723504441577916 0.2918029964976444 0.1650366695912555 0.4059252894953209
0.056487447471166075 0.47128252386671077 0.08607784966644283 0.38615217899568033
0.03255866131760954 0.7526032753871166 0.13638184596821035 0.07845621732706354
0.08426934804089103 0.48181321227011376 0.2492063975992288 0.1847110420897664
0.14553298919227187 0.09076315452786521 0.5488207767932612 0.21488307948660168
0.17581412462562973 0.18729943093653545 0.05314218736043552 0.5837442570773993
0.16883862173318187 0.2971961959853867 0.31918647783969334 0.21477870444173808
0.31425377924127984 0.27842767419789816 0.11751876011113849 0.2897997864496835
0.2035725696626377 0.5325832394969133 0.2533451059498073 0.010499084890641663
0.04715242068686343 0.25183557167671167 0.5879822567960132 0.11302975084041167
0.08844373977083897 0.5566971354712055 0.11641032837914422 0.23844879637881133
0.7301886644113833 0.031288208935209894 0.010746738220826058 0.22777638843258075
0.04250019931635296 0.589354046999294 0.22399517697790972 0.14415057670644338
0.5654053892764489 0.1560912013435376 0.14721768498491727 0.13128572439509623
0.26019938342745796 0.17284410556634955 0.5640537893042018 0.002902721701990685
0.13182474343404993 0.39923856132100244 0.18221600800929638 0.28672068723565125
0.04170769415038644 0.7554482806488605 0.17778066450574892 0.025063360695004144
0.051994309492415236 0.4985374546384046 0.05812220977722771 0.39134602609195246
0.15769924327052898 0.2859304823039711 0.14786535607313978 0.40850491835236014
0.19647258321760375 0.668826252725509 0.0312524743531587 0.10344868970372856
0.22329036837454208 0.6407449160714596 0.004413415619507255 0.1315512999344911
0.2173005078351231 0.4640592475307549 0.09342557538900031 0.22521466924512168
0.02408995439310324 0.554474979736787 0.27390776466859956 0.14752730120151014
0.40027147786458395 0.09046458882138342 0.35851733795536334 0.1507465953586693
0.2634825876559638 0.5464591314845643 0.09371476714243254 0.09634351371703942
0.30732587048174564 0.030821128159592592 0.5779888671154108 0.08386413424325101
0.02765927668979329 0.7907151213745259 0.07144914908357591 0.11017645285210487
0.005191492912608564 0.014002025371509408 0.7673653978853202 0.21344108383056182
0.0122399119085842 0.1321542508818081 0.3675635366526382 0.4880423005569695
0.03780686732246419 0.12442236160590447 0.16261057296718795 0.6751601981044434
0.37960644686764633 0.1972873416815597 0.15279281344375673 0.27031339800703724
0.2463770386800216 0.22230475756427293 0.1603238090848681 0.3709943946708374
0.080009663221562 0.7131119693347931 0.18262378809626123 0.02425457934738362
0.09547122439637534 0.4816886820684917 0.1104705949865924 0.31236949854854057
0.031250448384111285 0.11007426290280642 0.8372948369196801 0.0213804517934022
0.00969107481901621 0.19172577992688433 0.557782111586689 0.24080103366741046
0.292309713644748 0.31689137945482326 0.20649738322603284 0.1843015236743959
0.010078132167912757 0.1159162546960344 0.18576631674101562 0.6882392963950372
0.2098975925095432 0.48536347651164935 0.19866303075024527 0.10607590022856217
0.11886045016137092 0.6087545190750278 0.07406745367765 0.19831757708595132
0.25941851256143755 0.24708866442308863 0.24482952813177694 0.24866329488369687
0.25219574766121844 0.10813418540051689 0.34907785413205816 0.2905922128062065
0.005915259815927554 0.3711978664992831 0.6002737032517789 0.022613170433010477
0.11619373037276681 0.5395160211564662 0.043701120131298565 0.3005891283394684
0.4665184072604135 0.024648094020447764 0.39217886820881087 0.11665463051032787
0.02002211977566548 0.3660120536236017 0.1559211677529504 0.45804465884778245
0.1826887746286866 0.2950786268033817 0.10959948245437101 0.4126331161135607
0.23129590150792934 0.0013317539303098203 0.014895503017840706 0.7524768415439201
0.044009210235708585 0.40611671453038656 0.30489516216196033 0.24497891307194453
0.23418313921796108 0.19070932013638586 0.48752495052431455 0.08758259012133851
0.49438206783850125 0.4680510493816735 0.02162681846624903 0.015940064313576197
0.6291067657985921 0.20534568725290903 0.10399705447300756 0.06155049247549127
0.0990222834427057 0.24956726844938049 0.6085294481552634 0.04288099995265038
0.24111877480481958 0.20920382011921934 0.19808419741674532 0.35159320765921576
0.16492679952344058 0.04968813821933715 0.6788766813969609 0.10650838086026138
0.10006305545236982 0.7874847363313695 0.0956865507667155 0.016765657449545168
0.5114390811963205 0.3601101139046782 0.006437555868161082 0.12201324903084021
0.11999339966942346 0.017381362310271764 0.786447545364763 0.07617769265554175
0.2587575969113949 0.13616075190193078 0.10202637687872285 0.5030552743079515
0.16873718014326855 0.08870705551787161 0.4668637045271429 0.27569205981171696
0.16367353062797307 0.24092479327115668 0.11206450278273061 0.48333717331813963
0.19205330982685886 0.39330413989350577 0.052833030567621675 0.3618095197120137
0.059266476316123584 0.5157845107338228 0.12777967256843203 0.29716934038162157
0.3575247967065305 0.06024940595378314 0.43096674931733914 0.15125904802234724
0.3972361304044315 0.1946364454812921 0.28464953318397934 0.12347789093029704
0.15534435075689434 0.1767241927266212 0.5713868720452687 0.09654458447121572
0.3729856552730868 0.2869761102511992 0.13796941296788434 0.20206882150782968
0.2723682040412716 0.22262543733140294 0.3745584861023765 0.13044787252494894
0.022777735467913063 0.284817953422035 0.31463103802014336 0.3777732730899086
0.10656211329699894 0.3262147338904199 0.31580198593671993 0.25142116687586125
0.17118580252427917 0.2955394212570628 0.009356113722260084 0.523918662496398
0.21644656574706855 0.4882836779482974 0.1582198134141235 0.13704994289051053
0.14293947584316136 0.44369702697489377 0.09786821482792185 0.315495282354023
0.1866991848611943 0.03782337315598017 0.33066728135832557 0.44481016062449996
0.2052239350869195 0.6790903630030051 0.04310889626699488 0.07257680564308056
0.502257742851765 0.3328103547939635 0.11648081390498821 0.04845108844928325
0.15548543442297713 0.13727629849776835 0.4230159992078122 0.28422226787144234
0.17111341049921214 0.35597737654149153 0.18223065863062826 0.29067855432866807
0.019275923686142837 0.07080379542088122 0.8571354823046835 0.052784798588292436
0.05844493380146987 0.1799873946324727 0.4568643655257647 0.3047033060402927
0.08200543106841585 0.27466363911920977 0.43257346334877034 0.21075746646360405
0.29936836101891706 0.1516105074127203 0.4717654813976726 0.07725565017069003
0.32581990292829466 0.04456585789734979 0.21833719097693738 0.41127704819741817
0.1238809516122088 0.021059601530669658 0.825064399748124 0.029995047108997586
0.5534608760724776 0.01779886797579855 0.21230816494381155 0.21643209100791228
0.22495549769733414 0.27388929580659405 0.18132855528083847 0.31982665121523335
