79 10 4 25.686385346506384 51.37277069301277
5.50601313706343 5.212606833533036 5.507042730780091 2.3426034890689733 8.382501422374734 3.892276284486741 8.01256597396672 8.335722770913005 1.1332204955323666 3.048217555293667
1.101202627412686 1.0425213667066073 1.1014085461560181 0.4685206978137947 1.6765002844749468 0.7784552568973482 1.6025131947933438 1.667144554182601 0.22664409910647332 0.6096435110587334
0.5605746954367102 0.15115687997959082 0.08159390022498958 0.20667452435870937
0.20280881938498652 0.0842045093488617 0.05399230700529689 0.6589943642608549
0.5212445579374264 0.26878025981642917 0.17311953550118886 0.03685564674495556
0.08506933756842283 0.6707825409199986 0.18333048240915906 0.06081763910241955
0.6345806443043887 0.0571879493286549 0.16243254146206432 0.14579886490489213
0.21280323381524213 0.2291778928390027 0.23321723331870792 0.32480164002704726
0.00458459022687685 0.6396941937912312 0.14630188733109006 0.20941932865080193
0.004242533523914349 0.21954842260585228 0.574733575465899 0.2014754684043344
0.65536917364675 0.14961298432453274 0.07917562915931342 0.11584221286940388
0.6683816285101525 0.058283567520112545 0.22978871311439875 0.04354609085533623
0.49521598559800695 0.019714784382488415 0.3061821255193117 0.17888710450019296
0.18808979730528874 0.07821953727382269 0.14135823948073323 0.5923324259401553
0.00845287026843422 0.7436908972862669 0.10833051095543467 0.1395257214898642
0.3103379548491978 0.22230835776684932 0.45157716627214073 0.01577652111181216
0.19535249989556558 0.08368704978388053 0.1590482346265093 0.5619122156940446
0.16899291464630273 0.21489021005209819 0.5402509483397061 0.07586592696189298
0.32221451363105724 0.07783157245532724 0.288180416597717 0.31177349731589854
0.575175657096876 0.15773143516880583 0.12333491643017058 0.14375799130414757
0.0599098979516014 0.5041878073433824 0.22124548045150194 0.21465681425351424
0.05300447941599762 0.4209586313781323 0.20602051298540314 0.32001637622046697
