37 10 4 29.17359450121377 58.34718900242754
9.500469425715762 5.176883568739668 2.7351552606144187 6.237053891919928 6.580757891562644 7.158016157168567 1.9309379951799825 7.709281896559901 3.5378116306681235 7.780821284298549
1.9000938851431524 1.0353767137479335 0.5470310521228837 1.2474107783839856 1.3161515783125288 1.4316032314337135 0.38618759903599653 1.5418563793119802 0.7075623261336247 1.5561642568597098
0.4434888437784015 0.3492167857923145 0.10436092414883613 0.10293344628044787
0.05122982888761973 0.5447213042999699 0.10899822099072243 0.29505064582168794
0.1170285061164541 0.21595075281307774 0.4704315793487711 0.19658916172169705
0.17893744751587604 0.186748720355991 0.39788951719652366 0.23642431493160931
0.0400942675872602 0.6001771151549875 0.16576698895021924 0.19396162830753305
0.0036038843698021905 0.3332470340578969 0.5999406792867121 0.06320840228558877
0.6797012767632207 0.024199378480046274 0.048173705065506334 0.24792563969122672
0.9028584605815093 0.07249733073451259 0.001695449326673093 0.022948759357305004
0.33135133487201707 0.11182095318108076 0.18646002990817645 0.3703676820387257
0.03963437307387663 0.29639674265775673 0.08257468509682864 0.581394199171538
0.19680428807852413 0.4305963082008356 0.33606475612810593 0.03653464759253433
0.13481198891426782 0.43856495656674543 0.35588507291981264 0.0707379815991741
0.3647247607005911 0.11369511345991035 0.49182284669984777 0.02975727913965076
0.19886053041744545 0.3967217414299682 0.3069522165021418 0.09746551165044459
0.019137010762836693 0.3857556412222921 0.41973533118017836 0.17537201683469283
0.4652334156763529 0.07016599717361138 0.3411552370915757 0.12344535005846002
0.038721346767512266 0.3802582723109873 0.046016559038513094 0.5350038218829873
0.5806743372841702 0.006610551881042648 0.3578767431694664 0.0548383676653208
0.4752617907753742 0.2547854160026971 0.1330141394951332 0.13693865372679548
0.20466254825117147 0.39285813583008156 0.09323149913409723 0.30924781678464974
