3 60 4 156.34160696760347 312.68321393520694
5.957181123171179 7.373330403562943 3.618142650216499 5.597448446778968 9.036522589128893 9.066637800400942 2.130267794174526 2.865185903243681 1.463204829707469 4.967288592855728 1.2688858979071025 5.1114990195524 6.842296428532847 3.5063855438317777 7.086294117821182 6.317765356747158 1.2158369413944883 6.029686791917938 3.3332720221671885 4.735910773090627 3.5517257359418686 7.238241264816967 4.964083459036655 2.411809646274669 5.901841162286603 8.022832880602303 3.7572717913856177 2.9976209553896327 4.491741318000839 9.427452848743874 9.783958802256404 7.051453083215323 9.125506976845582 8.611757841638614 4.401946371960002 1.8299530798455181 6.880698122711825 6.020566861496058 4.254082867563203 3.025490543558487 4.658679247386237 5.220462238292521 3.4231202042595514 3.6261349680288935 5.119177593906802 8.744805216522337 6.276276140210393 3.551390761889888 3.501797559612412 5.091598679697521 2.848693101444888 2.8124083993876585 5.626315538356977 1.7850643190272422 5.352269791164279 4.2595859114905 7.36917959634104 7.720716007918041 7.219836296701879 7.202623723794227
1.1914362246342358 1.4746660807125886 0.7236285300432999 1.1194896893557935 1.8073045178257785 1.8133275600801884 0.4260535588349052 0.5730371806487362 0.2926409659414938 0.9934577185711456 0.2537771795814205 1.02229980391048 1.3684592857065694 0.7012771087663555 1.4172588235642363 1.2635530713494316 0.24316738827889767 1.2059373583835877 0.6666544044334377 0.9471821546181254 0.7103451471883737 1.4476482529633934 0.9928166918073311 0.4823619292549338 1.1803682324573206 1.6045665761204606 0.7514543582771236 0.5995241910779265 0.8983482636001678 1.8854905697487747 1.9567917604512808 1.4102906166430647 1.8251013953691164 1.7223515683277228 0.8803892743920004 0.36599061596910365 1.3761396245423652 1.2041133722992117 0.8508165735126406 0.6050981087116974 0.9317358494772474 1.0440924476585043 0.6846240408519103 0.7252269936057787 1.0238355187813604 1.7489610433044676 1.2552552280420786 0.7102781523779776 0.7003595119224824 1.0183197359395042 0.5697386202889776 0.5624816798775317 1.1252631076713953 0.35701286380544844 1.0704539582328558 0.8519171822981001 1.473835919268208 1.544143201583608 1.4439672593403758 1.4405247447588454
0.3258071580648745 0.014041505891943418 0.033751460192110394 0.6263998758510717
0.061528930829939266 0.629948580117391 0.2801250952262374 0.02839739382643236
0.07256213782223342 0.5241016367796294 0.1272753648356193 0.2760608605625179
0.12929386460885417 0.022567132399686884 0.03595382791533719 0.8121851750761218
0.6816117788074266 0.02556882200047106 0.21954508344583012 0.07327431574627219
0.6603259063996125 0.0659935920284247 0.11578368744860956 0.1578968141233532
0.19207229639360313 0.3607722767568424 0.08082099063712922 0.36633443621242523
0.08979086952306481 0.6951458339080663 0.06603471361037061 0.1490285829584983
0.21798576840935358 0.26710845764473456 0.4428421215080375 0.07206365243787438
0.07362366921935759 0.3405032504968497 0.22604969718285162 0.3598233831009411
0.20937334952236364 0.06540715597327562 0.3763422649459601 0.3488772295584006
0.07013250508767022 0.012738513709887211 0.873578492519823 0.04355048868261957
0.17003354423713468 0.37072729194935916 0.1512166756863489 0.30802248812715727
0.34068848446015954 0.40039392193940304 0.1230372630110812 0.13588033058935622
0.6949634351408759 0.03172631634932199 0.0004623272565114078 0.2728479212532907
0.31381911523322203 0.5633929237110951 0.002912751304998462 0.11987520975068444
0.2049397689077791 0.6229230325136418 0.14376149565655982 0.028375702922019297
0.28704976468113286 0.4117602336992906 0.17336951001900247 0.12782049160057407
0.21594947101977668 0.06334512582707963 0.5690093002326397 0.15169610292050395
0.5394465002646668 0.23552131477625682 0.06194432367269154 0.16308786128638486
0.34309386439196143 0.3574179145743114 0.2647815721400929 0.034706648893634284
0.045497305855868864 0.4712870599873764 0.22595290770638354 0.2572627264503712
0.47891545221783816 0.3500856262568872 0.14895133118225934 0.02204759034301529
0.06854991826183676 0.47024273974133324 0.34544877308456723 0.11575856891226277
0.18377231801244276 0.3140105130060147 0.1227298503864499 0.37948731859509266
0.15308930072651616 0.12241917470717745 0.34322810754688626 0.3812634170194201
0.000745522041897928 0.24223265765205715 0.21856997195385042 0.5384518483521945
0.39095801573387867 0.18720534300383151 0.10133844503557499 0.3204981962267148
0.22771289672183592 0.21170863590781341 0.15758170957068074 0.4029967577996699
0.14528995885356388 0.11903556778664925 0.6716466498555684 0.06402782350421843
0.004266434167159439 0.03776441682641418 0.525035699447701 0.43293344955872537
0.29469349860327987 0.4113626849807265 0.26516604664296917 0.028777769773024486
0.172518252166179 0.29317481927755773 0.27000031508450917 0.2643066134717541
0.04206952345831805 0.6295007241759589 0.004426339833970783 0.32400341253175224
0.5081574288486054 0.27184579352997984 0.14752605343343728 0.07247072418797751
0.2519303025546189 0.09358703616050956 0.36936933339690436 0.28511332788796717
0.2904848960351515 0.21008065840128043 0.23475863305871214 0.26467581250485595
0.6687875779851072 0.22695195310801008 0.024081082879305105 0.08017938602757757
0.11493223803677854 0.05829276914754511 0.33286025494066274 0.4939147378750136
0.1264373052287192 0.4825901385318453 0.06578249097870814 0.32519006526072736
0.6312121124335804 0.019430064358122556 0.3320453158538632 0.017312507354433793
0.4520116163715753 0.10535577115862638 0.1335963162350634 0.30903629623473494
0.1378098929110333 0.07189654325058792 0.22221888272568857 0.5680746811126902
0.5162444812344429 0.3077166992688043 0.0674934184185445 0.10854540107820831
0.6238250857723261 0.1207863613121164 0.19298356085534651 0.062404992060210995
0.14559502906990662 0.15722480884770684 0.692966467637972 0.004213694444414551
0.039361447652614845 0.5114711482240184 0.022588684107127777 0.426578720016239
0.050779979002276265 0.29562172389799424 0.07299124074766661 0.5806070563520629
0.0416156415309622 0.15113132618885805 0.7528603511172244 0.05439268116295537
0.39247191354446664 0.07206506591807027 0.07944097407618667 0.4560220464612764
0.19646296069527902 0.2276842867091844 0.3961439580074839 0.17970879458805267
0.02223188655718822 0.18087577018398704 0.14184580619342047 0.6550465370654043
0.1699900179978242 0.12194116804851185 0.3276491604884708 0.38041965346519313
0.013082809952181584 0.1393804510058938 0.6030662159447607 0.24447052309716388
0.292256775952086 0.42362520278978033 0.2625231736541894 0.021594847603944256
0.36363386782871 0.11705792060667786 0.4328440237339213 0.08646418783069088
0.2096510681816579 0.07421311526972585 0.24414101170572533 0.4719948048428909
0.42411590028854873 0.32124994479344604 0.1281412563877974 0.12649289853020784
0.305111386874636 0.4329214440829994 0.18677555257932665 0.07519161646303796
0.08179074301518041 0.25968588780816415 0.3428250374078703 0.31569833176878515
0.44514504926353204 0.127648820605343 0.0953409348663925 0.33186519526473246
0.23058420435507399 0.012091217829264145 0.40780143602940144 0.3495231417862604
0.06696942393282634 0.132006602364252 0.276112584337353 0.5249113893655687
0.10010434458144468 0.4531733872262088 0.39882351122355475 0.047898756968791756
0.2638866709525134 0.2771330024072578 0.2981733844401995 0.16080694220002933
0.48023995608541004 0.26451236733894923 0.16922294358157852 0.08602473299406221
0.19638057670013687 0.16956000815247252 0.3597290390802115 0.27433037606717914
0.4888732446161128 0.05472108197970993 0.42850403708794305 0.027901636316234213
0.17721338080182358 0.27806598067906274 0.33233883802259 0.21238180049652366
0.04910892439787362 0.09422339307344774 0.7490608701157712 0.10760681241290748
0.4789782973769777 0.17324482768920701 0.07848499906285356 0.2692918758709617
0.05773148782296755 0.37778906835222525 0.5241866310780283 0.04029281274677887
0.26034507272891516 0.5771173599408073 0.05810789547226114 0.10442967185801644
0.06467319799028326 0.09336045671121074 0.13283879112798203 0.709127554170524
0.13946712418246032 0.21964040068103108 0.48231209416765675 0.15858038096885185
0.153740208571143 0.2658425481118015 0.3793815625378594 0.2010356807791961
0.24057032033459902 0.1271326629688614 0.597525165290455 0.03477185140608463
0.0921315918005916 0.3903654499732383 0.35119084256932975 0.16631211565684034
0.3146529987639973 0.11616202325446268 0.4009460684394065 0.1682389095421335
0.09556681500661357 0.1352694505697133 0.3038986047749941 0.46526512964867905
0.7510273073183793 0.08953377816785768 0.10796656147371775 0.05147235304004527
0.05564154105168817 0.10062088261958535 0.14842400927711852 0.695313567051608
0.06227948040577591 0.011758315874220493 0.42871325139442307 0.49724895232558053
0.07556640450523078 0.0009298778107262873 0.36931389639700174 0.5541898212870412
0.37281149964266846 0.06354558452384551 0.14695483107524343 0.4166880847582426
0.15724465838513624 0.06607831450060053 0.5753952977105737 0.2012817294036895
0.030311360522466524 0.13220932434405275 0.31698661995654764 0.5204926951769331
0.04629620299294834 0.6484687741802574 0.10043961000343271 0.20479541282336156
0.1342181696990331 0.23776214251040662 0.44280210431784006 0.18521758347272022
0.27555246302085457 0.1347677418863087 0.29169992442428905 0.2979798706685477
0.2465354688608895 0.17073142589633727 0.19432694078937018 0.38840616445340304
0.06154071592069976 0.4203056727590052 0.5062663641324732 0.011887247187821859
0.6326557741861389 0.1957761480579716 0.0286345103972091 0.14293356735868035
0.44591410991086855 0.014454393978373337 0.4065851879235566 0.13304630818720153
0.1134440838641173 0.10689224768419536 0.6511532083955602 0.1285104600561271
0.056872574048715596 0.35754628510464226 0.4895936124556308 0.09598752839101132
0.4175619104085895 0.05952972303477988 0.4236192339439816 0.09928913261264904
0.25018894238936007 0.5386434009536071 0.07377274391559097 0.1373949127414419
0.5338360410059095 0.034066133138121124 0.19421366641373794 0.2378841594422314
0.07291709358215726 0.41828603603352277 0.2996510534386043 0.20914581694571566
0.08408068107668132 0.45909877373769836 0.03379544056706818 0.42302510461855214
0.08949499139510886 0.4454805872352525 0.3335790550101272 0.13144536635951143
0.0021255584659090054 0.1000086622385793 0.11450304173374592 0.7833627375617658
0.3950607897751658 0.09165039904799133 0.08349704966708604 0.42979176150975684
0.2703919968833126 0.2823652655340697 0.21689745294051554 0.23034528464210213
0.04905633250513164 0.48837803743944186 0.2033790014075928 0.2591866286478337
0.7317056755620666 0.014965415430191698 0.19273238730890052 0.06059652169884122
0.5534328341543568 0.021036625781871154 0.40869232785397347 0.01683821220979853
0.12067506706890718 0.017604347789193175 0.587888579452452 0.27383200568944766
0.0066942183815162926 0.5282311161537652 0.4640131067244121 0.0010615587403064453
0.5728607109397055 0.04646656213977729 0.3011421514298711 0.07953057549064613
0.32806574380211173 0.06668612659984907 0.2655951817932376 0.3396529478048016
0.29203198656434615 0.3112682766889354 0.094604483179062 0.30209525356765643
0.3882241952684343 0.49826021238734797 0.018780493624432015 0.0947350987197857
0.3818250401120593 0.03055772682016178 0.0242929745079411 0.5633242585598378
0.0842216489841201 0.4063850533631399 0.22888379686307758 0.2805095007896624
0.49432957554179124 0.040310933877857114 0.13871913118446766 0.326640359395884
0.3627879225706402 0.09316440853625474 0.2740214109186775 0.2700262579744276
0.549236867792428 0.0730757680584222 0.37175459583916015 0.005932768309989678
0.2912822049989271 0.1641443663404677 0.0715356835768991 0.4730377450837061
