29 10 4 32.25677029876061 64.5135405975212
8.773839870130747 3.564153687048641 1.6593074927536242 7.869134838972565 5.074471518394702 5.88067186607897 7.539722045447566 8.6401459685334 7.91379980028084 7.598293509880157
1.7547679740261493 0.7128307374097282 0.33186149855072483 1.573826967794513 1.0148943036789404 1.176134373215794 1.507944409089513 1.7280291937066798 1.582759960056168 1.5196587019760313
0.05837730581172118 0.18360911889216391 0.368685849153775 0.3893277261423399
6.349575462794022e-05 0.2856084317917039 0.5552478078422272 0.15908026461144098
0.48472898990939883 0.24907766768061368 0.07315850555563952 0.19303483685434797
0.12903977031017677 0.3496039327416619 0.3268044955682663 0.19455180137989503
0.08335293128691434 0.3445200692682304 0.0630670845211706 0.5090599149236846
0.11374120342961302 0.1937962352996745 0.17016257923338696 0.5222999820373255
0.23656967978232846 0.5669613045776244 0.0698306776225841 0.12663833801746305
0.2960260657626256 0.0635957491264888 0.5187409155767679 0.12163726953411769
0.12385949297344134 0.4295081891907713 0.19012109744321348 0.2565112203925739
0.17442064952655978 0.3287660376806233 0.47277477966155634 0.024038533131260587
0.25591487456188833 0.15375405159589595 0.31063976639695445 0.2796913074452613
0.6844637468101178 0.12468967329070357 0.11445667462113096 0.07638990527804768
0.46611212698404725 0.19646187658847436 0.2934383973817115 0.04398759904576688
0.43798752886566594 0.2041630433772893 0.015970199803036822 0.34187922795400794
0.32981060187099254 0.33391253642440055 0.0915914032288937 0.2446854584757132
0.9195368729845518 0.05097831214711901 0.01440411341739678 0.015080701450932432
0.1630047862908065 0.6945312291570032 0.08972602251964368 0.05273796203254666
0.037903610520085174 0.5291895721993554 0.08650579495685917 0.3464010223237003
0.3999161855654614 0.07595251214125309 0.4856619377946927 0.03846936449859284
0.03711694924275055 0.34698890124005066 0.007451067066732264 0.6084430824504665
