4 20 4 58.45090540257116 116.90181080514233
9.70326855112309 5.925090242581501 9.75415923968396 7.433343943069282 7.2795594213754375 2.9448054602233875 9.786470092986177 1.0560722968413088 3.2768412614509956 4.913123791640012 8.014446296143772 2.7791656714022777 8.766939120393001 9.850606094577815 2.4745801726422885 6.376005495395733 1.080874879007995 4.4791415437926645 1.3974405213834962 9.609876709428123
1.940653710224618 1.1850180485163002 1.9508318479367919 1.4866687886138563 1.4559118842750876 0.5889610920446775 1.9572940185972354 0.21121445936826175 0.6553682522901991 0.9826247583280023 1.6028892592287545 0.5558331342804556 1.7533878240786003 1.970121218915563 0.49491603452845767 1.2752010990791465 0.216174975801599 0.8958283087585329 0.27948810427669923 1.9219753418856247
0.17316542149594816 0.2629812253838495 0.3501593390552633 0.21369401406493904
0.5279088234179203 0.07283389795984896 0.1326374461328006 0.2666198324894301
0.15822340718479944 0.36347271526015856 0.002707957623515389 0.4755959199315266
0.39690000290173266 0.004595440688540231 0.36590952349985095 0.23259503290987615
0.3755757685875424 0.17916509435501615 0.13192621697378726 0.3133329200836542
0.4977941146173057 0.13976295840143094 0.2579440930374094 0.10449883394385395
0.8301881020983463 0.07447948664502069 0.013715450396395767 0.08161696086023729
0.33117450309112273 0.26451361397721174 0.24975553202577883 0.1545563509058867
0.5147339709131451 0.08253263640602981 0.13532684127079286 0.2674065514100322
0.06506781238280734 0.06411897128763033 0.23446356337440022 0.6363496529551621
0.04853413641955251 0.5231072351951966 0.11238184350887848 0.3159767848763724
0.4877376391496743 0.022505990145265775 0.15668414224468596 0.333072228460374
0.35028521085551567 0.014267964470240146 0.10806813384001723 0.527378690834227
0.2609221572944955 0.15811187725780484 0.19989589209179326 0.38107007335590637
0.08318412257086116 0.5955012799081228 0.30093085956150134 0.020383737959514647
0.34745133671105566 0.26437047974423644 0.14770771270803928 0.24047047083666862
0.17377979375527586 0.23484699299462208 0.05686288806763773 0.5345103251824643
0.01597127753156069 0.7368489179488522 0.22045779864851778 0.02672200587106932
0.03387761789840915 0.4074630864742609 0.09356189729178255 0.4650973983355474
0.006323937265482749 0.6253683078594968 0.3179766948228644 0.05033106005215604
0.07494858701310703 0.7913407115685914 0.08268800819986433 0.05102269321843722
0.16797218371840383 0.2404716764336109 0.5291277237989273 0.06242841604905802
0.10819338288723068 0.4370092688159821 0.09240759242278085 0.36238975587400635
0.17897391004113083 0.44494220350709224 0.025888995471119225 0.3501948909806577
0.25367964866138315 0.24885341066555122 0.12239778473716334 0.3750691559359023
0.18244540457120684 0.009000997547756517 0.17140718631416307 0.6371464115668736
0.40482521731090604 0.011951087367456537 0.015045766662865057 0.5681779286587724
0.08466161102041025 0.48747715925233837 0.28887554148032335 0.13898568824692803
0.24545370858310211 0.3581098017771043 0.2910877819565324 0.10534870768326121
0.5400747296428063 0.07448811670752564 0.15319518798041376 0.23224196566925426
0.10981811811784403 0.40483557896581246 0.3290532969069989 0.1562930060093446
0.14872683943405696 0.661417582692088 0.11657627111410629 0.07327930675974881
0.18902575945615485 0.20375541536597508 0.47299374112196935 0.13422508405590072
0.4124722116627568 0.02429408027675639 0.46565556393662766 0.09757814412385912
0.6235688394069139 0.10942987818908112 0.09302414942922455 0.17397713297478046
0.05888009415812312 0.06513452415514887 0.6704086992633702 0.2055766824233578
0.7629936412753662 0.17959220845161405 0.0012116561560653327 0.05620249411695444
0.040091124641168374 0.5031991903823657 0.4379196041077267 0.018790080868739234
0.2724714587237361 0.3850131771115364 0.00907376026498763 0.33344160389973987
0.0993277648941745 0.18870906210353366 0.44023261319553875 0.2717305598067531
