64 20 4 45.2354465162796 90.47089303255919
4.411886728903931 6.103883504616526 6.360332613914097 5.048730089699074 5.113178428552468 3.8048589808785596 3.8200362507781334 3.6537351490142242 5.776952151120637 4.56599819439477 7.4687533496646346 5.932827972549015 6.2386757443642695 2.508858440119433 1.2634947783765589 2.878677261226094 1.2031789291991073 6.712069979680181 3.019975652797654 4.584788832709828
0.8823773457807862 1.2207767009233053 1.2720665227828194 1.0097460179398148 1.0226356857104935 0.7609717961757119 0.7640072501556266 0.7307470298028449 1.1553904302241276 0.9131996388789541 1.4937506699329268 1.186565594509803 1.2477351488728539 0.5017716880238866 0.25269895567531175 0.5757354522452187 0.24063578583982145 1.3424139959360362 0.6039951305595308 0.9169577665419656
0.03566996876236428 0.18077446531101227 0.40305636433865766 0.3804992015879658
0.20608794746311854 0.3953469317618368 0.2645592543324049 0.1340058664426398
0.3525379118118491 0.023282455613801933 0.5127789587864162 0.11140067378793272
0.42334245064614184 0.14567114019018512 0.05426921333881429 0.37671719582485874
0.1309454633729532 0.5806309501500752 0.2777536392229406 0.010669947254031031
0.08694693688587751 0.450554544815859 0.2750930672071069 0.18740545109115658
0.24138247743851493 0.4536883780660267 0.2704843073815354 0.03444483711392299
0.43989497483172524 0.025430530941239593 0.1468517733878214 0.38782272083921376
0.06485964093513452 0.19788483206538687 0.06601254314207006 0.6712429838574085
0.07826413945779476 0.20729965704749764 0.6752537456535859 0.03918245784112173
0.3255601902775359 0.27794158390894763 0.3382092584893478 0.05828896732416866
0.32445528378267485 0.14793933017904082 0.0848250058051534 0.44278038023313093
0.07940994130836332 0.7174930792350928 0.06992083629913837 0.13317614315740556
0.5442000525379087 0.05819890128417793 0.20486400638753532 0.19273703979037804
0.047073860316548255 0.6928691698674712 0.08654953296066381 0.17350743685531678
0.0071538258880377015 0.5191337554589527 0.2964770393796379 0.17723537927337174
0.15133760508293048 0.1524402849008012 0.17204878564784687 0.5241733243684215
0.3965254897106665 0.2544402848425995 0.1812063671935913 0.16782785825314273
0.06260925718039012 0.28143790985973616 0.2848532193727453 0.3710996135871284
0.16002545559720538 0.013067674414645292 0.5636771602621344 0.2632297097260149
0.0019484974344642358 0.3748410550849671 0.028055930334228818 0.5951545171463398
0.17591993612773082 0.05098140472329615 0.02882207935747938 0.7442765797914936
0.01798798449939376 0.28803477802537647 0.3655595338475327 0.32841770362769707
0.24976651629104318 0.14433967212318854 0.18107168081639458 0.4248221307693737
0.24507316100625598 0.5225384130356644 0.18934771949993534 0.043040706458144284
0.09894442813170345 0.4311089835321952 0.372758434323349 0.09718815401275238
0.09696807065302482 0.1531498527130788 0.0817537243990023 0.6681283522348941
0.5178368630163431 0.32593399572841675 0.00046734892046884635 0.15576179233477128
0.4320164574705886 0.21867402885981946 0.19329164530933518 0.15601786836025677
0.01616414734422067 0.029437794276885976 0.06193882857518429 0.8924592298037091
0.10155763563414877 0.57174853772061 0.03673708541618781 0.28995674122905346
0.3070009714400088 0.02336413990059316 0.6491017530272324 0.020533135632165633
0.4588355578091533 0.020316517118273425 0.5094730073083034 0.01137491776426991
0.023363770515924642 0.02583275458032319 0.028135902785390243 0.9226675721183619
0.022632746739208343 0.3530227138838832 0.12736438282982132 0.49698015654708716
0.050402740750721375 0.1107732039413869 0.8074079837094291 0.0314160715984626
0.22485718445003233 0.05017391535035509 0.21263308631995947 0.5123358138796531
0.015229400104253221 0.6205042171043902 0.07257742140949841 0.2916889613818582
0.3375684730702272 0.04030007206283215 0.3494182024826943 0.2727132523842464
0.3326829434673577 0.38998600606490075 0.11957921519542491 0.15775183527231662
