19 80 4 225.28612747861567 450.5722549572314
1.8778024157450641 7.851247450073707 3.2224417584969434 2.2431851872868758 3.983019069438383 1.7469960850620359 7.0477937315242 8.259344183454917 9.844677230897926 6.720946613171673 2.943309304424623 5.941246888758517 5.910039622083035 3.1066846583230148 2.023532587063715 5.496933403440592 2.368975801796092 5.794174725015426 4.483060916018941 7.194946450799479 4.356344407675536 9.515440404670533 7.996221262960363 6.47230872760709 6.537088329274621 6.786888411423911 3.416351564173012 7.751405337429039 3.58147440478138 7.3843845204361065 1.5830809792458904 7.208726313153122 5.969510501227097 5.984438322795047 4.118757668115313 2.5535166407577794 5.877393738068665 1.46592138714197 8.43001852063789 7.399602732082687 1.3975050039667143 1.6888290538206574 1.0930950559922112 9.948743400321481 6.3949950738723444 2.617649224882329 4.2794056176947475 8.774530543388366 5.052299508662531 9.742327916364744 2.220937990436866 7.441070344325025 9.288534255285368 9.418279802930748 9.426726179811324 7.054966403961509 9.450933718984563 5.71804957193857 5.040295813016592 1.2814982799896906 8.731940412772111 2.642759146207465 7.554785016957649 9.706314507964233 9.08484171285994 8.509343525118272 6.314570236255389 4.253133237341899 2.4834762708761606 4.961905843972299 7.841678691417675 4.980464495854026 2.1747105271301144 2.6383811078763078 9.97693599204676 3.4196671126423346 8.895386952957491 2.4756450419984266 9.544907098205506 4.601503010598607
0.3755604831490128 1.5702494900147415 0.6444883516993887 0.44863703745737515 0.7966038138876766 0.34939921701240717 1.40955874630484 1.6518688366909835 1.9689354461795852 1.3441893226343347 0.5886618608849246 1.1882493777517034 1.182007924416607 0.6213369316646029 0.404706517412743 1.0993866806881185 0.4737951603592184 1.1588349450030853 0.8966121832037881 1.438989290159896 0.8712688815351072 1.9030880809341066 1.5992442525920727 1.294461745521418 1.3074176658549241 1.3573776822847823 0.6832703128346024 1.5502810674858076 0.716294880956276 1.4768769040872214 0.3166161958491781 1.4417452626306244 1.1939021002454193 1.1968876645590094 0.8237515336230625 0.5107033281515558 1.1754787476137332 0.29318427742839404 1.6860037041275782 1.4799205464165373 0.27950100079334284 0.3377658107641315 0.21861901119844224 1.9897486800642963 1.278999014774469 0.5235298449764658 0.8558811235389495 1.7549061086776732 1.0104599017325062 1.9484655832729487 0.4441875980873732 1.488214068865005 1.8577068510570736 1.8836559605861496 1.8853452359622647 1.4109932807923018 1.8901867437969126 1.143609914387714 1.0080591626033184 0.25629965599793814 1.7463880825544222 0.528551829241493 1.5109570033915298 1.9412629015928466 1.8169683425719882 1.7018687050236543 1.2629140472510778 0.8506266474683798 0.49669525417523214 0.9923811687944598 1.568335738283535 0.9960928991708051 0.43494210542602285 0.5276762215752615 1.995387198409352 0.6839334225284669 1.7790773905914983 0.4951290083996853 1.9089814196411012 0.9203006021197213
0.05391789471661923 0.3470294373514907 0.25173204673383376 0.3473206211980563
0.24963864058647178 0.3811034603913874 0.11014407078919008 0.2591138282329507
0.07858701687903547 0.20893441919179379 0.13464702426704966 0.5778315396621211
0.3330956994836386 0.48773917275243506 0.01435247294588804 0.1648126548180383
0.34755772832383647 0.3223861770116192 0.31349187571032044 0.016564218954223886
0.18849319518824292 0.6445668481969032 0.15171702857391345 0.015222928040940387
0.014979197663230304 0.6969662449111698 0.14965888785544768 0.13839566957015226
0.3136907146921142 0.16341339522372023 0.10689314465023081 0.4160027454339348
0.05655338856796899 0.0001328777592484176 0.24661841618095892 0.6966953174918237
0.1261308714399476 0.03604986982079039 0.15020965990600776 0.6876095988332542
0.3480439103883216 0.2495266661869946 0.016134976975945237 0.38629444644873856
0.25215345299998027 0.30528872677097696 0.04809446139529305 0.3944633588337497
0.18361641447253563 0.02376201062128358 0.35233953774174653 0.44028203716443426
0.060526567455402525 0.5331883635251127 0.07338857789040742 0.3328964911290774
0.12489571073937256 0.14784999593640769 0.574250542254997 0.1530037510692227
0.050327417125237806 0.7079808213737465 0.11306894591766203 0.12862281558335364
0.08203183389714397 0.2621452478570323 0.13344636907862684 0.5223765491671969
0.3648759804820427 0.41943693538557025 0.07432302392302237 0.14136406020936465
0.017534314743064883 0.009938693458807712 0.08911981828544224 0.8834071735126852
0.19736489490056042 0.018442835082999154 0.256652059407921 0.5275402106085194
0.3152870972060816 0.01812996640823561 0.30830232690553705 0.35828060948014573
0.15401655534776437 0.03859578078631354 0.4714726812837978 0.33591498258212427
0.49025892095773627 0.10515620487305488 0.15088513765929168 0.2536997365099172
0.47934951251809044 0.04442777531710462 0.4154142308014226 0.06080848136338235
0.13908707985752178 0.20461189711569294 0.4973784799966874 0.1589225430300979
0.3463125746312026 0.07089278922964892 0.012585878711242282 0.5702087574279062
0.1278628031348774 0.07600489093101237 0.5394308457553798 0.2567014601787304
0.2865322895218563 0.5180008016749535 0.1362377642835435 0.05922914451964667
0.5585962310956404 0.07143147082202994 0.26687135917077565 0.10310093891155403
0.6149198892672592 0.06447473676530169 0.09560385982481301 0.22500151414262615
0.20099338300343494 0.1447172111888897 0.3860313205588334 0.268258085248842
0.20264181019874605 0.10228949599964021 0.2804930094274313 0.41457568437418246
0.1839425804312511 0.05413973543904227 0.5143722707449931 0.24754541338471348
0.010803173960604928 0.37747316697008726 0.4294190754865519 0.18230458358275592
0.1135557628288063 0.4889269013045575 0.11420128816877939 0.2833160476978568
0.18754649919092514 0.06492433699177746 0.7387605681165816 0.008768595700715753
0.7943365640947774 0.09215467500657482 0.03689194724026601 0.0766168136583818
0.023251633557041074 0.6494009617586461 0.1629397972898743 0.1644076073944385
0.2853041058506832 0.19409229010700713 0.2863521556246337 0.23425144841767598
0.2027172757825173 0.026803273462371657 0.18513616057196125 0.5853432901831498
0.12833591690060864 0.6356459615351541 0.09049683722324875 0.14552128434098854
0.8184580927554561 0.04114274590026501 0.06987396416464509 0.07052519717963379
0.38883407519497726 0.0718283146429406 0.3696446898459689 0.16969292031611327
0.07381865143546895 0.24694627637041233 0.1861228667329189 0.4931122054611998
0.12113622535732915 0.14555765836432444 0.7230853249729631 0.010220791305383337
0.08978307168285915 0.508425833055573 0.3032267178237116 0.09856437743785629
0.07112842487935045 0.22282776689244443 0.38287735728362216 0.32316645094458296
0.4195896504220653 0.05732799681339518 0.2053896069419937 0.3176927458225458
0.7244756851016785 0.03319367085943847 0.18537159420475513 0.05695904983412792
0.057710340216062916 0.7835763777921074 0.12726151859261936 0.0314517633992103
0.008110081570639638 0.11283131668835722 0.7024050824244552 0.17665351931654794
0.0969423737630496 0.11368848253757668 0.08700374898289942 0.7023653947164743
0.20939412846708239 0.18739986779617102 0.4863119294928677 0.11689407424387888
0.0891404032268931 0.1281174993169889 0.23974422617244495 0.542997871283673
0.3620968695773541 0.27702740473959897 0.1914287944738624 0.16944693120918453
0.4534320641786288 0.004713265595859162 0.08781722526832958 0.45403744495718246
0.00470442709286778 0.03479449482569752 0.9175241587682502 0.04297691931318448
0.30255828755394176 0.1653507465173587 0.09312601716091673 0.4389649487677828
0.051630516538240134 0.19665291425340192 0.28996572231746676 0.4617508468908912
0.6074147558709226 0.051432936838024745 0.2535537261885561 0.08759858110249652
0.08114252193196714 0.4994863348165284 0.1832107803634231 0.2361603628880814
0.010649195240721943 0.18072975512584677 0.1934260870479796 0.6151949625854517
0.014911714483096028 0.2466200614312728 0.6832696214530875 0.055198602632543725
0.21684660784992438 0.06538067690422023 0.21796322853880912 0.4998094867070463
0.6136733190422102 0.2052412325651024 0.16698609834479916 0.014099350047888204
0.09261285279727272 0.6358727648254943 0.038785634419554404 0.23272874795767862
0.18497884128670694 0.14980630419471397 0.5107003094752062 0.15451454504337292
0.45998264198212624 0.1298975631014999 0.19156672872374214 0.2185530661926317
0.35322080367255915 0.16885540487125417 0.4438812167343241 0.03404257472186256
0.4952623357507554 0.10841554249960972 0.2091561657702865 0.18716595597934838
0.08112635320772366 0.1152218217041383 0.5107843103286165 0.29286751475952155
0.28665964257466414 0.007427248083815119 0.5017050417928387 0.20420806754868204
0.09173527863870778 0.32704966367956023 0.1772469026803889 0.4039681550013431
0.14026637455174173 0.054030813007650225 0.18834420473122238 0.6173586077093857
0.6976427597551736 0.17653133084850003 0.05811264325049681 0.06771326614582951
0.902324616414406 0.05684580759491198 0.023786762455194288 0.017042813535487755
0.23773787479031094 0.39408661783257837 0.3371476656204251 0.031027841756685604
0.1766451647301449 0.013656579797622581 0.027591884433443847 0.7821063710387887
0.22220449994786462 0.1860370070302826 0.5038591374444267 0.08789935557742612
0.1313451191824071 0.04358790816056102 0.365673282633597 0.4593936900234349
0.4952041632942823 0.215528510328851 0.20109366650275273 0.08817365987411396
0.3484708615800669 0.01268614660051115 0.613073842488818 0.025769149330603924
0.06326975075740693 0.14259647268577147 0.17560338641329132 0.6185303901435303
0.08207576786149495 0.5935559949090882 0.14102551289129206 0.18334272433812482
0.6316655437677292 0.2612961036239183 0.06623765215160071 0.04080070045675177
0.1420305629591706 0.20625399842319114 0.40334667770886934 0.24836876090876892
0.7958041137284613 0.060736073099955434 0.0007342850226786934 0.1427255281489046
0.09318029011083084 0.17388568277167704 0.3741565196302382 0.3587775074872539
0.029364493641441447 0.3020648085107449 0.5788228095372758 0.08974788831053782
0.09960114391646324 0.0512802494796506 0.4089192232086766 0.4401993833952096
0.07022964247308394 0.24166881740677137 0.03751692286806119 0.6505846172520835
0.07536713361265246 0.4500987748579175 0.06939059301495931 0.40514349851447073
0.3798911969876221 0.007757252051271979 0.09871394799885158 0.5136376029622544
0.042419133629680195 0.027660119844722164 0.674711309309253 0.2552094372163446
0.23371067335722562 0.2783930068171666 0.3209569766557586 0.16693934316984915
0.24418834657693944 0.015446431215246692 0.2611271031501736 0.47923811905764024
0.10632956221260637 0.7407219465431364 0.05124219257795393 0.10170629866630332
0.09833603119427892 0.011769020976248323 0.7543121669855922 0.13558278084388053
0.12359902522121269 0.28801029084602325 0.013393561180907843 0.5749971227518562
0.08268172460873968 0.36193712314287185 0.3130839433664765 0.24229720888191197
0.14802901927812395 0.07716668903865864 0.301241980114098 0.47356231156911943
0.23212703741814522 0.6206175452026389 0.12758376508228986 0.019671652296926023
0.0571361284285018 0.03529439953584279 0.39175756893295655 0.5158119031026989
0.49919534177933633 0.16044337117608853 0.29393147258609387 0.04642981445848127
0.09126212613680684 0.6908504350903605 0.17542861176650648 0.042458827006326194
0.10295325343922845 0.04987114656532132 0.5416590491833564 0.30551655081209383
0.39830299483347154 0.0594470972185317 0.13928513762692651 0.40296477032107025
0.42255596965201847 0.17920311799009858 0.19581294913218528 0.20242796322569767
0.3431823041372002 0.022150932316541416 0.3670286264867465 0.2676381370595119
0.7201669376618975 0.004116494777827384 0.11359603365349513 0.16212053390677994
0.23143007474648547 0.31141084651332684 0.3129905026101396 0.14416857613004808
0.5303706067571673 0.19595009040171096 0.09647696229115121 0.17720234054997053
0.006081184955352259 0.16399454642325773 0.6798304289899085 0.15009383963148148
0.1532325276552976 0.11926891766077252 0.06559393481234244 0.6619046198715874
0.36610153537741397 0.13901769788001594 0.4891512068581584 0.005729559884411706
0.10519718911399789 0.32712864814076625 0.0473557295598791 0.5203184331853568
0.12074559325072265 0.06734013178838039 0.14780388108793518 0.6641103938729618
0.10117916502015534 0.01799790251899136 0.5529619281159149 0.32786100434493837
0.43842117147878434 0.2972249521200724 0.06083477240649604 0.20351910399464723
0.0052177065537575285 0.10473864050421766 0.6727623574271319 0.21728129551489295
0.15937568085119957 0.33595939715450385 0.391055471942206 0.11360945005209055
0.1343566036345819 0.47279472459310834 0.019908310034681742 0.372940361737628
0.48806761013430955 0.3426514903576058 0.08961326648196044 0.07966763302612423
0.006544831683600094 0.2214662721466678 0.19566535329000845 0.5763235428797236
0.3437305657797787 0.6185227501884936 0.034659707223486436 0.0030869768082413263
0.09687492049327273 0.09872422035559336 0.5596803305961278 0.24472052855500614
0.2184702336960579 0.28630929425120744 0.03612605474479169 0.459094417307943
0.49713828384011716 0.13555431110443616 0.04744587652726495 0.3198615285281817
0.28913522661955204 0.24052169741843576 0.016215783093835867 0.4541272928681763
0.15589071179530112 0.007484510384933807 0.0521883348375789 0.7844364429821862
0.1342387532760161 0.16297332144636845 0.3646371884390619 0.33815073683855357
0.4949543250551719 0.2265094633567143 0.09448285131378731 0.1840533602743265
0.3533510241693363 0.2811049452057842 0.28208565605171043 0.08345837457316907
0.43764560524207763 0.19671089543291032 0.04301520977844764 0.3226282895465644
0.5791637497235428 0.2371609924426561 0.06711398737887886 0.11656127045492226
0.10179076462800551 0.676419897400957 0.04031600625148313 0.18147333171955438
0.17932972521218804 0.14716922600320814 0.3071349066589899 0.3663661421256139
0.39453038899324855 0.014719572200319053 0.3340833073040914 0.256666731502341
0.08695106746576786 0.28330197565544935 0.4212035031638367 0.2085434537149461
0.3546058917377045 0.24941239708147855 0.1482917773511233 0.24768993382969362
0.04886475537023183 0.14386991665040083 0.6243540105490365 0.18291131743033084
0.23620239810273402 0.38908521189176215 0.009566280471949962 0.36514610953355386
0.08937897132779538 0.26184576188899955 0.0830759388454696 0.5656993279377355
0.254531788635344 0.4822551740892431 0.22215507340354246 0.04105796387187044
0.5630624299618642 0.04865154679663097 0.10548225192945648 0.28280377131204837
0.03907460555532227 0.0037720680976219834 0.6365706418299701 0.3205826845170856
0.08687420474552421 0.01439403680626039 0.09362902043091303 0.8051027380173024
0.19981540012604004 0.10921839881272 0.22006639046740506 0.4708998105938349
0.23890409052452966 0.16825336084778697 0.1983997327410867 0.3944428158865967
0.4764445836582516 0.388626758917768 0.11574462596915813 0.01918403145482228
0.01197635742207459 0.040508596170506284 0.5923830063516452 0.3551320400557739
0.4267019515617152 0.3173395440333503 0.03225052866665501 0.2237079757382795
0.06312860202951531 0.2536360629318869 0.2081613121477881 0.4750740228908097
0.2340678558662561 0.020878748199735675 0.6003049707873507 0.14474842514665753
0.2529186056004773 0.003524607541088298 0.17528687345034 0.5682699134080944
0.25893483459035316 0.015187145639072419 0.18081460980915065 0.5450634099614238
0.11747860133040244 0.06125554722544291 0.574212466778701 0.24705338466545368
0.14984638828851626 0.6662760254494945 0.018746106423739417 0.16513147983824983
0.2957217836029564 0.12928718911612236 0.3374940525926904 0.23749697468823083
0.2825278712312215 0.06895808966107386 0.6232432111518681 0.025270827955836572
