15 70 4 170.95552343083978 341.91104686167955
8.639359275417208 2.610063324288986 1.4892689287578829 4.253846014794006 3.478608357457708 5.770002024058828 3.753270241623244 3.740269232387288 2.0056714855803524 3.2490911249210304 9.258669080529062 3.3773216792803624 7.459963187262005 8.791435307711387 8.263715340208382 2.8949552439294517 2.5051872831080093 1.420357525138645 1.354800805817483 2.802077287979256 9.986890624544548 4.355082804950994 7.844592465360547 5.26126998414845 5.587437752358892 9.505345754713984 1.9850198350764694 5.18583844688352 2.273997339107213 5.84513885941233 3.6909879085022093 5.839706974769524 6.99064784042369 4.278959205113313 6.607167574011044 6.784523967206902 4.779836380876361 4.6291819060914605 4.513782934868866 4.6557057022524235 1.7169949485090803 1.5114808127087538 1.7049781776978001 7.261100295752148 1.2624306481462861 5.495431777561755 2.193708859700151 1.2768007019120664 6.7554048548249135 5.013983327676513 9.771459721475921 3.9678933913443224 2.758823408918684 7.1564159108206855 4.159889715404629 7.939325020053414 8.126195512325273 4.994871302128862 3.4194547113241627 1.2151397984906493 4.341993091910423 1.879577916902769 7.547702937201211 5.134999828021441 5.68446827328767 7.161121386131628 4.827612657631158 6.431257515801294 8.414641976107697 5.066841370984957
1.7278718550834415 0.5220126648577972 0.29785378575157656 0.8507692029588012 0.6957216714915415 1.1540004048117656 0.7506540483246489 0.7480538464774577 0.40113429711607046 0.649818224984206 1.8517338161058123 0.6754643358560725 1.491992637452401 1.7582870615422774 1.6527430680416764 0.5789910487858904 0.5010374566216018 0.28407150502772904 0.2709601611634966 0.5604154575958512 1.9973781249089098 0.8710165609901989 1.5689184930721094 1.05225399682969 1.1174875504717785 1.9010691509427968 0.3970039670152939 1.037167689376704 0.4547994678214426 1.169027771882466 0.7381975817004418 1.1679413949539048 1.3981295680847379 0.8557918410226627 1.3214335148022087 1.3569047934413805 0.9559672761752722 0.9258363812182921 0.9027565869737731 0.9311411404504847 0.34339898970181604 0.30229616254175073 0.34099563553956 1.4522200591504295 0.2524861296292572 1.0990863555123511 0.4387417719400302 0.2553601403824133 1.3510809709649827 1.0027966655353027 1.9542919442951843 0.7935786782688645 0.5517646817837367 1.4312831821641372 0.8319779430809258 1.5878650040106828 1.6252391024650545 0.9989742604257724 0.6838909422648325 0.24302795969812988 0.8683986183820845 0.3759155833805538 1.509540587440242 1.0269999656042883 1.136893654657534 1.4322242772263256 0.9655225315262316 1.2862515031602588 1.6829283952215395 1.0133682741969914
0.10682265172052396 0.7811225493127817 0.029996197618370912 0.08205860134832343
0.12759215495203946 0.09216988238509527 0.7010376330100653 0.0792003296528
0.2952965716988186 0.31255573567370976 0.13556732209347055 0.25658037053400107
0.0016447577600704477 0.4188497387558515 0.49930622810735126 0.08019927537672678
0.20071996630407773 0.3730317202587947 0.3585256569780372 0.06772265645909037
0.015004156349900266 0.6003960105675501 0.006220167160935097 0.37837966592161454
0.009044383533662548 0.5899952878635562 0.07933505184175016 0.32162527676103114
0.12142450487678924 0.5443278389647979 0.2751265368347334 0.05912111932367947
0.20999573804245497 0.1912927616934902 0.5926262014919339 0.0060852987721209395
0.2154033690963183 0.21861830246343783 0.24899967933945444 0.31697864910078943
0.3699892463660712 0.3081277247201294 0.18181568021806682 0.14006734869573256
0.11538834870299763 0.4361335235910033 0.16491168299267134 0.2835664447133277
0.06600112254706125 0.5642018056500484 0.11523529942540356 0.2545617723774868
0.6235820536184046 0.1376946175385506 0.027943057820307704 0.2107802710227371
0.03612705238698832 0.06316350500544798 0.8704521546315618 0.030257287976001912
0.18474297802999107 0.6126425177553889 0.17111975493242726 0.03149474928219276
0.21738165701726286 0.2211276522766259 0.3060044190545109 0.2554862716516003
0.24896492113506385 0.5728815843698093 0.005965830591568189 0.17218766390355866
0.030873134596241747 0.7174626926682466 0.0215174165648635 0.23014675617064817
0.2622475997454339 0.19001842210125297 0.36499043903367223 0.18274353911964092
0.16787213484059926 0.316339988524342 0.23334137758938533 0.2824464990456734
0.1585468371652191 0.1535946996410663 0.45705645094362535 0.23080201225008923
0.0073315085486058695 0.2018756192129627 0.05905712763137605 0.7317357446070554
0.2094201517943991 0.2784664723305631 0.00017846314580682865 0.511934912729231
0.6234512639946268 0.07964761210196925 0.20574953276783825 0.0911515911355657
0.026123872851089747 0.23835243138622253 0.155301965301602 0.5802217304610857
0.14443024398515147 0.08091929546621346 0.45255167827257714 0.3220987822760579
0.015936433652146365 0.5124701103909178 0.3301295755440016 0.14146388041293423
0.24776276007443354 0.02171977709283568 0.4730660380549353 0.2574514247777955
0.32233959235494003 0.6230497363193116 0.0021603122196796054 0.05245035910606877
0.08258403571946071 0.7225423274798254 0.12035227296112927 0.07452136383958463
0.06040716813355995 0.5896587555689158 0.15004495615999802 0.19988912013752624
0.17427870674180068 0.24418529275942236 0.5099019929728841 0.07163400752589288
0.25064275513904455 0.41876019107305673 0.016565908152207376 0.31403114563569134
0.3927243966621393 0.4206397488034488 0.165218828442126 0.021417026092285907
0.33206146644855716 0.14181588160874203 0.354057566279514 0.1720650856631868
0.06944861711891037 0.181248340745241 0.3415951412112246 0.40770790092462406
0.0423843533949293 0.17673592360972146 0.25604000609875854 0.5248397168965907
0.4137737339418399 0.35819630408235303 0.22006308010894526 0.007966881866861786
0.07119029432072288 0.6649581142776121 0.19688336685444785 0.06696822454721718
0.16771961723145623 0.061685772750495915 0.16226842103173145 0.6083261889863164
0.46852377247792687 0.08276592972877461 0.166872091381291 0.2818382064120075
0.5307177414357697 0.16530374480997612 0.2259703590554515 0.07800815469880273
0.21965130223389528 0.3172140447616656 0.3474210288342565 0.1157136241701826
0.3983457517212088 0.21394846821673152 0.3123966237117968 0.07530915635026292
0.27245316628494876 0.5074769390764496 0.13391805873121398 0.08615183590738762
0.16246289295671446 0.2957818367127758 0.054663532625268685 0.48709173770524106
0.28144259387048864 0.24144521906499483 0.35590368095963976 0.12120850610487677
0.1400774452313912 0.09486784319443742 0.08963745488205288 0.6754172566921185
0.27479569082489963 0.6576167740188374 0.021762113051711496 0.04582542210455143
0.257282316728182 0.37722091305706795 0.13838366326838558 0.22711310694636444
0.2566506548202463 0.10698405165534497 0.4443856150802993 0.19197967844410946
0.09295844822640453 0.2785939931692659 0.28262926771325936 0.3458182908910702
0.15837764953054034 0.010649979447220903 0.3306082853507615 0.5003640856714773
0.6521132931754832 0.02477855247567229 0.2923888362524031 0.03071931809644146
0.3510307265594219 0.13357127404787128 0.3630727609723109 0.15232523842039591
0.10915397628833723 0.015826348885240926 0.2343286046617422 0.6406910701646796
0.004431500595257765 0.1809099239082428 0.6300543455996735 0.1846042298968259
0.014117552797614286 0.32814986642181854 0.4223923157692696 0.23534026501129757
0.3855807243552173 0.35475635725401056 0.19641906388922192 0.06324385450155023
0.06637855862288944 0.006182369307827007 0.7369174219596452 0.1905216501096384
0.0015305757069687953 0.5138858595580601 0.2023936051430223 0.2821899595919488
0.1628302440289775 0.1436772671365849 0.6178425414785577 0.07564994735587993
0.40989982858808194 0.29551949752578466 0.04084415161817956 0.25373652226795385
0.1546512891445141 0.4127528127545902 0.4199546126188204 0.012641285482075326
0.0783707345766026 0.05585870168209062 0.17444091264781125 0.6913296510934955
0.3485977202104804 0.023878447619553378 0.3068864286613423 0.3206374035086239
0.4048062959423362 0.1972308592636085 0.22476872282726534 0.17319412196678996
0.0856036751180107 0.5123053835203575 0.25025335163675344 0.15183758972487837
0.3664194553274732 0.08100912949933003 0.09254141678881689 0.46002999838437986
0.01201012562940873 0.20838941104423014 0.41616667755423487 0.36343378577212626
0.30365373978719956 0.24389869385877294 0.32811350843537934 0.12433405791864816
0.33001518527033424 0.18566016787796813 0.05342968449427321 0.4308949623574244
0.07173319673476697 0.12963341445054477 0.2975507606665294 0.5010826281481588
0.363290798030508 0.05788726123950394 0.45919532271005237 0.11962661801993568
0.8997274088109545 0.03653504745528591 0.034679612046293884 0.029057931687465732
0.13927871531915537 0.40706033201394753 0.2284311925869612 0.2252297600799359
0.12398756441911152 0.39340657815373725 0.2455186989309519 0.23708715849619932
0.3653677020716356 0.22463775933406305 0.021503412142293232 0.3884911264520081
0.09621129351913138 0.03294740178027766 0.7209072512401948 0.14993405346039612
0.22821247935454547 0.1496634977238106 0.08787480185556695 0.534249221066077
0.15953575050217628 0.20548403689727968 0.22124891289492665 0.4137312997056174
0.29991891969923234 0.17242277442835696 0.3396719961581791 0.18798630971423158
0.12149158646230274 0.371695950780058 0.34560239037673535 0.1612100723809039
0.3426550027332561 0.24418587673340564 0.27696834845581564 0.13619077207752261
0.07902950509210371 0.8045062297950573 0.08559532219679844 0.030868942916040587
0.10164343205158344 0.06537281340193246 0.3456411843479956 0.4873425701984885
0.04753698969229203 0.38757914103122804 0.531496186569296 0.03338768270718395
0.19843054054272513 0.3924654718047993 0.3747055507054905 0.03439843694698508
0.13324374974499853 0.11952527735317142 0.6980917767656902 0.04913919613613982
0.14609124865294976 0.22376289367766877 0.040544538340149816 0.5896013193292317
0.540824693036656 0.06222348356495033 0.31913058195890365 0.07782124143948999
0.733030721334873 0.10829277520592806 0.0547670482077085 0.10390945525149042
0.2621881360813587 0.23232241566626965 0.39009350417301547 0.11539594407935616
0.2051949544912982 0.24998576959124386 0.09981162182461945 0.4450076540928385
0.020042648764431514 0.3969306918834544 0.29205458141587026 0.2909720779362438
0.36493875927554076 0.14406224349622931 0.432034394766146 0.058964602462083904
0.40841077734630393 0.31948272108109954 0.144871707064552 0.12723479450804454
0.26418620539695514 0.5362335486749649 0.059709562808557326 0.13987068311952267
0.1540113346811094 0.3493082492055035 0.25663728572102595 0.24004313039236114
0.053528109550113 0.20698933718561785 0.05121126383973629 0.6882712894245329
0.1714198223450768 0.2310885208002832 0.1999314723085136 0.3975601845461264
0.31155852147103 0.11800549189909704 0.4986987489569765 0.07173723767289641
0.32089767044450146 0.5497424861233554 0.06936547104975233 0.059994372382390804
0.05719820305014256 0.8342353384545623 0.009285578542193695 0.09928087995310142
0.04275684111415434 0.09233141183678306 0.6246113913533359 0.24030035569572672
0.6169898372733321 0.31811303684388237 0.026825278005517483 0.03807184787726803
0.26267733568740925 0.41967515834572 0.2793654669382962 0.03828203902857452
0.0014446131712595456 0.7068583290017556 0.16575308132572253 0.12594397650126232
0.23701682545985148 0.02326602874609862 0.5993441731021987 0.14037297269185123
0.06117566507963823 0.2477175135167805 0.6657915593210814 0.0253152620824999
0.02376043597771016 0.344872388486117 0.4813399819876718 0.15002719354850103
0.5448452132007492 0.2855736987085927 0.16564781671096218 0.003933271379695902
0.04987925451626962 0.20475196347980118 0.18347369959076887 0.5618950824131603
0.14886116166459085 0.08354242768182707 0.5970206407614769 0.1705757698921052
0.3177176613808793 0.45465092304101695 0.008128196524796127 0.2195032190533076
0.05767769217676777 0.025326757440566783 0.5659015445848602 0.35109400579780525
0.48112623398235166 0.04799806206510515 0.25092048830230607 0.21995521565023712
0.2388503381673568 0.19621199392844024 0.2643267536389512 0.30061091426525177
0.5260595653445634 0.23942651832929618 0.19699937735532946 0.03751453897081092
0.47328996329014317 0.01239852920524498 0.2670149965053703 0.24729651099924155
0.07247963302692106 0.6833543978328064 0.18066080671276286 0.0635051624275097
0.7689382819374911 0.12919678592216066 0.09302198546611651 0.008842946674231689
0.32562636251375787 0.35186945958982374 0.23403380608593272 0.08847037181048567
0.19992496383687497 0.19934254606327673 0.35098997196075055 0.24974251813909776
0.027920634394469346 0.29640671998045376 0.05930659669994198 0.6163660489251349
0.04963998669215863 0.7310562567570001 0.04289923299439147 0.17640452355644975
0.01605009084128528 0.243037492563703 0.608208136451112 0.13270428014389968
0.007716472820713749 0.6208923107027977 0.16983755813449997 0.20155365834198857
0.0038870686586055525 0.26884158624056853 0.6604457316126807 0.0668256134881452
0.021181951202162153 0.6145474370903184 0.02640241885588379 0.3378681928516356
0.07234425409434497 0.2426607277027678 0.5465469401214127 0.13844807808147452
0.2289677431194469 0.32739943717028985 0.1794405618741255 0.26419225783613776
0.4263385761073629 0.15089190612877368 0.2208032405258905 0.2019662772379729
0.11233924060815947 0.06117962702684743 0.4797970245390435 0.3466841078259496
0.2910184977963275 0.5761115349328504 0.11743327225266487 0.015436695018157254
0.05017624721884817 0.17965986445098492 0.6516655491490734 0.11849833918109354
0.16800677524168306 0.42565064984961776 0.07699607067301384 0.32934650423568534
0.1842442842175519 0.5809849796053147 0.13749071992396866 0.09728001625316474
0.2420234055668965 0.10866486733492031 0.5192682702334364 0.13004345686474683
