59 50 4 136.30688342474465 272.61376684948925
9.316316040169827 2.4208352248131275 8.802235691342176 1.7574124677531238 6.162163155438649 3.537457901766215 3.3065250202900494 6.075823707624822 2.978410166368085 6.837587196243413 6.649770181687145 4.69876969325172 4.622890220788106 5.051458648034581 3.1053018741113103 2.208985268719106 1.942414906019978 5.2569120627097465 2.0246278225465213 3.5744228802778553 8.543905197936104 3.826660807359565 1.6873865068773057 7.924843082733688 3.321729865948895 9.409757328560543 8.27235707634315 4.017966487125982 5.422127484415392 3.004606971418264 4.9082334658335025 6.799545336603575 9.655900688254047 4.955429991777196 4.952130435865223 6.762052526790847 9.21789636572105 6.004541988599743 5.819060016922309 4.989334739314365 2.252166989045971 9.418413631815506 6.740456637338218 9.549604250726988 5.07875281810722 4.502888645773867 6.5339636055163055 7.047087737432383 7.87148371427961 3.793162325096881
1.8632632080339655 0.4841670449626255 1.7604471382684352 0.3514824935506248 1.2324326310877298 0.707491580353243 0.6613050040580098 1.2151647415249642 0.595682033273617 1.3675174392486826 1.329954036337429 0.939753938650344 0.9245780441576212 1.0102917296069163 0.6210603748222621 0.44179705374382117 0.3884829812039956 1.0513824125419493 0.4049255645093043 0.7148845760555711 1.7087810395872207 0.765332161471913 0.33747730137546117 1.5849686165467376 0.6643459731897791 1.8819514657121086 1.65447141526863 0.8035932974251964 1.0844254968830784 0.6009213942836528 0.9816466931667005 1.359909067320715 1.9311801376508093 0.9910859983554392 0.9904260871730447 1.3524105053581694 1.84357927314421 1.2009083977199486 1.163812003384462 0.997866947862873 0.45043339780919417 1.883682726363101 1.3480913274676436 1.9099208501453977 1.015750563621444 0.9005777291547734 1.306792721103261 1.4094175474864765 1.574296742855922 0.7586324650193762
0.2847275334476813 0.009383591527847956 0.6288047445889193 0.0770841304355514
0.02037620259994588 0.022544187724623077 0.6574405293161026 0.2996390803593284
0.2830267685996014 0.6197543913336029 0.02728504519890862 0.06993379486788709
0.16165598227743438 0.024638505419264267 0.4075531695593332 0.40615234274396816
0.03807370841415769 0.4760077565011501 0.2567025177640161 0.2292160173206761
0.2267638931054332 0.1317814005517891 0.034263782396677156 0.6071909239461005
0.3885777829973338 0.2422568275962872 0.09202674211001016 0.27713864729636883
0.15960809303427892 0.06498544808645446 0.3561759088167594 0.4192305500625072
0.14193852666206042 0.22286364997063624 0.25496797102865376 0.3802298523386496
0.2680039156161971 0.03331078542332011 0.5850917383787311 0.11359356058175174
0.027775054743657823 0.19319481475532685 0.33266911284649314 0.4463610176545222
0.5459815942856074 0.11065603985428463 0.3394954895839746 0.0038668762761333575
0.5374328019441621 0.3132307300545504 0.08450310942131256 0.06483335857997496
0.4491186869685121 0.1987629161045753 0.164633179487354 0.1874852174395586
0.4051982721522879 0.21152512051587624 0.31031225008135876 0.07296435725047712
0.49457871141599685 0.07270753831867838 0.15801976722146072 0.27469398304386405
0.3467780033381418 0.17239510332989783 0.40208299877371423 0.07874389455824615
0.4200108383523645 0.2581768037985074 0.21155794699181052 0.11025441085731758
0.22531210154403458 0.11385101827420396 0.547726056088426 0.1131108240933355
0.5839149040923749 0.13121683216556657 0.18327865838128254 0.10158960536077599
0.12672675034450753 0.06614669012111807 0.09090195330834061 0.7162246062260338
0.1889188697526757 0.594683719555716 0.16397666395334132 0.05242074673826702
0.14884054372850242 0.5766237622649286 0.20465874839150244 0.06987694561506652
0.00632618017181763 0.33918929598764036 0.22452743411825815 0.42995708972228386
0.07436729028064215 0.11507317524041016 0.7137268626824372 0.09683267179651045
0.4078811373844947 0.04444942263045537 0.49666406791245943 0.05100537207259048
0.35535779582824367 0.08974888839543882 0.45019247216864877 0.10470084360766874
0.2170379735918424 0.4577129885253599 0.31323034402421124 0.012018693858586449
0.5788042721799317 0.22890857103528373 0.0028068618746615037 0.18948029491012308
0.08098274453295529 0.2584967916534354 0.17827395748194463 0.48224650633166466
0.2825607493408455 0.5777783416105469 0.12946293952716958 0.010197969521438033
0.12935100801147226 0.6264793224410423 0.09119764690094634 0.15297202264653909
0.23943621720309705 0.11298760903841298 0.32172169505503256 0.3258544787034574
0.18867226426049544 0.19891625515850453 0.3668037973009777 0.24560768328002236
0.049576348554155714 0.3249786630525573 0.40746346203272454 0.21798152636056245
0.01651462422205563 0.49694151556997723 0.05832807964663689 0.42821578056133025
0.4602255465756657 0.03300564534084571 0.39144307371565656 0.115325734367832
0.20150105509515004 0.1047463729756769 0.6636322297557146 0.030120342173458492
0.0073009125609557746 0.31638032959600737 0.5033877056948322 0.1729310521482047
0.15337589183187783 0.38697199260426873 0.41529285207427524 0.04435926348957819
0.5733006489824849 0.06946403193297224 0.265412839097529 0.09182247998701387
0.0005692430631877299 0.650219619849008 0.29998283716917107 0.0492282999186332
0.13533323296749045 0.2778274574209516 0.43727065255576536 0.1495686570557926
0.004715519982696037 0.08161802527453355 0.20816988476623743 0.705496569976533
0.11670452560982747 0.23702368642997818 0.15705141918202659 0.48922036877816777
0.24629089052702535 0.029255055479625258 0.0690787208631155 0.6553753331302339
0.5718510880959333 0.09757043139651977 0.17603278375670617 0.15454569675084073
0.17522888541929138 0.3013486695893032 0.2960919751687692 0.22733046982263627
0.10530252042699995 0.33946140286286464 0.367157549152513 0.18807852755762244
0.05233245679740817 0.13164988260450328 0.5374426287285089 0.27857503186957966
0.20038850181647017 0.14063181906241196 0.35849776319479465 0.30048191592632323
0.6404004158309065 0.10071607345012756 0.07075100634929965 0.18813250436966633
0.39166643544557445 0.0457450996355796 0.10436149944707673 0.4582269654717692
0.6337440668597117 0.17587343960611457 0.08640040627208423 0.10398208726208946
0.7282497842984822 0.18326081328741306 0.04784367119190103 0.04064573122220372
0.2624744876103656 0.4139550938663674 0.0806378975068569 0.24293252101641005
0.4803256469202636 0.43524706751234743 0.077559698869748 0.006867586697640982
0.5891060097517044 0.06912057491458878 0.1421719885993301 0.19960142673437675
0.5397568296220565 0.004883344498435194 0.31732147285211965 0.13803835302738865
0.010829225901887174 0.021489645338270136 0.739699313685321 0.22798181507452164
0.23883802790601305 0.01578130093340535 0.017181510867869232 0.7281991602927124
0.22418098794063634 0.41362060865318395 0.15866275627762194 0.20353564712855776
0.07911708122124295 0.6074983030489359 0.10325666236639475 0.21012795336342638
0.11252597878197734 0.4391865588379339 0.3844855343649385 0.06380192801515028
0.04921465222684429 0.39641589399431343 0.20089174838515456 0.3534777053936877
0.16966282079174422 0.06029942983967995 0.5256701803392178 0.24436756902935808
0.23742298368822046 0.33250784325820637 0.02036484495070512 0.40970432810286805
0.47275436888036304 0.015609082436496724 0.15163604666457997 0.36000050201856026
0.14221201786725834 0.31495263553487807 0.014776022489393914 0.5280593241084697
0.25056008768305815 0.3788847826388356 0.20899795374636754 0.16155717593173868
0.16402868383567482 0.35189284107715435 0.48279241721160593 0.0012860578755649055
0.21064225437566364 0.5161193299492528 0.12470238695236713 0.14853602872271643
0.14437139767857066 0.6640357937585679 0.12922694114404898 0.06236586741881245
0.3869535757941768 0.16077725363693007 0.22171138536363855 0.2305577852052546
0.22936108736554128 0.041206506000539656 0.3415182165155176 0.38791419011840145
0.2438200818379177 0.39723164788277565 0.0716779129041395 0.28727035737516715
0.06767043563740338 0.6929010476265263 0.02043622605518791 0.21899229068088244
0.37188967212416923 0.11693641040049307 0.12270414152947162 0.38846977594586607
0.2197908915986424 0.11502220810436636 0.557885349142742 0.10730155115424922
0.054454344107176644 0.11038753260381706 0.565426801557592 0.26973132173141434
0.36892832253995145 0.19265134163366449 0.2779382213877025 0.16048211443868154
0.06425097503397581 0.3774372688829787 0.25608651027632745 0.30222524580671806
0.1554860382100215 0.2226098265557116 0.5714495426321987 0.05045459260206819
0.6893183187818448 0.054260062369283935 0.0946232442569066 0.16179837459196467
0.21215814345484618 0.16085577676960916 0.5887085088270757 0.03827757094846895
0.45463158888042576 0.45950713941684296 0.012137437878953716 0.07372383382377756
0.15850724750237255 0.3443005570411135 0.25562076373219134 0.2415714317243226
0.24636279745422918 0.6117767934978311 0.05419861353281252 0.0876617955151272
0.18381696659764513 0.17152027798832037 0.5964966332541289 0.04816612215990557
0.016117574990730188 0.5177833902010576 0.11022817822773467 0.35587085658047757
0.1834254663794559 0.11238213343587222 0.08554691785020563 0.6186454823344663
0.23417853200724514 0.47984465924174535 0.014000933823232975 0.27197587492777653
0.037987557990657006 0.12004367779269487 0.3226248295107127 0.5193439347059354
0.5654879244837315 0.17579703570619942 0.055191353607962346 0.2035236862021067
0.1562991417953481 0.04925276063908024 0.2986207876660736 0.4958273098994981
0.26279160834129356 0.22060941783044663 0.34530173602866177 0.17129723779959805
0.04196127660327431 0.39941893853829036 0.4024026135366521 0.15621717132178325
0.10153366865988789 0.4224934980531666 0.33721782056414384 0.13875501272280166
0.15979014143154902 0.4428908887367541 0.11355700184485529 0.2837619679868416
0.034136604761946354 0.5473563719134803 0.09829713962646325 0.3202098836981101
