81 80 4 214.60030231639348 429.20060463278696
4.198772060247128 4.067639890203715 9.397957980534128 9.224372670805238 8.537182555387549 1.5353925915241535 3.233892026089046 5.582074999686456 1.805897989422977 8.066357984904393 4.592003423404422 4.98425848422054 7.914851932617836 6.09488257740724 3.2083194483127198 5.905059994124724 2.301125987332957 5.040362768034796 5.188642325647429 7.457417492186885 9.587968702399522 6.623395602864567 4.762607227551886 9.045478975630624 3.9307269907203866 9.84430121741569 7.391172885382268 9.300403515221337 9.898734191948389 7.540386103566907 3.979050156360849 3.413753380948246 1.9231503278847049 2.6686392263623553 2.7949344747220195 6.2154008641991885 3.310546179817458 3.973006688051278 1.7303794693816883 7.434365385666588 3.605274669312484 5.659400015594273 2.941014821396845 4.3357407209203505 4.0858632740815715 2.4144658114657935 8.513244144270601 3.4916268587459265 4.983357536937671 9.96797828391369 9.818359257716018 4.051352950851905 7.284686558831014 7.664935601231733 1.1982297483102826 3.748164753439397 8.687093784584619 7.799952727655342 1.0625792606434774 7.588992900173687 1.783339472212892 2.5775473257001016 7.580197879941759 4.915762736642842 1.1132837854809283 3.2860770388271647 4.962420454131737 2.229319164358373 3.4118573219763095 3.6399827989302076 5.28168151389622 7.618039267744685 9.57135809893661 2.9028870335790384 9.966697784689696 6.953534470398264 5.9578233401084875 4.638312745711534 1.3675573781448618 6.835744593108446
0.8397544120494256 0.813527978040743 1.8795915961068257 1.8448745341610475 1.7074365110775098 0.3070785183048307 0.6467784052178092 1.1164149999372912 0.3611795978845954 1.6132715969808786 0.9184006846808843 0.9968516968441079 1.5829703865235671 1.218976515481448 0.641663889662544 1.1810119988249448 0.4602251974665914 1.0080725536069592 1.0377284651294858 1.491483498437377 1.9175937404799044 1.3246791205729134 0.9525214455103772 1.8090957951261248 0.7861453981440774 1.9688602434831382 1.4782345770764536 1.8600807030442674 1.9797468383896777 1.5080772207133815 0.7958100312721699 0.6827506761896492 0.38463006557694096 0.5337278452724711 0.5589868949444039 1.2430801728398377 0.6621092359634916 0.7946013376102556 0.34607589387633764 1.4868730771333176 0.7210549338624969 1.1318800031188547 0.5882029642793689 0.86714814418407 0.8171726548163143 0.4828931622931587 1.7026488288541202 0.6983253717491853 0.9966715073875342 1.993595656782738 1.9636718515432037 0.810270590170381 1.4569373117662028 1.5329871202463465 0.23964594966205652 0.7496329506878794 1.7374187569169237 1.5599905455310685 0.21251585212869548 1.5177985800347373 0.3566678944425784 0.5155094651400203 1.5160395759883518 0.9831525473285684 0.22265675709618565 0.657215407765433 0.9924840908263475 0.4458638328716746 0.6823714643952619 0.7279965597860415 1.0563363027792438 1.523607853548937 1.914271619787322 0.5805774067158077 1.9933395569379393 1.3907068940796528 1.1915646680216976 0.9276625491423068 0.2735114756289724 1.3671489186216892
0.08306212511317357 0.023491654838469378 0.4611425042261952 0.43230371582216187
0.07911471629365008 0.07657999491802614 0.08935426871309038 0.7549510200752334
0.1280354609557326 0.4744660367048581 0.060520250092928496 0.3369782522464808
0.046382649360062866 0.4297487946022024 0.4485574588928761 0.07531109714485862
0.4507028389280475 0.13386660096220626 0.37898726350329315 0.03644329660645307
0.06088365894147585 0.0703034807633145 0.553691003844255 0.3151218564509547
0.10761803630353017 0.6336212504622424 0.09187475952031787 0.16688595371390957
0.19620813298795314 0.043999398611575424 0.2994534074834865 0.46033906091698495
0.2060372262727187 0.389990424625433 0.06887679640292654 0.3350955526989218
0.12025308283921476 0.11092561016082203 0.4214122635666572 0.34740904343330603
0.13630742491478076 0.38711583087464896 0.04308414203091171 0.43349260217965857
0.35336875330845785 0.5156477158390752 0.06996615182401755 0.06101737902844939
0.19120558591544756 0.33098533352644643 0.0282548341208837 0.4495542464372223
0.09682965004841049 0.2779348550437354 0.1796195636296195 0.4456159312782346
0.013771296965146451 0.01930812796223358 0.24861056476389087 0.7183100103087291
0.03396623305970381 0.02096288010194003 0.61097503809265 0.3340958487457062
0.2056526941411012 0.10477586317064358 0.09865986551977224 0.590911577168483
0.1572468608134957 0.3273119910993997 0.2180937369065259 0.2973474111805787
0.021855390558579102 0.21819471639443 0.06674633473372138 0.6932035583132695
0.275112466058165 0.2905878092714588 0.26045699221277896 0.1738427324575973
0.14311675236917587 0.5668991973459792 0.22366816186618987 0.0663158884186551
0.1424474695602158 0.1472888362041156 0.0215934982801832 0.6886701959554854
0.4060507214731959 0.2577625256777729 0.07095361155479574 0.2652331412942355
0.0568759414468496 0.2697871980498494 0.6156984163958898 0.057638444107411146
0.07875212036099988 0.4387300687278899 0.2582020555973473 0.2243157553137629
0.08158497261509834 0.46303860412568 0.43081574093528974 0.024560682323931937
0.19899905504246795 0.3054794393149409 0.01562938971914729 0.47989211592344383
0.057488754154399246 0.09533450605904004 0.4728723305830248 0.3743044092035359
0.47197029684911573 0.3531803615030046 0.0757907977857255 0.09905854386215418
0.09003658115021806 0.002971784857643489 0.1524799349025039 0.7545116990896346
0.46788556404129633 0.041422860830419794 0.48479403396702636 0.0058975411612575135
0.6207151664593048 0.25997655122052277 0.03757051881620688 0.08173776350396555
0.1269951527433325 0.2667322939237754 0.297505286710926 0.3087672666219661
0.14730515499176722 0.0003454322735916282 0.6201118127976959 0.23223759993694526
0.11742545307001029 0.07390803535158619 0.5462871585549529 0.2623793530234506
0.18671611014629186 0.25259401867784703 0.39038270598975655 0.17030716518610456
0.09817580934987169 0.009149367637325434 0.6145204522190449 0.27815437079375793
0.4050191658684187 0.12522728171581643 0.4017527561858254 0.06800079622993949
0.31109749693273414 0.5122809731305982 0.12872067859833636 0.04790085133833133
0.05082383007423641 0.15182111005442966 0.06227715683542512 0.7350779030359088
0.11784233255601684 0.5228924780502008 0.16835638302819877 0.1909088063655836
0.12245281684624365 0.23556176618655722 0.309200684931772 0.33278473203542713
0.052230696979732594 0.5845650806003049 0.02810281553268723 0.3351014068872753
0.44818564522392357 0.2699104048629126 0.1616526204627906 0.1202513294503732
0.20070203804045006 0.33748280511155904 0.374918384142226 0.0868967727057649
0.35260744772981123 0.2914684167944036 0.14831286807490518 0.20761126740087998
0.1860692246737765 0.4510758234602249 0.006522034556618261 0.3563329173093803
0.05280502124352504 0.2631893028794824 0.65458524992422 0.02942042595277261
0.002825259216171716 0.16657277424183192 0.802778278706558 0.027823687835438315
0.10546778551198066 0.5240798696313171 0.31157812968988896 0.05887421516681324
0.1367225558430082 0.13331357232738306 0.4599880755862116 0.2699757962433972
0.31434863781131905 0.002876439236011663 0.1525174982199431 0.5302574247327262
0.7595872404096429 0.012878554910936701 0.15111505622127785 0.07641914845814257
0.21922293521507674 0.33970189424080455 0.14292143956478232 0.2981537309793364
0.14744269289026546 0.10571572838760901 0.093434656765358 0.6534069219567675
0.09719294514243648 0.5251342688521263 0.09379559759546152 0.28387718840997567
0.3727724336233551 0.42970620180115715 0.1299912053423603 0.06753015923312744
0.005067754675396552 0.343442716006887 0.5497817914580474 0.10170773785966902
0.7269793762943622 0.10608915703358879 0.0573817701433037 0.10954969652874536
0.26130245528935026 0.06366457015827331 0.5253262930662347 0.14970668148614175
0.21345708658357987 0.25687059845259386 0.33413839258431277 0.1955339223795135
0.006228342942511067 0.6532426742692883 0.023203393795456884 0.31732558899274377
0.7034653944694587 0.04944050308621584 0.14829294781360491 0.09880115463072059
0.18738832658385796 0.2913453005665999 0.3373206911280243 0.18394568172151782
0.5715656439934075 0.2624474369717349 0.020256430537780923 0.1457304884970767
0.1531509349331378 0.07392406821043895 0.44088843317171467 0.3320365636847086
0.13635111932799404 0.18059102100562463 0.21352305285933304 0.4695348068070483
0.2568698024411129 0.0685117151996355 0.2757888103989483 0.3988296719603033
0.8401430946574749 0.1322763255393058 0.008951220763575685 0.018629359039643578
0.5717321545630341 0.10609145012738441 0.12424868942401068 0.19792770588557085
0.08507209246436798 0.3862684934976709 0.5138236086171182 0.014835805420842951
0.37238068095064725 0.22392823460761557 0.10785151092944334 0.29583957351229384
0.4516274683648721 0.26815976321059554 0.08151089359449215 0.1987018748300402
0.017382956933311156 0.3928545809491112 0.512420267972286 0.07734219414529164
0.05521772989067952 0.17260907346795307 0.5829449540529739 0.18922824258839355
0.6552636427158451 0.08550478735015543 0.18293218595129923 0.0762993839827002
0.02313340052069668 0.36578772702883844 0.605535706875232 0.005543165575232933
0.07445253974408672 0.7455376168650515 0.1784407559862381 0.0015690874046236924
0.21557943634251542 0.3546081112362863 0.19383241626430037 0.2359800361568979
0.3975843201241114 0.20564601070714583 0.060534826990965795 0.336234842177777
0.8427408101689403 0.10096406839546745 0.0006760907064322641 0.05561903072915997
0.22343516890818005 0.038803212373128115 0.02949941650465515 0.7082622022140367
0.21560899090434793 0.3605969473028836 0.18761128235342694 0.23618277943934152
0.45222129136975997 0.08423231151639743 0.16406143529140882 0.2994849618224338
0.41124048721712325 0.1333734023714831 0.2818525674395722 0.17353354297182144
0.2834035990697805 0.18082115548425226 0.411062802174496 0.12471244327147124
0.17604394220306974 0.005929809435634703 0.050475414459205004 0.7675508339020906
0.0724902984689032 0.2853153309252796 0.04271941700716375 0.5994749535986534
0.028499595505352193 0.03157481552129571 0.4775461416251304 0.4623794473482217
0.03189516307948903 0.26341631316537306 0.42610171747149317 0.27858680628364474
0.41467119755888515 0.11152839157143501 0.35385814710929286 0.11994226376038697
0.3881560678577767 0.34455913801754023 0.25008769796203767 0.01719709616264542
0.42883746694439284 0.41017507923674057 0.12312517868980277 0.037862275129063816
0.36031207845752744 0.152697502133337 0.18551770721900485 0.3014727121901307
0.39678352911925874 0.2262672611175358 0.02881656866389526 0.3481326410993102
0.5512014254664871 0.3797956304044905 0.06469860306166642 0.004304341067355999
0.19423401528386508 0.7551654489360105 0.03349355015253508 0.01710698562758939
0.5432477922633729 0.31799952908375884 0.04542092632478678 0.09333175232808144
0.14510773611335337 0.5051608152318843 0.20150631927307638 0.14822512938168597
0.054656501059579976 0.5947188938917364 0.10864278472950628 0.24198182031917737
0.34428460455275667 0.21651619573886105 0.007211357194338408 0.4319878425140439
0.1910931457078946 0.3985565505884908 0.2576330863538917 0.15271721734972288
0.5049274843459005 0.3114488104658324 0.07063088302904108 0.11299282215922601
0.0704901271704601 0.6087158480067442 0.14257654787659269 0.17821747694620305
0.37297702292394386 0.11437735790516557 0.3835338945469474 0.12911172462394316
0.2989928491046381 0.38570448030047855 0.009922923225874736 0.30537974736900864
0.014567147037248929 0.3961380804554947 0.07199481314800249 0.5172999593592539
0.1706580159948633 0.3515031666732302 0.20961280648774994 0.26822601084415654
0.534875016836107 0.07132305758037294 0.031181756350596612 0.3626201692329234
0.2634671141261997 0.027606278804732653 0.06355719031285345 0.6453694167562142
0.08936362090724081 0.04835845936532768 0.8095460946723202 0.052731825055111314
0.02762125272685878 0.004484594481940829 0.8389717706304924 0.12892238216070795
0.057881655550596656 0.3955376330822489 0.18669777055442838 0.3598829408127261
0.09570134171816158 0.5130135238145958 0.016344533402899764 0.3749406010643429
0.19051780761455916 0.43576326831324896 0.08959962679010947 0.2841192972820824
0.7302945198104652 0.022633570774374112 0.11421109042076616 0.1328608189943945
0.17382164845695625 0.1403977097380008 0.44227200103065845 0.2435086407743845
0.49336668191787825 0.013065980859138793 0.3368650885818639 0.15670224864111904
0.07342838786529449 0.1967738612557567 0.32739479214833456 0.40240295873061427
0.04251117602290022 0.059103290480139514 0.7946817538354568 0.10370377966150346
0.671226118303384 0.16548799854110796 0.09016061163542688 0.07312527152008119
0.312090617589995 0.3455637768161127 0.17513283112005695 0.1672127744738353
0.13137702267776774 0.1436451350303839 0.1701198979034415 0.5548579443884069
0.5140153416775892 0.04533048035662046 0.33295711102661474 0.10769706693917558
0.07125062223438405 0.3873696936143568 0.36216254819569715 0.179217135955562
0.4684723429589417 0.05708993523178352 0.11221472479025674 0.36222299701901806
0.15970803650914034 0.11044725158163049 0.4059085921038965 0.32393611980533266
0.21117673804818549 0.15076990989093952 0.1460601398593221 0.4919932122015529
0.29635405195772324 0.16400417643769438 0.20650862902703226 0.3331331425775501
0.36644433967361556 0.36847224185186656 0.006459295397641673 0.2586241230768762
0.4295740713347551 0.10117523075732804 0.4341831159815954 0.03506758192632142
0.24837349621760751 0.43119503728883346 0.03367624789030477 0.28675521860325426
0.5293977791582689 0.17376767604026022 0.09540191249783658 0.20143263230363428
0.25222183385198893 0.09587427511365687 0.6103357976737088 0.041568093360645375
0.08915158377997712 0.16504886423746135 0.5390278482008758 0.20677170378168575
0.19375599792133047 0.22919094602429035 0.4478110022303178 0.1292420538240614
0.024268774391031145 0.5204965763750729 0.32712020805681896 0.12811444117707704
0.13344227700887212 0.6774681900800833 0.15085737949846645 0.03823215341257813
0.15348137256195493 0.04913519901227137 0.14485421116080954 0.6525292172649642
0.35638101973495095 0.18949206047202083 0.3202616423904229 0.13386527740260534
0.1538210482725053 0.04487413031456422 0.41147649975002787 0.3898283216629026
0.10527648044396098 0.08580316462997495 0.4132497953216637 0.39567055960440034
0.43616391310624547 0.20619453046181757 0.049481887188055684 0.3081596692438813
0.22283489050471184 0.19128430624249426 0.03988575616294465 0.5459950470898493
0.5702979879119341 0.02610702488050709 0.39029560525394136 0.013299381953617462
0.01635983798841678 0.5440108433156442 0.11176211218430121 0.3278672065116378
0.35685566166940197 0.01446174828366975 0.057910862170607924 0.5707717278763204
0.21637796039149826 0.04019902153170962 0.2069639777326291 0.536459040344163
0.28911745079284135 0.040825218913810746 0.2561092436067902 0.4139480866865577
0.3940166282532721 0.0917379831556484 0.1916452468534643 0.3226001417376152
0.5447858568607141 0.27555805351709883 0.08584501599025696 0.09381107363193009
0.007577677809064487 0.12110024540656372 0.7524297678298496 0.11889230895452219
0.0862369288573227 0.03441112286925496 0.5873455118284105 0.2920064364450118
0.09002610501242125 0.09475503331437896 0.3090440715579168 0.506174790115283
0.09484723249090077 0.05329957362121063 0.7688734111045987 0.08297978278328988
0.23390787677819913 0.17343436352165253 0.33314448439686384 0.2595132753032845
0.4137558956585614 0.49494943908383837 0.023318206152663667 0.06797645910493655
0.24378029054560724 0.14774837152680365 0.35551812832405394 0.2529532096035352
0.28681269096172135 0.29520449677813065 0.1458815010742346 0.2721013111859134
0.5085700387076557 0.0036382006561135327 0.4023593798816696 0.08543238075456117
