47 40 4 108.9501646614132 217.90032932282642
2.021396247042846 9.77034784992811 7.558611701509956 4.163210253034313 7.368446244331729 8.196441414940484 6.8100566905746325 4.731396464693497 7.354279101457083 3.219844435971777 3.303931881681661 1.2161021873082483 1.8885335936392948 3.7039279182515954 6.767701100293832 3.8998715326253106 2.669447242683014 9.254741941337631 3.43828723037293 3.4619310243772183 9.589714141586885 2.144031139531572 7.72538364891434 1.0471416012901236 8.711115470779287 7.263605811895281 5.977231338110938 9.417122177047442 5.613611767691925 2.5985085903621132 5.8317921321800705 3.6411383618190705 1.0954184761059378 8.954206460130216 6.907695833111014 9.480303753825655 7.704507679929644 3.404894011844428 4.256765900459931 5.737634970155353
0.4042792494085692 1.9540695699856219 1.5117223403019913 0.8326420506068626 1.4736892488663458 1.6392882829880968 1.3620113381149266 0.9462792929386994 1.4708558202914166 0.6439688871943554 0.6607863763363322 0.24322043746164965 0.377706718727859 0.7407855836503191 1.3535402200587663 0.7799743065250622 0.5338894485366028 1.8509483882675262 0.687657446074586 0.6923862048754437 1.917942828317377 0.4288062279063144 1.545076729782868 0.2094283202580247 1.7422230941558574 1.4527211623790561 1.1954462676221875 1.8834244354094885 1.122722353538385 0.5197017180724226 1.166358426436014 0.7282276723638141 0.21908369522118756 1.7908412920260433 1.3815391666222028 1.896060750765131 1.5409015359859288 0.6809788023688856 0.8513531800919862 1.1475269940310706
0.14018226528081834 0.034454081972324135 0.3722486238082091 0.4531150289386484
0.14556744953343903 0.326320884612356 0.055763495843772826 0.47234817001043217
0.10372881071894025 0.05594594543113762 0.22663162463679776 0.6136936192131244
0.5619991771098153 0.09993476800482459 0.29217500029195864 0.04589105459340148
0.25247741468160834 0.19227318535118854 0.4354556359448907 0.11979376402231245
0.4814823173002244 0.2929756989384047 0.11936546320514585 0.10617652055622506
0.44292787324078353 0.1652167476647789 0.3698235324978275 0.02203184659661006
0.4882908215334514 0.3470051373880958 0.08175991624256862 0.0829441248358842
0.4006212445493138 0.1629528809161025 0.07834806480009537 0.35807780973448833
0.313588323726645 0.5435781632652851 0.005970660772339542 0.13686285223573036
0.31477581669804067 0.23572360753661004 0.2578362126849849 0.19166436308036439
0.27991926669347267 0.06976249351230768 0.04796738261518729 0.6023508571790324
0.003349256902538955 0.3420325385984323 0.6375267270911386 0.017091477407890188
0.0797121165635416 0.2445497499534831 0.387240042835165 0.2884980906478103
0.16847415475585004 0.47430438820137155 0.055479867415204276 0.30174158962757414
0.14796805927342627 0.10955990534383686 0.25735942327980443 0.48511261210293244
0.49178987676301744 0.14617560770107207 0.16400862507325575 0.19802589046265473
0.2889973518655785 0.23850663631178992 0.33710089890704287 0.1353951129155887
0.2819790263998275 0.3067240601695953 0.1947437591298491 0.21655315430072808
0.2427568627899086 0.08319915420707702 0.35341810502953974 0.32062587797347464
0.021983486663739282 0.22846250687475955 0.14921667468291622 0.600337331778585
0.5472928758671852 0.12995461412431641 0.01299316922939664 0.3097593407791017
0.1733672650093694 0.07983087493136376 0.5802768693355105 0.16652499072375637
0.728267211583555 0.13269582360683418 0.10190993486207844 0.037127029947532364
0.008685043400014192 0.07045062168690153 0.7797277527947539 0.14113658211833036
0.007528848824627454 0.48352259569803313 0.3061706777808799 0.2027778776964595
0.08534381257799639 0.10497743044161545 0.6356471503196091 0.1740316066607791
0.17192437168683983 0.3675259359586608 0.05973490216963251 0.4008147901848669
0.5485169340400997 0.017134975079561743 0.10268912207679215 0.3316589688035464
0.47440970874114863 0.46170437847968193 0.055559823932043506 0.008326088847125934
0.24978329458628135 0.2646198951173191 0.4047698812675872 0.08082692902881239
0.19158200028724426 0.08998493846750588 0.23757548962885777 0.4808575716163921
0.45293007300167565 0.26566137093833764 0.25661732387418124 0.02479123218580548
0.11126381956756781 0.6773592311098816 0.18262374446482887 0.028753204857721704
0.12356699864936826 0.03387650070267567 0.8339796866206911 0.008576814027264956
0.6221592359938017 0.019987658621247073 0.2757294896095357 0.08212361577541549
0.08106907960169629 0.020152116229379846 0.7103765192302902 0.18840228493863365
0.14259933593192486 0.16858977882928639 0.5592769082775426 0.12953397696124613
0.4702851431734213 0.2147167836982904 0.2698856990749654 0.04511237405332291
0.28055366577863194 0.22928784893494936 0.31293514262250166 0.17722334266391704
0.2586703239836272 0.10203993351776797 0.028368397650268107 0.6109213448483367
0.3052425160786135 0.2090122056868965 0.45457220125927034 0.03117307697521965
0.08472204766699598 0.48324404085190276 0.02894543741198674 0.4030884740691145
0.05902445626966857 0.1302183530263702 0.4588288692564466 0.3519283214475146
0.3771513337602156 0.40660682699103123 0.14333236178828068 0.0729094774604725
0.3029007250817266 0.4511531445914404 0.12499464138016025 0.12095148894667274
0.5252449713521539 0.0028878768875115757 0.07390702801821225 0.3979601237421223
0.08537583850883246 0.1315076808565373 0.6834294964377442 0.09968698419688604
0.4736305143076015 0.07154164260786311 0.04411149717991392 0.41071634590462147
0.4764979154642507 0.18441647560189367 0.09710418865275428 0.24198142028110137
0.03875307567633712 0.757301753233137 0.0037394216563293448 0.20020574943419656
0.05942669054264138 0.39601292338927563 0.4979917197071628 0.04656866636092016
0.19499636050305635 0.283798702492283 0.1328386577541797 0.38836627925048095
0.015405647692592672 0.739275460090547 0.2220786929485341 0.02324019926832621
0.038568214138039236 0.1127737654415597 0.4134770828975829 0.43518093752281817
0.7998699726994104 0.02455778071853154 0.0774180869018527 0.09815415968020536
0.09760276876600382 0.39561227757519046 0.30294597866775674 0.20383897499104897
0.16997129047143011 0.5562560218370581 0.2096757438608442 0.06409694383066755
0.14192015992943408 0.39954537006292756 0.2875587403927048 0.17097572961493357
0.2934523251595481 0.058414923889466674 0.27963097796273406 0.36850177298825115
0.35355663899227874 0.0017575171067375495 0.3959184778618754 0.24876736603910832
0.058999056483725165 0.5558906380344185 0.330135545068291 0.054974760413565305
0.6584102771308492 0.11330203235421599 0.17325417413020905 0.055033516384725756
0.1583552260324731 0.2723844520106147 0.4531447588990771 0.1161155630578351
0.39646202753708726 0.42844628870864065 0.042842580778022055 0.13224910297625003
0.44319310966882386 0.3292651563368483 0.04646716733685796 0.1810745666574699
0.697390632771955 0.18272239293330472 0.07822198358938515 0.04166499070535512
0.12366150167751244 0.6600573815895423 0.18863441711061024 0.027646699622335014
0.4017349593018822 0.0866007892133881 0.004579863328480704 0.507084388156249
0.3630389223459144 0.005207671461098684 0.10931178625709403 0.5224416199358929
0.13839975284257255 0.3109711500799949 0.23969316120400386 0.3109359358734287
0.7320607654464808 0.18189412048379372 0.0627370858834122 0.02330802818631328
0.01915101469302738 0.012160774264369567 0.1852616845535252 0.7834265264890778
0.2080279345753674 0.1768349229328422 0.4653627788186543 0.14977436367313612
0.03549936322828451 0.4097250820517001 0.25410874079287227 0.3006668139271431
0.13818558002730008 0.1282186936896451 0.6933884563339198 0.04020726994913504
0.28383010361156025 0.5680938314950794 0.11749707105012486 0.03057899384323548
0.20804588076684782 0.11805149206186805 0.03604730873041129 0.6378553184408728
0.00026512149238600013 0.2207826186904872 0.08088434648140774 0.698067913335719
0.10178969939427762 0.4881922809796154 0.12018691346646804 0.2898311061596389
