3 50 4 130.2432606247901 260.4865212495803
5.957181123171179 7.373330403562943 3.618142650216499 5.597448446778968 9.036522589128893 9.066637800400942 2.130267794174526 2.865185903243681 1.463204829707469 4.967288592855728 1.2688858979071025 5.1114990195524 6.842296428532847 3.5063855438317777 7.086294117821182 6.317765356747158 1.2158369413944883 6.029686791917938 3.3332720221671885 4.735910773090627 3.5517257359418686 7.238241264816967 4.964083459036655 2.411809646274669 5.901841162286603 8.022832880602303 3.7572717913856177 2.9976209553896327 4.491741318000839 9.427452848743874 9.783958802256404 7.051453083215323 9.125506976845582 8.611757841638614 4.401946371960002 1.8299530798455181 6.880698122711825 6.020566861496058 4.254082867563203 3.025490543558487 4.658679247386237 5.220462238292521 3.4231202042595514 3.6261349680288935 5.119177593906802 8.744805216522337 6.276276140210393 3.551390761889888 3.501797559612412 5.091598679697521
1.1914362246342358 1.4746660807125886 0.7236285300432999 1.1194896893557935 1.8073045178257785 1.8133275600801884 0.4260535588349052 0.5730371806487362 0.2926409659414938 0.9934577185711456 0.2537771795814205 1.02229980391048 1.3684592857065694 0.7012771087663555 1.4172588235642363 1.2635530713494316 0.24316738827889767 1.2059373583835877 0.6666544044334377 0.9471821546181254 0.7103451471883737 1.4476482529633934 0.9928166918073311 0.4823619292549338 1.1803682324573206 1.6045665761204606 0.7514543582771236 0.5995241910779265 0.8983482636001678 1.8854905697487747 1.9567917604512808 1.4102906166430647 1.8251013953691164 1.7223515683277228 0.8803892743920004 0.36599061596910365 1.3761396245423652 1.2041133722992117 0.8508165735126406 0.6050981087116974 0.9317358494772474 1.0440924476585043 0.6846240408519103 0.7252269936057787 1.0238355187813604 1.7489610433044676 1.2552552280420786 0.7102781523779776 0.7003595119224824 1.0183197359395042
0.20541034460498753 0.278175187746599 0.030449527465855386 0.4859649401825581
0.3736001241489283 0.317492797706836 0.016593699959906782 0.2923133781843289
0.061528930829939266 0.2642782272349352 0.014041505891943418 0.6601513360431821
0.6914775109473302 0.032461628490151884 0.24766346673608552 0.02839739382643236
0.07256213782223342 0.07929885918630764 0.44480277759332176 0.4033362253981372
0.12929386460885417 0.05852096031502407 0.4937969538835484 0.3183882211925734
0.7071806008078977 0.01913889762013954 0.20040618582569059 0.07327431574627219
0.6336655637875748 0.026660342612037757 0.18177727947703426 0.1578968141233532
0.19207229639360313 0.3607722767568424 0.23209213028068554 0.2150632965688689
0.08979086952306481 0.7611805475184369 0.07696493052062392 0.07206365243787438
0.07362366921935759 0.14436209918999598 0.26710845764473456 0.5149057739459119
0.20937334952236364 0.20475357019384366 0.22604969718285162 0.3598233831009411
0.27478050549563926 0.3763422649459601 0.30532674087578104 0.04355048868261957
0.07013250508767022 0.012738513709887211 0.4578898173889364 0.45923916381350616
0.17003354423713468 0.17065494022302485 0.3512890274126832 0.30802248812715727
0.6949634351408759 0.04611897125868669 0.1230372630110812 0.13588033058935622
0.31381911523322203 0.41287063625697584 0.0004623272565114078 0.2728479212532907
0.8772120389443171 0.002912751304998462 0.09149950682866514 0.028375702922019297
0.2049397689077791 0.49387022947264436 0.12905280304099742 0.17213719857857912
0.21594947101977668 0.07110029366135617 0.5851297437182931 0.12782049160057407
0.2792945968468563 0.26015190341781047 0.30885739681482927 0.15169610292050395
0.7749678150409236 0.06194432367269154 0.12838121239275058 0.034706648893634284
0.045497305855868864 0.29759655853609257 0.3574179145743114 0.2994882210337272
0.5167843658432453 0.22595290770638354 0.2352151361073559 0.02204759034301529
0.47891545221783816 0.3500856262568872 0.055240352613011856 0.11575856891226277
0.06854991826183676 0.115222399750606 0.35502033999072724 0.46120734199683
0.49778283101845744 0.12095375196212244 0.0017760984243274658 0.37948731859509266
0.15308930072651616 0.08988887896743891 0.032530295739738535 0.7244915245663064
0.000745522041897928 0.46080262960590757 0.21795365212547968 0.3204981962267148
0.39095801573387867 0.048463516895770664 0.13874182610806085 0.4218366412622898
0.22771289672183592 0.036612629918377215 0.33267771556011694 0.4029967577996699
0.14528995885356388 0.42177659158771075 0.36890562605450694 0.06402782350421843
0.004266434167159439 0.03776441682641418 0.6640253325904327 0.29394381641599365
0.29469349860327987 0.440999887924966 0.23552884369872962 0.028777769773024486
0.04206952345831805 0.13044872870786095 0.29317481927755773 0.5343069285562633
0.671570247634277 0.004426339833970783 0.10400663491033746 0.21999677762141479
0.2519303025546189 0.2562271262939865 0.4193718469634171 0.07247072418797751
0.34551733871512846 0.36936933339690436 0.020437515383111227 0.26467581250485595
0.2904848960351515 0.21008065840128043 0.16822202354867533 0.33121242201489276
0.5060852621249864 0.38965426896813093 0.024081082879305105 0.08017938602757757
0.11493223803677854 0.011505067191940666 0.046787701955604444 0.8267749928156763
0.6090274437605645 0.06578249097870814 0.30787755790629356 0.017312507354433793
0.5573673875302017 0.07384472490337879 0.019430064358122556 0.349357823208297
0.4319253188873098 0.020086297484265492 0.23895208739368978 0.30903629623473494
0.1378098929110333 0.07189654325058792 0.3065380450728217 0.4837555187655571
0.7446114470844425 0.07934973341880469 0.0674934184185445 0.10854540107820831
0.14559502906990662 0.47823005670241947 0.3137699221674629 0.062404992060210995
0.039361447652614845 0.2634583902649986 0.692966467637972 0.004213694444414551
0.3464017029002705 0.20443089297636274 0.022588684107127777 0.426578720016239
0.050779979002276265 0.36861296464566085 0.5262143751891075 0.05439268116295537
0.08722936878080467 0.11414934226226847 0.16079750134476023 0.6378237876121666
0.6681348047352675 0.021045609019646583 0.057565809347090435 0.25325377689799544
0.24267542218433813 0.20246962707919391 0.127648820605343 0.42720613013112496
0.23058420435507399 0.24450440627935732 0.17538824757930827 0.3495231417862604
0.06696942393282634 0.03313492064861834 0.09887168171563365 0.8010239737029217
0.5410196733597712 0.012258058447882303 0.39882351122355475 0.047898756968791756
0.2638866709525134 0.21635328513289664 0.35895310171456063 0.16080694220002933
0.3659405848526094 0.3788117385717499 0.16922294358157852 0.08602473299406221
0.19638057670013687 0.529289047232684 0.24642873975094493 0.027901636316234213
0.4888732446161128 0.05472108197970993 0.2440238729076536 0.21238180049652366
0.17721338080182358 0.27806598067906274 0.4371138261062062 0.10760681241290748
0.04910892439787362 0.09422339307344774 0.5873758066577169 0.2692918758709617
0.4355205561751928 0.043457741201784916 0.17324482768920701 0.34777687493381526
0.05773148782296755 0.7797309448467549 0.1222447545834987 0.04029281274677887
0.06467319799028326 0.1956718747386319 0.6352252554130684 0.10442967185801644
0.158033654701494 0.13283879112798203 0.5505471732016721 0.15858038096885185
0.13946712418246032 0.21964040068103108 0.060475231819453135 0.5804172433170555
0.153740208571143 0.2139627747323174 0.4312613359173435 0.2010356807791961
0.24057032033459902 0.24192672143923089 0.48273110682008546 0.03477185140608463
0.0921315918005916 0.7396294986572749 0.0019267938852931543 0.16631211565684034
0.09556681500661357 0.21908618375738376 0.11616202325446268 0.56918497798154
0.23083626557632686 0.3038986047749941 0.21629243696705835 0.2489726926816207
0.05564154105168817 0.7849195444345488 0.10796656147371775 0.05147235304004527
0.15626242367127352 0.14842400927711852 0.19806461472602743 0.49724895232558053
0.06227948040577591 0.011758315874220493 0.3717723824329624 0.5541898212870412
0.07556640450523078 0.0009298778107262873 0.3598608018505569 0.563642915833486
0.15724465838513624 0.21556684125753223 0.21050041559908894 0.4166880847582426
0.22332297288573677 0.25618433193733015 0.3192109657732436 0.2012817294036895
0.030311360522466524 0.13220932434405275 0.6326839023101192 0.20479541282336156
0.04629620299294834 0.3256841092164914 0.322784664963766 0.30523502282679427
0.1342181696990331 0.27610203520813015 0.40446221162011653 0.18521758347272022
0.27555246302085457 0.3360413725257424 0.09042629378485534 0.2979798706685477
0.06154071592069976 0.18499475294018974 0.17073142589633727 0.5827331052427732
0.481846388679705 0.15080938550643397 0.3554569786260392 0.011887247187821859
0.8284319222441106 0.0286345103972091 0.009887259171478813 0.13304630818720153
0.1134440838641173 0.33247002604675124 0.014454393978373337 0.5396314961107581
0.22033633154831267 0.6511532083955602 0.03252293166511577 0.09598752839101132
0.056872574048715596 0.35754628510464226 0.0626727742900115 0.5229083665566306
0.4175619104085895 0.37127043293437767 0.11187852404438381 0.09928913261264904
0.25018894238936007 0.3177132317546706 0.29470291311452745 0.1373949127414419
0.07291709358215726 0.4609189474237523 0.22827979955185906 0.2378841594422314
0.08408068107668132 0.4071224485389987 0.2996510534386043 0.20914581694571566
0.5431794548143797 0.03379544056706818 0.2915797382590407 0.13144536635951143
0.08949499139510886 0.01263922930937944 0.4328413579258731 0.4650244213696386
0.0021255584659090054 0.21451170397232522 0.35357097605200893 0.42979176150975684
0.3950607897751658 0.09165039904799133 0.06604607359422521 0.4472427375826177
0.2703919968833126 0.2670423730612609 0.23222034541332437 0.23034528464210213
0.04905633250513164 0.6917570388470347 0.005857719640091963 0.25332890900774174
0.574469459936228 0.15723621562583856 0.20769780273909222 0.06059652169884122
0.13827941485810036 0.4151534192962565 0.4297289536358446 0.01683821220979853
