10 30 4 83.98622366131742 167.97244732263488
7.941885789400714 1.1867675442346135 6.702834114336479 7.7392349428475065 5.4865631107233135 3.023169809777629 2.782565782836616 7.8447764097906285 2.521997529062819 1.7950583275660925 7.1682383653101756 9.58054011575443 1.03553439695123 5.60973037047199 8.313588654869022 6.512734601464493 7.495797856886196 3.6268846135356982 9.259967102616491 7.431182050579215 5.882899312101351 2.2795304284137425 4.360066840463222 7.067202535597108 4.976498569806965 4.906125939999644 6.559902806223855 5.6182441829895176 6.853574637383205 6.4093505806409
1.5883771578801427 0.2373535088469227 1.3405668228672958 1.5478469885695012 1.0973126221446627 0.6046339619555259 0.5565131565673231 1.5689552819581256 0.5043995058125639 0.3590116655132185 1.433647673062035 1.9161080231508858 0.20710687939024602 1.121946074094398 1.6627177309738044 1.3025469202928988 1.4991595713772392 0.7253769227071396 1.8519934205232982 1.486236410115843 1.1765798624202701 0.4559060856827485 0.8720133680926445 1.4134405071194216 0.9952997139613929 0.9812251879999287 1.311980561244771 1.1236488365979036 1.370714927476641 1.28187011612818
0.09045934927090737 0.7147638475618391 0.10342568397592178 0.09135111919133176
0.04689631938924976 0.0670880424743 0.43360179405569377 0.45241384408075647
0.1989475396788123 0.09701416720086642 0.0556909325524092 0.6483473605679121
0.3255116378322488 0.06701760611433849 0.4285764138903412 0.17889434216307154
0.3841144486921996 0.44200839515054025 0.16150263105913243 0.012374525098127753
0.03928176722538734 0.4952761815764277 0.06281369942906923 0.4026283517691157
0.039959208689977266 0.03965388146598692 0.2511062218261678 0.669280688017868
0.3149268718426883 0.03142027823734472 0.533568024437883 0.12008482548208399
0.5978366479629736 0.007740916430783118 0.27251907833110156 0.12190335727514168
0.30087130894070724 0.002191251710327524 0.25451562801160943 0.4424218113373558
0.06425106069482445 0.2754567829430392 0.1354244037771869 0.5248677525849494
0.3182728054789512 0.2598636244035163 0.3989442960402143 0.022919274077318197
0.06809727353795003 0.5179247065152258 0.19592713856597255 0.2180508813808516
0.29972987242456284 0.050926518858570136 0.32281053400158755 0.3265330747152795
0.05047767015399762 0.05758610262545494 0.7777633233882532 0.11417290383229428
0.10687958439356915 0.11188976478596757 0.25101594426095775 0.5302147065595055
0.14762019228529766 0.10099231551747179 0.3964596186654724 0.35492787353175814
0.2267733432700092 0.33997658130499075 0.3554828623285463 0.07776721309645374
0.014860024633228108 0.5466973356431408 0.011471543756816915 0.42697109596681415
0.14853345135645857 0.43566237717421696 0.10969423781173615 0.3061099336575883
0.09010673472443853 0.34949850305015195 0.06737339148945687 0.49302137073595265
0.1981006572162689 0.09780310500456846 0.26922259173696717 0.43487364604219547
0.030684840372946276 0.35442875919254024 0.3597504773845812 0.25513592304993227
0.6031629758620348 0.1795518423829363 0.055546502458721725 0.16173867929630714
0.458514206237273 0.1572226697962963 0.13472773445392172 0.24953538951250898
0.1748138948221194 0.3092069954647064 0.3647431815244063 0.15123592818876785
0.09465904074365306 0.02207047020331021 0.33996802437320894 0.5433024646798278
0.07708540441603862 0.49669082703516354 0.08195051126339603 0.3442732572854018
0.35121350299640874 0.04220560944010665 0.4198969712342887 0.1866839163291959
0.38403076811573245 0.12357013993922694 0.3218010117722765 0.17059808017276412
0.30070005663620336 0.018536032352341913 0.20241106340508885 0.47835284760636587
0.6262871483113925 0.19299984735867615 0.009394330637607973 0.17131867369232334
0.7546476915298572 0.10220261092787597 0.02708617710345307 0.11606352043881374
0.0934603745586503 0.057691645083913556 0.013863878076584624 0.8349841022808515
0.25137413420705934 0.20493041288772473 0.4879561651440171 0.05573928776119885
0.3571817586345363 0.23301960435088664 0.31263039734620446 0.09716823966837262
0.30545991834281827 0.12403226008882007 0.3443381177789575 0.22616970378940415
0.04309735620499444 0.5933937868625502 0.12674944407613642 0.23675941285631896
0.2622156611319503 0.1552934827073167 0.09595748356902145 0.4865333725917116
0.025399782050106068 0.2166760933534213 0.32343114448464017 0.43449298011183246
0.2927979762895091 0.20225065459294522 0.4837705148751883 0.021180854242357383
0.4407738249006665 0.07902316097471362 0.3341367646251062 0.14606624949951363
0.037094413234407875 0.42743639454492466 0.25407200260291773 0.28139718961774973
0.1591937333780935 0.35314041989545575 0.050856531219195755 0.436809315507255
0.17890280857109042 0.15891307849358904 0.027549084149436354 0.6346350287858842
0.5982556712791092 0.14634756949645145 0.007892929443042207 0.24750382978139718
0.048628006263405577 0.13540681582974567 0.358373694134853 0.45759148377199577
0.3814115349046321 0.15205935008437055 0.39188598787877416 0.07464312713222321
0.791756996276624 0.0855782452883107 0.10056402183707025 0.022100736597995052
0.10461974452285316 0.32383099444504326 0.2803990874010588 0.2911501736310448
0.16620214770453368 0.6338666029896115 0.018967113442067363 0.18096413586378746
0.03755767594167769 0.3985605793971566 0.1532294563417731 0.4106522883193926
0.1680727975326186 0.28503220266861484 0.1041904060351635 0.44270459376360305
0.5990517974614926 0.18200881982878947 0.06744856460443249 0.15149081810528542
0.021165191172154985 0.1548769421115389 0.3370805744485512 0.4868772922677549
0.0146348751032499 0.7280397021961842 0.1017112172399135 0.1556142054606524
0.3386791329893397 0.07821927406003804 0.29893246570193643 0.2841691272486858
0.20595025836897252 0.08788129683479551 0.5097367925394516 0.1964316522567804
0.09344037694376706 0.6914263413331798 0.07961247552500639 0.13552080619804674
0.2573028872050038 0.38702372783641315 0.09205608879714644 0.2636172961614366
