75 10 4 31.057087521129354 62.114175042258715
6.120461981073211 1.593678048304982 8.992996029102315 9.36692359456662 7.11722837238517 5.898482347823506 2.690644079422032 6.564371159665128 4.367149915468441 9.402239514447306
1.2240923962146422 0.3187356096609964 1.798599205820463 1.873384718913324 1.4234456744770339 1.1796964695647012 0.5381288158844064 1.3128742319330255 0.8734299830936882 1.8804479028894612
0.23212451137264523 0.41601669105542227 0.2834323653962636 0.0684264321756689
0.1840002422533159 0.040991581427042734 0.7739388121170104 0.0010693642026309291
0.22072149949471886 0.5263362600124943 0.030937332164719722 0.22200490832806707
0.21006527301636546 0.5893100523711173 0.1490796164697885 0.051545058142728695
0.03329899709428963 0.05188917430664419 0.8695330368618188 0.04527879173724736
0.025266517780541564 0.8665399900255191 0.03956041700088764 0.06863307519305173
0.1790259749355051 0.23614278982638437 0.5704912667768102 0.014339968461300368
0.28349574410329315 0.18463282881909915 0.33351740140762387 0.19835402566998384
0.499439359189373 0.10235670588228452 0.2799539413521078 0.11824999357623467
0.7620143501693629 0.04169883101672156 0.15530618151165065 0.040980637302264866
0.2558343510455634 0.41415373437263614 0.0018030919608481577 0.3282088226209523
0.08070065537884707 0.06246945986013264 0.5817792530200843 0.275050631740936
0.27845295184985064 0.4166898757277008 0.28533915838592305 0.019518014036525533
0.07784826217727425 0.5604935917712679 0.02713699692265925 0.3345211491287986
0.2851928694890601 0.44321979363159025 0.14685767088410684 0.12472966599524282
0.2652101800507244 0.14236154911799415 0.348038917371456 0.2443893534598255
0.011494983299081274 0.1864259242492332 0.11537369503667538 0.6867053974150101
0.1083644308967946 0.39551471703179275 0.27556980294657807 0.2205510491248346
0.6443373162088841 0.08770566415006431 0.20867672205754628 0.05928029758350528
0.48728262493231467 0.04401222049732245 0.06388187401638123 0.40482328055398165
