22 20 4 52.880582055943506 105.76116411188701
2.8761448362295834 5.335129555870293 4.784842317829373 8.732637986692097 2.54045398250506 4.049775645433304 3.4347954996804804 7.219372154046365 2.983640649739531 8.30755828484818 1.094741868844976 6.050833269966998 8.323535686736768 7.705902664529521 2.702002197345058 1.055267797114884 7.948394843000826 9.620489512839477 7.317440956848801 3.6782044017854547
0.5752289672459167 1.0670259111740585 0.9569684635658746 1.7465275973384196 0.508090796501012 0.8099551290866607 0.686959099936096 1.443874430809273 0.5967281299479061 1.6615116569696362 0.21894837376899517 1.2101666539933995 1.6647071373473536 1.5411805329059043 0.5404004394690116 0.21105355942297682 1.589678968600165 1.9240979025678953 1.4634881913697602 0.735640880357091
0.38718348038102224 0.04037175946331839 0.34043750211125035 0.23200725804440903
0.67741077348804 0.025224745377411928 0.2206344069789985 0.07673007415554955
0.02907634933808989 0.4790138138900817 0.3668375820495454 0.125072254722283
0.3112646634243844 0.1264159966577152 0.04660357837100915 0.5157157615468912
0.04521011190769353 0.08385389530414267 0.7201267379957429 0.1508092547924209
0.19755850916533912 0.4098553539766525 0.3746152454379118 0.017970891420096557
0.21873041542199356 0.32003505767769347 0.3727715242856906 0.08846300261462237
0.3140740298466136 0.4225921996710176 0.007898233434877944 0.2554355370474909
0.35764316974130783 0.5008100261124221 0.08332319022647294 0.058223613919797135
0.1578559141684922 0.41027645613696995 0.10488362672170182 0.32698400297283603
0.5081672404877015 0.06362790594053269 0.31470320883186775 0.1135016447398981
0.6573113025961376 0.039911877355893965 0.16486463251023464 0.13791218753773382
0.44080286851070616 0.06574260703263834 0.29730809266745983 0.19614643178919566
0.057952871572311215 0.30446399266007995 0.08762481444546966 0.5499583213221392
0.7042966206017258 0.1275561169138405 0.04033670198073236 0.12781056050370132
0.16892308055411542 0.22701410240458952 0.33500490512377734 0.2690579119175177
0.26704436661784337 0.16794268033313076 0.13041098853833155 0.4346019645106943
0.04895546575127907 0.48994587715416105 0.33348506818127543 0.12761358891328445
0.21210285489211833 0.18595230212627356 0.25308251038111274 0.3488623326004954
0.11557638066163867 0.33620244368744123 0.16232971833995657 0.3858914573109635
0.5842896431568949 0.030916181936161302 0.07301249979955793 0.31178167510738586
0.1118951718836767 0.6832696035739761 0.19372149840566288 0.011113726136684265
0.12833390182776838 0.049425169207956254 0.5671730063328932 0.2550679226313821
0.04566154259879052 0.050223067319250636 0.4198888779314903 0.4842265121504685
0.125207183193362 0.34785281888229447 0.21176871659147134 0.3151712813328722
0.44350009427690873 0.2654553195292232 0.07266733502079414 0.21837725117307394
0.08625567976924198 0.08123261837333628 0.14593249008870035 0.6865792117687214
0.17753703793604714 0.04160032392828872 0.6094030030827093 0.1714596350529548
0.005512411903590642 0.01753660077353847 0.9300992362577254 0.0468517510651455
0.16411433343900128 0.07800862326078717 0.2614398648160039 0.49643717848420765
0.2518355107948953 0.07191609911678365 0.14620080339347408 0.530047586694847
0.030453593675645596 0.6047425958518448 0.36412623211146034 0.0006775783610493136
0.20002865147795024 0.6076434077402758 0.12497369237587563 0.06735424840589832
0.2024276263846314 0.5878784086342183 0.06090476150922586 0.14878920347192448
0.028732626188844312 0.5739753716133829 0.16028791384059182 0.237004088357181
0.19343626241123058 0.6937577747425935 0.0023018009235381554 0.11050416192263779
0.0345150171194456 0.4801534870913571 0.14915084378809185 0.3361806520011055
0.007408867991093193 0.34266656178421795 0.583226364880457 0.06669820534423188
0.7248406917784315 0.01124004267990164 0.18895458692912448 0.07496467861254241
0.03709209948967984 0.5675829448493824 0.1517691886864303 0.24355576697450743
