63 60 4 174.60090361634076 349.2018072326816
5.985469202505278 4.566231043348301 1.4331409532206902 5.731053049835674 2.377347236307013 5.500091448947385 3.304781017445328 5.887838420825595 5.934395075666245 3.032098424709843 1.8032167985742558 5.066826627134538 7.960460596276131 7.139031848248497 8.759271930191854 5.084604967186923 6.124959653745853 1.047449284762255 8.870717967444769 6.200914112479511 9.507061736478468 9.02608189499293 7.136916487656036 9.01315824084015 2.741154005895508 8.22303531750521 1.2106941115426657 9.283960581194181 7.021939314462561 7.679339228261873 9.692987380152529 4.598442966835718 3.831794405201358 5.419872210551693 3.6607142404928146 5.872932140430616 3.6378334282610307 3.1227598127561733 7.296359538281815 4.121907830043984 5.129775818573659 6.421680100854232 1.9921075675847255 4.614962143680816 3.3568051453416228 6.387557030609624 9.191360333760848 2.6297186456882176 9.87807500540809 7.185379423830334 6.023006803084443 9.47643233322125 7.037882067392939 6.442140912815908 4.646787801130948 5.8410761339496124 9.70994765652213 1.4925737556199745 9.211950697635825 8.623743325283238
1.1970938405010556 0.9132462086696602 0.286628190644138 1.146210609967135 0.4754694472614026 1.100018289789477 0.6609562034890656 1.177567684165119 1.1868790151332491 0.6064196849419685 0.3606433597148512 1.0133653254269075 1.5920921192552262 1.4278063696496994 1.7518543860383708 1.0169209934373846 1.2249919307491706 0.20948985695245098 1.7741435934889538 1.2401828224959022 1.9014123472956936 1.8052163789985858 1.427383297531207 1.80263164816803 0.5482308011791016 1.6446070635010421 0.24213882230853315 1.8567921162388363 1.4043878628925122 1.5358678456523747 1.9385974760305058 0.9196885933671435 0.7663588810402716 1.0839744421103386 0.7321428480985629 1.1745864280861231 0.7275666856522062 0.6245519625512347 1.4592719076563632 0.8243815660087968 1.0259551637147317 1.2843360201708465 0.3984215135169451 0.9229924287361632 0.6713610290683245 1.2775114061219248 1.8382720667521695 0.5259437291376435 1.9756150010816182 1.4370758847660667 1.2046013606168886 1.8952864666442502 1.4075764134785878 1.2884281825631816 0.9293575602261896 1.1682152267899224 1.9419895313044262 0.2985147511239949 1.842390139527165 1.7247486650566475
0.5515358133156282 0.3662804356881143 0.03518456367779399 0.04699918731846353
0.4872058009313527 0.4490844240596481 0.04506543641769123 0.018644338591307985
0.34318093403268435 0.25949509469862475 0.3666194803234246 0.030704490945266283
0.16080569616840745 0.5773160692798281 0.13878329585387206 0.12309493869789234
0.15392172555529515 0.328893000734509 0.2059713794700273 0.31121389424016854
0.4465376354012137 0.10423713917189403 0.3669868737941744 0.08223835163271787
0.12542122434175307 0.00275063797743913 0.8300430319482845 0.04178510573252325
0.39694022284780095 0.008959909602082483 0.2857182980488847 0.30838156950123186
0.3119102614035103 0.018100601985334697 0.3376821518957299 0.3323069847154251
0.14881209990661093 0.41331056888464 0.1119796762888996 0.32589765491984946
0.6490412112103092 0.004963932120152781 0.32546126505956763 0.02053359160997037
0.22507638098068572 0.2852169281713137 0.11463229964559862 0.37507439120240194
0.08589182170647036 0.0079305233251169 0.8356418403752235 0.07053581459318925
0.2609389101321983 0.028554378839155015 0.58675363292866 0.1237530780999867
0.5496276567844249 0.21247077274131254 0.09444985936218564 0.14345171111207689
0.0761475461744674 0.088544632299985 0.48331000823594084 0.3519978132896068
0.08513150781720502 0.06418091429612038 0.5289397150123765 0.32174786287429813
0.026578721191264365 0.1014152120219648 0.22141058810962266 0.6505954786771482
0.21004189284184815 0.3468342139760845 0.13703187340766232 0.30609201977440503
0.39809909780134733 0.27080491232300785 0.04700660746812535 0.28408938240751946
0.13337320043053236 0.20950308450877664 0.34670099555773704 0.31042271950295397
0.025856249217368732 0.3319459745113147 0.593017592953551 0.049180183317765525
0.16343741627177077 0.19443692961535175 0.28274415541980824 0.35938149869306923
0.14739786431636126 0.1239317930653625 0.24680042892331122 0.481869913694965
0.086952214896727 0.5672051890689734 0.014758200360430185 0.3310843956738694
0.23855393010578585 0.13511189489404485 0.05301301615732823 0.5733211588428411
0.09071171938033062 0.05052827228113965 0.6994452263701506 0.15931478196837912
0.5460417262478179 0.20672750561027808 0.22003219694302 0.027198571198884025
0.14973843761232075 0.40023591895337185 0.26979655388223855 0.18022908955206884
0.2578881752845422 0.543311532196885 0.03808643643787335 0.16071385608069944
0.18336482824126743 0.06047510460127237 0.5765711599650909 0.1795889071923693
0.01394034131267341 0.2695825857051166 0.6256609800222327 0.09081609295997728
0.4307664795049615 0.17670121694657348 0.1460321008420441 0.24650020270642092
0.013322760542641032 0.12117382887617267 0.36400976045967226 0.501493650121514
0.1622691025577182 0.5847014865905897 0.21552489354852644 0.03750451730316562
0.13083146724199413 0.009788257313237292 0.04870844491606785 0.8106718305287007
0.3741431869079963 0.16056794222914939 0.1293338189727279 0.3359550518901264
0.2571106011587466 0.2716776326809195 0.20771639843973244 0.26349536772060145
0.22951705159564018 0.4575448913370638 0.04450602864550035 0.2684320284217957
0.054515126524603885 0.42516047190904915 0.2671893037807649 0.2531350977855821
0.38003208485081086 0.3769481341173737 0.09731842874900143 0.145701352282814
0.2039601224851485 0.5183410817173109 0.25807801564487964 0.019620780152661
0.333350829740222 0.6385635668510478 0.018423188813317726 0.009662414595412505
0.09996075056969433 0.16019446387633474 0.4306920073919256 0.30915277816204534
0.24984090013739935 0.3504261715910203 0.08970899251112419 0.31002393576045617
0.28014864452579313 0.1468295671541564 0.3732124419987538 0.19980934632129665
0.052223979288627986 0.20330017071256268 0.08622290754912632 0.658252942449683
0.05269636984746018 0.17987947504118906 0.22251418129935474 0.544909973811996
0.15295296746515286 0.45757246461895684 0.24899603613323007 0.14047853178266023
0.10779933726585977 0.34176253442261106 0.13432251082766444 0.4161156174838647
0.1705685119684679 0.1833490617628194 0.21285267875009495 0.43322974751861776
0.3040771435637275 0.02210703081528964 0.5297810851991401 0.14403474042184272
0.1912522345562252 0.16065744289658968 0.18721616262589358 0.46087415992129155
0.35008607395685853 0.4615104532685146 0.06700259848503809 0.12140087428958879
0.43979104422600535 0.01805589867334656 0.36199343293710373 0.18015962416354436
0.011423110506500245 0.8092095218266987 0.12191490679370776 0.0574524608730933
0.28718823127121296 0.226863409370737 0.37622678187398106 0.10972157748406897
0.6103057291669376 0.09903024541656746 0.039208585398458284 0.25145544001803666
0.681577673201815 0.0046696961467649345 0.002198303530023704 0.3115543271213964
0.2672060877071438 0.07678907660613221 0.12929141287130042 0.5267134228154235
0.0025798305263317056 0.7343490029854269 0.0868151780163876 0.17625598847185375
0.25002634098670573 0.307915759183068 0.04256650850398602 0.39949139132624023
0.18562775810391152 0.4212271801644967 0.01305510476619598 0.3800899569653958
0.10362821959350876 0.636521616879844 0.05973649746059295 0.2001136660660543
0.019201335402125763 0.07576093276904383 0.5137087297136309 0.3913290021151995
0.020468516786217972 0.294752354861365 0.23639220232067104 0.448386926031746
0.0625368175255695 0.17609020691275334 0.18825317438629985 0.5731198011753773
0.23391572794400706 0.17522231894177842 0.34498255350564744 0.24587939960856708
0.37577170299566 0.12652452578018059 0.4229068610023683 0.07479691022179114
0.08650182292070141 0.6262711809958312 0.11479043608311734 0.17243656000035001
0.35114942167279584 0.4456600106079359 0.18292677676764324 0.020263790951625005
0.12998945288880792 0.7375024400636451 0.006138581891923067 0.12636952515562394
0.2990872963019978 0.3432622453551961 0.017933511837117555 0.3397169465056885
0.05492180165587002 0.2607452843991087 0.5907796621894599 0.0935532517555614
0.28978730710089773 0.010101568217882773 0.3142233978124498 0.3858877268687697
0.3049462774960804 0.17563478699780577 0.37345384671287574 0.1459650887932381
0.075708051339623 0.32625656741479414 0.18936605629061942 0.40866932495496344
0.30872011247025155 0.08738129939417916 0.16164091600634334 0.44225767212922595
0.011905032020026574 0.023926845943250563 0.581837965854442 0.38233015618228083
0.4637377038735673 0.16004140144769763 0.250101913155686 0.12611898152304912
0.18800805799339482 0.3620782812233906 0.13604487450181235 0.31386878628140225
0.1426261488874676 0.10657715303249271 0.36647251880988474 0.38432417927015494
0.6045975418016165 0.2625176313689306 0.10871543111519011 0.024169395714262798
0.19336911262702916 0.4503165563359849 0.016689363375667954 0.339624967661318
0.1231851780583667 0.3963185363012536 0.01835331239630844 0.4621429732440713
0.39993218136955055 0.26607134226464346 0.0817521718755001 0.2522443044903059
0.2687543235867541 0.42825717536825925 0.27641000468035604 0.02657849636463061
0.4472475353869496 0.03355395864445054 0.39232042219445484 0.126878083774145
0.20813630913851522 0.6105056117422591 0.12612361147601603 0.055234467643209606
0.13431197814670182 0.5748286642943153 0.290008807910499 0.000850549648483856
0.3686430258086003 0.30228881412556896 0.019863507251897672 0.30920465281393306
0.0003814587284065585 0.3827793344620579 0.13350632119728234 0.4833328856122532
0.2294264142940836 0.35715559245495865 0.0923791441257108 0.32103884912524694
0.7329183157620239 0.02082696172301135 0.06326558439002394 0.18298913812494078
0.4312387042705169 0.4011296546313833 0.08775247013787546 0.07987917096022434
0.48435706960866887 0.09791229432112447 0.15477127025596038 0.2629593658142463
0.16472044172853662 0.24232384750735592 0.3764042539742851 0.21655145678982235
0.10444201086191196 0.6037032100478081 0.1953160920010124 0.0965386870892675
0.2143979842672934 0.07363575941691458 0.6982968393645399 0.013669416951252122
0.19576176315125127 0.6880307430039316 0.004588615211950975 0.11161887863286613
0.5312091115717213 0.0045494925659727015 0.4219723204946121 0.042269075367693865
0.10007905564965691 0.016053571116544263 0.660816999322862 0.22305037391093685
0.1695789386083315 0.2130144207611233 0.3199952083120178 0.2974114323185274
0.13212305689787351 0.29116365504126285 0.3913439648891812 0.18536932317168242
0.49664897612808523 0.3764523965339064 0.03225590462092409 0.0946427227170843
0.11428407087182346 0.3707731982330793 0.30409335850829144 0.2108493723868058
0.2692161587304639 0.22325325059675794 0.32612114568202677 0.1814094449907514
0.12142736676516264 0.42939112080010255 0.048948413831032433 0.4002330986037024
0.6150812735502547 0.033888431738686164 0.13530294005235033 0.21572735465870885
0.05096860020904059 0.1411707773057953 0.4619449584843107 0.3459156640008534
0.0015154456942629846 0.5858757727516194 0.27420359302170916 0.13840518853240846
0.48448515751156807 0.31251623718265253 0.08663872159250263 0.11635988371327677
0.6221582513685316 0.22423303023568575 0.09658990066736794 0.05701881772841466
0.4154563034097063 0.14827190818217562 0.2169856655873018 0.21928612282081628
0.47078537188823955 0.059855507805212316 0.4556370564154065 0.013722063891141612
0.7375781016223019 0.06723225760985807 0.1889061656840354 0.006283475083804668
0.0012729053730020645 0.19271738826165197 0.5393391532194207 0.26667055314592525
0.08663833092014706 0.27457398268234456 0.5046409606178516 0.1341467257796568
0.12082330093816052 0.42469263504547217 0.15961859359759556 0.29486547041877176
0.1712632928862785 0.2622385015608252 0.28645589142360794 0.28004231412928837
