7 10 4 26.942359780580333 53.884719561160665
1.6867746043656147 8.019269130161032 4.945683082968042 7.511186600478471 9.801905607969424 5.846462833693903 5.510084172939441 1.648460200237854 3.4159508209168408 5.49894250743004
0.3373549208731229 1.6038538260322064 0.9891366165936084 1.5022373200956942 1.9603811215938847 1.1692925667387806 1.1020168345878882 0.3296920400475708 0.6831901641833682 1.099788501486008
0.28814559930799355 0.09279553384054484 0.2982888629724021 0.3207700038790595
0.2133853535799155 0.38716356388420703 0.3306571022248992 0.06879398031097828
0.2303028790209648 0.29310970165280104 0.3857157942129654 0.09087162511326874
0.20484909029779508 0.1675355990872639 0.2966285514988548 0.3309867591160862
0.36589038578059296 0.20673494686336102 0.19602217387555532 0.2313524934804907
0.4528429325464004 0.006250045345031041 0.1983064848883268 0.34260053722024175
0.1804516192026816 0.23254020991115298 0.009382214529305766 0.5776259563568596
0.09226234584675208 0.3226236325926911 0.21949389019439558 0.3656201313661612
0.05312869067295756 0.47121690609223965 0.43112272623772874 0.044531676997074054
0.592594687323373 0.25580619351431577 0.11657011869843814 0.03502900046387314
0.06593634690590511 0.7378026891984704 0.10585449161523819 0.09040647228038634
0.024899227550348013 0.4272247342673351 0.4980055385959625 0.049870499586354367
0.13316944575925016 0.41532047347678025 0.20191993986600443 0.24959014089796516
0.4677528597449807 0.009648295106607696 0.013364734239482035 0.5092341109089296
0.2760490483306951 0.037945628881967064 0.5239233170965985 0.16208200569073938
0.3529783659443947 0.017372717043640518 0.34897303952100633 0.28067587749095846
0.42645357268494233 0.31466530022832195 0.1653043962510744 0.09357673083566131
0.0014268805627581926 0.5214793204655871 0.18648819269686745 0.29060560627478726
0.30885268486379713 0.3740611695116204 0.013246609141551402 0.3038395364830311
0.2351204072574643 0.23720358903093797 0.4727242275043916 0.05495177620720615
