95 40 4 108.69446487176428 217.38892974352854
3.0592313880121105 2.7161921676176464 8.977237038841588 7.470333060304658 5.79685045090728 8.82515890003703 7.518139087594129 5.338782920252481 7.804694771098569 9.772659950921577 5.575303906453015 9.626422173810196 5.448370249197567 5.6545060030486685 4.09656079540088 9.727752088728776 3.304796237490883 4.629476982276042 8.465415612677678 4.469384319947924 3.0853801470066333 5.787744451170186 3.823896212616735 1.4520636592646972 3.727472880675391 8.19935085390238 3.375830611292119 2.9230339132735255 4.956725248462924 9.899566651309241 4.1461558701941215 9.15349710297832 4.3027097590192644 4.190459772098612 5.082450410973723 1.0468201033210356 6.262096075601606 1.5846589903185748 2.293382373719675 3.818366551711045
0.611846277602422 0.5432384335235293 1.7954474077683176 1.4940666120609316 1.1593700901814559 1.765031780007406 1.5036278175188258 1.0677565840504961 1.5609389542197136 1.9545319901843154 1.115060781290603 1.9252844347620393 1.0896740498395134 1.1309012006097336 0.819312159080176 1.9455504177457552 0.6609592474981766 0.9258953964552085 1.6930831225355356 0.8938768639895848 0.6170760294013267 1.1575488902340372 0.764779242523347 0.2904127318529394 0.7454945761350782 1.6398701707804761 0.6751661222584238 0.5846067826547051 0.9913450496925847 1.9799133302618483 0.8292311740388243 1.8306994205956642 0.8605419518038528 0.8380919544197225 1.0164900821947447 0.20936402066420712 1.2524192151203213 0.31693179806371496 0.458676474743935 0.763673310342209
0.23786885552472448 0.3979619277310841 0.2839748919940882 0.08019432475010324
0.3131728389985837 0.0761071699948428 0.2053383241828014 0.4053816668237721
0.6105345984671525 0.29037560079616076 0.0634001075106525 0.035689693226034214
0.4952500558867502 0.46353999944739066 0.03800800340461585 0.0032019412612432907
0.21827997707273006 0.007906692450369679 0.3321246808282603 0.44168864964863996
0.17442884574553774 0.4807351647669921 0.06341971099052002 0.28141627849695017
0.18405809728163258 0.06337273494756956 0.2714635863424846 0.4811055814283133
0.09810806115318271 0.08222557804454456 0.07043541667217113 0.7492309441301016
0.26495846543038926 0.4891064107637817 0.16875563897918777 0.07717948482664128
0.011538489533946206 0.2787456197373608 0.6298257599376862 0.07989013079100682
0.5540435538287503 0.28091750015292904 0.16213147990003562 0.0029074661182850736
0.010093130878351952 0.3690330562855957 0.04702483750797126 0.5738489753280811
0.029533365719005555 0.0797062460033039 0.3123738934339486 0.5783864948437419
0.0385072076944305 0.6532636673908563 0.02952623855579195 0.27870288635892126
0.2633517635884449 0.6159772139630231 0.05929317307379067 0.06137784937474133
0.12146288112684911 0.03985390315658499 0.428849187829228 0.4098340278873379
0.32682293242032723 0.07351890635410496 0.31679525763143424 0.2828629035941336
0.08359765833507837 0.49393196918379656 0.3338423245897708 0.08862804789135426
0.1434859202297315 0.4199673514091745 0.005447039177414736 0.43109968918367925
0.6350113269865943 0.15492982358419893 0.17652955370892254 0.03352929572028418
0.5732097170201255 0.02359477664848353 0.013202975349133506 0.3899925309822575
0.048440419617492236 0.480946821266936 0.15422552988686689 0.3163872292287049
0.5041858552036189 0.01560850452406004 0.11478280179021383 0.3654228384821072
0.5295701534593964 0.43416718950551314 0.021691531273987152 0.01457112576110331
0.2268047288126248 0.3393938859908845 0.4128773578019058 0.020924027394584876
0.2835817543381016 0.2916441933790316 0.05539431357171165 0.36937973871115515
0.5094580988501242 0.3561667309868962 0.054238760001678266 0.08013641016130135
0.024775437672616807 0.1318990420677082 0.7707849482088039 0.07254057205087105
0.13211419681449954 0.39426377912469035 0.2880350463400696 0.1855869777207405
0.10254229307613993 0.3297893649353171 0.39023910543566176 0.17742923655288123
0.06677749260395094 0.26936812053871584 0.192142751401418 0.4717116354559152
0.15643170819236862 0.2913197809155932 0.12137832733457987 0.4308701835574583
0.021072737057061808 0.366434391137898 0.0850233847109787 0.5274694870940615
0.16588719588473555 0.24811764003328152 0.27703380874337813 0.3089613553386048
0.2734876767509584 0.03825512865840708 0.05685335206355446 0.63140384252708
0.21974242260403565 0.007407252704459855 0.4992202646822549 0.2736300600092496
0.0511490289014197 0.4229915761019438 0.06512526571927013 0.46073412927736634
0.05810189768680252 0.05191953328068344 0.21303959793606198 0.6769389710964521
0.06790242257922652 0.13628964718895709 0.706010128489409 0.08979780174240737
0.06621107537047133 0.6611088944109141 0.1102222724126869 0.16245775780592764
0.27914635544185595 0.1977404239203565 0.3751049724839369 0.1480082481538506
0.04491258909095952 0.06185094201651531 0.695433889839935 0.19780257905259013
0.017924351258356563 0.03052811285222301 0.6453116202743467 0.3062359156150737
0.1051346039771468 0.3539901824630951 0.5103142509113392 0.0305609626484189
0.335601792096055 0.19875245982354317 0.3872574572056844 0.07838829087471744
0.04170769415038644 0.7554482806488605 0.17778066450574892 0.025063360695004144
0.051994309492415236 0.4985374546384046 0.05812220977722771 0.39134602609195246
0.15769924327052898 0.2859304823039711 0.14786535607313978 0.40850491835236014
0.19647258321760375 0.668826252725509 0.0312524743531587 0.10344868970372856
0.22329036837454208 0.6407449160714596 0.004413415619507255 0.1315512999344911
0.2173005078351231 0.4640592475307549 0.09342557538900031 0.22521466924512168
0.02408995439310324 0.554474979736787 0.27390776466859956 0.14752730120151014
0.40027147786458395 0.09046458882138342 0.35851733795536334 0.1507465953586693
0.2634825876559638 0.5464591314845643 0.09371476714243254 0.09634351371703942
0.30732587048174564 0.030821128159592592 0.5779888671154108 0.08386413424325101
0.02765927668979329 0.7907151213745259 0.07144914908357591 0.11017645285210487
0.005191492912608564 0.014002025371509408 0.7673653978853202 0.21344108383056182
0.0122399119085842 0.1321542508818081 0.3675635366526382 0.4880423005569695
0.03780686732246419 0.12442236160590447 0.16261057296718795 0.6751601981044434
0.37960644686764633 0.1972873416815597 0.15279281344375673 0.27031339800703724
0.2463770386800216 0.22230475756427293 0.1603238090848681 0.3709943946708374
0.080009663221562 0.7131119693347931 0.18262378809626123 0.02425457934738362
0.09547122439637534 0.4816886820684917 0.1104705949865924 0.31236949854854057
0.031250448384111285 0.11007426290280642 0.8372948369196801 0.0213804517934022
0.00969107481901621 0.19172577992688433 0.557782111586689 0.24080103366741046
0.292309713644748 0.31689137945482326 0.20649738322603284 0.1843015236743959
0.010078132167912757 0.1159162546960344 0.18576631674101562 0.6882392963950372
0.2098975925095432 0.48536347651164935 0.19866303075024527 0.10607590022856217
0.11886045016137092 0.6087545190750278 0.07406745367765 0.19831757708595132
0.25941851256143755 0.24708866442308863 0.24482952813177694 0.24866329488369687
0.25219574766121844 0.10813418540051689 0.34907785413205816 0.2905922128062065
0.005915259815927554 0.3711978664992831 0.6002737032517789 0.022613170433010477
0.11619373037276681 0.5395160211564662 0.043701120131298565 0.3005891283394684
0.4665184072604135 0.024648094020447764 0.39217886820881087 0.11665463051032787
0.02002211977566548 0.3660120536236017 0.1559211677529504 0.45804465884778245
0.1826887746286866 0.2950786268033817 0.10959948245437101 0.4126331161135607
0.23129590150792934 0.0013317539303098203 0.014895503017840706 0.7524768415439201
0.044009210235708585 0.40611671453038656 0.30489516216196033 0.24497891307194453
0.23418313921796108 0.19070932013638586 0.48752495052431455 0.08758259012133851
0.49438206783850125 0.4680510493816735 0.02162681846624903 0.015940064313576197
