4 40 4 114.389079027847 228.778158055694
9.70326855112309 5.925090242581501 9.75415923968396 7.433343943069282 7.2795594213754375 2.9448054602233875 9.786470092986177 1.0560722968413088 3.2768412614509956 4.913123791640012 8.014446296143772 2.7791656714022777 8.766939120393001 9.850606094577815 2.4745801726422885 6.376005495395733 1.080874879007995 4.4791415437926645 1.3974405213834962 9.609876709428123 4.925319821918179 9.540795761034065 8.076753873415548 8.796603687235287 2.5584887934635336 1.6745372831179632 6.406684492399924 2.5117496534656345 7.600421507595129 4.675994741368132 5.751179410761283 9.438144255558477 5.695265102004622 1.9737404459850763 2.4240106646631947 5.906823865328915 5.71963672061626 6.738492197133943 4.613458992312456 6.848245981174081
1.940653710224618 1.1850180485163002 1.9508318479367919 1.4866687886138563 1.4559118842750876 0.5889610920446775 1.9572940185972354 0.21121445936826175 0.6553682522901991 0.9826247583280023 1.6028892592287545 0.5558331342804556 1.7533878240786003 1.970121218915563 0.49491603452845767 1.2752010990791465 0.216174975801599 0.8958283087585329 0.27948810427669923 1.9219753418856247 0.9850639643836357 1.908159152206813 1.6153507746831095 1.7593207374470574 0.5116977586927067 0.33490745662359267 1.2813368984799847 0.502349930693127 1.520084301519026 0.9351989482736265 1.1502358821522567 1.8876288511116954 1.1390530204009244 0.39474808919701526 0.48480213293263896 1.181364773065783 1.143927344123252 1.3476984394267886 0.9226917984624912 1.3696491962348163
0.3755757685875424 0.021324234314190282 0.3705049641883912 0.23259503290987615
0.5547408629425585 0.13192621697378726 0.20883408613980026 0.10449883394385395
0.4977941146173057 0.13976295840143094 0.28082596612102606 0.08161696086023729
0.33117450309112273 0.49901359900722353 0.07447948664502069 0.09533241125663305
0.5956881170683345 0.0015784902508404475 0.24817704177493838 0.1545563509058867
0.06506781238280734 0.44966615853033776 0.21785947767682268 0.2674065514100322
0.04853413641955251 0.08065264725088517 0.23446356337440022 0.6363496529551621
0.4877376391496743 0.08390373246507488 0.11238184350887848 0.3159767848763724
0.3645531753257558 0.14569045396918423 0.15668414224468596 0.333072228460374
0.35028521085551567 0.12233609831025738 0.14630861747832058 0.38107007335590637
0.2609221572944955 0.15811187725780484 0.560582227488185 0.020383737959514647
0.08318412257086116 0.2642672141401945 0.33123406576792835 0.321314597521016
0.40862678674989794 0.20319502970539416 0.14770771270803928 0.24047047083666862
0.17377979375527586 0.2917098810622598 0.28733052066287723 0.2471798045195871
0.01597127753156069 0.01790634036684846 0.9394003762305215 0.02672200587106932
0.44134070437267003 0.09356189729178255 0.4147663382833914 0.05033106005215604
0.006323937265482749 0.4012977400261749 0.2240705678333219 0.36830775487502043
0.18096483602510238 0.17318070215426296 0.366306583245251 0.27954787857538366
0.07365237412062664 0.6663923558812993 0.0228370598413975 0.23711821015667656
0.08877285739020269 0.25115355909195236 0.44680589795292946 0.2132676855649155
0.32832213688090817 0.03801400237062613 0.5689547179821531 0.06470914276631257
0.08691561764276523 0.4701664576224388 0.41159205011197786 0.031325874622818106
0.221580929980553 0.6626169339947152 0.07160673000864726 0.044195406016084515
0.029773996732739172 0.08867151960084563 0.13835940454797235 0.7431950791184428
0.6241532443303243 0.309225923750716 0.012449126594403115 0.05417170532455662
0.40798226889395084 0.41683865931207353 0.08264371822205685 0.09253535357191878
0.23074594172777607 0.10271044003601837 0.5271994803720867 0.1393441378641188
0.12322788872941182 0.2700188396371438 0.4654741201227294 0.14127915151071502
0.2027650477394588 0.03195200534338283 0.7136088308600442 0.05167411605711414
0.5488051182820823 0.40541397105059784 0.007534228413179522 0.038246682254140296
0.5109061295180553 0.4430498444362274 0.021949307653232775 0.02409471839248456
0.17984963291789824 0.3019175284820328 0.3843570274404625 0.13387581115960645
0.23185520181835473 0.001925228409345059 0.04567317396290704 0.7205463958093932
0.04289853088357365 0.36091173082362726 0.23232375305694242 0.36386598523585667
0.08270761181285646 0.3399483096527479 0.5635688018644482 0.013775276669947378
0.16773020775391967 0.416545444954868 0.3044269283276241 0.11129741896358825
0.22879392211702332 0.3653542097573417 0.049160389440137564 0.35669147868549744
0.1935149634645531 0.3904049104821016 0.2581367740953653 0.15794335195798004
0.06833463001706253 0.37226441714434844 0.24543725598285493 0.3139636968557341
0.36397732246604353 0.04545826981100454 0.45044568578285293 0.140118721940099
0.17897391004113083 0.32355914928580354 0.1213830542212887 0.3760838864517769
0.25367964866138315 0.10917393977174328 0.2620772556309713 0.3750691559359023
0.18244540457120684 0.009000997547756517 0.24037566922226428 0.5681779286587724
0.40482521731090604 0.011951087367456537 0.15536246559438605 0.4278612297272514
0.08466161102041025 0.16079209756269186 0.6155606031699699 0.13898568824692803
0.5400747296428063 0.06348878071740005 0.2910877819565324 0.10534870768326121
0.10981811811784403 0.504744728232488 0.15319518798041376 0.23224196566925426
0.5146536970836565 0.2954907250424884 0.033562571864510504 0.1562930060093446
0.14872683943405696 0.7170480765100423 0.060945777296151915 0.07327930675974881
0.18902575945615485 0.20375541536597508 0.04398511711738329 0.5632337080604868
0.4124722116627568 0.21109662774415705 0.278853016469227 0.09757814412385912
0.05888009415812312 0.6741186234378719 0.09302414942922455 0.17397713297478046
0.12401461831327198 0.6704086992633702 0.14937418830640337 0.05620249411695444
0.7629936412753662 0.17959220845161405 0.03862406940428054 0.018790080868739234
0.040091124641168374 0.5031991903823657 0.11419432081173841 0.3425153641647275
0.2724714587237361 0.394086937376524 0.06171104409298678 0.2717305598067531
0.0993277648941745 0.18870906210353366 0.49349429690000157 0.21846887610229027
0.4095913896676494 0.14233505106372524 0.37388215654788437 0.07419140272074098
0.13475260700177727 0.699028762919614 0.15701544859566585 0.009203181482942857
0.4445406645343004 0.24368060866982566 0.14119667651687962 0.1705820502789943
0.3225749762532557 0.5178910884689265 0.07952128297571559 0.0800126523021022
0.09091055162091022 0.7166384015936905 0.04863481771321687 0.1438162290721824
0.15188560123269723 0.18060956575479925 0.30435350587910437 0.36315132713339915
0.3122050322800519 0.06313511105628378 0.16244152283921098 0.4622183338244533
0.4451251930602681 0.16668715554146096 0.12270670440692022 0.2654809469913507
0.1852092341733128 0.1506401757291439 0.40160256351221957 0.2625480265853237
0.05243487868640262 0.11268324171348465 0.7210161109542454 0.11386576864586728
0.27036548223830226 0.06885942598581662 0.11771433353794636 0.5430607582379348
0.37183370636286006 0.13955357577288863 0.05176595279417706 0.43684676507007425
0.05720591625564686 0.5425915749335528 0.32538764003922305 0.07481486877157728
0.7365002639632688 0.02298587620201198 0.17940783915398517 0.06110602068073401
0.43702347241547124 0.14020859783696582 0.08266216062778109 0.34010576911978185
0.12278925276601593 0.0022033120207080037 0.2585874452535982 0.6164199899596778
0.13284200646608957 0.43452695803022423 0.2713417323761588 0.16128930312752743
0.10451524198326945 0.05201697074848377 0.7185301344022599 0.1249376528659869
0.01753367137178896 0.31964615928436724 0.046967832559269396 0.6158523367845744
0.037745180036163894 0.3882725801891802 0.18408864009317782 0.3898935996814781
0.021329839501554315 0.1777258144621996 0.24630139056360367 0.5546429554726424
0.245071897044153 0.11026473183897512 0.31211790364497705 0.33254546747189484
0.5773636987909793 0.2566131938937196 0.04280460998705571 0.12321849732824541
