95 50 4 136.25271287503824 272.5054257500765
3.0592313880121105 2.7161921676176464 8.977237038841588 7.470333060304658 5.79685045090728 8.82515890003703 7.518139087594129 5.338782920252481 7.804694771098569 9.772659950921577 5.575303906453015 9.626422173810196 5.448370249197567 5.6545060030486685 4.09656079540088 9.727752088728776 3.304796237490883 4.629476982276042 8.465415612677678 4.469384319947924 3.0853801470066333 5.787744451170186 3.823896212616735 1.4520636592646972 3.727472880675391 8.19935085390238 3.375830611292119 2.9230339132735255 4.956725248462924 9.899566651309241 4.1461558701941215 9.15349710297832 4.3027097590192644 4.190459772098612 5.082450410973723 1.0468201033210356 6.262096075601606 1.5846589903185748 2.293382373719675 3.818366551711045 9.27825107724907 3.5123171989767035 3.1408196997225204 5.291981014259912 6.722477049302277 8.667925766615344 4.503520080940839 8.219776788526689 3.8185555509872535 1.9608717799672735
0.611846277602422 0.5432384335235293 1.7954474077683176 1.4940666120609316 1.1593700901814559 1.765031780007406 1.5036278175188258 1.0677565840504961 1.5609389542197136 1.9545319901843154 1.115060781290603 1.9252844347620393 1.0896740498395134 1.1309012006097336 0.819312159080176 1.9455504177457552 0.6609592474981766 0.9258953964552085 1.6930831225355356 0.8938768639895848 0.6170760294013267 1.1575488902340372 0.764779242523347 0.2904127318529394 0.7454945761350782 1.6398701707804761 0.6751661222584238 0.5846067826547051 0.9913450496925847 1.9799133302618483 0.8292311740388243 1.8306994205956642 0.8605419518038528 0.8380919544197225 1.0164900821947447 0.20936402066420712 1.2524192151203213 0.31693179806371496 0.458676474743935 0.763673310342209 1.855650215449814 0.7024634397953406 0.628163939944504 1.0583962028519824 1.3444954098604556 1.7335851533230688 0.9007040161881678 1.6439553577053378 0.7637111101974507 0.3921743559934547
0.5946183331762279 0.30629186608708536 0.0634001075106525 0.035689693226034214
0.4952500558867502 0.11528454258040233 0.3862634602716042 0.0032019412612432907
0.21827997707273006 0.34003137327863 0.4004787049827808 0.041209944665859144
0.22618666952309974 0.4289773409894301 0.06341971099052002 0.28141627849695017
0.17442884574553774 0.00962925153609484 0.06337273494756956 0.7525691677707979
0.09810806115318271 0.08222557804454456 0.33856077937395945 0.4811055814283133
0.2507690558698984 0.014189409560490862 0.4891064107637817 0.24593512380582905
0.290284109271307 0.6298257599376862 0.0027106459643655434 0.07717948482664128
0.011538489533946206 0.542505064294804 0.28091750015292904 0.1650389460183207
0.010093130878351952 0.3690330562855957 0.6179663467177673 0.0029074661182850736
0.029533365719005555 0.0797062460033039 0.31691141294960945 0.5738489753280811
0.42161350515625806 0.2701573699290287 0.02952623855579195 0.27870288635892126
0.0385072076944305 0.8408217698570375 0.05929317307379067 0.06137784937474133
0.12146288112684911 0.1418888824615958 0.32681420852421716 0.4098340278873379
0.1613167842834341 0.16550614813689313 0.07351890635410496 0.5996581612255678
0.5775296275188749 0.1396074688869915 0.19423485570277932 0.08862804789135426
0.08359765833507837 0.05988826189465313 0.42541439058658925 0.43109968918367925
0.563453271638906 0.07155805534768833 0.33145937729312147 0.03352929572028418
0.596804493668609 0.013202975349133506 0.17993368155305078 0.21005884942920672
0.5293872408844282 0.04382247613569723 0.11040305375116966 0.3163872292287049
0.048440419617492236 0.4557454355861267 0.01560850452406004 0.48020564027232104
0.5295701534593964 0.10500700805849639 0.3508517127210039 0.01457112576110331
0.2268047288126248 0.3393938859908845 0.39753872816140023 0.03626265703509046
0.2835817543381016 0.2916441933790316 0.4038500248882819 0.020924027394584876
0.5094580988501242 0.12116216243872069 0.23500456854817553 0.13437517016297962
0.024775437672616807 0.1318990420677082 0.7631891100983736 0.08013641016130135
0.13211419681449954 0.68229882546476 0.11304640566986945 0.07254057205087105
0.10254229307613993 0.42383568286304996 0.2961927875079289 0.17742923655288123
0.3361456131426668 0.09618604486879023 0.09595670653262778 0.4717116354559152
0.06677749260395094 0.38097399650401087 0.12137832733457987 0.4308701835574583
0.021072737057061808 0.13535897113530682 0.23107542000259118 0.6124928718050402
0.16588719588473555 0.24811764003328152 0.05852567698792144 0.5274694870940615
0.2734876767509584 0.03825512865840708 0.3792958392520297 0.3089613553386048
0.21974242260403565 0.1488537348688843 0.35777378251783043 0.2736300600092496
0.0511490289014197 0.1760006464070758 0.31211619541413815 0.46073412927736634
0.05810189768680252 0.05191953328068344 0.36411917403587757 0.5258593949966365
0.2041920697681836 0.11886895913536433 0.5871411693540447 0.08979780174240737
0.06790242257922652 0.659417547202159 0.1102222724126869 0.16245775780592764
0.06621107537047133 0.4452245822259465 0.12798626985565809 0.36057807254792407
0.26230524933844 0.30380940341610463 0.0622227471123471 0.37166260013310826
0.2957600863202309 0.03672716998533976 0.5409494891925047 0.12656325450192463
0.3873154912883985 0.08262846574896776 0.31665142759068665 0.2134046153719471
0.24301366092264387 0.25937884754868235 0.21393325335635482 0.28367423817231896
0.3950929049148574 0.22530689586197594 0.31260539320610536 0.06699480601706131
0.46443921522584386 0.10157672841384946 0.1815314962729183 0.25245256008738837
0.40972212720222345 0.37330674441966094 0.09379785027572163 0.12317327810239398
0.014107375749460194 0.5061346922098805 0.1353073150301557 0.3444506170105036
0.0417578774919134 0.39935247968795407 0.5582059907291783 0.0006836520909542232
0.4277896127341939 0.27551165457739757 0.012543344947522073 0.28415538774088644
0.1389033943726654 0.6288267765773191 0.21154089366541118 0.020728935384604297
0.017924351258356563 0.026988237832602957 0.6488514952939668 0.3062359156150737
0.048452464110579574 0.05668213986656723 0.8643044333744343 0.0305609626484189
0.335601792096055 0.1235229943441869 0.46248692268504066 0.07838829087471744
0.04170769415038644 0.49264655776921173 0.26280172287964876 0.20284402520075306
0.051994309492415236 0.5566596644156323 0.3662826653969483 0.025063360695004144
0.15769924327052898 0.39283252086029086 0.04096331751682003 0.40850491835236014
0.19647258321760375 0.24715714235689634 0.42166911036861265 0.13470116405688726
0.8640352844460016 0.004413415619507255 0.028102610230762548 0.10344868970372856
0.22329036837454208 0.4580693869913359 0.09342557538900031 0.22521466924512168
0.2173005078351231 0.3612644262947672 0.27390776466859956 0.14752730120151014
0.02408995439310324 0.4666461122928641 0.35851733795536334 0.1507465953586693
0.2634825876559638 0.13678889020862017 0.4096702412759441 0.19005828085947196
0.30732587048174564 0.5963306158012149 0.01247937947378841 0.08386413424325101
0.02765927668979329 0.31048772195154495 0.480227399422981 0.18162560193568078
0.019193518284117972 0.7673653978853202 0.10326463097845695 0.11017645285210487
0.005191492912608564 0.13920266987778374 0.3675635366526382 0.4880423005569695
0.0122399119085842 0.025566955413879988 0.2870329345730924 0.6751601981044434
0.16222922892836866 0.21737721793927767 0.35008015512531643 0.27031339800703724
0.2463770386800216 0.22230475756427293 0.10821199230491152 0.42310621145079397
0.080009663221562 0.5489959421076006 0.34673981532345377 0.02425457934738362
0.577159906464867 0.1104705949865924 0.10549113110489572 0.20687836744364485
0.09547122439637534 0.04585348689054236 0.8372948369196801 0.0213804517934022
0.00969107481901621 0.021559373565095075 0.7279485179484783 0.24080103366741046
0.20141685474590054 0.09089285889884746 0.31689137945482326 0.39079890690042873
0.010078132167912757 0.1159162546960344 0.689704089461657 0.1843015236743959
0.2098975925095432 0.10186311109541957 0.3835003654162298 0.30473893097880744
0.11886045016137092 0.6828219727526778 0.09224167685738915 0.10607590022856217
0.25941851256143755 0.24708866442308863 0.2211077922518725 0.2723850307636013
0.36032993306173533 0.34907785413205816 0.041928917922509634 0.24866329488369687
0.25219574766121844 0.12491737865399222 0.6002737032517789 0.022613170433010477
0.005915259815927554 0.11027847055683926 0.5832171412877648 0.3005891283394684
0.4665184072604135 0.024648094020447764 0.1645432502483718 0.34429024847076695
0.02002211977566548 0.5219332213765521 0.3413900283374546 0.11665463051032787
0.1826887746286866 0.20334539877058055 0.09173322803280115 0.5222325985679317
0.23262765543823916 0.014895503017840706 0.33984372543035946 0.4126331161135607
0.23129590150792934 0.2188300232581658 0.30489516216196033 0.24497891307194453
0.044009210235708585 0.1901739289822525 0.19070932013638586 0.5751075406456531
0.49438206783850125 0.41803534204016024 0.07164252580776231 0.015940064313576197
0.6291067657985921 0.3093427417259166 0.02398360969566604 0.03756688277982523
0.0990222834427057 0.24956726844938049 0.485862901159415 0.16554754694849882
0.4503225949240389 0.19808419741674532 0.3087122077065654 0.04288099995265038
0.16492679952344058 0.076191975281379 0.652372844334919 0.10650838086026138
0.21461493774277773 0.6729328540409616 0.0956865507667155 0.016765657449545168
0.10006305545236982 0.4113760257439507 0.36654766977283926 0.12201324903084021
0.13737476197969523 0.7341744331213035 0.05227311224345954 0.07617769265554175
0.11999339966942346 0.13876419724197142 0.13616075190193078 0.6050816511866743
0.16873718014326855 0.32820754554877996 0.22736321449623453 0.27569205981171696
0.16367353062797307 0.09377070503316709 0.1471540882379896 0.5954016761008702
0.19205330982685886 0.3246095168550015 0.12152765360612594 0.3618095197120137
0.059266476316123584 0.5157845107338228 0.010306462670418237 0.41464255027963537
