55 100 4 278.46687174045456 556.9337434809092
1.837974580046722 9.744903279908087 5.354739824172815 3.182704313482577 5.780114468265278 3.569898119183189 8.763673393464757 1.3699013811478633 1.9751296055564835 7.904440408858273 1.4628583799549586 7.981448847795405 1.0822504835522104 6.564809021111506 8.368383994646123 9.087271506833652 9.870504235796544 5.470704301930826 4.170870331933543 8.803764950248395 4.57193571151395 6.79291497259029 1.1840798184903227 8.272760886904587 4.866519718172428 6.026918702527848 8.012001611353552 4.623014111965929 9.171954261197897 6.849726498879445 7.545450044356332 8.016049359863077 4.156547029081579 1.1769392826992893 4.227027125765138 3.7290290621393276 9.271557929631543 3.2805723693162876 3.170392941027227 9.189308325521448 7.991338154280666 4.8678928927359655 9.296113219824043 7.369297108480932 1.6459248024942792 3.8987299929886996 8.606076062077978 6.721236542003203 6.538457203033313 8.274829615344267 6.727942801754081 3.4067806235933986 4.469991421028345 4.104619833582477 2.802967729098699 3.3420869279210983 7.054327261887888 8.635292068754723 2.824975551713324 7.9402021439585155 8.479893571558787 5.8533135850322155 4.352168564606169 2.828636058303866 2.6913309236198595 3.9133491517943666 1.6509643554348816 2.7389851489788946 9.269031801550051 6.522379065955216 1.3354208967559547 3.4673363383841185 7.509704143422076 9.406566820957442 4.584007748928252 7.45338190779824 8.339185942212852 1.2739513282235593 8.440090457004644 5.302231247907565 3.526554973551176 6.347298418175343 1.568594115193416 2.5038785026448043 5.804970914366117 6.248434308687476 3.027637430478326 7.715276730754317 7.889006562354838 4.183743578626384 6.353734524874389 9.812249456163686 3.61061109618874 6.626257743296294 3.8700485546653676 9.311790863672037 5.18366243641417 8.743475988714138 2.639226504026296 3.5552345721900847
0.3675949160093444 1.9489806559816174 1.070947964834563 0.6365408626965154 1.1560228936530557 0.7139796238366378 1.7527346786929514 0.27398027622957266 0.3950259211112967 1.5808880817716546 0.2925716759909917 1.596289769559081 0.21645009671044207 1.3129618042223012 1.6736767989292247 1.8174543013667304 1.9741008471593087 1.094140860386165 0.8341740663867085 1.760752990049679 0.91438714230279 1.3585829945180579 0.23681596369806454 1.6545521773809173 0.9733039436344855 1.2053837405055696 1.6024003222707104 0.9246028223931859 1.8343908522395793 1.369945299775889 1.5090900088712664 1.6032098719726153 0.8313094058163157 0.23538785653985786 0.8454054251530276 0.7458058124278655 1.8543115859263086 0.6561144738632575 0.6340785882054454 1.8378616651042896 1.5982676308561332 0.9735785785471931 1.8592226439648087 1.4738594216961864 0.3291849604988558 0.77974599859774 1.7212152124155957 1.3442473084006408 1.3076914406066626 1.6549659230688534 1.3455885603508162 0.6813561247186797 0.893998284205669 0.8209239667164955 0.5605935458197397 0.6684173855842197 1.4108654523775777 1.7270584137509446 0.5649951103426648 1.5880404287917032 1.6959787143117573 1.1706627170064432 0.8704337129212337 0.5657272116607732 0.5382661847239719 0.7826698303588733 0.3301928710869763 0.5477970297957789 1.8538063603100103 1.3044758131910432 0.26708417935119094 0.6934672676768237 1.5019408286844151 1.8813133641914885 0.9168015497856503 1.490676381559648 1.6678371884425705 0.25479026564471186 1.6880180914009286 1.060446249581513 0.7053109947102352 1.2694596836350684 0.3137188230386832 0.5007757005289608 1.1609941828732233 1.2496868617374952 0.6055274860956652 1.5430553461508634 1.5778013124709678 0.8367487157252768 1.2707469049748776 1.9624498912327373 0.722122219237748 1.3252515486592586 0.7740097109330735 1.8623581727344074 1.0367324872828338 1.7486951977428276 0.5278453008052593 0.7110469144380169
0.06818329769779552 0.21372101906545382 0.2090947323308595 0.5090009509058911
0.28698022509560306 0.24056066000849285 0.4245031817287056 0.04795593316719848
0.23588382145652176 0.18078218177537952 0.33677566980067064 0.24655832696742808
0.2916338368695629 0.21276878127250498 0.005803742867124706 0.4897936389908074
0.06024035016238238 0.01622516850967115 0.6749323188840263 0.2486021624439202
0.06803058556446906 0.3058961866282003 0.4155193183220719 0.21055390948525876
0.05563907218321207 0.44720916880613915 0.10719681940663195 0.38995493960401684
0.11356223079377836 0.09485831910582321 0.3375082461621919 0.45407120393820655
0.7462389574121966 0.10434887091357048 0.052420453816927615 0.09699171785730532
0.07158327666761988 0.1234650022494076 0.14549762981707914 0.6594540912658934
0.39739801753058 0.06543540065432185 0.03742032946167284 0.4997462523534253
0.22235586014230335 0.011658790198740165 0.4061608715775523 0.35982447808140416
0.3238117691679152 0.3579334346907428 0.2611664129649597 0.05708838317638232
0.021051955581701032 0.6669842313773738 0.024235354492641692 0.28772845854828344
0.20855094274274355 0.36775702214772565 0.22343099706413683 0.20026103804539397
0.02663335474375106 0.6655554808850607 0.2578398902388619 0.04997127413232638
0.05760399639364833 0.6177555451950157 0.0024772968141146823 0.32216316159722125
0.16173139325286623 0.5337446805476826 0.28674408258054007 0.01777984361891105
0.13099218977916072 0.4844271291412233 0.37677632253976623 0.007804358539849732
0.08860645369726416 0.3774018462866445 0.10381264477609142 0.4301790552399999
0.35775721313879594 0.11984473461459966 0.44291246309606147 0.07948558915054293
0.4287620395529089 0.03891259857813811 0.20760711622372707 0.3247182456452259
0.4883886546870452 0.15799496394603008 0.2796243981323473 0.07399198323457745
0.26463856441529165 0.26919244469465864 0.18490488075875644 0.28126411013129327
0.3324420670135625 0.09427354505605112 0.48754120689959657 0.08574318103078982
0.48306694771104286 0.19123546044181583 0.29444392534374997 0.03125366650339134
0.727760021790933 0.136058041508628 0.019906492238425444 0.11627544446201354
0.07126539919761876 0.6056392514288191 0.09586599850488686 0.22722935086867524
0.018828467272341554 0.21196058614688418 0.13469847323426487 0.6345124733465094
0.0591060453903024 0.2948628261348185 0.5070612336860963 0.13896989478878274
0.08338881067829951 0.5058395695621981 0.015293042169303495 0.3954785775901989
0.20147174394263334 0.19786939037893692 0.42058866411483364 0.1800702015635961
0.43975949467526976 0.3143751101619279 0.08888927276666503 0.15697612239613734
0.48270668952168194 0.226877015500481 0.2688712232840651 0.021545071693771956
0.16481952107367115 0.24064723560317136 0.4220429895762605 0.17249025374689697
0.4923524784704779 0.02575956131416446 0.2949219779277259 0.18696598228763173
0.2800898826378052 0.022941875776476328 0.007170623463880532 0.6897976181218379
0.09785907915096892 0.39427358581842287 0.25337237957352765 0.25449495545708056
0.24730567608118847 0.021964534792442425 0.4563909208609348 0.2743388682654343
0.4313806243312316 0.32267675249732297 0.23630669122062653 0.00963593195081891
0.07815921381467206 0.18157294777271116 0.4060812405521603 0.33418659786045646
0.14098154714438915 0.5865853830986083 0.24067539382598724 0.031757675931015306
0.0859179323904381 0.3234901933901734 0.26640411354077775 0.32418776067861077
0.049900634619101214 0.6399504483151318 0.10940852972732851 0.20074038733843846
0.17693073324464104 0.2595581087973796 0.038003588747920425 0.5255075692100589
0.15820133947990622 0.21945059672213785 0.1803679641937983 0.44198009960415763
0.42257444595380644 0.24606673726277162 0.19160346343738743 0.1397553533460345
0.21987346514137074 0.2233603180443262 0.0615421799047029 0.49522403690960015
0.29310658231362896 0.06272027327965557 0.4247516639507415 0.21942148045597398
0.18503817587799531 0.0014259181854044956 0.49529746707977296 0.31823843885682723
0.10365882445287367 0.016139298757131826 0.622382589940116 0.25781928684987854
0.11387599911014445 0.32525272626724 0.3912601850026516 0.16961108961996396
0.26699821128905876 0.37307671120458985 0.3476947751279019 0.012230302378449465
0.2818750165314571 0.26312706137041986 0.11936457786523125 0.3356333442328918
0.31842994388911017 0.3279694044599897 0.24396100767686213 0.10963964397403803
0.3250720709577437 0.0030102261657530827 0.24027297170454032 0.4316447311719629
0.27864717588366195 0.06897958263664672 0.15228254435398159 0.5000906971257097
0.06373994551937168 0.3943824201388004 0.22170007104070666 0.32017756330112124
0.12084477328484655 0.13147299680384383 0.19732913964901544 0.5503530902622942
0.2035193847389276 0.20236507601520948 0.19342598225767726 0.40068955698818565
0.05028292250569755 0.14890438532212735 0.04640670573734984 0.7544059864348253
0.37904556233053144 0.08471292664364749 0.39094008350061715 0.14530142752520392
0.16720482042783924 0.037861616627869576 0.446277742008117 0.3486558209361742
0.5245311215932894 0.3240601557102978 0.1102618038122638 0.04114691888414901
0.48446146939962165 0.48178493199352623 0.01511558492741405 0.01863801367943807
0.5988257761277186 0.13017155409773284 0.014801269434221664 0.2562014003403269
0.24791521163921248 0.32771019773124554 0.04254849518116599 0.381826095448376
0.06191453475376485 0.07060636329980852 0.47775008218877035 0.3897290197576563
0.5442092148504166 0.03493768575353151 0.03762432223355694 0.3832287771624949
0.190580497259198 0.008220985131441205 0.6733203592908144 0.12787815831854643
0.14784674068224923 0.1779442487697469 0.6533780696816714 0.020830940866332415
0.07440349906436194 0.08676988178346356 0.7202787347178593 0.11854788443431519
0.3029044757478996 0.07891898626203164 0.44374644261770024 0.17443009537236853
0.902400780907157 0.06442045104398919 0.024612876814006035 0.008565891234847745
0.44962123306444235 0.3166460222589714 0.20228159538293555 0.03145114929365067
0.4769061899190121 0.29155527841279893 0.16808098006544359 0.06345755160274535
0.44044665091466584 0.3411707593112555 0.1691455571027738 0.04923703267130486
0.21425283377570348 0.19313144846911356 0.26810252799635304 0.3245131897588299
0.23787959434927974 0.20982231607032575 0.22884794294050292 0.3234501466398916
0.6919058635390921 0.11158391930381184 0.07916304453776013 0.11734717261933592
0.13234094048249834 0.08333186858508967 0.6704504309181069 0.11387676001430513
0.3156809973626016 0.12295389708265014 0.03430762401917764 0.5270574815355706
0.2370507352204151 0.054507298296944784 0.09620390661381573 0.6122380598688244
0.09871687409037677 0.5002033155546861 0.22884504313146048 0.17223476722347664
0.01600954391798537 0.6942195736761121 0.12236809206281862 0.16740279034308392
0.13157040976066925 0.2884541557971195 0.37372582020489675 0.20624961423731447
0.0036535154692305394 0.0033013964533851192 0.14792818290442789 0.8451169051729565
0.010210358339854175 0.3705715569089323 0.5104128143897929 0.10880527036142063
0.021019450615992863 0.1420431261265256 0.7478508973703327 0.08908652588714883
0.1869335445826943 0.00020881049273779873 0.7679437238317801 0.0449139210927878
0.2839893628978808 0.39411832858916607 0.24282304415881917 0.07906926435413397
0.11557878899308105 0.5609220002908718 0.043701335998128976 0.27979787471791817
0.16318422356402706 0.01084043354582609 0.6816663196957516 0.1443090231943952
0.033584005671771 0.10276537175831546 0.7553137706388493 0.10833685193106424
0.00235922095551766 0.029405712244013338 0.16037881848654556 0.8078562483139234
0.4450290990063688 0.01960774663237408 0.2523604895590361 0.283002664802221
0.055763992282158226 0.3027217338323085 0.2396349739909851 0.4018792998945482
0.27660536997044116 0.1601532744969869 0.28867117067774795 0.274570184854824
0.2592261811591051 0.4075999027475752 0.1522732961236849 0.1809006199696348
0.014408294659708054 0.09188667374703452 0.5808221029830226 0.3128829286102348
0.576455513298616 0.17856033667919669 0.17241030455262785 0.07257384546955947
0.49230762357129976 0.056464523350200024 0.06089094318181432 0.3903369098966859
0.2913196463902131 0.14631773742091347 0.5429451784500506 0.019417437738822763
0.040235095465624315 0.33567820464605 0.34850319219098247 0.2755835076973432
0.6590971273212639 0.061081981524321094 0.14018794230708653 0.13963294884732846
0.2044739633376852 0.4950433776293687 0.2821338440918394 0.01834881494110674
0.05624317847130522 0.18743833860938175 0.23784511016868515 0.5184733727506279
0.0470968812876823 0.35134905453148313 0.17495517660802873 0.42659888757280584
0.0026966501281202593 0.1881367193397956 0.415772862563094 0.39339376796899017
0.09655152398622713 0.12981053675334808 0.35278035499915594 0.42085758426126885
0.0828631164166248 0.41780996268202286 0.19379016028618035 0.305536760615172
0.5281447907240785 0.3055995796521124 0.0768796682360704 0.08937596138773873
0.26025910761322024 0.22653050027417154 0.3195629652498738 0.1936474268627344
0.04122758572640761 0.17573253204631245 0.7579685125522877 0.02507136967499224
0.10019514910470007 0.10783918479155052 0.04390782028687945 0.74805784581687
0.17601498528439696 0.15088510674283673 0.2954480486254103 0.377651859347356
0.12935125988426277 0.19461730255610454 0.29435312169816574 0.38167831586146694
0.23043792051102563 0.2692819564679527 0.20714357271506123 0.2931365503059604
0.25799014946558607 0.27729669495871834 0.034328483865265214 0.4303846717104304
0.25129364782566177 0.0006308040340742282 0.2378999774978353 0.5101755706424287
0.14813755065800904 0.09350161880782315 0.11966854214813505 0.6386922883860328
0.021687807103570877 0.5518082820776017 0.053383615891112735 0.3731202949277147
0.07013581514505918 0.3080594072854964 0.4093770650231945 0.21242771254624992
0.17711394533995528 0.39294840494762484 0.1569268309659948 0.2730108187464251
0.5687068759046544 0.057904074374469205 0.032181771064532017 0.34120727865634437
0.15629346839862623 0.019782418256765633 0.2603867618577449 0.5635373514868632
0.24690423813395568 0.284307466968705 0.42458787383521257 0.04420042106212674
0.4741454831411698 0.040262085808657755 0.43582569491195344 0.049766736138219025
0.10257410914357079 0.34453822949793733 0.07569327757941469 0.4771943837790772
0.12112598159241084 0.7905481414425632 0.022901295479721306 0.06542458148530461
0.15316014112002396 0.10654372286289648 0.5262744930017353 0.2140216430153442
0.17760268837074922 0.6232184292637083 0.11431293634030382 0.08486594602523867
0.02391034571299888 0.7334146950759802 0.011136867030487885 0.231538092180533
0.33448569933048533 0.20625024962438276 0.3808044513351716 0.0784595997099603
0.029948579514280205 0.2963098112202983 0.3848772692498462 0.28886434001557526
0.25375224649851813 0.05373975130583519 0.033063336943666144 0.6594446652519805
0.3244036236374257 0.33983421912657974 0.3027181895384389 0.03304396769755569
0.05673724054714857 0.46860550218104935 0.2965959156375755 0.1780613416342266
0.009940540570233303 0.5636139808660914 0.022579852137609713 0.4038656264260656
0.060581999265359454 0.5342057380363735 0.29592772152690694 0.1092845411713601
0.5332031029241705 0.3424961122206349 0.09002836698669459 0.034272417868499994
0.4167706743819547 0.2033916946967126 0.3584202425951122 0.021417388326220532
0.039103589151366136 0.13663520729226508 0.17966631875323302 0.6445948848031358
0.2572064568771779 0.06301797429862044 0.5740130971969125 0.10576247162728913
0.0021032435182001263 0.23201760521383297 0.2362788723346294 0.5296002789333375
0.2541326392840091 0.34312949781586344 0.05037631426897882 0.35236154863114866
0.0007496577106949065 0.07872268231854307 0.8354368796330233 0.08509078033773876
0.7925590110596189 0.053093388451545764 0.1382363919640034 0.016111208524831944
0.19108190599130825 0.6274324340890094 0.09451197980179527 0.08697368011788709
0.15421033266759487 0.36597096262469364 0.46621754171497953 0.013601162992731952
0.5123625144180435 0.05818037876885107 0.30792671067274824 0.12153039614035721
0.33553870121461526 0.1295054230389474 0.3616701119591992 0.17328576378723815
0.5791663095226448 0.04385376547857711 0.28861722154775227 0.08836270345102581
0.016588713131328037 0.17806251744809654 0.12381368237961787 0.6815350870409576
0.34381760189174404 0.1457023801546361 0.07639503050734398 0.4340849874462759
0.5613962932852541 0.1510754374057811 0.062229143850831004 0.2252991254581338
0.2506270378390053 0.14744569049022838 0.3252145006163569 0.2767127710544094
0.18365242055107167 0.14020360759129202 0.6756656464763042 0.0004783253813320787
0.13110503822039654 0.013447603705505684 0.6189879682954679 0.2364593897786299
0.2792192683420799 0.5510311597187147 0.11065552145623447 0.059094050482970895
0.11466237885015829 0.11544384444007416 0.18381742319236294 0.5860763535174046
0.21622668726837757 0.19516081989852818 0.3188036583293935 0.26980883450370075
0.02292992946211203 0.4509346085941992 0.10118706760092233 0.42494839434276643
0.0797431861756821 0.004100490691123615 0.459028686655921 0.4571276364772733
0.5032729308771381 0.046635213325350366 0.25758613602524993 0.1925057197722616
0.5044905320917376 0.16517360135336256 0.17967587034021804 0.15065999621468185
0.3685843392898508 0.18616566850490301 0.07096987596682458 0.3742801162384216
0.6883842550566686 0.2134461705257238 0.08152716741924215 0.0166424069983655
0.2013889381026941 0.024436226256703386 0.23315231481194976 0.5410225208286528
0.12935940966937653 0.10414166496844712 0.5554351267128116 0.21106379864936475
0.053546137455772524 0.08783369235395977 0.31548330581678485 0.5431368643734829
0.26856248635621305 0.08214651554689179 0.4350314364039535 0.2142595616929417
0.5258622498359915 0.06412840592581015 0.08146970999878123 0.3285396342394171
0.40607928656577796 0.03634421469618576 0.48714718185371464 0.07042931688432164
0.09288156957828275 0.2691283040395622 0.1958875256700756 0.4421026007120794
0.7394262727941701 0.05180977378832741 0.147727174401173 0.061036779016329534
0.012742670989421834 0.13765341706693912 0.40999420248647667 0.4396097094571624
0.631738905359513 0.27592949445934123 0.006121761969627437 0.08620983821151829
0.3974969091771494 0.22681761387205923 0.058353082977352644 0.3173323939734387
0.15941067340509563 0.47497687004596933 0.06643831252238819 0.29917414402654685
0.2810358857768471 0.5698056196581575 0.11775290108576852 0.03140559347922689
0.43732458150873976 0.4074223455122191 0.10016497495541632 0.0550880980236248
0.1406655752394509 0.3014988648486717 0.08680396989673977 0.4710315900151376
0.17055642937345294 0.15893251311944978 0.3840051147046175 0.28650594280247976
0.169366797279211 0.295737362847033 0.4933694969098803 0.041526342963875695
0.02521883592884011 0.12152855220366787 0.6236680381573873 0.22958457371010477
0.19468460528298293 0.041563251814672464 0.45697244327237485 0.30677969962996976
0.12852945685372685 0.2978211918686309 0.1688870591070809 0.40476229217056137
0.7965547224261174 0.10100409115031206 0.0027198645173476255 0.09972132190622296
0.014855642773368372 0.3598371179711106 0.13996913855194892 0.4853381007035721
0.03911232425672284 0.18764547900249062 0.764686595534579 0.008555601206207575
0.509013356703657 0.05980350138267765 0.3303749158741409 0.10080822603952444
0.4903944702407158 0.17077691447015142 0.29160149879940356 0.047227116489729215
0.2526626603724065 0.12028140566322165 0.4798835205721006 0.14717241339227127
0.16315378667125147 0.2871019382342135 0.12898223244050777 0.4207620426540273
0.043878654434685416 0.17212903902032983 0.051678842299763716 0.732313464245221
0.015257581483613003 0.2998863730402406 0.6789871329641872 0.005868912511959201
0.18707848118250214 0.006822511974643453 0.3205465224457791 0.4855524843970753
0.1944731447685376 0.3549768255456923 0.2263111367017686 0.22423889298400146
0.2260916428185562 0.19366059602818186 0.4463581756827135 0.1338895854705484
