3 20 4 48.76152151310177 97.52304302620354
5.957181123171179 7.373330403562943 3.618142650216499 5.597448446778968 9.036522589128893 9.066637800400942 2.130267794174526 2.865185903243681 1.463204829707469 4.967288592855728 1.2688858979071025 5.1114990195524 6.842296428532847 3.5063855438317777 7.086294117821182 6.317765356747158 1.2158369413944883 6.029686791917938 3.3332720221671885 4.735910773090627
1.1914362246342358 1.4746660807125886 0.7236285300432999 1.1194896893557935 1.8073045178257785 1.8133275600801884 0.4260535588349052 0.5730371806487362 0.2926409659414938 0.9934577185711456 0.2537771795814205 1.02229980391048 1.3684592857065694 0.7012771087663555 1.4172588235642363 1.2635530713494316 0.24316738827889767 1.2059373583835877 0.6666544044334377 0.9471821546181254
0.28352508177131874 0.15692863589942074 0.10419530036110525 0.45535098196815527
0.30636353237617975 0.08160772517946902 0.588024164917285 0.024004577527066195
0.37799404132888914 0.27541686119464703 0.2494232060148619 0.09716589146160193
0.26923557825106126 0.09232918481151686 0.044955153313670504 0.5934800836237514
0.2779775066236013 0.17970889269937662 0.12856650514484347 0.4137470955321786
0.20541034460498753 0.278175187746599 0.030449527465855386 0.4859649401825581
0.3736001241489283 0.317492797706836 0.016593699959906782 0.2923133781843289
0.061528930829939266 0.2642782272349352 0.014041505891943418 0.6601513360431821
0.6914775109473302 0.032461628490151884 0.24766346673608552 0.02839739382643236
0.07256213782223342 0.07929885918630764 0.44480277759332176 0.4033362253981372
0.12929386460885417 0.05852096031502407 0.4937969538835484 0.3183882211925734
0.7071806008078977 0.01913889762013954 0.20040618582569059 0.07327431574627219
0.6336655637875748 0.026660342612037757 0.18177727947703426 0.1578968141233532
0.19207229639360313 0.3607722767568424 0.23209213028068554 0.2150632965688689
0.08979086952306481 0.7611805475184369 0.07696493052062392 0.07206365243787438
0.07362366921935759 0.14436209918999598 0.26710845764473456 0.5149057739459119
0.20937334952236364 0.20475357019384366 0.22604969718285162 0.3598233831009411
0.27478050549563926 0.3763422649459601 0.30532674087578104 0.04355048868261957
0.07013250508767022 0.012738513709887211 0.4578898173889364 0.45923916381350616
0.17003354423713468 0.17065494022302485 0.3512890274126832 0.30802248812715727
0.15686773847496327 0.536270179838033 0.08717684619837074 0.21968523548863295
0.2219578839321814 0.45042579198063226 0.26399997394761676 0.06361635013956957
0.09221700887172424 0.4656237535167267 0.28791010890472835 0.15424912870682073
0.22505450483983191 0.06673826938560068 0.17714747447373647 0.5310597513008309
0.2834878624322098 0.17113421308973698 0.4059118374249797 0.1394660870530735
0.08722936878080467 0.11414934226226847 0.16079750134476023 0.6378237876121666
0.6681348047352675 0.021045609019646583 0.057565809347090435 0.25325377689799544
0.24267542218433813 0.20246962707919391 0.127648820605343 0.42720613013112496
0.23058420435507399 0.24450440627935732 0.17538824757930827 0.3495231417862604
0.06696942393282634 0.03313492064861834 0.09887168171563365 0.8010239737029217
0.5410196733597712 0.012258058447882303 0.39882351122355475 0.047898756968791756
0.2638866709525134 0.21635328513289664 0.35895310171456063 0.16080694220002933
0.3659405848526094 0.3788117385717499 0.16922294358157852 0.08602473299406221
0.19638057670013687 0.529289047232684 0.24642873975094493 0.027901636316234213
0.4888732446161128 0.05472108197970993 0.2440238729076536 0.21238180049652366
0.17721338080182358 0.27806598067906274 0.4371138261062062 0.10760681241290748
0.04910892439787362 0.09422339307344774 0.5873758066577169 0.2692918758709617
0.4355205561751928 0.043457741201784916 0.17324482768920701 0.34777687493381526
0.05773148782296755 0.7797309448467549 0.1222447545834987 0.04029281274677887
0.06467319799028326 0.1956718747386319 0.6352252554130684 0.10442967185801644
