12 50 4 138.5927370464587 277.1854740929174
2.387465581417051 7.6604472686386424 3.369835136666212 5.80365454042268 1.131174662368777 9.268723072898965 9.10643368705311 1.3007928486371014 9.612544026476051 2.234883892204688 3.5544551766215124 6.45474865922946 9.49802622447738 8.674619869983564 1.0203331016666217 5.691034244982636 5.968338699381099 5.368396722964388 7.913207386579801 2.446450778130131 7.881044053049909 1.1872881815685954 2.2168916053220515 2.0464571566152086 3.789078260410263 7.043073806908024 5.241068004250127 8.345514682414242 3.606281051774982 7.598133798514036 7.323601197297217 3.948125286370807 4.0118277619545015 9.80252271114867 6.621239005618172 9.552821722295729 7.907280855584398 8.425083278932961 4.659762716259955 5.061775702791828 4.605684646255062 9.956243443047027 2.598077583441004 9.663372127250653 4.773252432331956 4.816472018958988 5.168339827546113 4.3635083394152385 5.189572901552599 1.3165143532372428
0.47749311628341023 1.5320894537277285 0.6739670273332423 1.160730908084536 0.22623493247375542 1.853744614579793 1.821286737410622 0.2601585697274203 1.9225088052952102 0.4469767784409376 0.7108910353243025 1.290949731845892 1.899605244895476 1.7349239739967128 0.20406662033332434 1.1382068489965271 1.1936677398762199 1.0736793445928776 1.5826414773159603 0.4892901556260262 1.5762088106099816 0.23745763631371908 0.44337832106441033 0.4092914313230417 0.7578156520820526 1.4086147613816047 1.0482136008500254 1.6691029364828485 0.7212562103549964 1.5196267597028073 1.4647202394594434 0.7896250572741614 0.8023655523909003 1.960504542229734 1.3242478011236343 1.9105643444591458 1.5814561711168795 1.6850166557865922 0.9319525432519911 1.0123551405583657 0.9211369292510124 1.9912486886094054 0.5196155166882008 1.9326744254501307 0.9546504864663913 0.9632944037917976 1.0336679655092227 0.8727016678830477 1.0379145803105199 0.26330287064744856
0.08427266973184566 0.21589739009214093 0.3360299340088809 0.3638000061671325
0.055019993340200135 0.36134966395441004 0.15603485823499919 0.42759548447039064
0.11360171953981701 0.3929543561282778 0.1351220160173281 0.3583219083145771
0.4800467833268902 0.12330881984066344 0.2913874707603371 0.10525692607210924
0.031151070851766383 0.042318973090499146 0.13503044451791457 0.7914995115398199
0.6373854951409694 0.032572137294785586 0.27168007990390186 0.058362287660343126
0.3194763109335812 0.2999471558341654 0.3379939569713105 0.04258257626094286
0.6889276660324576 0.21117583362452486 0.04645232270582067 0.05344417763719689
0.0059093558684842895 0.37930762437458987 0.22559007526133512 0.3891929444955907
0.19467462904253707 0.11760936780071451 0.4884502373722759 0.19926576578447253
0.3774407823606447 0.04157404512310581 0.4661628669490444 0.11482230556720507
0.19171077225555577 0.3199321805377753 0.2668304810660136 0.22152656614065536
0.10948542133151884 0.016901862443078564 0.6604571814731273 0.21315553475227533
0.29012193658782715 0.06532098821319554 0.3040330290397937 0.34052404615918364
0.010438402094721133 0.07420011825740025 0.09286784686461402 0.8224936327832646
0.3168079006890451 0.5959760934817793 0.05583433479914246 0.0313816710300332
0.40545438708501025 0.08550058273997263 0.15277804594021982 0.3562669842347973
0.14922368526773322 0.2266042100517267 0.26561970029615656 0.3585524043843835
0.013353422191246023 0.3312415180886721 0.2690585140951851 0.3863465456248968
0.24660147812309097 0.45638069497692035 0.07469727897961032 0.22232054792037836
0.3903092094231321 0.24172233729070747 0.3392937472137385 0.02867470607242195
0.16447995611891109 0.5789380121066028 0.17840798645837053 0.0781740453161156
0.05103860002507066 0.0548565523983886 0.4819913322881434 0.41211351528839735
0.42866135651617787 0.21025171274597954 0.1373682650031618 0.2237186657346808
0.5213052583204294 0.009697779483852753 0.4682706243399607 0.0007263378557571532
0.14155841215261689 0.6048843490715304 0.04313337581813537 0.2104238629577173
0.0992046992760729 0.1492337899987356 0.2589934922038537 0.4925680185213378
0.5838230669751122 0.10261830382307269 0.02528621690708366 0.28827241229473144
0.34420422080479374 0.0528284860625583 0.28908402796307897 0.313883265169569
0.215357823464707 0.4301275460795734 0.13036357640312646 0.22415105405259317
0.5476525029423075 0.27819261325499534 0.07166679516125196 0.10248808864144521
0.08443780806374235 0.04764749697776638 0.23165251373964235 0.6362621812188489
0.1064246635463526 0.37750092591780693 0.03532321530053417 0.4807511952353063
0.39885519442826 0.21457992011066263 0.19205692574716793 0.19450795971390944
0.2268802895194798 0.12466125724967558 0.026843753855694152 0.6216146993751505
0.037941219451945285 0.2818367546203756 0.40964714709619243 0.2705748788314867
0.17064900621690204 0.06854953482543757 0.1082956436017557 0.6525058153559047
0.4209747700081974 0.18437051624771028 0.04920871357647816 0.3454460001676142
0.03948342177566533 0.3484201064817496 0.5011528526420694 0.11094361910051564
0.45213155017341855 0.2574807191935128 0.15413955647237965 0.13624817416068902
0.07409320943301223 0.06938704748691948 0.1058832659805885 0.7506364770994798
0.26912490795327515 0.2573078564641712 0.012672739381078046 0.4608944962014756
0.4562141122684744 0.1435925158003758 0.3125252832248214 0.08766808870632836
0.16378754066337053 0.41774182862314335 0.1951868426343516 0.22328378807913452
0.154392660663615 0.35471042901985905 0.4819081822814949 0.008988728035031035
0.15142577922920764 0.32677853415367397 0.45122113756908344 0.07057454904803495
0.02676703691902571 0.13753144298338105 0.21300267955900587 0.6226988405385874
0.19805308691961931 0.11279579887002056 0.6815871672007526 0.007563947009607497
0.10721772670927465 0.11804552700636362 0.02071683399017321 0.7540199122941885
0.24722089794128133 0.11321699221157022 0.05072243214190997 0.5888396777052385
0.027907788861532556 0.19294473196735296 0.5116681773130646 0.2674793018580499
0.048218749825570395 0.4750273209527215 0.28027057989908444 0.19648334932262368
0.2771172144251962 0.18432304564075896 0.03129704537055267 0.5072626945634922
0.4438718561912689 0.16190583694431604 0.28266983409410795 0.11155247277030711
0.5951524566360905 0.07010497589469866 0.2793240296255357 0.05541853784367512
0.4456270534106257 0.41683810888698936 0.06186553733437661 0.07566930036800834
0.2914566850066529 0.03112904770216096 0.08337261025082887 0.5940416570403573
0.0032879687523396095 0.853902590079604 0.06267431213037977 0.08013512903767661
0.5957418942869064 0.003877294110431362 0.04330696003850787 0.3570738515641544
0.06987367476308803 0.14073396408979588 0.7008264112804352 0.08856594986668087
0.20215434337007254 0.2006928668026009 0.2451119631665879 0.35204082666073866
0.1354351345676108 0.1983973509469923 0.06875666238136169 0.5974108521040352
0.2538081939276894 0.3511971964358742 0.3256706240183227 0.0693239856181137
0.06772616162569478 0.2669979158510778 0.2918053144457977 0.3734706080774297
0.008003339782281182 0.30766489714638434 0.28179056771045774 0.40254119536087674
0.16989826093188554 0.07188197478217717 0.6318023155229502 0.1264174487629871
0.5439434095685136 0.11539994114615704 0.08306696246212297 0.2575896868232064
0.2982310292316368 0.4483527605741191 0.24204407536939143 0.011372134824852664
0.34344500065127515 0.23098779417579374 0.04395991791227105 0.38160728726066007
0.1162057334478247 0.302732947269748 0.5309433964201775 0.05011792286224981
0.09547025346487126 0.22649733406585537 0.6472147920807146 0.03081762038855873
0.5176892950354683 0.3648814053035824 0.06681087004592301 0.05061842961502627
0.774940215434729 0.13045565119492453 0.08269389106526526 0.011910242305081198
0.25981748776761393 0.37003249118352644 0.19694999620953524 0.1732000248393244
0.4244851388775528 0.24643844997070863 0.2750545338217989 0.05402187732993968
0.026287019886786056 0.5903010541536841 0.3649994806531667 0.018412445306363212
0.18034918019694157 0.10534384572566668 0.2362096494345478 0.47809732464284393
0.15391860735096496 0.11121100146122664 0.5936227966398436 0.14124759454796476
0.299692894993413 0.21332313021883031 0.032586301785762495 0.4543976730019942
0.041725950621869345 0.08646715188421683 0.6601156874258267 0.2116912100680871
0.09735237194458535 0.1941710747113612 0.050465699328836267 0.6580108540152172
0.3335611622162322 0.1240217861985281 0.28264364482968607 0.2597734067555536
0.11262227904358624 0.07352334103240743 0.7453427569283688 0.06851162299563751
0.12388215492523169 0.0565098296083163 0.4803434774575275 0.33926453800892453
0.14282814495268292 0.0790955212701302 0.25117613538691275 0.5269001983902741
0.12301160940997591 0.03199967749527588 0.23664833374771843 0.6083403793470298
0.6612133682000852 0.08595671903386104 0.023142118327863948 0.22968779443818976
0.2329759428922995 0.375704563649361 0.06786300900828868 0.3234564844500508
0.17868128271276496 0.7267546720621937 0.002198639373931388 0.09236540585110997
0.013862581448035205 0.14703955640321742 0.2723909989403196 0.5667068632084278
0.37591574303508424 0.13670760184498987 0.12903215645564747 0.3583444986642784
0.1710557216327111 0.07079968709990725 0.5880587670373726 0.17008582423000906
0.11648201134691927 0.7201528813249504 0.11399217936822126 0.04937292795990911
0.4275583551925739 0.08713195068833968 0.15740702020116093 0.3279026739179255
0.4537785160900535 0.11292308121429673 0.3334449550309099 0.09985344766473991
0.607674751836506 0.22094969462265857 0.00014066169711535181 0.1712348918437201
0.33397227460555823 0.4843086595222389 0.07198988411473062 0.10972918175747226
0.044698744344091046 0.1313273026341848 0.23555752420461606 0.5884164288171081
0.27060288082145334 0.36324883490220305 0.17716895012601064 0.18897933415033297
0.004862687774620622 0.08505189620993558 0.7399926112151725 0.17009280480027134
