62 80 4 222.93546773747647 445.8709354749529
1.303792393808875 5.401967571690262 8.614765875527945 4.70261799828797 6.682738363576883 3.6184891353952064 5.885202600371884 3.053632419129734 3.162486964783617 9.581117743578663 6.812293889485764 1.1607143814227343 9.96513236691955 7.616750810849052 7.497482147792426 4.694468574544193 2.834021735555413 9.658922761346702 3.020239252348672 1.4300448878709124 8.954624508031653 9.00218857316055 9.665037094861669 6.500571739104927 9.872324895075282 4.627809072610388 2.4122432132287015 6.287042170178333 4.4607081170041045 3.6451380794623356 1.158190368059559 5.201740952147584 9.190597857504702 1.9226792249295306 4.857522180015508 2.177797826041328 2.0080910235607545 9.359520350813725 6.573481092969985 3.438251002714994 7.613856281511767 2.700839168636786 3.5413682844510084 3.6232042505525 5.658667380197252 4.472751504195453 3.0873560848173325 8.256166858042135 7.36914829214976 8.647462267396591 4.27475421231798 4.020900570284936 9.369199457740175 7.966027246255505 6.317519915451821 8.988623447266292 7.117597777903638 1.1605018144440242 8.200473194894608 6.976535005283782 3.69023782946946 5.744503381509864 2.759936275528026 2.689746835009542 7.841707568709565 5.87826469481664 8.810403031205448 2.5216307419152315 3.5138063018188506 5.622230373285779 5.674045956440873 1.3529026210789445 7.590350698303416 3.421878378613114 9.174664253390306 8.91352471682666 4.121599335814395 4.1242874146149155 6.920714484031232 8.129106353015118
0.260758478761775 1.0803935143380525 1.722953175105589 0.9405235996575939 1.3365476727153767 0.7236978270790413 1.1770405200743768 0.6107264838259467 0.6324973929567234 1.9162235487157324 1.3624587778971526 0.23214287628454686 1.9930264733839098 1.5233501621698102 1.4994964295584852 0.9388937149088387 0.5668043471110826 1.9317845522693404 0.6040478504697344 0.2860089775741825 1.7909249016063307 1.80043771463211 1.9330074189723336 1.3001143478209856 1.9744649790150564 0.9255618145220776 0.4824486426457403 1.2574084340356666 0.8921416234008209 0.7290276158924671 0.23163807361191183 1.0403481904295169 1.8381195715009404 0.3845358449859061 0.9715044360031015 0.43555956520826566 0.40161820471215093 1.871904070162745 1.314696218593997 0.6876502005429989 1.5227712563023534 0.5401678337273572 0.7082736568902017 0.7246408501105 1.1317334760394504 0.8945503008390906 0.6174712169634665 1.651233371608427 1.4738296584299522 1.7294924534793181 0.854950842463596 0.8041801140569872 1.873839891548035 1.593205449251101 1.2635039830903643 1.7977246894532584 1.4235195555807276 0.23210036288880484 1.6400946389789215 1.3953070010567563 0.738047565893892 1.1489006763019727 0.5519872551056052 0.5379493670019084 1.568341513741913 1.1756529389633281 1.7620806062410896 0.5043261483830463 0.7027612603637701 1.1244460746571558 1.1348091912881746 0.27058052421578893 1.5180701396606833 0.6843756757226228 1.8349328506780611 1.782704943365332 0.824319867162879 0.8248574829229831 1.3841428968062464 1.6258212706030235
0.3922017973113634 0.31447925123455245 0.21488341250526188 0.07843553894882227
0.3231523654476329 0.42218947477388313 0.2542448342139513 0.0004133255645326628
0.1282163812634115 0.6977101710513687 0.09455837256874533 0.07951507511647449
0.1830068581309271 0.5416535840175017 0.23384331867042285 0.04149623918114831
0.05924963099262137 0.0633542469354943 0.8108528002671704 0.0665433218047139
0.4866442618397384 0.4220836753819672 0.05568237596035952 0.03558968681793484
0.2098962200631701 0.0009895504670883737 0.7041877722646495 0.08492645720509207
0.1120088878878085 0.3052145454420977 0.014266517663907852 0.568510049006186
0.2227386552670807 0.021428123896203854 0.3682762922524653 0.38755692858425017
0.3356287757818025 0.17223099274417808 0.27232193279641703 0.2198182986776024
0.2788141482084502 0.2602166725055697 0.02840112696971675 0.4325680523162634
0.37316604284799537 0.1661638983346836 0.13501154998182496 0.3256585088354961
0.37653431392224146 0.08553252678138223 0.1319513874755005 0.4059817718208758
0.16883892775736264 0.050617170484224205 0.07331085114448654 0.7072330506139266
0.014546503205853378 0.8930055572009253 0.03858370187356441 0.05386423771965687
0.11487100164347808 0.5517181151895524 0.09401115775276414 0.2393997254142054
0.32121950524292153 0.047318787127698436 0.49208928089535364 0.1393724267340264
0.00520303448989512 0.46967726253006326 0.1461192710466246 0.37900043193341704
0.8914349991319618 0.013604681549178266 0.029640664366897607 0.06531965495196235
0.2397027700941523 0.015039975881932621 0.0017304369763745386 0.7435268170475405
0.13502170760124843 0.19604557363521402 0.18282489759286502 0.4861078211706725
0.2675198103692229 0.20633903467674608 0.18415729080452337 0.34198386414950765
0.11468470215441873 0.2820894183259032 0.5987030711538909 0.004522808365787223
0.47009321592225306 0.21533801635270322 0.11421467002204388 0.20035409770299983
0.3180945957246365 0.18522467465551795 0.26490453915036005 0.2317761904694855
0.5303253829477165 0.05950338997916593 0.06275282068231836 0.34741840639079924
0.03343755017137595 0.4781940324052949 0.0866131582985431 0.40175525912478605
0.16263956242325373 0.3434478684899418 0.0643505414967479 0.42956202759005657
0.19344307660260962 0.09353725676216273 0.16907049456949796 0.5439491720657297
0.5397768471824651 0.249715481182598 0.03179606080961905 0.17871161082531783
0.09318092565573344 0.10968401717485765 0.43247926502044176 0.36465579214896715
0.28672172940650964 0.2215289946673079 0.17471116853175317 0.3170381073944293
0.3372324382735564 0.07181974301467242 0.37251037510604124 0.21843744360572992
0.15430822394316923 0.2756296518499718 0.41089741228144194 0.15916471192541704
0.29354262710292933 0.0910355445149994 0.38055760898047597 0.2348642194015953
0.3727757586195467 0.040084994919746486 0.4302058757595334 0.1569333707011734
0.12592590931282566 0.12573249460979596 0.3917553793369567 0.3565862167404217
0.1880523103710443 0.09663644608667377 0.43863478243655896 0.27667646110572297
0.030573701383478036 0.03513792503597457 0.007095657018952428 0.927192716561595
0.24464896281703663 0.038256295361065784 0.5983991798617077 0.11869556196018993
0.05464541551930613 0.22619013917811592 0.02990728258447828 0.6892571627180997
0.14474241720406011 0.2935590485117905 0.4729539416449934 0.08874459263915602
0.23884697065380223 0.05918898991409882 0.6755803435322749 0.026383695899824033
0.042628143773370764 0.16530340730007786 0.675989436127248 0.11607901279930333
0.29393303022964445 0.12654718120874675 0.0665127157296822 0.5130070728319266
0.5327756814662334 0.2393533031389804 0.04270980239864963 0.18516121299613653
0.013812067412492968 0.7096363040894591 0.07670080812697255 0.19985082037107538
0.057401084262840074 0.2713208572432857 0.6677895146614158 0.003488543832458446
0.07118017888877148 0.31357981613338104 0.4289035143002067 0.1863364906776408
0.15154322279226728 0.12617520626708378 0.6278670309379952 0.0944145400026537
0.4143534116967309 0.007405387514914152 0.08477392308033505 0.4934672777080199
0.11687563439272664 0.2910762011028216 0.35907798403998836 0.23297018046446338
0.32292123694922525 0.29351924938074525 0.2636794378562034 0.11988007581382609
0.07986734762684189 0.02148671504686328 0.5570535915537064 0.34159234577258846
0.11202204417058137 0.19151000481495561 0.44491295746463977 0.25155499354982325
0.17881780192336305 0.23226870782091402 0.18047426479844064 0.4084392254572823
0.29848263292864263 0.03558027432458333 0.5902019057054617 0.07573518704131232
0.11321777208151818 0.4414243336815571 0.13786995688699255 0.3074879373499322
0.6775856819981871 0.29146537218954116 0.005409090512545456 0.025539855299726244
0.05332861368394093 0.21618603669004643 0.46662593715457124 0.2638594124714414
0.1352521382051891 0.14852348063108156 0.5638447796932505 0.1523796014704788
0.3179998346342928 0.3035386474291033 0.2873916942256278 0.09106982371097605
0.3906009362402456 0.047892529566320396 0.30187822358876426 0.25962831060466973
0.09475775606360815 0.37629921022704504 0.3485983815773067 0.1803446521320401
0.06942775869810403 0.7150744498592622 0.07534214658340266 0.14015564485923115
0.40212262222143647 0.22810198963371064 0.22917746698520125 0.14059792115965164
0.16495098372885786 0.3957829050267818 0.258232664751083 0.18103344649327735
0.1771441123124622 0.20587190410656697 0.43695607716602747 0.18002790641494337
0.26909602685807943 0.17399035408226027 0.15896312766451093 0.3979504913951494
0.622281931160989 0.030277038417094837 0.16480044256010518 0.18264058786181103
0.2607386220945258 0.2154961151314826 0.3418980212593563 0.1818672415146353
0.35413432544585044 0.11131162067305966 0.2235391343324702 0.3110149195486197
0.7104022712371574 0.017892727625959726 0.04318063933905114 0.22852436179783175
0.13843517995360854 0.24239478160149897 0.1718958603951387 0.4472741780497538
0.20607487239343747 0.05672468074949044 0.593339090625725 0.1438613562313471
0.5862073798197343 0.33175910268367337 0.04807642982797056 0.03395708766862182
0.6026751681578106 0.032987392346602196 0.17162579015458623 0.19271164934100093
0.18943406366148252 0.371141950379522 0.2679441407733957 0.17147984518559978
0.5022015736617401 0.1500505822367103 0.03501796952866165 0.3127298745728879
0.4697030341365286 0.2839068477617319 0.14612732740758627 0.10026279069415323
0.5094725180984385 0.345118878980739 0.11623921901116396 0.02916938390965851
0.0934462642321725 0.03927705494338607 0.7932779875948147 0.07399869322962671
0.03513781128132265 0.4451153539974726 0.40122723011649053 0.11851960460471422
0.05682917782949237 0.6152413802823625 0.0027799499520654303 0.32514949193607967
0.18270658727551325 0.4096094423756552 0.2935517510231951 0.11413221932563644
0.09093628318566616 0.26453099292285764 0.23965730646545857 0.4048754174260176
0.059256660826141117 0.5289689614249861 0.2785580903411303 0.1332162874077425
0.20303869170725053 0.12148421068122228 0.33245952333727613 0.34301757427425106
0.28609805312426784 0.5163963077005291 0.18581180850489376 0.011693830670309269
0.007557313723873249 0.15112452657625663 0.3658759037317014 0.4754422559681687
0.16628893072148088 0.5625733554537329 0.18682404349383264 0.0843136703309536
0.19139884135477303 0.022319376331898733 0.5413285877779159 0.2449531945354123
0.13089540769072794 0.42887729852602496 0.3290267794768663 0.11120051430638078
0.6463035058961492 0.0014679591404102021 0.1661202732888143 0.18610826167462635
0.7135410823071238 0.11843254285702143 0.05725185313061876 0.11077452170523605
0.09379525790319243 0.263140923519517 0.6110725763075602 0.03199124226973038
0.2832096136826431 0.005805296390843928 0.40103344611080727 0.3099516438157057
0.05002744928705827 0.1355386663912983 0.8121731206787387 0.0022607636429047284
0.22690096827532558 0.2685006355524554 0.30814431527704467 0.19645408089517435
0.5145549266106005 0.22993199898693217 0.22887556682097066 0.026637507581496633
0.30211350287363237 0.3118621804499323 0.10015272855013468 0.28587158812630065
0.1459349161026119 0.4940853301730913 0.13821611435647296 0.22176363936782384
0.6226846677307578 0.041185474207920625 0.22309253640924098 0.11303732165208058
0.504279706426365 0.10392892397485243 0.08516876724531952 0.30662260235346306
0.4223638602889259 0.46038412561996633 0.08303001607551452 0.034221998015593225
0.6141162471073127 0.006463328967197812 0.08703954207109121 0.29238088185439826
0.30016033238316164 0.20168080363221674 0.10029924476076824 0.3978596192238534
5.58491246687165e-05 0.2661037229602953 0.5784268462810938 0.15541358163394225
0.21920359922957344 0.5278020096568322 0.1833973037362272 0.06959708737736714
0.31281003379202654 0.4025892618156439 0.1827449843240746 0.10185572006825494
0.19215811234928715 0.00022638636356786535 0.3682372854275573 0.4393782158595877
0.12236890499423914 0.3688239473822079 0.2939299571532772 0.21487719047027576
0.2691775631659322 0.04733645344464188 0.6161346224168287 0.0673513609725972
0.1581176472607274 0.36485167027203935 0.22822523294042796 0.24880544952680528
0.40461508429790616 0.04573590812678929 0.2891503571882559 0.26049865038704867
0.6681212111991657 0.22339993374343525 0.08816223252811006 0.020316622529289008
0.5894580502438044 0.2569429168948766 0.06136001790008183 0.09223901496123721
0.2913070032334305 0.29502832650616484 0.32364826658262313 0.09001640367778152
0.6081040315215719 0.10774148791320937 0.2711327471781356 0.013021733387083123
0.508646019628904 0.11659650782108699 0.007297607838212095 0.3674598647117969
0.038404945267458857 0.4731050632250512 0.150233546602617 0.33825644490487294
0.2425240963249259 0.24733933031057853 0.06851087380827403 0.44162569955622155
0.07688927162151904 0.06915636402320002 0.7965207316693248 0.05743363268595614
0.29346308806759647 0.1792681216222931 0.08755473043026063 0.4397140598798498
0.32473045429427805 0.23563933427564976 0.0004767539867208681 0.4391534574433513
0.016419632617796553 0.3850051350837185 0.5109407811460278 0.08763445115245716
0.17657506218074503 0.342398936756913 0.14437225841336498 0.33665374264897696
0.486886542167542 0.020087159478938243 0.30772035879297843 0.1853059395605413
0.04800687525579184 0.02609653587232008 0.6686408047483637 0.25725578412352434
0.5603430208038036 0.3109211073556447 0.11577530873221475 0.012960563108336931
0.10620927740561215 0.7866265797172823 0.03172298565178999 0.07544115722531552
0.20255259387324798 0.42580682736706355 0.03124182224028571 0.34039875651940277
0.03612817334874019 0.4787067401530657 0.13112513006994353 0.3540399564282506
0.06222045967546408 0.27023193632013554 0.17566100959906117 0.4918865944053392
0.03660271535828441 0.29919633530768985 0.16361529386783258 0.5005856554661932
0.2791924481917535 0.4295531258583408 0.17988776632261927 0.11136665962728642
0.26148168759983104 0.463193911958101 0.27181211040028297 0.0035122900417849934
0.10497351672863242 0.45142660421603276 0.07024900969407322 0.3733508693612616
0.6439893982598843 0.060304757568014344 0.17103434020080777 0.12467150397129356
0.15325209485807023 0.010269559712143606 0.5544256522453641 0.28205269318442205
0.021906635516603656 0.2662447513728271 0.5324641018835593 0.17938451122700994
0.6406357535465431 0.10003250948513365 0.17522541686031168 0.08410632010801156
0.15715706738161428 0.039897605799033786 0.33909172778880936 0.4638535990305426
0.4342908296263227 0.31058920833351766 0.1440616975903264 0.11105826444983324
0.1692501120065223 0.13897332227402948 0.22569454441757786 0.4660820213018704
0.053153386524180446 0.16838282271888272 0.052095580579135325 0.7263682101778015
0.2669076737036715 0.4251470930119057 0.012658631240592855 0.29528660204382995
0.28418603430872214 0.20015514551455393 0.30643257634227206 0.20922624383445187
0.039801624668664326 0.25479015603257893 0.4171650756618156 0.28824314363694115
0.19157068656163545 0.19329225144196582 0.5459004275860133 0.06923663441038541
0.07531508106994833 0.40623905360483914 0.15337884902614607 0.36506701629906646
0.02017253919162032 0.09797790435699671 0.7592437238151424 0.12260583263624059
0.5946982127776801 0.09716545203517613 0.2954462918653007 0.012690043321843092
0.16698417971969037 0.028420633557992292 0.6012092652731462 0.20338592144917111
0.1572705992279846 0.3947809477952984 0.3309412122463077 0.11700724073040936
0.14696205667356355 0.17865205186253486 0.5096334874963165 0.16475240396758506
0.4044568433809953 0.10619599673901148 0.4354525201810775 0.053894639698915725
0.0520332684267758 0.5507275675089763 0.1692963219642244 0.22794284210002347
0.37507304759050175 0.4620065158088533 0.06732477101816059 0.09559566558248433
0.22079769537991856 0.7405195912874433 0.012922479410738652 0.025760233921899522
