57 100 4 274.4218697088392 548.8437394176783
1.7861467861195757 3.0742938959655524 4.6995496357502144 3.797044287040783 6.0936030168535495 5.905573334054655 8.26389498547339 9.263395965552377 5.6988167755930945 4.822185352494565 1.6462355909467405 9.08675965161296 4.7846244344954165 6.23952809144556 2.927381822879078 5.027371118047657 5.210774239467984 1.9057344124328195 9.345591053219882 2.4488815990827897 8.871347626407719 1.4694405117243248 9.930516130099571 1.9463258425949204 4.617908675532203 1.6465289899690272 1.172737339494197 7.491827321903596 1.3731927866264653 1.1678548265174693 1.7464396505334454 3.52814098472756 4.862275370037185 1.1775730943682838 5.155011071335763 7.026279186391666 7.057394795794636 8.172693134517969 1.7534821892089054 9.053865475669229 8.080365300692183 6.976216996312258 8.674110531280132 5.899491438462138 2.7772426700524973 5.848383985888926 5.565609915619554 3.4962134103241342 7.016358059037146 7.582216002156662 7.23442600691269 6.393378301467266 2.766140154434186 6.933172265175788 3.7774770683472756 4.3243385118539805 3.563057429105675 9.344054366583057 7.9796951312214155 6.771839005804388 3.574565597398149 6.982618417027063 2.211114830055856 5.451965601359495 6.820740438170404 9.442405933838753 9.97774949352141 8.27924275033716 5.099333638560967 7.219029458190647 7.3680210638990955 4.403206721080675 6.233100779421269 6.652957824014384 1.9950038647104344 6.957992972175436 6.208223479697951 3.7957409048718325 4.520903766562928 4.718277363942249 9.355037092185103 3.777515625405835 7.1115472327344555 3.3351279241972556 2.1093214529978113 2.7710151786449324 8.6814169377203 3.7549970636901895 5.953886014107085 9.634961136701408 8.972706960710378 5.065908356774543 2.524185541268917 3.666449103816805 5.855964137335716 7.8503427161102035 9.003993625046219 6.110176777535026 5.269941609267986 7.875042429878072
0.35722935722391513 0.6148587791931105 0.9399099271500428 0.7594088574081566 1.2187206033707099 1.181114666810931 1.652778997094678 1.8526791931104754 1.1397633551186188 0.964437070498913 0.3292471181893481 1.817351930322592 0.9569248868990833 1.2479056182891122 0.5854763645758156 1.0054742236095313 1.0421548478935967 0.3811468824865639 1.8691182106439765 0.48977631981655795 1.7742695252815437 0.29388810234486495 1.9861032260199143 0.3892651685189841 0.9235817351064407 0.32930579799380544 0.23454746789883937 1.4983654643807192 0.2746385573252931 0.23357096530349386 0.34928793010668907 0.705628196945512 0.972455074007437 0.23551461887365677 1.0310022142671527 1.4052558372783333 1.4114789591589272 1.6345386269035937 0.35069643784178106 1.8107730951338457 1.6160730601384365 1.3952433992624516 1.7348221062560263 1.1798982876924275 0.5554485340104994 1.1696767971777853 1.1131219831239108 0.6992426820648269 1.4032716118074293 1.5164432004313324 1.446885201382538 1.278675660293453 0.5532280308868371 1.3866344530351575 0.7554954136694552 0.8648677023707961 0.712611485821135 1.8688108733166113 1.5959390262442832 1.3543678011608775 0.7149131194796298 1.3965236834054127 0.44222296601117117 1.090393120271899 1.3641480876340808 1.8884811867677507 1.995549898704282 1.6558485500674318 1.0198667277121936 1.4438058916381293 1.473604212779819 0.880641344216135 1.2466201558842538 1.3305915648028768 0.3990007729420869 1.3915985944350873 1.2416446959395901 0.7591481809743665 0.9041807533125856 0.9436554727884499 1.8710074184370207 0.755503125081167 1.422309446546891 0.6670255848394511 0.42186429059956226 0.5542030357289864 1.73628338754406 0.7509994127380379 1.190777202821417 1.9269922273402815 1.7945413921420754 1.0131816713549084 0.5048371082537834 0.733289820763361 1.1711928274671433 1.5700685432220407 1.8007987250092437 1.2220353555070051 1.053988321853597 1.5750084859756144
0.36955779037234604 0.30430583362422203 0.14271802442829373 0.1834183515751382
0.4256458521766904 0.43281977912835623 0.1332124400567567 0.008321928638196696
0.3565900840561592 0.2685707997881659 0.2940646737240675 0.08077444243160736
0.491462191538828 0.09542320327195819 0.08232097548878115 0.3307936297004327
0.3899427611159505 0.07432887083366713 0.07378834370496445 0.4619400243454179
0.3519076698430724 0.1861507262793728 0.11835927308794869 0.3435823307896061
0.16687070040077778 0.2591260693877112 0.2682018356825908 0.3058013945289202
0.10967432132844956 0.09218320324257379 0.26998519043016866 0.528157284998808
0.28858980558986713 0.07284361585424959 0.12250341848847779 0.5160631600674055
0.7113370117370034 0.0852217448445074 0.09065916482611225 0.11278207859237699
0.7263968097598258 0.19962480003264527 0.049264829378046215 0.024713560829482728
0.13424296437898753 0.555101882913636 0.07710706356187047 0.23354808914550595
0.0007615774183785673 0.35469123892155996 0.38454476837192886 0.2600024152881326
0.2287932373292545 0.07228119731982874 0.32884214000142065 0.3700834253494961
0.1632917124967037 0.06293169326714687 0.6881106071416184 0.085665987094531
0.2578652414678422 0.35459318089943315 0.3783415514425692 0.009200026190155475
0.23969167683879133 0.12570832966259893 0.11428506827799811 0.5203149252206116
0.0861605967807153 0.07872317738207513 0.6532245013627723 0.18189172447443724
0.505467120924475 0.11921466840668637 0.12789205541724857 0.24742615525159006
0.020835671392310462 0.1878026373929318 0.6923642815935745 0.0989974096211832
0.3335692813508847 0.21305624986354033 0.0036945994544383964 0.4496798693311366
0.0755991404145977 0.41483122989624943 0.3332107435829583 0.17635888610619455
0.362877474072692 0.2813528861467014 0.09988878275884616 0.25588085702176044
0.34412748054219855 0.03361781331296754 0.06975017088896807 0.5525045352558658
0.3952834938122838 0.1567554819540924 0.06563104670722664 0.3823299775263972
0.37783205798211883 0.3920882860056548 0.040066889028003705 0.19001276698422265
0.183178283305252 0.16476703721074937 0.38659924752888697 0.2654554319551117
0.4626385121753833 0.21014280353451598 0.2757534993970753 0.05146518489302543
0.11121201671259018 0.3233794058535129 0.36654395792083205 0.1988646195130649
0.001478179739307639 0.6249139042063461 0.05753420809625065 0.31607370795809564
0.023985677401888505 0.24122831185604643 0.12478652399633638 0.6099994867457287
0.38334479092520246 0.32715206952161424 0.21233341398855954 0.07716972556462376
0.1631854203444587 0.5616993959599268 0.14809993709366487 0.12701524660194963
0.7847668476740576 0.003547497718247028 0.17480603168630182 0.03687962292139357
0.27717627712303083 0.0473383707664381 0.6216239286331992 0.053861423477331916
0.3570389705348047 0.21135102894160995 0.3939690825141682 0.03764091800941716
0.052195105902201 0.34299343687293504 0.1143429812640484 0.49046847596081555
0.04606505096272606 0.3818063061668271 0.19080187503809143 0.3813267678323554
0.42371529832948696 0.026552724707959774 0.21465772922784 0.3350742477347133
0.31004867773164224 0.29901789335315665 0.2559311655663551 0.13500226334884602
0.1736184971795427 0.03893829009694949 0.7380707622425903 0.04937245048091754
0.10345787253556082 0.09554974625954549 0.6612231758189935 0.1397692053859002
0.6450804583371846 0.0978065185189343 0.031239557563219722 0.22587346558066135
0.013149526221763796 0.39137417479751935 0.10555790658825936 0.4899183923924575
0.08853403377146518 0.42350835399708786 0.4719828776624756 0.01597473456897136
0.3901794922330023 0.27937172703950575 0.26107673412667276 0.06937204660081919
0.11995086390059928 0.19148237348763308 0.06012380164874487 0.6284429609630228
0.04279895450988036 0.3073881085251924 0.43156962577684177 0.2182433111880855
0.12044879889104598 0.12346328041513521 0.05923555650893453 0.6968523641848843
0.7498818524684289 0.01194866669435024 0.010220265640130899 0.22794921519709
0.1984985016582973 0.7021969353890161 0.023221125491448946 0.07608343746123769
0.16972370423300287 0.21310312054317526 0.4425149405673594 0.17465823465646246
0.18817202235935993 0.06222119409058402 0.11905873353587715 0.6305480500141789
0.13039951579906806 0.166587205080589 0.27589550313110345 0.4271177759892395
0.6051531078551916 0.019404000336730953 0.27232043679049656 0.10312245501758088
0.14510206615661292 0.32902123181750376 0.009623062642275748 0.5162536393836076
0.2654042853419165 0.01769546897585217 0.05656932413524829 0.660330921546983
0.22981587297281847 0.22222609675368954 0.35127967389692905 0.19667835637656295
0.12676442077275785 0.04193156940978637 0.35996611532853373 0.47133789448892205
0.5477515237541704 0.2503459503621627 0.15630912753640758 0.045593398347259395
0.19437928463237653 0.015143612729 0.48889328935492693 0.30158381328369654
0.22072133958265217 0.28560597154954326 0.18786283089141098 0.3058098579763936
0.01922079604200544 0.3876047515692157 0.1623392225888577 0.43083522979992117
0.3569302890239153 0.20870986853374462 0.15637956612264858 0.27798027631969147
0.08138227841381307 0.136867353874371 0.21141931310124584 0.5703310546105701
0.3430925422280965 0.10330692034552891 0.06298478943777908 0.49061574798859553
0.06022126114910531 0.181076125673166 0.6156303199268217 0.14307229325090698
0.02466935107868562 0.06488288301554124 0.7936360171713945 0.1168117487343786
0.307373744410249 0.21722503123342496 0.13604944038303357 0.33935178397329246
0.2187972192271891 0.1078832495529164 0.5921202266251018 0.08119930459479274
0.08728662122840747 0.29323755626221426 0.32926243186057014 0.29021339064880813
0.10338804792588485 0.39202921202777197 0.12930879063712497 0.3752739494092182
0.16748817237354718 0.42605610855781273 0.309644427411219 0.09681129165742108
0.12503176083193857 0.07379066068783169 0.46802888399418763 0.3331486944860421
0.6235394093923936 0.06886555729307098 0.04637073372171108 0.26122429959282434
0.29787443163067384 0.13427776240125533 0.5519744687296704 0.015873337238400453
0.1956053839263442 0.345760083025617 0.32894862817076764 0.12968590487727116
0.08734415016490749 0.6622047068010597 0.19341421511992718 0.05703692791410564
0.19327782532930515 0.4176099814863877 0.25678001197120437 0.13233218121310275
0.6049026165357186 0.17972145463149325 0.03949277244757099 0.17588315638521712
0.13584413283059615 0.2617146147722269 0.3657870348497809 0.23665421754739602
0.35654301544430955 0.1767298814398629 0.08941586990181594 0.3773112332140116
0.23700199205873362 0.40795026923591415 0.05680738592516388 0.29824035278018834
0.11243696433260686 0.05094607489175795 0.2692059393124342 0.567411021463201
0.49105347806479893 0.009163494115593473 0.45925463328789917 0.04052839453170842
0.15959774662777126 0.06049366344125273 0.44153081624991697 0.33837777368105904
0.1812139688522807 0.2819448159089405 0.4921561477382642 0.0446850675005146
0.16520010864775836 0.28706652393571874 0.08005724867564545 0.46767611874087744
0.10092238145744303 0.10522150579644274 0.493141378100058 0.30071473464605625
0.31370918180971175 0.3171629221639276 0.2969865514425285 0.07214134458383215
0.44255508980709923 0.01286760377523477 0.3748777610651485 0.16969954535251752
0.15331578240160482 0.39383249568396017 0.23899714710727749 0.21385457480715753
0.08098587675515412 0.34261312003778865 0.0014294014343428918 0.5749716017727143
0.289076713177271 0.37328102096654836 0.09273121495032044 0.24491105090586018
0.05631056267121071 0.6229789976500683 0.14378418230510903 0.176926257373612
0.33793187074113906 0.07827537474308155 0.17703284814102016 0.40675990637475923
0.05413096115055105 0.1067948338660134 0.4537241038329701 0.3853501011504654
0.08516433857703698 0.7241462008025153 0.18164825553351738 0.009041205086930293
0.09354500247927455 0.7932559962449701 0.016691491510110845 0.09650750976564448
0.0602880094991477 0.12074932873170974 0.10314857459276261 0.71581408717638
0.13700036790532089 0.011124630878590835 0.4321600103182037 0.41971499089788455
0.2778116995585338 0.4562138187149273 0.2246060980373339 0.041368383689205035
0.21555631013948717 0.26043860665369734 0.23709782053084938 0.2869072626759661
0.006677393669449083 0.49683988240768284 0.21685409809248923 0.27962862583037884
0.050849578409258744 0.02627042609514707 0.7074706472772441 0.21540934821835012
0.10199458270183093 0.2797905905817626 0.059087931860151155 0.5591268948562553
0.2669874028149881 0.18577973431405614 0.1365344312226029 0.41069843164835285
0.34846156767635983 0.4167663273177159 0.07358279786668975 0.16118930713923452
0.349161459631817 0.5116811987071204 0.08542813458321641 0.05372920707784623
0.18286692195197518 0.2828465675125936 0.3949589440369087 0.13932756649852251
0.04602905802442436 0.4217156352870861 0.26449361915868697 0.26776168752980256
0.26003842769087704 0.19409347814321443 0.10907581865857097 0.43679227550733757
0.08063516589940867 0.47547335602732954 0.26929336808225723 0.17459810999100456
0.040855085006694436 0.07855113872062969 0.7984163024833089 0.08217747378936702
0.03049629533731213 0.1420734378187697 0.6803440016515845 0.1470862651923337
0.056957969217125815 0.2973625278463763 0.026917363003307604 0.6187621399331903
0.03595050377317921 0.39401330480969543 0.004741356403635266 0.5652948350134901
0.31457253759460846 0.17010886805849657 0.10850588336113798 0.406812710985757
0.19199517087488405 0.6620393952365022 0.10456654063961024 0.04139889324900348
0.34750496298283196 0.10016367037137774 0.3274562947535282 0.22487507189226208
0.006300008534686818 0.37882655405312904 0.034327231383554646 0.5805462060286295
0.7128083798852264 0.11095416324892426 0.017456321882679093 0.15878113498317026
0.27991128656697273 0.16821428526732563 0.5323112740382371 0.019563154127464566
0.11359636526170336 0.27694599874495773 0.29454864732297337 0.31490898867036554
0.07419292362940544 0.7156359834030419 0.11136841682614163 0.09880267614141103
0.011893446853109557 0.005167534850380573 0.20053534633619152 0.7824036719603183
0.4308933454419348 0.14652263750796457 0.0683800415961976 0.35420397545390303
0.054288448952517165 0.6622903601526675 0.07911124061565089 0.20430995027916443
0.25564793175298184 0.17743838970646852 0.045173912987213405 0.5217397655533362
0.08914016807426917 0.3709378331252914 0.17301084858104732 0.36691115021939213
0.10384060587847721 0.31061935927110707 0.08615708230155095 0.4993829525488648
0.8634508691181368 0.05210675266180309 0.06773771518171168 0.01670466303834839
0.36816712798059414 0.07720282750039709 0.2397425362344212 0.31488750828458756
0.13988649561186284 0.5378890677965666 0.2563122029235928 0.06591223366797772
0.5323666878238759 0.09759018875814296 0.2443350479455172 0.125708075472464
0.29393443942022335 0.3769439656670899 0.16749979824220917 0.1616217966704776
0.5337200401852031 0.23724770022135322 0.003972206091680919 0.22506005350176272
0.08253167074538625 0.16503962206632194 0.16750050602136024 0.5849282011669316
0.3412701299278844 0.1127634113729612 0.40871748850782763 0.13724897019132676
0.10460047258858896 0.10162932957341853 0.3910480186673687 0.4027221791706238
0.40738703137697685 0.2736213389276656 0.06516495337728723 0.2538266763180703
0.7894694159257373 0.05933519019749767 0.05439568931969008 0.09679970455707498
0.14132643816182566 0.06560973304933126 0.636415166247236 0.15664866254160703
0.32800658084178214 0.23705156100878688 0.3134301478899948 0.12151171025943619
0.3958803181827629 0.4579969472775297 0.07794620934653163 0.06817652519317574
0.15656091539422323 0.07087175133345713 0.714499111798847 0.05806822147347268
0.2609047625085069 0.21890652360525542 0.4581079104586768 0.06208080342756084
0.07337909038568569 0.08606952749525254 0.745816661560609 0.09473472055845278
0.24375072368681805 0.5645632130416435 0.05162098427803896 0.14006507899349951
0.2929833530494337 0.5428499446045848 0.03457127418312034 0.12959542816286118
0.08671945683306514 0.3175708587996786 0.4863382226439159 0.10937146172334034
0.3986997597858618 0.03328619980183767 0.1986268581949815 0.36938718221731903
0.12332120628597287 0.007963119411246278 0.2925637511244047 0.5761519231783762
0.16400861972106784 0.010808557765030868 0.20626342998094793 0.6189193925329534
0.4706191857095098 0.018832069235294124 0.4862610395707393 0.0242877054844568
0.38988885978384435 0.060045482484665236 0.35236529644080916 0.19770036129068125
0.6681859538850891 0.26958884278548123 0.03917664933139653 0.023048553998033183
0.6327918510801891 0.06365959948145328 0.3025228586527262 0.0010256907856314168
0.1764766882911012 0.36185453978384274 0.21744155415266853 0.24422721777238754
0.016744257400908125 0.2972068001336625 0.4104475693545361 0.2756013731108933
0.24702809672882975 0.10752927440237625 0.15718202334369424 0.48826060552509976
0.2790205198526243 0.10044182305092175 0.5252945271194374 0.09524312997701656
0.02745017609045819 0.3504841206969994 0.41682458041353965 0.20524112279900275
0.504916157208658 0.07123503435514922 0.3251035348455429 0.09874527359064988
0.5373568965672267 0.09687716750499709 0.3195503121851301 0.046215623742646095
0.40224694278866036 0.23311156416761514 0.1341644905027639 0.2304770025409606
0.39983740119549205 0.23293405154072988 0.2107973720157953 0.15643117524798278
0.01358314082978973 0.01520503048343591 0.1578989010278622 0.8133129276589122
0.38124485609831693 0.03197139878427224 0.4954444825781712 0.09133926253923963
0.2936701660175348 0.07274258872776851 0.04691047321869268 0.586676772036004
0.28170338503865266 0.4950035238061895 0.12280230106954826 0.10049079008560957
0.25550460705109823 0.4080654165143518 0.23610355078714862 0.10032642564740135
0.20516430087764537 0.5241127357204554 0.25275402956398907 0.017968933837910206
0.29020485657097206 0.2428772810448051 0.41048518985201665 0.056432672532206185
0.08735367632592539 0.38504563865795083 0.4271868370620312 0.10041384795409258
0.3773696702428365 0.25761837246835473 0.0520059441059324 0.31300601318287635
0.4101815553247413 0.11688473249517084 0.4303462581196569 0.04258745406043096
0.16145476027989092 0.3071819142685881 0.318176180746205 0.21318714470531597
0.1838250469006537 0.3363232209848186 0.1398982327343552 0.3399534993801725
0.31697953792391076 0.02072095058750445 0.6609143811549543 0.0013851303336305243
0.1822052809921062 0.3085789235305385 0.23885894972951438 0.2703568457478409
0.5597484057935517 0.05536030023098337 0.2830809177578253 0.10181037621763966
0.01042052673083027 0.4397535947032065 0.2393629534022078 0.3104629251637554
0.44833114453034795 0.010747714490802474 0.4102993800699196 0.13062176090892996
0.05432164021327157 0.1595726451616558 0.4454354270258716 0.34067028759920104
0.21062870071311546 0.032516825429665164 0.2821629737003246 0.47469150015689476
0.10473235029802908 0.46841248834910576 0.025030859647788728 0.40182430170507644
0.12012357124151563 0.3794231741150159 0.24942142783821475 0.2510318268052537
0.35837794875150697 0.06908387649678005 0.04007722217223175 0.5324609525794812
0.016855031952761168 0.01680874952157818 0.8770951355032773 0.08924108302238332
0.03832494559444777 0.7392172372322974 0.19684448002143773 0.025613337151817128
0.641453350989743 0.27573380534898073 0.00944615848757746 0.07336668517369882
0.32515575164345045 0.03257750125348402 0.23017467614385323 0.4120920709592123
0.38410312097551147 0.11179805268205667 0.37900695956853037 0.1250918667739015
0.8445419399644521 0.020245184308714137 0.04630713117676011 0.0889057445500736
0.005022161128533376 0.434973625836955 0.4545510653407764 0.10545314769373526
0.3305579135538963 0.4146351497496956 0.2015852763917524 0.053221660304655694
0.11409317584610457 0.44501382332851636 0.4159743708164675 0.02491863000891159
0.3396600535793701 0.08905584147281265 0.5707008334864836 0.0005832714613336343
0.26842843932686944 0.16447027386920676 0.20277831398769275 0.36432297281623105
