89 40 4 90.63084041423946 181.26168082847892
5.4972488842195055 3.3034342088050317 3.3229056788971705 1.872295384952477 6.077666031057322 1.1439106611449883 2.3733570599552687 5.322229575057099 1.8988548379526777 4.75267503094745 9.222857321169268 4.156475592745339 2.0314393474415153 7.413475514519655 1.9169753777352112 4.651303954434905 6.989332951671957 2.245234339554528 8.473897803111107 2.108797202656313 6.290123990034035 1.5678863720376977 5.473924697108847 9.355551588685492 8.254277570967554 2.785521143202616 4.107551849525411 5.8126282503147575 9.8072512186213 5.527400544083389 4.127027537730877 2.915078745845588 2.597086223716702 1.936257435130381 2.687099083422171 1.3628237382690882 3.1592554273170217 5.9161843313985765 2.870048511664457 9.93433581137419
1.099449776843901 0.6606868417610063 0.6645811357794341 0.3744590769904954 1.2155332062114643 0.22878213222899765 0.4746714119910537 1.0644459150114198 0.3797709675905355 0.9505350061894899 1.8445714642338538 0.8312951185490679 0.4062878694883031 1.482695102903931 0.3833950755470422 0.930260790886981 1.3978665903343914 0.4490468679109056 1.6947795606222216 0.42175944053126263 1.2580247980068069 0.3135772744075395 1.0947849394217695 1.8711103177370982 1.6508555141935108 0.5571042286405232 0.8215103699050822 1.1625256500629515 1.96145024372426 1.105480108816678 0.8254055075461754 0.5830157491691176 0.5194172447433404 0.3872514870260762 0.5374198166844342 0.27256474765381766 0.6318510854634043 1.1832368662797152 0.5740097023328914 1.986867162274838
0.3175160805958207 0.25810097432991386 0.3650062511625919 0.05937669391167355
0.2888216704755264 0.11966488919658869 0.3816221286471472 0.2098913116807377
0.056775147737257003 0.201921520999381 0.2748160809295326 0.46648725033382943
0.6464453907251302 0.0008776362783455838 0.309476816309867 0.04320015668665722
0.2007603924487681 0.15594692856288828 0.21619095681308198 0.42710172217526166
0.2733943409545341 0.14827309072980177 0.29957701706850437 0.2787555512471598
0.009173893122563115 0.6467911887142722 0.13522652184149908 0.2088083963216656
0.18936290021438285 0.1638294515706692 0.17070986898282425 0.4760977792321237
0.23396320984308883 0.003338531365634223 0.6991166182816622 0.06358164050961479
0.043369007091964784 0.6366924211900011 0.29269248209314 0.027246089624894054
0.27934534909671505 0.08754050039370964 0.5387958439276458 0.09431830658192952
0.1226414959390123 0.3253178488003119 0.3569683036688682 0.19507235159180758
0.24016600118441533 0.3909882941645486 0.237177993422249 0.13166771122878707
0.10578014620629406 0.23960337388200803 0.5184883763620955 0.13612810354960236
0.3410767838237394 0.16209454787487187 0.3405118609489861 0.1563168073524026
0.03073701900332526 0.25514929751269255 0.6912641542566302 0.02284952922735195
0.5409740203158473 0.28444958029163203 0.16334166779237658 0.011234731600144099
0.3170396721091122 0.28834724090691066 0.3375210793456622 0.0570920076383149
0.03466716841380646 0.11128174042201 0.20314457747163994 0.6509065136925436
0.40931355834921646 0.04827423628992589 0.03185282852659321 0.5105593768342644
0.012343959188117593 0.10241047616041354 0.04732607984669068 0.8379194848047782
0.046738137534318325 0.42352238958280797 0.1554213474683508 0.3743181254145229
0.1038712337841643 0.14237937333664263 0.04020572064288841 0.7135436722363047
0.025376618596796963 0.7668009196129391 0.16288670358416302 0.04493575820610096
0.2315631854494825 0.06801563392787713 0.6552393382562335 0.04518184236640688
0.1262297358608172 0.19897895389015652 0.2238005398733547 0.4509907703756716
0.008113365696991837 0.3842588630277237 0.5009349365541843 0.10669283472110014
0.04832489120345829 0.006509039851452014 0.5450774922710708 0.40008857667401887
0.11677034467785485 0.40774266842243734 0.0640822969844671 0.4114046899152407
0.12239402493316409 0.2789529106574652 0.5026456581210896 0.09600740628828108
0.1416412941152293 0.3765831915962672 0.12057093439820277 0.36120457989030075
0.13194378660138795 0.12335423545310731 0.4661322332248562 0.27856974472064855
0.03675790662350553 0.11817713914900829 0.32248946608150064 0.5225754881459855
0.00809659567552623 0.48356482264517175 0.08769394249407181 0.4206446391852302
0.02168453021423178 0.09993620099878164 0.3119074961150383 0.5664717726719483
0.34582744643987895 0.2054758064338127 0.14004941864216325 0.3086473284841451
0.027575335189634287 0.380920123634796 0.36580142218939404 0.22570311898617568
0.6464080264586087 0.17493342906387532 0.02816512342516908 0.15049342105234687
0.6035119758578477 0.09570386606604497 0.26816856937595945 0.03261558870014791
0.13494074444811777 0.13925737704443797 0.3771084829607725 0.3486933955466718
0.17379773826141431 0.1443831232932784 0.09727361220351816 0.5845455262417891
0.06561563068621978 0.5121784425334474 0.04366236968725268 0.3785435570930802
0.2598290882470927 0.26350095930179906 0.09231352646074753 0.3843564259903607
0.05946706042689531 0.03661185291790925 0.7639927550544048 0.13992833160079066
0.230436419739672 0.6920512269628566 0.06568048091183254 0.011831872385638875
0.4215624512796865 0.28499192228126546 0.022398544735131032 0.271047081703917
0.30498641799744397 0.0017730618218122496 0.366314676678383 0.32692584350236076
0.08750568959431348 0.6503004974293618 0.17933523644505756 0.08285857653126716
0.7559149211230534 0.13436934850274873 0.10891778272010633 0.0007979476540915798
0.07976805951033772 0.2062127459862716 0.4042597233604919 0.3097594711428988
0.2237989584398633 0.19546839982181785 0.4852436927580265 0.09548894898029237
0.2952712942668514 0.13626818866985224 0.5593141490023443 0.009146368060952037
0.31983791792953964 0.10426206773230262 0.1692751066427547 0.40662490769540305
0.37924544608583366 0.1371167069610537 0.25979316516459006 0.22384468178852257
0.30866017786735 0.5957777809420035 0.06885565975175889 0.026706381438887594
0.047904267251766997 0.5697508692488858 0.19518921974307613 0.18715564375627103
0.21578972969435073 0.43922668637159257 0.2674537577215723 0.07752982621248439
0.21920934989417395 0.4553810782525105 0.24739409313554095 0.07801547871777459
0.4751372076948033 0.16576444995614115 0.3433154895978371 0.01578285275121849
0.16264179309719995 0.07357646915281324 0.5725909545269795 0.1911907832230073
0.059875511540089854 0.15964210620563335 0.40916165739787846 0.37132072485639833
0.18257660031602574 0.31183125295469705 0.3857366242379714 0.11985552249130582
0.5275950365705435 0.15003957700763038 0.22880358406916257 0.09356180235266354
0.12058170185689254 0.021601704391149834 0.8034364088714825 0.054380184880475135
0.1693466871822702 0.20266025140718158 0.0425093983534276 0.5854836630571206
0.2229736089198977 0.492695302496318 0.1507022487828965 0.1336288398008878
0.01910377790353346 0.10235363281068577 0.3977983365461655 0.4807442527396153
0.10158607548995291 0.0747850291308616 0.4418374323153339 0.3817914630638516
0.11352705839204535 0.279003869042482 0.4665748268329596 0.14089424573251308
0.5632482906945077 0.08237914658593581 0.18526408009633788 0.16910848262321865
0.20310000723598287 0.20712184454304794 0.33245964077114776 0.25731850744982143
0.15899521023883378 0.08543867235702662 0.6632812232635709 0.09228489414056873
0.6965239072838142 0.04787777713370833 0.21500002640178484 0.04059828918069264
0.17164712300226947 0.16746585243181233 0.37844859202272385 0.28243843254319434
0.07467165526610287 0.07119086206418923 0.1890135495312013 0.6651239331385066
0.18844288132906462 0.3180759768018492 0.3241392178243746 0.1693419240447116
0.26526731258449776 0.4148624182926476 0.059574383682516774 0.2602958854403379
0.222437577533373 0.5429348850045587 0.08808583847909757 0.14654169898297076
0.5394883485375073 0.15711447015263502 0.29244364684672597 0.010953534463131742
0.316676927555097 0.09936688411252226 0.4374367975494394 0.1465193907829413
