52 90 4 262.4769924564773 524.9539849129546
8.407993066388126 1.235061834128806 2.8969357593816456 6.565795924146492 1.8845601880320926 6.58118178889173 1.485011976385994 9.645886520238147 9.823864367935661 5.690148852441014 6.72898010351993 7.882812534423249 7.884597651551373 4.7591702160375045 7.919247756913684 4.808815753708285 9.334932143741483 7.137338363851585 4.316100321922196 8.73018869817538 4.424461119850509 1.8545883749524696 3.924016422731409 4.736009675282421 7.680465539653422 6.921179808279631 2.8118514820851708 8.276391219190113 8.077621945687909 4.554456741137017 5.595546114901525 8.16543587351822 5.008397463019247 7.687602194591936 1.7087416598959835 5.388807322150116 4.9094978038568176 3.2145215110562466 8.754766464458536 1.1802030320618662 5.05744038848305 1.4268058691073233 5.479547465600645 8.728966037152041 4.013340907736662 9.11431028035393 2.1059879857325146 2.4169037223993683 8.086467624731135 6.984451520461851 7.481837551585963 5.85329791040415 5.247527088293799 9.106187533572415 4.370612596892736 5.750078004187946 7.250440820184957 4.830114364943113 6.747190114946659 6.348922161474758 5.088528811205266 9.24198775027056 7.696606626436794 9.365372216560052 9.02060190330754 3.882998855715747 7.210237137220837 1.529812705219503 2.816054770900965 7.5075558998903515 7.768089313063258 3.65843014697089 9.626022284325444 1.0392694617427047 4.1476792621063145 2.777341329867762 4.938296600993519 9.366541009063496 3.5222093303724913 4.850955092988006 5.1864846558745485 8.696114331439912 9.859481577474579 5.299548084754343 5.830339270323403 8.039841241213747 8.333427401318772 2.31089621383878 4.089066962535138 7.260579127540088
1.6815986132776253 0.2470123668257612 0.5793871518763292 1.3131591848292985 0.3769120376064185 1.316236357778346 0.2970023952771988 1.9291773040476294 1.9647728735871322 1.138029770488203 1.345796020703986 1.5765625068846498 1.5769195303102745 0.9518340432075009 1.5838495513827369 0.9617631507416571 1.8669864287482967 1.427467672770317 0.8632200643844392 1.7460377396350761 0.8848922239701018 0.37091767499049394 0.7848032845462818 0.9472019350564842 1.5360931079306845 1.3842359616559263 0.5623702964170342 1.6552782438380227 1.615524389137582 0.9108913482274034 1.119109222980305 1.633087174703644 1.0016794926038495 1.5375204389183872 0.3417483319791967 1.0777614644300233 0.9818995607713635 0.6429043022112493 1.750953292891707 0.23604060641237323 1.01148807769661 0.28536117382146464 1.095909493120129 1.7457932074304083 0.8026681815473324 1.822862056070786 0.4211975971465029 0.48338074447987367 1.617293524946227 1.3968903040923704 1.4963675103171927 1.1706595820808299 1.0495054176587597 1.821237506714483 0.8741225193785471 1.1500156008375892 1.4500881640369914 0.9660228729886227 1.349438022989332 1.2697844322949516 1.0177057622410532 1.848397550054112 1.5393213252873588 1.8730744433120106 1.804120380661508 0.7765997711431494 1.4420474274441673 0.3059625410439006 0.5632109541801931 1.5015111799780703 1.5536178626126516 0.731686029394178 1.9252044568650888 0.20785389234854096 0.8295358524212629 0.5554682659735524 0.9876593201987038 1.8733082018126992 0.7044418660744982 0.9701910185976012 1.0372969311749096 1.7392228662879823 1.9718963154949158 1.0599096169508686 1.1660678540646807 1.6079682482427493 1.6666854802637545 0.462179242767756 0.8178133925070276 1.4521158255080175
0.18821937901900487 0.5622889996141331 0.2199147005185632 0.02957692084829877
0.5147723383402653 0.26524396762280733 0.19116605834962153 0.028817635687305887
0.017670713942223193 0.18290181626434554 0.1987931738046732 0.6006342959887581
0.0770699849538371 0.026085953685468954 0.11802962174915732 0.7788144396115366
0.16681383022164675 0.339046618901539 0.07776867766152407 0.4163708732152902
0.12844700539551834 0.15335975654278977 0.5256732567871506 0.19251998127454129
0.376781625067915 0.0005069675649586047 0.2345975166110904 0.388113890756036
0.035422261525915544 0.10446053084300988 0.6854283461773725 0.1746888614537021
0.39961381223594616 0.2683243896613633 0.2986703617954123 0.033391436307278255
0.20792820112526988 0.484542604938783 0.1266167242112941 0.18091246972465302
0.7512679969383042 0.028734587399893874 0.09455180644533834 0.12544560921646364
0.06326987753641777 0.01084876281089886 0.4455656133432254 0.48031574630945795
0.15621439152967642 0.7722014014704057 0.06653620438042951 0.005048002619488345
0.01711858051649795 0.38354939579233294 0.4848382091879856 0.11449381450318352
0.01804589989745986 0.3896851544109864 0.4225569135376517 0.16971203215390207
0.4790087163565897 0.16295811639117785 0.1914395106814012 0.16659365657083125
0.08639050145364857 0.20967754375947645 0.16071388355281824 0.5432180712340567
0.138018188110413 0.06502088384379945 0.3308731674892327 0.4660877605565549
0.17440176578793287 0.045186087511566386 0.3386211658198546 0.44179098088064617
0.11012856694924311 0.296539992598179 0.13873838338020938 0.4545930570723685
0.11811417331175644 0.501812387329611 0.1707589737472408 0.20931446561139178
0.2781980306779237 0.5330899945129812 0.08186269575853944 0.10684927905055563
0.652140468687417 0.17642960342224023 0.11002651116887852 0.06140341672146421
0.3471393774654222 0.11298279486778462 0.43466005332455204 0.10521777434224111
0.178156204034574 0.4559209451209283 0.3156832363000853 0.05023961454441239
0.14449956755687077 0.036771412041609386 0.7302776862682145 0.0884513341333053
0.5664386699288954 0.13790646288453878 0.20864001102298302 0.08701485616358284
0.4191325697638878 0.2451337034722023 0.17117725395776018 0.1645564728061497
0.04608746602390201 0.10760366306986302 0.7207788645901213 0.12553000631611366
0.2208694298540782 0.013413772705737625 0.3617789388794055 0.4039378585607787
0.2870556747977665 0.014950952959216002 0.11858155405743698 0.5794118181855805
0.20735129442547007 0.05363379098176213 0.03521670476581784 0.70379820982695
0.21563856154997507 0.38702601335459186 0.04708612539672041 0.35024929969871266
0.1520200219145632 0.177755559417469 0.5321754201944882 0.13804899847347962
0.0029494325995252924 0.1343931732307686 0.5509858277659585 0.3116715664037476
0.2137450128647156 0.07722653043026195 0.6785476833037548 0.030480773401267647
0.029309325605475167 0.27240576931345795 0.1014644935011969 0.59682041157987
0.0027461629768427143 0.7527616375066295 0.0807085938984542 0.1637836056180736
0.6088988526638281 0.14086641539511402 0.01141244087678217 0.23882229106427566
0.5032077177337388 0.3232566486095304 0.0011185379705240805 0.17241709568620667
0.6565678714931831 0.01090400062284591 0.15093740111235587 0.18159072677161514
0.08179794717519562 0.4221750893578867 0.3519092237652517 0.14411773970166597
0.05745977787711398 0.47388636534289297 0.1733725238049435 0.29528133297504955
0.2023111611690579 0.1875645901077928 0.1304019025789308 0.4797223461442185
0.21426902803251635 0.6345934062913238 0.07753312990203887 0.07360443577412101
0.09762619243852688 0.3162558018700762 0.19553593219342635 0.3905820734979706
0.03567063852728025 0.4170963964119291 0.136820886745042 0.41041207831574866
0.02213026874598334 0.2820753573140905 0.3918469666963218 0.30394740724360436
0.2281728369480135 0.4344099745688381 0.24624881176216973 0.09116837672097866
0.10010095978317435 0.1556534024387316 0.12038716701524987 0.6238584707628442
0.22378658935853923 0.05746302208763798 0.061470667745990526 0.6572797208078323
0.4105737049704664 0.25769027626827046 0.28980619826018184 0.041929820501081294
0.2112593440177205 0.4629718382158623 0.14962490822113628 0.17614390954528092
0.40492590345480284 0.14684869164698 0.2770034548209206 0.17122195007729657
0.23898303257935904 0.24470695727987268 0.0068207628280142485 0.509489247312754
0.64690961436549 0.0052047126665717425 0.18300205745718578 0.16488361551075248
0.0880942956749533 0.47489859339383567 0.0881878200097096 0.34881929092150143
0.5042699142837059 0.020450275708212673 0.4451493840792232 0.030130425928858173
0.33279527880437587 0.5102912491926584 0.0648758141121677 0.09203765789079799
0.44605967000758695 0.26559082476142626 0.040575779239974685 0.2477737259910121
0.729767761650702 0.11762318467195942 0.07380308381900913 0.07880596985832944
0.37362278923563297 0.416461495983126 0.06680425986812732 0.14311145491311372
0.7106047955018094 0.13554562040840645 0.08998416556377287 0.06386541852601124
0.30565560537733616 0.4976218960558335 0.13146187835837775 0.06526062020845258
0.31579569909415695 0.4513932627573609 0.12489212103440073 0.10791891711408141
0.8818522363699677 0.03205481995485282 0.04215837036837489 0.043934573306804614
0.10280669403812659 0.23089239772838277 0.18918253951865383 0.4771183687148368
0.017432262793647513 0.4325089861998961 0.3703402370615415 0.1797185139449149
0.09266896872262353 0.7021253641590953 0.16336314022795018 0.04184252689033097
0.6198290174579818 0.12368571738941325 0.005075538570308291 0.25140972658229666
0.7315359807925788 0.06440348936060836 0.11681734156937973 0.08724318827743316
0.4343223106556534 0.10962675334935845 0.3624853703215486 0.09356556567343954
0.09524553561904225 0.3995153492302894 0.39096643858124946 0.11427267656941886
0.3698021053977839 0.19522240459730344 0.4263211632152978 0.008654326789614863
0.14781747444388116 0.14581045640406276 0.34053304546363694 0.36583902368841914
0.09949353827168572 0.32151668267894495 0.25196495192305524 0.3270248271263141
0.41529138624670103 0.30400851020326947 0.05766927064311511 0.2230308329069144
0.1983665771067057 0.33903989958591285 0.10833695815683131 0.35425656515055015
0.26658292441199005 0.27082720497001544 0.425654783692476 0.0369350869255185
0.021622569388937918 0.6640620253645781 0.23923251346120267 0.07508289178528127
0.229615442152184 0.3189865379850446 0.26865024799591564 0.18274777186685576
0.391454278546176 0.12844094171894582 0.32774710383807804 0.15235767589680016
0.15056180924719476 0.2556793233434467 0.44634040034769284 0.14741846706166573
0.07493932362914313 0.653467185037437 0.01845762978892418 0.25313586154449574
0.3339905887737431 0.46007773778587147 0.16062108201857328 0.04531059142181215
0.11627033430940281 0.04852474211574509 0.37986799284875683 0.45533693072609527
0.028358513778728445 0.6035489933717462 0.1776771319511119 0.1904153608984135
0.1274287008901036 0.16696721903495104 0.30824955487255323 0.3973545252023921
0.5412473922970914 0.14171504927451883 0.08007388954515404 0.23696366888323572
0.3470492294698696 0.2772911086246098 0.32804228600111585 0.047617375904404735
0.4554246915674217 0.05686420222411692 0.48205689569944354 0.005654210509017821
0.06917213261814714 0.7793225019223018 0.106325773056553 0.04517959240299807
0.16744375511655984 0.07331472570183795 0.5561653761093618 0.20307614307224042
0.4146662527865721 0.3171678685094069 0.2080882938906814 0.06007758481333958
0.4938081387298918 0.11499736441579844 0.19001512930144537 0.20117936755286436
0.2602992874062112 0.31515352216197556 0.08027635530559729 0.3442708351262159
0.1783917410558119 0.23899407897524394 0.20709195002845393 0.3755222299404902
0.34245557716776287 0.004926694522588648 0.1012386246432192 0.5513791036664293
0.23428878581295864 0.17421238911706083 0.5480394487748488 0.043459376295131746
0.1855220308693205 0.07823993104250648 0.44408985481578755 0.29214818327238545
0.10402202815782546 0.24840535673549824 0.2341135588731359 0.4134590562335404
0.2195194629827696 0.22281331141901828 0.03945614802898745 0.5182110775692247
0.5600587647975362 0.06252628977649843 0.10196464205129863 0.2754503033746667
0.2906306842979809 0.09327927844543105 0.24816417009498826 0.3679258671615998
0.49797429854584496 0.3383901108940991 0.07755721749082911 0.08607837306922683
0.02470636091673062 0.017156123434714954 0.009037858594683867 0.9490996570538706
0.2561358600492145 0.28717286783403073 0.36487995403492335 0.0918113180818314
0.02414861532989465 0.008550493980308937 0.8545754354664657 0.11272545522333066
0.4409295740083149 0.33677998282640464 0.09209538888274393 0.13019505428253653
0.14940494850065522 0.49022069362483334 0.05677123038226228 0.30360312749224916
0.025002495884220433 0.03467878141507197 0.5038026870918625 0.4365160356088451
0.007873910709581988 0.5051324934552928 0.48622711405523544 0.0007664817798898049
0.4370747161235613 0.17013378661938916 0.19687727151974566 0.19591422573730388
0.2992618749172592 0.1539744426389853 0.46493210212925384 0.08183158031450166
0.3952646308688783 0.30533096304720264 0.26916588013916154 0.03023852594475751
0.10623897136777272 0.261335439094849 0.552666699614154 0.07975888992322422
0.31588022035290186 0.40213155380540233 0.13612038445874375 0.14586784138295206
0.6254244598224711 0.015434369607205123 0.12249528487819861 0.2366458856921252
0.018836691845472653 0.288701999991381 0.30134052346820606 0.39112078469494027
0.07755219833918614 0.36987066795216494 0.21951384067762258 0.33306329303102633
0.07213041902437689 0.27154031084018593 0.05280687274105533 0.6035223973943818
0.40923161319478163 0.269497246050569 0.06131032579903384 0.2599608149556155
0.07203385028476783 0.5808395383687424 0.0060183895445822255 0.3411082218019076
0.28747134954980713 0.22782121595917582 0.03099620899758082 0.45371122549343623
0.12147577291052059 0.5408469168036302 0.04482592002722752 0.2928513902586217
0.5172190519750512 0.19179011682645053 0.23892773619000207 0.05206309500849615
0.5611303009903401 0.287386933226363 0.12068191208977586 0.030800853693521035
0.3774301867736908 0.24918893213332172 0.24341218959034672 0.1299686915026408
0.3632905529801852 0.009856298426202281 0.5729958587544063 0.053857289839206235
0.20485639394097765 0.21097489879055265 0.5732272822905711 0.010941424977898628
0.09153634315687464 0.5471901386247919 0.15077617309113467 0.21049734512719875
0.15959260172396217 0.1205193832022099 0.4610024092402384 0.25888560583358955
0.28054214591970716 0.12155127959207368 0.5292278917427784 0.06867868274544076
0.013846376724352738 0.84811545980481 0.044877961045757475 0.09316020242507983
0.46369585828682547 0.17003843919426542 0.3513591297563844 0.014906572762524717
0.7416387919570275 0.007864418334906143 0.02096117531651076 0.22953561439155556
0.073404673125822 0.4491228262892374 0.20767594265038103 0.2697965579345596
0.6265801680984509 0.17361945930261535 0.19563796562337832 0.004162406975555477
0.020959494982568216 0.7739775287893431 0.022552947945894797 0.18251002828219387
0.21041213359630362 0.3048271086718565 0.15854574352442774 0.32621501420741217
0.0015502343596982548 0.36408450756339694 0.28925498044026576 0.34511027763663904
0.11989366253528355 0.22103091592687107 0.3700799446320927 0.28899547690575267
0.4052785611934039 0.25141392153151576 0.29205333634849195 0.0512541809265884
0.1582333619845434 0.27116766391905767 0.41284640418685425 0.15775256990954467
0.10519626011126626 0.6893764041505668 0.02435380056821046 0.1810735351699565
0.03217932783399036 0.8016385427171587 0.025090839896538042 0.14109128955231287
0.3205939416294018 0.012097822540419911 0.2573265487734543 0.409981687056724
0.03182744523425485 0.3263110713608365 0.433516561930428 0.2083449214744807
0.453708796601489 0.132858160102153 0.2615537706897716 0.1518792726065864
0.6773126582757839 0.10138896103425787 0.09035655558034805 0.13094182510961017
0.07511507071710477 0.10101869600995073 0.5372398166535248 0.2866264166194197
0.06782148532066223 0.2730657159186809 0.3774472231217705 0.2816655756388864
0.3837582656278714 0.12954265210883487 0.21440258973022897 0.27229649253306476
0.17147872017089083 0.0787392473181674 0.38206638942849047 0.3677156430824513
0.06816225397806308 0.20236732950406855 0.40974453842284164 0.3197258780950267
0.3077054297280477 0.1708742202620871 0.5179980553095859 0.003422294700279327
0.38428441574631933 0.24378865578788922 0.15562673085462986 0.2163001976111616
0.07037295663924592 0.6675698187460531 0.05535542455546716 0.20670180005923378
0.044486973138047725 0.2893997458912394 0.30534433957544993 0.36076894139526294
0.02603698248802888 0.3526068957262999 0.1648009083618256 0.45655521342384564
0.5386045181931465 0.0917455095615709 0.2848791663218484 0.08477080592343422
0.6563604879634141 0.263546898253584 0.0458995814216826 0.03419303236131932
0.05667713440284117 0.2632131596760917 0.3125573230275077 0.3675523828935594
0.29217889578735456 0.23198390816499326 0.3970433695372044 0.07879382651044775
0.011874859034979979 0.018199856400572756 0.044290003882886064 0.9256352806815612
0.04319893907837935 0.5351311845759729 0.2416529605794966 0.1800169157661512
0.1838157122833669 0.2638147663374607 0.327763084365285 0.22460643701388738
0.30673150521551906 0.40076407614403053 0.10045301838143639 0.19205140025901402
0.05951551713198888 0.4482355078485616 0.27906610090414086 0.21318287411530867
0.7385928797567203 0.11227876424212846 0.06766254000705174 0.08146581599409952
0.024437170156623056 0.49323991250360677 0.35681909421497005 0.12550382312480013
0.16144337407456733 0.2643262342122432 0.3724142907443395 0.20181610096884994
0.5688547273281008 0.1670815251764346 0.06035018293984473 0.20371356455561984
0.04355490647963833 0.15087822908949333 0.31986221344952537 0.48570465098134297
0.21428749922550305 0.22326916363350968 0.4564598758648528 0.10598346127613445
0.7363905758467362 0.08111415371788844 0.18042691878367234 0.0020683516517030487
0.12318239765895389 0.3400854461977221 0.22058092755085756 0.31615122859246647
0.0206459211096105 0.04606289980861433 0.5011170772653126 0.43217410181646254
0.14454077919426456 0.06865524502313425 0.4592956375934636 0.3275083381891376
0.6066714101896782 0.06259088386750333 0.018071739556905553 0.31266596638591293
