60 40 4 102.533292707127 205.06658541425404
3.7078599704195687 2.6825123470769023 3.908644092713975 6.991746132594781 6.10273720872292 4.584285630088882 4.414734239721369 1.0952338229077867 2.533290408943409 2.1105403361209363 7.231611487636774 8.869974045154223 4.036572141747611 9.932133031116107 2.183860637053463 5.502968529015628 3.5795845590555437 2.98526369324097 5.518769919741634 6.724562857562587 6.721092451531546 1.7238977977855563 6.232903765628063 8.552717734772393 3.637164268788706 9.891367849343743 5.924719364475903 9.634473030404875 4.206583718071354 5.65505012414163 9.892120561363866 2.8382682943859705 9.78447581719546 1.359363403322365 1.1739401072534035 2.7461547221966143 1.1042699039167163 5.021854182080118 6.867435804826801 7.4018474221337796
0.7415719940839137 0.5365024694153805 0.781728818542795 1.3983492265189563 1.220547441744584 0.9168571260177764 0.8829468479442738 0.21904676458155733 0.5066580817886818 0.42210806722418726 1.4463222975273546 1.7739948090308446 0.8073144283495222 1.9864266062232214 0.4367721274106926 1.1005937058031257 0.7159169118111087 0.5970527386481941 1.1037539839483268 1.3449125715125174 1.3442184903063092 0.34477955955711126 1.2465807531256126 1.7105435469544787 0.7274328537577411 1.9782735698687486 1.1849438728951807 1.926894606080975 0.8413167436142708 1.1310100248283261 1.9784241122727733 0.5676536588771941 1.956895163439092 0.271872680664473 0.2347880214506807 0.5492309444393229 0.22085398078334326 1.0043708364160238 1.3734871609653603 1.4803694844267559
0.2550084479091246 0.17585946804416863 0.5357123845235853 0.033419699523121515
0.16367259862519434 0.47616376522206594 0.1263238930586238 0.23383974309411593
0.02937152540713983 0.8983727204582032 0.03506704935426519 0.037188704780391824
0.471932553382838 0.21641033455993408 0.30106996351412085 0.01058714854310705
0.38656119113683385 0.06122686206557615 0.06557653637536187 0.48663541042222813
0.0034176043962366176 0.6607106705655913 0.26469633043895346 0.07117539459921862
0.277487253873303 0.16601454263410642 0.044637854370360386 0.5118603491222302
0.4937200013625873 0.09883303008190569 0.028020421666745343 0.37942654688876165
0.02636720355422406 0.3883048041735292 0.09162695769022022 0.4937010345820265
0.0049081104377101115 0.4878119079823523 0.10898233021267023 0.39829765136726736
0.18987112472232637 0.021327796164606783 0.44817819873122633 0.3406228803818405
0.030768584070215432 0.1935840170489942 0.1492748052826386 0.6263725935981518
0.23797281293381622 0.4235914401505947 0.11032521923867555 0.22811052767691353
0.19044923534064961 0.44208187943252064 0.3428371832520929 0.024631701974736853
0.33997446377846285 0.009010737739631791 0.389186382900483 0.26182841558142234
0.10864763288662427 0.4556929712183547 0.36370791404962133 0.07195148184539968
0.4367776038113049 0.0176036621427611 0.28126208452289936 0.2643566495230346
0.13517190374773946 0.055734871805655395 0.6614215412103704 0.1476716832362347
0.013316137497819791 0.007558777032944497 0.6686052551749933 0.31051983029424246
0.1334170729426738 0.07133870320455926 0.2089417618679471 0.5863024619848198
0.35488158765349964 0.281405789594131 0.06745166620290854 0.29626095654946083
0.4665672163171485 0.01035675156818594 0.011690000155310742 0.5113860319593548
0.2548653247391197 0.7267946943576971 0.012958468361869424 0.005381512541313804
0.34106268676877527 0.01994733032577245 0.42879758011209335 0.21019240279335893
0.2029873865751255 0.5824114694909621 0.1866582939825131 0.027942849951399285
0.3151669814974303 0.24703072058788822 0.17218135254511568 0.2656209453695658
0.11593902509528708 0.40209453334581124 0.13473941512688536 0.3472270264320163
0.37972574682454874 0.2039161110347305 0.2557557655942907 0.16060237654643006
0.13186538675378534 0.40549659082560185 0.4311541223969433 0.03148390002366952
0.057445586256732684 0.14701256789065587 0.5566211274651806 0.2389207183874309
0.5245666767881306 0.09644951889433206 0.19638906284216684 0.18259474147537047
0.2667400435266656 0.2212633088746888 0.26308139005566455 0.24891525754298105
0.15638791325176782 0.16010409687136284 0.14933002392273664 0.5341779659541327
0.06368913142789578 0.28513478937533265 0.6510665758180456 0.00010950337872595028
0.018183571337899607 0.4574278686247112 0.21630193702729406 0.30808662301009515
0.34782388991778157 0.16552280604116365 0.41728533337230367 0.06936797066875111
0.26068986010668793 0.46909804914556263 0.20122134017901938 0.06899075056873005
0.17639844529609117 0.21407297046026375 0.38225915516178954 0.22726942908185555
0.24449455296463685 0.5164357660996158 0.11581549205465513 0.12325418888109219
0.02556284374280937 0.35840236687683313 0.10596294927037997 0.5100718401099775
0.4998958513214118 0.03486245545083444 0.229160227049499 0.23608146617825476
0.32433833598634865 0.29401267433432376 0.16736693384172574 0.21428205583760185
0.14328132104059144 0.4095775606365075 0.2852315822979852 0.16190953602491587
0.39267927903982724 0.2894294266523071 0.043962100463100784 0.2739291938447649
0.2632820251791992 0.18364496731599178 0.4739902326547426 0.07908277485006643
0.5160334754862492 0.06703953426798337 0.24921381602124448 0.16771317422452292
0.27360294526350015 0.051980229709797654 0.4772804440983789 0.1971363809283233
0.4761178665748098 0.1276770790148597 0.1077027549077777 0.2885022995025528
0.3967570436405615 0.3453114424434701 0.014246289366499187 0.24368522454946917
0.16835322310715428 0.47847155933677477 0.19518915169880424 0.1579860658572667
0.16063346882923113 0.3065518289530196 0.07794095149655156 0.45487375072119773
0.15012986068343237 0.1754560966033376 0.5852208408995418 0.08919320181368817
0.48246834015581863 0.35082288827755115 0.11879808058254537 0.04791069098408485
0.18360452279033046 0.3925558024119499 0.4188345295652458 0.005005145232473862
0.29856735762799724 0.26207134325295667 0.2591306082161047 0.18023069090294142
0.042946563137421845 0.4090533773578775 0.39556113404376825 0.1524389254609324
0.2238993769635389 0.3740915258367422 0.24016927602519333 0.16183982117452556
0.22404095570586635 0.33156789392004704 0.4158553129032886 0.02853583747079802
0.12712716834598148 0.10517226028983784 0.5921697864060724 0.17553078495810825
0.20470670058705598 0.23278991554815143 0.24767735482387354 0.31482602904091905
0.19245540225455027 0.01693674815741908 0.3414548061797269 0.44915304340830375
0.1076818418185328 0.4609270393164667 0.2435613678432611 0.18782975102173938
0.42025284386335704 0.03732769511573841 0.4489338483752736 0.09348561264563093
0.3383551505567589 0.20964723190966472 0.1280236271483678 0.3239739903852086
0.16082931387052002 0.0712779232628531 0.23939342801897556 0.5284993348476513
0.2001319221701513 0.02258080390744799 0.030619436237471986 0.7466678376849287
0.033799091155620964 0.17880982710259719 0.6558125589265587 0.1315785228152232
0.18773251272645441 0.024553673198931203 0.3950431451796944 0.39267066889491997
0.2577251114154141 0.19934150748486568 0.09650149461715662 0.4464318864825636
0.06543494789858217 0.06756345153095755 0.34774638847118955 0.5192552120992707
0.06687486390366182 0.667059658770089 0.21289386656362574 0.053171610762623445
0.04005160232356353 0.10994754273776008 0.6789574214991693 0.17104343343950712
0.23718877964018525 0.17970542623170815 0.48969864025180065 0.09340715387630594
0.3093028474169337 0.07991114585939874 0.25823064233693993 0.35255536438672763
0.0019146447428080027 0.015536740305146735 0.2905967035063417 0.6919519114457036
0.26222946170521877 0.1571115854459454 0.4570474531165748 0.12361149973226104
0.009696967179979255 0.14196786694234598 0.08847419443949245 0.7598609714381823
0.37061418563391013 0.3208669746165608 0.09001076730740043 0.21850807244212866
0.04296217976878225 0.2905573200027314 0.4587612352166137 0.20771926501187266
0.1447258304087523 0.15738690558835267 0.4268058365495778 0.2710814274533172
