92 80 4 225.52489321258793 451.04978642517585
8.972924494938631 8.097234101233521 4.822553183275968 5.309826821624704 1.003186537583948 8.707303414664676 4.179895240029829 5.380741411351822 4.97145795653803 9.44722490439283 7.459109969553322 8.563142479565384 3.623665493210084 8.517118801556583 5.026933649493586 3.603522293289325 4.630429468499269 8.193599381025795 8.702528229634183 7.444516073809472 8.051047593584308 8.831190621599646 2.538654899121153 4.963498438766608 7.960601921913746 9.281054191266572 4.172910980619147 2.0714540441878277 4.361276390098025 2.6421998737745467 1.0701118799539582 9.250879986016752 7.772404722879258 1.9689942629184563 7.088153285377672 5.85038645121999 5.724230062827497 6.530478421513944 7.517717827129713 1.6129724848000586 5.204140621838083 5.153511522709959 8.41199914713734 4.319001840952161 4.402926203677826 1.6024420274555253 3.7113762293038466 8.844123985187927 5.37313146640665 2.8903389885593285 2.2139763531588192 1.7789213934185626 8.129833138151907 7.664355498609221 5.900810202752861 2.7973083888798835 7.458220496796236 1.2652169835152178 3.3935525885347997 8.777870584519455 8.340686411306908 4.177364546413608 7.997747262428001 8.434280093175026 6.339533053800016 7.958401767571647 5.012957241640899 5.0599358656357944 5.223979684898285 2.661469311520041 1.1051398087504372 9.612508036339372 9.486306345281923 1.4296915881641334 9.490138828963344 5.827165352984177 2.687694653154524 3.5164801565696044 6.175769669463293 5.302346840709241
1.7945848989877262 1.6194468202467043 0.9645106366551935 1.061965364324941 0.2006373075167896 1.741460682932935 0.8359790480059658 1.0761482822703645 0.994291591307606 1.8894449808785658 1.4918219939106643 1.7126284959130769 0.7247330986420167 1.7034237603113165 1.0053867298987171 0.720704458657865 0.9260858936998538 1.638719876205159 1.7405056459268367 1.4889032147618944 1.6102095187168615 1.7662381243199292 0.5077309798242305 0.9926996877533216 1.5921203843827492 1.8562108382533142 0.8345821961238293 0.4142908088375655 0.872255278019605 0.5284399747549093 0.21402237599079163 1.8501759972033505 1.5544809445758516 0.39379885258369124 1.4176306570755344 1.170077290243998 1.1448460125654996 1.3060956843027889 1.5035435654259426 0.32259449696001175 1.0408281243676165 1.0307023045419919 1.682399829427468 0.8638003681904323 0.8805852407355651 0.3204884054911051 0.7422752458607693 1.7688247970375854 1.07462629328133 0.5780677977118657 0.4427952706317638 0.35578427868371254 1.6259666276303815 1.5328710997218442 1.1801620405505722 0.5594616777759767 1.4916440993592472 0.25304339670304354 0.6787105177069599 1.755574116903891 1.6681372822613816 0.8354729092827217 1.5995494524856002 1.6868560186350052 1.2679066107600032 1.5916803535143296 1.00259144832818 1.0119871731271588 1.044795936979657 0.5322938623040082 0.22102796175008743 1.9225016072678744 1.8972612690563846 0.2859383176328267 1.8980277657926687 1.1654330705968354 0.5375389306309047 0.7032960313139209 1.2351539338926585 1.0604693681418482
0.8859310299950054 0.000505883100497484 0.10262043302764601 0.010942653876851116
0.1854675964779583 0.10738613967724941 0.40011554287995066 0.30703072096484163
0.024091806084711176 0.00783972541340916 0.7633399170705008 0.2047285514313789
0.5195130579254226 0.3549217482378302 0.11058775273214883 0.014977441104598421
0.008520292661936657 0.06590877310252752 0.8466716943833117 0.07889923985222413
0.23660351106849087 0.48638083598314297 0.16903748212295755 0.10797817082540861
0.11837574854295008 0.5757533712303786 0.2591157078124018 0.04675517241426952
0.23196626729262582 0.08293765048872703 0.4497223030911395 0.23537377912750768
0.052126253361997055 0.3632141398766693 0.40664112306371725 0.17801848369761641
0.0075604631280210555 0.2000709339960366 0.5025588261667885 0.28980977670915387
0.0913554790253589 0.609441847510992 0.11887474698399114 0.180327926479658
0.06632717231572938 0.4670274962928156 0.3880786754916832 0.07856665589977185
0.0011369053030998444 0.11584844237134317 0.8794297594326703 0.0035848928928866597
0.44215584804069274 0.04617877031719486 0.3746952312341869 0.13697015040792548
0.10600315471761013 0.4350626177978293 0.1708441386249563 0.2880900888596043
0.10069783376576269 0.005498429059815457 0.012060999708867093 0.8817427374655548
0.07666534719749418 0.38065675643004204 0.13911155710302614 0.40356633926943764
0.3355604735677691 0.23718222323089333 0.330269499438579 0.09698780376275862
0.0671231753671262 0.17815019914238683 0.2922515294718082 0.46247509601867876
0.32685826534532814 0.18193717547940225 0.3935875463850943 0.09761701279017532
0.17171398799238713 0.5984350005933258 0.21390466958706533 0.015946341827221766
0.2340378827740539 0.008591290629623272 0.6071954685616635 0.1501753580346593
0.10108074077199913 0.3670240967888887 0.4656157316953762 0.06627943074373599
0.23966112423571106 0.24610057212486391 0.16300206236343895 0.35123624127598607
0.07764259549401598 0.14282090541676218 0.33259199766136827 0.4469445014278536
0.1823475111346753 0.4473294736421315 0.17714926847906465 0.19317374674412857
0.11131641377766655 0.5238966507792614 0.3473822603068547 0.01740467513621735
0.6337696394888482 0.0319724136661953 0.2615108088282918 0.07274713801666466
0.5810677945632985 0.100197211763835 0.19974854771841877 0.11898644595444774
0.6587797095101995 0.07006787051895835 0.2362758182040945 0.03487660176674767
0.013388795235033002 0.1064044973507895 0.006740793930993916 0.8734659134831836
0.26485609891707074 0.3657923481723039 0.33406815284072966 0.03528340006989572
0.13512743369473057 0.31318406281398203 0.39567152207685563 0.15601698141443177
0.028992055732313227 0.12827160232814727 0.30707874437025107 0.5356575975692884
0.12558597685606432 0.505430997807804 0.32566588025549115 0.04331714508064055
0.32636895836020674 0.15409828930777814 0.28424781096238083 0.2352849413696343
0.1078189921503393 0.705606183383784 0.06342771128727442 0.12314711317860227
0.20173819851370778 0.13924690112595695 0.19412064549922348 0.4648942548611118
0.07800120519395726 0.010492579547678127 0.3324731223057722 0.5790330929525924
0.07176573935631558 0.003666498318651623 0.6156977474451966 0.30887001487983623
0.19500062531554696 0.08422109476094097 0.3428294977097437 0.3779487822137684
0.1336324952686596 0.1023784844342508 0.648688552235529 0.11530046806156058
0.11123568085950497 0.5944279593996686 0.04168132475316755 0.25265503498765884
0.13746504180899255 0.2636846496351971 0.10823003030261502 0.4906202782531953
0.565494299385209 0.2191491660063697 0.1075510713050245 0.1078054633033968
0.1013196226168318 0.43175411631432714 0.321305914542937 0.14562034652590405
0.17972022104178598 0.7265570037288902 0.06367332544213677 0.030049449787187044
0.0007586847829156307 0.14305285371026732 0.2765773574307058 0.5796111040761113
0.7473212590297214 0.10551628730352036 0.10540660886030107 0.04175584480645722
0.5266572372261757 0.33808722577785777 0.0692073669202724 0.06604817007569408
0.22327182764890918 0.22478759546258975 0.1435643144945561 0.408376262393945
0.11102619928350044 0.5866676061198525 0.15203982861549492 0.15026636598115217
0.17983136149923995 0.4860292688602891 0.04071998573364033 0.29341938390683064
0.267740860455123 0.5216957433918056 0.030334899997648157 0.18022849615542325
0.5244526694865778 0.08522983998359501 0.03635705404495815 0.3539604364848691
0.09620774783367914 0.0057217539669943696 0.7030575779076416 0.19501292029168493
0.369664991060905 0.006361077654178149 0.20271381613967165 0.4212601151452452
0.19508428465033678 0.2769751515970028 0.25582615217337845 0.27211441157928196
0.3868907453617271 0.2515775237235671 0.3277284895381729 0.0338032413765329
0.06438798294945913 0.772262897292643 0.022580304992168454 0.14076881476572944
0.022884992144911576 0.07513064006111425 0.5693973964125159 0.3325869713814583
0.3194029548730898 0.5026442340615561 0.10899821144556587 0.06895459961978823
0.5776026817160771 0.10290287270462961 0.24675973432904375 0.07273471125024955
0.15395440528614845 0.696635567528911 0.10851624652000835 0.04089378066493221
0.05989733437548661 0.4516943611131815 0.45054752363565076 0.03786078087568112
0.21558731522916041 0.182469760715244 0.36959387963161905 0.23234904442397653
0.27751883593197446 0.46534368081182265 0.20134464168390986 0.05579284157229303
0.328744900776904 0.027817224403838936 0.513434698036017 0.13000317678324003
0.3870216452342916 0.3852337283021441 0.18990766975757123 0.037836956705993074
0.14144541313095815 0.30649981596986053 0.3074947967902616 0.24455997410891972
0.045978135207886184 0.0974908362147 0.05769799377585494 0.7988330348015589
0.029754642290551025 0.8886457277995728 0.07857259749845069 0.0030270324114254343
0.36385064558417535 0.2050159742075992 0.030724004050995624 0.4004093761572298
0.06721880441890171 0.027126356860795453 0.06579333510865304 0.8398615036116498
0.3885096366078743 0.13809370759844886 0.43197867138950974 0.04141798440416711
0.1107375422724346 0.058655106013763 0.2831821042446053 0.5474252474691971
0.04838348379216462 0.3755229275201284 0.21084206534453742 0.36525152334316957
0.20556864745222303 0.6557444545736728 0.027909136430206094 0.11077776154389807
0.4992618735248838 0.04405593090513271 0.19340844911954003 0.26327374645044344
0.08876601419546415 0.2505939568946045 0.5526838350534308 0.10795619385650057
0.23171934882513978 0.22071754262616294 0.1509877947914957 0.39657531375720156
0.3848339069853146 0.2624779710714855 0.29858164183390856 0.05410648010929131
0.03557627656619933 0.44286777876356964 0.07703412491589245 0.4445218197543386
0.10537433135772378 0.1735354144526432 0.4251958690876567 0.2958943851019763
0.48490037780932815 0.08934397357243407 0.3298443947853661 0.09591125383287169
0.16692360213964585 0.17584470659092 0.024477012052545932 0.6327546792168882
0.18458432655812718 0.45811827220782364 0.29520317518673034 0.062094226047318846
0.013436906978363194 0.34970404007215283 0.2608491980732851 0.37600985487619887
0.1873255874162233 0.2900951225370392 0.30065207148089534 0.2219272185658422
0.03412651134863176 0.30907435893838575 0.22414215968554918 0.4326569700274333
0.04849051908794055 0.4006922505894146 0.4683228678714547 0.08249436245119013
0.005188356321749521 0.4293109469565185 0.44274271899741424 0.12275797772431774
0.009325661498729598 0.7514025879540468 0.06456409232857319 0.17470765821865042
0.6014057556739811 0.19128523889313676 0.13122320839988244 0.07608579703299967
0.45843009486126984 0.15170004162283512 0.009685229149092311 0.3801846343668027
0.009497728619264456 0.5503011152295448 0.3238581863524369 0.1163429697987538
0.1597490454871059 0.5654192473923989 0.1968342510604688 0.0779974560600264
0.43124686637875453 0.5052707749612527 0.04513283975665461 0.018349518903338136
0.30348397455963916 0.009622304722400554 0.27508920791377867 0.4118045128041816
0.19122042113387994 0.36328374406702346 0.37158964804588623 0.07390618675321037
0.2936245207328053 0.34334318897289673 0.11344560188728425 0.2495866884070137
0.42993408768764074 0.05070366625019618 0.5075868479436129 0.011775398118550218
0.19308829250573722 0.1421972373439514 0.028410805304281084 0.6363036648460303
0.04951825669758958 0.6948215043715763 0.18522877358697853 0.07043146534385558
0.0944662616920835 0.3948150054596362 0.04743231504380785 0.46328641780447244
0.8439480216934155 0.037626335404095546 0.023357031321138755 0.09506861158135016
0.03945131599708296 0.7719667723745371 0.1715108684386384 0.017071043189741508
0.010307636431640899 0.2351079665927387 0.4240016129969879 0.3305827839786325
0.19413243832781024 0.3038668864395818 0.020730957207196643 0.4812697180254113
0.5248383204618962 0.0735092140999225 0.2508309106215002 0.15082155481668114
0.32386680266423373 0.16065636724088084 0.02098784729359726 0.49448898280128817
0.2236024967849607 0.20271490525387303 0.37171293956363605 0.20196965839753023
0.5199618638488691 0.02448047664036246 0.227654694185916 0.22790296532485244
0.21738457320533733 0.016612207862684025 0.47459715942248626 0.2914060595094924
0.25692593401548647 0.1364925865736749 0.5518060772616435 0.054775402149195074
0.2723858524065855 0.44851951131847634 0.02677754432003765 0.2523170919549005
0.26461026844801205 0.2829713653656012 0.2993441340059163 0.15307423218047045
0.6069326564888948 0.19146531407447454 0.1259111058907959 0.07569092354583473
0.1598105770400592 0.5456336228047594 0.02496966592834582 0.26958613422683564
0.02359218993629475 0.7054513649179975 0.1643582394278541 0.10659820571785361
0.7342656242367382 0.023522501427209574 0.19241291452602072 0.04979895981003146
0.039829868569541516 0.583958645667714 0.26836897874144194 0.10784250702130249
0.33283993229292985 0.2318996029586573 0.15719709486854816 0.2780633698798647
0.3960248090440309 0.2507091003497517 0.27440022765823247 0.07886586294798492
0.35275910725359505 0.2646291786366115 0.03679432424376927 0.34581738986602417
0.32630758809839344 0.036662673553544356 0.1147294551445599 0.5223002832035023
0.7070539022724968 0.06108762268555057 0.09764743264767017 0.1342110423942825
0.3230866072549946 0.6096590107335605 0.020694624424854258 0.04655975758659059
0.4188968951220273 0.13248403624004312 0.15429826808721925 0.2943208005507103
0.6344459175698602 0.04234263776851821 0.08529990362100226 0.2379115410406193
0.05030024864910265 0.839756470229054 0.05188173526176443 0.058061545860078945
0.13612797300757729 0.042819811558329146 0.4187747358932621 0.4022774795408315
0.7266298290351684 0.0648925683954854 0.1824579849986997 0.026019617570646525
0.3848398443975495 0.1646990114505572 0.26987735777229804 0.18058378637959527
0.08502895259931431 0.009199284436227861 0.22407703335202922 0.6816947296124286
0.022981414140846312 0.11495612369275532 0.8103430033096543 0.051719458856744116
0.10950159229503076 0.25701835903001313 0.04722625373662326 0.5862537949383329
0.10922187118295879 0.22823909946851983 0.25942543585383526 0.4031135934946861
0.047082548231608734 0.18130524494417288 0.01671062343904972 0.7549015833851687
0.5176187644627592 0.2337521969695373 0.09154945429075834 0.15707958427694513
0.2095722799801123 0.266941303843503 0.35777526276652405 0.16571115340986065
0.0010752158809803625 0.5807393739195199 0.007507585223509694 0.41067782497599004
0.5494529674636093 0.016079173059883378 0.16277862943344845 0.2716892300430589
0.061710287338865744 0.12760418711180843 0.17512320801762926 0.6355623175316966
0.340392699877754 0.0551564769002052 0.5123956386478468 0.09205518457419404
0.11933790318360793 0.05494168206522265 0.32181614203150855 0.5039042727196609
0.6357388465679286 0.059373361460109186 0.008102849799655365 0.2967849421723069
0.6382213676601476 0.1502811955671527 0.09438690386024418 0.11711053291245554
0.5110827240188394 0.2649508711768447 0.10373710511342293 0.12022929969089302
0.24328047973452094 0.17585833749118418 0.22435649822286619 0.3565046845514287
0.03289995448203087 0.03047799735818668 0.021238338672642132 0.9153837094871403
0.9017327369786874 0.03871883964754397 0.049963828442104896 0.009584594931663748
0.4383927599544185 0.19122289084593147 0.3182982356722692 0.052086113527380795
0.5238125957659244 0.10136713778771245 0.10439133521354294 0.2704289312328202
0.1457203267456748 0.18769269510786746 0.632887090748064 0.03369988739839369
0.14693088169710689 0.10278056902768362 0.4639880664527648 0.2863004828224447
0.1582209493657616 0.3082400892567294 0.4065186300102319 0.12702033136727708
0.03413143320322176 0.3611735787127742 0.5469637208880237 0.05773126719598032
0.38911305822124065 0.2844950681912327 0.25611333758251364 0.07027853600501299
0.4492116515180671 0.23774002524008575 0.14113713986876053 0.17191118337308664
