29 20 4 59.383888272481386 118.76777654496277
8.773839870130747 3.564153687048641 1.6593074927536242 7.869134838972565 5.074471518394702 5.88067186607897 7.539722045447566 8.6401459685334 7.91379980028084 7.598293509880157 3.177877822334966 7.482778232992649 1.5253957523054906 4.687020335420058 6.496050464718941 3.303233871056995 3.571047347916987 7.16017372129106 8.568277618497032 8.282380780907392
1.7547679740261493 0.7128307374097282 0.33186149855072483 1.573826967794513 1.0148943036789404 1.176134373215794 1.507944409089513 1.7280291937066798 1.582759960056168 1.5196587019760313 0.6355755644669931 1.4965556465985297 0.3050791504610981 0.9374040670840117 1.2992100929437882 0.6606467742113991 0.7142094695833974 1.432034744258212 1.7136555236994062 1.6564761561814785
6.349575462794022e-05 0.4846654941547709 0.3222361732362532 0.19303483685434797
0.12903977031017677 0.6047668872798357 0.07164154103009246 0.19455180137989503
0.08335293128691434 0.39529077176492433 0.012296382024476693 0.5090599149236846
0.3075374387292875 0.12033556182585725 0.049827017407529706 0.5222999820373255
0.11374120342961302 0.12282847635271543 0.6367919822002085 0.12663833801746305
0.2960260657626256 0.5075049185973273 0.07483174610592946 0.12163726953411769
0.12385949297344134 0.23576232191567303 0.3838669647183117 0.2565112203925739
0.5031866872071831 0.050180994957029545 0.4225937847045268 0.024038533131260587
0.17442064952655978 0.33027967153182813 0.276975498822831 0.21832418011878107
0.004839738263887616 0.26437971979387975 0.15526710725117 0.5755134346910626
0.47338404446396454 0.33564207734343654 0.08275796580452177 0.10821591238807715
0.36734918081640466 0.029425764066315918 0.47218275795333775 0.13104229716394167
0.37484161205273614 0.2917051096691804 0.17801329809445987 0.1554399801836236
0.08180587340534173 0.6732642761642387 0.2440402472807358 0.000889603149683782
0.5011660922664252 0.07761171584685689 0.34132279952975797 0.07989939235695998
0.03061151866749723 0.10976653598579089 0.06666558181384152 0.7929563635328704
0.4669673620042837 0.1889793656340143 0.2579651444231311 0.0860881279385709
0.369697829461213 0.165027090835839 0.11742913552256229 0.3478459441803857
0.42692202999785844 0.14937455198826932 0.31467164928149705 0.10903176873237519
0.3833817422841894 0.08179425234365978 0.38502210117563995 0.14980190419651085
0.6625740035725216 0.2610360911494307 0.0324023062322808 0.04398759904576688
0.43798752886566594 0.028124598118381305 0.176038445258908 0.35784942775704476
0.6581207720459921 0.005602366249401025 0.0915914032288937 0.2446854584757132
0.32981060187099254 0.5897262711135592 0.06538242556451579 0.015080701450932432
0.8575360154478097 0.08972602251964368 0.023253147164217447 0.029484814868329212
0.037903610520085174 0.12510117577072133 0.40408839642863403 0.43290681728055946
0.3999161855654614 0.25368279211083833 0.30793165782510745 0.03846936449859284
0.03711694924275055 0.3544399683067829 0.084311780157181 0.5241313022932855
0.3706417682856574 0.01346408219714379 0.35775993131385364 0.25813421820334514
0.003200372093831838 0.25999391295621377 0.3768516815569334 0.359954033393021
0.37465165094778097 0.12258229122189312 0.043040415610540395 0.4597256422197855
0.1410864084572968 0.5218482414991477 0.3123785029127736 0.024686847130781953
0.03329565526928435 0.13452465676234782 0.1108952004375795 0.7212844875307883
0.5535734102967413 0.09726112904822304 0.08267980004648634 0.2664856606085493
0.47704741875864487 0.003833591500470912 0.2763476846320134 0.2427713051088708
0.37679080733121795 0.20088116674695067 0.2946370727646538 0.1276909531571776
0.6508538048914047 0.0458357795808626 0.007481473047064147 0.2958289424806686
0.06812662607244035 0.42232894743840443 0.24356264575983866 0.26598178072931655
0.16284856027560313 0.10534110930738749 0.38281491869483486 0.3489954117221745
0.03960732545122547 0.5513823906549329 0.04200625914560341 0.36700402474823823
