51 30 4 76.8280654463176 153.6561308926352
7.081582739531971 1.4024096398265145 4.0897330528833304 6.796177543178478 3.5579169886626056 9.544040259850046 2.4190315189638754 4.491756661804861 6.309943088250829 5.390162121815565 2.5690904742170915 2.963643050648896 6.820709897845528 3.2484826822810113 4.692231874914458 1.4295320469678625 3.911934664323683 3.629815828390938 5.008694526401623 1.5424732506568244 7.7917455265660704 7.55839747397056 6.082848448520835 7.427092558707146 6.241204724951688 6.7522520223915 8.156788556994037 8.825415039139084 4.1499270842064515 3.77109754577186
1.4163165479063942 0.2804819279653029 0.8179466105766661 1.3592355086356958 0.7115833977325211 1.9088080519700092 0.48380630379277506 0.8983513323609722 1.2619886176501658 1.078032424363113 0.5138180948434183 0.5927286101297792 1.3641419795691054 0.6496965364562023 0.9384463749828915 0.2859064093935725 0.7823869328647366 0.7259631656781875 1.0017389052803245 0.3084946501313649 1.5583491053132141 1.511679494794112 1.216569689704167 1.4854185117414294 1.2482409449903376 1.3504504044783 1.6313577113988074 1.7650830078278168 0.8299854168412903 0.754219509154372
0.4230268202299642 0.18069711474126215 0.2600507047889232 0.13622536023985043
0.019103206133850748 0.10535260330131446 0.04465798239734897 0.8308862081674858
0.2714129481716282 0.3781342281891552 0.19805387933722773 0.15239894430198886
0.19640902928258563 0.2186286761448828 0.4375452021084495 0.14741709246408208
0.10219360856776849 0.11553871783029757 0.36284825140716204 0.4194194221947719
0.04165497934232609 0.21166544820625566 0.0212154255108431 0.7254641469405751
0.17448745419058886 0.6295954210085445 0.09991267719401897 0.09600444760684768
0.1119554271992983 0.388443902090875 0.0347897346976932 0.4648109360121335
0.20878896399937197 0.39208907928058434 0.28681540588831644 0.11230655083172725
0.0059993948968157795 0.00043536827264079037 0.5277382950540395 0.46582694177650397
0.18822175398502938 0.4168088463745626 0.0458797063494204 0.3490896932909876
0.44333588321540585 0.25496650289785605 0.1005393846946796 0.2011582291920585
0.048837312695234725 0.8302264283210911 0.06683000744322654 0.05410625154044768
0.25350302755533494 0.05881142627122771 0.292196869547949 0.39548867662548837
0.6277829862030494 0.2706756938056508 0.08434204088078612 0.017199279110513666
0.39832616326346537 0.034004816471602695 0.5253129929083897 0.0423560273565422
0.042693217596753374 0.5543418484686239 0.385744291995021 0.01722064193960171
0.3862733543078446 0.05485361032819003 0.471514543865839 0.08735849149812636
0.2312444261405272 0.1888764398239322 0.407086241154365 0.1727928928811756
0.524107529481125 0.15949872918561014 0.26810279746172005 0.048290943871544756
0.05570066485194414 0.2504610599520031 0.6888919418824988 0.0049463333135539855
0.11102613713211695 0.5477116513667768 0.2523889933954441 0.08887321810566218
0.48789521924254475 0.4205752045073382 0.04159234449195326 0.04993723175816378
0.41966685985124896 0.08753304057896927 0.46746750685063454 0.02533259271914723
0.037842748305568774 0.025244907158691543 0.807072823327449 0.12983952120829068
0.46026216822611943 0.1273095854971208 0.13242196354797475 0.280006282728785
0.2346920542856087 0.35705856540429437 0.2472737641057171 0.16097561620437983
0.10897234248733945 0.006462984956443596 0.712013536247611 0.17255113630860597
0.3895509910646412 0.0959950249584055 0.11781716126414365 0.39663682271280964
0.14423524153423595 0.2603199735795 0.18992492541214245 0.4055198594741216
0.37214817872130124 0.33944524118521746 0.16556551812770903 0.12284106196577227
0.45757318184853846 0.2853473592131379 0.09995418713251036 0.15712527180581326
0.1743854069255517 0.14245940979731997 0.6045783180732686 0.07857686520385976
0.16441869059144643 0.032771351359028755 0.49178450883364744 0.3110254492158774
0.011923225907076174 0.3148030593626783 0.3717569829006535 0.30151673182959204
0.028594337529569747 0.04561772309695333 0.30275153983272685 0.6230363995407501
0.4636816099223394 0.17338921619611447 0.014977282437252382 0.3479518914442937
0.31548560488481303 0.16759780196828233 0.19101939142992008 0.32589720171698455
0.12831951148356902 0.3869632262062753 0.37595877590821525 0.10875848640194041
0.1350517709745358 0.21747811958530416 0.33854645193507293 0.3089236575050871
0.40045436154112246 0.12849088519773588 0.15269142164186167 0.31836333161928
0.14069102805773037 0.06655274009620071 0.6823430610764148 0.11041317076965407
0.1001826524548296 0.21988198895178646 0.3867486385030583 0.29318672009032565
0.4502148589369084 0.13424745240306668 0.25204525774144937 0.16349243091857557
0.03030897441866809 0.12103840174729852 0.06744355904270805 0.7812090647913253
0.12370521710620608 0.25095943018493183 0.36066205384629546 0.26467329886256663
0.014417203985236382 0.7350510584953494 0.07690951934918377 0.1736222181702305
0.08668495560529477 0.31266061581055193 0.20343477882211725 0.39721964976203605
0.09071632059714263 0.21899152126427557 0.21073775025666341 0.4795544078819184
0.3559533794425288 0.31823122909068624 0.1986071805474382 0.12720821091934675
0.28700769580892604 0.3315058712572767 0.001153085904044726 0.3803333470297525
0.5043112418942842 0.021875743288137017 0.47131200649671523 0.002501008320863529
0.5044463711096329 0.14835121394081285 0.24546387540472803 0.10173853954482626
0.03677582554838332 0.11005588301606717 0.8166457452236858 0.03652254621186368
0.40049962991442767 0.13433762163732854 0.28469690066783937 0.18046584778040442
0.5974358209720746 0.08181892845575822 0.11711851029572407 0.20362674027644312
0.1363776552024516 0.06542650727237243 0.1993676026228367 0.5988282349023393
0.6352552819335276 0.22496145468138218 0.1284770106657357 0.011306252719354482
0.8018178091594401 0.04522767399342498 0.07975822149549605 0.07319629535163885
0.5397233255432121 0.054320765516116976 0.16640055646426266 0.23955535247640825
