26 90 4 262.4802284289169 524.9604568578338
3.7714145736247375 5.674523313747707 7.914678953841761 8.102986625537739 8.835058562282411 2.69129252459862 3.4255472105522644 5.465729268890751 7.652095724023396 2.754567924774765 2.617707220533208 5.84943632717638 3.544890441498798 7.848458825158888 3.4272364748135264 3.6416755838260464 9.66164960451497 9.21892893553999 6.113573608651983 5.369431186031763 6.883339335837266 5.8296645867643715 9.961650076603776 2.27784217493293 9.778074729163539 6.576017266023768 7.4843758693447695 3.655572142380146 6.401187690130746 7.7557192485207915 6.772295571764386 9.309695135662386 8.998572172624325 6.802042172650315 3.660781690556169 7.143343415489678 3.4929754118045437 2.137869583168579 6.129255439941813 4.681535448306217 6.043646325565329 8.689090782683504 1.8704700744834817 4.189085858224982 9.762595941354412 9.29769514789476 9.717998395740377 1.4586074643758962 8.95200292128418 7.9297721803779275 3.1565388672202683 1.9343327526400746 2.6766758918166316 7.77448239003021 9.57607503321366 8.115238216212724 2.67948322932213 5.608422444314372 1.7330417909532498 5.709157968583231 2.204732239875214 2.7876206191673916 1.9737577875235095 6.6945270303236555 9.56726471653246 5.73723849699346 4.03135514698033 5.574771456151927 9.91422933494111 6.69937374425716 4.282476828028012 9.781525853636923 8.042060553967994 1.3491529090959964 9.868652043148987 4.1686507688442145 3.500670455758325 3.823552593550021 6.7615636888852615 5.382080181198878 3.443056362958395 9.513189811563276 4.688032277875747 3.4097688182340105 8.770180401226327 5.1519819240055424 7.305371329513017 5.085185998803177 7.707680167429103 1.553647589782972
0.7542829147249475 1.1349046627495414 1.5829357907683521 1.6205973251075476 1.7670117124564821 0.5382585049197239 0.6851094421104529 1.0931458537781502 1.530419144804679 0.550913584954953 0.5235414441066416 1.169887265435276 0.7089780882997596 1.5696917650317777 0.6854472949627053 0.7283351167652092 1.932329920902994 1.8437857871079981 1.2227147217303966 1.0738862372063527 1.3766678671674533 1.1659329173528743 1.9923300153207553 0.455568434986586 1.9556149458327077 1.3152034532047536 1.4968751738689539 0.7311144284760293 1.280237538026149 1.5511438497041583 1.3544591143528772 1.8619390271324772 1.799714434524865 1.3604084345300629 0.7321563381112338 1.4286686830979356 0.6985950823609087 0.4275739166337158 1.2258510879883626 0.9363070896612434 1.2087292651130659 1.7378181565367008 0.37409401489669636 0.8378171716449965 1.9525191882708826 1.859539029578952 1.9435996791480754 0.29172149287517923 1.790400584256836 1.5859544360755855 0.6313077734440536 0.38686655052801494 0.5353351783633263 1.554896478006042 1.915215006642732 1.6230476432425447 0.535896645864426 1.1216844888628743 0.34660835819064995 1.141831593716646 0.4409464479750428 0.5575241238334783 0.3947515575047019 1.3389054060647312 1.913452943306492 1.147447699398692 0.806271029396066 1.1149542912303854 1.982845866988222 1.339874748851432 0.8564953656056025 1.9563051707273846 1.608412110793599 0.2698305818191993 1.9737304086297975 0.8337301537688429 0.7001340911516649 0.7647105187100042 1.3523127377770523 1.0764160362397757 0.688611272591679 1.9026379623126553 0.9376064555751494 0.681953763646802 1.7540360802452652 1.0303963848011084 1.4610742659026035 1.0170371997606353 1.5415360334858206 0.3107295179565944
0.06674945786468267 0.315512595184158 0.22998245577112553 0.38775549118003383
0.10370929014777408 0.4518227947345005 0.3579931364093255 0.08647477870839992
0.08527820827265054 0.19034920434098646 0.08905480234275298 0.63531778504361
0.2271162687640278 0.035424503767273574 0.432562018787116 0.30489720868158265
0.5891876309222562 0.2178315166323791 0.05032245767640231 0.14265839476896236
0.5539161096852093 0.019652136758963268 0.4145103915000611 0.011921362055766327
0.058418338736477504 0.055033745192717864 0.37213850170827945 0.5144094143625252
0.26516346696075965 0.29503770532637896 0.2402649889511731 0.1995338387616883
0.07040963791060295 0.17265033140902397 0.12706977170808653 0.6298702589722865
0.05315249970252589 0.749801067926025 0.06555024697698808 0.13149618539446106
0.18079532374809626 0.035129307233923046 0.07684429923709779 0.7072310697808829
0.8599531260223079 0.03364189754501745 0.0028771909888781755 0.10352778544379648
0.4698033808371014 0.029572893338037143 0.4036304076663563 0.0969933181585052
0.40620396062325914 0.1986851074271927 0.06458171297548188 0.3305292189740663
0.30440174022842126 0.4572484978709658 0.22389204309119026 0.014457718809422704
0.27736457077925614 0.050817792173886156 0.0910104391628469 0.5808071978840108
0.11918020133296636 0.02646467925770879 0.7569642677086185 0.09739085170070638
0.11756727849874493 0.08295029828930967 0.26015592610632543 0.53932649710562
0.10014906120750511 0.04904404645176019 0.4018297841475179 0.4489771081932168
0.07339122040597457 0.09737502371218743 0.1604593760218318 0.6687743798600062
0.283548137709959 0.30980375454060793 0.3344418927207279 0.07220621502870517
0.00945339630568276 0.3756684571957455 0.39682565626212607 0.21805249023644568
0.6608180412443762 0.12167136381638322 0.08824193694214222 0.1292686579970984
0.29887959455137214 0.22998495805456542 0.37730341080871044 0.093832036585352
0.31094675853066167 0.1950951070064023 0.22667038589737376 0.26728774856556226
0.2248670330846605 0.3950705564421345 0.008677303531593572 0.3713851069416114
0.34986993820624945 0.27960456248751264 0.15004744632046207 0.22047805298577583
0.40736538818573387 0.06531879939668517 0.3250022224467469 0.20231358997083404
0.17373449801095397 0.6861647479009015 0.04749210276351612 0.09260865132462837
0.07182538841541986 0.18497883081841238 0.379394838267615 0.36380094249855277
0.028804658170423658 0.2975895808970245 0.6569098583803308 0.016695902552221087
0.7868150388843279 0.13260768911879972 0.008430522276240193 0.07214674972063218
0.14859503200170088 0.22580865200243416 0.21321068107642893 0.41238563491943603
0.05428863060603761 0.1327517024127588 0.29450069101112764 0.518458975970076
0.3621756481630176 0.09089670392712768 0.5032540422949529 0.043673605614901856
0.21585010498615087 0.22948712525181303 0.4667802138143987 0.08788255594763739
0.47265200627484105 0.3369567222185468 0.0008676690620623706 0.1895236024445498
0.574536571660792 0.10765218846427249 0.03070389142000518 0.28710734845493036
0.45223042429337645 0.09933600153347644 0.14126117369270097 0.30717240048044614
0.45768629352699575 0.16469552036548263 0.08242912757300014 0.2951890585345215
0.5394963325578654 0.18927258785478573 0.22616908420229376 0.045061995385055065
0.43530623658399925 0.0786571930592388 0.25146129277100726 0.2345752775857547
0.3014882162506768 0.2719683230283062 0.14205969297508136 0.28448376774593565
0.2475519916419191 0.09735274920048353 0.24917112583883927 0.4059241333187581
0.591575562561512 0.24794429582190436 0.09854282154434613 0.06193732007223751
0.11596816278082245 0.27037767137957336 0.09529579476808137 0.5183583710715228
0.44167158568818987 0.12397791099862321 0.2931055268054563 0.1412449765077306
0.3748618109811651 0.05606169644947423 0.43686093070990295 0.1322155618594577
0.038527273406506746 0.10776410100761225 0.6718168367060491 0.18189178887983193
0.2018358811611809 0.29526564265334554 0.3621657605542067 0.14073271563126688
0.02581550998282145 0.012989670333371617 0.1910385130616512 0.7701563066221557
0.08511378578753792 0.13508760165779032 0.273991519386671 0.5058070931680008
0.02768544220899838 0.13075372335780666 0.8390630917001938 0.0024977427330011848
0.6119398085297056 0.06422176533650015 0.11491171277464518 0.20892671335914903
0.6388908191185644 0.018756963300833096 0.17148048463232946 0.17087173294827307
0.33296810868866156 0.5706679998300184 0.0757417423080552 0.02062214917326488
0.2974835815540403 0.23799242221135364 0.32507040016963473 0.13945359606497132
0.33137485223882135 0.42790719226244667 0.146322564170972 0.09439539132775998
0.07387711603055236 0.21338780449954697 0.13171621183419335 0.5810188676357073
0.11420788444611985 0.20637912452839435 0.22882014246901927 0.45059284855646653
0.14655273118678858 0.08754933757513328 0.692546645152886 0.07335128608519215
0.3306828426554871 0.07007167755179788 0.1722782383276813 0.42696724146503373
0.14900409276391746 0.040318259619090635 0.14008887381443924 0.6705887738025527
0.25729562008396234 0.03323293963707419 0.025350555948093212 0.6841208843308703
0.21173154982730658 0.24731154820024281 0.1873080887222034 0.3536488132502472
0.11485363464955856 0.5665752234704915 0.30434423242168307 0.014226909458266879
0.07878972387742178 0.25580170720752693 0.521364354485225 0.1440442144298263
0.0905377254827684 0.01949192703095981 0.4080381329234094 0.4819322145628624
0.14905580022830323 0.39519964520339634 0.21082802439058235 0.24491653017771808
0.19156317176856452 0.1909823792116938 0.3588776378015913 0.25857681121815035
0.04488811335821297 0.16197745670346608 0.28260354102294816 0.5105308889153728
0.11009889129277317 0.32450262437075894 0.5150623025495802 0.0503361817868877
0.29018898914607194 0.056951979910614736 0.5803669702622695 0.07249206068104386
0.37696556056422026 0.39692691361714993 0.1054385715490751 0.1206689542695547
0.06953153405308532 0.5620547124296887 0.07138034495397294 0.297033408563253
0.4132534276546982 0.004827285089045397 0.16940070703024335 0.41251858022601307
0.21995296207208448 0.10253371187692706 0.4080465809652548 0.26946674508573365
0.3556202268589945 0.35828610738717304 0.04350720357897819 0.24258646217485424
0.06257941572016446 0.2289012675577109 0.1277489875004525 0.5807703292216722
0.11664362286384078 0.4069225705407329 0.15881176283886123 0.3176220437565651
0.0510025484159089 0.23929345659665735 0.0984913012652825 0.6112126937221513
0.1567668125554249 0.18791894675042609 0.16836272590352575 0.48695151479062326
0.18189713575159283 0.2247409404549402 0.060994311640032106 0.5323676121534349
0.17364940476682955 0.23104711643001363 0.5281386891495216 0.06716478965363526
0.23297478333230703 0.13755275579568027 0.09220217948641762 0.5372702813855951
0.0013367895914243588 0.1663702999632647 0.3153109564144537 0.5169819540308572
0.09336546259751333 0.014045442518995643 0.17548119134237572 0.7171079035411153
0.2599446335456884 0.5293397155338957 0.11412154934531571 0.09659410157510018
0.4539199547141709 0.0727977534651475 0.3610146549250882 0.11226763689559338
0.11709660503935415 0.7728274786122391 0.015741598695585113 0.09433431765282163
0.01343251361449116 0.2829582037833238 0.38322952986266723 0.3203797527395178
0.005044305171323482 0.2519839715482931 0.5768286687368239 0.1661430545435595
0.18765982074701926 0.10481842294859667 0.4769857667166031 0.230535989587781
0.5139522806639644 0.13109421990886427 0.23263625580508784 0.12231724362208352
0.4377752881819109 0.34747539549506246 0.11530086633235892 0.09944844999066771
0.1328640222180001 0.48803915530326947 0.11535641509254835 0.2637404073861821
0.09582671964620382 0.4637101628473136 0.14206557054202362 0.29839754696445897
0.06030629779692065 0.36953752650470884 0.06289612946639422 0.5072600462319763
0.08612453271754317 0.10279322020713244 0.749711861291349 0.061370385783975356
0.14501094055062158 0.14789330300837678 0.27582785425788636 0.4312679021831153
0.08279114714619884 0.09130512309955852 0.7936089957157961 0.032294734038446515
0.8097574654899066 0.1253958447711735 0.007427115434983422 0.057419574303936516
0.10653309772623099 0.23366249271296957 0.6565123871813857 0.0032920223794137282
0.40500390516965146 0.021735471896567327 0.5352223882699945 0.03803823466378675
0.17990150104605152 0.4652857985003098 0.2060637674700806 0.14874893298355807
0.09720666426833735 0.17916437934970864 0.6284592523955367 0.09516970398641733
0.13254191010062122 0.3299525479760964 0.13239145883743786 0.4051140830858445
0.5779586073019982 0.17532923765300001 0.03524725827820829 0.21146489676679348
0.006035351707172398 0.5095887468014989 0.1320281682145661 0.3523477332767626
0.3845010768349594 0.4093123547552716 0.10081913419538702 0.105367434214382
0.005661317413282685 0.1403481973477826 0.06926130087664872 0.784729184362286
0.2277531540942479 0.5098128452843009 0.08137770768508168 0.1810562929363695
0.2973013198998874 0.09475152527617059 0.6000403397886588 0.007906815035283232
0.1799646774333028 0.6721109364933847 0.019637949429712198 0.1282864366436003
0.04218835425117573 0.034545932431971016 0.6876253718068094 0.23564034151004387
0.019703076308489442 0.3205295004949892 0.46176488697258466 0.1980025362239367
0.12247814071122165 0.38804136120836275 0.41686068326184655 0.07261981481856905
0.052621971602350937 0.06324623074298108 0.6105292320886245 0.27360256556604345
0.47381966579398527 0.02739746272052279 0.28175268608046466 0.21703018540502728
0.2358629574349117 0.12378558364959791 0.2935788852256789 0.3467725736898115
0.6118662011842609 0.2677294393465357 0.060395552985490264 0.060008806483713095
0.1387982393908257 0.31106438145290916 0.20271902314008527 0.3474183560161799
0.5099987839769065 0.018239103848764815 0.09675597619532206 0.37500613597900667
0.2961882911348497 0.43897076095547094 0.07166384742355936 0.19317710048612002
0.1313784434809886 0.7668032498786796 0.09051654296797063 0.011301763672361131
0.5243806431699766 0.07250991375755289 0.21428253329345026 0.18882690977902028
0.2418995555009944 0.2505986696917779 0.28151565470919493 0.22598612009803276
0.05710227020523195 0.07901574598901784 0.41746781411695355 0.44641416968879666
0.0800803711316066 0.04145416410086056 0.5093930617149219 0.3690724030526109
0.16713729985595127 0.6175573985464475 0.13122678442222724 0.08407851717537396
0.4768705837603533 0.0871065415442509 0.052031064077628586 0.3839918106177672
0.8043751818432573 0.01440361032583437 0.05631655527589374 0.1249046525550146
0.10535375885765241 0.06462210082847941 0.23789496527879683 0.5921291750350713
0.09386814757403039 0.04862040917890276 0.21481850286820348 0.6426929403788634
0.14587001311848624 0.014527443629853476 0.08790242258654457 0.7517001206651157
0.043253740839746535 0.6043043099719431 0.18109807761060892 0.17134387157770148
0.32765633198972755 0.12031500171616394 0.05839046186538832 0.4936382044287202
0.15048872086954357 0.13098592300564815 0.5768094512346738 0.14171590489013453
0.42832989964796275 0.027944429624518263 0.13983390593108835 0.40389176479643063
0.43324656592386646 0.38794035078465927 0.0033834998879387346 0.17542958340353554
0.007686450506097953 0.3375077180453757 0.5975949930942096 0.05721083835431673
0.12660783253608 0.2998968290855306 0.25397241201879295 0.31952292635959645
0.4064895838857484 0.09703783018063128 0.28922645068597896 0.20724613524764135
0.08868400476423977 0.1066943947049408 0.07656491278143818 0.7280566877493813
0.4621065039220644 0.2675091271242871 0.03350130957342168 0.2368830593802268
0.33249157643697014 0.5199673608095169 0.054119163002073756 0.09342189975143922
0.19825711962241777 0.29201764427427146 0.34065861649113693 0.16906661961217384
0.26351760374791044 0.7111029595130346 0.014286815674007136 0.011092621065047825
0.14263100064125556 0.690262014793105 0.1363147913537599 0.030792193211879537
0.37656292836954075 0.0986404647395851 0.09631685033290127 0.4284797565579729
0.20018228553803497 0.6822763023999253 0.015363860399880913 0.1021775516621588
0.5616137942467208 0.3400194136331688 0.02335614899302829 0.07501064312708217
0.009925833089151403 0.14189113527612163 0.7470558862064659 0.10112714542826107
0.44915773543771087 0.053875301691395205 0.46983825435017623 0.027128708520717693
0.006535829925860548 0.688321490414625 0.30118631604016344 0.003956363619351033
0.43483862359939496 0.16030356499890108 0.21693781598311435 0.1879199954185896
0.4503732521311935 0.38700259454525865 0.1053732400866596 0.057250913236888246
0.17297526620340498 0.3665743934880824 0.020314221070930616 0.440136119237582
0.5626381713473831 0.33330504501239877 0.05686935801566528 0.0471874256245528
0.2891818316826722 0.07761033542249995 0.23804951341932312 0.3951583194755047
0.5017303758876795 0.034722164905216624 0.17572953188853346 0.28781792731857037
0.22191751065835652 0.30979439407744813 0.43241605557446616 0.035872039689729185
0.017302846814527983 0.3143607416364068 0.3303468864873914 0.3379895250616738
0.4961100479903905 0.3780941653064216 0.11548555772715419 0.01031022897603373
0.02414691293365423 0.2611248155768654 0.11881723712802172 0.5959110343614586
0.7162214835396503 0.07313680467698902 0.07769732779957061 0.13294438398379005
0.5452816236160506 0.39963471390516625 0.014984348655968538 0.04009931382281462
0.42975392176503824 0.15795776950238372 0.0967866878963155 0.31550162083626254
0.42140838435459294 0.1690929399580524 0.39558457751451426 0.013914098172840395
0.35752386702839467 0.09802388826301756 0.28743479664474725 0.2570174480638405
0.045142338964567985 0.49586523071543187 0.14944310402389727 0.3095493262961029
0.016979239366506915 0.04240971613472322 0.17783397827301084 0.762777066225759
0.3353241777367195 0.41167552133956875 0.11998883607839861 0.13301146484531312
0.1453794989974262 0.11664833296452704 0.208206808339242 0.5297653596988048
0.18797694948736932 0.4005147130715975 0.04807305011735874 0.36343528732367447
0.07855811566841475 0.7812595683213724 0.10857547460751049 0.03160684140270231
0.14196953877879503 0.29660986497657316 0.22907525007597895 0.33234534616865286
0.2571088999699669 0.5537865278055902 0.005390582773544983 0.1837139894508979
0.26899499897978985 0.05884614297107771 0.29308118114448944 0.379077676904643
0.4333763476589346 0.3684130354782086 0.0069578908780632 0.1912527259847936
