50 40 4 117.33831278577782 234.67662557155563
5.451414809842193 3.052747940044026 3.299265313814902 4.566969187504992 4.395835879220116 9.969168071391843 4.673774802998773 7.947045953557422 7.844830192079959 3.7900841381679884 4.118870841064275 4.1658833574690615 2.3092017084653946 9.753982162457053 9.182605941932412 6.039613933499125 3.8223167184703413 8.993800337714994 7.071157592400375 4.5197870287470545 5.5646571152167885 5.716931523977026 9.35200835034897 6.14235762135034 7.0150381189901205 1.4703282199585834 3.9435157365671314 1.507614752543441 2.6184492465740865 9.333398552509383 9.442137006481527 7.426834366906843 7.59418848015865 5.155729086379889 9.381963408453533 4.657782190067268 7.148851934746106 6.84924281280156 6.3888866079650395 2.9983545287170825
1.0902829619684387 0.6105495880088052 0.6598530627629804 0.9133938375009985 0.8791671758440233 1.9938336142783686 0.9347549605997546 1.5894091907114842 1.5689660384159918 0.7580168276335977 0.8237741682128551 0.8331766714938122 0.4618403416930789 1.9507964324914107 1.8365211883864823 1.207922786699825 0.7644633436940682 1.7987600675429989 1.4142315184800751 0.9039574057494109 1.1129314230433578 1.1433863047954052 1.870401670069794 1.228471524270068 1.403007623798024 0.2940656439917167 0.7887031473134263 0.30152295050868816 0.5236898493148173 1.8666797105018766 1.8884274012963054 1.4853668733813685 1.51883769603173 1.0311458172759778 1.8763926816907066 0.9315564380134536 1.429770386949221 1.3698485625603118 1.277777321593008 0.5996709057434165
0.6823571691363788 0.11436009414468962 0.12116095587732145 0.08212178084161015
0.2949295455270283 0.4308207328222434 0.1905581710036396 0.08369155064708866
0.2271141706968911 0.24073205828439337 0.3711496597228935 0.16100411129582204
0.13896007126961285 0.3388248941487667 0.001331279624573356 0.5208837549570471
0.5266640910849083 0.39259292536284074 0.038814032655815844 0.04192895089643511
0.22696164702474486 0.455670963691409 0.11512749677560397 0.20223989250824215
0.005439868860820707 0.008465496822379293 0.8398171301022124 0.14627750421458763
0.38299309627351386 0.35449858863469463 0.1269623239798533 0.1355459911119382
0.29810165145363354 0.1034274520140076 0.1581003417417851 0.44037055479057374
0.4256768396096984 0.06105301754117631 0.4307296254041393 0.08254051744498603
0.049697686154183573 0.020818092220819207 0.3377032443001986 0.5917809773247986
0.2123761181247945 0.4945779569964154 0.2800677232345654 0.012978201644224696
0.2971746669299815 0.08367774013761642 0.12157616205065014 0.49757143088175193
0.17545596569028543 0.19456621109070282 0.21829265233686956 0.4116851708821422
0.12728055084633982 0.03917803432301592 0.7394934624323197 0.09404795239832453
0.17382853179944335 0.2334313926375916 0.4229740932941084 0.16976598226885664
0.3084841658471108 0.10412916747415568 0.48981582973576554 0.09757083694296798
0.4150860159096783 0.3194550816165945 0.06072841976109833 0.20473048271262884
0.24305470050611977 0.0013698264697913354 0.43058131764690866 0.32499415537718024
0.02283521761259677 0.6869078458804716 0.01853064880881461 0.271726287698117
0.27313544836586046 0.04946556945383351 0.16800143520621613 0.5093975469740899
0.23352303568875166 0.3371276721124038 0.16753302870638132 0.26181626349246323
0.018585111354473938 0.2324082508274261 0.21374880840769095 0.535257829410409
0.5496428683576248 0.08680309010601917 0.08246359044896145 0.2810904510873946
0.13387970383976067 0.04463303472524016 0.7605176022125837 0.060969659222415484
0.10039783847653161 0.04215875028600524 0.6258190834786244 0.2316243277588388
0.33150228369763424 0.1306741635276525 0.43809559667243636 0.09972795610227692
0.0371297051302375 0.07676338177314312 0.270370407401059 0.6157365056955604
0.43682080272609136 0.04829352841616674 0.26638727646264804 0.24849839239509386
0.005271149971967981 0.34770194045947933 0.012123969837462667 0.63490293973109
0.1708973128963469 0.35456556525393346 0.24960639099640058 0.22493073085331905
0.25084903827471294 0.23428953417786802 0.01534398188569408 0.49951744566172496
0.19150807459548636 0.18921771641790053 0.26264506841894564 0.3566291405676675
0.05222500318557355 0.44549641974512577 0.3098258095931664 0.19245276747613427
0.472146974622041 0.23030455698128827 0.024993682399801376 0.27255478599686933
0.19376318940298287 0.35274779216170116 0.3694523118771148 0.08403670655820117
0.19467780362333886 0.6070070630407768 0.06405431385048965 0.1342608194853947
0.11083079867785028 0.2564531260469496 0.29062760321539083 0.3420884720598093
0.25547055701966614 0.356550185680895 0.17305167691009282 0.214927580389346
0.31668102111728114 0.07448718428715762 0.2020533426690817 0.40677845192647955
0.43200224779808094 0.349831429928675 0.09622262487559019 0.12194369739765387
0.12485469348959277 0.2628563002407034 0.2290204209922181 0.38326858527748575
0.17861920235967843 0.07671971198488492 0.40453753168974316 0.3401235539656935
0.07344734233770289 0.03885984130074838 0.4279890456319706 0.45970377072957813
0.2520088647581922 0.3317834466652704 0.33847037742119224 0.07773731115534521
0.7160171985352681 0.22073400111244268 0.02752491895402509 0.0357238813982641
0.03486532878140702 0.3866804779208223 0.16736412376022014 0.41109006953755056
0.11481894966650752 0.7068380816334321 0.01868713884602491 0.15965582985403548
0.6023791734848236 0.010858400486107422 0.13538242730332328 0.2513799987257457
0.2628770217325649 0.237014616352334 0.03865274675003394 0.46145561516506717
0.46269202943334264 0.024351451234326915 0.09506513049791543 0.417891388834415
0.20908845599764592 0.3838797571585215 0.36816683635090197 0.038864950492930594
0.0897930746962542 0.5489474217054554 0.18940373775920438 0.17185576583908602
0.01653445679207788 0.025595046141123956 0.8623599543032082 0.09551054276358995
0.17926822593705194 0.05613275262670947 0.6482875180402904 0.1163115033959482
0.2920076220686647 0.16613548639196363 0.013017048934747422 0.5288398426046242
0.3178787309034169 0.08777220617743986 0.18928598765324 0.40506307526590324
0.03703341312787889 0.6011336564955715 0.13440379314661988 0.22742913722992975
0.05169587728748348 0.8410688588533175 0.09231212330836691 0.014923140550832104
0.9131425236532664 0.04226279608469896 0.0018589927351416735 0.04273568752689294
0.1307157463334474 0.03987776587239411 0.10664494858212548 0.722761539212033
0.14032357346281787 0.3365704715847073 0.0564438881634477 0.4666620667890271
0.6605265612088682 0.05229002341152178 0.09321451256214774 0.19396890281746226
0.05698766494677421 0.2829357673840819 0.4043964965907545 0.2556800710783894
0.15077407986613078 0.099930023351949 0.7207487834557738 0.028547113326146456
0.08181246995631308 0.11405254210911087 0.014491732495206189 0.7896432554393699
0.08401003612094293 0.7813185684102374 0.12299719626205663 0.011674199206763047
0.5013262191754582 0.1992584715688529 0.03310513715923069 0.26631017209645824
0.0065606203211597824 0.25655802675680217 0.06386774157771768 0.6730136113443204
0.30902897800865536 0.06603764118576183 0.19259219694108998 0.43234118386449283
0.23845431522502436 0.7337010488875962 0.006969498675627905 0.020875137211751493
0.05742958022265354 0.3722451958516071 0.15956809804242222 0.41075712588331714
0.2514951358481242 0.25920223889157923 0.40621990383449735 0.0830827214257992
0.37753971041153356 0.20180068271895468 0.3131626538647372 0.10749695300477458
0.09868775811520081 0.25866205799982733 0.13169456472333296 0.5109556191616389
0.33751560808167147 0.36917282594503664 0.25222710520668934 0.04108446076660255
0.14734560965790722 0.08083719730304917 0.5109473033755666 0.260869889663477
0.1700292246613353 0.18038963768958172 0.596104496875233 0.05347664077384995
0.1094092635570647 0.37941407096539925 0.40942481527938246 0.10175185019815358
0.02025084454427406 0.08792331078366034 0.47634104358270535 0.41548480108936026
