80 90 4 264.44824758627317 528.8964951725463
5.697241448502293 7.294657303131976 3.4288207396565524 7.070336872200931 9.172648749819833 7.166351837434666 2.9048800959376972 3.855394667135624 3.405694644666593 2.0845568682415534 9.971712066714217 1.7239572043461462 3.5613977472096745 5.817251792705351 8.612218969814787 2.8011172246711293 8.30839196017254 4.356431118845587 8.286771169050262 1.1079573649876395 7.012624713192254 3.614717765444226 3.9044782481167575 4.759389234347514 5.3775639710032905 9.484106679650308 7.589329516202727 9.780555016602431 6.209489377418542 5.633927999497578 5.005533916463483 8.7915612406368 6.5930020300121 5.763909822556199 1.5986519317697312 5.282802808842224 3.1117214334582486 5.764473397775272 1.9219603072103988 2.357746517215772 9.536515834002842 9.768645280607117 1.6910845311199214 8.391739308803617 1.8231119913404972 7.433404213969075 6.392899744702151 2.5466488232682614 7.434520572440215 3.341134737939869 8.943900038942367 4.842014703680299 9.204594761618495 1.2615166350534701 7.640679884945866 7.178598917899796 9.567562550439176 6.602778038779493 9.72814760219283 3.404689207181576 8.43759814407789 9.721088437267866 6.888100993985793 6.177671491880544 9.243710013610775 9.241961257520156 1.0484518532059135 6.323381245126132 1.1412193724742274 2.894982635409338 7.518540771247116 2.293307352167891 7.276346403255679 4.5275047038873675 6.309847373613667 9.125948025167904 5.024557528372458 9.100865107814753 5.99938351871117 8.644849567031347 5.194841712561788 2.761531795880485 3.7421436057259645 6.367052823609587 8.862048103246572 9.698238836534733 3.038258874276514 8.041433498594888 3.5497683577137136 7.782338616986271
1.1394482897004585 1.4589314606263952 0.6857641479313105 1.4140673744401862 1.8345297499639668 1.4332703674869332 0.5809760191875395 0.7710789334271249 0.6811389289333186 0.41691137364831066 1.9943424133428433 0.34479144086922925 0.712279549441935 1.1634503585410703 1.7224437939629573 0.5602234449342258 1.6616783920345077 0.8712862237691175 1.6573542338100524 0.2215914729975279 1.402524942638451 0.7229435530888452 0.7808956496233515 0.9518778468695028 1.0755127942006582 1.8968213359300616 1.5178659032405455 1.9561110033204863 1.2418978754837084 1.1267855998995155 1.0011067832926965 1.7583122481273599 1.31860040600242 1.1527819645112398 0.31973038635394624 1.0565605617684448 0.6223442866916498 1.1528946795550543 0.38439206144207977 0.47154930344315443 1.9073031668005682 1.9537290561214236 0.33821690622398426 1.6783478617607233 0.36462239826809945 1.486680842793815 1.2785799489404304 0.5093297646536523 1.486904114488043 0.6682269475879739 1.7887800077884735 0.9684029407360597 1.8409189523236988 0.252303327010694 1.5281359769891734 1.4357197835799593 1.9135125100878352 1.3205556077558986 1.945629520438566 0.6809378414363152 1.687519628815578 1.9442176874535733 1.3776201987971586 1.2355342983761088 1.848742002722155 1.8483922515040312 0.2096903706411827 1.2646762490252264 0.22824387449484548 0.5789965270818677 1.503708154249423 0.4586614704335782 1.4552692806511358 0.9055009407774735 1.2619694747227332 1.825189605033581 1.0049115056744917 1.8201730215629506 1.199876703742234 1.7289699134062695 1.0389683425123575 0.5523063591760969 0.7484287211451929 1.2734105647219174 1.7724096206493143 1.9396477673069465 0.6076517748553029 1.6082866997189775 0.7099536715427427 1.5564677233972541
0.3681357032050109 0.04086047616789246 0.4133524148009966 0.17765140582610006
0.3254232308112296 0.43361490024293925 0.05244953451107848 0.18851233443475268
0.08957725429258723 0.6704074626930664 0.0713108604851369 0.16870442252920947
0.08545856617175385 0.26079484468651426 0.11020417970620255 0.5435424094355293
0.22131609878537672 0.5315965354276612 0.12434165972191802 0.12274570606504409
0.14066560206830547 0.0877099376736521 0.16534669574318217 0.6062777645148603
0.20089651177586254 0.08601889784737926 0.6532770008113415 0.05980758956541665
0.07839058241845209 0.49218262040038663 0.40963352506637696 0.01979327211478432
0.6072612225140316 0.010000579181286717 0.2422237124277089 0.1405144858769728
0.5319638710979459 0.17045790137472416 0.03549951521828476 0.2620787123090452
0.45298586504579974 0.3229410567605222 0.1996778151732601 0.024395263020417945
0.1675900197589575 0.5363972736716255 0.24647772188133965 0.04953498468807738
0.11844977066355078 0.05843346020315032 0.4503315146894873 0.3727852544438116
0.0008253982792368886 0.19087881853530186 0.4600861896557348 0.34820959352972647
0.4922904190105515 0.0787999180060518 0.10271413208205626 0.32619553090134046
0.47177283790391644 0.12272606661768759 0.008169632055580744 0.3973314634228152
0.4135769173166236 0.14779721889723907 0.08470208805136381 0.3539237757347735
0.8349195265037951 0.050964360605175285 0.06623981487166941 0.04787629801936022
0.1863987067253987 0.21102678933764074 0.16047553315619412 0.44209897078076643
0.021949613134583434 0.5764042437457708 0.03552389768614239 0.36612224543350336
0.45443373671392595 0.03005687511385935 0.28760814809205804 0.22790124008015666
0.05540564892066635 0.43284171245504854 0.33564287186570396 0.17610976675858114
0.06159145527009657 0.2705956005810076 0.45220038072095736 0.21561256342793844
0.14306042473054692 0.7080079373319588 0.08830100573582722 0.06063063220166709
0.31786878728792245 0.39102506129502346 0.24731603806456148 0.04379011335249261
0.24853933071324397 0.30555598363305303 0.2130812809208007 0.2328234047329023
0.23538600126132736 0.4116626348088347 0.17808346957255394 0.174867894357284
0.6893004238362896 0.20958353723030965 0.0947090576431614 0.006406981290239311
0.055781114740433235 0.3119390597508964 0.5713313619339613 0.060948463574709066
0.6588279880639012 0.0868932093829412 0.04389364817891017 0.21038515437424743
0.4195856945233649 0.41163485866043814 0.08977602560187292 0.07900342121432402
0.47799059830975144 0.1213424386193388 0.2548828417231249 0.14578412134778485
0.3822847114891873 0.05007308640550101 0.1148293327783414 0.4528128693269703
0.07957413615744902 0.5121855816441386 0.1863207205232985 0.22191956167511384
0.052755900896652386 0.19772157292221015 0.09787037519065278 0.6516521509904847
0.5102438758923183 0.07667004151698553 0.3145772196271909 0.09850886296350525
0.1192183896783483 0.28143272315382273 0.18102047437471358 0.4183284127931154
0.04254870582862935 0.48732308453115514 0.30024317586178906 0.16988503377842645
0.6539203848613604 0.17951954881651766 0.09473677335849173 0.07182329296363021
0.18695731906731894 0.20924537156379852 0.33883567764855527 0.2649616317203273
0.24403322096954483 0.527910276309202 0.14990349050044238 0.07815301222081084
0.0027423988356570783 0.33193914764756993 0.21584566997583 0.449472783540943
0.001861747020095783 0.18793628098577608 0.36455602956439104 0.4456459424297371
0.460041425209859 0.14982125815506142 0.2303500336589004 0.15978728297617917
0.2685522477426001 0.27401583580677824 0.4183874497497916 0.03904446670083006
0.622760701110397 0.1654170174788756 0.15863324999767792 0.053189031413049426
0.566517661081349 0.038674769937794395 0.13534326172106337 0.2594643072597932
0.11406373477636289 0.10960318813657066 0.5485025063245038 0.22783057076256263
0.16467370916805457 0.02065110291248451 0.4866823590058089 0.327992828913652
0.6971845518731354 0.13269886528381436 0.06781717831172362 0.10229940453132658
0.1260930804873739 0.06699650252271439 0.7579264795111502 0.04898393747876151
0.2817559384109529 0.14555478615818018 0.5529932784051592 0.01969599702570768
0.32511727077996166 0.24439965471901015 0.38027588426755277 0.05020719023347542
0.20306964691515184 0.017989910640402118 0.6296775673270055 0.14926287511744052
0.10087003187167454 0.12237013132922958 0.07636118739489595 0.7003986494041999
0.045187412685594563 0.06047821924807539 0.555432477713671 0.33890189035265905
0.9079800238731981 0.013022219528400547 0.05485054982247073 0.02414720677593063
0.7096191559535254 0.05707891149397282 0.21660759374969463 0.01669433880280713
0.3220308952939219 0.014588993066284806 0.04287606581192416 0.6205040458278691
0.2713990278346582 0.30899103885901724 0.04004969194435015 0.3795602413619744
0.22776384003317074 0.026739072428526245 0.13737882003236768 0.6081182675059353
0.5666543326876206 0.10033260851118964 0.2152334960506359 0.1177795627505539
0.41806688552711035 0.0682323593769758 0.4960974971623602 0.017603257933553662
0.2578329399982736 0.05094553174482752 0.5852329184143217 0.10598860984257719
0.11580587495867956 0.3002373974558109 0.41944305591225983 0.1645136716732497
0.06946777252922465 0.3662830716961213 0.5508829172247871 0.01336623854986696
0.18457203029639313 0.22266743519002552 0.4248277716107337 0.16793276290284764
0.09297932475807713 0.24381189156559435 0.5577166377655147 0.1054921459108138
0.0708954641601558 0.9004980515942336 0.009488095288135767 0.019118388957474863
0.007184732572797281 0.19446056271341894 0.7371505602990409 0.06120414441474287
0.07430859661171696 0.36160616127760625 0.16397117209273337 0.4001140700179434
0.7463449221263928 0.03400991357335548 0.17719409028356425 0.04245107401668746
0.5865733426568641 0.3659735320154538 0.02776572371816255 0.01968740160951954
0.6691723250378337 0.12924309433805437 0.03267595271522472 0.16890862790888717
0.026774527801478154 0.2614913530488784 0.015229872673424683 0.6965042464762188
0.039046987761337304 0.6215371344923654 0.2518513131910419 0.08756456455525541
0.26020089008591707 0.45705357471447006 0.18224712495365347 0.1004984102459594
0.23471516061784814 0.3213442406632713 0.10392132851987268 0.3400192701990079
0.18463333837046692 0.19246039237104018 0.5250698837792099 0.09783638547928297
0.6951609717546364 0.15206446812260843 0.005858913118106157 0.14691564700464899
0.389054606169968 0.3348081574652675 0.17521170469709235 0.10092553166767215
0.046517560066887675 0.10487608376812818 0.7159100065388403 0.13269634962614385
0.04130006169423084 0.01329830233297924 0.8571118830228575 0.08828975294993247
0.4362516068969541 0.37550282753629405 0.14905111278244276 0.03919445278430911
0.04009908723458688 0.0375791442299066 0.14268060466090005 0.7796411638746065
0.1454702023764396 0.04752233804975281 0.23945638968377936 0.5675510698900282
0.004514059718245478 0.5346625155995276 0.26304953983350343 0.1977738848487235
0.00358471229906443 0.21735927620035578 0.15217403516652617 0.6268819763340536
0.2528379409239543 0.14383403807400086 0.3825486612645199 0.22077935973752494
0.5130806171333188 0.035555126186841424 0.2529486249966604 0.19841563168317944
0.013982255318108372 0.11698298744920343 0.029829290500113625 0.8392054667325746
0.6588886345531375 0.007172752839256558 0.004237558201233171 0.32970105440637276
0.12765165710234982 0.052562386968459274 0.036097210387704415 0.7836887455414865
0.17989323401071577 0.22125994828939988 0.259594294428407 0.33925252327147737
0.013414863053786141 0.7065819314226 0.034115763939426946 0.24588744158418696
0.11461667700655731 0.01819020772490565 0.5215563150802618 0.34563680018827525
0.12291832581004791 0.1854095749373168 0.07105865434173197 0.6206134449109033
0.48103547637075106 0.05931830725372955 0.07339519514167303 0.38625102123384636
0.4289931250990495 0.17062047291279814 0.23139950940332588 0.16898689258482646
0.0931599099434981 0.13193772361804812 0.2648865454308337 0.5100158210076201
0.24177197524909233 0.1077324204484944 0.07687975659698232 0.573615847705431
0.16057726579085174 0.4222312813999807 0.1425510069068574 0.2746404459023102
0.11221917389611458 0.15074207386608862 0.7248844334965342 0.012154318741262604
0.039038326506971144 0.1195804330699266 0.27751685510243507 0.5638643853206672
0.11158992465935924 0.048958875154901604 0.019803444486182764 0.8196477556995564
0.13457386579026587 0.3303677112780832 0.4840534694947264 0.05100495343692457
0.4084586687122348 0.10189362617085529 0.33002127587548846 0.15962642924142145
0.01371898409950345 0.7488506511151904 0.07861180212563235 0.15881856265967376
0.53250736618651 0.23031130919823362 0.16636261426646626 0.07081871034879017
0.19181907158547007 0.5319675147531225 0.08848802727603255 0.18772538638537484
0.11767527833891311 0.11116665269913639 0.6793710294981647 0.09178703946378575
0.006584352091248968 0.1743347343981081 0.3049457461206555 0.5141351673899874
0.23962621968535713 0.6029805627176145 0.14625876277175331 0.011134454825275086
0.16070233244557597 0.16502965259477154 0.10960603798621815 0.5646619769734343
0.23172476975456835 0.14829127359214123 0.30615488498591503 0.3138290716673754
0.6501278639542386 0.03678527636472917 0.11845687809793781 0.1946299815830944
0.2788936893750258 0.31018497542900425 0.3014303735180005 0.10949096167796946
0.1830964490609608 0.24266578095192726 0.44894691594927927 0.1252908540378327
0.7265933227862079 0.15691811826267155 0.07714906143844025 0.03933949751268029
0.1170436387955538 0.0972356504622629 0.24272304067392658 0.5429976700682567
0.5527920253823689 0.14478770746552594 0.03563287772176882 0.2667873894303363
0.5084652081766594 0.04891236066139926 0.3819479231970615 0.06067450796487983
0.034225430974804016 0.4398407104204246 0.414575247299904 0.11135861130486735
0.07910611915933397 0.7625428133041936 0.06358543561773378 0.09476563191873866
0.3169734200312715 0.03720824005925483 0.4159616870762024 0.22985665283327128
0.4331666552977954 0.3588961860728156 0.025006860303019462 0.18293029832636953
0.6486881188980346 0.0021016145590099233 0.1395155698394821 0.2096946967034734
0.5801269799739017 0.14928812410436842 0.090909930207419 0.17967496571431085
0.2560808826282105 0.4574634754422784 0.05006912774604111 0.23638651418347
0.5933120243266865 0.2816113600923319 0.01678523742138094 0.10829137815960066
0.05509849919590892 0.42953472381545876 0.15346748973590008 0.36189928725273224
0.3488426625354667 0.5172345551941937 0.08110828004990633 0.05281450222043327
0.326427400804711 0.49608587943430404 0.10698929114175271 0.07049742861923225
0.13529198342785498 0.2511248588137819 0.16373100578613975 0.4498521519722234
0.12988175687240533 0.11928017419938663 0.7229311162348151 0.02790695269339294
0.3854121128197838 0.11531349751855846 0.25183778527948486 0.24743660438217285
0.016966687010190107 0.30914933533756195 0.1850871331625097 0.48879684448973826
0.0543705053309782 0.2037580249453591 0.13465488967750638 0.6072165800461563
0.2932359983795989 0.2818569852522419 0.17957001164108433 0.24533700472707487
0.27001262473727417 0.17735058104614976 0.012714068350135554 0.5399227258664405
0.16544470593950455 0.3192228777572258 0.31470039992469245 0.2006320163785772
0.04256091806089002 0.25737955656691214 0.008614036752269016 0.6914454886199288
0.05149868096593724 0.09474552549828674 0.06295717281446933 0.7907986207213067
0.07311589213333869 0.6248467677318378 0.049945088363518186 0.25209225177130534
0.23730761724064875 0.5164755262230419 0.07040371992512273 0.17581313661118658
0.12213232570750365 0.24685382331071026 0.5029614279796186 0.12805242300216746
0.31727175360510507 0.1562490980697273 0.4515786266252484 0.07490052169991923
0.19232004274186787 0.44349813818351336 0.0489059379764919 0.3152758810981269
0.11659377516536551 0.5059300977584531 0.24356803278856143 0.13390809428761996
0.2794906968792993 0.26997401745716554 0.44767402703904113 0.0028612586244940452
0.2796719260183974 0.014465692056059187 0.05803262568948997 0.6478297562360534
0.7544492836115239 0.019912837012434292 0.06110520071676928 0.16453267865927257
0.3094807723501839 0.10325551627020457 0.49377716645221603 0.0934865449273955
0.20560108786506703 0.23959971540823732 0.40624597310512167 0.14855322362157397
0.3737286826935805 0.052259522041420925 0.2988783597438125 0.2751334355211861
0.5312257365097152 0.022099482509440715 0.1829709230911173 0.26370385788972683
0.005701698674345113 0.9171243211213271 0.052462597618798346 0.024711382585529407
0.03524243184443987 0.2490168168722866 0.24548814950724074 0.4702526017760328
0.6596768439699121 0.1910905964919828 0.07007703720091907 0.07915552233718604
0.4144393164666753 0.18505910494407563 0.25582920485976124 0.14467237372948782
0.5338881481942539 0.04450963551459286 0.040695534436702374 0.38090668185445087
0.07679361114208727 0.3375380415026106 0.005939900318987501 0.5797284470363147
0.03911983805516517 0.3761487800879467 0.19373351800662797 0.39099786385026014
0.08437199759983194 0.03185853183151921 0.36013279427621014 0.5236366762924387
0.48074144079159153 0.39055256765099433 0.000674109234851894 0.12803188232256224
0.6859262845798506 0.1611989361994728 0.11724078362874335 0.035633995591933254
0.05724412904188014 0.1901193591634327 0.03885398530675588 0.7137825264879313
0.1923323786673602 0.07045697425546305 0.7371782336827666 3.2413394410180096e-05
0.32037227689463255 0.12273235021856177 0.06288843625207874 0.49400693663472695
0.3205966112906924 0.16489374656051725 0.13220833391831965 0.3823013082304707
0.2757230009325585 0.12916682262350787 0.523973382046269 0.07113679439766463
0.12061620453639965 0.048784887440288416 0.4985224249225393 0.33207648310077265
0.3011231478863651 0.23459242711097172 0.11516161552629822 0.349122809476365
0.4301528726464755 0.04773784422446936 0.07873619831968037 0.44337308480937476
0.1983637294477738 0.48902223327899275 0.14726321373018536 0.1653508235430481
0.34704469341090083 0.6281683026509749 0.010780288845722907 0.014006715092401367
0.5444243865164472 0.20855970121407286 0.08264160927594655 0.1643743029935334
0.15495057667065237 0.4254166067546493 0.09176558135486323 0.3278672352198351
0.056139055839818486 0.05536327885648784 0.5576702228771334 0.33082744242656026
0.07337914668392387 0.01671747920077804 0.02294969833913918 0.8869536757761589
