52 40 4 114.29659279508746 228.59318559017493
8.407993066388126 1.235061834128806 2.8969357593816456 6.565795924146492 1.8845601880320926 6.58118178889173 1.485011976385994 9.645886520238147 9.823864367935661 5.690148852441014 6.72898010351993 7.882812534423249 7.884597651551373 4.7591702160375045 7.919247756913684 4.808815753708285 9.334932143741483 7.137338363851585 4.316100321922196 8.73018869817538 4.424461119850509 1.8545883749524696 3.924016422731409 4.736009675282421 7.680465539653422 6.921179808279631 2.8118514820851708 8.276391219190113 8.077621945687909 4.554456741137017 5.595546114901525 8.16543587351822 5.008397463019247 7.687602194591936 1.7087416598959835 5.388807322150116 4.9094978038568176 3.2145215110562466 8.754766464458536 1.1802030320618662
1.6815986132776253 0.2470123668257612 0.5793871518763292 1.3131591848292985 0.3769120376064185 1.316236357778346 0.2970023952771988 1.9291773040476294 1.9647728735871322 1.138029770488203 1.345796020703986 1.5765625068846498 1.5769195303102745 0.9518340432075009 1.5838495513827369 0.9617631507416571 1.8669864287482967 1.427467672770317 0.8632200643844392 1.7460377396350761 0.8848922239701018 0.37091767499049394 0.7848032845462818 0.9472019350564842 1.5360931079306845 1.3842359616559263 0.5623702964170342 1.6552782438380227 1.615524389137582 0.9108913482274034 1.119109222980305 1.633087174703644 1.0016794926038495 1.5375204389183872 0.3417483319791967 1.0777614644300233 0.9818995607713635 0.6429043022112493 1.750953292891707 0.23604060641237323
0.3348156564151846 0.11601105341626539 0.04690078634639949 0.5022725038221505
0.1228875539702794 0.597316618428161 0.06718111923835246 0.21261470836320717
0.37451251076585956 0.09743494348900694 0.22254597021012867 0.3055065755350048
0.4542809790228073 0.18429570041571042 0.10549072349890387 0.2559325970625784
0.20178386343344057 0.48824248514665236 0.20115164067630031 0.10882201074360676
0.34974214023403494 0.4022677834396604 0.20643699680690963 0.04155307951939502
0.28024548115249903 0.15734303006900308 0.027576450542336595 0.5348350382361613
0.536704363369267 0.27812090344393003 0.16956157512842296 0.015613158058380039
0.18821937901900487 0.1550102834848993 0.627193416647797 0.02957692084829877
0.5147723383402653 0.23573604029287276 0.2206739856795561 0.028817635687305887
0.017670713942223193 0.38169499006901875 0.38065060195183065 0.2199836940369274
0.0770699849538371 0.026085953685468954 0.09741659156726268 0.7994274697934313
0.22118556038846338 0.28467488873472235 0.07776867766152407 0.4163708732152902
0.12844700539551834 0.03836682482612841 0.640666188503812 0.19251998127454129
0.2818067619383081 0.0949748631296069 0.235104484176049 0.388113890756036
0.035422261525915544 0.3418663311069581 0.4480225459134243 0.1746888614537021
0.13988279236892542 0.25973101986702074 0.5669947514567756 0.033391436307278255
0.20792820112526988 0.4600100007720396 0.02453260416674341 0.30752919393594713
0.7512679969383042 0.028734587399893874 0.03908494593714895 0.18091246972465302
0.07411864034731663 0.4455656133432254 0.3548701370929943 0.12544560921646364
0.06326987753641777 0.09294451399325865 0.8387376058508352 0.005048002619488345
0.4006679763088309 0.4848382091879856 0.04290960750326567 0.07158420699991785
0.01711858051649795 0.0009273193809619107 0.8122420679486381 0.16971203215390207
0.40773105430844625 0.07127766204814345 0.35439762707257905 0.16659365657083125
0.08639050145364857 0.3703914273122947 0.1851849039818243 0.35803316725223244
0.138018188110413 0.06502088384379945 0.09302897325891257 0.703931954786875
0.17440176578793287 0.045186087511566386 0.31432438614394587 0.4660877605565549
0.11012856694924311 0.43527837597838837 0.012802076191722356 0.44179098088064617
0.11811417331175644 0.28855438623566565 0.38401697484118613 0.20931446561139178
0.2781980306779237 0.3417285299634437 0.27322416030807695 0.10684927905055563
0.8112880251909049 0.017282046918752347 0.11002651116887852 0.06140341672146421
0.3471393774654222 0.11298279486778462 0.1920182963542102 0.34785953131258296
0.178156204034574 0.7166260216231849 0.05497815979782872 0.05023961454441239
0.14449956755687077 0.036771412041609386 0.45280616955702213 0.3659228508444977
0.5664386699288954 0.34510999593779934 0.0014364779697224606 0.08701485616358284
0.4191325697638878 0.2451337034722023 0.04007885957734403 0.29565486718656586
0.15369112909376503 0.6817523981000853 0.03902646649003605 0.12553000631611366
0.04608746602390201 0.18819573653591382 0.3617789388794055 0.4039378585607787
0.2208694298540782 0.0661862449436883 0.13353250701665298 0.5794118181855805
0.20735129442547007 0.08885049574757997 0.005804837583932465 0.6979933722430175
0.04742287434525816 0.8113511297827464 0.042816027022432035 0.09840996884956343
0.15743374693326317 0.3818215764449757 0.12568373445085568 0.33506094217090543
0.425568262771457 0.1022181821383148 0.3729010588204965 0.09931249626973171
0.5943246846083065 0.32145173208842237 0.01370938514327702 0.07051419815999416
0.058868078357722564 0.261465127832916 0.402728560463845 0.2769382333455165
0.004363273526967193 0.1931190964583397 0.09789875745590315 0.70461887255879
0.42788389922088954 0.427239915383545 0.0744918530692873 0.07038433232627817
0.1456551348709756 0.33207243010172915 0.30447701738437827 0.217795417642917
0.4554246915674217 0.24019521149258805 0.2987258864309724 0.005654210509017821
0.06917213261814714 0.4431167611733915 0.4425315138054633 0.04517959240299807
0.16744375511655984 0.6294801018111997 0.051570777612689356 0.15150536545955107
0.2407584808183978 0.1739077719681743 0.3171678685094069 0.268165878704021
0.4938081387298918 0.11499736441579844 0.33111691204097016 0.06007758481333958
0.5754528095681868 0.08027635530559729 0.14309146757335156 0.20117936755286436
0.2602992874062112 0.15708653262484462 0.20709195002845393 0.3755222299404902
0.1783917410558119 0.16899053063453962 0.1012386246432192 0.5513791036664293
0.23428878581295864 0.10816679135480423 0.6140850465371054 0.043459376295131746
0.263761961911827 0.14473921301819248 0.2993506417975951 0.29214818327238545
0.10402202815782546 0.08150000271149505 0.1669053540240032 0.6475726151066763
0.2195194629827696 0.2622694594480057 0.10475202133568429 0.4134590562335404
0.44233277440178786 0.11772599039574838 0.16449093182779706 0.2754503033746667
0.2906306842979809 0.09327927844543105 0.23867509183062274 0.3774149454259653
0.6320741328384002 0.20429027660154386 0.07755721749082911 0.08607837306922683
0.02470636091673062 0.017156123434714954 0.4561118141943994 0.502025701454155
0.05090034294612944 0.4924083849371158 0.36487995403492335 0.0918113180818314
0.03269910931020359 0.22343675073901093 0.6311386847274548 0.11272545522333066
0.02414861532989465 0.7535609415048249 0.09209538888274393 0.13019505428253653
0.4409295740083149 0.19869606811717366 0.05677123038226228 0.30360312749224916
0.0596812772992924 0.08972367120136282 0.41407901589049967 0.4365160356088451
0.007873910709581988 0.017128585174638444 0.9742310223358898 0.0007664817798898049
0.4370747161235613 0.07593168804131345 0.29107937009782137 0.19591422573730388
0.4532363175562445 0.15397218518670597 0.3109599169425479 0.08183158031450166
0.2992618749172592 0.40133371899882175 0.26916588013916154 0.03023852594475751
0.36757441046262174 0.02769022040625657 0.5249764792078975 0.07975888992322422
0.10623897136777272 0.20964124898512915 0.5382519382641461 0.14586784138295206
0.6254244598224711 0.015434369607205123 0.07715294472862799 0.2819882258416958
0.3075386918368537 0.30134052346820606 0.15447489900281508 0.2366458856921252
0.018836691845472653 0.05871550649371349 0.5893845086297875 0.33306329303102633
0.07213041902437689 0.27154031084018593 0.10375213642678827 0.5525771337086489
0.39647760260561815 0.2822512566397325 0.06131032579903384 0.2599608149556155
