61 20 4 56.64586140171698 113.29172280343394
8.420225283219537 2.632147592474798 8.895940913863473 5.495961766119753 9.684337899004106 1.0319099212875775 9.312799119745467 6.664995219110898 3.7386779949941666 4.068325738599709 2.266616626426149 5.383015982709059 8.929420482203023 5.0769553278344315 5.2749836205217395 8.941064781400012 7.00717372136776 1.736458841985613 1.2504108294834577 7.480301141083219
1.6840450566439074 0.5264295184949596 1.7791881827726947 1.0991923532239505 1.9368675798008212 0.2063819842575155 1.8625598239490935 1.3329990438221795 0.7477355989988334 0.8136651477199418 0.45332332528522984 1.076603196541812 1.7858840964406046 1.0153910655668863 1.0549967241043479 1.7882129562800024 1.401434744273552 0.3472917683971226 0.2500821658966915 1.4960602282166438
0.4660086472527343 0.13321433439789376 0.11259901978561071 0.28817799856376125
0.191987336271224 0.0994557633103581 0.6645383415252016 0.044018558893216264
0.04348285081068082 0.2910864043885135 0.5757129288297846 0.08971781597102102
0.42597282391929103 0.3237174831111097 0.020001091211024113 0.23030860175857515
0.17110657593455125 0.021967357635734874 0.5330096605548954 0.27391640587481847
0.010345279282380382 0.24782498846661183 0.22651816811071934 0.5153115641402884
0.038929871611780964 0.09953769614262675 0.23444454100253032 0.627087891243062
0.667068122587043 0.06148102252984078 0.23979914300119376 0.031651711881922506
0.12607086533676615 0.352192144495869 0.18094818778829636 0.3407888023790685
0.12031385849588072 0.35459607929108783 0.3470604508449454 0.17802961136808604
0.017380565625591315 0.6286340610370044 0.014437181971462043 0.3395481913659423
0.6070470460964557 0.19859837225135324 0.08679041002232712 0.10756417162986398
0.6157151009679958 0.004717519739531939 0.28271163706256786 0.09685574222990445
0.06753918183055563 0.7991371083418025 0.12783169776332215 0.005492012064319707
0.2244041840310278 0.2926552135905649 0.17516712641566878 0.3077734759627385
0.21106019774499185 0.10315085856851314 0.5615893692694048 0.12419957441709017
0.41271096054771494 0.3901991613460766 0.16764122704966744 0.029448651056541042
0.5431961867033634 0.16410655948504205 0.2628429561181662 0.02985429769342829
0.1305661096490004 0.31697743322151095 0.22295774491229248 0.3294987122171962
0.5202117749222789 0.35286979197540314 0.11059085173033201 0.016327581371985977
0.039873174017249324 0.3275217377670474 0.3572917607792836 0.2753133274364197
0.1394911947543831 0.38872772817070456 0.07682517263530375 0.3949559044396086
0.12656253562032072 0.32129324344901344 0.009975854609951429 0.5421683663207144
0.29234726902370656 0.2566184257956068 0.3732335750495477 0.07780073013113897
0.26058315838658075 0.1938693249398057 0.18799046736093372 0.35755704931267984
0.26826715982464855 0.05848461055941656 0.44175274616516225 0.23149548345077264
0.0981926085607514 0.08923432235064832 0.1531855068285669 0.6593875622600334
0.12349837203131697 0.3210229311016546 0.12827741037642493 0.4272012864906035
0.24536184183455523 0.09737983301124475 0.48798283838268997 0.16927548677151005
0.4343064264026042 0.3595404386807033 0.1847755061230597 0.021377628793632808
0.012089946168206356 0.19161638713720286 0.7102658061873278 0.08602786050726297
0.35780278090595274 0.023567818800542706 0.3006679286706344 0.31796147162287014
0.14093050732007484 0.4198873708116938 0.3477823103698756 0.09139981149835574
0.1294365531894901 0.09880351649282537 0.6760978616948013 0.09566206862288318
0.17195444290601125 0.2704760410287057 0.025771369530185884 0.5317981465350972
0.3334914760584162 0.07654585436277539 0.45962775800889044 0.13033491156991794
0.34468330541566294 0.18404724218266177 0.2567498507241507 0.2145196016775246
0.39693145824376697 0.14931267944269622 0.152171334160496 0.3015845281530408
0.21646082371305975 0.26964119542098486 0.34797699537161286 0.16592098549434253
0.1564108847959157 0.37058769947057246 0.1918008456165935 0.28120057011691835
