42 10 4 28.406153117870367 56.81230623574074
4.370861069626263 9.556428757689245 7.587945476302646 6.387926357773329 2.4041677639819286 2.403950683025824 1.5227525095137953 8.795585311974417 6.41003510568888 7.372653200164409
0.8741722139252526 1.911285751537849 1.517589095260529 1.2775852715546658 0.48083355279638573 0.4807901366051648 0.30455050190275906 1.7591170623948833 1.2820070211377759 1.474530640032882
0.020584494295802447 0.16124047291129817 0.6506176735933211 0.16755735919957826
0.3042422429595377 0.12770277568257804 0.1799078760802637 0.38814710527762053
0.19967378215835974 0.09247086637685842 0.16392533568181777 0.5439300157829641
0.06505159298527952 0.527362975876763 0.015130283039395898 0.39245514809856163
0.3046137691733707 0.3796192573387862 0.28139900656240247 0.03436796692544064
0.034388521115218396 0.08764971372956043 0.1367417467552381 0.7412200183999831
0.31171107608941095 0.2349992032538687 0.4228743484212789 0.03041537223544144
0.0884925020519195 0.5094074767591656 0.341598962753104 0.060501058435810884
0.045227288910538066 0.34345000077894394 0.44006021946244733 0.17126249084807066
0.07455064367977082 0.06637358129499182 0.14001028471261812 0.7190654903126192
0.18340450985343382 0.028934600824842338 0.7575707414837182 0.030090147838005676
0.13949386065204183 0.15173527954600008 0.23352729143419593 0.47524356836776216
0.3663618432936917 0.1478725951199199 0.270941522979402 0.2148240386069864
0.046450412719997725 0.1240737109672938 0.7783614135660417 0.051114462746666756
0.09767211400638387 0.34248037973321743 0.36824485437685983 0.19160265188353887
0.4951769101112702 0.1673453742427118 0.2467981177248001 0.09067959792121794
0.18485445552552704 0.3352135656522838 0.25506480218330374 0.22486717663888545
0.1959828624191452 0.6988444880085036 0.027046884595468 0.07812576497688317
0.2713490317738959 0.05398129898936843 0.03142299593032494 0.6432466733064107
0.5426960831582485 0.2595008975957912 0.18468995584647763 0.013113063399482705
