17 60 4 159.9761772475215 319.952354495043
3.6519850241839875 5.775280800447647 2.7236870825274537 1.6111032237216223 8.08286913999922 6.907001695982699 6.737688064392723 6.180426043777306 1.3515662456997983 4.22032244035194 9.511148681365668 1.5404021228384681 8.7763789319159 8.895614735332273 1.4607429905840832 6.871767539190893 5.965762317713877 6.377619279151459 5.351757618790019 3.546893447712921 3.6795314647159447 6.05358014793725 4.5644269244232385 8.098306387110096 4.766359468112892 2.295135286977951 2.3581602497860934 1.497172151942414 7.4623347433328115 3.630856190537247 2.7889648498030875 8.48227530079469 6.111920077521679 1.7410577429123268 5.904987165376483 2.430628701105479 7.090861471326644 2.0662503839116884 5.00496459508062 8.991841907414791 8.175409569957791 1.6118085543726375 9.647089808201004 6.932848531384195 7.468984749019912 7.692190886206869 8.989627166970733 2.2055110081821367 7.992771225450222 8.541923609757927 8.463742875175853 1.2624129686782797 4.5133704214892605 4.935267929512368 5.685715571601986 5.4358540674911575 2.1738635398775714 9.85945177895025 1.5913208972627682 6.21355669969663
0.7303970048367975 1.1550561600895295 0.5447374165054908 0.32222064474432444 1.616573827999844 1.38140033919654 1.3475376128785446 1.2360852087554612 0.2703132491399597 0.844064488070388 1.9022297362731337 0.30808042456769363 1.75527578638318 1.7791229470664547 0.29214859811681665 1.3743535078381786 1.1931524635427755 1.275523855830292 1.070351523758004 0.7093786895425842 0.735906292943189 1.21071602958745 0.9128853848846477 1.6196612774220192 0.9532718936225784 0.4590270573955902 0.4716320499572187 0.2994344303884828 1.4924669486665623 0.7261712381074494 0.5577929699606174 1.696455060158938 1.222384015504336 0.3482115485824654 1.1809974330752966 0.4861257402210958 1.4181722942653288 0.41325007678233766 1.000992919016124 1.7983683814829583 1.6350819139915582 0.3223617108745275 1.9294179616402007 1.386569706276839 1.4937969498039823 1.5384381772413738 1.7979254333941466 0.4411022016364273 1.5985542450900445 1.7083847219515853 1.6927485750351707 0.25248259373565596 0.9026740842978521 0.9870535859024736 1.1371431143203972 1.0871708134982314 0.43477270797551426 1.97189035579005 0.31826417945255364 1.242711339939326
0.19744377751367526 0.3833310475730527 0.30308939264650925 0.1161357822667628
0.2738131929177843 0.5217814544357401 0.07644913859964608 0.12795621404682955
0.08273548925340335 0.2277843543919843 0.5480048252321394 0.1414753311224729
0.22019206904373745 0.5072204465304935 0.057671175689698595 0.21491630873607048
0.4537374619422069 0.11987247585883065 0.06726489164345728 0.3591251705555052
0.4981436821039962 0.01753689809354375 0.47232608137388643 0.011993338428573641
0.732112043534634 0.012867167682172331 0.12606778284815612 0.12895300593503756
0.11938639397855333 0.39531893989706257 0.34415672297128064 0.14113794315310346
0.3651236493904061 0.08382641890662235 0.0441522702894982 0.5068976614134734
0.30893876440744794 0.3521739091186228 0.28681034568249475 0.052076980791434524
0.03696914756503811 0.4458855271004082 0.22831846040337256 0.28882686493118115
0.18858420803313158 0.4553419139390068 0.2851188231270573 0.07095505490080434
0.2355311918944123 0.34990451664531375 0.2287432774349084 0.18582101402536555
0.15720954243394458 0.07781237188729573 0.12558650818296346 0.6393915774957962
0.16454035686442858 0.1827060921528032 0.44728184397929405 0.20547170700347417
0.05589661884601338 0.4241528446545412 0.1700469679943144 0.34990356850513105
0.38970628932173135 0.12167932180706831 0.43505294302575226 0.053561445845448086
0.20717010014018156 0.28586783179692143 0.49377252724424425 0.013189540818652756
0.20490864579387014 0.1089788432080595 0.22400197068987215 0.4621105403081982
0.261008943361129 0.2406000438939897 0.34225365486176174 0.15613735788311955
0.1860412125600558 0.21418279772924376 0.1925650454583302 0.40721094425237025
0.22862394187870494 0.3573697816934166 0.32730919639260436 0.0866970800352741
0.17119434728109106 0.06725171158321219 0.4828278078852586 0.27872613325043816
0.4973070777225004 0.46421977349496657 0.0252837051255822 0.01318944365695085
0.8311018280041693 0.10391486762386692 0.02306811323418889 0.041915191137774865
0.26389422589032496 0.585542262986882 0.052152956907020376 0.09841055421577272
0.062429201164529435 0.3675227967584044 0.4406393012902674 0.12940870078679878
0.15146079352238617 0.46115430572187466 0.2266696604955154 0.16071524026022377
0.15082068445721508 0.03179707615920879 0.1775853161595079 0.6397969232240682
0.3692533101705139 0.07621714705225724 0.5447463982727677 0.009783144504461161
0.3419766060842667 0.42182412540119074 0.05412436513746555 0.182074903377077
0.07712045666568645 0.5959469660387889 0.20639555573449586 0.12053702156102875
0.3356486742296727 0.18831394395543832 0.08573456189119677 0.3903028199236922
0.39871665076947127 0.37994056931294384 0.19837484603705346 0.02296793388053142
0.515846719674813 0.13401320615630308 0.043457283101366095 0.30668279106751783
0.16475174075323273 0.22159618315947927 0.6124135263775055 0.0012385497097825438
0.009511483075170801 0.3533266175865488 0.11739381219005562 0.5197680871482248
0.7882617231574487 0.04905254699080919 0.1285725593730318 0.03411317047871032
0.17525795670443156 0.0919879427963125 0.3957734930476605 0.3369806074515954
0.062052720082548696 0.23970005181342835 0.35133463470924886 0.3469125933947741
0.4790828027605615 0.22687183378746056 0.08948866249846521 0.20455670095351275
0.17920577088185563 0.677769559377112 0.09739231159520023 0.04563235814583211
0.03536461644768396 0.08001765845053077 0.8647401894920603 0.01987753560972494
0.12406012570090519 0.31533576408112374 0.007032649190872098 0.553571461027099
0.21039607412973438 0.09485511240221034 0.4916991913234101 0.20304962214464517
0.28761505143554067 0.04570095970951449 0.0708662230680922 0.5958177657868526
0.2669556919924848 0.1753189371109215 0.4795451894722489 0.0781801814243448
0.18622643903592662 0.5856449048353508 0.03746915790585448 0.1906594982228681
0.28769125442699295 0.48352743681251364 0.1079364759335093 0.1208448328269841
0.09803453441687482 0.18439689163115836 0.3619132314675313 0.35565534248443553
0.19735012736618573 0.14045299974249303 0.1554135726024708 0.5067833002888504
0.1898164237366904 0.20629141067663181 0.19917042850526145 0.40472173708141634
0.0741173860196005 0.5749549639167081 0.16413774877161713 0.1867899012920743
0.10076517249612638 0.3521480657119683 0.04290013657176206 0.5041866252201432
0.4027422063230124 0.548164101181401 0.032418067651480365 0.01667562484410623
0.4835509248572999 0.11614812078320169 0.2227656501867421 0.17753530417275631
0.15160182821721846 0.14466318518499754 0.24267802263366833 0.46105696396411566
0.13177769253327876 0.07720473090628754 0.22966172908229188 0.5613558474781418
0.4880003885346825 0.21352411557603257 0.07102355509326119 0.2274519407960237
0.08021193433823703 0.006994119231633622 0.13418148968032173 0.7786124567498076
0.01569619295094371 0.06762920767946135 0.8710124649265192 0.045662134443075764
0.23638112638259945 0.5318093130457128 0.14791964696124305 0.08388991361044473
0.6754864430044265 0.017410441112079567 0.02274637480196795 0.284356741081526
0.06412777290220895 0.18124461755754107 0.10790886132086952 0.6467187482193805
0.10616885236333873 0.38150847710520963 0.47266846455549605 0.03965420597595559
0.08015133786402995 0.4896737080308169 0.2630458891742159 0.16712906493093727
0.4130626280958577 0.30002378089156667 0.1105335780325909 0.17638001297998473
0.3105036139431915 0.21045586738730926 0.3255820137865495 0.15345850488294976
0.5044775179915911 0.2785286031005496 0.11428115383966841 0.10271272506819085
0.1300150130737544 0.03371729541641333 0.8028978457824127 0.03336984572741952
0.5407474451942931 0.14668429887200563 0.20073882188955838 0.11182943404414292
0.26988141269516275 0.2155175734067344 0.29662877192614756 0.2179722419719553
0.5830664686753533 0.11197560472876555 0.25826061843691694 0.046697308158964224
0.1688734483529436 0.2563670157336424 0.17526686253315027 0.39949267338026373
0.21451701968577508 0.5358470288264873 0.04134526958419127 0.20829068190354638
0.23247042560172015 0.10514424205565631 0.3806270962674879 0.2817582360751356
0.8587971938450034 0.015892820470819302 0.06104369708900059 0.06426628859517669
0.600518275557823 0.22886056779563002 0.126809428691661 0.04381172795488597
0.08353762038601176 0.02257582884356879 0.21940494708269953 0.6744816036877199
0.1365644864046166 0.3935722861482418 0.34818198125805566 0.12168124618908593
0.013715933293031335 0.001999298796783955 0.552770054465982 0.43151471344420267
0.18988373787072155 0.21877916344500314 0.18155747056954308 0.40977962811473223
0.6769229790876689 0.037551498652974136 0.2073306655087518 0.07819485675060522
0.002205093485656895 0.5375401030118336 0.35838218150763246 0.10187262199487701
0.5572611177864352 0.16118012371051527 0.040709248702090695 0.24084950980095887
0.055297157475056924 0.0804543747926183 0.3803217156489793 0.48392675208334546
0.20556706817393244 0.40919599301673704 0.07927093045365041 0.3059660083556801
0.03378230610799049 0.6941540603563497 0.19788072656188638 0.07418290697377339
0.3911033866431288 0.006838776356453913 0.44200967716200035 0.16004815983841691
0.1987425837363549 0.35752762124653814 0.21312401966843975 0.23060577534866722
0.3360116871555001 0.10294645457195384 0.5608252419221628 0.00021661635038328075
0.48762092818895764 0.03862370344380939 0.22531597379167412 0.24843939457555886
0.13515543168847632 0.5250645258697648 0.19864708097630668 0.14113296146545218
0.3022381123692436 0.5199835448057925 0.12063058529897386 0.057147757525990106
0.22269923159481464 0.336701316893649 0.11797610785837609 0.32262334365316025
0.2614122341121673 0.003003469233702427 0.5187822631823064 0.21680203347182392
0.6030358454066767 0.16514367533933594 0.18513854252907413 0.046681936724913276
0.10302198485040048 0.3275771203061215 0.255199106051997 0.314201788791481
0.15528813406099173 0.06044783368913109 0.6846416988119814 0.09962233343789573
0.6568796087946455 0.052471279264370785 0.2666783248239575 0.02397078711702627
0.35897841560254384 0.3043119172214749 0.21180361130918757 0.12490605586679371
0.2168476724474413 0.39232282785816797 0.27125636005081943 0.1195731396435713
0.15048852852814543 0.359423337644591 0.39377294539078067 0.0963151884364829
0.6557870191749668 0.028911200267539572 0.014162693023887285 0.3011390875336063
0.3292105645054222 0.21918339895303784 0.2390644365981649 0.21254159994337507
0.2861254028906376 0.21930056773826312 0.20444040678205488 0.2901336225890444
0.03743961513831806 0.25232047223510423 0.43194489247617707 0.27829502015040064
0.34214842236376486 0.05844960883952399 0.48771843565390505 0.1116835331428061
0.5878037434756893 0.032088723706166666 0.0822194692640481 0.2978880635540959
0.07374350368710603 0.33875347869648287 0.19190075051911104 0.39560226709730006
0.3162951249316185 0.028386492388218665 0.09372854762598337 0.5615898350541795
0.14078866488324648 0.22485193859726538 0.32059672579250764 0.3137626707269805
0.11696455339503675 0.31865491904520793 0.03814545295725025 0.5262350746025051
0.426032373121778 0.48874784184509246 0.022354165908448964 0.06286561912468058
0.09500749515849582 0.2997524769933235 0.02316806577268249 0.5820719620754982
0.02785164147033614 0.273151175125541 0.2950118297305284 0.40398535367359445
0.14604689707378438 0.25926351030810646 0.5027787398440414 0.09191085277406774
0.032011491828504046 0.16994510576072808 0.6050983322543365 0.19294507015643136
0.7027634764595102 0.24327474782817382 0.005240438709171236 0.04872133700314474
0.0022665332019460305 0.5290011798003054 0.36645745352475556 0.10227483347299304
