46 100 4 248.24049165500062 496.4809833100013
8.054491157251757 6.713503354474572 3.24138782364174 7.822682781848359 3.8176924206851184 9.435136217395577 1.3857890351703752 4.96780483086824 9.21450060941678 5.095035270341009 5.571409066334125 1.7641715931523012 4.837148119589839 7.711452637244848 8.803732560497112 3.9129924421060354 1.9366695758195944 8.218972421681023 4.55348754262106 6.649912794107707 1.3238968923973065 3.699170650193819 1.428878976436299 4.3498997002551265 3.361736767853774 9.914735857714174 4.556308132927543 3.7678533633915965 2.9899102271293403 5.446225224877486 1.5208767066064712 3.6073003665506955 3.114553515627498 9.67087373458266 6.5410648576974975 8.763255723718377 1.8107673058003875 2.3409001142191457 7.053174673167546 9.810927323311905 1.2090115460646527 9.169441220581918 1.5224618459462753 7.800988908537356 1.581425902808431 3.3016008142751714 2.526469880197608 2.7561456707038396 1.959011659812742 5.687106403499744 1.0562164870180932 8.1154458679744 2.248398316118088 1.9643067563364827 4.866410472422716 2.9707558963781158 8.522665561567393 1.0528724804521543 2.334906056290506 7.285094582858673 2.3284891427219176 8.837060825859936 5.6258759518742485 4.8232023060602955 1.1707154044637258 5.448933335324629 9.519617159719022 4.1122308491023 4.665960036531976 8.460337877243724 7.426138570013809 5.379145941719622 3.0946996109949936 7.047968401046319 6.207892142072782 5.035471242939244 6.188616591282849 3.799874905515537 6.86864225357575 1.8185554130520964 4.30526419076279 6.149540679697964 8.296420178315895 5.19925042476539 6.618624238372845 6.019008643816088 3.990299563303279 2.2349354028785653 9.137278252251699 3.058926604015005 2.911560759557548 2.6000540138667056 6.89734776169344 1.459354138979338 1.8233158424086169 7.316700647345953 7.525314744848739 5.641174558643981 6.931617276889812 3.794548727922528
1.6108982314503515 1.3427006708949143 0.6482775647283481 1.5645365563696718 0.7635384841370236 1.8870272434791153 0.27715780703407505 0.993560966173648 1.8429001218833558 1.019007054068202 1.114281813266825 0.3528343186304602 0.9674296239179678 1.5422905274489698 1.7607465120994223 0.782598488421207 0.3873339151639189 1.6437944843362047 0.9106975085242119 1.3299825588215415 0.2647793784794613 0.7398341300387637 0.2857757952872598 0.8699799400510253 0.6723473535707548 1.9829471715428348 0.9112616265855087 0.7535706726783193 0.5979820454258681 1.0892450449754971 0.30417534132129426 0.7214600733101391 0.6229107031254996 1.934174746916532 1.3082129715394994 1.7526511447436754 0.3621534611600775 0.46818002284382915 1.4106349346335092 1.9621854646623809 0.24180230921293053 1.8338882441163835 0.30449236918925504 1.5601977817074713 0.3162851805616862 0.6603201628550343 0.5052939760395216 0.5512291341407679 0.39180233196254843 1.1374212806999489 0.21124329740361864 1.6230891735948798 0.44967966322361763 0.39286135126729654 0.9732820944845433 0.5941511792756231 1.7045331123134786 0.21057449609043086 0.4669812112581012 1.4570189165717347 0.4656978285443835 1.7674121651719872 1.1251751903748497 0.9646404612120592 0.23414308089274516 1.0897866670649257 1.9039234319438045 0.8224461698204599 0.9331920073063952 1.6920675754487449 1.4852277140027619 1.0758291883439244 0.6189399221989987 1.4095936802092637 1.2415784284145563 1.007094248587849 1.23772331825657 0.7599749811031075 1.37372845071515 0.3637110826104193 0.861052838152558 1.2299081359395927 1.659284035663179 1.039850084953078 1.3237248476745689 1.2038017287632177 0.7980599126606558 0.44698708057571307 1.8274556504503399 0.6117853208030011 0.5823121519115096 0.5200108027733411 1.379469552338688 0.2918708277958676 0.36466316848172337 1.4633401294691906 1.5050629489697478 1.1282349117287962 1.3863234553779624 0.7589097455845055
0.07877940377718029 0.04416066769618898 0.6005590977906566 0.2765008307359741
0.007611268721885667 0.31128119375859786 0.11118563537911907 0.5699219021403974
0.08351630936716758 0.15633557433049894 0.42478165058029604 0.33536646572203743
0.3518313298117569 0.495973870246158 0.09489916534706622 0.05729563459501885
0.11221857325441476 0.7353331306987 0.13118783650222487 0.02126045954466038
0.07102711783699556 0.007894314147260828 0.9190935229353489 0.001985045080394765
0.24061744996676848 0.06102951912345589 0.015347023919835223 0.6830060069899404
0.0768888949011789 0.03935925718717914 0.882351030384813 0.001400817526828968
0.06486304518465935 0.03916533552545809 0.37734522740683485 0.5186263918830477
0.07988421612929109 0.23700563908259642 0.6825351606567355 0.000574984131377021
0.45279041716946167 0.0649341808313274 0.21631931696036355 0.2659560850388474
0.36842846145284847 0.21755896214234782 0.25269574984102583 0.16131682656377788
0.06730433569380889 0.722123381349891 0.13897718386789482 0.07159509908840533
0.03341544123265339 0.41253565107893597 0.17196133890328447 0.3820875687851262
0.08402281180524918 0.1253710622407671 0.516225033006668 0.2743810929473157
0.344180714481948 0.4188844762236803 0.11359734897583418 0.12333746031853754
0.11019231627314208 0.4962880729031438 0.16139515689315675 0.23212445393055736
0.03319178729333094 0.27047210891342854 0.45474911366313253 0.24158699013010798
0.2677711113364959 0.15840961495644823 0.12514426027533743 0.44867501343171845
0.028947758166749216 0.11804533778302106 0.4442806469408026 0.4087262571094271
0.47613308715761127 0.1903479571949761 0.06072026752224258 0.27279868812517005
0.09386003761061068 0.11678590214646045 0.26022015913731866 0.5291339011056102
0.5309262980110999 0.31353732518511646 0.09849582724408923 0.0570405495596944
0.44818742262419387 0.34583329065346613 0.06170232702625267 0.14427695969608734
0.4364042963240776 0.15972219572829205 0.10107923386947126 0.30279427407815906
0.011250256218795052 0.0639234237406836 0.31155603443076385 0.6132702856097575
0.33133334558118 0.015160525929792557 0.5494520406658594 0.10405408782316805
0.43869853238457357 0.0158327150366524 0.27148614009417105 0.273982612484603
0.05509679280191271 0.2792139446934737 0.19628822912274368 0.4694010333818699
0.7479696821726904 0.0020436079681024344 0.17230862464395558 0.07767808521525155
0.21618104165295182 0.3248325499685337 0.37851011139403623 0.08047629698447822
0.19958282688199924 0.6039076576769077 0.0046028160702150656 0.191906699370878
0.5473509293937391 0.4195962609301628 0.008528552268181944 0.024524257407916195
0.2305125889980959 0.007461597085146043 0.35901239939397767 0.4030134145227804
0.012713147016921833 0.1904569291402034 0.4317201631514973 0.36510976069137746
0.11560935742992506 0.5042022835858747 0.1747197410516883 0.20546861793251192
0.3798616171099395 0.000519697419455567 0.4408871722821819 0.17873151318842306
0.1244024292474617 0.06248847605466257 0.5566951178633639 0.25641397683451184
0.5754781966991035 0.04942214662811928 0.20387496512479908 0.17122469154797815
0.051718997143405 0.19596812090545368 0.08481283641461479 0.6675000455365265
0.1094471738625149 0.34119157025523417 0.2304208405488366 0.31894041533341433
0.006226646925950319 0.05850198186756428 0.7570592068886693 0.17821216431781606
0.13606980516661304 0.7902998292198387 0.040060879560514184 0.033569486053034114
0.1770694915116513 0.27684894531850335 0.16250815405695895 0.3835734091128864
0.08551625202409596 0.5772070424423177 0.13744129805025362 0.19983540748333273
0.014256434756951819 0.4507001933601602 0.260205045540163 0.274838326342725
0.05686048927220466 0.46224814477044085 0.3510613302304435 0.129830035726911
0.2060304384359436 0.12012390640732373 0.07411121968686496 0.5997344354698677
0.14250928886320047 0.2365914105828708 0.13321770554319035 0.4876815950107384
0.4178910964111149 0.080938715755969 0.1187265199977432 0.3824436678351729
0.0586848087046663 0.06583152268460257 0.6261553031017423 0.24932836550898885
0.046307944663174117 0.3484328762831431 0.48507192416582123 0.12018725488786153
0.9133126583930671 0.011078840847412286 0.05362205212124671 0.021986448638273925
0.08061295150612258 0.5268447517857477 0.17236031718544675 0.22018197952268292
0.12047486341265456 0.38129884154973326 0.053039863549625865 0.4451864314879863
0.23450182753147297 0.15736218600154228 0.01317093418943105 0.5949650522775537
0.07803447589269097 0.001001063025849569 0.6928546458474183 0.22810981523404117
0.034242898457974014 0.004419403101036612 0.9384830452729442 0.022854653168045136
0.5600028647546752 0.0876298450916353 0.012857823007986546 0.33950946714570296
0.018743932858094836 0.3066513541988922 0.47822145120290194 0.196383261740111
0.21228731647986399 0.2731621984188989 0.308582873328793 0.20596761177244416
0.17715185028257885 0.13195810490824844 0.23307553413614868 0.45781451067302403
0.36958369387904166 0.1711389089275125 0.23713600028007287 0.22214139691337298
0.017221413893209414 0.3705228093069256 0.45255669231723417 0.15969908448263082
0.3021217488382959 0.26437288326452535 0.2784094176625206 0.15509595023465816
0.326580682151834 0.35337650920472563 0.030320919148283054 0.2897218894951573
0.021644023022862835 0.027533261697603506 0.7761809747563095 0.17464174052322412
0.15808813160708102 0.1520704745098228 0.09033087200788514 0.599510521875211
0.40330705949808354 0.038414720280294135 0.5329589582632676 0.025319261958354766
0.2533597505061942 0.25527624748666633 0.3100045736264121 0.18135942838072738
0.14935365159914094 0.0004858390957668268 0.10135107630249407 0.7488094330025982
0.35204459803764276 0.28369884470031137 0.11515715982151686 0.249099397440529
0.19399050192879874 0.46032640476889275 0.007185861642455826 0.3384972316598527
0.2710913210867728 0.27736650400762286 0.37768470605594695 0.07385746884965738
0.7357065541670976 0.020761674998658997 0.13937924050049622 0.10415253033374716
0.042099793136673114 0.033525593130747766 0.30096265855319215 0.623411955179387
0.16602110069962173 0.1994983717902652 0.1532582002055054 0.4812223273046077
0.38694314635299787 0.0671032251589957 0.44909302700581644 0.09686060148219
0.008779905276404154 0.12198415298576493 0.016277798902122664 0.8529581428357083
0.09592360244243803 0.7502265955503877 0.09804191637042925 0.05580788563674499
0.1065649124344975 0.7446963209370528 0.039906470924676696 0.10883229570377295
0.21799415506134578 0.0023435679658880826 0.24761376380356714 0.532048513169199
0.06388728450505832 0.40311986545327716 0.47307063024549434 0.059922219796170184
0.12852101508799973 0.5449179932318894 0.07199643362499686 0.254564558055114
0.08844501260314064 0.43370374466634876 0.012026667865929652 0.46582457486458095
0.7394714840110393 0.07577760227465957 0.08338068779997698 0.1013702259143241
0.6132386030146059 0.011746955188776997 0.05136283536745079 0.32365160642916635
0.0611117158482265 0.2982497410542815 0.0696483141316604 0.5709902289658316
0.023119954702545575 0.19882789284849522 0.6344368461719564 0.1436153062770028
0.058693537650934435 0.092124301445215 0.25837377403571127 0.5908083868681393
0.028380528167552543 0.07075702212430213 0.27788183996155236 0.622980609746593
0.13904905852471838 0.007064117425032657 0.34374814367634 0.510138680373909
0.236825614929986 0.6268043073186478 0.10440570711132413 0.031964370640042095
0.02388084537047319 0.6949366486341514 0.2652038234360885 0.015978682559286916
9.084947028537016e-05 0.4710918308564298 0.2447055934795147 0.2841117261937701
0.6333876885509613 0.2529112862342804 0.03752708539339189 0.07617393982136644
0.13225483513996739 0.6151502787727975 0.003763890117465918 0.2488309959697692
0.030164384818848755 0.43472317219487944 0.14159592594478698 0.3935165170414848
0.03581933730132203 0.3484427828980944 0.09253006702907185 0.5232078127715117
0.6891603460088481 0.14922394843536813 0.11408168563277576 0.047534019923007986
0.023190708043028252 0.4256468745381897 0.2659985503102391 0.2851638671085429
0.41912217965388754 0.06730408400446408 0.30116030970765884 0.21241342663398954
0.013131545706038361 0.1938162208038703 0.1293742624369728 0.6636779710531185
0.12609178774593377 0.4690022630182833 0.18862753300478063 0.2162784162310023
0.14379433113310647 0.03153160341621408 0.39820222678213557 0.4264718386685439
0.0012575591068988423 0.0014405445662225569 0.3360976029820004 0.6612042933448782
0.15128702188305243 0.37598536589596243 0.18259026396035827 0.29013734826062687
0.2844911540696632 0.5366900278955173 0.05558028281701055 0.12323853521780892
0.12919469623477742 0.538884790781371 0.036784460794261786 0.2951360521895898
0.4745274210954963 0.05170057413101592 0.3636356187991143 0.11013638597437347
0.5492228325803065 0.10225429641682882 0.03392239843598199 0.3146004725668827
0.022771316890988325 0.7831309742338686 0.018709964577200755 0.17538774429794235
0.24839923845655765 0.5102037627351733 0.1630990798988905 0.07829791890937854
0.303188922890548 0.30924532458569975 0.16072930594622648 0.22683644657752577
0.15812481975102632 0.3636294033337667 0.10223719733764913 0.37600857957755784
0.0072593480434094415 0.3052329821157468 0.2486672189797009 0.4388404508611429
0.25740275401966417 0.3220153438827468 0.2422617661360581 0.17832013596153096
0.6090419938514797 0.05480444317949884 0.2518366204241387 0.08431694254488276
0.12658080305106545 0.2940085232476449 0.4162764123317213 0.16313426136956832
0.6021011240974681 0.18089386366722193 0.04178479063323348 0.1752202216020765
0.15582828009202188 0.24007241196766582 0.32123046521565835 0.28286884272465396
0.06208813734660901 0.6340069982461456 0.19235470043391767 0.11155016397332773
0.5324696115317048 0.043970645615743265 0.15827965302233116 0.2652800898302208
0.05714401155769011 0.7113741925366963 0.17932436983688516 0.05215742606872842
0.16395338819827643 0.2970233694829755 0.2687057846017745 0.2703174577169736
0.5772339539772862 0.1407871446637714 0.21690528945334386 0.06507361190559857
0.2216358080891323 0.2759497242294845 0.08883024342138446 0.41358422425999875
0.051943493915049155 0.05494481460747003 0.583968464721832 0.30914322675564887
0.2305582819074259 0.3113436858280816 0.30272406724189715 0.15537396502259537
0.04027685278766635 0.04619558055647366 0.04960673122027992 0.8639208354355801
0.0716533560489353 0.3575889731986148 0.26954820665230705 0.3012094641001428
0.32990987970527075 0.09980836424320105 0.4418569589420105 0.1284247971095177
0.013192435378797107 0.0019566683429774745 0.01801488523526884 0.9668360110429566
0.07341692353603702 0.18718554627541484 0.2759495386591785 0.46344799152936966
0.008210161959550266 0.10700732882829445 0.1138738133130639 0.7709086958990914
0.10478222531458026 0.5064594088871912 0.24495422236994713 0.1438041434282814
0.19966576384776047 0.5413359627426879 0.19655324146032593 0.06244503194922568
0.18465046316711187 0.026968238418276003 0.7594120058622569 0.028969292552355252
0.18810225512322865 0.04811593837645489 0.2569066280354708 0.5068751784648456
0.2767311572626634 0.334087577637574 0.12876033108668694 0.26042093401307564
0.19193831734388622 0.03728789755957451 0.043841824058678425 0.7269319610378608
0.3749111240996438 0.4874945380021287 0.09212416902765752 0.04547016887056998
0.017171664553793042 0.061304395348467766 0.7504428618141183 0.17108107828362085
0.28794036107808174 0.16962642750858237 0.15069499699313504 0.39173821442020085
0.4477456263454851 0.08183110396624238 0.09031514319359635 0.3801081264946762
0.6124052165047877 0.06992620236856661 0.2359425614058709 0.08172601972077476
0.030635767793383173 0.4708373016445435 0.14249418683031134 0.35603274373176197
0.3203650725565058 0.28815103947687815 0.3722024882009126 0.019281399765703422
0.19470272914190945 0.34192230315683236 0.3591616189067104 0.1042133487945478
0.1678969231935914 0.33555529553180075 0.36464174720345144 0.13190603407115642
0.41610527417023535 0.04616680232104409 0.4990909821772739 0.038636941331446684
0.12306000280467377 0.06423785622601241 0.40434336060730536 0.40835878036200846
0.19866676527114457 0.06524259651151776 0.09208885235751652 0.6440017858598212
0.15071901855646463 0.4585961209522139 0.38459133128572187 0.006093529205599579
0.010003819217585641 0.1878697103322281 0.4365362993509859 0.36559017109920033
0.10235982390364229 0.696255375783503 0.08749575506773077 0.11388904524512389
0.25254990797385557 0.4984113418000605 0.13101370581094884 0.11802504441513506
0.8009494632395137 0.09280279340046038 0.0027590586571113462 0.10348868470291461
0.2890240364612727 0.2278292995427016 0.27810488728062666 0.20504177671539903
0.41971660334100624 0.18663120465982552 0.2060837863320465 0.18756840566712174
0.13426185143796365 0.33068104799867826 0.22430475720890808 0.31075234335445
0.008537821769270426 0.6237229393949882 0.09490709258431995 0.2728321462514214
0.05454401180826152 0.1538924281688956 0.6936187766489114 0.09794478337393153
0.06467450782959061 0.12669436784651 0.5304663559139207 0.2781647684099787
0.0565019040486896 0.04987225214406077 0.32293092638181753 0.5706949174254321
0.14590275301209243 0.31517752419555223 0.3186804649330117 0.22023925785934362
0.1469527504643522 0.08690580853166874 0.4962895091243772 0.2698519318796019
0.029436472026056926 0.3441878157048629 0.19762970491966791 0.42874600734941226
0.5687547118519417 0.006603324269391142 0.19072509108886304 0.2339168727898041
0.09824325636003628 0.3187582160835024 0.5309239720074372 0.05207455554902407
0.16592196617065424 0.2907447461306034 0.20139961178429744 0.3419336759144449
0.2771363545252682 0.02461433238024302 0.04731685554713516 0.6509324575473536
0.25892821712162406 0.12628213536825217 0.1318708053039247 0.4829188422061991
0.3900239938986547 0.07605356991719603 0.15302941960815497 0.3808930165759943
0.43579058242875646 0.014914430598936934 0.4625441819427647 0.08675080502954191
0.13886461211473644 0.6313458106780416 0.14785539285888283 0.0819341843483391
0.0061367275779887764 0.5474764948541125 0.2880453575119979 0.1583414200559008
0.7842358498671075 0.12256745168159267 0.005963585506500113 0.08723311294479974
0.1138145300794583 0.2792280310750993 0.29088154383108833 0.31607589501435407
0.09419968014397784 0.0252709243163991 0.6380650046388682 0.2424643909007549
0.19989308713994258 0.3466027093252998 0.04440199210303375 0.4091022114317239
0.16611020854383252 0.5584689461397939 0.07083137389307148 0.20458947142330208
0.4269216210478157 0.22668365829129922 0.11761564137870617 0.2287790792821789
0.13973203911025256 0.6136534658937872 0.10525255056565364 0.14136194443030659
0.20290129408404656 0.504554637758486 0.17421713447101272 0.11832693368645475
0.2468595488539912 0.24138703125994354 0.03142019923341477 0.4803332206526505
0.33129836621608755 0.24050100049412737 0.3147078765565565 0.11349275673322856
0.39540614455262557 0.274988077717919 0.27567262625089906 0.053933151478556374
0.13610040871922624 0.3737848457095895 0.347978511210128 0.14213623436105627
0.06057680813242017 0.270096599757489 0.5569198750180016 0.11240671709208927
0.19370872253851756 0.28932785829229624 0.18998118792567975 0.32698223124350645
0.12960538073298744 0.2585670479816844 0.09791358689049146 0.5139139843948367
0.22016655799590212 0.236844498687952 0.08770439021484866 0.45528455310129723
0.15185347362299573 0.3320190017283453 0.06747090631714514 0.4486566183315138
0.12077315792646681 0.07729629610097954 0.061708338046949196 0.7402222079256044
0.7316107847211313 0.007848708695820772 0.23184290586781664 0.02869760071523131
0.002006000363400373 0.8693019165202659 0.03947412039704068 0.08921796271929305
0.42480277985143444 0.23245448195770457 0.03693476559354103 0.30580797259731995
0.18451996080885147 0.26383300014158684 0.07602745732736649 0.4756195817221952
0.057973483088022526 0.5574146320779015 0.20246781506368616 0.18214406977038977
