68 50 4 143.0182531612153 286.0365063224307
3.3343432295359907 1.3902494604571023 6.2382730791394385 2.0126095103000923 6.496991042474353 3.6674916246615434 8.265269740700704 1.8535396142459775 7.300903364160124 9.396064207605296 8.57988009188761 8.199630859677232 9.755409646603516 5.824777810818929 5.565095245516277 9.593477715587488 7.981270983670573 6.315002798230625 2.5199023841425214 2.6505139701650413 1.2857788140622017 3.0666101557775987 5.769202388459624 7.227240066917398 3.609704475755236 1.8108977652983897 9.870710964874403 7.958537541861139 5.939069401846053 2.4243700965255295 7.753987272362736 5.7222510774910855 8.252224429983379 7.449089802116418 1.1430495969077712 5.6186647814431865 7.057623710062352 7.160872077883816 5.376790500754567 9.9812747141306 4.233567357751503 4.297711644768714 2.2232975782666564 3.971642409688606 2.5328376391689096 8.56379698674258 6.4497146288230445 5.098238180016093 7.321567889413074 9.925485993697574
0.6668686459071982 0.27804989209142045 1.2476546158278876 0.4025219020600185 1.2993982084948708 0.7334983249323087 1.653053948140141 0.3707079228491955 1.4601806728320248 1.8792128415210592 1.715976018377522 1.6399261719354463 1.9510819293207031 1.164955562163786 1.1130190491032554 1.9186955431174977 1.5962541967341146 1.2630005596461251 0.5039804768285043 0.5301027940330083 0.25715576281244035 0.6133220311555198 1.1538404776919249 1.4454480133834795 0.7219408951510472 0.36217955305967797 1.9741421929748806 1.5917075083722279 1.1878138803692107 0.4848740193051059 1.5507974544725474 1.144450215498217 1.6504448859966758 1.4898179604232835 0.22860991938155423 1.1237329562886373 1.4115247420124704 1.4321744155767633 1.0753581001509134 1.9962549428261203 0.8467134715503006 0.8595423289537427 0.4446595156533313 0.7943284819377212 0.5065675278337819 1.7127593973485158 1.289942925764609 1.0196476360032185 1.4643135778826148 1.9850971987395147
0.004687771227048887 0.13487325113948634 0.4971598334815681 0.36327914415189666
0.5682915698793861 0.16809985042600928 0.11105313335644362 0.15255544633816098
0.024332949147116922 0.0504695090108902 0.02529412933559083 0.899903412506402
0.0856984031740875 0.07803131186527423 0.5587327925944953 0.277537492366143
0.14739564716195452 0.4020166336184461 0.4416086468661551 0.008979072353444306
0.015595528187677954 0.608529378618015 0.019539270944332054 0.35633582224997495
0.574718909061079 0.025831475963080885 0.2618508516757454 0.13759876330009468
0.4594076163653087 0.05132098697078202 0.001306418902671247 0.48796497776123804
0.1983977541580224 0.3781482568058949 0.07219695070679844 0.35125703832928423
0.1095481855231134 0.36795827659804226 0.23896895131184448 0.28352458656699986
0.02258089717404843 0.8632189674387843 0.1023040864180148 0.011896048969152417
0.010594959841800478 0.23474487480938566 0.04552692399968472 0.7091332413491291
0.11417357070503098 0.08776921368312063 0.6222679463064967 0.17578926930535166
0.5209295099701224 0.038014780699549444 0.0463654541000732 0.3946902552302549
0.5426276633242777 0.10989502754081226 0.24967501096602884 0.0978022981688812
0.18274936453774993 0.12303593690427306 0.6311671044023299 0.06304759415564709
0.22223618583174543 0.1790181527410023 0.20403388743513828 0.394711773992114
0.41595305541805394 0.036737899206969016 0.36192314594749797 0.18538589942747907
0.04891562664823157 0.16941250173010258 0.7008095469574177 0.08086232466424814
0.33221310189046127 0.1018382429464133 0.35585512683086107 0.21009352833226436
0.038048998013086366 0.01033883931665125 0.9076620416766533 0.043950120993609065
0.04712555901420323 0.488012492250833 0.3408989617007714 0.1239629870341924
0.13982866170467823 0.0844916559647454 0.22796191681433586 0.5477177655162405
0.0302594726611507 0.25196028076916044 0.18728691391342234 0.5304933326562665
0.3900304464700316 0.009203746938602597 0.3671085608204341 0.23365724577093172
0.6541836559206172 0.26528351603324285 0.049050016558917386 0.03148281148722254
0.06828355627240412 0.44468453173001243 0.32945185722086523 0.15758005477671821
0.21046918681970261 0.5876297542338659 0.03364172286888478 0.16825933607754673
0.5571807519103658 0.0511748379157102 0.19151061567433425 0.2001337944995898
0.33077697414920015 0.270258548765431 0.3033445378937727 0.09561993919159617
0.07050729277878387 0.7046704877928939 0.1168595584837635 0.10796266094455875
0.055671486210501 0.293807616910588 0.4561388216023017 0.19438207527660933
0.43015976720627 0.05858432845898298 0.4730188211265667 0.03823708320818031
0.018111918719296516 0.053923000747156946 0.2562354764104554 0.6717296041230911
0.43642309981475647 0.3540669056102803 0.09793034929554645 0.11157964527941677
0.6663957178913262 0.09365197122800195 0.057500242853330774 0.18245206802734104
0.2977792633345766 0.6049834542487543 0.07984071525233039 0.017396567164338683
0.2643302896959785 0.19863725373632835 0.05166488692344828 0.4853675696442449
0.2544182549183249 0.3531532860861235 0.2188315052270483 0.17359695376850326
0.021504745835152494 0.6248965177031235 0.21649725554915855 0.13710148091256547
0.05095542065224701 0.14914729562574935 0.6561610614809638 0.14373622224103988
0.24086672589244185 0.3859549112992756 0.25660412646467445 0.11657423634360808
0.06666226348652071 0.431055006375473 0.39245704187043573 0.10982568826757055
0.27679522956368274 0.08523961987633522 0.06127755934472867 0.5766875912152534
0.3533686205936294 0.23255493707449604 0.39834892825622326 0.015727514075651317
0.13864853966208412 0.05969502914446212 0.22664483503713184 0.5750115961563219
0.05326616650352978 0.3026390453852634 0.3820130817323705 0.2620817063788363
0.5206823506235261 0.04056637883158176 0.23429214080643268 0.20445912973845948
0.3504784131293476 0.3086130349888655 0.3266109098101797 0.01429764207160722
0.695466417075354 0.03468359913685959 0.13831649926684775 0.13153348452093871
0.018322050880861362 0.05393348734676018 0.5730805393420554 0.3546639224303231
0.2549609915624972 0.4144261021101404 0.3278088388819913 0.0028040674453710945
0.28214660288909 0.5145705267021377 0.19797416037688553 0.005308710031886821
0.7846115358449065 0.08184648021979057 0.042833943674498554 0.09070804026080437
0.12789470182948137 0.2356831893408784 0.32027790240446763 0.3161442064251726
0.05661556341560747 0.31779658290037516 0.04384712511607858 0.5817407285679388
0.02040479616295443 0.20789330418901275 0.16992439706181695 0.6017775025862159
0.5067139824770768 0.03704125193988217 0.023514024965569313 0.43273074061747174
0.03531920784249731 0.22757364390817647 0.7148819502400321 0.022225198009294123
0.6384527367003133 0.051837658629402816 0.11060711101357013 0.19910249365671373
0.10734526153649171 0.004064819184836921 0.0166156854132129 0.8719742338654585
0.12460725038120568 0.41523653124985027 0.3147353164231824 0.14542090194576163
0.44221010243491143 0.011581895148816801 0.33188116352755503 0.21432683888871673
0.22836612379551113 0.038842590624798334 0.4794023369921938 0.2533889485874967
0.42936767751605454 0.025401839394342374 0.06476019734808669 0.4804702857415164
0.1741991551071007 0.06426017306240073 0.24735064359848258 0.514190028232016
0.5676934446546593 0.0295530342525423 0.25530363371741616 0.14744988737538223
0.13671868079028793 0.5248800491431366 0.29009871774754725 0.04830255231902825
0.017197636920257997 0.22799199410442939 0.12969713583280662 0.625113233142506
0.18104451499898788 0.006670049315938509 0.5748876406734402 0.23739779501163338
0.02867805422043368 0.264449401109207 0.20307609700309381 0.5037964476672655
0.5211119594706985 0.3863594571441271 0.006364643099707634 0.0861639402854667
0.07356972223177194 0.043047116379796635 0.4489999054948103 0.43438325589362115
0.27688348221436343 0.04278927387187448 0.2784576676324272 0.4018695762813349
0.19080840427997614 0.10793976150200624 0.4507185713131351 0.25053326290488254
0.20394757393238117 0.13680050016868184 0.17195780166989494 0.48729412422904206
0.07591160768536154 0.8095480713447961 0.06026132751947966 0.05427899345036269
0.22318794068811876 0.2453087986674627 0.08603426118125768 0.4454689994631609
0.1512350857479694 0.3763002586813704 0.2386760832507534 0.2337885723199068
0.2624193024069543 0.05470934730116361 0.05254773386091405 0.630323616430968
0.39137754855780926 0.2568778840903192 0.28392444010724804 0.0678201272446235
0.07461013895141988 0.6301317513940543 0.164603746751097 0.1306543629034288
0.5044693850122668 0.31350217374979716 0.07869443668130616 0.10333400455662989
0.28221662025673333 0.05349653449736935 0.5498076978651626 0.11447914738073472
0.03769219710650806 0.4845747677231498 0.16115588136374148 0.3165771538066007
0.10326748938008201 0.5325558603401225 0.2202272006472411 0.1439494496325544
0.11839969383726212 0.21839303579713865 0.14978503574550073 0.5134222346200985
0.0968058850131912 0.015304525384750578 0.46762699059312585 0.42026259900893237
0.3340754802663186 0.040248416719590785 0.5326400208413291 0.09303608217276149
0.2732076172366117 0.30259463332941794 0.21797434516815528 0.2062234042658151
0.08401308224277748 0.7602683631481154 0.11839748532870487 0.03732106928040224
0.10679844928114612 0.5772851108824386 0.05222314086701929 0.263693298969396
0.03363527539495703 0.16308172154511424 0.5438147110574928 0.25946829200243593
0.01276799052788602 0.02883509835710185 0.8501930099520534 0.10820390116295875
0.8595805806442176 0.022591249623296616 0.07058718607414127 0.047240983658344504
0.2548169558198867 0.2936936762533995 0.1723839515854183 0.2791054163412955
0.27862758073609706 0.2999064460723687 0.3751611397824077 0.0463048334091265
0.31231839993913757 0.36778857247815855 0.22718946439936494 0.09270356318333894
0.23237673382679147 0.3075049809267695 0.2732043761295092 0.18691390911692984
0.13279532004715777 0.06952647361950326 0.47540481398353684 0.3222733923498021
