98 40 4 117.24570337742583 234.49140675485168
7.590405232619667 6.104701139057963 3.7110150104499366 8.025246329299044 5.480868500871566 2.070191679483405 4.497035705045832 4.551785114854081 4.037730204099488 1.7429568007729768 4.286779798193269 4.680022589282124 9.399381959138886 3.6279303900661364 8.547772403644824 9.90296201688082 4.737467736621657 7.27380482711425 9.639364446381862 4.950879470247678 7.178357817917793 3.67436668048583 9.801298347940119 7.239894909475216 1.2860812607833494 2.1796979850455074 3.378734486544958 8.982226212096265 8.725144495140956 6.852228578460476 8.35481316115847 5.936000728497819 5.688832798153135 6.426476691851742 2.5871108376057736 9.726487031608263 2.5037429941570277 5.223317471752127 5.683931032223206 8.204361879828124
1.5180810465239334 1.2209402278115926 0.7422030020899874 1.6050492658598088 1.096173700174313 0.414038335896681 0.8994071410091664 0.9103570229708161 0.8075460408198977 0.34859136015459535 0.8573559596386537 0.9360045178564247 1.8798763918277772 0.7255860780132273 1.7095544807289649 1.9805924033761642 0.9474935473243313 1.45476096542285 1.9278728892763723 0.9901758940495355 1.4356715635835586 0.734873336097166 1.9602596695880237 1.447978981895043 0.2572162521566699 0.43593959700910145 0.6757468973089915 1.796445242419253 1.7450288990281912 1.3704457156920953 1.670962632231694 1.1872001456995638 1.137766559630627 1.2852953383703485 0.5174221675211548 1.9452974063216526 0.5007485988314055 1.0446634943504254 1.1367862064446412 1.6408723759656247
0.0781016080769481 0.3478912496793145 0.5587297131789513 0.01527742906478613
0.20300539841843457 0.23548730203146762 0.39788908437302684 0.16361821517707098
0.27920709212248407 0.21153716891446983 0.23761507097433265 0.27164066798871345
0.0943050581156234 0.11156242827600149 0.04932733615681295 0.7448051774515622
0.43550840754043296 0.05328604602076481 0.17387329657629047 0.33733224986251176
0.01023352181505266 0.3176704353848323 0.0403423848322334 0.6317536579678816
0.1727782800111407 0.5578545234252978 0.07197968834258228 0.19738750822097917
0.5454289917442873 0.12854754239057564 0.05708786278532896 0.2689356030798081
0.2880724696864979 0.0015614690967967748 0.37464281878461203 0.3357232424320933
0.6357292533673928 0.30466245190145136 0.01734359855811618 0.04226469617303963
0.0427633648137824 0.23046801997306798 0.42594377474525924 0.3008248404678904
0.6134018804900451 0.18265923274070273 0.13703355178500554 0.06690533498424667
0.20063737373875867 0.14918147257451275 0.516552410958563 0.1336287427281656
0.22895694642133035 0.14151195675973316 0.1345284636460845 0.495002633172852
0.5472153295779116 0.23333715724613036 0.2133984221473495 0.006049091028608511
0.6811348101434812 0.013452175628126395 0.24225068434739316 0.06316232988099924
0.3626088505469184 0.020195043509850796 0.35694175410828344 0.2602543518349474
0.390451597676598 0.051828143859704134 0.42662294462266126 0.13109731384103662
0.3235644111241729 0.10177448818735835 0.3299685826077612 0.24469251808070758
0.3145793776624721 0.18189414355970335 0.33431705291641434 0.1692094258614102
0.23358107308217702 0.31489515929830203 0.36955086526297465 0.0819729023565463
0.15060210915009675 0.11848005071796375 0.7036892755386955 0.027228564593243965
0.07443633417959661 0.10517197451119109 0.5118620458275805 0.30852964548163175
0.024307963183221593 0.4017333276275046 0.4836946335725475 0.09026407561672634
0.10027629812598515 0.005083030594255189 0.3754524980746813 0.5191881732050784
0.16674748912451143 0.007034614508063974 0.4651280749781752 0.3610898213892494
0.22575706992045852 0.27251627598807826 0.08588827561239099 0.41583837847907223
0.1004892828369296 0.04386191544258167 0.4093646704095635 0.44628413131092526
0.1215336346702911 0.41271172144782886 0.16395587966423852 0.3017987642176415
0.23483190423281763 0.003715740656834443 0.3632339859300605 0.3982183691802874
0.025602667635594156 0.49523654404342343 0.47913847845880075 2.2309862181657536e-05
0.029890675634784092 0.4351037545688555 0.4311014380241567 0.1039041317722037
0.0607069958904517 0.06590620350563303 0.6514541746906258 0.22193262591328944
0.021029171745155173 0.44450418386542334 0.010330821719351513 0.52413582267007
0.21628466687442593 0.5242514895180718 0.2542692559984334 0.005194587609068879
0.3042017758680784 0.5072442896254876 0.1485596202773103 0.039994314229123695
0.14572620515267554 0.06059622628148886 0.5312085319590063 0.2624690366068293
0.06976322189327733 0.40436802613671974 0.033177477025448376 0.49269127494455456
0.5505130810910301 0.3513280094154524 0.09257707511002533 0.005581834383492135
0.06445791553727309 0.4695139295225854 0.1605115007585629 0.3055166541815786
0.017684819319607414 0.04891376165918282 0.6514082568208049 0.2819931622004048
0.005425214678843604 0.16015524594703712 0.4422799254249383 0.39213961394918095
0.03373802981403817 0.15714241310126653 0.14214539066731335 0.6669741664173819
0.03714533081900473 0.31894317534415084 0.003730068045791235 0.6401814257910532
0.2976113865441641 0.07371218510033017 0.08033512717261304 0.5483413011828927
0.31972254626518803 0.05028751002923926 0.3205607046052491 0.3094292391003236
0.14895601789565283 0.038465674070969236 0.38558807235733494 0.426990235676043
0.40048703805979735 0.31956253490958075 0.2722317785186452 0.007718648511976678
0.14751038745261136 0.12392907081395932 0.6168712142349729 0.11168932749845639
0.10090135941410894 0.22625899095272306 0.07626465882072309 0.5965749908124449
0.2145082035341016 0.048509573605873046 0.7257881639186229 0.011194058941402463
0.1511616189850974 0.18873178800988732 0.17021376784983655 0.48989282515517873
0.06294368230891956 0.03510939359287468 0.35979366961475756 0.5421532544834482
0.583716686014517 0.11044683696484137 0.20738216660928643 0.09845431041135522
0.23983481495602754 0.5375938922579473 0.21314835566322876 0.009422937122796404
0.26071119479551286 0.17079906863164207 0.29848835694460374 0.27000137962824133
0.396013699575251 0.22938844373135836 0.046019051028474034 0.3285788056649166
0.6101174217878063 0.059117227834988184 0.18924287660635786 0.1415224737708477
0.16496278596370306 0.3030820541802133 0.2578606635489561 0.27409449630712757
0.0725902467246976 0.00830861530861593 0.29223996733186197 0.6268611706348245
0.22073618985790477 0.34723896600012594 0.048316990547458194 0.3837078535945111
0.10167787200467715 0.28312365696894826 0.1676593105447194 0.4475391604816552
0.37574405207906447 0.055068576410233994 0.32603071345180323 0.2431566580588983
0.08582452199506507 0.07714375813513619 0.2548691452720093 0.5821625745977894
0.03730877024504464 0.08403399049197369 0.42426466406348995 0.4543925751994917
0.3143022216682517 0.3579354277600718 0.11607108786593145 0.211691262705745
0.46633526416777504 0.4153052940570586 0.06437023054264746 0.053989211232518874
0.08246383662589551 0.49994500055816016 0.38754648380470935 0.030044679011234976
0.4350172331358282 0.01239742247863529 0.20615108858247122 0.3464342558030653
0.16810459904602937 0.3519250332067163 0.44441855565103205 0.03555181209622227
0.37233150016132255 0.2528386195471922 0.011051335819369457 0.3637785444721158
0.037031971689587606 0.541648511875062 0.2405363663909902 0.18078315004436019
0.46872033507020106 0.15154662649742412 0.05478229131369328 0.32495074711868155
0.12704212290238748 0.16616657352128106 0.4979712546071322 0.20882004896919926
0.11787638476504791 0.08080088451095613 0.5804475593584092 0.22087517136558676
0.06514626007142332 0.8567472571785479 0.066153509683469 0.011952973066559736
0.10050614474992403 0.2791535915330954 0.18423779414938823 0.43610246956759235
0.4761376339589215 0.2644886975979651 0.14347194775494954 0.11590172068816385
0.20111956898068362 0.19208556150972256 0.4918498008349663 0.1149450686746275
0.3016107030436437 0.23564329951180918 0.33881648223273575 0.12392951521181139
