94 60 4 163.71928079536946 327.4385615907389
7.474472076195626 6.464990580597906 7.208754531208873 4.810896810104815 5.056894995312373 4.5322477299072235 5.607164333181606 2.0147676309530946 9.768673115748545 5.453314933023011 9.582533068377362 3.7626930390605398 7.960810859508484 3.818303187323722 3.721407035095736 7.957564226720459 4.099750665952495 9.77500176020531 1.25293706370404 5.722614378197641 7.302270302631717 3.691806176164816 1.5486686522636877 6.650172251866753 5.649899237658159 1.1532982904734719 2.292779559149225 6.735086901258235 8.600864328539348 4.6701573473364855 7.575181768424371 2.8601292770908073 1.216220203707921 2.291891627517219 5.308086346489681 2.820309504554869 3.4288849314521173 1.1536928058842855 3.1549270930058784 8.8896580704578 3.4058292148090046 9.343678284261799 9.17308378639344 3.704496802088739 4.975905827099208 7.183119973302469 5.918128438130378 9.14295398672017 6.600890719318649 9.36713519316776 9.502177106254793 6.681412793128587 7.794043295416794 2.8475614684333115 5.216730283175456 5.277455296827591 4.595075383268529 6.692165829491199 5.54918823051382 1.4277529826314392
1.4948944152391253 1.2929981161195812 1.4417509062417746 0.962179362020963 1.0113789990624746 0.9064495459814447 1.1214328666363211 0.4029535261906189 1.953734623149709 1.090662986604602 1.9165066136754725 0.7525386078121079 1.592162171901697 0.7636606374647444 0.7442814070191471 1.5915128453440919 0.819950133190499 1.955000352041062 0.250587412740808 1.1445228756395283 1.4604540605263434 0.7383612352329633 0.30973373045273755 1.3300344503733506 1.1299798475316318 0.23065965809469438 0.458555911829845 1.347017380251647 1.7201728657078696 0.9340314694672971 1.515036353684874 0.5720258554181614 0.2432440407415842 0.4583783255034438 1.0616172692979362 0.5640619009109737 0.6857769862904235 0.2307385611768571 0.6309854186011756 1.77793161409156 0.6811658429618009 1.8687356568523597 1.8346167572786878 0.7408993604177478 0.9951811654198416 1.436623994660494 1.1836256876260756 1.828590797344034 1.3201781438637297 1.873427038633552 1.9004354212509587 1.3362825586257174 1.558808659083359 0.5695122936866623 1.0433460566350912 1.0554910593655182 0.9190150766537059 1.3384331658982398 1.109837646102764 0.28555059652628784
0.01708899549345466 0.7050703905429102 0.02559226435773576 0.25224834960589937
0.4501403140058552 0.02467500574441639 0.011098849151891299 0.5140858310978371
0.30405971059775905 0.46789504748049693 0.12469085280272785 0.10335438911901618
0.2825936819588175 0.2767680500497428 0.3076183062173695 0.13301996177407016
0.03152734448597905 0.01467252476702674 0.09275221445158732 0.8610479162954069
0.019862612206428487 0.39821501091184497 0.32019646663218293 0.2617259102495436
0.20356742896574076 0.072390000335958 0.16223460803319978 0.5618079626651015
0.059930807585060086 0.28800209202924854 0.33242513905805393 0.31964196132763745
0.10534345505829901 0.7587459557175513 0.0359154319085746 0.09999515731557507
0.3813832162331734 0.45940107498213045 0.053158581097685675 0.10605712768701048
0.018145976559878152 0.2276449964344145 0.39807993472352654 0.3561290922821808
0.10877514141692146 0.01664074630528567 0.6187784408680199 0.25580567140977295
0.5807309511366365 0.21007013071201064 0.052387307244265546 0.15681161090708728
0.018121050069946465 0.19522368659088885 0.41544486293637595 0.37121040040278874
0.016452996204240455 0.009582157167288496 0.9391089470805324 0.03485589954793866
0.16562771623456785 0.3270063108729081 0.48966676792671204 0.01769920496581201
0.19108137374383227 0.44424855443476685 0.11330265136849649 0.2513674204529044
0.03356140002411623 0.21825151187986935 0.3585253407172765 0.38966174737873793
0.3604580563214942 0.012239895899332054 0.17805459432854653 0.4492474534506272
0.10928044948723625 0.18306263999095396 0.4942696669242056 0.2133872435976042
0.11470328043341782 0.13320812668312743 0.5929416223247606 0.1591469705586942
0.24723743900462858 0.14075263086775092 0.608584820192056 0.003425109935564552
0.43576358216797706 0.00508089128068423 0.29062208186432137 0.26853344468701734
0.12125493090251804 0.054618887002908956 0.6158196405183491 0.20830654157622386
0.40577180676801683 0.019117320794687198 0.14772522592766701 0.42738564650962896
0.0877717529672789 0.1526130635114662 0.6950805174210802 0.06453466610017466
0.20223607137842614 0.32319841659307236 0.436920838441321 0.03764467358718049
0.19359208128028582 0.0021555082302018302 0.755096001471483 0.04915640901802931
0.4486109044124069 0.29242729045262295 0.14015211212440715 0.11880969301056299
0.06584990431955506 0.20956209223915245 0.0628430841826706 0.6617449192586219
0.046623738990065555 0.4198251595681346 0.47894026422528824 0.05461083721651161
0.1310692656580661 0.4162423959078101 0.07965666933015891 0.3730316691039649
0.11116603492824073 0.6262099627355144 0.14767635705903315 0.11494764527721169
0.3478047336951128 0.13184114401514657 0.361707181643257 0.15864694064648366
0.4344009192426336 0.22514097147394818 0.012351163800061737 0.3281069454833565
0.15733267603203072 0.6967838203498826 0.11975271178618929 0.02613079183189737
0.40053483339564044 0.09846543799951346 0.3178676360346254 0.18313209257022067
0.5695972877233262 0.04808442811054392 0.20797259926917233 0.17434568489695756
0.17367097495674344 0.25061196166196087 0.29202409373835536 0.28369296964294033
0.2828396901921898 0.16013050123159878 0.1990437727200729 0.35798603585613853
0.08589499552686408 0.14227859077050065 0.41204539921056693 0.35978101449206834
0.27863859668021707 0.3243511722034762 0.3706858393987904 0.026324391717516327
0.6033479611838648 0.10103928519966776 0.15721020072915093 0.1384025528873165
0.3107140986794966 0.1675174986904473 0.11424952880166195 0.40751887382839413
0.33332958056528383 0.41623766520878214 0.09062630268668259 0.15980645153925144
0.209245936219274 0.22234569120516412 0.4588959118714401 0.1095124607041218
0.37294439599022366 0.14402655665612485 0.22021997180283504 0.26280907555081645
0.1736110625416074 0.6937024386302926 0.05934879154321859 0.07333770728488143
0.34011496787350215 0.2052983261759297 0.35523028773337817 0.09935641821718999
0.49659091803849753 0.23794916967394297 0.09245108930785917 0.17300882297970033
0.13430858572484938 0.279055643056462 0.46636223373302466 0.12027353748566394
0.0503926762133865 0.6901280699532268 0.17578853320103838 0.08369072063234828
0.04143308199812534 0.5409293261374359 0.07110210068077016 0.34653549118366855
0.07488379287905766 0.1504765485543259 0.2649505437997607 0.5096891147668557
0.08939425295930914 0.4639224244072718 0.1659448503892076 0.28073847224421145
0.272507546511652 0.10620060399735465 0.18920253457807346 0.4320893149129199
0.3745889987233981 0.05449543442861804 0.5139666070260868 0.05694895982189707
0.26395309221299323 0.417536911742039 0.28791673665547146 0.030593259389496308
0.209346521882253 0.3566410892322801 0.10551730508603951 0.3284950837994274
0.10875506129989732 0.5203704436409996 0.04912686124540688 0.3217476338136962
0.5807382404873948 0.051030247074628776 0.07389373456897153 0.29433777786900495
0.20720620963879588 0.21575769240058562 0.21687050883954884 0.36016558912106966
0.029767862866476147 0.12826543213952113 0.18937673945009204 0.6525899655439107
0.48410186685171996 0.23385050578946565 0.07267924727298469 0.2093683800858297
0.20399778175675432 0.09033872128246001 0.027071028468441782 0.6785924684923439
0.20115912307062855 0.5371173545445846 0.0061055490075020424 0.25561797337728476
0.010492079301753554 0.10165386977359192 0.07224069488992191 0.8156133560347326
0.08344909538962364 0.43081642465742265 0.18255560060581744 0.3031788793471363
0.07972447623397838 0.45813455444179463 0.20074702715108594 0.26139394217314105
0.09423660975018211 0.17558560474363993 0.07206271698538624 0.6581150685207917
0.6170166021917664 0.28285302097323495 0.05328170209517269 0.04684867473982601
0.10304066521727417 0.267632370842513 0.34749823384583134 0.2818287300943815
0.34335660366717136 0.42215318510484 0.057240316919512924 0.1772498943084757
0.3977260948748589 0.012212949084438152 0.16905826787444 0.42100268816626296
0.45701671750845774 0.10631975316125675 0.23305672096349017 0.20360680836679534
0.2993569778167685 0.05021605752210234 0.0165879950332819 0.6338389696278472
0.44570703365539055 0.05033499415815357 0.23956885185814436 0.2643891203283115
0.4424454042967999 0.20692512358767268 0.17012979423237506 0.18049967788315235
0.32462368454424884 0.5479074914411405 0.019548319193990693 0.10792050482061999
0.36035886520536187 0.18440499268996402 0.09659103423872673 0.3586451078659474
0.24077876494366568 0.016940124554970626 0.4472330281573573 0.29504808234400637
0.2555551640383248 0.07321788248342698 0.003609126979857158 0.6676178264983911
0.1531088987150777 0.3242891494461355 0.2689598745387498 0.25364207730003696
0.14480139568937467 0.27709271342677255 0.15025069523397927 0.4278551956498735
0.6100822319651069 0.15876038286292615 0.20929695060306153 0.021860434568905407
0.06967828758967987 0.39780008503636033 0.3802547239221078 0.152266903451852
0.14882061433184268 0.03700047856444144 0.4925945865867877 0.3215843205169282
0.2649777245043389 0.40185369536141247 0.25464922666295164 0.07851935347129702
0.06979055822478208 0.5104813354166928 0.0670852573285371 0.352642849029988
0.2003928096611014 0.3367291251485256 0.21327190732553858 0.24960615786483442
0.0006918005035837504 0.5365226878903533 0.007635124798939796 0.45515038680712316
0.5412687299375011 0.2901215732096176 0.06701992284721137 0.10158977400566993
0.002815926407535807 0.4236526890040755 0.059106359349219595 0.5144250252391691
0.1251042110763274 0.35291770631215114 0.17434737754855456 0.3476307050629669
0.24861134584035405 0.2459988990153692 0.0790423348196243 0.42634742032465245
0.5332801575182496 0.020496044547262393 0.428597418058412 0.01762637987607596
0.28599321557366775 0.5373731938048547 0.08586562509559581 0.09076796552588173
0.2474676546332193 0.1748256739138072 0.23260628548392115 0.34510038596905235
0.14575791390811887 0.7451110085602008 0.028728205327625322 0.08040287220405495
0.06739416377611784 0.21448287333795846 0.08247957439264741 0.6356433884932763
0.3127915585512544 0.055443576187152344 0.3530410412177415 0.27872382404385176
0.1417007997189228 0.1699386723983045 0.5095323840948375 0.1788281437879352
0.16832950896332932 0.018459391886879062 0.6994682059763067 0.11374289317348496
0.09752897860069887 0.07824901645488991 0.42964897856604145 0.3945730263783698
0.08120236388419588 0.14131140538184306 0.3104916083144734 0.46699462241948764
0.1698939365734199 0.26643704354492836 0.23053395535461374 0.333135064527038
0.12928860960921118 0.5907957429154576 0.14095463483898518 0.13896101263634608
0.17372326306567276 0.6905224053336002 0.059439165386090176 0.07631516621463685
0.3777539389941039 0.23392773929335675 0.17625940929891015 0.21205891241362917
0.32276399608675144 0.13336158911191665 0.17171952844004557 0.37215488636128635
0.5244274143252259 0.19566092499711152 0.2069155799234017 0.0729960807542609
0.2972419836552376 0.2488830331134103 0.02144278447306347 0.43243219875828864
0.29483807581219157 0.5005907334813099 0.11364377252987135 0.0909274181766272
0.04227629296416968 0.6248476414774597 0.12339127894633328 0.2094847866120373
0.28739222674167575 0.10144444265981678 0.4460011283292378 0.1651622022692697
0.557201844260521 0.013191472734092491 0.19728409631099553 0.232322586694391
0.17024172581382446 0.28967715418021 0.49412879054365255 0.04595232946231298
0.09008990978603315 0.10407070026667586 0.5094041306056032 0.2964352593416878
0.2890027306732401 0.18038257532886026 0.47960660669550104 0.051008087302398586
0.12575660895088936 0.35987751975232196 0.43691955829500995 0.07744631300177873
