8 60 4 163.66794743997838 327.33589487995675
8.860864625126347 9.716865965388388 8.822750861925279 5.777701224000391 3.094554951795616 1.102589238496869 4.874219364632415 4.621162240336283 5.704072042173126 5.305526162221621 5.998208264400974 5.890474157882863 7.84806018042636 7.411371166738821 6.577138864930957 4.83482593428573 3.6016752521627895 9.764697170804016 4.003966409596034 2.9692095473784517 1.5922754900849028 9.845834918980904 2.1507014163252864 3.899177138837614 1.6384856027517887 3.0229294507124087 4.542714234492444 9.065305043925717 4.109154507980803 9.862744935567441 1.2585884406696586 4.165162626431081 4.428630002834677 7.877441182293641 9.449235219796945 3.877208168203249 4.8922833951137426 3.431311674323188 8.20950297693755 6.744149255108092 1.6182112011234149 6.432800287322001 8.16017102586079 1.2880734078321712 5.099030398953397 8.11155287204457 9.897368663023563 6.2556808915087005 1.3502106787808965 5.017806167661123 2.6935526376398284 6.643500821697236 2.937860195254716 2.3587309689174676 5.82529876011617 1.903481148020944 7.580425887825965 9.456859354970574 9.489863660168817 4.372646545159986
1.7721729250252694 1.9433731930776776 1.7645501723850558 1.1555402448000782 0.6189109903591232 0.2205178476993738 0.974843872926483 0.9242324480672567 1.1408144084346252 1.0611052324443242 1.1996416528801948 1.1780948315765727 1.569612036085272 1.482274233347764 1.3154277729861914 0.966965186857146 0.7203350504325579 1.9529394341608033 0.8007932819192067 0.5938419094756904 0.3184550980169806 1.9691669837961807 0.43014028326505727 0.7798354277675228 0.3276971205503577 0.6045858901424818 0.9085428468984889 1.8130610087851433 0.8218309015961607 1.9725489871134883 0.2517176881339317 0.8330325252862162 0.8857260005669353 1.5754882364587282 1.889847043959389 0.7754416336406498 0.9784566790227485 0.6862623348646376 1.64190059538751 1.3488298510216183 0.32364224022468296 1.2865600574644003 1.632034205172158 0.25761468156643424 1.0198060797906794 1.622310574408914 1.9794737326047127 1.25113617830174 0.2700421357561793 1.0035612335322246 0.5387105275279657 1.3287001643394472 0.5875720390509432 0.47174619378349353 1.165059752023234 0.3806962296041888 1.516085177565193 1.8913718709941147 1.8979727320337634 0.8745293090319972
0.008872285585150852 0.5017081696681195 0.08516979062075547 0.4042497541259742
0.18588368551977097 0.24893254286381783 0.1642700245565506 0.4009137470598606
0.3063958566392335 0.4001196867662228 0.11626687709207018 0.17721757950247352
0.2985348512836252 0.5315268097094924 0.036200021888529776 0.1337383171183526
0.493604497921468 0.32533107911111825 0.12026855899128541 0.06079586397612835
0.1787570156678676 0.38352636829376585 0.24436295125159235 0.19335366478677418
0.008308374432570376 0.1300763322835199 0.3636926859193982 0.49792260736451155
0.2361343702522496 0.6138229199374712 0.13408335718375974 0.015959352626519485
0.09562836130088648 0.3667317172371345 0.5148109230102382 0.0228289984517408
0.2172111529162143 0.2547419676197148 0.5169858199244931 0.011061059539577811
0.5292924523083301 0.07707417084909152 0.22718237809176878 0.1664509987508096
0.032865810850571386 0.12743288197498337 0.47754216919602477 0.3621591379784205
0.04823177716362981 0.31933876038546294 0.5103225357124029 0.12210692673850432
0.5442215506169995 0.01255388204934993 0.3086485985481129 0.13457596878553768
0.17731310063401184 0.28838726599649855 0.31787030613616785 0.21642932723332176
0.007206409512140133 0.22988465003391145 0.29997905739988917 0.46292988305405924
0.2705735220119151 0.26125280253545957 0.3993891148775799 0.06878456057504545
0.02799536548956172 0.21710919555479757 0.3645116491860708 0.3903837897695699
0.6207320313953527 0.010197210742804663 0.3445774711075785 0.0244932867542641
0.16973160496332196 0.5457174648159264 0.059667140580854205 0.2248837896398974
0.35187642190289925 0.28034735099996166 0.231220450156569 0.13655577694057008
0.3109550914270601 0.0630936485543887 0.4164431630114839 0.2095080970070673
0.18249947942328737 0.001544785605662402 0.10577656907099031 0.7101791659000599
0.017206897789604936 0.28633458423610547 0.08297040959068447 0.6134881083836051
0.21890147556152073 0.04112946001119866 0.6168191925107983 0.1231498719164823
0.5734214584020347 0.22580829741495656 0.13084897965034814 0.06992126453266057
0.18914978645463199 0.7258218154685724 0.019985657525316114 0.06504274055147952
0.6973739968258194 0.16432703852021746 0.09834159020628086 0.039957374447682326
0.4114010390774 0.251366478058185 0.009216866874965368 0.3280156159894496
0.0471371476582344 0.4226115475127006 0.28581913874648535 0.24443216608257967
0.3572116459902588 0.14497208915595683 0.22728319047074508 0.2705330743830393
0.42813584701379404 0.3041450032487243 0.018283409866156175 0.2494357398713255
0.3400816634013232 0.20434227940645566 0.27620233075528566 0.1793737264369355
0.03636596001217551 0.13415202937452841 0.1924758614012616 0.6370061492120345
0.1569092802598817 0.2416592819063743 0.23418401231470554 0.36724742551903844
0.28668015019570514 0.3143188772601684 0.03870646164096747 0.360294510903159
0.2194459412669486 0.18401251005042385 0.304061357286577 0.2924801913960505
0.14462775460926192 0.20411275146357377 0.4278537488659211 0.22340574506124322
0.34277275183558253 0.12415566463773764 0.16429076522438646 0.36878081830229337
0.34747002428414697 0.17148520525854294 0.4755731979713881 0.005471572485922005
0.04858155412802745 0.03452806211180448 0.1013225623429711 0.815567821417197
0.440279320775556 0.2482264384444145 0.276116822713969 0.03537741806606054
0.35383154448083065 0.4396357198180618 0.08960615312082643 0.1169265825802811
0.38281250667697964 0.18608793936335166 0.06527471063177659 0.3658248433278921
0.14751577732278343 0.015436421338623885 0.1499513808714399 0.6870964204671528
0.1888996122393528 0.7722350791900522 0.011044419300444419 0.027820889270150584
0.36862211259104327 0.005438023204955789 0.5764320439981416 0.04950782020585931
0.05442216796667343 0.427154029709941 0.27493636905924645 0.24348743326413913
0.027776066486046802 0.45524652390333475 0.3563962378544675 0.16058117175615094
0.08398236965997374 0.24643978652529597 0.4076956167643546 0.26188222705037567
0.11233523940260592 0.6112986704358886 0.12714487977798494 0.14922121038352054
0.32542280016469727 0.09635439505996712 0.2484381931193439 0.3297846116559917
0.004549084393891123 0.13809586472636104 0.796660735352932 0.06069431552681581
0.47462436564196786 0.20508854022044232 0.2531372105475894 0.0671498835900004
0.5249385387840816 0.003965287582980537 0.13693574848320578 0.3341604251497321
0.08996603923732083 0.15657229172962595 0.4376856372671041 0.31577603176594915
0.3918027578480794 0.08537719733376292 0.022199708793975703 0.500620336024182
0.4024545581358052 0.09535204592130597 0.13530610861215298 0.36688728733073583
0.01888949283812813 0.5664886515173274 0.28169594042123036 0.1329259152233141
0.31290546914433603 0.05645014303344076 0.6207606920554347 0.009883695766788492
0.06789640356536919 0.4029961780784803 0.1910901306306182 0.3380172877255323
0.43149363088036075 0.09821168582154383 0.1912191499856789 0.2790755333124165
0.4043954647747654 0.10618678190741704 0.07654810455311478 0.4128696487647028
0.20340977215199052 0.2723942499117834 0.244873989416048 0.2793219885201781
0.5277238384199121 0.07995229229787548 0.11570728426948618 0.27661658501272623
0.2986252025528 0.32110021404310896 0.1436791980412374 0.23659538536285363
0.6353979141788637 0.1531853503190257 0.20853539703863255 0.002881338463478045
0.22707862658327538 0.4297746676222989 0.15596424143259735 0.1871824643618284
0.0007438894434061982 0.4998622165009098 0.23096240885809338 0.26843148519759064
0.3591089147932802 0.2462685865193367 0.2722424398624781 0.12238005882490499
0.06281332248498894 0.4407994224556998 0.06121036574304939 0.43517688931626186
0.14544547855627277 0.28257642291184737 0.4548842388931785 0.11709385963870134
0.17516677920914991 0.06548347264992849 0.23585682762625448 0.5234929205146671
0.2990527486167165 0.23103273435618388 0.31686106057370256 0.15305345645339707
0.2528705036510319 0.1152263448784584 0.38326134825631175 0.24864180321419793
0.2808908500366094 0.11100471181294491 0.03116374182842485 0.5769406963220208
0.32599705246637256 0.15022685950496495 0.2638534477925748 0.2599226402360877
0.18725043421724963 0.016743115791061802 0.2323370123714178 0.5636694376202708
0.3014236164863119 0.036463457759746354 0.53326126712104 0.1288516586329017
0.06610071679227247 0.5936294344586174 0.22889865986451863 0.11137118888459152
0.05920180480396464 0.6441507151321448 0.24537138995035224 0.051276090113538286
0.1708509753917168 0.33312005654100363 0.44851086817039765 0.04751809989688194
0.2606509673451801 0.17941038605490967 0.5119527410075486 0.0479859055923616
0.013041057601078432 0.2332385588871425 0.25088843506353675 0.5028319484482423
0.00416519878445154 0.2319298678299605 0.03889743237877685 0.7250075010068111
0.5204065929842361 0.005303335580264523 0.25263458220440393 0.22165548923109546
0.6974951360085158 0.11886982517423672 0.0866864781246448 0.09694856069260271
0.12363180317953704 0.12638496541613875 0.3976196273173359 0.3523636040869883
0.4981503859514276 0.21149043531753464 0.15703837331318138 0.1333208054178564
0.3178217655823331 0.1860512840537688 0.15525011871472394 0.34087683164917415
0.18829242052539052 0.4513962860092565 0.0900336509327394 0.27027764253261355
0.053127290849074194 0.3460403188725205 0.20990279960954528 0.39092959066886
0.07736580229194046 0.24885769159087 0.05232096010394571 0.6214555460132438
0.4116660325463931 0.2734021951100104 0.2553021120290361 0.059629660314560406
0.5105734567091103 0.41909540470224405 0.05299735036847142 0.017333788220174284
0.16683274879237286 0.0793829682812136 0.38968241341397314 0.3641018695124404
0.062083297019820516 0.7940549210544465 0.10957221710361498 0.03428956482211798
0.1949094211027047 0.02776401445812926 0.3328004785658918 0.44452608587327425
0.11053451326006802 0.5932182941679953 0.23138508895421894 0.06486210361771771
0.13291907420805138 0.09091118586296354 0.13817124377735546 0.6379984961516296
0.02914682609792385 0.2486519644177796 0.021112523276058837 0.7010886862082377
0.27971536165930244 0.046681856432190916 0.4928855156616774 0.18071726624682927
0.11195506607614536 0.21324944689526193 0.2008232122232686 0.4739722748053241
0.04075976690697014 0.32246593105559174 0.5789549162559838 0.05781938578145429
0.2793623682287333 0.4237135355056568 0.018027021728499903 0.27889707453711
0.03515798430195982 0.29600629608735785 0.5680383072197968 0.10079741239088558
0.1386590964098453 0.219192794574246 0.33485356984977344 0.30729453916613525
0.1878544718969979 0.2804680890974418 0.2182099062484315 0.3134675327571288
0.27731095535158823 0.5500400998318892 0.005276398281659378 0.16737254653486322
0.45621729889829077 0.26968176321457416 0.06876017158515968 0.2053407663019754
0.8081912920617539 0.17170256429113973 0.009308239313948308 0.010797904333158082
0.006595243213824764 0.17151957926321149 0.5183114304781118 0.30357374704485196
0.0744766013297431 0.045087086230435114 0.2045364943567215 0.6758998180831003
0.3365493393427653 0.12577996204948705 0.1203084210124925 0.4173622775952551
0.06427165523361389 0.33718454448469104 0.46744443742772146 0.1310993628539736
0.4077741038463766 0.24500239333745688 0.045612700055946975 0.30161080276021957
0.05741564825237078 0.2250011487907415 0.1352589234822772 0.5823242794746105
0.19309891252835865 0.4549161144634708 0.20635525714603398 0.14562971586213658
0.20115147973894643 0.2494682524852161 0.4785073798248711 0.07087288795096636
0.0009277946734095321 0.14196351861897083 0.08993592222441837 0.7671727644832013
