96 40 4 111.03305051558088 222.06610103116174
2.93218200115144 9.185521342074972 8.355118358471112 9.134924272615967 7.361913429769851 2.0626858120679605 1.831607335680888 6.057765984814115 6.142707686675583 1.3506126811717944 3.9389271912439794 3.6173636559920155 5.595068596190384 3.7346213452388306 3.7336958635434563 2.288549456045356 1.3269702566767276 4.593118041940829 7.721578294143155 8.694709729852784 6.892124142933159 9.696610395600906 6.79289794677858 7.6984045438765225 8.488023225404074 1.0536225147505185 5.8002190563311515 9.287448154648803 2.6495547975799534 9.88253363976123 5.226328787049672 6.006316715909251 3.2601700185850433 4.925460170838183 8.426269734417922 6.732887371353441 8.407059360481737 3.5502952857321928 5.056563872506285 2.573669961261884
0.586436400230288 1.8371042684149945 1.6710236716942224 1.8269848545231935 1.4723826859539701 0.4125371624135921 0.3663214671361776 1.211553196962823 1.2285415373351165 0.2701225362343589 0.7877854382487959 0.723472731198403 1.1190137192380767 0.7469242690477661 0.7467391727086913 0.4577098912090712 0.26539405133534555 0.9186236083881658 1.544315658828631 1.7389419459705568 1.3784248285866316 1.9393220791201813 1.358579589355716 1.5396809087753045 1.6976046450808149 0.2107245029501037 1.1600438112662304 1.8574896309297606 0.5299109595159907 1.976506727952246 1.0452657574099344 1.2012633431818502 0.6520340037170087 0.9850920341676366 1.6852539468835843 1.3465774742706882 1.6814118720963473 0.7100590571464386 1.011312774501257 0.5147339922523768
0.04499599974025348 0.2813912861263115 0.42141328279269064 0.2521994313407444
0.8893338697884594 0.04333870587962774 0.033195194709506826 0.03413222962240603
0.21609459094336847 0.08556945151618556 0.5554447061785045 0.14289125136194147
0.30511419944510443 0.03402984292105904 0.287371367371697 0.37348459026213954
0.19325979443655517 0.05862548327025208 0.11618802228293945 0.6319267000102533
0.14280213746836024 0.28689354002022094 0.3847178189212006 0.18558650359021822
0.044345001064540424 0.06690597337673732 0.24380181244913313 0.6449472131095891
0.24321965274798474 0.42640461897492443 0.27904190071250723 0.0513338275645836
0.26502522209495183 1.3536134131686417e-05 0.06652191919591299 0.6684393225750035
0.11295392520061687 0.4333643911943318 0.28382942901879127 0.16985225458626008
0.385319992446691 0.4762667326866524 0.07195015739505373 0.06646311747160283
0.2098680648214234 0.1873284941814367 0.5673615557540799 0.03544188524306002
0.27427047103103575 0.17153389850938783 0.14448811876548762 0.4097075116940888
0.38473060452926533 0.019050966721692486 0.0002120719535579907 0.5960063567954842
0.5574811796245457 0.10289945863668437 0.07225982245871987 0.2673595392800501
0.06819271606573463 0.08436615256602531 0.7422195053234961 0.10522162604474394
0.020324746699501905 0.3195626238034256 0.021297936377652538 0.63881469311942
0.3189667498185973 0.0292123326653132 0.5646304381443329 0.08719047937175661
0.16043195377733488 0.31018882859179897 0.14798928715386062 0.38138993047700553
0.507377448912923 0.3063989572752155 0.17836304191619567 0.007860551895665813
0.4631533817834457 0.28093691725123004 0.0215267426845982 0.23438295828072608
0.6513807615136057 0.24913012905911203 0.022911335666450983 0.0765777737608313
0.20888350832786484 0.34615186343697324 0.33426232100445374 0.11070230723070817
0.135132651490679 0.5468110087724177 0.22773236428717003 0.09032397544973325
0.3146947974519465 0.29331714613877025 0.1519543784816535 0.24003367792762975
0.04421946835703583 0.3959781884929944 0.45955977131264814 0.10024257183732166
0.5886222292785327 0.1088871283589774 0.2934917609750086 0.008998881387481283
0.3665214819635554 0.19854576975818516 0.23184447503540362 0.20308827324285583
0.02403961534949417 0.06386273642842477 0.17362034341178956 0.7384773048102915
0.07140600231236949 0.8039640749378211 0.015014127525416865 0.10961579522439258
0.19881306271861854 0.16369449202308295 0.19240286014963426 0.44508958510866425
0.5029081656310865 0.033969336316921894 0.17036580603903784 0.29275669201295373
0.15824074880100414 0.28858411240666626 0.14656254957199655 0.40661258922033305
0.29804039713136055 0.5629536522535992 0.06638177096923059 0.0726241796458097
0.4281637337230376 0.19878000186609024 0.3058574502303336 0.06719881418053852
0.09100899188031153 0.13158269164369252 0.17106147272000394 0.606346843755992
0.611866035707753 0.16735449632241806 0.2026187405930665 0.018160727376762442
0.4653089492842305 0.341363179092806 0.13287678978460693 0.06045108183835657
0.2352933863896256 0.2424561334256362 0.23443281166164553 0.28781766852309265
0.4921776289679466 0.1621645719882332 0.11883331955926202 0.2268244794845582
0.2591235517624423 0.4069988723377208 0.029710715767355955 0.30416686013248095
0.3349038546704559 0.09286160018223144 0.34067458082491975 0.2315599643223929
0.27691977085195174 0.5836471339347047 0.13903161952559717 0.00040147568774639986
0.22408316518713312 0.02018483154799189 0.4691570508956996 0.2865749523691754
0.1810468666253544 0.6626809639978493 0.1464508201806518 0.009821349196144524
0.3094150769824373 0.4296639937110095 0.018886364090043517 0.24203456521650968
0.024860008605800843 0.7277686812539667 0.15935042293293966 0.08802088720729284
0.07127456329147219 0.1895172919601077 0.28898667716708903 0.4502214675813311
0.10349057718127075 0.2597079704349258 0.508212723235789 0.12858872914801445
0.5502365517103456 0.15353268135068687 0.27575274705939756 0.020478019879569986
0.02474555396430922 0.21733467797694717 0.5910217302982993 0.16689803776044432
0.13101874275050418 0.06459285594777042 0.49425635845837657 0.31013204284334883
0.05770424960306242 0.20311161304617864 0.1420190469870859 0.597165090363673
0.11232874164862694 0.24601028824179827 0.40613476578321195 0.23552620432636284
0.3185302330702351 0.5443804772360435 0.11898894758668188 0.01810034210703948
0.40340525531258997 0.24005689985646006 0.15302618673342017 0.2035116580975298
0.13854428014052933 0.5556051369314368 0.0666560020657525 0.2391945808622814
0.21513978217331675 0.058626805463616316 0.3185060281862053 0.4077273841768616
0.45872536440511225 0.3410656130268638 0.11915980034731055 0.08104922222071342
0.0473419581208675 0.5240065544779191 0.14892615518498342 0.27972533221622997
0.415909534266651 0.3227389647599861 0.04779108665483667 0.21356041431852624
0.29685464701419206 0.2799828447172459 0.17747885087254234 0.24568365739601972
0.2325948061545564 0.25948486611803423 0.07390874972112149 0.43401157800628787
0.3138577957818869 0.2650506368781581 0.019846606689527757 0.40124496065042725
0.09293951957770286 0.002922910231898057 0.8645765509326908 0.039561019257708274
0.4575583451518088 0.32889042510351485 0.09599773407586143 0.1175534956688149
0.44162060928102564 0.1491797815291177 0.25530645092711257 0.15389315826274408
0.256904205641187 0.26177489872151094 0.1575747694972024 0.3237461261400997
0.15218768416781858 0.2189122141422145 0.07316171693491624 0.5557383847550507
0.00012342114702956763 0.6585864084298023 0.13988413929680077 0.20140603112636735
0.723316929199519 0.21370726533938822 0.03097517625227475 0.03200062920881808
0.07208595696723286 0.10574105151375424 0.42247669610480076 0.39969629541421214
0.060623593037815615 0.10257456060713366 0.6032328431414604 0.2335690032135903
0.07979883327625115 0.3932027243983268 0.40294664433737104 0.124051797988051
0.22569881308567497 0.2656916873277684 0.319617465193176 0.18899203439338064
0.38294515697753106 0.15124149653024488 0.05791125084872495 0.4079020956434991
0.178780131284749 0.23376418127972742 0.3596293596227288 0.22782632781279477
0.28200966773177516 0.2814688339571827 0.024160000732858844 0.4123614975781833
0.33833119593334926 0.2628300795956755 0.3007150266742711 0.09812369779670416
0.2086407742366907 0.34624748952151463 0.2715154516412057 0.17359628460058896
