41 70 4 182.14870445581897 364.297408911638
3.2583126137044616 1.414862386053506 7.091346169995026 1.3912253708027684 2.0478133284987816 6.434791200539318 2.7183759650176524 7.016641455343112 9.25703063983807 4.769020782543726 3.9903386504296847 3.5473027165455395 2.6765404065840195 3.853994234379676 5.330518019341977 1.6256842103044493 7.344843144205201 3.832092405815862 7.7075411942732295 4.58391516294902 6.474038135707439 7.556108386468618 4.795822338098095 4.54517391923003 3.0900031642044734 4.974981436700142 4.357192553482424 6.252454357552784 1.9002823794510277 7.672166962980192 1.7487813825101337 2.136015502357645 3.906023769989247 6.78634563236553 9.995245567470082 3.529014861178891 6.24002183407564 8.853409543277015 8.104052970743819 2.9627892443122916 4.119599179839425 7.493505774908753 4.185265368950674 5.146158741684113 3.199578932968507 3.5439688588315095 8.43653319399666 8.869345621904671 2.284921018593581 3.5206464509076336 5.726522317254072 9.107721680491583 6.422112504698851 7.226161210738317 3.543354216910509 3.488567311969367 2.4065837650818684 6.974095683741315 9.48527628020603 7.131893434139809 8.766844632174914 9.203559315103886 8.338064340508735 8.46773077748777 1.24387344943668 3.1685297433896777 3.396941289601455 4.421902687744551 5.31326526703026 3.8927718620221836
0.6516625227408923 0.2829724772107012 1.418269233999005 0.27824507416055366 0.4095626656997563 1.2869582401078636 0.5436751930035305 1.4033282910686222 1.8514061279676142 0.9538041565087452 0.7980677300859369 0.7094605433091079 0.5353080813168039 0.7707988468759351 1.0661036038683955 0.3251368420608899 1.4689686288410402 0.7664184811631725 1.541508238854646 0.916783032589804 1.294807627141488 1.5112216772937237 0.9591644676196189 0.909034783846006 0.6180006328408947 0.9949962873400284 0.8714385106964848 1.2504908715105567 0.3800564758902055 1.5344333925960385 0.34975627650202673 0.427203100471529 0.7812047539978494 1.3572691264731058 1.9990491134940165 0.7058029722357781 1.248004366815128 1.770681908655403 1.6208105941487638 0.5925578488624583 0.823919835967885 1.4987011549817506 0.8370530737901347 1.0292317483368225 0.6399157865937014 0.7087937717663019 1.6873066387993318 1.7738691243809341 0.45698420371871623 0.7041292901815267 1.1453044634508145 1.8215443360983166 1.2844225009397703 1.4452322421476633 0.7086708433821018 0.6977134623938734 0.48131675301637367 1.394819136748263 1.897055256041206 1.4263786868279618 1.7533689264349828 1.8407118630207773 1.667612868101747 1.693546155497554 0.24877468988733603 0.6337059486779355 0.679388257920291 0.8843805375489102 1.0626530534060519 0.7785543724044367
0.37811944610382897 0.015531044744856892 0.04340581313422842 0.5629436960170857
0.10020897849021848 0.2640121904074011 0.37304597340574885 0.26273285769663157
0.03261042688922067 0.48239031770600793 0.3145691138657929 0.1704301415389785
0.43492332203686457 0.048758633039854504 0.04290581698745388 0.47341222793582705
0.05887044519220874 0.5038740112306999 0.3223744783873589 0.11488106518973251
0.17010918751016402 0.19153124597596416 0.28342997280743765 0.3549295937064342
0.5630141294187041 0.19719050681637051 0.048664429321875535 0.19113093444304985
0.24944998716114897 0.16091704257106876 0.17600624999867864 0.41362672026910363
0.22295932453294576 0.18592959806941634 0.5742306616156703 0.01688041578196764
0.044437067282930176 0.7167811179946658 0.0956679514866684 0.1431138632357356
0.0920117117681093 0.0577677530762295 0.7943956809538081 0.055824854201853125
0.014598500574212858 0.017563558171909133 0.25782246426173405 0.710015476992144
0.23157127508396247 0.13257002496632997 0.3761547355796745 0.25970396437003307
0.03128370263515068 0.4665604524792294 0.22414963990734182 0.2780062049782781
0.0724676179853071 0.45584593333282053 0.3627760325241528 0.10891041615771957
0.6254657621485622 0.06513547881136683 0.0472921747713152 0.26210658426875577
0.003318730091000921 0.08458391138940768 0.4806764417046264 0.43142091681496497
0.09186463031061554 0.2925413636095875 0.18025386479973116 0.4353401412800658
0.14550398617381577 0.5833198791024827 0.011994711814137138 0.25918142290956436
0.20214625823007282 0.047962123618987995 0.09222351248576877 0.6576681056651704
0.13624016929435778 0.30178038007664776 0.22229058234367916 0.3396888682853153
0.10269606706946033 0.1849333000351927 0.44663874080643573 0.26573189208891124
0.02322653415063769 0.19752846797336399 0.4719681822550226 0.30727681562097575
0.5324441441147837 0.2955306436262334 0.01618531123724798 0.15583990102173495
0.5245112036371808 0.1425382302977385 0.09331582608759781 0.23963473997748286
0.020691957743507072 0.6316405699961203 0.21886389250430438 0.12880357975606826
0.025425016632492525 0.11210800556629241 0.08643119360986495 0.7760357841913501
0.031234184393140407 0.5128711726796231 0.13419147391603703 0.32170316901119944
0.3081957982780035 0.02044559190975126 0.18472512811688968 0.4866334816953556
0.2928760583538329 0.3160386203626908 0.29019525576248684 0.10089006552098945
0.18099282465453725 0.22207008044382714 0.2715300855093272 0.3254070093923084
0.07191726794191766 0.1726178775860413 0.44041121901370184 0.3150536354583392
0.14893319557540596 0.03822228193356503 0.33833626873097467 0.47450825376005434
0.08443961802190725 0.3013510163473969 0.6085822185123491 0.005627147118346776
0.2142074877515262 0.5209787336960017 0.20080145152260875 0.06401232702986337
0.32229578594563335 0.2754018004397384 0.08618803472057945 0.3161143788940488
0.3515871164462899 0.06880411128937225 0.41095067024452636 0.16865810201981146
0.6722776932906084 0.04907514291486714 0.10083660556368579 0.1778105582308387
0.08470469305493122 0.554906689081897 0.291519409095616 0.06886920876755576
0.011485763201647625 0.6151422012630198 0.015847486889889573 0.35752454864544303
0.6818670579564342 0.006678407364727357 0.28313148405381483 0.028323050625023605
0.3328026958581358 0.046171012162064096 0.11998901956152275 0.5010372724182773
0.266668896624185 0.3356284092494958 0.1171276348794641 0.2805750592468551
0.13418651679126625 0.2772748108679697 0.4694268708283881 0.11911180151237599
0.260971904464007 0.26119322021754054 0.11931054947613706 0.3585243258423154
0.1998974590439726 0.16443813392612083 0.2635899770539504 0.3720744299759562
0.15659562851609143 0.18914609721946307 0.09025525261821465 0.5640030216462308
0.056330425090836966 0.2968887955748907 0.5182556835744196 0.12852509575985271
0.1323377550158079 0.20760650679822412 0.3843171046276207 0.27573863355834727
0.010240329429256345 0.630419030213996 0.3066038511869219 0.052736789169825715
0.15108658829114152 0.24518318514138915 0.29524178479414276 0.30848844177332657
0.026984960179256223 0.3304102353893654 0.08029445704119942 0.5623103473901789
0.052540547313397745 0.5278181404429312 0.2460291100857428 0.17361220215792827
0.3136454943418877 0.3195290398662539 0.002835644877611232 0.36398982091424714
0.23966675515767566 0.1152611434755022 0.5694925746853055 0.07557952668151668
0.05727819930779132 0.3898368545286581 0.23220220877610198 0.32068273738744857
0.11373674790010557 0.7628491837921666 0.09741889453068031 0.02599517377704752
0.07216120107299184 0.19985543463608058 0.661735403514653 0.0662479607762746
0.38429824703946414 0.1447655486546171 0.41826366541580595 0.05267253889011281
0.552107654797807 0.018973055943690587 0.32965066214963545 0.09926862710886697
0.19638493822904612 0.29309655010345037 0.0048230560392976685 0.5056954556282058
0.6291377314195472 0.13173107954103136 0.16244197143054417 0.07668921760887726
0.525445904687454 0.05807917417684816 0.06615417908430044 0.3503207420513974
0.16328285646504603 0.26964323143402436 0.329026142819574 0.23804776928135563
0.024750010935305156 0.2808645044078818 0.334149864972238 0.36023561968457507
0.4546962295612855 0.06499287651422969 0.26553478164528344 0.21477611227920135
0.6166112534675177 0.09464468843564822 0.047376035181873166 0.24136802291496096
0.41663697742847916 0.34823231339084726 0.18078310574413836 0.05434760343653522
0.4374353552492902 0.2096000644812851 0.05952977114295066 0.293434809126474
0.05085151906043073 0.1555700895751987 0.7177146983179579 0.07586369304641272
0.20369669555579883 0.35457247833568273 0.019993697183412595 0.42173712892510584
0.18844613250139997 0.49414036769155867 0.020436238673466667 0.2969772611335747
0.19205806355883348 0.5746816929533541 0.08865625331879246 0.14460399016901992
0.14816109268903876 0.34426649861849523 0.4169626975277839 0.09060971116468208
0.12406707728439814 0.21092751226103235 0.19620718631936784 0.46879822413520167
0.3224577242161273 0.017123269128933916 0.01329149049099787 0.6471275161639409
0.3310428396631906 0.012033380965946638 0.35804416469881395 0.2988796146720488
0.08502655062147602 0.197408065336227 0.36655479578029204 0.35101058826200493
0.0945597107216587 0.038363564233437675 0.05419299871547656 0.8128837263294271
0.6708646757825115 0.03821446242977988 0.06456445386282483 0.22635640792488376
0.11074431650238326 0.4898846023408787 0.028973124845079745 0.3703979563116583
0.05852998469980131 0.19216289352295457 0.3094737295220302 0.4398333922552139
0.4278746112357601 0.015890560998611636 0.5239852931669498 0.03224953459867852
0.21588960809408775 0.4095945598689833 0.21571595797777798 0.15879987405915097
0.18421591474847798 0.42530388980524025 0.2809658796932101 0.10951431575307169
0.01653421952967027 0.10390584151766169 0.6067307868012545 0.27282915215141357
0.39973637307413956 0.4146133331934114 0.12780116804245745 0.057849125689991565
0.6093941631269707 0.08730360798038939 0.2757131596322382 0.027589069260401722
0.49246212150001756 0.20918175970480446 0.14924459949383695 0.14911151930134103
0.7751333508389385 0.06279963838454661 0.11161630885128648 0.05045070192522838
0.026608383488793685 0.8708560102760694 0.04418840417852099 0.05834720205661592
0.20814379069740507 0.031230217282657735 0.6473250873564805 0.11330090466345666
0.30163384814399463 0.2473370112078913 0.3689499693760613 0.08207917127205278
0.47539511969261583 0.12680355587479764 0.35939152824323994 0.03840979618934659
0.11396642895853659 0.6725654365061554 0.058229984809554325 0.15523814972575367
0.21286877202804666 0.15926140045552373 0.5663064742518132 0.06156335326461637
0.7090476166099212 0.14142650061775708 0.059860002735175555 0.08966588003714615
0.11829746630438787 0.7197652967047967 0.11047748066638097 0.05145975632443445
0.3264821894985358 0.14914701801495056 0.06721303883715335 0.4571577536493603
0.25795707653005207 0.4568021562901483 0.06181327524841096 0.22342749193138867
0.017666185118943356 0.03615062340336228 0.9266917209262561 0.019491470551438295
0.49803031577946955 0.2360772624665901 0.060887234461654005 0.20500518729228634
0.38406345196281655 0.052640672386335075 0.42309183969325204 0.14020403595759634
0.04480206928846242 0.8302118337363237 0.009658809698714577 0.11532728727649932
0.5005672930387881 0.19394972729556914 0.16761788037261982 0.13786509929302293
0.24910813001593313 0.2208467671769767 0.4576138758348677 0.07243122697222248
0.2151108291176923 0.20260969182751043 0.42591038297984984 0.15636909607494742
0.08817645252779249 0.6993483485062799 0.08113965204986706 0.13133554691606053
0.019067557211431607 0.2842475629303337 0.06581050871886629 0.6308743711393684
0.059744941111387395 0.24404116710529744 0.35905708415812854 0.3371568076251866
0.1252348396128451 0.20288836594160042 0.09926200082130854 0.5726147936242459
0.14579565445980935 0.022882149097384286 0.3255976303779574 0.505724566064849
0.07730372033892952 0.6001805694378025 0.09272752796256911 0.22978818226069886
0.1572744808354265 0.024751221721111882 0.2690406982343174 0.5489335992091442
0.058212773872193035 0.11907857914245856 0.036904106740841214 0.7858045402445072
0.11882383610202807 0.1796310043427346 0.591816797053727 0.1097283625015103
0.4601214878688493 0.10014679541894467 0.08774240667151001 0.351989310040696
0.09138398756161903 0.7032721478158515 0.048788837480890024 0.1565550271416395
0.2851029094426357 0.24215071762356077 0.0003080742931540481 0.47243829864064946
0.38320898730752495 0.24202174198978343 0.34655730892747183 0.028211961775219785
0.2679637983986931 0.4438175116013289 0.15914025759732398 0.12907843240265404
0.7697777156098521 0.015048122792792107 0.026965121280468574 0.18820904031688723
0.09762424579245166 0.6558489945186544 0.12409868681037306 0.12242807287852087
0.16674980541277684 0.1485524154636202 0.5557907607986345 0.12890701832496843
0.09360520548591988 0.42818515167453075 0.1503134325901826 0.32789621024936677
0.11420814276342339 0.0701596314467633 0.012435237864848236 0.8031969879249651
0.1400291134063053 0.07128868591635462 0.2591720687379454 0.5295101319393947
0.5071697636132944 0.08896563686037562 0.2577737706950801 0.1460908288312499
0.4365132573378221 0.12570199424137962 0.08305136585711359 0.3547333825636847
0.5456662693885217 0.12327066845103918 0.04826039164827034 0.2828026705121688
0.5791149677323794 0.22970743656822723 0.054755211484643906 0.1364223842147495
0.10460488411994706 0.07707407466918015 0.3919832097086793 0.4263378315021935
0.19808447028130094 0.15964391573417303 0.48251806456207025 0.1597535494224558
0.07529312880471117 0.15905283787542301 0.1227994980240179 0.6428545352958479
0.07686086260787628 0.21545705262772685 0.3344778709883177 0.37320421377607915
0.32450705078220643 0.053098743074488364 0.4654292879322389 0.15696491821106628
0.26567143584588226 0.2416070689992943 0.4908765762331603 0.0018449189216631634
0.683180839178999 0.18632779398160493 0.03357743135324043 0.09691393548615568
0.32718815156320824 0.4265385822113503 0.098987581828067 0.14728568439737444
0.18127938836791846 0.6578955546089985 0.14891148854271263 0.011913568480370396
