3 40 4 105.63653931988681 211.2730786397736
5.957181123171179 7.373330403562943 3.618142650216499 5.597448446778968 9.036522589128893 9.066637800400942 2.130267794174526 2.865185903243681 1.463204829707469 4.967288592855728 1.2688858979071025 5.1114990195524 6.842296428532847 3.5063855438317777 7.086294117821182 6.317765356747158 1.2158369413944883 6.029686791917938 3.3332720221671885 4.735910773090627 3.5517257359418686 7.238241264816967 4.964083459036655 2.411809646274669 5.901841162286603 8.022832880602303 3.7572717913856177 2.9976209553896327 4.491741318000839 9.427452848743874 9.783958802256404 7.051453083215323 9.125506976845582 8.611757841638614 4.401946371960002 1.8299530798455181 6.880698122711825 6.020566861496058 4.254082867563203 3.025490543558487
1.1914362246342358 1.4746660807125886 0.7236285300432999 1.1194896893557935 1.8073045178257785 1.8133275600801884 0.4260535588349052 0.5730371806487362 0.2926409659414938 0.9934577185711456 0.2537771795814205 1.02229980391048 1.3684592857065694 0.7012771087663555 1.4172588235642363 1.2635530713494316 0.24316738827889767 1.2059373583835877 0.6666544044334377 0.9471821546181254 0.7103451471883737 1.4476482529633934 0.9928166918073311 0.4823619292549338 1.1803682324573206 1.6045665761204606 0.7514543582771236 0.5995241910779265 0.8983482636001678 1.8854905697487747 1.9567917604512808 1.4102906166430647 1.8251013953691164 1.7223515683277228 0.8803892743920004 0.36599061596910365 1.3761396245423652 1.2041133722992117 0.8508165735126406 0.6050981087116974
0.26923557825106126 0.13728433812518737 0.05116648294672932 0.5423136006770221
0.20541034460498753 0.0725671620186138 0.3082753978442201 0.4137470955321786
0.4835855323515865 0.030449527465855386 0.1936515619982292 0.2923133781843289
0.3398486639568179 0.033751460192110394 0.317492797706836 0.3089070781442357
0.061528930829939266 0.2642782272349352 0.6457954481086932 0.02839739382643236
0.5966637746018628 0.09481373634546741 0.032461628490151884 0.2760608605625179
0.07256213782223342 0.05673172678662075 0.022567132399686884 0.848139002991459
0.18781482492387824 0.4937969538835484 0.02556882200047106 0.2928193991921023
0.7263194984280372 0.11578368744860956 0.08462249837708102 0.07327431574627219
0.5528445731504456 0.08082099063712922 0.026660342612037757 0.33967409360038747
0.19207229639360313 0.592864407037528 0.06603471361037061 0.1490285829584983
0.08979086952306481 0.39530335653102333 0.4428421215080375 0.07206365243787438
0.07362366921935759 0.14436209918999598 0.42219084848970534 0.3598233831009411
0.20937334952236364 0.20475357019384366 0.2369958507253921 0.3488772295584006
0.07013250508767022 0.20464800040796904 0.6816690058217412 0.04355048868261957
0.08287101879755743 0.08716252543957725 0.37072729194935916 0.45923916381350616
0.34068848446015954 0.3512890274126832 0.17214215753780104 0.13588033058935622
0.6949634351408759 0.0321886436058334 0.013930327652853292 0.2589175936004374
0.31381911523322203 0.41287063625697584 0.15052228745411922 0.1227879610556829
0.2049397689077791 0.6751850213415365 0.09149950682866514 0.028375702922019297
0.28704976468113286 0.4117602336992906 0.12905280304099742 0.17213719857857912
0.21594947101977668 0.6323544260597194 0.02387561131992988 0.12782049160057407
0.2792945968468563 0.26015190341781047 0.29746563844894836 0.16308786128638486
0.34309386439196143 0.43187395064896217 0.1903255360654421 0.034706648893634284
0.045497305855868864 0.655014473110404 0.042225494583356005 0.2572627264503712
0.5167843658432453 0.3122167126314801 0.14895133118225934 0.02204759034301529
0.06854991826183676 0.4103655339560014 0.4053259788698991 0.11575856891226277
0.18377231801244276 0.3140105130060147 0.04100982698471256 0.46120734199683
0.2755084754336936 0.34322810754688626 0.0017760984243274658 0.37948731859509266
0.000745522041897928 0.15234377868461824 0.08988887896743891 0.7570218203060449
0.4615481516478055 0.1166152070899047 0.10133844503557499 0.3204981962267148
0.39095801573387867 0.048463516895770664 0.15758170957068074 0.4029967577996699
0.22771289672183592 0.036612629918377215 0.6716466498555684 0.06402782350421843
0.04203085099357362 0.10325910785999026 0.42177659158771075 0.43293344955872537
0.004266434167159439 0.29042706443612043 0.4113626849807265 0.29394381641599365
0.46569307144373673 0.27000031508450917 0.23552884369872962 0.028777769773024486
0.04206952345831805 0.13044872870786095 0.5034783353020688 0.32400341253175224
0.5081574288486054 0.1634128187856716 0.10843297474430824 0.21999677762141479
0.2519303025546189 0.09358703616050956 0.582011937096894 0.07247072418797751
0.5005655544364319 0.21432111767560091 0.020437515383111227 0.26467581250485595
0.2917927742254326 0.17714747447373647 0.39159366424775743 0.1394660870530735
0.20137871104307314 0.08210915138913666 0.17113421308973698 0.5453779244780532
0.08722936878080467 0.2749468436070287 0.3845700107141712 0.25325377689799544
0.572793869868875 0.0953409348663925 0.021045609019646583 0.3108195862450859
0.23058420435507399 0.012091217829264145 0.20246962707919391 0.554854950736468
0.06696942393282634 0.40811918670160496 0.17538824757930827 0.3495231417862604
0.10010434458144468 0.09887168171563365 0.35430170551057516 0.4467222681923465
0.2638866709525134 0.2771330024072578 0.41108156967143705 0.047898756968791756
0.48023995608541004 0.26451236733894923 0.0944407343756114 0.16080694220002933
0.19638057670013687 0.16956000815247252 0.5480346821533284 0.08602473299406221
0.5435943265958227 0.18207529733699812 0.24642873975094493 0.027901636316234213
0.4552793614808863 0.03359388313522649 0.2987449548873635 0.21238180049652366
0.14333231747132136 0.033881063330502226 0.7151798067852689 0.10760681241290748
0.04910892439787362 0.4298693729791041 0.25172982675206057 0.2692918758709617
0.05773148782296755 0.37778906835222525 0.21670256889099193 0.34777687493381526
0.26034507272891516 0.5771173599408073 0.1222447545834987 0.04029281274677887
0.06467319799028326 0.22619924783919276 0.6046978823125075 0.10442967185801644
0.158033654701494 0.2010738701619974 0.48231209416765675 0.15858038096885185
0.13946712418246032 0.014273084388682689 0.2658425481118015 0.5804172433170555
0.24057032033459902 0.1271326629688614 0.4312613359173435 0.2010356807791961
0.4824970417738299 0.35119084256932975 0.1315402642507557 0.03477185140608463
0.0921315918005916 0.22252140696340572 0.5171080916938692 0.1682389095421335
0.09556681500661357 0.33524820701184643 0.10391984833286094 0.46526512964867905
0.23083626557632686 0.5201910417420524 0.19750033964157543 0.05147235304004527
0.05564154105168817 0.24904489189670387 0.5358746525378449 0.15943891451376302
0.0740377962799964 0.08222462739127712 0.34648862400314595 0.49724895232558053
0.06227948040577591 0.014216801910181154 0.36931389639700174 0.5541898212870412
0.07556640450523078 0.3607906796612832 0.14695483107524343 0.4166880847582426
0.15724465838513624 0.21556684125753223 0.42590677095364204 0.2012817294036895
0.030311360522466524 0.19301161236327025 0.25618433193733015 0.5204926951769331
0.16252068486651927 0.5322442923066865 0.10043961000343271 0.20479541282336156
0.04629620299294834 0.08792196670608476 0.23776214251040662 0.6280196877905603
0.27555246302085457 0.1347677418863087 0.40446221162011653 0.18521758347272022
0.4172668947572268 0.19432694078937018 0.09042629378485534 0.2979798706685477
0.06154071592069976 0.18499475294018974 0.7415772839512886 0.011887247187821859
0.481846388679705 0.15080938550643397 0.2244106584551807 0.14293356735868035
0.44591410991086855 0.382517812333242 0.038521769568687914 0.13304630818720153
0.1134440838641173 0.3469244200251246 0.411121036054631 0.1285104600561271
0.056872574048715596 0.16346375749959707 0.683676140060676 0.09598752839101132
0.41441885915335785 0.0031430512552316214 0.05952972303477988 0.5229083665566306
