43 60 4 172.5870592259517 345.17411845190344
2.0354910975080105 6.481598853515333 2.2005186776738945 3.165306579688139 3.944251502300258 8.73223741853738 6.994811917882232 5.870459910550634 1.2611244198192435 7.603734666522547 4.554550165879053 8.218424067657999 3.2897901327389136 1.5119644298603663 8.799837768092802 2.989260962959342 4.644905032425337 3.8448682391638784 1.6899642999680253 8.58902224806734 8.640452329703752 9.743185822918491 4.468392229556243 9.590393125977986 5.01182524755747 7.0275218654962694 1.7425004472743986 9.073887219833809 3.6820315061988644 3.360743403367433 1.0461659415801126 5.888822637523654 5.280367303065279 6.727363098143703 9.803837206738056 9.17796482047979 9.19137768202141 5.727301039964309 1.936170548692866 2.628231357321109 9.577361988880675 4.707576850477228 8.785154085464637 7.049595515285585 6.6590721629394505 3.480028989840569 9.070725427667764 2.862022342090287 4.639647187678668 9.942152431546932 7.621543733564087 5.005552712407144 6.045968524993615 4.701299401779718 7.542891927711896 4.5927719731366725 7.031306482321437 7.342440470924873 6.486038841331412 5.860310177634904
0.4070982195016021 1.2963197707030667 0.4401037355347789 0.6330613159376278 0.7888503004600516 1.7464474837074762 1.3989623835764464 1.1740919821101268 0.2522248839638487 1.5207469333045094 0.9109100331758105 1.6436848135315998 0.6579580265477827 0.30239288597207326 1.7599675536185604 0.5978521925918684 0.9289810064850673 0.7689736478327757 0.33799285999360507 1.7178044496134681 1.7280904659407503 1.9486371645836982 0.8936784459112486 1.9180786251955972 1.002365049511494 1.4055043730992538 0.3485000894548797 1.8147774439667619 0.7364063012397729 0.6721486806734867 0.2092331883160225 1.1777645275047308 1.0560734606130557 1.3454726196287408 1.960767441347611 1.835592964095958 1.8382755364042818 1.1454602079928617 0.3872341097385732 0.5256462714642218 1.915472397776135 0.9415153700954455 1.7570308170929274 1.409919103057117 1.33181443258789 0.6960057979681138 1.8141450855335528 0.5724044684180574 0.9279294375357336 1.9884304863093862 1.5243087467128174 1.0011105424814288 1.209193704998723 0.9402598803559435 1.508578385542379 0.9185543946273345 1.4062612964642873 1.4684880941849747 1.2972077682662824 1.1720620355269808
0.20608185091330178 0.44988097691055207 0.13977603699219032 0.20426113518395583
0.14447837842282873 0.16579114842176101 0.2778345158137864 0.4118959573416239
0.6952608669550929 0.052509744837770156 0.19587181639142803 0.056357571815708885
0.5944491868184307 0.305224432548982 0.09902462652927424 0.0013017541033130131
0.005083284699214041 0.0586372836181005 0.4175827651380021 0.5186966665446834
0.18471295754908879 0.6854685194855007 0.08413800616144884 0.04568051680396168
0.10335251087815445 0.3399601838508296 0.44258680081888935 0.1141005044521266
0.044704402435746915 0.7073352839302781 0.18951455739229195 0.05844575624168302
0.2152285149871862 0.3370356320242174 0.37022533676163694 0.07751051622695948
0.3941979979597263 0.03850008160387386 0.0519884100400263 0.5153135103963735
0.007309493723924754 0.6370610028898889 0.10058662891841597 0.2550428744677704
0.060363544351553666 0.3533219903817827 0.5555699690977195 0.030744496168944146
0.2921975442760082 0.2919432864375786 0.3213101535998868 0.0945490156865264
0.37855533945156983 0.10835083678051649 0.32794571001853134 0.18514811374938234
0.1815347567293506 0.03296306361756385 0.293903111799492 0.49159906785359353
0.0022395771533531006 0.82454549506906 0.011145456447303803 0.16206947133028304
0.47950502144066787 0.19442822956695394 0.2783498017707744 0.0477169472216038
0.08164113622514768 0.28764417081790583 0.5180052846174499 0.11270940833949661
0.48601552405987125 0.4766424136558399 0.010781060366132356 0.02656100191815647
0.4452131001322439 0.0018480233651694267 0.1790102041326288 0.37392867236995786
0.09145020235766321 0.12013080404860432 0.7603378534404248 0.02808114015330765
0.3503059822278525 0.2507534589043354 0.10247970499940406 0.29646085386840804
0.5466971866165931 0.2798812147289984 0.1424886607941821 0.03093293786022644
0.08837381961170587 0.7621118704416263 0.13881775363212634 0.010696556314541472
0.10690220488046798 0.36171435324711665 0.14653064936098759 0.3848527925114278
0.1734633597648233 0.15332634525995914 0.36578669246064255 0.307423602514575
0.08594221175006189 0.11748092407161814 0.2759640742701148 0.5206127899082051
0.038974173914759436 0.17795579730711153 0.36022639820723723 0.4228436305708918
0.5164189777793826 0.009074305387635317 0.3521168143937745 0.12238990243920755
0.19841667873572977 0.21177771983077653 0.42202260579645556 0.16778299563703813
0.005431306395287883 0.25874063098879074 0.3169779808450308 0.41885008177089056
0.023602193184371068 0.6794085870811148 0.19381008653952314 0.10317913319499095
0.27669297993327013 0.16933917669255316 0.3434257512869917 0.210542092087185
0.3242878653498015 0.11247652049806134 0.4711432986564401 0.09209231549569707
0.16441716047206212 0.3671904035050032 0.005437340186495776 0.4629550958364389
0.07022879894549428 0.12858362208301855 0.07245211050780909 0.7287354684636781
0.7933144967584554 0.01758785238782501 0.08225802534670901 0.10683962550701054
0.008865909730762511 0.5742046218356739 0.22674305878231205 0.19018640965125155
0.2356536472419556 0.26902536866258064 0.14542004644578244 0.34990093764968133
0.10689029607493195 0.3316130052071179 0.3563245921824536 0.20517210653549656
0.07660902741195175 0.4519150437679823 0.025065402924646984 0.44641052589541896
0.7052203515586356 0.05807900891421991 0.2202757089806322 0.016424930546512284
0.30797919859265654 0.41440643255143195 0.27297066744902676 0.004643701406884748
0.0654917229489771 0.42437249283258116 0.48925357979208783 0.020882204426353912
0.09338953694699603 0.3400574977242673 0.5094634380179717 0.057089527310765
0.14357901685861363 0.611246107582222 0.22491527241471987 0.020259603144444527
0.1629158792656893 0.4482416255603011 0.10485298277164412 0.2839895124023655
0.053970145435644046 0.2342124747761235 0.5994350285695563 0.11238235121867612
0.4948549731592492 0.1859869771230297 0.2007179452290333 0.1184401044886878
0.13509358127726756 0.0624286898266444 0.16642774435093854 0.6360499845451495
0.808987193620845 0.009992009034036298 0.11624919542256595 0.06477160192255271
0.017897579434676514 0.062464983361662174 0.09348753740372695 0.8261498997999344
0.5638471395152476 0.009453323296114924 0.09667000197394071 0.3300295352146968
0.11607273987471611 0.033752306542493726 0.23722677405007275 0.6129481795327174
0.16971532539737244 0.019538702840871558 0.6353031786153557 0.17544279314640032
0.41947009785783484 0.14964014545698578 0.172256829990726 0.25863292669445337
0.16403158778387095 0.006653529193450525 0.20402248825504055 0.625292394767638
0.7781038294063669 0.07416209974307952 0.060565210311704254 0.08716886053884931
0.3287612101228927 0.06616063477921685 0.4530681706693309 0.1520099844285595
0.11730813026770515 0.20001432085106974 0.022989109921122575 0.6596884389601025
0.1991614766227019 0.09117130114805472 0.009283998036268226 0.7003832241929752
0.24339801628096225 0.0019452366823975442 0.1586134140171097 0.5960433330195305
0.10274277857321168 0.40059685431957015 0.21680701496144106 0.2798533521457771
0.024168624980544617 0.1744112594557693 0.7668286972409494 0.03459141832273671
0.29142268967360796 0.278201709269451 0.04165319072696272 0.38872241032997834
0.43467832108680526 0.3051854987166689 0.1437376451704151 0.11639853502611075
0.2550462803347965 0.23506338073426603 0.12682731475183262 0.38306302417910487
0.31162746930915075 0.40387161721891396 0.061396280180704754 0.22310463329123054
0.8289612789391418 0.0159366086377144 0.060073293056394306 0.09502881936674945
0.12826034157607324 0.4699277950060534 0.0959589991648242 0.30585286425304914
0.10561720640258265 0.09908900976807256 0.12978277538227712 0.6655110084470677
0.12075217051578746 0.5802235189175169 0.025235984327470762 0.2737883262392249
0.016025917932118938 0.5067716983951247 0.20580643388130782 0.27139594979144854
0.07755780549497093 0.39063610057495424 0.12813307410694053 0.4036730198231343
0.07013593446323718 0.024520959751199056 0.23719484061684182 0.6681482651687219
0.025962269231945 0.32915020116881943 0.5693052809136021 0.07558224868563346
0.15913749655398135 0.006932676990515474 0.8287444065617116 0.005185419893791621
0.3194050602856374 0.13455705432824472 0.4805978692563926 0.06544001612972528
0.3212915884340132 0.6760810119144753 0.0013459359603971155 0.0012814636911143706
0.04474569544182738 0.6259040747694233 0.039525029585805505 0.2898252002029438
0.5897310102096278 0.072240230676208 0.13310439411372765 0.20492436500043654
0.16003461073905834 0.011593065178880146 0.33080880172521787 0.49756352235684365
0.3275349776987574 0.005166650793760774 0.49800897614982 0.16928939535766185
0.4936927425283941 0.4253843445276011 0.0444120367235854 0.036510876220419375
0.5589528061006032 0.3397842852610521 0.0933087230474845 0.007954185590860252
0.0461680577085708 0.30856679408804155 0.001059574515880013 0.6442055736875076
0.2964456118515941 0.3557141254013658 0.00681838754992381 0.34102187519711624
0.02226974834023565 0.434444041286821 0.22508834678813638 0.31819786358480695
0.5391571858835078 0.0050690898253769046 0.34212608381477194 0.11364764047634335
0.5941809916399295 0.18112328747251016 0.044217527792276834 0.18047819309528346
0.04401325478638207 0.008733088747037154 0.1992271053147806 0.7480265511518002
0.5574485338244116 0.015205843723588464 0.14210119237659136 0.28524443007540856
0.4250691522964457 0.51935039014186 0.0474786900497316 0.008101767511962676
0.032586123724061555 0.3748424109343801 0.21613684490716134 0.376434620434397
0.556301598836738 0.11116938585852953 0.3043387108718135 0.028190304432918922
0.06259572079291453 0.3303775986989108 0.050875355292024915 0.5561513252161497
0.14048062858237975 0.042054847838821074 0.6942948062270832 0.123169717351716
0.6174510762514591 0.16605027453770704 0.14446171288654552 0.07203693632428831
0.2824408442832903 0.14571225593892867 0.1505429246451121 0.42130397513266893
0.10280014070070342 0.2978251324699457 0.5442773214572483 0.055097405372102615
0.32840069292610696 0.022498708527401212 0.5438246774589259 0.1052759210875659
0.42141312022115196 0.004581697283673636 0.3715633802533541 0.2024418022418203
0.04342365441727358 0.6078225501322494 0.052536217007665975 0.29621757844281105
0.05202584378358999 0.5300286662634696 0.22388857005641916 0.1940569198965213
0.3499251162543665 0.3058386452082261 0.30566157048816156 0.03857466804924581
0.16413719409901262 0.4913760916196931 0.15500060376120461 0.18948611052008968
0.18935650785356173 0.29939150541968795 0.28099273588295204 0.23025925084379828
0.04126169124479906 0.05269766990848612 0.1675931883159295 0.7384474505307853
0.25202198991810254 0.04379707394657828 0.42565557552947986 0.2785253606058393
0.2978314009614903 0.11157844372577352 0.21020233315900627 0.3803878221537299
0.05045270255823775 0.21177683329529873 0.3631317663133736 0.3746386978330899
0.07951015823403451 0.08979891853650279 0.5242501125886191 0.3064408106408436
0.03174495147393408 0.3984767333698527 0.4999195038262323 0.06985881132998095
0.3007550980618068 0.0010683747130222354 0.3351895419999681 0.3629869852252029
0.3460162288063604 0.3186269836810929 0.09300771413435405 0.24234907337819267
0.24366436715527173 0.44928517816434566 0.20520629253444622 0.10184416214593639
0.1763268615390352 0.6663452673899942 0.15058056991191504 0.00674730115905553
0.16056384146298364 0.4022361742005446 0.3529683761581588 0.08423160817831299
0.10067702073776608 0.19058904726470838 0.19766786604862652 0.511066065948899
0.772124272007062 0.004715381626359871 0.03702318991567288 0.18613715645090523
