74 30 4 76.4759514935324 152.95190298706478
2.8198206408721718 8.060928436995049 8.74483515313328 3.943766809732912 3.2397442847635007 8.293273446218297 7.420913103315365 6.951955720404018 7.3944213132661 2.0161078765310565 8.829748031104653 5.287850356293555 1.7224379284367726 2.338934157304754 3.9162182834124 1.0608164633927657 7.451920654665319 1.585690493494888 4.814611642037224 8.243916315285585 1.265465106800412 5.731914777098036 8.086024144643336 8.306882746469501 4.073116818914792 4.597060083336812 8.760985323374403 1.0192206760253426 2.5206640234219195 4.452658176320602
0.5639641281744343 1.6121856873990097 1.748967030626656 0.7887533619465824 0.6479488569527001 1.6586546892436593 1.484182620663073 1.3903911440808037 1.47888426265322 0.4032215753062113 1.7659496062209308 1.057570071258711 0.3444875856873545 0.46778683146095085 0.78324365668248 0.21216329267855313 1.4903841309330637 0.31713809869897763 0.9629223284074447 1.6487832630571169 0.2530930213600824 1.1463829554196072 1.6172048289286671 1.6613765492939003 0.8146233637829583 0.9194120166673624 1.7521970646748806 0.20384413520506853 0.5041328046843839 0.8905316352641204
0.034670346027798504 0.49701886497441194 0.06826200714765629 0.40004878185013326
0.1520648946252241 0.3360711292844857 0.08971515229075133 0.4221488237995389
0.20361266001848766 0.2388284271574308 0.3400826169201505 0.21747629590393103
0.26696216840848797 0.10508262517896916 0.15194791524133766 0.4760072911712052
0.6458748369055124 0.02076074297799302 0.10910522142703505 0.22425919868945954
0.5633917337172312 0.0661494278634368 0.2835643746790818 0.08689446374025023
0.0026701521586803834 0.16186869533478843 0.2798110942455362 0.555650058260995
0.11709099923801003 0.4709449218600925 0.08921021940117124 0.3227538595007262
0.08006484091487132 0.6195935273978889 0.2578714612470985 0.04247017044014134
0.24076642405555182 0.24396773549716544 0.3024370906493593 0.21282874979792343
0.12496103319980167 0.0011512121032074552 0.2948592881792774 0.5790284665177134
0.03868267769202127 0.37365028576801906 0.2873273410023448 0.30033969553761486
0.03220866509838305 0.8059295366383593 0.02047118559452865 0.141390612668729
0.280661045847055 0.12456911497326228 0.18299439082705016 0.4117754483526326
0.23098798675421028 0.1300979013064112 0.343407559735753 0.29550655220362554
0.1349166071469785 0.13877972383145876 0.3773419682870298 0.3489617007345329
0.6391490103145848 0.2346052871380263 0.10492061717353751 0.02132508537385136
0.19711824028098857 0.31151653041037075 0.2242579269133399 0.2671073023953008
0.06231065126832114 0.5394878224573825 0.3821742976460937 0.016027228628202717
0.026214233014971944 0.5270683179490369 0.03421094070977926 0.41250650832621194
0.6386781107835241 0.060078181110875484 0.12683325696152958 0.17441045114407083
0.2735668867760833 0.11011442953526362 0.27782465952936575 0.3384940241592873
0.06443640260589767 0.046403484206834156 0.03772768618893918 0.851432426998329
0.6555728132707235 0.07626893658445555 0.16224833674288697 0.10590991340193401
0.0737120014921957 0.13689452660736057 0.1717573381607972 0.6176361337396465
0.4631715918987548 0.13087264123116815 0.32581779584053905 0.08013797102953801
0.018685203615573687 0.16571116525848795 0.6515108104321066 0.1640928206938318
0.13318248968069957 0.07985157837929002 0.5236688519164328 0.26329708002357766
0.4895453902627366 0.13210411710204673 0.2239959781732691 0.1543545144619476
0.38054820415253077 0.26084674552300924 0.007893422530035887 0.3507116277944241
0.130468957429153 0.5714384243398218 0.04653019851285345 0.2515624197181717
0.06814252812083921 0.4662990965777918 0.1295891657472541 0.3359692095541149
0.13770699541212827 0.08222156631270505 0.4879319468237566 0.29213949145141005
0.48367475257868087 0.24469049390868503 0.25067155373583316 0.020963199776800945
0.019000022932276317 0.7153953737054763 0.2143324113083146 0.05127219205393274
0.05748806604787848 0.029384620900260283 0.29783040691215334 0.6152969061397079
0.20035946291693862 0.026372387508123096 0.7068297672930418 0.06643838228189647
0.2961374266516046 0.041772985232491844 0.2961440599730846 0.365945528142819
0.05371122796049166 0.49070166312809693 0.3930849213249539 0.06250218758645754
0.10128679199789181 0.4126889492170487 0.08510873416038434 0.40091552462467517
0.7869470568992287 0.04237303182064345 0.10353621167848404 0.06714369960164379
0.506502240807773 0.1590690220116625 0.12662007028683442 0.20780866689373012
0.49174330285663537 0.3578467596404925 0.03482755043531527 0.11558238706755686
0.020372987850272306 0.4547346502229431 0.2167832327728405 0.30810912915394406
0.35254712252836884 0.29170165355041855 0.20857311782443533 0.14717810609677728
0.2807715327432573 0.4303753489325397 0.09374301854051537 0.19511009978368765
0.34980555646534695 0.5720472178300455 0.06444559597336053 0.013701629731247
0.204203538490474 0.11286913508417196 0.25787003366356653 0.4250572927617875
0.0996362289358913 0.03053470460601504 0.44972207729262736 0.4201069891654663
0.03784691478222313 0.5549628160384491 0.40244407763468215 0.004746191544645617
0.19170144349224072 0.09864309185751696 0.620637419159512 0.08901804549073034
0.05866971741711746 0.2890806187976329 0.32133205877061755 0.3309176050146321
0.24931008146574607 0.052248366964529946 0.3925633882095204 0.30587816336020357
0.5903774580925283 0.2442457509671454 0.06172836864663489 0.10364842229369142
0.09204275746116597 0.1449954719885046 0.5976742866392561 0.16528748391107329
0.6102497642853931 0.07422554621332988 0.18623755509312956 0.12928713440814743
0.21646807815157454 0.3036735615645402 0.21687856112299408 0.2629797991608912
0.15793420557525484 0.13325820996175108 0.29890154909487876 0.4099060353681153
0.7690292223840839 0.09569688213343863 0.10632280232446711 0.028951093158010366
0.03166836735318679 0.36503318966900833 0.31251355748313736 0.2907848854946675
