41 30 4 70.75520684552015 141.5104136910403
3.2583126137044616 1.414862386053506 7.091346169995026 1.3912253708027684 2.0478133284987816 6.434791200539318 2.7183759650176524 7.016641455343112 9.25703063983807 4.769020782543726 3.9903386504296847 3.5473027165455395 2.6765404065840195 3.853994234379676 5.330518019341977 1.6256842103044493 7.344843144205201 3.832092405815862 7.7075411942732295 4.58391516294902 6.474038135707439 7.556108386468618 4.795822338098095 4.54517391923003 3.0900031642044734 4.974981436700142 4.357192553482424 6.252454357552784 1.9002823794510277 7.672166962980192
0.6516625227408923 0.2829724772107012 1.418269233999005 0.27824507416055366 0.4095626656997563 1.2869582401078636 0.5436751930035305 1.4033282910686222 1.8514061279676142 0.9538041565087452 0.7980677300859369 0.7094605433091079 0.5353080813168039 0.7707988468759351 1.0661036038683955 0.3251368420608899 1.4689686288410402 0.7664184811631725 1.541508238854646 0.916783032589804 1.294807627141488 1.5112216772937237 0.9591644676196189 0.909034783846006 0.6180006328408947 0.9949962873400284 0.8714385106964848 1.2504908715105567 0.3800564758902055 1.5344333925960385
0.08319793139001486 0.23969359860879036 0.6765801997200929 0.0005282702811019169
0.34662213109326945 0.23560251713735725 0.20711457074090878 0.21066078102846453
0.24439765921872303 0.10952071510912964 0.47236309167177604 0.1737185340003713
0.14276900206595344 0.3824001442956101 0.07728779860497548 0.397543055033461
0.1562870850090965 0.12630782798096007 0.6602135625883911 0.05719152442155229
0.027097049937408912 0.7882434323413394 0.0476422546295755 0.13701726309167617
0.2663268099557172 0.17072949402719706 0.042195392353781225 0.5207483036633045
0.3642211688976196 0.013898277206209397 0.015531044744856892 0.6063495091513141
0.10020897849021848 0.4147917661050101 0.22226639770813983 0.26273285769663157
0.03261042688922067 0.4939773451749523 0.30298208639684854 0.1704301415389785
0.43492332203686457 0.048758633039854504 0.07906250134618953 0.4372555435770914
0.05887044519220874 0.5861999611013571 0.24004852851670166 0.11488106518973251
0.17010918751016402 0.19153124597596416 0.20137369593257592 0.4369858705812959
0.24944998716114897 0.5107546490739256 0.048664429321875535 0.19113093444304985
0.22295932453294576 0.18740770519927197 0.17600624999867864 0.41362672026910363
0.044437067282930176 0.3644518553194319 0.5742306616156703 0.01688041578196764
0.0920117117681093 0.6692064735094867 0.0956679514866684 0.1431138632357356
0.014598500574212858 0.13518096427012594 0.7943956809538081 0.055824854201853125
0.03216205874612199 0.25782246426173405 0.0741567770424364 0.6358586999497076
0.23157127508396247 0.2662728800304176 0.24245188051558686 0.25970396437003307
0.03128370263515068 0.6907100923865712 0.16909578882055853 0.10891041615771957
0.0724676179853071 0.45584593333282053 0.1622876896418014 0.30939875904007097
0.003318730091000921 0.6221470320575613 0.11242765358268203 0.26210658426875577
0.0879026414804086 0.4767572172395256 0.003919224465100846 0.43142091681496497
0.09186463031061554 0.2925413636095875 0.3444178713560955 0.2711761347237015
0.14550398617381577 0.1968279081610138 0.39848668275560606 0.25918142290956436
0.20214625823007282 0.047962123618987995 0.18791216752194473 0.5619794506289945
0.13624016929435778 0.15138919781029525 0.37268176461003166 0.3396888682853153
0.10269606706946033 0.11805893505454135 0.5135131057870871 0.26573189208891124
0.02322653415063769 0.509217609964146 0.16027904026424056 0.30727681562097575
0.12622394470640497 0.154777706535694 0.3619256412429599 0.35707270751494113
0.21808769381247683 0.5034129478440513 0.15110041870758462 0.12739893963588722
0.2826632065368344 0.17802109809473365 0.41368743113561757 0.12562826423281437
0.28007182787862595 0.4117238622034093 0.20906227441702951 0.09914203550093525
0.27650747910770745 0.38728093019688314 0.017533083377610392 0.318678507317799
0.24094774926551976 0.588800114899788 0.08175872640179072 0.08849340943290152
0.32141909578024264 0.058792313969151966 0.17805776414208696 0.44173082610851844
0.20369669555579883 0.3745661755190953 0.12475986779153114 0.2969772611335747
0.18844613250139997 0.49414036769155867 0.17280950963802144 0.14460399016901992
0.19205806355883348 0.5746816929533541 0.1426505323231303 0.09060971116468208
0.14816109268903876 0.34426649861849523 0.038774184557264335 0.46879822413520167
0.12406707728439814 0.21092751226103235 0.017877894290628582 0.6471275161639409
0.3224577242161273 0.017123269128933916 0.36153939198289 0.2988796146720488
0.3310428396631906 0.012033380965946638 0.30591319110885784 0.35101058826200493
0.08502655062147602 0.10208972304909691 0.0953183422871301 0.717565384042297
0.0945597107216587 0.038363564233437675 0.576155863257195 0.2909208617877086
0.6296020436883417 0.041262632094169804 0.10277891629260472 0.22635640792488376
0.11074431650238326 0.44942229124240285 0.04046231109847587 0.39937108115673803
0.05852998469980131 0.19216289352295457 0.17718173301300422 0.5721253887642399
0.21588960809408775 0.22787556414028398 0.5239852931669498 0.03224953459867852
0.18421591474847798 0.44126825321459306 0.21571595797777798 0.15879987405915097
0.6095198045537182 0.1176510432948682 0.16331483639834188 0.10951431575307169
0.01653421952967027 0.10390584151766169 0.8217108132626765 0.057849125689991565
0.39973637307413956 0.4146133331934114 0.1580612244720473 0.027589069260401722
0.6093941631269707 0.08730360798038939 0.15419070959129888 0.14911151930134103
0.49246212150001756 0.20918175970480446 0.2479054168699496 0.05045070192522838
0.7751333508389385 0.06279963838454661 0.10371980871989894 0.05834720205661592
0.026608383488793685 0.1815354072086114 0.689320603067458 0.10253560623513691
0.2393740079800628 0.30959685137182313 0.3377282359846574 0.11330090466345666
0.30163384814399463 0.30056482742341883 0.31572215316053376 0.08207917127205278
