81 20 4 54.16823259104716 108.3364651820943
4.198772060247128 4.067639890203715 9.397957980534128 9.224372670805238 8.537182555387549 1.5353925915241535 3.233892026089046 5.582074999686456 1.805897989422977 8.066357984904393 4.592003423404422 4.98425848422054 7.914851932617836 6.09488257740724 3.2083194483127198 5.905059994124724 2.301125987332957 5.040362768034796 5.188642325647429 7.457417492186885
0.8397544120494256 0.813527978040743 1.8795915961068257 1.8448745341610475 1.7074365110775098 0.3070785183048307 0.6467784052178092 1.1164149999372912 0.3611795978845954 1.6132715969808786 0.9184006846808843 0.9968516968441079 1.5829703865235671 1.218976515481448 0.641663889662544 1.1810119988249448 0.4602251974665914 1.0080725536069592 1.0377284651294858 1.491483498437377
0.3256363323022652 0.09243113742572218 0.5361512749830706 0.04578125528894206
0.33100557292898325 0.3791247476690466 0.2786179229517911 0.011251756450179062
0.10257225865385611 0.09686490520414603 0.05729018945504871 0.7432726466869491
0.08115327437574316 0.13451503911279517 0.07380664976840434 0.7105250367430573
0.34287369712017457 0.09972158476178883 0.39220962303699236 0.16519509508104424
0.022025527590031402 0.676272978946748 0.28151918876500037 0.020182304698220244
0.0069532511826085885 0.08008446795215718 0.7670838124857475 0.1458784683794867
0.012587087275658715 0.42768185207231213 0.2908641584233357 0.26886690222869347
0.2679841468862566 0.20775824354665673 0.47663073167115444 0.04762687789593223
0.04083970868276243 0.5100295513292917 0.44543049384235645 0.003700246145589392
0.08306212511317357 0.023491654838469378 0.4611425042261952 0.43230371582216187
0.07911471629365008 0.07657999491802614 0.08935426871309038 0.7549510200752334
0.1280354609557326 0.4744660367048581 0.060520250092928496 0.3369782522464808
0.046382649360062866 0.4297487946022024 0.4485574588928761 0.07531109714485862
0.4507028389280475 0.13386660096220626 0.37898726350329315 0.03644329660645307
0.06088365894147585 0.0703034807633145 0.553691003844255 0.3151218564509547
0.10761803630353017 0.6336212504622424 0.09187475952031787 0.16688595371390957
0.19620813298795314 0.043999398611575424 0.2994534074834865 0.46033906091698495
0.2060372262727187 0.389990424625433 0.06887679640292654 0.3350955526989218
0.12025308283921476 0.11092561016082203 0.4214122635666572 0.34740904343330603
0.6248217336516185 0.2691203747517842 0.08875802686500744 0.017299864731589842
0.26819482010536067 0.45851474695762895 0.1955574901838255 0.07773294275318487
0.18540435848470616 0.14492971796543586 0.24915490846087895 0.42051101508897903
0.3706378578800389 0.14707325496376922 0.19721837445247947 0.2850705127037124
0.1571628679406437 0.11968456080890366 0.7195946027964181 0.0035579684540345546
0.30535163927104414 0.03368757749027873 0.4015091833755363 0.2594515998631408
0.17528303618890018 0.5568272860526206 0.02343998083129506 0.2444496969271842
0.13659101826204145 0.1174175416076435 0.18107618864618635 0.5649152514841287
0.21143189261989315 0.08189952948346324 0.44200627431271966 0.26466230358392395
0.40425697174572606 0.24415909415521242 0.01308776414331303 0.3384961699557485
0.8427408101689403 0.10096406839546745 0.0006760907064322641 0.05561903072915997
0.22343516890818005 0.038803212373128115 0.02949941650465515 0.7082622022140367
0.21560899090434793 0.3605969473028836 0.18761128235342694 0.23618277943934152
0.45222129136975997 0.08423231151639743 0.16406143529140882 0.2994849618224338
0.41124048721712325 0.1333734023714831 0.2818525674395722 0.17353354297182144
0.2834035990697805 0.18082115548425226 0.411062802174496 0.12471244327147124
0.17604394220306974 0.005929809435634703 0.050475414459205004 0.7675508339020906
0.0724902984689032 0.2853153309252796 0.04271941700716375 0.5994749535986534
0.028499595505352193 0.03157481552129571 0.4775461416251304 0.4623794473482217
0.03189516307948903 0.26341631316537306 0.42610171747149317 0.27858680628364474
