14 70 4 184.17844552690335 368.35689105380663
5.6254900939542125 7.958485468713671 8.833849171523314 1.0724225367683613 3.787623329546837 9.618433654293018 5.6180504104109845 3.8645598238488876 5.852799436830833 2.991294481849839 8.25833222131843 4.080291630532159 5.849999641604302 1.0528640699595249 7.058372303624728 2.8902183596086433 9.393018335908407 4.368202745333429 7.771770298773518 7.8682510166096975 8.83449509744575 1.991000604309415 3.7008278235440546 5.274151893554217 7.056430472499272 3.3183318962855597 7.310361877520387 6.913000534368361 2.638069819407048 3.898566935461907 8.987837112287455 1.7501424494478108 7.7190770812636735 1.5611504408512875 7.5833301391545564 7.682602194941895 4.671242321064952 9.92244699008633 5.069235688825526 2.7089068881512937 4.164638248894443 7.433304997827339 4.216918269265891 1.4645669859556838 3.843271039167692 9.989241504084829 3.591143709555827 5.156162842742253 7.61741299885576 9.493110556708237 2.578623783989894 2.911792383127601 2.1922985165550553 2.8781307302273165 9.961191500891765 3.2198124872558145 1.9904784274979455 5.520882144385049 5.105096337010265 7.610412060512936 6.588491871900695 6.589632040199325 2.351553707764298 5.844470913865125 2.083125191605307 2.3772296981925667 5.051607011326229 4.86165112486038 7.60295872754411 1.6621439505535636
1.1250980187908426 1.5916970937427342 1.7667698343046627 0.21448450735367225 0.7575246659093674 1.9236867308586034 1.1236100820821968 0.7729119647697775 1.1705598873661667 0.5982588963699678 1.651666444263686 0.8160583261064318 1.1699999283208604 0.21057281399190497 1.4116744607249456 0.5780436719217287 1.8786036671816813 0.8736405490666858 1.5543540597547036 1.5736502033219395 1.7668990194891498 0.398200120861883 0.7401655647088109 1.0548303787108435 1.4112860944998544 0.6636663792571119 1.4620723755040774 1.3826001068736722 0.5276139638814097 0.7797133870923814 1.797567422457491 0.35002848988956214 1.5438154162527347 0.3122300881702575 1.5166660278309112 1.5365204389883789 0.9342484642129903 1.984489398017266 1.0138471377651053 0.5417813776302587 0.8329276497788886 1.4866609995654678 0.8433836538531783 0.29291339719113674 0.7686542078335383 1.9978483008169658 0.7182287419111655 1.0312325685484507 1.5234825997711519 1.8986221113416473 0.5157247567979788 0.5823584766255202 0.43845970331101103 0.5756261460454632 1.992238300178353 0.6439624974511629 0.39809568549958907 1.1041764288770097 1.0210192674020528 1.5220824121025873 1.317698374380139 1.317926408039865 0.47031074155285957 1.168894182773025 0.4166250383210614 0.47544593963851334 1.0103214022652458 0.972330224972076 1.520591745508822 0.3324287901107127
0.27878582976294164 0.22930230869764678 0.13051978976690748 0.3613920717725041
0.0830692156172197 0.14544834704754916 0.18906008575816147 0.5824223515770697
0.09261083478602605 0.6378694060674327 0.23404903736654836 0.035470721779992886
0.43421796147948344 0.22810011230111293 0.2726888945202436 0.06499303169916004
0.43915701403233653 0.18953360476976722 0.02289544127067844 0.3484139399272178
0.0826652146717024 0.15428675239131273 0.05254433672885983 0.710503696208125
0.007062522868663268 0.15607252743247924 0.6906798437045544 0.14618510599430312
0.26761772236847525 0.034527189439703676 0.4381705560614817 0.2596845321303394
0.07624613540160274 0.8120722501800157 0.016922493412027784 0.09475912100635375
0.13308405138174717 0.07142694709703112 0.2076879232823512 0.5878010782388705
0.1301536970709083 0.24965447908616212 0.5660297955816685 0.05416202826126104
0.15242661730936846 0.27614220718579785 0.19210038070402569 0.379330794800808
0.19569040002525562 0.20590380874515146 0.2024952867341666 0.3959105044954263
0.21708887349205896 0.2780590343352213 0.24065752929916084 0.2641945628735589
0.44090703676897136 0.5177779324748117 0.02336538831432511 0.01794964244189179
0.4939436141326402 0.16702055790250625 0.1435728030734571 0.19546302489139644
0.5205341493580471 0.050939304153199694 0.03602070470112917 0.39250584178762404
0.2655824352378039 0.37369270231320695 0.1333662315819184 0.22735863086707075
0.4430711279584959 0.12424725187591557 0.38608354551670077 0.046598074648887766
0.2253937767754437 0.20880388405168848 0.03988836621513081 0.525913972957737
0.1468667460901354 0.2651096952363191 0.15955973993788652 0.428463818735659
0.037295544350340215 0.3586204513377388 0.4041176433231972 0.19996636098872378
0.014509495003620976 0.20777074025474584 0.46043506785328403 0.31728469688834915
0.5643102418817786 0.13008385872413952 0.18545425750786948 0.12015164188621241
0.32604150479871685 0.4770241739777532 0.014690944405085338 0.1822433768184446
0.09570661511230627 0.1977703736066846 0.645008273921818 0.06151473735919111
0.3976741866578708 0.378960100910809 0.05319519714558596 0.17017051528573424
0.23427277168929428 0.23511312129941364 0.502663173972232 0.027950933039060044
0.025156964345572574 0.4849281745834615 0.12200140519825664 0.3679134558727093
0.2465362703154238 0.18276589588823366 0.015107807975553444 0.5555900258207891
0.6502391544119632 0.02014835024130912 0.020019145184606235 0.3095933501621214
0.49502464845912997 0.17433980770190005 0.1712608483118141 0.15937469552715589
0.2554829000386051 0.6891654883698766 0.014544696866102602 0.040806914725415755
0.3349864394754333 0.1579560400903135 0.007686222740658777 0.49937129769359445
0.34743942932323046 0.020465379839904818 0.16254167942434972 0.469553511412515
0.14307068305012494 0.1309438435879523 0.19918381437797072 0.526801658983952
0.332462540281946 0.6300930132262312 0.011817406344614367 0.025627040147208402
0.07517959917340289 0.1089640701660588 0.808623975922658 0.007232354737880309
0.18007857725718557 0.13714738599660137 0.2572627863498711 0.42551125039634197
0.3336911733784297 0.11591511071790661 0.34261506501270067 0.20777865089096303
0.09606291291699409 0.6746382785338199 0.11302896849655619 0.11626984005262986
0.18694069221272858 0.7971996742372601 0.012976127036019358 0.0028835065139919402
0.36766381348140087 0.4070061792460623 0.19146908642150318 0.03386092085103365
0.2493584118221659 0.22606320020420856 0.08018759711612877 0.4443907908574968
0.3530543021975223 0.6305209646567461 0.010480177792664969 0.005944555353066594
0.22011354689304485 0.03387869003676469 0.6563434250115816 0.08966433805860885
0.07923975259429128 0.2090966788899773 0.45353326114045356 0.25813030737527787
0.4920361208915195 0.14957108553284748 0.022525398462958757 0.33586739511267427
0.5015098891974644 0.044792779714930564 0.018657815888352025 0.435039515199253
0.07298522213407133 0.3215768355992802 0.5509224353937869 0.05451550687286155
0.2875581199714565 0.13335570387457152 0.5638697623159942 0.015216413837977782
0.1762517070510703 0.29226306243795586 0.1526373546836507 0.37884787582732316
0.4346551085684084 0.2774524794360198 0.010549497459737434 0.2773429145358344
0.211281095529103 0.23010179386429652 0.45650407199237775 0.10211303861422272
0.4577256096906104 0.35366311849074705 0.17705062012027084 0.011560651698371727
0.10885949278977536 0.11460506385778757 0.43587568827015344 0.34065975508228363
0.4600268640489116 0.019152943308239245 0.5171434830658761 0.0036767095769730807
0.057221709874766824 0.13959604990140972 0.28223499180348754 0.5209472484203359
0.2810125413881728 0.10813321064710402 0.4262326635225063 0.18462158444221688
0.017911177963622182 0.2571762456291553 0.45324549689877836 0.27166707950844415
0.04236232219165126 0.10425204330927595 0.5168688431499002 0.33651679134917256
0.4650592225221921 0.03157861479347057 0.4165900099853599 0.08677215269897742
0.24308628981224278 0.10779629277536473 0.39037112982499655 0.25874628758739593
0.2612632063543112 0.2867820395373829 0.0191205309015664 0.4328342232067395
0.37967577570443434 0.15865586025251743 0.11519057693955859 0.34647778710348964
0.28622773714684746 0.2342592360062169 0.06111014154823069 0.41840288529870495
0.26311934996964637 0.27232976825264876 0.014978093335928921 0.44957278844177595
0.3066246973477452 0.02890040689030038 0.5810061105499075 0.08346878521204693
0.22410502258819942 0.34056539935023644 0.19263964998184202 0.24268992807972212
0.0819595055173683 0.5941145396676012 0.30681103276331334 0.017114922051717163
0.1652937745810068 0.048731929758515036 0.36522544824199243 0.4207488474184857
0.03572971978146555 0.43108446081783325 0.10345872745194507 0.42972709194875613
0.07465994655778141 0.42796997705284023 0.021319430748717005 0.47605064564066135
0.35413027207608405 0.19388613462838322 0.4470338962524676 0.004949697043065138
0.09799092114564267 0.677524955386989 0.1931001318187211 0.03138399164864725
0.16399808241071 0.22872566460940646 0.4308270534403672 0.17644919953951632
0.27796369277115407 0.4707919048858792 0.1769468347896367 0.07429756755333006
0.389271280785603 0.08485908063384617 0.17650686136284133 0.3493627772177095
0.20627827017716915 0.20642682476803453 0.31813707169722727 0.26915783335756904
0.34693136737190944 0.40835314085633356 0.09953661058841279 0.1451788811833442
0.27219737646072817 0.20215815022118377 0.002522477326461936 0.5231219959916261
0.5521470351732273 0.29687955491482554 0.10906036145145859 0.0419130484604886
0.0796724169393287 0.1991439576462557 0.23777291940266465 0.48341070601175096
0.2055806154418085 0.08787568758161224 0.1806156824851728 0.5259280144914065
0.40996198940723616 0.04296171112141789 0.4431828591971796 0.10389344027416636
0.25539501241507867 0.2190802900885691 0.4595060358501083 0.06601866164624393
0.06326907301116036 0.028210172473341566 0.5061731610015257 0.4023475935139724
0.3109784917360907 0.2141335364193221 0.01525486393493769 0.4596331079096495
0.37684684568187754 0.03602832461784733 0.18380384529464322 0.4033209844056319
0.4543218475802414 0.3062357656605609 0.23494192528828906 0.0045004614709086566
0.21742302808987402 0.03728184674807822 0.4333513068556596 0.3119438183063882
0.0684440013800035 0.00028425170014489964 0.13056602786532612 0.8007057190545255
0.09834928329363357 0.16630666824243945 0.12058756443182173 0.6147564840321053
0.09187012885513157 0.329847846553042 0.026317954948401723 0.5519640696434247
0.10044930100646587 0.014491943485321124 0.22162207525876465 0.6634366802494484
0.09860670523694193 0.0315777351395764 0.5668270539507394 0.30298850567274227
0.39732124641348965 0.03111267188107858 0.1396249905955521 0.43194109110987966
0.08651005505353382 0.23234062182718795 0.1335645069936826 0.5475848161255956
0.14254450954075593 0.050100916813314744 0.3196159780655615 0.4877385955803678
0.6527038227583593 0.019108354814123985 0.29417623030841433 0.03401159211910243
0.18293421078774463 0.6297631389606783 0.13634983371177645 0.05095281653980066
0.46036160469005283 0.004281720610000206 0.4564661664959132 0.07889050820403376
0.6148008677161223 0.3451428416595925 0.02771117009155888 0.012345120532726295
0.07031813354991545 0.3897540346732141 0.019682164220291787 0.5202456675565786
0.20920896966062041 0.07676882529063866 0.5458610811738605 0.16816112387488047
0.3778691841600531 0.18190973492726392 0.36508835908527015 0.07513272182741282
0.06125709448844452 0.3610695383535092 0.40806255580170137 0.16961081135634493
0.1118693145882581 0.5051256152499549 0.1156832618921545 0.2673218082696325
0.5272816356960266 0.3098704754805972 0.1300591885016461 0.03278870032173009
0.4005801562854373 0.004202226512610818 0.5025450732289226 0.09267254397302926
0.14365736167306975 0.2663723270545476 0.07284601999852947 0.5171242912738532
0.16232500380379788 0.2852433049795928 0.24197393619049234 0.31045775502611694
0.29762472582356725 0.3502742137174759 0.20163963155164055 0.15046142890731629
0.43556726442329186 0.06724309440597032 0.16320177854701812 0.3339878626237197
0.5292793135640694 0.01931322842508476 0.28371551392006955 0.16769194409077626
0.3604854666489441 0.5551586754308507 0.049080608802830716 0.03527524911737445
0.17662198743169488 0.2357642361468809 0.5474924644276739 0.04012131199375035
0.4867072170252864 0.46644001229684706 0.04026196230924506 0.00659080836862147
0.05867099546165999 0.4346047677493655 0.2152442765774275 0.291479960211547
0.659486599781533 0.0030897457649692317 0.08074436824363485 0.2566792862098629
0.5750670316104027 0.07398213921911245 0.07560373626111716 0.27534709290936765
0.1301340593724516 0.39706336815632093 0.4717609826917418 0.0010415897794856521
0.7875945657487796 0.01737451689777314 0.07293679114411866 0.12209412620932858
0.49406600044791826 0.212602310752941 0.2697519932703565 0.02357969552878425
0.06442476707661193 0.06085556182653806 0.6877374121197002 0.18698225897714982
0.2162619666534542 0.16137406536708532 0.5305738545493336 0.09179011343012689
0.22963567058645762 0.1454862787544281 0.5119484457692113 0.112929604889903
0.1491110561304423 0.354944043036867 0.4718906583082765 0.024054242524414238
0.009554472598895525 0.004298573674179962 0.7941734998094883 0.19197345391743625
0.5014993307259615 0.210879770478265 0.09535873613588253 0.19226216265989093
0.44132594763771127 0.3116345607279273 0.16665260237304336 0.0803868892613181
0.11131076830279707 0.12964670274513157 0.03540063262059756 0.7236418963314738
0.05837764955632374 0.2561519127890606 0.4888015645917454 0.1966688730628703
0.012873757745329284 0.009134919733616575 0.7667367407144267 0.21125458180662748
0.1844770768163816 0.06694641572155957 0.1735985083826589 0.5749779990794
0.08888617579747393 0.12026061083707196 0.7099791561354548 0.0808740572299993
0.4077228049710666 0.2839391693865819 0.16641870823551608 0.1419193174068354
0.37735818545225963 0.5083397476194974 0.06195302229527322 0.05234904463296974
0.17094301096960773 0.5076423519346638 0.04724371725518872 0.27417091984053976
0.035401325859717114 0.036069481249835444 0.4934063347697276 0.4351228581207198
