37 30 4 88.93815142629042 177.87630285258086
9.500469425715762 5.176883568739668 2.7351552606144187 6.237053891919928 6.580757891562644 7.158016157168567 1.9309379951799825 7.709281896559901 3.5378116306681235 7.780821284298549 8.134350666136445 6.646605366514238 4.991399594005613 9.671188171667191 9.07359898347597 2.771238592706717 6.363560198688306 6.160392509329119 7.344544187604809 9.363358165607433 1.4610684599885775 2.2133079002284104 2.053256555048087 4.28252284630532 8.230697544504727 9.732184487743144 3.9968133303657867 5.305778867444513 2.6104370276428845 9.122810395145999
1.9000938851431524 1.0353767137479335 0.5470310521228837 1.2474107783839856 1.3161515783125288 1.4316032314337135 0.38618759903599653 1.5418563793119802 0.7075623261336247 1.5561642568597098 1.626870133227289 1.3293210733028475 0.9982799188011227 1.9342376343334382 1.814719796695194 0.5542477185413434 1.2727120397376612 1.2320785018658238 1.4689088375209618 1.8726716331214868 0.2922136919977155 0.44266158004568207 0.4106513110096174 0.856504569261064 1.6461395089009454 1.9464368975486288 0.7993626660731573 1.0611557734889026 0.5220874055285769 1.8245620790291999
0.0400942675872602 0.3255919002846068 0.39788951719652366 0.23642431493160931
0.0036038843698021905 0.6366674983724455 0.16576698895021924 0.19396162830753305
0.3368509184276991 0.4152234418810742 0.18471723740563795 0.06320840228558877
0.6797012767632207 0.024199378480046274 0.19895780533824237 0.09714153941849069
0.33135133487201707 0.6440044564440048 0.001695449326673093 0.022948759357305004
0.33603111573163336 0.10714117232146447 0.18646002990817645 0.3703676820387257
0.03963437307387663 0.37897142775458537 0.5213748954071393 0.06001930376439868
0.584152685548166 0.2561356660184857 0.12961084219873387 0.03010080623461442
0.32359869262448837 0.3637403103456368 0.09397011864439775 0.21869087838547707
0.1056547172956468 0.3287352419561389 0.3582598840645479 0.2073501566836664
0.12181969616369315 0.18052535884135767 0.36233551644883266 0.3353194285461165
0.40704283646483963 0.04918313568689081 0.16047555570021887 0.3832984721480507
0.2449937392641175 0.5217723047305007 0.04587790591722807 0.1873560500881537
0.17293286856056744 0.33451141747248425 0.33054441598347417 0.16201129798347413
0.09107030481693645 0.37492207369683117 0.05118846954685008 0.4828191519393823
0.37209843570175927 0.438303989659785 0.1651962942612778 0.024401280377177925
0.6430092412146702 0.1006637808032741 0.07441775260986949 0.18190922537218623
0.03371652819289683 0.13596019234886547 0.6455913256102541 0.18473195384798358
0.5311614635318087 0.40874718762431705 0.017592724975348917 0.04249862386852532
0.18240508997401006 0.3118356833905982 0.15934306655450214 0.3464161600808896
0.32863031798333364 0.08976406469245812 0.562158861970108 0.01944675535410023
0.32352382750465924 0.296534962414875 0.1048158261685046 0.2751253839119612
0.6159458979988995 0.10652841935915958 0.259381699502344 0.018143983139596864
0.04713783184133191 0.28293695339324265 0.27578925151484746 0.394135963250578
0.18289522374541167 0.17297882776834395 0.06838479690224941 0.575741151583995
0.24534260252080775 0.1392421711211086 0.012943205952540504 0.6024720204055432
0.005550731753927063 0.3991107193155401 0.5669327205823306 0.028405828348202267
0.026163540734479906 0.06310950105268676 0.7303898453446321 0.1803371128682012
0.2873804029522674 0.38082304113282783 0.2621089120430923 0.06968764387181248
0.38731427244966166 0.32187803133721227 0.08646408357804758 0.2043436126350785
0.19886053041744545 0.3967217414299682 0.22904571131789353 0.17537201683469283
0.019137010762836693 0.3857556412222921 0.0603407636912241 0.5347665843236471
0.46499617811701266 0.07040323473295163 0.3411552370915757 0.12344535005846002
0.038721346767512266 0.3802582723109873 0.5261820132561796 0.0548383676653208
0.4752617907753742 0.10541254650879595 0.006610551881042648 0.4127151108347872
0.6907521832153503 0.039295023562721076 0.1330141394951332 0.13693865372679548
0.20466254825117147 0.39285813583008156 0.3679801562572279 0.03449915966151906
0.07137022569955509 0.33687429069303054 0.5172992420715257 0.0744562415358887
0.1374493749586545 0.33355310361811696 0.014272382168730058 0.5147251392544985
0.22004639720674046 0.10643752410223195 0.6464391521404125 0.02707692655061511
0.19318416057479748 0.17812453969458408 0.17627023422327548 0.45242106550734296
0.3574527044920053 0.19343189963083096 0.059747789232888926 0.38936760664427483
0.2608241854094867 0.42911758827788293 0.01623579895280791 0.29382242735982245
0.47269834643618247 0.20190599281926702 0.007808185800885714 0.3175874749436648
0.004110485069153236 0.020705478404708044 0.053633343928847 0.9215506925972917
0.16282219412576682 0.4139376263925516 0.34718540398334385 0.07605477549833772
0.1082467156325485 0.3730463443935421 0.20771707980411458 0.3109898601697948
0.04412111139287256 0.19172869766604084 0.0016102161730550124 0.7625399747680316
0.16629329014354577 0.4640563260724023 0.11506522304903599 0.2545851607350159
0.1068767515049035 0.38139751255696486 0.3334396965388521 0.17828603939927956
0.15743754492694007 0.504816345717963 0.06020657899986259 0.2775395303552344
0.24828028906114463 0.2394481220675887 0.2837734697025178 0.22849811916874885
0.5196314095919995 0.22405969669829873 0.009832690184811033 0.24647620352489075
0.409210741763089 0.22738912154734092 0.01444381782470483 0.3489563188648652
0.13396220722112795 0.04632641787926306 0.19981604320701996 0.619895331692589
0.28392708438707026 0.07435550056776685 0.2083942304921934 0.4333231845529695
0.3785848799023701 0.0808952603513281 0.2418002819785533 0.2987195777677485
0.13429867250695138 0.3107790887356814 0.5045812618470734 0.05034097691029382
0.023853801283035714 0.013148715454295745 0.06881151628152049 0.894185966981148
0.307965773132275 0.15354183493656437 0.19469328028784227 0.34379911164331833
