56 90 4 245.2379663720693 490.4759327441386
9.85772665488319 4.000710394131881 7.063314622022237 2.7675137549307207 4.190018181769212 8.320293578638545 3.2306459816013495 5.127501926315924 8.89571279347379 4.524926150506673 3.93520078315279 1.8108559921939413 8.507959749314505 1.8659044444782737 6.827905738875522 5.945535895306108 8.647664877015512 3.3878558640189924 4.967814888995725 8.927968442453924 7.627219344579116 7.413760336615036 1.3210477204416589 1.177581060482614 3.9501718411961173 6.067149700284598 7.71145342412856 7.566110990379096 9.91172007713859 9.67135364707079 5.951758014510703 9.894355040956992 5.58329154272388 4.147951936096108 9.381877442046571 2.837639397904261 4.610498503033549 5.249769627628187 2.2404463530868894 7.526824476505401 6.2716306277360205 2.4087314441952916 8.074684253954407 2.4880436162673316 7.699038075666495 3.3332838702834597 7.7701878908310675 2.1603175900332103 1.2287887429135271 2.58923039513393 9.707165705846288 3.5408239762482645 8.436706219862709 4.349411685209541 5.220833052550703 2.695496305075551 2.374620145015581 1.0147819262943498 5.127587214549727 1.349316713611315 7.599940819113288 7.113734945891471 2.314841227179248 5.817459902263663 9.659556714528875 7.640146647005808 9.429123863098534 3.9465419120194807 8.638354672382313 8.85944248739131 2.3566092518522477 1.1567226412939702 4.913312475836408 4.628958724400855 4.0042563080322475 1.320965979043228 2.998325502246008 4.279325254489484 5.748867595800011 7.784719581174158 7.228671235055023 1.9918600051093232 9.899198679077438 9.443804042261851 5.505040273756781 7.145445819186051 5.386889777794902 3.0081730583013444 4.587240435305434 5.582712271081468
1.9715453309766382 0.8001420788263761 1.4126629244044475 0.5535027509861441 0.8380036363538425 1.664058715727709 0.6461291963202699 1.0255003852631848 1.7791425586947578 0.9049852301013346 0.787040156630558 0.36217119843878826 1.701591949862901 0.37318088889565476 1.3655811477751043 1.1891071790612215 1.7295329754031024 0.6775711728037985 0.9935629777991449 1.7855936884907848 1.5254438689158232 1.4827520673230072 0.26420954408833175 0.2355162120965228 0.7900343682392235 1.2134299400569195 1.542290684825712 1.5132221980758191 1.9823440154277179 1.934270729414158 1.1903516029021406 1.9788710081913983 1.116658308544776 0.8295903872192216 1.8763754884093142 0.5675278795808522 0.9220997006067098 1.0499539255256374 0.4480892706173779 1.50536489530108 1.254326125547204 0.48174628883905835 1.6149368507908815 0.49760872325346633 1.5398076151332991 0.666656774056692 1.5540375781662135 0.43206351800664206 0.24575774858270544 0.517846079026786 1.9414331411692576 0.7081647952496529 1.6873412439725417 0.8698823370419081 1.0441666105101406 0.5390992610151102 0.4749240290031162 0.20295638525886997 1.0255174429099454 0.26986334272226303 1.5199881638226576 1.4227469891782942 0.4629682454358496 1.1634919804527326 1.931911342905775 1.5280293294011615 1.8858247726197068 0.7893083824038961 1.7276709344764627 1.7718884974782618 0.47132185037044955 0.23134452825879404 0.9826624951672815 0.9257917448801709 0.8008512616064495 0.2641931958086456 0.5996651004492015 0.8558650508978968 1.1497735191600023 1.5569439162348315 1.4457342470110046 0.39837200102186465 1.9798397358154876 1.8887608084523702 1.101008054751356 1.4290891638372103 1.0773779555589804 0.6016346116602689 0.9174480870610868 1.1165424542162936
0.5156080038658745 0.3716014578969068 0.07924562628516474 0.033544911952054
0.06125915966708273 0.004723186946860913 0.3759501699864153 0.5580674833996411
0.09958381997515531 0.5574019540628736 0.23820980521763901 0.10480442074433205
0.08301366707298918 0.16526867629106978 0.31726584567520655 0.4344518109607345
0.253478820710315 0.06701590890778597 0.3852306263736046 0.2942746440082944
0.16607630654869532 0.47046443668212334 0.2375735165782472 0.12588574019093413
0.5294921604425464 0.08956555953489287 0.1568933759654073 0.2240489040571534
0.12049886415634459 0.5321252720315996 0.2814853973157502 0.06589046649630559
0.09308675892807083 0.7781639809464816 0.11980489411235129 0.008944366013096228
0.3429685054859545 0.2025577675691801 0.04852103829526366 0.40595268864960177
0.2329799677109411 0.1333905209919256 0.4240357350152324 0.2095937762819009
0.15939256030339244 0.26668859122458655 0.437476608023025 0.136442240448996
0.13740837199588152 0.167821880206092 0.06546238928431636 0.6293073585137101
0.06007652009873099 0.17937556852972225 0.00738101277596348 0.7531668985955833
0.4292857453815554 0.10615852448969987 0.259551847843584 0.20500388228516075
0.18906620526817564 0.03831739978436988 0.40939070949915024 0.36322568544830425
0.057694042769647624 0.05379517815655832 0.22767387446007425 0.6608369046137198
0.046859712843968504 0.4868701865989916 0.37614927011452026 0.09012083044251962
0.05863628977290836 0.43257847559155416 0.49014211492460813 0.018643119710929357
0.2900162394584762 0.5542609106896025 0.03641071258156614 0.11931213727035517
0.03435585396683105 0.02047420842931269 0.3852956378092649 0.5598742997945914
0.1338717667565501 0.5280072696173723 0.15451680610457375 0.18360415752150383
0.03915218483534466 0.43815514163250624 0.03703384690921263 0.48565882662293647
0.08216068618047856 0.06824255992433381 0.7910158995990076 0.058580854296179985
0.020556406803787675 0.18221997408709867 0.15247950404209154 0.6447441150670221
0.2406840206204255 0.08340233716376622 0.0037653595027666853 0.6721482827130416
0.16568716642432957 0.2334835763028792 0.33617376634244267 0.26465549093034857
0.023711955694064812 0.7304515710507685 0.22671507510165567 0.019121398153510993
0.030192143083152545 0.23955289423821258 0.3069277472528008 0.42332721542583407
0.47941662013589004 0.013277484173594756 0.032043146727509075 0.47526274896300613
0.273097177545922 0.07327569134021039 0.5164598544987098 0.13716727661515782
0.5642965755619972 0.09497007399235524 0.21344071235942497 0.1272926380862226
0.6683812645506568 0.18446146291651722 0.02389434407573454 0.12326292845709141
0.30349612248780855 0.13228649887727983 0.4900146809587128 0.0742026976761988
0.22388116908630218 0.4046436315845434 0.20550342118174514 0.16597177814740927
0.34381423268481337 0.18663215645144682 0.20047714037683617 0.26907647048690364
0.5482323040059307 0.13945516311831374 0.14389035886981427 0.16842217400594128
0.15810425835656117 0.4065672458736199 0.29588991621577443 0.13943857955404448
0.21201869711462162 0.16349873176291163 0.06241170891984371 0.562070862202623
0.4959359138932563 0.26103702498489967 0.08908800327748778 0.15393905784435624
0.11995306299806963 0.2501131690125571 0.3343868234945335 0.29554694449483976
0.01631551543539289 0.045436208593854444 0.606824029374164 0.33142424659658865
0.22083072009822446 0.15269511747364517 0.3952586667140535 0.23121549571407685
0.08049830443916262 0.6148649652986107 0.02805048081446837 0.27658624944775834
0.3356876751252279 0.39982733895236866 0.1697235679467506 0.09476141797565285
0.24387627386300859 0.48827686970482187 0.18254672456466636 0.08530013186750318
0.1434480438294753 0.1882948033404621 0.12771873082866003 0.5405384220014026
0.15955944336720418 0.47519925598396806 0.1076969503590236 0.25754435028980416
0.2163674733248263 0.0031108357399149966 0.015075713478669317 0.7654459774565894
0.07918553387523886 0.17433690404266866 0.242639061828413 0.5038385002536795
0.49355303447478893 0.0810030233225354 0.009146458176501171 0.4162974840261745
0.17854705442163432 0.18972219746809216 0.5821033239689013 0.04962742414137222
0.21290871643109832 0.051505998821499976 0.610534574180727 0.12505071056667472
0.3981982877821336 0.07943383774791202 0.2411178947770778 0.2812499796928766
0.13109330522767726 0.17496872875021552 0.5633392909630668 0.13059867505904044
0.06521645063072523 0.4717004991311444 0.22080963718770874 0.2422734130504216
0.05570003239970944 0.001565902026735011 0.1245355460234614 0.8181985195500941
0.4554839509603821 0.16257720924057217 0.03185834995181025 0.3500804898472355
0.52287178359337 0.3421683538323972 0.07277936752099123 0.062180495053241525
0.17264515141152326 0.6601411082247887 0.022968448527887153 0.14424529183580093
0.10153971974131437 0.09891803574868752 0.32360006527154506 0.47594217923845306
0.12852172480987922 0.11979494636657906 0.7224239159557664 0.029259412867775336
0.08186118040814472 0.052025724704586884 0.1147014713987009 0.7514116234885675
0.47226496406962715 0.22194133041433184 0.05018273220789626 0.25561097330814475
0.3748593571628399 0.1557071455319574 0.23952588050022106 0.22990761680498162
0.13766161786810027 0.06423811330885876 0.3851127194141555 0.4129875494088855
0.3218682777247138 0.2125042307156485 0.43731614538515384 0.02831134617448383
0.18339631421824953 0.6463126825951752 0.03371083886607318 0.13658016432050213
0.005976812300380496 0.1612527635470531 0.4738538908550154 0.358916533297551
0.022680850252144835 0.49971453729659565 0.015187913818462961 0.46241669863279655
0.033901862227437296 0.2801546652047604 0.5446527852788874 0.14129068728891492
0.042043852742209786 0.35073440669232503 0.4122847687568627 0.19493697180860248
0.24284845179566383 0.39211521170422514 0.13449029257509637 0.23054604392501465
0.2762711265831247 0.006146955428629419 0.24760780820950934 0.46997410977873655
0.10454121942518202 0.4702460223835453 0.30928520205259746 0.11592755613867523
0.5582264657222028 0.2815054910985292 0.026744114714453926 0.1335239284648141
0.060077019562315814 0.892687714606692 0.024932682401752726 0.02230258342923941
0.1424591993228569 0.7832114217944475 0.05423399479599156 0.020095384086704082
0.4821688688115894 0.2566599543116821 0.13160685157206187 0.12956432530466666
0.14943714614103953 0.13520054954856175 0.07479091768023383 0.6405713866301649
0.14982370072877782 0.25970946238536674 0.5834004478067154 0.007066389079140034
0.5372867051104497 0.10656839122582173 0.1358605035375593 0.22028440012616923
0.3060731754994086 0.23996107149493762 0.15052795083584813 0.30343780216980565
0.172558195239517 0.0018586975589224286 0.0538328422125367 0.7717502649890239
0.34878011872860937 0.05233006980831234 0.3822640832691986 0.2166257281938797
0.05055407046051663 0.2069291938889508 0.591395467098881 0.15112126855165153
0.2692192743295865 0.21280660244718286 0.36651655119935644 0.15145757202387422
0.008079836898038262 0.47782640041237723 0.4459186412926366 0.06817512139694792
0.028315339190187028 0.2059369339523256 0.6314774644010167 0.13427026245647067
0.5599764330312567 0.26243365023427023 0.1344612796847019 0.04312863704977121
0.20678671606036358 0.3654893145508369 0.11811472469527518 0.30960924469352435
0.033002470287029184 0.6907507544654601 0.25577239234504545 0.020474382902465282
0.27910927839176247 0.41621844566835753 0.09963944547194825 0.20503283046793175
0.5029668090059994 0.08015998141994896 0.021238430893342763 0.39563477868070884
0.6099362948475462 0.09359221374262383 0.2783170568179212 0.018154434591908797
0.07507984000765366 0.11296313601571029 0.11798589060058873 0.6939711333760473
0.6449799430587987 0.05030351439525882 0.3008262718808813 0.0038902706650612018
0.15157549729490827 0.1455790035237896 0.384921992722687 0.3179235064586151
0.3872548463012915 0.5142281036015955 0.00032452507283209364 0.09819252502428089
0.2896881425772716 0.38926325962429387 0.2003856779458857 0.12066291985254884
0.030076309149594804 0.8251627763636264 0.11572720728617958 0.029033707200599168
0.18355410627520996 0.10207281779650956 0.47051542259446144 0.24385765333381904
0.10155914167724234 0.054326597602876836 0.6578951990615538 0.18621906165832702
0.2455057541771476 0.0652645541407566 0.07150963248665965 0.6177200591954362
0.3418081745577999 0.04467971531842785 0.35824427751824506 0.2552678326055272
0.3210077577408815 0.3468414391152531 0.06311183038034307 0.2690389727635223
0.18668455230122283 0.37097844983426476 0.3030574412951771 0.13927955656933533
0.04099646395813328 0.43382385315384386 0.5034305687118023 0.021749114176220607
0.0871591303929331 0.1934729323869644 0.18666356170569198 0.5327043755144105
0.309369113221415 0.3180627897724976 0.10454364323979859 0.2680244537662888
0.2562101829624709 0.1449779177431696 0.3603911158303498 0.23842078346400974
0.4035166450096255 0.28369622272476747 0.21555709764897646 0.0972300346166306
0.4190556756796969 0.3278111782396851 0.10976538508103906 0.14336776099957893
0.27738391561925524 0.08489746676359733 0.12231084635538747 0.51540777126176
0.07746424697284826 0.06421730195018394 0.7582604262542818 0.100058024822686
0.13989110128546522 0.22196837695807936 0.049553094143269916 0.5885874276131855
0.7619395355636334 0.03300300416766222 0.1934440899282075 0.01161337034049692
0.43012565693065263 0.24745973317843073 0.08331410862887845 0.2391005012620382
0.18764306508796147 0.34155060478174337 0.2100385975134953 0.26076773261679986
0.009463778007164358 0.1524360036956519 0.22856512002003637 0.6095350982771474
0.1401166177021267 0.6235158625170659 0.13764440176073334 0.09872311802007405
0.29390169756740825 0.22162661845707188 0.4323963015158343 0.05207538245968557
0.09721383058479349 0.14154010468836387 0.5746619788443074 0.18658408588253528
0.12160808840974568 0.23835159765692582 0.5396193063672036 0.10042100756612493
0.08718170418472326 0.5685753326869866 0.10582466010123204 0.23841830302705813
0.3543474557467705 0.16370378361962212 0.35784083081368345 0.12410792981992391
0.10274039043014371 0.6038605099593329 0.273090868134503 0.020308231476020344
0.34476518520022537 0.4387011613538335 0.16794294582396474 0.04859070762197637
0.06549981223442503 0.1900390367904281 0.36718521609758015 0.3772759348775667
0.24622007362711973 0.07811805285235629 0.28758140377009 0.388080469750434
0.5384638924486917 0.2539745922875609 0.11099017164569192 0.09657134361805542
0.8444675084079954 0.03876338411385938 0.022453250073415365 0.09431585740472981
0.05890998442604756 0.29759298214282626 0.23051919987858693 0.41297783355253925
0.48740120239407625 0.17615763161410702 0.12771836816927573 0.208722797822541
0.021194702949920208 0.01882873879365976 0.05098078061755451 0.9089957776388655
0.09754236533474281 0.19383772404904442 0.5065347126347379 0.20208519798147484
0.37166908323649406 0.049881582571385974 0.5338605189513692 0.044588815240750757
0.1973063396943262 0.2941411538391241 0.38134094131554175 0.12721156515100795
0.040811058004442735 0.5397841406269527 0.12808811079062898 0.2913166905779756
0.8537058314166297 0.036767044620210854 0.04167162555571935 0.0678554984074401
0.019054280577944893 0.5488048435756304 0.3597195068100193 0.07242136903640539
0.21718654860833642 0.09053718335253091 0.22838194598397965 0.463894322055153
0.08799872110333229 0.29163881830229 0.5611864607760666 0.05917599981831112
0.19453075352284588 0.032916938232770976 0.36368827969523365 0.4088640285491495
0.35449573447654736 0.2524598191636126 0.22167012636372996 0.17137431999611008
0.336133828765522 0.17106913364024656 0.2082664956295478 0.28453054196468364
0.16410730329985102 0.3996809518470922 0.06385690123270893 0.3723548436203479
0.04301818542333413 0.2276816593459038 0.391633952262445 0.33766620296831706
0.1681039960328472 0.3647698676048773 0.4532424846587546 0.013883651703520905
0.391403774749045 0.42472935466588024 0.07859953819358256 0.10526733239149222
0.0036762006174864137 0.32251933204296945 0.11724094205382962 0.5565635252857145
0.29826787652176034 0.12247924005961619 0.13690250836885243 0.44235037504977104
0.1302263474251002 0.07236487556160975 0.3818766106778735 0.41553216633541656
0.18259549342422565 0.26347460924733357 0.04131136730839835 0.5126185300200424
0.15356453559428052 0.3041587622800008 0.22427410838311124 0.3180025937426074
0.2409488280577634 0.17629456152292433 0.36754886287509225 0.21520774754422
0.034721431271595216 0.4201160566658214 0.46821308114837557 0.0769494309142078
0.043048997360567 0.0712651400333717 0.6286119778684233 0.25707388473763804
0.10373572102007766 0.1343087697061135 0.6396203801422077 0.12233512913160116
0.5979512896043166 0.06203535531107662 0.06227322451039041 0.2777401305742163
0.3432670049619688 0.04840096108018399 0.4912005969857981 0.11713143697204909
0.2769747252206517 0.0069501927582673595 0.6622634573340862 0.05381162468699474
0.30713679080321066 0.33369790170252533 0.046593404882403044 0.31257190261186096
0.16082384467995003 0.44959774305390254 0.24294481701272053 0.1466335952534269
0.02278603892155384 0.3878784642325256 0.3192071818990345 0.27012831494688605
0.0324955621231835 0.5922086566766018 0.3489356564875671 0.026360124712647592
0.30424349567649267 0.3578398667549062 0.17084326553314177 0.16707337203545936
0.6266974568914068 0.11176662986583918 0.23636904289262384 0.02516687035013021
0.678599257029536 6.991158598357305e-05 0.26630687010375553 0.05502396128072484
0.3542859953346408 0.12716392750749705 0.041594775373749227 0.47695530178411294
0.04016950579884182 0.3478858276182315 0.5643750359229456 0.0475696306599811
0.1688108767069615 0.7103380738777161 0.0972685843963379 0.023582465018984533
0.00013607529645198735 0.8339530681637435 0.05003191311930699 0.11587894342049754
0.015827708208793756 0.3575109312308222 0.6090482150804786 0.017613145479905445
0.18083397177994676 0.578337905741748 0.047900982321704366 0.19292714015660084
0.18942459908201492 0.10851345556192171 0.5798998963588302 0.12216204899723315
0.5267626205378133 0.28881874959051457 0.0735488314692303 0.11086979840244182
0.11111971417941713 0.0597340933446141 0.21456676401376906 0.6145794284621997
0.2884349257179857 0.11212240340240964 0.3163418943944395 0.2831007764851652
0.060577108736279306 0.7248463897841344 0.12342692863395877 0.09114957284562752
