71 50 4 140.92270069918698 281.84540139837395
2.670177473366854 4.47939372737863 8.487065787734528 2.7882770413589397 9.249021693095425 8.094796305746044 7.503438559418536 9.961250687780183 8.60834928328903 3.1035393119991315 3.9017298864573897 7.449904065330275 1.9254916031265643 6.400816138502858 2.2263750813362795 9.093284947605001 3.214065732686359 9.582369911470096 8.094614886040596 4.906848608745898 3.2916299683296066 4.344657801817731 6.124663814394537 3.58805178847809 8.73488105481827 9.339609635247166 1.3375222229660941 3.9167408256526235 4.040575725382795 6.643977805809383 1.67934674599184 3.0387011465825378 9.28633095009477 3.2830900308221516 8.89238229511421 3.6174705532860534 3.1260292128204967 2.6642397497837056 2.2349517658694644 5.347850613090662 7.576232377114181 7.914389566847469 3.7881571326570493 7.254976582636597 9.549544485068262 5.767888136539317 4.7743649726289945 6.083584184014599 7.9455027391118085 4.917246782934846
0.5340354946733707 0.895878745475726 1.6974131575469056 0.557655408271788 1.849804338619085 1.6189592611492087 1.5006877118837072 1.9922501375560366 1.721669856657806 0.6207078623998263 0.7803459772914779 1.489980813066055 0.38509832062531285 1.2801632277005717 0.4452750162672559 1.8186569895210003 0.6428131465372717 1.916473982294019 1.618922977208119 0.9813697217491797 0.6583259936659214 0.8689315603635462 1.2249327628789073 0.717610357695618 1.7469762109636542 1.8679219270494332 0.2675044445932188 0.7833481651305247 0.808115145076559 1.3287955611618767 0.33586934919836803 0.6077402293165075 1.857266190018954 0.6566180061644303 1.778476459022842 0.7234941106572107 0.6252058425640994 0.5328479499567411 0.4469903531738929 1.0695701226181324 1.515246475422836 1.582877913369494 0.7576314265314099 1.4509953165273193 1.9099088970136524 1.1535776273078633 0.9548729945257989 1.2167168368029198 1.5891005478223617 0.9834493565869693
0.15931771056183175 0.5522703562077924 0.14563253130459486 0.14277940192578098
0.07927965623367383 0.17387640219610545 0.013466263936473433 0.7333776776337473
0.22256042299483692 0.22685510614322058 0.5151778022790832 0.035406668582859346
0.3649652479788772 0.5272645870854719 0.04832666447776679 0.05944350045788416
0.2735942557731593 0.08349350225799801 0.5026098951572208 0.1403023468116219
0.7431231151296024 0.08802652650676124 0.15114338931246785 0.01770696905116853
0.14035695943246929 0.6539107028797636 0.009188299964674296 0.1965440377230928
0.6903046307098317 0.07617872110399715 0.10221220417629395 0.13130444400987717
0.09555949648247752 0.44343604962755256 0.3099502050641383 0.15105424882583163
0.3986898517288281 0.20568364190072508 0.17079269339791125 0.22483381297253557
0.18681716568218643 0.009706839134993817 0.271186718522737 0.5322892766600827
0.25480478851709576 0.11030123875146702 0.36657051575517363 0.2683234569762636
0.19465607725825929 0.19237780983032482 0.1963279248881865 0.4166381880232294
0.13828317810310353 0.36228297488809347 0.017915315685438138 0.48151853132336486
0.4483166204652569 0.1695729850623231 0.16449042529002456 0.21761996918239546
0.15765577070186354 0.25013448920456993 0.35800994329960845 0.23419979679395808
0.1431376454253337 0.14924486836036444 0.1878534666298186 0.5197640195844833
0.3581058319195075 0.08955570582686934 0.5512422212667978 0.0010962409868253697
0.024298904357968443 0.044569285251783164 0.4138776128413081 0.5172541975489403
0.781381072826789 0.08199457491182216 0.061433992821967265 0.07519035943942154
0.3059354872794532 0.1787749643723483 0.23928405316429346 0.27600549518390505
0.7538033764688603 0.0529224178402532 0.1852993288386835 0.007974876852202994
0.5333273167019722 0.03997099563149353 0.2085624234398591 0.21813926422667518
0.3695627506418979 0.4760499221649871 0.07443527784305193 0.07995204935006306
0.05546044457228749 0.1336619943746371 0.5312832683440737 0.2795942927090017
0.07848809933057133 0.16084966057052585 0.5502072021879003 0.2104550379110025
0.006282861512538207 0.13291661104676045 0.23453853544645953 0.6262619919942418
0.38346228610845823 0.3822781528416115 0.17464481363904238 0.0596147474108879
0.009945759601361681 0.11743975750957436 0.8378804779334557 0.0347340049556083
0.6805200835767276 0.037627676372011365 0.09341395139100783 0.18843828866025325
0.2426988571135592 0.13312962853630061 0.26690145307726565 0.35727006127287453
0.06904706722557585 0.07095839865688047 0.24721639891748348 0.6127781352000602
0.46695171334434304 0.030037189663021824 0.1225037835617866 0.38050731343084854
0.06157509903375069 0.38566714967187665 0.09610772394506983 0.4566500273493028
0.8394808590411409 0.0839067998624129 0.04866265731127695 0.027949683785169266
0.07611023081332635 0.21190836205032137 0.050626211115775144 0.6613551960205771
0.5747783366427002 0.30296643718507876 0.07577149154841623 0.04648373462380484
0.6813017670688848 0.15720897520182764 0.10964131556499845 0.05184794216428912
0.020074104992482744 0.08821541989074078 0.8513588932752615 0.040351581841514994
0.13704884974225007 0.33263760394918584 0.10762182367331419 0.4226917226352499
0.5328128101456313 0.17744280207334617 0.2752742262876422 0.014470161493380318
0.23910061089080215 0.05568803783671672 0.5117379533113579 0.19347339796112328
0.010411070962279112 0.2079636292659256 0.5172359445094767 0.26438935526231855
0.539419480255397 0.1398499462011925 0.11483396040111626 0.20589661314229424
0.37653276103250055 0.25410184733378915 0.09177475400325641 0.2775906376304539
0.20929096825535465 0.027352389439715408 0.6150673900503757 0.14828925225455425
0.8186569136269676 0.01491953680740854 0.09130478493832073 0.07511876462730316
0.006989441817608966 0.05599407836092263 0.9026596807597286 0.03435679906173983
0.22149286640156807 0.35557500271738507 0.08783163369940239 0.3351004971816445
0.21154788205899122 0.3104812419466889 0.30579660796021746 0.1721742680341024
0.013776385816136272 0.536731200816246 0.1484177453239245 0.3010746680436932
0.5384425714353355 0.07518965643430864 0.3619647197234426 0.024403052406913317
0.12274005410064504 0.02470340556924744 0.8242277043747276 0.02832883595537994
0.11504425234136706 0.12126397018923785 0.3317845190298865 0.4319072584395086
0.19228086580854764 0.4651962470213934 0.17770174799540306 0.1648211391746559
0.3002799385965972 0.12706212897873437 0.18806743249636593 0.3845904999283025
0.1564969165656349 0.5705554028887155 0.07895650727782844 0.19399117326782112
0.5403068007232976 0.2131048100530043 0.042144346969714475 0.2044440422539836
0.07662576448073122 0.6055933749505457 0.04826739695417104 0.2695134636145521
0.015887579297748644 0.644305842639859 0.3203308479818323 0.019475730080560028
0.14463136734874604 0.14945122730241978 0.5560213222328929 0.14989608311594127
0.5042553985848793 0.28696952427433364 0.016588105228057648 0.19218697191272938
0.4579513539268951 0.30841097075496837 0.03610025754924984 0.19753741776888667
0.05736544960643486 0.25092113700760743 0.5710632686279038 0.12065014475805391
0.10017915519815968 0.24649190029554424 0.45983573101683906 0.19349321348945703
0.2597830573522183 0.18712327829092867 0.1538314115840954 0.3992622527727576
0.006788540305981083 0.028177471121307973 0.05847847789650196 0.906555510676209
0.5017514671444594 0.11597519792499045 0.18704009587731263 0.19523323905323753
0.0911743741787483 0.49043431212422395 0.3718057796798323 0.04658553401719545
0.05314603680398633 0.5079180247615817 0.4366252871317604 0.002310651302671607
0.2762935852018974 0.04912998062829799 0.19090338969319942 0.4836730444766052
0.48621544331773525 0.21234864217417015 0.004391815076945527 0.29704409943114907
0.3534210669806055 0.07207982059862816 0.3057623620222546 0.26873675039851175
0.024025817405461503 0.4385284662084987 0.01563653822475186 0.5218091781612879
0.17806318901280105 0.2060318200867255 0.349658986156438 0.2662460047440355
0.2996485081328998 0.3961659503113434 0.3021603032744613 0.002025238281295527
0.3403365279650592 0.2316040335734192 0.20218783722489553 0.22587160123662609
0.1342191223166923 0.165787928431137 0.5507789747458355 0.14921397450633522
0.17371039372883312 0.48547165145473403 0.3106222531613032 0.030195701655129636
0.24396023978921022 0.32385111776030917 0.10016497783882572 0.3320236646116549
0.27906098209008734 0.21729173098935572 0.29379989445815 0.2098473924624069
0.6254545996690337 0.025128719068701955 0.10687485304086364 0.2425418282214007
0.20411171355593727 0.3758713223100826 0.37922005697615246 0.04079690715782769
0.15014881529438784 0.14162738220016025 0.23863508833522173 0.4695887141702302
0.027111796941622024 0.7186627590210083 0.09636912982584955 0.15785631421152013
0.21233817765298213 0.24140843012886093 0.1887621174188746 0.35749127479928233
0.4421423946265488 0.1684257430197722 0.24202596939628074 0.14740589295739825
0.028666834791846618 0.17716239905108855 0.24543568978280095 0.5487350763742639
0.10833923148740054 0.4628622020936757 0.28781488583212234 0.14098368058680144
0.0008077679609105326 0.7402175020594937 0.08666358557476472 0.17231114440483108
0.20912377027842732 0.08480606018723591 0.5094054581305122 0.19666471140382458
0.22631548638486576 0.07499499109267227 0.036238421581048064 0.6624511009414139
0.2545135483115568 0.2133275179748486 0.19734550488527725 0.3348134288283173
0.3332058363684819 0.23242104188401314 0.21783189543377035 0.21654122631373462
0.6655342846754405 0.06055160432653883 0.2090450686795967 0.06486904231842394
0.12773390080595104 0.5039585441993782 0.005653068250648152 0.36265448674402256
0.31097873489571304 0.1194046175410649 0.11336334219137434 0.4562533053718477
0.022344838084923935 0.03878808427289948 0.7944856339483419 0.14438144369383465
0.8005384995499386 0.054216570402988884 0.02890040936956184 0.11634452067751067
0.28566337966423694 0.28705618842521086 0.28194740768688686 0.14533302422366534
