72 70 4 179.15344224300355 358.30688448600705
1.9606438202977965 7.159083699508186 5.814663556519784 4.322683690749686 4.713531793537914 6.290627284226625 7.4446640946279645 2.560006348969599 1.6006806412324366 5.506109854092406 4.889324756650156 9.52008329696418 4.7463388486877545 3.227227175226006 4.637276554367602 6.708331755855227 6.253869497266358 8.038939268866347 6.551831756201629 6.649899896439457 4.328822075900204 2.515390340542273 7.707889486003484 4.5587448193049 6.94480489784547 3.8677982575118137 1.6252399305613885 1.4401216447038876 4.974817132287554 7.313013271106289 8.095354848023987 3.136015120719582 6.859837675763878 8.834433278173709 2.8943933829228383 2.1690208476037447 8.24959736028803 1.3606180943748187 4.249468180407069 7.085573699810209 8.44536916481849 4.92844144815592 1.7110234915331053 1.841841490145022 7.231425799748258 8.153391742208996 3.901336633734781 4.396714607199008 7.595691784715063 3.488391396925744 3.179051472672481 3.4401587893049856 2.4703217170609015 1.424880761352314 8.52224260099745 9.047087938221761 6.382165491562386 4.190496533591182 1.696369249267046 2.5647843356725204 2.608650668635375 4.762178192862881 9.042987187657621 3.3516025370996108 6.824832896679669 9.04969997101398 6.148171488285079 1.923070701019975 6.560926394424121 6.616806065299193
0.3921287640595593 1.4318167399016373 1.162932711303957 0.8645367381499373 0.9427063587075828 1.258125456845325 1.4889328189255928 0.5120012697939198 0.3201361282464873 1.1012219708184812 0.9778649513300313 1.9040166593928363 0.9492677697375509 0.6454454350452012 0.9274553108735205 1.3416663511710454 1.2507738994532716 1.6077878537732695 1.3103663512403259 1.3299799792878915 0.8657644151800408 0.5030780681084546 1.5415778972006968 0.91174896386098 1.388960979569094 0.7735596515023627 0.3250479861122777 0.2880243289407775 0.9949634264575108 1.4626026542212578 1.6190709696047976 0.6272030241439164 1.3719675351527756 1.7668866556347418 0.5788786765845677 0.43380416952074896 1.649919472057606 0.2721236188749637 0.8498936360814138 1.4171147399620418 1.689073832963698 0.9856882896311839 0.34220469830662104 0.3683682980290044 1.4462851599496516 1.630678348441799 0.7802673267469562 0.8793429214398015 1.5191383569430126 0.6976782793851488 0.6358102945344962 0.6880317578609971 0.4940643434121803 0.2849761522704628 1.70444852019949 1.8094175876443521 1.2764330983124772 0.8380993067182365 0.3392738498534092 0.5129568671345041 0.521730133727075 0.9524356385725762 1.8085974375315241 0.6703205074199221 1.3649665793359338 1.809939994202796 1.2296342976570158 0.384614140203995 1.3121852788848243 1.3233612130598387
0.27467889817382385 0.02175873586277388 0.40092553447325385 0.3026368314901484
0.07854228003606123 0.31972463623165726 0.4259024160781564 0.17583066765412514
0.17029116698328206 0.02791053909517227 0.5407524104918845 0.2610458834296612
0.12426297385265761 0.6260637091783081 0.07231081313430154 0.17736250383473273
0.47123150209091813 0.17721957365565888 0.2428707597250802 0.10867816452834278
0.5496516520334948 0.0011723441491590103 0.011940468395467918 0.4372355354218783
0.0153140450721857 0.6923618396526464 0.2810899647756441 0.01123415049952381
0.39689659187633397 0.17990329609810074 0.27206262245751667 0.15113748956804862
0.3074316992318751 0.31714863068496235 0.3306486244754895 0.04477104560767309
0.04298631597798741 0.5492507886255309 0.12972499139785154 0.27803790399863015
0.3350943203463558 0.36465776463903166 0.2618226402866515 0.03842527472796109
0.026297527388746134 0.2169457924260153 0.6615054871102759 0.09525119307496266
0.5714905721108664 0.03357145292229646 0.3426389222473645 0.05229905271947266
0.08129492827769935 0.09611246382081629 0.04567755924818229 0.7769150486533021
0.09921240387139507 0.30139196813556146 0.5675774746534675 0.03181815333957594
0.00873738501131982 0.08549892200508025 0.5391414673582651 0.36662222562533486
0.3519382529253611 0.35582546320102915 0.23444861002086637 0.057787673852743415
0.09312789599618299 0.20902863208900402 0.024209541205400975 0.673633930709412
0.06624057814095152 0.1610121058220595 0.017550334232332543 0.7551969818046564
0.041081623773059905 0.02172953946727396 0.6167606014902334 0.32042823526943276
0.4236551953457436 0.007840977988717635 0.28348169961152747 0.2850221270540113
0.021381054740895578 0.12021889073906789 0.7221775061898907 0.1362225483301458
0.06092386924792459 0.014349467970446672 0.8157119324673605 0.10901473031426823
0.45805422494274817 0.2653347209469723 0.016606165588892052 0.2600048885213875
0.20944961133957918 0.2608124724796925 0.2913043662426066 0.2384335499381217
0.4785856631723794 0.06614907478754306 0.22947317663162203 0.22579208540845552
0.03395653622306749 0.4041317208904871 0.07178247751108979 0.4901292653753556
0.2520032015011283 0.5250532935961708 0.08329383813904156 0.1396496667636593
0.004138275611138886 0.665928077801782 0.07206113543377557 0.25787251115330356
0.06895862506258021 0.5050959902911846 0.23585667849458514 0.19008870615165008
0.11326445432892107 0.4313601524178482 0.3343058726422605 0.1210695206109702
0.08485955878716489 0.5247766258868077 0.05866774069834568 0.3316960746276817
0.13740620352740562 0.061929077986648706 0.3840937998985475 0.41657091858739814
0.5422578197664105 0.06812680104254909 0.38626818592869716 0.0033471932623432288
0.4288782916271153 0.14272831043555823 0.0731512202614768 0.35524217767584965
0.06449947367139464 0.37637625402988373 0.5113743939362808 0.04774987836244082
0.15952792080439349 0.29362292815509883 0.18289576508906258 0.3639533859514451
0.7365834198837752 0.19012305066306046 0.0008707992761012306 0.07242273017706313
0.20385710475701568 0.37074095825550824 0.25845208211837845 0.16694985486909764
0.4048835174596165 0.24100361474198873 0.24722789488464447 0.10688497291375032
0.111641906512018 0.007255382775789299 0.30554035130145507 0.5755623594107376
0.3671234033384765 0.5561297204959119 0.020287981552315704 0.056458894613295896
0.1503422861348176 0.3411846771710064 0.1262370239816114 0.3822360127125646
0.46031474069515144 0.1224994428270848 0.18173833295867525 0.2354474835190885
0.43406406196923364 0.01514008634574382 0.04393180181090561 0.5068640498741169
0.12127150997093283 0.6067612946612024 0.026674834996993302 0.24529236037087143
0.06700668141306032 0.14543937346921065 0.16190736609524092 0.6256465790224881
0.2233865632752705 0.4680233793688885 0.24572960895407792 0.06286044840176308
0.5334964245244977 0.39593918485703283 0.042884523319554946 0.027679867298914473
0.10220509802164612 0.0905037947511248 0.5047830572504295 0.3025080499767996
0.1197370333162382 0.6557142556738302 0.1449826326115249 0.07956607839840668
0.3854538858144385 0.08195716213037918 0.24386866352888292 0.2887202885262994
0.30295583193338527 0.46595511860391803 0.003424130864336017 0.2276649185983607
0.007048745887160424 0.28497146305598753 0.15771375756086958 0.5502660334959825
0.1151448954151727 0.2386536063185115 0.5085184275116377 0.13768307075467812
0.33782458548705185 0.5661536991945885 0.024527914674160933 0.07149380064419875
0.1784183062163044 0.0122343876240395 0.4272861714355688 0.3820611347240873
0.11638572720082185 0.25842971137643733 0.6164522865194322 0.008732274903308634
0.24385182745476852 0.08340089846919874 0.46780978562229936 0.20493748845373339
0.05741779722824858 0.13277917932697902 0.04166869680500984 0.7681343266397626
0.006731985655046624 0.6311471485418471 0.21389351657427091 0.1482273492288354
0.5400808494516406 0.07911749620737296 0.14235228292830737 0.23844937141267908
0.10989242292513957 0.2107032939106943 0.5514688582156169 0.12793542494854926
0.0474877927946149 0.06425065598584934 0.025486375882519563 0.8627751753370162
0.09441698718458613 0.10426695545477893 0.4078782381476974 0.3934378192129375
0.25547469111454224 0.15909536293995985 0.3920095291439536 0.19342041680154431
0.18611599853406258 0.28565827219759765 0.4069258480101541 0.1212998812581857
0.4425528848546044 0.06627469645927098 0.2712203223243793 0.2199520963617453
0.04299900915726684 0.5830789667164288 0.03961402444324402 0.33430799968306035
0.1234773846445093 0.004337624178001764 0.47645467021033117 0.39573032096715777
0.3245762975611718 0.24215313766434843 0.14035689106371263 0.29291367371076715
0.3643681756171625 0.08324732835249882 0.3865669706410021 0.16581752538933658
0.13093903601063417 0.00965403640623419 0.3542086978744836 0.505198229708648
0.18296052049152434 0.467059936921874 0.11869886773583027 0.23128067485077142
0.1400531920450807 0.08702033740785542 0.5901328612794792 0.1827936092675847
0.47976635199067275 0.2783811586989111 0.0006011892018968901 0.24125130010851925
0.5060182853469344 0.15915006112031682 0.25654196329645507 0.07828969023629373
0.1074602101678136 0.11194174694816439 0.4741295266551818 0.3064685162288402
0.3747840584002158 0.20876628848241707 0.34608513272617414 0.07036452039119301
0.30334027622373294 0.42538150866060565 0.09639877835817456 0.17487943675748685
0.30206903431155874 0.5904375195438453 0.05446764873042964 0.053025797414166354
0.2816074672044575 0.26794095254505546 0.018024140094085928 0.4324274401564011
0.19699009521377686 0.23733807513557503 0.007377873502624643 0.5582939561480235
0.34994964268587314 0.5321002777777786 0.014087579004389505 0.10386250053195878
0.7436776548596122 0.10912414940716342 0.13455560847323056 0.012642587259993787
0.060398142683514955 0.06840848137534916 0.36876731406071817 0.5024260618804177
0.35172711987297134 0.26868284753383553 0.30825631881799875 0.07133371377519437
0.17490710452425184 0.4186043113269642 0.33608481292107417 0.0704037712277098
0.4136458383075855 0.27687582567469327 0.11150582007264809 0.19797251594507315
0.0784947277373782 0.16106155256450938 0.5859738475230974 0.17446987217501497
0.7060449192897784 0.02104056792449749 0.1994494077640795 0.0734651050216446
0.2099742887708994 0.5591085505310706 0.14802078518672812 0.08289637551130191
0.6737804438161893 0.17410060170797936 0.1167838031919729 0.035335151283858446
0.1460602810762387 0.5914631608825336 0.24726210808502314 0.015214449956204579
0.27800652876896625 0.4971384790170308 0.22114031244041132 0.0037146797735916337
0.3468156553219045 0.11909580872206926 0.4512398781750887 0.08284865778093753
0.3552353113107324 0.07871614616390177 0.359446747145414 0.20660179537995182
0.04048844089161674 0.10443205043792758 0.5514696038168085 0.30360990485364714
0.16499059592757992 0.425497854359027 0.3758180603227441 0.03369348939064898
0.022201258734813156 0.7489383311097252 0.11166966039320203 0.11719074976225963
0.3438432725740975 0.054259546350347465 0.13582868423796923 0.4660684968375858
0.22111058655698546 0.6155121855722566 0.13096926620493254 0.03240796166582538
0.14666011668415102 0.12561946296452797 0.5442333728780668 0.18348704747325417
0.1427021639200099 0.19753663033519786 0.6081280958680905 0.05163310987670178
0.1349578128720078 0.5192545344505562 0.2156890935485748 0.13009855912886115
0.3382153617953436 0.27176900259405734 0.2503310336375032 0.13968460197309585
0.49095955741644914 0.08745774702471443 0.36290880722628094 0.05867388833255549
0.31662930007343304 0.40431241323444156 0.11747597217973893 0.16158231451238647
0.1482933690795054 0.15302832344665773 0.5325757656219277 0.1661025418519092
0.24338946635343217 0.12922228668709945 0.5888287970843993 0.038559449875069096
0.09879258290318893 0.0148644142109563 0.00287010239219887 0.8834729004936559
0.22233432994764568 0.21446876247670554 0.560082513910184 0.003114393665464732
0.37388758629928953 0.007145308223778124 0.34748591614143187 0.2714811893355005
0.160463697664601 0.32244808598094965 0.014572713119827219 0.5025155032346221
0.48985939537051215 0.14507621286261374 0.15531584755427708 0.20974854421259703
0.3647944351544541 0.19535421879706638 0.018425943779387444 0.4214254022690921
0.2606278515462319 0.10710718435501765 0.630546452650268 0.0017185114484824515
0.08251468844551557 0.704484863005219 0.05954633316080493 0.15345411538846054
0.0586676070400618 0.35247511550102006 0.053567297850386386 0.5352899796085318
0.0031837343167789856 0.09579916094488306 0.24410097408574738 0.6569161306525906
0.276344048406753 0.2804889860771719 0.07892407704689841 0.36424288846917674
0.26166613050703547 0.2545221538295276 0.2342245069630109 0.24958720870042606
0.21988486723583356 0.04206761091017064 0.7220503853968406 0.01599713645715517
0.6478074098634924 0.009752557920189586 0.21445819274314726 0.12798183947317077
0.13582536424824865 0.4025796746463597 0.24543905189583737 0.2161559092095543
0.2586668862999725 0.17962259865256924 0.2090929656965067 0.3526175493509516
0.2301286876349652 0.06735630548232496 0.0144139992465383 0.6881010076361715
0.11000500339416885 0.1998631975860572 0.2693043280665889 0.42082747095318507
0.1909863888542549 0.5682642577826698 0.06182149474205623 0.17892785862101912
0.22563236054139846 0.4479418070694072 0.20491973999513724 0.12150609239405707
0.5505119696478581 0.25089313453343953 0.16593365743614719 0.03266123838255519
0.2241983458938558 0.02983741178973731 0.6732300943011976 0.07273414801520928
0.15126379233292087 0.26132383868187814 0.004703497497869358 0.5827088714873316
0.00591870407450501 0.3224934305955349 0.03575189631357134 0.6358359690163887
0.25883964277442206 0.16710207644301023 0.09740710143411235 0.47665117934845536
0.33923479230302345 0.11429369174046633 0.37195285515399923 0.174518660802511
0.14426193769549067 0.10829817355307225 0.3229186142712146 0.4245212744802225
0.25372321495668493 0.37659562184166306 0.1894690073931039 0.1802121558085481
0.15199163192189513 0.1564625221474254 0.20071693209338137 0.4908289138372981
0.41724458292118627 0.11444734700021175 0.022489356489704293 0.4458187135888977
