50 100 4 293.705816592005 587.41163318401
5.451414809842193 3.052747940044026 3.299265313814902 4.566969187504992 4.395835879220116 9.969168071391843 4.673774802998773 7.947045953557422 7.844830192079959 3.7900841381679884 4.118870841064275 4.1658833574690615 2.3092017084653946 9.753982162457053 9.182605941932412 6.039613933499125 3.8223167184703413 8.993800337714994 7.071157592400375 4.5197870287470545 5.5646571152167885 5.716931523977026 9.35200835034897 6.14235762135034 7.0150381189901205 1.4703282199585834 3.9435157365671314 1.507614752543441 2.6184492465740865 9.333398552509383 9.442137006481527 7.426834366906843 7.59418848015865 5.155729086379889 9.381963408453533 4.657782190067268 7.148851934746106 6.84924281280156 6.3888866079650395 2.9983545287170825 7.1412145222274095 8.902506723421116 8.170455369529616 4.888020230182729 9.260903972425508 8.036503099540804 7.531752505143446 2.123692241406335 9.246776044176203 4.489398943572665 3.654365909743255 6.550582732502628 5.21061606083156 3.29805022910107 8.550962998337601 2.607572821237106 3.04402753627202 6.938888014308759 5.312046205386576 1.661026081039326 2.2506406414265157 2.0107646527460616 5.300064688765416 5.862666063433797 9.622639441932083 6.254130802811163 5.739976819764175 9.300364199601892 9.273313148029741 3.2680797828237296 7.143693496445385 9.678485067415624 3.042654823222704 7.444154786817413 8.179840967425822 9.430760796829396 8.683502462068711 4.793912260320064 1.0489588197473863 1.313787959032663 1.1251482911488 6.300189374162045 4.446937866461624 2.033370546998568 8.780086079992557 8.394913281699456 7.637425164173877 8.56309753131368 4.613761931208771 7.737580011468289 6.036665006884836 6.519138165738379 3.682914863082702 6.421412561363413 4.831091556487285 5.846899463514395 5.380568714357873 5.49902474276409 9.257135342995126 3.3658931955930838
1.0902829619684387 0.6105495880088052 0.6598530627629804 0.9133938375009985 0.8791671758440233 1.9938336142783686 0.9347549605997546 1.5894091907114842 1.5689660384159918 0.7580168276335977 0.8237741682128551 0.8331766714938122 0.4618403416930789 1.9507964324914107 1.8365211883864823 1.207922786699825 0.7644633436940682 1.7987600675429989 1.4142315184800751 0.9039574057494109 1.1129314230433578 1.1433863047954052 1.870401670069794 1.228471524270068 1.403007623798024 0.2940656439917167 0.7887031473134263 0.30152295050868816 0.5236898493148173 1.8666797105018766 1.8884274012963054 1.4853668733813685 1.51883769603173 1.0311458172759778 1.8763926816907066 0.9315564380134536 1.429770386949221 1.3698485625603118 1.277777321593008 0.5996709057434165 1.4282429044454819 1.780501344684223 1.6340910739059233 0.9776040460365458 1.8521807944851016 1.6073006199081608 1.5063505010286893 0.424738448281267 1.8493552088352405 0.897879788714533 0.7308731819486509 1.3101165465005256 1.042123212166312 0.659610045820214 1.7101925996675202 0.5215145642474213 0.608805507254404 1.387777602861752 1.0624092410773152 0.3322052162078652 0.45012812828530313 0.4021529305492123 1.0600129377530831 1.1725332126867594 1.9245278883864168 1.2508261605622326 1.147995363952835 1.8600728399203785 1.8546626296059483 0.6536159565647459 1.428738699289077 1.9356970134831246 0.6085309646445408 1.4888309573634826 1.6359681934851644 1.8861521593658792 1.7367004924137421 0.9587824520640128 0.20979176394947724 0.26275759180653263 0.22502965822976 1.260037874832409 0.8893875732923249 0.4066741093997136 1.7560172159985115 1.678982656339891 1.5274850328347753 1.712619506262736 0.9227523862417542 1.5475160022936578 1.2073330013769672 1.303827633147676 0.7365829726165404 1.2842825122726826 0.966218311297457 1.1693798927028791 1.0761137428715746 1.0998049485528179 1.851427068599025 0.6731786391186168
0.049697686154183573 0.020818092220819207 0.3377032443001986 0.5917809773247986
0.2123761181247945 0.4945779569964154 0.2800677232345654 0.012978201644224696
0.2971746669299815 0.08367774013761642 0.12157616205065014 0.49757143088175193
0.17545596569028543 0.19456621109070282 0.21829265233686956 0.4116851708821422
0.12728055084633982 0.03917803432301592 0.7394934624323197 0.09404795239832453
0.17382853179944335 0.2334313926375916 0.4229740932941084 0.16976598226885664
0.3084841658471108 0.10412916747415568 0.48981582973576554 0.09757083694296798
0.4150860159096783 0.3194550816165945 0.06072841976109833 0.20473048271262884
0.24305470050611977 0.0013698264697913354 0.43058131764690866 0.32499415537718024
0.02283521761259677 0.6869078458804716 0.01853064880881461 0.271726287698117
0.27313544836586046 0.04946556945383351 0.16800143520621613 0.5093975469740899
0.23352303568875166 0.3371276721124038 0.16753302870638132 0.26181626349246323
0.018585111354473938 0.2324082508274261 0.21374880840769095 0.535257829410409
0.5496428683576248 0.08680309010601917 0.08246359044896145 0.2810904510873946
0.13387970383976067 0.04463303472524016 0.7605176022125837 0.060969659222415484
0.10039783847653161 0.04215875028600524 0.6258190834786244 0.2316243277588388
0.33150228369763424 0.1306741635276525 0.43809559667243636 0.09972795610227692
0.0371297051302375 0.07676338177314312 0.270370407401059 0.6157365056955604
0.43682080272609136 0.04829352841616674 0.26638727646264804 0.24849839239509386
0.005271149971967981 0.34770194045947933 0.012123969837462667 0.63490293973109
0.1708973128963469 0.35456556525393346 0.24960639099640058 0.22493073085331905
0.25084903827471294 0.23428953417786802 0.01534398188569408 0.49951744566172496
0.19150807459548636 0.18921771641790053 0.26264506841894564 0.3566291405676675
0.05222500318557355 0.44549641974512577 0.3098258095931664 0.19245276747613427
0.472146974622041 0.23030455698128827 0.024993682399801376 0.27255478599686933
0.19376318940298287 0.35274779216170116 0.3694523118771148 0.08403670655820117
0.19467780362333886 0.6070070630407768 0.06405431385048965 0.1342608194853947
0.11083079867785028 0.2564531260469496 0.29062760321539083 0.3420884720598093
0.25547055701966614 0.356550185680895 0.17305167691009282 0.214927580389346
0.31668102111728114 0.07448718428715762 0.2020533426690817 0.40677845192647955
0.1971193850591424 0.038121535593227285 0.455708629718676 0.30905044962895434
0.013174975305289327 0.010298184423675139 0.6250271469712612 0.3514996932997744
0.3033684192587809 0.4517010600357052 0.09665202616947888 0.14827849453603503
0.16798213881340296 0.26795029652029023 0.13084173581122294 0.43322582885508387
0.2313886474307819 0.6216449162081062 0.0913067976146612 0.055659638746450635
0.22530320383733893 0.02316717187019035 0.584032381437303 0.16749724285516776
0.10183042676024279 0.03766650036313124 0.767295609960054 0.093207462916572
0.1614468802392014 0.4059442983164223 0.33745909978513444 0.09514972165924185
0.6129335658526753 0.09078165947178485 0.16189874346180533 0.1343860312137345
0.2687215339114395 0.1961308457343507 0.3889954132162283 0.1461522071379815
0.3240584693445301 0.023389200958026435 0.6348516055579673 0.01770072413947621
0.054621796832165836 0.6781716236549004 0.07301035151331092 0.19419622799962288
0.2937860870596799 0.027843488072196276 0.2448969232980468 0.433473501570077
0.06517379997082418 0.24107517864727956 0.2872691919405923 0.40648182944130395
0.3101851601524085 0.021462651003790967 0.5110744389062652 0.1572777499375353
0.517855322277945 0.07083877019153106 0.13165977406152374 0.27964613346900025
0.4456173582534444 0.22633296693889826 0.06434838706808821 0.26370128773956913
0.34759393119895665 0.3563248611402603 0.2215592846848392 0.07452192297594384
0.35071601448394507 0.46496868770096456 0.13254287524096509 0.05177242257412529
0.06647641886859568 0.4611592038075992 0.1747978319141974 0.2975665454096077
0.262783521397719 0.07356022970736542 0.07625351409628633 0.5874027347986293
0.06589780409546742 0.06943552793600105 0.7330927854527668 0.13157388251576474
0.24146482026113425 0.0032596969423748234 0.06904164348370245 0.6862338393127885
0.4337183870134077 0.1264181840920947 0.3936283116184549 0.04623511727604268
0.10640997508470773 0.18243797323733568 0.6359001589934771 0.07525189268447952
0.1343109540892118 0.5437660592229864 0.1499879147541453 0.17193507193365654
0.21659220345323393 0.21933736198604703 0.19637201365583 0.367698420904889
0.10179335381008958 0.47806527205398897 0.1349810889029921 0.28516028523292936
0.27059022398489374 0.11176054545061143 0.2661313693486116 0.35151786121588324
0.3950113965442298 0.05877261253286559 0.050961020791991385 0.49525497013091324
0.04013983354491557 0.036400809129631395 0.4980257669346819 0.4254335903907711
0.4823238840209756 0.23595897769923435 0.20141277903693666 0.0803043592428534
0.22318204134459996 0.08173860181025006 0.39182320504965984 0.30325615179549015
0.393554917717159 0.4676664759374557 0.0949762043419764 0.0438024020034089
0.1617066527268446 0.07419364052463284 0.6410577723338888 0.12304193441463374
0.0023744656104158768 0.5107937291456842 0.46827220827133387 0.01855959697256604
0.5941668090456014 0.037150167724459116 0.21880736523920896 0.14987565799073055
0.24740549456459504 0.050614353769675824 0.5742206556523844 0.1277594960133447
0.633428919919486 0.056214292181955394 0.29299197598017923 0.017364811918379353
0.3436837781274187 0.0747062113105077 0.3665110449169662 0.21509896564510744
0.35562194572787087 0.44593516298760616 0.16389599021822554 0.03454690106629743
0.016058265700856333 0.1670942413226595 0.4453955112843623 0.3714519816921219
0.4767225823539959 0.10553349329996997 0.21782422951950908 0.19991969482652505
0.25651682801298636 0.08232288822515166 0.6583235686880117 0.0028367150738503044
0.3312960630158691 0.11265965909309383 0.5415214532460846 0.01452282464495247
0.3648617258941115 0.16521611184556684 0.2842174119747549 0.18570475028556677
0.13185440081620814 0.02514868799481451 0.20000319482489215 0.6429937163640852
0.10760637187433408 0.284200055404217 0.31596947644860596 0.29222409627284296
0.5286603957155875 0.363408326561642 0.005356075317739406 0.10257520240503104
0.6775737773715353 0.04456080277999175 0.20034301796547138 0.07752240188300152
0.0018441581408408236 0.2002404868819111 0.049119711568342495 0.7487956434089056
0.46859009908592875 0.086171838080774 0.1700589317120177 0.27517913112127956
0.04872200789641257 0.6263692885278094 0.08322791709291633 0.24168078648286173
0.016399610111863194 0.20437468305541073 0.08515887815611889 0.6940668286766072
0.20747442086958845 0.6125791213782509 0.16145422193597958 0.01849223581618109
0.03158521756097732 0.0059641438961133275 0.31906966518090707 0.6433809733620023
0.21367555011290007 0.4426360228454741 0.15329140888339365 0.19039701815823218
0.2996359894237194 0.5551722737286969 0.05059061112135643 0.09460112572622725
0.09839181137564401 0.5579096746515176 0.08468042649799223 0.2590180874748461
0.059874380318026055 0.4891647352437073 0.14362778270391774 0.3073331017343489
0.34014452871702316 0.15706682777394987 0.27740305600297144 0.22538558750605553
0.0194059134754776 0.46355354943860283 0.49951676879333495 0.01752376829258462
0.15318816317149853 0.38599034306432656 0.0857646753892699 0.375056818374905
0.8357329878837946 0.017325759899996185 0.018661790897983588 0.12827946131822565
0.019751916645621148 0.09277466668839729 0.619928111829277 0.2675453048367046
0.49537015207687773 0.030304094165158335 0.44175123385102455 0.03257451990693938
0.25984940519253663 0.03328754150441837 0.14781583955795108 0.5590472137450939
0.429679893496816 0.08562104708255358 0.43680106334804336 0.047897996072587046
0.5712666114139161 0.09372571755655723 0.10319877965175539 0.23180889137777128
0.004783929354262195 0.4341108938258179 0.26965254291581553 0.29145263390410436
0.46269202943334264 0.024351451234326915 0.09506513049791543 0.417891388834415
0.20908845599764592 0.3838797571585215 0.36816683635090197 0.038864950492930594
0.0897930746962542 0.5489474217054554 0.18940373775920438 0.17185576583908602
0.01653445679207788 0.025595046141123956 0.8623599543032082 0.09551054276358995
0.17926822593705194 0.05613275262670947 0.6482875180402904 0.1163115033959482
0.2920076220686647 0.16613548639196363 0.013017048934747422 0.5288398426046242
0.3178787309034169 0.08777220617743986 0.18928598765324 0.40506307526590324
0.03703341312787889 0.6011336564955715 0.13440379314661988 0.22742913722992975
0.05169587728748348 0.8410688588533175 0.09231212330836691 0.014923140550832104
0.9131425236532664 0.04226279608469896 0.0018589927351416735 0.04273568752689294
0.1307157463334474 0.03987776587239411 0.10664494858212548 0.722761539212033
0.14032357346281787 0.3365704715847073 0.0564438881634477 0.4666620667890271
0.6605265612088682 0.05229002341152178 0.09321451256214774 0.19396890281746226
0.05698766494677421 0.2829357673840819 0.4043964965907545 0.2556800710783894
0.15077407986613078 0.099930023351949 0.7207487834557738 0.028547113326146456
0.08181246995631308 0.11405254210911087 0.014491732495206189 0.7896432554393699
0.08401003612094293 0.7813185684102374 0.12299719626205663 0.011674199206763047
0.5013262191754582 0.1992584715688529 0.03310513715923069 0.26631017209645824
0.0065606203211597824 0.25655802675680217 0.06386774157771768 0.6730136113443204
0.30902897800865536 0.06603764118576183 0.19259219694108998 0.43234118386449283
0.23845431522502436 0.7337010488875962 0.006969498675627905 0.020875137211751493
0.05742958022265354 0.3722451958516071 0.15956809804242222 0.41075712588331714
0.2514951358481242 0.25920223889157923 0.40621990383449735 0.0830827214257992
0.37753971041153356 0.20180068271895468 0.3131626538647372 0.10749695300477458
0.09868775811520081 0.25866205799982733 0.13169456472333296 0.5109556191616389
0.33751560808167147 0.36917282594503664 0.25222710520668934 0.04108446076660255
0.14734560965790722 0.08083719730304917 0.5109473033755666 0.260869889663477
0.1700292246613353 0.18038963768958172 0.596104496875233 0.05347664077384995
0.1094092635570647 0.37941407096539925 0.40942481527938246 0.10175185019815358
0.02025084454427406 0.08792331078366034 0.47634104358270535 0.41548480108936026
0.5856703467739108 0.06880663444115098 0.01574573272078872 0.32977728606414947
0.20096471073552802 0.43795852041951266 0.1404368107713282 0.22063995807363113
0.41363773774843404 0.21812181845799994 0.010624457679840105 0.3576159861137259
0.3956240595799636 0.38105082936754164 0.03111166875950866 0.1922134422929861
0.023975392242924665 0.30385315923090894 0.38008502804328326 0.29208642048288314
0.39306153005657796 0.061776810795899584 0.15866183121830346 0.386499827929219
0.2397423110754925 0.01945050462036013 0.15180862250395144 0.5889985618001959
0.2994816004606906 0.0366398659680629 0.09804877731756478 0.5658297562536817
0.2663665832990548 0.2794336297883365 0.27038801115057354 0.1838117757620351
0.26974317759306965 0.33575017103137095 0.3085713339153491 0.08593531746021033
0.19477317527634497 0.597668007479745 0.06194728604480937 0.14561153119910064
0.22059620781812816 0.018454489400668184 0.5523080091878052 0.20864129359339845
0.15664900192486753 0.20218468486254715 0.5089012131249568 0.13226510008762848
0.0505527247499481 0.16279484386111165 0.29231415554996754 0.4943382758389727
0.20624400822932087 0.48922450649577165 0.2533270702315771 0.0512044150433304
0.1812131125996156 0.6591345814939531 0.028836248514515717 0.1308160573919156
0.25315756817286006 0.09628853639096369 0.3020244078389035 0.34852948759727276
0.3895947738489305 0.12654978972161612 0.40606225920772776 0.07779317722172563
0.13691661881676342 0.4492009205048051 0.0014230254375254825 0.412459435240906
0.18791635391309247 0.5249911931688763 0.1781716496599024 0.1089208032581288
0.25655643480702406 0.5124285607682301 0.15883491931900062 0.07218008510574525
0.2530671119237191 0.18729682192061448 0.1437734474693637 0.4158626186863027
0.09552301892548332 0.24339755779626016 0.08734365756401885 0.5737357657142377
0.059168204420108395 0.6866716068654453 0.009930078345299354 0.244230110369147
0.08045565983678549 0.32535364447933257 0.19358724990843712 0.4006034457754448
0.22702831347317387 0.3291203155234641 0.2278616863428411 0.21598968466052093
0.06294776867737706 0.3262523460202693 0.2867374486344112 0.32406243666794243
0.04149351259373224 0.11600526868120176 0.5258624693096854 0.3166387494153806
0.03236176857010986 0.022642111555084887 0.5528002888962917 0.3921958309785135
0.6310229974265353 0.22719982315805065 0.03570922820642397 0.10606795120899004
0.33423451528626635 0.265910979974157 0.2915710339518711 0.1082834707877055
0.08922299200863959 0.13568217000956262 0.5920142585015601 0.1830805794802377
0.21465201069007955 0.053853355422681215 0.6236271848892077 0.10786744899803158
0.07176913031002086 0.29611285127709586 0.020877854338008817 0.6112401640748745
0.022683833589265734 0.4059084214358172 0.12618470186786013 0.44522304310705696
0.42990812750929885 0.02225206511106781 0.5181456580588761 0.0296941493207572
0.028071601486209463 0.8211927819096466 0.10719692274727366 0.04353869385687026
0.4545949747802127 0.17534023321389314 0.2711158251364283 0.09894896686946586
0.2402726405896597 0.0823715298026898 0.6221781794979143 0.05517765010973619
0.03579224148968074 0.15301858931618506 0.2997664964500417 0.5114226727440925
0.43500357732800754 0.33312241716606716 0.13059785106783373 0.10127615443809157
0.02275065749652949 0.3460840621607776 0.322905187609424 0.30826009273326893
0.11630566509394391 0.1067929242606126 0.18998911103811444 0.586912299607329
0.4314461362264428 0.4713071771747134 0.049914379636546546 0.04733230696229729
0.032727350009249756 0.06170776875764983 0.09059373758275435 0.8149711436503461
0.20019995687883219 0.08899201672071155 0.18957557771666333 0.5212324486837929
0.19489328930980432 0.4374946992807254 0.22634767975933856 0.14126433165013175
0.37159812564474715 0.017903422098566102 0.484355957927012 0.12614249432967473
0.03620565159385458 0.7127647250042491 0.1476906288289871 0.10333899457290918
0.20439188508310846 0.10510306532745672 0.6305027357413026 0.06000231384813226
0.2085192404097015 0.10561894750344347 0.264437747021973 0.42142406506488206
0.7085325273820057 0.001704678426624029 0.27299378643016203 0.016769007761208266
0.11754563729244272 0.4893946555325157 0.007348295420672946 0.3857114117543686
0.27239314345074184 0.10964693104078171 0.017918561791392507 0.6000413637170839
0.4975894195009867 0.2322520874175954 0.20058083905422452 0.0695776540271934
0.005402658082186762 0.541896718843089 0.39003056185770135 0.0626700612170229
0.17313264793271543 0.1103468573380918 0.49736415143700696 0.2191563432921858
0.06633959829606384 0.5926130581164354 0.17602601265923146 0.16502133092826932
0.002042231239730463 0.25335830535856874 0.5439035024432767 0.20069596095842412
0.3504530012633722 0.3326993375151517 0.1574842264522085 0.15936343476926762
0.07734541724453892 0.5741099695542283 0.28109600447921357 0.06744860872201919
0.5224387217928534 0.019284126344712105 0.1156101208557595 0.34266703100667495
0.280158499342398 0.023812168444407145 0.6430575259207475 0.052971806292447354
0.2927027864080559 0.3273763192942196 0.22734466407449683 0.15257623022322764
0.5868603647424241 0.14552447412585423 0.0523057575068292 0.21530940362489248
0.40165741930041166 0.1872784627757913 0.3143713989117607 0.09669271901203635
0.1738773125274633 0.33443398892699805 0.36245500465767266 0.12923369388786599
0.28305289842342407 0.3360428335407254 0.2604527829701345 0.12045148506571601
0.4111132024613736 0.18367251651908745 0.12893306548612526 0.27628121553341367
0.3297197591502825 0.15327991399541907 0.5053491034201653 0.011651223434133162
