58 80 4 216.0573036642784 432.1146073285569
4.285950247204245 5.060853243040041 5.464543138910106 1.6805985993562325 6.145854240949488 3.6067060519656273 3.779240129095823 4.3738854985469855 8.342710069879129 9.719512243365816 8.09993097248023 4.426136444378569 2.4644459470403417 5.926489090572676 8.019466110333443 3.7003933606021504 6.875526592900989 3.6684912691597042 1.2936633796624233 9.538797193716821 2.374678692418283 3.509981151471286 6.170570644836414 5.984972826419963 1.7151378891353266 2.483131369809502 7.548066668835 2.1069983855849124 4.306484536293279 1.128371578819094 5.645087833798616 3.1626694784507494 5.550142047202594 4.342433591070812 4.336590856814192 4.822597335732367 6.207537479484383 6.3972190255196235 5.880344292996898 8.594663247928109 3.559245153700463 1.74485484098178 6.92503735858805 2.9876086413635665 8.418076264808217 4.576938127170532 7.078546091122522 9.175355920086448 7.149785536388647 9.471285298261112 9.743614659159338 6.200742668748335 9.906038720685617 3.4069367001375417 6.027373295795908 1.11575655647608 7.7395647130797425 8.93762544476982 1.1757102635820302 3.892591729223033 1.2405088829521138 8.0550007790955 6.335364582434159 6.096968576269441 9.11617261652981 6.233978384464723 8.155576686654111 6.340846463604706 7.153543697688028 4.75632944410564 3.0453782103682507 3.5589244486240306 3.881250961158904 8.851026809620386 5.588782850534084 1.9265630005070609 6.904581747411439 1.5817067271331795 9.185286975415822 6.133254744074497
0.8571900494408491 1.0121706486080082 1.092908627782021 0.3361197198712465 1.2291708481898975 0.7213412103931255 0.7558480258191647 0.8747770997093971 1.6685420139758258 1.9439024486731633 1.619986194496046 0.8852272888757138 0.49288918940806836 1.185297818114535 1.6038932220666886 0.7400786721204301 1.3751053185801978 0.7336982538319409 0.25873267593248467 1.9077594387433643 0.4749357384836566 0.7019962302942572 1.2341141289672828 1.1969945652839926 0.34302757782706533 0.4966262739619004 1.5096133337670001 0.42139967711698245 0.8612969072586558 0.2256743157638188 1.1290175667597233 0.6325338956901498 1.1100284094405188 0.8684867182141623 0.8673181713628384 0.9645194671464734 1.2415074958968766 1.2794438051039247 1.1760688585993795 1.7189326495856219 0.7118490307400925 0.348970968196356 1.38500747171761 0.5975217282727133 1.6836152529616435 0.9153876254341065 1.4157092182245044 1.8350711840172895 1.4299571072777293 1.8942570596522224 1.9487229318318675 1.240148533749667 1.9812077441371234 0.6813873400275083 1.2054746591591816 0.223151311295216 1.5479129426159486 1.787525088953964 0.23514205271640604 0.7785183458446066 0.24810177659042276 1.6110001558191 1.2670729164868317 1.2193937152538883 1.823234523305962 1.2467956768929445 1.6311153373308223 1.2681692927209411 1.4307087395376057 0.9512658888211281 0.6090756420736502 0.7117848897248061 0.7762501922317808 1.7702053619240772 1.1177565701068168 0.38531260010141216 1.3809163494822878 0.3163413454266359 1.8370573950831646 1.2266509488148993
0.043254626485143555 0.6679551331714233 0.04659554129380661 0.24219469904962654
0.40203333971795197 0.2592682595580601 0.3065236882994029 0.03217471242458503
0.14484819856710662 0.5875335149207781 0.1632089047777463 0.10440938173436898
0.013077797949059389 0.38004643858791576 0.3853954844895462 0.22148027897347866
0.2065832323107859 0.2378595645813557 0.25935733892624324 0.29619986418161515
0.13088153716354956 0.32760778824073633 0.38396633238989697 0.15754434220581714
0.5259300355630282 0.2621967469551213 0.18007999298760224 0.03179322449424826
0.5518723540839358 0.2541849338977725 0.09049277931440391 0.1034499327038878
0.06850929791416993 0.020308658148291858 0.47145893959357243 0.4397231043439658
0.7458904691803521 0.17908674191266727 0.06259683225598978 0.012425956650990888
0.109827314823014 0.23195740057192538 0.2780990629657675 0.38011622163929315
0.7702849237495378 0.1403751164224275 0.009386572096368506 0.07995338773166616
0.4191243283463809 0.26883588530068003 0.013664131783126532 0.2983756545698125
0.519027990847601 0.030688777249602173 0.2089812474729439 0.24130198442985296
0.2216408566705239 0.45427283999977 0.06170499395857476 0.26238130937113135
0.306392563858085 0.08833620158025846 0.23007115894258556 0.375200075619071
0.02778964759389002 0.052311208975661216 0.39101410677033577 0.528885036660113
0.09890469343470665 0.0026304761118191022 0.20366553122313258 0.6947992992303417
0.14436744306745597 0.0687751108604634 0.4929391087488594 0.29391833732322126
0.2942448724774641 0.2674150773222054 0.23303473851762968 0.20530531168270083
0.039993755006489495 0.08232369210152124 0.05974199235449695 0.8179405605374923
0.4015222896478545 0.21673416187997518 0.24584469325268454 0.13589885521948575
0.3497384435716636 0.22743400978774075 0.0406492265348708 0.38217832010572483
0.0803899819601317 0.5601209091815744 0.19296737484059867 0.1665217340176952
0.0761162810800049 0.18303711074340312 0.2721045310187288 0.4687420771578632
0.11184788818375602 0.5848134526019323 0.08118153746356604 0.22215712175074565
0.1885653021594894 0.2645005351182541 0.4279214946845037 0.11901266803775279
0.032630745659982585 0.8661088039602876 0.025450152133399295 0.07581029824633057
0.19710149329851578 0.4230905017968608 0.3768248848428767 0.0029831200617467246
0.4215541933206345 0.07051653114180811 0.005988923195096807 0.5019403523424606
0.024939241302277204 0.2934798931549353 0.23182357397625153 0.449757291566536
0.572062767186616 0.0038714505189341164 0.2713032654620703 0.15276251683237962
0.17108611767227933 0.7590874737693823 0.029003093357364507 0.04082331520097382
0.31783702660738056 0.11385509995547138 0.005170577391319209 0.5631372960458289
0.008613837738724928 0.08358929324855324 0.09140115226060308 0.8163957167521187
0.11000184880799613 0.6935704302973599 0.0522554578809713 0.1441722630136727
0.12560422056711773 0.34584374459080347 0.0567742834786964 0.4717777513633824
0.04861413952965421 0.6115654745683843 0.11351121518464102 0.22630917071732048
0.3219105816583522 0.19182882360447318 0.4592821444383307 0.026978450298843937
0.0742301042530581 0.49204649957803737 0.247789102864849 0.18593429330405553
0.4323281424928258 0.10850980304100577 0.2969566913512547 0.16220536311491374
0.25184243028209863 0.0887560021444318 0.599873120047585 0.0595284475258846
0.1514026756124056 0.0059698880721007486 0.8141077567888063 0.028519679526687325
0.062366854451980425 0.06201482129953384 0.10386545212960274 0.771752872118883
0.26247925619903145 0.031438481320338996 0.17072266079746046 0.5353596016831691
0.2413411458590371 0.09849948682787046 0.0005363336429894394 0.659623033670103
0.5220656499416988 0.19942214720372664 0.12781851189383697 0.1506936909607376
0.23625274440958377 0.0051649198765860715 0.6751319721636434 0.08345036355018676
0.02000435376476961 0.15280023181376678 0.6192280782502824 0.20796733617118124
0.14872136960860538 0.25554871544822855 0.5898701870346993 0.005859727908466783
0.5684958543457621 0.09684073975971652 0.29117496926755104 0.04348843662697033
0.04836513557303268 0.3121912559804957 0.2878634018631211 0.35158020658335054
0.03973929231616735 0.37940833297784926 0.12383070610601976 0.4570216685999636
0.10666273774068469 0.3080620016343729 0.2777320688938003 0.3075431917311421
0.31777994443183544 0.12322813178105907 0.5576528999330951 0.0013390238540104127
0.20640005100507786 0.1571078729969526 0.3706165100870791 0.26587556591089045
0.07963537511537433 0.13541442378727164 0.13699393368072776 0.6479562674166263
0.4766723433638197 0.020206456415613916 0.4846563762591829 0.018464823961383492
0.08704578028116616 0.3230323483232266 0.3207165723287908 0.26920529906681645
0.03923584389315493 0.47675989869699 0.4643918856462591 0.01961237176359598
0.03791297724661902 0.21664082810416152 0.4116840558692545 0.33376213877996497
0.146268106729168 0.6856047413825131 0.1354464204247301 0.03268073146358874
0.44841593606952845 0.11055208510793713 0.29502367922448713 0.1460082995980473
0.19437236673231206 0.09394113024345685 0.6414535639260628 0.0702329390981683
0.21483462475232273 0.3963606989778181 0.13512219453027996 0.2536824817395792
0.48567233455244807 0.22311407397884775 0.0629849121211411 0.22822867934756308
0.07295138665507017 0.6246810760556696 0.1942493114572721 0.10811822583198816
0.1871552643147386 0.2899040222586964 0.327785532339835 0.19515518108673002
0.4382607086224698 0.46192803741119204 0.059719635046536435 0.04009161891980173
0.10055101513463804 0.4935278419210961 0.34329827661444157 0.06262286632982428
0.1417619348409429 0.26473641156654704 0.5630254409098786 0.030476212682631454
0.00648977881348578 0.94966988227381 0.024134669523262597 0.019705669389441627
0.4488681713437189 0.32496779373694173 0.17214424220886426 0.05401979271047508
0.3094793725141416 0.3436911828950757 0.18172675894517054 0.16510268564561215
0.3566526605655145 0.22014101401869202 0.14867236683227691 0.2745339585835166
0.32049130641075096 0.39760566633105576 0.008088943667059478 0.2738140835911338
0.4504920650989246 0.2886871966393917 0.19560449016083503 0.0652162481008487
0.48203166312480317 0.10392558705505917 0.0366379374273641 0.37740481239277357
0.23072828167604542 0.14087069951784126 0.0024815609389838844 0.6259194578671294
0.17893965207142015 0.06502174615481593 0.10400793367413219 0.6520306680996317
0.053321994278267226 0.49472472334996487 0.39247718968455314 0.059476092687214765
0.08354141602970644 0.2569946918085011 0.26929883988466685 0.3901650522771256
0.12823408494136102 0.09124702523257777 0.19671151849412416 0.583807371331937
0.06993689982266416 0.10928668873949976 0.09796416652355111 0.722812244914285
0.06331719542470648 0.6536300050967634 0.1516662024953106 0.13138659698321953
0.12650899156702633 0.7952582126049347 0.01554512009314446 0.06268767573489453
0.12753030226584172 0.48760258413657975 0.38336622371837725 0.0015008898792012726
0.01087047835302668 0.31892715525296245 0.3823493557468455 0.2878530106471654
0.3053528588968295 0.007386047639861171 0.319538703990616 0.3677223894726933
0.21542024864515907 0.06508648583236754 0.07856754763781393 0.6409257178846595
0.017440138610337774 0.1892861786513933 0.2607767243892003 0.5324969583490686
0.25349543304777356 0.32664129569022615 0.1548969635608648 0.2649663077011355
0.8257764917431982 0.06494301413548054 0.01885045674345398 0.09043003737786726
0.3369688014394495 0.32387634484015804 0.23732188472352633 0.10183296899686611
0.31008872397938503 0.03762915826514379 0.5096087022852026 0.14267341547026857
0.09959776466548043 0.5499099650670478 0.020598111268052888 0.3298941589994189
0.04133771357373295 0.011560420322431098 0.15422673294686395 0.792875133156972
0.061537741085971875 0.5814998666425294 0.15180634195291276 0.20515605031858597
0.11823226502810602 0.39739541191675753 0.40407692244194393 0.08029540061319251
0.4226870072784531 0.34186713776927224 0.0441300397464881 0.19131581520578655
0.00174259113006614 0.4412464683595132 0.3824003157287523 0.17461062478166833
0.1583600884970111 0.5214578809670498 0.26745409721829805 0.05272793331764103
0.30866987598898155 0.19408195258837913 0.34088889753379936 0.15635927388883997
0.37720505370666557 0.11496885826674919 0.40770898941730027 0.10011709860928497
0.031113022038775195 0.11515094260104886 0.15686066925182474 0.6968753661083512
0.07676722784389878 0.08971262448766926 0.276038055558653 0.557482092109779
0.09873834447024421 0.31834053217717917 0.33121695548413344 0.2517041678684432
0.32786785494626003 0.23102482159682747 0.32764455984523977 0.11346276361167273
0.2140608743763165 0.017826293141600558 0.12900788211040448 0.6391049503716785
0.03863879758875677 0.013794174845274898 0.7017632659866315 0.2458037615793368
0.053801092143879514 0.14951382753807363 0.6493556112217065 0.14732946909634037
0.47716976915414155 0.17669890681475076 0.12124548976168825 0.22488583426941944
0.3307827130791646 0.18822560348055395 0.10422476911837453 0.3767669143219069
0.06718481324498626 0.4072213387668039 0.322252730952174 0.20334111703603586
0.46433484193732033 0.07049342098384659 0.45465267562619216 0.010519061452640921
0.005002479382960057 0.582723703617338 0.016827214817786595 0.3954466021819153
0.4239248404218039 0.46045773342264606 0.018832324052458493 0.09678510210309155
0.17354490750059892 0.031676827449881984 0.7136891615715666 0.0810891034779525
0.020948863145524244 0.3424071608399927 0.5445324224162056 0.0921115535982775
0.15294427459796167 0.1303902654377298 0.1037208113475162 0.6129446486167923
0.037303866448964995 0.10177364714893455 0.024872348731912686 0.8360501376701878
0.7877883951427459 0.15099882052754332 0.053586091786265944 0.007626692543444835
0.2701175565609386 0.28340955208380414 0.10513215541027288 0.3413407359449844
0.41433574475915125 0.46591615522916097 0.11896652911586247 0.000781570895825312
0.2549917352890442 0.06805778386934414 0.3429163209737659 0.3340341598678458
0.3051613332195203 0.11749912767824355 0.10667617070143998 0.47066336840079614
0.012817079546836418 0.922408238873395 0.007151984320839855 0.05762269725892877
0.2353565939308776 0.21562357925863362 0.27280111199543167 0.2762187148150571
0.24724844407170032 0.16983374501327597 0.3860744457520062 0.19684336516301748
0.09773741134456415 0.031056874040479188 0.05848688626073584 0.8127188283542208
0.11073486528432841 0.21545468129867962 0.576134956287188 0.09767549712980395
0.25678509207782274 0.5461227190486176 0.17125832328254342 0.025833865591016192
0.5633051638513564 0.1345159792085051 0.09172955673734018 0.21044930020279828
0.5494409364755991 0.2037737023720798 0.07813970571202267 0.16864565544029841
0.2841931234286823 0.17357508652306508 0.10278907106326807 0.43944271898498455
0.19227725675691232 0.04256987639306642 0.6697723950185416 0.09538047183147969
0.011194193567789057 0.31217769040286136 0.44154985195333507 0.2350782640760145
0.023489979975232944 0.01079994759375924 0.3443105528911432 0.6213995195398646
0.19916368796160688 0.6073060599134592 0.02744604584376331 0.1660842062811706
0.3449243125777217 0.30307964173951873 0.11874219726520363 0.23325384841755592
0.10492471681368465 0.16987194787787352 0.4372681345939107 0.28793520071453116
0.057678950591610434 0.6539875576330276 0.24943105486212058 0.038902436913241356
0.1966322261595601 0.25905654463105565 0.0796094481739118 0.46470178103547244
0.1733323579489574 0.5824532179500808 0.11626494218203998 0.12794948191892186
0.03715683863702568 0.5566266151505366 0.3583640967689623 0.04785244944347544
0.30954925096098396 0.2569837658080488 0.05339548160402141 0.3800715016269458
0.17103066732033212 0.4345995374968199 0.0041228367194665605 0.3902469584633814
0.2579790208189019 0.5146004544114127 0.09145360765961419 0.13596691711007125
0.29497562647070097 0.1178166962290994 0.051407504130627446 0.5358001731695722
0.006791124823995576 0.44591489673449936 0.18680496794457047 0.3604890104969346
0.42871748519847075 0.0012161140054162134 0.09627044600496115 0.4737959547911519
0.6488246152384943 0.11706841209733687 0.06583851281624331 0.1682684598479255
0.555779002863585 0.0573312836014952 0.37553455753581255 0.011355155999107303
0.1718516963007065 0.4296879069509588 0.37415385831662384 0.024306538431710822
0.28322483329800896 0.12963177413631244 0.0230221812712319 0.5641212112944467
0.39122294333722774 0.14342918212756572 0.38556229081314797 0.07978558372205857
0.04235033540705946 0.11957027844404844 0.35797221276835955 0.48010717338053255
0.23161032012215232 0.25106555551509435 0.1975313544152838 0.3197927699474695
0.036179663226488135 0.07548224710120843 0.27673912652044286 0.6115989631518606
0.4163315593829735 0.15610589888151394 0.06206251116569117 0.3655000305698214
