28 40 4 117.13535708346642 234.2707141669328
7.561123680602072 6.05115642094877 2.1247038280831685 4.578331318301054 8.031773856461285 5.598936834878018 2.644240225742425 8.681615877239675 9.598347033713283 9.85792121426601 2.7343087644463147 9.737155912331955 3.113275191412986 1.237184636588836 9.514543087872601 9.29552366818852 3.645781910307825 2.4964633197912183 4.558805558491835 5.596027612796165 3.772335056416566 4.866119502327439 8.470624650859833 6.061542143255042 8.477994791915751 9.97236361976169 3.9932092467435845 1.8190731374831306 7.964484027299679 2.344453574503387 7.528195536831286 9.596317908858282 1.6578619728936408 5.02446475835967 8.570062609997201 2.3098570088734136 7.887443824133701 8.036064262580474 7.075706907505778 2.185319673869267
1.5122247361204144 1.210231284189754 0.4249407656166337 0.9156662636602109 1.606354771292257 1.1197873669756038 0.528848045148485 1.7363231754479351 1.9196694067426567 1.971584242853202 0.546861752889263 1.947431182466391 0.6226550382825973 0.24743692731776717 1.9029086175745202 1.8591047336377042 0.729156382061565 0.4992926639582437 0.911761111698367 1.119205522559233 0.7544670112833132 0.9732239004654877 1.6941249301719665 1.2123084286510084 1.6955989583831503 1.994472723952338 0.7986418493487168 0.36381462749662613 1.5928968054599357 0.46889071490067746 1.5056391073662572 1.9192635817716563 0.33157239457872817 1.004892951671934 1.7140125219994402 0.4619714017746827 1.5774887648267402 1.607212852516095 1.4151413815011558 0.43706393477385336
0.039303182169226236 0.21187943175645707 0.282200430671145 0.4666169554031717
0.6103815784059902 0.08837373567580686 0.1970232246719169 0.10422146124628606
0.7632656699123515 0.069968299771201 0.09665360548544122 0.07011242483100633
0.10681001127994949 0.47217324085303636 0.41814438876351634 0.0028723591034978124
0.7262486705180046 0.016387592040433163 0.12537982984943996 0.1319839075921223
0.046459090146250936 0.6540868199308636 0.2707791895453151 0.028674900377570367
0.33060700585988345 0.023574312014088772 0.010833263835739348 0.6349854182902884
0.2616993719297237 0.3615418888130051 0.1522372968073057 0.22452144244996552
0.38212961816063273 0.35527808370465064 0.0827176317549072 0.17987466637980942
0.06125105420094468 0.32238105200060685 0.031873846287776675 0.5844940475106718
0.23321524531667914 0.1486572769585155 0.061479284311051985 0.5566481934137534
0.16996923167825784 0.33642233686569356 0.08840849338096446 0.40519993807508414
0.03229214935934144 0.14931226341661963 0.6278511898148665 0.1905443974091724
0.03305478887490143 0.3355627314417695 0.23626598980897173 0.3951164898743573
0.08332112573614292 0.28702940328278115 0.48618712126249597 0.14346234971857996
0.0046106436381342375 0.4521583172370326 0.28993113089786215 0.253299908226971
0.18912247948386984 0.1820691441445812 0.26618184202774964 0.3626265343437993
0.32256109144550715 0.08730757486751506 0.4065359562357789 0.18359537745119892
0.16223588719182513 0.5135757555679372 0.061692152120622734 0.2624962051196149
0.042522637916886596 0.3251536009058429 0.4301899351657741 0.20213382601149643
0.1250577543340311 0.37038536815976375 0.46225900051939717 0.04229787698680798
0.07657687259032664 0.06456564160583733 0.7791325559292657 0.07972492987457036
0.12733874611496532 0.36996299782404996 0.09041520374012113 0.4122830523208636
0.03969860522025748 0.42142169855226974 0.44958646455310136 0.08929323167437142
0.2888260516243665 0.35684742194915997 0.2277847549915878 0.12654177143488576
0.2863795603946072 0.2221066716065745 0.2783885347498356 0.2131252332489827
0.27003472653076654 0.4404672314705933 0.1832138121768766 0.10628422982176355
0.05821517051272407 0.40550797226348523 0.05531788745034372 0.480958969773447
0.4369287176902945 0.06196990690583981 0.17691607408000143 0.32418530132386425
0.22655561619609033 0.4587430780740712 0.24262833864768252 0.07207296708215594
0.6610306305972653 0.26478901496920937 0.0602359529728026 0.013944401460722733
0.13189901364247092 0.5506293698964458 0.09927440972478918 0.21819720673629406
0.2008958082747897 0.25760655587574155 0.28382281225601935 0.2576748235934494
0.48718314085107406 0.03814379872377316 0.40338162811084677 0.07129143231430601
0.1074402787964196 0.05317191501496554 0.13749848901191564 0.7018893171766992
0.42233056212726605 0.12384023679694389 0.3858165630809862 0.06801263799480384
0.021161793023728115 0.012465742439351168 0.11146087528533755 0.8549115892515832
0.06412032476464846 0.26088657047221864 0.6353665727097297 0.03962653205340316
0.10225701770007622 0.43941835374438554 0.07082115141264622 0.387503477142892
0.06619898508305289 0.038201928004634955 0.8216844955977691 0.07391459131454303
0.05917524354882453 0.5968478334416362 0.3323953070411626 0.011581615968376702
0.16192467084988793 0.1550604269172572 0.31018966870544873 0.37282523352740615
0.1562820815836775 0.07368734579831704 0.26784109253067834 0.5021894800873271
0.27530634180429314 0.39839403907690174 0.20214899294681787 0.12415062617198724
0.1622617033444873 0.12247024918870275 0.20633839222682637 0.5089296552399836
0.04888569362356843 0.1484151827187632 0.4546440332988504 0.348055090358818
0.5146740613033451 0.0160969451136731 0.22187394039138275 0.247355053191599
0.30446975041422886 0.547269735145551 0.04381249749437044 0.10444801694584971
0.6114070596436626 0.24414535132967563 0.009668534877411594 0.13477905414925018
0.24213480168928625 0.5753813054908908 0.16132437379511655 0.021159519024706364
0.02552222740561172 0.6046274566385933 0.14909877140158045 0.22075154455421453
0.4145711082641804 0.024062093214899605 0.4722368764212269 0.08912992209969306
0.22840922120522034 0.014146997118902216 0.27673224985165124 0.4807115318242262
0.39902017750242713 0.06333349219643147 0.09502496967426433 0.44262136062687707
0.483166354619775 0.23495392759931089 0.12963625984452254 0.1522434579363916
0.7641884092359374 0.0947304144478156 0.08885329206843584 0.05222788424781111
0.20927374551063482 0.28834664710025015 0.26219565529984057 0.24018395208927446
0.13548798793457684 0.07068478512951382 0.4321107150164376 0.36171651191947174
0.008539339348597408 0.7586309150763048 0.19351664514145273 0.03931310043364511
0.34268868801777563 0.24142915190166858 0.30148314462096093 0.11439901545959485
0.19873519126015626 0.03784150860240365 0.2817122774599419 0.4817110226774982
0.06295161015162654 0.16684701401014757 0.6330902136728702 0.13711116216535568
0.6116539175306916 0.16775351574073116 0.11490567787674044 0.10568688885183675
0.5087329248262589 0.21172514766591188 8.88083449590571e-06 0.27953304667333334
0.18879163909114705 0.29332826511209464 0.00852082913621921 0.5093592666605391
0.18311127133811422 0.3775218966371623 0.0911385862241948 0.3482282458005287
0.2768991509890214 0.10732080165850877 0.5033951243834294 0.11238492296904046
0.17727857699957217 0.011888173889164966 0.40671065387983474 0.40412259523142813
0.16908189663687712 0.318210720793218 0.021267216445613912 0.491440166124291
0.46067119222914565 0.3741920391134308 0.06902729070728775 0.0961094779501358
0.024915194399081186 0.22436897158526603 0.6941694611866657 0.05654637282898711
0.01176331365706873 0.42324060219818094 0.02371138848745391 0.5412846956572964
0.4462829765225361 0.5140930971729818 0.016880256929292292 0.02274366937518979
0.18703144379158954 0.34489510196285567 0.3611077396721136 0.10696571457344117
0.29029079930137713 0.03799096282196379 0.369598456997839 0.3021197808788201
0.2347406246926933 0.46242345631307247 0.11215092566486928 0.19068499332936495
0.25198282845046516 0.15243272008259845 0.32736513023567937 0.268219321231257
0.06197548622144622 0.039354926453249006 0.28122689012585034 0.6174426971994544
0.3529377696020637 0.5681411135264713 0.07083054729218452 0.008090569579280449
0.46462957069642974 0.30370170826661846 0.017414251319146423 0.21425446971780537
