3 30 4 75.1438320443413 150.28766408868256
5.957181123171179 7.373330403562943 3.618142650216499 5.597448446778968 9.036522589128893 9.066637800400942 2.130267794174526 2.865185903243681 1.463204829707469 4.967288592855728 1.2688858979071025 5.1114990195524 6.842296428532847 3.5063855438317777 7.086294117821182 6.317765356747158 1.2158369413944883 6.029686791917938 3.3332720221671885 4.735910773090627 3.5517257359418686 7.238241264816967 4.964083459036655 2.411809646274669 5.901841162286603 8.022832880602303 3.7572717913856177 2.9976209553896327 4.491741318000839 9.427452848743874
1.1914362246342358 1.4746660807125886 0.7236285300432999 1.1194896893557935 1.8073045178257785 1.8133275600801884 0.4260535588349052 0.5730371806487362 0.2926409659414938 0.9934577185711456 0.2537771795814205 1.02229980391048 1.3684592857065694 0.7012771087663555 1.4172588235642363 1.2635530713494316 0.24316738827889767 1.2059373583835877 0.6666544044334377 0.9471821546181254 0.7103451471883737 1.4476482529633934 0.9928166918073311 0.4823619292549338 1.1803682324573206 1.6045665761204606 0.7514543582771236 0.5995241910779265 0.8983482636001678 1.8854905697487747
0.37799404132888914 0.5248400672095089 0.07316131393453573 0.024004577527066195
0.3615647630625781 0.044955153313670504 0.24689098614728755 0.3465890974764638
0.26923557825106126 0.18845082107191669 0.12856650514484347 0.4137470955321786
0.20541034460498753 0.0725671620186138 0.23605755319384059 0.4859649401825581
0.4835855323515865 0.2075073895041778 0.016593699959906782 0.2923133781843289
0.3258071580648745 0.014041505891943418 0.033751460192110394 0.6263998758510717
0.061528930829939266 0.629948580117391 0.2801250952262374 0.02839739382643236
0.07256213782223342 0.5241016367796294 0.1272753648356193 0.2760608605625179
0.12929386460885417 0.022567132399686884 0.03595382791533719 0.8121851750761218
0.6816117788074266 0.02556882200047106 0.21954508344583012 0.07327431574627219
0.6603259063996125 0.0659935920284247 0.11578368744860956 0.1578968141233532
0.19207229639360313 0.3607722767568424 0.08082099063712922 0.36633443621242523
0.08979086952306481 0.6951458339080663 0.06603471361037061 0.1490285829584983
0.21798576840935358 0.26710845764473456 0.4428421215080375 0.07206365243787438
0.07362366921935759 0.3405032504968497 0.22604969718285162 0.3598233831009411
0.20937334952236364 0.06540715597327562 0.3763422649459601 0.3488772295584006
0.07013250508767022 0.012738513709887211 0.873578492519823 0.04355048868261957
0.17003354423713468 0.37072729194935916 0.1512166756863489 0.30802248812715727
0.34068848446015954 0.40039392193940304 0.1230372630110812 0.13588033058935622
0.6949634351408759 0.03172631634932199 0.0004623272565114078 0.2728479212532907
0.31381911523322203 0.5633929237110951 0.002912751304998462 0.11987520975068444
0.2049397689077791 0.6229230325136418 0.14376149565655982 0.028375702922019297
0.28704976468113286 0.4117602336992906 0.17336951001900247 0.12782049160057407
0.21594947101977668 0.06334512582707963 0.5690093002326397 0.15169610292050395
0.5394465002646668 0.23552131477625682 0.06194432367269154 0.16308786128638486
0.34309386439196143 0.3574179145743114 0.2647815721400929 0.034706648893634284
0.045497305855868864 0.4712870599873764 0.22595290770638354 0.2572627264503712
0.47891545221783816 0.3500856262568872 0.14895133118225934 0.02204759034301529
0.06854991826183676 0.47024273974133324 0.34544877308456723 0.11575856891226277
0.18377231801244276 0.3140105130060147 0.1227298503864499 0.37948731859509266
0.09221700887172424 0.5801666670410894 0.1733671953803656 0.15424912870682073
0.22505450483983191 0.24388574385933715 0.08890051368928187 0.44215923761154907
0.2834878624322098 0.008304911793222791 0.5687411387214939 0.1394660870530735
0.08722936878080467 0.11414934226226847 0.25324336447887363 0.5453779244780532
0.3621762123878334 0.32700420136708075 0.057565809347090435 0.25325377689799544
0.44514504926353204 0.127648820605343 0.0953409348663925 0.33186519526473246
0.23058420435507399 0.012091217829264145 0.40780143602940144 0.3495231417862604
0.06696942393282634 0.132006602364252 0.276112584337353 0.5249113893655687
0.10010434458144468 0.4531733872262088 0.39882351122355475 0.047898756968791756
0.2638866709525134 0.2771330024072578 0.2981733844401995 0.16080694220002933
0.48023995608541004 0.26451236733894923 0.16922294358157852 0.08602473299406221
0.19638057670013687 0.16956000815247252 0.3597290390802115 0.27433037606717914
0.4888732446161128 0.05472108197970993 0.42850403708794305 0.027901636316234213
0.17721338080182358 0.27806598067906274 0.33233883802259 0.21238180049652366
0.04910892439787362 0.09422339307344774 0.7490608701157712 0.10760681241290748
0.4789782973769777 0.17324482768920701 0.07848499906285356 0.2692918758709617
0.05773148782296755 0.37778906835222525 0.5241866310780283 0.04029281274677887
0.26034507272891516 0.5771173599408073 0.05810789547226114 0.10442967185801644
0.06467319799028326 0.09336045671121074 0.13283879112798203 0.709127554170524
0.13946712418246032 0.21964040068103108 0.48231209416765675 0.15858038096885185
0.153740208571143 0.2658425481118015 0.3793815625378594 0.2010356807791961
0.24057032033459902 0.1271326629688614 0.597525165290455 0.03477185140608463
0.0921315918005916 0.3903654499732383 0.35119084256932975 0.16631211565684034
0.3146529987639973 0.11616202325446268 0.4009460684394065 0.1682389095421335
0.09556681500661357 0.1352694505697133 0.3038986047749941 0.46526512964867905
0.7510273073183793 0.08953377816785768 0.10796656147371775 0.05147235304004527
0.05564154105168817 0.10062088261958535 0.14842400927711852 0.695313567051608
0.06227948040577591 0.011758315874220493 0.42871325139442307 0.49724895232558053
0.07556640450523078 0.0009298778107262873 0.36931389639700174 0.5541898212870412
0.37281149964266846 0.06354558452384551 0.14695483107524343 0.4166880847582426
