74 60 4 158.39237423768054 316.7847484753611
2.8198206408721718 8.060928436995049 8.74483515313328 3.943766809732912 3.2397442847635007 8.293273446218297 7.420913103315365 6.951955720404018 7.3944213132661 2.0161078765310565 8.829748031104653 5.287850356293555 1.7224379284367726 2.338934157304754 3.9162182834124 1.0608164633927657 7.451920654665319 1.585690493494888 4.814611642037224 8.243916315285585 1.265465106800412 5.731914777098036 8.086024144643336 8.306882746469501 4.073116818914792 4.597060083336812 8.760985323374403 1.0192206760253426 2.5206640234219195 4.452658176320602 6.399560963348801 2.1742206168623768 1.3120331142501866 7.3171664359207735 5.785202899019894 7.735938222536454 2.3685840516270167 1.6132827530875529 5.393224215187388 5.809974622287679 6.20066058580415 6.976277114012966 4.981969784583266 2.2393629587091546 2.832513940166389 2.9793570555235 8.04271333686462 7.37074457693731 5.715934379459153 9.811331202008791 3.4026595156763917 7.555287218386293 4.348403142287114 5.353072773208128 7.981667211794864 9.538550271514605 6.999720218951548 7.609558569739774 6.812873532149611 1.1710002063904867
0.5639641281744343 1.6121856873990097 1.748967030626656 0.7887533619465824 0.6479488569527001 1.6586546892436593 1.484182620663073 1.3903911440808037 1.47888426265322 0.4032215753062113 1.7659496062209308 1.057570071258711 0.3444875856873545 0.46778683146095085 0.78324365668248 0.21216329267855313 1.4903841309330637 0.31713809869897763 0.9629223284074447 1.6487832630571169 0.2530930213600824 1.1463829554196072 1.6172048289286671 1.6613765492939003 0.8146233637829583 0.9194120166673624 1.7521970646748806 0.20384413520506853 0.5041328046843839 0.8905316352641204 1.27991219266976 0.43484412337247536 0.26240662285003735 1.4634332871841547 1.157040579803979 1.5471876445072907 0.47371681032540336 0.3226565506175106 1.0786448430374775 1.1619949244575358 1.24013211716083 1.395255422802593 0.9963939569166532 0.4478725917418309 0.5665027880332778 0.5958714111047 1.6085426673729242 1.4741489153874618 1.1431868758918307 1.9622662404017581 0.6805319031352783 1.5110574436772586 0.8696806284574228 1.0706145546416255 1.5963334423589728 1.907710054302921 1.3999440437903097 1.5219117139479548 1.3625747064299223 0.23420004127809735
0.5633917337172312 0.0661494278634368 0.2835643746790818 0.08689446374025023
0.0026701521586803834 0.16186869533478843 0.2798110942455362 0.555650058260995
0.11709099923801003 0.4709449218600925 0.08921021940117124 0.3227538595007262
0.08006484091487132 0.6195935273978889 0.2578714612470985 0.04247017044014134
0.24076642405555182 0.24396773549716544 0.3024370906493593 0.21282874979792343
0.12496103319980167 0.0011512121032074552 0.2948592881792774 0.5790284665177134
0.03868267769202127 0.37365028576801906 0.2873273410023448 0.30033969553761486
0.03220866509838305 0.8059295366383593 0.02047118559452865 0.141390612668729
0.280661045847055 0.12456911497326228 0.18299439082705016 0.4117754483526326
0.23098798675421028 0.1300979013064112 0.343407559735753 0.29550655220362554
0.1349166071469785 0.13877972383145876 0.3773419682870298 0.3489617007345329
0.6391490103145848 0.2346052871380263 0.10492061717353751 0.02132508537385136
0.19711824028098857 0.31151653041037075 0.2242579269133399 0.2671073023953008
0.06231065126832114 0.5394878224573825 0.3821742976460937 0.016027228628202717
0.026214233014971944 0.5270683179490369 0.03421094070977926 0.41250650832621194
0.6386781107835241 0.060078181110875484 0.12683325696152958 0.17441045114407083
0.2735668867760833 0.11011442953526362 0.27782465952936575 0.3384940241592873
0.06443640260589767 0.046403484206834156 0.03772768618893918 0.851432426998329
0.6555728132707235 0.07626893658445555 0.16224833674288697 0.10590991340193401
0.0737120014921957 0.13689452660736057 0.1717573381607972 0.6176361337396465
0.4631715918987548 0.13087264123116815 0.32581779584053905 0.08013797102953801
0.018685203615573687 0.16571116525848795 0.6515108104321066 0.1640928206938318
0.13318248968069957 0.07985157837929002 0.5236688519164328 0.26329708002357766
0.4895453902627366 0.13210411710204673 0.2239959781732691 0.1543545144619476
0.38054820415253077 0.26084674552300924 0.007893422530035887 0.3507116277944241
0.31546693055791675 0.3716743149795394 0.13925632773666718 0.17360242672587667
0.02638544686764266 0.1596561117883717 0.749260409380276 0.0646980319637096
0.14977602855145977 0.2227005884353226 0.29627684704997503 0.3312465359632426
0.1488877768952851 0.24049189001824545 0.20478492333908116 0.4058354097473883
0.30636286166326165 0.10854710646266397 0.41394137968172395 0.17114865219235043
0.11730671855942898 0.6966061791890409 0.007419542227827258 0.17866756002370288
0.7336620035643544 0.08079515116971792 0.053314668497435935 0.13222817676849175
0.11948920436654609 0.47410037295486407 0.2822802240830895 0.12413019859550034
0.018510187677406864 0.7453854483332696 0.2078760767178024 0.028228287271521157
0.44229859782029435 0.12240734725506575 0.26460884575820187 0.17068520916643803
0.10053291955959087 0.021252591911303242 0.3364422344770782 0.5417722540520277
0.05300722858532625 0.6981741441891273 0.029347404809976663 0.21947122241556982
0.6775552318225987 0.0989291177989694 0.21257060957305818 0.01094504080537373
0.6509924329221743 0.21926051123878565 0.09593325799194063 0.03381379784709937
0.01972241732746327 0.7084338417139248 0.16587150252487592 0.10597223843373604
0.24683746599845657 0.5834820197676257 0.16951814228797257 0.00016237194594515003
0.06941992419284848 0.8732988668137112 0.0008384951705248112 0.05644271382291555
0.5480237353249735 0.13738693172012995 0.026719131282254227 0.2878702016726423
0.18148525803390458 0.0337297388088722 0.35202561200533 0.4327593911518932
0.09115027205901927 0.03420683129941571 0.10310363050941396 0.7715392661321511
0.14235574072107304 0.018661170972656183 0.3353759138729633 0.5036071744333075
0.5814368885162174 0.10649674125925612 0.15411264755470278 0.15795372266982366
0.39798168302480996 0.26509497104541824 0.03956680417495417 0.2973565417548176
0.16553014834310043 0.028063393243237034 0.31116473532837086 0.4952417230852917
0.49837414901211696 0.03596422812965394 0.22344024501514348 0.24222137784308562
0.2046083444649507 0.34717980836732454 0.026477038778849105 0.42173480838887567
0.08644676518574412 0.2821159262792321 0.40192714775172067 0.2295101607833031
0.41673185900160004 0.03972016213298313 0.47046985911168604 0.0730781197537308
0.02056413065996532 0.28569953549927185 0.25823568309765643 0.4355006507431064
0.06977639967608973 0.2509325772060894 0.3755365421248208 0.30375448099300006
0.31465912864088885 0.12418827390921239 0.4579975634887984 0.10315503396110037
0.04647307795649125 0.1990530200074998 0.3453569532661661 0.40911694876984284
0.12241265623359332 0.4339120952334492 0.23591877952623874 0.20775646900671874
0.4073841813696717 0.04646895912882931 0.5314671067020398 0.014679752799459211
0.5757441868844491 0.2535202946515347 0.06370999538848066 0.10702552307553559
0.05748806604787848 0.029384620900260283 0.29783040691215334 0.6152969061397079
0.20035946291693862 0.026372387508123096 0.7068297672930418 0.06643838228189647
0.2961374266516046 0.041772985232491844 0.2961440599730846 0.365945528142819
0.05371122796049166 0.49070166312809693 0.3930849213249539 0.06250218758645754
0.10128679199789181 0.4126889492170487 0.08510873416038434 0.40091552462467517
0.7869470568992287 0.04237303182064345 0.10353621167848404 0.06714369960164379
0.506502240807773 0.1590690220116625 0.12662007028683442 0.20780866689373012
0.49174330285663537 0.3578467596404925 0.03482755043531527 0.11558238706755686
0.020372987850272306 0.4547346502229431 0.2167832327728405 0.30810912915394406
0.35254712252836884 0.29170165355041855 0.20857311782443533 0.14717810609677728
0.2807715327432573 0.4303753489325397 0.09374301854051537 0.19511009978368765
0.34980555646534695 0.5720472178300455 0.06444559597336053 0.013701629731247
0.204203538490474 0.11286913508417196 0.25787003366356653 0.4250572927617875
0.0996362289358913 0.03053470460601504 0.44972207729262736 0.4201069891654663
0.03784691478222313 0.5549628160384491 0.40244407763468215 0.004746191544645617
0.19170144349224072 0.09864309185751696 0.620637419159512 0.08901804549073034
0.05866971741711746 0.2890806187976329 0.32133205877061755 0.3309176050146321
0.24931008146574607 0.052248366964529946 0.3925633882095204 0.30587816336020357
0.5903774580925283 0.2442457509671454 0.06172836864663489 0.10364842229369142
0.09204275746116597 0.1449954719885046 0.5976742866392561 0.16528748391107329
0.6102497642853931 0.07422554621332988 0.18623755509312956 0.12928713440814743
0.21646807815157454 0.3036735615645402 0.21687856112299408 0.2629797991608912
0.15793420557525484 0.13325820996175108 0.29890154909487876 0.4099060353681153
0.7690292223840839 0.09569688213343863 0.10632280232446711 0.028951093158010366
0.03166836735318679 0.36503318966900833 0.31251355748313736 0.2907848854946675
0.16687011304220978 0.3300309015063184 0.06522060730893675 0.43787837814253505
0.4454170019958409 0.4700756354939001 0.07766201557769603 0.006845346932563001
0.15708647346115556 0.2158406634652692 0.4538952891522292 0.17317757392134603
0.040673016487323244 0.11910764067368063 0.5464705911100002 0.29374875172899595
0.5852133045736956 0.061175196420661604 0.286962855622228 0.06664864338341481
0.036497952827602265 0.31484585103952145 0.10254596827391316 0.5461102278589631
0.5360326592334984 0.17376072090798977 0.27612627912336885 0.014080340735142971
0.04589648606692687 0.08897723361347709 0.5913598195439297 0.27376646077566635
0.060878432938621385 0.3052588756565804 0.6225834701349626 0.011279221269835604
0.5541568482145253 0.16796389216552354 0.0807982963105558 0.1970809633093954
0.11683620265025252 0.22007237085080333 0.23061545062714917 0.432475975871795
0.1336239753110584 0.6481536826838029 0.13528603100083803 0.08293631100430066
0.032470048080179725 0.7642079708086409 0.06350177415593772 0.13982020695524167
0.310839319597505 0.20820712908590178 0.3000615607736583 0.18089199054293492
0.021922012393255197 0.023329715642637416 0.25852549962600224 0.6962227723381051
0.093908781373917 0.0771923507436918 0.5453417480523908 0.2835571198300004
0.6228260916795086 0.036325833770151084 0.10224923226542892 0.23859884228491135
0.32582222908758685 0.33811893279654426 0.1653989438448693 0.1706598942709996
0.5031784304377854 0.009792761730442856 0.4044265447176335 0.08260226311413821
0.32323112250073593 0.09629546295700886 0.5468089437380959 0.03366447080415935
0.1898322044738986 0.03693447920533932 0.40733471196480886 0.3658986043559532
0.7375564667197971 0.09488559439626787 0.10429925129686557 0.06325868758706943
0.4980631022742601 0.055686196339287064 0.18195727710754517 0.2642934242789077
0.4407475619439676 0.036386407328118264 0.3450261936945208 0.17783983703339334
0.042578962319321234 0.09959793048011234 0.023237711856332388 0.834585395344234
0.024768534099006922 0.23874584263535847 0.4746513921305262 0.2618342311351084
0.5203949301977792 0.21768650574472037 0.20503372768360684 0.05688483637389363
0.5498014657342941 0.25530278607575707 0.02773238186372695 0.16716336632622186
0.0817612688121605 0.2137305875662746 0.6986044670815118 0.005903676540053082
0.3116675201193616 0.24794901449861606 0.43386405292034624 0.0065194124616760885
0.10817863374071801 0.059812186915680576 0.0615515364619067 0.7704576428816947
0.1319657800665176 0.44014586099174124 0.20711150593878458 0.22077685300295657
0.5007316201039227 0.07321266791799463 0.19545598428592537 0.2305997276921573
0.3036192769809257 0.2841171207069155 0.36938423201356874 0.042879370298590014
0.8225871501028095 0.020804338535457267 0.020050745190098196 0.13655776617163506
