10 70 4 192.09739027437442 384.1947805487488
7.941885789400714 1.1867675442346135 6.702834114336479 7.7392349428475065 5.4865631107233135 3.023169809777629 2.782565782836616 7.8447764097906285 2.521997529062819 1.7950583275660925 7.1682383653101756 9.58054011575443 1.03553439695123 5.60973037047199 8.313588654869022 6.512734601464493 7.495797856886196 3.6268846135356982 9.259967102616491 7.431182050579215 5.882899312101351 2.2795304284137425 4.360066840463222 7.067202535597108 4.976498569806965 4.906125939999644 6.559902806223855 5.6182441829895176 6.853574637383205 6.4093505806409 8.247008771494718 5.694824371542707 9.177839927278015 3.8731248008969077 1.8141341434381664 3.70630050972583 2.025859256771948 8.458131936769089 1.4220668745032479 6.636584334802533 5.928275403273192 8.373582961030618 2.7905278571093106 8.711652722119599 4.1648737548887915 7.7918292237687155 3.663655361917108 8.955428316050677 3.9296047404902392 2.485143079472336 4.532763195519285 1.8411433710278526 8.389950920532357 2.3603681767830746 4.457030038229796 9.49834641014921 9.88862927411685 5.106740923853057 8.435105594584659 3.262367207863534 6.376344834077958 9.125485842984647 5.811021539216336 6.311812266868806 1.353535905028486 4.2146358277108265 1.7165178114036777 3.7491392650853643 3.976473807839188 7.964472665895363
1.5883771578801427 0.2373535088469227 1.3405668228672958 1.5478469885695012 1.0973126221446627 0.6046339619555259 0.5565131565673231 1.5689552819581256 0.5043995058125639 0.3590116655132185 1.433647673062035 1.9161080231508858 0.20710687939024602 1.121946074094398 1.6627177309738044 1.3025469202928988 1.4991595713772392 0.7253769227071396 1.8519934205232982 1.486236410115843 1.1765798624202701 0.4559060856827485 0.8720133680926445 1.4134405071194216 0.9952997139613929 0.9812251879999287 1.311980561244771 1.1236488365979036 1.370714927476641 1.28187011612818 1.6494017542989436 1.1389648743085414 1.835567985455603 0.7746249601793815 0.3628268286876333 0.741260101945166 0.40517185135438955 1.6916263873538178 0.28441337490064955 1.3273168669605067 1.1856550806546384 1.6747165922061236 0.5581055714218621 1.7423305444239197 0.8329747509777583 1.5583658447537432 0.7327310723834216 1.7910856632101353 0.7859209480980478 0.49702861589446723 0.9065526391038571 0.36822867420557054 1.6779901841064713 0.47207363535661495 0.8914060076459591 1.899669282029842 1.97772585482337 1.0213481847706114 1.6870211189169317 0.6524734415727068 1.2752689668155917 1.8250971685969293 1.1622043078432671 1.2623624533737612 0.27070718100569724 0.8429271655421653 0.34330356228073555 0.7498278530170729 0.7952947615678376 1.5928945331790725
0.039959208689977266 0.27496766315271104 0.03142027823734472 0.653652849919967
0.6055775643937568 0.27251907833110156 0.0018185317930576872 0.12008482548208399
0.30087130894070724 0.002191251710327524 0.2947740873119389 0.40216335203702636
0.06425106069482445 0.4108811867202261 0.08244594124759363 0.4424218113373558
0.3182728054789512 0.021435038158912456 0.6373728822848181 0.022919274077318197
0.06809727353795003 0.5100391563445175 0.2038126887366809 0.2180508813808516
0.29972987242456284 0.050926518858570136 0.23536558877004288 0.41397801994682415
0.05047767015399762 0.05758610262545494 0.565403152505268 0.3265330747152795
0.10687958439356915 0.11188976478596757 0.667057746988169 0.11417290383229428
0.14762019228529766 0.3221651011551968 0.1752868330277474 0.35492787353175814
0.2267733432700092 0.021839164532760247 0.6736202791007768 0.07776721309645374
0.014860024633228108 0.5518898999417718 0.006278979458185896 0.42697109596681415
0.14853345135645857 0.41302390891991037 0.0226384682543066 0.41580417146932447
0.4396052377745905 0.06737339148945687 0.18691143707836433 0.3061099336575883
0.09010673472443853 0.10799392249183037 0.3670256967415356 0.43487364604219547
0.030684840372946276 0.2652189218478911 0.44896031472923037 0.25513592304993227
0.3851135995654865 0.3976012186794846 0.055546502458721725 0.16173867929630714
0.6031629758620348 0.01257390017153448 0.13472773445392172 0.24953538951250898
0.1748138948221194 0.2837003114151536 0.025506684049552808 0.5159791097131742
0.11672951094696327 0.33996802437320894 0.39206653649105994 0.15123592818876785
0.07708540441603862 0.01757363632761444 0.4791171907075491 0.42622376854879784
0.35121350299640874 0.30451323971818944 0.15758934095620591 0.1866839163291959
0.38403076811573245 0.009388344320782949 0.4359828073907205 0.17059808017276412
0.2131865653786481 0.2944143426763113 0.4583453434528557 0.0340537484921849
0.025263945431817092 0.1593628925824484 0.6809257802130176 0.13444738177271687
0.2574754234045431 0.20037408856986738 0.35204215342576817 0.19010833459982135
0.02443264498316411 0.2498621740322321 0.08147752380826712 0.6442276571763367
0.37764191857408025 0.1814445978291781 0.2855323447405922 0.15538113885614946
0.3002106115940131 0.21099803469145229 0.28206458674214874 0.2067267669723859
0.18486754999091237 0.3844038497103761 0.4196455744949127 0.01108302580379883
0.6147017129801696 0.18807422336807678 0.018440539850013926 0.17878352380173967
0.26340316495675753 0.011391966636011164 0.6637190656165688 0.061485802790662514
0.046739227161395 0.41198500202846866 0.22185014525458102 0.3194256255555553
0.8586490154684265 0.07226682037932497 0.032984686990531364 0.03609947716171713
0.11396030875469221 0.5240747725899345 0.12852504522628005 0.23343987342909323
0.3841218491535694 0.1593431893213466 0.35455927037459933 0.10197569115048466
0.08696940892461757 0.3184098795049515 0.491900656389779 0.10272005518065197
0.3045733553466201 0.2963808518990563 0.2775119711809867 0.12153382157333692
0.05662820283810621 0.6351464047383604 0.11123292914043126 0.19699246328310216
0.08262029129549275 0.4462335880666334 0.22843216095348862 0.24271395968438525
0.20476161403019622 0.5885077112962244 0.17008818039507034 0.036642494278509075
0.34523678986185746 0.20542399435995762 0.25019102556180095 0.19914819021638397
0.05794980601005473 0.08530270489512726 0.367079273643663 0.489668215451155
0.14651567931680165 0.14221920122517362 0.31270549564083094 0.3985596238171938
0.5508060640409488 0.029525287427027758 0.0351707655905642 0.38449788294145926
0.4133046555645703 0.09175446199189086 0.011730160263980771 0.48321072217955807
0.3426431255645266 0.2700860563645274 0.05009256947093477 0.3371782486000112
0.009769977119685747 0.12228515015230113 0.08585330893085585 0.7820915637971573
0.08749305252390538 0.6835782027839491 0.13915938135190853 0.089769363340237
0.0871283569325122 0.45070407692146186 0.2353791878982875 0.22678837824773845
0.27252617599113516 0.16821088142266594 0.035947913302860846 0.5233150292833381
0.037322009011339086 0.4398987918965953 0.24101637941171283 0.28176281968035277
0.06785531108690035 0.54634092262779 0.11969780394414309 0.26610596234116657
0.0193474616178273 0.24854072408426453 0.29123711825839027 0.4408746960395179
0.03390251313256176 0.32658279702149695 0.05175209836339656 0.5877625914825447
0.23671087648016043 0.4345460286454712 0.18189850806477048 0.1468445868095979
0.44276965332145124 0.20922519508465875 0.2402746032865779 0.1077305483073121
0.13560977226706927 0.294316330589503 0.0969071186805035 0.4731667784629242
0.058894011440773775 0.1153059317006726 0.36315408228218315 0.46264597457637047
0.5760907120119877 0.07569565976922787 0.15914785329389025 0.18906577492489418
0.5035747397173306 0.11036038694710737 0.19275602294605232 0.19330885038950973
0.28814558099381116 0.15503150603353621 0.2718108688179788 0.28501204415467385
0.11452711222626355 0.17111309600590163 0.3632649432134486 0.3510948485543862
0.10495741202168796 0.26338449330853553 0.3937248966496524 0.23793319802012414
0.0017596491043597728 0.6437290136398159 0.16237787052091657 0.19213346673490772
0.27908960707212593 0.2015986579187311 0.43423916077741154 0.08507257423173142
0.2756196336037614 0.11923866281211248 0.37415386060763256 0.23098784297649355
0.7891887879251763 0.048981760605528724 0.032834426713295284 0.12899502475599967
0.19447817432203818 0.04187522090174012 0.07102602331368613 0.6926205814625356
0.5271468808849665 0.03570016581928981 0.36923662886085296 0.0679163244348907
0.04309735620499444 0.3863948222266439 0.20699896463590628 0.3635088569324554
0.41750914383926696 0.09595748356902145 0.24977395973539263 0.23675941285631896
0.025399782050106068 0.2166760933534213 0.0201397857284229 0.7377843388680497
0.2927979762895091 0.27270904359865844 0.4133121258694751 0.021180854242357383
0.4407738249006665 0.0542748059817878 0.024748354992925825 0.48020301412461985
0.46453080777933253 0.25407200260291773 0.1353309401182361 0.14606624949951363
0.037094413234407875 0.4752397400391414 0.050856531219195755 0.436809315507255
0.1591937333780935 0.019709075192996917 0.15891307849358904 0.6621841129353205
0.3653649712141158 0.3792382695614448 0.007892929443042207 0.24750382978139718
0.048628006263405577 0.13540681582974567 0.4142208491859579 0.40174432872089083
0.3814115349046321 0.16099698132337215 0.38294835663977256 0.07464312713222321
0.5334708849890026 0.25828611128762136 0.18614226712538096 0.022100736597995052
0.4284507389678964 0.2803990874010588 0.16848541519597948 0.1226647584350653
0.10461974452285316 0.06158240318168051 0.6528337164316789 0.18096413586378746
0.4361182553388343 0.1532294563417731 0.21072103901353778 0.19993124930585482
0.03755767594167769 0.41554732425955576 0.1041904060351635 0.44270459376360305
0.1680727975326186 0.430978999928874 0.24945738443322196 0.15149081810528542
0.021165191172154985 0.1548769421115389 0.6050184840065882 0.2189393827097179
0.0146348751032499 0.4984878326289952 0.3312630868071025 0.1556142054606524
0.3386791329893397 0.07821927406003804 0.32577617025005634 0.2573254227005659
0.20595025836897252 0.08788129683479551 0.42199931754754616 0.2841691272486858
0.09344037694376706 0.6914263413331798 0.01870162946627274 0.1964316522567804
0.2573028872050038 0.4790798166335596 0.12809648996338985 0.13552080619804674
0.31700156230578813 0.32732505273562884 0.25138233366214113 0.1042910512964419
0.049195157773728626 0.019838183843525425 0.24125036532286492 0.689716293059881
0.13021178947959489 0.27325805100107114 0.5101118910900085 0.08641826842932543
0.7091059640719906 0.0852030977545436 0.0625219808012184 0.14316895737224744
0.12250998143741987 0.3062373476916228 0.10940018801091578 0.46185248286004155
0.3964418788784505 0.015834198474950156 0.4794864925822936 0.10823743006430575
0.060050205550819635 0.16873212765114565 0.6114649828864253 0.15975268391160946
0.28825313879221637 0.07977354204324305 0.2595351718701695 0.3724381472943711
0.12233592111500502 0.478715970017505 0.10624441820892727 0.2927036906585627
0.19325373228646103 0.7593902044841628 0.022168562626045274 0.02518750060333086
0.1467688142787268 0.45216763479394806 0.22896672667589635 0.1720968242514288
0.009221101669878884 0.31192092979508057 0.05088687070887499 0.6279710978261656
0.33775464688518353 0.058363145455413434 0.5445892461426263 0.059292961516776765
0.058822368101847045 0.07135317252906537 0.6537887463280754 0.2160357130410122
0.584055872555269 0.061171873128764154 0.23556431492950736 0.11920793938645946
0.18902945285563533 0.10845464412028649 0.21727965288079099 0.4852362501432872
0.17778874861709792 0.30428322110576056 0.21423630208613853 0.303691728191003
0.04173781251696107 0.6296345174404023 0.30402038721596936 0.024607282826667243
0.02042996881149528 0.044477013595114356 0.14302011572554174 0.7920729018678486
0.25660756684899655 0.44328641768025623 0.2953648002910032 0.004741215179744018
0.09727249413988015 0.35224228345879627 0.27128512430873064 0.27920009809259294
0.1845717366096261 0.6540052784442612 0.04837807341472311 0.11304491153138962
0.535468716291723 0.0906749528347004 0.283518907460131 0.09033742341344564
0.1295767771432601 0.7131617223065042 0.09293150254588523 0.06432999800435046
0.22581272666343477 0.6773590130664867 0.004371206786129567 0.09245705348394895
0.11687943957439817 0.46417846756050674 0.1517373616616171 0.267204731203478
0.13147160161175608 0.2259915965081286 0.39726036810706444 0.24527643377305086
0.5566206925418394 0.009896303365488857 0.1272203683545834 0.3062626357380883
0.10017138767093214 0.5786640092220492 0.07754696100261715 0.2436176421044015
0.03733023706427252 0.28423534564763475 0.5163489262542889 0.16208549103380387
0.15168642439497915 0.009166274873568692 0.07485925716744912 0.764288043564003
0.2531791463099399 0.572285382252077 0.15637032952586127 0.01816514191212182
0.5220495668360079 0.1842813183646591 0.0667847140760468 0.2268844007232862
0.30910515867905375 0.24464328257644996 0.23480543321973657 0.21144612552475972
0.7509266518441873 0.033811928916286815 0.05410800685305195 0.16115341238647396
0.09194928490764764 0.15847464824252666 0.18883041744810103 0.5607456494017247
0.2911544297803492 0.34676627097521884 0.2724814228507666 0.08959787639366534
0.9285193564036172 0.037033359218179074 0.016451200721305015 0.017996083656898754
0.008659271417291059 0.16439045205931258 0.6683489340252176 0.1586013424981788
0.501745998146996 0.13494983033839558 0.1611847675358391 0.20211940397876926
0.5106313083459157 0.028907235006336185 0.30034893780212857 0.1601125188456195
0.1530668142526591 0.12100077511081242 0.6929781638665787 0.032954246769949735
0.12067964142197818 0.12319545455383285 0.6884268827867515 0.06769802123743751
0.8847186881060606 0.05313075276035317 0.03239008936017529 0.029760469773410958
0.14647095922681508 0.5655602271603473 0.19719105928434744 0.09077775432849022
0.08981163906322553 0.2639729157077638 0.26202332059612743 0.3841921246328832
0.26375579541254224 0.4273281543705675 0.11329896492597469 0.1956170852909156
