97 70 4 189.3402842505921 378.68056850118427
8.532497118380714 9.732122667462969 5.024384067353602 3.561229081257684 7.940949292087787 3.690492690121998 9.78701567405756 9.362367775879626 2.84206659165032 4.106291654994576 2.911600448848282 3.6897409622617325 4.092853906247518 9.189659969205943 2.2207761593996143 2.7533175201624283 2.4472802230101642 2.0094078933004624 4.736361899170247 3.7125304605929195 2.2294887875390814 7.888556097037692 6.42284620515235 6.551728971544035 7.001036165744823 7.667680257663719 4.651323350239121 2.572621400687338 2.5524071518052422 3.9666494464432773 6.736617455729897 9.468514942247719 3.4134010964969965 1.7654700946403623 9.967191101709496 1.0622458490351363 9.428901902680275 4.266855641004236 8.390086930928312 2.14215729582437 4.747936786999538 8.796104390130417 2.6762123333371735 6.979836129461788 5.4746581419833875 2.50821833961636 9.259410988347478 3.3714587516681624 7.818236725319075 8.938641943062759 3.2719599463475335 8.705004500018724 1.7978557195461229 4.951669241232617 9.2105310670123 9.99114624552929 9.541979500142576 5.726563735316812 6.669245126363255 3.409599446705952 3.909012929660556 5.531254483970812 1.8524179692757592 1.451917180864275 4.2029532343392635 2.7574338530501543 1.7990458420688724 9.14098485307767 5.407721185055945 8.292831712079987
1.7064994236761428 1.9464245334925938 1.0048768134707204 0.7122458162515368 1.5881898584175573 0.7380985380243996 1.957403134811512 1.8724735551759253 0.5684133183300639 0.8212583309989151 0.5823200897696564 0.7379481924523466 0.8185707812495036 1.8379319938411887 0.44415523187992284 0.5506635040324857 0.48945604460203285 0.4018815786600925 0.9472723798340494 0.7425060921185839 0.4458977575078163 1.5777112194075384 1.28456924103047 1.310345794308807 1.4002072331489646 1.5335360515327436 0.9302646700478242 0.5145242801374675 0.5104814303610484 0.7933298892886554 1.3473234911459795 1.8937029884495438 0.6826802192993993 0.35309401892807246 1.9934382203418992 0.21244916980702727 1.8857803805360551 0.8533711282008472 1.6780173861856624 0.428431459164874 0.9495873573999075 1.7592208780260834 0.5352424666674347 1.3959672258923574 1.0949316283966775 0.5016436679232721 1.8518821976694955 0.6742917503336325 1.5636473450638149 1.787728388612552 0.6543919892695067 1.7410009000037447 0.35957114390922457 0.9903338482465234 1.84210621340246 1.998229249105858 1.9083959000285151 1.1453127470633624 1.333849025272651 0.6819198893411904 0.7818025859321112 1.1062508967941624 0.37048359385515184 0.290383436172855 0.8405906468678527 0.5514867706100308 0.35980916841377447 1.828196970615534 1.081544237011189 1.6585663424159975
0.10085171600296994 0.12656293809974217 0.15202794839117695 0.6205573975061109
0.21479240351011664 0.12302134943075227 0.26406010912506583 0.39812613793406526
0.02732268019559303 0.4786915689023922 0.24765842604289667 0.24632732485911812
0.24075574484518836 0.2011281157840551 0.26528818962430956 0.292827949746447
0.023271498583203876 0.17107552672746096 0.4896191293710225 0.3160338453183127
0.22868728789103465 0.0899763764019248 0.3103348721488207 0.37100146355821984
0.026273757540205334 0.24295097771548468 0.6737226263171918 0.05705263842711816
0.3220582514213226 0.10782072273544885 0.07406113524835367 0.4960598905948749
0.36516409022321816 0.171487437068366 0.1552754314997672 0.30807304120864865
0.2778684836018218 0.3461567454344997 0.03574410124537186 0.3402306697183066
0.4417462093638109 0.2599439721659008 0.03168713631428899 0.26662268215599927
0.09307201481444483 0.2854976585865634 0.46364780802890304 0.15778251857008874
0.32306547592826507 0.5983139726977791 0.050361106228767105 0.028259445145188744
0.36607147491321823 0.15656458673903983 0.3138475720802435 0.16351636626749844
0.14013080000907474 0.4689684461739567 0.3588424549001087 0.03205829891685985
0.1403706522532926 0.5703355986113297 0.24054803020871696 0.0487457189266608
0.26283398652667844 0.051044368252843864 0.42747765105323 0.2586439941672477
0.16727310164808395 0.17558170313745425 0.26171859561165445 0.39542659960280735
0.13757748041190643 0.31869508701733573 0.10346998892590487 0.440257443644853
0.18403802943510916 0.45646281092862606 0.019225934317224525 0.34027322531904025
0.23826617490903634 0.21504356938458313 0.017020695803056207 0.5296695599033243
0.019175380923277863 0.35431139698914627 0.6024388415643683 0.02407438052320754
0.08304550016147627 0.5862122958711193 0.1483091630083615 0.1824330409590429
0.2965280776134517 0.27249012824204866 0.20767572325632755 0.22330607088817211
0.26387221554928 0.4148173093390678 0.1627174455681304 0.15859302954352184
0.16042653984447475 0.20695299660404032 0.3694564283446351 0.26316403520684983
0.16077726929193736 0.3494784935041445 0.3059627469977706 0.18378149020614754
0.2611511982631006 0.37874149059309703 0.3561700264846588 0.003937284659143558
0.8344595774590319 0.13364199869342208 0.006208890432862768 0.025689533414683274
0.1240488978875417 0.44323543033983737 0.13040205310572928 0.30231361866689166
0.05965770013113292 0.6953484362034243 0.11518062034968579 0.12981324331575694
0.49539133229732013 0.12787339014737364 0.0617097514989815 0.3150255260563247
0.09720458495808837 0.30694194595017643 0.3112949688361246 0.2845585002556106
0.3809014057616744 0.43652546336204245 0.14170855221010714 0.04086457866617599
0.30286771495563336 0.4388414742528358 0.01997696433084406 0.23831384646068676
0.22360321573225983 0.5456932260896361 0.04953984756337848 0.18116371061472558
0.5658577115382557 0.035235808462963814 0.20609769222972507 0.1928087877690554
0.23522860779999366 0.08851162367111653 0.2908583246638662 0.3854014438650236
0.07083220776914856 0.30398146128295245 0.4680925261829233 0.1570938047649757
0.6705322312065296 0.12808330093996523 0.15394789726430047 0.047436570589204696
0.3655431067887429 0.10985420883857733 0.36250243307155616 0.1621002513011236
0.15887095254712613 0.09152428934187817 0.5585899743063848 0.1910147838046109
0.4261369245390332 0.06384009122786272 0.2530747720930028 0.25694821214010133
0.3559680364088472 0.0286418100296032 0.27269634942024834 0.34269380414130124
0.6322697309815447 0.17316970327538228 0.10206805751724968 0.09249250822582333
0.22662433573425167 0.25756907421114295 0.4382242414557077 0.07758234859889768
0.7082235061534284 0.09147159529512594 0.18788683215911428 0.01241806639233134
0.5118066269057969 0.22618610607460654 0.00927627235591455 0.252730994663682
0.2922916508284681 0.06577288124140168 0.23242332487686013 0.4095121430532701
0.14892246261620334 0.009736372628163736 0.8188782476188332 0.02246291713679971
0.2039223498290803 0.5636382663194696 0.20352603709465888 0.028913346756791247
0.3101464146944902 0.02794586847602043 0.4141646513669265 0.24774306546256286
0.0232937617369956 0.026824692747304812 0.29598199983769824 0.6538995456780013
0.08549071882297976 0.12733150897678147 0.16127496205938818 0.6259028101408506
0.5142826744801258 0.08577936376489737 0.22748336089778187 0.172454600857195
0.028313720199711234 0.24994127853182124 0.01911762229574565 0.7026273789727219
0.0834439151283839 0.055885678465329214 0.5487050541417312 0.3119653522645557
0.019407553109317188 0.10855341095117399 0.005786077846716475 0.8662529580927923
0.14628146533580133 0.3745930585881597 0.08376205811787552 0.39536341795816343
0.10115203240825343 0.15239233627108473 0.4064031818529875 0.3400524494676743
0.32373959505565664 0.03852131739136233 0.12879454057525785 0.5089445469777232
0.2041685665606674 0.5143755462879798 0.023160154139389766 0.25829573301196307
0.3930132152287148 0.07939362889444446 0.5085161935758603 0.019076962300980438
0.4149857694425374 0.1546776200583161 0.28650151578487404 0.14383509471427247
0.13768910186948224 0.16504799250040714 0.10829555779516042 0.5889673478349502
0.5655630080524333 0.11243099815260704 0.07883694149091958 0.24316905230404007
0.17887752100460885 0.5189657903455662 0.10747420880244118 0.19468247984738374
0.2164024006398193 0.2137268907647668 0.3986573129801869 0.17121339561522697
0.3574834511823556 0.06912557201225711 0.3760768006180789 0.1973141761873084
0.4077241044223865 0.2510005470219263 0.17972222567907004 0.16155312287661716
0.112297864746421 0.3322573287230214 0.18142422847548756 0.37402057805507005
0.5379351143393898 0.310669720086444 0.05605657880374648 0.09533858677041973
0.13766772273836803 0.048946788823759246 0.7262806263386715 0.08710486209920121
0.24500729066839322 0.0768265732525435 0.2074064700350986 0.4707596660439647
0.37995470972885415 0.3694493973484505 0.16347611941167461 0.08711977351102074
0.31329294100507044 0.42161032549121413 0.25257605818623685 0.01252067531747858
0.415633001536889 0.27524507626976924 0.1792630304460877 0.12985889174725407
0.05257875835798309 0.5401527989560908 0.40568798262924544 0.001580460056680666
0.0019566612608010736 0.2934820248479194 0.40143448092004386 0.30312683297123566
0.17966575690792408 0.09902963523526398 0.39173866325851114 0.3295659445983008
0.3193790809104813 0.6169785988098134 0.06233587371615523 0.0013064465635500566
0.12241447163426966 0.230737367926645 0.08204972214175221 0.5647984382973331
0.24432771809242493 0.5437981380938056 0.1967474179902633 0.01512672582350616
0.0529214860673749 0.7932589658374859 0.08477873327776175 0.06904081481737745
0.19508204757084824 0.0034490021054692788 0.6616080177345997 0.13986093258908283
0.3686075044232856 0.03256123318810311 0.18266723925744344 0.41616402313116785
0.3090385905303078 0.012333513208348412 0.2849663432497015 0.3936615530116423
0.3528415923453788 0.061795009338443285 0.2174790503685553 0.3678843479476226
0.37711912476716525 0.3294731098118263 0.24135080239682571 0.05205696302418272
0.09422337638446021 0.350382066457143 0.2080689326223858 0.347325624536011
0.12339964872857556 0.6377540816853163 0.0904003803417106 0.1484458892443975
0.062035523892610356 0.21048392774040225 0.48641191314967425 0.24106863521731314
0.5592365084361687 0.1581903238400939 0.04357117060975857 0.23900199711397885
0.22966512673339945 0.16404299640084097 0.4345358005371175 0.1717560763286421
0.07561090029229856 0.31380860658936527 0.0516016993237749 0.5589787937945613
0.03483959124007174 0.7770760714555084 0.13167243648772176 0.05641190081669811
0.2802010704947101 0.1849797463869901 0.45606044245875754 0.07875874065954225
0.208746168592147 0.23164474429048887 0.0304204742390628 0.5291886128783013
0.5389258655955369 0.13602553453901867 0.2249760489333258 0.10007255093211864
0.1611346746438883 0.1785590521997834 0.5577627522659383 0.10254352089038998
0.185094321368667 0.6209885215613955 0.06153594912729765 0.13238120794263986
0.5115838505500373 0.3946707440440358 0.06109198071485211 0.032653424691074795
0.576240118773421 0.39714854647070674 0.01533415217209988 0.011277182583772416
0.006957388307161083 0.3647779697541387 0.04782541437030341 0.5804392275683968
0.24480220710068246 0.25631048122608746 0.08563534940573114 0.41325196226749894
0.04113010681075535 0.4328378299623009 0.2605631074199637 0.26546895580698004
0.2217729882736701 0.44914746983895204 0.07096698358273823 0.25811255830463964
0.4131255407226945 0.20035096526083507 0.10690207389045947 0.279621420126011
0.03304619201687564 0.4081517979544731 0.525877936881961 0.032924073146690214
0.3538952460375673 0.06617541874586086 0.22666077065378676 0.3532685645627851
0.49883994207241045 0.0508955355219286 0.271585890495168 0.17867863191049294
0.5960966709293035 0.040130154835675835 0.26260832939727696 0.10116484483774368
0.5258538565007544 0.07654789176687249 0.030646699249395337 0.3669515524829777
0.03243223423039121 0.24592919325324858 0.05852305389822743 0.6631155186181328
0.27058425978327305 0.2447987152001435 0.05984510976658308 0.42477191525000035
0.10778668189626872 0.8501555374957923 0.014127117062863292 0.027930663545075674
0.1145785957344655 0.012149346152758422 0.4553231536990222 0.4179489044137539
0.5340653961117202 0.023528783256900443 0.3490667161109927 0.09333910452038663
0.20746349423673816 0.3098898964429391 0.32804902869770125 0.15459758062262152
0.5022903290743809 0.2199565495763779 0.1509295760865207 0.12682354526272055
0.07700502250785857 0.3562334658038214 0.15458580592474602 0.412175705763574
0.10845739736052573 0.6331751761555348 0.08585855106711437 0.17250887541682514
0.19138187912662052 0.135607943728155 0.6606196384126293 0.012390538732595213
0.27722141988607285 0.2427411729488712 0.4513069587013818 0.02873044846367412
0.5195289057070197 0.1367016811339813 0.1303596765138818 0.2134097366451172
0.008373293718861419 0.1806529893003973 0.7518169938896789 0.059156723091062346
0.06597760371529138 0.7022111202772817 0.12785566985427688 0.10395560615315003
0.3912785406995537 0.24740447317752046 0.31899420559644065 0.04232278052648519
0.36388624235675193 0.3737754273152042 0.18255383853539597 0.0797844917926479
0.17219994367020042 0.054373662069108986 0.5458240343495653 0.22760235991112532
0.16991244803441818 0.018547878478122004 0.3085157429664661 0.5030239305209937
0.44805955576357914 0.41649763014664276 0.05496144033698125 0.08048137375279685
0.786730878527478 0.036176977592575876 0.0477683171803136 0.1293238266996325
0.18429753117253989 0.1802418723846998 0.41226740017818153 0.22319319626457879
0.10110893976997215 0.17808794736240152 0.1609341783055811 0.5598689345620452
0.051421529416165956 0.008155854434921728 0.9361311245637505 0.004291491585161844
0.5796685609035752 0.21430718262834125 0.1561979227245086 0.049826333743574924
0.07308822418726246 0.07824395792966321 0.6140892748131702 0.2345785430699041
0.16522827516669114 0.45954399435850424 0.05833072381435167 0.31689700666045295
0.26736330995441704 0.18244802640062074 0.33746938875151633 0.2127192748934459
