7 20 4 53.31376068932984 106.62752137865967
1.6867746043656147 8.019269130161032 4.945683082968042 7.511186600478471 9.801905607969424 5.846462833693903 5.510084172939441 1.648460200237854 3.4159508209168408 5.49894250743004 7.113069965088465 8.23365132493938 4.4284701983368455 1.593427122153146 3.593310393771942 9.186341749476522 2.9204681822192393 5.069115656359148 9.380854177201195 1.224093047953132
0.3373549208731229 1.6038538260322064 0.9891366165936084 1.5022373200956942 1.9603811215938847 1.1692925667387806 1.1020168345878882 0.3296920400475708 0.6831901641833682 1.099788501486008 1.4226139930176929 1.6467302649878761 0.8856940396673691 0.3186854244306292 0.7186620787543884 1.8372683498953044 0.5840936364438478 1.0138231312718298 1.876170835440239 0.2448186095906264
0.2303028790209648 0.37024603844315773 0.3085794574226087 0.09087162511326874
0.20484909029779508 0.31856349037597076 0.14560066021014795 0.3309867591160862
0.36589038578059296 0.006494303604466012 0.39626281713445033 0.2313524934804907
0.4528429325464004 0.11978240009755359 0.08477413013580426 0.34260053722024175
0.1804516192026816 0.23254020991115298 0.046101148777596856 0.5409070221085686
0.4148859784394432 0.0074880652036971584 0.21200582499069842 0.3656201313661612
0.09226234584675208 0.4320832509184451 0.43112272623772874 0.044531676997074054
0.05312869067295756 0.5394659966504154 0.3723763122127539 0.03502900046387314
0.3087336572978354 0.5327430576005618 0.00692416593929146 0.15159911916231128
0.13687611879745087 0.1875500508749921 0.4174210310110238 0.25815279931653323
0.16550140046578743 0.2826192570369359 0.34827004327982514 0.20360929921745152
0.4606302961632769 0.3398487528351867 0.08680990285427126 0.11271104814726518
0.040655809436685786 0.23590726301444842 0.5201978844807681 0.2032390430680977
0.06925207000983546 0.07789550193185757 0.6656819782220132 0.18717044983629372
0.0071432752789984955 0.5927111622644479 0.22137317076311314 0.1787723916934405
0.4631362180381473 0.07830591405707232 0.2870110629009057 0.17154680500387465
0.12814785400273287 0.09593078294358648 0.43507976012424154 0.3408416029294391
0.16952372356620915 0.36312108137746446 0.32433082116808654 0.14302437388823985
0.16910106336538333 0.7400814003954653 0.06595721739626703 0.02486031884288431
0.4415297427026398 0.22343922020212126 0.18037619585921238 0.15465484123602657
0.13316944575925016 0.41532047347678025 0.4016395811776152 0.049870499586354367
0.4677528597449807 0.02301302934608973 0.2596439700109644 0.24959014089796516
0.31399467721266217 0.16340647763892624 0.3605168394576722 0.16208200569073938
0.2760490483306951 0.07692931761369959 0.017372717043640518 0.6296489170119648
0.7193241225090415 0.02179475040422274 0.1653043962510744 0.09357673083566131
0.0014268805627581926 0.42502669212218414 0.09645262834340296 0.4770937989716547
0.6829138543754175 0.013246609141551402 0.013233930208243816 0.29060560627478726
0.2351204072574643 0.07373227760633283 0.6361955389289967 0.05495177620720615
0.13111064234791392 0.33188575180650315 0.009327602133985202 0.5276760037115977
0.30041890431803975 0.04311762538631858 0.14228869900453833 0.5141747712911033
0.414901772573252 0.10748835542835988 0.2525102478124053 0.22509962418598284
0.6749187698667877 0.10329483167710896 0.16089775218828872 0.06088864626781465
0.47576449942424426 0.24147773285098573 0.15842949259485328 0.12432827512991673
0.35707062835287895 0.07063420467467163 0.23104342592659488 0.34125174104585454
0.4202568336725351 0.3079044494745987 0.032353836833149296 0.2394848800197169
0.05549950311272267 0.5522712483311445 0.33403851674758134 0.0581907318085515
0.13247398881674854 0.09795668559347093 0.3444319131789296 0.4251374124108509
0.03367420450284819 0.7485559468209301 0.014721206119786112 0.20304864255643562
0.19753288946715686 0.0767257037272644 0.602442336987214 0.12329906981836469
0.16827530536724433 0.5509568363250922 0.08860331760373297 0.19216454070393052
