2 90 4 230.68356450301417 461.36712900602834
4.923954119278034 1.2333360864510219 5.946962300908382 4.917901533564492 4.783310218787401 3.9730133890348673 2.8418377063405824 6.573438697155973 3.6968920630707083 3.4014454759258 6.590204494923654 5.762278848493351 2.211219508104402 5.622203091391718 2.6599587908222375 8.068016330350062 8.6857776337554 5.448131536437351 8.619053368217212 1.7168092930815488 5.547214811095335 1.5875785394819029 4.853100948376505 1.8687782409455131 2.144439745311497 6.370707780807362 3.0341080054381226 1.9625111587898467 2.9827558636350373 4.1484365650296935 5.210087361240702 2.815689036384688 6.763660526934233 5.347628519965765 5.547130480166942 4.482033860067034 8.142737089974194 6.22003760990026 2.4606873865208247 7.306771119464406 9.680959720803296 5.500075250531951 9.005680575515305 4.074522874039987 6.104297148649383 4.84791366966499 4.930725367241191 7.9890326649739025 5.820437561478907 9.5836800425038 5.897873441332919 1.7388543004752233 4.297081615075184 8.657654536040514 4.656475387431557 1.2448212930536462 3.22459515097618 1.6042993366325922 9.944668102791455 9.735222820394561 8.202325160193281 6.416354092649207 7.884638744065134 2.5230290192576015 3.637209086374958 5.716601877703278 4.20961853010483 1.4111106872086006 9.848381008214915 4.972194274193621 5.536003954412374 3.9118718578122893 3.3377027747242334 4.482008967886862 8.488152096710508 7.630723506584016 4.412895102474737 1.1171560302509556 8.176644451293342 3.4244991783667107 6.244163996761311 1.229958476647235 6.9598181734149325 4.487710832859533 5.473664188610614 4.734152536372185 4.157847111714764 5.9588011479197736 9.756196208873424 2.0149859371426433
0.9847908238556068 0.24666721729020438 1.1893924601816763 0.9835803067128983 0.9566620437574802 0.7946026778069735 0.5683675412681165 1.3146877394311947 0.7393784126141416 0.68028909518516 1.3180408989847308 1.1524557696986704 0.4422439016208804 1.1244406182783435 0.5319917581644475 1.6136032660700124 1.73715552675108 1.0896263072874701 1.7238106736434424 0.34336185861630975 1.1094429622190671 0.31751570789638056 0.970620189675301 0.3737556481891026 0.42888794906229943 1.2741415561614724 0.6068216010876245 0.39250223175796933 0.5965511727270074 0.8296873130059387 1.0420174722481403 0.5631378072769376 1.3527321053868466 1.069525703993153 1.1094260960333884 0.8964067720134068 1.6285474179948387 1.244007521980052 0.49213747730416496 1.4613542238928812 1.9361919441606592 1.1000150501063901 1.801136115103061 0.8149045748079974 1.2208594297298767 0.9695827339329981 0.9861450734482382 1.5978065329947806 1.1640875122957814 1.91673600850076 1.1795746882665838 0.34777086009504465 0.8594163230150368 1.7315309072081029 0.9312950774863115 0.24896425861072924 0.644919030195236 0.32085986732651844 1.988933620558291 1.9470445640789122 1.6404650320386562 1.2832708185298414 1.5769277488130267 0.5046058038515203 0.7274418172749917 1.1433203755406556 0.841923706020966 0.2822221374417201 1.969676201642983 0.9944388548387242 1.1072007908824748 0.7823743715624578 0.6675405549448467 0.8964017935773724 1.6976304193421015 1.5261447013168032 0.8825790204949474 0.22343120605019112 1.6353288902586685 0.6848998356733421 1.2488327993522623 0.24599169532944698 1.3919636346829865 0.8975421665719067 1.0947328377221228 0.946830507274437 0.8315694223429528 1.1917602295839547 1.9512392417746849 0.40299718742852864
0.21463574639995364 0.09862278202975994 0.42514123019118677 0.26160024137909965
0.1704771334837707 0.4733648006644243 0.13416622566027325 0.22199184019153173
0.2208379150614619 0.577747739037619 0.0703309723329979 0.1310833735679212
0.26377852928001977 0.15595693202680094 0.17234911635955563 0.40791542233362366
0.5912573526535458 0.01718480515150378 0.015121026757081157 0.3764368154378692
0.11058314779616107 0.13522801610796964 0.30209661618624595 0.45209221990962334
0.010250039399590904 0.08503801286121282 0.19988425295893875 0.7048276947802575
0.21492438413069526 0.25648547333898375 0.3737032581050226 0.1548868844252984
0.04886808622935135 0.5944433410188839 0.2268344661207663 0.1298541066309985
0.22957402874434518 0.5121810101391038 0.05713047262118065 0.2011144884953704
0.05222272738416023 0.03533978161696261 0.2695724246984379 0.6428650663004393
0.043501186059715646 0.6249258599563421 0.20783940568810133 0.12373354829584093
0.44801471652408964 0.16723985694018662 0.004386890245688391 0.38035853629003535
0.042429191882546125 0.38293810002284034 0.08225019476657491 0.4923825133280386
0.45022717961737324 0.0525515728918482 0.27480915579631215 0.2224120916944664
0.33187371253987585 0.08258634259303566 0.3339139442081248 0.2516260006589637
0.008448363578819729 0.4361225781718895 0.4958795517913793 0.05954950645791146
0.2008423437754454 0.46112544666426225 0.2639338060687916 0.07409840349150076
0.21882078632937274 0.2823956653577142 0.41549816027079556 0.08328538804211749
0.4178362440027158 0.42449680210075547 0.0342288223198558 0.12343813157667294
0.13139460547944382 0.07710788904607868 0.7326133791080998 0.05888412636637774
0.5691405320556354 0.2231896872506225 0.040831025427718326 0.16683875526602376
0.04312903635336274 0.3919546135054649 0.29559655066728796 0.2693197994738844
0.33074702616940477 0.38226026737757623 0.16761477261869973 0.11937793383431927
0.3869003430123682 0.23944361618865817 0.3104371130331596 0.06321892776581406
0.2594804044042771 0.12131217931193095 0.4008668419498733 0.21834057433391862
0.120039792177414 0.6702040104166312 0.1902412764047332 0.01951492100122154
0.1757241932567306 0.28601471149980107 0.07460456833953688 0.46365652690393144
0.19889909182949916 0.44291267179933247 0.07391882414213358 0.2842694122290348
0.17559907090882187 0.47730787979239264 0.23235672370927463 0.11473632558951086
0.08778755488499446 0.09336267452365199 0.4277799195257451 0.39106985106560843
0.3237505822561465 0.37040196316903684 0.30079771454260984 0.0050497400322068176
0.0734983847144366 0.7787645418831146 0.02300588320711139 0.1247311901953374
0.35321389178551854 0.17342453206731478 0.36652776271421006 0.10683381343295661
0.015056134248370046 0.38758178888477735 0.0866633649939782 0.5106987118728744
0.029149317847511735 0.06672399684526042 0.846547297704371 0.05757938760285686
0.25128292170720934 0.47771788011426763 0.17429534866753849 0.09670384951098454
0.3373682942964583 0.16563847923786823 0.46410635797796973 0.032886868487703724
0.04348969793627744 0.6498441306529454 0.24983689407798537 0.05682927733279175
0.1706855260340261 0.08286274119089687 0.1039699651303091 0.6424817676447679
0.06966059041244543 0.028299805473813167 0.10468865546146522 0.7973509486522762
0.20609763517058366 0.11743087964946053 0.09113974228659272 0.5853317428933631
0.28026828777019874 0.03126111557278588 0.3777224714345594 0.310748125222456
0.38637572509456086 0.13679360108063432 0.4066210968899675 0.07020957693483731
0.0024824262680964715 0.8386405217518115 0.09679017104469578 0.06208688093539627
0.24499413841416973 0.061370533175837516 0.3720568382318754 0.32157849017811735
0.03285393822844762 0.39568634323176166 0.27696274344659044 0.2944969750932003
0.06280543805583938 0.31257599919791046 0.5284647276211367 0.09615383512511344
0.3265883012172395 0.0008058824293013522 0.3857977769555152 0.28680803939794397
0.09609070017703092 0.17053519245276372 0.42761322632296583 0.30576088104723953
0.24873428889263027 0.051877494965736015 0.27220050390699047 0.42718771223464325
0.09163641211230289 0.12866524300734805 0.6556384173043803 0.12405992757596873
0.30075307000335416 0.2387080245709725 0.2467674221772268 0.21377148324844653
0.034275479609645165 0.4985654078862014 0.21534414017282932 0.2518149723313241
0.31789849019534366 0.05452202494103542 0.01455070988658913 0.6130287749770318
0.4840535743546751 0.09265608609827614 0.025054059641269832 0.3982362799057789
0.09855000940345082 0.4648760266981864 0.1754448131160341 0.2611291507823287
0.22400131801270218 0.4193271412831704 0.3180617378798005 0.03860980282432691
0.36840323003201225 0.16326516191352314 0.014720578018755814 0.4536110300357088
0.3377196207061569 0.2090943024154186 0.017293888762390575 0.4358921881160339
0.06115376859333066 0.3729555782921353 0.2640900076848871 0.3018006454296469
0.15594451246101437 0.21529058643336207 0.0815825322877004 0.5471823688179231
0.003335444799077214 0.6502764066139289 0.2976819028668034 0.048706245720190444
0.06571067605898173 0.3694119426861904 0.15043283113240646 0.41444455012242143
0.5699766519925502 0.006177702063518642 0.4059243548306193 0.017921291113311866
0.44646810833355155 0.13273385173468455 0.05736145811634552 0.3634365818154184
0.5918790685357836 0.0018613016598323373 0.17723760346569517 0.22902202633868884
0.051057148754760195 0.6455639670564345 0.21687437460208514 0.08650450958672018
0.26658984055727786 0.029615113255252234 0.06945561033633552 0.6343394358511344
0.16805312059048538 0.24627782677573729 0.5096842443077297 0.07598480832604759
0.07232532311351159 0.12469493594621628 0.22718605940641268 0.5757936815338595
0.30591715089675386 0.1177317855415394 0.022636031015518587 0.5537150325461881
0.2387654951164666 0.4090039827778754 0.1647482215279258 0.18748230057773219
0.24056424441156266 0.26569059092777114 0.42348224879973284 0.07026291586093336
0.10274927548709478 0.14020981461683713 0.04749918095913486 0.7095417289369332
0.39741032927442943 0.0978518331844479 0.32000815377599223 0.18472968376513044
0.1369623484867566 0.213143028939339 0.3520568885236629 0.2978377340502415
0.10148815654607135 0.3713802555441541 0.36331731560771086 0.1638142723020637
0.1811214483155803 0.12246434943347839 0.6353830862214119 0.061031116029529375
0.15012789635989643 0.08134682953645467 0.10217185087884095 0.666353423224808
0.30085686901076203 0.1448453280760329 0.5525773330849735 0.0017204698282315967
0.005572317266465787 0.6422683338866464 0.11502082764039079 0.23713852120649703
0.08302849889236719 0.838296250925726 0.06790288194418126 0.010772368237725538
0.3397391482498737 0.11649288845503625 0.35974751186757714 0.1840204514275129
0.3008817133829891 0.2832962867409776 0.09788986103183428 0.317932138844199
0.31386820410257465 0.11096803156685253 0.21794247360256624 0.35722129072800657
0.05274983106392683 0.6747248423960299 0.171224645968581 0.10130068057146224
0.1096078744472152 0.6368637326764736 0.24519952012556578 0.008328872750745453
0.05307624431274316 0.16373324512821374 0.312994389281113 0.4701961212779301
0.44260109591302477 0.17703189354089643 0.36910945442317655 0.011257556122902246
0.04179770981531006 0.37495573038002705 0.24075894746370685 0.34248761234095604
0.133954208171691 0.5275271185437503 0.2201709090331072 0.11834776425145144
0.5433452305839027 0.20543264769295178 0.16968076831274603 0.08154135341039948
0.34623790945514643 0.19395360621198443 0.37372396149800113 0.086084522834868
0.17671216158442604 0.3125540054104331 0.3369836614392988 0.17375017156584205
0.1866271455864802 0.08743210694957348 0.42546136725449446 0.30047938020945186
0.18728654470189776 0.09646926276335688 0.34560391536432755 0.3706402771704178
0.2856037339109023 0.2638930871775057 0.4390128796957563 0.011490299215835664
0.1614665628916767 0.05593586341334922 0.014715825131138005 0.7678817485638361
0.031247562265261597 0.6217729509658395 0.05160698588935808 0.2953725008795408
0.03058948319431931 0.035074183012058224 0.5241183252653863 0.4102180085282362
0.1980271118161696 0.1971236466513342 0.03723833697734358 0.5676109045551526
0.20704983825331424 0.08337690468167414 0.6632332194473343 0.046340037617677354
0.16441908617012002 0.2801551785936377 0.0811589850472002 0.4742667501890421
0.7079711706189208 0.06913182885072389 0.1796445938376029 0.04325240669275243
0.4814581623460332 0.36722635192129016 0.009155004172190506 0.1421604815604861
0.025201423670748957 0.07693652456044453 0.6136091360551608 0.28425291571364575
0.2832587438211208 0.1050754382936383 0.18194002763595996 0.4297257902492809
0.004663522735049885 0.501423310777589 0.1961774073070861 0.29773575918027506
0.5633761103390351 0.11420872988887432 0.2485764466970105 0.07383871307508005
0.346630014990264 0.46938913693413 0.05136238523212944 0.13261846284347656
0.205793676950072 0.1432079637337874 0.45612989957184213 0.19486845974429845
0.10718740423157991 0.1136938176291642 0.5825329422987049 0.196585835840551
0.2286102518330989 0.4910772858913124 0.05017211926829068 0.23014034300729802
0.41447924952538917 0.22797316937740308 0.2126672419013983 0.14488033919580945
0.1783098277777202 0.2938987596380812 0.22019065846542962 0.30760075411876897
0.24625358896778982 0.516081655256269 0.07656735033494178 0.16109740544099937
0.07923817070079964 0.046543211852287936 0.17073136824154145 0.703487249205371
0.0873791787897964 0.014365632173585663 0.3278438080930317 0.5704113809435862
0.4777363530063754 0.2355852091510352 0.2698167988856617 0.016861638956927716
0.5144020604712206 0.0445487342260561 0.2742616954253275 0.16678750987739577
0.7336697980969766 0.0924810213428201 0.1627112738799098 0.011137906680293463
0.6233847142958386 0.01755392548302559 0.3105715085668681 0.04848985165426767
0.16477862322429637 0.2986706329292761 0.36144122505310694 0.1751095187933206
0.260720019719452 0.17594986000757795 0.4562360033516858 0.10709411692128423
0.19696432035003852 0.17430685131785784 0.0016217123438297953 0.6271071159882738
0.1261601086290215 0.16147514958686648 0.5936000389053435 0.1187647028787685
0.3780024086485555 0.29009692697663547 0.28391136945781015 0.04798929491699888
0.24755087562254052 0.2865508244507967 0.02275846616991606 0.4431398337567467
0.009450374137899287 0.2447763160126375 0.09075326952665441 0.6550200403228088
0.06290154018084104 0.43382596213327407 0.43842606103737325 0.06484643664851164
0.21159758341613977 0.07974013501684252 0.1728746315260643 0.5357876500409534
0.11710503569658959 0.5274211536778678 0.23577276678303938 0.11970104384250324
0.3250568036101299 0.28603249670873865 0.23711210867743526 0.1517985910036962
0.134426759823139 0.357692340407488 0.4621695363257007 0.045711363443672326
0.3327599576169492 0.17230196296019185 0.2707359906444079 0.22420208877845105
0.09846862942141765 0.5305408277471427 0.15678840535316863 0.214202137478271
0.1947943284958592 0.11381459764435553 0.5137035424775311 0.17768753138225413
0.220289886607821 0.592891829572072 0.1511851201258555 0.03563316369425151
0.13976349904776564 0.022419948596173356 0.6409924248141378 0.19682412754192324
0.2654434715786691 0.024232019083347156 0.3073410582092385 0.40298345112874523
0.018758146770764816 0.3224518123834873 0.22164743976146806 0.4371426010842798
0.49536200280432574 0.01608672253387744 0.30105685615401034 0.18749441850778648
0.15406612089950988 0.23080377632277305 0.4214653171882341 0.19366478558948297
0.5720088129669858 0.2642403824502888 0.0732807145741875 0.0904700900085379
0.027744297986087574 0.8842744794562115 0.046495289153384634 0.04148593340431628
0.7407019109377186 0.12069888564461217 0.10204224426224207 0.036556959155427116
0.543318637933006 0.013650094733652418 0.384213763020813 0.058817504312528524
0.044766962053024884 0.6345590515281959 0.06503487574722155 0.25563911067155765
0.20797501638302762 0.26801372449622696 0.18664645975562666 0.33736479936511876
0.37277142561922716 0.25301719451021654 0.3480790013277303 0.026132378542826018
0.43509242639066503 0.4200075605317821 0.0852975632621662 0.05960244981538665
0.15493551669335204 0.7243514387238024 0.04550128085956351 0.07521176372328209
0.3172833574910473 0.20684798755383638 0.388545807469326 0.08732284748579033
0.18518019414953268 0.7489565545447486 0.0643665117168224 0.0014967395888962898
0.18524397491309819 0.4689979597179854 0.10818862367163651 0.2375694416972799
0.08905019629775435 0.45242644269574617 0.16751453330007737 0.2910088277064221
0.38763904916671943 0.06198595589102607 0.21401625256150603 0.3363587423807485
0.203876080671906 0.3489038794595386 0.289087672460555 0.1581323674080004
0.7442558911563787 0.028930678273832222 0.20539701817009215 0.021416412399696938
0.8189155413922887 0.025176547776588065 0.002015622583293797 0.1538922882478294
0.14074135541701693 0.09252300340553443 0.47609757466127267 0.29063806651617596
0.06392509607999475 0.0762590870873926 0.5529890698355898 0.30682674699702284
0.013903825184684027 0.4494059492584789 0.38762227438564234 0.14906795117119476
0.3093972805382377 0.16490783521651176 0.47938643315848595 0.046308451086764624
0.003573433465069109 0.6966243136826825 0.053189082194331494 0.24661317065791688
0.19809562814943382 0.2292818412685207 0.03209459327332409 0.5405279373087214
0.08725561520610292 0.08169194321183615 0.4559648397429862 0.37508760183907475
0.27765307258748995 0.028670152914870073 0.5690981177238867 0.12457865677375324
0.3588615967449317 0.08582022549732793 0.18020574754056018 0.3751124302171802
0.23827390781921243 0.084107888247408 0.3555616474124381 0.32205655652094145
0.12156159925168775 0.5780250838016754 0.04596657527808912 0.25444674166854775
0.2427191203435788 0.34054535909098005 0.38284969595150364 0.03388582461393752
0.46233760201171836 0.5050157001533376 0.024571935245956245 0.00807476258898776
0.1965172183057714 0.18711193623742006 0.19622157081329117 0.42014927464351737
0.13494683208235536 0.19919614772880168 0.0464232991446345 0.6194337210442085
0.324033195537739 0.35159002637524406 0.22023062887342915 0.10414614921358778
0.12159851003346034 0.3416144518051646 0.11553474263189989 0.4212522955294752
0.11305135358948604 0.43454454490773253 0.31018043507356896 0.14222366642921247
0.1394170932561608 0.05883548149626516 0.2454044092534312 0.5563430159941428
