36 80 4 201.09775440123505 402.19550880247004
7.556564724361531 6.41452791133192 9.569626006654124 2.288561029489274 8.266232168831483 4.268931368689261 2.6790113106038427 3.3323611445915247 6.667861083507543 1.2930482938503638 9.525088658595344 9.138864192563856 5.951171400596491 2.7730745887667245 3.0882954834705365 1.021293775397902 3.034499904770371 4.378089137995842 5.074693348072057 3.2147127106682754 5.141139216921088 2.893662805984956 7.037999921823656 5.065922799142123 6.334163160979067 3.943108787361089 3.0159141664147633 2.940562283792678 2.545163504221028 1.2041131783187444 6.661620698527605 5.782718229116593 3.190528326750615 5.723452872094174 2.568048898153292 4.07742177101877 9.983604841343825 3.0919320942882496 1.22875190624598 2.356596139228432 5.348660506256771 4.1838614472390825 6.757923101158258 4.774717663277958 2.683087642983115 4.1658819087753445 5.340174614527091 8.218083708760574 4.6254135842423025 4.941938461908845 8.857374056575843 2.7679666819881232 7.49544857786998 7.121441695063474 2.848810229403307 1.7471140504416804 2.865738691242824 8.819597387300169 7.452560773339851 7.008735414819645 4.6025081007052595 1.6957349599582585 3.0781378620669675 2.8112974070770482 2.459079237039988 9.524216607500602 3.2558013853735 9.125671567635292 7.939655454011813 2.3225612820713133 8.959872581148643 1.6755286402073577 6.973860532260149 6.689525280847327 3.8639493745161086 5.0564370446598375 8.081918827812565 8.821728443068235 7.410627506613834 5.499932666186803
1.5113129448723062 1.282905582266384 1.9139252013308248 0.45771220589785483 1.6532464337662964 0.8537862737378521 0.5358022621207685 0.6664722289183049 1.3335722167015087 0.25860965877007275 1.9050177317190689 1.8277728385127712 1.1902342801192982 0.5546149177533449 0.6176590966941073 0.20425875507958038 0.6068999809540742 0.8756178275991685 1.0149386696144114 0.6429425421336551 1.0282278433842176 0.5787325611969912 1.407599984364731 1.0131845598284246 1.2668326321958134 0.7886217574722177 0.6031828332829526 0.5881124567585356 0.5090327008442056 0.2408226356637489 1.332324139705521 1.1565436458233187 0.638105665350123 1.1446905744188347 0.5136097796306583 0.815484354203754 1.996720968268765 0.6183864188576499 0.245750381249196 0.4713192278456864 1.0697321012513543 0.8367722894478165 1.3515846202316515 0.9549435326555915 0.536617528596623 0.8331763817550689 1.0680349229054182 1.6436167417521148 0.9250827168484606 0.9883876923817689 1.7714748113151686 0.5535933363976246 1.499089715573996 1.4242883390126948 0.5697620458806614 0.3494228100883361 0.5731477382485648 1.7639194774600337 1.4905121546679703 1.401747082963929 0.9205016201410519 0.3391469919916517 0.6156275724133935 0.5622594814154096 0.4918158474079976 1.9048433215001204 0.6511602770747 1.8251343135270583 1.5879310908023627 0.46451225641426264 1.7919745162297285 0.33510572804147154 1.3947721064520298 1.3379050561694654 0.7727898749032217 1.0112874089319674 1.616383765562513 1.764345688613647 1.4821255013227668 1.0999865332373606
0.269982602581617 0.6971975559661356 0.026091331905438886 0.006728509546808481
0.011134131546525206 0.11367610048437593 0.29915307280349157 0.5760366951656073
0.8346712784970781 0.11650048200844199 0.009442810889563558 0.03938542860491634
0.240029312825492 0.29497383124896936 0.4026641545996801 0.06233270132585855
0.1815335527484172 0.12732533331391516 0.32000958103827004 0.3711315328993976
0.08497961390002984 0.4242405088544037 0.09214545192397183 0.39863442532159465
0.4436152299391738 0.2896315464956055 0.06450378925570766 0.20224943430951303
0.8054823594662054 0.09030955055632162 0.041636956744566245 0.06257113323290675
0.21503144759329162 0.007707619436302715 0.190216745644192 0.5870441873262137
0.34928720571707195 0.25121859963160487 0.21622145778736246 0.18327273686396073
0.3288737143608237 0.06201659319567154 0.08737848424209149 0.5217312082014133
0.17416937094190243 0.6764824341605981 0.11860549881564575 0.03074269608185376
0.5200011065683234 0.15399877512450955 0.12024104839993266 0.20575906990723436
0.14506527197206232 0.07947679940297836 0.6877431861869205 0.08771474243803878
0.2868274052550901 0.29606928617148354 0.17441828207818988 0.2426850264952365
0.393825535659339 0.25793158269009053 0.2687723027247916 0.07947057892577891
0.35480760792580524 0.10833367667878002 0.23187527487859405 0.3049834405168207
0.14181403341004506 0.30606858710739093 0.5473356432617574 0.004781736220806576
0.5954416442735084 0.016293182034744946 0.20579931491568948 0.18246585877605714
0.2868812534858374 0.03984982547719018 0.06802499260597417 0.6052439284309983
0.018272276526084652 0.5529276278801166 0.025533274372498305 0.4032668212213004
0.08057804003379443 0.03507338378228253 0.23312176350693237 0.6512268126769907
0.5855119219601108 0.283911021239731 0.008827400079093328 0.12174965672106486
0.08785602121064096 0.024804348910280605 0.8477767326732844 0.03956289720579409
0.13056945926866803 0.03992778701019739 0.41400182988054934 0.41550092384058523
0.02512937078282218 0.4585861743256864 0.292394063535818 0.22389039135567346
0.29798075565662485 0.6210601631276563 0.030518346682993025 0.050440734532725795
0.32301370312390065 0.5957034589714707 0.020393356644960448 0.0608894812596682
0.3282337355345488 0.011067072752704465 0.10064683385907935 0.5600523578536674
0.7672743218870357 0.12716559218512957 0.06090546259287166 0.04465462333496306
0.17134702238076327 0.2409253830236372 0.42428651982664867 0.16344107476895087
0.252313500632504 0.22519939864846716 0.23882469751981938 0.28366240319920943
0.35618304607272344 0.030459464111571855 0.4401016928920405 0.17325579692366422
0.16035635581843177 0.40244326867634117 0.012436582940401841 0.4247637925648252
0.5246012772511951 0.16393777411826982 0.0683722486512921 0.24308869997924298
0.17715640786402387 0.09072463382440932 0.6122205495941754 0.11989840871739144
0.3195190812399048 0.1728932739689566 0.24130454045783545 0.26628310433330316
0.23943089251804817 0.0005584038725392482 0.616807001519609 0.1432037020898036
0.1097103733154502 0.19878333307635188 0.2693565284509578 0.4221497651572401
0.34076315053840334 0.020395814161236703 0.27084722509863013 0.36799381020172983
0.14550795364966296 0.17577866189551805 0.613983617173625 0.06472976728119395
0.1779950787016772 0.3229277126547525 0.27400350934234186 0.22507369930122845
0.047629065558118966 0.09870509598259491 0.17574186999462915 0.677923968464657
0.17966634283930683 0.14200994044064352 0.19745579115399747 0.4808679255660522
0.004442744200772508 0.12342353518273674 0.502840185404396 0.36929353521209474
0.13356881535240828 0.5911032875590015 0.012701407309505641 0.26262648977908454
0.14267030613987586 0.4390100588777378 0.3292143298745088 0.08910530510787751
0.6948243476233162 0.029732998704519287 0.24476916813164495 0.03067348554051952
0.07540338960995563 0.09924281013527647 0.3192241387718895 0.5061296614828784
0.0672750331885642 0.5698927078171866 0.21100135191321434 0.15183090708103486
0.06981568138507321 0.28808945699515454 0.06975697847951079 0.5723378831402615
0.11250748418533263 0.5914732131801606 0.07903551548693677 0.21698378714757005
0.14035385319853644 0.3598016979747406 0.4921462209887941 0.007698227837928839
0.25161340563540324 0.3689902135443528 0.15663551118159724 0.22276086963864672
0.11904763230081838 0.15590121490817987 0.48987501870352246 0.23517613408747928
0.027053731394722003 0.6587849248173898 0.16759881254707887 0.1465625312408093
0.5884917935454423 0.049470135045141195 0.0821129314392075 0.27992513997020896
0.06807340034396314 0.16950533357031772 0.5029345146390201 0.2594867514466991
0.3796174245029089 0.13123025555363754 0.019562758735895858 0.4695895612075577
0.35653561777255693 0.21074698957592253 0.3830072482978232 0.04971014435369736
0.2720631047616261 0.4099705669103566 0.018696073488901344 0.29927025483911596
0.0024613585863427767 0.4349297556885968 0.18580797705841323 0.37680090866664717
0.44569076712820277 0.11462379461056116 0.10873595485779586 0.3309494834034402
0.17070552356426083 0.0013374509190982042 0.05505196865395323 0.7729050568626877
0.1003779459001678 0.0038294463147565683 0.8585486777559626 0.03724393002911308
0.1927628679733836 0.05920652068276333 0.06285845596512074 0.6851721553787323
0.10102022930459387 0.7195620756903529 0.06371659701298915 0.11570109799206407
0.2394184063024517 0.2820271100599001 0.3229540489366167 0.15560043470103146
0.48335200907694487 0.12091104775115968 0.07037915248166715 0.3253577906902283
0.043570739588212226 0.2582509294553772 0.6513696513888615 0.04680867956754908
0.5731420782200057 0.10776311647821935 0.2817218259122234 0.03737297938955153
0.0745849220607101 0.0919412255269445 0.3733690244390535 0.4601048279732919
0.3903048193771934 0.1852777812903157 0.40194806612209366 0.022469333210397235
0.3957054456813559 0.13397193902659277 0.32249820664307527 0.14782440864897606
0.2705512213559219 0.21992223722039317 0.4742806619485028 0.035245879475182096
0.5031491152757556 0.16964150459399874 0.2676085381983918 0.05960084193185389
0.2793758781327498 0.2140178625724345 0.3021382781771852 0.20446798111763054
0.500682337268986 0.023919485695714893 0.002685092910222231 0.47271308412507684
0.4898050523087649 0.3578515136437055 0.08520267178131735 0.06714076226621224
0.05559689465755657 0.20648001234949953 0.34423816103847904 0.39368493195446486
0.33458639377540567 0.2273112924441889 0.32834198035413575 0.10976033342626967
0.1777520084161225 0.20774234295121297 0.3861858171325617 0.22831983150010282
0.254430979522831 0.2360720980971821 0.2833014627016225 0.2261954596783644
0.3674047532916348 0.21319518078737665 0.20425543241352617 0.21514463350746238
0.14814689934151082 0.035809633642627015 0.6697521448222149 0.14629132219364727
0.2677455681933064 0.3184170688657575 0.0004027562879197477 0.41343460665301635
0.16111788293748974 0.1439978570699758 0.611066924226055 0.08381733576647943
0.07234999067650782 0.8565283947281706 0.0063153092522185705 0.06480630534310305
0.08136253944256056 0.42400381479143145 0.23550758245083658 0.2591260633151714
0.18219733244591219 0.2182916281883146 0.40210997281261074 0.19740106655316247
0.5371332063685739 0.24383960232940405 0.16461857947262526 0.054408611829396825
0.018651759739112594 0.36504654612094534 0.08846208797797905 0.527839606161963
0.34524676248163344 0.11905723526910161 0.1775770000650475 0.35811900218421744
0.2281201664037107 0.2319729729700769 0.3810450039653006 0.1588618566609118
0.4855719177235547 0.09811950437088701 0.3242370783648628 0.09207149954069549
0.10185524734338003 0.22004939674536173 0.24635669343267363 0.4317386624785846
0.20888911626634699 0.6008769155048619 0.1499190319246534 0.04031493630413774
0.6424585742709975 0.09992892071789372 0.2287764661256826 0.028836038885426185
0.030313599362268517 0.11115023999622875 0.614264433010135 0.24427172763136773
0.3947893449142662 0.2045608260118097 0.1873035109746255 0.2133463180992986
0.2423678231591775 0.025673774135719363 0.24947735567272866 0.4824810470323745
0.04943793435365995 0.5039865978111576 0.32654895746697643 0.120026510368206
0.46752693304972426 0.26914413629006073 0.03825696520926569 0.22507196545094932
0.1937875047586135 0.021647952794621728 0.08794852330796743 0.6966160191387973
0.39212380875667063 0.16254975641662017 0.03576904005407344 0.40955739477263575
0.1553056850142719 0.1714582080397944 0.3120962915830433 0.3611398153628904
0.1627328339159949 0.13987505592773564 0.6696588189551016 0.027733291201167853
0.3387696463009514 0.322592449033661 0.07385247228097358 0.264785432384414
0.281500583774537 0.5279055498600809 0.05663683193550573 0.1339570344298764
0.4424980145686638 0.33618596015375524 0.1173856495625395 0.10393037571504149
0.27488447915182457 0.5262570660444457 0.08470639322720108 0.11415206157652869
0.48086500148897304 0.031171587311954463 0.24594550807464832 0.24201790312442417
0.16206400614183758 0.042839124186831556 0.2518995326027428 0.5431973370685881
0.010517951278532833 0.47700259184239857 0.10550397241833309 0.4069754844607355
0.17232645577163463 0.05877139341392801 0.4777551597736812 0.29114699104075614
0.009010884600033298 0.3481746624746508 0.238321916739602 0.4044925361857139
0.12188562841392925 0.10998716475107728 0.6554811128817934 0.11264609395320002
0.3879103371656877 0.2706079679620661 0.02259587102145022 0.318885823850796
0.1212441886679273 0.1635193181253738 0.10493359595818597 0.6103028972485129
0.5012342738683054 0.3181847349154072 0.17711689260971863 0.0034640986065687107
0.43973586051137636 0.05516371782129048 0.15557565669801554 0.3495247649693176
0.13636525753529527 0.33479175632108926 0.49673326648536287 0.0321097196582526
0.016354097193481687 0.06784858611938371 0.0252611888661467 0.8905361278209879
0.3491754584724064 0.18220817365375863 0.16905000215279364 0.29956636572104134
0.012948819533193268 0.18022359867058668 0.740953951395754 0.06587363040046601
0.0968226363956487 0.08562130082263775 0.03547768179049071 0.7820783809912228
0.34287925499302774 0.480421433196088 0.03297859843105999 0.14372071337982428
0.09812382414285348 0.7089173449408438 0.03897444231127911 0.15398438860502361
0.0008132726556593362 0.7644463607768182 0.16353621519519057 0.07120415137233194
0.13589915154602716 0.026288376902747657 0.35067999530893534 0.48713247624228984
0.19567190328261141 0.4458874719501761 0.003093330660584037 0.35534729410662846
0.5018469414519245 0.29793828572570624 0.01692079692225612 0.1832939759001131
0.07456939920394567 0.1813946617875939 0.5273007186226687 0.21673522038579174
0.15393006619188332 0.3615600760738352 0.04632884696563122 0.43818101076865024
0.22277269845086756 0.5944420970703947 0.0178623999026003 0.1649228045761374
0.26782362701017726 0.10392518484537239 0.02401146267889942 0.6042397254655509
0.5280139455914177 0.15098536482733949 0.1294811110367301 0.19151957854451274
0.1811610835825106 0.12200403368578827 0.03831486326807598 0.6585200194636252
0.4039459857836949 0.35015532530896964 0.22219965981350875 0.023699029093826707
0.4733199157203951 0.005780903919443081 0.27054417494568783 0.250355005414474
0.03130376103373633 0.045516931015108564 0.7737144678965036 0.14946484005465155
0.005789766283412212 0.19658336311096747 0.3857855629274226 0.4118413076781977
0.04876776900261959 0.2218656591479249 0.32255457291341016 0.40681199893604536
0.2666779204799652 0.5352254396674047 0.16849924772757385 0.0295973921250563
0.028363986450643308 0.29400962918741347 0.4191413409754644 0.2584850433864788
0.11911005026751864 0.3476511223823199 0.2983017984621714 0.23493702888799006
0.19444040876217916 0.1612918380601983 0.3031763301395405 0.34109142303808204
0.5137944502395114 0.34015534348175525 0.12390304568973864 0.022147160588994685
0.013083374441851037 0.20648124369327137 0.6657467525787572 0.11468862928612045
0.23790066835797685 0.0917018596349598 0.5364806067918181 0.13391686521524526
0.20913442659242587 0.3576146230933288 0.10937356952825461 0.3238773807859907
0.23897632965914462 0.5690118910782064 0.14572813814098629 0.04628364112166272
0.22866054237193612 0.39421037863053676 0.35346802082706574 0.02366105817046138
0.6558770033669802 0.014042061470856737 0.2376886917239558 0.09239224343820729
0.2786541930738722 0.06326579654933906 0.35110483207833265 0.3069751782984561
0.38853340669881176 0.05604720635405791 0.025802797992811044 0.5296165889543193
0.021276885963879555 0.4080064847921169 0.18178264064676186 0.3889339885972417
0.3921621264843306 0.0728494958805036 0.010788864047738267 0.5241995135874276
0.007166800769459636 0.4983554562863731 0.19385183768229408 0.30062590526187316
0.6652718717541896 0.006284140365280466 0.2288062702227074 0.09963771765782259
