75 60 4 172.67245858683108 345.3449171736621
6.120461981073211 1.593678048304982 8.992996029102315 9.36692359456662 7.11722837238517 5.898482347823506 2.690644079422032 6.564371159665128 4.367149915468441 9.402239514447306 6.833270821852608 7.046120596411429 9.38416211041898 7.029892768763796 3.089120602353807 3.3025091594100706 3.024926413123228 1.7263058984096236 2.656002180279843 7.524544314331576 9.99037572217632 2.2885310371508174 2.9864934954524696 3.5060765666486557 7.723519835564919 9.82433787367127 8.001955825047396 7.256285448197962 9.536094476715443 1.7006343595954683 2.890587457147289 6.9893096578408125 8.194377928487345 6.74507668553688 1.2996909738486067 3.566735825401541 1.7666935426084045 8.877433006042814 9.592490874364774 7.555713968085853 1.227398660024874 7.80049581886157 9.026258570254546 3.3868916204565194 9.382302323262534 4.6681455625184665 4.7365188828570055 2.7812881679348305 9.870940283848297 3.819651423264909 2.6112337744195457 1.1034548496917314 8.214813768970146 5.534912331357286 5.213157156301531 8.015040557876489 3.551461696929638 1.9752798780711514 8.935750057813888 9.466477321748453
1.2240923962146422 0.3187356096609964 1.798599205820463 1.873384718913324 1.4234456744770339 1.1796964695647012 0.5381288158844064 1.3128742319330255 0.8734299830936882 1.8804479028894612 1.3666541643705217 1.4092241192822859 1.8768324220837962 1.4059785537527592 0.6178241204707614 0.6605018318820142 0.6049852826246456 0.3452611796819247 0.5312004360559686 1.5049088628663152 1.9980751444352642 0.4577062074301635 0.5972986990904939 0.7012153133297312 1.5447039671129839 1.964867574734254 1.6003911650094793 1.4512570896395924 1.9072188953430884 0.34012687191909363 0.5781174914294578 1.3978619315681624 1.638875585697469 1.3490153371073759 0.25993819476972135 0.7133471650803082 0.3533387085216809 1.7754866012085628 1.9184981748729548 1.5111427936171706 0.2454797320049748 1.560099163772314 1.8052517140509092 0.6773783240913038 1.876460464652507 0.9336291125036933 0.9473037765714011 0.5562576335869661 1.9741880567696595 0.7639302846529817 0.5222467548839091 0.22069096993834628 1.6429627537940292 1.1069824662714571 1.0426314312603062 1.6030081115752979 0.7102923393859276 0.3950559756142303 1.7871500115627774 1.8932954643496906
0.499439359189373 0.10235670588228452 0.35722329762607763 0.040980637302264866
0.4727669339302132 0.28924741623914973 0.04169883101672156 0.19628681881391552
0.13355438654911955 0.3412509953909775 0.3150180179597225 0.21017660010018047
0.12888924772511057 0.4062016163483769 0.05084262816739671 0.4140665077591158
0.4401987920585194 0.14082833072503986 0.14567529085292874 0.273297586363512
0.1752508034152379 0.1876777592508564 0.20308227600318018 0.4339891613307255
0.09769487097691432 0.43271668771971494 0.11926719993432233 0.3503212413690484
0.26055406839901496 0.38045316122636996 0.264392464753724 0.09460030562089106
0.1207351481018426 0.10331254543900592 0.6811159136788925 0.09483639278025902
0.5566913901057537 0.1544532796057112 0.15052468880966619 0.13833064147886887
0.04954795462878481 0.2549711639247574 0.6050170213326355 0.09046386011382235
0.23404508307535132 0.35917492469404566 0.1319155108558704 0.2748644813747326
0.7456436508615017 0.10120783497701213 0.13906325525814078 0.014085258903345332
0.6033237895908639 0.2910999859835858 0.07609800017574186 0.029478224249808505
0.21050585800128063 0.4951969496785139 0.1848350985727455 0.10946209374745997
0.1170232925893957 0.429640593885682 0.36184112413956915 0.09149498938535316
0.27357277062014207 0.1116232980694114 0.47010064600913504 0.1447032853013115
0.17519462317842593 0.34614060696825244 0.1410863225881016 0.33757844726522
0.21988505948972437 0.45448822755476925 0.036881634893749626 0.28874507806175675
0.15293921296398527 0.2764921217786285 0.4972673202157891 0.07330134504159713
0.2183026179625036 0.43842382579408945 0.3120569893278451 0.03121656691556185
0.08019972499412731 0.3911249271337164 0.28980749798063143 0.23886784989152487
0.2703368506495637 0.5111628487902411 0.06453075477767045 0.15396954578252475
0.12327012650874114 0.33405040944412656 0.3261735729398829 0.21650589110724938
0.20861109867118344 0.001371872114419137 0.549263532364721 0.2407534968496764
0.05924161698045727 0.030661844609676803 0.05320801532173913 0.8568885230881268
0.0894664175230776 0.16432670490146606 0.7171616952703667 0.02904518230508968
0.11757608825364119 0.5443686671306557 0.2740206871720283 0.06403455744367481
0.16002958412928525 0.19288806977435968 0.4183508052477769 0.22873154084857816
0.0748064871812053 0.3618815954080926 0.2919379955413862 0.27137392186931586
0.014112292021196904 0.7275246742790304 0.05235758785514799 0.20600544584462466
0.06989967169330602 0.08552136465700433 0.7628467721833615 0.08173219146632815
0.4231078951242596 0.419387591809282 0.10239915495217311 0.0551053581142853
0.2778971890122406 0.043063196723816644 0.03033733814155981 0.648702276122383
0.3866859439436744 0.18252218593028435 0.4129800584142497 0.01781181171179158
0.7409454464970928 0.05999812988939546 0.19608197282199902 0.002974450791512706
0.6504231827665701 0.09704442913029643 0.1487948539703976 0.1037375341327359
0.14941052778589048 0.7060313157145338 0.02781169319169763 0.11674646330787808
0.16628327179547064 0.5743377664155446 0.2391223138768248 0.020256647912159975
0.49092816811914186 0.4394764085798941 0.06879950606772256 0.000795917233241461
0.4192471817747856 0.24024046008084 0.3076325417403937 0.032879816403980744
0.09611235635624127 0.6742103055268037 0.08190716692510902 0.147770171191846
0.47655729274131875 0.12486216822960805 0.3497155863036666 0.048864952725406585
0.16723477642318996 0.6001095178940505 0.02640128151476362 0.2062544241679959
0.43567709476333394 0.18046996954426386 0.06433690597542385 0.31951602971697834
0.023787982037158595 0.1265343334002781 0.3881016331222096 0.46157605144035374
0.05448607288827567 0.4077434986496432 0.328567446736174 0.20920298172590712
0.14635644896821765 0.16735131618801358 0.2240069141443034 0.4622853206994654
0.5512850258258654 0.3733010013911551 0.06972570451222204 0.005688268270757524
0.5022262664785382 0.19729116955596804 0.062090425829356755 0.23839213813613702
0.05863861011179572 0.5761205925432832 0.20758965341907754 0.15765114392584356
0.1525085202206965 0.047927494598376086 0.17514100232064844 0.624422982860279
0.013117646879614697 0.2585351679433432 0.599775612844721 0.12857157233232108
0.07024892250587622 0.53082613484053 0.0032142708826977673 0.395710671770896
0.11932921058941504 0.42900666078086125 0.4330785011865249 0.018585627443198804
0.4501264515120238 0.055708547070158154 0.42449147670874576 0.06967352470907229
0.34755983953400316 0.08134895258945363 0.41264220473909907 0.15844900313744414
0.14578485180420175 0.09577792432003007 0.5642506872348602 0.19418653664090801
0.1406480695937411 0.4208542755193 0.3741400450065009 0.06435760988045802
0.2564738179748387 0.10250676708740247 0.49900119733394965 0.14201821760380917
0.5312948454296371 0.113042470779247 0.08770566415006431 0.26795701964105156
0.486902722617799 0.0003799023145156788 0.10789409451370369 0.40482328055398165
0.11706077800390091 0.22344530095447523 0.08552868599405261 0.5739652350475712
0.29014621924506734 0.4126279663716016 0.10584901090486121 0.19137680347846986
0.0866576741164563 0.10497110493282902 0.7735663603333794 0.03480486061733523
0.10737451467375025 0.14679813446610157 0.40991552267476417 0.335911828185384
0.01475583931602964 0.4814324003084083 0.007919981793180653 0.4958917785823814
0.3345370011098483 0.0796517046533084 0.08914456175491359 0.4966667324819297
0.00024501492006312464 0.005876301592514954 0.4935873440551459 0.500291339432276
0.09134716711117974 0.21003835052452746 0.3312354361081963 0.3673790462560965
0.07716242149265828 0.48830655740985685 0.0884608311929097 0.34607018990457517
0.19950437931416476 0.2111529100866817 0.3781651961371397 0.21117751446201383
0.5905566503119498 0.14400947238605166 0.10956182115684121 0.1558720561451573
0.38742271409170137 0.03181311435607648 0.3441231404924552 0.23664103105976697
0.19134383432152524 0.16484562755662524 0.3139031829272563 0.32990735519459324
0.4882044663884949 0.2107995419836065 0.06411194016735788 0.2368840514605407
0.03945686679860183 0.1362850361232687 0.24937263415790478 0.5748854629202247
0.5441020149796872 0.08054852824067338 0.1587857845053351 0.2165636722743043
0.11409139657349998 0.007935701595984779 0.8118341320951251 0.06613876973539012
0.4672094084763676 0.29681739623361936 0.21262356245344127 0.023349632836571765
0.4764600524394932 0.2032992217003189 0.19731063338080412 0.1229300924793838
0.41396794211534127 0.1475727808777173 0.24762507502415454 0.1908342019827869
0.0802642232989963 0.1373439175893474 0.2047001050640288 0.5776917540476275
0.3101874308947248 0.12364440916336095 0.25674784477406287 0.3094203151678514
0.07893714458331302 0.2950357940963718 0.03506400591447689 0.5909630554058383
0.02518825934793234 0.7530251446920742 0.11026252426643668 0.11152407169355683
0.1613674380891591 0.05802823277500824 0.5356396401632132 0.24496468897261947
0.1230562634336293 0.2826225332326837 0.48075680644272323 0.11356439689096376
0.3138188476406286 0.17972663843376313 0.4334717713950955 0.07298274253051273
0.674795892706842 0.11522756081886032 0.16238617329886007 0.04759037317543757
0.2052505141784161 0.4258216349056959 0.16134022557853778 0.2075876253373502
0.19424067215980156 0.002797088413692528 0.5258192738043925 0.2771429656221134
0.22231535181173812 0.6096621300114167 0.12472480289782262 0.0432977152790226
0.5436984005036617 0.2572293523828235 0.13565206801451946 0.06342017909899533
0.11118367407236363 0.5533920610683696 0.22779661037183452 0.10762765448743228
0.5059664944700974 0.11184230068235812 0.1473402495465338 0.23485095530101063
0.00404420885880441 0.04050929032123962 0.8227484390512589 0.13269806176869703
0.22960275961963095 0.36962025348331284 0.2063835045816388 0.19439348231541742
0.3944057721529417 0.21978332735725903 0.05560058558791747 0.3302103149018818
0.5398129023152387 0.10244675223487387 0.023030551311905234 0.3347097941379822
0.5252998858915665 0.21532333231962109 0.10377046217880181 0.1556063196100106
0.06005816751548965 0.0002871818060945497 0.15599368650802603 0.7836609641703898
0.06904066327539993 0.16734085297736556 0.35915640634369383 0.4044620774035407
0.390860830214356 0.03332621664852631 0.3372888586793654 0.23852409445775224
0.1099531671129298 0.14023489586343763 0.661816821177619 0.0879951158460136
0.13644507601627542 0.20481995132638264 0.4257198201023148 0.23301515255502714
0.24768457187733506 0.3202174052970538 0.2862276383325165 0.14587038449309464
0.03489046844948296 0.4056860499571039 0.3411007429852466 0.21832273860816653
0.18527366724569572 0.11307365607142583 0.30795861709487027 0.3936940595880082
0.036175218991359004 0.3401437931715563 0.2402690789361951 0.3834119089008896
0.15569657013638993 0.07259479149998826 0.34679504238732184 0.42491359597629996
0.31846991941520153 0.07889499177164183 0.024614661244892533 0.5780204275682641
0.14349916053935463 0.24967555853238577 0.020942233804295163 0.5858830471239644
0.27068100598965583 0.1690545246701165 0.059671544471087246 0.5005929248691404
0.19238611002525408 0.05683738785301895 0.2020566596278046 0.5487198424939224
0.515937066266315 0.2614090026294481 0.10202282998916745 0.12063110111506947
0.1974508670773617 0.13961251968570132 0.4373935667343002 0.2255430465026368
0.11250491228213277 0.12020538212155585 0.241717144021235 0.5255725615750764
0.14365944003389453 0.26711707160727494 0.054152901456567704 0.5350705869022628
0.15943121112573755 0.21177489090006607 0.3256320005698531 0.3031618974043433
