27 30 4 86.51222943256533 173.02445886513067
4.831492694670062 8.331253664450973 7.618575611797116 8.812028798917622 4.450426955853581 9.815109689300686 9.038749120436218 2.887436527789379 7.676448826714667 6.968289872167686 8.981213153427433 8.722114409219916 7.74335992369167 8.831302480497293 2.6808025912427174 3.930100452948241 4.356436914590178 8.143417225753089 2.3595424259328044 2.529484291340288 1.7305218365486108 3.7465780750281428 8.049608216369869 2.46615563781052 1.6357716629679377 7.309640556023842 2.6288189119033207 6.390255253408827 4.737372842758557 5.622150241569413
0.9662985389340124 1.6662507328901945 1.5237151223594232 1.7624057597835243 0.8900853911707163 1.963021937860137 1.8077498240872436 0.5774873055578758 1.5352897653429334 1.3936579744335371 1.7962426306854866 1.7444228818439833 1.548671984738334 1.7662604960994586 0.5361605182485435 0.7860200905896482 0.8712873829180356 1.6286834451506178 0.47190848518656087 0.5058968582680576 0.34610436730972216 0.7493156150056286 1.6099216432739738 0.493231127562104 0.32715433259358756 1.4619281112047684 0.5257637823806641 1.2780510506817655 0.9474745685517114 1.1244300483138825
0.22065617294616224 0.5152838666195506 0.11349490874381007 0.15056505169047707
0.07603696537169113 0.4168560078878857 0.47357269276449154 0.03353433397593164
0.0924219138777983 0.6121643468258295 0.13234384776425678 0.16306989153211537
0.28815289454812154 0.2321396052217778 0.1854014052029077 0.29430609502719296
0.5962139627641655 0.32767534832901457 0.06782158576987118 0.00828910313694875
0.5833700814446411 0.09245124832134 0.23514988042527796 0.08902878980874096
0.9006002997188796 0.009935070137145008 0.06506016289840377 0.02440446724557166
0.015087921518884051 0.5459396631572523 0.11209226153252327 0.3268801537913404
0.19410813118027714 0.016219439022546966 0.18519626252927834 0.6044761672678975
0.17126442146678234 0.0500236633049056 0.23835691292139471 0.5403550023069174
0.03541708769813445 0.6857352893489369 0.01825860307152216 0.2605890198814065
0.7096489722082104 0.12071420335048821 0.11238462822045447 0.057252196220846874
0.4009708638307262 0.5027558573781918 0.035513582116467046 0.060759696674614894
0.4035812547197769 0.1514820239106911 0.3876883391007402 0.05724838226879181
0.11106006985091776 0.5959865438127333 0.2400487835994236 0.05290460273692532
0.059746398956140645 0.17105012600484493 0.08340222119393736 0.6858012538450771
0.6312236261277765 0.03746058355405335 0.05933856631963752 0.27197722399853264
0.09649789260292185 0.016736444577588272 0.3345232994250775 0.5522423633944123
0.8407552116699529 0.004394555759185459 0.08568644081801124 0.06916379175285037
0.3569744523974929 0.21710989349783705 0.016975143632934175 0.40894051047173585
0.028698282795897367 0.6410860322426605 0.32730347053873843 0.0029122144227037294
0.5778184951133303 0.11783097734495673 0.11806722014362125 0.18628330739809174
0.6994157592370905 0.05873050802604518 0.19714240108293313 0.04471133165393115
0.03515779060951896 0.04021735654517178 0.7115750938957001 0.2130497589496092
0.5291652347982542 0.014326277512767605 0.4006896001503344 0.055818887538643835
0.20059085604706395 0.26039834348220803 0.20530651851055082 0.3337042819601772
0.49347961654612027 0.16253999434884459 0.27966133699652274 0.06431905210851241
0.47354353767406865 0.4602136136639048 0.028731200765548914 0.03751164789647765
0.12604244511704188 0.26854643034256853 0.3486571853447099 0.2567539391956797
0.42197876809509394 0.33740228129829464 0.22517720813511033 0.015441742471501096
0.4765872407403199 0.24898576689480945 0.20331982037848473 0.07110717198638594
0.11747691934552718 0.46584537108751056 0.011197981335149154 0.4054797282318131
0.013629501631003293 0.37337709606316727 0.527781301701149 0.08521210060468043
0.6840198457708746 0.19334592947768325 0.04594538129399983 0.07668884345744231
0.21039796338844785 0.053877452395938774 0.22495474074636368 0.5107698434692497
0.12165793024523441 0.5272420208718721 0.1058514543903184 0.24524859449257508
0.10466007199390026 0.13702785794988093 0.06204175023405012 0.6962703198221687
0.39321395615611554 0.07440449385359538 0.4019244071721175 0.13045714281817156
0.2095178826973032 0.6401126937987972 0.13107243724829476 0.01929698625560483
0.1925857832764143 0.26794723374997054 0.05383699977637679 0.4856299831972384
0.18319228819522537 0.768315645717355 0.03129710024599586 0.01719496584142377
0.3918676582027327 0.11886472538957271 0.21696074313109381 0.27230687327660075
0.07195334754183935 0.40521914416581617 0.2864858384254163 0.23634166986692817
0.21012746122808923 0.3481461023370256 0.06346358368177396 0.3782628527531112
0.3116763122648373 0.410746009015849 0.005290098594206705 0.272287580125107
0.03482098205022799 0.14766431431548532 0.14957898354688715 0.6679357200873995
0.22418412616571537 0.3991407342233966 0.21057590721237407 0.16609923239851399
0.11199090772310505 0.04207354013653508 0.7808246904596833 0.06511086168067659
0.15609123866945562 0.7174130702400858 0.03502197213648406 0.09147371895397449
0.17642631942207654 0.3546863865479194 0.4395430636718122 0.029344230358191892
0.09431945517848339 0.12419329696682158 0.011366979727022941 0.7701202681276721
0.26771351540863897 0.13723813048592115 0.3459548482222128 0.2490935058832271
0.5205366465800261 0.00828222431628478 0.4247116891432936 0.04646943996039554
0.15944030034977252 0.49041368701217947 0.22777663960820738 0.12236937302984063
0.12199785075308123 0.4125971966852051 0.06046842141893771 0.40493653114277595
0.04479479459784663 0.2291554029121209 0.5561081376558543 0.16994166483417816
0.011781954018039276 0.627161225443182 0.15549154845457858 0.20556527208420017
0.13887579104122294 0.6156843223441593 0.10650701612775426 0.13893287048686354
0.06936129737930274 0.3470759588621911 0.548883402503797 0.03467934125470917
0.29134737751676976 0.07916281377719903 0.5596538536333175 0.06983595507271367
