23 40 4 106.96942040081393 213.93884080162786
5.655680954619303 9.522663434333326 7.889137834572162 3.5415625957040144 2.989408269354873 7.175998767137202 2.5042528279005065 4.5319821981852755 6.562471125275283 4.7073708537287136 1.0221839308079756 8.956289641348942 8.964527845388261 3.7036872042983284 6.306236786932431 9.805842244133478 8.6058443991368 1.5856789515147414 3.6527001824562904 3.591409968705218 8.402197051930898 6.635647341642215 1.9942994252230641 1.0047593005234845 9.479496095699496 2.273506819526708 4.794368735495437 4.118404961336898 8.828065759574633 4.857416311170577 8.4587633589048 7.4606665440343445 2.0730402476571044 6.36745755438648 2.1678066793466195 1.6978068255445946 8.480847301213762 5.1794705330218225 2.4581123110247405 5.93177762883706
1.1311361909238606 1.9045326868666652 1.5778275669144324 0.7083125191408028 0.5978816538709746 1.4351997534274403 0.5008505655801013 0.9063964396370551 1.3124942250550566 0.9414741707457427 0.20443678616159514 1.7912579282697885 1.7929055690776523 0.7407374408596656 1.2612473573864862 1.9611684488266956 1.7211688798273599 0.31713579030294825 0.7305400364912581 0.7182819937410436 1.6804394103861795 1.327129468328443 0.39885988504461284 0.2009518601046969 1.8958992191398991 0.4547013639053416 0.9588737470990875 0.8236809922673796 1.7656131519149265 0.9714832622341154 1.6917526717809601 1.492133308806869 0.4146080495314209 1.273491510877296 0.4335613358693239 0.33956136510891893 1.6961694602427524 1.0358941066043645 0.4916224622049481 1.186355525767412
0.17824726657014334 0.4102385552721992 0.06735963616456075 0.3441545419930967
0.48305518544294146 0.02299944692591782 0.39554756043852146 0.09839780719261926
0.23183334760205443 0.23392957887701205 0.3549385586838484 0.17929851483708514
0.14750305870585345 0.7689046633599861 0.0015380836380902707 0.0820541942960702
0.25513081972233587 0.36085594891716655 0.3565310117869913 0.027482219573506272
0.10137002753696178 0.09731127515766713 0.646327891974443 0.15499080533092813
0.08347593685978472 0.2620025411194108 0.45312172937151085 0.20139979264929364
0.09272600446654555 0.41080876921125997 0.03086250755316966 0.4656027187690248
0.0744592048645033 0.6833101678346667 0.033521218357177474 0.20870940894365253
0.04662987836169319 0.3889692911546766 0.44266668569290146 0.12173414479072875
0.005024923725740482 0.23515697782067158 0.40327830862329317 0.3565397898302948
0.14536195449419298 0.3837930651844724 0.07641017509196668 0.3944348052293679
0.6034752072158278 0.23937934383291504 0.11169988030052036 0.04544556865073679
0.5583471760640503 0.06888532369320555 0.012157378957007858 0.36061012128573633
0.2853803359354091 0.016432827979950382 0.5479713645035186 0.15021547158112192
0.0968849642839934 0.23190238565614674 0.15510462138824843 0.5161080286716114
0.12234722973411316 0.06769142165249176 0.5709174944506549 0.2390438541627402
0.1851929174833391 0.3795925316749139 0.32347670268293527 0.11173784815881171
0.1552147464040412 0.5828252778974644 0.05633928206239025 0.20562069363610413
0.08086222034004453 0.032939015890887435 0.43760116797507354 0.4485975957939945
0.1406534791699433 0.008194545722752355 0.30064895783518764 0.5505030172721167
0.05011902966338311 0.3214147474665827 0.5391740503065934 0.0892921725634408
0.20593267412957195 0.17437468872683015 0.23693413090052962 0.3827585062430683
0.19425766330246852 0.4463058485459811 0.3221579577037328 0.03727853044781759
0.17079131745352893 0.15947833569520853 0.27481735297224563 0.3949129938790169
0.028773996896283682 0.9107648607475327 0.013702225731360151 0.046758916624823454
0.06781930482977494 0.7600479112020859 0.16292367985702516 0.009209104111113975
0.12160863296744395 0.1910262465854784 0.622157343010697 0.06520777743638062
0.08096605281726121 0.5457696231430094 0.0678056811819262 0.3054586428578032
0.3436456284377015 0.07047804031870253 0.3089168601428207 0.27695947110077523
0.34809190046205274 0.1986468671740801 0.1042726574792513 0.3489885748846159
0.09317831284174316 0.31747265010099535 0.5661807221032706 0.023168314953990854
0.030125761588574607 0.3630333314803169 0.0008525060759918546 0.6059884008551166
0.29110561700765725 0.1836155462058866 0.29788325687328776 0.2273955799131684
0.3241235471935223 0.10541871639857414 0.1894544727063181 0.38100326370158544
0.18878963262831439 0.4015143620232149 0.011829821340411661 0.39786618400805907
0.07309111409214941 0.042009438925824094 0.1435289616358203 0.7413704853462062
0.24386796239322406 0.13171047683781156 0.21880409349945384 0.40561746726951053
0.47729389039881 0.11352083057582141 0.3424273333686535 0.06675794565671511
0.1253607482101322 0.25704389784480985 0.5730020496278756 0.044593304317182336
0.24058353121801312 0.31712322826040984 0.21590640959731133 0.2263868309242657
0.396745698829829 0.10901362314768615 0.4499805191106707 0.04426015891181412
0.07905548640493043 0.7486604396700507 0.05125988232929202 0.12102419159572686
0.12906352760617068 0.10218777770435683 0.0035462456007695486 0.7652024490887029
0.23937099816163865 0.21088415018335172 0.5013326116562739 0.048412239998735784
0.4533161818168051 0.16953178873585895 0.0650984063683635 0.31205362307897244
0.05326709464893753 0.3309598480994931 0.5212482824693121 0.09452477478225729
0.12660677568465384 0.00011823393525323134 0.38057918745526154 0.4926958029248314
0.45936409188813176 0.13668716223506783 0.0064365893432991594 0.39751215653350125
0.006428299533343673 0.41231410047256956 0.014275293302585035 0.5669823066915017
0.1288935485768078 0.16681325452901896 0.2726429723825692 0.43165022451160406
0.6474949881848805 0.04389427227596454 0.272155519601589 0.03645521993756595
0.0854957627108347 0.4328186823475819 0.37678650983163564 0.10489904510994774
0.28201638204882773 0.11441426207242389 0.020597462942466227 0.5829718929362822
0.33885827739248164 0.05908635488126557 0.4407940711814935 0.1612612965447593
0.023379930587594244 0.36111142472953617 0.14451182619556247 0.4709968184873071
0.5213904458715113 0.4409521987025228 0.03624403651969932 0.001413318906266614
0.29823290410761627 0.4826198813610758 0.17879202445929632 0.040355190072011604
0.5663140989773378 0.034804851346181276 0.32614106682505306 0.07273998285142791
0.11651782167819436 0.17141512943326953 0.15671063416681907 0.555356414721717
0.11965252243926927 0.5690024354302026 0.15596252583898107 0.1553825162915471
0.1830493219429843 0.0805050644170684 0.3477792931719117 0.3886663204680356
0.5358885402404605 0.22182640696132572 0.02119713503534526 0.2210879177628685
0.24598420871622517 0.15412315126072595 0.3635606335220013 0.23633200650104758
0.11917630556450598 0.09831784804675414 0.5811277902725773 0.20137805611616255
0.480686727057959 0.03212683347584633 0.06373513524166452 0.42345130422453015
0.27628244726328566 0.21696585298352422 0.22811180078210713 0.278639898971083
0.34246517855265435 0.25783192781482156 0.20926925066081425 0.19043364297170984
0.04517116277350908 0.13032555808202362 0.13820430989597754 0.6862989692484898
0.3947918605862947 0.07411641943969782 0.042716459621270575 0.48837526035273693
0.7831860634717771 0.05168866082937695 0.0381510352525708 0.12697424044627514
0.18415932175163263 0.11156282560995123 0.2616370016975369 0.44264085094087924
0.8187988863499047 0.07202623290930843 0.008986626101305184 0.10018825463948167
0.3024871162472813 0.5099563793683621 0.1682683514583705 0.01928815292598607
0.0030786379783936946 0.6353359764629325 0.24804896582419123 0.11353641973448259
0.08489766344365035 0.6011385275008675 0.08704947097317339 0.22691433808230876
0.09905593656208833 0.12212764655881347 0.3402839515031346 0.4385324653759636
0.23501047798661767 0.30175931600445416 0.2092728020867124 0.2539574039222158
0.0837421396375857 0.4023364688747365 0.3555582354055795 0.15836315608209828
0.10869424754894208 0.23495615190174224 0.49568904065657604 0.16066055989273964
