8 20 4 58.38996681235166 116.77993362470333
8.860864625126347 9.716865965388388 8.822750861925279 5.777701224000391 3.094554951795616 1.102589238496869 4.874219364632415 4.621162240336283 5.704072042173126 5.305526162221621 5.998208264400974 5.890474157882863 7.84806018042636 7.411371166738821 6.577138864930957 4.83482593428573 3.6016752521627895 9.764697170804016 4.003966409596034 2.9692095473784517
1.7721729250252694 1.9433731930776776 1.7645501723850558 1.1555402448000782 0.6189109903591232 0.2205178476993738 0.974843872926483 0.9242324480672567 1.1408144084346252 1.0611052324443242 1.1996416528801948 1.1780948315765727 1.569612036085272 1.482274233347764 1.3154277729861914 0.966965186857146 0.7203350504325579 1.9529394341608033 0.8007932819192067 0.5938419094756904
0.06580838778721143 0.0051344569629873105 0.0569128681748331 0.8721442870749682
0.028732048963295398 0.31672956303457167 0.04817330294573785 0.6063650850563951
0.380958889203853 0.05151704358656284 0.5063279805203559 0.06119608668922827
0.06869013345815722 0.7268844249708194 0.0054813278974178425 0.19894411367360554
0.03891229764232185 0.4165355244636112 0.5331486960077962 0.011403481886270717
0.18817251529331425 0.02714528417943196 0.32082650720682826 0.46385569332042553
0.5957502458740258 0.13540818610663696 0.21215975248253904 0.056681815536798186
0.008872285585150852 0.42594394279843795 0.07576422686968154 0.48941954474672966
0.18588368551977097 0.12051217111946255 0.2926903963009059 0.4009137470598606
0.7065155434054563 0.11626687709207018 0.007279240495591144 0.16993833900688238
0.2985348512836252 0.19506964663784276 0.3726571849601794 0.1337383171183526
0.1787570156678676 0.6401785613647186 0.12026855899128541 0.06079586397612835
0.13838470671609027 0.4238986772455432 0.24436295125159235 0.19335366478677418
0.008308374432570376 0.4937690182029181 0.48196325473799206 0.015959352626519485
0.2361343702522496 0.6138229199374712 0.12721371135853843 0.0228289984517408
0.09562836130088648 0.3667317172371345 0.5265788619224012 0.011061059539577811
0.2172111529162143 0.2547419676197148 0.057339331772401025 0.4707075476916699
0.16029869282555476 0.44606793033186687 0.22718237809176878 0.1664509987508096
0.032865810850571386 0.6049750511710081 0.24005221123991616 0.12210692673850432
0.04823177716362981 0.31933876038546294 0.1892048951172567 0.44322456733365057
0.22476993896804542 0.09736085423613394 0.6607397533492544 0.017129453446566245
0.3516847362701201 0.5444602686105151 0.08860443240463611 0.015250562714728688
0.2701457415914653 0.04954405487556235 0.4444703348989324 0.23583986863403994
0.0320081564257968 0.5716363199433144 0.03459432975401011 0.36176119387687866
0.4464229075179026 0.13754163598306413 0.2062079978373189 0.20982745866171437
0.10038679422454932 0.050583313432947086 0.476085539197752 0.3729443531447516
0.37473850501777617 0.28724420725669153 0.2776683271667071 0.060348960558825215
0.06789640356536919 0.36359722731499156 0.03939895076348876 0.5291074183561505
0.4043954647747654 0.12530985192713917 0.1912191499856789 0.2790755333124165
0.5105822466821824 0.07654810455311478 0.1335476602445247 0.2793219885201781
0.20340977215199052 0.2723942499117834 0.13187210865401366 0.3923238692822124
0.5277238384199121 0.09200157817599686 0.1036579983913648 0.27661658501272623
0.2986252025528 0.3367727116260637 0.12800670045828266 0.23659538536285363
0.22707862658327538 0.561504637914614 0.20853539703863255 0.002881338463478045
0.6568532942055743 0.07471522059683511 0.08124902083576224 0.1871824643618284
0.0007438894434061982 0.4998622165009098 0.377013835230779 0.12238005882490499
0.3591089147932802 0.20571419589045792 0.04055439062887878 0.3946224986873831
0.06281332248498894 0.08263215607128382 0.358167266384416 0.49638725505931125
0.42802190146812014 0.04848517801721275 0.4063990608759658 0.11709385963870134
0.17516677920914991 0.06548347264992849 0.28943523111382197 0.46991451702709963
