19 70 4 197.01148746325205 394.02297492650416
1.8778024157450641 7.851247450073707 3.2224417584969434 2.2431851872868758 3.983019069438383 1.7469960850620359 7.0477937315242 8.259344183454917 9.844677230897926 6.720946613171673 2.943309304424623 5.941246888758517 5.910039622083035 3.1066846583230148 2.023532587063715 5.496933403440592 2.368975801796092 5.794174725015426 4.483060916018941 7.194946450799479 4.356344407675536 9.515440404670533 7.996221262960363 6.47230872760709 6.537088329274621 6.786888411423911 3.416351564173012 7.751405337429039 3.58147440478138 7.3843845204361065 1.5830809792458904 7.208726313153122 5.969510501227097 5.984438322795047 4.118757668115313 2.5535166407577794 5.877393738068665 1.46592138714197 8.43001852063789 7.399602732082687 1.3975050039667143 1.6888290538206574 1.0930950559922112 9.948743400321481 6.3949950738723444 2.617649224882329 4.2794056176947475 8.774530543388366 5.052299508662531 9.742327916364744 2.220937990436866 7.441070344325025 9.288534255285368 9.418279802930748 9.426726179811324 7.054966403961509 9.450933718984563 5.71804957193857 5.040295813016592 1.2814982799896906 8.731940412772111 2.642759146207465 7.554785016957649 9.706314507964233 9.08484171285994 8.509343525118272 6.314570236255389 4.253133237341899 2.4834762708761606 4.961905843972299
0.3755604831490128 1.5702494900147415 0.6444883516993887 0.44863703745737515 0.7966038138876766 0.34939921701240717 1.40955874630484 1.6518688366909835 1.9689354461795852 1.3441893226343347 0.5886618608849246 1.1882493777517034 1.182007924416607 0.6213369316646029 0.404706517412743 1.0993866806881185 0.4737951603592184 1.1588349450030853 0.8966121832037881 1.438989290159896 0.8712688815351072 1.9030880809341066 1.5992442525920727 1.294461745521418 1.3074176658549241 1.3573776822847823 0.6832703128346024 1.5502810674858076 0.716294880956276 1.4768769040872214 0.3166161958491781 1.4417452626306244 1.1939021002454193 1.1968876645590094 0.8237515336230625 0.5107033281515558 1.1754787476137332 0.29318427742839404 1.6860037041275782 1.4799205464165373 0.27950100079334284 0.3377658107641315 0.21861901119844224 1.9897486800642963 1.278999014774469 0.5235298449764658 0.8558811235389495 1.7549061086776732 1.0104599017325062 1.9484655832729487 0.4441875980873732 1.488214068865005 1.8577068510570736 1.8836559605861496 1.8853452359622647 1.4109932807923018 1.8901867437969126 1.143609914387714 1.0080591626033184 0.25629965599793814 1.7463880825544222 0.528551829241493 1.5109570033915298 1.9412629015928466 1.8169683425719882 1.7018687050236543 1.2629140472510778 0.8506266474683798 0.49669525417523214 0.9923811687944598
0.13052339190334605 0.6296631293652845 0.23725081118100955 0.0025626675503599428
0.6526793788019437 0.2245858381933331 0.07216890502755713 0.05056587797716605
0.05391789471661923 0.19572074586985255 0.15130869148163817 0.59905266793189
0.4221684603378789 0.2085736406399803 0.11014407078919008 0.2591138282329507
0.07858701687903547 0.20893441919179379 0.5476659091111324 0.1648126548180383
0.3330956994836386 0.48773917275243506 0.16260090880970246 0.016564218954223886
0.18849319518824292 0.15906453313559354 0.3223861770116192 0.33005609466454433
0.014979197663230304 0.8180808457219159 0.15171702857391345 0.015222928040940387
0.4771041099158344 0.23484133265856566 0.14965888785544768 0.13839566957015226
0.05655338856796899 0.2571373261241452 0.27030653987395103 0.4160027454339348
0.056686266327217405 0.0694446051127302 0.17717381106822871 0.6966953174918237
0.162180741260738 0.15020965990600776 0.03565350922157584 0.6519560896116784
0.25215345299998027 0.34541712357533594 0.016134976975945237 0.38629444644873856
0.5574421797709572 0.0022757830646085164 0.04581867833068454 0.3944633588337497
0.060526567455402525 0.1230898470171331 0.02376201062128358 0.7926215749061808
0.5937149309805152 0.07338857789040742 0.17989274005985467 0.1530037510692227
0.12489571073937256 0.14784999593640769 0.4855625318232041 0.24169176150101568
0.050327417125237806 0.4272960337075653 0.39375373358384325 0.12862281558335364
0.08203183389714397 0.2621452478570323 0.4401358341134367 0.21568708413238702
0.11659282648731484 0.2482831539947279 0.4937599593085926 0.14136406020936465
0.017534314743064883 0.009938693458807712 0.444986781189608 0.5275402106085194
0.19736489490056042 0.018442835082999154 0.11760933363075765 0.6665829363856828
0.1926123361340779 0.1226747610720037 0.32643229331377266 0.35828060948014573
0.15401655534776437 0.5100684620701114 0.0822152460722071 0.2536997365099172
0.49025892095773627 0.10515620487305488 0.3437763928058265 0.06080848136338235
0.3436989769732147 0.13565053554487572 0.04442777531710462 0.47622271216480494
0.13908707985752178 0.290704162714572 0.4112862143978083 0.1589225430300979
0.3463125746312026 0.07089278922964892 0.3260931759604181 0.2567014601787304
0.1278628031348774 0.07600489093101237 0.7369031614144635 0.05922914451964667
0.2865322895218563 0.2720639415737841 0.24593686010116944 0.19546690880319018
0.6149198892672592 0.015107812650411168 0.26687135917077565 0.10310093891155403
0.34571059419232464 0.3336840318402362 0.09560385982481301 0.22500151414262615
0.20099338300343494 0.0016484271953111085 0.529100104552412 0.268258085248842
0.1839425804312511 0.12098872576713515 0.2804930094274313 0.41457568437418246
0.23808231587029338 0.1501940250603988 0.36417824568459434 0.24754541338471348
0.010803173960604928 0.7058807783415383 0.10101146411510087 0.18230458358275592
0.1135557628288063 0.4889269013045575 0.3887487401659204 0.008768595700715753
0.18754649919092514 0.06492433699177746 0.6340204029186496 0.11350876089864781
0.023251633557041074 0.7710849305377363 0.12904662224684083 0.0766168136583818
0.6726525953156872 0.0930959562666368 0.06984384102323749 0.1644076073944385
0.2853041058506832 0.129352603966167 0.06473968614084014 0.5206036040423097
0.12833591690060864 0.07438135888190867 0.026803273462371657 0.770479450755111
0.7639818784357627 0.09049683722324875 0.07499608716135475 0.07052519717963379
0.8184580927554561 0.011848986928430616 0.029293758971834394 0.14039916134427888
0.38883407519497726 0.0718283146429406 0.04622540470088232 0.4931122054611998
0.07381865143546895 0.19287523228618464 0.05407104408422769 0.6792350721941187
0.12113622535732915 0.7802993972048146 0.08834358613247295 0.010220791305383337
0.08978307168285915 0.508425833055573 0.0786246443169849 0.32316645094458296
0.07112842487935045 0.22282776689244443 0.3883510624056593 0.3176927458225458
0.4195896504220653 0.05732799681339518 0.4661233029304116 0.05695904983412792
0.7244756851016785 0.03319367085943847 0.21087888063967275 0.0314517633992103
0.057710340216062916 0.06323105804293394 0.7203453197491735 0.15871328199182966
0.008110081570639638 0.20252077472998664 0.6127156243828258 0.17665351931654794
0.0969423737630496 0.2006922315204761 0.5854713204725954 0.11689407424387888
0.0891404032268931 0.12025372524018929 0.18739986779617102 0.6032060037367466
0.217257902543882 0.23974422617244495 0.18212214560062612 0.36087572568304693
0.3620968695773541 0.18386568546546345 0.28459051374799793 0.16944693120918453
0.00470442709286778 0.448727637085761 0.004713265595859162 0.541854670225512
0.0394989219185653 0.42841011215273517 0.48911404661551505 0.04297691931318448
0.24828343079164206 0.054274856762299706 0.25847676367827543 0.4389649487677828
0.051630516538240134 0.4866186365708687 0.37415226578839467 0.08759858110249652
0.08114252193196714 0.5262722339389555 0.051432936838024745 0.3411523072910526
0.1913789503665687 0.3892499063819268 0.1832107803634231 0.2361603628880814
0.010649195240721943 0.004262519242374085 0.3698933229314523 0.6151949625854517
0.21684660784992438 0.04468516806444445 0.6832696214530875 0.055198602632543725
0.2822272847541446 0.21796322853880912 0.4857101366591581 0.014099350047888204
0.6136733190422102 0.15359793300011115 0.05164329956499125 0.18108544839268736
0.09261285279727272 0.2421722926841482 0.39370047214134607 0.271514382377233
0.18497884128670694 0.2750038006954193 0.38550281297450084 0.15451454504337292
0.5220762085438133 0.06780399653981284 0.19156672872374214 0.2185530661926317
0.18204234531958974 0.08680955608511409 0.1734219314679657 0.5577261671273305
0.1639605602220474 0.23620644095557553 0.31056567244551037 0.2892673263768667
0.3484708615800669 0.1467333017142154 0.41662217683160374 0.08817365987411396
0.06326975075740693 0.2978872574231711 0.613073842488818 0.025769149330603924
0.08207576786149495 0.12379045558168345 0.17560338641329132 0.6185303901435303
0.6756317627705831 0.14102551289129206 0.14254202388137305 0.04080070045675177
0.34828456138236175 0.28338098238536746 0.2612961036239183 0.10703835260835248
0.1420305629591706 0.6096006761320605 0.10564323275986431 0.1427255281489046
0.09318029011083084 0.7026238236176304 0.060736073099955434 0.1434598131715833
0.2670659728825079 0.3741565196302382 0.2690296191767161 0.08974788831053782
0.029364493641441447 0.0702366502750218 0.23182815823572311 0.6685706978478136
0.15088139339611384 0.19853398935180266 0.2103852338568739 0.4401993833952096
0.07022964247308394 0.24166881740677137 0.21356744859071464 0.47453409152943005
0.07536713361265246 0.3122813154262416 0.2072080524466352 0.40514349851447073
0.042419133629680195 0.3374720633579419 0.10647120005012356 0.5136376029622544
0.07007925347440236 0.44202442669998987 0.23268688260926318 0.2552094372163446
0.23371067335722562 0.025924104434960515 0.5734258790379647 0.16693934316984915
0.24418834657693944 0.2765735343654203 0.3775318203913369 0.10170629866630332
0.10632956221260637 0.7407219465431364 0.01736571040037671 0.13558278084388053
0.09833603119427892 0.011769020976248323 0.31489782507761654 0.5749971227518562
0.08268172460873968 0.04091730061247301 0.28801029084602325 0.5883906839327641
0.2251957083167826 0.21942313943482894 0.3130839433664765 0.24229720888191197
0.14802901927812395 0.3784086691527566 0.4538906592721934 0.019671652296926023
0.0571361284285018 0.17499090898964342 0.6206175452026389 0.14725541737921588
0.09243052796434459 0.39175756893295655 0.4693820886442176 0.04642981445848127
0.49919534177933633 0.16044337117608853 0.12247384827174246 0.21788743877283268
0.09126212613680684 0.011691127302421611 0.8545879195544454 0.042458827006326194
0.15282440000454978 0.30492569204745346 0.23673335713590293 0.30551655081209383
0.39830299483347154 0.024252974818546935 0.17447926002691128 0.40296477032107025
0.3431823041372002 0.25857678350491686 0.19581294913218528 0.20242796322569767
0.3653332364537416 0.3670286264867465 0.10551760315273195 0.16212053390677994
0.23143007474648547 0.4887368629154121 0.004116494777827384 0.27571656756027507
0.5303706067571673 0.012470314502645019 0.3129905026101396 0.14416857613004808
0.006081184955352259 0.720239512203526 0.09647696229115121 0.17720234054997053
0.17007573137860998 0.16801964874980257 0.511810780240106 0.15009383963148148
0.1532325276552976 0.11926891766077252 0.7217689947995182 0.005729559884411706
0.10519718911399789 0.2609043462634161 0.13901769788001594 0.4948807667425701
0.3358896061270382 0.09643623112772592 0.0473557295598791 0.5203184331853568
0.10117916502015534 0.019566428230567312 0.06734013178838039 0.811914274960897
0.1191770675391467 0.31924410393963765 0.2337178241762773 0.32786100434493837
0.10995634705797519 0.6256897765408815 0.06083477240649604 0.20351910399464723
0.0052177065537575285 0.7775009979313495 0.10367184546280239 0.11360945005209055
0.15937568085119957 0.33595939715450385 0.13172456025666857 0.372940361737628
0.1343566036345819 0.47279472459310834 0.22356777226422508 0.16928089950808467
0.006544831683600094 0.48152277845070945 0.4322647568395662 0.07966763302612423
0.2280111038302679 0.19566535329000845 0.5732365660714823 0.0030869768082413263
0.1955991408488661 0.14813142493091258 0.6185227501884936 0.03774668403172776
0.09687492049327273 0.12159531320278516 0.536809237748936 0.24472052855500614
0.49713828384011716 0.007641244107148171 0.03612605474479169 0.459094417307943
0.5458727071318237 0.08681988781272965 0.04744587652726495 0.3198615285281817
0.15589071179530112 0.13324451482425093 0.24052169741843576 0.4703430759620122
0.16337522218023492 0.0521883348375789 0.08164851770457071 0.7027879252776155
0.1342387532760161 0.5276105098854303 0.15409737656422706 0.1840533602743265
0.3533510241693363 0.14160330088583561 0.2265094633567143 0.2785362115881138
0.6343565006749879 9.946870013255449e-05 0.28208565605171043 0.08345837457316907
0.43764560524207763 0.23972610521135795 0.20606701909164216 0.11656127045492226
0.10179076462800551 0.47737298509553727 0.2371609924426561 0.18367525783380112
0.17932972521218804 0.5988809368167745 0.04031600625148313 0.18147333171955438
0.3264989512153962 0.08275100997817142 0.22438389668081848 0.3663661421256139
0.39453038899324855 0.34880287950441047 0.04812327778739489 0.2085434537149461
0.08695106746576786 0.28330197565544935 0.23376524569796586 0.39598171118081693
0.3546058917377045 0.39770417443260186 0.06477861639936278 0.18291131743033084
0.04886475537023183 0.14386991665040083 0.4325529379738635 0.3747123900055038
0.23620239810273402 0.1980982739595305 0.2005532184041816 0.36514610953355386
0.08937897132779538 0.26184576188899955 0.6077173029113346 0.04105796387187044
0.254531788635344 0.46266444005260765 0.01959073403663547 0.2632130372754129
0.042846673652944256 0.5202157563089199 0.04865154679663097 0.38828602324150485
0.03907460555532227 0.062193635996462326 0.5781490739311298 0.3205826845170856
0.08687420474552421 0.10802305723717343 0.00491813814334241 0.80018459987396
0.23890409052452966 0.07012970841423039 0.22006639046740506 0.4708998105938349
