83 30 4 78.87709419135032 157.75418838270065
3.3133818439462592 7.154088247639653 6.97277581812204 7.994173910197599 8.446299655019125 4.210157293613609 4.480624600732158 7.6906824516981 3.5428646358620095 3.6466893269331746 6.165918232935329 1.4241200626177766 4.483757289296621 8.51119411124835 5.689603620179559 2.147720146462476 4.734314731825382 8.387412102391615 4.101845806882377 9.242790112292997 2.687024529590963 1.2460320694290923 3.1346505031608087 7.477809349947511 3.4229807618837444 6.097410459706706 6.669714450043726 2.913063788273501 7.643587041849626 4.121501428918789
0.6626763687892518 1.4308176495279306 1.394555163624408 1.59883478203952 1.689259931003825 0.8420314587227218 0.8961249201464316 1.53813649033962 0.708572927172402 0.7293378653866349 1.2331836465870658 0.2848240125235553 0.8967514578593242 1.70223882224967 1.137920724035912 0.4295440292924952 0.9468629463650764 1.677482420478323 0.8203691613764754 1.8485580224585996 0.5374049059181927 0.24920641388581846 0.6269301006321617 1.4955618699895021 0.6845961523767489 1.2194820919413412 1.333942890008745 0.5826127576547002 1.5287174083699253 0.8243002857837578
0.3248903729943491 0.006416036828680971 0.6403434898350432 0.028350100341926754
0.13924278496026132 0.5177498790962658 0.3401254569155716 0.0028818790279012685
0.4998790340578849 0.047886717592907635 0.19167967301430355 0.2605545753349039
0.5463714131556046 0.07655624486399604 0.24742597823670054 0.12964636374369887
0.1458640230874979 0.16142361498004587 0.07843869874984999 0.6142736631826062
0.7990403864693919 0.07366755425147253 0.02430123312198007 0.10299082615715549
0.11988695428329366 0.21497228696744364 0.22794662248320297 0.43719413626605974
0.14531338775692626 0.6695787665614022 0.07700623718409416 0.10810160849757733
0.0278316311773108 0.4644332844966169 0.07027161305166674 0.43746347127440555
0.11062251468591999 0.1580466079199414 0.23392602715717647 0.4974048502369621
0.5273667514032582 0.09177080878039812 0.3024083492047305 0.07845409061161324
0.42050532125791784 0.1913775061893812 0.13040891870959048 0.25770825384311047
0.34411802387716117 0.08592713180580958 0.3870318555262289 0.18292298879080038
0.4742132052512713 0.06645353218377004 0.22259224490104135 0.2367410176639173
0.4000054983475064 0.22341316206182138 0.20855285865212758 0.1680284809385446
0.4094738127614169 0.5227303251023833 0.04509473559355048 0.02270112654264933
0.3041020985544086 0.2358076912700493 0.034169687601790066 0.425920522573752
0.19707730164360193 0.009343723955078431 0.1687910144251411 0.6247879599761785
0.6017692858239941 0.03092250859458323 0.09995275876146448 0.26735544681995815
0.0772846458207852 0.16282042640562155 0.47784482011026175 0.2820501076633315
0.3912482333174975 0.014328232981969169 0.13082174519985423 0.4636017885006791
0.1317025193197039 0.7491425529076655 0.017239591445492253 0.10191533632713834
0.3086991773018334 0.40267612976938416 0.03172917281089527 0.2568955201178872
0.30082132016408714 0.4008217013463389 0.09558428238903238 0.2027726961005416
0.621570189586627 0.08861251792017488 0.21538069994213926 0.07443659255105883
0.15212818628293956 0.1008622059785852 0.6940543514701438 0.05295525626833142
0.31820916104305297 0.039835266868479935 0.42141242327488393 0.22054314881358317
0.4210788140195142 0.18505169570633317 0.2869181331160271 0.10695135715812554
0.018004519887032444 0.21861744699875563 0.6795191953021213 0.08385883781209058
0.13352488831949527 0.020857063566511513 0.5554991096173012 0.290118938496692
0.11471758877055749 0.20236707688971256 0.6612842021966638 0.021631132143066112
0.18087256239610772 0.4303520621909003 0.09920677492996155 0.28956860048303046
0.7564622881807627 0.14002991675160292 0.10276403343107077 0.0007437616365636446
0.056890798250766705 0.15021058355674466 0.14807619421219187 0.6448224239802968
0.24842990877005977 0.23502622794043604 0.00880270091417834 0.5077411623753258
0.025693375377467853 0.5363471216021565 0.08292945959221898 0.3550300434281567
0.014449019599514279 0.18397770943262515 0.6323711211581956 0.16920214980966497
0.5094070142707654 0.010996631156233505 0.3415909544729425 0.13800540010005857
0.13164590294839118 0.08150370670009233 0.7456027196579382 0.041247670693578264
0.01679640632243018 0.607470424662529 0.3447729232653828 0.030960245749658055
0.2437213341172092 0.40079932930849027 0.18858281862309267 0.16689651795120786
0.0679945469237192 0.03903462162403715 0.32754074279702317 0.5654300886552205
0.6511733547719446 0.07501482455504727 0.0030141733179270824 0.27079764735508105
0.05288554374231147 0.0713678244839443 0.525195073935281 0.35055155783846326
0.1190304498692043 0.1571860010412206 0.14522896875080848 0.5785545803387666
0.15964745182290674 0.45416854087115255 0.2903261022472796 0.0958579050586611
0.4674155132990423 0.3891305103587217 0.11462444286856965 0.028829533473666347
0.1356019636912177 0.014749936050190704 0.6952522952818657 0.1543958049767259
0.08765396440964612 0.42645630204483653 0.4799318112584976 0.005957922287019746
0.6522238819403492 0.012038040906228509 0.1029961137516936 0.2327419634017287
0.15509415363382728 0.55094293126866 0.1736663707859195 0.1202965443115932
0.015346382420000082 0.17593151185509293 0.6026340135264433 0.2060880921984637
0.2547714734567399 0.046260288111034775 0.5416322932858094 0.1573359451464159
0.010651122657789003 0.010351279743660569 0.48371230036479973 0.4952852972337507
0.5038404295745738 0.1686346747683991 0.28225531615737465 0.04526957949965249
0.05401483150295727 0.15052502839263393 0.17991156142567133 0.6155485786787375
0.5096938787522453 0.12952022041628153 0.06464135415714545 0.29614454667432777
0.3044672299480693 0.1457991773638584 0.09668745049151739 0.4530461421965549
0.5145180398091073 0.11216855289066696 0.1448560431787561 0.22845736412146966
0.18014732149115364 0.6574967720572987 0.1326215696325882 0.029734336818959428
