87 90 4 242.88169742328148 485.76339484656296
6.906377667096612 9.594112392219047 9.737884314944347 1.8804895958384846 3.1667042420306286 8.817777882224114 5.927076410072622 7.472379681358821 9.331153124415867 6.553347554003919 7.001743225786027 4.005116571531379 2.646198953204893 4.262153783245832 4.616704798638317 7.857197742024841 3.4006152052178713 3.4038597108362567 9.78469272679685 1.5602458454742558 4.772889390872886 4.161248409341921 1.8053683502239966 2.7762210229177144 9.467722940009363 1.0950888896639104 2.674952744827575 9.869390717181142 4.062261971522252 3.938883506146378 6.885193050857186 1.1981502181983137 2.7283489613846292 9.572337053807967 7.756328911250041 3.042567219567424 6.741032792850437 1.2875325643991362 4.709864939308468 9.523742493002652 7.852280334589692 5.158157718731162 4.225405795785594 3.4461162642098104 2.4757419939853915 6.839657520549894 7.299559544160618 7.782585777684338 9.40497446797871 6.564022696303387 7.286978375723773 2.864370926579511 1.1209219286060148 9.02270331154249 8.624672113545028 8.388646671773548 8.227331770873617 5.235195448963298 4.673812547074555 3.0291074059222094 3.7535144161006424 3.480760255867991 2.1598670201292443 3.382546619160447 1.4434270415673924 5.087214977601646 4.896082319817284 6.297357245339848 6.464000130272209 5.377980020055288 2.7392432780528515 6.716257234497807 4.181181087432729 5.935995940952535 3.300287964565265 6.444865394815189 2.5960765305719438 9.790195281577303 1.8933413740040907 5.300705767490404 5.215657661716614 1.0814903644069709 5.413132736767093 1.3144491941060221 8.409271213755336 5.389574768461023 8.441377496642508 8.53179719210857 9.349970923898663 5.858573205950913
1.3812755334193223 1.9188224784438095 1.9475768629888695 0.3760979191676969 0.6333408484061257 1.7635555764448227 1.1854152820145243 1.4944759362717641 1.8662306248831733 1.3106695108007838 1.4003486451572054 0.8010233143062757 0.5292397906409786 0.8524307566491665 0.9233409597276634 1.5714395484049681 0.6801230410435742 0.6807719421672513 1.95693854535937 0.31204916909485114 0.9545778781745773 0.8322496818683842 0.3610736700447993 0.5552442045835428 1.8935445880018726 0.21901777793278207 0.534990548965515 1.9738781434362285 0.8124523943044505 0.7877767012292756 1.3770386101714371 0.23963004363966273 0.5456697922769258 1.9144674107615933 1.5512657822500082 0.6085134439134847 1.3482065585700875 0.25750651287982723 0.9419729878616936 1.9047484986005305 1.5704560669179384 1.0316315437462324 0.8450811591571188 0.6892232528419621 0.4951483987970783 1.3679315041099787 1.4599119088321237 1.5565171555368678 1.880994893595742 1.3128045392606773 1.4573956751447548 0.5728741853159022 0.22418438572120297 1.8045406623084979 1.7249344227090055 1.6777293343547097 1.6454663541747234 1.0470390897926596 0.934762509414911 0.6058214811844419 0.7507028832201285 0.6961520511735981 0.43197340402584883 0.6765093238320894 0.2886854083134785 1.0174429955203292 0.9792164639634567 1.2594714490679695 1.2928000260544419 1.0755960040110577 0.5478486556105703 1.3432514468995613 0.8362362174865459 1.1871991881905068 0.660057592913053 1.2889730789630378 0.5192153061143887 1.9580390563154606 0.37866827480081816 1.060141153498081 1.0431315323433228 0.2162980728813942 1.0826265473534185 0.2628898388212044 1.6818542427510672 1.0779149536922046 1.6882754993285016 1.706359438421714 1.8699941847797326 1.1717146411901826
0.05321407715368609 0.850469190027037 0.017254004168263726 0.07906272865101316
0.01455872474920672 0.023297826304096048 0.7850947781139554 0.17704867083274178
0.18779133386451463 0.27299027309877777 0.24906770477756635 0.29015068825914125
0.2773117143705368 0.3518744416052383 0.3574996942025932 0.013314149821631704
0.10767012190947867 0.5136543822213698 0.31796145561564204 0.06071404025350946
0.4961268359433828 0.38380452933821807 0.10120873439217648 0.018859900326222645
0.12515465461466335 0.3056330325399522 0.078011776441552 0.49120053640383243
0.12776722743960212 0.40396962687301585 0.43502217282688294 0.033240972860499096
0.0190216272664937 0.6159199402915159 0.24894438789805362 0.11611404454393681
0.47191242929591815 0.3850751763848995 0.0024462736104143845 0.14056612070876795
0.12480685514749534 0.3077674004774693 0.5317886210356213 0.035637123339414045
0.022675491554436933 0.7159004471811069 0.01547823270102866 0.2459458285634275
0.11120755401369486 0.05019455865234479 0.5246659986135362 0.3139318887204241
0.24887857142996128 0.10524148447840742 0.0697105629221092 0.5761693811695221
0.20909124090374187 0.17417411926215087 0.18762883969355393 0.42910580014055333
0.027739500352295665 0.11779989495160281 0.060949103744978195 0.7935115009511233
0.22092090851918733 0.08406403111715854 0.526758802189088 0.16825625817456613
0.3429247969570087 0.16129390194101334 0.04628566459374228 0.44949563650823565
0.06764551315445866 0.2487647558984084 0.22427989345712807 0.45930983749000487
0.17409448514140025 0.28924852720218397 0.22242228760524352 0.31423470005117227
0.30513237302830987 0.4647098075099517 0.20299083368513993 0.027166985776598485
0.18747641015825955 0.2178085552107515 0.20633296901099996 0.388382065619989
0.06617035628175838 0.14993421694129427 0.640248402169705 0.14364702460724232
0.3929256642497483 0.3432547651120449 0.06531632119740582 0.198503249440801
0.4072145256782528 0.041530987684137766 0.3790338511342669 0.17222063550334255
0.039646354677162376 0.065839296951133 0.47889491158447517 0.41561943678722946
0.2812222280794514 0.2556959510059762 0.05704027827341751 0.4060415426411549
0.1903167280020246 0.12803484435432055 0.6236614218763848 0.057987005767270006
0.13714644573959434 0.5870111739739415 0.15857470483621539 0.11726767545024874
0.4025241326664306 0.07745615502927838 0.46846709897882866 0.05155261332546235
0.1268428687571752 0.2535798427084729 0.6080924985344853 0.011484789999866574
0.09260628198740695 0.2424754385677942 0.5334535166551148 0.1314647627896841
0.6132991306297587 0.022269799465822637 0.006074215556422735 0.3583568543479959
0.1370740214166084 0.09045771683653314 0.027603626239170564 0.7448646355076879
0.12175526934369363 0.5640263257333933 0.20995566554334222 0.10426273937957087
0.5618469984261851 0.35001988420329977 0.08130901053842454 0.00682410683209056
6.907538794920232e-05 0.44472305046390515 0.3180146504743939 0.23719322367375173
0.05712519539544858 0.5686669163107582 0.263544448090158 0.11066344020363528
0.4129143038226927 0.02068791414232618 0.3546355343207761 0.21176224771420504
0.10429000165066982 0.19744005693771216 0.32475583945831465 0.37351410195330337
0.3214387976111668 0.2563627218535145 0.11247925054296448 0.30971922999235424
0.3474279390561711 0.13692567904694763 0.07494713481950876 0.4406992470773725
0.006775076975238603 0.25274302919449443 0.19362693488448968 0.5468549589457773
0.07617354406209209 0.27311997146171496 0.44557500680100715 0.2051314776751858
0.17498926717679808 0.08933345652959646 0.5547972123646485 0.18088006392895695
0.15571833229071186 0.08032426758228073 0.29176088793323796 0.47219651219376946
0.12576592390189545 0.5018250260252123 0.004282558505846912 0.36812649156704536
0.36742795601053213 0.27336413504261514 0.04066860266210548 0.31853930628474725
0.6392504984712796 0.18614347239843254 0.11198894787415647 0.06261708125613141
0.16480773734176435 0.2807930381413737 0.28589763479494934 0.2685015897219126
0.5482380847752624 0.2776202666016594 0.0812003120025484 0.09294133662052984
0.07021499473181014 0.08031763070917153 0.2328399882444544 0.6166273863145639
0.1478145888344572 0.20965024169813395 0.41176531149587414 0.2307698579715347
0.6560161600089072 0.042353673583858664 0.24912361908423708 0.05250654732299709
0.5537798325732307 0.2567402337183474 0.07572168992005701 0.11375824378836485
0.12247862793994557 0.33192184252090595 0.2984859944967163 0.24711353504243216
0.7365628783256443 0.08041161835483568 0.12061958912941051 0.062405914190109546
0.36351315704705633 0.5249442067072868 0.04232266326788148 0.06921997297777538
0.05113954175498836 0.5081098946246204 0.026625001433216777 0.41412556218717445
0.1521257709967907 0.10431298444898374 0.6598475396309325 0.08371370492329311
0.1363106680884496 0.26036455259780267 0.2906366702885783 0.3126881090251694
0.08914265455618042 0.2083307033419397 0.4776236206801878 0.22490302142169205
0.34099261886207644 0.025210882262526546 0.2554777065252314 0.37831879235016563
0.015696525223334534 0.5334234826863514 0.05439343450704004 0.396486557583274
0.3430770313126671 0.3008333339439184 0.13429372499879833 0.22179590974461616
0.09446686511695501 0.21079616799419587 0.5412622375815606 0.15347472930728856
0.4606009609881112 0.3137275387901274 0.14185942410461327 0.08381207611714814
0.049986711393001704 0.30209689103323123 0.31845921849082237 0.3294571790829447
0.04727466490693022 0.5669790283640327 0.38075501302510706 0.004991293703930033
0.012223434213633366 0.2118556267685735 0.2887429513241514 0.48717798769364173
0.029762105154461094 0.21436039877722957 0.7165366316755953 0.039340864392714
0.6901082027834057 0.12907257488592994 0.14396312065811812 0.03685610167254627
0.4551337746209235 0.0050410718506203045 0.13189743040585145 0.4079277231226047
0.16025731011459032 0.043290599605955715 0.28080866846612684 0.5156434218133271
0.24207387082570697 0.0076956589045668045 0.029699409394458254 0.720531060875268
0.1828598077819401 0.06430570936753244 0.46654794349151807 0.2862865393590094
0.022934604180951612 0.04871523035431646 0.0053302719734957815 0.9230198934912361
0.12344483310756693 0.518359226258413 0.04183204593198109 0.31636389470203896
0.0679445031359075 0.07886437264131729 0.38699668743979265 0.46619443678298256
0.2276865218990003 0.5561131774591208 0.003070856157840529 0.21312944448403837
0.5604376613697362 0.21064333876018293 0.1910250329497335 0.03789396692034741
0.03835668198669073 0.5809645194239942 0.07603289273373393 0.30464590585558116
0.4013404777021321 0.2828493948299491 0.17238246883972563 0.14342765862819318
0.30097044756687197 0.06752313180374991 0.35838252290201844 0.2731238977273597
0.05235547895445325 0.08661577729423897 0.6749600199296886 0.1860687238216192
0.2692022483348099 0.5181189431234297 0.04430148253675881 0.16837732600500166
0.36328418298174225 0.33991102848853794 0.01785974641073096 0.27894504211898885
0.3868002641448961 0.21362580461830638 0.025364384895105507 0.374209546341692
0.14591655325466313 0.16912862490977154 0.6317674200183508 0.053187401817214486
0.3903826864520965 0.26920454060181653 0.040618828773511306 0.29979394417257565
0.31512864611231084 0.0697348569952273 0.1409956898953535 0.47414080699710837
0.03508918777833525 0.2964150051180696 0.5950455210399801 0.07345028606361503
0.5240357595029449 0.12494821264833034 0.29259223917606236 0.0584237886726624
0.38524449898687263 0.07073832652699508 0.03535090337115665 0.5086662711149756
0.7435812970627095 0.04572193664301205 0.045858577252170574 0.1648381890421079
0.4351741379776326 0.22454121032462748 0.0010652137914860527 0.33921943790625386
0.2460747272116488 0.4603326178391385 0.11260173758516501 0.1809909173640477
0.5679994536652642 0.17784704666631046 0.07671936789616896 0.17743413177225642
0.45075154190443634 0.1861618231661719 0.05956356828565179 0.30352306664373996
0.29584581535903964 0.31264274812918746 0.07915244421136858 0.3123589923004043
0.6658795397822295 0.017051262701007763 0.2464710700674414 0.07059812744932137
0.24211130688370874 0.09149831914907114 0.2805402970488923 0.38585007691832784
0.20167051314531637 0.3874619090789959 0.3217584558058513 0.08910912196983645
0.23198227398644944 0.07379858628616265 0.5161168012626259 0.17810233846476198
0.1840869613590933 0.3189352133277107 0.4845704444137745 0.012407380899421505
0.0956019784737473 0.4697048655729328 0.033180442383030195 0.4015127135702897
0.18037286670593855 0.2973233575904165 0.029166652709699425 0.4931371229939455
0.43050250227030684 0.22483107825542792 0.2804083058940511 0.06425811358021416
0.20666623342378987 0.40762356472127625 0.02024038783173665 0.3654698140231972
0.30685369932930073 0.19516294098473663 0.18796198121130192 0.3100213784746607
0.25372832472147433 0.19228011039124882 0.2520101152663662 0.30198144962091067
0.18635348167962862 0.03414538275208234 0.36509397890657735 0.4144071566617117
0.4405365041820245 0.07994615830466312 0.32746733915647686 0.15204999835683553
0.020631793377538732 0.08506535011057048 0.11242177700778178 0.781881079504109
0.09496523636853615 0.2578324425662504 0.37213424980342913 0.27506807126178434
0.5787507811431675 0.05305114768034902 0.32784853989779483 0.04034953127868868
0.2310340692532158 0.31939993298923197 0.1532707254386011 0.29629527231895114
0.4894685809950984 0.0632277187746878 0.006700402490064872 0.44060329774014895
0.441376015256824 0.2602094230469322 0.0563439412717347 0.2420706204245091
0.05332652190317755 0.15789444894750604 0.6216050221661067 0.16717400698320972
0.14074297313637296 0.7932937616283418 0.022312238619434432 0.04365102661585085
0.054243769339077264 0.2945197339516433 0.19095759289920478 0.46027890381007464
0.3868358625165774 0.28295877821223125 0.17895088301934914 0.15125447625184218
0.3463924546724214 0.22904797537816135 0.292394083824032 0.13216548612538526
0.2175656971466564 0.08956492321737641 0.009142694262243123 0.683726685373724
0.15221642886693232 0.12571173561645377 0.6221174290506852 0.09995440646592868
0.0067757018530929525 0.15832987753299987 0.07632089813418019 0.758573522479727
0.17650197700155812 0.21718831803078675 0.12438563377654666 0.48192407119110847
0.060704694957601446 0.838542145717456 0.07511127240100257 0.025641886923939983
0.03720158520399497 0.2516993524284954 0.03388158526531504 0.6772174771021946
0.0909307602693803 0.02760103141967707 0.6212528387953846 0.260215369515558
0.4802277924238346 0.2029053191838549 0.0016844649251214205 0.31518242346718905
0.12579011913297966 0.5536601739707926 0.22874427888580195 0.0918054280104258
0.12442740314804834 0.11025640877698317 0.2891481122962215 0.476168075778747
0.34360303247217827 0.004750001299605455 0.004517747329562116 0.6471292188986542
0.31680978131872917 0.12299824122308467 0.5069223502137352 0.053269627244450946
0.09297389161250025 0.7074929531838751 0.18952365475332533 0.010009500450299358
0.5871539776582795 0.18046242062159568 0.19686413882974274 0.0355194628903821
0.0884487110201565 0.40552173694697913 0.3372817132592356 0.16874783877362876
0.1425438959752524 0.48098536408426573 0.3316266384453219 0.04484410149515994
0.2381250914261499 0.3528225616753934 0.2164156490573298 0.1926366978411269
0.04793928928586921 0.6548189416620622 0.07732037681428217 0.2199213922377864
0.03388273607625425 0.4053429260453344 0.20976750274124023 0.3510068351371711
0.22578928478867233 0.36100980919306314 0.3726716959421855 0.040529210076079014
0.14295813936448332 0.2939842549633258 0.42132323683827244 0.14173436883391843
0.6237409620741886 0.34547316067309486 0.001685906844705043 0.02909997040801149
0.11318796820283883 0.6644335713219937 0.057056642108766265 0.16532181836640125
0.18232858961567966 0.4985352265024875 0.22506858707072608 0.09406759681110677
0.27309324747797403 0.2886600034985173 0.09379826554398396 0.3444484834795247
0.3425496166929729 0.14330067168304816 0.4750563081804646 0.03909340344351431
0.03131420792492956 0.5956566887697142 0.17503157504997224 0.19799752825538397
0.1320459686672023 0.24062146076732427 0.025821745628259785 0.6015108249372136
0.6041552506423999 0.1432969810742254 0.041613204790315605 0.21093456349305906
0.31413387084210054 0.2252452810095108 0.38624795948443136 0.0743728886639573
0.011243416857853461 0.024242747136612786 0.2632200268665946 0.7012938091389391
0.1432577256218689 0.12984267136307803 0.5955989006106358 0.13130070240441727
0.4402970933023327 0.0678624923645702 0.37977327277448325 0.11206714155861386
0.4265189984942811 0.18164650324823273 0.1063353478882868 0.2854991503691994
0.15248582428094792 0.15291321134573743 0.5832270445097278 0.1113739198635868
0.3850472944893897 0.20276558792434396 0.1915980710481271 0.22058904653813927
0.3530860868389525 0.37142775651504656 0.26973596491519525 0.005750191730805709
0.06845248804587734 0.3731128773876726 0.007702813660730667 0.5507318209057194
0.3443727865839198 0.27440831093985274 0.09860208087375444 0.28261682160247303
0.1673390348750271 0.06812329193542821 0.19533393680091027 0.5692037363886344
0.036034495557755175 0.20917787405684374 0.12017683926403466 0.6346107911213664
0.47241472168873644 0.04731971972444593 0.34390166951933543 0.1363638890674822
0.07597330741717967 0.11575578070613879 0.5003068722597648 0.30796403961691676
0.17264757370013006 0.3508914478573588 0.3775725744517787 0.0988884039907324
0.7082207081287747 0.04500188839448982 0.05445882536903501 0.19231857810770048
0.3623516279808402 0.4245541587723819 0.20831799294784215 0.004776220298935763
0.36433206385807715 0.2501438831456726 0.046169372611646 0.33935468038460426
0.5093731999973189 0.3246088649002199 0.14187202931802012 0.02414590578444109
0.07205791333412503 0.06350359865048782 0.5718985909336061 0.2925398970817811
0.2675280684771679 0.12660392604759763 0.48025390506552823 0.12561410040970622
0.38737695817079665 0.42247994392850163 0.14703263052087534 0.04311046737982638
0.7925520614211522 0.06246286032835824 0.13395670752403577 0.011028370726453796
0.226004816939958 0.08146909676818781 0.02542273756464397 0.6671033487272102
0.060525407367316375 0.19572737174288746 0.50390440598124 0.2398428149085562
0.010444668654876366 0.05124776010014187 0.3174649159781816 0.6208426552668002
0.025963213522394946 0.4901433821145478 0.4265196546862895 0.05737374967676778
