18 90 4 250.53651233349933 501.07302466699866
6.853368175656325 5.549080363613586 8.907413238293968 2.63656202834381 8.670097618071374 7.751226574954096 6.994915007367903 9.89105903448366 3.3127158034344713 1.254753327452483 6.721472039149015 8.625811487379636 7.625571626044096 1.1872640073114136 2.004428175985295 3.6795136767027383 7.182731722058594 8.754634504014817 2.787709232654028 6.914701275493803 7.296900660928856 4.171532218820616 8.10964493042776 8.326431443053437 2.7767915605191975 9.545097647763841 5.289403473868935 6.999403131834076 2.901808335262602 8.267736914645306 3.8771750850168925 3.645423772316096 3.7172635988522096 8.451004616305756 5.972803199669913 2.7250966443939326 7.428310666269764 6.758833214988779 5.798834482119622 6.1527512202669215 1.1109928373462856 7.257141804740187 5.8119328933344745 1.7122124555507434 1.1227375156973252 3.5006773604205437 9.97646754231682 3.030405741579078 1.9451381789442206 1.146707008517743 4.07464707067517 8.273782528661243 2.9558766061111 9.411444710776069 9.896480884395324 1.0991502536859095 8.06412478526562 7.168272569311699 5.640795888949335 3.422018535213348 6.983033237145176 7.994120075166945 5.280991347577692 9.89007617697417 5.466208508987734 7.043698789617659 4.872333532298206 3.3487996848623167 9.497767257571537 7.18418170614657 6.936898560508644 1.3183199734626707 9.155788875852283 4.768707893557876 5.283491457450478 2.2207034641405476 4.260185751311315 3.9354731283822275 2.3321605636706426 8.16297133811669 5.709179020826111 9.047568814619272 8.149741544533736 6.664178205277247 1.6041428753430238 8.085430118150951 4.410334234204814 5.235601480484208 1.711906056026169 2.3807480874497715
1.370673635131265 1.1098160727227173 1.7814826476587935 0.527312405668762 1.7340195236142748 1.550245314990819 1.3989830014735807 1.978211806896732 0.6625431606868942 0.2509506654904966 1.344294407829803 1.725162297475927 1.5251143252088193 0.2374528014622827 0.400885635197059 0.7359027353405476 1.4365463444117188 1.7509269008029633 0.5575418465308056 1.3829402550987606 1.4593801321857711 0.8343064437641232 1.621928986085552 1.6652862886106874 0.5553583121038395 1.909019529552768 1.057880694773787 1.3998806263668153 0.5803616670525205 1.6535473829290612 0.7754350170033785 0.7290847544632192 0.7434527197704419 1.6902009232611512 1.1945606399339828 0.5450193288787866 1.4856621332539528 1.3517666429977557 1.1597668964239243 1.2305502440533842 0.22219856746925712 1.4514283609480374 1.162386578666895 0.3424424911101487 0.22454750313946503 0.7001354720841088 1.995293508463364 0.6060811483158156 0.38902763578884414 0.2293414017035486 0.8149294141350341 1.6547565057322486 0.5911753212222199 1.8822889421552138 1.9792961768790647 0.2198300507371819 1.612824957053124 1.4336545138623398 1.128159177789867 0.6844037070426696 1.3966066474290353 1.598824015033389 1.0561982695155385 1.978015235394834 1.0932417017975466 1.408739757923532 0.9744667064596412 0.6697599369724634 1.8995534515143073 1.4368363412293141 1.3873797121017288 0.26366399469253415 1.8311577751704564 0.9537415787115752 1.0566982914900955 0.44414069282810953 0.852037150262263 0.7870946256764455 0.46643211273412855 1.6325942676233383 1.1418358041652223 1.8095137629238542 1.6299483089067472 1.3328356410554494 0.32082857506860474 1.6170860236301903 0.8820668468409629 1.0471202960968415 0.3423812112052338 0.4761496174899543
0.04750509506272138 0.14893985195909798 0.18073924410669528 0.6228158088714854
0.6587275783685782 0.14480665799110404 0.030256563482270682 0.16620920015804708
0.47602647516617136 0.012241745072900323 0.43084461972107624 0.08088716003985208
0.256353254245148 0.28473178534871657 0.09565743279902106 0.3632575276071144
0.2931875874045792 0.19206644395713846 0.3818392004496617 0.13290676818862068
0.018164056326049893 0.10315549686986036 0.7648349624528041 0.11384548435128561
0.39472709418728724 0.07774548514767576 0.105035103132055 0.422492317532982
0.04046598393017187 0.37475090292043145 0.24416381215545657 0.3406193009939401
0.32641078967217463 0.2033677413754872 0.1347490419069557 0.3354724270453825
0.43241356871768444 0.35111073303542006 0.035866348988878305 0.1806093492580172
0.3396121612440991 0.1910930180065623 0.3995229190873718 0.06977190166196678
0.11384884850088828 0.26613281930578236 0.3611295176341712 0.25888881455915813
0.29449854400197617 0.608765691930699 0.09211860001845118 0.00461716404887369
0.33448650393035495 0.3714903588209004 0.16911786455731437 0.12490527269143026
0.2828861645349776 0.0984840363899564 0.29392690102844077 0.3247028980466252
0.6190877537379766 0.08124679040232785 0.09727154473205535 0.20239391112764016
0.31613157040344286 0.13024557288747884 0.5505800362767036 0.0030428204323746932
0.1886669957191217 0.1326107898761546 0.06183444699881846 0.6168877674059052
0.09366103431999973 0.3486330081637795 0.12813297178048688 0.4295729857357339
0.11563712166629314 0.6231104843484134 0.019047251181099067 0.24220514280419436
0.22143781771587367 0.47857125852354354 0.2652068530867241 0.03478407067385869
0.047535339760941375 0.17968539110694548 0.7056646265761156 0.06711464255599753
0.0318622152017487 0.2853640817594497 0.4139145249153743 0.2688591781234273
0.29394707750518156 0.15087716737897838 0.15524268984979583 0.3999330652660442
0.0190105000007168 0.12301757089829968 0.5823903761406136 0.2755815529603699
0.5799868290934651 0.20534054319010697 0.1638818690224645 0.050790758693963434
0.020143207160926435 0.5218438133278945 0.12463658935171973 0.3333763901594593
0.6739163049072262 0.00602167845757684 0.04575814926899657 0.2743038673662004
0.31556569195596407 0.39477830459887864 0.12622732304311646 0.16342868040204084
0.1511505840691001 0.13985974676269664 0.37470703785466086 0.3342826313135424
0.17927579328391818 0.3473477835655542 0.31594026439745315 0.15743615875307448
0.36577116935407716 0.1345722294598387 0.09413629507277921 0.4055203061133049
0.10699452478533411 0.2624835230588842 0.2752270024288276 0.3552949497269541
0.1945571174820958 5.269275454300448e-05 0.525790756586421 0.27959943317694014
0.1849355359054362 0.39232994685018063 0.055467465617816125 0.36726705162656703
0.04020483312341183 0.3317153008674978 0.1698427050906265 0.4582371609184639
0.32800310804776833 0.1278523228354268 0.4244729332302254 0.11967163588657947
0.08467557870610176 0.6539407397052786 0.03732891632545443 0.22405476526316526
0.20272846197402328 0.3324531414534073 0.11129691493687843 0.35352148163569097
0.46880393896244565 0.04186037771449291 0.24077694255424342 0.248558740768818
0.17661641792489713 0.0008346316437418677 0.1768935461297858 0.6456554043015752
0.0647294046357233 0.5262356525448262 0.17136228184990376 0.23767266096954676
0.0369242616001787 0.41655412323568 0.11391560313126803 0.4326060120328733
0.46438884586126006 0.12233912940338898 0.3711534362450304 0.042118588490320574
0.04036717457086014 0.25369472760247136 0.15404820103970096 0.5518898967869675
0.47026639852012286 0.014798396626795163 0.5137863252058132 0.0011488796472687302
0.04953153645385444 0.21862562368008287 0.6915894630402257 0.04025337682583696
0.46391554518299916 0.09523425062223723 0.16850003420681448 0.27235016998794914
0.14475290818116993 0.2889393969557982 0.21037726187415784 0.35593043298887406
0.2074487642413494 0.4527997286051847 0.20525739939935617 0.13449410775410975
0.16575343305045254 0.12808509843197025 0.08560863314847822 0.620552835369099
0.21528870285646573 0.08661778982408286 0.45617840523857445 0.24191510208087696
0.06104401732858922 0.16689054770787726 0.37388419203365497 0.39818124292987855
0.23347844716995214 0.3599648602901895 0.20645854400365726 0.20009814853620111
0.06497567825010708 0.4493318184647339 0.4297795869809705 0.05591291630418849
0.15446349345488142 0.06026685890474903 0.2790562671500304 0.5062133804903391
0.3218801029016273 0.03803382602799754 0.4322118224719914 0.20787424859838377
0.45542810740313167 0.039940577742166306 0.26736241304910924 0.2372689018055928
0.32446282496351375 0.17362475133072341 0.07930445991760449 0.42260796378815835
0.5983163200725292 0.195514768831766 0.04777326522993852 0.15839564586576627
0.030269360196363393 0.5409986469478886 0.2092818363168899 0.21945015653885813
0.22768972602387838 0.3462001288860488 0.2969486028922169 0.12916154219785592
0.5877123741191529 0.3505564117609533 0.04387037784322323 0.017860836276670566
0.1886401946047639 0.38816036499812934 0.032982071574135685 0.3902173688229711
0.30984311615118654 0.524204757022699 0.023503453416150677 0.1424486734099638
0.5172648472635403 0.22552257673520948 0.024667165564949745 0.2325454104363005
0.2393970146353731 0.27272224594906436 0.44035411647941036 0.047526622936152174
0.5499637306161836 0.23000294950482825 0.004423197560088465 0.21561012231889964
0.015016343697940027 0.24101154133225833 0.10733079205062235 0.6366413229191793
0.020363265704965383 0.6623266317014012 0.003703617760173583 0.3136064848334599
0.41693426947126944 0.3927197506561313 0.158822026576792 0.03152395329580726
0.3090775702788089 0.4370782753255569 0.20901143627124275 0.04483271812439149
0.015355162827588087 0.3034433460530529 0.07260778253396838 0.6085937085853906
0.2825935663561213 0.38867537301672195 0.1776546589035637 0.15107640172359305
0.21145363891110047 0.10076510287975327 0.2249559846903234 0.46282527351882286
0.07180800987411651 0.406529153039081 0.33060605570969726 0.19105678137710524
0.07576266941599519 0.06878416825732891 0.6907708660547874 0.16468229627188846
0.2257829846471784 0.46166674679217956 0.25122851655019574 0.06132175201044632
0.23489412880814964 0.33655479757045603 0.40733430520511493 0.021216768416279397
0.32591459454465876 0.3617987716942107 0.21065010018931318 0.10163653357181734
0.048511614464843755 0.22091429957748399 0.528552148552108 0.2020219374055643
0.016039128642750478 0.539696647004523 0.12572867650575648 0.31853554784697
0.013419782627619226 0.43506567332420965 0.3517504181129443 0.19976412593522686
0.624320142000322 0.14007486699619887 0.026115426352863347 0.20948956465061574
0.1683027436538035 0.45395091710964774 0.12296455761404401 0.25478178162250475
0.1305062683331999 0.09472658402199063 0.11306684882749862 0.6617002988173109
0.4759535415686834 0.19754904694090425 0.051073839347247185 0.27542357214316515
0.11409010440811695 0.4251332014874226 0.3994016587208288 0.06137503538363165
0.21845679646418548 0.058448927938275386 0.5574886552751639 0.16560562032237525
0.07410621018873742 0.027981704625771542 0.1573870506561894 0.7405250345293016
0.23732518632069322 0.11392823685831599 0.03519722140291337 0.6135493554180774
0.19148278819959308 0.34498230329523927 0.23848118840558652 0.22505372009958113
0.4555562943106152 0.08378880477548134 0.10804540239240357 0.3526094985214999
0.29144299982930466 0.3119166640927201 0.1558190000149513 0.24082133606302392
0.011649132417856034 0.5723712430581244 0.4048626966633001 0.011116927860719494
0.15072594151523566 0.48541179921483335 0.2544656669884714 0.10939659228145959
0.539137083991767 0.009784991066234539 0.19743392557412776 0.25364399936787074
0.24285693642029493 0.02063537991677511 0.5524953660995078 0.18401231756342218
0.14874138671722426 0.6201401297996256 0.07702514124735482 0.1540933422357953
0.32783075020539776 0.17146624990523285 0.38243545596795636 0.11826754392141303
0.8132173383876619 0.05990356753329207 0.09607386820126584 0.03080522587778023
0.007713667317334472 0.38481179475774274 0.29929421641035514 0.30818032151456765
0.6432361031639023 0.12288252820810619 0.21632108687560425 0.01756028175238722
0.5161664715570445 0.3372681279179168 0.09210165956682537 0.05446374095821327
0.8706653428282672 0.06730358287916216 0.060994992509510904 0.0010360817830596947
0.04095008744288198 0.496394532757661 0.02570030339182028 0.43695507640763676
0.12682815343460896 0.25874468007294016 0.2306351291025206 0.3837920373899303
0.2871399442716809 0.19934218628092115 0.42795830024304393 0.08555956920435404
0.22213702297526816 0.7262054826775927 0.02323396525452992 0.028423529092609257
0.5098156818212571 0.19704765533349167 0.2227094755944976 0.07042718725075359
0.12217133094164534 0.28953036451782277 0.21652814763996653 0.37177015690056536
0.021977495277442083 0.4608821617895862 0.48595040309358917 0.031189939839382563
0.06609480201595608 0.12711082662609263 0.14134027678069494 0.6654540945772563
0.013594399709583871 0.3512564716086308 0.15677802423404186 0.47837110444774344
0.009576272764185267 0.507207063696762 0.36172593266574604 0.12149073087330664
0.07634098888665986 0.14766695451398126 0.269561485050519 0.5064305715488399
0.0893184328568466 0.6406518783935441 0.22667193921232098 0.043357749537288326
0.19874891199696232 0.5639082657415939 0.15344109489103075 0.08390172737041302
0.3248292823736817 0.2401899733337901 0.2616536377669476 0.1733271065255806
0.28204578234389155 0.07903901295039728 0.5142360794418904 0.12467912526382074
0.24630446935898098 0.0013720528607127358 0.441631447484369 0.3106920302959373
0.21775185118765394 0.6811579311565684 0.045878624060779916 0.05521159359499772
0.542001823769638 0.1625272262121833 0.21195988006015132 0.08351106995802737
0.2948764121633155 0.21948153758221345 0.15403034034168805 0.331611709912783
0.5595690198896401 0.047399636594679384 0.23686957581008972 0.15616176770559076
0.4498580019511258 0.2593747435510515 0.11172723383656846 0.17904002066125424
0.12481460162540658 0.18114156679585192 0.39351514558408596 0.30052868599465554
0.11462059868440189 0.6790898458471398 0.20065530301072443 0.005634252457733857
0.02337627536652309 0.5452579449049207 0.2877685957054398 0.1435971840231164
0.3056495908990472 0.499338992498106 0.12121096947250742 0.0738004471303394
0.03239716353484534 0.1698215121693577 0.0561097619553772 0.7416715623404198
0.008567437747802775 0.593326491742413 0.10281005157512901 0.2952960189346552
0.03382864405578645 0.41943506785147544 0.5340393430989748 0.012696944993763282
0.2469289164641617 0.6014357769652755 0.08482275083636914 0.06681255573419365
0.00866778699592341 0.44017394506586105 0.40214039765005594 0.1490178702881596
0.3544380499613755 0.23865189695483024 0.19641309712076205 0.2104969559630322
0.15706044698648824 0.18931248404127132 0.6454918152993487 0.008135253672891696
0.011744451463684968 0.07864227217635922 0.21440660557024227 0.6952066707897135
0.6238913374554178 0.36554778908650765 0.0008090885564520089 0.00975178490162254
0.260923868530366 0.18600891851194445 0.26384326098515876 0.2892239519725308
0.2976309285758172 0.190526021029631 0.1457515861636467 0.3660914642309051
0.26175833824182326 0.44338524981791894 0.13757126640180695 0.15728514553845085
0.06012551515655362 0.14348153127347196 0.2617901748459416 0.5346027787240328
0.03924911156022792 0.049089529100789564 0.06266386144344538 0.8489974978955371
0.036800095424559864 0.06420026914089716 0.8919213707540404 0.007078264680502544
0.05831423342904185 0.038322250116870626 0.7438523524059224 0.15951116404816512
0.34628153464429123 0.28210375965410805 0.18705103608883067 0.18456366961277004
0.2711176830618296 0.18612657717818748 0.2160832695375131 0.3266724702224698
0.507823501376402 0.052779602015196825 0.2711178969852619 0.1682789996231393
0.15624128788637792 0.37227383768712563 0.27463919750819266 0.1968456769183038
0.37311204821332267 0.045626882893667564 0.24340136005262247 0.3378597088403873
0.5884052483585065 0.035887540569972676 0.2882423399003192 0.08746487117120161
0.09924266528795866 0.10895056622218546 0.12208383207371032 0.6697229364161456
0.31476544006551266 0.014452400830592294 0.01181305624848028 0.6589691028554148
0.005117558597183658 0.012528071835558596 0.01723240966572226 0.9651219599015355
0.12513442459203805 0.3598227493415368 0.11108103031112027 0.4039617957553049
0.29889487584797325 0.5433670735778278 0.11103782108345828 0.04670022949074071
0.06472769467228878 0.009110938284381698 0.5502290363847391 0.37593233065859044
0.29826532395965244 0.2946739662171982 0.3440168184339518 0.06304389138919753
0.40038081558697447 0.034464522056439906 0.0662219553466975 0.4989327070098881
0.034851461449836085 0.39532996952629385 0.43107550148076756 0.1387430675431025
0.06408935144639138 0.05619548365365079 0.3061951568726573 0.5735200080273005
0.6711978655221201 0.17726066460584522 0.0760095747355567 0.07553189513647796
0.10912867515544711 0.2231707357428775 0.5761532493987758 0.09154733970289963
0.030542655895226867 0.12335713812029148 0.27574769748313077 0.5703525085013509
0.35804999075593236 0.5585605329196776 0.032208781832464006 0.05118069449192608
0.24124396062569875 0.2787747327549486 0.3976912063525625 0.08229010026679018
0.18594299629105904 0.2951101929712594 0.2682041692606333 0.2507426414770483
0.2318081987323095 0.3637361071143532 0.06855270224813703 0.33590299190520023
0.09740259759928949 0.1917311249890299 0.6242892290399868 0.08657704837169378
0.10912833657391008 0.5929993243557534 0.16252876848943965 0.13534357058089685
0.07918055467203344 0.0018696934298099155 0.6764743879188908 0.24247536397926583
0.06072580870190514 0.12169434165411164 0.19416626201270648 0.6234135876312767
0.07555697499202119 0.07643921573963619 0.25699751190175935 0.5910062973665833
0.7122756788523578 0.10356123571076292 0.05472165640249427 0.12944142903438505
0.12832650690351222 0.3094687263115897 0.5028816537904283 0.059323112994469795
0.025176370086365862 0.347106214996614 0.3111916151810572 0.31652579973596295
0.08401620382353514 0.5329312741923393 0.11591764801213289 0.26713487397199265
0.4206654077006875 0.5030095466097847 0.046636073065761674 0.02968897262376613
0.2512669227251445 0.5888572589042855 0.055095381334975047 0.10478043703559492
