72 40 4 103.40338596707109 206.8067719341422
1.9606438202977965 7.159083699508186 5.814663556519784 4.322683690749686 4.713531793537914 6.290627284226625 7.4446640946279645 2.560006348969599 1.6006806412324366 5.506109854092406 4.889324756650156 9.52008329696418 4.7463388486877545 3.227227175226006 4.637276554367602 6.708331755855227 6.253869497266358 8.038939268866347 6.551831756201629 6.649899896439457 4.328822075900204 2.515390340542273 7.707889486003484 4.5587448193049 6.94480489784547 3.8677982575118137 1.6252399305613885 1.4401216447038876 4.974817132287554 7.313013271106289 8.095354848023987 3.136015120719582 6.859837675763878 8.834433278173709 2.8943933829228383 2.1690208476037447 8.24959736028803 1.3606180943748187 4.249468180407069 7.085573699810209
0.3921287640595593 1.4318167399016373 1.162932711303957 0.8645367381499373 0.9427063587075828 1.258125456845325 1.4889328189255928 0.5120012697939198 0.3201361282464873 1.1012219708184812 0.9778649513300313 1.9040166593928363 0.9492677697375509 0.6454454350452012 0.9274553108735205 1.3416663511710454 1.2507738994532716 1.6077878537732695 1.3103663512403259 1.3299799792878915 0.8657644151800408 0.5030780681084546 1.5415778972006968 0.91174896386098 1.388960979569094 0.7735596515023627 0.3250479861122777 0.2880243289407775 0.9949634264575108 1.4626026542212578 1.6190709696047976 0.6272030241439164 1.3719675351527756 1.7668866556347418 0.5788786765845677 0.43380416952074896 1.649919472057606 0.2721236188749637 0.8498936360814138 1.4171147399620418
0.07900261017034504 0.613378034246128 0.13488259611891473 0.1727367594646122
0.2421168302969423 0.08025390678470001 0.4104839056644758 0.2671453572538819
0.1633690796734335 0.4346493082779427 0.23778634549278488 0.16419526655583894
0.07737436102967177 0.10136460215203658 0.7149262798913607 0.10633475692693095
0.5720190542538977 0.045861656237671355 0.029322944695060915 0.3527963448133701
0.27467889817382385 0.02175873586277388 0.40092553447325385 0.3026368314901484
0.07854228003606123 0.31972463623165726 0.4259024160781564 0.17583066765412514
0.17029116698328206 0.02791053909517227 0.5407524104918845 0.2610458834296612
0.12426297385265761 0.6260637091783081 0.07231081313430154 0.17736250383473273
0.47123150209091813 0.17721957365565888 0.2428707597250802 0.10867816452834278
0.5496516520334948 0.0011723441491590103 0.011940468395467918 0.4372355354218783
0.0153140450721857 0.6923618396526464 0.2810899647756441 0.01123415049952381
0.39689659187633397 0.17990329609810074 0.27206262245751667 0.15113748956804862
0.3074316992318751 0.31714863068496235 0.3306486244754895 0.04477104560767309
0.04298631597798741 0.5492507886255309 0.12972499139785154 0.27803790399863015
0.3350943203463558 0.36465776463903166 0.2618226402866515 0.03842527472796109
0.026297527388746134 0.2169457924260153 0.6615054871102759 0.09525119307496266
0.5714905721108664 0.03357145292229646 0.3426389222473645 0.05229905271947266
0.08129492827769935 0.09611246382081629 0.04567755924818229 0.7769150486533021
0.09921240387139507 0.30139196813556146 0.5675774746534675 0.03181815333957594
0.00873738501131982 0.08549892200508025 0.5391414673582651 0.36662222562533486
0.3519382529253611 0.35582546320102915 0.23444861002086637 0.057787673852743415
0.09312789599618299 0.20902863208900402 0.024209541205400975 0.673633930709412
0.06624057814095152 0.1610121058220595 0.017550334232332543 0.7551969818046564
0.041081623773059905 0.02172953946727396 0.6167606014902334 0.32042823526943276
0.4236551953457436 0.007840977988717635 0.28348169961152747 0.2850221270540113
0.021381054740895578 0.12021889073906789 0.7221775061898907 0.1362225483301458
0.06092386924792459 0.014349467970446672 0.8157119324673605 0.10901473031426823
0.45805422494274817 0.2653347209469723 0.016606165588892052 0.2600048885213875
0.20944961133957918 0.2608124724796925 0.2913043662426066 0.2384335499381217
0.4785856631723794 0.06614907478754306 0.22947317663162203 0.22579208540845552
0.03395653622306749 0.4041317208904871 0.07178247751108979 0.4901292653753556
0.2520032015011283 0.5250532935961708 0.08329383813904156 0.1396496667636593
0.004138275611138886 0.665928077801782 0.07206113543377557 0.25787251115330356
0.06895862506258021 0.5050959902911846 0.23585667849458514 0.19008870615165008
0.11326445432892107 0.4313601524178482 0.3343058726422605 0.1210695206109702
0.08485955878716489 0.5247766258868077 0.05866774069834568 0.3316960746276817
0.13740620352740562 0.061929077986648706 0.3840937998985475 0.41657091858739814
0.5422578197664105 0.06812680104254909 0.38626818592869716 0.0033471932623432288
0.4288782916271153 0.14272831043555823 0.0731512202614768 0.35524217767584965
0.09353794334944687 0.34295555089009977 0.3583278104503419 0.20517869531011146
0.2711287543672206 0.0053591786245287265 0.10092480114147373 0.6225872658667769
0.04720897348359043 0.3072906413598743 0.5396212671811753 0.10587911797535998
0.1738649261858356 0.08742424460301002 0.15673062841814112 0.5819802007930133
0.10256341122444168 0.5215261515865798 0.27032154507942086 0.10558889210955769
0.3245762975611718 0.24215313766434843 0.14035689106371263 0.29291367371076715
0.3643681756171625 0.08324732835249882 0.3865669706410021 0.16581752538933658
0.13093903601063417 0.00965403640623419 0.3542086978744836 0.505198229708648
0.18296052049152434 0.467059936921874 0.11869886773583027 0.23128067485077142
0.1400531920450807 0.08702033740785542 0.5901328612794792 0.1827936092675847
0.47976635199067275 0.2783811586989111 0.0006011892018968901 0.24125130010851925
0.5060182853469344 0.15915006112031682 0.25654196329645507 0.07828969023629373
0.1074602101678136 0.11194174694816439 0.4741295266551818 0.3064685162288402
0.3747840584002158 0.20876628848241707 0.34608513272617414 0.07036452039119301
0.30334027622373294 0.42538150866060565 0.09639877835817456 0.17487943675748685
0.30206903431155874 0.5904375195438453 0.05446764873042964 0.053025797414166354
0.2816074672044575 0.26794095254505546 0.018024140094085928 0.4324274401564011
0.19699009521377686 0.23733807513557503 0.007377873502624643 0.5582939561480235
0.34994964268587314 0.5321002777777786 0.014087579004389505 0.10386250053195878
0.7436776548596122 0.10912414940716342 0.13455560847323056 0.012642587259993787
0.060398142683514955 0.06840848137534916 0.36876731406071817 0.5024260618804177
0.35172711987297134 0.26868284753383553 0.30825631881799875 0.07133371377519437
0.17490710452425184 0.4186043113269642 0.33608481292107417 0.0704037712277098
0.4136458383075855 0.27687582567469327 0.11150582007264809 0.19797251594507315
0.0784947277373782 0.16106155256450938 0.5859738475230974 0.17446987217501497
0.7060449192897784 0.02104056792449749 0.1994494077640795 0.0734651050216446
0.2099742887708994 0.5591085505310706 0.14802078518672812 0.08289637551130191
0.6737804438161893 0.17410060170797936 0.1167838031919729 0.035335151283858446
0.1460602810762387 0.5914631608825336 0.24726210808502314 0.015214449956204579
0.27800652876896625 0.4971384790170308 0.22114031244041132 0.0037146797735916337
0.3468156553219045 0.11909580872206926 0.4512398781750887 0.08284865778093753
0.3552353113107324 0.07871614616390177 0.359446747145414 0.20660179537995182
0.04048844089161674 0.10443205043792758 0.5514696038168085 0.30360990485364714
0.16499059592757992 0.425497854359027 0.3758180603227441 0.03369348939064898
0.022201258734813156 0.7489383311097252 0.11166966039320203 0.11719074976225963
0.3438432725740975 0.054259546350347465 0.13582868423796923 0.4660684968375858
0.22111058655698546 0.6155121855722566 0.13096926620493254 0.03240796166582538
0.14666011668415102 0.12561946296452797 0.5442333728780668 0.18348704747325417
0.1427021639200099 0.19753663033519786 0.6081280958680905 0.05163310987670178
0.1349578128720078 0.5192545344505562 0.2156890935485748 0.13009855912886115
