15 40 4 98.85952350546165 197.7190470109233
8.639359275417208 2.610063324288986 1.4892689287578829 4.253846014794006 3.478608357457708 5.770002024058828 3.753270241623244 3.740269232387288 2.0056714855803524 3.2490911249210304 9.258669080529062 3.3773216792803624 7.459963187262005 8.791435307711387 8.263715340208382 2.8949552439294517 2.5051872831080093 1.420357525138645 1.354800805817483 2.802077287979256 9.986890624544548 4.355082804950994 7.844592465360547 5.26126998414845 5.587437752358892 9.505345754713984 1.9850198350764694 5.18583844688352 2.273997339107213 5.84513885941233 3.6909879085022093 5.839706974769524 6.99064784042369 4.278959205113313 6.607167574011044 6.784523967206902 4.779836380876361 4.6291819060914605 4.513782934868866 4.6557057022524235
1.7278718550834415 0.5220126648577972 0.29785378575157656 0.8507692029588012 0.6957216714915415 1.1540004048117656 0.7506540483246489 0.7480538464774577 0.40113429711607046 0.649818224984206 1.8517338161058123 0.6754643358560725 1.491992637452401 1.7582870615422774 1.6527430680416764 0.5789910487858904 0.5010374566216018 0.28407150502772904 0.2709601611634966 0.5604154575958512 1.9973781249089098 0.8710165609901989 1.5689184930721094 1.05225399682969 1.1174875504717785 1.9010691509427968 0.3970039670152939 1.037167689376704 0.4547994678214426 1.169027771882466 0.7381975817004418 1.1679413949539048 1.3981295680847379 0.8557918410226627 1.3214335148022087 1.3569047934413805 0.9559672761752722 0.9258363812182921 0.9027565869737731 0.9311411404504847
0.029158960905142917 0.049171947727945975 0.0013351967568089318 0.9203338946101022
0.13263431774446122 0.506855110569418 0.3351172074056675 0.025393364280453246
0.1954248232131871 0.15567403405399383 0.4407006441022938 0.20820049863052525
0.2688283012582403 0.1025042645095845 0.3561899828100875 0.2724774514220877
0.42529029529235085 0.09520617951739019 0.30335263364666976 0.1761508915435892
0.10682265172052396 0.7811225493127817 0.029996197618370912 0.08205860134832343
0.12759215495203946 0.09216988238509527 0.7010376330100653 0.0792003296528
0.2952965716988186 0.31255573567370976 0.13556732209347055 0.25658037053400107
0.0016447577600704477 0.4188497387558515 0.49930622810735126 0.08019927537672678
0.20071996630407773 0.3730317202587947 0.3585256569780372 0.06772265645909037
0.015004156349900266 0.6003960105675501 0.006220167160935097 0.37837966592161454
0.009044383533662548 0.5899952878635562 0.07933505184175016 0.32162527676103114
0.12142450487678924 0.5443278389647979 0.2751265368347334 0.05912111932367947
0.20999573804245497 0.1912927616934902 0.5926262014919339 0.0060852987721209395
0.2154033690963183 0.21861830246343783 0.24899967933945444 0.31697864910078943
0.3699892463660712 0.3081277247201294 0.18181568021806682 0.14006734869573256
0.11538834870299763 0.4361335235910033 0.16491168299267134 0.2835664447133277
0.06600112254706125 0.5642018056500484 0.11523529942540356 0.2545617723774868
0.6235820536184046 0.1376946175385506 0.027943057820307704 0.2107802710227371
0.03612705238698832 0.06316350500544798 0.8704521546315618 0.030257287976001912
0.18474297802999107 0.6126425177553889 0.17111975493242726 0.03149474928219276
0.21738165701726286 0.2211276522766259 0.3060044190545109 0.2554862716516003
0.24896492113506385 0.5728815843698093 0.005965830591568189 0.17218766390355866
0.030873134596241747 0.7174626926682466 0.0215174165648635 0.23014675617064817
0.2622475997454339 0.19001842210125297 0.36499043903367223 0.18274353911964092
0.16787213484059926 0.316339988524342 0.23334137758938533 0.2824464990456734
0.1585468371652191 0.1535946996410663 0.45705645094362535 0.23080201225008923
0.0073315085486058695 0.2018756192129627 0.05905712763137605 0.7317357446070554
0.2094201517943991 0.2784664723305631 0.00017846314580682865 0.511934912729231
0.6234512639946268 0.07964761210196925 0.20574953276783825 0.0911515911355657
0.026123872851089747 0.23835243138622253 0.155301965301602 0.5802217304610857
0.14443024398515147 0.08091929546621346 0.45255167827257714 0.3220987822760579
0.015936433652146365 0.5124701103909178 0.3301295755440016 0.14146388041293423
0.24776276007443354 0.02171977709283568 0.4730660380549353 0.2574514247777955
0.32233959235494003 0.6230497363193116 0.0021603122196796054 0.05245035910606877
0.08258403571946071 0.7225423274798254 0.12035227296112927 0.07452136383958463
0.06040716813355995 0.5896587555689158 0.15004495615999802 0.19988912013752624
0.17427870674180068 0.24418529275942236 0.5099019929728841 0.07163400752589288
0.25064275513904455 0.41876019107305673 0.016565908152207376 0.31403114563569134
0.3927243966621393 0.4206397488034488 0.165218828442126 0.021417026092285907
0.056831201412083754 0.4426612183170002 0.1961853909100436 0.3043221893608724
0.030755633545785144 0.2990102988258062 0.11623221514802118 0.5540018524803875
0.4438745891254291 0.24017162318798035 0.0869899010258588 0.22896388666073175
0.023904422054516594 0.07382645760134665 0.3617135456798525 0.5405555746642843
0.45187126344277295 0.15160179386848194 0.08109598559225928 0.31543095709648583
0.01201012562940873 0.20838941104423014 0.41616667755423487 0.36343378577212626
0.30365373978719956 0.24389869385877294 0.32811350843537934 0.12433405791864816
0.33001518527033424 0.18566016787796813 0.05342968449427321 0.4308949623574244
0.07173319673476697 0.12963341445054477 0.2975507606665294 0.5010826281481588
0.363290798030508 0.05788726123950394 0.45919532271005237 0.11962661801993568
0.8997274088109545 0.03653504745528591 0.034679612046293884 0.029057931687465732
0.13927871531915537 0.40706033201394753 0.2284311925869612 0.2252297600799359
0.12398756441911152 0.39340657815373725 0.2455186989309519 0.23708715849619932
0.3653677020716356 0.22463775933406305 0.021503412142293232 0.3884911264520081
0.09621129351913138 0.03294740178027766 0.7209072512401948 0.14993405346039612
0.22821247935454547 0.1496634977238106 0.08787480185556695 0.534249221066077
0.15953575050217628 0.20548403689727968 0.22124891289492665 0.4137312997056174
0.29991891969923234 0.17242277442835696 0.3396719961581791 0.18798630971423158
0.12149158646230274 0.371695950780058 0.34560239037673535 0.1612100723809039
0.3426550027332561 0.24418587673340564 0.27696834845581564 0.13619077207752261
0.07902950509210371 0.8045062297950573 0.08559532219679844 0.030868942916040587
0.10164343205158344 0.06537281340193246 0.3456411843479956 0.4873425701984885
0.04753698969229203 0.38757914103122804 0.531496186569296 0.03338768270718395
0.19843054054272513 0.3924654718047993 0.3747055507054905 0.03439843694698508
0.13324374974499853 0.11952527735317142 0.6980917767656902 0.04913919613613982
0.14609124865294976 0.22376289367766877 0.040544538340149816 0.5896013193292317
0.540824693036656 0.06222348356495033 0.31913058195890365 0.07782124143948999
0.733030721334873 0.10829277520592806 0.0547670482077085 0.10390945525149042
0.2621881360813587 0.23232241566626965 0.39009350417301547 0.11539594407935616
0.2051949544912982 0.24998576959124386 0.09981162182461945 0.4450076540928385
0.020042648764431514 0.3969306918834544 0.29205458141587026 0.2909720779362438
0.36493875927554076 0.14406224349622931 0.432034394766146 0.058964602462083904
0.40841077734630393 0.31948272108109954 0.144871707064552 0.12723479450804454
0.26418620539695514 0.5362335486749649 0.059709562808557326 0.13987068311952267
0.1540113346811094 0.3493082492055035 0.25663728572102595 0.24004313039236114
0.053528109550113 0.20698933718561785 0.05121126383973629 0.6882712894245329
0.1714198223450768 0.2310885208002832 0.1999314723085136 0.3975601845461264
0.31155852147103 0.11800549189909704 0.4986987489569765 0.07173723767289641
0.32089767044450146 0.5497424861233554 0.06936547104975233 0.059994372382390804
0.05719820305014256 0.8342353384545623 0.009285578542193695 0.09928087995310142
