91 40 4 98.25570424980786 196.5114084996157
2.809032365061765 3.961184198429638 3.668497198309649 1.8400030163269108 3.997709312479151 7.527004665507592 6.871264695281681 5.543650856231832 9.52597617044255 6.646614205474785 9.930577067803348 1.6850911985407744 4.083476743902304 3.7624196263974916 7.391841710779962 9.255857890397092 1.7281603043361176 1.5654990889671965 6.239514704393875 7.022784004741621 1.0840724434387754 4.797339299573025 4.558522886383759 1.6588365500516775 7.932684439033219 2.70423327881309 5.212069795272207 6.865736755619059 1.0734424413987118 1.6117750856418167 7.722371565280438 2.4172319190468725 5.813231621155598 7.086487268805586 5.675997480273958 5.674602708190234 5.191853964169831 3.20183207317951 9.203859744434727 1.9690681560482144
0.561806473012353 0.7922368396859276 0.7336994396619299 0.36800060326538214 0.7995418624958301 1.5054009331015183 1.3742529390563363 1.1087301712463664 1.90519523408851 1.3293228410949571 1.9861154135606696 0.33701823970815487 0.8166953487804609 0.7524839252794984 1.4783683421559926 1.8511715780794185 0.34563206086722353 0.3130998177934393 1.247902940878775 1.4045568009483242 0.21681448868775507 0.959467859914605 0.9117045772767518 0.3317673100103355 1.5865368878066437 0.5408466557626179 1.0424139590544415 1.3731473511238117 0.21468848827974235 0.32235501712836334 1.5444743130560876 0.4834463838093745 1.1626463242311196 1.4172974537611172 1.1351994960547915 1.1349205416380468 1.0383707928339663 0.640366414635902 1.8407719488869454 0.39381363120964286
0.38499160976302804 0.09676721113214704 0.27787551922582887 0.24036565987899605
0.5099694985853361 0.1619890112570861 0.001472841680499215 0.32656864847707856
0.5314159269441421 0.08440265900471433 0.3350787152889717 0.04910269876217188
0.8579366429674524 0.01690851853835884 0.10611669189574124 0.019038146598447492
0.08690474009531401 0.45376008438587845 0.37141957567799355 0.08791559984081398
0.23134614061361647 0.16308423916927295 0.07502766521546633 0.5305419550016442
0.44322599394426454 0.1778562544349238 0.3404827037583492 0.038435047862462435
0.14499439443462858 0.3923072633997233 0.3961661025670171 0.06653223959863097
0.333650115015933 0.004237022083504183 0.5502751912046253 0.1118376716959375
0.0835986116909847 0.7969885387979494 0.11593303774674102 0.0034798117643248805
0.7798833996909674 0.06199630854648153 0.12565662808686606 0.032463663675684984
0.00667162744288885 0.36453198295581546 0.48530377880758524 0.14349261079371045
0.21246728650361646 0.24598661551165213 0.3237242196057919 0.21782187837893952
0.056197210275942044 0.5956372307729848 0.33383759124007606 0.014327967710997092
0.2858615214835287 0.6811642310746372 0.013981065059047948 0.018993182382786133
0.7801440261493278 0.053231369067978096 0.025394445746973915 0.14123015903572023
0.0857360347488082 0.6661043346452784 0.09763381897880274 0.15052581162711065
0.20973549861996654 0.6726385384545156 0.020332270100220873 0.09729369282529698
0.060320570911529314 0.1525316469774456 0.08569747104370107 0.701450311067324
0.17290615478234062 0.006450711653263497 0.5509792667691437 0.2696638667952522
0.10808519537158412 0.7505408651637797 0.023173075374269936 0.11820086409036623
0.32870256213372995 0.4217250597508042 0.1979096006153116 0.051662777500154244
0.12414516340189807 0.6142314690889643 0.24776567833865115 0.013857689170486465
0.30971274211822986 0.4659020451889988 0.054782643687493415 0.16960256900527793
0.6551792018150759 0.029678486924495262 0.20371581269080008 0.11142649856962872
0.10103209542755143 0.43067962403783855 0.13073829491642996 0.33754998561818006
0.12696763384686638 0.11012942540255699 0.5410116820824042 0.2218912586681724
0.10261172571013388 0.24302222679997587 0.5825736133062589 0.07179243418363135
0.6491733168521117 0.01874895291587486 0.23144918643688384 0.10062854379512964
0.6598552060845706 0.04370715559721894 0.2855971254997942 0.010840512818416248
0.0056174339966957865 0.34617991761257194 0.14590583471668095 0.5022968136740513
0.16429250712478483 0.5754872812480181 0.06651383567898617 0.19370637594821094
0.4540930680879157 0.008180687773716278 0.2280388326372561 0.3096874115011119
0.30871186790210436 0.20291207797074684 0.4608530930599758 0.027522961067173002
0.060669422234535864 0.11365191638756589 0.4563487998744732 0.36932986150342506
0.4490429475676059 0.29803112780694674 0.0428158144781019 0.21011011014734549
0.4987693657659472 0.27293667945836586 0.15381791399429146 0.07447604078139547
0.0029511055127350305 0.24709102792660054 0.34430557809075657 0.40565228846990786
0.2111822783803199 0.09103792061156635 0.34613047685102416 0.3516493241570896
0.2662001252577172 0.3720730854657026 0.29844799177241643 0.06327879750416376
0.2879164616398725 0.46079308539566843 0.0032312555253029007 0.24805919743915616
0.17557386243501794 0.07819600147719696 0.042753542969605984 0.7034765931181791
0.14124576790182963 0.2166708731173035 0.11247680981048969 0.5296065491703772
0.32509150352799665 0.34905372493477715 0.13995195027714724 0.18590282126007895
0.4910803159054672 0.13887058709167233 0.2103772248065836 0.15967187219627688
0.18269034388710492 0.629035062741089 0.01895547670589881 0.16931911666590727
0.21468179139428545 0.3246298694471531 0.23800135258064226 0.2226869865779192
0.03872856615609821 0.26717310540705463 0.049380493048900354 0.6447178353879468
0.2048494995141139 0.11754366180973785 0.41602008590769723 0.261586752768451
0.04113208824053727 0.2525405871620445 0.7007719765457007 0.005555348051717535
0.23004964313185416 0.2236754802778922 0.3770032473587839 0.16927162923146977
0.22231921727781867 0.300584922560689 0.01538441460178186 0.46171144555971044
0.16798200618974624 0.006929201428497955 0.4031701611659283 0.4219186312158275
0.4491158865643673 0.049084150289645745 0.013967694920260176 0.4878322682257268
0.2317381143129743 0.4950890940603493 0.1287009619057775 0.1444718297208989
0.18863630752917915 0.2386169586546203 0.21435111470449775 0.3583956191117028
0.5319863554647375 0.27815772237863434 0.16591261838351956 0.023943303773108604
0.10181265009663354 0.608528688971018 0.09282979409542547 0.19682886683692302
0.0481245407112747 0.7297934698249764 0.028285115176002962 0.19379687428774595
0.29334505096214925 0.30877268737974306 0.2802767583270004 0.11760550333110731
0.20984858722067035 0.2889468985216441 0.23283874395251702 0.2683657703051685
0.14562490831821107 0.04506530321113855 0.7361725736616028 0.07313721480904756
0.1491924979164173 0.25840374362841 0.41999186100839603 0.17241189744677665
0.015925833322168792 0.08951581946432774 0.709093596964124 0.18546475024937947
0.1629555590088122 0.3989122660691483 0.008130402846399987 0.4300017720756395
0.6047362405573368 0.01956391547202907 0.3124422278810908 0.06325761608954339
0.06922442238008375 0.20183162772495422 0.1844536523336593 0.5444902975613027
0.26886995351197085 0.10654550095450943 0.3772969137614973 0.2472876317720224
0.21970079826383038 0.21048208388064737 0.31463822884474746 0.2551788890107748
0.1312701179364173 0.6020847463004914 0.00023196047828211164 0.26641317528480923
0.32099381397859694 0.11910445020601512 0.06330241823497107 0.49659931758041687
0.00800683480207054 0.3196882406246606 0.2244950065880763 0.44780991798519254
0.5463580957660619 0.1647352244236182 0.009480363073905429 0.2794263167364145
0.18288241690247686 0.0004170612383478378 0.10833799017766332 0.708362531681512
0.09908722964069971 0.1480335387731636 0.024686047720230753 0.7281931838659059
0.030095078100463635 0.49027962916756596 0.27241474472596716 0.20721054800600325
0.2777771857606286 0.03138742940603678 0.3796092941222765 0.3112260907110581
0.23223648626058635 0.17615280609931117 0.24861995597294873 0.34299075166715376
0.5776583619998489 0.020374015267806467 0.3669795213368017 0.03498810139554298
0.3508049637546171 0.06524885762027333 0.39490602334986225 0.1890401552752473
