55 70 4 195.65008968713846 391.3001793742769
1.837974580046722 9.744903279908087 5.354739824172815 3.182704313482577 5.780114468265278 3.569898119183189 8.763673393464757 1.3699013811478633 1.9751296055564835 7.904440408858273 1.4628583799549586 7.981448847795405 1.0822504835522104 6.564809021111506 8.368383994646123 9.087271506833652 9.870504235796544 5.470704301930826 4.170870331933543 8.803764950248395 4.57193571151395 6.79291497259029 1.1840798184903227 8.272760886904587 4.866519718172428 6.026918702527848 8.012001611353552 4.623014111965929 9.171954261197897 6.849726498879445 7.545450044356332 8.016049359863077 4.156547029081579 1.1769392826992893 4.227027125765138 3.7290290621393276 9.271557929631543 3.2805723693162876 3.170392941027227 9.189308325521448 7.991338154280666 4.8678928927359655 9.296113219824043 7.369297108480932 1.6459248024942792 3.8987299929886996 8.606076062077978 6.721236542003203 6.538457203033313 8.274829615344267 6.727942801754081 3.4067806235933986 4.469991421028345 4.104619833582477 2.802967729098699 3.3420869279210983 7.054327261887888 8.635292068754723 2.824975551713324 7.9402021439585155 8.479893571558787 5.8533135850322155 4.352168564606169 2.828636058303866 2.6913309236198595 3.9133491517943666 1.6509643554348816 2.7389851489788946 9.269031801550051 6.522379065955216
0.3675949160093444 1.9489806559816174 1.070947964834563 0.6365408626965154 1.1560228936530557 0.7139796238366378 1.7527346786929514 0.27398027622957266 0.3950259211112967 1.5808880817716546 0.2925716759909917 1.596289769559081 0.21645009671044207 1.3129618042223012 1.6736767989292247 1.8174543013667304 1.9741008471593087 1.094140860386165 0.8341740663867085 1.760752990049679 0.91438714230279 1.3585829945180579 0.23681596369806454 1.6545521773809173 0.9733039436344855 1.2053837405055696 1.6024003222707104 0.9246028223931859 1.8343908522395793 1.369945299775889 1.5090900088712664 1.6032098719726153 0.8313094058163157 0.23538785653985786 0.8454054251530276 0.7458058124278655 1.8543115859263086 0.6561144738632575 0.6340785882054454 1.8378616651042896 1.5982676308561332 0.9735785785471931 1.8592226439648087 1.4738594216961864 0.3291849604988558 0.77974599859774 1.7212152124155957 1.3442473084006408 1.3076914406066626 1.6549659230688534 1.3455885603508162 0.6813561247186797 0.893998284205669 0.8209239667164955 0.5605935458197397 0.6684173855842197 1.4108654523775777 1.7270584137509446 0.5649951103426648 1.5880404287917032 1.6959787143117573 1.1706627170064432 0.8704337129212337 0.5657272116607732 0.5382661847239719 0.7826698303588733 0.3301928710869763 0.5477970297957789 1.8538063603100103 1.3044758131910432
0.037268988528439406 0.36095409468581074 0.3250773771659805 0.27669953961976934
0.2807283303945751 0.5347367742957418 0.01121161275464333 0.1733232825550397
0.06317712391037955 0.16211592392054552 0.30859260932086574 0.4661143428482092
0.2900678995765267 0.30479149207618317 0.17058578194227225 0.2345548264050179
0.182136278225144 0.13675800562656348 0.1459570979720891 0.5351486181762034
0.06818329769779552 0.21372101906545382 0.2090947323308595 0.5090009509058911
0.28698022509560306 0.24056066000849285 0.4245031817287056 0.04795593316719848
0.23588382145652176 0.18078218177537952 0.33677566980067064 0.24655832696742808
0.2916338368695629 0.21276878127250498 0.005803742867124706 0.4897936389908074
0.06024035016238238 0.01622516850967115 0.6749323188840263 0.2486021624439202
0.06803058556446906 0.3058961866282003 0.4155193183220719 0.21055390948525876
0.05563907218321207 0.44720916880613915 0.10719681940663195 0.38995493960401684
0.11356223079377836 0.09485831910582321 0.3375082461621919 0.45407120393820655
0.7462389574121966 0.10434887091357048 0.052420453816927615 0.09699171785730532
0.07158327666761988 0.1234650022494076 0.14549762981707914 0.6594540912658934
0.39739801753058 0.06543540065432185 0.03742032946167284 0.4997462523534253
0.22235586014230335 0.011658790198740165 0.4061608715775523 0.35982447808140416
0.3238117691679152 0.3579334346907428 0.2611664129649597 0.05708838317638232
0.021051955581701032 0.6669842313773738 0.024235354492641692 0.28772845854828344
0.20855094274274355 0.36775702214772565 0.22343099706413683 0.20026103804539397
0.02663335474375106 0.6655554808850607 0.2578398902388619 0.04997127413232638
0.05760399639364833 0.6177555451950157 0.0024772968141146823 0.32216316159722125
0.16173139325286623 0.5337446805476826 0.28674408258054007 0.01777984361891105
0.13099218977916072 0.4844271291412233 0.37677632253976623 0.007804358539849732
0.08860645369726416 0.3774018462866445 0.10381264477609142 0.4301790552399999
0.35775721313879594 0.11984473461459966 0.44291246309606147 0.07948558915054293
0.4287620395529089 0.03891259857813811 0.20760711622372707 0.3247182456452259
0.4883886546870452 0.15799496394603008 0.2796243981323473 0.07399198323457745
0.26463856441529165 0.26919244469465864 0.18490488075875644 0.28126411013129327
0.3324420670135625 0.09427354505605112 0.48754120689959657 0.08574318103078982
0.48306694771104286 0.19123546044181583 0.29444392534374997 0.03125366650339134
0.727760021790933 0.136058041508628 0.019906492238425444 0.11627544446201354
0.07126539919761876 0.6056392514288191 0.09586599850488686 0.22722935086867524
0.018828467272341554 0.21196058614688418 0.13469847323426487 0.6345124733465094
0.0591060453903024 0.2948628261348185 0.5070612336860963 0.13896989478878274
0.08338881067829951 0.5058395695621981 0.015293042169303495 0.3954785775901989
0.20147174394263334 0.19786939037893692 0.42058866411483364 0.1800702015635961
0.43975949467526976 0.3143751101619279 0.08888927276666503 0.15697612239613734
0.48270668952168194 0.226877015500481 0.2688712232840651 0.021545071693771956
0.16481952107367115 0.24064723560317136 0.4220429895762605 0.17249025374689697
0.4923524784704779 0.02575956131416446 0.2949219779277259 0.18696598228763173
0.2800898826378052 0.022941875776476328 0.007170623463880532 0.6897976181218379
0.09785907915096892 0.39427358581842287 0.25337237957352765 0.25449495545708056
0.24730567608118847 0.021964534792442425 0.4563909208609348 0.2743388682654343
0.4313806243312316 0.32267675249732297 0.23630669122062653 0.00963593195081891
0.07815921381467206 0.18157294777271116 0.4060812405521603 0.33418659786045646
0.14098154714438915 0.5865853830986083 0.24067539382598724 0.031757675931015306
0.0859179323904381 0.3234901933901734 0.26640411354077775 0.32418776067861077
0.049900634619101214 0.6399504483151318 0.10940852972732851 0.20074038733843846
0.17693073324464104 0.2595581087973796 0.038003588747920425 0.5255075692100589
0.15820133947990622 0.21945059672213785 0.1803679641937983 0.44198009960415763
0.42257444595380644 0.24606673726277162 0.19160346343738743 0.1397553533460345
0.21987346514137074 0.2233603180443262 0.0615421799047029 0.49522403690960015
0.29310658231362896 0.06272027327965557 0.4247516639507415 0.21942148045597398
0.18503817587799531 0.0014259181854044956 0.49529746707977296 0.31823843885682723
0.10365882445287367 0.016139298757131826 0.622382589940116 0.25781928684987854
0.11387599911014445 0.32525272626724 0.3912601850026516 0.16961108961996396
0.26699821128905876 0.37307671120458985 0.3476947751279019 0.012230302378449465
0.2818750165314571 0.26312706137041986 0.11936457786523125 0.3356333442328918
0.31842994388911017 0.3279694044599897 0.24396100767686213 0.10963964397403803
0.3250720709577437 0.0030102261657530827 0.24027297170454032 0.4316447311719629
0.27864717588366195 0.06897958263664672 0.15228254435398159 0.5000906971257097
0.06373994551937168 0.3943824201388004 0.22170007104070666 0.32017756330112124
0.12084477328484655 0.13147299680384383 0.19732913964901544 0.5503530902622942
0.2035193847389276 0.20236507601520948 0.19342598225767726 0.40068955698818565
0.05028292250569755 0.14890438532212735 0.04640670573734984 0.7544059864348253
0.37904556233053144 0.08471292664364749 0.39094008350061715 0.14530142752520392
0.16720482042783924 0.037861616627869576 0.446277742008117 0.3486558209361742
0.5245311215932894 0.3240601557102978 0.1102618038122638 0.04114691888414901
0.48446146939962165 0.48178493199352623 0.01511558492741405 0.01863801367943807
0.27414848204267983 0.4428939521571247 0.21702054590657804 0.06593701989361744
0.030439036469284364 0.44758665774266726 0.1161185744741976 0.4058557313138508
0.16709761140497825 0.4160617562269635 0.16298249134076015 0.2538581410272981
0.3537492865140427 0.271390462741101 0.3539990792074881 0.020861171537368217
0.283914952465565 0.5764712685026725 0.06314609721754438 0.07646768181421815
0.576455513298616 0.17856033667919669 0.17241030455262785 0.07257384546955947
0.49230762357129976 0.056464523350200024 0.06089094318181432 0.3903369098966859
0.2913196463902131 0.14631773742091347 0.5429451784500506 0.019417437738822763
0.040235095465624315 0.33567820464605 0.34850319219098247 0.2755835076973432
0.6590971273212639 0.061081981524321094 0.14018794230708653 0.13963294884732846
0.2044739633376852 0.4950433776293687 0.2821338440918394 0.01834881494110674
0.05624317847130522 0.18743833860938175 0.23784511016868515 0.5184733727506279
0.0470968812876823 0.35134905453148313 0.17495517660802873 0.42659888757280584
0.0026966501281202593 0.1881367193397956 0.415772862563094 0.39339376796899017
0.09655152398622713 0.12981053675334808 0.35278035499915594 0.42085758426126885
0.0828631164166248 0.41780996268202286 0.19379016028618035 0.305536760615172
0.5281447907240785 0.3055995796521124 0.0768796682360704 0.08937596138773873
0.26025910761322024 0.22653050027417154 0.3195629652498738 0.1936474268627344
0.04122758572640761 0.17573253204631245 0.7579685125522877 0.02507136967499224
0.10019514910470007 0.10783918479155052 0.04390782028687945 0.74805784581687
0.17601498528439696 0.15088510674283673 0.2954480486254103 0.377651859347356
0.12935125988426277 0.19461730255610454 0.29435312169816574 0.38167831586146694
0.23043792051102563 0.2692819564679527 0.20714357271506123 0.2931365503059604
0.25799014946558607 0.27729669495871834 0.034328483865265214 0.4303846717104304
0.25129364782566177 0.0006308040340742282 0.2378999774978353 0.5101755706424287
0.14813755065800904 0.09350161880782315 0.11966854214813505 0.6386922883860328
0.021687807103570877 0.5518082820776017 0.053383615891112735 0.3731202949277147
0.07013581514505918 0.3080594072854964 0.4093770650231945 0.21242771254624992
0.17711394533995528 0.39294840494762484 0.1569268309659948 0.2730108187464251
0.5687068759046544 0.057904074374469205 0.032181771064532017 0.34120727865634437
0.15629346839862623 0.019782418256765633 0.2603867618577449 0.5635373514868632
0.24690423813395568 0.284307466968705 0.42458787383521257 0.04420042106212674
0.4741454831411698 0.040262085808657755 0.43582569491195344 0.049766736138219025
0.10257410914357079 0.34453822949793733 0.07569327757941469 0.4771943837790772
0.12112598159241084 0.7905481414425632 0.022901295479721306 0.06542458148530461
0.15316014112002396 0.10654372286289648 0.5262744930017353 0.2140216430153442
0.17760268837074922 0.6232184292637083 0.11431293634030382 0.08486594602523867
0.02391034571299888 0.7334146950759802 0.011136867030487885 0.231538092180533
0.33448569933048533 0.20625024962438276 0.3808044513351716 0.0784595997099603
0.029948579514280205 0.2963098112202983 0.3848772692498462 0.28886434001557526
0.25375224649851813 0.05373975130583519 0.033063336943666144 0.6594446652519805
0.3244036236374257 0.33983421912657974 0.3027181895384389 0.03304396769755569
0.05673724054714857 0.46860550218104935 0.2965959156375755 0.1780613416342266
0.009940540570233303 0.5636139808660914 0.022579852137609713 0.4038656264260656
0.060581999265359454 0.5342057380363735 0.29592772152690694 0.1092845411713601
0.5332031029241705 0.3424961122206349 0.09002836698669459 0.034272417868499994
0.4167706743819547 0.2033916946967126 0.3584202425951122 0.021417388326220532
0.039103589151366136 0.13663520729226508 0.17966631875323302 0.6445948848031358
0.2572064568771779 0.06301797429862044 0.5740130971969125 0.10576247162728913
0.0021032435182001263 0.23201760521383297 0.2362788723346294 0.5296002789333375
0.2541326392840091 0.34312949781586344 0.05037631426897882 0.35236154863114866
0.0007496577106949065 0.07872268231854307 0.8354368796330233 0.08509078033773876
0.7925590110596189 0.053093388451545764 0.1382363919640034 0.016111208524831944
0.19108190599130825 0.6274324340890094 0.09451197980179527 0.08697368011788709
0.15421033266759487 0.36597096262469364 0.46621754171497953 0.013601162992731952
0.5123625144180435 0.05818037876885107 0.30792671067274824 0.12153039614035721
0.33553870121461526 0.1295054230389474 0.3616701119591992 0.17328576378723815
0.5791663095226448 0.04385376547857711 0.28861722154775227 0.08836270345102581
0.016588713131328037 0.17806251744809654 0.12381368237961787 0.6815350870409576
0.34381760189174404 0.1457023801546361 0.07639503050734398 0.4340849874462759
0.5613962932852541 0.1510754374057811 0.062229143850831004 0.2252991254581338
0.2506270378390053 0.14744569049022838 0.3252145006163569 0.2767127710544094
0.18365242055107167 0.14020360759129202 0.6756656464763042 0.0004783253813320787
0.13110503822039654 0.013447603705505684 0.6189879682954679 0.2364593897786299
0.2792192683420799 0.5510311597187147 0.11065552145623447 0.059094050482970895
0.11466237885015829 0.11544384444007416 0.18381742319236294 0.5860763535174046
0.21622668726837757 0.19516081989852818 0.3188036583293935 0.26980883450370075
0.02292992946211203 0.4509346085941992 0.10118706760092233 0.42494839434276643
0.0797431861756821 0.004100490691123615 0.459028686655921 0.4571276364772733
0.5032729308771381 0.046635213325350366 0.25758613602524993 0.1925057197722616
