81 30 4 93.13082029739796 186.2616405947959
4.198772060247128 4.067639890203715 9.397957980534128 9.224372670805238 8.537182555387549 1.5353925915241535 3.233892026089046 5.582074999686456 1.805897989422977 8.066357984904393 4.592003423404422 4.98425848422054 7.914851932617836 6.09488257740724 3.2083194483127198 5.905059994124724 2.301125987332957 5.040362768034796 5.188642325647429 7.457417492186885 9.587968702399522 6.623395602864567 4.762607227551886 9.045478975630624 3.9307269907203866 9.84430121741569 7.391172885382268 9.300403515221337 9.898734191948389 7.540386103566907
0.8397544120494256 0.813527978040743 1.8795915961068257 1.8448745341610475 1.7074365110775098 0.3070785183048307 0.6467784052178092 1.1164149999372912 0.3611795978845954 1.6132715969808786 0.9184006846808843 0.9968516968441079 1.5829703865235671 1.218976515481448 0.641663889662544 1.1810119988249448 0.4602251974665914 1.0080725536069592 1.0377284651294858 1.491483498437377 1.9175937404799044 1.3246791205729134 0.9525214455103772 1.8090957951261248 0.7861453981440774 1.9688602434831382 1.4782345770764536 1.8600807030442674 1.9797468383896777 1.5080772207133815
0.10257225865385611 0.09686490520414603 0.1315684090709811 0.6689944270710168
0.08115327437574316 0.1755740789373077 0.03274760994389181 0.7105250367430573
0.21566831348853832 0.12720538363163625 0.4919312077987812 0.16519509508104424
0.4425952818819634 0.255703224654816 0.28151918876500037 0.020182304698220244
0.0069532511826085885 0.015072276407422813 0.8320960040304819 0.1458784683794867
0.012587087275658715 0.07445063185910705 0.6440953786365408 0.26886690222869347
0.2679841468862566 0.17228479246171424 0.03547345108494249 0.5242576095670867
0.5508692600120542 0.4015038620920136 0.04392663175034284 0.003700246145589392
0.04083970868276243 0.06571407126888051 0.4611425042261952 0.43230371582216187
0.07911471629365008 0.00394740881952349 0.16198685481159303 0.7549510200752334
0.1280354609557326 0.027659250255943624 0.507327036541843 0.3369782522464808
0.046382649360062866 0.5561188483005278 0.3221874051945507 0.07531109714485862
0.4507028389280475 0.025428605034217733 0.10843799592798853 0.4154305601097462
0.06088365894147585 0.0703034807633145 0.8323695636887566 0.03644329660645307
0.10761803630353017 0.5772601072455151 0.05636114321672725 0.25876071323422745
0.24020753159952857 0.2994534074834865 0.2934531072030754 0.16688595371390957
0.19620813298795314 0.009829093284765555 0.45886722102835953 0.3350955526989218
0.2311786930000368 0.3648489578981149 0.056563305668542285 0.34740904343330603
0.12025308283921476 0.016054342075565997 0.43019997290556067 0.43349260217965857
0.35336875330845785 0.17005450248097187 0.4155593651821209 0.06101737902844939
0.19120558591544756 0.35924016764733013 0.31857071558475536 0.13098353085246695
0.37476450509214587 0.14742641434974812 0.03219314927987138 0.4456159312782346
0.013771296965146451 0.01930812796223358 0.06375022512103046 0.9031703499515895
0.03396623305970381 0.2477237566315671 0.3842141615630229 0.3340958487457062
0.05492911316164384 0.15072358097945737 0.20343572869041582 0.590911577168483
0.1572468608134957 0.1531816964982491 0.1741302946011506 0.5154411480871046
0.021855390558579102 0.21819471639443 0.4626024818664122 0.2973474111805787
0.275112466058165 0.03168397562856551 0.25890383364289327 0.43429972467037625
0.14311675236917587 0.5668991973459792 0.11614131782724768 0.1738427324575973
0.1424474695602158 0.1472888362041156 0.6439478058170135 0.0663158884186551
0.18540435848470616 0.08279046162065451 0.3112941648056603 0.42051101508897903
0.330334076450142 0.1873770363936661 0.19721837445247947 0.2850705127037124
0.1571628679406437 0.11968456080890366 0.09379042913049151 0.6293621421199611
0.33903921676132287 0.4015091833755363 0.25589363140910626 0.0035579684540345546
0.30535163927104414 0.4267586829704766 0.02343998083129506 0.2444496969271842
0.17528303618890018 0.07872552368078478 0.18107618864618635 0.5649152514841287
0.13659101826204145 0.15674040384131493 0.44200627431271966 0.26466230358392395
0.21143189261989315 0.1928250791258329 0.25724685829852545 0.3384961699557485
0.6484160659009385 0.2952888126634693 0.0006760907064322641 0.05561903072915997
0.26223838128130816 0.02949941650465515 0.551003012382977 0.1572591898310597
0.21560899090434793 0.007826178003832118 0.3527707692990515 0.42379406179276846
0.45222129136975997 0.08423231151639743 0.22736361767450108 0.23618277943934152
0.41124048721712325 0.1333734023714831 0.15590114858895987 0.2994849618224338
0.2834035990697805 0.543062857958398 0.0488210997003502 0.12471244327147124
0.18197375163870444 0.050475414459205004 0.23177558845612334 0.5357752454459672
0.0724902984689032 0.10355364373416653 0.18176168719111307 0.6421943706058172
0.028499595505352193 0.37202545089599437 0.13709550625043176 0.4623794473482217
0.03189516307948903 0.02817924794715887 0.2352370652182142 0.7046885237551379
0.5261995891303202 0.1952136045860351 0.15864454252325777 0.11994226376038697
0.3881560678577767 0.026515129701108475 0.5681317062784694 0.01719709616264542
0.7327152058753169 0.1062973403058165 0.12312517868980277 0.037862275129063816
0.36031207845752744 0.0685253884868654 0.08417211364647159 0.48699041940913557
0.39678352911925874 0.25508382978143107 0.04665992890917947 0.3014727121901307
0.6230507902367945 0.30794626563418304 0.06469860306166642 0.004304341067355999
0.19423401528386508 0.356967410182622 0.39819803875338844 0.05060053578012447
0.5432477922633729 0.31799952908375884 0.12164569302527883 0.01710698562758939
0.14510773611335337 0.5051608152318843 0.2563996963266809 0.09333175232808144
0.054656501059579976 0.5947188938917364 0.20239947566699767 0.14822512938168597
0.5608008002916177 0.007211357194338408 0.1900060221948665 0.24198182031917737
0.1910931457078946 0.15319145884486207 0.5029981780975205 0.15271721734972288
