23 10 4 27.54026443040533 55.08052886081066
5.655680954619303 9.522663434333326 7.889137834572162 3.5415625957040144 2.989408269354873 7.175998767137202 2.5042528279005065 4.5319821981852755 6.562471125275283 4.7073708537287136
1.1311361909238606 1.9045326868666652 1.5778275669144324 0.7083125191408028 0.5978816538709746 1.4351997534274403 0.5008505655801013 0.9063964396370551 1.3124942250550566 0.9414741707457427
0.002464881200886171 0.5871169840138284 0.295365673161759 0.11505246162352645
0.2947444647173656 0.5277218743860674 0.022627483022878092 0.15490617787368888
0.11047771391367378 0.31111881225248594 0.5205697066893399 0.05783376714450039
0.11922669418412268 0.709524790138633 0.0410336000744258 0.1302149156028185
0.12975629770517993 0.03225618129756902 0.6691927766876691 0.16879474430958197
0.17824726657014334 0.4102385552721992 0.06735963616456075 0.3441545419930967
0.48305518544294146 0.02299944692591782 0.39554756043852146 0.09839780719261926
0.23183334760205443 0.23392957887701205 0.3549385586838484 0.17929851483708514
0.14750305870585345 0.7689046633599861 0.0015380836380902707 0.0820541942960702
0.25513081972233587 0.36085594891716655 0.3565310117869913 0.027482219573506272
0.30040968936648094 0.5836224930056239 0.0943947336427261 0.021573083985169106
0.06507543905719348 0.22285900191005292 0.3382485969929997 0.3738169620397539
0.0005288111692760555 0.14097194655591372 0.20498868242335444 0.6535105598514558
0.42860181235228634 0.16778236035732252 0.1214676655164294 0.28214816177396174
0.07753409172717718 0.3868515230530253 0.0835896773128042 0.45202470790699334
0.24058353121801312 0.31712322826040984 0.21590640959731133 0.2263868309242657
0.396745698829829 0.10901362314768615 0.4499805191106707 0.04426015891181412
0.07905548640493043 0.7486604396700507 0.05125988232929202 0.12102419159572686
0.12906352760617068 0.10218777770435683 0.0035462456007695486 0.7652024490887029
0.23937099816163865 0.21088415018335172 0.5013326116562739 0.048412239998735784
