7 50 4 139.03512115230342 278.07024230460684
1.6867746043656147 8.019269130161032 4.945683082968042 7.511186600478471 9.801905607969424 5.846462833693903 5.510084172939441 1.648460200237854 3.4159508209168408 5.49894250743004 7.113069965088465 8.23365132493938 4.4284701983368455 1.593427122153146 3.593310393771942 9.186341749476522 2.9204681822192393 5.069115656359148 9.380854177201195 1.224093047953132 6.404940257177103 9.55116550372281 3.0727259111886833 5.936409273124274 9.182155373980581 2.1985250118332513 5.710713226063892 7.753688731918314 7.021119167955224 5.209775737704827 2.843641812680156 5.416893001819634 4.3514622044655304 5.296610393664295 4.293013472025336 8.541261948783346 7.917827558675584 3.8259520949139594 6.153627993795586 3.484441434976256 5.075586392917604 4.176805293499552 6.916595165017824 4.333159746892317 5.131836801022883 7.473917102581374 4.716926462024511 9.157809422479048 2.6240645728241345 7.670069856219379
0.3373549208731229 1.6038538260322064 0.9891366165936084 1.5022373200956942 1.9603811215938847 1.1692925667387806 1.1020168345878882 0.3296920400475708 0.6831901641833682 1.099788501486008 1.4226139930176929 1.6467302649878761 0.8856940396673691 0.3186854244306292 0.7186620787543884 1.8372683498953044 0.5840936364438478 1.0138231312718298 1.876170835440239 0.2448186095906264 1.2809880514354206 1.910233100744562 0.6145451822377367 1.1872818546248547 1.8364310747961163 0.4397050023666503 1.1421426452127785 1.5507377463836627 1.4042238335910446 1.0419551475409654 0.5687283625360312 1.0833786003639267 0.8702924408931061 1.059322078732859 0.8586026944050673 1.708252389756669 1.5835655117351168 0.7651904189827918 1.230725598759117 0.6968882869952512 1.0151172785835207 0.8353610586999103 1.383319033003565 0.8666319493784634 1.0263673602045766 1.4947834205162747 0.9433852924049022 1.8315618844958095 0.5248129145648269 1.5340139712438758
0.4148859784394432 0.0074880652036971584 0.21200582499069842 0.3656201313661612
0.09226234584675208 0.4320832509184451 0.43112272623772874 0.044531676997074054
0.05312869067295756 0.5394659966504154 0.3723763122127539 0.03502900046387314
0.3087336572978354 0.5327430576005618 0.00692416593929146 0.15159911916231128
0.13687611879745087 0.1875500508749921 0.4174210310110238 0.25815279931653323
0.16550140046578743 0.2826192570369359 0.34827004327982514 0.20360929921745152
0.4606302961632769 0.3398487528351867 0.08680990285427126 0.11271104814726518
0.040655809436685786 0.23590726301444842 0.5201978844807681 0.2032390430680977
0.06925207000983546 0.07789550193185757 0.6656819782220132 0.18717044983629372
0.0071432752789984955 0.5927111622644479 0.22137317076311314 0.1787723916934405
0.4631362180381473 0.07830591405707232 0.2870110629009057 0.17154680500387465
0.12814785400273287 0.09593078294358648 0.43507976012424154 0.3408416029294391
0.16952372356620915 0.36312108137746446 0.32433082116808654 0.14302437388823985
0.16910106336538333 0.7400814003954653 0.06595721739626703 0.02486031884288431
0.4415297427026398 0.22343922020212126 0.18037619585921238 0.15465484123602657
0.03552880483036336 0.5141853159703641 0.2581567256528241 0.19212915354644844
0.008216505039312039 0.014973863060050108 0.04043191759918974 0.9363777143014481
0.13457045864468764 0.4557753956616475 0.10635004788307778 0.3033040978105871
0.010579906938345762 0.9160330308317108 0.06594478140258364 0.00744228082735976
0.023903026142330863 0.5857117721922284 0.161827546229123 0.22855765543631779
0.27721958269429525 0.39534144682781747 0.23815242476612553 0.08928654571176176
0.18140428905736694 0.1793762047278542 0.17421126714269453 0.46500823907208433
0.19250821895985537 0.18586791447156392 0.35871192612087144 0.26291194044770927
0.1068767442566414 0.12579435137533235 0.6860381095102943 0.08129079485773194
0.2763171862107934 0.3738111424178393 0.27247482444932414 0.07739684692204318
0.6035595516954865 0.1412641219863231 0.007129887460397999 0.24804643885779243
0.656450286538602 0.015918931890684385 0.3011063498404144 0.02652443173029917
0.039628573866894334 0.38499695892874697 0.3941194598276575 0.1812550073767012
0.30765459009285157 0.28839453003229887 0.1650356240965355 0.23891525577831407
0.4448123649543787 0.24009167210573512 0.21070594815482813 0.10439001478505805
0.6295501714623319 0.15587055012317774 0.041855607394087446 0.17272367102040287
0.2893728115784362 0.33947859148621085 0.218055157395327 0.15309343954002597
0.09934751415963061 0.21114705233611186 0.5818428907594896 0.10766254274476794
0.5426316574477315 0.01468596842024783 0.3380491586690827 0.10463321546293802
0.035273336313462744 0.5264673197554137 0.0365205715029544 0.40173877242816913
0.05260174257878858 0.31827315671069567 0.6143447560900623 0.014780344620453412
0.3290495438867621 0.5474826126028101 0.012456440394536972 0.11101140311589086
0.2451093526405581 0.05290389656029537 0.10725439103310153 0.594732359766045
0.13486463139689686 0.030112084111605264 0.3652286705830602 0.4697946139084377
0.09258180314495723 0.6388394757551494 0.19953339884009302 0.06904532225980031
0.05275579312450329 0.09646915756658347 0.7992033453676318 0.05157170394128141
0.21478785120871058 0.293563824679679 0.42978314513995963 0.06186517897165078
0.005641953918997911 0.04213125876693791 0.4912834879957001 0.4609432993183641
0.39860229097586564 0.42450982068467613 0.04594627464512813 0.1309416136943301
0.29857942813439897 0.20647393906694222 0.21258306821200745 0.28236356458665135
0.1957743293224542 0.042062444380468356 0.13636312375867155 0.6258001025384059
0.10355858036340682 0.7894184237265914 0.04219768225427156 0.06482531365573019
0.0087991107002795 0.030234040774945847 0.01292374365726423 0.9480431048675104
0.16571392474611746 0.49171246041574024 0.2953250096334905 0.047248605204651795
0.10992797653721198 0.4363104523575614 0.36768150982777825 0.08608006127744838
0.0014268805627581926 0.42502669212218414 0.09645262834340296 0.4770937989716547
0.6829138543754175 0.013246609141551402 0.013233930208243816 0.29060560627478726
0.2351204072574643 0.07373227760633283 0.6361955389289967 0.05495177620720615
0.13111064234791392 0.33188575180650315 0.009327602133985202 0.5276760037115977
0.30041890431803975 0.04311762538631858 0.14228869900453833 0.5141747712911033
0.414901772573252 0.10748835542835988 0.2525102478124053 0.22509962418598284
0.6749187698667877 0.10329483167710896 0.16089775218828872 0.06088864626781465
0.47576449942424426 0.24147773285098573 0.15842949259485328 0.12432827512991673
0.35707062835287895 0.07063420467467163 0.23104342592659488 0.34125174104585454
0.4202568336725351 0.3079044494745987 0.032353836833149296 0.2394848800197169
0.05549950311272267 0.5522712483311445 0.33403851674758134 0.0581907318085515
0.13247398881674854 0.09795668559347093 0.3444319131789296 0.4251374124108509
0.03367420450284819 0.7485559468209301 0.014721206119786112 0.20304864255643562
0.19753288946715686 0.0767257037272644 0.602442336987214 0.12329906981836469
0.16827530536724433 0.5509568363250922 0.08860331760373297 0.19216454070393052
0.044766260845139016 0.11995039793387385 0.11681715906948087 0.7184661821515063
0.1494863033242304 0.21213034438782685 0.16310318905657462 0.4752801632313681
0.33135721096240567 0.09569628205132197 0.5136079003826605 0.0593386066036119
0.2416029166538498 0.21700056311411953 0.3720368462258353 0.16935967400619534
0.27159522025956384 0.5946038138248273 0.00642814905979594 0.12737281685581292
0.030439266665623133 0.04090042059158416 0.04929274104895087 0.8793675716938418
0.31704388193619615 0.10105566074136973 0.10291456060461046 0.47898589671782366
0.1602024106191695 0.04608344588148483 0.1482251615449517 0.645488981954394
0.369485915660384 0.08159268729015845 0.3770149665964051 0.17190643045305243
0.3825111389298338 0.11929575218858968 0.09381422190195066 0.4043788869796259
0.06166533016986864 0.2259146119500316 0.6586959850525276 0.05372407282757219
0.14693031569354353 0.5651184710878513 0.2433346650394841 0.044616548179121085
0.5936373294088721 0.04286501302079515 0.3521319921322713 0.01136566543806139
0.09190485216377231 0.09612507641881385 0.0583637157031347 0.7536063557142791
0.10471130357324376 0.3575646385574839 0.3546180522117205 0.18310600565755186
0.14567943338343392 0.09634317408069892 0.3386827631477529 0.41929462938811424
0.2585894985926458 0.16266421000662756 0.09198969124446565 0.486756600156261
0.6462541094487922 0.10779908753438261 0.0814153641643599 0.16453143885246524
0.057253559800167664 0.2706575394965087 0.1296877753550406 0.542401125348283
0.337034279430268 0.41648423927264966 0.14062681825329792 0.10585466304378444
0.1157140506093054 0.2457510280192312 0.37115683082354434 0.26737809054791906
0.05953265441246691 0.2677609921029197 0.3166943327162357 0.3560120207683777
0.16003346144532782 0.739542317415997 0.0688374223555247 0.031586798783150516
0.04316993559752147 0.7346901309697599 0.18353364687064222 0.03860628656207643
0.10605921802055862 0.2521663264385633 0.16548247034062646 0.4762919852002516
0.047013165032900206 0.044278624956714085 0.06990821922723267 0.838799990783153
0.11862982037357617 0.35108287434964114 0.2933593780578665 0.2369279272189162
0.38944790403053664 0.5022855335236825 0.10747486384310578 0.0007916986026750283
0.6093866410446241 0.22509207811764265 0.03742618818371868 0.12809509265401453
0.09778734397791733 0.3881347120095556 0.34695135675004096 0.16712658726248608
0.47662729339302723 0.1879634621558306 0.1108917976774988 0.22451744677364338
0.21199017413297783 0.10405693637485058 0.20825597697779286 0.47569691251437873
0.6741113273466744 0.11887035498718235 0.03396184603013275 0.17305647163601046
0.3428752381260801 0.14335823500477307 0.2545016231306313 0.2592649037385155
0.15542065234940894 0.12808447083785024 0.5552906349237188 0.16120424188902205
