40 60 4 169.41838201334627 338.83676402669255
4.669183252722576 1.4982943610067407 8.096813897380773 3.585746663104113 5.053155282705441 3.7352107480668897 5.737595718674309 6.61430991596218 7.990979119524616 7.176174808298116 9.828449768690247 6.407344829943218 8.325716679486959 7.377806369468788 1.2478121229027934 9.138404955085552 5.049143661282665 2.0703218860225427 8.517701583524316 2.820234036563057 2.5678240350212675 5.042323717199482 7.028153025522498 9.616591981773919 8.499999256517201 5.5747896846184055 6.670211929962361 8.515312174087027 5.0259848077511435 7.860614268492859 6.732300181342775 4.260663046303634 1.131170945419202 5.877864018622859 3.8633993300420935 2.3049131244985106 5.940027525516202 2.687331458265928 4.590833285943186 3.160343858536808 1.3298936749622503 6.116902814430677 9.30488319149176 2.6114959523347276 7.327699014413557 7.480115155513126 1.279576167490785 6.245427761548865 7.279098359691097 9.188681210336902 9.700281938917673 8.52156578674056 9.56009232651316 5.556929763313452 2.750485435572662 1.6268027843694157 9.332161033580334 4.521938328033303 4.673536555223897 2.538145456361078
0.9338366505445151 0.2996588722013481 1.6193627794761547 0.7171493326208226 1.010631056541088 0.7470421496133779 1.1475191437348617 1.322861983192436 1.5981958239049232 1.4352349616596232 1.9656899537380492 1.2814689659886436 1.6651433358973917 1.4755612738937576 0.2495624245805587 1.8276809910171103 1.009828732256533 0.41406437720450856 1.703540316704863 0.5640468073126115 0.5135648070042536 1.0084647434398963 1.4056306051044998 1.9233183963547837 1.6999998513034402 1.114957936923681 1.3340423859924722 1.7030624348174055 1.0051969615502288 1.5721228536985719 1.346460036268555 0.8521326092607268 0.2262341890838404 1.1755728037245716 0.7726798660084186 0.4609826248997021 1.1880055051032403 0.5374662916531856 0.9181666571886373 0.6320687717073616 0.26597873499245006 1.2233805628861354 1.860976638298352 0.5222991904669455 1.4655398028827116 1.496023031102625 0.25591523349815704 1.249085552309773 1.4558196719382193 1.8377362420673804 1.9400563877835346 1.7043131573481118 1.9120184653026322 1.1113859526626904 0.5500970871145323 0.32536055687388316 1.8664322067160668 0.9043876656066606 0.9347073110447794 0.5076290912722156
0.04860097468345659 0.08374416654351047 0.20839900739906214 0.6592558513739708
0.4682425192680968 0.14477436298969815 0.30807676034443965 0.07890635739776541
0.07744940859494309 0.35125744605084663 0.45115000188703125 0.12014314346717903
0.012082138563782263 0.12164003261352452 0.32198761084905836 0.5442902179736349
0.14140647732409317 0.24215975339183637 0.018130176788222707 0.5983035924958477
0.49316914582832705 0.031083537289374297 0.3520575435422344 0.12368977334006426
0.18124673920870116 0.3383977580746096 0.19112425861149673 0.2892312441051925
0.0042243686391818525 0.39990848530876777 0.057131781171315565 0.5387353648807348
0.7478583530434783 0.014416670142801569 0.14821635065737304 0.08950862615634714
0.5989924498261213 0.021788631090291055 0.3495963481294865 0.029622570954101146
0.2056078484243279 0.04896093668037815 0.1273432008602733 0.6180880140350207
0.4237126327366172 0.07594478698987128 0.1761401923595951 0.3242023879139164
0.08281160692135792 0.18979869173754904 0.5799663730553754 0.1474233282857177
0.11667804413406246 0.12508164339803918 0.67761904226918 0.08062127019871834
0.05070618107573788 0.363257016047728 0.40395303561667617 0.18208376725985798
0.14191602324995178 0.24980933666477656 0.022721395262399247 0.5855532448228724
0.33573483475534327 0.2702123697212616 0.08455280197510484 0.3094999935482903
0.012972035348441269 0.19949112222224175 0.04671348409093712 0.7408233583383799
0.2914319969317626 0.03497387242243 0.17620695824072152 0.4973871724050859
0.10051597803343737 0.42651600663816824 0.3659283007597476 0.1070397145686468
0.13214034604363079 0.6056601564939821 0.06545643058804251 0.19674306687434462
0.4456172194857436 0.23120177518897933 0.0626309902912422 0.26055001503403485
0.5768626873946039 0.130462260603317 0.02373073561123462 0.2689443163908445
0.009641076149634054 0.24668189279911779 0.13850674583591827 0.6051702852153299
0.03062131143614244 0.3175575906915621 0.5355081326002562 0.11631296527203927
0.30882494474554445 0.10199506414664539 0.15486380484951356 0.4343161862582966
0.21232382999680055 0.47694584267034446 0.21934848971590604 0.09138183761694896
0.03230080113214473 0.17032395364749242 0.7922391173062876 0.00513612791407525
0.4587301968542785 0.01069320131881979 0.3799795755523141 0.1505970262745876
0.7254656844250924 0.011358535839761097 0.08962051743140387 0.17355526230374263
0.16898524805224135 0.37477975785778317 0.04480714058311408 0.4114278535068614
0.20194362746333638 0.11537640309673913 0.2118335670284096 0.4708464024115149
0.08013858380041572 0.28867911300017235 0.4632374532119612 0.16794484998745074
0.1633986759996532 0.46990263898350026 0.21005883809724835 0.1566398469195982
0.22781183311739128 0.061163172137026045 0.6730185879850707 0.038006406760511924
0.5585415324948819 0.04292178793208967 0.013542240429103014 0.3849944391439254
0.005496985207712246 0.31398505210031 0.16470927192456108 0.5158086907674166
0.3398264317233567 0.19477395242660311 0.09565165150155719 0.369747964348483
0.25272672201084034 0.23951436614341926 0.002872432869700181 0.5048864789760402
0.05650691521373974 0.25496468367174174 0.20193956617921593 0.4865888349353026
0.16626146009629916 0.24563925859120828 0.23780315950117492 0.35029612181131764
0.006518068261111676 0.16892076353981034 0.8057076544469631 0.01885351375211486
0.10169696846269816 0.07760747001259416 0.31578693390904855 0.5049086276156591
0.39973218054058335 0.24986333156970675 0.19540015286600265 0.15500433502370725
0.1677596659285795 0.6748265291688182 0.007616455641574982 0.14979734926102728
0.39489849372811736 0.29566197728988586 0.07426473509076281 0.23517479389123397
0.006759892617685281 0.24887498365193006 0.06547560598321867 0.678889517747166
0.1331017553532995 0.17895660032037386 0.1477275662026959 0.5402140781236308
0.0031353031412139076 0.015454979574669125 0.5959279975599034 0.3854817197242135
0.11429473047228222 0.2024509478322294 0.2142842363917915 0.4689700853036969
0.1004123372487028 0.03759669779232133 0.6487809931575245 0.2132099718014514
0.25143862771860215 0.014098943827799859 0.2943569608847646 0.4401054675688334
0.11144605757924897 0.43695270811262743 0.03193342799364418 0.4196678063144794
0.45934112693810725 0.3326086457555938 0.10047892227740529 0.10757130502889367
0.009712011032264378 0.08824978917999637 0.23408166578751988 0.6679565340002194
0.1183322671945577 0.5043412059324734 0.007409747803998279 0.3699167790689706
0.11357344354981247 0.10785267867390791 0.730587000137001 0.04798687763927867
0.12120585959037566 0.5617073154583319 0.05738927084376966 0.2596975541075228
0.585562846825345 0.031615803315089175 0.24170635226723614 0.1411149975923297
0.026061741962373874 0.5414832645896561 0.3369725193934323 0.09548247405453769
0.2565998959331838 0.20031960525790482 0.053061080890379086 0.4900194179185323
0.08835370272900134 0.5450890669205308 0.11788625230791727 0.24867097804255056
0.11820124030023071 0.7769393643594144 0.06300189079178053 0.0418575045485744
0.14775294913593906 0.5979898343110309 0.07808406501894183 0.1761731515340882
0.6585260783370275 0.2080031820883924 0.06573094604866303 0.06773979352591708
0.11271575614356144 0.0203599427563238 0.1508160082736958 0.716108292826419
0.28960174563550845 0.3770970491094685 0.2990951546924556 0.034206050562567425
0.21779505267446997 0.6866786350180669 0.021632239276426435 0.07389407303103668
0.2473434459622874 0.20915596147150806 0.351094615059112 0.19240597750709254
0.049309308339197666 0.2092056478379648 0.5312186161994713 0.21026642762336623
0.00042666958457104887 0.37587960056925473 0.21867335572515556 0.40502037412101866
0.2916022696275469 0.14562636875035373 0.15215931019247253 0.41061205142962687
0.005853708080804321 0.5110072638804508 0.01824313034070324 0.4648958976980416
0.733795782897683 0.07944316838142429 0.1790359708026088 0.007725077918283918
0.2667732915213632 0.020367017181782354 0.1710298694200285 0.5418298218768259
0.31471122592345147 0.15284797841926545 0.23980561975168047 0.2926351759056026
0.07249752386882291 0.050596849137712785 0.736193924236023 0.14071170275744127
0.058378047850259795 0.5768493466875378 0.026213422066880265 0.3385591833953221
0.12008702451275366 0.4050218597908084 0.4529561180423909 0.02193499765404705
0.2295976805503145 0.5244315567941547 0.024151496866805955 0.2218192657887249
0.26170294898138813 0.5329293119273946 0.0996276802336925 0.1057400588575248
0.33425658245188894 0.4330712120372223 0.1452807841997188 0.08739142131116995
0.08759821089865694 0.15669550723142678 0.16216477835496945 0.5935415035149468
0.08112364865712285 0.14273298857582306 0.07820723080719516 0.6979361319598589
0.00287500863498924 0.34127128504091375 0.4625315980783974 0.19332210824569962
0.5693555516919943 0.2541293847433981 0.16284865148573502 0.013666412078872647
0.032295778593133484 0.37109069646690584 0.2141072023433347 0.382506322596626
0.009418780815869554 0.43580526120946794 0.203473710870262 0.3513022471044005
0.1777547818861459 0.0855590764579649 0.4118437889361303 0.3248423527197589
0.46069585207551733 0.2567762395743872 0.04345368284919149 0.23907422550090396
0.38490762168028747 0.066469893306081 0.20451261146727684 0.3441098735463547
0.12269611873151254 0.3801212939768769 0.3213489889829332 0.1758335983086774
0.019662610122718305 0.5656231151405605 0.263937592469938 0.1507766822667832
0.4414876804616049 0.15344234720739103 0.10300769560061607 0.302062276730388
0.526082696378281 0.11349609907651415 0.3219221567851035 0.03849904776010138
0.2780496752705792 0.20021839299018485 0.16111801045045382 0.3606139212887821
0.03282866725204925 0.33977959106586453 0.029119719327593274 0.598272022354493
0.08518279398590523 0.05590694418610376 0.5423020105560918 0.3166082512718992
0.11711895889084134 0.08740904540785766 0.23829447890049305 0.557177516800808
0.19622636745377486 0.24830731206465528 0.11699944295941245 0.4384668775221574
0.05545321409925863 0.7166214351164276 0.20707567668403082 0.020849674100282933
0.44275033887814497 0.17157900868855713 0.002979336382934683 0.3826913160503632
0.37523680759424805 0.0217497184902129 0.42654612041698203 0.17646735349855702
0.31309426217701464 0.2997702477972032 0.38088664861140786 0.006248841414374318
0.10078411952406052 0.23454075798302776 0.3592893996210036 0.3053857228719081
0.15156521272949375 0.2540475240248319 0.0797426123925904 0.514644650853084
0.6918338288616555 0.07678908581265109 0.0750190649095448 0.15635802041614866
0.2713899804051031 0.3588920632534649 0.14792887145059186 0.22178908489084015
0.21663230172390224 0.08548607415743703 0.6888455108971975 0.009036113221463249
0.49940035626475954 0.2932167386937964 0.108575263138742 0.09880764190270208
0.18731677773835953 0.3098302118552636 0.18406991900130454 0.3187830914050723
0.0683179418010339 0.4501654857345879 0.0235166883730602 0.457999884091318
0.5031101351081173 0.3851716403528599 0.020722192216027002 0.0909960323229958
0.5369032762887146 0.1542903470103716 0.0911514078028638 0.21765496889805003
0.07231248074350649 0.27757641443143244 0.2733084894800306 0.37680261534503046
0.16913661771703803 0.6516765582926087 0.0834012570905398 0.09578556689981343
0.04790366004588931 0.27626459825472816 0.3527216005176531 0.3231101411817294
0.15597758652657878 0.3412073958463844 0.0871412922569994 0.41567372537003744
0.06103299939495643 0.5082821648016483 0.08735499935199831 0.3433298364513969
0.817586024830642 0.015916476043930428 0.013419176814665867 0.15307832231076168
