38 80 4 230.46935890118198 460.93871780236395
4.462958075650693 8.737370619315572 9.49779672226678 7.325424042496564 6.7027068745426615 6.453651537915382 2.80114158573914 4.486490989000311 3.3308484737628845 1.671465532777911 3.528612772100117 4.9459073603144486 5.349241392305169 8.816405376586552 5.766664456038561 6.060368298112802 5.2394980959567174 7.199578062971397 5.543457448387413 8.408581792891413 9.643304385879274 8.723298148436136 3.7825878200334797 5.947489562311442 6.892105434717362 9.557728549132003 9.772926828271322 5.03681192229157 8.193456358870508 7.55518273346095 1.7933099989141867 8.137311482392741 9.30847865998903 6.534156148694587 2.8970733333348324 3.174770692721435 4.718611113503462 7.562704356363241 1.1358131593578518 2.65850827677057 4.987300239121389 6.385594331631936 2.1447368440883694 8.306605417074806 2.960908501651923 1.8138337611607287 2.090510538352917 9.927986403563358 3.915926883821595 4.61566933131224 5.308638528420152 4.7593425200921295 3.6533159783763063 6.125566421043281 4.269571960243664 3.25062804918952 4.9768588294418645 6.411411164254938 3.965118015572658 6.834839508875302 4.755462960316149 3.616624024352459 7.203945359400133 9.27855932796127 6.213794492283658 7.03137017895726 6.795990092688062 6.962578981450701 4.521237516078967 7.559169453677082 6.724167713655339 5.122619223161215 1.2443724656672466 5.736562531255985 5.101043938117932 6.775980821484765 5.895734775425881 9.708353532048168 8.091274623607887 6.5417140889062075
0.8925916151301386 1.7474741238631144 1.899559344453356 1.4650848084993129 1.3405413749085322 1.2907303075830765 0.5602283171478281 0.8972981978000621 0.6661696947525769 0.3342931065555822 0.7057225544200234 0.9891814720628898 1.0698482784610337 1.7632810753173103 1.1533328912077123 1.2120736596225605 1.0478996191913434 1.4399156125942794 1.1086914896774824 1.6817163585782826 1.9286608771758549 1.7446596296872272 0.7565175640066959 1.1894979124622884 1.3784210869434723 1.9115457098264006 1.9545853656542644 1.0073623844583142 1.6386912717741016 1.51103654669219 0.35866199978283736 1.6274622964785483 1.861695731997806 1.3068312297389173 0.5794146666669665 0.634954138544287 0.9437222227006924 1.5125408712726482 0.22716263187157035 0.531701655354114 0.9974600478242778 1.2771188663263873 0.42894736881767387 1.6613210834149612 0.5921817003303846 0.3627667522321457 0.4181021076705834 1.9855972807126716 0.783185376764319 0.9231338662624481 1.0617277056840304 0.9518685040184259 0.7306631956752613 1.2251132842086563 0.8539143920487329 0.650125609837904 0.995371765888373 1.2822822328509875 0.7930236031145317 1.3669679017750602 0.9510925920632298 0.7233248048704918 1.4407890718800265 1.855711865592254 1.2427588984567317 1.4062740357914518 1.3591980185376125 1.3925157962901402 0.9042475032157935 1.5118338907354165 1.3448335427310678 1.024523844632243 0.2488744931334493 1.147312506251197 1.0202087876235866 1.355196164296953 1.179146955085176 1.9416707064096337 1.6182549247215774 1.3083428177812415
0.032681883466592954 0.38397440265015326 0.3204172644720832 0.2629264494111706
0.29752939595849814 0.5520965092758794 0.023840296779391035 0.12653379798623143
0.2223293912331995 0.2877727601522879 0.43950536097178006 0.05039248764273252
0.14731208958794795 0.06336616237444903 0.6821386766465457 0.10718307139105732
0.10326149406208718 0.4173748248094955 0.0916247875377123 0.387738893590705
0.03698088916499831 0.11360105073287208 0.17613906145553948 0.6732789986465901
0.0884656219527149 0.4389120798838655 0.4561670778287472 0.016455220334672394
0.448445646003794 0.3265652572213952 0.02062641676150956 0.20436268001330127
0.31018012874268597 0.17613887182864307 0.06526436991402396 0.448416629514647
0.3018397331562893 0.4099652210139443 0.006047049174702335 0.28214799665506407
0.4182691451817704 0.20306792656251393 0.1071753425219214 0.2714875857337943
0.21493613130690503 0.08678403964468373 0.23618613458771132 0.4620936944606999
0.28393989612930515 0.14140748298900196 0.1959438674908387 0.3787087533908542
0.27755361129573375 0.43652504942029946 0.08838659202312937 0.19753474726083742
0.0744326893605407 0.5884299794642343 0.1997863867317179 0.13735094444350715
0.09505049648198527 0.0979783594927972 0.000274300319028975 0.8066968437061885
0.006353076172511352 0.3814486291946436 0.49209754699073693 0.1201007476421081
0.027675815559792927 0.1626603571314046 0.20680918657064673 0.6028546407381558
0.1643808865820401 0.02827381930770534 0.46436718907788177 0.3429781050323728
0.5590898622061118 0.10744165706831554 0.17720236645861975 0.15626611426695292
0.002964390736657996 0.24823560541783085 0.489446605726791 0.25935339811872016
0.13340377784937885 0.2900470049074305 0.18369305383994694 0.3928561634032437
0.2533414804953589 0.3671323919677484 0.057845021021637355 0.3216811065152554
0.7198617230056045 0.013816162777781749 0.2571857855245262 0.00913632869208758
0.2543435934413354 0.2767702592353569 0.4119085109763956 0.05697763634691211
0.41519594952937844 0.3566988045922178 0.1560243934371125 0.07208085244129125
0.49596117875130974 0.3694300898320798 0.00971034287429906 0.12489838854231139
0.010048879290294521 0.6938103659937733 0.10538786550969792 0.19075288920623423
0.3046243964325679 0.019452795328966266 0.45711234472743945 0.2188104635110264
0.24110542539024227 0.029352568871943152 0.21089756134703308 0.5186444443907815
0.16087017820689342 0.08235046577168204 0.10866416174680538 0.6481151942746192
0.06672960380151838 0.018861383926649933 0.10565029563112738 0.8087587166407043
0.42713702421997 0.2444330749651663 0.20481566737760526 0.12361423343725841
0.21040405835529263 0.1299833127867729 0.21164049256254247 0.447972136295392
0.11069298497814384 0.015799789831319022 0.5075142860175488 0.36599293917298836
0.24534178546014596 0.16964793324882677 0.17896348280786323 0.40604679848316405
0.5352403782055861 0.3336348393588574 0.0604983911436765 0.07062639129187998
0.6074876997424916 0.028096019858318888 0.028872388855574083 0.3355438915436154
0.5640518447178356 0.35646428630037896 0.02012123437986324 0.05936263460192215
0.5330704023631755 0.20683682332327635 0.23127050873042554 0.02882226558312262
0.6337590867533814 0.19926430985449473 0.005153218398367909 0.16182338499375593
0.28603623480006535 0.3646413808717659 0.025061451257823997 0.32426093307034476
0.2890261029698594 0.22618530756408806 0.38801698281991603 0.09677160664613649
0.09077790216677328 0.43967273314310495 0.17075220205264763 0.29879716263747413
0.1834951546989625 0.13124042567712602 0.08961875192560809 0.5956456676983034
0.5608976243492427 0.1776925672395323 0.17264084076672115 0.08876896764450382
0.4172068103660618 0.17593180421390286 0.10016223631057208 0.3066991491094633
0.2860247902077643 0.13713947516905745 0.1810907760359035 0.39574495858727476
0.26542860921620604 0.20570302283771802 0.3883184566192134 0.14054991132686256
0.289446022546589 0.20807523439236153 0.44594064507909903 0.05653809798195042
0.10165542054032317 0.19709086063827708 0.5943142540389365 0.1069394647824633
0.33537422304318376 0.2960453112638959 0.10069639805818098 0.2678840676347394
0.03258792519320797 0.36615027547985024 0.04132576559579815 0.5599360337311436
0.24513265359292158 0.5093238667433211 0.16656359900117068 0.07897988066258665
0.4641624609527256 0.03271018551067162 0.30378342031156225 0.19934393322504051
0.4555706820408236 0.060330042642336434 0.027418398033100977 0.45668087728373896
0.31542506669730086 0.45191171667025876 0.0926723351586386 0.1399908814738018
0.25838227359448496 0.041831572360178426 0.13951009685446003 0.5602760571908766
0.1371847040639339 0.42559401699462573 0.08851500888138175 0.3487062700600586
0.11357636606980392 0.4393102691617983 0.06157646415056517 0.38553690061783263
0.07372250838499483 0.3787561947739778 0.31607052189501483 0.23145077494601252
0.7650879911376279 0.0952695888230487 0.08468148383079055 0.05496093620853282
0.1837497761165947 0.019734694533517394 0.09187207689745491 0.704643452452433
0.17271954420381186 0.3043676270541372 0.04465646174446347 0.47825636699758745
0.27962639873907613 0.2391975460213397 0.09896256447759044 0.38221349076199373
0.2146637089952944 0.23713053652572347 0.48773233717936604 0.060473417299616083
0.10719274156307246 0.22834398696235425 0.38407907557387533 0.28038419590069796
0.4594922551127787 0.521294603705184 0.008621270050943819 0.0105918711310935
0.17042498031255304 0.572100775912454 0.04804916374511792 0.20942508002987503
0.010148312937776627 0.2718329207763529 0.5609106213290358 0.15710814495683467
0.4155713284814757 0.2226301195190008 0.33726055888136497 0.02453799311815852
0.09512889112113898 0.3760945129448179 0.2893222194690295 0.23945437646501366
0.013365328927252507 0.7009473037868703 0.030707256761867474 0.2549801105240097
0.07358941846411016 0.12833500887895277 0.7543353921510826 0.04374018050585449
0.2029599040716853 0.17954612276906734 0.2724027270378948 0.34509124612135256
0.31748983454971325 0.4527206081132834 0.19653633160251527 0.03325322573448808
0.11448796352589508 0.6162238772345894 0.08981752851973368 0.17947063071978187
0.07252364902062769 0.5753941537432368 0.2903647332438326 0.061717463992302934
0.3037306358320607 0.013731643283131256 0.5685563762592427 0.1139813446255653
0.5988966748869333 0.10806008287172297 0.27162961720847534 0.021413625032868366
0.019853526969808466 0.4962432860942949 0.22957179213545242 0.2543313948004442
0.36011858810158326 0.18269953587026455 0.3123185640710002 0.14486331195715196
0.24932814440963513 0.40119224501593687 0.026418533840424474 0.3230610767340035
0.2362862251202137 0.11986569144569148 0.051500396119192327 0.5923476873149025
0.2953283625939106 0.28938179402377373 0.4142610817744615 0.001028761607854145
0.5215856555433336 0.1331932514391193 0.2997237337728912 0.04549735924465592
0.4409570335519626 0.07103476344289306 0.3005069729860774 0.18750123001906693
0.043028117943009314 0.7231423042556117 0.1272084070020244 0.10662117079935463
0.4998716555485203 0.19543836515083213 0.3035830626571069 0.0011069166435406785
0.30326851404266764 0.3634572146161136 0.03521835978771304 0.29805591155350575
0.48744124610992656 0.04721193449021077 0.44001697433314146 0.0253298450667212
0.06848946019364521 0.24727223986831126 0.037529780454560346 0.6467085194834832
0.23874792260587974 0.3443378268142542 0.2679583294056942 0.1489559211741719
0.2221468302720142 0.00990026636539254 0.6785689790686729 0.08938392429392039
0.07697742872354629 0.29176845961642883 0.07606538123566975 0.5551887304243551
0.6039342965557993 0.0812605554851995 0.21375279477021092 0.10105235318879024
0.3328557745444828 0.018684591016299712 0.1702656146126652 0.4781940198265523
0.0703090159330606 0.11888687743556658 0.7795700107585933 0.031234095872779477
0.04877453977030011 0.5066870432613698 0.41126078723977866 0.03327762972855142
0.22213100012321763 0.2795879820281041 0.3459475304089794 0.15233348743969888
0.3516736001656581 0.43412339544608025 0.12100406921148266 0.09319893517677902
0.02494741720345428 0.9065697452967193 0.027451086269352554 0.04103175123047387
0.20176744869904928 0.24443379554789657 0.49028060779211446 0.06351814796093969
0.6307405159508652 0.09729560372016466 0.03893543526053578 0.23302844506843434
0.24553951786378658 0.30589374566714467 0.38833885838498994 0.06022787808407881
0.03036742203995968 0.12391064015787501 0.15076388235568738 0.6949580554464779
0.5946774429692985 0.20076688302544166 0.05937448639859377 0.1451811876066661
0.07432136214775864 0.02002956082010543 0.6498556811623772 0.2557933958697587
0.08642277831693224 0.43215139095950184 0.4363143414562516 0.04511148926731434
0.40397913276619646 0.19010312536527685 0.17978428404980173 0.22613345781872496
0.008785391048810154 0.176985060135468 0.19238721681917226 0.6218423319965496
0.0741818997630852 0.42698730831441245 0.15600566266647276 0.3428251292560296
0.47777450068694205 0.17215157063855213 0.24062795280856097 0.10944597586594484
0.6759018665413904 0.1641589694921044 0.13520411370275687 0.024735050263748337
0.0630161697845858 0.11534738756644636 0.5591163439268989 0.26252009872206894
0.2779847792725961 0.2639577083367929 0.10864482638755613 0.34941268600305486
0.11088959075504634 0.3624581692950948 0.2262911687548027 0.3003610711950562
0.21672263367940092 0.19250026414668353 0.12068830560414678 0.47008879656976876
0.011416318667181291 0.2738736923473305 0.3459596499990607 0.3687503389864275
0.15058071415303587 0.3321869751088147 0.3273411789337488 0.18989113180440065
0.012019303093654399 0.8178506580873989 0.02689418004169808 0.14323585877724865
0.09556424542238118 0.7311786564301243 0.09959213448890414 0.07366496365859043
0.09831183329287396 0.1484467149977996 0.5124999282309876 0.24074152347833888
0.03955309937885587 0.14744081931179187 0.608218839413443 0.20478724189590924
0.22143177711849837 0.44918926581180685 0.31187165008129514 0.01750730698839964
0.10735643100425873 0.333317021590967 0.23215691174708586 0.3271696356576884
0.19501669384718612 0.5134301297065489 0.26489345634451644 0.026659720101748552
0.011883452129815342 0.6700530839518501 0.07698060880720559 0.24108285511112892
0.11529831124224199 0.21178854445869455 0.48788828407577745 0.18502486022328601
0.014075350395599151 0.3800649093959577 0.11595307597615534 0.4899066642322878
0.042945422500622055 0.24579915245922734 0.03451906018288364 0.676736364857267
0.18526381278191473 0.45185966767292907 0.12463350194911682 0.23824301759603939
0.26158133827553653 0.15076250784163292 0.047313358020860896 0.5403427958619696
0.1144666565477459 0.5871368604228843 0.03564183686656974 0.2627546461628001
0.21385573467038055 0.18129453081412583 0.1461571240795302 0.45869261043596343
0.07975577553770008 0.09203281044879064 0.5483711124329511 0.27984030158055817
0.3074493941972577 0.21698966127234998 0.03896271777517546 0.43659822675521687
0.21537259704425538 0.581713346437634 0.10393172165069398 0.0989823348674167
0.08008550138747739 0.1330992365635778 0.48323318687175154 0.30358207517719327
0.21091395130430157 0.049257682606561826 0.38497087058578294 0.35485749550335366
0.002447069379205802 0.04871972589515394 0.8794723824886557 0.06936082223698459
0.38900985376537145 0.29420407695667206 0.10085391420903889 0.2159321550689176
0.004516890741848911 0.16903096959911312 0.5140155581573836 0.3124365815016543
0.05874772829962427 0.6763907516862947 0.04074951293457785 0.22411200707950318
0.525529823215651 0.06852095347528553 0.2877772675412624 0.11817195576780104
0.33119581972629364 0.20584695967811928 0.06186722514520426 0.4010899954503828
0.26773915498270606 0.05237846432404403 0.11793170564489674 0.5619506750483532
0.07861307619080937 0.18290734004638887 0.46812414886010223 0.27035543490269953
0.019681820278308115 0.2577960279375685 0.036516178076638206 0.6860059737074852
0.3299100989834627 0.24904286312497892 0.07506923586059266 0.34597780203096573
0.0867727818798757 0.023402399126074114 0.7260698131573358 0.16375500583671443
0.1610557380998906 0.656028285549821 0.13011150429207596 0.05280447205821248
0.16422790169202905 0.11410899326034973 0.11381473236659967 0.6078483726810215
0.30539536087226804 0.2901273128967351 0.15870395822906158 0.24577336800193528
0.21854356333412073 0.10604124807271509 0.16661547955531064 0.5087997090378535
0.13401075129539497 0.16265228163058543 0.3989352490061706 0.304401718067849
0.3305524863638637 0.481100801686728 0.15740374718004557 0.030942964769362757
0.11965953664350171 0.4865208387902622 0.2161778092614307 0.17764181530480538
0.11403377679844862 0.41476893089000166 0.2581873702973586 0.2130099220141911
0.6648835919709462 0.043425089746706114 0.09916028949983091 0.19253102878251682
