51 20 4 43.449680955708 86.89936191141598
7.081582739531971 1.4024096398265145 4.0897330528833304 6.796177543178478 3.5579169886626056 9.544040259850046 2.4190315189638754 4.491756661804861 6.309943088250829 5.390162121815565 2.5690904742170915 2.963643050648896 6.820709897845528 3.2484826822810113 4.692231874914458 1.4295320469678625 3.911934664323683 3.629815828390938 5.008694526401623 1.5424732506568244
1.4163165479063942 0.2804819279653029 0.8179466105766661 1.3592355086356958 0.7115833977325211 1.9088080519700092 0.48380630379277506 0.8983513323609722 1.2619886176501658 1.078032424363113 0.5138180948434183 0.5927286101297792 1.3641419795691054 0.6496965364562023 0.9384463749828915 0.2859064093935725 0.7823869328647366 0.7259631656781875 1.0017389052803245 0.3084946501313649
0.5647609387245373 0.01759514182565025 0.172282311290487 0.2453616081593255
0.3499918982451613 0.25373203672606504 0.1914747935836668 0.20480127144510685
0.019103206133850748 0.40392361409611344 0.4407478195301854 0.13622536023985043
0.12445580943516521 0.04465798239734897 0.678487263865497 0.15239894430198886
0.2714129481716282 0.14362475725584023 0.23450947093331498 0.3504528236392166
0.10219360856776849 0.09421542071481714 0.6561738782533323 0.14741709246408208
0.21773232639806606 0.056803526661358794 0.30604472474580324 0.4194194221947719
0.04165497934232609 0.13283247484826277 0.07883297335799289 0.7466795724514182
0.5351890639878665 0.2688938112112669 0.09991267719401897 0.09600444760684768
0.1119554271992983 0.388443902090875 0.10047871398978303 0.3991219567200437
0.0059993948968157795 0.2027895691025562 0.6789044851689008 0.11230655083172725
0.00643476316945657 0.5277382950540395 0.11673724848551637 0.3490896932909876
0.18822175398502938 0.4168088463745626 0.0932717857536699 0.3016976138867381
0.44333588321540585 0.35550588759253565 0.08022197020838429 0.12093625898367422
0.048837312695234725 0.2634771411313279 0.6335792946329897 0.05410625154044768
0.25350302755533494 0.3510082958191767 0.2939473566341886 0.10154131999129978
0.39832616326346537 0.22945682293958403 0.35501773468643694 0.017199279110513666
0.042693217596753374 0.3896377621383147 0.5253129929083897 0.0423560273565422
0.4411269646360346 0.15590810142934264 0.385744291995021 0.01722064193960171
0.3862733543078446 0.4409337528109798 0.08543440138304925 0.08735849149812636
0.6391391135990555 0.0749822818128496 0.014589435029268238 0.27128916955882665
0.3078997273079844 0.06424845141331681 0.4973423811830415 0.13050944009565724
0.45757318184853846 0.25402023805798024 0.16556551812770903 0.12284106196577227
0.1743854069255517 0.5685351341361247 0.09995418713251036 0.15712527180581326
0.16441869059144643 0.15242612613142525 0.6045783180732686 0.07857686520385976
0.19719004195047518 0.12953624331927927 0.3622482655143682 0.3110254492158774
0.011923225907076174 0.36504037455217375 0.32151966771115803 0.30151673182959204
0.028594337529569747 0.04561772309695333 0.38946954929581634 0.5363183900776606
0.31548560488481303 0.32158522123364086 0.014977282437252382 0.3479518914442937
0.48308340685309537 0.032199330836748974 0.1588200605931711 0.32589720171698455
0.12831951148356902 0.22421037907627095 0.5387116230382196 0.10875848640194041
0.1350517709745358 0.5465848974061842 0.009439674114192886 0.3089236575050871
0.20724376815393108 0.19321059338719138 0.12849088519773588 0.47105475326114166
0.14069102805773037 0.566122251851944 0.18277354932067158 0.11041317076965407
0.1001826524548296 0.21988198895178646 0.264397669933359 0.41553768866002494
0.03030897441866809 0.4199058845182403 0.38629271014451605 0.16349243091857557
0.12370521710620608 0.02764215905976053 0.06744355904270805 0.7812090647913253
0.014417203985236382 0.3602474433059015 0.36066205384629546 0.26467329886256663
0.602780350237964 0.1466879122426218 0.07690951934918377 0.1736222181702305
0.08668495560529477 0.004031364991847863 0.30862925081870407 0.6006544285841533
