17 30 4 74.97294022027795 149.94588044055587
3.6519850241839875 5.775280800447647 2.7236870825274537 1.6111032237216223 8.08286913999922 6.907001695982699 6.737688064392723 6.180426043777306 1.3515662456997983 4.22032244035194 9.511148681365668 1.5404021228384681 8.7763789319159 8.895614735332273 1.4607429905840832 6.871767539190893 5.965762317713877 6.377619279151459 5.351757618790019 3.546893447712921 3.6795314647159447 6.05358014793725 4.5644269244232385 8.098306387110096 4.766359468112892 2.295135286977951 2.3581602497860934 1.497172151942414 7.4623347433328115 3.630856190537247
0.7303970048367975 1.1550561600895295 0.5447374165054908 0.32222064474432444 1.616573827999844 1.38140033919654 1.3475376128785446 1.2360852087554612 0.2703132491399597 0.844064488070388 1.9022297362731337 0.30808042456769363 1.75527578638318 1.7791229470664547 0.29214859811681665 1.3743535078381786 1.1931524635427755 1.275523855830292 1.070351523758004 0.7093786895425842 0.735906292943189 1.21071602958745 0.9128853848846477 1.6196612774220192 0.9532718936225784 0.4590270573955902 0.4716320499572187 0.2994344303884828 1.4924669486665623 0.7261712381074494
0.19877387220034304 0.34622470173037734 0.022992545793910635 0.432008880275369
0.4449960661200688 0.23176631958289162 0.12050534429234971 0.20273227000468985
0.7187760832244346 0.16896026866120228 0.07305140458114123 0.039212243533221836
0.3903744912765845 0.3866000893289957 0.052330183302848 0.17069523609157178
0.06570232191808534 0.06472696029053371 0.3902057813027128 0.4793649364886682
0.19744377751367526 0.3833310475730527 0.30308939264650925 0.1161357822667628
0.2738131929177843 0.5217814544357401 0.07644913859964608 0.12795621404682955
0.08273548925340335 0.2277843543919843 0.5480048252321394 0.1414753311224729
0.22019206904373745 0.5072204465304935 0.057671175689698595 0.21491630873607048
0.4537374619422069 0.11987247585883065 0.06726489164345728 0.3591251705555052
0.4981436821039962 0.01753689809354375 0.47232608137388643 0.011993338428573641
0.732112043534634 0.012867167682172331 0.12606778284815612 0.12895300593503756
0.11938639397855333 0.39531893989706257 0.34415672297128064 0.14113794315310346
0.3651236493904061 0.08382641890662235 0.0441522702894982 0.5068976614134734
0.30893876440744794 0.3521739091186228 0.28681034568249475 0.052076980791434524
0.03696914756503811 0.4458855271004082 0.22831846040337256 0.28882686493118115
0.18858420803313158 0.4553419139390068 0.2851188231270573 0.07095505490080434
0.2355311918944123 0.34990451664531375 0.2287432774349084 0.18582101402536555
0.15720954243394458 0.07781237188729573 0.12558650818296346 0.6393915774957962
0.16454035686442858 0.1827060921528032 0.44728184397929405 0.20547170700347417
0.05589661884601338 0.4241528446545412 0.1700469679943144 0.34990356850513105
0.38970628932173135 0.12167932180706831 0.43505294302575226 0.053561445845448086
0.20717010014018156 0.28586783179692143 0.49377252724424425 0.013189540818652756
0.20490864579387014 0.1089788432080595 0.22400197068987215 0.4621105403081982
0.261008943361129 0.2406000438939897 0.34225365486176174 0.15613735788311955
0.1860412125600558 0.21418279772924376 0.1925650454583302 0.40721094425237025
0.22862394187870494 0.3573697816934166 0.32730919639260436 0.0866970800352741
0.17119434728109106 0.06725171158321219 0.4828278078852586 0.27872613325043816
0.4973070777225004 0.46421977349496657 0.0252837051255822 0.01318944365695085
0.8311018280041693 0.10391486762386692 0.02306811323418889 0.041915191137774865
0.08233974921248077 0.07661899535479466 0.6724051777432456 0.16863607768947897
0.06797872826362639 0.050493536615450085 0.7695101692781225 0.11201756584280098
0.13394566757579296 0.5252597248002288 0.08437137275807483 0.25642323486590346
0.029156996519808853 0.40809499564823204 0.4007395200272842 0.16200848780467492
0.49287267416568414 0.08641140357838584 0.4050994532504022 0.015616469005527822
0.01569619295094371 0.06762920767946135 0.8710124649265192 0.045662134443075764
0.23638112638259945 0.5318093130457128 0.14791964696124305 0.08388991361044473
0.6754864430044265 0.017410441112079567 0.02274637480196795 0.284356741081526
0.06412777290220895 0.18124461755754107 0.10790886132086952 0.6467187482193805
0.10616885236333873 0.38150847710520963 0.47266846455549605 0.03965420597595559
0.08015133786402995 0.4896737080308169 0.2630458891742159 0.16712906493093727
0.4130626280958577 0.30002378089156667 0.1105335780325909 0.17638001297998473
0.3105036139431915 0.21045586738730926 0.3255820137865495 0.15345850488294976
0.5044775179915911 0.2785286031005496 0.11428115383966841 0.10271272506819085
0.1300150130737544 0.03371729541641333 0.8028978457824127 0.03336984572741952
0.5407474451942931 0.14668429887200563 0.20073882188955838 0.11182943404414292
0.26988141269516275 0.2155175734067344 0.29662877192614756 0.2179722419719553
0.5830664686753533 0.11197560472876555 0.25826061843691694 0.046697308158964224
0.1688734483529436 0.2563670157336424 0.17526686253315027 0.39949267338026373
0.21451701968577508 0.5358470288264873 0.04134526958419127 0.20829068190354638
0.23247042560172015 0.10514424205565631 0.3806270962674879 0.2817582360751356
0.8587971938450034 0.015892820470819302 0.06104369708900059 0.06426628859517669
0.600518275557823 0.22886056779563002 0.126809428691661 0.04381172795488597
0.08353762038601176 0.02257582884356879 0.21940494708269953 0.6744816036877199
0.1365644864046166 0.3935722861482418 0.34818198125805566 0.12168124618908593
0.013715933293031335 0.001999298796783955 0.552770054465982 0.43151471344420267
0.18988373787072155 0.21877916344500314 0.18155747056954308 0.40977962811473223
0.6769229790876689 0.037551498652974136 0.2073306655087518 0.07819485675060522
0.002205093485656895 0.5375401030118336 0.35838218150763246 0.10187262199487701
0.5572611177864352 0.16118012371051527 0.040709248702090695 0.24084950980095887
