80 100 4 291.0513900562864 582.1027801125726
5.697241448502293 7.294657303131976 3.4288207396565524 7.070336872200931 9.172648749819833 7.166351837434666 2.9048800959376972 3.855394667135624 3.405694644666593 2.0845568682415534 9.971712066714217 1.7239572043461462 3.5613977472096745 5.817251792705351 8.612218969814787 2.8011172246711293 8.30839196017254 4.356431118845587 8.286771169050262 1.1079573649876395 7.012624713192254 3.614717765444226 3.9044782481167575 4.759389234347514 5.3775639710032905 9.484106679650308 7.589329516202727 9.780555016602431 6.209489377418542 5.633927999497578 5.005533916463483 8.7915612406368 6.5930020300121 5.763909822556199 1.5986519317697312 5.282802808842224 3.1117214334582486 5.764473397775272 1.9219603072103988 2.357746517215772 9.536515834002842 9.768645280607117 1.6910845311199214 8.391739308803617 1.8231119913404972 7.433404213969075 6.392899744702151 2.5466488232682614 7.434520572440215 3.341134737939869 8.943900038942367 4.842014703680299 9.204594761618495 1.2615166350534701 7.640679884945866 7.178598917899796 9.567562550439176 6.602778038779493 9.72814760219283 3.404689207181576 8.43759814407789 9.721088437267866 6.888100993985793 6.177671491880544 9.243710013610775 9.241961257520156 1.0484518532059135 6.323381245126132 1.1412193724742274 2.894982635409338 7.518540771247116 2.293307352167891 7.276346403255679 4.5275047038873675 6.309847373613667 9.125948025167904 5.024557528372458 9.100865107814753 5.99938351871117 8.644849567031347 5.194841712561788 2.761531795880485 3.7421436057259645 6.367052823609587 8.862048103246572 9.698238836534733 3.038258874276514 8.041433498594888 3.5497683577137136 7.782338616986271 4.313221328845097 1.1258402978629753 8.4011373475651 2.1786871849058063 4.68096561435613 2.447150799406829 7.8313431794875195 6.994552486531546 8.303388990087225 6.929997710978237
1.1394482897004585 1.4589314606263952 0.6857641479313105 1.4140673744401862 1.8345297499639668 1.4332703674869332 0.5809760191875395 0.7710789334271249 0.6811389289333186 0.41691137364831066 1.9943424133428433 0.34479144086922925 0.712279549441935 1.1634503585410703 1.7224437939629573 0.5602234449342258 1.6616783920345077 0.8712862237691175 1.6573542338100524 0.2215914729975279 1.402524942638451 0.7229435530888452 0.7808956496233515 0.9518778468695028 1.0755127942006582 1.8968213359300616 1.5178659032405455 1.9561110033204863 1.2418978754837084 1.1267855998995155 1.0011067832926965 1.7583122481273599 1.31860040600242 1.1527819645112398 0.31973038635394624 1.0565605617684448 0.6223442866916498 1.1528946795550543 0.38439206144207977 0.47154930344315443 1.9073031668005682 1.9537290561214236 0.33821690622398426 1.6783478617607233 0.36462239826809945 1.486680842793815 1.2785799489404304 0.5093297646536523 1.486904114488043 0.6682269475879739 1.7887800077884735 0.9684029407360597 1.8409189523236988 0.252303327010694 1.5281359769891734 1.4357197835799593 1.9135125100878352 1.3205556077558986 1.945629520438566 0.6809378414363152 1.687519628815578 1.9442176874535733 1.3776201987971586 1.2355342983761088 1.848742002722155 1.8483922515040312 0.2096903706411827 1.2646762490252264 0.22824387449484548 0.5789965270818677 1.503708154249423 0.4586614704335782 1.4552692806511358 0.9055009407774735 1.2619694747227332 1.825189605033581 1.0049115056744917 1.8201730215629506 1.199876703742234 1.7289699134062695 1.0389683425123575 0.5523063591760969 0.7484287211451929 1.2734105647219174 1.7724096206493143 1.9396477673069465 0.6076517748553029 1.6082866997189775 0.7099536715427427 1.5564677233972541 0.8626442657690194 0.22516805957259506 1.6802274695130202 0.43573743698116124 0.936193122871226 0.4894301598813658 1.566268635897504 1.3989104973063093 1.660677798017445 1.3859995421956475
0.08957725429258723 0.23584597651864236 0.434561486174424 0.24001528301434638
0.08545856617175385 0.26079484468651426 0.4850421666125224 0.16870442252920947
0.45645759056447066 0.29645504364856723 0.12434165972191802 0.12274570606504409
0.14066560206830547 0.08065049671707125 0.0070594409565808425 0.7716244602580424
0.20089651177586254 0.08601889784737926 0.10680682586189794 0.6062777645148603
0.07839058241845209 0.8618018280161313 0.04001431745063233 0.01979327211478432
0.5705732028188387 0.036688019695192864 0.010000579181286717 0.3827381983046817
0.5319638710979459 0.20595741659300892 0.12156422643207243 0.1405144858769728
0.45298586504579974 0.24943590742687027 0.27318296450691204 0.024395263020417945
0.703987293430583 0.07193962837573897 0.17453809350560068 0.04953498468807738
0.11844977066355078 0.04914024909540671 0.009293211107743615 0.8231167691332989
0.19170421681453875 0.43551052874164964 0.02457566091408514 0.34820959352972647
0.0008253982792368886 0.4914650207313146 0.0787999180060518 0.4289096629833967
0.47177283790391644 0.13089569867326833 0.07113593252147477 0.32619553090134046
0.5613741362138627 0.03312476830774136 0.05157731974362245 0.3539237757347735
0.4135769173166236 0.4213426091871715 0.1172041754768447 0.04787629801936022
0.39742549606303945 0.16047553315619412 0.3279828578897368 0.11411611289102963
0.021949613134583434 0.16444909359081528 0.41195515015495554 0.40164614311964575
0.45443373671392595 0.03005687511385935 0.14938714273871134 0.36612224543350336
0.4882473613757149 0.28385139854412844 0.05179147332157552 0.17610976675858114
0.05540564892066635 0.006185806349430223 0.722795981301965 0.21561256342793844
0.3321870558511042 0.5188813062114015 0.08830100573582722 0.06063063220166709
0.14306042473054692 0.17480836255737553 0.6383410993595849 0.04379011335249261
0.24853933071324397 0.46035451786970194 0.05828274668415179 0.2328234047329023
0.554095314346297 0.09295332172386506 0.17808346957255394 0.174867894357284
0.23538600126132736 0.4539144225749623 0.30429259487347105 0.006406981290239311
0.055781114740433235 0.3119390597508964 0.5311637865752696 0.10111603893340071
0.6588279880639012 0.13078685756185138 0.14943669079953836 0.060948463574709066
0.7457211974468424 0.08549935573696066 0.08977602560187292 0.07900342121432402
0.4195856945233649 0.17974734240572532 0.2548828417231249 0.14578412134778485
0.3822847114891873 0.09570588682056413 0.06919653236327827 0.4528128693269703
0.4323577978946883 0.15940191990689934 0.1863207205232985 0.22191956167511384
0.052755900896652386 0.02681823526079663 0.2687737128520663 0.6516521509904847
0.25047747381886254 0.2597664020734558 0.3912472611441764 0.09850886296350525
0.40065111283217103 0.18102047437471358 0.005242330202419265 0.4130860825906961
0.1192183896783483 0.4106534006814362 0.30024317586178906 0.16988503377842645
0.04254870582862935 0.611371679032731 0.2742563221750094 0.07182329296363021
0.39620269063111746 0.33883567764855527 0.09840156539820533 0.16656006632212195
0.18695731906731894 0.05707590190222589 0.6778137668096443 0.07815301222081084
0.0027423988356570783 0.33193914764756993 0.43726195079551977 0.22805650272125322
0.18979802800587187 0.36072918845318513 0.003826841111205903 0.4456459424297371
0.001861747020095783 0.6080009363448247 0.2303500336589004 0.15978728297617917
0.2685522477426001 0.1914891774672589 0.08252665833951933 0.45743191645062165
0.7881777185892727 0.15863324999767792 0.014144564712219365 0.03904446670083006
0.566517661081349 0.038674769937794395 0.017568270091253613 0.37723929888960295
0.22366692291293355 0.5168687698272733 0.03163373649723056 0.22783057076256263
0.11406373477636289 0.07126107730417619 0.4866823590058089 0.327992828913652
0.16467370916805457 0.5325108427050809 0.20051604359553798 0.10229940453132658
0.1260930804873739 0.06699650252271439 0.6367938341468615 0.1701165828430502
0.2817559384109529 0.6692601241102856 0.02928794045305383 0.01969599702570768
0.32511727077996166 0.10219345378917144 0.1422062009298387 0.4304830745010282
0.22105955755555395 0.6296775673270055 0.0990556848839651 0.05020719023347542
0.10087003187167454 0.1021996150434773 0.020170516285752282 0.7767598367990959
0.10566563193366996 0.1939357186621301 0.3614967590515409 0.33890189035265905
0.045187412685594563 0.8758148307160041 0.05485054982247073 0.02414720677593063
0.7096191559535254 0.19836086791967267 0.07532563732399478 0.01669433880280713
0.3220308952939219 0.05746505887820896 0.38720211327536735 0.23330193255250176
0.2713990278346582 0.06522086052554854 0.28381987027781885 0.3795602413619744
0.22776384003317074 0.026739072428526245 0.32588715423197845 0.41960993330632457
0.39188173249406466 0.1747726001935559 0.10033260851118964 0.3330130588011898
0.48629924490408616 0.39592119234535994 0.10017630481700024 0.017603257933553662
0.2578329399982736 0.05094553174482752 0.10928841378400922 0.5819331144728896
0.11580587495867956 0.7196804533680707 0.05852506183067252 0.10598860984257719
0.06946777252922465 0.3465754998852658 0.5705904890356426 0.01336623854986696
0.18457203029639313 0.2511788139289528 0.3963163928718064 0.16793276290284764
0.09297932475807713 0.24381189156559435 0.07044824916274717 0.5927605345135813
0.0708954641601558 0.8236123899290304 0.07688566166520316 0.02860648424561063
0.20164529528621622 0.7371505602990409 0.042085755457268004 0.019118388957474863
0.007184732572797281 0.06712386403891968 0.36160616127760625 0.5640852421106768
0.5998859299820566 0.14645899214433622 0.21120400385691973 0.04245107401668746
0.7803548356997483 0.17219203897256963 0.02776572371816255 0.01968740160951954
0.5865733426568641 0.08259898238096963 0.16191904705327909 0.16890862790888717
0.026774527801478154 0.27672122572230307 0.4949196658521069 0.2015845806241119
0.28826588085035654 0.37231824140334613 0.2518513131910419 0.08756456455525541
0.039046987761337304 0.22115390232457977 0.45705357471447006 0.2827455351996129
0.23471516061784814 0.42526556918314395 0.2395208599530485 0.1004984102459594
0.18463333837046692 0.3714260629106525 0.3461042132395976 0.09783638547928297
0.3770937307415071 0.47013170913573776 0.005858913118106157 0.14691564700464899
0.389054606169968 0.3061063655846684 0.20391349657769142 0.10092553166767215
0.15139364383501586 0.5724691198002196 0.14344088673862065 0.13269634962614385
0.04130006169423084 0.005217498372656837 0.8651926869831799 0.08828975294993247
0.05459836402721008 0.381653242869744 0.37550282753629405 0.18824556556675187
0.07767823146449349 0.14268060466090005 0.7404467110902974 0.03919445278430911
0.04009908723458688 0.15289345319160552 0.23945638968377936 0.5675510698900282
0.1454702023764396 0.3937063729413335 0.26304953983350343 0.1977738848487235
0.00358471229906443 0.000929347419181048 0.3686039639477009 0.6268819763340536
0.2209439884994202 0.17572799049853494 0.3825486612645199 0.22077935973752494
0.2528379409239543 0.2957978023962059 0.2529486249966604 0.19841563168317944
0.11352052385297184 0.3995600932803469 0.14842606518162604 0.3384933176850552
0.08495285953640552 0.2948534940321673 0.4895688910343554 0.13062475539707175
0.1391063789417316 0.1438555363425762 0.07303447254917639 0.6440036121665158
0.20951982652025458 0.15243393703600983 0.00014448907240882658 0.6379017473713268
0.28300378309696594 0.07661718870129186 0.2182103353091983 0.4221686928925439
0.2390053889957633 0.7082144578027816 0.04730991661445039 0.00547023658700474
0.12555095368822378 0.2559793803326943 0.30165608336952965 0.3168135826095523
0.24093733374795268 0.16378476302557277 0.08123472017065503 0.5140431830558195
0.2846948007987896 0.12382183636313804 0.445230603490229 0.14625275934784332
0.3444138571179649 0.040272238748378264 0.2459664120142372 0.36934749211941964
0.16110734825660344 0.08549489634270635 0.16231243631496806 0.5910853190857221
0.28235757677606965 0.3372486212208722 0.30580904986096047 0.0745847521420977
0.12765165710234982 0.08865959735616369 0.4539876911351137 0.32970105440637276
0.17989323401071577 0.0003208100600933239 0.22093913822930655 0.5988468176998843
0.013414863053786141 0.6473326136747365 0.05924931774786346 0.2800032055236139
0.11461667700655731 0.01819020772490565 0.6213056736843501 0.24588744158418696
0.3083279007473647 0.07105865434173197 0.27497664472262806 0.34563680018827525
0.12291832581004791 0.35811715056070315 0.05931830725372955 0.4596462163755194
0.4289931250990495 0.17062047291279814 0.014135380754305982 0.38625102123384636
0.0931599099434981 0.3968242690488818 0.34102892842279364 0.16898689258482646
0.22509763356154622 0.12440676213604052 0.07687975659698232 0.573615847705431
0.16057726579085174 0.08119470945824059 0.4835875788485975 0.2746404459023102
0.2629612477622032 0.3198472994286292 0.405037134067905 0.012154318741262604
0.11221917389611458 0.04639958568078317 0.27751685510243507 0.5638643853206672
0.039038326506971144 0.0725515981523881 0.048958875154901604 0.8394512001857392
0.1803522443004436 0.28458933276790543 0.4840534694947264 0.05100495343692457
0.13457386579026587 0.27388480292196893 0.10189362617085529 0.4896477051169099
0.7625696352146939 0.07780393554388465 0.000807866581747696 0.15881856265967376
0.01371898409950345 0.7490996912852401 0.16636261426646626 0.07081871034879017
0.19181907158547007 0.3406882946010399 0.19127922015208265 0.2762134136614074
0.11767527833891311 0.11116665269913639 0.5834326825765757 0.18772538638537484
0.18091908648935706 0.3049457461206555 0.4223481279262017 0.09178703946378575
0.006584352091248968 0.8360224303117226 0.14625876277175331 0.011134454825275086
0.16070233244557597 0.07892388723978117 0.19571180334120852 0.5646619769734343
0.23172476975456835 0.09400721528577916 0.05428405830636207 0.6199839566532904
0.6861709283326246 0.0007422119863431664 0.11845687809793781 0.1946299815830944
0.2788936893750258 0.3712341745792128 0.24038117436779194 0.10949096167796946
0.1830964490609608 0.40598221574306925 0.2856304811581373 0.1252908540378327
0.42576223001288804 0.3008310927733199 0.15691811826267155 0.11648855895112054
0.1170436387955538 0.0972356504622629 0.746381213229503 0.03933949751268029
0.4570023299317433 0.2405774029161516 0.03563287772176882 0.2667873894303363
0.5084652081766594 0.04432681720570952 0.004585543455689733 0.44262243116194133
0.4740661413952286 0.414575247299904 0.05068410333998752 0.06067450796487983
0.034225430974804016 0.04488068818452995 0.7625428133041936 0.15835106753647243
0.3541816600905263 0.4159616870762024 0.13509102091453262 0.09476563191873866
0.3169734200312715 0.11619323526652392 0.38390304637583506 0.18293029832636953
0.6507897334570445 0.1395155698394821 0.0017575380740844082 0.207937158629389
0.5801269799739017 0.06856113892413285 0.08072698518023558 0.27058489592172985
0.2560808826282105 0.5075326031883195 0.056711548469159156 0.17967496571431085
0.7135443580704889 0.16137902634852952 0.01678523742138094 0.10829137815960066
0.05509849919590892 0.42953472381545876 0.10867880131531882 0.4066879756733135
0.3488426625354667 0.28925805021180107 0.30908478503229897 0.05281450222043327
0.822513280239015 0.043563937490645355 0.06342535365110735 0.07049742861923225
0.13529198342785498 0.19113541737685602 0.2237204472230656 0.4498521519722234
0.12988175687240533 0.11928017419938663 0.1372549111698449 0.6135831577583631
0.5007256103383423 0.25183778527948486 0.21952965168877991 0.02790695269339294
0.32611602234775205 0.05929609047203177 0.12579104269047792 0.48879684448973826
0.016966687010190107 0.037403818320788096 0.3384129146228655 0.6072165800461563
0.2581285302763373 0.3169644533555035 0.17957001164108433 0.24533700472707487
0.27001262473727417 0.02322337364232474 0.15412720740382502 0.5526367942165761
0.4600772741335595 0.024590309563170876 0.31470039992469245 0.2006320163785772
0.04256091806089002 0.12288378787861454 0.1344957686882976 0.7000595253721978
0.14624420646422398 0.06295717281446933 0.09935313210137786 0.6914454886199288
0.05149868096593724 0.02161721116740145 0.674791856095356 0.25209225177130534
0.6979626598651765 0.055820483598514214 0.07040371992512273 0.17581313661118658
0.12213232570750365 0.1151752915331451 0.6346399597571838 0.12805242300216746
0.3689861490182139 0.10453470265661846 0.4515786266252484 0.07490052169991923
0.31727175360510507 0.31854642732027616 0.0489059379764919 0.3152758810981269
0.11659377516536551 0.07572626757650236 0.6737718629705122 0.13390809428761996
0.2794906968792993 0.26997401745716554 0.07305915858735379 0.3774761270761814
0.2796719260183974 0.07249831774554916 0.6449684976115594 0.0028612586244940452
0.2941376180744566 0.48022450254950155 0.06110520071676928 0.16453267865927257
0.3094807723501839 0.44496851126133996 0.15206417146108064 0.0934865449273955
0.20560108786506703 0.20713520075532144 0.43871048775803756 0.14855322362157397
0.42598820473500143 0.019212598538302927 0.27966576120550957 0.2751334355211861
0.3737286826935805 0.15749705381613466 0.022099482509440715 0.4466747809808441
0.005701698674345113 0.730594443435928 0.18652987768539908 0.07717398020432775
0.2842592487167265 0.24548814950724074 0.4455412191905034 0.024711382585529407
0.03524243184443987 0.815525008617455 0.07007703720091907 0.07915552233718604
0.4144393164666753 0.18505910494407563 0.06017842255916117 0.3403231560300879
0.5338881481942539 0.04450963551459286 0.2769298425616654 0.14467237372948782
0.41433165264469785 0.005939900318987501 0.19882176518186379 0.38090668185445087
0.03911983805516517 0.0376737730869221 0.3384750070010246 0.5847313818568881
0.08437199759983194 0.03185853183151921 0.4927716067183887 0.39099786385026014
0.4763633237075613 0.004378117084030242 0.39055256765099433 0.12870599155741413
0.6859262845798506 0.18604183309758715 0.09239788673062899 0.035633995591933254
0.05724412904188014 0.22897334447018858 0.5609077472672547 0.1528747792206766
0.1923323786673602 0.05503110953795265 0.752604098400277 3.2413394410180096e-05
0.26278935292282324 0.18031527419037108 0.06288843625207874 0.49400693663472695
0.32037227689463255 0.1651180809565771 0.13220833391831965 0.3823013082304707
0.2757230009325585 0.044873610358133864 0.084293212265374 0.5951101764439336
0.12061620453639965 0.048784887440288416 0.7594621136256473 0.07113679439766463
0.3011231478863651 0.34975404263726995 0.017046326375592336 0.33207648310077265
0.4301528726464755 0.10556270235086129 0.02091134019328844 0.44337308480937476
0.47789071687094486 0.2094952458558217 0.14726321373018536 0.1653508235430481
0.1983637294477738 0.14868096396312702 0.6281683026509749 0.024787003938124275
0.5444243865164472 0.2912013104900194 0.15036758790113203 0.014006715092401367
0.5803671834253017 0.09176558135486323 0.08085132295035513 0.24701591226947994
0.056139055839818486 0.09881152083083389 0.5142219809027874 0.33082744242656026
0.07337914668392387 0.03812318801238246 0.0015439895275347615 0.8869536757761589
0.09009662588470191 0.7108711840068686 0.1841361942848716 0.01489599582355794
0.4519815856099978 0.15701453663345277 0.19594789402459367 0.19505598373195576
0.0779596254407997 0.21776729093402514 0.43045163220059235 0.2738214514245828
0.10790099302938994 0.24677469363134097 0.4072384364463313 0.2380858768929378
0.21255564121295745 0.03689778117012177 0.5400494225102676 0.21049715510665323
0.3760537890972404 0.11233440052104071 0.4157569618883378 0.0958548484933811
0.03073305479445021 0.42840547339033386 0.38604045841302914 0.1548210134021868
0.8951525566637984 0.05224641226445814 0.04092495519860895 0.011676075873134462
0.41349198976557655 0.3342616762400129 0.15462164475128415 0.0976246892431264
0.3053444368182805 0.08308946757067626 0.33615049664009355 0.2754155989709497
0.06467604820846362 0.017942769180755547 0.24717367855667405 0.6702075040541068
0.40649476509364846 0.3044627711489154 0.2644263715115929 0.02461609224584327
