89 10 4 17.782288676494495 35.56457735298899
5.4972488842195055 3.3034342088050317 3.3229056788971705 1.872295384952477 6.077666031057322 1.1439106611449883 2.3733570599552687 5.322229575057099 1.8988548379526777 4.75267503094745
1.099449776843901 0.6606868417610063 0.6645811357794341 0.3744590769904954 1.2155332062114643 0.22878213222899765 0.4746714119910537 1.0644459150114198 0.3797709675905355 0.9505350061894899
0.10188615308169013 0.012718218856256014 0.7990464415253058 0.08634918653674806
0.5877915544482261 0.07768988462643589 0.16495165015990565 0.1695669107654324
0.3452835388361567 0.1518192052870485 0.3089280970954119 0.19396915878138288
0.17745402485741135 0.16999347933490827 0.6311359645433803 0.021416531264300098
0.18745545371357453 0.020327714249142925 0.03213410173917386 0.7600827302981087
0.3175160805958207 0.25810097432991386 0.3650062511625919 0.05937669391167355
0.2888216704755264 0.11966488919658869 0.3816221286471472 0.2098913116807377
0.056775147737257003 0.201921520999381 0.2748160809295326 0.46648725033382943
0.6464453907251302 0.0008776362783455838 0.309476816309867 0.04320015668665722
0.2007603924487681 0.15594692856288828 0.21619095681308198 0.42710172217526166
0.3507195103050377 0.054980929076618446 0.3069079511205278 0.28739160949781606
0.06309848578196642 0.06010120340206837 0.015159681877579434 0.8616406289383858
0.19839123813362403 0.3363452341235712 0.3936581487078594 0.07160537903494535
0.10402860390337565 0.10875792341280077 0.2902579775819779 0.49695549510184567
0.040313748696565344 0.5059289547921654 0.44646127555284587 0.00729602095842341
0.17379773826141431 0.1443831232932784 0.09727361220351816 0.5845455262417891
0.06561563068621978 0.5121784425334474 0.04366236968725268 0.3785435570930802
0.2598290882470927 0.26350095930179906 0.09231352646074753 0.3843564259903607
0.05946706042689531 0.03661185291790925 0.7639927550544048 0.13992833160079066
0.230436419739672 0.6920512269628566 0.06568048091183254 0.011831872385638875
