38 50 4 143.2514353631789 286.50287072635786
4.462958075650693 8.737370619315572 9.49779672226678 7.325424042496564 6.7027068745426615 6.453651537915382 2.80114158573914 4.486490989000311 3.3308484737628845 1.671465532777911 3.528612772100117 4.9459073603144486 5.349241392305169 8.816405376586552 5.766664456038561 6.060368298112802 5.2394980959567174 7.199578062971397 5.543457448387413 8.408581792891413 9.643304385879274 8.723298148436136 3.7825878200334797 5.947489562311442 6.892105434717362 9.557728549132003 9.772926828271322 5.03681192229157 8.193456358870508 7.55518273346095 1.7933099989141867 8.137311482392741 9.30847865998903 6.534156148694587 2.8970733333348324 3.174770692721435 4.718611113503462 7.562704356363241 1.1358131593578518 2.65850827677057 4.987300239121389 6.385594331631936 2.1447368440883694 8.306605417074806 2.960908501651923 1.8138337611607287 2.090510538352917 9.927986403563358 3.915926883821595 4.61566933131224
0.8925916151301386 1.7474741238631144 1.899559344453356 1.4650848084993129 1.3405413749085322 1.2907303075830765 0.5602283171478281 0.8972981978000621 0.6661696947525769 0.3342931065555822 0.7057225544200234 0.9891814720628898 1.0698482784610337 1.7632810753173103 1.1533328912077123 1.2120736596225605 1.0478996191913434 1.4399156125942794 1.1086914896774824 1.6817163585782826 1.9286608771758549 1.7446596296872272 0.7565175640066959 1.1894979124622884 1.3784210869434723 1.9115457098264006 1.9545853656542644 1.0073623844583142 1.6386912717741016 1.51103654669219 0.35866199978283736 1.6274622964785483 1.861695731997806 1.3068312297389173 0.5794146666669665 0.634954138544287 0.9437222227006924 1.5125408712726482 0.22716263187157035 0.531701655354114 0.9974600478242778 1.2771188663263873 0.42894736881767387 1.6613210834149612 0.5921817003303846 0.3627667522321457 0.4181021076705834 1.9855972807126716 0.783185376764319 0.9231338662624481
0.29481288648625625 0.06847288687415087 0.11545184090849869 0.5212623857310942
0.3294575572858509 0.08781610497149894 0.02459954101396844 0.5581267967286817
0.5793104991426287 0.06468840004493381 0.045328362968007796 0.3106727378444297
0.02715249618524962 0.3640961167124134 0.24477002195293018 0.3639813651494068
0.4556715486797702 0.08829898192310548 0.24394887202022297 0.21208059737690133
0.032681883466592954 0.38397440265015326 0.3204172644720832 0.2629264494111706
0.29752939595849814 0.5520965092758794 0.023840296779391035 0.12653379798623143
0.2223293912331995 0.2877727601522879 0.43950536097178006 0.05039248764273252
0.14731208958794795 0.06336616237444903 0.6821386766465457 0.10718307139105732
0.10326149406208718 0.4173748248094955 0.0916247875377123 0.387738893590705
0.03698088916499831 0.11360105073287208 0.17613906145553948 0.6732789986465901
0.0884656219527149 0.4389120798838655 0.4561670778287472 0.016455220334672394
0.448445646003794 0.3265652572213952 0.02062641676150956 0.20436268001330127
0.31018012874268597 0.17613887182864307 0.06526436991402396 0.448416629514647
0.3018397331562893 0.4099652210139443 0.006047049174702335 0.28214799665506407
0.4182691451817704 0.20306792656251393 0.1071753425219214 0.2714875857337943
0.21493613130690503 0.08678403964468373 0.23618613458771132 0.4620936944606999
0.28393989612930515 0.14140748298900196 0.1959438674908387 0.3787087533908542
0.27755361129573375 0.43652504942029946 0.08838659202312937 0.19753474726083742
0.0744326893605407 0.5884299794642343 0.1997863867317179 0.13735094444350715
0.09505049648198527 0.0979783594927972 0.000274300319028975 0.8066968437061885
0.006353076172511352 0.3814486291946436 0.49209754699073693 0.1201007476421081
0.027675815559792927 0.1626603571314046 0.20680918657064673 0.6028546407381558
0.1643808865820401 0.02827381930770534 0.46436718907788177 0.3429781050323728
0.5590898622061118 0.10744165706831554 0.17720236645861975 0.15626611426695292
0.002964390736657996 0.24823560541783085 0.489446605726791 0.25935339811872016
0.13340377784937885 0.2900470049074305 0.18369305383994694 0.3928561634032437
0.2533414804953589 0.3671323919677484 0.057845021021637355 0.3216811065152554
0.7198617230056045 0.013816162777781749 0.2571857855245262 0.00913632869208758
0.2543435934413354 0.2767702592353569 0.4119085109763956 0.05697763634691211
0.41519594952937844 0.3566988045922178 0.1560243934371125 0.07208085244129125
0.49596117875130974 0.3694300898320798 0.00971034287429906 0.12489838854231139
0.010048879290294521 0.6938103659937733 0.10538786550969792 0.19075288920623423
0.3046243964325679 0.019452795328966266 0.45711234472743945 0.2188104635110264
0.24110542539024227 0.029352568871943152 0.21089756134703308 0.5186444443907815
0.16087017820689342 0.08235046577168204 0.10866416174680538 0.6481151942746192
0.06672960380151838 0.018861383926649933 0.10565029563112738 0.8087587166407043
0.42713702421997 0.2444330749651663 0.20481566737760526 0.12361423343725841
0.21040405835529263 0.1299833127867729 0.21164049256254247 0.447972136295392
0.11069298497814384 0.015799789831319022 0.5075142860175488 0.36599293917298836
0.24534178546014596 0.16964793324882677 0.17896348280786323 0.40604679848316405
0.5352403782055861 0.3336348393588574 0.0604983911436765 0.07062639129187998
0.6074876997424916 0.028096019858318888 0.028872388855574083 0.3355438915436154
0.5640518447178356 0.35646428630037896 0.02012123437986324 0.05936263460192215
0.5330704023631755 0.20683682332327635 0.23127050873042554 0.02882226558312262
0.6337590867533814 0.19926430985449473 0.005153218398367909 0.16182338499375593
0.28603623480006535 0.3646413808717659 0.025061451257823997 0.32426093307034476
0.2890261029698594 0.22618530756408806 0.38801698281991603 0.09677160664613649
0.09077790216677328 0.43967273314310495 0.17075220205264763 0.29879716263747413
0.1834951546989625 0.13124042567712602 0.08961875192560809 0.5956456676983034
0.25006978324328 0.1676349412114011 0.15180265566123907 0.43049261988407983
0.2907360027058288 0.3105319044336088 0.04704759384670709 0.35168449901385535
0.6625087757167445 0.007643466389617659 0.24968768322266788 0.08016007467096997
0.4580688025734684 0.06821592312164104 0.2025118802690108 0.2712033940358798
0.6157460098784675 0.026029636953173063 0.3258191900626003 0.03240516310575914
0.019853526969808466 0.4962432860942949 0.22957179213545242 0.2543313948004442
0.36011858810158326 0.18269953587026455 0.3123185640710002 0.14486331195715196
0.24932814440963513 0.40119224501593687 0.026418533840424474 0.3230610767340035
0.2362862251202137 0.11986569144569148 0.051500396119192327 0.5923476873149025
0.2953283625939106 0.28938179402377373 0.4142610817744615 0.001028761607854145
0.5215856555433336 0.1331932514391193 0.2997237337728912 0.04549735924465592
0.4409570335519626 0.07103476344289306 0.3005069729860774 0.18750123001906693
0.043028117943009314 0.7231423042556117 0.1272084070020244 0.10662117079935463
0.4998716555485203 0.19543836515083213 0.3035830626571069 0.0011069166435406785
0.30326851404266764 0.3634572146161136 0.03521835978771304 0.29805591155350575
0.48744124610992656 0.04721193449021077 0.44001697433314146 0.0253298450667212
0.06848946019364521 0.24727223986831126 0.037529780454560346 0.6467085194834832
0.23874792260587974 0.3443378268142542 0.2679583294056942 0.1489559211741719
0.2221468302720142 0.00990026636539254 0.6785689790686729 0.08938392429392039
0.07697742872354629 0.29176845961642883 0.07606538123566975 0.5551887304243551
0.6039342965557993 0.0812605554851995 0.21375279477021092 0.10105235318879024
0.3328557745444828 0.018684591016299712 0.1702656146126652 0.4781940198265523
0.0703090159330606 0.11888687743556658 0.7795700107585933 0.031234095872779477
0.04877453977030011 0.5066870432613698 0.41126078723977866 0.03327762972855142
0.22213100012321763 0.2795879820281041 0.3459475304089794 0.15233348743969888
0.3516736001656581 0.43412339544608025 0.12100406921148266 0.09319893517677902
0.02494741720345428 0.9065697452967193 0.027451086269352554 0.04103175123047387
0.20176744869904928 0.24443379554789657 0.49028060779211446 0.06351814796093969
0.6307405159508652 0.09729560372016466 0.03893543526053578 0.23302844506843434
0.24553951786378658 0.30589374566714467 0.38833885838498994 0.06022787808407881
0.03036742203995968 0.12391064015787501 0.15076388235568738 0.6949580554464779
0.5946774429692985 0.20076688302544166 0.05937448639859377 0.1451811876066661
0.07432136214775864 0.02002956082010543 0.6498556811623772 0.2557933958697587
0.08642277831693224 0.43215139095950184 0.4363143414562516 0.04511148926731434
0.40397913276619646 0.19010312536527685 0.17978428404980173 0.22613345781872496
0.008785391048810154 0.176985060135468 0.19238721681917226 0.6218423319965496
0.0741818997630852 0.42698730831441245 0.15600566266647276 0.3428251292560296
0.47777450068694205 0.17215157063855213 0.24062795280856097 0.10944597586594484
0.6759018665413904 0.1641589694921044 0.13520411370275687 0.024735050263748337
0.0630161697845858 0.11534738756644636 0.5591163439268989 0.26252009872206894
0.2779847792725961 0.2639577083367929 0.10864482638755613 0.34941268600305486
0.11088959075504634 0.3624581692950948 0.2262911687548027 0.3003610711950562
0.21672263367940092 0.19250026414668353 0.12068830560414678 0.47008879656976876
0.011416318667181291 0.2738736923473305 0.3459596499990607 0.3687503389864275
0.15058071415303587 0.3321869751088147 0.3273411789337488 0.18989113180440065
0.012019303093654399 0.8178506580873989 0.02689418004169808 0.14323585877724865
0.09556424542238118 0.7311786564301243 0.09959213448890414 0.07366496365859043
0.09831183329287396 0.1484467149977996 0.5124999282309876 0.24074152347833888
0.03955309937885587 0.14744081931179187 0.608218839413443 0.20478724189590924
0.22143177711849837 0.44918926581180685 0.31187165008129514 0.01750730698839964
