25 30 4 78.06371804100264 156.12743608200532
8.831117229644907 6.240492358053038 3.5095504663096215 2.673201088811613 4.699901151326019 2.0563799242124396 7.164718699367215 4.938499536936854 6.006063926547732 4.303722894573915 4.621291559327826 2.017366306249567 5.0232776164074044 6.269006048599321 2.4578659346044445 5.686469092474152 3.9344601352404296 7.292676141499969 4.297550940246553 8.527370574394496 5.332086489227656 5.648520681926749 4.4474331535243214 9.977868062898226 5.628200394266011 6.0314794689562365 1.3100479129771432 7.479370237306012 4.789031928465182 4.93241612763024
1.7662234459289814 1.2480984716106076 0.7019100932619243 0.5346402177623226 0.9399802302652038 0.41127598484248795 1.432943739873443 0.9876999073873709 1.2012127853095464 0.860744578914783 0.9242583118655652 0.4034732612499134 1.0046555232814809 1.2538012097198643 0.4915731869208889 1.1372938184948302 0.7868920270480859 1.458535228299994 0.8595101880493106 1.7054741148788992 1.0664172978455313 1.12970413638535 0.8894866307048643 1.9955736125796453 1.1256400788532022 1.2062958937912474 0.2620095825954286 1.4958740474612022 0.9578063856930363 0.986483225526048
0.28170075378898063 0.008103590983255415 0.379807933334966 0.33038772189279797
0.07714031987919201 0.48210174162236974 0.26910419207174163 0.17165374642669662
0.29543189013568993 0.013825695500857216 0.6488347518975947 0.0419076624658582
0.07674224020171683 0.011960177482565948 0.043718136027335874 0.8675794462883814
0.6551461402465864 0.024705446936591047 0.03920297036548903 0.28094544245133357
0.39654162919866054 0.31601012446014276 0.12960250491207825 0.15784574142911845
0.027473941374380195 0.3465153028935346 0.17378877249119828 0.4522219832408869
0.1690414563978564 0.42184390507967673 0.24604280244343568 0.1630718360790312
0.21506437107336818 0.1203014779948558 0.42384180237351854 0.24079234855825749
0.021376281366212724 0.07306330900857227 0.018309452025216166 0.8872509575999988
0.033682798780728995 0.14094328799749756 0.5148111861222133 0.3105627270995601
0.0843622262855469 0.004191543415058119 0.7170588787514852 0.19438735154790976
0.24437951602435493 0.00866471687457504 0.2255668477647338 0.5213889193363362
0.3200071264548999 0.1695139218634817 0.4690191905358211 0.0414597611457973
0.3581746375941489 0.027897983330225862 0.21588858674290035 0.3980387923327249
0.08570312337117136 0.09730672278610897 0.22661192300025912 0.5903782308424605
0.5828703770935633 0.3308808101270019 0.08451638079142476 0.001732431988010097
0.3236036385238463 0.02745100288067215 0.6434268308863138 0.00551852770916772
0.49932527745900834 0.2977736744809678 0.16322030769081708 0.03968074036920677
0.2459858565996741 0.12721277408150466 0.004051626474668613 0.6227497428441526
0.04444198706739688 0.5443065356577622 0.16579399845980625 0.24545747881503466
0.19807449786873876 0.1856297037901481 0.3794132416255074 0.23688255671560576
0.5372399039534632 0.18303963171888238 0.09567743446481891 0.1840430298628355
0.01534090572860014 0.07684800290431437 0.24141504083384457 0.6663960505332409
0.28584169213022836 0.14137075085409134 0.13537426055515733 0.43741329646052296
0.05532146800472615 0.38172987530280567 0.32020803637600104 0.24274062031646715
0.06917660160030148 0.07079214056183047 0.11169010648052824 0.7483411513573398
0.05952488938339007 0.19894862518527834 0.4741062273074409 0.2674202581238907
0.3195982637534255 0.5293675765469763 0.014224175086321456 0.13680998461327676
0.42498833052394713 0.05471785317749822 0.20244709540022143 0.3178467208983332
0.4560687504885217 0.06975021297620021 0.37445537459199096 0.09972566194328714
0.6448620703608028 0.1004217614196834 0.07841062014456301 0.1763055480749508
0.5123759884616795 0.011877727414698502 0.3589472400076762 0.11679904411594577
0.3310438226975936 0.3106729083902364 0.12476908349200411 0.2335141854201659
0.4152192354183156 0.09399384404239808 0.09290727835174706 0.39787964218753924
0.09793715214676801 0.34288393554283103 0.3843178761685736 0.17486103614182735
0.20625729961374029 0.04567996324686441 0.6617385568541518 0.08632418028524347
0.16365152801194183 0.6033428012716726 0.008208841847921144 0.22479682886846442
0.47239795478750024 0.20416340288507717 0.23553264167564691 0.08790600065177567
0.5668296093599882 0.09404471753386645 0.17028824289209832 0.16883743021404707
0.4918456636903529 0.29876096536273244 0.005364553306112185 0.2040288176408025
0.08564645309057428 0.3837472169003474 0.46815659257181186 0.06244973743726645
0.19040067625794943 0.5719385714336912 0.1304663387194509 0.10719441358890847
0.29635068449949553 0.4659668388342034 0.029263882211892356 0.2084185944544087
0.006597664201326903 0.19011666815481731 0.025236544705189545 0.7780491229386662
0.015087390905166198 0.09447425142930277 0.6380338613967163 0.2524044962688148
0.15001405082385155 0.16260549892359888 0.6133209879285823 0.07405946232396732
0.12496399018079785 0.40609433449364496 0.2753590430991242 0.19358263222643302
0.11986628696399715 0.41960814400861357 0.2616494761657583 0.198876092861631
0.06345742593276682 0.010658426292934342 0.5526672360439419 0.373216911730357
0.2930118811346868 0.6602355402710628 0.03469284566130593 0.012059732932944489
0.04296878218210631 0.7379726463332835 0.08330054459590308 0.13575802688870708
0.06683133145592302 0.06228980700733611 0.397555557265139 0.47332330427160185
0.11671916814082994 0.05498521132711409 0.3744996554820492 0.45379596505000674
0.3981472048978115 0.012784160996276439 0.4748942657879329 0.11417436831797911
0.6170603100656888 0.31148346684974515 0.04733694223161733 0.024119280852948677
0.6050391293007165 0.10677409202542276 0.2563361498084945 0.03185062886536627
0.02612698446065609 0.3367601360303819 0.08857142799768225 0.5485414515112798
0.2603223447124632 0.059113260365973974 0.21048835292549029 0.47007604199607256
0.16201095566638912 0.18656039868115315 0.5437960289630501 0.1076326166894076
