5 30 4 76.79741278447945 153.59482556895892
2.9979385398076555 8.836590755596387 2.8604723980548377 9.267498171441295 5.395700699153462 6.505694766123812 7.89317070832284 5.665761890856489 3.6712045141859977 2.6894910579512645 1.7266714188838739 7.64596266579073 4.971783006063578 2.4247888094138608 8.91943328081151 3.4667781579300216 4.728115171729462 3.6647193946028316 6.65909117991535 6.218540291705906 6.399362769624888 3.392372057819565 3.5621729257722743 3.2822938519640874 3.948075529198607 2.297478705880784 2.4905157508114084 9.675374761611476 9.642040437571245 2.6957319003634166
0.599587707961531 1.7673181511192773 0.5720944796109675 1.853499634288259 1.0791401398306923 1.3011389532247624 1.578634141664568 1.1331523781712978 0.7342409028371996 0.5378982115902529 0.3453342837767748 1.529192533158146 0.9943566012127156 0.4849577618827722 1.7838866561623021 0.6933556315860043 0.9456230343458923 0.7329438789205663 1.3318182359830701 1.243708058341181 1.2798725539249776 0.678474411563913 0.7124345851544549 0.6564587703928175 0.7896151058397214 0.45949574117615677 0.4981031501622817 1.9350749523222952 1.9284080875142489 0.5391463800726833
0.02293309243908148 0.0013734691904054852 0.6755370524970705 0.3001563858734425
0.001642172716045276 0.25745542369506047 0.3806975797197514 0.3602048238691429
0.0022142125324435824 0.8682688744690396 0.11098565060452736 0.0185312623939895
0.029111563672717722 0.7417425234675068 0.042878390446693615 0.18626752241308187
0.11145381237802332 0.7052063902373386 0.1482550899110031 0.03508470747363501
0.6353562055818931 0.18945451485663234 0.10187189480534886 0.0733173847561257
0.05114280310134711 0.309905615362462 0.1853099300769978 0.4536416514591931
0.3654777679121648 0.27339991414820053 0.15620979086066666 0.204912527078968
0.5834997437200565 0.2600552223901672 0.09998511590565584 0.05645991798412042
0.10082727286264515 0.27068534246536213 0.13884218201124066 0.48964520266075207
0.47833904398678495 0.036398923013894136 0.34496891998751245 0.14029311301180847
0.5726186488077992 0.22785777194277046 0.18466037694523485 0.014863202304195466
0.05396210214514685 0.27808604739053056 0.12037069628129804 0.5475811541830246
0.3302532519595063 0.07743247671763731 0.5137848372820334 0.07852943404082302
0.5267175654585914 0.24321511143272334 0.12305161746398363 0.10701570564470164
0.3737145173959693 0.33633452995846913 0.05728233376334502 0.23266861888221657
0.0600961698663498 0.17954426974587512 0.12395935719188111 0.636400203195894
0.06340098197336863 0.021669479776846967 0.7281000657331294 0.18682947251665505
0.17025007563808214 0.4191238025956604 0.22526813332411777 0.1853579884421397
0.05982163675463459 0.5111535801011712 0.2547306096425449 0.17429417350164933
0.5809185276333954 0.07135225835430525 0.3342306554156953 0.013498558596604093
0.031130063418406073 0.3335801153739789 0.09463541596625924 0.5406544052413558
0.4966955091225945 0.13621003166837264 0.3283055993831481 0.03878885982588476
0.2184977813400989 0.3854863597561847 0.15187969016433056 0.24413616873938582
0.36533301893440306 0.058516583870819594 0.11824080627178579 0.45790959092299155
0.13436372785235862 0.0021163659689165115 0.5427025870498159 0.320817319128909
0.5487261970931809 0.17806317354039514 0.2704360959293459 0.0027745334370780084
0.35478546069796135 0.23371460427510982 0.016103249260212227 0.3953966857667166
0.16564182663829652 0.07998917190586419 0.10209816912297187 0.6522708323328674
0.27815593388711646 0.31306637750254007 0.03353215577272983 0.37524553283761364
0.20455554637995066 0.3731073117498054 0.20185172742577373 0.22048541444447023
0.5154726119053935 0.2870242733574767 0.18312751754131862 0.014375597195811163
0.3989448039028505 0.07054356785472682 0.4532612421880926 0.0772503860543301
0.08652568840220509 0.3984053865862529 0.06152542298401975 0.45354350202752225
0.25124511169054764 0.3148368844022087 0.06568405664498911 0.36823394726225456
0.09420273217732267 0.717699659003088 0.10072437252337252 0.08737323629621685
0.03550903176033027 0.15315870403277765 0.6074749850628963 0.20385727914399576
0.24429086695790836 0.10780406880846016 0.1413201161303912 0.5065849481032403
0.11169242718357142 0.23433572457238094 0.5932712002088992 0.06070064803514841
0.01236941160035765 0.3710396544667576 0.5776940158980146 0.038896918034870165
0.11111074954036526 0.335497078381948 0.40337220446388034 0.15001996761380643
0.020391378448150643 0.3909922373312259 0.39001791463169355 0.1985984695889299
0.19047777345550265 0.16950542171580496 0.34295888194667057 0.2970579228820218
0.08273856907998767 0.8158325858047356 0.05505935084262381 0.04636949427265291
0.6608443909583853 0.09825472733094065 0.20605842872501468 0.034842452985659356
0.08305444303844489 0.6184983895429275 0.2727966463042716 0.025650521114356062
0.22148276004299516 0.2282607978535609 0.3605706742157957 0.18968576788764824
0.24210767225593488 0.02213070228471392 0.5435390608067032 0.19222256465264798
0.1953446255624387 0.6149409036200569 0.10444881093496639 0.08526565988253798
0.3025181125003943 0.35689916785292697 0.305579359917011 0.03500335972966773
0.10748953357509894 0.1343695205223302 0.23096910095985768 0.5271718449427132
0.4186541000368995 0.12557825270928624 0.34810092255232494 0.1076667247014893
0.21114100089423782 0.3160378320523244 0.2618312816096815 0.2109898854437563
0.4256373335349867 0.32293847701983114 0.24492819737784943 0.0064959920673327565
0.26523024662679795 0.05341619105553341 0.15929487242222506 0.5220586898954436
0.3018860977327299 0.015814105619859742 0.28364095254279864 0.3986588441046117
0.560914589810152 0.0548989497083433 0.026536000636726897 0.35765045984477783
0.3092307714734772 0.2957735420167251 0.17237768113831187 0.2226180053714858
0.012848073980403552 0.047518358437374175 0.010899551677190034 0.9287340159050322
0.1596809333223338 0.18865106101667728 0.42668113569709754 0.2249868699638914
