54 90 4 235.56292602166266 471.1258520433254
4.781646704266965 4.269155472685771 2.6638901898530656 5.664544553507286 1.0774490680789235 9.720425860475377 8.212431304148147 7.81580789747789 7.0433587165764155 1.2669130794243086 4.524058269822984 4.6431463509697135 2.7066791294587227 7.903950800344654 6.550508307807174 9.336465675917953 3.926116306917713 3.278389171147957 7.481961267148067 9.972617166889192 3.7708585501485663 2.5478801351869773 2.578460730870878 2.474439329338218 6.265129388585332 5.261820016245849 5.1468125700340925 3.1163860757130455 8.705954550741296 5.238043981679939 1.4912508833925129 9.93931371593703 2.7600075035981093 7.41272394875731 8.347509666340446 5.239515439655713 3.3497755696996037 4.965571370144552 2.8844465871532643 5.25613430768483 3.0824450997557333 2.450592529884906 2.9535593623591083 2.446439339555108 9.52277704204171 6.59567366772277 7.559064677554301 8.884821047855562 9.4750723111636 2.088519157873653 8.94452818379628 1.8648836307674692 8.044738401922455 6.9171993016005535 8.940152420527124 6.882471069494592 1.3755495304525274 6.676650888601919 7.39955149238362 5.092465372990008 7.044954971685129 8.17246070519996 2.7612773104267907 2.523005993577232 1.083429322984937 7.7502020397667675 8.302189092535585 1.424104649633391 1.666501400877101 8.28033922490901 7.852122496837816 7.966202035606127 4.302096948861827 4.851076536325773 7.043727770440322 2.5930413083501938 6.445373961946027 4.585721803648767 8.439753039171764 7.412408960284694 1.3361884687490173 4.675867792727747 5.24522131030815 3.532614854291293 2.81543199106481 2.1534254948661173 2.9767221259923335 1.0195217252929305 2.826381633833296 7.255782931001698
0.956329340853393 0.8538310945371542 0.5327780379706131 1.1329089107014572 0.2154898136157847 1.9440851720950754 1.6424862608296293 1.563161579495578 1.408671743315283 0.2533826158848617 0.9048116539645967 0.9286292701939427 0.5413358258917446 1.5807901600689307 1.310101661561435 1.8672931351835906 0.7852232613835426 0.6556778342295914 1.4963922534296135 1.9945234333778383 0.7541717100297133 0.5095760270373955 0.5156921461741756 0.49488786586764355 1.2530258777170664 1.05236400324917 1.0293625140068186 0.6232772151426091 1.7411909101482592 1.047608796335988 0.29825017667850257 1.987862743187406 0.5520015007196218 1.4825447897514619 1.6695019332680894 1.0479030879311426 0.6699551139399207 0.9931142740289104 0.5768893174306529 1.051226861536966 0.6164890199511467 0.4901185059769812 0.5907118724718217 0.4892878679110216 1.904555408408342 1.319134733544554 1.5118129355108603 1.7769642095711125 1.89501446223272 0.4177038315747306 1.788905636759256 0.37297672615349386 1.608947680384491 1.3834398603201108 1.7880304841054246 1.3764942138989185 0.27510990609050545 1.3353301777203836 1.479910298476724 1.0184930745980014 1.4089909943370258 1.634492141039992 0.5522554620853581 0.5046011987154464 0.2166858645969874 1.5500404079533534 1.660437818507117 0.2848209299266782 0.33330028017542024 1.656067844981802 1.5704244993675631 1.5932404071212254 0.8604193897723654 0.9702153072651546 1.4087455540880645 0.5186082616700387 1.2890747923892054 0.9171443607297534 1.687950607834353 1.4824817920569386 0.26723769374980344 0.9351735585455494 1.04904426206163 0.7065229708582585 0.563086398212962 0.4306850989732235 0.5953444251984668 0.2039043450585861 0.5652763267666592 1.4511565862003395
0.2675116103103793 0.3193006910363628 0.19833911029301765 0.21484858836024023
0.23264334763769656 0.04223354638372745 0.26649112454275636 0.4586319814358196
0.33970071010769043 0.16920967336065929 0.14879559049495772 0.34229402603669257
0.21962164289599684 0.3924995236818859 0.26374422793978725 0.12413460548233002
0.14123556813245097 0.5062877875588474 0.23389176638764042 0.1185848779210612
0.06364392228095994 0.39202217212800206 0.5250833466243513 0.019250558966686704
0.01784768851695362 0.28277809927096087 0.32091978163448054 0.37845443057760497
0.8997527020957005 0.04254284888057036 0.004067687872251091 0.053636761151478085
0.05226692242391218 0.4671721594320689 0.20430671592926397 0.27625420221475494
0.029229931930169317 0.28972282200486443 0.5942195590374912 0.08682768702747501
0.2776144319163767 0.49438529291966693 0.17288498482004777 0.05511529034390861
0.42678545907466836 0.03486210207555018 0.34002580638007973 0.19832663246970172
0.45300247037740604 0.15860949016563175 0.18511555392271128 0.20327248553425092
0.5597368610827836 0.224430412817462 0.11015719459631979 0.10567553150343456
0.13392543059645812 0.49516332479637193 0.03235885522565307 0.3385523893815169
0.20638510773249352 0.28283483123416353 0.25056487972303376 0.2602151813103092
0.07886534688559266 0.036059836751172636 0.39364342064175795 0.49143139572147676
0.1277319466531186 0.3898858914456561 0.08961504918461327 0.392767112716612
0.15448124387700313 0.2545469069052908 0.20680097573467116 0.3841708734830349
0.17076661550905847 0.2900478572338471 0.3123909388986401 0.22679458835845434
0.6956757460739883 0.022735917152033047 0.1732562871379837 0.10833204963599496
0.02095138558484755 0.2842527433888501 0.3213640364762358 0.37343183455006657
0.32571720490280653 0.12300602569246388 0.5016051112660025 0.04967165813872709
0.10373227516826578 0.26762801682853354 0.16285790516340515 0.46578180283979553
0.46971763249460297 0.16480146223894754 0.05623029391150092 0.3092506113549486
0.1620471401436665 0.04737874599002967 0.6266921482600248 0.163881965606279
0.5691271829145799 0.08613509272554942 0.04526310281014023 0.2994746215497305
0.16610021708814038 0.3103536117783616 0.2118037686812939 0.3117424024522041
0.2122927605517495 0.1916566539669312 0.23078648784150235 0.36526409763981693
0.05061389863299326 0.3050282044391325 0.36526881782714526 0.279089079100729
0.5145773488759906 0.16558958519910072 0.20992203926741837 0.10991102665749031
0.17287754873333272 0.16903186875485832 0.1497493967937662 0.5083411857180428
0.054574398916507616 0.31486316618743204 0.4092820191561799 0.22128041573988044
0.37674971784112077 0.43493447366624527 0.13511064740962664 0.053205161083007324
0.2264726849135834 0.1861937022499519 0.39646944057355926 0.19086417226290542
0.10058659991230678 0.07222228099004568 0.462468679717023 0.36472243938062454
0.030631116275499526 0.22764402564205055 0.678133766349454 0.06359109173299593
0.18193314190783283 0.28755372794034184 0.16634417996082207 0.36416895019100326
0.47738553693066155 0.2157585751205111 0.09066225151057783 0.21619363643824951
0.05694705935527389 0.36676867215560405 0.3691527018052144 0.20713156668390764
0.09173913843283776 0.11827958714097997 0.5895255300591714 0.20045574436701086
0.2679846744095018 0.19799020532293043 0.3750927954209202 0.15893232484664754
0.06285009491476312 0.3100925192262377 0.26960668069653293 0.35745070516246624
0.17946321145157418 0.5303225969293466 0.08300902833860258 0.20720516328047667
0.06342495997522479 0.6069338725360539 0.11167372472828974 0.21796744276043156
0.20290591578072403 0.29363339461307314 0.20490320563369768 0.29855748397250514
0.46156744442421727 0.18630380853126305 0.03257117053622316 0.3195575765082965
0.011826861951427792 0.38427456265727855 0.114384896244622 0.48951367914667165
0.04551582416802702 0.043117004262199665 0.8443679675261697 0.0669992040436036
0.39368536899201134 0.03545605356745496 0.4947370006103353 0.07612157683019838
0.019564023049264412 0.2596795248192818 0.2917568820312004 0.42899957010025336
0.24587459316434135 0.25703075919241114 0.0677338416648523 0.4293608059783952
0.1764882335219311 0.2643529556330423 0.10622262104364089 0.4529361898013857
0.1997898126413905 0.16771836928545225 0.1596112688443434 0.47288054922881384
0.5036929259565842 0.17752785549586036 0.224764124765352 0.09401509378220341
0.45838898161418673 0.24126710470780244 0.2851841554525558 0.015159758225455011
0.3292479237433479 0.08235732465344614 0.38859906406406153 0.19979568753914445
0.2415497429446204 0.31101449413782545 0.09099931082295165 0.3564364520946025
0.48698088463031697 0.30815628679634743 0.16914709774422065 0.035715730829114944
0.09236497085720141 0.6069685817475451 0.23611300304801164 0.06455344434724186
0.2676661473683174 0.026027151812613725 0.31332283767707936 0.3929838631419895
0.19920423632059703 0.15008584766991973 0.643197351149003 0.007512564860480242
0.10912614579119939 0.42592843003330083 0.2244015031971811 0.24054392097831867
0.19624755671309713 0.16446911034750278 0.02178566083679645 0.6174976721026036
0.03151899047246809 0.012631993142685594 0.37180159511155275 0.5840474212732936
0.02522931082913149 0.3495279341852706 0.05263389503581728 0.5726088599497806
0.3899126936392775 0.21551972928248908 0.15667384848017807 0.23789372859805535
0.04988889950595232 0.37996711959294804 0.2370847888564097 0.3330591920446899
0.011724643622598396 0.2221507192619605 0.6527816325025035 0.11334300461293756
0.29786667201537387 0.16581714613147025 0.27850069604983974 0.25781548580331615
0.054388251889996964 0.4377391454710412 0.04008260196805491 0.4677900006709069
0.18780008220200906 0.31357804528245015 0.22722684857376818 0.2713950239417726
0.04059706664687768 0.4638683061556933 0.4156147411718546 0.07991988602557443
0.11775321031930563 0.32722586004190035 0.2668502413981805 0.28817068824061354
0.3478718157165098 0.4198846005980723 0.08308804334371345 0.14915554034170442
0.29601738575846503 0.038950020681717934 0.47340029599755906 0.19163229756225797
0.5456409314433857 0.11647687190698797 0.00941560051758683 0.32846659613203955
0.3152236461314779 0.5190273255947662 0.05857408047402246 0.10717494779973347
0.30283187442415016 0.24075606524433768 0.060893583250370975 0.3955184770811412
0.12406170633794988 0.1695086480206801 0.0034700562850464856 0.7029595893563235
0.2522723048306892 0.13501891773225572 0.30657947425617504 0.30612930318088005
0.09877534279087208 0.015056584740838597 0.2354867429898293 0.65068132947846
0.35177762897494036 0.17973655442759284 0.16277294144643217 0.3057128751510346
0.27127686485373825 0.507497693921623 0.062469430276019366 0.15875601094861935
0.03869792798510885 0.12078315668076656 0.793128312924911 0.047390602409213556
0.16212886995598852 0.027088579196843487 0.5552694560278904 0.25551309481927764
0.20875285473051086 0.26429973665677353 0.22944881616855473 0.2974985924441609
0.036014782699931525 0.22524505893866742 0.3857773456943212 0.35296281266707985
0.547819641032996 0.3811115555926343 0.01596611800528791 0.055102685369081805
0.12903068643313764 0.4120572421702309 0.4481664668184212 0.010745604578210277
0.39300277250808735 0.3226545614826183 0.27575613863835535 0.008586527370939012
0.13062021873187046 0.15376980162967746 0.6746672183356847 0.040942761302767416
0.09184230040321983 0.4131975963830662 0.11236438731843579 0.3825957158952782
0.22542282822884052 0.40355636366702696 0.1966926816444966 0.1743281264596359
0.0757295436635752 0.2757526115698271 0.536618319266815 0.11189952549978266
0.2574413322071001 0.07274445544025587 0.6544037025777508 0.015410509774893222
0.01955593448645554 0.6900391729590885 0.12675046452756356 0.16365442802689245
0.30999199838650904 0.0920965003733355 0.4861476744795262 0.11176382676062924
0.031703452200684934 0.20261655767609787 0.21604184417363348 0.5496381459495837
0.11720795512761084 0.0039743000963510244 0.3568376328666384 0.5219801119093997
0.31602327331011026 0.33836782150072375 0.015857435819588428 0.32975146936957755
0.17401187736026624 0.14184655892398557 0.6729285691607704 0.011212994554977818
0.2359721798228387 0.4442626954918303 0.06885414518199529 0.25091097950333574
0.35156708927718605 0.0044751747435374245 0.2043256528829308 0.4396320830963457
0.22953794235485714 0.069828200237957 0.18023701108199708 0.5203968463251888
0.36418304347122843 0.3419597339502274 0.018207593570942482 0.2756496290076017
0.5867450638552218 0.07905715934437585 0.15978460089249935 0.17441317590790295
0.3757823845823294 0.019064656519559797 0.11501338032323827 0.49013957857487256
0.2060489366647339 0.2740879079671763 0.2004846926463364 0.3193784627217534
0.12844634775240427 0.012050177808025975 0.07847569654160236 0.7810277778979674
0.10485332263607972 0.5620517015326306 0.04868382325956533 0.28441115257172433
0.597950240420926 0.20313648313812716 0.10627557341786886 0.09263770302307794
0.479337025896982 0.17777050906767877 0.24160815303779803 0.10128431199754118
0.14599208184847623 0.062315040307245884 0.7294862403054816 0.062206637538796294
0.217056843776809 0.11845826085873579 0.09858266490152168 0.5659022304629335
0.14149798157035198 0.20083410275679725 0.042120594604297734 0.615547321068553
0.02979078390404366 0.26450038793363606 0.02737643171951032 0.67833239644281
0.11362989032498283 0.35949970175302326 0.07312262599777264 0.45374778192422127
0.29517129567295863 0.004826602773391309 0.3619755178679217 0.33802658368572835
0.11658962849758936 0.22277114459023029 0.21278748986104945 0.4478517370511309
0.14143401023416546 0.42673626967279965 0.3564374358746498 0.07539228421838506
0.3404450585081129 0.34189425180772304 0.25237367522805976 0.0652870144561043
0.3728401796177979 0.012202077285790591 0.44393118612924065 0.17102655696717084
0.39618960536876147 0.05789239464759455 0.3412390880812759 0.2046789119023681
0.17319422993020306 0.5741689773770106 0.15532680282883482 0.09730998986395156
0.15878383017485131 0.1897472612217107 0.3552640883510485 0.2962048202523895
0.07328094089095438 0.02758260604706053 0.09402840513166677 0.8051080479303183
0.11517658791087482 0.6577542921018144 0.11160300713354898 0.11546611285376185
0.02801684911743596 0.33263464343848226 0.3592273382081994 0.2801211692358824
0.24659917072786963 0.42544606027683707 0.1586564147867916 0.1692983542085017
0.12861572961554524 0.008346162249901146 0.7881509068304664 0.07488720130408721
0.41979849076844655 0.17985599628669335 0.3564225968153232 0.043922916129536915
0.21098120991384273 0.020191773414966363 0.743091119550574 0.025735897120616857
0.07920595185281398 0.10680123331139235 0.016701786142821473 0.7972910286929722
0.042463124326531654 0.3347239431111724 0.13366056832413387 0.4891523642381621
0.1795091870022667 0.18671772888778815 0.5968228521074315 0.03695023200251368
0.2132041772272063 0.3357278685421128 0.4073453308204893 0.04372262341019162
0.08123951832016141 0.5279637988723098 0.024318836316733372 0.3664778464907954
0.2990546277421934 0.2586466686614638 0.2687610004882265 0.17353770310811634
0.4937371354303355 0.022231387259406654 0.2547815330118527 0.22924994429840517
0.18496073639751676 0.28464111035606354 0.17997925749324994 0.35041889575316976
0.344007674171826 0.07198327987549769 0.15396121665757634 0.4300478292951
0.1705643550381919 0.5066849432647532 0.10789857114732426 0.21485213054973062
0.35954782989145306 0.2158689614969037 0.34633184739302936 0.07825136121861387
0.276593063856728 0.31885845812437874 0.15046879833503113 0.25407967968386214
0.09599714998110254 0.6699820351877388 0.01747763940580782 0.21654317542535084
0.4983229476968303 0.2844739133124682 0.1728916074850526 0.04431153150564893
0.33478863648759616 0.1313999466373259 0.07893947369952092 0.454871943175557
0.0018656689008453853 0.47181459152465954 0.006786930980828609 0.5195328085936665
0.364517801281113 0.051685312814840345 0.36124898907785663 0.22254789682619003
0.0770658076489944 0.5608420224113243 0.05302403267593836 0.30906813726374294
0.09237746990030482 0.24547260787280634 0.04514378434242228 0.6170061378844666
0.15772194723418465 0.19641410248757052 0.06311292603057095 0.5827510242476739
0.28349975945520545 0.0025796914944649085 0.40315983103675346 0.3107607180135762
0.09981131085878125 0.2509310733515083 0.37881299205303476 0.27044462373667566
0.005053100197870641 0.6230675689779486 0.309513782383396 0.06236554844078479
0.27340320554156794 0.4662547430758094 0.21703526643518067 0.043306784947442
0.7181443706750738 0.01183807249222113 0.037545037501428236 0.23247251933127688
0.12290691589926872 0.4844887878303661 0.05132596999000438 0.3412783262803608
0.15248736448181532 0.18631924310046444 0.4019732285188491 0.25922016389887115
0.40157440206336115 0.245199176355005 0.299461003677578 0.05376541790405587
0.010933018867412048 0.11250861170282134 0.8055441280342733 0.07101424139549328
0.034238796850873054 0.290392930915342 0.6593787691581096 0.01598950307567537
0.3033488701499226 0.39619389359314783 0.09099310208591649 0.20946413417101306
0.32962026293847857 0.16845350973735573 0.46935112200833085 0.03257510531583485
0.011941330161563068 0.4198274745888717 0.27868411708557583 0.2895470781639894
0.31709689779039696 0.6048455429677118 0.042667509673357085 0.0353900495685342
0.13871330819179373 0.6540413935941035 0.03689421384874492 0.17035108436535784
0.10145672010482665 0.35178506902211815 0.13934408209258842 0.4074141287804668
0.0055724523671896176 0.702631253549423 0.07164872836430991 0.22014756571907745
0.072882505078534 0.26439696177481076 0.019947782448569762 0.6427727506980855
0.010274444226558876 0.49449758818318734 0.2874556651303791 0.20777230245987466
0.31036359913515654 0.23091660085416843 0.14571119067716498 0.31300860933351005
0.09676741677560674 0.04156670403110685 0.6727275175196891 0.18893836167359734
0.026639764135180766 0.09518302665282807 0.038375963103372435 0.8398012461086187
0.19588353689517968 0.29856144004051877 0.16433772897400034 0.3412172940903012
0.21610901239401503 0.010422629688564222 0.7441056808055785 0.02936267711184226
0.3152537620302007 0.22962001420946632 0.15728784589741707 0.2978383778629159
0.454034381390759 0.008006552323155836 0.3571999717748886 0.18075909451119654
0.011664464079865211 0.015959688203014855 0.3904627472134744 0.5819131005036455
