78 20 4 62.65636953191856 125.31273906383711
1.4336310475021392 7.128667124809461 8.188264611134215 8.200977324920942 9.687675251406343 4.996178417973604 8.481113889047634 3.219108713894915 1.4525009029893161 5.386886044741782 6.852139782655898 9.28880911453584 7.648606241410635 3.226798655737836 5.662298511085351 6.976754741107615 3.63518482485828 8.861524842431587 8.947616963875069 6.038002057718648
0.2867262095004278 1.425733424961892 1.637652922226843 1.6401954649841883 1.9375350502812687 0.9992356835947207 1.696222777809527 0.643821742778983 0.2905001805978632 1.0773772089483564 1.3704279565311794 1.8577618229071677 1.529721248282127 0.6453597311475672 1.1324597022170702 1.395350948221523 0.727036964971656 1.7723049684863175 1.7895233927750138 1.2076004115437295
0.22419174554667187 0.09763515105388676 0.06801473374465039 0.610158369654791
0.20664736366986658 0.3638362158538052 0.32826937732648653 0.10124704314984168
0.05798909854956702 0.05594035405766251 0.8503030945378883 0.03576745285488214
0.00420252457964887 0.3643973569303831 0.3177909135831638 0.3136092049068042
0.2716922922295164 0.5081618831861083 0.08730425711904577 0.1328415674653295
0.26980466515283863 0.20263407388458166 0.11274948258133355 0.41481177838124617
0.1331804584482692 0.5742967881366282 0.21211069537689053 0.08041205803821205
0.09055300617101325 0.4524442417909337 0.28693815674754986 0.17006459529050322
0.3284743012686824 0.3794812199374723 0.23204227875247418 0.060002200041371134
0.1019890744290114 0.42925374280117534 0.43672082020167635 0.03203636256813691
0.013561664933188888 0.6000485193443377 0.29668168614504953 0.08970812957742391
0.004664666090464342 0.45886721689095644 0.10592379510998262 0.4305443219085966
0.06335583107168075 0.23121567582386215 0.03352787668984736 0.6719006164146097
0.29071338983483874 0.34101484372088 0.1359738252478896 0.2322979411963917
0.4457546178800341 0.04876275187600276 0.007035627530692423 0.4984470027132707
0.3225183282648958 0.008243965347298432 0.4052053105225496 0.2640323958652562
0.2932762437855171 0.18373411659094452 0.1685032684897685 0.3544863711337699
0.014873201001824765 0.18339855962404328 0.2786722021695097 0.5230560372046222
0.43647546781613855 0.14800599799810976 0.31057051536219804 0.10494801882355365
0.2809962527368075 0.5672624321516049 0.15149606261087556 0.0002452525007120565
0.15067912681151996 0.1838622601333897 0.5988595082518162 0.06659910480327413
0.010920881690612894 0.598149549298354 0.1952473530362786 0.19568221597475455
0.08507422750116977 0.32631158130196924 0.5335864437284825 0.05502774746837846
0.08229015574578558 0.21412278045453548 0.057410433884594325 0.6461766299150846
0.06723502176914065 0.5987110927328582 0.09571736062261582 0.23833652487538537
0.5549796394075479 0.18466345995096112 0.15709415360120038 0.10326274704029059
0.40903475553117985 0.09991346475090446 0.18625031348724064 0.30480146623067506
0.3899485192456953 0.09044295947988201 0.12015587759076407 0.3994526436836586
0.3022000930503451 0.1872961038954034 0.42308166774944655 0.08742213530480492
0.5248742000821544 0.10876034580736049 0.2594423174102225 0.10692313670026266
0.3431390048468398 0.040513425792182534 0.17004655765925858 0.4463010117017191
0.02409543348627674 0.16438047059090732 0.2322852964825114 0.5792387994403045
0.022043738883720798 0.34656809016404355 0.1751457355621624 0.45624243539007325
0.7500187094602035 0.02521624756529084 0.18438169901288304 0.040383343961622575
0.061886232180981215 0.019692156197586352 0.5686892895974569 0.34973232202397553
0.06440858211004075 0.6537885207671933 0.23475537651068723 0.04704752061207873
0.25895565007265653 0.11581874965920969 0.26989763614876483 0.35532796411936896
0.12167553394524244 0.29435207544360853 0.45208301983766974 0.1318893707734793
0.25454338211473804 0.3478342380978856 0.15816164848052194 0.2394607313068544
0.18571586615498825 0.08540570772424927 0.41519406536800263 0.31368436075275985
