76 80 4 235.40698941529288 470.8139788305858
3.7974681978071976 8.370884986469651 4.012773621143726 2.743421668061884 1.9928199254734036 9.660790787015987 8.785425265643218 8.671707765183006 1.7155992889185332 7.84664999255794 8.741739476302143 2.4881610458858487 6.906752730394965 4.32510146134716 8.356948471718034 9.268755235233188 2.468981888985737 8.48911153095937 4.985540277306267 9.888921201844822 7.653015540223786 6.063211236016267 8.01822252517507 5.448038154995137 9.120231602582704 7.053832586766008 8.814945964371617 8.3412581000973 9.191551598358249 5.111992193951426 3.5529255270888447 9.188044899425785 2.0110401225318406 1.7021690368281974 7.449761768073649 5.700461912617461 9.716042577025418 9.98485558879316 8.917562944123969 9.089847280745497 1.7264353112763715 5.866846064651478 1.3404267220261388 7.146370758463345 6.398431927604342 8.135269120615936 5.5419087230745445 3.3193819919385312 2.7893889160897114 3.0302277025651208 7.417485768767194 5.743322861754345 2.139727390915668 2.127101605005834 3.537501756811846 3.60231942753206 8.855742534346096 9.115314861861401 9.39200707808588 1.9042882409399873 6.83526908453976 7.237017114133165 7.5407657295122545 1.4099938473290146 5.794645524221361 7.248559113530652 4.811578579157153 9.85810443755499 3.99003066835071 8.19899398588283 1.3923237058549742 4.883170193272349 1.0802505186517917 4.347521614087048 3.089170058546802 4.221944054888558 2.016503756988568 4.440657759238832 8.971052097409665 8.67036224506596
0.7594936395614396 1.6741769972939302 0.8025547242287452 0.5486843336123768 0.3985639850946807 1.9321581574031974 1.7570850531286435 1.7343415530366013 0.3431198577837066 1.569329998511588 1.7483478952604288 0.49763220917716977 1.381350546078993 0.8650202922694319 1.6713896943436068 1.8537510470466376 0.49379637779714736 1.697822306191874 0.9971080554612535 1.9777842403689643 1.530603108044757 1.2126422472032534 1.6036445050350139 1.0896076309990275 1.824046320516541 1.4107665173532016 1.7629891928743233 1.66825162001946 1.8383103196716497 1.0223984387902854 0.710585105417769 1.837608979885157 0.4022080245063681 0.3404338073656395 1.4899523536147297 1.1400923825234923 1.9432085154050835 1.996971117758632 1.7835125888247938 1.8179694561490993 0.3452870622552743 1.1733692129302955 0.26808534440522774 1.429274151692669 1.2796863855208684 1.627053824123187 1.108381744614909 0.6638763983877063 0.5578777832179422 0.6060455405130242 1.4834971537534387 1.148664572350869 0.4279454781831336 0.4254203210011668 0.7075003513623692 0.720463885506412 1.7711485068692192 1.8230629723722802 1.878401415617176 0.38085764818799744 1.367053816907952 1.447403422826633 1.5081531459024509 0.28199876946580293 1.158929104844272 1.4497118227061303 0.9623157158314306 1.9716208875109982 0.798006133670142 1.639798797176566 0.27846474117099485 0.9766340386544698 0.21605010373035832 0.8695043228174096 0.6178340117093604 0.8443888109777117 0.4033007513977136 0.8881315518477664 1.7942104194819328 1.7340724490131918
0.11414910424532654 0.01642500756895182 0.16366896564301137 0.7057569225427103
0.07081839391475964 0.018240639401965963 0.41642822819298597 0.49451273849028843
0.15208268754577503 0.012721189321062698 0.5005861341059775 0.33460998902718475
0.12096773711797304 0.23360167803620813 0.402962725974534 0.24246785887128486
0.006043446239698325 0.6458344728291134 0.3299049290843362 0.01821715184685202
0.07255114599442603 0.6346731284013373 0.15247838637621702 0.14029733922801968
0.11955444872731213 0.34153686776973957 0.0364244126854556 0.5024842708174927
0.21239334246652253 0.18039551543545584 0.485193862164066 0.12201727993395561
0.2775613640157897 0.009589158114008622 0.420897281991804 0.2919521958783977
0.04284650223485087 0.286160269894704 0.34620262117278955 0.3247906066976556
0.13289159259247352 0.504847417066031 0.3427556819564167 0.0195053083850788
0.25682174080740583 0.024317823295590624 0.7042193128676401 0.01464112302936349
0.39041152592781947 0.222611456184037 0.137814406528177 0.24916261135996653
0.4076767155636005 0.18897122266088884 0.28545364774556004 0.1178984140299506
0.02553419880481933 0.4451349336953079 0.07738669068167447 0.4519441768181983
0.03695767424560148 0.5371737733434497 0.29579403577457586 0.13007451663637293
0.11982287190635899 0.20846551667295876 0.1806961936771787 0.49101541774350355
0.04679530876806626 0.19494558470416568 0.6547312041864234 0.10352790234134468
0.049878747634995446 0.5812479558461965 0.21623947899914553 0.15263381751966254
0.01188010397339112 0.6037484117274771 0.1594162870163599 0.2249551972827719
0.16443909062178463 0.6395866919124328 0.002391362082460713 0.19358285538332187
0.18724994714114263 0.22927317422506366 0.18881160528937158 0.39466527334442214
0.26512430647498064 0.11940567533439361 0.530946581363934 0.08452343682669172
0.28839414961869136 0.23420939971309596 0.15924159804938232 0.31815485261883036
0.6168467821854401 0.1600491233094411 0.15297598959534564 0.07012810490977317
0.2238286196398196 0.16851727725138876 0.4399729397857801 0.16768116332301153
0.7646826118620488 0.07757650901935631 0.06903150941521796 0.08870936970337695
0.035778914648463056 0.7072857154839906 0.22573485938500593 0.031200510482540467
0.01588296437408343 0.8951515645312504 0.018500223530760862 0.07046524756390526
0.586993032812687 0.24360396776895332 0.12839344182783619 0.04100955759052349
0.5770168928607126 0.06405442250564874 0.2073967795383782 0.1515319050952605
0.24039451872341222 0.4290537477543137 0.23377217888203183 0.09677955464024224
0.1086141418476686 0.07213977143241834 0.17006377977517984 0.6491823069447332
0.6131258498481563 0.0886963992130344 0.070717050827097 0.22746070011171227
0.0926762832360728 0.30297702611807564 0.19450195568380846 0.4098447349620431
0.06583822530687988 0.5452955792833694 0.04452814001103689 0.34433805539871387
0.11842131116210697 0.038582769798767624 0.2190107102521468 0.6239852087869786
0.5066289842400304 0.35558424741500816 0.0752183630668809 0.0625684052780805
0.06769042396873937 0.3472098666185659 0.027407037317676464 0.5576926720950183
0.06744698748456379 0.4636724921585639 0.13000609369523564 0.3388744266616367
0.004714557625422056 0.5750984106314561 0.1575874517398338 0.2625995800032881
0.12190567293478871 0.10237990529270602 0.4369746259422399 0.33873979583026537
0.49086300368800684 0.2125684216892565 0.06738927359422386 0.2291793010285128
0.6219651869798751 0.05978212370365499 0.26801308536511526 0.05023960395135463
0.019392018611893325 0.2270641986440679 0.24016833145908545 0.5133754512849533
0.43157740296804314 0.057640076137432494 0.18888336910999837 0.321899151784526
0.406417002067616 0.034822448546503626 0.15852808297892107 0.4002324664069593
0.34953630786536183 0.07267543048883773 0.2628651213703006 0.31492314027549984
0.21013615070669867 0.03664234873423444 0.244675617950731 0.5085458826083359
0.004907276732489807 0.03275311258490332 0.010773538045801834 0.951566072636805
0.048900220114995174 0.7791793134050962 0.05200955882592351 0.11991090765398515
0.2821100516499526 0.47606810964707535 0.049238629813427526 0.1925832088895445
0.28951931554765 0.06188102282330654 0.5829487958119435 0.0656508658171
0.3130129371172593 0.31364492050843573 0.003489578595807008 0.36985256377849796
0.06216600093096969 0.27406885919966284 0.5468937688025906 0.11687137106677692
0.002229952833512572 0.27168089293146813 0.3386525464541431 0.3874366077808762
0.21722583802296402 0.07804985368222195 0.415200869264141 0.289523439030673
0.2463037256552999 0.43367121108230244 0.04820137364095811 0.27182368962143955
0.14728615471194273 0.012800210706823911 0.1465762393478509 0.6933373952333824
0.10757226769851969 0.19354297296448086 0.6050697228647305 0.09381503647226896
0.3750394410852659 0.15407133239139958 0.302955541595593 0.16793368492774152
0.38985000769162703 0.3601153531587491 0.22271853506823025 0.027316104081393622
0.05226520195430384 0.16679430939785023 0.6063808719392377 0.1745596167086082
0.0851644445120967 0.19239319596075333 0.7219683273532869 0.0004740321738631037
0.24595181356247608 0.38333766701780925 0.08803133105788774 0.2826791883618269
0.5089118842949119 0.08152121671720536 0.3262145852899133 0.08335231369796947
0.0070402718968176625 0.050750895696156983 0.14246707438423167 0.7997417580227937
0.26197445664589225 0.15264862684978509 0.1613569737988536 0.42401994270546906
0.26799181952312723 0.23665928010312498 0.4130361081543821 0.08231279221936572
0.04922247756533238 0.5781668090193534 0.245170443790105 0.12744026962520927
0.31167001274284756 0.17772941194623237 0.3703793388754031 0.14022123643551698
0.013457774844153891 0.17872817644593053 0.5111348485071665 0.29667920020274907
0.22570242491223902 0.1299420042157804 0.5186153544403314 0.12574021643164923
0.034483093805112164 0.5558347264869089 0.1904733997672311 0.21920877994074783
0.05559467751206992 0.2461783994609662 0.02832403174839171 0.6699028912785722
0.1538546826113164 0.3943400482934052 0.05236444585145894 0.39944082324381947
0.16023323613073115 0.6181951244006306 0.10820121197566368 0.11337042749297455
0.08260637927079373 0.031163424303022325 0.29691442897774567 0.5893157674484383
0.5585709870823188 0.15046501277501267 0.16924956932872948 0.12171443081393907
0.04020010628961734 0.1530512051078513 0.28919259342777914 0.5175560951747522
0.1103012445547844 0.35646740754266915 0.37855119564280815 0.1546801522597383
0.1753034241890179 0.10542331954771267 0.005657078131237836 0.7136161781320316
0.08005191427350578 0.484525162165936 0.21186263311151887 0.22356029044903936
0.10654890425227925 0.08854439574816853 0.14837589781549487 0.6565308021840573
0.015998121311615487 0.43896155861593367 0.23057184260815244 0.3144684774642984
0.06789515134696755 0.22833623316150553 0.40640782970491385 0.29736078578661307
0.04289465068264553 0.8889408393906637 0.007351728919481437 0.06081278100720933
0.21943515124379398 0.4359222680294381 0.25328679921493336 0.09135578151183454
0.43101995237867496 0.3382504310195661 0.09540485776162377 0.13532475884013517
0.10880559528734557 0.16859700088800822 0.3332770830845462 0.38932032074010003
0.14221834065486727 0.07248384522367157 0.10045690639449645 0.6848409077269647
0.4448640951628614 0.04075574557236428 0.18699323729438733 0.327386921970387
0.5323173265482405 0.28285154234886434 0.03849466925657874 0.14633646184631643
0.6341087211033053 0.053762637312662065 0.11783299082002541 0.19429565076400723
0.03001220853363451 0.054088189964632494 0.09260076914859305 0.8232988323531399
0.06973420017185528 0.03415545239888951 0.1924359912174154 0.7036743562118398
0.23824571859180876 0.14959844547818024 0.10345395846147698 0.508701877468534
0.5280706142703044 0.09208759766623809 0.18556307365453784 0.19427871440891964
0.2798556836761492 0.20927708714144255 0.45968711383135386 0.05118011535105438
0.14042804410159138 0.32401310945882933 0.06261036432816092 0.4729484821114184
0.2820468343261008 0.5706612471159261 0.008034362421572627 0.13925755613640045
0.047700139009944076 0.06816093709364801 0.7593952098192246 0.12474371407718332
0.48880843984004974 0.20596808745552453 0.2623563691900741 0.042867103514351634
0.0848716132013746 0.024854541092544702 0.4414298454526383 0.4488440002534424
0.7864021261183638 0.08713712890468295 0.07223468340836592 0.054226061568587336
0.41973441285361823 0.15192584330909276 0.20536184084397036 0.22297790299331866
0.19336801064014475 0.127813075534979 0.42666155244882764 0.2521573613760486
0.22916132237807785 0.34326423291926467 0.2800151904975595 0.14755925420509797
0.4474257854647802 0.23488777117921944 0.16139083633700402 0.15629560701899636
0.059080748305332165 0.045871702947069326 0.7811404907059778 0.11390705804162071
0.16028282136774985 0.49181484630690364 0.22033180347508163 0.12757052885026487
0.02784401053435137 0.02527145455723845 0.7045709990811547 0.24231353582725546
0.18181219146584437 0.679941516059049 0.094829660853057 0.04341663162204967
0.11131001456376044 0.061602288708257014 0.6816249754060913 0.1454627213218912
0.013758456503243477 0.1759893571560437 0.06402108651833993 0.7462310998223729
0.3018976383640867 0.44927831614495295 0.15865778066545633 0.09016626482550405
0.14635789843596847 0.41877376698744195 0.0930573490671831 0.3418109855094065
0.2795635853637729 0.3785214913206194 0.2715212154141895 0.07039370790141819
0.40122915078648147 0.18775456961217285 0.03045178773934809 0.3805644918619976
0.04223671709057153 0.06239630635966109 0.47827285946194176 0.4170941170878256
0.14149240684576114 0.296061986866601 0.40245171093773957 0.15999389534989827
0.4571785877086687 0.03413006247326478 0.3492264179911104 0.1594649318269561
0.17064351259150534 0.3312317624840889 0.12041500799647253 0.3777097169279332
0.16301988895170094 0.0208956796709997 0.7604849154214515 0.05559951595584789
0.6743242357669125 0.04197906052877032 0.13283319616510636 0.15086350753921085
0.3232054413012889 0.2914277611448973 0.3717021150803982 0.013664682473415568
0.10367993251284668 0.3189410426316862 0.520431995927081 0.0569470289283861
0.18585078325055615 0.5117188913930035 0.2798864710923382 0.022543854264102103
0.39451678946939694 0.5047527438251097 0.044666503371946 0.05606396333354735
0.4126248765899746 0.08037618518918566 0.003956929835137735 0.503042008385702
0.5159386488093244 0.057609800763748775 0.19819989965341422 0.22825165077351262
0.024836394392449446 0.29473630293218034 0.06911616476216231 0.6113111379132079
0.1333192619436474 0.0012216124049742039 0.7705578861782881 0.09490123947309026
0.2710272213981241 0.0481454526914058 0.017022584634925897 0.6638047412755442
0.41631643684903097 0.14219323386122207 0.002608951464002307 0.43888137782574466
0.4632429330711638 0.20306864979264228 0.289097909927187 0.044590507209006924
0.041171302575510826 0.15077592911911375 0.5023414685737594 0.30571129973161604
0.08731416183881946 0.4891422788748515 0.022804775736012917 0.4007387835503161
0.2615088245896998 0.1556654373438484 0.4350236402120007 0.1478020978544511
0.46099851112837487 0.015383747255291236 0.06876632871439492 0.454851412901939
0.02284897515795059 0.5249493604348724 0.020686022410945637 0.4315156419962314
0.36400758908094233 0.23323414191438918 0.3337789232421148 0.06897934576255371
0.10312187791321203 0.026597412663237452 0.4924347438345871 0.37784596558896344
0.31811458968139883 0.17401236009529586 0.19357599251021285 0.31429705771309246
0.1617857537765256 0.0899456868225812 0.05972002048091751 0.6885485389199757
0.17639151403285547 0.1922530019878128 0.04849478871725077 0.582860695262081
0.7595517478728246 0.08659751005915473 0.03598364964669298 0.11786709242132765
0.3506122342317777 0.2387984919745768 0.3879547683114938 0.022634505482151734
0.20790629341246714 0.014482834813902778 0.06078869917509755 0.7168221725985325
0.1770480029444632 0.1252094524040136 0.23519604145964024 0.46254650319188295
0.36317525790654104 0.09649477771067316 0.1849309408536829 0.3553990235291029
0.14045268770151398 0.08155817468849724 0.15363311155858772 0.6243560260514011
0.11296179844350096 0.6669520753285862 0.024532005638824406 0.1955541205890884
0.5480613040616321 0.13480341123664108 0.29528150366954087 0.021853781032185937
0.02460709286487317 0.28755846924771 0.23349200627884348 0.45434243160857335
0.09471649127396076 0.009779732374258887 0.760796581358646 0.13470719499313433
0.14518316578693236 0.14111418566263156 0.23417724328564282 0.47952540526479326
0.31641802588316503 0.1180715200255128 0.141585290520025 0.42392516357129717
0.5410452127447637 0.013269472098664803 0.2373730845168478 0.2083122306397237
0.09660578280321708 0.01337227738448743 0.7380712664240624 0.1519506733882331
