100 40 4 102.61972116330493 205.2394423266099
5.890644476118689 3.5053244658441653 4.820658316742198 8.602985190879133 1.042469705718753 2.094122087048028 7.036741762541007 8.43267479594543 2.230359307164577 6.17583996484525 9.021897588810376 2.8828190990547062 2.6679539759506756 1.9753920141782961 2.9772774336249297 9.807614062366326 8.30514834180391 2.5474691145933477 8.34602273853256 3.4666637233752926 4.885337652968095 9.460268376601372 8.358844408990546 4.025007551088088 2.5786940836810297 4.355488416609308 1.0511965661731608 3.271837181003564 8.160962576259585 1.137294741217051 6.3895903923564354 6.434240851385682 1.946329168708507 4.43749100448799 1.3282845093331201 9.013704070978681 9.828287713110804 1.5394778993623353 9.014913502556537 6.192113494600296
1.1781288952237379 0.701064893168833 0.9641316633484396 1.7205970381758267 0.2084939411437506 0.4188244174096056 1.4073483525082016 1.686534959189086 0.4460718614329154 1.23516799296905 1.8043795177620752 0.5765638198109413 0.5335907951901351 0.3950784028356592 0.5954554867249859 1.9615228124732653 1.6610296683607821 0.5094938229186695 1.6692045477065118 0.6933327446750586 0.9770675305936191 1.8920536753202744 1.6717688817981091 0.8050015102176176 0.5157388167362059 0.8710976833218617 0.21023931323463216 0.6543674362007128 1.632192515251917 0.22745894824341023 1.2779180784712871 1.2868481702771364 0.3892658337417014 0.887498200897598 0.26565690186662405 1.8027408141957362 1.9656575426221607 0.3078955798724671 1.8029827005113073 1.238422698920059
0.2100265776728606 0.3718156147259173 0.16063749669919947 0.25752031090202265
0.2858956904068647 0.48321948069878695 0.2058913225009359 0.024993506393412468
0.17808098950580487 0.17671462215149492 0.004712232279602491 0.6404921560630977
0.04486228246077528 0.3313901718365877 0.2536894212901344 0.37005812441250263
0.3631880041093498 0.2391086536215158 0.3315446417355534 0.06615870053358097
0.17360800174020508 0.10315705965613009 0.680247538956463 0.042987399647201885
0.09205560337723862 0.41664328986095533 0.22260185982172864 0.2686992469400774
0.3950359317582296 0.13299929155981782 0.2774153140112323 0.19454946267072026
0.11078790118244575 0.20227854040606397 0.22733813371220668 0.4595954246992836
0.20012360721840317 0.05413391059931494 0.20272161223154772 0.5430208699507342
0.6103281532093938 0.08740675430356215 0.08055430793689256 0.22171078455015147
0.02317813647840361 0.602145621278404 0.3511763692590477 0.023499872984144687
0.21097841871844636 0.3383968429092258 0.37412156363141524 0.07650317474091262
0.46060162107485014 0.03975427560001488 0.025600039554913967 0.474044063770221
0.3947002866898355 0.008180044689306665 0.09773398806381106 0.4993856805570468
0.039998689640650786 0.05043409855578507 0.8530443095462911 0.05652290225727308
0.11004833096656297 0.4722958392502059 0.4102980671861992 0.007357762597031914
0.5239868344883128 0.4189734104267129 0.05597202392818623 0.0010677311567880432
0.18327900063057578 0.00639452828157383 0.4050065399895558 0.40531993109829456
0.35967810260053623 0.12721337976858726 0.09054989045872386 0.42255862717215265
0.20820724019602266 0.28363567006803125 0.23751755076538728 0.2706395389705588
0.11353757521867625 0.26190167234331196 0.2795959584373342 0.3449647940006776
0.45603905760612395 0.06412162943179933 0.44148121673672247 0.03835809622535424
0.13491872253239878 0.25225390529624026 0.3198708678605041 0.29295650431085685
0.29943801894470223 0.1735459716235188 0.33274461686856416 0.1942713925632148
0.07957343897032487 0.41092561291357477 0.47089842561970585 0.03860252249639451
0.16224691874820008 0.25484381683546076 0.3159042842543315 0.2670049801620077
0.3017524134841485 0.12309482444068309 0.4220852416845874 0.15306752039058102
0.035626996553034807 0.2587034447433364 0.6580464117171752 0.047623146986453646
0.43117785229972994 0.06168865504554388 0.40088559737493223 0.10624789527979395
0.08226452393202399 0.1811012591187 0.5330394421354838 0.20359477481379218
0.21134788749712163 0.2740664226872457 0.19920996150834558 0.3153757283072871
0.3208817260865362 0.3804447880069799 0.28833906268576726 0.010334423220716649
0.06088456434663547 0.10838434379879547 0.2691241864944124 0.5616069053601567
0.23979218956447224 0.31926369603154725 0.15284377298689622 0.2881003414170843
0.605112035518179 0.2444952902408023 0.010786865148605385 0.13960580909241327
0.1908360458112225 0.5386582981532855 0.14806119832226294 0.1224444577132291
0.24063282092985294 0.14570797337631547 0.43776149495241834 0.17589771074141325
0.13752361490782572 0.10181146718799405 0.7264907331486652 0.034174184755515036
0.13748694797777417 0.09374135607102885 0.5768867088448973 0.19188498710629964
0.020439132026923157 0.5242457461517244 0.08549905829672855 0.36981606352462393
0.2506952291383959 0.6016998587029104 0.03245820564979918 0.11514670650889447
0.23769420862405044 0.10249600674659531 0.2586687305051014 0.4011410541242528
0.14260031444628352 0.3628311151895057 0.08737397134009739 0.40719459902411337
0.20434527686864423 0.1834210034579865 0.5586136004824706 0.05362011919089871
0.24653588120354963 0.3514378031253711 0.36863601015840286 0.03339030551267641
0.08846017300289077 0.25192504983454533 0.1231127960997116 0.5365019810628523
0.3355964417185683 0.4187525528637853 0.23780904192817465 0.007841963489471748
0.2967937508800147 0.015846546995728406 0.321396385086532 0.3659633170377249
0.6411012587007017 0.016523546828282054 0.0013152646972132143 0.34105992977380306
0.30900034852440217 0.4705980500863475 0.08001989711831548 0.14038170427093488
0.16074454850708164 0.005949582691776478 0.8157136984106915 0.017592170390450357
0.2718308491769721 0.08869440163763609 0.5930245990649258 0.04645015012046605
0.0013990231190438296 0.6947625417043415 0.01990942574095078 0.2839290094356639
0.3542983001063206 0.09087832872481771 0.046990341070011654 0.5078330300988501
0.026544641333941965 0.24701827869349868 0.009577439692378897 0.7168596402801805
0.6644814459639401 0.32641135696088697 0.002224569556217748 0.006882627518955187
0.17314990980873102 0.06871017616752129 0.3408337291736464 0.4173061848501013
0.38684542191779026 0.02392525110751975 0.30581542010302987 0.2834139068716601
0.3095898177667046 0.011742114242109025 0.12037588755992934 0.5582921804312571
0.45125862406183437 0.3188311488578611 0.1289865418740157 0.1009236852062888
0.13302868937357504 0.21071084586180933 0.3672984579751132 0.28896200678950246
0.15973623015851013 0.05853602756964427 0.6193434871336554 0.16238425513819021
0.2508340198317248 0.6091415371139383 0.11909478853820576 0.020929654516131158
0.2529805046497241 0.4102965423664041 0.1936184813888875 0.1431044715949843
0.6321920644327551 0.10056854058296005 0.2210441291519476 0.04619526583233724
0.40588132236756125 0.2897097059245126 0.20681847495589234 0.0975904967520338
0.07019911390868883 0.7879151121427409 0.12150945497874044 0.020376318969829832
0.4923926469985821 0.10384087151975907 0.21434024001112995 0.1894262414705289
0.3192704571895012 0.23475073258220502 0.03837631321728008 0.4076024970110137
0.5422806135357958 0.09335609628960273 0.31911079560541034 0.045252494569191115
0.41164813817783297 0.0766450286272663 0.4783997537778685 0.03330707941703226
0.0251715638848119 0.0032402928284398502 0.04511520515232237 0.9264729381344259
0.11140631670405321 0.5162799627970008 0.2032174851029207 0.16909623539602525
0.19005270791973705 0.51436770036912 0.15387451703792043 0.14170507467322246
0.2544665354944545 0.3047507477735856 0.3605380758820297 0.08024464084993022
0.4126407675387943 0.02248942255343145 0.27088932986393643 0.2939804800438378
0.5252117866139705 0.06566900412095422 0.26044363609807064 0.14867557316700464
0.7797958042329348 0.028474603658673492 0.058990005216822294 0.1327395868915694
0.06368112422046845 0.5260043244830583 0.08875525566795905 0.32155929562851415
