50 80 4 235.46918974630063 470.9383794926013
5.451414809842193 3.052747940044026 3.299265313814902 4.566969187504992 4.395835879220116 9.969168071391843 4.673774802998773 7.947045953557422 7.844830192079959 3.7900841381679884 4.118870841064275 4.1658833574690615 2.3092017084653946 9.753982162457053 9.182605941932412 6.039613933499125 3.8223167184703413 8.993800337714994 7.071157592400375 4.5197870287470545 5.5646571152167885 5.716931523977026 9.35200835034897 6.14235762135034 7.0150381189901205 1.4703282199585834 3.9435157365671314 1.507614752543441 2.6184492465740865 9.333398552509383 9.442137006481527 7.426834366906843 7.59418848015865 5.155729086379889 9.381963408453533 4.657782190067268 7.148851934746106 6.84924281280156 6.3888866079650395 2.9983545287170825 7.1412145222274095 8.902506723421116 8.170455369529616 4.888020230182729 9.260903972425508 8.036503099540804 7.531752505143446 2.123692241406335 9.246776044176203 4.489398943572665 3.654365909743255 6.550582732502628 5.21061606083156 3.29805022910107 8.550962998337601 2.607572821237106 3.04402753627202 6.938888014308759 5.312046205386576 1.661026081039326 2.2506406414265157 2.0107646527460616 5.300064688765416 5.862666063433797 9.622639441932083 6.254130802811163 5.739976819764175 9.300364199601892 9.273313148029741 3.2680797828237296 7.143693496445385 9.678485067415624 3.042654823222704 7.444154786817413 8.179840967425822 9.430760796829396 8.683502462068711 4.793912260320064 1.0489588197473863 1.313787959032663
1.0902829619684387 0.6105495880088052 0.6598530627629804 0.9133938375009985 0.8791671758440233 1.9938336142783686 0.9347549605997546 1.5894091907114842 1.5689660384159918 0.7580168276335977 0.8237741682128551 0.8331766714938122 0.4618403416930789 1.9507964324914107 1.8365211883864823 1.207922786699825 0.7644633436940682 1.7987600675429989 1.4142315184800751 0.9039574057494109 1.1129314230433578 1.1433863047954052 1.870401670069794 1.228471524270068 1.403007623798024 0.2940656439917167 0.7887031473134263 0.30152295050868816 0.5236898493148173 1.8666797105018766 1.8884274012963054 1.4853668733813685 1.51883769603173 1.0311458172759778 1.8763926816907066 0.9315564380134536 1.429770386949221 1.3698485625603118 1.277777321593008 0.5996709057434165 1.4282429044454819 1.780501344684223 1.6340910739059233 0.9776040460365458 1.8521807944851016 1.6073006199081608 1.5063505010286893 0.424738448281267 1.8493552088352405 0.897879788714533 0.7308731819486509 1.3101165465005256 1.042123212166312 0.659610045820214 1.7101925996675202 0.5215145642474213 0.608805507254404 1.387777602861752 1.0624092410773152 0.3322052162078652 0.45012812828530313 0.4021529305492123 1.0600129377530831 1.1725332126867594 1.9245278883864168 1.2508261605622326 1.147995363952835 1.8600728399203785 1.8546626296059483 0.6536159565647459 1.428738699289077 1.9356970134831246 0.6085309646445408 1.4888309573634826 1.6359681934851644 1.8861521593658792 1.7367004924137421 0.9587824520640128 0.20979176394947724 0.26275759180653263
0.0139053656832 0.36908773059031386 0.48146091261454793 0.1355459911119382
0.40152910346764115 0.1581003417417851 0.17786223969878223 0.2625083150917915
0.29810165145363354 0.12757518815606483 0.06105301754117631 0.5132701428491253
0.049697686154183573 0.3585213365210178 0.5092404598798126 0.08254051744498603
0.07051577837500278 0.14186033974979173 0.7746456802309808 0.012978201644224696
0.38085240706759793 0.12157616205065014 0.20452550600296182 0.2930459248787901
0.17545596569028543 0.12171870123969608 0.2911401621878763 0.4116851708821422
0.12728055084633982 0.03917803432301592 0.2035635916116325 0.6299778232190117
0.40725992443703496 0.4229740932941084 0.07571802987053211 0.09404795239832453
0.17382853179944335 0.23878480152182313 0.48981582973576554 0.09757083694296798
0.3084841658471108 0.1066018500625675 0.38018350137769286 0.20473048271262884
0.2444245269759111 0.43058131764690866 0.05953525290345307 0.26545890247372717
0.02283521761259677 0.220219482893523 0.4666883629869486 0.29025693650693163
0.27313544836586046 0.04946556945383351 0.405672694482189 0.271726287698117
0.4906024530259101 0.08004825477524535 0.16753302870638132 0.26181626349246323
0.018585111354473938 0.21493792433427772 0.23121913490083934 0.535257829410409
0.25099336218190005 0.3854525962817439 0.08246359044896145 0.2810904510873946
0.13387970383976067 0.04463303472524016 0.37113012979262394 0.45035713164237523
0.10039783847653161 0.04215875028600524 0.7964737520150477 0.060969659222415484
0.33150228369763424 0.1306741635276525 0.3061992250158745 0.2316243277588388
0.0371297051302375 0.3471337891742021 0.5160085495932835 0.09972795610227692
0.11389308690338062 0.32292771582271074 0.3146808048788148 0.24849839239509386
0.005271149971967981 0.34770194045947933 0.1321412407108108 0.5148856688577419
0.1708973128963469 0.19419974737256307 0.40997220887777097 0.22493073085331905
0.48513857245258096 0.01534398188569408 0.024980323812005323 0.47453712184971963
0.19150807459548636 0.05934096367922659 0.3925218211576196 0.3566291405676675
0.05222500318557355 0.32850078782781333 0.11699563191731244 0.5022785770693007
0.472146974622041 0.25529823938108964 0.08010201852073506 0.19245276747613427
0.19376318940298287 0.35274779216170116 0.15594055003864526 0.2975484683966707
0.8016848666641156 0.06405431385048965 0.05022411292719353 0.08403670655820117
0.11083079867785028 0.08384700494548858 0.172606121101461 0.6327160752752001
0.25547055701966614 0.40244097092052455 0.1271608916704633 0.214927580389346
0.31668102111728114 0.07448718428715762 0.22085253729612242 0.38797925729943883
0.23524092065236968 0.3579806274211508 0.09772800229752521 0.30905044962895434
0.023473159728964466 0.17364622533017793 0.45138092164108323 0.3514996932997744
0.013174975305289327 0.7418945039891968 0.09665202616947888 0.14827849453603503
0.16798213881340296 0.13538628044537793 0.1325640160749123 0.5640675646663068
0.2313886474307819 0.3353855237141342 0.37756619010863324 0.055659638746450635
0.22530320383733893 0.02316717187019035 0.6045631879313589 0.14696643636111184
0.10183042676024279 0.7306723303845895 0.07428977993859576 0.093207462916572
0.13949692712337403 0.02194995311582737 0.7434033981015568 0.09514972165924185
0.5673911785556237 0.04554238729705162 0.09078165947178485 0.2962847746755398
0.2687215339114395 0.585126258950579 0.011766175924247002 0.1343860312137345
0.3240584693445301 0.1407939103012601 0.5174468962147336 0.01770072413947621
0.3474476703025565 0.38534575018450967 0.07301035151331092 0.19419622799962288
0.054621796832165836 0.23916429022751406 0.2727404113702431 0.433473501570077
0.06517379997082418 0.24107517864727956 0.015380596513772438 0.6783704248681238
0.3101851601524085 0.021462651003790967 0.2618703594024966 0.40648182944130395
0.517855322277945 0.07083877019153106 0.2540281575929887 0.1572777499375353
0.4456173582534444 0.27473650827755536 0.015944845729431112 0.26370128773956913
0.34759393119895665 0.324356393993386 0.03196846714687429 0.29608120766078305
0.35071601448394507 0.5747620625401111 0.022749500401818556 0.05177242257412529
0.5276356226761949 0.1747978319141974 0.11325124759451732 0.18431529781509037
0.06647641886859568 0.1963071025291233 0.07356022970736542 0.6636562488949156
0.13533333203146847 0.2772639331699023 0.4558288522828645 0.13157388251576474
0.06589780409546742 0.17882671310804166 0.06904164348370245 0.6862338393127885
0.24146482026113425 0.31867175084436816 0.3936283116184549 0.04623511727604268
0.10640997508470773 0.32730841192869997 0.4910297203021128 0.07525189268447952
0.1343109540892118 0.15453699423283163 0.5392169797443 0.17193507193365654
0.21659220345323393 0.41570937564187704 0.045775434217087185 0.32192298668780184
0.10179335381008958 0.3341362116291914 0.2789101493277897 0.28516028523292936
0.38235076943550517 0.19750785642857338 0.06862351292003821 0.35151786121588324
0.27059022398489374 0.18319378509220163 0.050961020791991385 0.49525497013091324
0.04013983354491557 0.036400809129631395 0.3184707538696828 0.6049886034557702
0.4823238840209756 0.0922425255882533 0.3451292311479177 0.0803043592428534
0.22318204134459996 0.4735618068599099 0.02153901351570009 0.28171713827979006
0.30492064315485 0.08863427456230899 0.4676664759374557 0.1387786063453853
0.23590029325147743 0.6410577723338888 0.07923953241122483 0.0438024020034089
0.0023744656104158768 0.15933218711642871 0.3514615420292555 0.4868318052438999
0.5941668090456014 0.037150167724459116 0.35012342625737347 0.01855959697256604
0.24740549456459504 0.6027188474446744 0.022116161977385862 0.1277594960133447
0.29801984833427086 0.39162336376717055 0.29299197598017923 0.017364811918379353
0.3436837781274187 0.28974514179206734 0.15147211443540654 0.21509896564510744
0.35562194572787087 0.06276804371005551 0.5470631094957762 0.03454690106629743
0.18315250702351582 0.4453955112843623 0.17300909040759893 0.19844289128452297
0.016058265700856333 0.5661978099531095 0.21782422951950908 0.19991969482652505
0.338839716238138 0.13788286611585787 0.5204407025721538 0.0028367150738503044
0.25651682801298636 0.07477923500288275 0.11265965909309383 0.556044277891037
0.3648617258941115 0.16521611184556684 0.4553993376153692 0.01452282464495247
0.13185440081620814 0.22515188281970666 0.45728896607851843 0.18570475028556677
0.11481894966650752 0.4740909807959419 0.23274710083749017 0.1783429687000604
0.613237573970931 0.13538242730332328 0.0917241688717102 0.15965582985403548
0.4998916380848989 0.03865274675003394 0.06383478864989078 0.3976208265151764
0.2628770217325649 0.19981500770077776 0.024351451234326915 0.5129565193323304
0.20908845599764592 0.37302015516793907 0.3790264383414844 0.038864950492930594
0.0897930746962542 0.5031751384599132 0.04577228324554217 0.3612595035982904
0.01653445679207788 0.8116097773688361 0.07634522307549607 0.09551054276358995
0.042129502933201834 0.1371387230038501 0.7044202706669999 0.1163115033959482
0.2354009785637614 0.0566066435049033 0.17915253532671105 0.5288398426046242
0.40565093708085675 0.05249217137977158 0.13679381627346843 0.40506307526590324
0.03703341312787889 0.280845317775538 0.3202883387200335 0.3618329303765496
0.7725708627700703 0.12019387337073073 0.09231212330836691 0.014923140550832104
0.05169587728748348 0.8614466463657829 0.044121788819840635 0.04273568752689294
0.1705935122058415 0.10664494858212548 0.6781668589499984 0.044594680262034614
0.1307157463334474 0.009607827129370472 0.393014359748155 0.4666620667890271
0.4768940450475252 0.2359225395728648 0.09321451256214774 0.19396890281746226
0.05698766494677421 0.2829357673840819 0.3206031288780121 0.3394734387911318
0.15077407986613078 0.099930023351949 0.4936158257035308 0.2556800710783894
0.08181246995631308 0.11405254210911087 0.7755878746084296 0.028547113326146456
0.08401003612094293 0.1263467084396872 0.7779690562326068 0.011674199206763047
0.5013262191754582 0.1992584715688529 0.16474391378686926 0.13467139546881968
0.26311864707796195 0.06386774157771768 0.4067034392478621 0.26631017209645824
0.0065606203211597824 0.3685059988732574 0.19259219694108998 0.43234118386449283
0.30902897800865536 0.6631263861039652 0.006969498675627905 0.020875137211751493
0.23845431522502436 0.19122046084923627 0.15956809804242222 0.41075712588331714
0.05742958022265354 0.19406555562547068 0.25920223889157923 0.48930262526029655
0.37753971041153356 0.20180068271895468 0.33757688544371256 0.0830827214257992
0.09868775811520081 0.3903566227231603 0.4034586661568643 0.10749695300477458
0.33751560808167147 0.01983420803335667 0.6015657231183693 0.04108446076660255
0.22818280696095639 0.4785056270657517 0.03244167630981487 0.260869889663477
0.14734560965790722 0.02268361500342808 0.18038963768958172 0.649581137649083
0.1094092635570647 0.37941407096539925 0.4577000247036861 0.05347664077384995
0.02025084454427406 0.08792331078366034 0.790073994473912 0.10175185019815358
0.5845151989106397 0.0011551478632710888 0.0845523671619397 0.32977728606414947
0.20096471073552802 0.4535122704795338 0.12488306071130706 0.22063995807363113
0.631759556206434 0.007163674948606702 0.0034607827312334027 0.3576159861137259
0.3956240595799636 0.018013678168470437 0.39414881995857987 0.1922134422929861
0.3278285514738336 0.38008502804328326 0.06876130943038838 0.22332511105249475
0.023975392242924665 0.3690861378136533 0.061776810795899584 0.5451616591475225
0.2591928156958526 0.15180862250395144 0.20249873387097694 0.386499827929219
0.2397423110754925 0.059739289385198124 0.0366398659680629 0.6638785335712465
0.4341702437463183 0.11162996934107305 0.27038801115057354 0.1838117757620351
0.2663665832990548 0.003376594294014823 0.64432150494672 0.08593531746021033
0.6054933486244406 0.1869478341316494 0.06194728604480937 0.14561153119910064
0.19477317527634497 0.025823032541783197 0.5707624985884734 0.20864129359339845
0.15664900192486753 0.08240169529392882 0.11978298956861833 0.6411663132125853
0.0505527247499481 0.4551089994110792 0.36207317575134423 0.13226510008762848
0.20624400822932087 0.0071035603817388715 0.7354480163456099 0.0512044150433304
0.6954685147250925 0.14487917936847616 0.028836248514515717 0.1308160573919156
0.1812131125996156 0.16823299196420816 0.3020244078389035 0.34852948759727276
0.25315756817286006 0.13643720567607043 0.12654978972161612 0.4838554364294534
0.5861175393215685 0.0014230254375254825 0.3346662580191804 0.07779317722172563
0.13691661881676342 0.050999735096329046 0.5249911931688763 0.2870924529180312
0.25655643480702406 0.6345227619348471 0.036740718152383556 0.07218008510574525
0.2530671119237191 0.3310702693899782 0.18484761426155683 0.23101500442474587
0.09552301892548332 0.330741215360279 0.014099699558571266 0.5596360661556664
0.33892057672174347 0.4069192345638102 0.009930078345299354 0.244230110369147
0.059168204420108395 0.34664109989600966 0.19358724990843712 0.4006034457754448
0.08045565983678549 0.14657265363638838 0.3291203155234641 0.443851371003362
0.06294776867737706 0.3262523460202693 0.3948102006418327 0.21598968466052093
0.157498781274934 0.5184387820571236 0.007423687252561817 0.3166387494153806
0.03236176857010986 0.009131744023622379 0.5663106564277542 0.3921958309785135
0.05500388012519475 0.8032189404593912 0.03570922820642397 0.10606795120899004
0.33423451528626635 0.265910979974157 0.03087750216611196 0.36897700257346466
0.08922299200863959 0.13568217000956262 0.6668113671940923 0.1082834707877055
0.21465201069007955 0.6022674098296827 0.07521313048220613 0.10786744899803158
0.26850536611276077 0.09937661547435594 0.020877854338008817 0.6112401640748745
0.022683833589265734 0.04908529672075512 0.4830078265829222 0.44522304310705696
0.4285922550250829 0.0013158724842159408 0.5403977231699439 0.0296941493207572
0.028071601486209463 0.4240885911341572 0.3971041907754894 0.15073561660414392
0.6299352079941059 0.2711158251364283 0.0554102730125956 0.04353869385687026
0.2402726405896597 0.21432233419055302 0.4902273751100511 0.05517765010973619
0.03579224148968074 0.28685192890266875 0.16593315686355803 0.5114226727440925
0.1888108308058658 0.24619274652214174 0.4637202682339009 0.10127615443809157
0.02275065749652949 0.3460840621607776 0.39929127483676763 0.2318740055059253
0.11630566509394391 0.1067929242606126 0.46864131791217456 0.30826009273326893
0.41308770039267095 0.018358435833771836 0.4713071771747134 0.09724668659884383
0.032727350009249756 0.06170776875764983 0.8582325742708031 0.04733230696229729
0.18502885634965394 0.01517110052917825 0.2785675944373749 0.5212324486837929
0.19489328930980432 0.09429868428973942 0.5695436947503245 0.14126433165013175
