97 10 4 32.28970830662342 64.57941661324682
8.532497118380714 9.732122667462969 5.024384067353602 3.561229081257684 7.940949292087787 3.690492690121998 9.78701567405756 9.362367775879626 2.84206659165032 4.106291654994576
1.7064994236761428 1.9464245334925938 1.0048768134707204 0.7122458162515368 1.5881898584175573 0.7380985380243996 1.957403134811512 1.8724735551759253 0.5684133183300639 0.8212583309989151
0.13564179548884603 0.07675825438318529 0.13125038415547063 0.656349565972498
0.13660986528212016 0.02419904838567588 0.25434240846223144 0.5848486778699725
0.4057025944710134 0.19683587276813663 0.06424332895471918 0.33321820380613076
0.1724896835339158 0.09566599385463936 0.36924626213698897 0.36259806047445586
0.8211207701031459 0.11542388575021811 0.05980991100324662 0.003645433143389387
0.1862458148152415 0.2301916059624849 0.08074681722042776 0.5028157620018459
0.25243999403861483 0.5051418643301713 0.16013047366982258 0.08228766796139131
0.08865063550512475 0.8236305941629085 0.036827603681141796 0.05089116665082494
0.09471310769730656 0.22851055115386631 0.3066924663002999 0.37008387484852723
0.08878287134098584 0.26710082136337676 0.13386310563518689 0.5102532016604505
0.19481305779582536 0.10404704912214491 0.61110211188269 0.0900377811993397
0.11215643258894026 0.189235840810273 0.46400284849386364 0.2346048781069231
0.174735711187482 0.4421230634285219 0.12399458734663149 0.2591466380373646
0.08505223273781803 0.2445754835336572 0.6113183884227158 0.05905389530580896
0.006916205448348478 0.11999016075435931 0.23607759390887395 0.6370160398884183
0.1675798155129289 0.4968464210939364 0.2018075845187366 0.13376617887439812
0.26349541685201805 0.5926161942611736 0.025959715893781654 0.11792867299302667
0.43907436013695744 0.08609938823157726 0.4738425011347198 0.0009837504967454835
0.05021302009603057 0.2175202517601863 0.23573944858498452 0.4965272795587986
0.19527042811668383 0.6150442065588703 0.09423923788863153 0.09544612743581438
