67 50 4 131.3557358067027 262.7114716134055
5.912662869414808 8.729709495322231 7.173033279099212 3.9843263891209078 1.539981366045561 4.476500029384381 2.918348728159201 9.39255985073224 7.505364689702759 1.4220577600154165 8.39179764446048 6.326825493617756 3.2686435755031558 3.835690213508295 2.6905422003323283 4.152879163423533 3.3151853070480803 1.1000270379092671 4.686296588816025 4.710290063733709 1.3886989380678882 9.595079140858502 4.579095562961459 5.766925506793897 3.095316213953647 3.7774445726089896 5.967800553040789 7.376280661078693 9.58082097877819 6.417323265267462 4.620264129517782 4.194371795854196 8.327471412752626 3.6787767326251464 5.901528924614713 9.66773994428238 2.650559279186086 7.55197604427613 7.5991605838670155 1.4152598070303353 9.726277543956456 4.334891888805493 7.362498137692901 3.465376314384963 3.241405583699896 3.744751419917644 2.2496678974544997 9.776033689666264 1.075707139274173 9.05024620578782
1.1825325738829615 1.7459418990644462 1.4346066558198425 0.7968652778241816 0.3079962732091122 0.8953000058768762 0.5836697456318402 1.878511970146448 1.5010729379405519 0.2844115520030833 1.678359528892096 1.2653650987235512 0.6537287151006311 0.767138042701659 0.5381084400664656 0.8305758326847066 0.663037061409616 0.22000540758185344 0.9372593177632049 0.9420580127467417 0.27773978761357765 1.9190158281717005 0.9158191125922919 1.1533851013587795 0.6190632427907294 0.7554889145217979 1.1935601106081577 1.4752561322157385 1.9161641957556381 1.2834646530534923 0.9240528259035564 0.8388743591708392 1.6654942825505252 0.7357553465250293 1.1803057849229426 1.933547988856476 0.5301118558372172 1.510395208855226 1.519832116773403 0.28305196140606703 1.9452555087912913 0.8669783777610987 1.4724996275385802 0.6930752628769926 0.6482811167399791 0.7489502839835288 0.44993357949089996 1.9552067379332527 0.21514142785483462 1.810049241157564
0.3542041802301099 0.04628348748218736 0.046959543165337236 0.5525527891223655
0.22506068293312886 0.4172355933346159 0.034042806971658734 0.3236609167605965
0.45355187949595477 0.07331620383048654 0.11107974582107993 0.36205217085247876
0.028443654556018272 0.15923309718821466 0.10874088560710482 0.7035823626486623
0.012413544759144468 0.1560850483487476 0.4605468786774838 0.37095452821462416
0.23806972152099926 0.12072466389843628 0.43561995153107924 0.20558566304948522
0.2127567873974312 0.11157583948705407 0.6254069353955969 0.05026043771991784
0.026961772558011243 0.6429817306778504 0.12392307033350147 0.20613342643063692
0.7015470788434289 0.10301795073993514 0.14336416533574703 0.052070805080888904
0.09613551550630528 0.6151738928683336 0.2041536588716879 0.08453693275367324
0.025835663453620428 0.4412433368210258 0.39022129689018037 0.14269970283517341
0.08511061126111652 0.32516292716078865 0.13195562767816282 0.457770833899932
0.45775987243596883 0.20904133087721477 0.06020207091162433 0.2729967257751921
0.7320930987229965 0.031911911385122727 0.04585492983091033 0.1901400600609704
0.28737119379772547 0.34879293629444574 0.20015929926187115 0.16367657064595764
0.76694954986297 0.010705002824128229 0.19005244184131664 0.03229300547158509
0.3367275706345154 0.1365870396616966 0.5243096766261585 0.0023757130776295154
0.6514057914084204 0.08913231656299347 0.24677701150135223 0.012684880527233933
0.047354913864042225 0.7656948650016484 0.12205836117124413 0.06489185996306523
0.49282906447822683 0.22064529506122443 0.1770304731514194 0.10949516730912934
0.3166033683578624 0.3273801556404906 0.06981409073372002 0.28620238526792696
0.21383775376658487 0.18550339458091514 0.2202180243716121 0.3804408272808879
0.016067512266857986 0.32802404134704255 0.4938650877008671 0.16204335868523234
0.040349385920240066 0.29240855728381954 0.17075470554864658 0.4964873512472938
0.043828394904777856 0.5450438894422555 0.31104098748585185 0.10008672816711484
0.21056635021295977 0.028353689194713705 0.6719854378845186 0.08909452270780793
0.169503216255384 0.362724493921707 0.46457486370094225 0.0031974261219667177
0.2447496298730465 0.36123562186162406 0.3229926287913556 0.07102211947397385
0.3997441993512576 0.15865845016895663 0.04452415144985611 0.39707319902992966
0.09711710374362958 0.08830371985048346 0.8070679860647402 0.007511190341146778
0.7099001322848837 0.10733998257855915 0.1797999360772965 0.002959949059260669
0.006747600097865902 0.13098697856289243 0.2637247608002301 0.5985406605390116
0.0074555676287035855 0.5316600672969245 0.27806459378184345 0.18281977129252847
0.38179821109613366 0.24432873283490286 0.051688392433065555 0.3221846636358979
0.1869741984383001 0.4408994775072439 0.34254902721800895 0.029577296836447053
0.05453974790694238 0.14873250821406847 0.30420778981779195 0.4925199540611972
0.29255405925940525 0.018548436468746377 0.41319962954288536 0.275697874728963
0.7088629320873163 0.059098239402217034 0.05309176422098616 0.17894706428948048
0.23159655192027562 0.2892563114483859 0.26063012138428476 0.2185170152470537
0.1558201450486263 0.4632984074114881 0.18255461914904503 0.1983268283908406
0.11284462904975268 0.40569630037255966 0.24143087350845094 0.24002819706923673
0.06816870961708399 0.4730118953801108 0.4525393661291345 0.00628002887367074
0.030599799476546674 0.03285294220010504 0.3811685111181782 0.5553787472051701
0.1840250835766074 0.1204266461973833 0.47503306517469035 0.22051520505131894
0.1515276050104093 0.03301907653283831 0.7675643919173205 0.047888926539431886
0.8167375539879576 0.03473981519194802 0.1027760749047455 0.04574655591534893
0.04064095226660347 0.2359740394665122 0.3308301596672387 0.3925548485996456
0.16669951145109585 0.2775966247613849 0.43214473812963483 0.1235591256578844
0.36804178608520344 0.1049581836207083 0.310331308559481 0.21666872173460727
0.01563381666277508 0.21966533472546068 0.016549210084492727 0.7481516385272715
0.4684511904065931 0.4399731823645907 0.018610962909495266 0.07296466431932092
0.15183554146816047 0.08796840595069999 0.18937837664511858 0.570817675936021
0.24494606933066898 0.5769518112121115 0.17526747919306085 0.0028346402641586943
0.46400583187288513 0.22665641049511231 0.07932795125839753 0.23000980637360502
0.15654396783624946 0.010713522463804637 0.0703869633923061 0.7623555463076398
0.14723935170361147 0.31844126375934423 0.33544025522219845 0.19887912931484586
0.020918555646014303 0.07736005846168592 0.4286289337185406 0.47309245217375917
0.23255717300639722 0.09805456525575762 0.6344463152949622 0.034941946442882954
0.17462688518152591 0.21228201957556836 0.4898499545481704 0.12324114069473535
0.11457494457563022 0.17486490125649612 0.377738195548199 0.3328219586196747
0.12985103713158752 0.6286473967527809 0.14763369579706387 0.09386787031856769
0.18132488847631356 0.4062491211517294 0.06514865220035737 0.34727733817159967
0.047960844180328754 0.06614176158896479 0.04563548764328351 0.840261906587423
0.01273544549345984 0.7497518826834019 0.10889257297935306 0.12862009884378522
0.24298620220945077 0.02668832470354221 0.6006790110787037 0.12964646200830332
0.0708153791440026 0.3647248339990852 0.3365688905004913 0.2278908963564209
0.08945445434501265 0.838041257722224 0.012689495311693277 0.059814792621070034
0.1363476255024496 0.15785069312357625 0.2056435872019028 0.5001580941720714
0.12045461537039293 0.4423909704791177 0.34572748003404696 0.09142693411644243
0.007987539421170586 0.26317862980225826 0.45823576650218834 0.2705980642743828
0.40799715043133233 0.2238886335747875 0.029778426824337623 0.33833578916954254
0.22083581817625364 0.29547006022634814 0.22612092045223264 0.2575732011451656
0.046445208955010475 0.011548415668141354 0.14388376735161856 0.7981226080252296
0.06774231976514744 0.13615956703441312 0.35607955762863164 0.4400185555718078
0.03720594142122158 0.469663374189342 0.24046186134122471 0.2526688230482117
0.030846581107736637 0.1901828530243299 0.13249500546469972 0.6464755604032337
0.49126713480779527 0.17073198172584902 0.23682594426510162 0.10117493920125409
0.2030545520432815 0.15180390356813278 0.5714312257145496 0.0737103186740361
0.06447368533107434 0.8156704338202592 0.10876756208882377 0.01108831875984273
0.6047665995597856 0.16814126009568897 0.027666181133882528 0.19942595921064288
0.03160398912868312 0.25813726828350814 0.09850111189871569 0.6117576306890931
0.14306441137304005 0.5868761456896048 0.1938756286040465 0.07618381433330867
0.14818651706457986 0.16915282835720946 0.15430052875642608 0.5283601258217846
0.0006637027776186244 0.07453312553486313 0.40262049981090986 0.5221826718766084
0.2022127273826122 0.047330893022210385 0.4206095364359814 0.329846843159196
0.7945226268091491 0.03509030314774009 0.01689935933237363 0.1534877107107372
0.05623830506960903 0.1736013666549162 0.5782184656932363 0.19194186258223844
0.4349039528080334 0.29609581575947186 0.23501078662727426 0.03398944480522048
0.5277358540748257 0.24185882962167515 0.04994851447632809 0.18045680182717105
0.3199900429006973 0.5632813369370637 0.09353060879845865 0.023198011363780302
0.5013410500321017 0.22452463969025205 0.024889863471754814 0.24924444680589142
0.08297337314321362 0.3888894881699927 0.05505954028239779 0.4730775984043959
0.20648332506324474 0.01773986646207648 0.6767489864048745 0.09902782206980432
0.34076840138825737 0.03669689534460863 0.43732635795998354 0.18520834530715047
0.12081432497177791 0.5042994052739626 0.16084903754147295 0.2140372322127866
0.1192769966942 0.1291818559175828 0.39654710072913224 0.35499404665908496
0.12509476792313734 0.3183266155850081 0.27068408888124973 0.28589452761060485
0.3108203678507714 0.15073383656158534 0.4080475970920824 0.1303981984955609
0.05737183492596576 0.1400504106333197 0.22472075434288818 0.5778570000978264
0.3557295168012994 0.1764791593587508 0.3402349403254793 0.12755638351447052
