41 40 4 97.88605699966031 195.77211399932065
3.2583126137044616 1.414862386053506 7.091346169995026 1.3912253708027684 2.0478133284987816 6.434791200539318 2.7183759650176524 7.016641455343112 9.25703063983807 4.769020782543726 3.9903386504296847 3.5473027165455395 2.6765404065840195 3.853994234379676 5.330518019341977 1.6256842103044493 7.344843144205201 3.832092405815862 7.7075411942732295 4.58391516294902 6.474038135707439 7.556108386468618 4.795822338098095 4.54517391923003 3.0900031642044734 4.974981436700142 4.357192553482424 6.252454357552784 1.9002823794510277 7.672166962980192 1.7487813825101337 2.136015502357645 3.906023769989247 6.78634563236553 9.995245567470082 3.529014861178891 6.24002183407564 8.853409543277015 8.104052970743819 2.9627892443122916
0.6516625227408923 0.2829724772107012 1.418269233999005 0.27824507416055366 0.4095626656997563 1.2869582401078636 0.5436751930035305 1.4033282910686222 1.8514061279676142 0.9538041565087452 0.7980677300859369 0.7094605433091079 0.5353080813168039 0.7707988468759351 1.0661036038683955 0.3251368420608899 1.4689686288410402 0.7664184811631725 1.541508238854646 0.916783032589804 1.294807627141488 1.5112216772937237 0.9591644676196189 0.909034783846006 0.6180006328408947 0.9949962873400284 0.8714385106964848 1.2504908715105567 0.3800564758902055 1.5344333925960385 0.34975627650202673 0.427203100471529 0.7812047539978494 1.3572691264731058 1.9990491134940165 0.7058029722357781 1.248004366815128 1.770681908655403 1.6208105941487638 0.5925578488624583
0.24439765921872303 0.10222447187454642 0.007296243234583222 0.6460816256721473
0.14276900206595344 0.3824001442956101 0.3011123196380652 0.1737185340003713
0.1562870850090965 0.12630782798096007 0.31986203197648244 0.397543055033461
0.8153404822787483 0.0476422546295755 0.07982573867012388 0.05719152442155229
0.027097049937408912 0.2392297600183083 0.21292488638097828 0.5207483036633045
0.37811944610382897 0.015531044744856892 0.04340581313422842 0.5629436960170857
0.10020897849021848 0.2640121904074011 0.37304597340574885 0.26273285769663157
0.03261042688922067 0.48239031770600793 0.3145691138657929 0.1704301415389785
0.43492332203686457 0.048758633039854504 0.04290581698745388 0.47341222793582705
0.05887044519220874 0.5038740112306999 0.3223744783873589 0.11488106518973251
0.17010918751016402 0.19153124597596416 0.28342997280743765 0.3549295937064342
0.5630141294187041 0.19719050681637051 0.048664429321875535 0.19113093444304985
0.24944998716114897 0.16091704257106876 0.17600624999867864 0.41362672026910363
0.22295932453294576 0.18592959806941634 0.5742306616156703 0.01688041578196764
0.044437067282930176 0.7167811179946658 0.0956679514866684 0.1431138632357356
0.0920117117681093 0.0577677530762295 0.7943956809538081 0.055824854201853125
0.014598500574212858 0.017563558171909133 0.25782246426173405 0.710015476992144
0.23157127508396247 0.13257002496632997 0.3761547355796745 0.25970396437003307
0.03128370263515068 0.4665604524792294 0.22414963990734182 0.2780062049782781
0.0724676179853071 0.45584593333282053 0.3627760325241528 0.10891041615771957
0.6254657621485622 0.06513547881136683 0.0472921747713152 0.26210658426875577
0.003318730091000921 0.08458391138940768 0.4806764417046264 0.43142091681496497
0.09186463031061554 0.2925413636095875 0.18025386479973116 0.4353401412800658
0.14550398617381577 0.5833198791024827 0.011994711814137138 0.25918142290956436
0.20214625823007282 0.047962123618987995 0.09222351248576877 0.6576681056651704
0.13624016929435778 0.30178038007664776 0.22229058234367916 0.3396888682853153
0.10269606706946033 0.1849333000351927 0.44663874080643573 0.26573189208891124
0.02322653415063769 0.19752846797336399 0.4719681822550226 0.30727681562097575
0.5324441441147837 0.2955306436262334 0.01618531123724798 0.15583990102173495
0.5245112036371808 0.1425382302977385 0.09331582608759781 0.23963473997748286
0.020691957743507072 0.6316405699961203 0.21886389250430438 0.12880357975606826
0.025425016632492525 0.11210800556629241 0.08643119360986495 0.7760357841913501
0.031234184393140407 0.5128711726796231 0.13419147391603703 0.32170316901119944
0.3081957982780035 0.02044559190975126 0.18472512811688968 0.4866334816953556
0.2928760583538329 0.3160386203626908 0.29019525576248684 0.10089006552098945
0.18099282465453725 0.22207008044382714 0.2715300855093272 0.3254070093923084
0.07191726794191766 0.1726178775860413 0.44041121901370184 0.3150536354583392
0.14893319557540596 0.03822228193356503 0.33833626873097467 0.47450825376005434
0.08443961802190725 0.3013510163473969 0.6085822185123491 0.005627147118346776
0.2142074877515262 0.5209787336960017 0.20080145152260875 0.06401232702986337
0.2826632065368344 0.17802109809473365 0.2608163370249601 0.27849935834347184
0.28007182787862595 0.5942999078885597 0.026486228731879113 0.09914203550093525
0.27650747910770745 0.38728093019688314 0.028007280777444632 0.30820430991796477
0.681321492682201 0.14842637148310678 0.08175872640179072 0.08849340943290152
0.24094774926551976 0.08047134651472287 0.058792313969151966 0.6197885902506054
0.20369669555579883 0.35457247833568273 0.019993697183412595 0.42173712892510584
0.18844613250139997 0.49414036769155867 0.020436238673466667 0.2969772611335747
0.19205806355883348 0.5746816929533541 0.08865625331879246 0.14460399016901992
0.14816109268903876 0.34426649861849523 0.4169626975277839 0.09060971116468208
0.12406707728439814 0.21092751226103235 0.19620718631936784 0.46879822413520167
0.3224577242161273 0.017123269128933916 0.01329149049099787 0.6471275161639409
0.3310428396631906 0.012033380965946638 0.35804416469881395 0.2988796146720488
0.08502655062147602 0.197408065336227 0.36655479578029204 0.35101058826200493
0.0945597107216587 0.038363564233437675 0.05419299871547656 0.8128837263294271
0.6708646757825115 0.03821446242977988 0.06456445386282483 0.22635640792488376
0.11074431650238326 0.4898846023408787 0.028973124845079745 0.3703979563116583
0.05852998469980131 0.19216289352295457 0.3094737295220302 0.4398333922552139
0.4278746112357601 0.015890560998611636 0.5239852931669498 0.03224953459867852
0.21588960809408775 0.4095945598689833 0.21571595797777798 0.15879987405915097
0.18421591474847798 0.42530388980524025 0.2809658796932101 0.10951431575307169
0.01653421952967027 0.10390584151766169 0.6067307868012545 0.27282915215141357
0.39973637307413956 0.4146133331934114 0.12780116804245745 0.057849125689991565
0.6093941631269707 0.08730360798038939 0.2757131596322382 0.027589069260401722
0.49246212150001756 0.20918175970480446 0.14924459949383695 0.14911151930134103
0.7751333508389385 0.06279963838454661 0.11161630885128648 0.05045070192522838
0.026608383488793685 0.8708560102760694 0.04418840417852099 0.05834720205661592
0.20814379069740507 0.031230217282657735 0.6473250873564805 0.11330090466345666
0.30163384814399463 0.2473370112078913 0.3689499693760613 0.08207917127205278
0.47539511969261583 0.12680355587479764 0.35939152824323994 0.03840979618934659
0.11396642895853659 0.6725654365061554 0.058229984809554325 0.15523814972575367
0.21286877202804666 0.15926140045552373 0.5663064742518132 0.06156335326461637
0.7090476166099212 0.14142650061775708 0.059860002735175555 0.08966588003714615
0.11829746630438787 0.7197652967047967 0.11047748066638097 0.05145975632443445
0.3264821894985358 0.14914701801495056 0.06721303883715335 0.4571577536493603
0.25795707653005207 0.4568021562901483 0.06181327524841096 0.22342749193138867
0.017666185118943356 0.03615062340336228 0.9266917209262561 0.019491470551438295
0.49803031577946955 0.2360772624665901 0.060887234461654005 0.20500518729228634
0.38406345196281655 0.052640672386335075 0.42309183969325204 0.14020403595759634
0.04480206928846242 0.8302118337363237 0.009658809698714577 0.11532728727649932
0.5005672930387881 0.19394972729556914 0.16761788037261982 0.13786509929302293
