49 30 4 89.1329204779209 178.26584095584184
3.708680102703231 3.22355648765633 9.33701621553258 9.024430944499876 7.149490839774883 6.101961935497051 5.922692922187285 2.8938145238808923 7.927790213668922 9.06607090861276 7.494854109093744 5.489023149174392 4.979915046047748 8.221874750239827 8.603481751659277 3.0622438397145513 9.659507872638244 1.5302650199110626 3.608540978507126 3.809477278998704 7.317156407688956 7.36847975066368 9.487258899541516 6.457448501573289 4.197045608438943 4.7871931137774615 9.158496158329376 3.2673610224994807 3.726283948240868 1.6844286550898022
0.7417360205406462 0.644711297531266 1.8674032431065162 1.8048861888999752 1.4298981679549765 1.2203923870994102 1.184538584437457 0.5787629047761784 1.5855580427337843 1.813214181722552 1.4989708218187487 1.0978046298348785 0.9959830092095496 1.6443749500479654 1.7206963503318555 0.6124487679429103 1.9319015745276489 0.3060530039822125 0.7217081957014252 0.7618954557997408 1.4634312815377912 1.473695950132736 1.897451779908303 1.2914897003146577 0.8394091216877886 0.9574386227554923 1.8316992316658751 0.6534722044998962 0.7452567896481737 0.33688573101796043
0.2514930382726811 0.5921502929529964 0.1464638099443183 0.009892858830004236
0.5827741170309491 0.0829826000029582 0.1891811245607914 0.14506215840530134
0.16660746498138002 0.31374432410385933 0.06271394503509198 0.4569342658796687
0.31986980051235614 0.24796603465779887 0.059985547335207445 0.37217861749463754
0.010167566218610702 0.0806171392817614 0.5263920212888868 0.38282327321074106
0.13707157465665165 0.13426763890426174 0.3504231956306829 0.3782375908084037
0.5227569575483241 0.10496684198639894 0.34217605087652436 0.030100149588752623
0.06578415544285399 0.5999245272974625 0.04560786117072746 0.28868345608895607
0.5302911143148955 0.2740259618266454 0.12092947121974451 0.07475345263871458
0.07193765666408292 0.17971214606815822 0.002536630796624584 0.7458135664711343
0.509129716463978 0.04603785770131785 0.10896952738857313 0.33586289844613104
0.38110785044396167 0.2255647885501123 0.09035110752233111 0.3029762534835949
0.3830690542567843 0.3908089595360269 0.09726685738116259 0.12885512882602623
0.41314605215208156 0.44189212097285635 0.07522425683832701 0.06973757003673509
0.31705580799391064 0.24706078191688796 0.23304527166723588 0.20283813842196552
0.1880926464033087 0.22223111870863244 0.32725999458769817 0.2624162403003607
0.06395729182284304 0.5675126498328371 0.19430095396148472 0.17422910438283512
0.13940039999940712 0.19130686028593802 0.5453391862047704 0.12395355350988446
0.3159516016496998 0.036559630205056926 0.5956412936565112 0.05184747448873206
0.10271797888469802 0.40449069574309304 0.12049664390971915 0.3722946814624898
0.06978656598617894 0.1788959675413131 0.19578908078223534 0.5555283856902726
0.11871415636629334 0.0185641975176708 0.7892496239273651 0.07347202218867077
0.2462055791311093 0.14761306683336484 0.2231291592917114 0.38305219474381447
0.0006160894265474504 0.3147901290734696 0.07528318653054167 0.6093105949694413
0.028210346660352936 0.2830941323873206 0.4504923280605544 0.23820319289177205
0.42619905549151516 0.46685652709042347 0.04949137072786769 0.05745304669019369
0.25426820210444234 0.5052901442099313 0.20735601552700278 0.03308563815862353
0.21715725788791296 0.16370417899450018 0.16013261280243718 0.4590059503151497
0.1576476042311461 0.3381798578035832 0.21386895849990983 0.2903035794653609
0.3780927796049236 0.24813078211200634 0.35973435807049126 0.0140420802125788
0.6371944382801248 0.27344115218779097 0.029283945376390674 0.06008046415569357
0.37741190862884666 0.01564347637619956 0.5280901212534724 0.07885449374148135
0.3614378357735736 0.4618634043880122 0.07164007492942526 0.10505868490898895
0.006671474159268609 0.020787682529666673 0.7411557701980276 0.23138507311303713
0.25581330596920804 0.4292922526784032 0.14612117599815544 0.16877326535423331
0.594305015244464 0.33434389916761176 0.0609817976373358 0.010369287950588446
0.6006895512852025 0.009114134757736592 0.12451742941831634 0.26567888453874455
0.7614567394951667 0.11395864576082215 0.02443667463228638 0.10014794011172479
0.005296953496846557 0.12322429581634498 0.4378330659894003 0.43364568469740816
0.45413338643902623 0.21187553687606642 0.07581118886916982 0.25817988781573753
0.4901420182911149 0.4066750957046602 0.0461734844537558 0.057009401550469074
0.01112348635829552 0.34829629459657263 0.450722741570011 0.18985747747512083
0.3467030033281686 0.03651336357066903 0.4526058837300533 0.16417774937110907
0.3013171304533869 0.12228801911833442 0.13301075887586244 0.4433840915524162
0.05783073346172962 0.2840491826905367 0.1796832962775804 0.4784367875701533
0.18147236790930044 0.45624987177297116 0.293514599388623 0.0687631609291054
0.1308376354613423 0.4428748458145292 0.238984393583618 0.1873031251405105
0.17581150259009115 0.2694038740359238 0.2096683643569066 0.34511625901707843
0.026290163525186427 0.22382661137070503 0.3045584912165904 0.44532473388751814
0.21875533470884057 0.3498664235024037 0.03489192902026417 0.39648631276849156
0.35182450650152597 0.2540546796602722 0.36385739548922735 0.030263418348974502
0.06387840542833467 0.20513791068816134 0.6450557987684659 0.08592788511503813
0.10077720989994021 0.029679430509602867 0.14407868976362137 0.7254646698268356
0.25002370393750484 0.4218413207437641 0.018030564104631552 0.3101044112140995
0.6723469239890718 0.21094294908562816 0.1122624351195477 0.00444769180575233
0.11203473364247851 0.4910052903869414 0.21350633416863285 0.18345364180194723
0.06198115953504124 0.3576887618647452 0.16581436126837934 0.41451571733183423
0.046098667031925444 0.4716341287527056 0.24079750476118544 0.2414696994541835
0.19729939064530866 0.6635792254380645 0.09501049939192929 0.04411088452469758
0.016623323554313507 0.28109177948052266 0.051571394063797515 0.6507135029013663
