67 90 4 232.65328651890815 465.30657303781635
5.912662869414808 8.729709495322231 7.173033279099212 3.9843263891209078 1.539981366045561 4.476500029384381 2.918348728159201 9.39255985073224 7.505364689702759 1.4220577600154165 8.39179764446048 6.326825493617756 3.2686435755031558 3.835690213508295 2.6905422003323283 4.152879163423533 3.3151853070480803 1.1000270379092671 4.686296588816025 4.710290063733709 1.3886989380678882 9.595079140858502 4.579095562961459 5.766925506793897 3.095316213953647 3.7774445726089896 5.967800553040789 7.376280661078693 9.58082097877819 6.417323265267462 4.620264129517782 4.194371795854196 8.327471412752626 3.6787767326251464 5.901528924614713 9.66773994428238 2.650559279186086 7.55197604427613 7.5991605838670155 1.4152598070303353 9.726277543956456 4.334891888805493 7.362498137692901 3.465376314384963 3.241405583699896 3.744751419917644 2.2496678974544997 9.776033689666264 1.075707139274173 9.05024620578782 4.187837622070989 9.343318021126112 4.604389009410675 5.216060713659338 5.027024897898711 9.175819354940653 6.780666486409703 3.158235526769744 7.087051749154631 4.8626409165758115 3.0255461463981597 2.366519873213444 5.0819669154635925 8.397080924885024 6.741530462327691 9.974488237622571 5.741812749937972 3.2045146239760207 1.2559928910041644 7.215960181311977 3.66775873616204 7.929911742637555 2.6890907656980962 5.1760524868559665 1.1117219028323002 2.408895710526245 2.5164873379710286 3.1388000832312417 6.6614092460683825 2.505317412700487 4.22914946877492 8.210087836166387 8.149729032554633 2.325154165332503 3.1426274936889933 5.191125539166602 9.54765606052074 5.7421679304361675 3.9189936419603675 1.8845075269693021
1.1825325738829615 1.7459418990644462 1.4346066558198425 0.7968652778241816 0.3079962732091122 0.8953000058768762 0.5836697456318402 1.878511970146448 1.5010729379405519 0.2844115520030833 1.678359528892096 1.2653650987235512 0.6537287151006311 0.767138042701659 0.5381084400664656 0.8305758326847066 0.663037061409616 0.22000540758185344 0.9372593177632049 0.9420580127467417 0.27773978761357765 1.9190158281717005 0.9158191125922919 1.1533851013587795 0.6190632427907294 0.7554889145217979 1.1935601106081577 1.4752561322157385 1.9161641957556381 1.2834646530534923 0.9240528259035564 0.8388743591708392 1.6654942825505252 0.7357553465250293 1.1803057849229426 1.933547988856476 0.5301118558372172 1.510395208855226 1.519832116773403 0.28305196140606703 1.9452555087912913 0.8669783777610987 1.4724996275385802 0.6930752628769926 0.6482811167399791 0.7489502839835288 0.44993357949089996 1.9552067379332527 0.21514142785483462 1.810049241157564 0.8375675244141979 1.8686636042252225 0.9208778018821351 1.0432121427318677 1.0054049795797422 1.8351638709881306 1.3561332972819407 0.6316471053539489 1.4174103498309263 0.9725281833151623 0.605109229279632 0.4733039746426888 1.0163933830927185 1.6794161849770048 1.3483060924655381 1.9948976475245144 1.1483625499875942 0.6409029247952042 0.2511985782008329 1.4431920362623953 0.733551747232408 1.5859823485275109 0.5378181531396192 1.0352104973711933 0.22234438056646005 0.481779142105249 0.5032974675942057 0.6277600166462484 1.3322818492136765 0.5010634825400974 0.845829893754984 1.6420175672332775 1.6299458065109267 0.4650308330665006 0.6285254987377986 1.0382251078333202 1.9095312121041481 1.1484335860872334 0.7837987283920735 0.3769015053938604
0.2127567873974312 0.4571867158384304 0.12392307033350147 0.20613342643063692
0.026961772558011243 0.6745853062854177 0.24638211607568217 0.052070805080888904
0.09613551550630528 0.6151738928683336 0.09325562120872521 0.19543497041663593
0.025835663453620428 0.8314646337112062 0.05816277008150017 0.08453693275367324
0.41027353842190517 0.056805461852741046 0.07515016582542178 0.457770833899932
0.08511061126111652 0.3726492611748523 0.2692434017888391 0.2729967257751921
0.6668012033131836 0.09720380679493568 0.04585492983091033 0.1901400600609704
0.28737119379772547 0.4447219049252711 0.10423033063104581 0.16367657064595764
0.6361641300921712 0.13078541977079883 0.010705002824128229 0.22234544731290173
0.3367275706345154 0.1365870396616966 0.4943923842322029 0.03229300547158509
0.6514057914084204 0.3359093280643457 0.010309167449604417 0.0023757130776295154
0.047354913864042225 0.6931831941073716 0.07251167089427679 0.18695022113430937
0.49282906447822683 0.39767576821264383 0.0446033073460641 0.06489185996306523
0.643983523998353 0.06949083554109825 0.00032325519262177416 0.28620238526792696
0.21383775376658487 0.10276561459127753 0.3029558043612497 0.3804408272808879
0.34409155361390054 0.05524959473359947 0.43861549296726765 0.16204335868523234
0.016067512266857986 0.3166904309372016 0.17075470554864658 0.4964873512472938
0.040349385920240066 0.0034790089845377903 0.5450438894422555 0.4111277156529667
0.21056635021295977 0.028353689194713705 0.6609932324252117 0.10008672816711484
0.169503216255384 0.7414022610368081 0.08589709658584121 0.0031974261219667177
0.2447496298730465 0.28747808030404454 0.3967501703489351 0.07102211947397385
0.3997441993512576 0.20318260161881274 0.003058450764600207 0.39401474826532945
0.18542082359411305 0.3729818259261012 0.434086160138639 0.007511190341146778
0.09711710374362958 0.6127830285412541 0.10733998257855915 0.18275988513655717
0.006747600097865902 0.39471173936312254 0.5955807114797509 0.002959949059260669
0.0074555676287035855 0.13027901103205475 0.40138105626486975 0.4608843650743719
0.6261269439310365 0.051688392433065555 0.13936489234336946 0.18281977129252847
0.1869741984383001 0.19482401265783356 0.5886244920674193 0.029577296836447053
0.05453974790694238 0.4529402980318604 0.12039363000674119 0.372126324054456
0.20327225612101085 0.10783023960714078 0.41319962954288536 0.275697874728963
0.29255405925940525 0.41630887282791107 0.1121900036232032 0.17894706428948048
0.23159655192027562 0.5363646195692577 0.013521813263412952 0.2185170152470537
0.1558201450486263 0.36503271832003525 0.28082030824049786 0.1983268283908406
0.5185409294223123 0.10057762303780204 0.1408532504706489 0.24002819706923673
0.06816870961708399 0.04467591943266869 0.4283359759474421 0.4588193950028052
0.030599799476546674 0.4140214533182832 0.5490987183314994 0.00628002887367074
0.06345274167665171 0.12057234189995569 0.5954597113720737 0.22051520505131894
0.1515276050104093 0.15292412476358141 0.6476593436865774 0.047888926539431886
0.1845466815432476 0.63219087244471 0.13751589009669352 0.04574655591534893
0.04064095226660347 0.2359740394665122 0.5748623774467899 0.14852263082009443
0.16669951145109585 0.4407456399492585 0.2689957229417612 0.1235591256578844
0.36804178608520344 0.07625435012727733 0.33903514205291196 0.21666872173460727
0.01563381666277508 0.21966533472546068 0.23770081831767598 0.5270000302940883
0.2518483614727285 0.45936503107396365 0.12799750094584106 0.1607891065074668
0.7649093174971169 0.055830542283487716 0.1417734726682447 0.03748666755115071
0.10343844466095908 0.4064356268510724 0.12003815884865576 0.3700877696393128
0.5414555285877427 0.1014265853165961 0.09907285013452016 0.25804503596114103
0.09741471935178159 0.20349715679810632 0.29020723040068797 0.40888089344942413
0.4841829223432138 0.034261874389757474 0.21149631990009354 0.2700588833669352
0.15435235181973195 0.15062655035348438 0.4782902350578676 0.21673086276891607
0.5395107175802288 0.09472578152724243 0.32558818971841874 0.040175311174109996
0.3236000406985541 0.3942413156400849 0.05409519527348361 0.2280634483878774
0.2057283519545029 0.10095798230992048 0.20807943734435308 0.48523422839122354
0.6483320781239018 0.15948588239617534 0.0460395575370498 0.14614248194287305
0.03256568226868839 0.26277631053433825 0.43044963367153233 0.27420837352544103
0.1549640819616721 0.04639414634379291 0.4602331515613842 0.33840862013315076
0.4244390028604046 0.41999249964020524 0.051861054543934415 0.10370744295545575
0.08401533539853245 0.12947220538558046 0.10717195670522539 0.6793405025106617
0.009299779204065994 0.43669747803110215 0.4332457324897421 0.12075701027508978
0.1333735398137773 0.2807848781458856 0.030405522488032632 0.5554360595523045
0.013794716702453358 0.13806733687594863 0.337011488285724 0.511126458135874
0.2070502457063742 0.5585295161711658 0.207165900837598 0.02725433728486204
0.3253444387375054 0.019766750223907392 0.0924261338471466 0.5624626771914406
0.41536392936449573 0.2619447920232457 0.03850806194404022 0.28418321666821833
0.5301326225417905 0.12136488084242836 0.2753399024090548 0.07316259420672633
0.03839265381493384 0.010565605494118557 0.6711099431138023 0.27993179757714526
0.2636104954741729 0.2387349408246655 0.3122653668529549 0.18538919684820665
0.2379566127524365 0.1110922229622725 0.4980748947958201 0.15287626948947086
0.31682432444745867 0.1433727915724855 0.033823781758325566 0.5059791022217303
0.31145932064603477 0.07558204280433534 0.12967971149439872 0.4832789250552312
0.4448816272238355 0.4306803560400697 0.02479845286351512 0.09963956387257966
0.2888611264327958 0.07221128469930749 0.425128021242848 0.2137995676250487
0.28355024462722567 0.5765225967732039 0.05895983853751974 0.08096732006205065
0.10435515968635212 0.8624768736164916 0.02822160172795296 0.00494636496920331
0.2405132708601495 0.49980638335151284 0.14359917133810896 0.1160811744502287
0.04684111406597502 0.7624649605741124 0.07199519687509837 0.11869872848481422
0.29818032200733446 0.19139966718602308 0.2973987233573794 0.21302128744926307
0.5679393258220254 0.2486558936729717 0.028622667490302622 0.15478211301470024
0.28027183369464626 0.17838585635150905 0.2540461829104994 0.2872961270433453
0.215984898464484 0.21695001482065368 0.2078739369679582 0.35919114974690414
0.23255341236693572 0.3417487342769564 0.18816224410109172 0.23753560925501616
0.0074714299475459045 0.1519483937974384 0.5378525912727228 0.3027275849822929
0.539576704277825 0.1966505200008215 0.02962599069168914 0.23414678502966435
0.5742234566823732 0.022292438285681504 0.3001391990971237 0.1033449059348216
0.17931250473425098 0.4675831503014758 0.25875653603989157 0.09434780892438166
0.162658784677019 0.0971716018091221 0.4333860946006002 0.3067835189132587
0.041185284639544406 0.14001705863496028 0.36588001914951407 0.45291763757598125
0.6434728823620622 0.08859071229269155 0.012042365158534851 0.25589404018671136
0.45680756326560346 0.11806504884009994 0.25672338191319355 0.16840400598110306
0.4669194069548993 0.2143687442037 0.030130901203333393 0.2885809476380673
0.020918555646014303 0.21163861736038292 0.09805456525575762 0.6693882617378452
0.17462688518152591 0.7021319741237387 0.0882991942518524 0.034941946442882954
0.28943984583212634 0.09746905892496793 0.28026913662323105 0.3328219586196747
0.11457494457563022 0.6439234893087382 0.14763369579706387 0.09386787031856769
0.12985103713158752 0.05147385134472604 0.47139777335208677 0.34727733817159967
0.047960844180328754 0.06614176158896479 0.4734714038587494 0.41242599037195704
0.01273544549345984 0.1470026479191172 0.6027492347642847 0.2375126718231383
0.269674526912993 0.6006790110787037 0.001026363164518096 0.12862009884378522
0.0708153791440026 0.17217082306544818 0.192554010933637 0.5644597868569122
0.08945445434501265 0.6826546492985665 0.16807610373535087 0.059814792621070034
0.1363476255024496 0.15785069312357625 0.6332973934412108 0.07250428793276331
0.49984190582792865 0.06300368002158196 0.34572748003404696 0.09142693411644243
0.007987539421170586 0.11246707594922234 0.6089473203552243 0.2705980642743828
0.27116616922342884 0.1368309812079035 0.2536670603991251 0.33833578916954254
0.22083581817625364 0.29547006022634814 0.11557990560351805 0.36811421599388017
0.046445208955010475 0.15543218301975992 0.540549406880064 0.2575732011451656
0.05799362462315183 0.14590826217640873 0.35607955762863164 0.4400185555718078
0.03720594142122158 0.030536378343925863 0.6795888571866409 0.2526688230482117
0.030846581107736637 0.32267785848902963 0.15334487601379732 0.4931306843894364
0.22102943413206655 0.2702377006757287 0.17073198172584902 0.3380008834663557
0.2030545520432815 0.6957705087554644 0.027464620527217987 0.0737103186740361
0.06447368533107434 0.29038477028033993 0.634053225628743 0.01108831875984273
0.6047665995597856 0.16814126009568897 0.10723625949585891 0.1198558808486665
0.03160398912868312 0.25813726828350814 0.5108327833771659 0.19942595921064288
0.14306441137304005 0.2451779579378669 0.3416981877517379 0.2700594429373552
0.14818651706457986 0.16915282835720946 0.606476840244902 0.07618381433330867
0.0006637027776186244 0.07453312553486313 0.39644304586573365 0.5283601258217846
0.2022127273826122 0.2756046007407794 0.1923358287174124 0.329846843159196
0.24954362040482259 0.5449790064043265 0.03509030314774009 0.17038707004311082
0.22983967172452524 0.5782184656932363 0.03845415187150125 0.1534877107107372
0.05623830506960903 0.6747614634978962 0.23501078662727426 0.03398944480522048
0.4349039528080334 0.33469073088846746 0.04994851447632809 0.18045680182717105
0.3199900429006973 0.20774581117412838 0.35553552576293534 0.11672862016223895
0.7258656897223538 0.024889863471754814 0.22604643544211112 0.023198011363780302
0.08297337314321362 0.3888894881699927 0.029478188718895404 0.4986589499678983
0.20648332506324474 0.01773986646207648 0.3026992100702829 0.4730775984043959
0.34076840138825737 0.03669689534460863 0.5235068811973297 0.09902782206980432
0.6251137302457405 0.16084903754147295 0.02882888690563612 0.18520834530715047
0.1192769966942 0.0015373282775779096 0.5241916283691371 0.35499404665908496
0.12509476792313734 0.12336408468864546 0.19496253089636262 0.5565786164918546
0.46155420441235673 0.2525512679770384 0.15549632911504396 0.1303981984955609
0.19742224555928545 0.11339812229148594 0.11132263205140225 0.5778570000978264
0.05737183492596576 0.2983576818753336 0.5167140996842301 0.12755638351447052
0.3978831979325128 0.13432547822753738 0.10690834353469025 0.36088298030525956
0.2338443690809756 0.146863990990176 0.0505101564332886 0.5687814834955598
0.1276435028693902 0.214878412273386 0.5362074571347717 0.12127062772245212
0.15462134097467062 0.17460392910768463 0.011175931762356317 0.6595987981552884
0.3261357169146767 0.050662253421127845 0.2646279281298465 0.358574101534349
0.22053026042949886 0.05305796272044783 0.2686192955301657 0.4577924813198876
0.1198322921575119 0.021664826412408633 0.5447497112281383 0.31375317020194116
0.5760788871643684 0.06656816112754571 0.09548532987156844 0.26186762183651746
0.42475541392165816 0.09843947220332772 0.10183472251455294 0.3749703913604612
0.02011638300391061 0.32381153661596507 0.4666496573278669 0.18942242305225743
0.7299528114967212 0.0017728283677379553 0.19842979182120413 0.06984456831433672
0.06538675733604205 0.03656784949769443 0.5268163394952324 0.3712290536710311
0.10511011502550727 0.4973685311678061 0.17269095934181544 0.22483039446487119
0.008243951419060203 0.10862605391462266 0.080543202847001 0.8025867918193161
0.04735206773076317 0.19464246630602633 0.5732050117700611 0.1848004541931494
0.2660722487269168 0.2354316183346672 0.2859435985849179 0.21255253435349808
0.01420894833049302 0.2609384848186792 0.18337226001314788 0.5414803068376799
0.030610501193277462 0.644119595054789 0.323215989715672 0.0020539140362615393
0.11150667678767434 0.012614194348990138 0.16766354434807718 0.7082155845152583
0.011656153003394953 0.20629643923030405 0.5461347010954982 0.23591270667080277
0.19366443066379735 0.5587202200995816 0.17579182017918604 0.07182352905743505
0.0858517146792247 0.2517065069799068 0.422653153179122 0.23978862516174648
0.6369482455596832 0.09171841298293193 0.19297064902491579 0.07836269243246907
0.17078966191669476 0.2951061015479022 0.4481605491065468 0.08594368742885627
0.47861521186486977 0.043676692069290146 0.18110783066737202 0.29660026539846807
0.37747757064068377 0.04914637289994084 0.0936615207552941 0.4797145357040813
0.33499347455164996 0.2903603136036599 0.18286642155497557 0.1917797902897146
0.1579732002121782 0.598175884747829 0.03263933517552686 0.21121157986446593
0.20882993627206947 0.41704236968144626 0.004217494354203044 0.3699101996922812
0.45220380772625457 0.17077184844074822 0.26767682283309613 0.10934752099990108
0.7857165891910866 0.01731823406257682 0.07527702873247111 0.12168814801386552
0.06616543759965077 0.002828324614890465 0.8482954902595935 0.08271074752586527
0.008301940445832434 0.3527491526509525 0.49732715141320694 0.1416217554900081
0.28960246289718194 0.023440007290260634 0.6444403493549975 0.04251718045755992
0.4892334961948003 0.019151650479446558 0.06326613803337544 0.4283487152923777
0.1977096437747311 0.3079170523400898 0.03297365784469075 0.46139964604048833
0.07085220919949964 0.08474226779577465 0.7855794809119702 0.05882604209275555
0.024796789981102463 0.242687146100238 0.09694456139915464 0.6355715025195049
0.7896856820907079 0.07065733043111466 0.03689700879563296 0.1027599786825445
0.10799010429414613 0.3547093289151543 0.19508850686511747 0.3422120599255821
0.37890287035763626 0.065216217205181 0.42552580763883396 0.13035510479834878
0.03515025666679239 0.28218115510615105 0.27999597976268675 0.4026726084643698
0.12040684220275599 0.32009053502363105 0.3490522060698006 0.21045041670381237
0.27809993509195474 0.024187315006767296 0.1173575939871806 0.5803551559140974
0.5347854375740093 0.12481708240753708 0.05367575688348525 0.28672172313496835
0.36962667290371265 0.017392353709722475 0.23746259810560866 0.3755183752809562
0.11401311073196396 0.020579694913525737 0.6931040408666709 0.17230315348783942
