49 40 4 127.46841884110883 254.93683768221769
3.708680102703231 3.22355648765633 9.33701621553258 9.024430944499876 7.149490839774883 6.101961935497051 5.922692922187285 2.8938145238808923 7.927790213668922 9.06607090861276 7.494854109093744 5.489023149174392 4.979915046047748 8.221874750239827 8.603481751659277 3.0622438397145513 9.659507872638244 1.5302650199110626 3.608540978507126 3.809477278998704 7.317156407688956 7.36847975066368 9.487258899541516 6.457448501573289 4.197045608438943 4.7871931137774615 9.158496158329376 3.2673610224994807 3.726283948240868 1.6844286550898022 3.26343734445413 9.195720314211242 8.592789981031096 6.734749944521123 9.910964270529963 9.459275822598759 8.694440574352289 9.290309556326667 6.991810453305165 4.537498465045416
0.7417360205406462 0.644711297531266 1.8674032431065162 1.8048861888999752 1.4298981679549765 1.2203923870994102 1.184538584437457 0.5787629047761784 1.5855580427337843 1.813214181722552 1.4989708218187487 1.0978046298348785 0.9959830092095496 1.6443749500479654 1.7206963503318555 0.6124487679429103 1.9319015745276489 0.3060530039822125 0.7217081957014252 0.7618954557997408 1.4634312815377912 1.473695950132736 1.897451779908303 1.2914897003146577 0.8394091216877886 0.9574386227554923 1.8316992316658751 0.6534722044998962 0.7452567896481737 0.33688573101796043 0.652687468890826 1.8391440628422484 1.7185579962062192 1.3469499889042247 1.9821928541059926 1.8918551645197517 1.7388881148704578 1.8580619112653334 1.398362090661033 0.9074996930090832
0.16660746498138002 0.31374432410385933 0.10242232794570971 0.41722588296905094
0.5430657341203313 0.02477010104982369 0.059985547335207445 0.37217861749463754
0.0907847055003721 0.22908509501198404 0.2973069262769028 0.38282327321074106
0.010167566218610702 0.12690400843804095 0.48469083453494466 0.3782375908084037
0.2713392135609134 0.2514177439874107 0.10496684198639894 0.372276200465277
0.06578415544285399 0.5999245272974625 0.3041911676709309 0.030100149588752623
0.5302911143148955 0.18102542959614842 0.09300053223049698 0.1956829238584591
0.07193765666408292 0.17971214606815822 0.6735967446290443 0.07475345263871458
0.2541864335288657 0.25494328293511226 0.04603785770131785 0.44483242583470417
0.38110785044396167 0.2255647885501123 0.05746446255979498 0.33586289844613104
0.3830690542567843 0.3139546922596208 0.17412112465756868 0.12885512882602623
0.7738780137928112 0.08116015933212672 0.07522425683832701 0.06973757003673509
0.41314605215208156 0.15097053775871705 0.23304527166723588 0.20283813842196552
0.1880926464033087 0.12896316159060195 0.09326795711803049 0.5896762348880589
0.6314699416556802 0.10611381804395914 0.08818713591752558 0.17422910438283512
0.06395729182284304 0.2667499684625021 0.5453391862047704 0.12395355350988446
0.13940039999940712 0.1765512016502927 0.6322009238615681 0.05184747448873206
0.10271797888469802 0.24979325297005872 0.15469744277303432 0.49279132537220893
0.24868253352749203 0.19578908078223534 0.18323370422778285 0.3722946814624898
0.06978656598617894 0.0674917878977852 0.7892496239273651 0.07347202218867077
0.11871415636629334 0.12749142276481595 0.14761306683336484 0.6061813540355259
0.0006160894265474504 0.3147901290734696 0.3015415867561685 0.38305219474381447
0.028210346660352936 0.2830941323873206 0.07938492598288516 0.6093105949694413
0.42619905549151516 0.3355977516167128 0.13125877547371068 0.10694441741806138
0.25426820210444234 0.688278751205364 0.024367408531570156 0.03308563815862353
0.38086143688241314 0.16013261280243718 0.21856429662952337 0.2404416536856263
0.1576476042311461 0.05950965365676686 0.49253916264672615 0.2903035794653609
0.3780927796049236 0.11773468242980567 0.13039609968220067 0.37377643828307006
0.030021642517242597 0.059597435812311805 0.8963388414578668 0.0140420802125788
0.46065166532346247 0.1145462564369325 0.07260509622180444 0.3521969820178006
0.15896398084272112 0.13821519701663032 0.49067225161742234 0.21214857052322622
0.054682848020906505 0.02791038348624264 0.32060171613395316 0.5968050523588977
0.7064199144204867 0.03096991803504956 0.059678584843643745 0.20293158270082
0.09112352640781718 0.44511881884761717 0.44381027859855837 0.01994737614600728
0.5429618740643227 0.44478549871501993 0.0016438686629055566 0.010608758557751785
0.09546292139102708 0.0975611962864863 0.38716930877204647 0.41980657355044015
0.1413892817634066 0.12816596073590314 0.7146860869658315 0.0157586705348588
0.03681101689362998 0.5452486987692822 0.1551882621164159 0.26275202222067195
0.6847755037554354 0.07724701721683958 0.03849008632807216 0.19948739269965288
0.050411993165580204 0.12921893437527487 0.3123616015521492 0.5080074709069957
0.3614378357735736 0.01597407285527308 0.5175294064621644 0.10505868490898895
0.006671474159268609 0.7619434527276943 0.05468631327462292 0.1766987598384142
0.027459156688935282 0.22835414928027276 0.5754134286765586 0.16877326535423331
0.6851055586476112 0.2435433557644645 0.0609817976373358 0.010369287950588446
0.594305015244464 0.00638453604073852 0.13363156417605293 0.26567888453874455
0.6098036860429391 0.15165305345222757 0.11395864576082215 0.12458461474401117
0.005296953496846557 0.5610573618057453 0.3334977445856834 0.10014794011172479
0.12852124931319153 0.5374876740019011 0.07581118886916982 0.25817988781573753
0.45413338643902623 0.4426837275567489 0.0461734844537558 0.057009401550469074
0.01112348635829552 0.34829629459657263 0.13072223733624677 0.5098579817088851
0.38321636689883765 0.4269261556260415 0.025679728104011756 0.16417774937110907
0.3467030033281686 0.07690214624355274 0.13301075887586244 0.4433840915524162
0.05783073346172962 0.2434863969916573 0.04056278569887939 0.6581200838477337
0.18147236790930044 0.3400908445205463 0.4096736266410479 0.0687631609291054
0.1308376354613423 0.5068846042209293 0.1749746351772179 0.1873031251405105
0.17581150259009115 0.2694038740359238 0.12849710464985653 0.4262875187241285
0.026290163525186427 0.5283851025872954 0.10020847487043971 0.34511625901707843
0.25011677489589146 0.3185049833153528 0.03489192902026417 0.39648631276849156
0.21875533470884057 0.1330691717926854 0.6179120751494995 0.030263418348974502
0.06387840542833467 0.20513791068816134 0.33686287004530213 0.39412081383820186
0.10077720989994021 0.17375812027322424 0.6395367847117974 0.08592788511503813
0.13045664040954308 0.11956706352796176 0.4218413207437641 0.32813497531873104
0.6723469239890718 0.017548664796828706 0.30565671940834716 0.00444769180575233
0.6030400240294199 0.21350633416863285 0.0667435148766472 0.11671012692530003
0.06198115953504124 0.05005357410743727 0.47344954902568726 0.41451571733183423
0.046098667031925444 0.373571254367861 0.09806287438484462 0.48226720421536895
0.19729939064530866 0.5612309099005078 0.10234831553755663 0.13912138391662687
0.016623323554313507 0.3326631735443202 0.6066026183766687 0.04411088452469758
0.29771510303483617 0.024695849852827245 0.0499553233723784 0.6276337237399582
0.014775569933262123 0.5263796311879031 0.3269440857302749 0.1319007131485599
0.08181819727109185 0.22070133570654937 0.18801611899174475 0.509464348030614
0.43100646119755404 0.1802083098110494 0.0028695749228941914 0.38591565406850237
0.14246237916434024 0.05188445200880498 0.78950239765506 0.016150771171794753
0.22561520299422688 0.08023210070807407 0.17837038104322933 0.5157823152544697
0.2999309515178178 0.11827317300144846 0.12829656642260712 0.45349930905812663
0.6495248653572054 0.16400566133690375 0.0021469414217505367 0.18432253188414027
0.49855220382809684 0.16926535126003694 0.2662400304001651 0.06594241451170113
0.02298730131563531 0.5775134572519118 0.1153023334962191 0.28419690793623376
0.7096534374376456 0.014483020282244907 0.22596640014190128 0.04989714213820817
0.06700213576406633 0.09464766627124077 0.06405213389322151 0.7742980640714714
