77 10 4 27.421384529909336 54.84276905981868
9.271981286192636 6.779760399314699 7.78341006756259 2.2538311129246154 1.7858759319064006 8.092018522328427 3.9353584333103995 5.869610393283709 3.1621165828120543 5.908806330183144
1.8543962572385273 1.3559520798629399 1.5566820135125181 0.45076622258492305 0.3571751863812801 1.6184037044656854 0.7870716866620799 1.173922078656742 0.6324233165624109 1.1817612660366288
0.2961545640333596 0.1043999396465296 0.4361254374013056 0.1633200589188052
0.05731598524720616 0.3949970278120907 0.2532842315981324 0.29440275534257077
0.049376999314487025 0.014394524766169203 0.0030276070108050668 0.9332008689085387
0.03606131000291102 0.32811110344010563 0.1825379262728991 0.45328966028408424
0.2732926831299841 0.07995241498711858 0.2911246565938147 0.3556302452890826
0.44555591001588435 0.2838380990375007 0.1653612302406684 0.10524476070594657
0.1294506297724709 0.1325497115620703 0.6777646936328162 0.060234965032642585
0.43477497268288456 0.27492860531354824 0.2375903430041013 0.05270607899946589
0.13474393062097323 0.010070517596736939 0.4442576488328026 0.4109279029494872
0.4534082266242594 0.4040376617734279 0.14118671518347814 0.0013673964188345433
0.2810176906539642 0.30746345189271873 0.12671074473307398 0.2848081127202431
0.17577473803132437 0.24682169215842775 0.32443087651736946 0.2529726932928784
0.2924753386949548 0.13943298071681665 0.31924816657935307 0.2488435140088755
0.1519715256925609 0.29132151190977273 0.3796001536271717 0.17710680877049467
0.10754107880259256 0.06144414047024915 0.21671843884276465 0.6142963418843936
0.31223505833115306 0.47103853684340435 0.19377906625934982 0.022947338566092768
0.30948318615494275 0.057559687005606985 0.05512848307304308 0.5778286437664072
0.049976404839687016 0.20479654324902197 0.6623206062706103 0.08290644564068073
0.2576384903723663 0.06926011828550549 0.17960733444883192 0.4934940568932963
0.31945566560822425 0.364518086432404 0.18364842573426676 0.13237782222510497
