92 70 4 198.20827257239787 396.4165451447958
8.972924494938631 8.097234101233521 4.822553183275968 5.309826821624704 1.003186537583948 8.707303414664676 4.179895240029829 5.380741411351822 4.97145795653803 9.44722490439283 7.459109969553322 8.563142479565384 3.623665493210084 8.517118801556583 5.026933649493586 3.603522293289325 4.630429468499269 8.193599381025795 8.702528229634183 7.444516073809472 8.051047593584308 8.831190621599646 2.538654899121153 4.963498438766608 7.960601921913746 9.281054191266572 4.172910980619147 2.0714540441878277 4.361276390098025 2.6421998737745467 1.0701118799539582 9.250879986016752 7.772404722879258 1.9689942629184563 7.088153285377672 5.85038645121999 5.724230062827497 6.530478421513944 7.517717827129713 1.6129724848000586 5.204140621838083 5.153511522709959 8.41199914713734 4.319001840952161 4.402926203677826 1.6024420274555253 3.7113762293038466 8.844123985187927 5.37313146640665 2.8903389885593285 2.2139763531588192 1.7789213934185626 8.129833138151907 7.664355498609221 5.900810202752861 2.7973083888798835 7.458220496796236 1.2652169835152178 3.3935525885347997 8.777870584519455 8.340686411306908 4.177364546413608 7.997747262428001 8.434280093175026 6.339533053800016 7.958401767571647 5.012957241640899 5.0599358656357944 5.223979684898285 2.661469311520041
1.7945848989877262 1.6194468202467043 0.9645106366551935 1.061965364324941 0.2006373075167896 1.741460682932935 0.8359790480059658 1.0761482822703645 0.994291591307606 1.8894449808785658 1.4918219939106643 1.7126284959130769 0.7247330986420167 1.7034237603113165 1.0053867298987171 0.720704458657865 0.9260858936998538 1.638719876205159 1.7405056459268367 1.4889032147618944 1.6102095187168615 1.7662381243199292 0.5077309798242305 0.9926996877533216 1.5921203843827492 1.8562108382533142 0.8345821961238293 0.4142908088375655 0.872255278019605 0.5284399747549093 0.21402237599079163 1.8501759972033505 1.5544809445758516 0.39379885258369124 1.4176306570755344 1.170077290243998 1.1448460125654996 1.3060956843027889 1.5035435654259426 0.32259449696001175 1.0408281243676165 1.0307023045419919 1.682399829427468 0.8638003681904323 0.8805852407355651 0.3204884054911051 0.7422752458607693 1.7688247970375854 1.07462629328133 0.5780677977118657 0.4427952706317638 0.35578427868371254 1.6259666276303815 1.5328710997218442 1.1801620405505722 0.5594616777759767 1.4916440993592472 0.25304339670304354 0.6787105177069599 1.755574116903891 1.6681372822613816 0.8354729092827217 1.5995494524856002 1.6868560186350052 1.2679066107600032 1.5916803535143296 1.00259144832818 1.0119871731271588 1.044795936979657 0.5322938623040082
0.011682200972270795 0.9312407262812762 0.0004258315201579599 0.05665124122629506
0.18752162812828044 0.3875638907009743 0.31084551116575065 0.11406897000499461
0.6929692790351584 0.1934676340603445 0.10262043302764601 0.010942653876851116
0.024091806084711176 0.16137579039324712 0.10738613967724941 0.7071462638447923
0.031931531498120336 0.7633399170705008 0.1897511103267805 0.014977441104598421
0.07442906576446418 0.4450839921609584 0.3549217482378302 0.12556519383674725
0.008520292661936657 0.2280832184065542 0.684497249079285 0.07889923985222413
0.7229843470516338 0.16903748212295755 0.061222998411139096 0.04675517241426952
0.11837574854295008 0.11359051874967574 0.4621628524807029 0.3058708802266713
0.31490391778135285 0.10043647545731349 0.349285827633826 0.23537377912750768
0.0075604631280210555 0.044565790233976 0.7698552629403865 0.17801848369761641
0.20763139712405765 0.4931659294122932 0.009392896754495283 0.28980977670915387
0.0913554790253589 0.7283165944949831 0.10176127057988615 0.07856665589977185
0.06632717231572938 0.05065817535871364 0.41636932093410195 0.46664533139145503
0.0011369053030998444 0.4410189427375929 0.5542592590664206 0.0035848928928866597
0.10600315471761013 0.3823314636402775 0.3746952312341869 0.13697015040792548
0.10069783376576269 0.4403679387496767 0.1708441386249563 0.2880900888596043
0.07666534719749418 0.029530915628083965 0.012060999708867093 0.8817427374655548
0.3355604735677691 0.12176163005976715 0.13911155710302614 0.40356633926943764
0.5375249039813212 0.035217792817341165 0.330269499438579 0.09698780376275862
0.0671231753671262 0.17815019914238683 0.6571096127003117 0.09761701279017532
0.32685826534532814 0.18193717547940225 0.2613535477609825 0.2298510114142871
0.17171398799238713 0.06232389478166678 0.7500157753987243 0.015946341827221766
0.24262917340367718 0.6071954685616635 0.08389592729092332 0.06627943074373599
0.10108074077199913 0.13858038346371193 0.22844371332517677 0.5318951624391122
0.22046350091077815 0.2652981954497968 0.16300206236343895 0.35123624127598607
0.07764259549401598 0.10470491564065931 0.37070798743747113 0.4469445014278536
0.6296769847768068 0.005536079780121161 0.1716131886989435 0.19317374674412857
0.11131641377766655 0.8159364482056688 0.05534246288044731 0.01740467513621735
0.6337696394888482 0.0319724136661953 0.21527150089050873 0.11898644595444774
0.5810677945632985 0.077711914946901 0.02248529681693401 0.3187349936728665
0.013388795235033002 0.7154587847941248 0.2362758182040945 0.03487660176674767
0.1197932925858225 0.006740793930993916 0.5041143605725582 0.3693515529106254
0.26485609891707074 0.5791269196684975 0.12073358134453605 0.03528340006989572
0.13512743369473057 0.02213622436572993 0.2910478384482521 0.5516885034912874
0.028992055732313227 0.43535034669839834 0.4923404524886479 0.04331714508064055
0.12558597685606432 0.35488127081192056 0.15054972699588343 0.3689830253361317
0.1078189921503393 0.21854996620986744 0.43834610027015897 0.2352849413696343
0.3409850996396647 0.4724400758944586 0.06342771128727442 0.12314711317860227
0.08849378474163538 0.1132444137720724 0.3333675466251804 0.4648942548611118
0.0754322376749672 0.0025689675189900507 0.3429657018534503 0.5790330929525924
0.07176573935631558 0.20745598072017235 0.41190826504367584 0.30887001487983623
0.1336324952686596 0.06136813004688735 0.42705059247068466 0.3779487822137684
0.2360109797029104 0.4696526605562632 0.1790358916792658 0.11530046806156058
0.11123568085950497 0.2899140105846847 0.3461952735681515 0.25265503498765884
0.13746504180899255 0.37191467993781213 0.275263743644774 0.2153565346084213
0.533073738931159 0.03242056045405006 0.3267002373113942 0.1078054633033968
0.1013196226168318 0.07840059842495417 0.67465943243231 0.14562034652590405
0.42038889592388873 0.48588832884678745 0.06367332544213677 0.030049449787187044
0.0007586847829156307 0.14305285371026732 0.6035097205365384 0.25267874097027865
0.5266572372261757 0.32618030910706597 0.10540660886030107 0.04175584480645722
0.591623737606055 0.2731207253979785 0.0692073669202724 0.06604817007569408
0.11102619928350044 0.11224562836540874 0.22478759546258975 0.5519405768885011
0.17983136149923995 0.517862443904113 0.15203982861549492 0.15026636598115217
0.665860630359529 0.04071998573364033 0.08285598775375924 0.2105633961530714
0.267740860455123 0.25671180903145474 0.295318834357999 0.18022849615542325
0.09620774783367914 0.5134747616364936 0.03635705404495815 0.3539604364848691
0.1019295018006735 0.27409656691440965 0.4289610109932319 0.19501292029168493
0.369664991060905 0.2090748937938498 0.14914570356596324 0.27211441157928196
0.19508428465033678 0.2769751515970028 0.4941373223761275 0.0338032413765329
0.06438798294945913 0.32250276241226794 0.2515775237235671 0.3615317309147058
0.09801563220602583 0.7386352480360763 0.022580304992168454 0.14076881476572944
0.022884992144911576 0.6445280364736301 0.15463416031610422 0.1779528110653541
0.3194029548730898 0.6078623338766607 0.0037801116304613247 0.06895459961978823
0.5776026817160771 0.10290287270462961 0.2786006649143611 0.04089378066493221
0.05989733437548661 0.09405707091066184 0.696635567528911 0.14941002718494056
0.5115916954886681 0.25605926008735536 0.1944882635482954 0.03786078087568112
0.21558731522916041 0.182469760715244 0.3448054407993927 0.2571374832562029
0.27751883593197446 0.05122606484492953 0.615462257650803 0.05579284157229303
0.35656212518074293 0.513434698036017 0.09216622007724695 0.037836956705993074
0.04774350979601483 0.48860819609111594 0.4205936314839106 0.04305466262895863
0.23171934882513978 0.04788955746037182 0.19842963157107074 0.5219614621434177
0.4524368914513027 0.1509877947914957 0.34246883364791025 0.05410648010929131
0.3848339069853146 0.1706442732603468 0.0918336978111387 0.3526881219431999
0.03557627656619933 0.44286777876356964 0.22566155956825473 0.2958943851019763
0.10537433135772378 0.1735354144526432 0.20599063199896117 0.5150996221906718
0.16692360213964585 0.40732074924211636 0.3298443947853661 0.09591125383287169
0.18458432655812718 0.15818398217243868 0.024477012052545932 0.6327546792168882
0.013436906978363194 0.6292656917875876 0.29520317518673034 0.062094226047318846
0.363140947050516 0.11427976290274644 0.14656943517053866 0.37600985487619887
0.1873255874162233 0.3800174425563434 0.21072975146159112 0.2219272185658422
0.03412651134863176 0.014364007739308793 0.29471035119907696 0.6567991297129825
0.434499303278268 0.01468346639908713 0.4683228678714547 0.08249436245119013
0.005188356321749521 0.7555398931310269 0.11651377282290587 0.12275797772431774
0.009325661498729598 0.7833653330683883 0.03260134721423169 0.17470765821865042
0.45843009486126984 0.1429756608127113 0.3225084472930192 0.07608579703299967
0.5597988438488093 0.05033129263529568 0.009685229149092311 0.3801846343668027
0.009497728619264456 0.8741593015819817 0.03834551373872741 0.0779974560600264
0.1597490454871059 0.5654192473923989 0.21134934846050246 0.06348235865999274
0.3131062792820397 0.11814058709671482 0.5504036147179073 0.018349518903338136
0.30348397455963916 0.2847115126361792 0.33789832605097125 0.07390618675321037
0.19122042113387994 0.36328374406702346 0.08246354450479865 0.36303229029429795
0.2936245207328053 0.1870132332050316 0.2697755576551494 0.2495866884070137
0.3352855298496886 0.09464855783795212 0.558290514193809 0.011775398118550218
0.04951825669758958 0.14357003580814764 0.17060804264823248 0.6363036648460303
0.0944662616920835 0.6498734993770824 0.18522877358697853 0.07043146534385558
0.4892812671517197 0.04743231504380785 0.3448607749019835 0.11842564290248891
0.8439480216934155 0.0609833667252343 0.07799756839160865 0.017071043189741508
0.03945131599708296 0.20596428702729663 0.5660024853472405 0.1885819116283799
0.010307636431640899 0.18382480189616934 0.47528477769355726 0.3305827839786325
0.49799932476739206 0.020730957207196643 0.33044816320873016 0.15082155481668114
0.5055110171987118 0.019327303263184326 0.0735092140999225 0.40165246543818134
0.32386680266423373 0.1024505993746 0.058205767866280844 0.5154768300948854
0.2236024967849607 0.5484945378901869 0.02593330692732221 0.20196965839753023
0.23399678106802135 0.28596508278084776 0.02448047664036246 0.45555765951076843
0.21738457320533733 0.03954136081014914 0.45166800647502114 0.2914060595094924
0.2723858524065855 0.12103266818257585 0.5518060772616435 0.054775402149195074
0.7209053637250619 0.02677754432003765 0.09924285977443004 0.15307423218047045
0.26461026844801205 0.2829713653656012 0.376727442640552 0.07569092354583473
0.6069326564888948 0.12348120928426953 0.067984104790205 0.20160202943663064
0.1598105770400592 0.5456336228047594 0.023599355009473744 0.2709564451457077
0.02359218993629475 0.7106734343004435 0.15913617004540814 0.10659820571785361
0.7577881256639478 0.1343693673147497 0.05804354721127103 0.04979895981003146
0.039829868569541516 0.583958645667714 0.09814811588287975 0.2780633698798647
0.33283993229292985 0.2318996029586573 0.3563946018004279 0.07886586294798492
0.3960248090440309 0.2507091003497517 0.007448700740193215 0.34581738986602417
0.35275910725359505 0.010211154398342748 0.25441802423826876 0.38261171410979344
0.32630758809839344 0.15139212869810426 0.3880892408092198 0.1342110423942825
0.7070539022724968 0.06108762268555057 0.16460409303050783 0.06725438201144485
0.3230866072549946 0.09581028786703272 0.5345433472913821 0.04655975758659059
0.5513809313620704 0.125407623976308 0.028890644110911246 0.2943208005507103
0.05030024864910265 0.5841456689207576 0.12764254138952047 0.2379115410406193
0.17894778456590643 0.7111089343122502 0.05188173526176443 0.058061545860078945
0.13612797300757729 0.46159454745159123 0.19379987697148526 0.20847760256934622
0.5495388558481067 0.17709097318706168 0.2473505533941851 0.026019617570646525
0.3183052703875714 0.06653457400997809 0.43457636922285525 0.18058378637959527
0.022981414140846312 0.062047538458468 0.009199284436227861 0.9057717629644578
0.13793753783360163 0.2758086672280655 0.5345343360815887 0.051719458856744116
0.10950159229503076 0.22795937835644786 0.02905898067356527 0.6334800486749561
0.10922187118295879 0.13587654543187255 0.35178798989048254 0.4031135934946861
0.047082548231608734 0.18130524494417288 0.5229831682565149 0.24862903856770346
0.4765135838236153 0.04110518063914392 0.32530165126029564 0.15707958427694513
0.0010752158809803625 0.20849706409913193 0.6247165666100271 0.16571115340986065
0.5818145898005003 0.007507585223509694 0.13898859493293114 0.2716892300430589
0.36443768246830344 0.18501528499530584 0.016079173059883378 0.43446785947650735
0.061710287338865744 0.12760418711180843 0.7186303409751318 0.09205518457419404
0.11933790318360793 0.22105479669414607 0.0551564769002052 0.6044508232220408
0.17427958524883058 0.32181614203150855 0.19901648074769862 0.30488779197196225
0.6357388465679286 0.06747621125976455 0.08528750539960717 0.21149743677269972
0.5110827240188394 0.12713864364130822 0.24466809942739687 0.11711053291245554
