70 20 4 52.79140889834482 105.58281779668962
9.34732484757063 8.85183664968294 6.261681453359978 9.146531563514172 3.8514931407166553 2.332072908368053 8.735806920188862 4.903308700760383 5.441687175209001 5.073073275225309 4.268392073086812 3.3605620055670435 6.321955343957896 3.790098804293568 1.393341819480739 7.373172476553156 2.6659844938520223 2.7164367896781014 7.6145415661217095 2.1335157895025962
1.8694649695141259 1.770367329936588 1.2523362906719957 1.8293063127028344 0.770298628143331 0.4664145816736106 1.7471613840377724 0.9806617401520766 1.0883374350418002 1.0146146550450619 0.8536784146173624 0.6721124011134088 1.2643910687915791 0.7580197608587136 0.2786683638961478 1.4746344953106312 0.5331968987704044 0.5432873579356203 1.522908313224342 0.42670315790051927
0.13122727002257162 0.17583739164222834 0.6786599526884093 0.014275385646790761
0.3443054382254692 0.14404017008895265 0.29964581436005455 0.21200857732552358
0.15511409362491968 0.6456956126711947 0.191388322981633 0.007801970722252638
0.26682949344096274 0.2170585707950916 0.48458387639301803 0.03152805937092762
0.23213351521986214 0.6120587022056271 0.07074428151206014 0.08506350106245064
0.1847480115333836 0.035785559511515186 0.19600357327059637 0.5834628556845048
0.10897001329416456 0.42572045951158355 0.295246134407115 0.1700633927871369
0.35111633410827126 0.22937928861228574 0.2817243519860184 0.1377800252934246
0.13337942242469347 0.15285092225442953 0.3660786392142459 0.3476910161066311
0.023508498826517954 0.3597265002194866 0.28698251234091443 0.329782488613081
0.15099021326372564 0.08057657735652646 0.6926153124295626 0.07581789695018526
0.06996371941261814 0.03448426939628335 0.28160115861377477 0.6139508525773237
0.01030334456194093 0.0697505397171122 0.5772307952453261 0.3427153204756208
0.0694357802497022 0.14601784740809554 0.5471780951287811 0.23736827721342113
0.5956229758792488 0.01289408046191498 0.34698966973566026 0.044493273923175924
0.3070095612981981 0.18225100445459208 0.2665142287189912 0.24422520552821858
0.2700647561648236 0.136551387861366 0.1753592489916036 0.4180246069822068
0.5203692860931592 0.2889180734930884 0.12053337343835036 0.070179266975402
0.09038581352446784 0.012767123099813649 0.672676094490882 0.22417096888483656
0.1707851185015402 0.049775962092007964 0.3045807002521266 0.47485821915432525
0.0048934377712812616 0.9292575718165408 0.04382027581184467 0.022028714600333288
0.3413433999443778 0.18774266429486108 0.14562607855902976 0.32528785720173137
0.03245902930234201 0.15458234565284634 0.7609816219559917 0.05197700308881992
0.19819739171635187 0.16761063254767228 0.00024183410025913066 0.6339501416357167
0.05218182530283322 0.16140309104375172 0.5853690547281446 0.20104602892527046
0.14292332531108032 0.1569291125882204 0.19431711814935126 0.505830443951348
0.4411474151179431 0.17749004076732533 0.32809108877338544 0.05327145534134614
0.37045341571718815 0.4954876513534954 0.10034990264079258 0.0337090302885239
0.7606256303894526 0.1293249174591633 0.06349349349014544 0.04655595866123863
0.45251402420131037 0.3292256420630777 0.13221967226185616 0.08604066147375578
0.21121957439284134 0.08378180589094553 0.6949030928074065 0.010095526908806662
0.20103797445081073 0.08173636916463234 0.6984618753093098 0.01876378107524712
0.5003304923807054 0.04000856655459295 0.01213340281224451 0.44752753825245717
0.22281996812283233 0.4682388392787358 0.18574174510881625 0.12319944748961564
0.6419273232864979 0.25251227199068593 0.015978124513490455 0.08958228020932568
0.024283045431891415 0.16322907352869165 0.16450108154048848 0.6479867994989285
0.3464973857946583 0.2508633956215327 0.2840088119914199 0.1186304065923891
0.040618943491545934 0.43005354124724937 0.2716298125036153 0.2576977027575894
0.2992602789876445 0.31213368159020594 0.07769131855335132 0.31091472086879823
0.17623798231251042 0.15237889243283476 0.42961614314602037 0.24176698210863445
