53 50 4 134.51059385184206 269.0211877036842
8.619961664891205 6.050489862385308 5.0938786216517755 4.169574223227656 6.272662457213536 5.821747698457682 8.447106491014114 3.38087978849831 5.305411552048442 4.130065205611497 2.2103049007807636 3.339796153087532 1.4287120855235718 4.5486397425617 4.3445457287939035 6.010596309569885 9.077450989308922 2.506112983057456 4.664857778468439 6.871180049008759 6.10974172142318 6.098669704135352 5.719195896441829 6.468220218530286 2.154050866208927 2.703930657802437 4.970688575997325 8.758306914450621 9.072863598917468 3.0603652620207087 5.196527706601216 5.235052117359741 4.831606836174981 9.730037090379977 8.433064634245994 7.344240453189076 3.73848192672152 2.3419083859873218 9.472096989509588 7.994619397928266 3.211456478020936 7.399716865750152 3.4091641409761104 8.80026028422018 3.0951587814784594 2.9876194153669875 1.2551937682153977 5.462966397584334 7.532042271612476 4.139966061272766
1.723992332978241 1.2100979724770615 1.018775724330355 0.8339148446455311 1.2545324914427072 1.1643495396915364 1.689421298202823 0.676175957699662 1.0610823104096885 0.8260130411222993 0.4420609801561527 0.6679592306175064 0.2857424171047144 0.90972794851234 0.8689091457587808 1.2021192619139769 1.8154901978617843 0.5012225966114912 0.9329715556936877 1.3742360098017516 1.2219483442846362 1.2197339408270704 1.1438391792883658 1.2936440437060572 0.4308101732417854 0.5407861315604874 0.994137715199465 1.7516613828901242 1.8145727197834938 0.6120730524041418 1.0393055413202432 1.0470104234719482 0.9663213672349962 1.9460074180759954 1.686612926849199 1.4688480906378152 0.747696385344304 0.4683816771974644 1.8944193979019175 1.598923879585653 0.6422912956041872 1.4799433731500304 0.6818328281952221 1.7600520568440359 0.6190317562956918 0.5975238830733975 0.25103875364307954 1.092593279516867 1.5064084543224951 0.8279932122545531
0.2534207358069078 0.573372583209616 0.02717046338487683 0.1460362175985993
0.06041968731298797 0.474045935734857 0.40663739024336876 0.05889698670878629
0.3606660874050185 0.27291174430017584 0.09797728904137692 0.26844487925342875
0.6912748671446649 0.016692032054706152 0.23281384003203087 0.05921926076859807
0.061007727627951924 0.573182863486342 0.23781348335700625 0.12799592552869987
0.21140509020365894 0.2662569826613852 0.4201044212788092 0.10223350585614666
0.19305661056939638 0.1361461879942074 0.5455930411350277 0.1252041603013685
0.17687895631620887 0.1829311082091566 0.5084526541138603 0.13173728136077423
0.2617955264960272 0.005336762890470248 0.4528965056673284 0.2799712049461741
0.26315835377324615 0.081330365416875 0.19320733954869662 0.46230394126118224
0.12515870156566056 0.4566754120301161 0.40845379333227483 0.009712093071948535
0.08749118198344952 0.5727002487999774 0.07717923551876471 0.2626293336978084
0.5637555003712543 0.026412870997801874 0.38830346314109554 0.02152816548984826
0.44600788927616486 0.007117966660962649 0.19045150530582333 0.35642263875704916
0.5167228887050396 0.10124476707016306 0.14986000638271957 0.2321723378420778
0.4921961509586117 0.07674018697935192 0.1575100897567846 0.2735535723052518
0.30260800010143085 0.40692238923851787 0.2217243317608527 0.06874527889919857
0.26719864087920586 0.2156127517618387 0.0026971705901904786 0.514491436768765
0.10634003089692767 0.004741976355306821 0.09632143331565257 0.7925965594321129
0.053292222327243066 0.04123166512297205 0.5710692113393848 0.33440690121040006
0.33756527798899216 0.18849392363400053 0.12286709625261971 0.3510737021243876
0.435224982003501 0.19462359954795716 0.313742207904408 0.056409210544133837
0.4270718144523934 0.27862133516254073 0.15610548622691567 0.1382013641581502
0.34068453091441464 0.04718541220310857 0.359196341486404 0.2529337153960728
0.23530377311169337 0.15482847770287467 0.032290926627328465 0.5775768225581035
0.4115581540978617 0.15234666458801827 0.2541164758554423 0.18197870545867778
0.3087624107119976 0.36699293995047455 0.06226874000275762 0.2619759093347702
0.0026503364006161823 0.10837656089392489 0.06280852300577655 0.8261645796996824
0.06595314500858851 0.2288900397646465 0.028938256385922845 0.6762185588408421
0.060120639331229686 0.39069951694010263 0.4077493135929591 0.1414305301357086
0.3701028160047972 0.42187336603582715 0.0077414616735520525 0.20028235628582358
0.7711378372855822 0.07258180680718918 0.04406152166922317 0.1122188342380055
0.16042409051620066 0.218395443434927 0.166496659020401 0.45468380702847133
0.03748120859374282 0.04364065928176264 0.4692705609878022 0.44960757113669236
0.4980997901572338 0.007675309354055804 0.14758286661792785 0.3466420338707825
0.07617952034407771 0.08998550266646588 0.13601498441526005 0.6978199925741964
0.10366299413656599 0.08553178319828303 0.10189742185740669 0.7089078008077443
0.3825554461485835 0.22745275346948157 0.36039944590057393 0.029592354481360994
0.4860124170591624 0.11011454279670596 0.26014953357891735 0.14372350656521427
0.1924738806819981 0.13224992674316338 0.43936553753935925 0.23591065503547926
0.16441929744250827 0.2415666671050697 0.13087256319543994 0.4631414722569821
0.10369826566681362 0.22577173204379042 0.4916130566003236 0.17891694568907235
0.5512249958688072 0.2657166054468658 0.16732554644026998 0.01573285224405696
0.25137819237528203 0.5785737070457284 0.10837126578916134 0.06167683478982822
0.38519589769214857 0.009274161057501562 0.5073967437841786 0.09813319746617122
0.19102388840214268 0.015115429777990408 0.6935694080635773 0.10029127375628966
0.42396894902997306 0.10807183848827817 0.16266407875240163 0.30529513372934713
0.11956442887294372 0.42792373404590023 0.004253087104767461 0.4482587499763886
0.10178709429966759 0.4712537593309284 0.06953806101322935 0.3574210853561747
0.6806580802413859 0.028335042466925642 0.27520773495339323 0.01579914233829527
0.05006364211759373 0.647609322958275 0.1213767999908748 0.18095023493325646
0.030902080819037003 0.1293625346235019 0.23402853492411246 0.6057068496333486
0.04273940672283105 0.08682400599611606 0.5980237065819606 0.2724128806990923
0.5466594999062349 0.2808284136925949 0.007946112388557358 0.16456597401261286
0.6366071567804401 0.04822676178661878 0.21087656323855863 0.10428951819438248
0.6794491297440365 0.021896542878300784 0.009587905440260003 0.28906642193740273
0.540692831479374 0.016886217615922905 0.01980310420216369 0.42261784670253943
0.4803251208243977 0.1905047840837626 0.27809742611835786 0.05107266897348184
0.30113836296867313 0.27423559448631174 0.018131298159037246 0.4064947443859779
0.19681160213978166 0.1747513342547815 0.5362615885056137 0.09217547509982316
0.5447881918932306 0.060234280560649944 0.26078210632073495 0.13419542122538453
0.050810151116937985 0.12325812724537999 0.41076990029417426 0.41516182134350776
0.08392991171969799 0.25927872275579367 0.478389921942189 0.17840144358231935
0.35735849603692615 0.234874388667639 0.3331696191132818 0.07459749618215306
0.5830951536602987 0.05917520252899289 0.03443176228992706 0.3232978815207813
0.3878823625294934 0.05118481551664267 0.41952150591511805 0.1414113160387459
0.3290894003956325 0.14613220440236618 0.11572372624015814 0.40905466896184317
0.2406055957713601 0.4067040260598149 0.07845692852205266 0.2742334496467723
0.2511524325195146 0.3356593342168833 0.029211071474068317 0.3839771617895338
0.0964911029511677 0.7273526251233824 0.1582089309771222 0.017947340948327728
0.08732178649683475 0.17432115005327797 0.5941449775367454 0.14421208591314183
0.22799185775650044 0.09942337941621093 0.5610284259456855 0.11155633688160316
0.08693429874597536 5.649905089455398e-05 0.8768863042392443 0.03612289796388579
0.7027574330772536 0.1843670020628061 0.0704063462426876 0.042469218617252724
0.022474812312774484 0.540146087746168 0.15719605811650061 0.2801830418245569
0.00845634746158852 0.6924742563059921 0.1710200536345814 0.12804934259783796
0.4171451916965909 0.4689623928293847 0.046325548280651274 0.06756686719337313
0.5843441448635517 0.14328975343486294 0.24908980349451393 0.023276298207071444
0.28422771590868046 0.35865785082465473 0.06011477541559074 0.2969996578510741
0.4585214112011585 0.11152050024442695 0.154723834983425 0.2752342535709895
0.10537658137496164 0.4958791100500667 0.370004210387756 0.02874009818721568
0.3539488993824472 0.23508257168819835 0.1317713761382413 0.2791971527911131
0.559273630488338 0.06608934152653367 0.27128396841019775 0.10335305957493057
0.19260870064644298 0.10512859267911334 0.17806200824190677 0.5242006984325369
0.17717261402813378 0.5999136735388507 0.1762786479658497 0.04663506446716581
0.36436539525023526 0.050275832143607535 0.0042801136663948025 0.5810786589397624
0.03557702973846755 0.43809252861481196 0.5066439124899591 0.01968652915676139
0.1703542078597533 0.2485535135333895 0.016938454363246924 0.5641538242436103
0.09094439513535846 0.5536636061493572 0.04811162907925204 0.30728036963603234
0.1340418697585044 0.03472725055556081 0.5235017140051998 0.30772916568073494
0.32261529462538174 0.21172635445522936 0.3160464958790661 0.14961185504032282
0.27745966390244736 0.11234648749270137 0.4933073664339822 0.11688648217086905
0.369834765494236 0.03521260626531686 0.5549975324968892 0.039955095743557933
0.3209000285977113 0.6120910042365603 0.03031202314691972 0.03669694401880874
0.2924424812005062 0.01622901909573049 0.19468934210169964 0.4966391576020637
0.19702146132892784 0.5733502263353322 0.21934874759438017 0.010279564741359826
0.5629522453368028 0.04778350353915661 0.12061967644826677 0.26864457467577385
0.5307462895188321 0.058349556237433764 0.32427766987272255 0.08662648437101161
0.031696270096410406 0.011739425860103236 0.10779567665914369 0.8487686273843427
0.6321723090976504 0.04071982281625808 0.06357485257924689 0.2635330155068446
