2 20 4 48.837872243047094 97.6757444860942
4.923954119278034 1.2333360864510219 5.946962300908382 4.917901533564492 4.783310218787401 3.9730133890348673 2.8418377063405824 6.573438697155973 3.6968920630707083 3.4014454759258 6.590204494923654 5.762278848493351 2.211219508104402 5.622203091391718 2.6599587908222375 8.068016330350062 8.6857776337554 5.448131536437351 8.619053368217212 1.7168092930815488
0.9847908238556068 0.24666721729020438 1.1893924601816763 0.9835803067128983 0.9566620437574802 0.7946026778069735 0.5683675412681165 1.3146877394311947 0.7393784126141416 0.68028909518516 1.3180408989847308 1.1524557696986704 0.4422439016208804 1.1244406182783435 0.5319917581644475 1.6136032660700124 1.73715552675108 1.0896263072874701 1.7238106736434424 0.34336185861630975
0.12715997170127746 0.300962355896112 0.07712376252431452 0.49475390987829604
0.2203062070705597 0.005705793533676173 0.24177548397806436 0.5322125154176998
0.5052367200185491 0.13517000519636568 0.15323072922666225 0.20636254555842293
0.16229859850231387 0.727221465443831 0.07503101614311025 0.035448919910744836
0.436747263026799 0.09885691047085732 0.03153995413005295 0.43285587237229073
0.3663424016750204 0.0399326413729304 0.13793311710015133 0.45579183985189786
0.24717723899735333 0.5530811121352335 0.19359366028868608 0.006147988578727115
0.2930232318194398 0.06360104930331911 0.4083355793289226 0.23504013954831848
0.25974475274713704 0.24425568663201558 0.4791530059780601 0.01684655464278728
0.37921056694163746 0.4181943720909561 0.0346119606019073 0.16798310036549913
0.49707379873451263 0.08561108979452192 0.07951713073929123 0.3377979807316742
0.3132585284297136 0.0376133728719269 0.6220387885731844 0.027089310125175126
0.21463574639995364 0.4292061877482414 0.09455782447270533 0.26160024137909965
0.1704771334837707 0.6075310263246976 0.09090846662361052 0.1310833735679212
0.2208379150614619 0.37124666260491446 0.20650107643270454 0.2014143459009191
0.26377852928001977 0.15595693202680094 0.1887066964982289 0.3915578421949504
0.5479077800903767 0.04334957256316918 0.03230583190858494 0.3764368154378692
0.010250039399590904 0.10033310839657017 0.13522801610796964 0.7541888360958693
0.09528805226080372 0.11963633186989153 0.08024792108904721 0.7048276947802575
0.04886808622935135 0.42254177124032766 0.3737032581050226 0.1548868844252984
0.06528650438687811 0.03124441127373445 0.5002143933179832 0.4032546910214042
0.10694568430998297 0.09479754195498236 0.14808305873833394 0.6501737149967007
0.3868926511185593 0.09617718443319234 0.096934343326055 0.41999582112219336
0.34161365267110966 0.15839470849910708 0.2007439854369395 0.29924765339284376
0.42754596329611005 0.34901322170099025 0.17718304194776635 0.046257773055133344
0.02720236589484959 0.054892556380175206 0.7687555817294769 0.14914949599549832
0.06714437073695467 0.5346727506685127 0.36876319197170615 0.029419686622826458
0.04567896524540005 0.12354648133877788 0.3548414287161863 0.4759331246996358
0.32354131753469884 0.06334856778606357 0.054465034034084314 0.5586450806451533
0.01301733669455063 0.25637146090175056 0.4673582586908117 0.2632529437128871
0.025550941849692754 0.3619724840235887 0.027382411501405746 0.5850941626253128
0.04179770981531006 0.0709785054227614 0.4382016900863478 0.44902209467558074
0.4167534401953371 0.24075894746370685 0.003968939056397391 0.33851867328455865
0.133954208171691 0.6148236701051635 0.13287435747169407 0.11834776425145144
0.34623790945514643 0.19710732112875629 0.3751134160056978 0.08154135341039948
0.5401915156671309 0.2860583127670271 0.08766564873097404 0.086084522834868
0.17671216158442604 0.3125540054104331 0.210254452795689 0.30047938020945186
0.1866271455864802 0.08743210694957348 0.3553004702935285 0.3706402771704178
0.18728654470189776 0.09646926276335688 0.0018479264456476852 0.7143962660890977
0.23211825143616394 0.3173785696522441 0.4390128796957563 0.011490299215835664
