79 30 4 87.02542902248729 174.05085804497458
5.50601313706343 5.212606833533036 5.507042730780091 2.3426034890689733 8.382501422374734 3.892276284486741 8.01256597396672 8.335722770913005 1.1332204955323666 3.048217555293667 7.405584178746709 8.390016059498263 8.139929280771616 5.456943870382062 6.045172258930392 5.634376929824458 3.583119958604634 2.6928081757475986 4.069050721652306 3.396784011212003 2.8252793744648788 4.669008166538601 5.691201021436838 1.076075832415908 9.6682991792954 8.744268506591222 8.110223359784701 7.76929390799231 9.452641248078224 9.85801130999369
1.101202627412686 1.0425213667066073 1.1014085461560181 0.4685206978137947 1.6765002844749468 0.7784552568973482 1.6025131947933438 1.667144554182601 0.22664409910647332 0.6096435110587334 1.4811168357493418 1.6780032118996526 1.6279858561543232 1.0913887740764125 1.2090344517860783 1.1268753859648917 0.7166239917209267 0.5385616351495197 0.8138101443304612 0.6793568022424006 0.5650558748929757 0.9338016333077203 1.1382402042873676 0.21521516648318162 1.9336598358590797 1.7488537013182444 1.6220446719569401 1.553858781598462 1.8905282496156448 1.9716022619987381
0.08506933756842283 0.6066992560646207 0.06408328485537784 0.2441481215115786
0.6345806443043887 0.04061771566856409 0.17900277512215512 0.14579886490489213
0.21280323381524213 0.2291778928390027 0.34859954469495325 0.20941932865080193
0.004242533523914349 0.000342056702962501 0.6396941937912312 0.355721215981892
0.22379095612976663 0.574733575465899 0.08563325553493051 0.11584221286940388
0.65536917364675 0.14961298432453274 0.15147175117338108 0.04354609085533623
0.6087534493280077 0.0596281791821448 0.058283567520112545 0.273334803969735
0.5403370323274739 0.3873571323274826 0.009130245333892506 0.06317559001115103
0.47964556775940637 0.17473326837189052 0.1872692672439643 0.1583518966247388
0.24736209870064818 0.390309264144846 0.17574361228103863 0.18658502487346718
0.47618762520078517 0.022655292117425008 0.25115289390411777 0.25000418877767205
0.027090013154109416 0.6834025225153928 0.08637237385527885 0.20313509047521894
0.38565820044484844 0.24398847212740749 0.31674766169907564 0.05360566572866843
0.46435361329143343 0.13602203379848632 0.37656381411771656 0.023060538792363694
0.1367780215464478 0.12649219221343433 0.2613867917023074 0.4753429945378105
0.24822016184578022 0.23853526727601837 0.3162282899248464 0.197016280953355
0.19657789999122866 0.4702078955707283 0.12876042495506212 0.20445377948298094
0.27131228234161076 0.11983347909786768 0.21997218133938978 0.3888820572211318
0.05340391742297246 0.5629201755605275 0.3705539918104267 0.013121915206073309
0.1616830749516981 0.5857305496308484 0.1839766909213041 0.06860968449614946
0.1268346651574107 0.8270175952330368 0.021871584188956072 0.024276155420596468
0.2967029772417539 0.2936297619497896 0.0775493139278709 0.3321179468805856
0.23446692924543133 0.357105286672039 0.09215049307758516 0.3162772910049445
0.49164895414692955 0.16357663286093593 0.09000680210512202 0.2547676108870125
0.004246322971503513 0.4346007528575184 0.28356562976995026 0.2775872944010278
0.023216521283324187 0.053393310831267304 0.2819679076445004 0.6414222602409081
0.09600692604815197 0.4628110898181138 0.3955793008273396 0.04560268330639461
0.17379345707102412 0.4067456671368539 0.1978529627129727 0.2216079130791493
0.3579352251456638 0.06399640274473584 0.17792082943159815 0.40014754267800223
0.28957238458032764 0.029271142814423334 0.28991955661213664 0.3912369159931124
0.19535249989556558 0.11498545495363222 0.22230835776684932 0.4673536873839529
0.2790395496794461 0.1048435750189548 0.054204659607554495 0.5619122156940446
0.16899291464630273 0.15322159898475451 0.6019195594070498 0.07586592696189298
0.4000460860863845 0.17512957101049154 0.11305084558722545 0.31177349731589854
0.5640977052949838 0.16880938697069803 0.12333491643017058 0.14375799130414757
0.0599098979516014 0.4140532128425285 0.31138007495235587 0.21465681425351424
0.05300447941599762 0.28073079253614286 0.34624835182739255 0.32001637622046697
0.008847423462379878 0.206384443300476 0.2827413819373883 0.5020267512997558
0.2743611576685989 0.4376904197016581 0.0540958337161177 0.23385258891362526
0.650012508339515 0.046639165100000324 0.2033339409575795 0.10001438560290521
0.0050347147725186 0.18770677213068965 0.16702314050068245 0.6402353725961093
0.23948181033097693 0.04946364820893456 0.32862658941208756 0.38242795204800095
0.537840880089841 0.08304133515639689 0.028352794980813223 0.3507649897729489
0.2875122348946346 0.40516947143865556 0.14814245420674454 0.15917583945996527
0.35554362438410736 0.13797878623191118 0.33379193261632334 0.17268565676765812
0.4526074983243302 0.07649680766484679 0.3851175870590824 0.0857781069517406
0.4416290443012363 0.09344086798776174 0.2766912621843718 0.18823882552663018
0.11425567547659077 0.004244402099015887 0.01674491943221068 0.8647550029921827
0.8538819472443098 0.055643271042421505 0.07719823632316747 0.013276545390101258
0.012571086788825014 0.23613392535807087 0.14419423439747514 0.607100753455629
0.5115174847450997 0.25269730508761234 0.08752612320650144 0.1482590869607865
0.169283292879843 0.505956672428887 0.1943444245903041 0.13041561010096592
0.11031342465761262 0.1219690840541261 0.6467563307248739 0.12096116056338735
0.07452359903187544 0.10846203271693433 0.11122787408341994 0.7057864941677703
0.15356739015998822 0.04473424920929725 0.31532120289546783 0.4863771577352467
0.0045338324277328645 0.005665251025614215 0.8214971777277178 0.16830373881893512
0.06515623239998403 0.017367018698933423 0.8156649937994314 0.10181175510165119
0.22984257382615259 0.2085980258250868 0.10792408016320476 0.45363532018555586
0.22822800330603465 0.13393943136463038 0.10837980477368292 0.529452760555652
0.21303912920797408 0.07630295765029149 0.12473478919271341 0.585923123949021
