79 60 4 169.85391976594187 339.7078395318837
5.50601313706343 5.212606833533036 5.507042730780091 2.3426034890689733 8.382501422374734 3.892276284486741 8.01256597396672 8.335722770913005 1.1332204955323666 3.048217555293667 7.405584178746709 8.390016059498263 8.139929280771616 5.456943870382062 6.045172258930392 5.634376929824458 3.583119958604634 2.6928081757475986 4.069050721652306 3.396784011212003 2.8252793744648788 4.669008166538601 5.691201021436838 1.076075832415908 9.6682991792954 8.744268506591222 8.110223359784701 7.76929390799231 9.452641248078224 9.85801130999369 1.7656240381158055 5.793816813544424 7.8026669063957925 3.79304159364278 7.225917342697392 2.75817249906009 8.687810215855972 4.942790058753599 6.711225798739498 3.511355947115015 7.076785239756575 4.454948122285608 2.915229104337179 2.5209362318167248 4.977830139888203 9.317206657342963 8.115226042142783 3.8999306226795154 1.0412613120418917 7.194038524156913 6.798509056162972 4.600414774777461 1.0381828017152293 6.176580913871884 3.0141186051678996 8.706178078262672 8.18672078436099 7.596163830391137 8.957420084175364 6.076879347654854
1.101202627412686 1.0425213667066073 1.1014085461560181 0.4685206978137947 1.6765002844749468 0.7784552568973482 1.6025131947933438 1.667144554182601 0.22664409910647332 0.6096435110587334 1.4811168357493418 1.6780032118996526 1.6279858561543232 1.0913887740764125 1.2090344517860783 1.1268753859648917 0.7166239917209267 0.5385616351495197 0.8138101443304612 0.6793568022424006 0.5650558748929757 0.9338016333077203 1.1382402042873676 0.21521516648318162 1.9336598358590797 1.7488537013182444 1.6220446719569401 1.553858781598462 1.8905282496156448 1.9716022619987381 0.3531248076231611 1.158763362708885 1.5605333812791584 0.7586083187285559 1.4451834685394784 0.5516344998120181 1.7375620431711944 0.9885580117507198 1.3422451597478997 0.7022711894230029 1.415357047951315 0.8909896244571216 0.5830458208674358 0.504187246363345 0.9955660279776406 1.8634413314685925 1.6230452084285567 0.7799861245359031 0.20825226240837832 1.4388077048313828 1.3597018112325945 0.9200829549554921 0.20763656034304584 1.2353161827743768 0.60282372103358 1.7412356156525344 1.637344156872198 1.5192327660782274 1.791484016835073 1.2153758695309709
0.65536917364675 0.14961298432453274 0.15147175117338108 0.04354609085533623
0.6087534493280077 0.0596281791821448 0.058283567520112545 0.273334803969735
0.5403370323274739 0.3873571323274826 0.009130245333892506 0.06317559001115103
0.47964556775940637 0.17473326837189052 0.1872692672439643 0.1583518966247388
0.24736209870064818 0.390309264144846 0.17574361228103863 0.18658502487346718
0.47618762520078517 0.022655292117425008 0.25115289390411777 0.25000418877767205
0.027090013154109416 0.6834025225153928 0.08637237385527885 0.20313509047521894
0.38565820044484844 0.24398847212740749 0.31674766169907564 0.05360566572866843
0.46435361329143343 0.13602203379848632 0.37656381411771656 0.023060538792363694
0.1367780215464478 0.12649219221343433 0.2613867917023074 0.4753429945378105
0.24822016184578022 0.23853526727601837 0.3162282899248464 0.197016280953355
0.19657789999122866 0.4702078955707283 0.12876042495506212 0.20445377948298094
0.27131228234161076 0.11983347909786768 0.21997218133938978 0.3888820572211318
0.05340391742297246 0.5629201755605275 0.3705539918104267 0.013121915206073309
0.1616830749516981 0.5857305496308484 0.1839766909213041 0.06860968449614946
0.1268346651574107 0.8270175952330368 0.021871584188956072 0.024276155420596468
0.2967029772417539 0.2936297619497896 0.0775493139278709 0.3321179468805856
0.23446692924543133 0.357105286672039 0.09215049307758516 0.3162772910049445
0.49164895414692955 0.16357663286093593 0.09000680210512202 0.2547676108870125
0.004246322971503513 0.4346007528575184 0.28356562976995026 0.2775872944010278
0.023216521283324187 0.053393310831267304 0.2819679076445004 0.6414222602409081
0.09600692604815197 0.4628110898181138 0.3955793008273396 0.04560268330639461
0.17379345707102412 0.4067456671368539 0.1978529627129727 0.2216079130791493
0.3579352251456638 0.06399640274473584 0.17792082943159815 0.40014754267800223
0.28957238458032764 0.029271142814423334 0.28991955661213664 0.3912369159931124
0.3304995695699714 0.048923007736659585 0.22660759506303585 0.39396982763033317
0.12145959687889163 0.03620637161081397 0.17189687996068725 0.6704371515496071
0.08273657833595627 0.09237165956459026 0.6868474756072199 0.13804428649223355
0.0807242814157112 0.4743681527233843 0.07139777413210946 0.37350979172879506
0.05269827999166876 0.23300018880222706 0.5152134629504512 0.19908806825565295
0.4551610198322308 0.05077759981777086 0.13234333955537858 0.3617180407946198
0.24495194141899979 0.18667740396878296 0.22541325192908024 0.342957402683137
0.26856231973316047 0.30170773166185527 0.12324795065676553 0.30648199794821873
0.10488563901390746 0.6505261578258283 0.2412189388392184 0.003369264321045784
0.4175882756613031 0.4735945922098346 0.09492053233658992 0.013896599792272424
0.3559488127264292 0.3685191327895164 0.08970454105225434 0.18582751343180004
0.07285936339629384 0.03365498563859837 0.6415922446010162 0.25189340636409163
0.12715094729102916 0.04983429285317942 0.03391373027943856 0.7891010295763529
0.46241976151206854 0.35314203896761875 0.16753463166041527 0.01690356785989744
0.05569518834210452 0.2865806369882282 0.6419151667841217 0.015809007885545512
0.12729916033267152 0.4961118065268757 0.34467314858402265 0.03191588455643013
0.4726313183137123 0.46416840795270786 0.047640423609330185 0.015559850124249652
0.01801824626900661 0.016947159378668197 0.9112986801395578 0.053735914212767355
0.6947060534688585 0.1910468523806912 0.003080801769511754 0.11116629238093856
0.41322592764361454 0.3704756424058556 0.14908533724006012 0.06721309271046971
0.050700454712444 0.5263623358661687 0.11411198775144349 0.30882522166994386
0.03778530992144369 0.021406744524224308 0.47454051648945206 0.46626742906487995
0.17603767863348485 0.20781741735780135 0.4298021519097839 0.18634275209892992
0.3125836879253794 0.3019584087754148 0.20545555615313582 0.18000234714607
0.007510002465926258 0.0289778752140063 0.5719731915150364 0.391538930805031
0.12601226509870578 0.19834695049912998 0.3660175960445424 0.3096231883576218
0.0283763037310526 0.5026306799769309 0.2419435410767805 0.227049475215236
0.3351439649524093 0.026368072095555695 0.20704699548967032 0.4314409674623647
0.03549036454098342 0.2732213842571346 0.43469954169021763 0.25658870951166435
0.023805901633305537 0.20605895806856622 0.43274518481984936 0.3373899554782789
0.28294213889849873 0.017538249171653253 0.3298054344708229 0.36971417745902513
0.05386537960815463 0.042154761349541436 0.0478216240476369 0.856158234994667
0.2021161597099589 0.18407272279007647 0.26708832819303296 0.3467227893069317
0.5975770492117767 0.050893343055265716 0.016256715065938177 0.33527289266701943
0.37762727321444 0.3378079264232353 0.1048439422320454 0.17972085813027927
0.0599098979516014 0.4140532128425285 0.31138007495235587 0.21465681425351424
0.05300447941599762 0.28073079253614286 0.34624835182739255 0.32001637622046697
0.008847423462379878 0.206384443300476 0.2827413819373883 0.5020267512997558
0.2743611576685989 0.4376904197016581 0.0540958337161177 0.23385258891362526
0.650012508339515 0.046639165100000324 0.2033339409575795 0.10001438560290521
0.0050347147725186 0.18770677213068965 0.16702314050068245 0.6402353725961093
0.23948181033097693 0.04946364820893456 0.32862658941208756 0.38242795204800095
0.537840880089841 0.08304133515639689 0.028352794980813223 0.3507649897729489
0.2875122348946346 0.40516947143865556 0.14814245420674454 0.15917583945996527
0.35554362438410736 0.13797878623191118 0.33379193261632334 0.17268565676765812
0.4526074983243302 0.07649680766484679 0.3851175870590824 0.0857781069517406
0.4416290443012363 0.09344086798776174 0.2766912621843718 0.18823882552663018
0.11425567547659077 0.004244402099015887 0.01674491943221068 0.8647550029921827
0.8538819472443098 0.055643271042421505 0.07719823632316747 0.013276545390101258
0.012571086788825014 0.23613392535807087 0.14419423439747514 0.607100753455629
0.5115174847450997 0.25269730508761234 0.08752612320650144 0.1482590869607865
0.169283292879843 0.505956672428887 0.1943444245903041 0.13041561010096592
0.11031342465761262 0.1219690840541261 0.6467563307248739 0.12096116056338735
0.07452359903187544 0.10846203271693433 0.11122787408341994 0.7057864941677703
0.15356739015998822 0.04473424920929725 0.31532120289546783 0.4863771577352467
0.0045338324277328645 0.005665251025614215 0.8214971777277178 0.16830373881893512
0.06515623239998403 0.017367018698933423 0.8156649937994314 0.10181175510165119
0.22984257382615259 0.2085980258250868 0.10792408016320476 0.45363532018555586
0.22822800330603465 0.13393943136463038 0.10837980477368292 0.529452760555652
0.21303912920797408 0.07630295765029149 0.12473478919271341 0.585923123949021
0.08780557851180693 0.01713920365090138 0.0851201240861984 0.8099350937510933
0.08013150444333594 0.1250510940069548 0.45946439492325486 0.3353530066264544
0.40708534050724865 0.0891106303296142 0.01550738053084022 0.48829664863229694
0.3201156731029494 0.4032424573522333 0.11086136558878901 0.16578050395602828
0.035501686448348724 0.5337771651751804 0.0524859393786824 0.3782352089977885
0.12811904377674954 0.39190375151721213 0.4331500523383972 0.04682715236764112
0.2291123341943454 0.473237681992025 0.12496314639786477 0.17268683741576485
0.16700832532351984 0.32893772613965744 0.13807638102408815 0.3659775675127346
0.32812523844097385 0.2544252730434954 0.1772171588200433 0.24023232969548747
0.18171573317344747 0.26512388158954003 0.5004105810249554 0.052749804212057105
0.010680710117258352 0.7515476890594326 0.20607118605276165 0.031700414770547414
0.2270069677040687 0.1807758948523399 0.5153631874381367 0.0768539500054547
0.09862887807653686 0.5682024272400161 0.13518503512092095 0.19798365956252606
0.16784150846195822 0.04297631765507681 0.19754870346128983 0.5916334704216751
0.38870743256301366 0.13683336080679298 0.039641618348774776 0.4348175882814186
0.024085603045624016 0.04436247284542061 0.6337770276556053 0.2977748964533501
0.02767182386102296 0.5956002400682242 0.18669720840548143 0.1900307276652714
0.3542747306080446 0.20227103793967993 0.34129951573254436 0.10215471571973112
0.11735268685550837 0.5950124713159726 0.18651514036858696 0.1011197014599321
0.026014396000637596 0.20178252013075626 0.02258334319631039 0.7496197406722958
0.32327802180539045 0.3893550010470036 0.020963080320926863 0.2664038968266791
0.17232116898927197 0.040801700012090825 0.09967322407498058 0.6872039069236566
0.0321120458069476 0.1393621129337499 0.37985078255064786 0.44867505870865465
0.056597609335735766 0.7043223202452726 0.08569055236894896 0.15338951805004264
0.7751491951683995 0.19773524084100869 0.02484007110623454 0.002275492884357244
0.42773446141741034 0.15941382569316243 0.34074240616641516 0.07210930672301208
0.15563865196901183 0.23551364129782093 0.24400414671661008 0.36484356001655716
0.05480084726124823 0.2249610342937447 0.4458531490443509 0.27438496940065615
0.30088503189104554 0.3600765615225794 0.09386224750569583 0.24517615908067925
0.001091400317406288 0.43706360280108225 0.09889994953436398 0.4629450473471475
0.14588772153666796 0.2905542513758842 0.15437507115695182 0.40918295593049603
0.2874042047987405 0.01740172789475014 0.3321497013768423 0.36304436592966705
0.2935660996027851 0.17565533225789165 0.49262300946831916 0.038155558671004064
0.024714619166815943 0.11019623033611214 0.006870891612065666 0.8582182588850062
0.08967297175567157 0.2205286941870932 0.2543361422996574 0.43546219175757783
