54 100 4 261.54228324596033 523.0845664919207
4.781646704266965 4.269155472685771 2.6638901898530656 5.664544553507286 1.0774490680789235 9.720425860475377 8.212431304148147 7.81580789747789 7.0433587165764155 1.2669130794243086 4.524058269822984 4.6431463509697135 2.7066791294587227 7.903950800344654 6.550508307807174 9.336465675917953 3.926116306917713 3.278389171147957 7.481961267148067 9.972617166889192 3.7708585501485663 2.5478801351869773 2.578460730870878 2.474439329338218 6.265129388585332 5.261820016245849 5.1468125700340925 3.1163860757130455 8.705954550741296 5.238043981679939 1.4912508833925129 9.93931371593703 2.7600075035981093 7.41272394875731 8.347509666340446 5.239515439655713 3.3497755696996037 4.965571370144552 2.8844465871532643 5.25613430768483 3.0824450997557333 2.450592529884906 2.9535593623591083 2.446439339555108 9.52277704204171 6.59567366772277 7.559064677554301 8.884821047855562 9.4750723111636 2.088519157873653 8.94452818379628 1.8648836307674692 8.044738401922455 6.9171993016005535 8.940152420527124 6.882471069494592 1.3755495304525274 6.676650888601919 7.39955149238362 5.092465372990008 7.044954971685129 8.17246070519996 2.7612773104267907 2.523005993577232 1.083429322984937 7.7502020397667675 8.302189092535585 1.424104649633391 1.666501400877101 8.28033922490901 7.852122496837816 7.966202035606127 4.302096948861827 4.851076536325773 7.043727770440322 2.5930413083501938 6.445373961946027 4.585721803648767 8.439753039171764 7.412408960284694 1.3361884687490173 4.675867792727747 5.24522131030815 3.532614854291293 2.81543199106481 2.1534254948661173 2.9767221259923335 1.0195217252929305 2.826381633833296 7.255782931001698 6.281310712120679 9.92272125366155 3.4076044927934137 4.537024952572786 8.066362704757838 7.440916005916351 3.0937901287392693 3.5595101832539315 3.473892046192816 2.175581968586834
0.956329340853393 0.8538310945371542 0.5327780379706131 1.1329089107014572 0.2154898136157847 1.9440851720950754 1.6424862608296293 1.563161579495578 1.408671743315283 0.2533826158848617 0.9048116539645967 0.9286292701939427 0.5413358258917446 1.5807901600689307 1.310101661561435 1.8672931351835906 0.7852232613835426 0.6556778342295914 1.4963922534296135 1.9945234333778383 0.7541717100297133 0.5095760270373955 0.5156921461741756 0.49488786586764355 1.2530258777170664 1.05236400324917 1.0293625140068186 0.6232772151426091 1.7411909101482592 1.047608796335988 0.29825017667850257 1.987862743187406 0.5520015007196218 1.4825447897514619 1.6695019332680894 1.0479030879311426 0.6699551139399207 0.9931142740289104 0.5768893174306529 1.051226861536966 0.6164890199511467 0.4901185059769812 0.5907118724718217 0.4892878679110216 1.904555408408342 1.319134733544554 1.5118129355108603 1.7769642095711125 1.89501446223272 0.4177038315747306 1.788905636759256 0.37297672615349386 1.608947680384491 1.3834398603201108 1.7880304841054246 1.3764942138989185 0.27510990609050545 1.3353301777203836 1.479910298476724 1.0184930745980014 1.4089909943370258 1.634492141039992 0.5522554620853581 0.5046011987154464 0.2166858645969874 1.5500404079533534 1.660437818507117 0.2848209299266782 0.33330028017542024 1.656067844981802 1.5704244993675631 1.5932404071212254 0.8604193897723654 0.9702153072651546 1.4087455540880645 0.5186082616700387 1.2890747923892054 0.9171443607297534 1.687950607834353 1.4824817920569386 0.26723769374980344 0.9351735585455494 1.04904426206163 0.7065229708582585 0.563086398212962 0.4306850989732235 0.5953444251984668 0.2039043450585861 0.5652763267666592 1.4511565862003395 1.2562621424241358 1.98454425073231 0.6815208985586827 0.9074049905145571 1.6132725409515676 1.48818320118327 0.6187580257478539 0.7119020366507863 0.6947784092385632 0.4351163937173668
0.5089103834683497 0.03245763509583066 0.11633795539912706 0.34229402603669257
0.21962164289599684 0.12007906721169359 0.5361646844099796 0.12413460548233002
0.14123556813245097 0.47088559844543176 0.03540218911341564 0.3524766443087016
0.06364392228095994 0.39202217212800206 0.4257490276699768 0.1185848779210612
0.01784768851695362 0.6036978809054414 0.35920387161091827 0.019250558966686704
0.3006257877879145 0.599126914307786 0.04661053675282145 0.053636761151478085
0.5194390818559811 0.20430671592926397 0.21854975319102576 0.057704449023729176
0.05226692242391218 0.2666858315111216 0.5942195590374912 0.08682768702747501
0.029229931930169317 0.7427697929058743 0.17288498482004777 0.05511529034390861
0.2776144319163767 0.14917102715829167 0.03486210207555018 0.5383524388497815
0.45300247037740604 0.15860949016563175 0.19006140698726048 0.19832663246970172
0.5597368610827836 0.224430412817462 0.012560240565503422 0.20327248553425092
0.13392543059645812 0.49516332479637193 0.2652357131037354 0.10567553150343456
0.20638510773249352 0.28283483123416353 0.17222767165182606 0.3385523893815169
0.1149251836367653 0.39364342064175795 0.23121621441116758 0.2602151813103092
0.07886534688559266 0.43875249121318205 0.08961504918461327 0.392767112716612
0.1277319466531186 0.026749297223884527 0.2545469069052908 0.5909718492177061
0.17076661550905847 0.2900478572338471 0.15501465377405954 0.3841708734830349
0.7184116632260213 0.05479374841552431 0.11846253872245938 0.10833204963599496
0.02095138558484755 0.2842527433888501 0.39047161710029066 0.3043242539260117
0.32571720490280653 0.12300602569246388 0.17784493485466302 0.37343183455006657
0.3713602919967993 0.16285790516340515 0.41611014470106844 0.04967165813872709
0.10373227516826578 0.3659853573263372 0.16480146223894754 0.3654809052664495
0.1620471401436665 0.04737874599002967 0.48132350251135525 0.3092506113549486
0.5691271829145799 0.13139819553568965 0.1355926559434515 0.163881965606279
0.16610021708814038 0.3103536117783616 0.17880844677362728 0.3447377243598707
0.2122927605517495 0.1916566539669312 0.2843081830291152 0.3117424024522041
0.05061389863299326 0.3050282044391325 0.27909379928805733 0.36526409763981693
0.5145773488759906 0.2063335720232804 0.1691780524432387 0.10991102665749031
0.17287754873333272 0.3187812655486245 0.1885081197931341 0.3198330659249087
0.054574398916507616 0.2873350185716834 0.02752814761574862 0.6305624348960603
0.37674971784112077 0.4019698664189988 0.03296460724724648 0.18831580849263396
0.2264726849135834 0.1861937022499519 0.5341284517534574 0.053205161083007324
0.10058659991230678 0.07222228099004568 0.6363269468347421 0.19086417226290542
0.2582751419175501 0.3770024187018254 0.3011313476476286 0.06359109173299593
0.030631116275499526 0.1513020256323333 0.4538979079011639 0.36416895019100326
0.46948686984817467 0.007898667082486877 0.2157585751205111 0.30685588794882734
0.05694705935527389 0.7268593042064766 0.009062069754341873 0.20713156668390764
0.09173913843283776 0.33197659307804017 0.3758285241221112 0.20045574436701086
0.21001872557381773 0.05796594883568407 0.19799020532293043 0.5340251202675678
0.06285009491476312 0.5796991999227706 0.1985183803158187 0.15893232484664754
0.17946321145157418 0.19347940268942665 0.4198522225785225 0.20720516328047667
0.06342495997522479 0.646360848405696 0.07224674885864768 0.21796744276043156
0.20290591578072403 0.29363339461307314 0.17381952211748153 0.3296411674887213
0.46156744442421727 0.18630380853126305 0.05357126307201454 0.29855748397250514
0.39610142460870634 0.114384896244622 0.16995610263837513 0.3195575765082965
0.011826861951427792 0.03368896221659923 0.8874849717883694 0.0669992040436036
0.08863282843022668 0.3405085941292396 0.4947370006103353 0.07612157683019838
0.019564023049264412 0.2596795248192818 0.11444182112346513 0.6063146310079887
0.24587459316434135 0.32476460085726344 0.0003612358781418523 0.42899957010025336
0.1764882335219311 0.3264171188348214 0.04415845784186179 0.4529361898013857
0.36750818192684276 0.07333300722813063 0.08627826161621277 0.47288054922881384
0.1997898126413905 0.3039031133151937 0.17752785549586036 0.3187792185475554
0.45838898161418673 0.24126710470780244 0.20632881989580742 0.09401509378220341
0.3292479237433479 0.08235732465344614 0.573234993377751 0.015159758225455011
0.5525642370824458 0.09099931082295165 0.15664076455545806 0.19979568753914445
0.2415497429446204 0.24543114168569657 0.30815628679634743 0.2048628285733356
0.09236497085720141 0.8430815847955567 0.028837713518126917 0.035715730829114944
0.2676661473683174 0.3393499894896931 0.09231741574673602 0.3006664473952535
0.2936932991809311 0.05559678480958563 0.643197351149003 0.007512564860480242
0.19920423632059703 0.3358503395039032 0.2244015031971811 0.24054392097831867
0.10912614579119939 0.08712141092189774 0.16446911034750278 0.6392833329394001
0.03151899047246809 0.012631993142685594 0.33835134428224267 0.6174976721026036
0.02522931082913149 0.39072326789757494 0.011438561323512952 0.5726088599497806
0.3747572450144021 0.01515544862487539 0.21551972928248908 0.3945675770782334
0.04988889950595232 0.37996711959294804 0.3322502523030443 0.23789372859805535
0.011724643622598396 0.6552161643327117 0.21971618743175236 0.11334300461293756
0.2338753628845589 0.22980845526228522 0.27850069604983974 0.25781548580331615
0.054388251889996964 0.2434784201253769 0.1942607253456643 0.5078726026389618
0.18780008220200906 0.31357804528245015 0.030831871844633874 0.4677900006709069
0.04059706664687768 0.6880079094113497 0.1914751379161982 0.07991988602557443
0.11775321031930563 0.32722586004190035 0.05948630244136499 0.495534627197429
0.3478718157165098 0.36395749604287664 0.13901514789890912 0.14915554034170442
0.29601738575846503 0.4717390305561171 0.040611286123159895 0.19163229756225797
0.33496740644018297 0.32715039691019066 0.00941560051758683 0.32846659613203955
0.5456409314433857 0.2886100402828584 0.05857408047402246 0.10717494779973347
0.30283187442415016 0.012391771707327748 0.22836429353700993 0.45641206033151216
0.12406170633794988 0.1729787043057266 0.30744111227518234 0.3955184770811412
0.2522723048306892 0.041298049527940806 0.40030034246048996 0.30612930318088005
0.11383192753171067 0.2354867429898293 0.03797255204140493 0.6127087774370551
0.09877534279087208 0.2530022861840683 0.17973655442759284 0.4684858165974668
0.27127686485373825 0.4230102599952271 0.14695686420241527 0.15875601094861935
0.1594810846658754 0.6192934741094859 0.17383483881542516 0.047390602409213556
0.03869792798510885 0.12343094197087967 0.5823580352247338 0.25551309481927764
0.189217449152832 0.019535405577678855 0.49374855282532826 0.2974985924441609
0.036014782699931525 0.43703780868735287 0.17398459594563576 0.35296281266707985
0.26125984163859894 0.286559799394397 0.3811115555926343 0.07106880337436972
0.12903068643313764 0.8158666281977806 0.04435708079087153 0.010745604578210277
0.5410879286033685 0.013896804521833173 0.03369958766197756 0.41131567921282075
0.0851499421861408 0.08845726208514804 0.7008743692445419 0.12551842648416922
0.471494719769213 0.40114637116045415 0.1151798362828631 0.012179072787469769
0.23898387511717112 0.38523921827917385 0.11400016185104345 0.2617767447526116
0.01190592178223715 0.3961904819599076 0.0662362833207154 0.5256673129371399
0.6357740786603423 0.13650200788203548 0.2276340636290577 8.98498285645255e-05
0.3769231642669151 0.2776541813034775 0.23374632618103863 0.11167632824856877
0.18438996863827906 0.29446467560877954 0.15316856842337456 0.36797678732956685
0.16834936844714654 0.02662322907852943 0.018875855158690724 0.7861515473156333
0.01102457422713754 0.6258483616228745 0.32955310584978803 0.033573958300199935
0.20719164704422455 0.35459182285966606 0.10283609198669186 0.33538043810941753
0.013646383019636499 0.41359850642476725 0.059321700736071015 0.5134334098195252
0.09184230040321983 0.4131975963830662 0.45401734191094656 0.040942761302767416
0.22542282822884052 0.3919814558758813 0.20826758943564228 0.1743281264596359
0.3514821552334023 0.27749703666246517 0.25912128260434986 0.11189952549978266
0.0757295436635752 0.25445624398378075 0.6544037025777508 0.015410509774893222
0.01955593448645554 0.23788539772064454 0.4521537752384439 0.290404892554456
0.40208849875984454 0.434257073213263 0.051890601266263214 0.11176382676062924
0.2343200098767828 0.07567198850972623 0.14036985566390725 0.5496381459495837
0.031703452200684934 0.08550450292692591 0.3608119329629894 0.5219801119093997
0.12118225522396187 0.5332088395868722 0.015857435819588428 0.32975146936957755
0.3158584362842518 0.00016483702585845528 0.6727637321349119 0.011212994554977818
0.17401187736026624 0.5062229979544027 0.06885414518199529 0.25091097950333574
0.2359721798228387 0.11559490945434736 0.20880082762646823 0.4396320830963457
0.22953794235485714 0.12650432166586634 0.12356088965408774 0.5203968463251888
0.29936614259281413 0.0648169008784143 0.3419597339502274 0.2938572225785442
0.5867450638552218 0.13760530713717645 0.10123645309969875 0.17441317590790295
0.3757823845823294 0.019064656519559797 0.2709551820977085 0.3341977768004023
0.2060489366647339 0.30381148476039355 0.17076111585311915 0.3193784627217534
0.14049652556043024 0.07847569654160236 0.2611646225298776 0.5198631553680898
0.12844634775240427 0.5384586764163061 0.04868382325956533 0.28441115257172433
0.10485332263607972 0.6962334009229735 0.10627557341786886 0.09263770302307794
0.597950240420926 0.05915729454373475 0.24160815303779803 0.10128431199754118
0.2083071221557221 0.2710299037412599 0.4584563365642217 0.062206637538796294
0.14599208184847623 0.18952302278706856 0.09858266490152168 0.5659022304629335
0.14149798157035198 0.07555886220645702 0.12527524055034023 0.6576679156728508
0.02979078390404366 0.2918768196531464 0.06278507537425693 0.615547321068553
0.11362989032498283 0.1806612815126969 0.251961046238099 0.45374778192422127
0.29517129567295863 0.004826602773391309 0.17313169363165615 0.5268704079219939
0.11658962849758936 0.43555863445127974 0.10982515336540255 0.33802658368572835
0.14143401023416546 0.19792676285365418 0.22880950681914547 0.4318297200930349
0.3404450585081129 0.584162657273502 0.010105269762280766 0.0652870144561043
0.3728401796177979 0.309499130698038 0.14663413271699322 0.17102655696717084
0.3850422569035885 0.0690397431127675 0.3412390880812759 0.2046789119023681
0.17319422993020306 0.2229953754385584 0.506500404767287 0.09730998986395156
0.348531091396562 0.3552640883510485 0.043568027559603095 0.2526367926927864
0.07328094089095438 0.02758260604706053 0.0579202832368364 0.8412161698251487
0.19489195206968168 0.5780389279430075 0.11160300713354898 0.11546611285376185
0.02801684911743596 0.08715973879343886 0.6047022428532428 0.2801211692358824
0.24659917072786963 0.11405232182804859 0.4700501532355801 0.1692983542085017
0.13696189186544638 0.5350833391392603 0.2530675676912061 0.07488720130408721
0.12861572961554524 0.2911827611529013 0.5362785931020165 0.043922916129536915
0.21098120991384273 0.020191773414966363 0.3684815037263308 0.4003455129448601
0.18600718516420633 0.016701786142821473 0.7715551315723553 0.025735897120616857
0.07920595185281398 0.29798111558489004 0.13366056832413387 0.4891523642381621
0.042463124326531654 0.13704606267573505 0.18671772888778815 0.6337730841099452
0.2132041772272063 0.3357278685421128 0.41411772222816723 0.03695023200251368
0.08123951832016141 0.5522826351890432 0.3227552230806038 0.04372262341019162
0.2990546277421934 0.2586466686614638 0.05150202078881405 0.3907966828075288
0.4937371354303355 0.27701292027125934 0.055712241190288836 0.17353770310811634
0.4696018467535803 0.04636667593616184 0.1336125815570881 0.35041889575316976
0.18496073639751676 0.15904693777430923 0.07198327987549769 0.5840090459526763
0.5699521707049 0.1072971275980451 0.10789857114732426 0.21485213054973062
0.1705643550381919 0.18898347485326117 0.2158689614969037 0.4245832086116432
0.276593063856728 0.46932725645940987 0.17582831846524827 0.07825136121861387
0.09599714998110254 0.4994543720000042 0.18800530259354242 0.21654317542535084
0.4983229476968303 0.26765623747201106 0.016817675840457125 0.21720313899070154
0.33478863648759616 0.1313999466373259 0.489499885369429 0.04431153150564893
0.0018656689008453853 0.47860152250548815 0.06466086541810945 0.454871943175557
0.364517801281113 0.10916245914439193 0.30377184274830504 0.22254789682619003
0.0770658076489944 0.33913730644695894 0.2747287486403037 0.30906813726374294
0.33785007777311116 0.04514378434242228 0.25491396794478527 0.3620921699396813
0.09237746990030482 0.26175857982145034 0.06311292603057095 0.5827510242476739
0.15772194723418465 0.1283575037154857 0.40315983103675346 0.3107607180135762
0.28349975945520545 0.06724262475508413 0.37881299205303476 0.27044462373667566
0.005053100197870641 0.09475821066091061 0.528309358317038 0.3718793308241808
0.27340320554156794 0.4662547430758094 0.19797650294183788 0.06236554844078479
0.7181443706750738 0.01183807249222113 0.22671077188526312 0.043306784947442
0.12290691589926872 0.5358147578203705 0.10880580694908393 0.23247251933127688
0.15248736448181532 0.4549083392478195 0.13338413237149405 0.25922016389887115
0.33880660758227976 0.3079669708360864 0.299461003677578 0.05376541790405587
0.010933018867412048 0.11250861170282134 0.27813277149312776 0.5984255979366389
0.034238796850873054 0.290392930915342 0.6043540308382916 0.07101424139549328
0.3033488701499226 0.4871869956790643 0.1934746310953377 0.01598950307567537
0.32962026293847857 0.16845350973735573 0.20146899106723615 0.30045723625692955
0.011941330161563068 0.6985115916744475 0.25697197284815454 0.03257510531583485
0.31709689779039696 0.11467190696003782 0.49017363600767394 0.07805755924189128
0.13871330819179373 0.6540413935941035 0.17185524864556856 0.0353900495685342
0.10145672010482665 0.35178506902211815 0.37640712650769736 0.17035108436535784
0.0055724523671896176 0.5870134188523436 0.18726656306138934 0.22014756571907745
0.33727946685334476 0.019947782448569762 0.3509764566146981 0.29179629408338736
0.010274444226558876 0.06260806085197512 0.4318895273312122 0.4952279675902538
0.31036359913515654 0.3766277915313334 0.10523630687363539 0.20777230245987466
0.1383341208067136 0.4029460791826114 0.2697814383370777 0.18893836167359734
0.09676741677560674 0.0250553740124021 0.038375963103372435 0.8398012461086187
0.026639764135180766 0.1692437727599989 0.4628991690145191 0.3412172940903012
0.22653164208257925 0.2679133348531192 0.4761923459524593 0.02936267711184226
0.21610901239401503 0.09914474963618569 0.22962001420946632 0.45512622376033296
0.454034381390759 0.24812724074632508 0.11707928335171935 0.18075909451119654
0.011664464079865211 0.015959688203014855 0.4344167814310348 0.5379590662860851
0.028920023247172022 0.2713645298554589 0.11780234639372356 0.5819131005036455
0.2038217045929802 0.1239967750127342 0.6065799664482722 0.06560155394601341
0.006552548299042504 0.49481904988697234 0.012771147546547401 0.48585725426743775
0.07148890101416472 0.44748487455890484 0.1045483104550129 0.37647791397191754
0.27158235367736583 0.12497667736793794 0.2396411422737743 0.3637998266809219
0.1361712667610684 0.10713276572538988 0.07415917531271932 0.6825367922008224
0.16383708364325988 0.21272881401325394 0.252516219866015 0.37091788247747115
0.5406684607251626 0.18640030940540808 0.20093372110859453 0.07199750876083477
0.33416839316658176 0.26875744673259383 0.22145042496103062 0.1756237351397938
0.055859867834703425 0.4556694118539595 0.3986068839832133 0.08986383632812378
0.16240536014895213 0.3356142792416963 0.21126533792922075 0.29071502268013083
0.11924878928374294 0.5424910797075273 0.21688095492541426 0.1213791760833155
