9 70 4 193.17210481451414 386.34420962902834
1.0933673849712995 5.516871329338649 5.461959638207315 2.2044657606334894 2.278999769090847 2.9670280806347042 4.766573624594072 3.232910515722032 1.7565368604881506 4.109487760453601 2.500987118790893 8.907031769793932 9.558676284640448 1.3487353824908785 7.291966522588849 6.154838340124683 9.082064064026346 7.002090756276729 5.930540047418334 7.3218468166124975 4.478294526531989 7.249948099880124 8.423834180504933 5.191016278305392 9.464719685739905 8.23365793011086 9.850233234018992 2.526726318253904 5.689762403138175 9.509656752786166 6.845864168444286 8.747487309031271 9.737614108812027 2.6698751824101463 3.1880410778206763 8.860607587910124 9.156495492311569 7.824501881169839 4.122117583979677 5.171812425856518 6.494839667633165 5.466535459040683 5.301766121845122 4.9199991828971115 8.833674667838778 2.686227823552794 7.189066838734076 7.331762564212493 9.326800695439967 1.3550933590684036 6.824050421906002 6.742485862456465 5.155278962236273 1.4775348203685372 1.347138308461225 2.525782727870892 8.150930982806855 2.4634544190407275 2.2486482980159668 4.176252579094137 5.360486096375219 7.279627466113998 8.210407885261173 3.400969393647472 9.185285883324251 1.2058025497270917 4.376104862461965 2.796699957834022 4.085247062452693 4.997010655396418
0.2186734769942599 1.1033742658677297 1.0923919276414629 0.4408931521266979 0.45579995381816935 0.5934056161269409 0.9533147249188143 0.6465821031444065 0.35130737209763013 0.8218975520907202 0.5001974237581785 1.7814063539587863 1.9117352569280897 0.2697470764981757 1.4583933045177697 1.2309676680249366 1.8164128128052692 1.4004181512553457 1.1861080094836667 1.4643693633224995 0.8956589053063977 1.4499896199760247 1.6847668361009867 1.0382032556610785 1.8929439371479808 1.646731586022172 1.9700466468037985 0.5053452636507808 1.137952480627635 1.901931350557233 1.3691728336888571 1.7494974618062542 1.9475228217624054 0.5339750364820293 0.6376082155641353 1.7721215175820249 1.8312990984623139 1.5649003762339677 0.8244235167959355 1.0343624851713036 1.2989679335266329 1.0933070918081367 1.0603532243690243 0.9839998365794222 1.7667349335677556 0.5372455647105588 1.4378133677468152 1.4663525128424986 1.8653601390879935 0.2710186718136807 1.3648100843812006 1.3484971724912929 1.0310557924472545 0.29550696407370747 0.26942766169224497 0.5051565455741784 1.630186196561371 0.4926908838081455 0.44972965960319333 0.8352505158188274 1.0720972192750438 1.4559254932227996 1.6420815770522346 0.6801938787294943 1.8370571766648502 0.24116050994541832 0.875220972492393 0.5593399915668045 0.8170494124905385 0.9994021310792837
0.21425596288493742 0.01805116436156118 0.26583248311529406 0.5018603896382073
0.4159186670147922 0.07841793811791453 0.2404292119034629 0.2652341829638304
0.22484261212330414 0.07778802953670239 0.3123018337022122 0.38506752463778127
0.10305405184612337 0.08009868180709712 0.3564227912702034 0.46042447507657613
0.5001079204417592 0.13198376429069592 0.15922655001192076 0.2086817652556241
0.13353967592343363 0.12873354487951827 0.6549194853574816 0.08280729383956653
0.26101658314752796 0.05283602363039441 0.5277885416361547 0.1583588515859229
0.24980456060231693 0.2432861578006419 0.02722122609419453 0.47968805550284666
0.07319422123083008 0.43255146215917417 0.29848995198882544 0.1957643646211703
0.036451248322167173 0.5237343739798899 0.11874194672854488 0.3210724309693981
0.3083843510756832 0.4169645707905687 0.00553288958071485 0.26911818855303327
0.30269888812875856 0.4139501992647149 0.12646775465863846 0.1568831579478881
0.17861793515885238 0.0661016125174968 0.291168693167288 0.4641117591563628
0.08023349348478681 0.5838158159566114 0.019421042452146042 0.3165296481064558
0.5797107815939463 0.09351104512539998 0.1883529482171551 0.13842522506349864
0.15642290217843435 0.7420842037927036 0.054004047538032784 0.047488846490829295
0.5644536326774812 0.07598767292215192 0.09428053541369852 0.2652781589866684
0.39563747511048153 0.0208202770491005 0.16784988359731956 0.4156923642430984
0.5787496113205873 0.013002081747054861 0.15166143980951396 0.25658686712284384
0.44165318416092714 0.3660424133898702 0.09697974492125638 0.09532465752794628
0.6945884920570353 0.01202927280274324 0.007977394181398756 0.2854048409588227
0.03242495886252683 0.6339329889944327 0.09599413653142108 0.23764791561161935
0.27898647303020463 0.010111358222292921 0.07994216521552455 0.6309600035319779
0.10937339268700785 0.201825174159039 0.622286875342912 0.0665145578110411
0.07910104217629743 0.24747457662697814 0.22239172629629345 0.451032654900431
0.2518568590408138 0.07827031466889955 0.44739833935619644 0.22247448693409022
0.11477505735172433 0.3364286486131488 0.36508219554654786 0.183714098488579
0.004951409791498884 0.7721613959796204 0.14620267621368555 0.07668451801519516
0.011207846331564908 0.025311276399707983 0.6128234837884309 0.35065739348029623
0.549004988267094 0.29540524533996493 0.07689676129350198 0.0786930050994391
0.12102940065523005 0.1288522657916027 0.5562715353923067 0.1938467981608606
0.0029919695529196932 0.31988309127247927 0.413044986162021 0.26407995301258
0.2709261401336226 0.44806097381069243 0.056382196953508656 0.22463068910217632
0.17403292510002677 0.31992598582776977 0.056574883908779516 0.44946620516342395
0.21823833824092975 0.15107570362037648 0.2893302455546245 0.34135571258406927
0.07226252363492403 0.04104511746718997 0.4863575187078377 0.4003348401900483
0.34509917372173027 0.029597993189732663 0.3361297662592698 0.28917306682926724
0.3735749039517683 0.18756718639444414 0.07794890257708453 0.36090900707670304
0.028232053443866145 0.5254953085965847 0.365463465670268 0.0808091722892812
0.19948870515274908 0.20025869833011445 0.4254423530473729 0.1748102434697636
0.25356469062673237 0.15249488501156072 0.36445634646891634 0.22948407789279057
0.4992413226874647 0.21084464341837816 0.11375094623808502 0.17616308765607214
0.2978368339072497 0.31721996386975126 0.3046485187496757 0.08029468347332336
0.09376458450026892 0.31080338803818375 0.12477451855336097 0.47065750890818636
0.11607183111321373 0.3176472773988418 0.2793573412118181 0.28692355027612637
0.041824424095711854 0.08164134415658975 0.7867019873609579 0.08983224438674053
0.5796435612746703 0.002041679074307745 0.06829350355751906 0.3500212560935029
0.82217282984782 0.03453585005918358 0.1293269970290104 0.013964323063985984
0.3140008823477276 0.24044933074420172 0.4353420327968083 0.010207754111262402
0.22277090343246642 0.3196215906976564 0.27573029273145655 0.18187721313842065
0.18674779115340145 0.4323995683123002 0.12109749644517376 0.2597551440891246
0.5233053586095667 0.2784111338301005 0.1334344902133916 0.06484901734694115
0.01873984222504499 0.18488018880771528 0.4061150619546213 0.3902649070126184
0.5726974558385456 0.1272838532360453 0.27350115059173696 0.02651754033367215
0.4243610526684456 0.39272160740533846 0.08324297147343851 0.09967436845277744
0.03640514526026284 0.4183887673139527 0.2799223949903591 0.2652836924354254
0.201095075197681 0.06012194520732983 0.45502760972872913 0.28375536986626004
0.4048195760213684 0.08992748911616644 0.3791044472530619 0.12614848760940323
0.03366157379926393 0.48768804374757724 0.41958727498248016 0.059063107470678666
0.09994341164925002 0.13263601314198858 0.5828879215422008 0.18453265366656058
0.31005948786835136 0.01101358974737876 0.10623024580573381 0.5726966765785361
0.4056101868745636 0.038901241649680895 0.02889546950118771 0.5265931019745678
0.12813926220607297 0.42484021271507166 0.06984596017656719 0.3771745649022882
0.4083328175154486 0.18124498604452244 0.0035718945058403895 0.4068503019341886
0.2239761000413818 0.3905487979174682 0.28312195678988816 0.10235314525126182
0.06976608781210036 0.04441024777326519 0.40950540375007183 0.4763182606645626
0.356682701276948 0.3864236058020192 0.07321869263786474 0.18367500028316808
0.22754534367969248 0.2075601632262819 0.5130461966708973 0.05184829642312827
0.36754547169496776 0.061775528308613215 0.31947381093577365 0.2512051890606454
0.14808989823107022 0.20060605605968618 0.37579501745835164 0.27550902825089196
0.2166397127268621 0.19770661207275952 0.31473929582679094 0.2709143793735874
0.4300468142111865 0.12616967259246237 0.027681691210150627 0.4161018219862005
0.13876915695467273 0.3531597823300735 0.47886925552870974 0.029201805186544028
0.1093105151646997 0.1799887663835441 0.20130226662607187 0.5093984518256843
0.03796921692694821 0.04557421300249709 0.674492594993326 0.24196397507722867
0.10085859104522166 0.011684522998134939 0.40491712772547384 0.48253975823116957
0.5460747365304214 0.02975078128944253 0.21579766748687768 0.20837681469325842
0.5214873031839404 0.381534292313329 0.0621365879627771 0.03484181653995344
0.4063212708530659 0.40675020987519805 0.023135520016481448 0.1637929992552546
0.7672541069525759 0.1516747813048417 0.04879007146832148 0.03228104027426093
0.33888996611535227 0.36247993981895954 0.19257283813257386 0.10605725593311432
0.6451189984951727 0.03703377167623001 0.14662843207817167 0.1712187977504256
0.380809518748513 0.32297117424396793 0.18205091144057495 0.11416839556694414
0.2826662622956666 0.17934417900233757 0.34157820577751075 0.19641135292448508
0.17847955589273656 0.2851548265758991 0.012490071942613312 0.523875545588751
0.025569103332357845 0.4513290468412693 0.3763594802425805 0.1467423695837924
0.04546949815285262 0.31083997917210515 0.3248969034828728 0.3187936191921694
0.13667301033822488 0.6017898238181665 0.14497039192857775 0.1165667739150309
0.053877743676363554 0.12409271661555965 0.023067201186797837 0.798962338521279
0.13607970210569964 0.33748817813546117 0.4434608772405365 0.08297124251830268
0.14296252407525012 0.5245819348503674 0.07726914233184234 0.2551863987425401
0.04186674974875759 0.14294762508175762 0.7255430183745695 0.08964260679491531
0.3803234809406789 0.47763693284290953 0.04103146156943194 0.10100812464697961
0.1831071892507703 0.4915968540227228 0.13992056791610819 0.18537538881039872
0.032723994301139925 0.3538882000155764 0.16631897812650587 0.4470688275567778
0.13959284956868834 0.0630422827368251 0.22301596891423925 0.5743488987802473
0.12252262421091398 0.5984590849423538 0.12250821962332836 0.15651007122340388
0.27258381373747875 0.11344711841521304 0.5378547724578122 0.07611429538949599
0.048899533339431756 0.15029222153754995 0.08953177966879222 0.7112764654542261
0.13138669704047223 0.16304780433234356 0.038862366899649614 0.6667031317275346
0.3376766038812906 0.11792093249890134 0.2896355681682018 0.25476689545160625
0.010204856665951278 0.28617418892944646 0.6216273721213531 0.08199358228324916
0.24572394436610445 0.017514535579513768 0.41005029605828147 0.3267112239961003
0.02741126823211082 0.437106801401287 0.2182549565526144 0.3172269738139878
0.7623903796018435 0.17101844018054224 0.04525367046200568 0.021337509755608552
0.22220078518328812 0.2831020200292932 0.09678958771648516 0.39790760707093353
0.19672054667386663 0.3296861761121108 0.06356461118947421 0.41002866602454835
0.32555430823290055 0.27820760288337854 0.14590158749976145 0.25033650138395946
0.7975211542532005 0.027300766080271544 0.0028472452702426043 0.17233083439628538
0.3149630807150319 0.37087787870340105 0.29974793853819737 0.014411102043369706
0.3152299359637879 0.1346306408328649 0.30547874717696066 0.24466067602638653
0.22220043940123635 0.49457367841986843 0.07477689222507622 0.208448989953819
0.7173350651198127 0.07005385614712367 0.05393410108183605 0.15867697765122757
0.2186436554379988 0.23471769446225477 0.07550497725545602 0.4711336728442904
0.1855423726856742 0.001709242813043077 0.09914091094397792 0.7136074735573048
0.060911991473072025 0.22480192635026564 0.43931151300250015 0.2749745691741622
0.6799837584932987 0.2582776546216755 0.007243175826032622 0.05449541105899314
0.26121688164935064 0.09979104407659034 0.03878539402376535 0.6002066802502937
0.569508502121144 0.07827237408513255 0.22240550106637158 0.12981362272735186
0.14956050142915833 0.1362421236110558 0.27522259934051196 0.4389747756192739
0.1565155052260152 0.033269356230665625 0.3963294371374032 0.41388570140591596
0.6317719218782246 0.0763473701116224 0.07263599758115757 0.2192447104289954
0.32079347860817475 0.26221982797280485 0.0847825166875652 0.3322041767314552
0.26530523444671594 0.008503700768399791 0.5983333386682643 0.12785772611661994
0.02923015341656432 0.00657584084138263 0.35780413467092553 0.6063898710711275
0.104886998237806 0.565867478555919 0.31058160565255055 0.01866391755372443
0.10109129689067042 0.3740312929034201 0.457560414100355 0.06731699610555453
0.28820449116918856 0.24736141961060287 0.08408747970406538 0.3803466095161432
0.19321463656166427 0.1938452129833791 0.13367152751445055 0.4792686229405061
0.5080669382317893 0.16923676006395894 0.017138958030799234 0.30555734367345255
0.6155289592827031 0.06628803369965575 0.2277238236011062 0.09045918341653492
0.05199506824537892 0.5374055748716394 0.3478672110343489 0.06273214584863274
0.12981856461969576 0.22574426598601693 0.39580230438865016 0.24863486500563714
0.05741147520622736 0.08014693299926678 0.694150085726428 0.16829150606807786
0.29121045494207287 0.2763624708674025 0.38071814232105106 0.05170893186947356
0.3520765483992785 0.4686312048996234 0.14471403502114233 0.034578211679955784
0.381792844884569 0.1809613475398537 0.18318315877479063 0.25406264880078666
0.34169352128608255 0.4665841162596678 0.03829854563010271 0.15342381682414696
0.01684340854102473 0.46130190215131617 0.32453061245506387 0.19732407685259523
0.04307997646729245 0.7133547555689157 0.10120342623395917 0.14236184172983268
