84 20 4 52.41095467546879 104.82190935093757
1.4143689426833697 4.3321808450403925 3.1808644074226424 6.656320045401265 9.910990540242251 2.1752924433247594 2.562302470119843 3.3248265189371176 4.765590700143563 2.1791700394560376 3.614051128790898 5.457754852799872 9.703038830850087 3.67650876826561 6.86621742807468 5.820516078534764 8.983237427673556 8.781384228433947 9.464795408228195 1.952498246514709
0.28287378853667394 0.8664361690080785 0.6361728814845284 1.331264009080253 1.98219810804845 0.4350584886649519 0.5124604940239685 0.6649653037874235 0.9531181400287126 0.4358340078912075 0.7228102257581795 1.0915509705599744 1.9406077661700174 0.735301753653122 1.373243485614936 1.1641032157069529 1.7966474855347112 1.7562768456867892 1.892959081645639 0.3904996493029418
0.0741770593408092 0.28209691808021453 0.2569483421833032 0.38677768039567306
0.5532231098236163 0.08484830593277093 0.3403555249154434 0.02157305932816933
0.14583093741631015 0.015286505432764663 0.15057436475118058 0.6883081923997446
0.14632756588037232 0.18470388839893082 0.6635876478461575 0.0053808978745393254
0.04336294630905824 0.3896513450181657 0.13317764392999665 0.43380806474277944
0.06017637068053594 0.39135848290097774 0.036261796864207274 0.512203349554279
0.017679322152117982 0.7896634584198361 0.12747658509050475 0.06518063433754118
0.017284518806655713 0.3338248141332125 0.17639473351960056 0.4724959335405312
0.012731049947232953 0.21458867007875881 0.5837042215660856 0.18897605840792264
0.1815303862391643 0.10127191957619963 0.06615888745187282 0.6510388067327633
0.2826814811599182 0.02633084351856496 0.16584004838560584 0.525147626935911
0.1232860646617715 0.7057639880286178 0.11888777020252883 0.05206217710708183
0.4381112854215329 0.10610220430983774 0.06143103174404407 0.3943554785245853
0.3176573411121302 0.5104011504066411 0.08030001106502993 0.09164149741619876
0.40685301347650205 0.069108200902121 0.31680383909210175 0.2072349465292752
0.2643735529203316 0.10796962038743507 0.5758334761445726 0.05182335054766074
0.40972300257322336 0.08189411988228712 0.15629941030004602 0.3520834672444435
0.20702036365103182 0.13501545298382656 0.2086784070001686 0.449285776364973
0.21822922540203527 0.06422511207702475 0.35835666197704985 0.35918900054389014
0.08714522304963968 0.5090945127253201 0.3814905265004489 0.022269737724591288
0.17859081103363206 0.6608836776456849 0.1564582509965543 0.004067260324128741
0.13841136361815898 0.07121250631517795 0.05711050837723286 0.7332656216894302
0.330998344010063 0.16734502538931362 0.32241580201782716 0.17924082858279622
0.19484226468328736 0.08991481389962186 0.40196891367260434 0.31327400774448644
0.12030754780666131 0.03754441177280987 0.219363472254261 0.6227845681662678
0.4117161225473601 0.14089332421074185 0.07222802165603526 0.37516253158586277
0.26441401955104105 0.3779288016515301 0.05606984390905845 0.3015873348883704
0.1895636326192256 0.6427999144649572 0.14836141030576921 0.019275042610047977
0.00273220335212776 0.2803828034527489 0.6776802608605575 0.039204732334565784
0.439814882184538 0.06801167808925479 0.4442208284138366 0.04795261131237061
0.021379362786101197 0.23655511001718477 0.002104836467682447 0.7399606907290316
0.573458544108796 0.005731482846455638 0.1437422123646791 0.2770677606800692
0.4826839664897631 0.05601194928636133 0.17523310247683532 0.28607098174704026
0.10692096760365 0.21685022280155508 0.04825416786336212 0.6279746417314328
0.03412241914895142 0.8445474624572641 0.013905070078944592 0.1074250483148399
0.6052722279025413 0.02510904602778863 0.2922259785267195 0.07739274754295056
0.07843130850332536 0.30804375509164217 0.5825661495269071 0.030958786878125366
0.45991512235804055 0.06983205004433468 0.007956959968806188 0.4622958676288186
0.14530370073250687 0.049722219281079894 0.3808117343546267 0.42416234563178656
0.13869615009083103 0.04717215538662023 0.40875056517794073 0.405381129344608
