70 30 4 82.49363996933357 164.98727993866714
9.34732484757063 8.85183664968294 6.261681453359978 9.146531563514172 3.8514931407166553 2.332072908368053 8.735806920188862 4.903308700760383 5.441687175209001 5.073073275225309 4.268392073086812 3.3605620055670435 6.321955343957896 3.790098804293568 1.393341819480739 7.373172476553156 2.6659844938520223 2.7164367896781014 7.6145415661217095 2.1335157895025962 3.7635819549831995 9.407359086290398 9.871521529178883 9.801741568597 2.1810454302031443 1.0440409399415314 8.091922804070288 7.072409285184418 4.098748944029223 4.0720905994994006
1.8694649695141259 1.770367329936588 1.2523362906719957 1.8293063127028344 0.770298628143331 0.4664145816736106 1.7471613840377724 0.9806617401520766 1.0883374350418002 1.0146146550450619 0.8536784146173624 0.6721124011134088 1.2643910687915791 0.7580197608587136 0.2786683638961478 1.4746344953106312 0.5331968987704044 0.5432873579356203 1.522908313224342 0.42670315790051927 0.7527163909966399 1.8814718172580798 1.9743043058357768 1.9603483137194 0.43620908604062886 0.20880818798830628 1.6183845608140577 1.4144818570368836 0.8197497888058447 0.8144181198998801
0.48834560831442186 0.3124640979816925 0.191388322981633 0.007801970722252638
0.15511409362491968 0.11171539981604306 0.7016424471881096 0.03152805937092762
0.48388806423605435 0.3603041531894349 0.07074428151206014 0.08506350106245064
0.2205335710448988 0.01159994417496335 0.18440362909563301 0.5834628556845048
0.10897001329416456 0.07577799823921905 0.6451885956794795 0.1700633927871369
0.35111633410827126 0.18357413869747685 0.045805149914808885 0.419504377279443
0.13337942242469347 0.15285092225442953 0.5759896300274524 0.1377800252934246
0.38323499904600455 0.26907398484736433 0.017908527493550097 0.329782488613081
0.023508498826517954 0.12748171443720768 0.7731918897860891 0.07581789695018526
0.06996371941261814 0.16160307120763395 0.15448235680242417 0.6139508525773237
0.08005388427905313 0.02439410452984836 0.5528366907154777 0.3427153204756208
0.01030334456194093 0.059132435687761276 0.6931959425368767 0.23736827721342113
0.21545362765779774 0.3930634286833661 0.34698966973566026 0.044493273923175924
0.4892605657527902 0.10636241012645864 0.16015181859253258 0.24422520552821858
0.2700647561648236 0.0369448051333745 0.0996065827279915 0.5933838559738104
0.5819753930177932 0.22731196656845443 0.12053337343835036 0.070179266975402
0.09038581352446784 0.012767123099813649 0.41721634946887776 0.47963071390684076
0.1707851185015402 0.049775962092007964 0.5552679505216153 0.22417096888483656
0.453678965846001 0.016166194825840585 0.05529662017383319 0.47485821915432525
0.12064733458120613 0.5880031123633893 0.2378211056230669 0.053528447432337645
0.5884981594032654 0.0769652657944766 0.2931876651608981 0.04134890964135984
0.6450317645883793 0.036358234709148785 0.20952202735655578 0.10908797334591613
0.38500840526319 0.044062627945540056 0.05963407429967038 0.5112948924915995
0.00445161509871117 0.36901235308629454 0.27740649137713136 0.34912954043786293
0.0372598560904267 0.31282959634666274 0.31701913912640434 0.3328914084365062
0.07889483915027506 0.5327249700774261 0.2685784218389222 0.11980176893337657
0.4696592249039453 0.07114860566627124 0.25751797573141555 0.20167419369836792
0.3615247284095475 0.10524344778993788 0.00912517305339089 0.5241066507471237
0.08192292092982334 0.12687017419580227 0.704206484666438 0.08700042020793641
0.15235061019493545 0.32439523026499306 0.08750766707086866 0.43574649246920283
0.18704137495518836 0.3420446892840505 0.4189369326719412 0.05197700308881992
0.03245902930234201 0.33334899496168213 0.00024183410025913066 0.6339501416357167
0.05218182530283322 0.14601556641351865 0.015387524630233074 0.7864150836534151
0.2998524378993007 0.19431711814935126 0.30478441502607756 0.20104602892527046
0.14292332531108032 0.29822408980686277 0.5055811295407108 0.05327145534134614
0.6186374558852684 0.2473036111854151 0.10034990264079258 0.0337090302885239
0.37045341571718815 0.3901722146722645 0.19281841094930874 0.04655595866123863
0.7817396662643881 0.10821088158422787 0.02400879067762829 0.08604066147375578
0.21121957439284134 0.24129444980846904 0.537390448889883 0.010095526908806662
0.20103797445081073 0.09396340583297613 0.686234838640966 0.01876378107524712
0.28277434361544307 0.2175561487652623 0.05214196936683746 0.44752753825245717
0.22281996812283233 0.317519090812466 0.1507197484662698 0.3089411925984319
0.6419273232864979 0.23487322922388643 0.03361716728028996 0.08958228020932568
0.18751211896058306 0.16450108154048848 0.5424263947761123 0.10556040472281614
0.024283045431891415 0.5730777359842996 0.2840088119914199 0.1186304065923891
0.040618943491545934 0.30587844230311234 0.3958049114477523 0.2576977027575894
0.2992602789876445 0.1714122057511508 0.14072147583905514 0.38860603942214955
0.3286168747453452 0.3604684043858566 0.06914773876016378 0.24176698210863445
0.17623798231251042 0.112760519059242 0.3332189580880127 0.37778254054023486
0.15499574026417806 0.5756275093944908 0.24115504650986397 0.02822170383146716
0.0189366392704422 0.13816951376853204 0.15202021110255903 0.6908736358584667
0.22683434410955228 0.05473479714379814 0.22720472269920877 0.4912261360474408
0.00047802489941950466 0.6055429896027222 0.2895927535589734 0.10438623193888485
0.028731548799580398 0.811250060092628 0.13268055488539088 0.027337836222400713
0.01659476882037192 0.7994913875904267 0.07171858647942186 0.11219525710977951
0.1512736729124795 0.5809249089777131 0.2654924963643781 0.002308921745429293
0.052027102504060174 0.2069889363110612 0.29603643339000096 0.4449475277948777
0.059304900530968485 0.42257971953827733 0.22814377639935823 0.28997160353139595
0.3375311542005299 0.2644152017194089 0.03261223512886202 0.36544140895119914
0.21106539564718263 0.2856130999635679 0.20135134020880774 0.30197016418044176
