91 20 4 52.52807951190267 105.05615902380535
2.809032365061765 3.961184198429638 3.668497198309649 1.8400030163269108 3.997709312479151 7.527004665507592 6.871264695281681 5.543650856231832 9.52597617044255 6.646614205474785 9.930577067803348 1.6850911985407744 4.083476743902304 3.7624196263974916 7.391841710779962 9.255857890397092 1.7281603043361176 1.5654990889671965 6.239514704393875 7.022784004741621
0.561806473012353 0.7922368396859276 0.7336994396619299 0.36800060326538214 0.7995418624958301 1.5054009331015183 1.3742529390563363 1.1087301712463664 1.90519523408851 1.3293228410949571 1.9861154135606696 0.33701823970815487 0.8166953487804609 0.7524839252794984 1.4783683421559926 1.8511715780794185 0.34563206086722353 0.3130998177934393 1.247902940878775 1.4045568009483242
0.00934138260430839 0.3860500492161093 0.3749068391832733 0.22970172899630903
0.008160271266523522 0.45984748376372164 0.2789224188898035 0.2530698260799513
0.46576155157442567 0.05379372401156968 0.015248237875737813 0.46519648653826684
0.38499160976302804 0.09676721113214704 0.4297811507086835 0.08846002839614142
0.6719585098424222 0.001472841680499215 0.08620298859808251 0.24036565987899605
0.5099694985853361 0.021446428358805947 0.08440265900471433 0.3841814140511436
0.8748451615058113 0.07605213973201685 0.03006455216372439 0.019038146598447492
0.08690474009531401 0.7710319028721384 0.05414775719173359 0.08791559984081398
0.23134614061361647 0.23811190438473928 0.07120677948283671 0.45933517551880754
0.3944303797828894 0.04879561416137512 0.1778562544349238 0.37891775162081165
0.14499439443462858 0.3923072633997233 0.42426329430318566 0.038435047862462435
0.333650115015933 0.004237022083504183 0.5955806233019318 0.06653223959863097
0.8805871504889341 0.007575177815128398 0.10835785993161262 0.0034798117643248805
0.0835986116909847 0.7582810965464643 0.12565662808686606 0.032463663675684984
0.00667162744288885 0.36453198295581546 0.4086797892922631 0.22011660030903257
0.21246728650361646 0.24598661551165213 0.39805348719102096 0.14349261079371045
0.056197210275942044 0.7259809113451184 0.20349391066794242 0.014327967710997092
0.2858615214835287 0.3659729195653981 0.31519131150923907 0.03297424744183408
0.7801440261493278 0.07862581481495201 0.12223697665293409 0.018993182382786133
0.0857360347488082 0.7476393604684977 0.01609879315558349 0.15052581162711065
0.07320406111685307 0.11615519208460134 0.23256733563999288 0.5780734111585527
0.06797500951575741 0.08949520371167285 0.49427831517468734 0.3482514715978824
0.2446480081310567 0.2747522927789693 0.1568760622905947 0.3237236367993793
0.10767423956091271 0.6410353074746282 0.0032312555253029007 0.24805919743915616
0.17557386243501794 0.11234259920485457 0.008606945241948383 0.7034765931181791
0.14124576790182963 0.11252409601038527 0.2166235869174079 0.5296065491703772
0.32509150352799665 0.03282513749113647 0.4561805377207879 0.18590282126007895
0.4910803159054672 0.1830649125573066 0.16618289934094932 0.15967187219627688
0.18269034388710492 0.4472605591100346 0.20072998033695322 0.16931911666590727
0.21468179139428545 0.3246298694471531 0.27241374578675537 0.18827459337180608
0.03872856615609821 0.316553598455955 0.4220308488100276 0.2226869865779192
0.30590167156315284 0.01649148976069892 0.41602008590769723 0.261586752768451
0.04113208824053727 0.16371741127357664 0.7895951524341686 0.005555348051717535
0.23004964313185416 0.06362303227072763 0.5370556953659484 0.16927162923146977
0.22231921727781867 0.23140590613192769 0.0845634310305432 0.46171144555971044
0.1749112076182442 0.3479929322202635 0.05517722894566479 0.4219186312158275
0.16798200618974624 0.3302180306642668 0.013967694920260176 0.4878322682257268
0.4491158865643673 0.2777113218089563 0.1287009619057775 0.1444718297208989
0.18863630752917915 0.04310180678379516 0.4098662665753229 0.3583956191117028
0.42725326618379944 0.3828908116595724 0.16591261838351956 0.023943303773108604
