41 10 4 22.69970995616821 45.39941991233643
3.2583126137044616 1.414862386053506 7.091346169995026 1.3912253708027684 2.0478133284987816 6.434791200539318 2.7183759650176524 7.016641455343112 9.25703063983807 4.769020782543726
0.6516625227408923 0.2829724772107012 1.418269233999005 0.27824507416055366 0.4095626656997563 1.2869582401078636 0.5436751930035305 1.4033282910686222 1.8514061279676142 0.9538041565087452
0.1862822673982244 0.14597758264951832 0.14890881876803252 0.5188313311842248
0.6082264595230488 0.09675611205530688 0.040299783340892126 0.25471764508075223
0.23222257380049705 0.14079882103088337 0.0487366427350745 0.5782419624335451
0.08319793139001486 0.016833444104543793 0.22286015450424657 0.6771084700011948
0.5822246482306267 0.20711457074090878 0.2101325107473626 0.0005282702811019169
0.24439765921872303 0.10222447187454642 0.007296243234583222 0.6460816256721473
0.14276900206595344 0.3824001442956101 0.3011123196380652 0.1737185340003713
0.1562870850090965 0.12630782798096007 0.31986203197648244 0.397543055033461
0.8153404822787483 0.0476422546295755 0.07982573867012388 0.05719152442155229
0.027097049937408912 0.2392297600183083 0.21292488638097828 0.5207483036633045
0.06952046781160548 0.21351316736012116 0.03407683531490402 0.6828895295133693
0.3146769339795402 0.08353586190368423 0.3302436915021776 0.27154351261459797
0.39390821324778114 0.047756390830012485 0.1419414356502935 0.4163939602719129
0.12622394470640497 0.5167033477786539 0.09842459229051803 0.2586481152244231
0.21808769381247683 0.06291395742962214 0.5915994091220138 0.12739893963588722
0.2826632065368344 0.17802109809473365 0.2608163370249601 0.27849935834347184
0.28007182787862595 0.5942999078885597 0.026486228731879113 0.09914203550093525
0.27650747910770745 0.38728093019688314 0.028007280777444632 0.30820430991796477
0.681321492682201 0.14842637148310678 0.08175872640179072 0.08849340943290152
0.24094774926551976 0.08047134651472287 0.058792313969151966 0.6197885902506054
