20 20 4 57.10606715853832 114.21213431707663
6.293177209695468 9.079423551184762 9.023776565272373 8.342537295769155 1.3230062705516796 7.225818235829955 4.408128478048673 5.666598509032726 6.9215631900293175 2.744651960946535 3.4508476185992554 7.4674534024104915 8.047032485131094 8.652948757974958 7.977204045949264 1.329978757789772 2.0502436161960564 7.7615262953893085 3.1529639457964853 3.293254125479321
1.2586354419390937 1.8158847102369524 1.8047553130544745 1.668507459153831 0.2646012541103359 1.445163647165991 0.8816256956097346 1.133319701806545 1.3843126380058635 0.548930392189307 0.6901695237198511 1.4934906804820982 1.6094064970262187 1.7305897515949915 1.5954408091898529 0.2659957515579544 0.41004872323921127 1.5523052590778617 0.6305927891592971 0.6586508250958641
0.5616868580111579 0.20856507512724232 0.08737359803136224 0.14237446883023752
0.46103939629243074 0.1702136692711146 0.048158051989705464 0.3205888824467492
0.26879523874435407 0.06041116898929266 0.44223873062491603 0.22855486164143723
0.26362882866005677 0.05495073091974523 0.30827387813654805 0.37314656228364995
0.16162871044378735 0.09634587542139783 0.567848991390825 0.1741764227439898
0.7343005193170531 0.04438738504627704 0.007383539163520636 0.21392855647314923
0.4256364789640509 0.0756213647520464 0.16323135910950604 0.3355107971743967
0.37980555470253063 0.32831054047898334 0.06969243943572889 0.22219146538275714
0.5572288624869921 0.07405280665705383 0.25995586579569263 0.10876246506026144
0.2682906336751031 0.07646099333189238 0.18258597772788943 0.4726623952651151
0.04815737001461995 0.2511145076367408 0.03298006247192664 0.6677480598767126
0.10760726484068206 0.647916333955065 0.15911438220657192 0.08536201899768103
0.035537026671508265 0.8554710283921447 0.03341095656500814 0.07558098837133886
0.3543459622518986 0.4189104250545054 0.05220836395772155 0.17453524873587445
0.37382380916296487 0.021241372390922386 0.020877776453660957 0.5840570419924518
0.662804842833816 0.0596738082786209 0.24019548741202457 0.03732586147553851
0.08463830480062273 0.7221583925670986 0.18980415718568655 0.0033991454465921445
0.23757338754052892 0.5276854503877516 0.15068816010798125 0.08405300196373822
0.44437532809698 0.2496160433120984 0.04074138605903388 0.2652672425318877
0.25781466546308895 0.5873258578861551 0.10025538809467016 0.054604088556085784
0.17878051984997656 0.3136005197645729 0.4573979864997533 0.05022097388569724
0.49794007330730516 0.15284584081602492 0.18871200879037586 0.16050207708629405
0.06732466693901773 0.41365946536062814 0.02965692387550589 0.48935894382484824
0.3105115500462974 0.08433167081213 0.1626065897138551 0.4425501894277175
0.15639171851094724 0.42584940477426836 0.01589269647980418 0.4018661802349802
0.40864343207882226 0.18364358657699065 0.2116835489551957 0.1960294323889914
0.0370838109187992 0.47648452283894405 0.1329989530178658 0.35343271322439096
0.29189220355372114 0.16751726209415818 0.16102113456913025 0.3795693997829904
0.08416360169753323 0.7944189780658582 0.06598790815697664 0.05542951207963198
0.607767079418287 0.05154987616228246 0.0437835764614003 0.29689946795803024
0.1654377455053304 0.00019780940098068633 0.5298650845180161 0.30449936057567284
0.11700177023270109 0.16702323568750743 0.5548694522756514 0.16110554180414005
0.12144376980074678 0.3936484644419703 0.066150395467791 0.4187573702894919
0.38540456172748716 0.03727233261746854 0.005401628112849832 0.5719214775421945
0.37158097618591446 0.05296350017730833 0.4200852377842629 0.15537028585251433
0.13266124581933758 0.05711467979698526 0.0638850472859478 0.7463390270977294
0.009592770783399152 0.34540267960909476 0.3761733253163261 0.26883122429118
0.4619247817133454 0.12552199933634367 0.38505653327118705 0.02749668567912389
0.3842205296299164 0.056855410513248605 0.2855650335664258 0.2733590262904092
0.007775148666466225 0.6287117933132187 0.15718232283034927 0.2063307351899658
