55 50 4 145.84547039207501 291.69094078415003
1.837974580046722 9.744903279908087 5.354739824172815 3.182704313482577 5.780114468265278 3.569898119183189 8.763673393464757 1.3699013811478633 1.9751296055564835 7.904440408858273 1.4628583799549586 7.981448847795405 1.0822504835522104 6.564809021111506 8.368383994646123 9.087271506833652 9.870504235796544 5.470704301930826 4.170870331933543 8.803764950248395 4.57193571151395 6.79291497259029 1.1840798184903227 8.272760886904587 4.866519718172428 6.026918702527848 8.012001611353552 4.623014111965929 9.171954261197897 6.849726498879445 7.545450044356332 8.016049359863077 4.156547029081579 1.1769392826992893 4.227027125765138 3.7290290621393276 9.271557929631543 3.2805723693162876 3.170392941027227 9.189308325521448 7.991338154280666 4.8678928927359655 9.296113219824043 7.369297108480932 1.6459248024942792 3.8987299929886996 8.606076062077978 6.721236542003203 6.538457203033313 8.274829615344267
0.3675949160093444 1.9489806559816174 1.070947964834563 0.6365408626965154 1.1560228936530557 0.7139796238366378 1.7527346786929514 0.27398027622957266 0.3950259211112967 1.5808880817716546 0.2925716759909917 1.596289769559081 0.21645009671044207 1.3129618042223012 1.6736767989292247 1.8174543013667304 1.9741008471593087 1.094140860386165 0.8341740663867085 1.760752990049679 0.91438714230279 1.3585829945180579 0.23681596369806454 1.6545521773809173 0.9733039436344855 1.2053837405055696 1.6024003222707104 0.9246028223931859 1.8343908522395793 1.369945299775889 1.5090900088712664 1.6032098719726153 0.8313094058163157 0.23538785653985786 0.8454054251530276 0.7458058124278655 1.8543115859263086 0.6561144738632575 0.6340785882054454 1.8378616651042896 1.5982676308561332 0.9735785785471931 1.8592226439648087 1.4738594216961864 0.3291849604988558 0.77974599859774 1.7212152124155957 1.3442473084006408 1.3076914406066626 1.6549659230688534
0.20032974767763323 0.18522485465884952 0.2508834867473041 0.36356191091621315
0.20277506130148049 0.4699279677971737 0.15839625663009993 0.16890071427124587
0.07232937282609797 0.11559628535388644 0.18453751566514542 0.6275368261548702
0.037268988528439406 0.6860314718517913 0.1954808509031084 0.08121868871666094
0.39822308321425015 0.4172420214760668 0.01121161275464333 0.1733232825550397
0.06317712391037955 0.21755120648419557 0.2531573267572157 0.4661143428482092
0.22529304783092508 0.36956634382178477 0.17058578194227225 0.2345548264050179
0.2900678995765267 0.028826384275180805 0.1459570979720891 0.5351486181762034
0.182136278225144 0.09976803853810534 0.2090947323308595 0.5090009509058911
0.06818329769779552 0.21879692739780754 0.24056066000849285 0.4724591148959041
0.23588382145652176 0.18078218177537952 0.5353780636009002 0.04795593316719848
0.2916338368695629 0.21276878127250498 0.24903905489050404 0.24655832696742808
0.07646551867205353 0.43374084233713905 0.24119147654688722 0.2486021624439202
0.06024035016238238 0.007790235402086676 0.3058961866282003 0.6260732278073307
0.5028482409893512 0.10719681940663195 0.17940103011875808 0.21055390948525876
0.05563907218321207 0.057923158610566294 0.09485831910582321 0.7915794501003984
0.5459287960617935 0.20031016135040314 0.10434887091357048 0.14941217167423293
0.19504827891702747 0.14549762981707914 0.5624623734085881 0.09699171785730532
0.07158327666761988 0.391250141517282 0.03742032946167284 0.4997462523534253
0.23401465034104352 0.1633833671895365 0.24277750438801582 0.35982447808140416
0.22235586014230335 0.45938934371635465 0.2611664129649597 0.05708838317638232
0.021051955581701032 0.3027598135862142 0.38845977228380135 0.28772845854828344
0.20855094274274355 0.4794852442163313 0.11170277499553116 0.20026103804539397
0.02663335474375106 0.5496746101467181 0.11588087073834252 0.3078111643711883
0.05760399639364833 0.6202328420091304 0.27219188746489487 0.04997127413232638
0.16173139325286623 0.5136281483357978 0.3068606147924249 0.01777984361891105
0.13099218977916072 0.5644838840213882 0.2967195676596014 0.007804358539849732
0.08860645369726416 0.48121449106273595 0.045598374160383925 0.38458068107961596
0.4660082999839087 0.011593647769486903 0.44291246309606147 0.07948558915054293
0.35775721313879594 0.07100482641411299 0.03891259857813811 0.532325361868953
0.4883886546870452 0.15799496394603008 0.02889813572169886 0.3247182456452259
0.26463856441529165 0.26919244469465864 0.39217700765547225 0.07399198323457745
0.4267156120696136 0.2920202777990931 0.19552092910050345 0.08574318103078982
0.3324420670135625 0.15062488069748037 0.19123546044181583 0.3256975918471413
0.727760021790933 0.136058041508628 0.10492827019704765 0.03125366650339134
0.07126539919761876 0.6056392514288191 0.20681990491154856 0.11627544446201354
0.018828467272341554 0.34665905938114905 0.40728312247783416 0.22722935086867524
0.0591060453903024 0.17168300802892333 0.12317981810589518 0.6460311284748791
0.08338881067829951 0.5058395695621981 0.27180172497071964 0.13896989478878274
0.20147174394263334 0.40304967846716777 0.2154083760266028 0.1800702015635961
0.39934113432157026 0.0404183603536995 0.3143751101619279 0.24586539516280237
0.709583705022163 0.1334401725816997 0.13543105070236539 0.021545071693771956
0.4054667566768425 0.07723993284483943 0.3448030567314211 0.17249025374689697
0.16481952107367115 0.32753295739680677 0.02575956131416446 0.4818879602153576
0.2800898826378052 0.03011249924035686 0.5028316358342062 0.18696598228763173
0.09785907915096892 0.20517267926331262 0.4424732861286379 0.25449495545708056
0.24730567608118847 0.021964534792442425 0.2228624540957609 0.5078673350306082
0.7256611317345657 0.02839624509398886 0.23630669122062653 0.00963593195081891
0.07815921381467206 0.35322141051655953 0.23443277780831195 0.33418659786045646
0.14098154714438915 0.11875061444299406 0.7085101624816015 0.031757675931015306
0.26023188088012206 0.007188188408033369 0.07753768999878652 0.655042240713058
0.5392570650035795 0.2318765065473667 0.07723221386624513 0.15163421458280868
0.1932205721087661 0.009961212147219012 0.12052367705450007 0.6762945386895148
0.27414848204267983 0.33944919195234424 0.3204653061113585 0.06593701989361744
0.030439036469284364 0.44758665774266726 0.2390167399878529 0.2829575658001955
0.16709761140497825 0.4160617562269635 0.010984901054207463 0.4058557313138508
0.3537492865140427 0.3923925724586592 0.23299696948992987 0.020861171537368217
0.6251397492551437 0.23524647171309376 0.06314609721754438 0.07646768181421815
0.283914952465565 0.292540560833051 0.17856033667919669 0.24498415002218732
0.49230762357129976 0.056464523350200024 0.37865400760894075 0.07257384546955947
0.4376373838111266 0.1720257062921875 0.37091947215786314 0.019417437738822763
0.040235095465624315 0.2510845509245888 0.4330968459124437 0.2755835076973432
0.37591330011167434 0.34426580873391066 0.14018794230708653 0.13963294884732846
0.2044739633376852 0.4546231639835787 0.04042021364578996 0.30048265903294613
0.05624317847130522 0.4252834487780669 0.5001245578095211 0.01834881494110674
0.24368151708068697 0.15476441873847846 0.17495517660802873 0.42659888757280584
0.0026966501281202593 0.04440023115956204 0.5595093507433275 0.39339376796899017
0.09655152398622713 0.09428184548168872 0.3883090462708153 0.42085758426126885
0.2263620607395752 0.27431101835907246 0.19379016028618035 0.305536760615172
0.0828631164166248 0.4452816743074537 0.3055995796521124 0.16625562962380913
0.4867896078873918 0.3195629652498738 0.10427146547499566 0.08937596138773873
0.21696011777272006 0.04329898984050018 0.7146695227117875 0.02507136967499224
0.04122758572640761 0.16680674816984298 0.04390782028687945 0.74805784581687
0.10019514910470007 0.0758198361796969 0.15088510674283673 0.6730999079727663
0.12935125988426277 0.19461730255610454 0.2983795782122767 0.377651859347356
0.49971987697897835 0.1186018071595547 0.08854176555550652 0.2931365503059604
0.23043792051102563 0.027552228954560443 0.31162517882398355 0.4303846717104304
0.25129364782566177 0.0006308040340742282 0.2833623925645684 0.4647131555756956
0.14813755065800904 0.09350161880782315 0.24818525989173912 0.5101755706424287
0.36130771161396724 0.21218837756720532 0.053383615891112735 0.3731202949277147
0.021687807103570877 0.0484480080414883 0.7174364723086909 0.21242771254624992
0.3781952224305556 0.19186712785702453 0.1569268309659948 0.2730108187464251
0.17711394533995528 0.3915929305646991 0.09008584543900122 0.34120727865634437
0.15629346839862623 0.019782418256765633 0.45053506362373175 0.3733890497208764
0.24690423813395568 0.18955841037918109 0.5193369304247365 0.04420042106212674
0.5144075689498275 0.01680413615283316 0.4190215587591203 0.049766736138219025
0.4471123386415081 0.027033144499661654 0.04866013307975303 0.4771943837790772
0.10257410914357079 0.018551872448840045 0.8134494369222846 0.06542458148530461
0.15316014112002396 0.10654372286289648 0.6519702590520536 0.08832587696502592
0.7859783569846558 0.014842760649801723 0.11431293634030382 0.08486594602523867
0.02391034571299888 0.15369234265775034 0.5908592194487178 0.231538092180533
0.33448569933048533 0.20625024962438276 0.216589091834111 0.2426749592110209
0.029948579514280205 0.2963098112202983 0.5952820095554612 0.0784595997099603
0.25375224649851813 0.05373975130583519 0.4036436621800714 0.28886434001557526
0.3244036236374257 0.01615171111059377 0.6264006975544248 0.03304396769755569
0.05673724054714857 0.6075006022168569 0.15770081560176796 0.1780613416342266
0.5253427427281979 0.04821177870812676 0.022579852137609713 0.4038656264260656
0.009940540570233303 0.05064145869512615 0.5342057380363735 0.40521226269826705
0.5332031029241705 0.3575123559044694 0.07501212330286011 0.034272417868499994
0.4167706743819547 0.2033916946967126 0.25553684606613813 0.12430078485519458
