2 10 4 21.14604579525863 42.29209159051726
4.923954119278034 1.2333360864510219 5.946962300908382 4.917901533564492 4.783310218787401 3.9730133890348673 2.8418377063405824 6.573438697155973 3.6968920630707083 3.4014454759258
0.9847908238556068 0.24666721729020438 1.1893924601816763 0.9835803067128983 0.9566620437574802 0.7946026778069735 0.5683675412681165 1.3146877394311947 0.7393784126141416 0.68028909518516
0.13457994534493356 0.04985992030198172 0.4366939671223796 0.3788661672307051
0.505246090121704 0.34131539523576404 0.00741380728202079 0.1460247073605112
0.12715997170127746 0.09885202890295841 0.20211032699315357 0.5718776724026106
0.2203062070705597 0.24748127751174054 0.17261924063261458 0.3595932747850852
0.16229859850231387 0.34293812151623526 0.28840073442302794 0.20636254555842293
0.5671441276277093 0.32237593631843564 0.07503101614311025 0.035448919910744836
0.436747263026799 0.09885691047085732 0.008603986650445816 0.45579183985189786
0.24717723899735333 0.11916516267766708 0.0399326413729304 0.5937249569520492
0.7649598604516815 0.03529849068090529 0.19359366028868608 0.006147988578727115
0.2930232318194398 0.06360104930331911 0.6265291642344538 0.01684655464278728
0.5135781212657464 0.015563973011292642 0.2561930535396344 0.21466485218332654
0.06528650438687811 0.014358972622182886 0.4145913603728668 0.5057631626180722
0.09653091566061256 0.01041476864937041 0.4897996246686128 0.4032546910214042
0.20174322626496533 0.14808305873833394 0.13324355054845238 0.5169301644482484
0.3868926511185593 0.19311152775924734 0.1207481677293496 0.29924765339284376
0.34161365267110966 0.0859323106250004 0.07246239787410669 0.49999163882978326
0.0820949222750248 0.6944642627220755 0.17718304194776635 0.046257773055133344
0.02720236589484959 0.03994200484210508 0.783706133267547 0.14914949599549832
0.16922544658417793 0.43259167482128946 0.36876319197170615 0.029419686622826458
0.04567896524540005 0.39567595410944667 0.0827119559455175 0.4759331246996358
