27 70 4 211.44654057514825 422.89308115029655
4.831492694670062 8.331253664450973 7.618575611797116 8.812028798917622 4.450426955853581 9.815109689300686 9.038749120436218 2.887436527789379 7.676448826714667 6.968289872167686 8.981213153427433 8.722114409219916 7.74335992369167 8.831302480497293 2.6808025912427174 3.930100452948241 4.356436914590178 8.143417225753089 2.3595424259328044 2.529484291340288 1.7305218365486108 3.7465780750281428 8.049608216369869 2.46615563781052 1.6357716629679377 7.309640556023842 2.6288189119033207 6.390255253408827 4.737372842758557 5.622150241569413 2.98590555651546 7.530157068716164 8.644914534785705 9.360035452122526 7.623460356091416 5.289285166662879 5.436036759336192 6.350682445913682 1.6843326883452203 2.0572922741097446 9.698190994216615 6.249900613897339 1.8317972249001846 1.1226655146790296 8.532370976210961 9.233091094557876 7.34127634633265 4.4830593792475355 7.351245144755263 9.309800408883019 3.593376050933094 7.156178611937872 5.682632497929094 8.89629197723702 9.315003799838621 5.403071408776753 6.36592566487749 3.3784787420594795 9.92539807176746 2.8935816704960304 6.2503307330017694 6.840099560053959 9.198740891721332 2.09492137220711 7.082391967893829 7.792762649566824 9.194818328704221 3.175191369494031 9.780359794789856 3.7335671216004815
0.9662985389340124 1.6662507328901945 1.5237151223594232 1.7624057597835243 0.8900853911707163 1.963021937860137 1.8077498240872436 0.5774873055578758 1.5352897653429334 1.3936579744335371 1.7962426306854866 1.7444228818439833 1.548671984738334 1.7662604960994586 0.5361605182485435 0.7860200905896482 0.8712873829180356 1.6286834451506178 0.47190848518656087 0.5058968582680576 0.34610436730972216 0.7493156150056286 1.6099216432739738 0.493231127562104 0.32715433259358756 1.4619281112047684 0.5257637823806641 1.2780510506817655 0.9474745685517114 1.1244300483138825 0.597181111303092 1.506031413743233 1.7289829069571412 1.8720070904245052 1.5246920712182832 1.0578570333325756 1.0872073518672383 1.2701364891827365 0.33686653766904406 0.4114584548219489 1.9396381988433231 1.2499801227794678 0.3663594449800369 0.22453310293580592 1.7064741952421922 1.8466182189115752 1.46825526926653 0.8966118758495071 1.4702490289510526 1.8619600817766038 0.7186752101866187 1.4312357223875742 1.1365264995858189 1.779258395447404 1.8630007599677243 1.0806142817553506 1.273185132975498 0.675695748411896 1.9850796143534921 0.5787163340992061 1.250066146600354 1.3680199120107919 1.8397481783442664 0.41898427444142194 1.416478393578766 1.558552529913365 1.8389636657408441 0.6350382738988062 1.9560719589579711 0.7467134243200964
0.5610275846761363 0.11209226153252327 0.22748045351021995 0.09939970028112044
0.015087921518884051 0.19523964868394006 0.18519626252927834 0.6044761672678975
0.17126442146678234 0.02284370971349481 0.2655368665128055 0.5403550023069174
0.03541708769813445 0.18587099707355348 0.4998642922753834 0.27884762295292864
0.7096489722082104 0.02976200791038308 0.09095219544010513 0.16963682444130135
0.9037267212089181 0.035513582116467046 0.00350750045376802 0.057252196220846874
0.4009708638307262 0.0026103908890506844 0.1514820239106911 0.444936721369532
0.7070466136636511 0.23570500406755712 0.004343779531866487 0.05290460273692532
0.059746398956140645 0.05131367089477712 0.20313867630400517 0.6858012538450771
0.23079652496098557 0.4004271011667909 0.03746058355405335 0.33131579031817016
0.09649789260292185 0.016736444577588272 0.6147884388209572 0.27197722399853264
0.44775763660558765 0.3929975750643653 0.004394555759185459 0.1548502325708616
0.3569744523974929 0.21710989349783705 0.35675186235181966 0.06916379175285037
0.028698282795897367 0.5623612067323668 0.4060282960490321 0.0029122144227037294
0.6697843150385578 0.025865157419729168 0.11806722014362125 0.18628330739809174
0.5778184951133303 0.12159726412376026 0.05873050802604518 0.24185373273686428
0.03515779060951896 0.7517924504408718 0.16833842729567805 0.04471133165393115
0.07537514715469074 0.45379008764356343 0.014326277512767605 0.4565084876889782
0.460989199529272 0.20530651851055082 0.27788539442153337 0.055818887538643835
0.20059085604706395 0.4554287548479009 0.27966133699652274 0.06431905210851241
0.49347961654612027 0.44027753479185316 0.028731200765548914 0.03751164789647765
0.12604244511704188 0.26854643034256853 0.07895466221445824 0.5264564623259314
0.42197876809509394 0.3212672927092264 0.24131219672417858 0.015441742471501096
0.1369960228560375 0.6223850265373511 0.13661686206287282 0.1040020885437386
0.1791305081362896 0.22901257001654707 0.044082613472194554 0.5477743083749688
0.1809813678317418 0.7124982085217585 0.020859786912582612 0.0856606367339171
0.8148040979816457 0.11945691112245804 0.05954820174163167 0.006190789154264631
0.2780354131934121 0.27799001629891607 0.3129133822064203 0.13106118830125157
0.04029604852209678 0.0587429196746968 0.397035456542685 0.5039255752605214
0.4163531436153779 0.00898520327689678 0.5699076158822235 0.004754037225501828
0.19293218484158436 0.21700090791926385 0.13613597863730353 0.45393092860184825
0.049530230252839536 0.056946222060731744 0.21739053658886964 0.6761330110975591
0.05772085927177162 0.5621266364714524 0.1598949192010749 0.22025758505570103
0.4594136104183023 0.033185237539803736 0.4345559571155806 0.07284519492631336
0.21855892906659413 0.3240642611230141 0.30264886592274953 0.15472794388764222
0.5355848588778176 0.13763099177694993 0.29775559953163866 0.029028549813593818
0.36049560009413284 0.09692919139204148 0.41852503743479563 0.12405017107903005
0.29045313227273595 0.35532300122744065 0.07684135750903809 0.2773825089907853
0.3150462938698514 0.24748476962882993 0.17230416736716125 0.26516476913415743
0.0009804597363209933 0.19018319787192994 0.8035037850232642 0.005332557368484814
0.016787198530474612 0.15283771677990243 0.5045180257284153 0.32585705896120765
0.11295818990425699 0.4878224287280404 0.1071560711791878 0.29206331018851484
0.006121630744260309 0.18788176603115003 0.6183935753507794 0.18760302787381022
0.545878933454411 0.0808055946874251 0.08450260113740238 0.28881287072076156
0.6489692413998539 0.18026158115521207 0.07405093746517244 0.09671823997976159
0.08347341234565309 0.346153529301668 0.18481661537562333 0.3855564429770556
0.25363705790607916 0.21311231961088162 0.25857289445931375 0.2746777280237255
0.43193459245353083 0.2516536950825161 0.24703061422927308 0.06938109823467997
0.1778070812559558 0.003711191405609049 0.00041978041572021674 0.8180619469227149
0.2116327387203829 0.1515580065961628 0.08538165341952086 0.5514276012639334
0.4427975886841421 0.2449732048708152 0.2423527474564542 0.06987645898858852
0.08628926983776153 0.056846205693005025 0.61393781140194 0.2429267130672934
0.03745906759541662 0.2965806539131848 0.4874622590984532 0.1784980193929454
0.3774674710632361 0.36479273593129535 0.008475286691764672 0.2492645063137039
0.40649600561656196 0.050509317785716434 0.19432093556849284 0.34867374102922877
0.31090452629626997 0.5484810011247582 0.013687555386419525 0.12692691719255234
0.18622708713949732 0.1443838240012878 0.2583629521231503 0.4110261367360646
0.12699717504777286 0.4123893665074331 0.09387627750964711 0.36673718093514696
0.3579009061557795 0.35014460139045367 0.08993971794992128 0.20201477450384553
0.07065042988891546 0.3896423806171023 0.14829708750008463 0.3914101019938976
0.38770820784826654 0.3041967158163974 0.06142979220603917 0.2466652841292969
0.0004332688382210348 0.11993539059836467 0.11146977740417385 0.7681615631592404
0.11394280125044554 0.21746773246195505 0.15718249832680797 0.5114069679607914
0.08173991289255444 0.07698281312543154 0.007945774069797573 0.8333314999122164
0.024279349322802624 0.1437316599166134 0.6703882282495729 0.16160076251101108
0.04091844476800155 0.651229438362118 0.18803274729713004 0.11981936957275041
0.005028138636961055 0.125213531339591 0.2727895091984457 0.5969688208250022
0.43620258779829535 0.14611201354227654 0.04254272042283325 0.37514267823659486
0.179867523255268 0.003048846810214112 0.043597974424116726 0.7734856555104012
0.26461612799871714 0.0566539062136594 0.19059995649579187 0.4881300092918316
0.10466007199390026 0.36295837801581066 0.4019244071721175 0.13045714281817156
0.2095178826973032 0.18369607345881234 0.5874890575882796 0.01929698625560483
0.1925857832764143 0.26794723374997054 0.3890975594697156 0.1503694235038996
0.5143700168027616 0.43713791710981875 0.03129710024599586 0.01719496584142377
0.18319228819522537 0.32754009539708007 0.21696074313109381 0.27230687327660075
0.3918676582027327 0.0853048335049228 0.2864858384254163 0.23634166986692817
0.07195334754183935 0.13817411368624988 0.3481461023370256 0.4417264364348852
0.3116763122648373 0.3100608349820515 0.10068517403379751 0.2775776787193137
0.1824852963657133 0.14957898354688715 0.39564813996229253 0.272287580125107
0.03482098205022799 0.18936314411548738 0.3991407342233966 0.37667513961088805
0.11199090772310505 0.04207354013653508 0.6798363197418459 0.16609923239851399
0.15609123866945562 0.7174130702400858 0.06138482940978196 0.06511086168067659
0.17642631942207654 0.3546863865479194 0.3774135750760296 0.09147371895397449
0.09431945517848339 0.13556027669384452 0.7407760377694802 0.029344230358191892
0.21851275214530497 0.049200763263334 0.48319297870813394 0.2490935058832271
0.4049516458945601 0.11558500068546596 0.4329939134595784 0.04646943996039554
0.5288188708963109 0.12103511646564113 0.22777663960820738 0.12236937302984063
0.12199785075308123 0.037442449596691296 0.3751547470885138 0.46540495256171366
0.2739501975099675 0.32111327134725653 0.23499486630859778 0.16994166483417816
0.011781954018039276 0.03301284057980736 0.5941483848633746 0.36105682053877874
0.7545601133853822 0.03987461453041763 0.06663240159733663 0.13893287048686354
0.06936129737930274 0.0695144936619202 0.8264448677040679 0.03467934125470917
0.3705101912939688 0.045927064947525076 0.5137267886857925 0.06983595507271367
0.04832574604511497 0.2430216314716548 0.24280663942932867 0.46584598305390157
0.0833195650126739 0.43086346714413404 0.39239380462673135 0.09342316321646071
0.16991180600377054 0.12392253407453035 0.3210707864858109 0.3850948734358882
0.02379481017078322 0.41285849004956854 0.27865674430629894 0.2846899554733493
0.5143463801321635 0.28014259151185406 0.06791247616391671 0.13759855219206574
0.47114237410141213 0.28068612934964676 0.12007170944609014 0.12809978710285097
0.20355087760088675 0.10777419767439533 0.5995781273600127 0.08909679736470522
0.23350669659241385 0.4678485965776681 0.023451935519726463 0.2751927713101916
0.11596149886818852 0.1540867296109566 0.5551832265411262 0.1747685449797287
0.01227390724578703 0.3531376170839665 0.2793173122188597 0.35527116345138676
0.2374185692290719 0.18513474410702202 0.11606076304408464 0.46138592361982145
0.22149471675674648 0.18993457707187877 0.2379165374260872 0.35065416874528754
0.28450967126274296 0.05378328845133973 0.6080720391102992 0.05363500117561815
0.4867095376408104 0.3808979948313741 0.039636859666729696 0.09275560786108583
0.20389948480224052 0.2786171309885682 0.32439691722283803 0.19308646698635323
0.15585096105038432 0.060789017409630275 0.6101610541771175 0.17319896736286788
0.41687143972298757 0.1524844442308676 0.08130743015866881 0.349336685887476
0.12453158397846475 0.027954147288661635 0.367692060994498 0.4798222077383756
0.0314632528133616 0.9276326961216212 0.019626945319992428 0.021277105745024727
0.03267059229340019 0.06869734911093739 0.35954723124369825 0.5390848273519642
0.8495397825290767 0.046961260941927985 0.00933899776029612 0.0941599587686992
0.876677310185723 0.005916023992821984 0.07464752853649237 0.04275913728496261
0.07103901204971219 0.08554563341090193 0.7681179344783347 0.07529742006105122
0.03756162437706878 0.34034059430980823 0.28103296398617317 0.3410648173269498
0.5025689631285625 0.06656920407507316 0.137325174395309 0.29353665840105536
0.4808940863771335 0.10128132146221458 0.2831002778707308 0.13472431428992115
0.41633066339049374 0.2903717411474016 0.2355900324397543 0.05770756302235036
0.3638844153697546 0.1567458705749919 0.22721072585983038 0.25215898819542315
0.06558435095084514 0.2509546592491211 0.129255246683602 0.5542057431164318
0.4428776796371552 0.08912722266525686 0.12112078908450863 0.34687430861307933
0.14455037111070135 0.05929963271956684 0.03210370421870712 0.7640462919510247
0.4014346220856172 0.006654366243332266 0.5288596077852825 0.06305140388576802
0.0191448994396336 0.5804749080691362 0.21257447710067845 0.1878057153905518
0.05913411797323498 0.1991849085190529 0.36907133029449135 0.37260964321322076
0.36213149044175486 0.33241827793739054 0.18058187645271773 0.12486835516813688
0.14595267194670603 0.24951043044890164 0.26804314893500625 0.3364937486693861
0.34720256396963545 0.09016799918816976 0.36509601703228234 0.19753341980991246
0.029911756966624847 0.059043828207977156 0.43905655972145796 0.47198785510394003
0.30303466605011853 0.05301677152776152 0.4931967351664327 0.15075182725568725
0.3842170012533769 0.3313718174837824 0.15465960061527295 0.12975158064756775
0.0715861309327076 0.7650207956438662 0.11253937238057965 0.05085370104284659
0.0415209462014432 0.32034647033123576 0.6065931543013163 0.03153942916600472
0.08369906487646495 0.527144655472742 0.3619291133311955 0.02722716631959754
0.18403958328375325 0.06826895691570423 0.4632348197789995 0.28445664002154303
0.2821996119342852 0.09704846946202483 0.03898125408881414 0.5817706645148758
0.06718497909869836 0.5221244499541646 0.08545070003562694 0.3252398709115101
0.21992932093353557 0.47349058968685775 0.052568985403070534 0.25401110397653615
