48 100 4 257.11506655497857 514.2301331099573
1.1574124383803737 9.024159404622326 3.563750507265265 3.690787397130621 8.128308345898864 3.9202353773040595 8.782393480212324 5.027613689924867 5.934069157150848 4.214547953469905 2.0108082285343882 2.277074393634674 5.004631690409664 7.587822026682207 5.140911053766444 6.3346996807783515 4.030424716861731 5.089850387454608 2.6841499554747226 4.679516919490395 2.1889183595132446 1.3339928348635477 1.7378904767599994 2.9209595597230718 5.907063373432729 6.895597135361253 6.299091242309179 6.1748522843590825 4.012167859171249 4.42515194827247 4.614766227345562 7.113923489249577 2.315587785251987 8.099057964683222 1.3368435006191 6.522673487377751 2.368610428962131 7.946893451337486 3.368071359309197 7.94772306818334 3.587071135907183 6.865114366022506 9.555299547427808 9.266269082196697 2.4830504220639993 4.040143394914258 1.8106026928874797 7.235544989124054 7.119232227441388 9.18249102779788 3.7546836997383926 2.638967552416248 1.3130002842440875 4.331791456252025 9.66562642373528 6.213208061353055 9.006043146346201 5.659298455051001 7.552908292531984 4.445099743754062 9.92579815421155 4.533721586203771 2.283989006721614 9.163183785313628 1.5469717052365253 1.8247864975698387 5.200938880658838 1.0071757365123521 7.204670485811577 4.4268947133609355 7.412815394732637 6.460861360240925 9.337844115705654 1.7191251057886827 6.548551616635984 6.394241650891007 4.176453826981864 4.0393109053416145 1.1397857896769943 8.478823425452106 7.699307660869048 4.151534198174232 5.362120060418452 6.165388709411854 3.505287302435339 3.5180911087523596 9.85745998080813 5.020106101424283 1.6000006475237465 4.2498577728908025 1.3586112379112008 1.2184963957158994 8.191848723920284 8.258500953442745 3.4186950252518846 3.1737337399586476 3.325542309742056 9.893768062091496 7.43151580453575 6.465874929893515
0.23148248767607474 1.8048318809244652 0.7127501014530531 0.7381574794261242 1.6256616691797727 0.7840470754608119 1.7564786960424648 1.0055227379849734 1.1868138314301695 0.8429095906939811 0.4021616457068776 0.4554148787269348 1.0009263380819329 1.5175644053364414 1.0281822107532888 1.2669399361556704 0.8060849433723462 1.0179700774909217 0.5368299910949446 0.935903383898079 0.43778367190264894 0.26679856697270954 0.3475780953519999 0.5841919119446144 1.1814126746865459 1.3791194270722507 1.2598182484618357 1.2349704568718165 0.8024335718342497 0.885030389654494 0.9229532454691125 1.4227846978499152 0.46311755705039737 1.6198115929366446 0.26736870012381997 1.30453469747555 0.4737220857924262 1.5893786902674971 0.6736142718618394 1.589544613636668 0.7174142271814367 1.3730228732045011 1.9110599094855616 1.8532538164393393 0.49661008441279986 0.8080286789828517 0.36212053857749593 1.4471089978248108 1.4238464454882775 1.836498205559576 0.7509367399476785 0.5277935104832496 0.2626000568488175 0.8663582912504051 1.933125284747056 1.242641612270611 1.8012086292692402 1.1318596910102001 1.5105816585063967 0.8890199487508124 1.98515963084231 0.9067443172407541 0.4567978013443228 1.8326367570627256 0.30939434104730507 0.3649572995139677 1.0401877761317677 0.20143514730247042 1.4409340971623155 0.8853789426721871 1.4825630789465274 1.292172272048185 1.8675688231411307 0.34382502115773655 1.3097103233271967 1.2788483301782014 0.8352907653963728 0.8078621810683229 0.22795715793539886 1.695764685090421 1.5398615321738096 0.8303068396348465 1.0724240120836903 1.2330777418823708 0.7010574604870679 0.703618221750472 1.971491996161626 1.0040212202848566 0.3200001295047493 0.8499715545781605 0.2717222475822402 0.24369927914317988 1.6383697447840568 1.651700190688549 0.6837390050503769 0.6347467479917295 0.6651084619484112 1.9787536124182992 1.48630316090715 1.2931749859787032
0.1947675784971732 0.2565573458078957 0.47870571388231387 0.06996936181261726
0.028767325522239817 0.40832733948342104 0.38707204787235316 0.17583328712198598
0.185338655789145 0.093976225859973 0.13509955924884975 0.5855855591020322
0.15587814262589017 0.4037118102211529 0.16451894499859632 0.27589110215436063
0.3595013649770292 0.5721041247925645 0.03862668509427092 0.029767825136135406
0.10775789740363695 0.3001826298638567 0.5052497743603802 0.08680969837212615
0.46781611809916657 0.1776391409462761 0.16097716258952854 0.1935675783650288
0.33626769893982944 0.28227403834057085 0.11148897921349654 0.26996928350610316
0.3840704205349681 0.15528386963520702 0.10155925645692399 0.3590864533729009
0.3724920263235939 0.2344981911239551 0.03883074315099955 0.35417903940145146
0.2274290870826432 0.15548628275354937 0.5720512548388521 0.04503337532495533
0.41441409176372845 0.5578327651444205 0.0010906468642845057 0.026662496227566557
0.6214500618686376 0.03343299292912938 0.24049006944975637 0.10462687575247664
0.4143984316289896 0.3138426786329984 0.08933376993871911 0.18242511979929288
0.33641143186840883 0.10798963298665187 0.05257548565912129 0.503023449485818
0.08783925902192724 0.7067142648040606 0.17368257752966754 0.03176389864434459
0.002284185279189832 0.10943232821287285 0.8213814219767825 0.06690206453115477
0.29377928622405647 0.3421765688150862 0.10663095451440341 0.25741319044645394
0.49864924959453194 0.18118989488749404 0.11569156255376067 0.20446929296421334
0.10543877746756292 0.33738101326024483 0.4836722732842669 0.07350793598792538
0.08966191934454237 0.6551458829489938 0.15605299038564258 0.09913920732082127
0.41338114003183535 0.37582540778091333 0.09516604416285657 0.11562740802439475
0.0770330145756829 0.08144771523405336 0.6886876783711761 0.15283159181908768
0.19712224566218872 0.2608949096569484 0.5315545739941397 0.01042827068672314
0.41186193311272723 0.3750182038016383 0.16361317233826433 0.04950669074737013
0.5245548138865789 0.33073592599065427 0.04641439959901017 0.09829486052375669
0.190561563524138 0.09631641370820321 0.33760319534006555 0.37551882742759324
0.041274500658022295 0.27763835833901407 0.18727944942926855 0.4938076915736951
0.2715974603321537 0.2330773491823772 0.11900012527700332 0.37632506520846576
0.06366370807698418 0.2940691117298436 0.41158775644098256 0.23067942375218964
0.0892071198676061 0.11841997002410587 0.3793903306590798 0.41298257944920824
0.282317548437342 0.1634589571700792 0.25735707015960985 0.29686642423296894
0.32468302873188126 0.11447196996658193 0.2094403288438852 0.3514046724576516
0.00824020038648865 0.09284097610607778 0.13888882248650758 0.760030001020926
0.4996209631329379 0.16755468582733923 0.29255265906732053 0.040271691972402324
0.2205400757350341 0.6477457771977283 0.05608617839520391 0.0756279686720337
0.5090305566082738 0.058628975035923236 0.240679628890912 0.191660839464891
0.4987311400372253 0.10767714379505477 0.17912498059373072 0.2144667355739892
0.3761733552758525 0.3406734700666698 0.14752969701397867 0.13562347764349902
0.538943661906289 0.015797751916452052 0.14739517704617566 0.29786340913108333
0.23331445975540166 0.584002207465056 0.10613463678442125 0.07654869599512104
0.17561390856577697 0.22989933022259246 0.2730556224766918 0.3214311387349388
0.2926902388205761 0.5581078011946927 0.11435866788988958 0.034843292094841605
0.28294876099118094 0.3035423794027934 0.1507554166050007 0.262753443001025
0.6588953624220839 0.0050229890748685335 0.308623973926461 0.027457674576586544
0.35758649890055194 0.26667762645555815 0.16739329959705596 0.20834257504683396
0.1115490271084707 0.03673144187988797 0.2466880272327211 0.6050315037789202
0.3721654934919193 0.21305672832624156 0.1818396356348405 0.23293814254699863
0.19480763362267195 0.7151644617213008 0.0006435613973189147 0.08938434325870837
0.015922830409413113 0.01718979487345218 0.9574806095662511 0.009406765150883567
0.39695180001404307 0.23804688212110992 0.010817820114854326 0.3541834977499927
0.10243036267568639 0.16950591379285418 0.2210672666507646 0.5069964568806948
0.030160718637201933 0.5633765593227518 0.21343119099274777 0.19303153104729853
0.4360255682675891 0.36626627144081825 0.17233593865499564 0.025372221636597025
0.01137225601622427 0.04441811537900131 0.2343833752720288 0.7098262533327456
0.6136016621026055 0.2897493836950592 0.07197184087997943 0.024677113322355892
0.0024486022869747437 0.15648485864549233 0.46552646037939716 0.37554007868813577
0.4067105686266417 0.252315609136315 0.20441097082709436 0.13656285140994895
0.13542715718710607 0.4538573564732957 0.12367785588678326 0.28703763045281494
0.09114904635460952 0.3542450625596334 0.1344014324962599 0.4202044585894972
0.2695576791276204 0.11875054665380769 0.2932983533267701 0.3183934208918018
0.23445479235085787 0.20190450986968866 0.1870291746356001 0.3766115231438534
0.2971356447345739 0.38065601002357896 0.0865085608765992 0.23569978436524797
0.7623344485606521 0.08774137480682964 0.014795652859147634 0.1351285237733706
0.3214906209325361 0.001528457754327972 0.1019707164202257 0.5750102048929102
0.6065984839231601 0.19406761713646647 0.19818182172785437 0.001152077212519087
0.057312980633086985 0.03806917605936011 0.4791342471285275 0.4254835961790254
0.34964752034163693 0.37414416453177746 0.005609770063023878 0.27059854506356174
0.3959940572605629 0.2538579344381733 0.3093481405703329 0.04079986773093092
0.0675255738950914 0.21424570773994622 0.5765705339161934 0.141658184448769
0.3674488280335171 0.14724832198029936 0.18100824397581095 0.3042946060103726
0.10954329695010956 0.5899946597032095 0.0654564584788404 0.2350055848678405
0.11391163269619886 0.0018014526005494247 0.7046629534922494 0.17962396121100233
0.33106228333540977 0.28894465389988244 0.23855687087053834 0.14143619189416945
0.09044162281441548 0.3866610166929133 0.44403261141629013 0.07886474907638108
0.10444197096771635 0.006056241456934508 0.4338500130053533 0.45565177456999584
0.3451819043904727 0.026564400425001522 0.46323687962261373 0.16501681556191206
0.0726120621019839 0.27661496087910487 0.2938418984911685 0.35693107852774275
0.3651343103822583 0.1548470430131914 0.38616731152551975 0.09385133507903054
0.10233409934013749 0.5263561487443069 0.07819410132944371 0.2931156505861119
0.0883798786724268 0.5455220230673592 0.18810826772403244 0.17798983053618156
0.01967469837760394 0.006924289575865328 0.9595962893094284 0.013804722737102315
0.050795983375258036 0.30356730576641056 0.24776692038790826 0.39786979047042315
0.38129410098937333 0.35288675397819036 0.052487982215041806 0.2133311628173945
0.43023691430680333 0.19556788122739488 0.1659584901704897 0.2082367142953121
0.10064822201807155 0.13013881473503575 0.3842575242303192 0.3849554390165735
0.02613605740991154 0.11066832346052302 0.3651760650060455 0.49801955412351995
0.21392553432631745 0.03538113931434206 0.6713023595567562 0.07939096680258428
0.09768830441685994 0.3393352489053859 0.19054770395803866 0.3724287427197155
0.08320452314204041 0.15981972558281277 0.1682229661013772 0.5887527851737696
0.4336884025040286 0.021232227390229008 0.1627403211755991 0.38233904893014325
0.1959430990095028 0.26518448155413576 0.1291009758657763 0.40977144357058515
0.2443938474659083 0.43199862407831346 0.286654218742578 0.03695330971320021
0.14072911982741776 0.057488818520598395 0.6330145954076724 0.1687674662443115
0.6498333835514412 0.11805847489665333 0.2071451422401217 0.024962999311783807
0.27467198131966586 0.4280159807884676 0.21438437743356453 0.08292766045830202
0.013403092206681122 0.4486796837464022 0.382458247847864 0.1554589761990527
0.035857202703774904 0.6295762711593659 0.27694116457966234 0.057625361557196886
0.5157421773012189 0.029371618186234794 0.25609751457523355 0.1987886899373128
0.11969875772785432 0.6344079267961186 0.029899988596283733 0.21599332687974337
0.11479585648509816 0.2785785657593648 0.355656887365428 0.25096869039010905
0.24033877033048523 0.014439623596891438 0.024243295841725354 0.720978310230898
0.05549228289894903 0.07092124507874242 0.7904794773382939 0.08310699468401461
0.3406667872106023 0.5943952501512682 0.05942075718965456 0.005517205448475004
0.42218717214460855 0.13721628373697992 0.3400219552028797 0.10057458891553184
0.3205935830740604 0.0079930089575031 0.506202706639627 0.16521070132880955
0.34947569076220786 0.2950182758075386 0.21056715308659757 0.14493888034365598
0.03671572664813327 0.2473554122809779 0.6475557359521623 0.06837312511872651
0.6830312846768564 0.003969845248952941 0.019494149433219476 0.2935047206409712
0.5506805596166198 0.35749352633816545 0.055172560961281425 0.03665335308393336
0.2375625796209596 0.12547893340075267 0.26992327200574007 0.36703521497254765
0.04841733111474089 0.4236681255503202 0.506763185039957 0.021151358294981937
0.10202687035475166 0.042879465919568927 0.34457689870053954 0.5105167650251399
0.12550310666808373 0.10665812481655623 0.45624736946541145 0.3115913990499486
0.3860268456910725 0.48693863898275547 0.105508350447867 0.021526164878305054
0.07932121218190968 0.44688778131032025 0.40315719617643253 0.07063381033133753
0.49661342735748104 0.03956850271554091 0.1149100275650149 0.34890804236196316
0.37785259996198906 0.1198071511374611 0.4657571956268559 0.03658305327369393
0.32526055035497914 0.013732210855482263 0.16061584433159548 0.5003913944579431
0.32679942650851646 0.036100109934299796 0.15033134744958332 0.48676911610760043
0.012065928181838825 0.3720030130426085 0.1045850983733777 0.511345960402175
0.03685702080561026 0.07115975407999098 0.812283752595697 0.0796994725187018
0.3472247800455994 0.027141332445612676 0.5388354063641695 0.08679848114461841
0.2513037664674528 0.09663332835980376 0.5275104079047473 0.12455249726799611
0.004331761134991674 0.35210861121673664 0.13759228164090664 0.505967346007365
0.2508339197055759 0.34541805492022326 0.14978374730440602 0.2539642780697948
0.4995270139519864 0.16953517221950432 0.22885908386430365 0.10207872996420564
0.061113263933407325 0.3175204348685624 0.12530520602534545 0.4960610951726848
0.032873048845245 0.43649571290974554 0.4989865733430503 0.03164466490195916
0.18763922767357932 0.3175167682317722 0.04519247067908683 0.44965153341556163
0.03669265565421642 0.34794122369030633 0.4148903865314886 0.20047573412398867
0.033960698875975304 0.40714043157877144 0.4915886835641996 0.06731018598105365
0.23611688074581172 0.2838432200233879 0.02722126781682077 0.4528186314139796
0.37704960621893746 0.3892614248320009 0.2105624969829154 0.023126471966146256
0.08207096273822923 0.09491230517222571 0.18084158060744626 0.6421751514820988
0.3880618441268613 0.3965579077895913 0.17334154899970988 0.042038699083837505
0.4149754954613202 0.08514157952392087 0.1045196437125463 0.39536328130221265
0.012040393975534025 0.29483719714446555 0.3467717465316875 0.3463506623483129
0.4718728441825867 0.09422810537967474 0.2855134864747776 0.148385563962961
0.2817857174456726 0.23260354277724138 0.2672541409564274 0.2183565988206586
0.6240087244534236 0.022680144716676787 0.07478137291726594 0.2785297579126337
0.15277840523322794 0.030445983713804692 0.6568783035068302 0.15989730754613718
0.059203088633445033 0.21653271752858239 0.6220312995757663 0.10223289426220628
0.27968048650608757 0.47360009165051986 0.23489328937821652 0.011826132465176054
0.3674917381791841 0.14310671615981774 0.35297699286313033 0.1364245527978678
0.6393242584508974 0.16933931584157536 0.08872840946542637 0.10260801624210092
0.08493236107354829 0.3953114798636147 0.209358552986311 0.310397606076526
0.15282639439112478 0.003079889786527734 0.14986270625035958 0.6942310095719879
0.04871799704517532 0.1770085272938703 0.17338195866942174 0.6008915169915326
0.23181806858385712 0.15108046501380823 0.04804223101171623 0.5690592353906184
0.20221042570352588 0.5659467159174607 0.11832311218591995 0.11351974619309346
0.2694844219400163 0.2738129717570996 0.2200914332141526 0.23661117308873147
0.26553936625095587 0.3517872158196337 0.19719978667424287 0.18547363125516758
0.19921189620705115 0.08341270634044273 0.5879482241172941 0.12942717333521203
0.34884009646517566 0.39702993423758637 0.1937861359817009 0.060343833315537054
0.2834443363504935 0.07484692061011533 0.4881484997350095 0.15356024330438167
0.16839622349718886 0.37127081667701933 0.3701520220797473 0.09018093774604452
0.15582169106645616 0.07722254624505254 0.4241248269513658 0.34283093573712553
0.3734853991062286 0.5003513775258928 0.0010760823936157848 0.12508714097426288
0.30774934082131833 0.29135418259852963 0.005328415616957738 0.3955680609631943
0.04217386547695989 0.32747371039705453 0.10927813225295357 0.521074291873032
0.09904771988580818 0.06790588601984127 0.33574341953901155 0.497302974555339
0.46413604548691767 0.22103907145251633 0.17917461779675137 0.13565026526381463
0.06455182253997271 0.05096264423758401 0.23517315681114737 0.6493123764112959
0.030811901078877324 0.11218463385630462 0.35083005404612655 0.5061734110186915
0.5618314349800172 0.25953155456159427 0.139244231027282 0.03939277943110653
0.039874832173743546 0.6759352299127523 0.16464242532364726 0.11954751258985685
0.11840751837511021 0.02054075653133891 0.7873469260598943 0.07370479903365657
0.13142381405984738 0.23335477323157117 0.36630196281482397 0.2689194498937575
0.25618855840337007 0.08063507735955988 0.10496506491941526 0.5582112993176548
0.17744954616386988 0.26811616797916293 0.28718358513252906 0.26725070072443813
0.1825864475181359 0.6077953098384544 0.15181885150676444 0.05779939113664523
0.08614572498680073 0.13709519056984742 0.22052189937749778 0.5562371850658541
0.21664981090937108 0.18952938678018894 0.15458112719789718 0.4392396751125428
0.5781678998471939 0.12412432353423108 0.18016540246708468 0.11754237415149038
0.5969020634428248 0.06672785402530201 0.20949432055909667 0.1268757619727765
0.009069681165942423 0.3078650173444031 0.6749853568616416 0.00807994462801287
0.046405166534215 0.3234569097901516 0.5280485725972875 0.10208935107834582
0.2142571254964163 0.5101471992982528 0.2406038865549056 0.03499178865042529
0.3988770128150415 0.2271818247497901 0.35959776492574025 0.014343397509428146
0.7095997989364132 0.04070975378833208 0.18507346741437591 0.06461697986087878
0.10339285470363913 0.007906458898041757 0.5722861221377761 0.31641456426054304
0.09129326720100261 0.4202613351407751 0.4526189712957467 0.03582642636247557
0.1692540790779924 0.07110626075534832 0.36324678278376077 0.3963928773828985
0.22272070692212165 0.44214352003514 0.13418388048287433 0.200951892559864
0.43996228880154653 0.21567055777155775 0.25499420347043267 0.08937294995646305
0.010881758109271722 0.11144929190224973 0.13735185885016532 0.7403170911383132
0.1499703482667799 0.20046992894847093 0.196117966639477 0.45344175614527216
0.19070652484547956 0.6306206218874522 0.03539812558955102 0.14327472767751726
0.01213589569626261 0.03715028881370441 0.21630163792620494 0.734412177563828
0.5801619239936271 0.18725036965809272 0.11180792536081419 0.120779780987466
0.0735659680340176 0.3566727243741279 0.48898620454026676 0.08077510305158775
0.07765062301450698 0.3462185734758456 0.0580577418840269 0.5180730616256205
0.10622280195338085 0.44192101629734815 0.3593779935725727 0.09247818817669828
0.08953188184933925 0.1307399505102168 0.29499558074435184 0.4847325868960921
0.36364286538488466 0.3270145030626673 0.09923083047800652 0.2101118010744415
0.1528662171678178 0.1377884582060398 0.3944998718058552 0.3148454528202872
0.2762028790634916 0.5122508930026829 0.09207684913193948 0.11946937880188602
0.07922063078174502 0.572532820504616 0.1403165335244837 0.20793001518915533
0.4610880446614478 0.2602341170677267 0.0754679819427192 0.2032098563281063
