16 60 4 151.3906745257366 302.7813490514733
3.0096197123818498 5.708470072606085 5.95631310923063 1.4104175511952568 4.2465595181299545 3.007728475221599 7.198535456392208 2.473582825008093 1.6329238012495029 9.469097742212524 6.073132422113428 1.7019310545098836 7.503764600123558 2.426069561708498 3.2525317606962103 3.6413853049197775 7.269496427877354 5.178376792361366 2.9355592934290557 5.021436358716918 2.0879087638506117 9.259183069702525 6.09801695847276 5.248173841677345 3.831097821824904 1.3889415676296353 7.772004252639758 5.889421394841862 7.904713831432305 8.114038895942082 1.6499924143716713 6.937442509670628 1.4796940450982234 7.165220074504306 4.990158658119384 5.21196532641965 6.9495340128846355 7.209699687339507 3.3699653600100743 1.1033104038415735 7.9416500196228865 8.345280936599645 2.2567744337346625 6.20206071017357 4.066068448397794 3.0899393872215986 2.787793782265942 3.443416959598126 9.791674876096238 2.9388608045322537 4.2076667535588665 1.1655995196755464 6.551112426355127 3.07364849002976 7.681165624592646 6.258251875553978 4.780931991307813 7.383275489753759 9.748409733130325 8.290352058915504
0.6019239424763699 1.1416940145212169 1.191262621846126 0.28208351023905137 0.8493119036259908 0.6015456950443199 1.4397070912784415 0.4947165650016186 0.3265847602499006 1.8938195484425049 1.2146264844226855 0.34038621090197674 1.5007529200247116 0.4852139123416996 0.650506352139242 0.7282770609839555 1.4538992855754709 1.035675358472273 0.5871118586858112 1.0042872717433835 0.4175817527701223 1.851836613940505 1.2196033916945521 1.049634768335469 0.7662195643649807 0.27778831352592703 1.5544008505279516 1.1778842789683723 1.580942766286461 1.6228077791884163 0.32999848287433425 1.3874885019341257 0.2959388090196447 1.4330440149008612 0.9980317316238768 1.04239306528393 1.389906802576927 1.4419399374679014 0.6739930720020149 0.2206620807683147 1.5883300039245773 1.669056187319929 0.45135488674693247 1.240412142034714 0.8132136896795588 0.6179878774443197 0.5575587564531884 0.6886833919196251 1.9583349752192476 0.5877721609064508 0.8415333507117733 0.23311990393510928 1.3102224852710254 0.614729698005952 1.5362331249185293 1.2516503751107957 0.9561863982615627 1.4766550979507518 1.949681946626065 1.6580704117831009
0.04775810110489587 0.38289707855679045 0.24501126961970832 0.32433355071860537
0.11284552220179378 0.4541419296705864 0.11561589829288266 0.31739664983473714
0.10057401461121851 0.23861138850660124 0.38213382585493383 0.2786807710272464
0.4555648553522168 0.12735060911428697 0.28744537730918496 0.12963915822431127
0.06831478431392501 0.23062484664948668 0.6109015390273441 0.09015883000924418
0.6541871683390603 0.2850289640893182 0.03832338401157365 0.022460483560047817
0.43700781123413013 0.49966999866019357 0.024674383519258214 0.03864780658641809
0.1797664014159619 0.5264508470263958 0.11581056782463484 0.1779721837330075
0.1117494093712399 0.16989678376304262 0.34452952841884543 0.37382427844687205
0.001984401045787232 0.42059664981090505 0.5077464073620869 0.06967254178122084
0.10824125151020325 0.39882155249476736 0.1041757875153102 0.3887614084797192
0.03343151432586111 0.6667199396410282 0.14679531420397018 0.15305323182914055
0.19747718556896254 0.14712703540273275 0.46679719440314127 0.18859858462516343
0.13735714139920507 0.08607243248537588 0.11786857125922579 0.6587018548561933
0.09948797138799059 0.31504485659427306 0.23674290262383013 0.3487242693939062
0.5176138587519762 0.34523972213642107 0.03535444977111668 0.10179196934048607
0.11451152608765047 0.4589142371510261 0.39672490905659064 0.02984932770473281
0.34149252806527086 0.20301111333924982 0.3700361233249819 0.0854602352704974
0.38877912391436853 0.10684478827421817 0.23166797802932138 0.2727081097820919
0.005970365451990145 0.1858182364839478 0.22354521262044047 0.5846661854436216
0.35634256423348254 0.2925017051775779 0.17585618556607485 0.1752995450228647
0.014632868903693086 0.32444753047639996 0.4913343376445568 0.16958526297535015
0.6899208215013513 0.09012252098967632 0.04869816134421767 0.17125849616475475
0.4812622884541188 0.07853904043779969 0.381699376350775 0.05849929475730653
0.6111918483353072 0.08727234800589623 0.0914182387657303 0.21011756489306632
0.18926509698373162 0.05144113715256671 0.49634652797473267 0.262947237888969
0.025207974983498915 0.1754078335862992 0.6840196302003351 0.11536456122986682
0.039982359788262034 0.09975664638882242 0.03924530064112908 0.8210156931817865
0.13073848426080437 0.4955912502250698 0.209304267685963 0.16436599782816286
0.27647797964142207 0.2839645028454545 0.007932473065683232 0.4316250444474402
4.449907125669839e-06 0.027574265956506916 0.2879671257953067 0.6844541583410607
0.7320529086937675 0.03943109657446553 0.06098917167105988 0.1675268230607071
0.1524836025980163 0.20680688029566363 0.564963509258782 0.07574600784753804
0.12642580942614012 0.2711857369534687 0.4430192618658354 0.15936919175455577
0.168388570511378 0.3868432334803893 0.35338797956989887 0.09138021643833383
0.10349703671383215 0.2224770896387861 0.1401428423211326 0.5338830313262491
0.06997075234332095 0.262814790945624 0.4728432965825645 0.19437116012849054
0.5807330364308839 0.0448252382971287 0.022938190393909985 0.3515035348780774
0.14881708896939583 0.25015098160017046 0.441389942599238 0.15964198683119568
0.4813700629506352 0.09724709465230164 0.35764934376958657 0.06373349862747657
0.025904508662122905 0.21984659415300445 0.12307680600329673 0.6311720911815759
0.05945662101567517 0.11049219563241408 0.4513061480820648 0.37874503526984593
0.23998360359929682 0.3413574819898574 0.38375867027745925 0.03490024413338655
0.2506482644132183 0.5066824947332396 0.23723205322706153 0.0054371876264806
0.23661539085623262 0.12170572311515593 0.5367082774670684 0.10497060856154306
0.041857421902043 0.25998649305140353 0.645270138653501 0.05288594639305244
0.2794362294331294 0.0040874424555832345 0.0439299134592972 0.6725464146519902
0.5123386703913707 0.10086151111706054 0.3518147662568022 0.034985052234766556
0.37237434365091326 0.14049416336904097 0.07601940979357669 0.4111120831864691
0.06912971045155392 0.016249464597836383 0.44214277397036805 0.47247805098024165
0.41420743703595664 0.0039197633126222264 0.5324397548058358 0.049433044845585306
0.06795815224067325 0.09444048941263627 0.4081107317431164 0.42949062660357407
0.1352066905494529 0.33065083035201015 0.2233693703009193 0.31077310879761766
0.12474573133117317 0.10889023860524716 0.042009637629506935 0.7243543924340727
0.05428856641544855 0.3108018584315868 0.2877632874464976 0.34714628770646705
0.31509665116713403 0.005483887796286058 0.46972273070015225 0.20969673033642766
0.5934242357234902 0.14395662383486185 0.052525803731408804 0.2100933367102391
0.2945292732411785 0.37435029166608513 0.05080615829075774 0.2803142768019786
0.0963201154722153 0.12089737176307591 0.13253852097314 0.6502439917915688
0.4435065560531881 0.016593994110251642 0.15792516523964684 0.3819742845969134
0.527005167794156 0.20577663309753236 0.22494679891976244 0.042271400188549246
0.19916263217137087 0.5237826170757701 0.07236743085214858 0.20468731990071043
0.15344568607162112 0.24042163641121084 0.01337978437224574 0.5927528931449223
0.4004229990716831 0.34029752188999796 0.22580563944099685 0.033473839597322086
0.6060265199758132 0.16011015527548178 0.06222339149182332 0.17163993325688165
0.10214265774506748 0.020643048535127773 0.2339030180942946 0.6433112756255102
0.6511814271716158 0.25764587810279327 0.02443365411299203 0.06673904061259894
0.26713663074285254 0.38841672411599504 0.25235551222678354 0.09209113291436888
0.16277253754939225 0.10674974490430789 0.3186867904949193 0.41179092705138054
0.3402339528373949 0.32996241030881057 0.22636701090079803 0.10343662595299652
0.6349732549474707 0.02594975118086218 0.29027770944733977 0.04879928442432735
0.09700896639589807 0.453251161440286 0.06210862612182322 0.3876312460419927
0.6443820755989285 0.12894058638596118 0.07708757177058578 0.14958976624452458
0.1293990795977742 0.5090008531970123 0.33336670222227827 0.028233364982935272
0.13518598057433406 0.44233968356798636 0.13989074846333782 0.28258358739434175
0.0647247686015846 0.02971251910735595 0.6440347927646337 0.26152791952642573
0.24707724129305986 0.29561029962732854 0.02534758213916255 0.43196487694044905
0.11772665997080989 0.45013829462418475 0.058535671596922856 0.3735993738080825
0.1854445319921587 0.3872597582760984 0.415029176063587 0.012266533668155888
0.6365081754393465 0.036475826579952186 0.06031160036276351 0.26670439761793785
0.045811758709343064 0.04059558753430881 0.1340162951386893 0.7795763586176588
0.1889586584229377 0.03231247351491828 0.43730364443398817 0.34142522362815586
0.004084359780744284 0.20570805175924156 0.5981265422921797 0.1920810461678345
0.49471453548782895 0.32341359697034455 0.01413346150389383 0.16773840603793266
0.05974170895963615 0.3117660987543258 0.20963191422323801 0.4188602780628
0.39818603342468617 0.15403086811909783 0.3572923402891083 0.09049075816710772
0.2906698962447649 0.07408702777344334 0.321367120322926 0.3138759556588657
0.187554301839723 0.0034716536253297514 0.12104142492641412 0.6879326196085331
0.3637571385624654 0.17744194670209035 0.17614534261214954 0.28265557212329473
0.5011804871957674 0.021405738126129337 0.3802746129882585 0.09713916168984482
0.04214445837531333 0.34658969462732925 0.2035992235050158 0.4076666234923416
0.005465181744703895 0.7386795845622138 0.038346801809258424 0.21750843188382385
0.5791915523033466 0.1342831818002097 0.18650427764426858 0.10002098825217509
0.3799964883950345 0.32477731632079765 0.15616168336312142 0.1390645119210464
0.04355752499253196 0.44874822486262067 0.15247583458182068 0.3552184155630267
0.06845121469372362 0.032903801202721294 0.4921471166473679 0.4064978674561872
0.07301441479661286 0.08579836836552202 0.5818712212707686 0.2593159955670965
0.07559165657106148 0.20307923479466405 0.019015583287521287 0.7023135253467532
0.0712828045355457 0.04122962328411395 0.8486851202824919 0.03880245189784848
0.10024308442622865 0.7169307255555084 0.11376779543247806 0.06905839458578489
0.0964229626244072 0.3184283996320638 0.5465655463966298 0.03858309134689919
0.1349023254737206 0.06983475565949893 0.5789041265929448 0.2163587922738357
0.06615724212295626 0.06493342109458533 0.033747221831261776 0.8351621149511966
0.5877968349584806 0.2627916120437046 0.1065672495060428 0.04284430349177204
0.7154214918560912 0.1211740587488841 0.0498854895778037 0.11351895981722104
0.10207280552747255 0.04237409323598318 0.35283428082770274 0.5027188204088415
0.04159415961835988 0.2256061468061572 0.7314348990425533 0.0013647945329295919
0.3111887284194109 0.396645938455814 0.09773576272724249 0.19442957039753261
0.20808474310846992 0.45429396959267176 0.11442165068392052 0.2231996366149378
0.36912206607939535 0.37330664162632765 0.06400796039534418 0.19356333189893282
0.2561508425657032 0.4638466270487709 0.1542509878128987 0.12575154257262722
0.23584240184036676 0.29215934292869095 0.2128138916695702 0.2591843635613721
0.3634209141676711 0.008374294750605804 0.5112415157400911 0.11696327534163198
0.20921967040745115 0.5285205611407493 0.1820319101636413 0.08022785828815826
0.5512983271237364 0.3386021662284796 0.060640005682549125 0.04945950096523488
0.06708534540732358 0.3518171294890079 0.12086685955208376 0.46023066555158476
0.14357643600090841 0.12953053867552777 0.48396458667645836 0.24292843864710545
0.4453937395886315 0.0066848491925587394 0.24449685292423373 0.30342455829457604
0.07275996343655877 0.18801212410623735 0.06731211763288081 0.6719157948243231
0.48902088584524817 0.17223872141049001 0.3304277613222103 0.00831263142205152
