55 10 4 24.74173968704302 49.48347937408603
1.837974580046722 9.744903279908087 5.354739824172815 3.182704313482577 5.780114468265278 3.569898119183189 8.763673393464757 1.3699013811478633 1.9751296055564835 7.904440408858273
0.3675949160093444 1.9489806559816174 1.070947964834563 0.6365408626965154 1.1560228936530557 0.7139796238366378 1.7527346786929514 0.27398027622957266 0.3950259211112967 1.5808880817716546
0.009138942616912282 0.042289766266972006 0.7672806238545737 0.18129066726154197
0.3523189257703936 0.04456281995337863 0.5887298360313993 0.014388418244828505
0.020453313165591402 0.4091599888535672 0.3494979881312361 0.2208887098496053
0.35072744767573094 0.37654477947497256 0.1807226907601739 0.09200508208912261
0.24115477122524742 0.11740379830421244 0.5605034226518227 0.0809380078187174
0.07176942249936435 0.7050459279762652 0.1449750072825975 0.07820964224177296
0.6153841336703681 0.0210539554134187 0.20868147336932197 0.15488043754689118
0.20032974767763323 0.18522485465884952 0.28714842676217145 0.3272969709013458
0.20277506130148049 0.16968811254364935 0.4586361118836243 0.16890071427124587
0.07232937282609797 0.11559628535388644 0.7308556531033547 0.08121868871666094
0.618312113456834 0.15740442518709985 0.12286918433758309 0.10141427701848305
0.4967449224367584 0.14691229673994044 0.22342777529534508 0.1329150055279561
0.40255712355177 0.15598939895132424 0.24953802048630436 0.19191545701060142
0.01965992029992103 0.630309690686684 0.12959142899818132 0.22043896001521368
0.25339692992403196 0.049828521424782224 0.6066976959313467 0.09007685271983912
0.32208111033207776 0.10768476663858506 0.2779338017494407 0.29230032127989647
0.2674200692881554 0.3682728798233116 0.1726214525934514 0.19168559829508158
0.26023188088012206 0.08472587840681989 0.5034080261302494 0.15163421458280868
0.2031817842559851 0.3360752807475944 0.2318765065473667 0.2288664284490538
0.1932205721087661 0.13048488920171908 0.2898922126845389 0.3864023260049759
