98 90 4 231.43912893160677 462.87825786321355
7.590405232619667 6.104701139057963 3.7110150104499366 8.025246329299044 5.480868500871566 2.070191679483405 4.497035705045832 4.551785114854081 4.037730204099488 1.7429568007729768 4.286779798193269 4.680022589282124 9.399381959138886 3.6279303900661364 8.547772403644824 9.90296201688082 4.737467736621657 7.27380482711425 9.639364446381862 4.950879470247678 7.178357817917793 3.67436668048583 9.801298347940119 7.239894909475216 1.2860812607833494 2.1796979850455074 3.378734486544958 8.982226212096265 8.725144495140956 6.852228578460476 8.35481316115847 5.936000728497819 5.688832798153135 6.426476691851742 2.5871108376057736 9.726487031608263 2.5037429941570277 5.223317471752127 5.683931032223206 8.204361879828124 9.862503138416924 7.462061540196356 4.833935719806363 1.5993872288091122 1.702914472692533 1.1591633738764666 4.94643430404912 2.4902241456329266 2.827048585765911 1.0488269321095924 8.52743606340636 6.470743474457372 5.416698349332585 3.9972325022435626 7.555233988101579 1.3036422683263436 3.512863829102357 2.7179239862377425 1.8487455230406105 4.238367167880521 3.2967534029359404 1.3343079773710427 2.852807377524624 4.2047965554684 5.39915008205078 4.341912144800448 6.964009751237394 5.064928289353966 4.919575667863897 3.6785024788974767 3.9511356147989645 4.330090506649846 4.314217078289065 3.8775029163866925 1.092101696335474 7.215136848097088 2.5550045201002662 6.157087878915613 7.575695230927947 2.3406041610608757 8.223512426011187 2.6867952276995988 7.579579572281727 7.480446156724403 5.908860925698585 4.604383342538176 7.0657888072137665 9.93053216339221 3.592652227178481 2.327593487073502
1.5180810465239334 1.2209402278115926 0.7422030020899874 1.6050492658598088 1.096173700174313 0.414038335896681 0.8994071410091664 0.9103570229708161 0.8075460408198977 0.34859136015459535 0.8573559596386537 0.9360045178564247 1.8798763918277772 0.7255860780132273 1.7095544807289649 1.9805924033761642 0.9474935473243313 1.45476096542285 1.9278728892763723 0.9901758940495355 1.4356715635835586 0.734873336097166 1.9602596695880237 1.447978981895043 0.2572162521566699 0.43593959700910145 0.6757468973089915 1.796445242419253 1.7450288990281912 1.3704457156920953 1.670962632231694 1.1872001456995638 1.137766559630627 1.2852953383703485 0.5174221675211548 1.9452974063216526 0.5007485988314055 1.0446634943504254 1.1367862064446412 1.6408723759656247 1.972500627683385 1.4924123080392713 0.9667871439612726 0.3198774457618224 0.3405828945385066 0.23183267477529332 0.989286860809824 0.4980448291265853 0.5654097171531822 0.2097653864219185 1.7054872126812721 1.2941486948914744 1.083339669866517 0.7994465004487126 1.5110467976203157 0.2607284536652687 0.7025727658204713 0.5435847972475485 0.3697491046081221 0.8476734335761043 0.659350680587188 0.2668615954742085 0.5705614755049248 0.84095931109368 1.079830016410156 0.8683824289600895 1.3928019502474789 1.0129856578707932 0.9839151335727794 0.7357004957794954 0.7902271229597929 0.8660181013299691 0.8628434156578131 0.7755005832773385 0.21842033926709478 1.4430273696194176 0.5110009040200533 1.2314175757831225 1.5151390461855894 0.46812083221217515 1.6447024852022374 0.5373590455399198 1.5159159144563454 1.4960892313448806 1.181772185139717 0.9208766685076352 1.4131577614427533 1.986106432678442 0.7185304454356962 0.4655186974147004
0.2896339387832947 0.37464281878461203 0.29345854625905365 0.04226469617303963
0.6357292533673928 0.06344590616471679 0.24121654573673457 0.05960829473115581
0.0427633648137824 0.23046801997306798 0.5228297284438974 0.2039388867692522
0.3498188463132714 0.26358303417677365 0.31969278452570826 0.06690533498424667
0.20063737373875867 0.02831957268257168 0.637414310850504 0.1336287427281656
0.3704689031810635 0.1345284636460845 0.27555511999689397 0.219447513175958
0.5472153295779116 0.38962234054108913 0.057113238852390724 0.006049091028608511
0.3626088505469184 0.3185259595965628 0.013452175628126395 0.3054130142283924
0.3828038940567692 0.35694175410828344 0.12915703799391076 0.13109731384103662
0.390451597676598 0.034887301634933254 0.01694084222477088 0.5577202584636979
0.3235644111241729 0.17290911009800258 0.25883396069711695 0.24469251808070758
0.3145793776624721 0.23389685471800692 0.28231434175811077 0.1692094258614102
0.23358107308217702 0.6844460245612767 0.05474433776330234 0.027228564593243965
0.15060210915009675 0.029006199540690947 0.0894738511772728 0.7309178401319395
0.07443633417959661 0.6170340203387716 0.21826556986490542 0.09026407561672634
0.024307963183221593 0.4017333276275046 0.054770535984195456 0.5191881732050784
0.10027629812598515 0.005083030594255189 0.061388160404271086 0.8332525108754886
0.1737821036325754 0.05197496628788312 0.4131531086902921 0.3610898213892494
0.4982733459085368 0.05544252278053796 0.030445752831853024 0.41583837847907223
0.1004892828369296 0.021044351833361508 0.02281756360922016 0.8556488017204887
0.23483190423281763 0.29941345188530233 0.16395587966423852 0.3017987642176415
0.23854764488965208 0.3632339859300605 0.39819605931810576 2.2309862181657536e-05
0.025602667635594156 0.43939176256804546 0.05584478147537797 0.4791607883209824
0.029890675634784092 0.09672252376130064 0.7694826688317116 0.1039041317722037
0.0607069958904517 0.41515718143947833 0.30220319675678053 0.22193262591328944
0.021029171745155173 0.44450418386542334 0.2750028007819192 0.2594638436075023
0.21628466687442593 0.7437210188964504 0.034799726620054816 0.005194587609068879
0.2063224314341644 0.097879344433914 0.5072442896254876 0.18855393450643398
0.14572620515267554 0.3615825199027699 0.23022223833772526 0.2624690366068293
0.06976322189327733 0.40436802613671974 0.07638183306103308 0.44948691890896986
0.6944833458184214 0.20735774468806112 0.09257707511002533 0.005581834383492135
0.06445791553727309 0.13518202756991327 0.33433190195267215 0.4660281549401415
0.06193432108131902 0.36734074046286325 0.3485167261186254 0.22220821233719235
0.5297516840393605 0.21747148226179502 0.2069722240010783 0.04580460969776623
0.2889182483036864 0.02567553840384751 0.18290952304540908 0.502496690247057
0.7864940619617311 0.06768337389901369 0.11444333249250327 0.03137923164675194
0.015682803334290174 0.8695911434889373 0.05380484508990235 0.06092120808687018
0.19818209819956112 0.3502800338762788 0.404906265298547 0.046631602625613056
0.7866693886593894 0.028637130993914073 0.011438663956135575 0.17325481639056095
0.19751206852464398 0.28761782366222766 0.11281857362344971 0.40205153418967865
0.17924163892211442 0.08983676567739163 0.08558919753561378 0.6453323978648802
0.15599399365811595 0.0675685579293156 0.7099292584932608 0.06650818991930763
0.2894122371327402 0.07565413857479919 0.11465336680648153 0.5202802574859791
0.25545858519520037 0.10715761293076875 0.11531949361655003 0.5220643082574808
0.2014943221125579 0.29361238644313836 0.20634539464990098 0.29854789679440275
0.42560030128667625 0.006166361297418321 0.442791358906126 0.12544197850977945
0.012964965025858755 0.011003301974615853 0.7318441937422051 0.24418753925732029
0.28957296605941585 0.31466448547957915 0.10379073336182765 0.29197181509917736
0.2978043361584426 0.3287637241744197 0.01832075372437736 0.35511118594276037
0.06130327582898709 0.1001746997832813 0.7047728173570266 0.13374920703070503
0.136949342032059 0.12734106998201067 0.3923927966546493 0.343316791331281
0.5050336069584995 0.10400438419887048 0.24151730472285393 0.14944470411977606
0.5469984482773513 0.06886073666056214 0.2964724512419933 0.08766836382009324
0.19760085745030653 0.08644884358333438 0.12101028882936804 0.594940010136991
0.07188371176036712 0.06937168746201805 0.4616867000280115 0.39705790074960334
0.295007261078453 0.4050461955267529 0.18091570347959252 0.11903083991520158
0.3756984377150524 0.1004316078998142 0.057753972508510554 0.46611598187662284
0.38414506765965584 0.445989723132995 0.1462652570594395 0.023599952147909664
0.07866537362892145 0.7537866513574744 0.029775916853948314 0.13777205815965587
0.13729883637222473 0.7718090101338613 0.052508200674154404 0.03838395281975959
0.390645756623742 0.3267775280962122 0.06000364110191414 0.22257307417813166
0.10806615975265377 0.5825134238339329 0.233493984256834 0.07592643215657935
0.33326398220132525 0.05794780586279935 0.4376383351909927 0.1711498767448827
0.2784059114855598 0.38358320216775077 0.17075199164065002 0.16725889470603938
0.3278130081668085 0.33115972475409183 0.3395670900968498 0.0014601769822498722
0.26421998320487794 0.2938477384779876 0.2801762195432962 0.16175605877383825
0.295589126045392 0.06357532732310134 0.3475901616300532 0.2932453850014535
0.11247659904825025 0.07911616128744292 0.27608751128659625 0.5323197283777106
0.15628213858152218 0.4675949498526686 0.15595761879341818 0.22016529277239105
0.006996339889233982 0.46827837211171763 0.38200524740337094 0.14272004059567744
0.2505941263363296 0.26239627178090874 0.4820392616874931 0.004970340195268541
0.08714957356456399 0.4277068434121528 0.0927597789156277 0.3923838041076555
0.34186348890509577 0.06822149862922988 0.04717388606496209 0.5427411264007123
0.4323506656154692 0.06269310426736951 0.06117189702341519 0.4437843330937461
0.017719430562057825 0.2193205240975582 0.3564433447103744 0.40651670063000955
0.4722686706229181 0.29406777412204543 0.15807661027717823 0.07558694497785823
0.10631318848587823 0.6874588885922308 0.19283543829923677 0.013392484622654188
0.016766998254312382 0.608697452573831 0.04108113261032931 0.3334544165615273
0.23816864167035035 0.24456195588792817 0.5107105085418283 0.00655889389989317
0.23983422357585793 0.2703571641334931 0.1975669963604969 0.2922416159301521
0.005128106434491464 0.04408847370802149 0.25509093118887305 0.695692488668614
0.13721505455729477 0.37954953335880637 0.2954866563869898 0.18774875569690908
0.039021922972290346 0.2925496621951761 0.5780870196167716 0.09034139521576201
0.3915033338513645 0.15279966311181414 0.09041702977006505 0.3652799732667563
0.06341266414540614 0.7282521161514341 0.1520188798795764 0.056316339823583306
0.41446533511835737 0.02725158579276976 0.033578779543053994 0.5247042995458189
0.19797683322246362 0.003310665888814235 0.2996190204465068 0.49909348044221535
0.5935502048026957 0.05584663190840733 0.13317142610761956 0.2174317371812774
0.29006332054172623 0.02659465594714694 0.47323783791091734 0.2101041856002095
0.03198057756858941 0.33815800043205435 0.2603206776542356 0.36954074434512063
0.2714394582665707 0.05572089210026132 0.5611503221347116 0.11168932749845639
0.10090135941410894 0.1621164177258657 0.14040723204758043 0.5965749908124449
0.1511616189850974 0.06334658454900421 0.7742977375244959 0.011194058941402463
0.3398934069949847 0.11795333852156709 0.052260429328269464 0.48989282515517873
0.06294368230891956 0.03510939359287468 0.8034926136868505 0.09845431041135522
0.23983481495602754 0.34388187105848944 0.11044683696484137 0.30583647702064165
0.7299986203717587 0.04743008684221617 0.21314835566322876 0.009422937122796404
0.26071119479551286 0.17079906863164207 0.23991093090792848 0.3285788056649166
0.396013699575251 0.22938844373135836 0.04383250631618507 0.33076535037720556
0.16496278596370306 0.4451546358241032 0.24836010444134604 0.1415224737708477
0.3731388293651755 0.09490601077874083 0.2578606635489561 0.27409449630712757
0.0725902467246976 0.00830861530861593 0.4870762938247172 0.4320248441419693
0.10167787200467715 0.11905831785322762 0.39555595654758413 0.3837078535945111
0.3848015289736254 0.04601109951567306 0.12164821102904633 0.4475391604816552
0.08582452199506507 0.2899195300839994 0.3810992898620372 0.2431566580588983
0.16296828013020126 0.2548691452720093 0.1277699993982977 0.4543925751994917
0.03730877024504464 0.08403399049197369 0.5508948886913052 0.32776235057167646
0.3143022216682517 0.15203304249952332 0.32197347312647995 0.211691262705745
0.8816405582248337 0.06437023054264746 0.0239445322212839 0.030044679011234976
0.08246383662589551 0.36495081898856796 0.1349941815695922 0.41759116281594433
0.4350172331358282 0.08501239911691749 0.13353611194418902 0.3464342558030653
0.16810459904602937 0.46811685648185486 0.3282267323758935 0.03555181209622227
0.37233150016132255 0.2528386195471922 0.19404673024712504 0.18078315004436019
0.037031971689587606 0.541648511875062 0.09636876931666882 0.32495074711868155
0.46872033507020106 0.15154662649742412 0.17091298946317557 0.20882004896919926
0.11787638476504791 0.009165738137339563 0.16616657352128106 0.7067913035763315
0.06514626007142332 0.13353100920458072 0.5804475593584092 0.22087517136558676
0.5638975304324076 0.3579959868175636 0.066153509683469 0.011952973066559736
0.10050614474992403 0.2791535915330954 0.3609665952738672 0.2593736684431134
0.20111956898068362 0.2750180649782379 0.40796064535291465 0.11590172068816385
0.3016107030436437 0.0915944274467625 0.4918498008349663 0.1149450686746275
0.15074028623062197 0.3865137163248309 0.33881648223273575 0.12392951521181139
0.12288744417210418 0.1267706749025116 0.589495873825172 0.16084600710021224
0.4199671115993059 0.14075735761382746 0.31223094846333355 0.1270445823235331
0.34815333654075986 0.1784156741036399 0.3859385773142997 0.08749241204130054
0.22869401107947085 0.37222002500975737 0.2551416294062323 0.14394433450453947
0.07971510021434736 0.20810517258777483 0.6408088450481866 0.07137088214969123
0.013074995127183353 0.09189361757381487 0.8472855242956779 0.04774586300332384
0.4498290581672991 0.10030596962850002 0.2323960615233186 0.21746891068088225
0.3044491518081286 0.4720493543733505 0.21781838735012726 0.0056831064683936505
0.504160520450174 0.2893600079832239 0.18434863984822591 0.022130831718376154
0.023844107459148223 0.5314823935992004 0.22015302973550277 0.22452046920614865
0.023797773830533386 0.6667390638089723 0.0934117408213957 0.21605142153909862
0.5478413082475456 0.10472341039350164 0.07955115757511899 0.26788412378383375
0.2560948737407712 0.41498882444056007 0.21406540997925105 0.11485089183941766
0.42504999086814566 0.0849468512361693 0.30910608245162685 0.1808970754440582
0.398249364997155 0.046614978318360034 0.533866894447111 0.02126876223737395
0.5362107015582245 0.28177048182500253 0.1600717278259618 0.021947088790811198
0.24590251499225946 0.11376327351140703 0.11740905704835025 0.5229251544479833
0.25950562203136074 0.4376467738083908 0.07885244392161617 0.2239951602386323
0.43294636915670603 0.17215420758002442 0.1132940256322087 0.28160539763106085
0.02805336711593709 0.4220808207961293 0.3977181148862221 0.1521476972017115
0.011203909970264436 0.04164985252958997 0.7226166228222589 0.22452961467788668
0.26841593854242196 0.11143480327453492 0.47397131103052403 0.14617794715251908
0.06539719428932012 0.04428528527556408 0.46855339668955975 0.42176412374555605
0.05964495661593372 0.15581592108359898 0.6623441423300491 0.12219497997041817
0.3350846645591421 0.08689446394326816 0.13533743350801142 0.4426834379895783
0.2751924968491307 0.3115196035659781 0.07819109286926174 0.33509680671562947
0.21241557449833148 0.10579461534904644 0.38330365894028406 0.298486151212338
0.4791652202751231 0.12793470545573093 0.08743193107088143 0.30546814319826454
0.11517198121074956 0.17416637183536343 0.049855873075448476 0.6608057738784385
0.05921273273061578 0.06394940011094341 0.10496629882417241 0.7718715683342684
0.22400592546915665 0.231663961335285 0.2696371943068503 0.27469291888870806
0.11417910418945054 0.35274885978324133 0.23373240706420273 0.2993396289631054
0.16028902190876804 0.42310501676590206 0.3929652086691977 0.02364075265613219
0.44808856013215015 0.07458573740776764 0.06621286073273958 0.41111284172734264
0.42943946122524934 0.26327463298816134 0.17709690489687058 0.13018900088971874
0.338630324504232 0.08452341631928428 0.4001397761107647 0.176706483065719
0.11616761490380789 0.18871952112432167 0.3937445493814288 0.30136831459044167
0.1391469444544675 0.16423604635343558 0.13241987345643513 0.5641971357356618
0.17060857304869415 0.3369831774916515 0.24238348488523287 0.25002476457442147
0.5859061698466855 0.07250576101807626 0.10681250545417298 0.23477556368106522
0.6245326293364468 0.24147525338552545 0.10101765244571603 0.0329744648323117
0.19262841983628431 0.33146654132039377 0.11153074034730648 0.36437429849601544
0.061147530496125535 0.6346268026177329 0.031519740231968574 0.27270592665417304
0.020079561634660292 0.9441358387606098 0.012436268131717498 0.023348331473012407
0.12210936671851169 0.2153242465677767 0.15470979637183202 0.5078565903418796
0.1373284487476084 0.2665800825948439 0.48170146133461467 0.11439000732293303
0.4102139940214944 0.19745193657554927 0.24267231771480424 0.1496617516881521
0.10733720513453171 0.033486671076372154 0.147570417642091 0.7116057061470051
0.5714736534081046 0.03827013376842492 0.010486573510134933 0.3797696393133355
0.595385404790883 0.27551922956673836 0.07778714044579649 0.05130822519658218
0.06325240687722833 0.24134493027750015 0.5715397499950129 0.12386291285025863
0.39149336963260517 0.014820393315333913 0.09473512304546472 0.4989511140065962
0.19895250304256762 0.4634140219667595 0.15515471595092112 0.18247875903975175
0.1261389552428549 0.06828718282878488 0.12145819339195241 0.6841156685364078
0.18066220951903977 0.08922333703637642 0.3258820070952273 0.4042324463493565
0.00946186303386487 0.47321039460713654 0.30592333764681945 0.21140440471217914
0.38253776743855183 0.04782656055410994 0.3474000557564183 0.22223561625091992
0.3433657113369256 0.020760230059713614 0.020075018714580284 0.6157990398887805
