82 70 4 178.2139502432253 356.42790048645054
3.477031028212039 6.753076848327427 6.615092911018419 8.002380765838744 5.3030217655045 9.632204969399263 9.97690786038536 8.492619488173613 2.834605467863149 2.2064500132971805 6.535131551810037 6.33688351843367 6.803024441979704 9.898484786401415 4.01646351176842 8.276669422368014 7.038234287424518 5.8432605329290395 1.6255791319431832 1.8055110909135599 8.846130637883864 6.292306545114345 1.6890896229489596 4.096971285182821 4.2970873916610834 1.1068142921676087 4.9764930427931695 1.4818843044855494 7.0532950422712055 1.2904205911511502 4.4604147660664815 8.417191901817336 9.082833537962438 3.9680985746313873 1.8760822090567375 2.6955540116926837 2.4813874420236237 9.435405968456728 9.894932555750861 1.8361518464707736 3.3597454610573267 2.194032153609047 7.48724742135269 2.722038500484481 1.1358024108542377 2.3862075628688606 9.114430538845554 6.529671081344919 1.8696685704817861 2.4985006584485876 1.0431721435641244 5.178449579569604 1.630252176831879 9.17317703021193 3.473003259026896 6.229790137178848 9.068500098084215 2.4314217234039184 8.328743168963422 4.62232058612463 3.0892007703094517 2.079340268710931 3.9991725532594575 7.546259781343633 1.1933113266405229 3.758575477903501 3.551461141752638 8.391956740976642 6.019217725703013 9.572051473963828
0.6954062056424078 1.3506153696654855 1.3230185822036837 1.6004761531677487 1.0606043531009 1.9264409938798526 1.995381572077072 1.6985238976347226 0.5669210935726298 0.4412900026594361 1.3070263103620072 1.2673767036867338 1.3606048883959407 1.979696957280283 0.8032927023536841 1.655333884473603 1.4076468574849037 1.168652106585808 0.3251158263886366 0.361102218182712 1.7692261275767727 1.258461309022869 0.33781792458979193 0.8193942570365642 0.8594174783322167 0.22136285843352174 0.995298608558634 0.2963768608971099 1.4106590084542412 0.25808411823023003 0.8920829532132963 1.6834383803634672 1.8165667075924876 0.7936197149262775 0.3752164418113475 0.5391108023385367 0.49627748840472474 1.8870811936913454 1.9789865111501723 0.3672303692941547 0.6719490922114654 0.43880643072180936 1.497449484270538 0.5444077000968962 0.22716048217084756 0.4772415125737721 1.8228861077691108 1.3059342162689838 0.37393371409635723 0.4997001316897175 0.20863442871282487 1.0356899159139208 0.3260504353663758 1.834635406042386 0.6946006518053792 1.2459580274357696 1.813700019616843 0.4862843446807837 1.6657486337926843 0.9244641172249259 0.6178401540618903 0.4158680537421862 0.7998345106518915 1.5092519562687268 0.23866226532810458 0.7517150955807003 0.7102922283505275 1.6783913481953285 1.2038435451406024 1.9144102947927657
0.2910222072639196 0.007502738646172125 0.6653333619751427 0.03614169211476559
0.05773277831971424 0.5267616460437605 0.20195328733528328 0.21355228830124195
0.32395144337357584 0.3966881843415363 0.2712228877321067 0.008137484552781182
0.3942147485315711 0.05176563879621088 0.4382805106016441 0.11573910207057392
0.6918715851174692 0.02971826917063103 0.03079815701921118 0.24761198869268863
0.15720721454812447 0.40948291223247046 0.2406110530189921 0.19269882020041296
0.11597282733154879 0.06924921526951111 0.11284152910465906 0.701936428294281
0.8066049957829795 0.012648988196826472 0.0902281292163073 0.09051788680388673
0.06630833471503983 0.07423082561997119 0.38304189361272534 0.47641894605226365
0.44229240857188823 0.08588912694093609 0.2423086899202731 0.22950977456690258
0.2511163898776163 0.19433737298572817 0.0810906842155168 0.4734555529211387
0.019407164738009297 0.42416358945238963 0.5409273607875488 0.015501885022052297
0.1745161029599942 0.0909454821661636 0.7070715907241237 0.02746682414971846
0.05426589150573313 0.25616860260215846 0.21069909480913784 0.47886641108297057
0.2978916663044704 0.24634407172660444 0.34934338820582167 0.1064208737631035
0.3821243839080696 0.0770672894455463 0.36982666850278856 0.17098165814359556
0.6163638026831147 0.13926620076012963 0.060718065656389486 0.18365193090036613
0.1617030417947687 0.5019863107003677 0.020508723684323327 0.3158019238205403
0.23352789540820396 0.6960993352841214 0.018956260537741132 0.05141650876993353
0.06576038985039157 0.24082941487147946 0.0722331887300206 0.6211770065481084
0.596871414809514 0.16682861207725153 0.17333170366407014 0.06296826944916434
0.3533078731297673 0.4716904744937064 0.14223485050103757 0.03276680187548875
0.24180724264153997 0.078271735072592 0.536738394491466 0.14318262779440205
0.034077545002250575 0.8459971843289972 0.024180988551685934 0.09574428211706631
0.1492185087145298 0.45882321927834746 0.31873409378061346 0.07322417822650928
0.01647562579532913 0.321957107606619 0.14175846799365877 0.5198087986043931
0.2358569910278513 0.20078470739103516 0.0605959683168481 0.5027623332642654
0.07782594563509004 0.0044651216143020145 0.20529362183824562 0.7124153109123623
0.2771748483319951 0.45301758664881253 0.05758372744528206 0.21222383757391028
0.2871047855742307 0.35670175270262605 0.3221118712269957 0.03408159049614756
0.3181990028569174 0.46011509242404036 0.1858517961844146 0.03583410853462765
0.07013695461600866 0.008067312791903647 0.5273898705118871 0.39440586208020056
0.6190949726357995 0.27826734215027205 0.04655288372262023 0.056084801491308234
0.3103123196163027 0.06410559191359011 0.41294381919237744 0.21263826927772977
0.33659401211287987 0.3111177860067845 0.21805477727182432 0.1342334246085113
0.4158226994916199 0.19238009609162154 0.2989703974791783 0.09282680693758028
0.4713184504160042 0.15182889653940446 0.017978373594565222 0.35887427945002615
0.10989069163706555 0.22583919060009838 0.522560509112973 0.14170960864986304
0.4936666789616594 0.03580554990570428 0.17315765037329334 0.297370120759343
0.13793830679878638 0.0456904038603807 0.6911261463231189 0.12524514301771406
0.1654244891484592 0.05921329499019423 0.6156315900065498 0.1597306258547968
0.5335221749235634 0.0855532021254326 0.09969684851136829 0.28122777443963576
0.09196218605434336 0.3303349650390981 0.5498462548128308 0.02785659409372776
0.3890771052849641 0.025601983737142175 0.12330665524899231 0.4620142557289014
0.07288265933748828 0.39747946120118816 0.2210181024634884 0.30861977699783516
0.2722127531713653 0.024263925325896163 0.1917353353007023 0.5117879862020362
0.3183757879950977 0.06440726351915382 0.5884577011401563 0.02875924734559221
0.12611682423531434 0.38172984073797156 0.40636486734483357 0.08578846768188053
0.4947811650040218 0.12065204776667382 0.07436115642806607 0.3102056308012383
0.2732411749409016 0.2008044513400934 0.09397022477193184 0.43198414894707315
0.358569826580421 0.04063468342912746 0.3165074259030677 0.28428806408738383
0.2060303645353233 0.13529931945662343 0.30504550180752865 0.3536248142005246
0.3560772375985749 0.24890190657146616 0.1995670893899285 0.19545376644003043
0.25271058172811445 0.05613031602139262 0.21689681185083165 0.4742622903996613
0.008919663327753291 0.04055878785201905 0.361954883400606 0.5885666654196217
0.13774172981116206 0.2813098817536456 0.07039099504621071 0.5105573933889817
0.4364028624810067 0.3418648510533804 0.06985796675055944 0.1518743197150535
0.39823815454530886 0.05653035325400402 0.17041988302043087 0.37481160918025624
0.09350078591663791 0.024118085625452812 0.36092571994130396 0.5214554085166053
0.0766943960604547 0.2972951089591632 0.3798522176620812 0.24615827731830087
0.02979309238825789 0.19628246014916106 0.19242964900710535 0.5814947984554757
0.46940897567026496 0.10503217215055938 0.29663650830703936 0.1289223438721363
0.3503310863445389 0.16919660775632384 0.15513117702833035 0.3253411288708069
0.027801337956887218 0.11025210472859392 0.7869273551205106 0.07501920219400826
0.16683125900143314 0.05955938469720712 0.6903924852467154 0.08321687105464437
0.3563534572386864 0.22687373457350146 0.16789117187396396 0.2488816363138482
0.1191161147124884 0.25628398988392953 0.5946212066282577 0.02997868877532439
0.0793983112693325 0.004272684992976616 0.4473238650507888 0.4690051386869021
0.5556338612022128 0.029182485737830444 0.22544829049704151 0.18973536256291523
0.09192112378537198 0.5667326512331253 0.0749657720771062 0.2663804529043965
0.33733418078191457 0.008983031569095856 0.10668974100098871 0.5469930466480009
0.19911251439476108 0.021240607221905683 0.056184999699809834 0.7234618786835234
0.03356490134629886 0.21153698393976494 0.5085606026682211 0.24633751204571508
0.21655608469331733 0.13873357686539856 0.4470392305071931 0.19767110793409104
0.6168482570917437 0.24073442294203962 0.044941841637586855 0.0974754783286298
0.3608459842598638 0.07401593200882484 0.32022460809415787 0.2449134756371535
0.2941783780833477 0.09577736080595711 0.37796755266780946 0.23207670844288575
0.09010178797648039 0.25344688514336056 0.4763315917755977 0.18011973510456136
0.12865998750495966 0.029697044024088126 0.6753514201427224 0.1662915483282298
0.00526085006499355 0.7261573562884545 0.25434146806709346 0.014240325579458535
0.7242205846748522 0.04809355278239247 0.2070820712270246 0.020603791315730757
0.06684511640086743 0.31115300460740036 0.550305804633085 0.07169607435864722
0.5203332879695607 0.08901331601662332 0.187386840548467 0.203266555465349
0.5306268400571372 0.10422890393133766 0.028024996758400533 0.3371192592531246
0.2786774648688938 0.06096462642994949 0.3006607813527088 0.35969712734844794
0.10442088906218283 0.15446708342537507 0.5200008538415136 0.22111117367092847
0.5408782640265938 0.03922713197091787 0.0965573693188243 0.32333723468366404
0.08400200022541182 0.6654139731298742 0.23974261532534136 0.010841411319372662
0.5820100073148802 0.21929361998889263 0.15492912091232713 0.04376725178390006
0.2294106232167511 0.19967074272108487 0.5641646178085205 0.00675401625364358
0.06717131123151132 0.010468615848968299 0.24316098264582642 0.679199090273694
0.00668794561891739 0.17449713926084764 0.743969302242617 0.07484561287761793
0.3070604502352746 0.01619389322884046 0.1731224092807917 0.5036232472550932
0.22637470735724652 0.4231378319034065 0.31644694985843613 0.03404051088091087
0.7823202014769525 0.05277092552040574 0.13503122994878491 0.029877643053856873
0.20968745804962408 0.12670714634029523 0.44910734723857937 0.21449804837150133
0.42246649548477133 0.2652301592927877 0.03387217523858321 0.27843116998385775
0.48239630474586415 0.01343160149095557 0.4664202432801642 0.0377518504830161
0.5270803236865574 0.03161300137197598 0.14756606990989507 0.2937406050315715
0.7592684955442771 0.07832969572748116 0.09339049660253895 0.06901131212570277
0.4655045446300764 0.0370515191300923 0.39321904508391226 0.10422489115591904
0.26477910645960223 0.2305360218530087 0.4180812114455075 0.0866036602418816
0.2656374011074941 0.08101777420055845 0.595583107608384 0.05776171708356348
0.3551015265499302 0.005403229134633536 0.6050854452570004 0.034409799058435886
0.06840166705530193 0.8083755413595164 0.06221965049643441 0.06100314108874727
0.1750469249021317 0.11068037994218316 0.6387844562456333 0.07548823891005185
0.33797482635786613 0.03518104903609276 0.5499599792249341 0.076884145381107
0.056048351192202306 0.41307437359181054 0.003454614756453589 0.5274226604595336
0.22757915485316205 0.16815622800246033 0.31952306043488987 0.28474155670948775
0.23365187259769504 0.319695004964646 0.15605299432113995 0.29060012811651903
0.3094935859411527 0.22536894124187723 0.36225440558804445 0.1028830672289256
0.11022336643492503 0.5730590361426405 0.08226176620192571 0.23445583122050873
0.002524917564590834 0.38961311007484833 0.1420083212164337 0.46585365114412713
0.43210012148288646 0.41334319826898624 0.06426305015786138 0.09029363009026592
0.08329069088320684 0.43482445564027883 0.04861315737630523 0.4332716961002091
0.2650225622672894 0.043488272838373976 0.11403554695688733 0.5774536179374493
0.0851378853156104 0.8910841486815703 0.020342000218326772 0.0034359657844925673
0.42386677139308027 0.2857441651374475 0.12653362737135565 0.1638554360981166
0.06718871744583699 0.34503629364113686 0.23432989316789776 0.3534450957451284
0.1198928453575886 0.06861229684752446 0.3113814028799191 0.5001134549149678
0.1827426909780847 0.13945567641850387 0.1511064388398844 0.526695193763527
0.3402059495120039 0.1840861918364315 0.1808721292599108 0.2948357293916538
0.003005462799531733 0.47082463052321666 0.048277628408695095 0.4778922782685565
0.13139580753894642 0.14334909296788023 0.2661543185002079 0.4591007809929655
0.2321936060091545 0.26414093958656226 0.19804185331690038 0.30562360108738285
0.31786763783759187 0.07684364015073031 0.5767450565101585 0.028543665501519322
0.3471427054582822 0.056291057003174716 0.32119942862504147 0.2753668089135016
0.015590513253176952 0.6972635281816908 0.0037967130657434733 0.2833492454993888
0.08859381944047473 0.2245341000070471 0.6243860468665867 0.06248603368589145
0.22588137505088257 0.49820283149847044 0.2502076749880996 0.02570811846254739
0.349676350135226 0.3857430979039401 0.00011207251045564082 0.2644684794503782
0.6287113826969933 0.14850699720806781 0.08252210904659651 0.14025951104834233
0.31631056862803686 0.010572038455844535 0.07125154881098017 0.6018658441051384
0.15771243783078703 0.017897269382262437 0.44857339602753554 0.375816896759415
0.2582490860012998 0.10331851344784626 0.14182526065476242 0.4966071398960915
0.018091396449687935 0.13510675936983063 0.48205866875809356 0.3647431754223879
0.11468591679776907 0.2718948958850276 0.2523935085025234 0.36102567881467995
0.10597087185896914 0.16621697017064074 0.1033922665722039 0.6244198913981862
0.23064513448943502 0.40128770170439054 0.2405571568701691 0.12751000693600534
0.34616034672114426 0.41832562824255604 0.02882303719936874 0.20669098783693096
