47 20 4 50.399253028027594 100.79850605605517
2.021396247042846 9.77034784992811 7.558611701509956 4.163210253034313 7.368446244331729 8.196441414940484 6.8100566905746325 4.731396464693497 7.354279101457083 3.219844435971777 3.303931881681661 1.2161021873082483 1.8885335936392948 3.7039279182515954 6.767701100293832 3.8998715326253106 2.669447242683014 9.254741941337631 3.43828723037293 3.4619310243772183
0.4042792494085692 1.9540695699856219 1.5117223403019913 0.8326420506068626 1.4736892488663458 1.6392882829880968 1.3620113381149266 0.9462792929386994 1.4708558202914166 0.6439688871943554 0.6607863763363322 0.24322043746164965 0.377706718727859 0.7407855836503191 1.3535402200587663 0.7799743065250622 0.5338894485366028 1.8509483882675262 0.687657446074586 0.6923862048754437
0.7472648498793711 0.10952575798499409 0.09762207453417748 0.04558731760145729
0.5126235297435472 0.024242262720905128 0.016159911770096347 0.44697429576545133
0.010602052900659742 0.6458085952227863 0.08853464964651436 0.25505470223003956
0.17463634725314248 0.1872265305757388 0.18502209323247032 0.4531150289386484
0.14018226528081834 0.0053851842526206894 0.326320884612356 0.528111665854205
0.10372881071894025 0.05594594543113762 0.36797707383948997 0.47234817001043217
0.3863063807868756 0.17569279632293966 0.09993476800482459 0.3380660548853601
0.25247741468160834 0.6277288212960792 0.07390270942891097 0.04589105459340148
0.4447506000327969 0.3297074162058322 0.11936546320514585 0.10617652055622506
0.44292787324078353 0.03855444405944086 0.12666230360533803 0.3918553790944376
0.4882908215334514 0.3470051373880958 0.14267219448184276 0.02203184659661006
0.4006212445493138 0.24130094571619787 0.2751336848986041 0.0829441248358842
0.313588323726645 0.24998580173877127 0.2935923615265138 0.1428335130080699
0.31477581669804067 0.23572360753661004 0.31263772352961894 0.13686285223573036
0.27991926669347267 0.11772987612749497 0.410686494098668 0.19166436308036439
0.003349256902538955 0.3420325385984323 0.004299964704809089 0.6503182397942197
0.3242618665170247 0.387240042835165 0.2714066132399201 0.017091477407890188
0.0797121165635416 0.08876203819230843 0.5297842556165758 0.30174158962757414
0.14796805927342627 0.3669193286236413 0.12789115506015403 0.3572214570427784
0.2575279646172631 0.23426191214575431 0.14617560770107207 0.3620345155359105
0.005237955698902619 0.12187661536016092 0.5688416302626343 0.3040437986783021
0.17761206559579035 0.11584775238410638 0.6417759794698191 0.06476420255028414
0.267210445760492 0.6165902720317541 0.05845525485504899 0.057744027352704896
0.2586703239836272 0.10203993351776797 0.16569362807142185 0.47359611442718297
0.3890786551516633 0.12517606661384673 0.45457220125927034 0.03117307697521965
0.3052425160786135 0.2627235724402852 0.02894543741198674 0.4030884740691145
0.08472204766699598 0.10452076162904278 0.4588288692564466 0.3519283214475146
0.05902445626966857 0.7247337044815783 0.14333236178828068 0.0729094774604725
0.3771513337602156 0.3769025359129514 0.12499464138016025 0.12095148894667274
0.3029007250817266 0.22234424627042726 0.0028878768875115757 0.47186715176033456
0.08537583850883246 0.5166640377490452 0.29827313954523627 0.09968698419688604
0.21688351936536976 0.25674699494223174 0.07154164260786311 0.4548278430845354
0.4764979154642507 0.11278573863112784 0.1687349256235201 0.24198142028110137
0.03875307567633712 0.6221613153898072 0.1388798594996591 0.20020574943419656
0.455439613931917 0.3406152149775571 0.15737650472960574 0.04656866636092016
0.05942669054264138 0.419368372452698 0.1328386577541797 0.38836627925048095
0.19499636050305635 0.5596847472800833 0.2220786929485341 0.02324019926832621
0.015405647692592672 0.023162566445446564 0.5262508483391426 0.43518093752281817
0.15134197957959894 0.6485279931198115 0.10197586762038424 0.09815415968020536
0.4932150463411943 0.30294597866775674 0.028266728408990915 0.17557224658205806
