2 60 4 152.5053549976153 305.0107099952306
4.923954119278034 1.2333360864510219 5.946962300908382 4.917901533564492 4.783310218787401 3.9730133890348673 2.8418377063405824 6.573438697155973 3.6968920630707083 3.4014454759258 6.590204494923654 5.762278848493351 2.211219508104402 5.622203091391718 2.6599587908222375 8.068016330350062 8.6857776337554 5.448131536437351 8.619053368217212 1.7168092930815488 5.547214811095335 1.5875785394819029 4.853100948376505 1.8687782409455131 2.144439745311497 6.370707780807362 3.0341080054381226 1.9625111587898467 2.9827558636350373 4.1484365650296935 5.210087361240702 2.815689036384688 6.763660526934233 5.347628519965765 5.547130480166942 4.482033860067034 8.142737089974194 6.22003760990026 2.4606873865208247 7.306771119464406 9.680959720803296 5.500075250531951 9.005680575515305 4.074522874039987 6.104297148649383 4.84791366966499 4.930725367241191 7.9890326649739025 5.820437561478907 9.5836800425038 5.897873441332919 1.7388543004752233 4.297081615075184 8.657654536040514 4.656475387431557 1.2448212930536462 3.22459515097618 1.6042993366325922 9.944668102791455 9.735222820394561
0.9847908238556068 0.24666721729020438 1.1893924601816763 0.9835803067128983 0.9566620437574802 0.7946026778069735 0.5683675412681165 1.3146877394311947 0.7393784126141416 0.68028909518516 1.3180408989847308 1.1524557696986704 0.4422439016208804 1.1244406182783435 0.5319917581644475 1.6136032660700124 1.73715552675108 1.0896263072874701 1.7238106736434424 0.34336185861630975 1.1094429622190671 0.31751570789638056 0.970620189675301 0.3737556481891026 0.42888794906229943 1.2741415561614724 0.6068216010876245 0.39250223175796933 0.5965511727270074 0.8296873130059387 1.0420174722481403 0.5631378072769376 1.3527321053868466 1.069525703993153 1.1094260960333884 0.8964067720134068 1.6285474179948387 1.244007521980052 0.49213747730416496 1.4613542238928812 1.9361919441606592 1.1000150501063901 1.801136115103061 0.8149045748079974 1.2208594297298767 0.9695827339329981 0.9861450734482382 1.5978065329947806 1.1640875122957814 1.91673600850076 1.1795746882665838 0.34777086009504465 0.8594163230150368 1.7315309072081029 0.9312950774863115 0.24896425861072924 0.644919030195236 0.32085986732651844 1.988933620558291 1.9470445640789122
0.2930232318194398 0.47193662863224173 0.03529849068090529 0.1997416488674132
0.3566242811227589 0.14737615825639372 0.4791530059780601 0.01684655464278728
0.25974475274713704 0.11946581419450042 0.4528063326928634 0.16798310036549913
0.5826848885290346 0.07951713073929123 0.1352029197642678 0.20259506096740643
0.3508719013016405 0.14620189743287215 0.47583689114031225 0.027089310125175126
0.21463574639995364 0.09862278202975994 0.42514123019118677 0.26160024137909965
0.1704771334837707 0.4733648006644243 0.13416622566027325 0.22199184019153173
0.2208379150614619 0.577747739037619 0.0703309723329979 0.1310833735679212
0.26377852928001977 0.15595693202680094 0.17234911635955563 0.40791542233362366
0.5912573526535458 0.01718480515150378 0.015121026757081157 0.3764368154378692
0.11058314779616107 0.13522801610796964 0.30209661618624595 0.45209221990962334
0.010250039399590904 0.08503801286121282 0.19988425295893875 0.7048276947802575
0.21492438413069526 0.25648547333898375 0.3737032581050226 0.1548868844252984
0.04886808622935135 0.5944433410188839 0.2268344661207663 0.1298541066309985
0.22957402874434518 0.5121810101391038 0.05713047262118065 0.2011144884953704
0.05222272738416023 0.03533978161696261 0.2695724246984379 0.6428650663004393
0.043501186059715646 0.6249258599563421 0.20783940568810133 0.12373354829584093
0.44801471652408964 0.16723985694018662 0.004386890245688391 0.38035853629003535
0.042429191882546125 0.38293810002284034 0.08225019476657491 0.4923825133280386
0.45022717961737324 0.0525515728918482 0.27480915579631215 0.2224120916944664
0.33187371253987585 0.08258634259303566 0.3339139442081248 0.2516260006589637
0.008448363578819729 0.4361225781718895 0.4958795517913793 0.05954950645791146
0.2008423437754454 0.46112544666426225 0.2639338060687916 0.07409840349150076
0.21882078632937274 0.2823956653577142 0.41549816027079556 0.08328538804211749
0.4178362440027158 0.42449680210075547 0.0342288223198558 0.12343813157667294
0.13139460547944382 0.07710788904607868 0.7326133791080998 0.05888412636637774
0.5691405320556354 0.2231896872506225 0.040831025427718326 0.16683875526602376
0.04312903635336274 0.3919546135054649 0.29559655066728796 0.2693197994738844
0.33074702616940477 0.38226026737757623 0.16761477261869973 0.11937793383431927
0.3869003430123682 0.23944361618865817 0.3104371130331596 0.06321892776581406
0.2594804044042771 0.12131217931193095 0.4008668419498733 0.21834057433391862
0.120039792177414 0.6702040104166312 0.1902412764047332 0.01951492100122154
0.1757241932567306 0.28601471149980107 0.07460456833953688 0.46365652690393144
0.19889909182949916 0.44291267179933247 0.07391882414213358 0.2842694122290348
0.17559907090882187 0.47730787979239264 0.23235672370927463 0.11473632558951086
0.08778755488499446 0.09336267452365199 0.4277799195257451 0.39106985106560843
0.3237505822561465 0.37040196316903684 0.30079771454260984 0.0050497400322068176
0.0734983847144366 0.7787645418831146 0.02300588320711139 0.1247311901953374
0.35321389178551854 0.17342453206731478 0.36652776271421006 0.10683381343295661
0.015056134248370046 0.38758178888477735 0.0866633649939782 0.5106987118728744
0.029149317847511735 0.06672399684526042 0.846547297704371 0.05757938760285686
0.25128292170720934 0.47771788011426763 0.17429534866753849 0.09670384951098454
0.3373682942964583 0.16563847923786823 0.46410635797796973 0.032886868487703724
0.04348969793627744 0.6498441306529454 0.24983689407798537 0.05682927733279175
0.1706855260340261 0.08286274119089687 0.1039699651303091 0.6424817676447679
0.06966059041244543 0.028299805473813167 0.10468865546146522 0.7973509486522762
0.20609763517058366 0.11743087964946053 0.09113974228659272 0.5853317428933631
0.28026828777019874 0.03126111557278588 0.3777224714345594 0.310748125222456
0.38637572509456086 0.13679360108063432 0.4066210968899675 0.07020957693483731
0.0024824262680964715 0.8386405217518115 0.09679017104469578 0.06208688093539627
0.24499413841416973 0.061370533175837516 0.3720568382318754 0.32157849017811735
0.03285393822844762 0.39568634323176166 0.27696274344659044 0.2944969750932003
0.06280543805583938 0.31257599919791046 0.5284647276211367 0.09615383512511344
0.3265883012172395 0.0008058824293013522 0.3857977769555152 0.28680803939794397
0.09609070017703092 0.17053519245276372 0.42761322632296583 0.30576088104723953
0.24873428889263027 0.051877494965736015 0.27220050390699047 0.42718771223464325
0.09163641211230289 0.12866524300734805 0.6556384173043803 0.12405992757596873
0.30075307000335416 0.2387080245709725 0.2467674221772268 0.21377148324844653
0.034275479609645165 0.4985654078862014 0.21534414017282932 0.2518149723313241
0.31789849019534366 0.05452202494103542 0.01455070988658913 0.6130287749770318
0.16922544658417793 0.3548414287161863 0.07775024610510317 0.3981828785945326
0.04567896524540005 0.2778623522892988 0.11781360182014788 0.5586450806451533
0.01301733669455063 0.3738725486262118 0.3498571709663505 0.2632529437128871
0.025550941849692754 0.24383785574660843 0.11813462827698029 0.6124765741267185
0.11277621523807146 0.30212962213661576 0.13607206794973203 0.44902209467558074
0.04179770981531006 0.37495573038002705 0.24075894746370685 0.34248761234095604
0.133954208171691 0.5275271185437503 0.2201709090331072 0.11834776425145144
0.5433452305839027 0.20543264769295178 0.16968076831274603 0.08154135341039948
0.34623790945514643 0.19395360621198443 0.37372396149800113 0.086084522834868
0.17671216158442604 0.3125540054104331 0.3369836614392988 0.17375017156584205
0.1866271455864802 0.08743210694957348 0.42546136725449446 0.30047938020945186
0.18728654470189776 0.09646926276335688 0.34560391536432755 0.3706402771704178
0.2856037339109023 0.2638930871775057 0.4390128796957563 0.011490299215835664
0.1614665628916767 0.05593586341334922 0.014715825131138005 0.7678817485638361
0.031247562265261597 0.6217729509658395 0.05160698588935808 0.2953725008795408
0.03058948319431931 0.035074183012058224 0.5241183252653863 0.4102180085282362
0.1980271118161696 0.1971236466513342 0.03723833697734358 0.5676109045551526
0.20704983825331424 0.08337690468167414 0.6632332194473343 0.046340037617677354
0.16441908617012002 0.2801551785936377 0.0811589850472002 0.4742667501890421
0.7079711706189208 0.06913182885072389 0.1796445938376029 0.04325240669275243
0.4814581623460332 0.36722635192129016 0.009155004172190506 0.1421604815604861
0.025201423670748957 0.07693652456044453 0.6136091360551608 0.28425291571364575
0.2832587438211208 0.1050754382936383 0.18194002763595996 0.4297257902492809
0.004663522735049885 0.501423310777589 0.1961774073070861 0.29773575918027506
0.5633761103390351 0.11420872988887432 0.2485764466970105 0.07383871307508005
0.346630014990264 0.46938913693413 0.05136238523212944 0.13261846284347656
0.205793676950072 0.1432079637337874 0.45612989957184213 0.19486845974429845
0.10718740423157991 0.1136938176291642 0.5825329422987049 0.196585835840551
0.2286102518330989 0.4910772858913124 0.05017211926829068 0.23014034300729802
0.41447924952538917 0.22797316937740308 0.2126672419013983 0.14488033919580945
0.1783098277777202 0.2938987596380812 0.22019065846542962 0.30760075411876897
0.24625358896778982 0.516081655256269 0.07656735033494178 0.16109740544099937
0.07923817070079964 0.046543211852287936 0.17073136824154145 0.703487249205371
0.0873791787897964 0.014365632173585663 0.3278438080930317 0.5704113809435862
0.4777363530063754 0.2355852091510352 0.2698167988856617 0.016861638956927716
0.5144020604712206 0.0445487342260561 0.2742616954253275 0.16678750987739577
0.7336697980969766 0.0924810213428201 0.1627112738799098 0.011137906680293463
0.6233847142958386 0.01755392548302559 0.3105715085668681 0.04848985165426767
0.16477862322429637 0.2986706329292761 0.36144122505310694 0.1751095187933206
0.260720019719452 0.17594986000757795 0.4562360033516858 0.10709411692128423
0.19696432035003852 0.17430685131785784 0.0016217123438297953 0.6271071159882738
0.1261601086290215 0.16147514958686648 0.5936000389053435 0.1187647028787685
0.3780024086485555 0.29009692697663547 0.28391136945781015 0.04798929491699888
0.24755087562254052 0.2865508244507967 0.02275846616991606 0.4431398337567467
0.009450374137899287 0.2447763160126375 0.09075326952665441 0.6550200403228088
0.06290154018084104 0.43382596213327407 0.43842606103737325 0.06484643664851164
0.21159758341613977 0.07974013501684252 0.1728746315260643 0.5357876500409534
0.11710503569658959 0.5274211536778678 0.23577276678303938 0.11970104384250324
0.3250568036101299 0.28603249670873865 0.23711210867743526 0.1517985910036962
0.134426759823139 0.357692340407488 0.4621695363257007 0.045711363443672326
0.3327599576169492 0.17230196296019185 0.2707359906444079 0.22420208877845105
0.09846862942141765 0.5305408277471427 0.15678840535316863 0.214202137478271
0.1947943284958592 0.11381459764435553 0.5137035424775311 0.17768753138225413
0.220289886607821 0.592891829572072 0.1511851201258555 0.03563316369425151
0.13976349904776564 0.022419948596173356 0.6409924248141378 0.19682412754192324
0.2654434715786691 0.024232019083347156 0.3073410582092385 0.40298345112874523
0.018758146770764816 0.3224518123834873 0.22164743976146806 0.4371426010842798
0.49536200280432574 0.01608672253387744 0.30105685615401034 0.18749441850778648
0.15406612089950988 0.23080377632277305 0.4214653171882341 0.19366478558948297
0.5720088129669858 0.2642403824502888 0.0732807145741875 0.0904700900085379
