75 40 4 117.01172223359936 234.02344446719871
6.120461981073211 1.593678048304982 8.992996029102315 9.36692359456662 7.11722837238517 5.898482347823506 2.690644079422032 6.564371159665128 4.367149915468441 9.402239514447306 6.833270821852608 7.046120596411429 9.38416211041898 7.029892768763796 3.089120602353807 3.3025091594100706 3.024926413123228 1.7263058984096236 2.656002180279843 7.524544314331576 9.99037572217632 2.2885310371508174 2.9864934954524696 3.5060765666486557 7.723519835564919 9.82433787367127 8.001955825047396 7.256285448197962 9.536094476715443 1.7006343595954683 2.890587457147289 6.9893096578408125 8.194377928487345 6.74507668553688 1.2996909738486067 3.566735825401541 1.7666935426084045 8.877433006042814 9.592490874364774 7.555713968085853
1.2240923962146422 0.3187356096609964 1.798599205820463 1.873384718913324 1.4234456744770339 1.1796964695647012 0.5381288158844064 1.3128742319330255 0.8734299830936882 1.8804479028894612 1.3666541643705217 1.4092241192822859 1.8768324220837962 1.4059785537527592 0.6178241204707614 0.6605018318820142 0.6049852826246456 0.3452611796819247 0.5312004360559686 1.5049088628663152 1.9980751444352642 0.4577062074301635 0.5972986990904939 0.7012153133297312 1.5447039671129839 1.964867574734254 1.6003911650094793 1.4512570896395924 1.9072188953430884 0.34012687191909363 0.5781174914294578 1.3978619315681624 1.638875585697469 1.3490153371073759 0.25993819476972135 0.7133471650803082 0.3533387085216809 1.7754866012085628 1.9184981748729548 1.5111427936171706
0.025266517780541564 0.8665399900255191 0.03956041700088764 0.06863307519305173
0.1790259749355051 0.23614278982638437 0.5704912667768102 0.014339968461300368
0.28349574410329315 0.18463282881909915 0.33351740140762387 0.19835402566998384
0.499439359189373 0.10235670588228452 0.2799539413521078 0.11824999357623467
0.7620143501693629 0.04169883101672156 0.15530618151165065 0.040980637302264866
0.4727669339302132 0.002038448009883842 0.3150180179597225 0.21017660010018047
0.12888924772511057 0.004665138824008985 0.45237910569176465 0.4140665077591158
0.4401987920585194 0.09489207201496808 0.04593625871007179 0.4189728772164407
0.3629285626660943 0.20308227600318018 0.16069157496721354 0.273297586363512
0.09769487097691432 0.0775559324383236 0.4744279552157137 0.3503212413690484
0.5304115586966293 0.11059567092875566 0.264392464753724 0.09460030562089106
0.1207351481018426 0.13981892029717236 0.644609538820726 0.09483639278025902
0.22404769354084852 0.4870969761706164 0.15052468880966619 0.13833064147886887
0.04954795462878481 0.5071434354769689 0.3528447497804239 0.09046386011382235
0.23404508307535132 0.07047403547819087 0.4206164000717252 0.2748644813747326
0.593220007769397 0.2536314780691169 0.13906325525814078 0.014085258903345332
0.7456436508615017 0.14878012471294788 0.07609800017574186 0.029478224249808505
0.21050585800128063 0.3928179315895832 0.10237901808893068 0.29429719232020546
0.1170232925893957 0.7735146136631443 0.0179671043621068 0.09149498938535316
0.3851960686895535 0.16146781778552421 0.3086328282236108 0.1447032853013115
0.27357277062014207 0.2477624595265363 0.1410863225881016 0.33757844726522
0.17519462317842593 0.04469043631129843 0.45448822755476925 0.3256267129555064
0.42943133474261375 0.2818235871956295 0.21544373302015962 0.07330134504159713
0.15293921296398527 0.5037872307926078 0.3120569893278451 0.03121656691556185
0.08019972499412731 0.1381028929683763 0.2530220341653401 0.5286753478721563
0.2703368506495637 0.4907952994589114 0.02036754933132967 0.2185003005601952
0.12327012650874114 0.6602239823840095 0.06253634532472463 0.15396954578252475
0.20861109867118344 0.24870943728168426 0.3019259671974559 0.2407534968496764
0.05924161698045727 0.030661844609676803 0.1200795091954685 0.7900170292143974
0.0894664175230776 0.0536450593887956 0.8278433407830371 0.02904518230508968
0.25379312242454366 0.4081516329597532 0.2740206871720283 0.06403455744367481
0.11757608825364119 0.042453495875644065 0.19288806977435968 0.6470823460963551
0.0748064871812053 0.3618815954080926 0.3345803765621239 0.22873154084857816
0.7286260781306841 0.013010888169543211 0.05235758785514799 0.20600544584462466
0.014112292021196904 0.055787379672109116 0.8483681368403658 0.08173219146632815
0.15542103635031035 0.26768685877394927 0.5217867467614551 0.0551053581142853
0.2778971890122406 0.043063196723816644 0.5215351011974844 0.1575045130664584
0.35129772387761704 0.03538822006605735 0.18252218593028435 0.43079187012604125
0.7409454464970928 0.05999812988939546 0.18124461190172014 0.01781181171179158
0.7474676118968665 0.1487948539703976 0.10076308334122319 0.002974450791512706
0.2652101800507244 0.14236154911799415 0.348038917371456 0.2443893534598255
0.011494983299081274 0.1864259242492332 0.11537369503667538 0.6867053974150101
0.1083644308967946 0.39551471703179275 0.27556980294657807 0.2205510491248346
0.6443373162088841 0.08770566415006431 0.20867672205754628 0.05928029758350528
0.48728262493231467 0.04401222049732245 0.06388187401638123 0.40482328055398165
0.11706077800390091 0.30897398694852785 0.06086795766537023 0.513097277382201
0.29014621924506734 0.05035985971330881 0.3622681066582928 0.29722581438333107
0.0866576741164563 0.10497110493282902 0.6169944174722448 0.19137680347846986
0.2541726491398518 0.40991552267476417 0.3011069675680488 0.03480486061733523
0.01475583931602964 0.09261867535772061 0.38881372495068767 0.5038117603755621
0.3345370011098483 0.16879626640822198 0.0007749538995482919 0.4958917785823814
0.00024501492006312464 0.005876301592514954 0.4080673892505786 0.5858112942368433
0.09134716711117974 0.21003835052452746 0.1983231429320168 0.500291339432276
0.07716242149265828 0.48830655740985685 0.06715197484138835 0.3673790462560965
0.19950437931416476 0.2111529100866817 0.2432725206945784 0.34607018990457517
0.7345661226980015 0.054256362839984695 0.055305458316856515 0.1558720561451573
0.38742271409170137 0.03181311435607648 0.17132082186417197 0.4094433496880502
0.19134383432152524 0.16484562755662524 0.40716950706208255 0.23664103105976697
0.6700926448054068 0.02891136356669466 0.06411194016735788 0.2368840514605407
0.03945686679860183 0.1362850361232687 0.3124625634666244 0.5117955336115051
0.4251145370797753 0.1995360061405853 0.1587857845053351 0.2165636722743043
0.11409139657349998 0.007935701595984779 0.4220749168102025 0.45589798502031276
0.4672094084763676 0.29681739623361936 0.16983442555462291 0.06613876973539012
0.4764600524394932 0.400609855081123 0.09958045964281204 0.023349632836571765
0.5615407229930586 0.1182185511467535 0.12940652387740104 0.1908342019827869
0.0802642232989963 0.333703718816345 0.008340303837031215 0.5776917540476275
0.21760814088834368 0.21622369916974205 0.25674784477406287 0.3094203151678514
0.07893714458331302 0.23125028631141176 0.09884951369943695 0.5909630554058383
0.02518825934793234 0.3487846793317525 0.40424046536032165 0.2217865959599935
0.1613674380891591 0.5936678729382214 0.13344061727906265 0.11152407169355683
0.21939567086416734 0.18628312580214568 0.48075680644272323 0.11356439689096376
0.1230562634336293 0.19076258420699932 0.6131984098288586 0.07298274253051273
0.49354548607439175 0.2964779674513106 0.16238617329886007 0.04759037317543757
0.2052505141784161 0.4258216349056959 0.043723743622730016 0.32520410729315796
0.19424067215980156 0.002797088413692528 0.5953746140891557 0.2075876253373502
0.7228570343778866 0.10912044744526816 0.12472480289782262 0.0432977152790226
0.22231535181173812 0.5786124010747471 0.13565206801451946 0.06342017909899533
0.5436984005036617 0.12087733463707151 0.22779661037183452 0.10762765448743228
0.11118367407236363 0.3947828203977338 0.2591825502288919 0.23485095530101063
0.00404420885880441 0.6137645862936512 0.2494931430788474 0.13269806176869703
