84 100 4 252.86540162864165 505.73080325728336
1.4143689426833697 4.3321808450403925 3.1808644074226424 6.656320045401265 9.910990540242251 2.1752924433247594 2.562302470119843 3.3248265189371176 4.765590700143563 2.1791700394560376 3.614051128790898 5.457754852799872 9.703038830850087 3.67650876826561 6.86621742807468 5.820516078534764 8.983237427673556 8.781384228433947 9.464795408228195 1.952498246514709 6.519000876438943 2.6073172993026885 1.667593534067283 9.96339465708284 4.206465796789214 8.555270398113851 6.742642741807486 2.8866148294000324 9.805842466046476 2.245702272563431 5.979007988412547 3.4006094047951283 3.8052262684022984 3.9789850960905673 2.312478436746791 8.386832542754835 2.450056985641673 5.48509032459439 3.9792830885137285 2.753580382149586 2.316948092923351 7.180533930299622 9.951571919129146 3.5628137072461827 6.095727417314985 2.0827679302599518 1.3902665167815242 2.4206676362152404 4.897128621945015 4.394938886503589 1.5415873361248233 6.623537215727235 5.390169854011488 4.705445102926241 5.063813682233623 5.973485020822918 9.41337429096213 3.3797261759593695 1.159113899369062 7.285713986004666 8.266085025147586 6.78108539082314 5.747536598135219 8.491271923757646 4.159983996458815 2.7060726935730304 1.1555606692599014 9.826524616509568 8.299215474328697 9.647157408988909 1.1145794495250967 3.54803506124389 3.045877480233926 1.0245898301691498 4.140650739405131 4.958333939660842 2.6337734761524785 5.570439042464136 3.5452207523382753 9.568426498188664 5.273671357576801 3.3403537834387156 3.7811109221063486 1.1924142650749108 3.544133330439264 3.3214102552295737 9.531440406036264 7.506390153879377 8.461450474213503 6.161126896979164 2.1095745819559433 6.212710242597265 5.897921407582336 5.344155698407867 6.450800693278732 5.848263241985119 4.943001568793796 7.425361164276637 3.8589160700091716 3.913940713646846
0.28287378853667394 0.8664361690080785 0.6361728814845284 1.331264009080253 1.98219810804845 0.4350584886649519 0.5124604940239685 0.6649653037874235 0.9531181400287126 0.4358340078912075 0.7228102257581795 1.0915509705599744 1.9406077661700174 0.735301753653122 1.373243485614936 1.1641032157069529 1.7966474855347112 1.7562768456867892 1.892959081645639 0.3904996493029418 1.3038001752877886 0.5214634598605377 0.3335187068134566 1.992678931416568 0.8412931593578428 1.7110540796227702 1.348528548361497 0.5773229658800065 1.9611684932092952 0.4491404545126862 1.1958015976825094 0.6801218809590257 0.7610452536804597 0.7957970192181134 0.46249568734935825 1.677366508550967 0.49001139712833464 1.097018064918878 0.7958566177027457 0.5507160764299173 0.46338961858467015 1.4361067860599244 1.990314383825829 0.7125627414492366 1.2191454834629971 0.41655358605199033 0.27805330335630485 0.4841335272430481 0.979425724389003 0.8789877773007179 0.30831746722496467 1.324707443145447 1.0780339708022977 0.9410890205852482 1.0127627364467247 1.1946970041645835 1.882674858192426 0.6759452351918739 0.2318227798738124 1.4571427972009332 1.6532170050295172 1.356217078164628 1.1495073196270438 1.6982543847515292 0.831996799291763 0.5412145387146061 0.2311121338519803 1.9653049233019135 1.6598430948657394 1.9294314817977818 0.22291588990501934 0.709607012248778 0.6091754960467852 0.20491796603382997 0.8281301478810261 0.9916667879321684 0.5267546952304957 1.1140878084928272 0.709044150467655 1.913685299637733 1.0547342715153603 0.6680707566877431 0.7562221844212698 0.23848285301498215 0.7088266660878528 0.6642820510459148 1.906288081207253 1.5012780307758755 1.6922900948427007 1.2322253793958329 0.42191491639118867 1.2425420485194532 1.1795842815164672 1.0688311396815735 1.2901601386557464 1.1696526483970238 0.9886003137587591 1.4850722328553274 0.7717832140018344 0.7827881427293691
0.7927650534707248 0.03529343804804652 0.08030001106502993 0.09164149741619876
0.40685301347650205 0.069108200902121 0.4722154350737162 0.05182335054766074
0.2643735529203316 0.10796962038743507 0.2755733594477898 0.3520834672444435
0.3420358166348584 0.06768718593836498 0.08189411988228712 0.5083828775444895
0.20702036365103182 0.01120886175100344 0.3324849982329917 0.449285776364973
0.28245433747906 0.35835666197704985 0.33691926281929885 0.022269737724591288
0.004696588272405489 0.08244863477723419 0.5090945127253201 0.4037602642250402
0.11856854973737285 0.23912237212498588 0.6314074519908114 0.01090162614682988
0.11655708586008529 0.5126038066095407 0.23986281349627203 0.13097629403410194
0.39116871394190766 0.007834431035500633 0.5829033883585133 0.018093466664078406
0.14343171588218562 0.18688185231394128 0.07978407163849122 0.5899023601653819
0.4837928579603694 0.0176840758435296 0.4581841442143042 0.04033892198179678
0.049034220585271626 0.23055842347747046 0.2093022074747266 0.5111051484625313
0.31685728561258475 0.03314135948014718 0.12550036702404632 0.5245009878832217
0.23875844606493146 0.09464174109575374 0.10015685904896099 0.5664429537903538
0.03945523214365321 0.5941466851510989 0.019641674965166556 0.3467564077400813
0.0880863416960832 0.34380267941068154 0.131614459487009 0.43649651940622625
0.2551188561765866 0.2410056736889168 0.2321599827180748 0.2717154874164218
0.248051221045003 0.16514264114794153 0.18995854388411237 0.3968475939229431
0.13754686344846212 0.04516533992916183 0.20168530993864553 0.6156024866837305
0.06450087529431103 0.7136336627929465 0.1550977066778113 0.06676775523493117
0.04916895658516618 0.38348202635526696 0.35206504736197264 0.21528396969759422
0.6689515850854196 0.052028518777911925 0.2434694413531946 0.03555045478347385
0.5895110351330404 0.04786634803873269 0.0031814982383229218 0.359441118589904
0.08934285257744179 0.6674606522362188 0.24252678430466457 0.0006697108816748898
0.1459572101790425 0.22000928040679613 0.10338671342707262 0.5306467959870887
0.08884073892427724 0.1966419642966557 0.23626531429641384 0.4782519824826532
0.12752115845859924 0.5358641048860585 0.15074892856359356 0.18586580809174869
0.07514328531444325 0.08133937241957989 0.09535811131118455 0.7481592309547923
0.22070342450441027 0.2286022657459973 0.37441252609561004 0.1762817836539824
0.12340785187136172 0.6625295887224065 0.09307174033212795 0.1209908190741038
0.08061662730061703 0.1343576438862949 0.6167327757567307 0.16829295305635739
0.2955545142642497 0.10196561205813948 0.16465857688100016 0.43782129679661064
0.3342948368242167 0.08371293204798802 0.41202300203420905 0.16996922909358625
0.038831529167245304 0.36580368626896675 0.350240825469068 0.24512395909471996
0.13338248672774045 0.06076260164835767 0.04544091135978001 0.7604140002641219
0.42501733627715144 0.03068314811915096 0.29152505719007493 0.25277445841362267
0.14509429771432392 0.2533017411594449 0.548401569029088 0.05320239209714317
0.0862232794452229 0.24371985891950088 0.03801090426711384 0.6320459573681624
0.4119368934972988 0.06786772285167131 0.4526198980530102 0.06757548559801974
0.0408034519719247 0.5356530101329573 0.2850096726940299 0.13853386520108812
0.19836586003674217 0.5090993254162433 0.15784956790608573 0.13468524664092885
0.32974257788926886 0.2039891726617794 0.12131204531832418 0.34495620413062755
0.11931202492801074 0.4866717344013175 0.06006929676135597 0.3339469439093158
0.21411033602806784 0.07782235549814576 0.6077756081796156 0.10029170029417078
0.326143996857148 0.252648231196854 0.23257109841726675 0.18863667352873126
0.2795645265170553 0.45987967972531807 0.15931241308812571 0.1012433806695009
0.7389124885888465 0.15966167460932257 0.09459334028848543 0.0068324965133454985
0.10013990191319089 0.27296605369994453 0.03026104411166275 0.5966330002752018
0.7079182323088535 0.0920896089064811 0.0772293101994852 0.12276284858518016
0.15726949570382542 0.2046099661739018 0.07734832745042264 0.5607722106718501
0.6112610612743786 0.09338412948486718 0.011255614172681172 0.284099195068073
0.26917405929046545 0.11584415164198925 0.49517719592762544 0.11980459313991987
0.2969809401345802 0.025163267387800836 0.4354357316632348 0.24242006081438416
0.27979780736474713 0.010766979058789095 0.02972622247662582 0.679708991099838
0.6202296108357563 0.0659287813113828 0.09016188388011792 0.22367972397274294
0.12372847826282096 0.36314489482617696 0.32301125860790925 0.19011536830309284
0.05414074963950222 0.3898159137601671 0.12894357410712765 0.42709976249320303
0.5663753558668275 0.01136256359361576 0.24887050400895272 0.173391576530604
0.45459592119420944 0.2729884586357527 0.19984649514508568 0.07256912502495216
0.6226383208927636 0.1593775489817496 0.08454005486526195 0.13344407526022484
0.5027031007846092 0.2152583238165855 0.23343409322545317 0.048604482173352115
0.26920396405435454 0.10328305557471806 0.606851809241829 0.020661171129098377
0.00270477491511556 0.2066064569303484 0.028133079226916657 0.7625556889276194
0.26346319314936517 0.21159664059664296 0.28822463171763835 0.23671553453635352
0.21577221929388868 0.45319471004375644 0.09191107525613407 0.2391219954062208
0.05769392289222086 0.26974249313454124 0.5333146848982466 0.13924889907499127
0.039763356363143765 0.24061140297107653 0.10779312804707852 0.6118321126187012
0.24211967415287272 0.5043332400804649 0.14800564632352442 0.10554143944313799
0.23044447675712965 0.361789462438864 0.3397076295890281 0.06805843121497823
0.4200908291540406 0.1701487036343412 0.05112727460016808 0.3586331926114501
0.3644760938253193 0.03800937573729002 0.5436510665259757 0.053863463911414944
0.0781876270423052 0.43536850334675903 0.04956256191892561 0.43688130769201017
0.010709195777283687 0.24120046083487134 0.4245047411620507 0.32358560222579424
0.3985307083868751 0.09624224590302588 0.21900812893920818 0.28621891677089084
0.07907971672224312 0.08165109249400726 0.5524078335645822 0.2868613572191674
0.10275336594394857 0.46368128760137217 0.1275642550229371 0.30600109143174214
0.08290608882927175 0.7212168210910825 0.029331691713190722 0.166545398366455
0.36626149095850213 0.2529873353649198 0.2593051753108976 0.12144599836568049
0.415219062795839 0.033497981272326505 0.03499735944032434 0.5162855964915102
0.5214193881239972 0.14301242614825893 0.2360141671271403 0.09955401860060353
0.03647481065225566 0.2528333392189338 0.0644781874220608 0.6462136627067497
0.11317811974452885 0.520269542626164 0.253957371078548 0.11259496655075918
0.1643548292298025 0.21238131260065574 0.6146080979239347 0.008655760245607103
0.5402106206533264 0.09905250503064 0.17187974488430546 0.18885712943172817
0.16007333870560037 0.7068789166251028 0.12890419213025683 0.004143552539039974
0.38515777584487787 0.16757433832723923 0.04403491707632279 0.4032329687515601
0.05831689152122965 0.5328303889138808 0.30220001574622757 0.10665270381866199
0.06396546805266767 0.6619049613745012 0.21087399267781592 0.06325557789501524
0.3550230676742857 0.0013428120041355518 0.608737696895513 0.03489642342606569
0.3643471461831458 0.1247514789464913 0.31473534683248483 0.19616602803787808
0.4891541165225456 0.15679171084590016 0.14786732746580655 0.2061868451657477
0.2040281702231287 0.016215980857033685 0.7449510427999048 0.03480480611993286
0.45589170670300105 0.2040476987165779 0.11059853218949967 0.22946206239092137
0.45590066143021 0.1824774675136046 0.2478877494866959 0.11373412156948948
0.10279423761562678 0.6107775253127897 0.13597374712850663 0.15045448994307686
0.6767531158575096 0.15178808891865825 0.00456776604846687 0.16689102917536525
0.06740215171898967 0.1297456175243552 0.41577564172485093 0.3870765890318042
0.09659730446732229 0.45841686768894563 0.3684728214219306 0.07651300642180148
0.5753192536064421 0.22261872093253332 0.12116895359828384 0.08089307186274075
0.10692096760365 0.2651043906649172 0.5066445233376483 0.12133011839378449
0.03412241914895142 0.8584525325362087 0.030032300771889342 0.07739274754295056
0.07843130850332536 0.526840919399216 0.02510904602778863 0.36961872606967006
0.3864750635949675 0.1432721088074077 0.4392940407194994 0.030958786878125366
0.14530370073250687 0.3146114216255337 0.07778901001314087 0.4622958676288186
0.18586830547745126 0.009157614536135505 0.3808117343546267 0.42416234563178656
0.13869615009083103 0.45592272056456096 0.026602153590458366 0.37877897575414965
0.20813987005259416 0.22458362134679322 0.5038408195715245 0.06343568902908814
0.2626030727741798 0.19401628495223122 0.04995880888131443 0.4934218333922745
0.09965864804718061 0.43438664161070617 0.26150963674572714 0.20444507359638608
0.40420094843381627 0.05420103139779053 0.466976130718316 0.0746218894500772
0.08012925836831719 0.33387397641759287 0.0929600384404562 0.49303672677363375
0.25685306743457426 0.13941788150258982 0.09028121695920843 0.5134478341036275
0.02975778802371576 0.11105804189773472 0.06180316074277814 0.7973810093357714
0.3572588986554004 0.26269966383876775 0.25137100665615664 0.12867043084967522
0.5160831743528501 0.20514485316875875 0.011119910459836402 0.26765206201855474
0.10590407766483956 0.12880422649665413 0.5796486636197596 0.18564303221874667
0.598592561774363 0.1495518752070737 0.20811924008595273 0.04373632293261054
0.002395005244030801 0.21661733297378227 0.32543398966324577 0.45555367211894116
0.8021002163311803 0.08899890339998395 0.09861973284720027 0.01028114742163544
0.04103214352507467 0.198742560284628 0.10478772986231433 0.655437566327983
0.216781826630431 0.5860928715302289 0.11630222270985668 0.08082307912948339
0.09828370882239557 0.4553344779085897 0.045955594369027186 0.40042621889998753
0.38729305138338654 0.33815492793455393 0.0068432278739315455 0.267708792808128
0.19585158707442263 0.06942305235059376 0.5000389207435504 0.23468643983143322
0.7176306284910199 0.09312711526326889 0.17295934167829996 0.016282914567411266
0.17043807593862503 0.19522049943166941 0.23642208532105935 0.3979193393086462
0.41099295642870015 0.1854582740330717 0.21658363882011766 0.1869651307181105
0.05366439821911495 0.3916910532955298 0.14500116068176372 0.40964338780359155
0.29674276043909475 0.18395869466576353 0.24186907886547837 0.27742946602966334
0.3861743175673056 0.27590723820924856 0.053228326305386986 0.28469011791805887
0.36020399293437233 0.3206801468413776 0.22767590506923607 0.09143995515501402
0.005339604580371193 0.5973423077839111 0.08231606059232743 0.3150020270433903
0.3823021561005917 0.006934283659682294 0.5068545183009456 0.10390904193878037
0.30743506795972664 0.5569922314016386 0.12232261410459178 0.013250086534043026
0.5585278538439818 0.25706756975263734 0.06938973098212975 0.11501484542125107
0.20441816084594355 0.012711704341983765 0.5474942913179529 0.23537584349411977
0.2607590979196398 0.36158075826217095 0.00512687345462437 0.3725332703635649
0.28542862241747646 0.20550473896756938 0.016761023348211057 0.4923056152667431
0.1884918931918773 0.09577237262510929 0.6727464847098589 0.04298924947315452
0.3370528100994633 0.12106695496764097 0.49382760446778495 0.04805263046511077
0.09419353979289691 0.5093560604267898 0.1544461142787661 0.24200428550154718
0.08017698647661142 0.32047827116936933 0.17373042257345117 0.4256143197805681
0.039002652409287575 0.6449963797895806 0.1097258960381986 0.20627507176293325
0.02379185231611225 0.3345004262233595 0.16221707948152997 0.47949064197899827
0.07077775412581588 0.3374432278552957 0.31694452442307264 0.2748344935958158
0.19001086850290605 0.3474591767632541 0.1026650861617775 0.35986486857206235
0.46070875292971336 0.1436205248785254 0.10540941028099571 0.29026131191076554
0.2912169872345357 0.050226281845557 0.0709851395719483 0.587571591347959
0.10096143490763898 0.5558283655003164 0.10603244606211248 0.2371777535299321
0.19268678615468326 0.3276525832498641 0.4278676230841082 0.05179300751134441
0.43980655331204843 0.0020820926033392473 0.5242857631467354 0.03382559093787696
0.6464220334001561 0.011719700544843614 0.1860460851985679 0.15581218085643234
0.13444197565250748 0.30313875270949264 0.13597639321467403 0.42644287842332584
0.3564614246377431 0.4117945179897684 0.1640610720899267 0.06768298528256178
0.4318464562288188 0.0693658296529237 0.2355839163411968 0.2632037977770607
0.4426830673416581 0.02499313040752338 0.4599898091997284 0.07233399305109012
0.4853301623762668 0.08034663416947785 0.20821562733016274 0.2261075761240926
0.10736406411558674 0.041890618468919505 0.7205526435426837 0.13019267387281008
0.585551812472181 0.11589241729306454 0.026163155866583687 0.27239261436817075
0.06326667800204244 0.3915185656497041 0.2013052529814272 0.34390950336682624
0.17376590947001047 0.25357636887107615 0.21430440690516117 0.3583533147537522
0.8840844972533412 0.023125554287091177 0.051874154564348185 0.04091579389521949
0.17449606578432164 0.2741867537866327 0.2864205070674313 0.2648966733616144
0.414383717346408 0.19935723111408477 0.03697233334563099 0.34928671819387624
0.5417187492038209 0.36339040559785196 0.005901321188188535 0.0889895240101386
0.21934823042138107 0.2539967495949733 0.26775751373178014 0.2588975062518655
0.14054489501426526 0.017682554970666287 0.39126032964691104 0.4505122203681574
0.854078238028067 0.0995011586161606 0.02671071997030605 0.01970988338546631
0.32719604743483144 0.3181050241333183 0.24453567656844633 0.11016325186340392
0.13389773255199477 0.34255463731393454 0.29934004078600696 0.22420758934806373
0.1579483228335241 0.6402274509241551 0.1487156402207097 0.05310858602161106
0.29563613322430393 0.4796580625354151 0.059184901182277705 0.16552090305800327
0.4187733153037294 0.21409923817270549 0.04248623440745214 0.32464121211611296
0.08782256534247124 0.4287550019928854 0.44302056423392533 0.040401868430718024
0.018929326947746516 0.002450722550581541 0.815424152873318 0.1631957976283539
0.07572026226361839 0.5372605791796311 0.02754122763439759 0.3594779309223529
0.06852401045232082 0.0879844589200538 0.6797173023727591 0.16377422825486632
0.11714521405342482 0.2835119623442114 0.21041327277768818 0.3889295508246756
0.14254976580965406 0.07010975247121631 0.5282547897126955 0.25908569200643417
0.1144761404287572 0.5809818422185461 0.10838358787165014 0.19615842948104656
0.41874087506317614 0.09445098234238436 0.2336023348512476 0.2532058077431919
0.16468807107074945 0.2353207220339476 0.2575247879563206 0.34246641893898233
0.024746501234876872 0.12376845959331839 0.532173140105173 0.3193118990666317
0.1375944004135995 0.0003827796165091213 0.08886334177986632 0.7731594781900251
0.0916803734938314 0.6522852495116561 0.12761966675708492 0.12841471023742757
0.4080323926387608 0.22243208072648535 0.1183399466266265 0.25119558000812736
0.1437509565687095 0.05519059320053887 0.7998224287183643 0.0012360215123873308
0.23520346894540634 0.260383082286166 0.32626012041758656 0.17815332835084108
0.6273927370232807 0.19143683846861514 0.025784525524579216 0.15538589898352495
0.48396747389760486 0.20677631804967078 0.1363720674986567 0.17288414055406764
0.5052134932317173 0.4329632519094363 0.04880578499268862 0.013017469866157816
0.0647942120525914 0.0014861292415313532 0.8361171696505134 0.09760248905536384
0.07734788071001608 0.008376224764770956 0.7532829777232442 0.1609929168019688
0.5060920660628478 0.3014541586056444 0.011826063997623426 0.18062771133388433
0.5576263557213574 0.18690292747643533 0.05311189258953253 0.2023588242126747
0.2514552644196343 0.3498334630091027 0.15279761415634685 0.2459136584149162
0.16766641888251976 0.5238326897394622 0.19946792061611562 0.10903297076190244
0.48132136896038935 0.03422335322563108 0.24879943035741914 0.23565584745656043
0.043853932774319704 0.6906297769991676 0.1593545336705402 0.10616175655597249
