32 20 4 60.82578411764064 121.65156823528127
8.730003405637358 4.354400394777519 5.996159001987371 9.600908940925908 7.630026382101014 8.345846252012327 1.9097790427776227 9.356392633671433 6.481982520921783 6.368980925109474 1.8260572131658186 4.106676189748219 6.964772708670289 4.975421396151122 5.963390077545645 7.333412422843752 6.304611081713641 1.4493948347399197 6.056126559413171 7.8972262513679015
1.7460006811274718 0.8708800789555038 1.1992318003974742 1.9201817881851817 1.5260052764202028 1.6691692504024656 0.3819558085555245 1.8712785267342866 1.2963965041843566 1.2737961850218948 0.36521144263316374 0.8213352379496438 1.3929545417340576 0.9950842792302245 1.192678015509129 1.4666824845687505 1.260922216342728 0.28987896694798393 1.2112253118826342 1.5794452502735803
0.4520184695817405 0.45050292053047536 0.008386939555544148 0.08909167033223997
0.035147174625852706 0.1254769025718896 0.001799666355012497 0.8375762564472452
0.04506241289143076 0.12143771013459836 0.5083344067043929 0.325165470269578
0.29854124528692305 0.1954906210149947 0.20116976824249044 0.3047983654555918
0.39807244687704013 0.4652585234961689 0.12145332225075411 0.015215707376036836
0.2900171810754629 0.12931827569790688 0.03778421270680943 0.5428803305198208
0.1310919483127273 0.47306017937990785 0.3770989529282035 0.018748919379161344
0.09642990663856532 0.2615484936457271 0.06902464406402176 0.5729969556516858
0.27070274792734816 0.2020203688755864 0.15137840986969286 0.3758984733273726
0.2921747478240383 0.11290536801976392 0.02610549579999244 0.5688143883562053
0.2878295455186013 0.21628397778657105 0.19665967363741432 0.29922680305741334
0.042663541406911865 0.1287003266877068 0.45436825288968996 0.37426787901569136
0.532939677433977 0.2719828316689771 0.01024308006046859 0.18483441083657737
0.12730548551288245 0.16313075352324158 0.29645300269782027 0.4131107582660557
0.09425336503598114 0.537578341974106 0.12322197944675184 0.244946313543161
0.4066755305680275 0.12491893634728157 0.07262106181254568 0.3957844712721452
0.3813085330899487 0.32200392090788643 0.05807855307105747 0.23860899293110738
0.04512081718521643 0.47111841695520273 0.0821710963515172 0.40158966950806363
0.1595844702708844 0.33976792675886147 0.24421054154639643 0.2564370614238577
0.5659992036150545 0.045225411739629795 0.2556707046644028 0.1331046799809129
0.09290994683798848 0.3680504590444248 0.5384650811979418 0.0005745129196449428
0.534886728745269 0.17448385545388334 0.10140618389044476 0.1892232319104029
0.23857612632391179 0.06983425364382301 0.4739723695499012 0.21761725048236402
0.32895444940415053 0.13415369076329142 0.061013222553990776 0.4758786372785673
0.026169537230963602 0.47496538380041886 0.22677039584101477 0.27209468312760277
0.006928480444867158 0.3237462833794311 0.4583944303169497 0.210930805858752
0.324620836649795 0.1963568669875596 0.06725424725938456 0.4117680491032608
0.014999977413722387 0.18295184535807818 0.5862829638874822 0.2157652133407172
0.1298177834681652 0.26080869323872735 0.249662462536408 0.35971106075669945
0.3761490407356681 0.17673354942967068 0.23087903867141657 0.21623837116324462
0.13312513390074243 0.0771894112179734 0.5660949112257508 0.22359054365553332
0.22638685431719807 0.01907736366938373 0.38885881562799307 0.36567696638542513
0.37485617684307626 0.36052937154179854 0.14426385154036503 0.12035060007476017
0.21281150919852043 0.1755556838664729 0.26748016025531507 0.3441526466796916
0.1277268853895156 0.4511437992008036 0.37869171961739023 0.04243759579229056
0.18538948338062677 0.03732992878480956 0.6078595630346882 0.16942102479987542
0.25379794096199493 0.023255977162616737 0.006412630780323614 0.7165334510950647
0.741187880381986 0.20136762650014006 0.05238254724947622 0.005061945868397699
0.045708724123834754 0.3719037453834151 0.2649023949801702 0.31748513551257995
0.205985753770769 0.21592384740515347 0.5301672067695437 0.04792319205453388
