58 90 4 243.86271101817724 487.7254220363544
4.285950247204245 5.060853243040041 5.464543138910106 1.6805985993562325 6.145854240949488 3.6067060519656273 3.779240129095823 4.3738854985469855 8.342710069879129 9.719512243365816 8.09993097248023 4.426136444378569 2.4644459470403417 5.926489090572676 8.019466110333443 3.7003933606021504 6.875526592900989 3.6684912691597042 1.2936633796624233 9.538797193716821 2.374678692418283 3.509981151471286 6.170570644836414 5.984972826419963 1.7151378891353266 2.483131369809502 7.548066668835 2.1069983855849124 4.306484536293279 1.128371578819094 5.645087833798616 3.1626694784507494 5.550142047202594 4.342433591070812 4.336590856814192 4.822597335732367 6.207537479484383 6.3972190255196235 5.880344292996898 8.594663247928109 3.559245153700463 1.74485484098178 6.92503735858805 2.9876086413635665 8.418076264808217 4.576938127170532 7.078546091122522 9.175355920086448 7.149785536388647 9.471285298261112 9.743614659159338 6.200742668748335 9.906038720685617 3.4069367001375417 6.027373295795908 1.11575655647608 7.7395647130797425 8.93762544476982 1.1757102635820302 3.892591729223033 1.2405088829521138 8.0550007790955 6.335364582434159 6.096968576269441 9.11617261652981 6.233978384464723 8.155576686654111 6.340846463604706 7.153543697688028 4.75632944410564 3.0453782103682507 3.5589244486240306 3.881250961158904 8.851026809620386 5.588782850534084 1.9265630005070609 6.904581747411439 1.5817067271331795 9.185286975415822 6.133254744074497 7.820247708553361 9.464715165815067 1.3892916383662919 1.479897948504405 7.400887836909102 5.9324204586540885 6.951714393484108 4.064824970543867 4.618300057461568 6.48851452950587
0.8571900494408491 1.0121706486080082 1.092908627782021 0.3361197198712465 1.2291708481898975 0.7213412103931255 0.7558480258191647 0.8747770997093971 1.6685420139758258 1.9439024486731633 1.619986194496046 0.8852272888757138 0.49288918940806836 1.185297818114535 1.6038932220666886 0.7400786721204301 1.3751053185801978 0.7336982538319409 0.25873267593248467 1.9077594387433643 0.4749357384836566 0.7019962302942572 1.2341141289672828 1.1969945652839926 0.34302757782706533 0.4966262739619004 1.5096133337670001 0.42139967711698245 0.8612969072586558 0.2256743157638188 1.1290175667597233 0.6325338956901498 1.1100284094405188 0.8684867182141623 0.8673181713628384 0.9645194671464734 1.2415074958968766 1.2794438051039247 1.1760688585993795 1.7189326495856219 0.7118490307400925 0.348970968196356 1.38500747171761 0.5975217282727133 1.6836152529616435 0.9153876254341065 1.4157092182245044 1.8350711840172895 1.4299571072777293 1.8942570596522224 1.9487229318318675 1.240148533749667 1.9812077441371234 0.6813873400275083 1.2054746591591816 0.223151311295216 1.5479129426159486 1.787525088953964 0.23514205271640604 0.7785183458446066 0.24810177659042276 1.6110001558191 1.2670729164868317 1.2193937152538883 1.823234523305962 1.2467956768929445 1.6311153373308223 1.2681692927209411 1.4307087395376057 0.9512658888211281 0.6090756420736502 0.7117848897248061 0.7762501922317808 1.7702053619240772 1.1177565701068168 0.38531260010141216 1.3809163494822878 0.3163413454266359 1.8370573950831646 1.2266509488148993 1.5640495417106721 1.8929430331630133 0.27785832767325835 0.295979589700881 1.4801775673818205 1.1864840917308177 1.3903428786968217 0.8129649941087734 0.9236600114923135 1.297702905901174
0.14484819856710662 0.5875335149207781 0.23544357408753025 0.03217471242458503
0.013077797949059389 0.38004643858791576 0.5024663817286559 0.10440938173436898
0.2065832323107859 0.2378595645813557 0.3340769241343797 0.22148027897347866
0.13088153716354956 0.5729185986548353 0.138655521975798 0.15754434220581714
0.4584893254042859 0.06744071015874231 0.44227673994272354 0.03179322449424826
0.5518723540839358 0.23625442843421374 0.1084232847779627 0.1034499327038878
0.06850929791416993 0.4917675977418643 0.24578039232567406 0.19394271201829172
0.08881795606246179 0.6570725131178903 0.17908674191266727 0.07502278890698066
0.109827314823014 0.5100564635376929 0.36769026498830226 0.012425956650990888
0.3417847153949394 0.568875324777026 0.009386572096368506 0.07995338773166616
0.4191243283463809 0.28250001708380656 0.06866057831935035 0.22971507625046217
0.5497167680972032 0.1382434455498578 0.0707378019230861 0.24130198442985296
0.2216408566705239 0.2973871341770771 0.21859069978126766 0.26238130937113135
0.306392563858085 0.318407360522844 0.05111377228936487 0.3240863033297061
0.02778964759389002 0.36693911784445343 0.07638619790154355 0.528885036660113
0.08010085656955124 0.01880383686515541 0.0026304761118191022 0.8984648304534743
0.21314255392791936 0.09205814684173896 0.4008809619071204 0.29391833732322126
0.14436744306745597 0.14987742941000815 0.500449815839835 0.20530531168270083
0.12231744710801074 0.05974199235449695 0.3796005103371618 0.4383400502003305
0.039993755006489495 0.36152853464136503 0.21673416187997518 0.3817435484721703
0.5771724533594044 0.0406492265348708 0.24627946488623909 0.13589885521948575
0.0803899819601317 0.2693484616115319 0.2907724475700425 0.3594891088582939
0.259153391823408 0.2721045310187288 0.302220343140168 0.1665217340176952
0.0761162810800049 0.03573160710375112 0.5848134526019323 0.3033386592143117
0.1885653021594894 0.2645005351182541 0.32477704097151083 0.22215712175074565
0.032630745659982585 0.8483565863022646 0.043202369791422224 0.07581029824633057
0.6201919950953766 0.27854755452489355 0.09827733031798314 0.0029831200617467246
0.19710149329851578 0.2244527000221187 0.07650545433690492 0.5019403523424606
0.024939241302277204 0.2934798931549353 0.17365159000523012 0.5079292755375574
0.550242708433464 0.02182005875315196 0.0038714505189341164 0.4240657822944499
0.17108611767227933 0.676151365495341 0.0829361082740413 0.06982640855833833
0.43169212656285194 0.005170577391319209 0.522313980844855 0.04082331520097382
0.09220313098727817 0.09140115226060308 0.1342327433594993 0.6821629733926194
0.008613837738724928 0.1013880110692712 0.6935704302973599 0.196427720894644
0.12560422056711773 0.34584374459080347 0.3843797718284061 0.1441722630136727
0.5282222486366176 0.1319573654614209 0.11351121518464102 0.22630917071732048
0.04861413952965421 0.27329644212869797 0.6511109680428039 0.026978450298843937
0.0742301042530581 0.43950930100976726 0.3003263014331191 0.18593429330405553
0.5408379455338316 0.025438658297263883 0.2715180330539908 0.16220536311491374
0.25184243028209863 0.18048571221072718 0.5081434099812896 0.0595284475258846
0.15737256368450636 0.18322586874202407 0.6308818880467822 0.028519679526687325
0.12438167575151426 0.027020999860891348 0.0768444522687114 0.771752872118883
0.062366854451980425 0.20011240174705103 0.031438481320338996 0.7060822624806296
0.2413411458590371 0.09849948682787046 0.12479976562992334 0.5353596016831691
0.340376966329897 0.38111083081552843 0.12781851189383697 0.1506936909607376
0.23625274440958377 0.0051649198765860715 0.28064798565552895 0.4779343500583012
0.02000435376476961 0.15280023181376678 0.7437450508712768 0.08345036355018676
0.14872136960860538 0.25554871544822855 0.38776257877198483 0.20796733617118124
0.5684958543457621 0.38801570902726756 0.037628708718503545 0.005859727908466783
0.04836513557303268 0.6000546578436168 0.01691680068882917 0.33466340589452137
0.03973929231616735 0.320817099237361 0.05859123374048825 0.5808523747059834
0.4147247393750576 0.12825359202497877 0.14947847686882154 0.3075431917311421
0.10666273774068469 0.3343453384722098 0.5576528999330951 0.0013390238540104127
0.20640005100507786 0.11137989342675758 0.4163444896572741 0.26587556591089045
0.07963537511537433 0.2724083574679994 0.011464191418656733 0.6364920759979695
0.21504979890264597 0.2616225444611737 0.020206456415613916 0.5031212002205664
0.41007812860439274 0.3207165723287908 0.25074047510543296 0.018464823961383492
0.03923584389315493 0.04780993638801123 0.8933418479552379 0.01961237176359598
0.03791297724661902 0.21664082810416152 0.2614419372393644 0.4840042574098551
0.666237861220035 0.16563498689164613 0.1354464204247301 0.03268073146358874
0.146268106729168 0.30214782934036044 0.11055208510793713 0.4410319788225344
0.19437236673231206 0.6596193336696407 0.07577536049987899 0.0702329390981683
0.2883134969757689 0.32288182675437194 0.13512219453027996 0.2536824817395792
0.21483462475232273 0.27083770980012534 0.28609898609998885 0.22822867934756308
0.07295138665507017 0.6358350218762256 0.18309536563671602 0.10811822583198816
0.1871552643147386 0.2899040222586964 0.22057317613730476 0.30236753728926025
0.4382607086224698 0.3665841102908002 0.09534392712039186 0.09981125396633816
0.10055101513463804 0.8368261185355377 0.022531247410022548 0.04009161891980173
0.40649834640748994 0.18758051064824421 0.3754449302616344 0.030476212682631454
0.1417619348409429 0.8143977262463529 0.024134669523262597 0.019705669389441627
0.00648977881348578 0.44237839253023314 0.497112035945806 0.05401979271047508
0.3094793725141416 0.46435659256651907 0.061061349273727195 0.16510268564561215
0.3566526605655145 0.29651789484370283 0.0722954860072661 0.2745339585835166
0.32049130641075096 0.25630236817345553 0.1493922418246597 0.2738140835911338
0.4504920650989246 0.26760490764288214 0.21668677915734458 0.0652162481008487
0.5859572501798623 0.0366379374273641 0.11658407413108984 0.2608207382616837
0.23072828167604542 0.14335226045682514 0.1079511209919326 0.5179683368751968
0.24396139822623608 0.10400793367413219 0.023629649293518407 0.6284010188061133
0.17893965207142015 0.07873482334707216 0.6836866218043112 0.05863890277719652
0.16950754324733963 0.5402615673509538 0.2298529566096308 0.06037793279207582
0.09433245827179249 0.22919048534027275 0.3671484987407213 0.30932855764721345
0.029912533538245523 0.12268721496720336 0.7804935564401368 0.06690669505441427
0.28588319412416807 0.28546307200449406 0.11497400712625383 0.31367972674508404
0.6401496250290649 0.0657738625769203 0.12224064853655692 0.17183586385745786
0.20738175631592082 0.03647685415504287 0.18003333514323938 0.5761080543857969
0.0435030280340879 0.13699926645495175 0.6918895474861599 0.1276081580248004
0.030942376044094333 0.46602719292558437 0.07333641295357807 0.42969401807674323
0.09397878980087282 0.29593536431808254 0.015609459374435697 0.594476386506609
0.34964609380343803 0.1745551086480407 0.3077633870021341 0.16803541054638715
0.3586397785335108 0.1491490135120288 0.26412358044301454 0.22808762751144585
0.08354141602970644 0.044692668911654576 0.28795854372670193 0.583807371331937
0.06993689982266416 0.10928668873949976 0.04025752161177487 0.7805188898260612
0.06331719542470648 0.21387055966100854 0.5914256479310654 0.13138659698321953
0.12650899156702633 0.5904382089544435 0.2203651237436356 0.06268767573489453
0.6151328864024215 0.30663431776953953 0.07673190594883772 0.0015008898792012726
0.01087047835302668 0.11665982391281504 0.2022673313401474 0.6702023663940109
0.3127389065366907 0.319538703990616 0.07986937882552791 0.2878530106471654
0.21542024864515907 0.08993261025167043 0.05372142321851103 0.6409257178846595
0.017440138610337774 0.1892861786513933 0.07378041721579554 0.7194932655224734
0.4675030416509314 0.11263368708706833 0.1548969635608648 0.2649663077011355
0.25349543304777356 0.6372240728309052 0.01885045674345398 0.09043003737786726
0.3369688014394495 0.4888076903037487 0.07239053925993566 0.10183296899686611
0.3477178822445288 0.31312726403507873 0.19648143825012387 0.14267341547026857
0.09959776466548043 0.2104909593139046 0.3394190057531432 0.35049227026747176
0.052898133896164046 0.15422673294686395 0.4629809741575531 0.3298941589994189
0.04133771357373295 0.020200027512238927 0.5814998666425294 0.35696239227149873
0.11823226502810602 0.39739541191675753 0.2792162727365505 0.20515605031858597
0.4226870072784531 0.34186713776927224 0.15515045433908214 0.08029540061319251
0.44298905948957934 0.3656951253046341 0.01670519042411822 0.17461062478166833
0.00174259113006614 0.15661749736694497 0.5214578809670498 0.3201820305359391
0.30866987598898155 0.5349708501221785 0.10363134057119894 0.05272793331764103
0.37720505370666557 0.11496885826674919 0.010577916603945914 0.49724817142263933
0.031113022038775195 0.11515094260104886 0.753618936750891 0.10011709860928497
0.07676722784389878 0.22635740604775 0.13939327399857226 0.557482092109779
0.09873834447024421 0.06774150786132382 0.25059902431585535 0.5829211233525766
0.32786785494626003 0.4204279771852968 0.13824140425677045 0.11346276361167273
0.2140608743763165 0.017826293141600558 0.32700550902517045 0.4411073234569125
0.03863879758875677 0.013794174845274898 0.30846207719428986 0.6391049503716785
0.20331491968195314 0.55088131873871 0.09847429248299644 0.14732946909634037
0.053801092143879514 0.6000675838250128 0.12124548976168825 0.22488583426941944
0.3307827130791646 0.14638705607497693 0.04183854740557702 0.4809916834402814
0.47440615201179015 0.14882693366630295 0.17342579728587104 0.20334111703603586
0.06718481324498626 0.39715002869233407 0.5251460966100387 0.010519061452640921
0.005002479382960057 0.5298257835382069 0.05289792007913119 0.4122738169997019
0.4239248404218039 0.1806285573962808 0.27982917602636526 0.11561742615555004
0.17354490750059892 0.031676827449881984 0.6979931629464275 0.09678510210309155
0.3633560239855169 0.5445324224162056 0.01102245012032499 0.0810891034779525
0.020948863145524244 0.13199541145243743 0.234111076785246 0.6129446486167923
0.037303866448964995 0.12664599588084724 0.11938467770587924 0.7166654599643085
0.13907751359789955 0.6487108815448464 0.15099882052754332 0.06121278432971078
0.2701175565609386 0.28340955208380414 0.4388461988118124 0.007626692543444835
0.41433574475915125 0.24432351929586438 0.34055916504915906 0.000781570895825312
0.3230495191583883 0.3429163209737659 0.214286059856158 0.11974810001168779
0.2549917352890442 0.05016959793047615 0.11749912767824355 0.5773395391022361
0.5293366315992039 0.4058886868210275 0.007151984320839855 0.05762269725892877
0.012817079546836418 0.4381630936426748 0.27280111199543167 0.2762187148150571
0.2353565939308776 0.011891850140822724 0.16983374501327597 0.5829178109150237
0.09773741134456415 0.08954376030121503 0.6158754631912033 0.19684336516301748
0.11073486528432841 0.01805942010071493 0.1973952611979647 0.673810453416992
0.25678509207782274 0.5461227190486176 0.09941669174375567 0.09767549712980395
0.5633051638513564 0.1345159792085051 0.27634499134912227 0.025833865591016192
0.7532146388476789 0.0363360609495228 0.04180364476249987 0.16864565544029841
0.2841931234286823 0.2652478130469168 0.011116344539416345 0.43944271898498455
0.19227725675691232 0.04256987639306642 0.22292107680176865 0.5422317900482526
0.3233718839706504 0.44154985195333507 0.13969779224453482 0.09538047183147969
0.011194193567789057 0.023095734001203128 0.3443105528911432 0.6213995195398646
0.023489979975232944 0.7829797678998331 0.02744604584376331 0.1660842062811706
0.19916368796160688 0.14576062461611483 0.42182183900472237 0.23325384841755592
0.27479666469155817 0.3732072896256823 0.06406084496822839 0.28793520071453116
0.10492471681368465 0.6067417914109534 0.24943105486212058 0.038902436913241356
0.057678950591610434 0.13895327556794967 0.25905654463105565 0.5443112292093842
0.1733323579489574 0.36196586101557016 0.3367522991165506 0.12794948191892186
0.03715683863702568 0.5566266151505366 0.1620021221114759 0.24421442410096184
0.5665330167690328 0.05339548160402141 0.33221905218347036 0.04785244944347544
0.17103066732033212 0.13851858364065184 0.3002037905756346 0.3902469584633814
0.2579790208189019 0.3476511839982501 0.16694927041316254 0.22742052476968544
0.29497562647070097 0.1178166962290994 0.4512407601901284 0.13596691711007125
0.006791124823995576 0.45740870200643224 0.17531116267263758 0.3604890104969346
0.42993359920388696 0.02277242235460797 0.07349802365035318 0.4737959547911519
0.42871748519847075 0.22010713004002358 0.11706841209733687 0.2341069726641688
0.555779002863585 0.27595253728848956 0.1569133038488182 0.011355155999107303
0.6015396032516653 0.011570683213414812 0.36258317510320903 0.024306538431710822
0.1718516963007065 0.24100491113361489 0.0230221812712319 0.5641212112944467
0.28322483329800896 0.10799811003921878 0.5289914729407137 0.07978558372205857
0.1619206138511079 0.35797221276835955 0.014759298845326008 0.46534787453520654
0.04235033540705946 0.18925998471509287 0.44859690993037815 0.3197927699474695
0.036179663226488135 0.3522213736216513 0.09427483878910725 0.5173241243627533
0.11166191032769657 0.30466964905527694 0.2181684100472051 0.3655000305698214
0.3534996402372941 0.21893781802719336 0.2591015729989191 0.16846096873659344
0.08722850552495054 0.5720232267543582 0.29147191628204516 0.04927635143864606
0.6949921343852875 0.13195928298068316 0.09010050464023889 0.08294807799379045
0.5391151448431152 0.035313755545454795 0.026950252425142374 0.39862084718628765
0.2981631580291907 0.1843786521679991 0.07445735511339047 0.44300083468941975
0.05238492564342012 0.09670481462281966 0.5508990227161099 0.3000112370176503
0.1136409358332422 0.09653359200313083 0.2289963684310805 0.5608291037325465
0.6438315758312564 0.015664227889939486 0.15967934965390795 0.18082484662489617
0.02234610324162889 0.2315366766295357 0.6845522735175389 0.06156494661129652
0.09889467067977076 0.6934502470128028 0.10701883505113385 0.10063624725629261
0.27967600109829027 0.12207749174584759 0.572555263645941 0.025691243509921136
0.4209916205065827 0.3261774904101098 0.010412800052860605 0.24241808903044693
