63 20 4 50.904949829427956 101.80989965885593
5.985469202505278 4.566231043348301 1.4331409532206902 5.731053049835674 2.377347236307013 5.500091448947385 3.304781017445328 5.887838420825595 5.934395075666245 3.032098424709843 1.8032167985742558 5.066826627134538 7.960460596276131 7.139031848248497 8.759271930191854 5.084604967186923 6.124959653745853 1.047449284762255 8.870717967444769 6.200914112479511
1.1970938405010556 0.9132462086696602 0.286628190644138 1.146210609967135 0.4754694472614026 1.100018289789477 0.6609562034890656 1.177567684165119 1.1868790151332491 0.6064196849419685 0.3606433597148512 1.0133653254269075 1.5920921192552262 1.4278063696496994 1.7518543860383708 1.0169209934373846 1.2249919307491706 0.20948985695245098 1.7741435934889538 1.2401828224959022
0.193461556210612 0.4884180535289475 0.26334947209138126 0.05477091816905921
0.023410456838073967 0.6456939114355439 0.2967831184099965 0.03411251331638565
0.29309260314011454 0.0025423124701982047 0.019008907189838165 0.6853561771998491
0.11023417417608061 0.3486298056654371 0.24073152441201728 0.300404495746465
0.26186723837129144 0.6482839098243582 0.07630163018302716 0.013547221621323158
0.40519864457010535 0.15291322243927719 0.11276391825649956 0.3291242147341179
0.9124389664039806 0.04056184627755588 0.014771149154255814 0.03222803816420772
0.5515358133156282 0.3662804356881143 0.018473975987258306 0.06370977500899921
0.4872058009313527 0.11547022779995642 0.3786796326773829 0.018644338591307985
0.34318093403268435 0.5337241272694233 0.09239044775262606 0.030704490945266283
0.15392172555529515 0.0068839706131123 0.5773160692798281 0.2618782345517644
0.48281472628980415 0.2059713794700273 0.22897554260745068 0.08223835163271787
0.4465376354012137 0.10423713917189403 0.407440119694369 0.04178510573252325
0.12542122434175307 0.00275063797743913 0.27772827013069123 0.5940998675501166
0.3119102614035103 0.08502996144429065 0.2946782076509672 0.30838156950123186
0.14881209990661093 0.18119876348223407 0.3376821518957299 0.3323069847154251
0.562122668791251 0.09188247453921106 0.020097201749688542 0.32589765491984946
0.6249256087975981 0.024115602412711157 0.3304251971797204 0.02053359160997037
0.08589182170647036 0.13918455927421536 0.2852169281713137 0.48970669084800056
0.09382234503158726 0.16711656510061101 0.6685252752746125 0.07053581459318925
0.8025594797228013 0.08779143592610439 0.0014359615725308972 0.10821312277856343
0.3998269963150798 0.34232180682512836 0.1782912614369231 0.07955993542286877
0.2358622014173526 0.2552347108661689 0.05033999220876917 0.45856309550770935
0.34687864778266486 0.05478381262631471 0.20074643968593509 0.39759109990508534
0.18107984952091305 0.4175375983246008 0.08864693258007883 0.3127356195744073
0.5378973482166236 0.06678497542958839 0.3371434911561493 0.05817418519763873
0.0025798305263317056 0.052150586764776574 0.7923521744070292 0.1529174083018625
0.25002634098670573 0.4869024925250529 0.0868151780163876 0.17625598847185375
0.5579421001697737 0.04256650850398602 0.0063463295946484255 0.3931450617315918
0.18562775810391152 0.43428228493069265 0.17997629089934153 0.2001136660660543
0.019201335402125763 0.084426884191383 0.636521616879844 0.25985016352664725
0.020468516786217972 0.07449375138495162 0.5137087297136309 0.3913290021151995
0.0625368175255695 0.25268405412201345 0.23639220232067104 0.448386926031746
0.23391572794400706 0.0047112964943157865 0.18825317438629985 0.5731198011753773
0.4091380468857855 0.34498255350564744 0.17108248938677595 0.07479691022179114
0.37577170299566 0.12652452578018059 0.3252672112238094 0.17243656000035001
0.08650182292070141 0.6262711809958312 0.08403642836419911 0.20319056771926824
0.35114942167279584 0.5224810531715802 0.10610573420399894 0.020263790951625005
0.12998945288880792 0.512360088768386 0.22514235129525906 0.132508107047547
0.2990872963019978 0.01657978975298091 0.34461596743933276 0.3397169465056885
