7 90 4 251.30274453806675 502.60548907613355
1.6867746043656147 8.019269130161032 4.945683082968042 7.511186600478471 9.801905607969424 5.846462833693903 5.510084172939441 1.648460200237854 3.4159508209168408 5.49894250743004 7.113069965088465 8.23365132493938 4.4284701983368455 1.593427122153146 3.593310393771942 9.186341749476522 2.9204681822192393 5.069115656359148 9.380854177201195 1.224093047953132 6.404940257177103 9.55116550372281 3.0727259111886833 5.936409273124274 9.182155373980581 2.1985250118332513 5.710713226063892 7.753688731918314 7.021119167955224 5.209775737704827 2.843641812680156 5.416893001819634 4.3514622044655304 5.296610393664295 4.293013472025336 8.541261948783346 7.917827558675584 3.8259520949139594 6.153627993795586 3.484441434976256 5.075586392917604 4.176805293499552 6.916595165017824 4.333159746892317 5.131836801022883 7.473917102581374 4.716926462024511 9.157809422479048 2.6240645728241345 7.670069856219379 4.801366392788263 4.838082154164481 6.709418817704549 5.706155809255107 4.733973805954989 1.0128419250648237 1.8303611126207686 7.384549543526915 5.719110370886775 7.26544417165272 9.599214907026333 7.146224689378758 1.478158216056618 3.779674163774174 6.333352185910357 3.116083665317179 9.684738995825143 9.505434014135144 8.635607927539198 5.25091596659562 8.573290434085575 2.1799957811312254 3.7786029156805188 5.166967547389754 7.676624806151201 5.37242705838007 2.231885069177058 4.091828767339225 3.919835527051987 3.7037701388623576 2.489512604192087 4.734115953159268 5.03308591752451 7.974103382326154 8.167516307042936 5.701511152014507 5.145672665469492 8.003922413895069 8.985600566674613 7.074268928801089
0.3373549208731229 1.6038538260322064 0.9891366165936084 1.5022373200956942 1.9603811215938847 1.1692925667387806 1.1020168345878882 0.3296920400475708 0.6831901641833682 1.099788501486008 1.4226139930176929 1.6467302649878761 0.8856940396673691 0.3186854244306292 0.7186620787543884 1.8372683498953044 0.5840936364438478 1.0138231312718298 1.876170835440239 0.2448186095906264 1.2809880514354206 1.910233100744562 0.6145451822377367 1.1872818546248547 1.8364310747961163 0.4397050023666503 1.1421426452127785 1.5507377463836627 1.4042238335910446 1.0419551475409654 0.5687283625360312 1.0833786003639267 0.8702924408931061 1.059322078732859 0.8586026944050673 1.708252389756669 1.5835655117351168 0.7651904189827918 1.230725598759117 0.6968882869952512 1.0151172785835207 0.8353610586999103 1.383319033003565 0.8666319493784634 1.0263673602045766 1.4947834205162747 0.9433852924049022 1.8315618844958095 0.5248129145648269 1.5340139712438758 0.9602732785576527 0.9676164308328963 1.3418837635409098 1.1412311618510214 0.9467947611909977 0.20256838501296476 0.3660722225241537 1.476909908705383 1.143822074177355 1.453088834330544 1.9198429814052667 1.4292449378757515 0.2956316432113236 0.7559348327548349 1.2666704371820714 0.6232167330634357 1.9369477991650286 1.9010868028270287 1.7271215855078395 1.0501831933191241 1.7146580868171148 0.4359991562262451 0.7557205831361038 1.0333935094779507 1.5353249612302402 1.0744854116760139 0.4463770138354116 0.8183657534678449 0.7839671054103974 0.7407540277724716 0.4979025208384174 0.9468231906318536 1.006617183504902 1.5948206764652308 1.6335032614085871 1.1403022304029014 1.0291345330938984 1.6007844827790136 1.7971201133349226 1.414853785760218
0.040655809436685786 0.23590726301444842 0.5239159765473294 0.19952095100153644
0.06925207000983546 0.07789550193185757 0.6496133849902093 0.2032390430680977
0.5998544375434464 0.21297511262025992 0.008398058142853215 0.1787723916934405
0.0071432752789984955 0.4559929427591488 0.07830591405707232 0.45855786790478037
0.12814785400273287 0.531010543067828 0.16929479792556446 0.17154680500387465
0.16952372356620915 0.054554913380110204 0.6328969891654408 0.14302437388823985
0.16910106336538333 0.3635437415782903 0.4424948762134421 0.02486031884288431
0.4415297427026398 0.40381541606133364 0.06383730499687523 0.09081753623915134
0.03552880483036336 0.5141853159703641 0.11525484210403358 0.33503103709523896
0.008216505039312039 0.055405780659239845 0.7442485607549997 0.19212915354644844
0.023190368099362146 0.1113800905453255 0.5621254435447253 0.3033040978105871
0.010579906938345762 0.5797659473679894 0.4022118648663051 0.00744228082735976
0.6096147983345592 0.161827546229123 0.15517059320637439 0.0733870622299434
0.023903026142330863 0.2533165565519644 0.633493871593943 0.08928654571176176
0.18140428905736694 0.1793762047278542 0.3117805357368916 0.3274389704778873
0.19250821895985537 0.3424835419680603 0.20209629862437506 0.26291194044770927
0.1068767442566414 0.2714993891747779 0.5403330717108488 0.08129079485773194
0.23267109563197375 0.04364609057881963 0.6462859668671634 0.07739684692204318
0.6501283286286327 0.0946953450531769 0.007129887460397999 0.24804643885779243
0.6035595516954865 0.05289073484311557 0.015918931890684385 0.32763078157071357
0.039628573866894334 0.38499695892874697 0.5488500354740595 0.02652443173029917
0.30765459009285157 0.45343015412883436 0.05766024840161288 0.1812550073767012
0.4448123649543787 0.15123675517077173 0.2995608650897915 0.10439001478505805
0.6295501714623319 0.05535386559778188 0.10051668452539586 0.21457927841449032
0.2893728115784362 0.33947859148621085 0.1984249259149501 0.17272367102040287
0.09934751415963061 0.7475590463003434 0.045430896795258024 0.10766254274476794
0.3104945664957425 0.23213709095198898 0.3527351270893305 0.10463321546293802
0.035273336313462744 0.5220442895545165 0.004423030200897182 0.43825934393112354
0.05260174257878858 0.5456594849930423 0.3869584278077157 0.014780344620453412
0.37087489928948425 0.5056572572000879 0.012456440394536972 0.11101140311589086
0.2451093526405581 0.083940191246204 0.0762180963471929 0.594732359766045
0.13486463139689686 0.030112084111605264 0.13303653369235136 0.7019867507991465
0.5302053860915623 0.20121589280854435 0.19953339884009302 0.06904532225980031
0.05275579312450329 0.03982601002045394 0.056643147546129535 0.8507750493089132
0.21478785120871058 0.293563824679679 0.440076620170329 0.05157170394128141
0.005641953918997911 0.04213125876693791 0.8903616083424134 0.06186517897165078
0.39860229097586564 0.14045440970577028 0.28405541097890585 0.17688788833945823
0.29857942813439897 0.4190570072789497 0.15142195089232124 0.1309416136943301
0.23783677370292255 0.13636312375867155 0.1308534697397471 0.4949466327986588
0.10355858036340682 0.09221574895904738 0.7394003570218156 0.06482531365573019
0.03903315147522535 0.01292374365726423 0.8410201089575087 0.10702299591000175
0.0087991107002795 0.15691481404583796 0.7870374700492307 0.047248605204651795
0.10992797653721198 0.5474984086246457 0.2564935535606939 0.08608006127744838
0.512547003441387 0.033691425453386326 0.1944083019650158 0.25935326914021084
0.7347369077925268 0.07305072342430441 0.025152477516944605 0.16705989126622423
0.16082576513729407 0.6470871870019029 0.1569333868877646 0.0351536609730384
0.23576232699798172 0.12089972171659169 0.1827441612360835 0.4605937900493431
0.27454222792907357 0.17524138100081454 0.021967079921524024 0.5282493111485879
0.17900540683472177 0.29188258989434646 0.1735268995333723 0.35558510373755947
0.34246012540114046 0.4977590302801691 0.1496949783719207 0.010085865946769745
0.27480238333460283 0.14902755053195627 0.0771553367273633 0.4990147294060776
0.4371966684315023 0.10476616950225714 0.2650924811383535 0.19294468092788708
0.3517016767403299 0.5373222188288792 0.09217146202653381 0.018804642404257055
0.22438840593729437 0.34517148078813886 0.38088551861270314 0.04955459466186363
0.2812317068822252 0.20649344578526296 0.16897952772578673 0.3432953196067251
0.6463560193551533 0.26884504847438806 0.007138529702342522 0.07766040246811612
0.048692537116349466 0.22252027077575387 0.18740143305585955 0.5413857590520371
0.37415764755276726 0.23093125510296264 0.21725866558024076 0.17765243176402934
0.21674199029017294 0.006896769655807766 0.025043106211187882 0.7513181338428314
0.09926346308256806 0.3134857791814314 0.5232753791421888 0.06397537859381175
0.344659037128738 0.04190732570614708 0.4753003566877978 0.1381332804773171
0.3673556084639532 0.043673493941989605 0.10870021507278338 0.4802706825212738
0.504273983084654 0.3234263095670896 0.15781594904362573 0.014483758304630667
0.07418767473225829 0.014719295995285875 0.7098557405240653 0.20123728874839053
0.09751452691002915 0.06646775067719712 0.5345643607593671 0.30145336165340664
0.20425397855343008 0.75589071306767 0.0007331575146931613 0.039122150864206784
0.27220994867786064 0.09631334401185399 0.3567485297000681 0.2747281776102173
0.1490790498675565 0.45457392399035546 0.21701336068061883 0.17933366546146923
0.4786986863177315 0.15144659812401218 0.33447203481073673 0.0353826807475196
0.015910411244439815 0.11316298954331361 0.3593827696432287 0.5115438295690179
0.039408558168117946 0.31738613219922795 0.560190684611245 0.0830146250214091
0.37572270111652595 0.23141484578363924 0.32623015803714916 0.06663229506268564
0.00974250291163048 0.6084431993078274 0.3510903932295413 0.030723904551000825
0.2423982425050334 0.34047993394958864 0.34366053258942875 0.07346129095594922
0.2292049514102351 0.047865231385280316 0.09133777668583165 0.6315920405186529
0.1787653995049835 0.5237369852282202 0.18998075616993293 0.10751685909686337
0.13523555336854598 0.6389959991866752 0.13280582426456955 0.09296262318020931
0.12384907739358952 0.17014650042479318 0.616878286452479 0.0891261357291383
0.0063768281012825945 0.2435847551778174 0.18110673817732825 0.5689316785435717
0.10336897269153933 0.2892365977761179 0.10478806081856251 0.5026063687137803
0.29212927796628596 0.48860121319848127 0.17494616474061386 0.04432334409461891
0.13151247592984172 0.023682015752270802 0.5783636565765516 0.26644185174133583
0.2455131433178379 0.20896903829337599 0.40527690585043663 0.14024091253834947
0.19425444503011624 0.25566060488844655 0.24927920499252398 0.3008057450889132
0.06745267411962508 0.08465019430130505 0.5774092910989908 0.2704878404800791
0.47713207139518465 0.31553920592172846 0.045031120760255616 0.16229760192283127
0.0147186060807597 0.340527310699841 0.4169911806759832 0.22776290254341613
0.00018491902993955645 0.08375222865012266 0.713907471430533 0.20215538088940477
0.04324792766058927 0.5547591759899796 0.03387198858962759 0.36812090775980355
0.32413582377154904 0.346262159376616 0.16154601038657757 0.16805600646525742
0.47576449942424426 0.399907225445839 0.06343962886210208 0.06088864626781465
0.35707062835287895 0.3016776306012665 0.058493973321084525 0.28275776772477
0.4277048330275506 0.3004564501195832 0.032353836833149296 0.2394848800197169
0.05549950311272267 0.3647573305598124 0.18751391777133208 0.39222924855613284
0.13247398881674854 0.09795668559347093 0.711378593781229 0.0581907318085515
0.03367420450284819 0.5411883830863009 0.20736756373462917 0.21776984867622173
0.27425859319442125 0.5226927642491431 0.07974957273807093 0.12329906981836469
0.16827530536724433 0.029257584099912526 0.5216992522251797 0.2807678583076635
0.16471665877901287 0.11681715906948087 0.5263016414475757 0.19216454070393052
0.044766260845139016 0.10472004247909139 0.21213034438782685 0.6383833522879427
0.33135721096240567 0.09569628205132197 0.09766634375490424 0.4752801632313681
0.2416029166538498 0.5890374093399549 0.11002106740258344 0.0593386066036119
0.45860347976796934 0.4075955543164218 0.00642814905979594 0.12737281685581292
0.030439266665623133 0.09019316164053504 0.15096279195340567 0.7284047797404362
0.0713396872572073 0.3467598554203586 0.10291456060461046 0.47898589671782366
0.1602024106191695 0.15684147131702664 0.03746713610940988 0.645488981954394
0.20628585650065434 0.16320005915972968 0.45860765388656355 0.17190643045305243
0.3825111389298338 0.06856746402070868 0.050728288167881 0.49819310888157653
0.06166533016986864 0.5339557828505055 0.3506548141520537 0.05372407282757219
0.14693031569354353 0.1406496264263567 0.4244688446614946 0.2879512132186052
0.5936373294088721 0.36174612241200677 0.033250882741059695 0.01136566543806139
0.18802992858258616 0.0583637157031347 0.39010869814394644 0.3634976575703327
0.09190485216377231 0.012806451409471453 0.3575646385574839 0.5377240578692724
0.14567943338343392 0.09634317408069892 0.5748713868783153 0.18310600565755186
0.2585894985926458 0.2546539012510932 0.06746197076814675 0.41929462938811424
0.42125370859927336 0.2250004008495189 0.18921445169874251 0.16453143885246524
0.057253559800167664 0.40034531485154934 0.29645432233145785 0.24594680301682514
0.3279110992966764 0.42560741940624125 0.14062681825329792 0.10585466304378444
0.1157140506093054 0.22132022882096258 0.39558763002181296 0.26737809054791906
0.3272936465153866 0.03417143211314999 0.2825229006030857 0.3560120207683777
0.05953265441246691 0.1005008070328609 0.8083797397715217 0.031586798783150516
0.7778600665672813 0.12171571229404343 0.06181793457659879 0.03860628656207643
0.04316993559752147 0.31505560886160044 0.16548247034062646 0.4762919852002516
0.047013165032900206 0.059046052987658415 0.05514079119628834 0.838799990783153
0.09129178998961429 0.027338030383961875 0.6444422524075076 0.2369279272189162
0.38944790403053664 0.08026479069268067 0.5294956066741077 0.0007916986026750283
0.6093866410446241 0.22509207811764265 0.0572547183919524 0.10826656244578081
0.09778734397791733 0.3881347120095556 0.3859828513585125 0.12809509265401453
0.6645907555488578 0.1108917976774988 0.0573908595111573 0.16712658726248608
0.21199017413297783 0.10405693637485058 0.16058018288519882 0.5233727066069728
0.5243030874856213 0.26867859484823553 0.03396184603013275 0.17305647163601046
0.3428752381260801 0.14335823500477307 0.18787785421582126 0.32588867265332555
0.15542065234940894 0.5853144439120755 0.09806066184949347 0.16120424188902205
0.028270392857499327 0.25523473032975985 0.5093097321693797 0.20718514464336113
0.10818383143364096 0.12965689868343233 0.25928810174537253 0.5028711681375542
0.2561444512059512 0.4427566987799977 0.03513952758105887 0.26595932243299225
0.14723009181160007 0.2522187305741155 0.060855778546145656 0.5396953990681388
0.004260377665059822 0.27162413884308667 0.6529905975034472 0.07112488598840627
0.281293183556632 0.3561903944501775 0.33212806362451464 0.030388358368675816
0.3606911077169659 0.2651781327606654 0.08647594197455166 0.2876548175478171
0.7123267228435931 0.002580794662657371 0.21230079683943792 0.0727916856543116
0.24164949358725563 0.24281945845140773 0.4106275885822318 0.10490345937910484
0.11221278513169952 0.26403462897059116 0.48136145932440855 0.14239112657330077
0.34935873416797913 0.4530339695722676 0.1894159998428543 0.008191296416898974
0.10759113231433648 0.08477244202651424 0.36520032659321755 0.44243609906593173
0.9213790806783381 0.02239491862173726 0.01700382818256696 0.03922217251735771
0.3206657354661555 0.5953524552361106 0.03926220430536864 0.04471960499236527
0.13753772023597588 0.21515549641606102 0.5522352721711304 0.09507151117683266
0.3719452010692397 0.191536551644378 0.011442743733379612 0.4250755035530027
0.20690479837042774 0.4392227782888197 0.2025483988743385 0.15132402446641402
0.20401358652979107 0.04759878181041777 0.4456393440031199 0.3027482876566713
0.4882183585723071 0.038043852586263194 0.17416921705140054 0.29956857179002916
0.12437185142418172 0.24252908897788095 0.41756392691068533 0.215535132687252
0.23401971446524739 0.1612573117711007 0.2909404500076179 0.313782523756034
0.021584144070867173 0.05777373285994647 0.021860925497302786 0.8987811975718836
0.25381295470761933 0.3161846924179058 0.323953616345809 0.10604873652866587
0.46654429147510657 0.048903964263093846 0.06812902425119494 0.41642272001060465
0.11321053506097756 0.38182553133479913 0.49456623090968777 0.010397702694535549
0.3375294202117991 0.14788098748032275 0.4172532967342508 0.09733629557362733
0.37916841822639635 0.0973902786892622 0.3923264620610025 0.13111484102333892
0.31710712739428615 0.26724150680231173 0.37183069266734625 0.043820673136055865
0.11696685105567062 0.20604258814255438 0.5407029641462394 0.13628759665553558
0.5368064457790755 0.13206035598196086 0.3123125503635008 0.01882064787546278
0.22653965650377017 0.24096902152550748 0.05460351669331287 0.4778878052774095
0.030252785430060825 0.7196923587064918 0.11275879435152814 0.1372960615119192
0.07381103074993955 0.5795080783981097 0.25595111331133924 0.09072977754061151
0.015432415436890667 0.06283484046159893 0.03149331779522069 0.8902394263062897
0.27234874715073365 0.11591967349287624 0.048129392129345416 0.5636021872270447
0.028049402896189624 0.3518430137962696 0.132295851499317 0.4878117318082238
0.16152559947465905 0.046849240278280746 0.45044672202152214 0.34117843822553806
0.12417043286141782 0.1551447954142532 0.12611668262118514 0.5945680891031438
0.7052129689934266 0.08467299008423035 0.09143368694572396 0.11868035397661914
0.30451829519588325 0.31512366384602786 0.25171396058968054 0.12864408036840835
0.3140243815958631 0.20497398133689326 0.3376846829365753 0.14331695413066836
0.050643527733202354 0.38482824108876545 0.5235360093457521 0.04099222183228013
0.16403320698338342 0.06084406305596546 0.29052491362412314 0.484597816336528
0.29216537585678604 0.21448965646885687 0.1768120390548793 0.3165329286194778
0.5481033627263667 0.2594467359594368 0.10213423878940275 0.09031566252479373
0.06993906408407957 0.612181516326496 0.2698957118294202 0.04798370776000427
0.03146208991060351 0.22345832673806876 0.42151547033135206 0.3235641130199757
