28 80 4 229.95764864440076 459.9152972888016
7.561123680602072 6.05115642094877 2.1247038280831685 4.578331318301054 8.031773856461285 5.598936834878018 2.644240225742425 8.681615877239675 9.598347033713283 9.85792121426601 2.7343087644463147 9.737155912331955 3.113275191412986 1.237184636588836 9.514543087872601 9.29552366818852 3.645781910307825 2.4964633197912183 4.558805558491835 5.596027612796165 3.772335056416566 4.866119502327439 8.470624650859833 6.061542143255042 8.477994791915751 9.97236361976169 3.9932092467435845 1.8190731374831306 7.964484027299679 2.344453574503387 7.528195536831286 9.596317908858282 1.6578619728936408 5.02446475835967 8.570062609997201 2.3098570088734136 7.887443824133701 8.036064262580474 7.075706907505778 2.185319673869267 1.3537286395230361 6.904207692914146 3.2606435253311497 9.89576545628461 5.800447401371454 1.5325771919394207 7.2887978267361735 6.644572898253345 9.062006848783426 2.4573220376489915 6.493434205653911 3.8528658799043063 7.8693910292111635 2.4065387342530977 9.368988176520944 5.480294679214056 8.499105727151973 3.0697248464379507 1.9612901015195454 7.063303427930754 6.210849269196872 8.882644364452116 9.97414876806852 3.477757076238638 7.68372636302594 3.5625875727987104 7.536238034662041 5.419633102840148 8.8121448316709 2.460355330100386 9.741925896601867 1.4399712426121158 7.30491319069403 6.867504186770638 1.4181318113162584 2.7757078870809844 3.975463052738951 7.773804521275609 4.285131235387404 5.7769390577531645
1.5122247361204144 1.210231284189754 0.4249407656166337 0.9156662636602109 1.606354771292257 1.1197873669756038 0.528848045148485 1.7363231754479351 1.9196694067426567 1.971584242853202 0.546861752889263 1.947431182466391 0.6226550382825973 0.24743692731776717 1.9029086175745202 1.8591047336377042 0.729156382061565 0.4992926639582437 0.911761111698367 1.119205522559233 0.7544670112833132 0.9732239004654877 1.6941249301719665 1.2123084286510084 1.6955989583831503 1.994472723952338 0.7986418493487168 0.36381462749662613 1.5928968054599357 0.46889071490067746 1.5056391073662572 1.9192635817716563 0.33157239457872817 1.004892951671934 1.7140125219994402 0.4619714017746827 1.5774887648267402 1.607212852516095 1.4151413815011558 0.43706393477385336 0.2707457279046072 1.3808415385828292 0.6521287050662299 1.9791530912569217 1.160089480274291 0.30651543838788414 1.4577595653472346 1.328914579650669 1.8124013697566852 0.4914644075297983 1.2986868411307824 0.7705731759808613 1.5738782058422327 0.48130774685061956 1.8737976353041887 1.0960589358428112 1.6998211454303944 0.6139449692875901 0.3922580203039091 1.4126606855861508 1.2421698538393744 1.7765288728904232 1.994829753613704 0.6955514152477276 1.536745272605188 0.7125175145597421 1.5072476069324083 1.0839266205680296 1.76242896633418 0.4920710660200772 1.9483851793203733 0.28799424852242317 1.460982638138806 1.3735008373541278 0.28362636226325166 0.5551415774161969 0.7950926105477902 1.5547609042551218 0.8570262470774808 1.1553878115506329
0.2616993719297237 0.09248194594424852 0.26905994286875656 0.3767587392572712
0.7374077018652834 0.038070855684751104 0.0446467760701561 0.17987466637980942
0.06125105420094468 0.32087856395968806 0.03337633432869547 0.5844940475106718
0.38187252227519464 0.001759583926356889 0.059719700384695096 0.5566481934137534
0.16996923167825784 0.0632460136384213 0.3615848166082367 0.40519993807508414
0.03229214935934144 0.14931226341661963 0.32478715576799033 0.4936084314560486
0.36861752031667094 0.23626598980897173 0.20457209246518493 0.1905443974091724
0.03305478887490143 0.05026633686124149 0.7732165245452771 0.14346234971857996
0.0046106436381342375 0.36573988538078983 0.3763495627541049 0.253299908226971
0.18912247948386984 0.267646481391297 0.18060450478103385 0.3626265343437993
0.32256109144550715 0.048630532182943886 0.03867704268457117 0.5901313336869778
0.6758116427597624 0.061692152120622734 0.078900827668416 0.18359537745119892
0.042522637916886596 0.11971324927493854 0.6356302867966784 0.20213382601149643
0.1250577543340311 0.24261848448869838 0.5900258841904625 0.04229787698680798
0.14114251419616397 0.3543006082976309 0.4248319476316348 0.07972492987457036
0.07657687259032664 0.42072487134868863 0.09041520374012113 0.4122830523208636
0.12733874611496532 0.3337815576575619 0.44958646455310136 0.08929323167437142
0.03969860522025748 0.249127446404109 0.5846321769407478 0.12654177143488576
0.2863795603946072 0.35929391317891923 0.14120129317749086 0.2131252332489827
0.27003472653076654 0.23845150547041516 0.20201572600017814 0.28949804199864015
0.05821517051272407 0.46082585971382894 0.37467473995168343 0.10628422982176355
0.4637231427762093 0.035175481819925025 0.17691607408000143 0.32418530132386425
0.22655561619609033 0.21037310149420418 0.49099831522754955 0.07207296708215594
0.6610306305972653 0.024268063672896245 0.24052095129631312 0.07418035443352533
0.6825283835389168 0.09927440972478918 0.20425280527557133 0.013944401460722733
0.13189901364247092 0.06899679463231878 0.5414293681317609 0.2576748235934494
0.45850236415053125 0.02868077670054281 0.03814379872377316 0.4746730604251528
0.16061219381138514 0.13749848901191564 0.6305978848623932 0.07129143231430601
0.1074402787964196 0.43873052012779035 0.3858165630809862 0.06801263799480384
0.03362753546307928 0.11146087528533755 0.2772421513788492 0.577669437872734
0.021161793023728115 0.04295853174092035 0.8962531431819484 0.03962653205340316
0.10225701770007622 0.22274987753679087 0.2874896276202409 0.387503477142892
0.06619898508305289 0.038201928004634955 0.4372744583567739 0.45832462855553824
0.3136567600914668 0.08139078688450396 0.5310378617094862 0.07391459131454303
0.3224653197663393 0.08164056079893922 0.49015121063392575 0.10574290880079573
0.4287908615122843 0.44219461324686593 0.02515125020369513 0.10386327503715465
0.3900422047243721 0.1136624582418202 0.45460955282333027 0.04168578421047742
0.031320948146206784 0.5751830954404155 0.035029789581734194 0.35846616683164356
0.36300839733468604 0.3529747383614159 0.23030686801482214 0.05370999628907591
0.12793033616378247 0.22873098619531207 0.32663633057310193 0.31670234706780354
0.18804533220929165 0.6876955827417356 0.03637376129251657 0.08788532375645619
0.19355813116466447 0.25999101695039295 0.39635479491268244 0.15009605697226014
0.25020340051125245 0.20932790165773119 0.4547076525015201 0.08576104532949624
0.1978433830502605 0.33929740888014126 0.3123737494024603 0.15048545866713792
0.17370857064434397 0.4119365457344262 0.3574811739157786 0.05687370970545125
0.5064811195011386 0.1812430855055187 0.006632079257531176 0.3056437157358115
0.1639188380442067 0.582535381088519 0.09480088770077943 0.15874489316649487
0.16926827940469302 0.6906035622685692 0.1205347810669738 0.019593377259763956
0.4821691926041419 0.03926996381705161 0.34489504630967804 0.13366579726912842
0.021494056972506503 0.14671821792457107 0.09388296339480495 0.7379047617081175
0.493564030351917 0.29043357562217453 0.06503940556690258 0.1509629884590059
0.28742135447495276 0.23797586669163573 0.03861461613685768 0.4359881626965538
0.27839771626757037 0.00764406721786659 0.044880711849474175 0.6690775046650889
0.05989628072374065 0.6236161753764278 0.17209846088994885 0.14438908300988273
0.33442534018667824 0.054368030036245685 0.43280687535967777 0.1783997544173983
0.2274571581075504 0.4156335725649013 0.03140334031947911 0.3255059290080692
0.11756983003273813 0.053234630040568054 0.3213598190553778 0.507835720871316
0.05474668314373432 0.06933904387482459 0.8280851652517917 0.047829107729649434
0.19559931089574323 0.03711608370426167 0.6644721677826052 0.1028124376173899
0.00048540144226905113 0.30907545539635595 0.6475844878151829 0.04285465534619215
0.23930149087304597 0.06496257908676129 0.4999787816314438 0.19575714840874892
0.034913149117821174 0.019802172882286806 0.46415530691876417 0.48112937108112785
0.11360211789052121 0.17011412826086247 0.24662763347937577 0.46965612036924054
0.4897053367433607 0.10704448744434325 0.39771213779590364 0.00553803801639241
0.35979721522805164 0.2744462599787659 0.24831076545351127 0.11744575933967116
0.20285919813714715 0.11377449759347213 0.6505964349135993 0.03276986935578141
0.006044822466573785 0.15512510892189624 0.4672421965000967 0.3715878721114333
0.13091711763867053 0.2911763401383296 0.46668552507653316 0.1112210171464667
0.0710799891509134 0.13469519489617154 0.2944037586750784 0.49982105727783666
0.19741900259459055 0.45907480445945803 0.1770467305183645 0.1664594624275869
0.2909696467473287 0.41998801724167534 0.19254689716438456 0.09649543884661138
0.1889067268784781 0.163581102415974 0.35456888206061055 0.29294328864493735
0.17925766668576315 0.43631374563130676 0.30147141882233197 0.08295716886059812
0.19449443538832245 0.041150414326905915 0.04555453988072822 0.7188006104040434
0.2814263389302607 0.024753587038649383 0.3076520047100181 0.38616806932107184
0.027265773998349285 0.27809647099543333 0.316398838154728 0.37823891685148936
0.4843001455208079 0.1290932742116888 0.2627895930486006 0.12381698721890266
0.4531707609139928 0.05828302182603162 0.10793167788721303 0.3806145393727626
0.4631015391540173 0.3112031265356535 0.12188113312677129 0.10381420118355789
0.36709778352974487 0.23256584364023603 0.37849265141473065 0.021843721415288453
0.30446975041422886 0.21020431088911629 0.3370654242564347 0.14826051444022015
0.8555524109733382 0.009668534877411594 0.03033103720340047 0.10444801694584971
0.24213480168928625 0.36927225795437635 0.2061090475365145 0.1824838928198229
0.02552222740561172 0.6046274566385933 0.3486907969310886 0.021159519024706364
0.4145711082641804 0.36467734718160505 0.13162162245452147 0.08912992209969306
0.22840922120522034 0.014146997118902216 0.19607698315495747 0.56136679852092
0.4623536696988586 0.05693479847691518 0.03809017119734914 0.44262136062687707
0.39902017750242713 0.08414617711734784 0.3645901874438334 0.1522434579363916
0.7181202822190859 0.04606812701685159 0.0947304144478156 0.14108117631624695
0.497620392610885 0.26219565529984057 0.18795606784146335 0.05222788424781111
0.13548798793457684 0.07068478512951382 0.00310097244654417 0.7907262544893652
0.008539339348597408 0.6297441487319309 0.1288867663443739 0.23282974557509784
0.34268868801777563 0.24142915190166858 0.3765690596469107 0.03931310043364511
0.19873519126015626 0.3195537860623455 0.36731200721790336 0.11439901545959485
0.06295161015162654 0.16684701401014757 0.006778075700785813 0.7634233001374401
0.7794074332714228 0.0834814045632215 0.031424273313518936 0.10568688885183675
0.5087329248262589 0.10292099270443278 0.1088041549614791 0.27954192750782925
0.18879163909114705 0.30184909424831385 0.22982621998720576 0.27953304667333334
0.18311127133811422 0.29900863286512747 0.07851326377203482 0.4393668320247235
0.2768991509890214 0.10732080165850877 0.26755180155194114 0.3482282458005287
0.17727857699957217 0.4185988277689997 0.29173767226238767 0.11238492296904046
0.16908189663687712 0.020084854251860018 0.3193930829869719 0.491440166124291
0.46067119222914565 0.026621425200949456 0.4165979046197691 0.0961094779501358
0.024915194399081186 0.22436897158526603 0.5855790653582292 0.16513676865742355
0.43500391585524967 0.02371138848745391 0.4847383228283093 0.05654637282898711
0.01176331365706873 0.9486127600384492 0.016880256929292292 0.02274366937518979
0.18703144379158954 0.2592515327309466 0.08564356923190908 0.4680734542455548
0.29029079930137713 0.03799096282196379 0.5647525233032179 0.10696571457344117
0.2347406246926933 0.46242345631307247 0.0007161381154141555 0.3021197808788201
0.25198282845046516 0.15243272008259845 0.40489945813757144 0.19068499332936495
0.06197548622144622 0.32058181657909934 0.3492233759681974 0.268219321231257
0.10133041267469522 0.25160735692736846 0.6389716608186559 0.008090569579280449
0.46462957069642974 0.3211159595857649 0.1353333528463404 0.07892111687146497
0.06883798333383306 0.6523149309711873 0.04717836465802783 0.2316687210369518
0.3628744963930697 0.47113306196206495 0.015787398069523118 0.15020504357534226
0.2167694852325348 0.09294131784516702 0.1595488208935677 0.5307403760287305
0.03217532404835377 0.5166339858936275 0.010332265424297105 0.4408584246337216
0.34901608692782227 0.3911828316257636 0.2143090252322739 0.04549205621414021
0.07043806153718057 0.24380872757548655 0.19417750912353526 0.4915757017637976
0.2571597908963674 0.10571842665018094 0.31592651786197357 0.32119526459147807
0.10132649634293467 0.6195134218915695 0.26222586368206613 0.016934218083429653
0.06285622499807064 0.009899221997262564 0.6578826305193437 0.2693619224853231
0.10639880903939769 0.6128856156607032 0.21795395060093936 0.06276162469895974
0.010743351541806723 0.8046290733543011 0.07036714863627436 0.1142604264676178
0.015029560274369191 0.2708375328441992 0.2440182698750325 0.4701146370063991
0.06164565391281085 0.19017481179158613 0.7181033334633801 0.030076200832222955
0.15667302817762363 0.17763367898584692 0.6400584059761296 0.02563488686039983
0.13816274566512288 0.060304729306485894 0.5757395019168436 0.22579302311154759
0.7716763725360446 0.10563890411961208 0.04094348301588502 0.08174124032845831
0.028203172028391177 0.11866111186854145 0.6951329045380389 0.1580028115650285
0.03474333210017777 0.5553898010772585 0.051854040126683265 0.3580128266958804
0.0848669057476854 0.2813510880567387 0.0039633734086004235 0.6298186327869755
0.7515907291334244 0.15059675416202412 0.033284662867805626 0.06452785383674586
0.006112769725199363 0.32615014933343334 0.1498196667514886 0.5179174141898787
0.7565458003600835 0.04093308285784736 0.1289089539410896 0.0736121628409796
0.36345136747077067 0.13978897202055873 0.11188468253796913 0.38487497797070147
0.07700724520754199 0.3691361456208314 0.0762619565768562 0.4775946525947704
0.26081813499992723 0.41001727600146487 0.15113153515140876 0.17803305384719914
0.12335312736781823 0.6556156191644136 0.17034975774249073 0.05068149572527747
0.49549779813693007 0.02128805433405101 0.1965456118634925 0.2866685356655264
0.5264532981801509 0.3882819100117697 0.07242216438210947 0.012842627425969977
0.1464098951702818 0.47983139461835245 0.2844053436251879 0.08935336658617787
0.2026546211645912 0.10466066631738768 0.4112150638255656 0.2814696486924555
0.2019023394108027 0.5497368675000491 0.03837241775409006 0.2099883753350581
0.5667024269336682 0.06845338183715832 0.2912244133336197 0.07361977789555374
0.4370483752904156 0.008049739946829337 0.28386936451664735 0.2710325202461077
0.43249143917282595 0.1178945149130377 0.10582362751003027 0.34379041840410607
0.012803126326418113 0.14423639384118037 0.8115919663937373 0.0313685134386642
0.2370049205083754 0.036997630896453804 0.2303396951337715 0.4956577534613993
0.11721636686348857 0.3578401586853338 0.36602346507871675 0.15892000937246087
0.08726685691973479 0.6030567943381169 0.16820754840953334 0.141468800332615
0.013323348196361495 0.2909014909556772 0.03278115589901187 0.6629940049489494
0.1160592534888949 0.033030216153057235 0.8144169995204495 0.03649353083759832
0.6366243665644169 0.13370792528420605 0.06941792174884176 0.1602497864025353
0.03654793265948453 0.7839366545665746 0.06779332695513829 0.11172208581880261
0.3187828193440313 0.5888402974289029 0.05368098120616438 0.03869590202090145
0.6679852777301792 0.12911337894240182 0.017586261898934752 0.18531508142848419
0.36292469014996565 0.015155145941223913 0.30665488502235483 0.3152652788864556
0.3135982400106666 0.3974228329310401 0.2507697902905235 0.038209136767769825
0.1842697768230962 0.044103811277104166 0.10808486155882113 0.6635415503409785
