74 10 4 29.442883392615876 58.88576678523176
2.8198206408721718 8.060928436995049 8.74483515313328 3.943766809732912 3.2397442847635007 8.293273446218297 7.420913103315365 6.951955720404018 7.3944213132661 2.0161078765310565
0.5639641281744343 1.6121856873990097 1.748967030626656 0.7887533619465824 0.6479488569527001 1.6586546892436593 1.484182620663073 1.3903911440808037 1.47888426265322 0.4032215753062113
0.08027088093741919 0.2437533727750697 0.5459477497435836 0.1300279965439275
0.029496122977823558 0.3943496150263124 0.293034334736455 0.28311992725940904
0.3414574243238657 0.4458785917476159 0.07499568652567423 0.13766829740284414
0.034670346027798504 0.1342923232413037 0.43098854888076454 0.40004878185013326
0.1520648946252241 0.3360711292844857 0.04355318709250067 0.46831078899778955
0.20361266001848766 0.2388284271574308 0.13541008902454266 0.4221488237995389
0.26696216840848797 0.2570305404203068 0.2585309952672742 0.21747629590393103
0.3720447935874571 0.2945907862960483 0.10910522142703505 0.22425919868945954
0.5633917337172312 0.08248310318828123 0.2672306993542374 0.08689446374025023
0.1645388474934688 0.2798110942455362 0.18519121984166298 0.370458838419332
0.006757384821418411 0.14201307710133204 0.3276573554432002 0.5235721826340494
0.065076721499432 0.4606915870670165 0.2791112820208387 0.1951204094127128
0.0021356306694825244 0.39753771192349663 0.4122025181258543 0.18812413928116656
0.130468957429153 0.25315972882869175 0.3182786955111301 0.2980926182310252
0.06814252812083921 0.4662990965777918 0.21399595558319728 0.2515624197181717
0.13770699541212827 0.08222156631270505 0.44410222872105176 0.3359692095541149
0.70786050854859 0.02050473793877594 0.25067155373583316 0.020963199776800945
0.48367475257868087 0.2507206440590718 0.2143324113083146 0.05127219205393274
0.019000022932276317 0.038488043115602166 0.32721502781241363 0.6152969061397079
0.08687268694813877 0.11348677596879986 0.7332021548011649 0.06643838228189647
