29 100 4 284.82681783390956 569.6536356678191
8.773839870130747 3.564153687048641 1.6593074927536242 7.869134838972565 5.074471518394702 5.88067186607897 7.539722045447566 8.6401459685334 7.91379980028084 7.598293509880157 3.177877822334966 7.482778232992649 1.5253957523054906 4.687020335420058 6.496050464718941 3.303233871056995 3.571047347916987 7.16017372129106 8.568277618497032 8.282380780907392 1.0005714617916515 9.312490852497572 8.262686468310868 9.604111608588099 5.362560909184589 6.963166032152694 7.604259918310112 5.195009142856425 8.249033787580945 4.941887759790994 2.161357932791591 6.779355150186597 5.307793327466548 6.923086948413928 1.750176381582229 6.973508244658538 5.418460765686838 7.797830873718581 4.850857004996303 3.9682954168389326 5.29930016166407 9.275831856860966 3.7678369485635876 9.864273686941608 2.023670830866517 9.734636666185038 8.860254957842834 9.52535834170708 3.129127118040956 8.717824139030288 8.231778859239576 2.4670430766172586 3.66423459186363 6.103838644474965 8.905264574192941 1.3411324946807666 4.236596334002029 6.882390799086697 7.691399016466835 9.653775719512664 2.114735436760972 4.599245670089152 5.980309139477914 5.282818279360431 5.528680184864648 4.5240122579458015 9.783653201818655 1.334052543184755 2.569785845739038 4.456952654345211 5.542302889525491 4.335775914570917 8.03508237893097 7.676792036169894 1.0435576443749885 6.760413699462811 4.820379087780436 3.3687485654504106 3.4229751225199063 1.0288033488444865 5.260456400175681 5.86246922002193 8.28123509626661 4.371864858530029 9.026056788507306 5.475105479527067 4.306142627347642 9.777818375822962 4.570974503944486 2.2697776761156714 8.820619325524525 6.966411849608 8.601040178347388 1.2996608974235593 4.373574508474626 2.5103828082846897 6.998920495497249 3.508439612222905 1.7362528606480756 6.85751085410468
1.7547679740261493 0.7128307374097282 0.33186149855072483 1.573826967794513 1.0148943036789404 1.176134373215794 1.507944409089513 1.7280291937066798 1.582759960056168 1.5196587019760313 0.6355755644669931 1.4965556465985297 0.3050791504610981 0.9374040670840117 1.2992100929437882 0.6606467742113991 0.7142094695833974 1.432034744258212 1.7136555236994062 1.6564761561814785 0.20011429235833028 1.8624981704995143 1.6525372936621736 1.9208223217176197 1.0725121818369179 1.392633206430539 1.5208519836620225 1.039001828571285 1.649806757516189 0.9883775519581988 0.43227158655831815 1.3558710300373193 1.0615586654933096 1.3846173896827856 0.3500352763164458 1.3947016489317074 1.0836921531373676 1.5595661747437162 0.9701714009992607 0.7936590833677866 1.059860032332814 1.8551663713721933 0.7535673897127175 1.9728547373883216 0.4047341661733034 1.9469273332370076 1.7720509915685667 1.905071668341416 0.6258254236081913 1.7435648278060576 1.6463557718479152 0.4934086153234517 0.732846918372726 1.220767728894993 1.7810529148385883 0.2682264989361533 0.8473192668004058 1.3764781598173395 1.5382798032933669 1.9307551439025328 0.4229470873521944 0.9198491340178304 1.1960618278955828 1.0565636558720861 1.1057360369729294 0.9048024515891603 1.956730640363731 0.266810508636951 0.5139571691478075 0.8913905308690422 1.1084605779050982 0.8671551829141834 1.6070164757861938 1.5353584072339788 0.20871152887499772 1.3520827398925621 0.9640758175560873 0.6737497130900821 0.6845950245039812 0.20576066976889731 1.052091280035136 1.1724938440043862 1.6562470192533219 0.8743729717060058 1.8052113577014612 1.0950210959054134 0.8612285254695283 1.9555636751645924 0.9141949007888972 0.45395553522313425 1.7641238651049052 1.3932823699216 1.7202080356694776 0.25993217948471187 0.8747149016949252 0.5020765616569379 1.3997840990994497 0.701687922444581 0.34725057212961513 1.371502170820936
0.578777808113282 0.17629234145629835 0.2440402472807358 0.000889603149683782
0.20704363646712964 0.2941224557992955 0.41893451537661486 0.07989939235695998
0.03061151866749723 0.10976653598579089 0.773533817408141 0.0860881279385709
0.369697829461213 0.09726953254307069 0.1889793656340143 0.344053272361702
0.42692202999785844 0.10780289029919354 0.11742913552256229 0.3478459441803857
0.3833817422841894 0.19291483970193835 0.31467164928149705 0.10903176873237519
0.2676312524463551 0.1975447421814941 0.38502210117563995 0.14980190419651085
0.08841171639002099 0.48699861606473804 0.1082667244208454 0.3163229431243956
0.07532144234047145 0.8098757158221374 0.05114468870637012 0.06365815313102108
0.059740840488262115 0.24969145440438567 0.6757844147933371 0.014783290314015152
0.6322914942476411 0.0993639362297124 0.07936696563542767 0.18897760388721885
0.047331256096581065 0.01436357111883102 0.8983937386914719 0.03991143409311604
0.0019273820582688117 0.1945131939530087 0.4628613598289497 0.3406980641597728
0.14168044809136637 0.7366792618137827 0.06460180938331828 0.05703848071153261
0.3201180062498874 0.5340399867612251 0.1262563706981189 0.019585636290768593
0.32950396965937123 0.05350324912633009 0.5952228022019541 0.021769979012344565
0.08865528585488813 0.09275358163808833 0.12507807380139357 0.69351305870563
0.28166440289802697 0.16041939883487888 0.40678411309641727 0.1511320851706769
0.06961973783101116 0.18301486840448178 0.23110727191002567 0.5162581218544814
0.38030571983191697 0.4951133223833475 0.0766316289780038 0.04794932880673175
0.025169186962536783 0.014159308657063274 0.7177078633706332 0.24296364100976675
0.05078495663403104 0.020838585038259527 0.07467422073525987 0.8537022375924496
0.22148878917564974 0.573526515230356 0.1308945511596633 0.07409014443433093
0.303424230971743 0.11845777475514707 0.10154307379543859 0.47657492047767136
0.2966883029193095 0.23433396512917626 0.27216435384912785 0.19681337810238642
0.5107858251533236 0.04753965686053041 0.23753043951456942 0.20414407847157656
0.21537231073749563 0.3699758054965373 0.27587309197036414 0.13877879179560293
0.29496781848008014 0.021780092919059912 0.014608479762618143 0.6686436088382418
0.2923053528381826 0.241850430349962 0.380407856342585 0.08543636046927039
0.1780340128209369 0.28417379399675746 0.29895432206484474 0.2388378711174609
0.23598479698193375 0.5936884438537986 0.011060262409307353 0.1592664967549603
0.003015360806069789 0.21792852187038791 0.4102611662142863 0.368794951109256
0.19391523217795403 0.387846793794677 0.048532965981837095 0.36970500804553186
0.3134300864880044 0.25665308862164604 0.09309566792852952 0.33682115696182
0.043255507164520535 0.10410974653443006 0.2690208272241644 0.583613919076885
0.3557310673199163 0.04685145095470544 0.1799094141598745 0.41750806756550374
0.3361180165293297 0.1875599172702288 0.1829467312671238 0.2933753349333177
0.23019828978857493 0.3995523462485605 0.12815305943111077 0.2420963045317538
0.23698437588467236 0.299167547471174 0.09467382244439171 0.3691742541997619
0.3977946567106272 0.07021642214939283 0.5159158203535777 0.016073100786402228
0.19750542579395525 0.06935054935141627 0.19568132967952667 0.5374626951751018
0.35530728292344405 0.11320343427549517 0.3163788232019712 0.2151104595990896
0.11068716621851082 0.0425384266018789 0.4623524747462694 0.3844219324333409
0.04180126941237394 0.12851778160907412 0.19382598230524306 0.6358549666733089
0.3703691891888542 0.07187955519384492 0.4963608580053702 0.06139039761193066
0.19293735729874495 0.3956933576432743 0.1701455696683416 0.24122371538963916
0.16813243338634376 0.5987455890191737 0.01460168770926129 0.2185202898852212
0.16346167581065496 0.11642094247664292 0.5863904077555879 0.1337269739571142
0.15237399958294562 0.3621014577749829 0.0667494653688897 0.41877507727318175
0.13806795164147934 0.5866887487258085 0.25540438466667115 0.019838914966041066
0.4627444060541116 0.010660947658765574 0.4855280981960246 0.04106654809109822
0.17189537457716553 0.12363155328230191 0.26891912456473144 0.4355539475758011
0.13545070125405212 0.07695798880703753 0.022349960360701027 0.7652413495782093
0.025269430002271887 0.22493520095231867 0.33065512662571095 0.4191402424196985
0.15877151120773314 0.4083804214722998 0.05118977676053904 0.381658290559428
0.012581257604293516 0.6471933866887873 0.22433109252060002 0.11589426318631912
0.08479321949541097 0.3576100371365075 0.4348156585871048 0.12278108478097671
0.06620216734952611 0.1392371386671487 0.3734277510972628 0.4211329428860624
0.26023178812465153 0.29667575035787086 0.26716779914036204 0.17592466237711557
0.23130305989128874 0.4017897448280383 0.23752355167271788 0.12938364360795507
0.6096772261418897 0.0030937649408330214 0.3241078673260833 0.06312114159119397
0.3407485854084553 0.5779151096349796 0.010863327033296288 0.07047297792326879
0.28640871701890425 0.1973236562004841 0.4309523675032415 0.08531525927737016
0.12044975107187217 0.2787029329372003 0.531639011911088 0.06920830407983958
0.17281189108793582 0.13724135850226837 0.362619623984323 0.3273271264254728
0.08906998081138606 0.1738710128285722 0.18188179501403112 0.5551772113460106
0.2993077709123666 3.577605848037457e-05 0.5561935064940602 0.14446294653509284
0.017130182505505798 0.6452900482886613 0.2495017601345021 0.08807800907133079
0.1369746632954666 0.36737406493681435 0.1289908577008375 0.36666041406688155
0.27121798130012353 0.0008006033797081091 0.32459216901540444 0.4033892463047639
0.011920876771437494 0.8426846366178539 0.030259884087684097 0.11513460252302454
0.09093756224939409 0.18771683104226045 0.048177678554513714 0.6731679281538318
0.09471281945163956 0.16164389571309046 0.44229873051433843 0.30134455432093155
0.3036925955972607 0.09335896775054464 0.4273768629467568 0.17557157370543786
0.17922656165790296 0.055313055003720746 0.5633121085276078 0.20214827481076847
0.08773486879085823 0.22058653790698712 0.19535934995211957 0.4963192433500351
0.1228649256060993 0.26579192515191097 0.43887902556459835 0.1724641236773914
0.0913814838744399 0.48401070573694993 0.21244638551112716 0.21216142487748302
0.08057305713159901 0.07540787630157952 0.28138552417037055 0.5626335423964509
0.18935412386164097 0.4874376726410954 0.23711031739862254 0.08609788609864111
0.05329635083933104 0.3630361583597701 0.2042975028452706 0.37936998795562826
0.16503189608044133 0.2234052382531071 0.44763073439758616 0.1639321312688654
0.5104630931096503 0.1710063465935746 0.09089980979970147 0.2276307504970736
0.009038917332996999 0.1864472018478881 0.7357255569151766 0.0687883239039383
0.16589774518434597 0.3966408082614755 0.06062362213573169 0.3768378244184468
0.10768218673967478 0.05808115651447998 0.6932035647400755 0.14103309200576974
0.4923911763005646 0.19846975403113443 0.3002740474440526 0.008865022224248342
0.2782888650623987 0.33119310626284004 0.20800030003894443 0.18251772863581683
0.25162990456052203 0.2840249562365551 0.3982546492562593 0.06609048994666356
0.235903920934307 0.1860224614066428 0.03494190431694144 0.5431317133421087
0.011937491918946774 0.2410391566952902 0.22261111974139713 0.5244122316443659
0.12645401555885116 0.0417568326342207 0.46090919850514056 0.3708799533017876
0.7924051697238942 0.036032539244050366 0.09992222420858399 0.07164006682347146
0.06333472313434141 0.17005055990753382 0.3717229760294326 0.39489174092869217
0.016198386549946098 0.051754086122824505 0.8159627944477682 0.1160847328794612
0.16375604746225003 0.19565043176051422 0.40378864015760907 0.23680488061962668
0.06632038099808046 0.15660156642417578 0.3040134195942983 0.4730646329834455
0.24724326601355817 0.08832028559741278 0.3071652168093658 0.35727123157966323
0.2786913021035835 0.2566541758414572 0.34278471944789846 0.12186980260706082
0.10077398595040366 0.5729336898343331 0.1630456081572752 0.16324671605798802
0.5535734102967413 0.17994092909470938 0.023714355499678486 0.2427713051088708
0.37679080733121795 0.10025661142742692 0.003833591500470912 0.5191189897408842
0.5776719740781686 0.07318183081323604 0.22145524195141775 0.1276909531571776
0.4904555735108448 0.20623401096142246 0.007481473047064147 0.2958289424806686
0.06812662607244035 0.5828779622053851 0.08301363099285797 0.26598178072931655
0.03960732545122547 0.12324123482437765 0.10534110930738749 0.7318103304170094
0.3269552096521894 0.264034506453969 0.04200625914560341 0.36700402474823823
0.6388102517106383 0.05145066444016777 0.004046415582697915 0.305692668266496
0.7269330814882912 0.007286409767122137 0.15376568367251287 0.11201482507207383
0.03193046680152323 0.0329511780916627 0.2556482400259963 0.6794701150808178
0.08794176721491376 0.1770268616134194 0.07700532881121991 0.6580260423604469
0.1621344970774884 0.16424824773555957 0.34180430079397717 0.33181295439297487
0.17426054994843232 0.044630991677312104 0.6152673000298595 0.16584115834439606
0.11391683270251629 0.6136830697636965 0.08877802703124382 0.18362207050254342
0.08978561396615037 0.1627393721059558 0.5641096003995866 0.18336541352830726
0.05835935991634067 0.01659181203794935 0.17428048629934156 0.7507683417463684
0.26779643409035236 0.24689163338919573 0.44548849698829596 0.03982343553215595
0.5429024898586241 0.04967545678253715 0.3947850705425352 0.012636982816303544
0.4154894697483774 0.0378570977838929 0.3484165287471205 0.1982369037206092
0.10220086578584053 0.034270505635157655 0.2984985922972523 0.5650300362817495
0.5976809502295991 0.01751579124052638 0.14351871834606322 0.2412845401838113
0.07989100576663999 0.6297817743526032 0.012386455429830634 0.2779407644509262
0.38841714071641353 0.12238246291261201 0.374980531243709 0.11421986512726545
0.3137196804036543 0.26464330625305565 0.40772183744725066 0.013915175896039411
0.03775702914269574 0.027340453471645376 0.1394324998121832 0.7954700175734757
0.2502544046324511 0.36798206165060954 0.2676895715649409 0.1140739621519985
0.7663586189822729 0.029446024462356335 0.0876194045903882 0.1165759519649826
0.15489020825540645 0.043534218152001425 0.1860985834229456 0.6154769901696465
0.24052655230998476 0.11219339251804039 0.07704010861676247 0.5702399465552124
0.20364435600135233 0.3510611393510309 0.245901278971682 0.19939322567593476
0.005331337794207469 0.24119550232857434 0.6358832214830953 0.1175899383941229
0.298895544849088 0.1823013283796685 0.43070230870095483 0.08810081807028869
0.6540814198103818 0.036734330056305664 0.13652314601231352 0.172661104120999
0.15445808861211807 0.4484992506502393 0.2379359864187175 0.1591066743189251
0.07291052209191629 0.464270174208949 0.33832130510322267 0.12449799859591204
0.14356750031170606 0.08282889237949997 0.3511010403299455 0.42250256697884847
0.1544622391591507 0.16537628801544368 0.6098436744238752 0.07031779840153041
0.025006243232147618 0.44166107483798267 0.11703625490749436 0.41629642702237535
0.7717817648607159 0.02010721412911065 0.161848877984357 0.04626214302581644
0.05651633692913116 0.09585378865805438 0.041137558789723916 0.8064923156230905
0.2748841930457493 0.11634016295063399 0.23906882022559106 0.36970682377802566
0.2549870417489256 0.3042091793397216 0.2248488869457339 0.2159548919656189
0.2578305716752698 0.17324396438184486 0.2524622389596285 0.31646322498325685
0.09060107391621286 0.5101172707199505 0.3592323174173345 0.04004933794650212
0.0053389501492076 0.42602128107741843 0.006504099074102321 0.5621356696992716
0.49144958541929307 0.20488580881967733 0.04467560396803172 0.2589890017929979
0.3410648437501841 0.18744058028665433 0.12984147900158216 0.3416530969615794
0.08808750864864756 0.3925085530670692 0.5178250725072526 0.0015788657770305914
0.10380673579315036 0.11096106476922707 0.2939574991542552 0.4912747002833674
0.06403890220738273 0.09485952513867446 0.7251181452397873 0.11598342741415546
0.5994150497858697 0.009551642353274992 0.3356785979206305 0.055354709940224844
0.12106525179182381 0.04163734879486847 0.44514198475169797 0.39215541466160975
0.32407725505401463 0.30420875211291654 0.32776008848226557 0.04395390435080326
0.05381625674125112 0.7245603695405162 0.1884797785485437 0.03314359516968901
0.13543282351802977 0.013022755633883332 0.39109853415926077 0.46044588668882613
0.07227076072186445 0.13821172900351697 0.5971957627212662 0.1923217475533524
0.44658521178856314 0.09806922735613266 0.18100855216423906 0.27433700869106514
0.2736235957578388 0.3326854151183146 0.12592510356931974 0.26776588555452685
0.22410835633009252 0.34667217448092513 0.0827866618530777 0.34643280733590465
0.6351382770848781 0.20083043875111783 0.07874210670964055 0.08528917745436349
0.04542170384520483 0.20709197773572174 0.23241496757637703 0.5150713508426964
0.3079065267920892 0.3418704151211951 0.15541241120093563 0.1948106468857801
0.8660437553641228 0.0075398480545162405 0.04684761308794316 0.07956878349341778
0.8063563192252318 0.057993950445037745 0.07387237774563737 0.061777352584093115
0.29564196669612797 0.14173984838815612 0.24625503141829863 0.3163631534974173
0.17328592583589697 0.08563676345999316 0.6209312659200688 0.12014604478404112
0.3317193331668701 0.567538667021995 0.011883824422767475 0.08885817538836749
0.4201709612127963 0.05109990581973989 0.15604175776586782 0.372687375201596
0.6462978005926026 0.007258577172715608 0.2572819091593719 0.08916171307530996
0.12893124989258764 0.06560528779749297 0.27652207317058963 0.5289413891393298
0.2581948729972815 0.20552287338116992 0.3584184681301631 0.17786378549138548
0.11881837689993446 0.07110440198213208 0.36860293930977417 0.4414742818081593
0.21404323983580642 0.539665586918671 0.038551210685603965 0.20773996255991867
0.40982860313998437 0.12816734569338173 0.15183054551649655 0.31017350565013735
0.0645618335877024 0.5815083154442053 0.18136685420343202 0.17256299676466025
0.3468431541952217 0.1679236483992459 0.2017943185208434 0.283438878884689
0.20967330524955408 0.18984622519403915 0.020984229015133193 0.5794962405412736
0.20527129113212528 0.4432437238310508 0.1881417591886283 0.1633432258481956
0.07776163943751313 0.6132563034361874 0.22461535604407645 0.084366701082223
0.23215849044863457 0.5208856442651272 0.06954819529309142 0.17740766999314683
0.5278855856783343 0.03886904697321192 0.062346025778590386 0.37089934156986337
0.03665896270133395 0.7486367912897086 0.14163582727072477 0.07306841873823267
0.5895431321549561 0.02242022466805249 0.038807681621706225 0.34922896155528516
0.0837374490718048 0.6835146106277468 0.09271555170930734 0.1400323885911411
0.18308637567635433 0.5178954374610231 0.2326861741900712 0.0663320126725514
0.10042705278941966 0.5526951501973544 0.1953868490160231 0.15149094799720286
0.2551943062381884 0.5566057824292107 0.04978513080655833 0.1384147805260426
0.2966709280770726 0.46982278250253584 0.08950447093636105 0.14400181848403049
0.0038184468630090285 0.3047402935235818 0.43337727570912954 0.25806398390427965
0.19722105912056753 0.20474638053552696 0.2030943485071397 0.3949382118367658
0.09506385565637243 0.18998479322953965 0.5476740528138644 0.16727729830022353
0.2922649904659004 0.3612758813795661 0.0062402542153516816 0.3402188739391818
0.28272889107905386 0.1715444620686759 0.46124512538919815 0.08448152146307208
0.01580768006600186 0.5693009999228309 0.3055710016376759 0.10932031837349132
0.20253333496758263 0.28464505470758295 0.29239550595464825 0.22042610437018617
0.024571123386113114 0.4239718760343463 0.5345516479953938 0.016905352584146827
0.4374522222940761 0.045351418948950784 0.4026358729713728 0.1145604857856003
0.22920408955948168 0.2432581507828948 0.00015540216373921556 0.5273823574938843
0.17198822135013536 0.4911655118790519 0.1721580564024392 0.16468821036837356
0.250592047926545 0.08577605925137599 0.03593524838237583 0.6276966444397032
