96 90 4 245.64080605579073 491.2816121115814
2.93218200115144 9.185521342074972 8.355118358471112 9.134924272615967 7.361913429769851 2.0626858120679605 1.831607335680888 6.057765984814115 6.142707686675583 1.3506126811717944 3.9389271912439794 3.6173636559920155 5.595068596190384 3.7346213452388306 3.7336958635434563 2.288549456045356 1.3269702566767276 4.593118041940829 7.721578294143155 8.694709729852784 6.892124142933159 9.696610395600906 6.79289794677858 7.6984045438765225 8.488023225404074 1.0536225147505185 5.8002190563311515 9.287448154648803 2.6495547975799534 9.88253363976123 5.226328787049672 6.006316715909251 3.2601700185850433 4.925460170838183 8.426269734417922 6.732887371353441 8.407059360481737 3.5502952857321928 5.056563872506285 2.573669961261884 1.4049639976622812 6.995101816901467 3.9374855727990847 3.3321119658619804 7.7302051179333 7.262498258807671 9.692809933398346 4.014134692034103 9.004004828096134 4.849889093674186 9.394053181012785 7.9159603210984635 2.9448513184903162 8.745102143079908 8.713978737742526 9.996386718810282 3.714976382135986 3.4922779376675654 4.052296381295472 3.016748486684198 3.74602779500594 7.420825428677421 6.638638687640745 3.198411970616125 2.7393381499289964 9.9116078572347 4.31265969990772 2.6294217996281897 3.2669674993612654 8.593550475608833 4.867261097397231 7.651711636241021 2.2852192372152422 7.821688913051413 8.329721467688035 3.784735692841936 1.3991050095808637 1.2237400774522076 4.195475082013697 9.207812015134364 2.0012587699715 7.773658208737907 7.026618445506182 5.94800679176802 3.1889768747318628 3.347126697264219 9.537995551918748 1.6414710696232497 3.3852269988545665 1.9314151946314366
0.586436400230288 1.8371042684149945 1.6710236716942224 1.8269848545231935 1.4723826859539701 0.4125371624135921 0.3663214671361776 1.211553196962823 1.2285415373351165 0.2701225362343589 0.7877854382487959 0.723472731198403 1.1190137192380767 0.7469242690477661 0.7467391727086913 0.4577098912090712 0.26539405133534555 0.9186236083881658 1.544315658828631 1.7389419459705568 1.3784248285866316 1.9393220791201813 1.358579589355716 1.5396809087753045 1.6976046450808149 0.2107245029501037 1.1600438112662304 1.8574896309297606 0.5299109595159907 1.976506727952246 1.0452657574099344 1.2012633431818502 0.6520340037170087 0.9850920341676366 1.6852539468835843 1.3465774742706882 1.6814118720963473 0.7100590571464386 1.011312774501257 0.5147339922523768 0.28099279953245626 1.3990203633802936 0.787497114559817 0.666422393172396 1.54604102358666 1.4524996517615343 1.938561986679669 0.8028269384068206 1.8008009656192268 0.9699778187348371 1.878810636202557 1.5831920642196926 0.5889702636980633 1.7490204286159816 1.7427957475485052 1.9992773437620563 0.7429952764271972 0.6984555875335131 0.8104592762590943 0.6033496973368396 0.749205559001188 1.4841650857354842 1.3277277375281489 0.639682394123225 0.5478676299857993 1.9823215714469398 0.8625319399815441 0.525884359925638 0.653393499872253 1.7187100951217666 0.9734522194794462 1.5303423272482042 0.45704384744304843 1.5643377826102827 1.665944293537607 0.7569471385683871 0.27982100191617276 0.2447480154904415 0.8390950164027394 1.8415624030268727 0.40025175399429996 1.5547316417475814 1.4053236891012364 1.189601358353604 0.6377953749463725 0.6694253394528438 1.9075991103837495 0.32829421392464997 0.6770453997709133 0.38628303892628735
0.2650387582290835 0.06652191919591299 0.4985870679887434 0.16985225458626008
0.11295392520061687 0.4333643911943318 0.3152684087383948 0.13841327486665655
0.385319992446691 0.011876566556169088 0.5363403235255371 0.06646311747160283
0.2098680648214234 0.23593630471900018 0.5187537452165164 0.03544188524306002
0.27427047103103575 0.12972317217348006 0.18629884510139538 0.4097075116940888
0.38473060452926533 0.019050966721692486 0.3288588894689921 0.2673595392800501
0.15255886863175994 0.40492231099278575 0.10289945863668437 0.33961936173876994
0.06819271606573463 0.2929925908148454 0.533593067074676 0.10522162604474394
0.020324746699501905 0.3195626238034256 0.5729221501253159 0.08719047937175661
0.3189667498185973 0.0292123326653132 0.12244169988522335 0.5293792176308662
0.16043195377733488 0.4581781157456596 0.3735293785813397 0.007860551895665813
0.507377448912923 0.2582395928063509 0.048159364468864596 0.1862235938118615
0.4631533817834457 0.28093691725123004 0.17933192720449298 0.0765777737608313
0.5550353717648381 0.09634538974876761 0.24913012905911203 0.09948910942728229
0.135132651490679 0.07375085683718585 0.680414184441427 0.11070230723070817
0.3146947974519465 0.3672488628111502 0.22773236428717003 0.09032397544973325
0.4401976568500302 0.16781428674068655 0.1519543784816535 0.24003367792762975
0.04421946835703583 0.6532898892804743 0.20224807052516824 0.10024257183732166
0.5650672517217405 0.023554977556792145 0.402378889333986 0.008998881387481283
0.02403961534949417 0.3424818666140612 0.4303902447935888 0.20308827324285583
0.08790235177791894 0.17362034341178956 0.6138473820604821 0.12462992274980944
0.07140600231236949 0.48350441257896626 0.3354737898842717 0.10961579522439258
0.19881306271861854 0.16369449202308295 0.17436994720630694 0.46312249805199157
0.5029081656310865 0.09047924514858041 0.11385589720737932 0.29275669201295373
0.15824074880100414 0.28858411240666626 0.4805509591465199 0.0726241796458097
0.29804039713136055 0.13012333659167707 0.4328303156619221 0.13900595061504029
0.393653156244008 0.23329057934511988 0.3058574502303336 0.06719881418053852
0.09100899188031153 0.13158269164369252 0.7592475890992335 0.018160727376762442
0.4653089492842305 0.1465570864235225 0.16735449632241806 0.22077946796982895
0.2352933863896256 0.5713787419874109 0.13287678978460693 0.06045108183835657
0.4777495198152618 0.17659268114091797 0.05784013052072756 0.28781766852309265
0.4921776289679466 0.02980023882185734 0.2511976527256379 0.2268244794845582
0.2729630458336658 0.24608213660690736 0.20507770576390671 0.2758771117955201
0.37969008380953806 0.37344362499721284 0.23923749571437203 0.007628795478877071
0.5157097292519193 0.35877002231980804 0.05226338226324423 0.07325686616502847
0.5334414403257667 0.23064492309837636 0.05772072742812928 0.17819290914772767
0.4811991775695095 0.24002449485625754 0.18514462955836675 0.09363169801586624
0.1382907855516058 0.14804041872876084 0.27767973542631097 0.4359890602933224
0.2959588442569693 0.14385055803994007 0.13155365119753737 0.4286369465055533
0.4990003905587531 0.19410084032138908 0.1261947232927907 0.18070404582706712
0.07830376268944206 0.3797522153336791 0.515572962339559 0.026371059637319894
0.3036836250669175 0.02659461522410067 0.024355618989517547 0.6453661407194643
0.1263601184656865 0.5972942986690878 0.192609759200149 0.0837358236650767
0.8718912920900533 0.04828067299428196 0.0696662982704408 0.010161736645223907
0.4777393050332287 0.09833099174958992 0.32421706940528383 0.09971263381189754
0.03725963895864148 0.6246367837611492 0.1046508872155828 0.23345269006462654
0.020942747946502083 0.4122446742476351 0.33659790448224514 0.23021467332361767
0.06020824746716957 0.7831876409393128 0.004234354374356375 0.15236975721916124
0.013885834143823494 0.5558345149660018 0.21046484884292194 0.2198148020472528
0.055355775491192305 0.78457530547104 0.0659668446713424 0.09410207436642526
0.03862716787421794 0.045726607619927306 0.044593841992126015 0.8710523825137287
0.1619294839640606 0.5981356950492573 0.09249039263486725 0.14744442835181482
0.36093905459946773 0.17096290186438168 0.11340228579805212 0.35469575773809847
0.23057529286412448 0.03282711540550953 0.7232338045584596 0.013363787171906338
0.22866969198026543 0.04265748729331775 0.41369013939363886 0.31498268133277796
0.1987300478706252 0.7464560375527883 0.03288642316045365 0.021927491416132816
0.5205181745304021 0.14123073854528168 0.2564403235099366 0.08181076341437965
0.019771807527227403 0.290313371314721 0.5883759889047906 0.10153883225326099
0.1817406140074309 0.08985633707293628 0.4062084483308488 0.322194600588784
0.1297634141917815 0.24885636889156437 0.5509049861235064 0.07047523079314777
0.12774028757664935 0.1806856706322857 0.24074370268240175 0.4508303391086632
0.038882393175593166 0.01443863951262958 0.9095940420956324 0.037084925216144815
0.3015938216870613 0.10498216577968345 0.20743416368230427 0.385989848850951
0.025800845562413022 0.20097525949337214 0.129443986621818 0.6437799083223968
0.06040141863316928 0.24968226701902863 0.34842592634812086 0.34149038799968123
0.48489266552998544 0.14904447348988425 0.11035532504928136 0.25570753593084894
0.21276332237810902 0.02148774778411866 0.23995396037357264 0.5257949694641997
0.42933714324020467 0.19413286450208078 0.17175803392735478 0.20477195833035977
0.43141581819241837 0.36503418275095256 0.03724484809605655 0.16630515096057252
0.10809011295647208 0.15712735033704406 0.594605487032565 0.14017704967391886
0.04144960410979326 0.5714050025964377 0.1396222141481427 0.24752317914562638
0.09162778484422762 0.3304721510918146 0.3589360398534587 0.2189640242104991
0.23571544811699963 0.15667589308539764 0.3674433373691728 0.24016532142842995
0.5784526274404861 0.19359925832516967 0.16511059889050583 0.06283751534383841
0.3570135230877737 0.0723321830829795 0.23870586126648907 0.33194843256275774
0.5225250316364429 0.015072352551802393 0.44436892341188294 0.018033692399871737
0.583439850271552 0.33661397358706313 0.04407506454138155 0.035871111600003336
0.35905866474855863 0.12447236680182927 0.03872792420852944 0.47774104424108266
0.45599469788927793 0.21258086459953496 0.1358178244581163 0.1956066130530708
0.24367074630496122 0.36105127370865575 0.38108273531611125 0.014195244670271778
0.02526258056038999 0.4706567348104367 0.14745413947988373 0.3566265451492896
0.012228384748473209 0.14698677864922682 0.7917532167758964 0.04903161982640358
0.07334699553662338 0.6443311481383125 0.23442291270585158 0.04789894361921254
0.6397530948066044 0.06737323340948642 0.19081594806639168 0.10205772371751753
0.12999154609426222 0.2523061760002546 0.17641622337911023 0.44128605452637293
0.07153171522039525 0.17756887459016824 0.7403288444162319 0.010570565773204588
0.12324446494530195 0.005150505416086748 0.6539747112905608 0.21763031834805047
0.19942431615109113 0.32391162376107496 0.12340550892887925 0.35325855115895466
0.7090359435611017 0.031240659295532103 0.13420192365515793 0.1255214734882083
0.23215567409818327 0.2516256337497983 0.22209894863133728 0.29411974352068115
0.3631985476161965 0.508212723235789 0.10811070926844446 0.020478019879569986
0.02474555396430922 0.5254909977460364 0.15353268135068687 0.29623076693896755
0.13101874275050418 0.1110614891907522 0.5910217302982993 0.16689803776044432
0.1956115986982746 0.20722331093805235 0.2870330475203242 0.31013204284334883
0.05770424960306242 0.20311161304617864 0.5036579330243961 0.23552620432636284
0.11232874164862694 0.24601028824179827 0.6235606280025353 0.01810034210703948
0.3185302330702351 0.4779581088322351 0.06642236840380844 0.13708928969372136
0.40340525531258997 0.24005689985646006 0.11734326396866857 0.2391945808622814
0.13854428014052933 0.07659550203278742 0.47900963489864934 0.3058505829280339
0.27376658763693307 0.18495877676817918 0.13354725141802615 0.4077273841768616
0.72027466778377 0.079516309648206 0.11915980034731055 0.08104922222071342
0.0473419581208675 0.5240065544779191 0.1672999864278505 0.2613515009733629
0.29685464701419206 0.11905488725245894 0.37053005141482276 0.21356041431852624
0.5659884219937121 0.010849069737725814 0.17747885087254234 0.24568365739601972
0.2325948061545564 0.25948486611803423 0.08682876038745435 0.421091567339955
0.09586242980960091 0.21799536597228597 0.28489724356768586 0.40124496065042725
0.09293951957770286 0.6935092506776208 0.17399021048696806 0.039561019257708274
0.4575583451518088 0.3885484965854471 0.03633966259392918 0.1175534956688149
0.44162060928102564 0.07705849508167228 0.07212128644744542 0.40919960918985665
0.256904205641187 0.1141956926688461 0.30515397554986723 0.3237461261400997
0.15218768416781858 0.29207393107713076 0.21444821433188255 0.3412901704231681
0.00012342114702956763 0.7984705477266031 0.16940540191754927 0.03200062920881808
0.07208595696723286 0.6512309722322861 0.21370726533938822 0.06297580546109283
0.16319815364494927 0.014628854836037819 0.42247669610480076 0.39969629541421214
0.060623593037815615 0.7058074037485941 0.10951720522553932 0.124051797988051
0.07979883327625115 0.3932027243983268 0.018388942738865377 0.5086094995865567
0.22569881308567497 0.1572463438918561 0.4280628086290883 0.18899203439338064
0.178780131284749 0.35540652222302693 0.05791125084872495 0.4079020956434991
0.41254431256447643 0.17509418985734027 0.18453516976538853 0.22782632781279477
0.28200966773177516 0.0563215282015741 0.2251473057556086 0.43652149831104214
0.2086407742366907 0.39252050129233407 0.3007150266742711 0.09812369779670416
0.01856806866863503 0.5363201950895703 0.2715154516412057 0.17359628460058896
0.053503454920096005 0.627323755918616 0.1766944172915912 0.1424783718696968
0.28738637137803213 0.03837484374619782 0.37380989536852915 0.3004288895072409
0.31502853547833676 0.14047249786140892 0.1244148104731132 0.4200841561871411
0.26297288698626975 0.5628373592758015 0.04793741782500982 0.12625233591291896
0.07645887823117914 0.0735347261052256 0.4675812538893419 0.38242514177425335
0.5363157909027143 0.05039944631401827 0.2197234823808779 0.1935612804023895
0.3740748512267944 0.081473007799032 0.5229304165900459 0.021521724384127694
0.013322943520973185 0.7521809587961785 0.23261212301662038 0.0018839746662279167
0.21515728588831207 0.18577895630098484 0.061973099192581094 0.537090658618122
0.15138062071202174 0.09726123574670409 0.5326628916299487 0.21869525191132544
0.009731744974039724 0.3297633685971074 0.1222173786081373 0.5382875078207155
0.1451777571954992 0.12520566358342988 0.6365234075441102 0.09309317167696074
0.3019009624688327 0.3762473018602144 0.05045094963629082 0.2714007860346621
0.18999575993150664 0.26083627873290305 0.31405325350872193 0.23511470782686839
0.6432100515340144 0.2821723359559095 0.058146262981881636 0.0164713495281944
0.20117503262849545 0.18777247084996218 0.3360713385045885 0.2749811580169539
0.3372650704256285 0.031129176859089558 0.027965671811280846 0.6036400809040011
0.43679400771346133 0.029279281348353114 0.07253282160037944 0.4613938893378061
0.03129116381313535 0.37640213541730094 0.35547607967428907 0.23683062109527464
0.008949666910182064 0.6951154803753626 0.050265280765934284 0.24566957194852101
0.6214726942020483 0.10578448183532951 0.19973136685720805 0.07301145710541412
0.06967619251877988 0.5606047130125497 0.20326316590803495 0.1664559285606355
0.1092647236323574 0.2839271311479058 0.389086586936086 0.2177215582836508
0.008262024241372679 0.1433774082339785 0.05714964360263608 0.7912109239220128
0.061630850305960716 0.17888346984324877 0.7478985684388572 0.01158711141193336
0.30834166321206613 0.10356418600118078 0.31532924937264395 0.27276490141410914
0.07157434380755323 0.4861133254872776 0.4394316525857622 0.002880678119406954
0.12136200323807855 0.16886342728350678 0.18516729119982278 0.5246072782785919
0.04771007538343275 0.015638155851608992 0.04822711083610043 0.8884246579288578
0.18923984187738752 0.5754909011078866 0.12027912467631152 0.11499013233841437
0.20501625851734762 0.052757427984398086 0.28426325122404283 0.45796306227421146
0.15498477893480878 0.3891304225726564 0.32510243951776796 0.13078235897476687
0.3589427175876403 0.3416157373214618 0.007003592095420008 0.2924379529954779
0.036375070616118665 0.37859731101950733 0.4781190182889187 0.10690860007545533
0.124968839039169 0.04955982684960303 0.5205195001554166 0.3049518339558114
0.14517001638494853 0.17401426610531678 0.2725321617397337 0.40828355577000097
0.3126676976473822 0.22828725386778304 0.2111612256149601 0.24788382286987465
0.14001243881767966 0.3007249539410596 0.20317282610411036 0.3560897811371504
0.07118412995579693 0.2365368054083039 0.5540027830602797 0.13827628157561944
0.16715309004729328 0.18681265920093082 0.49864404673964013 0.14739020401213576
0.34218188589223664 0.18673651827695403 0.24029329034668623 0.2307883054841231
0.20775248916071642 0.32010344685784486 0.24016014160325072 0.231983922378188
0.4884175176429669 0.24736842854392427 0.23946605842598467 0.024747995387124133
0.0336920625084125 0.05802695799329238 0.13804939610390599 0.7702315833943891
0.3388625718204529 0.4595567725945582 0.10457546412627194 0.097005191458717
0.07409959347873474 0.24288031928500875 0.5845525570776418 0.09846753015861476
0.0370868257088558 0.04216195835794301 0.11949403931139235 0.8012571766218088
0.03505451210094279 0.16049749390133927 0.6393400784908098 0.16510791550690818
0.514008550668512 0.2402616250281524 0.1102421584860439 0.13548766581729166
0.05839021115408605 0.6217641846439907 0.19281253314321778 0.12703307105870543
0.06664636890038977 0.2779437896741759 0.44446518735670093 0.21094465406873342
0.3183801690219369 0.19075015218114033 0.4602835068623389 0.030586171934583906
0.5475487297452175 0.18924751404477813 0.1890247409405118 0.07417901526949255
0.1969657691828448 0.1240538360233635 0.4006922589098302 0.2782881358839615
0.0028418111354820974 0.1370336270673589 0.794408260089906 0.06571630170725307
0.03953623636707204 0.5110389244084633 0.257578598283176 0.19184624094128866
0.13579907257402912 0.5042274408102447 0.08852677635973749 0.27144671025598865
0.31328142095895883 0.07615261051800715 0.28302510526511215 0.32754086325792187
