39 50 4 149.71643004538737 299.43286009077474
5.922002405308192 8.181091191543448 8.383616919085432 2.09844880147181 6.418018061122942 5.729631250281253 5.175175652290616 5.243011699820642 6.694415585895983 9.330974924253972 8.339526241753976 9.499975771450039 9.276266278535857 4.733477167159189 8.432307660728354 9.516341069554752 6.652414479118475 3.2704281312661614 6.331158125425379 8.743634299656144 1.4360718846881837 8.693186925806375 7.481926157783402 3.6637609317132864 5.368658249615223 8.59847948207008 6.422420296133518 2.4143123768938946 5.734920225626897 2.6883751589341314 7.034023041696266 5.9387425565883465 2.407833136446336 9.392466147658407 5.886579288379228 6.873015066294205 7.042127736718234 8.370507017298994 1.122028593367189 8.630603030013852 4.915646947028501 5.297112669222001 7.437375832089869 8.561722152741286 2.0192769030259945 6.511259805722082 2.9922163279266716 1.357508138291173 3.5259119690916387 3.64287632618698
1.1844004810616384 1.6362182383086896 1.6767233838170863 0.419689760294362 1.2836036122245884 1.1459262500562506 1.0350351304581231 1.0486023399641284 1.3388831171791966 1.8661949848507944 1.6679052483507952 1.8999951542900078 1.8552532557071715 0.9466954334318378 1.6864615321456706 1.9032682139109505 1.330482895823695 0.6540856262532323 1.2662316250850758 1.7487268599312287 0.28721437693763674 1.7386373851612749 1.4963852315566804 0.7327521863426573 1.0737316499230445 1.7196958964140159 1.2844840592267037 0.4828624753787789 1.1469840451253794 0.5376750317868263 1.4068046083392534 1.1877485113176693 0.48156662728926725 1.8784932295316814 1.1773158576758456 1.3746030132588412 1.4084255473436467 1.6741014034597987 0.22440571867343778 1.7261206060027703 0.9831293894057002 1.0594225338444 1.487475166417974 1.7123444305482571 0.4038553806051989 1.3022519611444163 0.5984432655853343 0.2715016276582346 0.7051823938183277 0.728575265237396
0.13349053598295024 0.06990721101433461 0.5194991156652508 0.2771031373374644
0.10934287709299495 0.10988420849493463 0.3219529306550163 0.45881998375705413
0.8688694702243054 0.01770763794843877 0.06137183025109838 0.052051061576157465
0.31815538716099034 0.09313637355809812 0.5650009498196498 0.02370728946126177
0.0908245617633181 0.2169338151460506 0.642742363365693 0.049499259724938294
0.480929176528485 0.2415114728935548 0.11167179596953525 0.16588755460842497
0.30867440877913765 0.5731247723795108 0.0720267436872507 0.04617407515410088
0.011519220430084354 0.4814535924783183 0.028277098202913797 0.47875008888868353
0.3425843014914942 0.4646368938564228 0.06317560914765086 0.1296031955044321
0.03288953333391487 0.4297066341512289 0.18694519792356268 0.35045863459129356
0.0467470253531852 0.11240781609327166 0.7640293857808877 0.07681577277265539
0.33429111615661433 0.059534988188286175 0.5472821842843199 0.05889171137077964
0.38719376496334845 0.18010417904340215 0.11051256254198072 0.3221894934512687
0.14618543855534272 0.38296110286831553 0.3845978908804458 0.08625556769589593
0.422098249070621 0.1799381500631736 0.3798347531392081 0.0181288477269973
0.25617198938335595 0.3796327275560816 0.031159525958201595 0.3330357571023609
0.8359641107750891 0.012473993877428757 0.1442290619516048 0.007332833395877314
0.20303055759073396 0.04740778785377342 0.057628949745541225 0.6919327048099514
0.1688753210093794 0.5523472956627218 0.2325476370096511 0.04622974631824772
0.22989237861318845 0.16830835552218337 0.0653157947053975 0.5364834711592307
0.4860200196465141 0.31527531687258903 0.042932288126206974 0.1557723753546899
0.1360602539335347 0.11222903187311373 0.432449766314832 0.31926094787851955
0.2440519947158003 0.02141770856439651 0.02858361268870735 0.7059466840310958
0.598251878177417 0.07561043905423837 0.2756291380014302 0.050508544766914465
0.22861205646290272 0.28560113288981837 0.4839757982362909 0.0018110124109880221
0.19927185245437606 0.11895319455620712 0.3319811674317493 0.3497937855576675
0.4880306864737466 0.03130028928118911 0.04480101536108594 0.43586800888397836
0.1942905158906546 0.2800736528103923 0.321314412317221 0.20432141898173206
0.0557090044127595 0.34526993275239026 0.12209641287619943 0.4769246499586508
0.13361480256613933 0.5698726954891206 0.21981836671813715 0.07669413522660296
0.0590622843998696 0.115617877279791 0.0955287993550914 0.729791038965248
0.02999837511736536 0.08437392686248812 0.12880783650222238 0.7568198615179241
0.5288012744868175 0.09202112114760652 0.2844154760831368 0.09476212828243924
0.05203473770228795 0.5966564549006713 0.13672528917255222 0.2145835182244885
0.3664204955188478 0.5037559077919191 0.030056788038839488 0.09976680865039356
0.0642721617873192 0.38510982846170017 0.4298883475998193 0.12072966215116132
0.11758695526862739 0.8383514143051659 0.004560839359386226 0.03950079106682047
0.21680859269846198 0.12090951042090703 0.5593656435417693 0.10291625333886167
0.41286293663491136 0.30571627043525207 0.17834294204850432 0.10307785088133226
0.5297975441376163 0.010347809137275843 0.24612655486932544 0.21372809185578245
0.11162199140405527 0.44614129256865576 0.3655850129625202 0.07665170306476876
0.22558007367438904 0.3247258377051798 0.21255207017689404 0.2371420184435371
0.053845935353760366 0.40405232359518606 0.024712775498979878 0.5173889655520737
0.27098152568712974 0.4467349863759985 0.21293552145608596 0.06934796648078578
0.16434929831599476 0.08451055569059485 0.630158379548113 0.12098176644529735
0.5071438114516528 0.41537345836501305 0.02049467825657525 0.05698805192675893
0.061062327937558836 0.7531351768110108 0.05560648442643279 0.13019601082499754
0.3365869359920518 0.2885752178114859 0.2289316907467951 0.14590615544966723
0.14249927543617324 0.0648623885219799 0.6810184443165468 0.11161989172530007
0.2147882397911588 0.229591161762004 0.4703678147339915 0.08525278371284573
0.34664717312903437 0.3763141017438917 0.06789021268287798 0.20914851244419597
0.23472960321027847 0.6610951449520512 0.04405371879566433 0.06012153304200596
0.013636860110358584 0.002440028162119745 0.28537875257946377 0.6985443591480579
0.29844492581826476 0.04155498522700429 0.47439895307617874 0.1856011358785522
0.43841295930704827 0.2523531335625162 0.2598707322314282 0.04936317489900732
0.11435661244016126 0.4531974724330232 0.15157718472849668 0.28086873039831883
0.4017813542114521 0.302070421923349 0.09274713769081022 0.20340108617438868
0.5633051281014123 0.08394066899780328 0.13039551858194576 0.22235868431883865
0.3277816179429439 0.2682438740593003 0.3094037180708744 0.0945707899268814
0.04912258805601377 0.11931562477147095 0.10155659168382436 0.7300051954886909
0.35922194896722703 0.039540710067444196 0.16394445991640827 0.4372928810489205
0.16921891214984552 0.5923172017761599 0.02447144304936022 0.21399244302463438
0.1743128454402857 0.6714135202165559 0.1382905411766916 0.015983093166466844
0.20060761744847722 0.2375886145266316 0.2942956132102007 0.2675081548146905
0.08073652364191242 0.022230430948962376 0.14235796889675212 0.7546750765123731
0.11326209171409618 0.21053118993718556 0.4892269897878456 0.18697972856087264
0.32551381866326934 0.4807526557897952 0.1569692123778471 0.03676431316908835
0.24848229413241063 0.4988511844413951 0.20475120508142608 0.0479153163447682
0.2708194472706369 0.16194498400843205 0.007446419953120453 0.5597891487678106
0.3267620341546601 0.0719563094347625 0.16181901985585112 0.4394626365547263
0.4711225271428413 0.10154797267844173 0.10809578902916939 0.31923371114954757
0.4563701888209881 0.28299408648555235 0.22537319790970523 0.0352625267837543
0.06299893461740802 0.5414066933369002 0.030892191003112912 0.3647021810425789
0.2753988923225884 0.3058203412391436 0.21811653003360953 0.20066423640465847
0.23745666867329795 0.04326521754389623 0.5919923248150105 0.1272857889677953
0.378756958383343 0.2609392821013157 0.07798412760284068 0.28231963191250065
0.1424651833393632 0.2919320488566368 0.17534896253584265 0.39025380526815734
0.14692497933569204 0.09347552998282682 0.6777382059901793 0.08186128469130183
0.7880134986451868 0.10248813950887847 0.025505730989625497 0.08399263085630926
0.02326790375350485 0.428715101459091 0.013765029947986673 0.5342519648394175
0.5521331836315171 0.19875168298020074 0.02654595412625671 0.22256917926202546
0.20772277076735923 0.38171621165271274 0.03680846573702157 0.37375255184290646
0.4111684578429936 0.1149210736262205 0.09200827854479288 0.381902189985993
0.293894687802156 0.18264748064908354 0.4313168570956286 0.09214097445313185
0.481021832668855 0.45207805940818657 0.061787060634438506 0.005113047288519912
0.10482620415410093 0.5905969829498512 0.11696814068157635 0.18760867221447153
0.2887070354424911 0.023951684836633014 0.6464406322249652 0.040900647495910714
0.17336221305367228 0.2878203412132483 0.2098028700553407 0.32901457567773873
0.5504455327546051 0.16733534043233522 0.21579997121709438 0.06641915559596534
0.9470182930108256 0.002389829081334116 0.04700150542665671 0.003590372481183546
0.034017329438797206 0.14910744179328428 0.7645695157292586 0.05230571303865994
0.31967139893511365 0.35304417125131027 0.13279456231916598 0.1944898674944101
0.07672116646537086 0.010001332080496028 0.3731280142526593 0.5401494872014738
0.33516740335717077 0.1877355918497018 0.07136246719705108 0.40573453759607636
0.3189436839548764 0.10611223654155977 0.4605811422833602 0.11436293722020363
0.14381302363533754 0.4288470690243269 0.008184084897965072 0.4191558224423705
0.17971482553428808 0.38434577876703524 0.2179576776282769 0.2179817180703998
0.35398172296682195 0.0245790598878608 0.17072521830598741 0.45071399883932983
0.39640465011535464 0.02792105032145986 0.5682534270303552 0.007420872532830303
0.010679571004913235 0.35287886136808677 0.19691936891289508 0.4395221987141049
