6 30 4 90.60471212083553 181.20942424167106
9.035741362924014 3.987818247710595 8.391062107520487 1.375269631527249 1.9689101194237115 6.355468577856162 5.768356259735395 4.769266857009889 4.018670643459963 6.6026748897648115 4.943272834979867 7.622938957138212 5.662327707993419 6.209727402035414 6.8081958630603445 9.912018442360747 8.378723772296572 4.718808413345627 8.886408896859646 8.413834893134691 1.4902705704011918 7.467735129077749 8.219535061820277 7.62765979430295 7.382185757030506 5.868431688722753 2.123417569425488 9.618825659227015 4.629306688614278 2.952560442912041
1.807148272584803 0.797563649542119 1.6782124215040972 0.2750539263054498 0.3937820238847423 1.2710937155712325 1.1536712519470789 0.9538533714019778 0.8037341286919926 1.3205349779529623 0.9886545669959734 1.5245877914276424 1.1324655415986837 1.2419454804070829 1.361639172612069 1.9824036884721494 1.6757447544593145 0.9437616826691254 1.777281779371929 1.6827669786269381 0.29805411408023835 1.4935470258155497 1.6439070123640556 1.52553195886059 1.4764371514061012 1.1736863377445506 0.4246835138850976 1.923765131845403 0.9258613377228556 0.5905120885824082
0.25561405560083506 0.3433918575382815 0.11826993331420288 0.28272415354668057
0.253634097471396 0.492876619713589 0.1908388174599196 0.06265046535509544
0.4061077960583893 0.04439148468677667 0.2591293254240361 0.2903713938307979
0.18954219037038056 0.20883072844090267 0.3663780646891839 0.2352490164995329
0.18910711553486437 0.14569892896775916 0.5094223763199454 0.15577157917743112
0.6184105084545883 0.21849808445259422 0.04835548683018909 0.11473592026262835
0.1392716054909724 0.2648850491817557 0.4217766344964555 0.17406671083081637
0.05883729016413808 0.08945424243680511 0.7765022323542531 0.07520623504480373
0.16348875076461844 0.08812539240585959 0.7071084571454958 0.04127739968402622
0.5129401860856384 0.09092637062146725 0.05614326193829211 0.33999018135460224
0.036608530436010756 0.08042450509863108 0.08749022231049097 0.7954767421548672
0.5467078262764856 0.2814488588224615 0.034873722000394736 0.13696959290065813
0.12565834166662404 0.05374800387291501 0.08793265983440479 0.7326609946260562
0.5612751321916013 0.04672118864269137 0.33039628583229175 0.06160739333341558
0.013623744191839093 0.02910875746103858 0.7076979698679597 0.24956952847916258
0.06277623983126424 0.4227090259594255 0.0813115055343615 0.43320322867494876
0.03979555804662849 0.08454012515391518 0.15233090547798767 0.7233334113214687
0.18031763150334423 0.06549721980340861 0.5334191022192741 0.22076604647397302
0.254985693893215 0.22851788419711272 0.4895689267889384 0.02692749512073389
0.2246456342207055 0.36242878678010726 0.38159165931463135 0.0313339196845559
0.019385808980997732 0.23017336005882527 0.11670196586320425 0.6337388650969727
0.02640239805893896 0.2397956471352205 0.5002833684815109 0.23351858632432965
0.23813067121040488 0.11805549363150958 0.5953131459877524 0.04850068917033312
0.29686110683084466 0.5675753781014663 0.09999653117469653 0.03556698389299251
0.2522774400445402 0.017270649971919405 0.2326667925300424 0.49778511745349796
0.24162770380508714 0.42866199236968516 0.23496893473910252 0.09474136908612518
0.014306451540300857 0.19278254600774625 0.21174870787092526 0.5811622945810276
0.007894747940961677 0.2074289170308833 0.24036433059039453 0.5443120044377605
0.5781534644263642 0.06650906321565608 0.17718465460767086 0.1781528177503089
0.17963963084022172 0.10507245692265033 0.28545505829414897 0.429832853942979
0.6713094319392804 0.04602271361623267 0.27687529286642454 0.005792561578062405
0.35180976853970203 0.05066274049707098 0.3215980583749153 0.2759294325883117
0.08245855331170848 0.29134988078864443 0.6155714141796494 0.01062015171999764
0.28385938355769735 0.18739158117761767 0.2996300015725647 0.22911903369212028
0.33110407412108767 0.2839199602012884 0.11971100939127488 0.26526495628634905
0.1808246260859393 0.29528424718740487 0.5004441471343338 0.023446979592322004
0.6832298304876416 0.019595226910769536 0.03905863015059796 0.25811631245099087
0.19266547475121587 0.21243698261277577 0.27718467331059216 0.3177128693254162
0.04137550130090173 0.02484497951252984 0.582004760253079 0.3517747589334894
0.34129659121992095 0.24591709975581433 0.257213646143054 0.15557266288121074
0.31540357558877097 0.17496421766838866 0.2200825421856173 0.2895496645572231
0.27635045943263903 0.09147419950147317 0.19064195929005667 0.4415333817758311
0.5627810794926762 0.21225384881368214 0.008221743031137208 0.21674332866250445
0.04174887615355327 0.6263888586733888 0.11786812398502122 0.21399414118803672
0.49705097583455327 0.0529902098805517 0.26682631073063845 0.1831325035542566
0.11291833478714641 0.18850376234799338 0.2733021278318841 0.4252757750329761
0.011605844415387367 0.28993969567877387 0.33234859637995184 0.3661058635258869
0.06697796308146708 0.3337705111468491 0.12302371362768494 0.4762278121439989
0.35474752954185884 0.26840242159421623 0.22875851066835218 0.14809153819557275
0.7051039357213881 0.27360986990508274 0.002967583111029848 0.01831861126249934
0.12943570725402642 0.07065779786019366 0.4127368843378789 0.387169610547901
0.1423277134001134 0.1137358909075713 0.6781175607751334 0.06581883491718188
0.04893908806575353 0.19867286452420985 0.6352128029727417 0.11717524443729488
0.059335972698002504 0.09580492472274993 0.5008869266937571 0.34397217588549045
0.4846893932379276 0.06351525747301012 0.2964734349236856 0.15532191436537668
0.01876689223113215 0.2517965161553811 0.6447049773560235 0.08473161425746323
0.09713039137032065 0.023417835647226437 0.6245072387693258 0.2549445342131271
0.11350963458792207 0.5283622048351649 0.28837141474421746 0.06975674583269553
0.646829335341223 0.033421945035576495 0.10427693429493146 0.21547178532826905
0.08526762186705172 0.6410053817378116 0.11520354793706511 0.15852344845807154
