27 100 4 295.00985311159974 590.0197062231994
4.831492694670062 8.331253664450973 7.618575611797116 8.812028798917622 4.450426955853581 9.815109689300686 9.038749120436218 2.887436527789379 7.676448826714667 6.968289872167686 8.981213153427433 8.722114409219916 7.74335992369167 8.831302480497293 2.6808025912427174 3.930100452948241 4.356436914590178 8.143417225753089 2.3595424259328044 2.529484291340288 1.7305218365486108 3.7465780750281428 8.049608216369869 2.46615563781052 1.6357716629679377 7.309640556023842 2.6288189119033207 6.390255253408827 4.737372842758557 5.622150241569413 2.98590555651546 7.530157068716164 8.644914534785705 9.360035452122526 7.623460356091416 5.289285166662879 5.436036759336192 6.350682445913682 1.6843326883452203 2.0572922741097446 9.698190994216615 6.249900613897339 1.8317972249001846 1.1226655146790296 8.532370976210961 9.233091094557876 7.34127634633265 4.4830593792475355 7.351245144755263 9.309800408883019 3.593376050933094 7.156178611937872 5.682632497929094 8.89629197723702 9.315003799838621 5.403071408776753 6.36592566487749 3.3784787420594795 9.92539807176746 2.8935816704960304 6.2503307330017694 6.840099560053959 9.198740891721332 2.09492137220711 7.082391967893829 7.792762649566824 9.194818328704221 3.175191369494031 9.780359794789856 3.7335671216004815 9.105402697469916 1.9419406479451022 7.058078615877936 8.825885714636456 6.049248262085227 5.2085660500873985 1.1357912936699566 4.53892560540504 2.892948131825417 2.885660944275729 4.559714494588922 9.826327123699556 2.7469731806224944 8.646675188464904 5.136804979237744 2.7332720494877285 2.541379793201041 5.144797153237463 2.9915927629451913 5.629330151224854 7.490371393423642 9.563571405213223 1.31875378928321 9.845245307427186 7.654698821067342 2.6487305937570285 8.473268580028288 5.596591452330749 7.386840749873894 7.549238140510593
0.9662985389340124 1.6662507328901945 1.5237151223594232 1.7624057597835243 0.8900853911707163 1.963021937860137 1.8077498240872436 0.5774873055578758 1.5352897653429334 1.3936579744335371 1.7962426306854866 1.7444228818439833 1.548671984738334 1.7662604960994586 0.5361605182485435 0.7860200905896482 0.8712873829180356 1.6286834451506178 0.47190848518656087 0.5058968582680576 0.34610436730972216 0.7493156150056286 1.6099216432739738 0.493231127562104 0.32715433259358756 1.4619281112047684 0.5257637823806641 1.2780510506817655 0.9474745685517114 1.1244300483138825 0.597181111303092 1.506031413743233 1.7289829069571412 1.8720070904245052 1.5246920712182832 1.0578570333325756 1.0872073518672383 1.2701364891827365 0.33686653766904406 0.4114584548219489 1.9396381988433231 1.2499801227794678 0.3663594449800369 0.22453310293580592 1.7064741952421922 1.8466182189115752 1.46825526926653 0.8966118758495071 1.4702490289510526 1.8619600817766038 0.7186752101866187 1.4312357223875742 1.1365264995858189 1.779258395447404 1.8630007599677243 1.0806142817553506 1.273185132975498 0.675695748411896 1.9850796143534921 0.5787163340992061 1.250066146600354 1.3680199120107919 1.8397481783442664 0.41898427444142194 1.416478393578766 1.558552529913365 1.8389636657408441 0.6350382738988062 1.9560719589579711 0.7467134243200964 1.8210805394939833 0.38838812958902047 1.4116157231755873 1.7651771429272913 1.2098496524170455 1.0417132100174797 0.22715825873399131 0.907785121081008 0.5785896263650834 0.5771321888551457 0.9119428989177845 1.9652654247399113 0.5493946361244989 1.7293350376929808 1.0273609958475487 0.5466544098975457 0.5082759586402081 1.0289594306474927 0.5983185525890382 1.1258660302449708 1.4980742786847283 1.9127142810426445 0.263750757856642 1.9690490614854372 1.5309397642134683 0.5297461187514056 1.6946537160056576 1.1193182904661498 1.4773681499747788 1.5098476281021187
0.9037267212089181 0.035513582116467046 0.00350750045376802 0.057252196220846874
0.4009708638307262 0.0026103908890506844 0.1514820239106911 0.444936721369532
0.7070466136636511 0.23570500406755712 0.004343779531866487 0.05290460273692532
0.059746398956140645 0.05131367089477712 0.20313867630400517 0.6858012538450771
0.23079652496098557 0.4004271011667909 0.03746058355405335 0.33131579031817016
0.09649789260292185 0.016736444577588272 0.6147884388209572 0.27197722399853264
0.44775763660558765 0.3929975750643653 0.004394555759185459 0.1548502325708616
0.3569744523974929 0.21710989349783705 0.35675186235181966 0.06916379175285037
0.028698282795897367 0.5623612067323668 0.4060282960490321 0.0029122144227037294
0.6697843150385578 0.025865157419729168 0.11806722014362125 0.18628330739809174
0.5778184951133303 0.12159726412376026 0.05873050802604518 0.24185373273686428
0.03515779060951896 0.7517924504408718 0.16833842729567805 0.04471133165393115
0.07537514715469074 0.45379008764356343 0.014326277512767605 0.4565084876889782
0.460989199529272 0.20530651851055082 0.27788539442153337 0.055818887538643835
0.20059085604706395 0.4554287548479009 0.27966133699652274 0.06431905210851241
0.49347961654612027 0.44027753479185316 0.028731200765548914 0.03751164789647765
0.12604244511704188 0.26854643034256853 0.07895466221445824 0.5264564623259314
0.42197876809509394 0.3212672927092264 0.24131219672417858 0.015441742471501096
0.1369960228560375 0.6223850265373511 0.13661686206287282 0.1040020885437386
0.1791305081362896 0.22901257001654707 0.044082613472194554 0.5477743083749688
0.1809813678317418 0.7124982085217585 0.020859786912582612 0.0856606367339171
0.8148040979816457 0.11945691112245804 0.05954820174163167 0.006190789154264631
0.2780354131934121 0.27799001629891607 0.3129133822064203 0.13106118830125157
0.04029604852209678 0.0587429196746968 0.397035456542685 0.5039255752605214
0.4163531436153779 0.00898520327689678 0.5699076158822235 0.004754037225501828
0.19293218484158436 0.21700090791926385 0.13613597863730353 0.45393092860184825
0.049530230252839536 0.056946222060731744 0.21739053658886964 0.6761330110975591
0.05772085927177162 0.5621266364714524 0.1598949192010749 0.22025758505570103
0.4594136104183023 0.033185237539803736 0.4345559571155806 0.07284519492631336
0.21855892906659413 0.3240642611230141 0.30264886592274953 0.15472794388764222
0.5355848588778176 0.13763099177694993 0.29775559953163866 0.029028549813593818
0.36049560009413284 0.09692919139204148 0.41852503743479563 0.12405017107903005
0.29045313227273595 0.35532300122744065 0.07684135750903809 0.2773825089907853
0.3150462938698514 0.24748476962882993 0.17230416736716125 0.26516476913415743
0.0009804597363209933 0.19018319787192994 0.8035037850232642 0.005332557368484814
0.016787198530474612 0.15283771677990243 0.5045180257284153 0.32585705896120765
0.11295818990425699 0.4878224287280404 0.1071560711791878 0.29206331018851484
0.006121630744260309 0.18788176603115003 0.6183935753507794 0.18760302787381022
0.545878933454411 0.0808055946874251 0.08450260113740238 0.28881287072076156
0.6489692413998539 0.18026158115521207 0.07405093746517244 0.09671823997976159
0.08347341234565309 0.346153529301668 0.18481661537562333 0.3855564429770556
0.25363705790607916 0.21311231961088162 0.25857289445931375 0.2746777280237255
0.43193459245353083 0.2516536950825161 0.24703061422927308 0.06938109823467997
0.1778070812559558 0.003711191405609049 0.00041978041572021674 0.8180619469227149
0.2116327387203829 0.1515580065961628 0.08538165341952086 0.5514276012639334
0.4427975886841421 0.2449732048708152 0.2423527474564542 0.06987645898858852
0.08628926983776153 0.056846205693005025 0.61393781140194 0.2429267130672934
0.03745906759541662 0.2965806539131848 0.4874622590984532 0.1784980193929454
0.3774674710632361 0.36479273593129535 0.008475286691764672 0.2492645063137039
0.40649600561656196 0.050509317785716434 0.19432093556849284 0.34867374102922877
0.31090452629626997 0.5484810011247582 0.013687555386419525 0.12692691719255234
0.18622708713949732 0.1443838240012878 0.2583629521231503 0.4110261367360646
0.12699717504777286 0.4123893665074331 0.09387627750964711 0.36673718093514696
0.3579009061557795 0.35014460139045367 0.08993971794992128 0.20201477450384553
0.07065042988891546 0.3896423806171023 0.14829708750008463 0.3914101019938976
0.38770820784826654 0.3041967158163974 0.06142979220603917 0.2466652841292969
0.0004332688382210348 0.11993539059836467 0.11146977740417385 0.7681615631592404
0.11394280125044554 0.21746773246195505 0.15718249832680797 0.5114069679607914
0.08173991289255444 0.07698281312543154 0.007945774069797573 0.8333314999122164
0.024279349322802624 0.1437316599166134 0.6703882282495729 0.16160076251101108
0.04091844476800155 0.651229438362118 0.18803274729713004 0.11981936957275041
0.005028138636961055 0.125213531339591 0.2727895091984457 0.5969688208250022
0.43620258779829535 0.14611201354227654 0.04254272042283325 0.37514267823659486
0.179867523255268 0.003048846810214112 0.043597974424116726 0.7734856555104012
0.26461612799871714 0.0566539062136594 0.19059995649579187 0.4881300092918316
0.47766484101792206 0.09805796843050962 0.03742423949943652 0.3868529510521318
0.031823670428040685 0.399224493991464 0.398744374706695 0.17020746087380034
0.23964316007709685 0.15387194807942395 0.17312661600467982 0.4333582758387994
0.1404859695507159 0.777589654563646 0.028928437704469512 0.052995938181168545
0.006980693652451575 0.2570051371391606 0.376289117068456 0.3597250521399318
0.41468436268565023 0.17064705448660755 0.39113949694826133 0.023529085879480882
0.06480271178872443 0.2966172939397026 0.21186544474202584 0.4267145495295471
0.06641762892449032 0.5779208111552308 0.19701285973177507 0.15864870018850386
0.8219959159437258 0.016695930099243528 0.04644289887202735 0.11486525508500334
0.0453140721955545 0.2991911346070323 0.5144546809661805 0.1410401122312327
0.5269081613013953 0.1447968970302257 0.2489440276584548 0.07935091400992422
0.06148220678381222 0.257244477080265 0.20139842228478477 0.479874893851138
0.33836028153915687 0.33510623135443907 0.24484106843814535 0.08169241866825872
0.12581076308165673 0.3042207121364321 0.30620339490435255 0.2637651298775586
0.14314337182146075 0.22444757683561434 0.3828241133672763 0.24958493797564862
0.3688519637736284 0.42886185227995854 0.11394231012908551 0.08834387381732756
0.19815982710237223 0.35987284024387367 0.02266400372297328 0.4193033289307808
0.07304836606927534 0.18380245862512 0.572614790497827 0.1705343848077776
0.32787324208944535 0.18966746045357863 0.09714587955550302 0.385313417901473
0.03203539179090853 0.2662505044715303 0.4106909874575623 0.2910231162799989
0.005148129451848726 0.2902904654437486 0.4135813840748379 0.2909800210295648
0.3620259981704772 0.051130201534790864 0.41332623777800337 0.17351756251672856
0.4168401064580167 0.1382656354734878 0.4373529688366954 0.007541289231800086
0.10504533499233948 0.026324769208333598 0.1698186917431953 0.6988112040561316
0.12060810994800708 0.2543600656823457 0.3638775433650385 0.2611542810046087
0.3601007007241841 0.009788484127686736 0.6191312431148862 0.010979572033242957
0.3300796341427341 0.0036792630126391 0.30526320378954264 0.36097789905508415
0.01727791530230416 0.0028957859613504278 0.754905367682161 0.22492093105418443
0.052103783483662514 0.35658234006539613 0.46900026005400197 0.12231361639693938
0.35140386303436033 0.08414958238818782 0.16578607593122097 0.3986604786462309
0.15710987162663015 0.04846317640317077 0.6851643516215886 0.10926260034861046
0.32043602694438045 0.16388791788057466 0.478177646270204 0.03749840890484091
0.1359511749909632 0.33887836283889206 0.47223182403723274 0.052938638132912
0.09395392921183598 0.16280511497989003 0.107656077441725 0.635584878366549
0.06662708384243887 0.13012396750738497 0.04420188961834359 0.7590470590318326
0.3918676582027327 0.0853048335049228 0.2864858384254163 0.23634166986692817
0.07195334754183935 0.13817411368624988 0.3481461023370256 0.4417264364348852
0.3116763122648373 0.3100608349820515 0.10068517403379751 0.2775776787193137
0.1824852963657133 0.14957898354688715 0.39564813996229253 0.272287580125107
0.03482098205022799 0.18936314411548738 0.3991407342233966 0.37667513961088805
0.11199090772310505 0.04207354013653508 0.6798363197418459 0.16609923239851399
0.15609123866945562 0.7174130702400858 0.06138482940978196 0.06511086168067659
0.17642631942207654 0.3546863865479194 0.3774135750760296 0.09147371895397449
0.09431945517848339 0.13556027669384452 0.7407760377694802 0.029344230358191892
0.21851275214530497 0.049200763263334 0.48319297870813394 0.2490935058832271
0.4049516458945601 0.11558500068546596 0.4329939134595784 0.04646943996039554
0.5288188708963109 0.12103511646564113 0.22777663960820738 0.12236937302984063
0.12199785075308123 0.037442449596691296 0.3751547470885138 0.46540495256171366
0.2739501975099675 0.32111327134725653 0.23499486630859778 0.16994166483417816
0.011781954018039276 0.03301284057980736 0.5941483848633746 0.36105682053877874
0.7545601133853822 0.03987461453041763 0.06663240159733663 0.13893287048686354
0.06936129737930274 0.0695144936619202 0.8264448677040679 0.03467934125470917
0.3705101912939688 0.045927064947525076 0.5137267886857925 0.06983595507271367
0.04832574604511497 0.2430216314716548 0.24280663942932867 0.46584598305390157
0.0833195650126739 0.43086346714413404 0.39239380462673135 0.09342316321646071
0.16991180600377054 0.12392253407453035 0.3210707864858109 0.3850948734358882
0.02379481017078322 0.41285849004956854 0.27865674430629894 0.2846899554733493
0.5143463801321635 0.28014259151185406 0.06791247616391671 0.13759855219206574
0.47114237410141213 0.28068612934964676 0.12007170944609014 0.12809978710285097
0.20355087760088675 0.10777419767439533 0.5995781273600127 0.08909679736470522
0.23350669659241385 0.4678485965776681 0.023451935519726463 0.2751927713101916
0.11596149886818852 0.1540867296109566 0.5551832265411262 0.1747685449797287
0.01227390724578703 0.3531376170839665 0.2793173122188597 0.35527116345138676
0.2374185692290719 0.18513474410702202 0.11606076304408464 0.46138592361982145
0.22149471675674648 0.18993457707187877 0.2379165374260872 0.35065416874528754
0.28450967126274296 0.05378328845133973 0.6080720391102992 0.05363500117561815
0.4867095376408104 0.3808979948313741 0.039636859666729696 0.09275560786108583
0.20389948480224052 0.2786171309885682 0.32439691722283803 0.19308646698635323
0.15585096105038432 0.060789017409630275 0.6101610541771175 0.17319896736286788
0.41687143972298757 0.1524844442308676 0.08130743015866881 0.349336685887476
0.12453158397846475 0.027954147288661635 0.367692060994498 0.4798222077383756
0.0314632528133616 0.9276326961216212 0.019626945319992428 0.021277105745024727
0.03267059229340019 0.06869734911093739 0.35954723124369825 0.5390848273519642
0.8495397825290767 0.046961260941927985 0.00933899776029612 0.0941599587686992
0.876677310185723 0.005916023992821984 0.07464752853649237 0.04275913728496261
0.07103901204971219 0.08554563341090193 0.7681179344783347 0.07529742006105122
0.03756162437706878 0.34034059430980823 0.28103296398617317 0.3410648173269498
0.5025689631285625 0.06656920407507316 0.137325174395309 0.29353665840105536
0.4808940863771335 0.10128132146221458 0.2831002778707308 0.13472431428992115
0.41633066339049374 0.2903717411474016 0.2355900324397543 0.05770756302235036
0.3638844153697546 0.1567458705749919 0.22721072585983038 0.25215898819542315
0.06558435095084514 0.2509546592491211 0.129255246683602 0.5542057431164318
0.4428776796371552 0.08912722266525686 0.12112078908450863 0.34687430861307933
0.14455037111070135 0.05929963271956684 0.03210370421870712 0.7640462919510247
0.4014346220856172 0.006654366243332266 0.5288596077852825 0.06305140388576802
0.0191448994396336 0.5804749080691362 0.21257447710067845 0.1878057153905518
0.05913411797323498 0.1991849085190529 0.36907133029449135 0.37260964321322076
0.36213149044175486 0.33241827793739054 0.18058187645271773 0.12486835516813688
0.14595267194670603 0.24951043044890164 0.26804314893500625 0.3364937486693861
0.34720256396963545 0.09016799918816976 0.36509601703228234 0.19753341980991246
0.029911756966624847 0.059043828207977156 0.43905655972145796 0.47198785510394003
0.30303466605011853 0.05301677152776152 0.4931967351664327 0.15075182725568725
0.3842170012533769 0.3313718174837824 0.15465960061527295 0.12975158064756775
0.0715861309327076 0.7650207956438662 0.11253937238057965 0.05085370104284659
0.0415209462014432 0.32034647033123576 0.6065931543013163 0.03153942916600472
0.08369906487646495 0.527144655472742 0.3619291133311955 0.02722716631959754
0.18403958328375325 0.06826895691570423 0.4632348197789995 0.28445664002154303
0.2821996119342852 0.09704846946202483 0.03898125408881414 0.5817706645148758
0.06718497909869836 0.5221244499541646 0.08545070003562694 0.3252398709115101
0.21992932093353557 0.47349058968685775 0.052568985403070534 0.25401110397653615
0.22474857244333446 0.6109365442608405 0.022255545079503114 0.14205933821632188
0.5123908926111109 0.13476820003551482 0.043640052990853384 0.30920085436252087
0.5334838070894768 0.06741701780452514 0.33317513192725035 0.06592404317874767
0.3629219474191264 0.3797613503176853 0.10246384963552979 0.15485285262765847
0.20777968748796583 0.572737079687675 0.040644874961124455 0.17883835786323476
0.036995578969788334 0.07119639644084508 0.28736898901907404 0.6044390355702925
0.3129701865481863 0.11856370713306141 0.06893966092400217 0.4995264453947501
0.6095011523731806 0.12065788017498824 0.14748952670222903 0.12235144074960214
0.0374137165921562 0.34406023262536867 0.5763501516947418 0.04217589908773334
0.037931503626560614 0.3640211198160853 0.034804933392933446 0.5632424431644206
0.5639491605927768 0.22267178836815338 0.1424771751267776 0.07090187591229224
0.12583437877927528 0.770307313039409 0.09171973349087648 0.012138574690439219
0.011573579221432762 0.2176509266026725 0.16339218369233666 0.6073833104835581
0.47633503159646984 0.09463862231686315 0.1712961483587082 0.2577301977279588
0.08628642529732988 0.5775359373384759 0.11301178944895607 0.2231658479152382
0.017405846592769447 0.07816530714331282 0.22801280462154394 0.6764160416423738
0.4600236430838759 0.19015205048788686 0.039165725445093225 0.31065858098314403
0.3671367672061725 0.01995803909394578 0.1091504225731661 0.5037547711267156
0.5212101278789216 0.2813007752332326 0.017775339748550834 0.17971375713929494
0.1506247393908906 0.18407968301812627 0.031983652958126996 0.6333119246328561
0.05537434972120181 0.055385424035985675 0.864250429365561 0.024989796877251558
0.4563741309442214 0.4907355391634717 0.03980492482413811 0.013085405068168798
0.06748581329629244 0.06029079738766985 0.536148864528134 0.3360745247879037
0.39678439916527475 0.004956535963803521 0.45319283754439676 0.14506622732652497
0.5521693998077306 0.3589992858879387 0.0449006793498542 0.043930634954476466
0.1593647772654686 0.2924100878200928 0.5468605577193842 0.0013645771950543395
0.07016736300085502 0.33953667678443955 0.26946002236621935 0.3208359378484861
0.0034257070871867024 0.13708122315885551 0.15150295400143965 0.7079901157525181
0.1271198660280064 0.10665288489683244 0.6503544765871446 0.11587277248801653
0.15312746713321002 0.13981285086263573 0.697442590094206 0.009617091909948305
0.5847617195942288 0.084598817418295 0.07906736141964588 0.2515721015678303
0.5342483281098424 0.06516524381779598 0.005108126339482766 0.3954783017328789
0.26674295279188953 0.11083200285747774 0.5575405149559729 0.06488452939465983
0.26392947776196807 0.3003172561463425 0.16500729910134504 0.27074596699034437
0.09015253981423066 0.5768779780963427 0.13303518304487794 0.19993429904454874
