100 20 4 50.915039082568825 101.83007816513765
5.890644476118689 3.5053244658441653 4.820658316742198 8.602985190879133 1.042469705718753 2.094122087048028 7.036741762541007 8.43267479594543 2.230359307164577 6.17583996484525 9.021897588810376 2.8828190990547062 2.6679539759506756 1.9753920141782961 2.9772774336249297 9.807614062366326 8.30514834180391 2.5474691145933477 8.34602273853256 3.4666637233752926
1.1781288952237379 0.701064893168833 0.9641316633484396 1.7205970381758267 0.2084939411437506 0.4188244174096056 1.4073483525082016 1.686534959189086 0.4460718614329154 1.23516799296905 1.8043795177620752 0.5765638198109413 0.5335907951901351 0.3950784028356592 0.5954554867249859 1.9615228124732653 1.6610296683607821 0.5094938229186695 1.6692045477065118 0.6933327446750586
0.17541045374233666 0.25629372992078503 0.3859451951136057 0.1823506212232726
0.005688507352573424 0.5931548695759195 0.19681913154479447 0.20433749152671266
0.03647605659256892 0.0686716288194874 0.8757731716002551 0.019079142987688535
0.5818421923987779 0.16063749669919947 0.14806625563052678 0.10945405527149588
0.2100265776728606 0.0758691127340041 0.48321948069878695 0.23088482889434836
0.3547956116572998 0.004712232279602491 0.6154986496696853 0.024993506393412468
0.04486228246077528 0.13321870704502958 0.19817146479155812 0.623747545702637
0.6022966577308656 0.027645217856631765 0.30389942387892166 0.06615870053358097
0.17360800174020508 0.10315705965613009 0.08642294271301465 0.6368119958906502
0.09205560337723862 0.639245149682684 0.22571184729287552 0.042987399647201885
0.3950359317582296 0.11366296147996435 0.01933633007985347 0.4719647766819526
0.3130664415885097 0.22733813371220668 0.26504596202856334 0.19454946267072026
0.11078790118244575 0.14346961663527236 0.20272161223154772 0.5430208699507342
0.20012360721840317 0.41020454599099065 0.1679610622404547 0.22171078455015147
0.6253237577568076 0.07241114975614837 0.27876521950289934 0.023499872984144687
0.02317813647840361 0.18780028224004275 0.712518406540641 0.07650317474091262
0.46060162107485014 0.03975427560001488 0.04901936495280712 0.45062473837232786
0.3947002866898355 0.008180044689306665 0.12307560485063684 0.474044063770221
0.09043278819643585 0.41018153124651735 0.4428627782997737 0.05652290225727308
0.039998689640650786 0.5423454805761181 0.4102980671861992 0.007357762597031914
0.3361119501208987 0.036720096169024496 0.5671977733324515 0.05997018037762536
0.01525497124633901 0.23717138219850142 0.35137818559801315 0.3961954609571464
0.05994198881803725 0.3220014561250728 0.5084681184989657 0.10958843655792427
0.020439132026923157 0.5564623673731097 0.05328243707534319 0.36981606352462393
0.2506952291383959 0.2939896490402516 0.30771020966265883 0.14760491215869365
0.34019021537064575 0.2586687305051014 0.28599434761535836 0.11514670650889447
0.23769420862405044 0.2677372210117388 0.08737397134009739 0.40719459902411337
0.14260031444628352 0.24516596588034723 0.5586136004824706 0.05362011919089871
0.20434527686864423 0.0421906043349054 0.720073813283774 0.03339030551267641
0.3403852228374361 0.1231127960997116 0.13447566539177302 0.40202631567107927
0.08846017300289077 0.2471362687156775 0.65656159479196 0.007841963489471748
0.2967937508800147 0.3372429320822604 0.1203123116200785 0.2456510054176464
0.3126402978757431 0.32846096082495857 0.01783881152549527 0.34105992977380306
0.30900034852440217 0.34862445700458156 0.12197359308176592 0.22040160138925036
0.16669413119885812 0.692924164530207 0.12278953388048452 0.017592170390450357
0.16074454850708164 0.19978070230752654 0.5930245990649258 0.04645015012046605
0.2718308491769721 0.4243307156464132 0.01990942574095078 0.2839290094356639
0.0013990231190438296 0.35289927698727674 0.13786866979482937 0.5078330300988501
0.026544641333941965 0.24701827869349868 0.17161370880369764 0.5548233711688617
0.28314035971981955 0.7077524432050075 0.002224569556217748 0.006882627518955187
