24 20 4 62.026160350973726 124.05232070194745
9.640155730023267 7.295608449546185 9.998805633614912 2.980605698045666 4.2495071856765225 7.658568911884934 9.968101525801872 3.8471228001154754 2.2289012184117216 4.4558200913644015 3.884673552086738 4.297732777751636 7.386864063293147 9.101281874710361 5.807038952779485 3.2256438841895063 7.046259063193677 6.055561965818239 5.883038890385588 9.041028433254107
1.9280311460046533 1.459121689909237 1.9997611267229825 0.5961211396091332 0.8499014371353045 1.5317137823769866 1.9936203051603745 0.7694245600230951 0.4457802436823443 0.8911640182728803 0.7769347104173476 0.8595465555503272 1.4773728126586294 1.8202563749420722 1.161407790555897 0.6451287768379013 1.4092518126387354 1.2111123931636478 1.1766077780771176 1.8082056866508214
0.6311697774551955 0.21160977210984744 0.12764801083027766 0.029572439604679368
0.48603186896637274 0.12861576487571147 0.32777822751869634 0.05757413863921945
0.75779804985444 0.08642210366792302 0.006107743072598981 0.149672103405038
0.14303670588390183 0.2591817086968693 0.4593957644693427 0.13838582094988616
0.4168299107625021 0.31992153862043815 0.2046677260564822 0.05858082456057756
0.69948860623719 0.21717574297377762 0.05466734401832207 0.028668306770710306
0.5434997560938548 0.0173912945517396 0.012537988272806944 0.42657096108159864
0.11409656487218656 0.32785260601283817 0.5108608894880119 0.047189939626963384
0.2756954606457642 0.321195983081345 0.2918327026567392 0.11127585361615155
0.6595604191091031 0.125112558778549 0.012201134668695435 0.20312588744365245
0.16551268246031936 0.17832074126901265 0.018978345256389084 0.6371882310142789
0.06556553529884612 0.02308844392790843 0.3832987187241278 0.5280473020491177
0.6039798212578414 0.07668314291308742 0.08488846251770577 0.23444857331136537
0.20978981055078283 0.3093233581970276 0.2500494452059122 0.23083738604627735
0.25675936951200384 0.2070283380937371 0.17973765430309663 0.3564746380911624
0.11044039822543339 0.5378469749518037 0.28411771384146756 0.06759491298129539
0.46892383646194713 0.18216751215230376 0.16551235393203878 0.18339629745371033
0.5282710737487201 0.05046329431642793 0.13306524530749753 0.2882003866273545
0.6359514792116346 0.12909814153882426 0.1472866879034207 0.0876636913461204
0.17621021357620914 0.37219639195606025 0.2848802920061084 0.1667131024616222
0.306012589949623 0.3742262704965321 0.21332829147460608 0.1064328480792388
0.22768325439797588 0.41454222682481856 0.16499381816561887 0.1927807006115867
0.4996768861038394 0.03500398012611783 0.08501590912611456 0.3803032246439282
0.12279848359327927 0.10889871305572107 0.3926778655108851 0.3756249378401145
0.40925902250323054 0.14762395954872942 0.43856769231428916 0.004549325633750878
0.002023272594058212 0.09550139595386808 0.7915235081507975 0.11095182330127618
0.3507624607204416 0.4692746556096541 0.05955197538202517 0.12041090828787915
0.031438805443634976 0.22758272681779668 0.029721942098640097 0.7112565256399282
0.2850605910653178 0.3702254549119919 0.2026864119618098 0.14202754206088053
0.1794644011767761 0.7906634873989398 0.0019923707911079225 0.02787974063317622
0.08788606476009508 0.48322358093100926 0.060506293162007174 0.3683840611468885
0.19938767830182724 0.24160950189591057 0.47187701100724533 0.08712580879501686
0.012743533666867535 0.26285910625667064 0.2703702062637525 0.4540271538127093
0.1361227536800812 0.3384614989054274 0.4696087932138068 0.0558069542006846
0.02299406471310539 0.22583738911583096 0.18941891890797946 0.5617496272630842
0.35673952575982737 0.03551948057473808 0.056299194307163236 0.5514417993582713
0.05814587189395937 0.0955597453331073 0.13563563697199188 0.7106587458009415
0.3804997323794479 0.30164876664687323 0.06046818411355048 0.2573833168601284
0.05123622729922084 0.3858067783938568 0.38437778792737887 0.1785792063795435
0.5517914990855354 0.1082275207745137 0.2603090595377695 0.07967192060218142
