80 10 4 26.040291613363866 52.08058322672774
5.697241448502293 7.294657303131976 3.4288207396565524 7.070336872200931 9.172648749819833 7.166351837434666 2.9048800959376972 3.855394667135624 3.405694644666593 2.0845568682415534
1.1394482897004585 1.4589314606263952 0.6857641479313105 1.4140673744401862 1.8345297499639668 1.4332703674869332 0.5809760191875395 0.7710789334271249 0.6811389289333186 0.41691137364831066
0.2845997496899638 0.5612023580672347 0.15105478854438104 0.003143103698420413
0.6680694125769171 0.14157182842866756 0.002402310124697604 0.18795644886971774
0.3227198053463064 0.16367619143183698 0.24575172724438188 0.26785227597747474
0.44505932405149806 0.13377282899500664 0.042612516954839696 0.3785553299986556
0.06651688130774791 0.035923152826740856 0.1321956806942055 0.7653642851713057
0.0767871701244357 0.014669717802286208 0.8570448714069271 0.051498240666351
0.5992110827446835 0.11573564752645149 0.16770882961135036 0.11734444011751466
0.7378533205495407 0.17376831963029205 0.040329754313409016 0.04804860550675827
0.6542334437761992 0.17216635001023306 0.1433943842349933 0.030205821978574465
0.005383539245101487 0.010307502140923797 0.9002767379040608 0.0840322207099139
0.08043968937179402 0.11968444670277589 0.33512606311491355 0.46474980081051653
0.011995262776404392 0.27852893338406515 0.08241259482237351 0.627063209017157
0.41770991492750154 0.5249686050336438 0.03293870410579136 0.02438277593306326
0.5148808888330643 0.014442424784291141 0.33640571312006684 0.13427097326257775
0.15086072413508578 0.3250062546251613 0.053518954325894263 0.47061406691385865
0.7148226904410083 0.10648167720383794 0.15298955242261114 0.02570607993254259
0.17184986925202905 0.08827621274128972 0.16676444063782547 0.5731094773688558
0.029057403894830025 0.5934734893028915 0.06398009768003365 0.31348900912224487
0.2671876896868418 0.30810914274432977 0.3937129939319246 0.030990173636903817
0.21055362615659312 0.3809331788574216 0.3242866680437805 0.08422652694220478
