25 80 4 218.48377556793952 436.967551135879
8.831117229644907 6.240492358053038 3.5095504663096215 2.673201088811613 4.699901151326019 2.0563799242124396 7.164718699367215 4.938499536936854 6.006063926547732 4.303722894573915 4.621291559327826 2.017366306249567 5.0232776164074044 6.269006048599321 2.4578659346044445 5.686469092474152 3.9344601352404296 7.292676141499969 4.297550940246553 8.527370574394496 5.332086489227656 5.648520681926749 4.4474331535243214 9.977868062898226 5.628200394266011 6.0314794689562365 1.3100479129771432 7.479370237306012 4.789031928465182 4.93241612763024 3.5353067841008254 9.102469042510416 7.026510502964818 5.104618754396695 3.608239102950124 5.7323706711824975 6.033178553514055 7.707554486024375 8.45511628215973 8.413250067325443 1.694262878912728 6.8037586332472255 3.783318270728924 5.718283442887403 9.622831037807277 8.948808602956488 3.6588870112212093 5.6113838961551155 1.798321759158545 6.77545057979047 2.1917849834045677 7.898372331218507 1.6906801618154514 3.9793944042783425 7.118664284648597 5.582917715146423 6.896315262219277 6.419083220312147 7.471491017937998 4.7369731187648405 4.568874662787945 8.426250674723555 7.41296578292923 1.8814343693209121 8.579388327137934 4.967389789206392 4.3659031984112335 9.223082377432808 5.930002150832018 3.2674353657454422 1.2472654723694219 2.8563156965236627 6.317968253297798 2.4728637521074766 8.53235347528872 7.976828540183821 2.5213731075807075 7.90294896355253 4.018292641614016 5.2515815930875025
1.7662234459289814 1.2480984716106076 0.7019100932619243 0.5346402177623226 0.9399802302652038 0.41127598484248795 1.432943739873443 0.9876999073873709 1.2012127853095464 0.860744578914783 0.9242583118655652 0.4034732612499134 1.0046555232814809 1.2538012097198643 0.4915731869208889 1.1372938184948302 0.7868920270480859 1.458535228299994 0.8595101880493106 1.7054741148788992 1.0664172978455313 1.12970413638535 0.8894866307048643 1.9955736125796453 1.1256400788532022 1.2062958937912474 0.2620095825954286 1.4958740474612022 0.9578063856930363 0.986483225526048 0.7070613568201651 1.8204938085020832 1.4053021005929636 1.020923750879339 0.7216478205900249 1.1464741342364995 1.2066357107028112 1.541510897204875 1.691023256431946 1.6826500134650886 0.33885257578254563 1.360751726649445 0.7566636541457848 1.1436566885774806 1.9245662075614554 1.7897617205912977 0.7317774022442418 1.122276779231023 0.359664351831709 1.355090115958094 0.43835699668091355 1.5796744662437014 0.3381360323630903 0.7958788808556685 1.4237328569297194 1.1165835430292845 1.3792630524438554 1.2838166440624295 1.4942982035875996 0.9473946237529681 0.9137749325575889 1.6852501349447109 1.482593156585846 0.3762868738641824 1.715877665427587 0.9934779578412783 0.8731806396822467 1.8446164754865617 1.1860004301664036 0.6534870731490885 0.24945309447388436 0.5712631393047325 1.2635936506595598 0.4945727504214953 1.7064706950577437 1.595365708036764 0.5042746215161416 1.580589792710506 0.8036585283228032 1.0503163186175004
0.021376281366212724 0.19368808970715545 0.5441432803683743 0.24079234855825749
0.094439590374785 0.018309452025216166 0.06187704437822539 0.8253739132217734
0.033682798780728995 0.05487097091987603 0.6008835031998349 0.3105627270995601
0.0843622262855469 0.16001728973880802 0.5612331324277353 0.19438735154790976
0.25304423289892997 0.2255668477647338 0.47992915819053894 0.0414597611457973
0.3200071264548999 0.1695139218634817 0.11244015934889351 0.3980387923327249
0.3581746375941489 0.027897983330225862 0.023549148233164674 0.5903782308424605
0.08570312337117136 0.09730672278610897 0.7307413410632848 0.08624881277943486
0.5828703770935633 0.411611095197269 0.003786095721157623 0.001732431988010097
0.3236036385238463 0.02745100288067215 0.6092646182262748 0.03968074036920677
0.2459858565996741 0.25333942085933425 0.2977736744809678 0.20290104806002385
0.04444198706739688 0.3287566436137819 0.004051626474668613 0.6227497428441526
0.19807449786873876 0.39067402485642033 0.16579399845980625 0.24545747881503466
0.38370420165888686 0.15353570229457636 0.22587753933093102 0.23688255671560576
0.01534090572860014 0.7049386299437455 0.09567743446481891 0.1840430298628355
0.09218890863291451 0.24141504083384457 0.22898275407271795 0.43741329646052296
0.28584169213022836 0.14137075085409134 0.009838900323212108 0.5629486566924682
0.05532146800472615 0.19633738063793404 0.5056005310408727 0.24274062031646715
0.05952488938339007 0.009651712216911412 0.07079214056183047 0.860031257837868
0.2584735145686684 0.4741062273074409 0.13061027351061394 0.13680998461327676
0.3195982637534255 0.10539006677052165 0.42397750977645465 0.1510341596995982
0.47970618370144535 0.20244709540022143 0.2666826643225624 0.05116405657577083
0.10641362333582116 0.3252251664034479 0.3880978591770917 0.18026335108363922
0.3173645436378586 0.1464911734784181 0.2964463853212962 0.2396978975624271
0.37521484067374167 0.15047763037710082 0.27303436043813323 0.20127316851102428
0.007530155344974587 0.6615343497888443 0.06556551176127012 0.265369983104911
0.020099581590442117 0.3822609752289271 0.048142038272238286 0.5494974049083925
0.25667302134099035 0.16251779481452766 0.2671905382358909 0.3136186456085911
0.03321087153118785 0.2135070443274718 0.41133003574422544 0.3419520483971149
0.06081313391837573 0.34064820216344016 0.3374832982627717 0.26105536565541243
0.04082397348200506 0.3146310790096083 0.2921883543506476 0.35235659315773904
0.6466143359643496 0.29534012266916443 0.054121569897509825 0.003923971468976162
0.13619478577241206 0.3479585928463075 0.345676860927705 0.17016976045357546
0.02142979193982475 0.22179762626071808 0.5566363938478632 0.20013618795159394
0.12763864069493802 0.029579194211581505 0.2625901182150506 0.5801920468784298
0.7595070423901247 0.006950518739815226 0.10487389539292569 0.1286685434771344
0.1812639688338713 0.32317791504501003 0.21199555627507538 0.2835625598460433
0.45340013425796677 0.20681464863538046 0.14721279757867578 0.192572419527977
0.3033744842172814 0.23947228910703544 0.01899046883319888 0.43816275784248426
0.3692358729312163 0.21700022106061412 0.15640218672214945 0.25736171928602014
0.11079463985549487 0.6504700301329923 0.15562374517304267 0.08311158483847014
0.05483487675970411 0.7201569243803462 0.13247850712889475 0.09252969173105496
0.08155909636179282 0.13371967513077898 0.5191501865372107 0.2655710419702175
0.4687513246944429 0.0638076875468353 0.126078369442565 0.3413626183161568
0.09327773326679079 0.2726096861785835 0.4408487833341458 0.19326379722047993
0.30535195243441104 0.24377099323881657 0.06712976727811615 0.38374728704865624
0.819158661294574 0.02620043211614398 0.05031616404995032 0.10432474253933166
0.38551480926448256 0.05747691483699813 0.06779807574732899 0.4892102001511903
0.09386332278357745 0.05576692023938645 0.39112219741903753 0.45924755955799856
0.26280502342274603 0.17850261577540605 0.5035730216964379 0.055119339105410003
0.3428221426434692 0.2047213775329605 0.3233684916521108 0.1290879881714595
0.08108000770069101 0.5358973806546384 0.3141713526155424 0.06885125902912814
0.1384888909141182 0.37284482205553504 0.28451750656209196 0.2041487804682548
0.03149565775280827 0.1285552537887964 0.0748893979332732 0.7650596905251221
0.13007220968407074 0.6352446602698492 0.13915130707475232 0.09553182297132778
0.09673246566119642 0.009541428164134946 0.7954266064013115 0.09829949977335717
0.21260606154697081 0.19512281717233193 0.16205635239588745 0.4302147688848098
0.06139559201804734 0.4887670100273639 0.2485152555052026 0.20132214244938618
0.4919526550855682 0.07678911355550744 0.4020970622929644 0.029161169065960002
0.5280231943028334 0.27727628360259915 0.06457576944520549 0.13012475264936196
0.4747239021673195 0.04232378778021273 0.4560804188498483 0.026871891202619458
0.2329553667041162 0.16907751267394233 0.455013825782129 0.14295329483981245
0.09942443739190576 0.3237449392375904 0.0792341546717068 0.49759646869879703
0.3118714968670868 0.05694670502346977 0.16181625695180057 0.46936554115764284
0.06493237601466306 0.1293835441626061 0.4102074301932972 0.39547664962943363
0.31863515003303877 0.14303039036063325 0.19994108246352882 0.33839337714279916
0.004500569533098964 0.13032301130470036 0.8369348329088132 0.028241586253387463
0.0008763918571776941 0.8361985005035358 0.12911320581350216 0.03381190182578431
0.035468431895739005 0.7423852332627897 0.21909239166403383 0.003053943177437457
0.044177757510978743 0.002842503423365672 0.8958904259662197 0.05708931309943588
0.03332598671294651 0.05241082118108764 0.8001333036162581 0.11412988848970773
0.43498034834463983 0.2006335050837621 0.15706300989483013 0.20732313667676794
0.2755320489151346 0.10582239641315994 0.006105807040250988 0.6125397476314545
0.24055027240858418 0.3253795643766131 0.35597106234296505 0.07809910087183769
0.41414835499010916 0.1875743974946119 0.36344810825898455 0.034829139256294384
0.786954962208609 0.09515656994967847 0.00786349500185679 0.11002497283985568
0.1871164469165485 0.13271598982336585 0.6544130910669836 0.025754472193102007
0.3190286471391831 0.302821264085412 0.05911519491517425 0.31903489386023065
0.046766521588175736 0.09462189622527806 0.6973536534454716 0.16125792874107459
0.022658906476317076 0.18075416567388025 0.31298746214518247 0.4835994657046202
0.6608743268938546 0.0156870307787228 0.23553264167564691 0.08790600065177567
0.5668296093599882 0.22377701969309716 0.04055594073286761 0.16883743021404707
0.4918456636903529 0.30412551866884463 0.14157908020353605 0.06244973743726645
0.08564645309057428 0.3837472169003474 0.42341191642016984 0.10719441358890847
0.19040067625794943 0.5719168470757495 2.172435794167704e-05 0.23766075230835937
0.22195087706133376 0.07439980743816177 0.4952307210460958 0.2084185944544087
0.006597664201326903 0.10296397813314206 0.08715269002167525 0.8032856676438558
0.015087390905166198 0.732508112826019 0.17834503394484746 0.07405946232396732
0.12496399018079785 0.025050060643053706 0.16260549892359888 0.6873804502525496
0.5310583246744428 0.008416106298167914 0.26694293680095627 0.19358263222643302
0.11986628696399715 0.5069168013056459 0.174340818868726 0.198876092861631
0.06345742593276682 0.010658426292934342 0.21889602890898563 0.7069881188653132
0.04296878218210631 0.9102786392236433 0.03469284566130593 0.012059732932944489
0.5266766957283981 0.2542647327869917 0.08330054459590308 0.13575802688870708
0.06683133145592302 0.06228980700733611 0.41708289648673413 0.45379596505000674
0.11671916814082994 0.05498521132711409 0.23922698642614393 0.589068634105912
0.3981472048978115 0.21891310516787732 0.26876532161633204 0.11417436831797911
0.928543776915434 0.039605594219199736 0.007731348012417594 0.024119280852948677
0.362887120491038 0.24215200880967847 0.10677409202542276 0.2881867786738608
0.02612698446065609 0.42533156402806416 0.0784654095152072 0.47007604199607256
0.2603223447124632 0.059113260365973974 0.5729317782321552 0.1076326166894076
0.16201095566638912 0.18656039868115315 0.12242041395428704 0.5290082316981707
0.07085548628776739 0.3226257419834866 0.11421678745556008 0.49230198427318594
0.4881375470214211 0.04888216749841057 0.3291212120282051 0.13385907345196324
0.028147397395793083 0.047056088017863984 0.5953968255897265 0.3293996889966164
0.28930037596339264 0.07764570604008292 0.22338426271869793 0.4096696552778265
0.45365097483915073 0.17527642661042153 0.3335851230203041 0.03748747553012366
0.4213455714087472 0.040370627847053364 0.08969017181289662 0.44859362893130283
0.2783441594158823 0.3697994664044528 0.23194799635368868 0.11990837782597619
0.7487860729745276 0.07343071879126828 0.1431480786577013 0.03463512957650283
0.16482760696260979 0.38202710819528984 0.13202219877157295 0.3211230860705274
0.5128585853732388 0.06335269998496262 0.0064920759012222495 0.4172966387405763
0.15854688756779856 0.018881691084954633 0.23059949089998755 0.5919719304472593
0.2058151816524727 0.06821737715720166 0.19044539782441483 0.5355220433659108
0.2648385295164015 0.15662877748374437 0.1760983277813094 0.4024343652185447
0.44851026250835 0.0042842150732982365 0.15271487747404755 0.3944906449443042
0.021023695686286814 0.28473419191366656 0.4525008317546725 0.24174128064537415
0.16047642300704412 0.2869588007213496 0.02801895645823027 0.524545819813376
0.30460178574665486 0.4318924605995358 0.21611069128567828 0.04739506236813107
0.9265653947877035 0.00892183983512329 0.04063271800544621 0.023880047371726998
0.22919910453538328 0.013586331869001156 0.31472141612548254 0.442493147470133
0.038410046716164215 0.5840263651438593 0.25524244573117216 0.12232114240880432
0.5432062952920611 0.1441090201428995 0.2698853294978186 0.04279935506722077
0.13504762606850718 0.2702173198786091 0.04780066511338221 0.5469343889395015
0.8271329835462156 0.0972208478760831 0.0682530099933365 0.007393158584364845
0.40820335789247264 0.05026112278869066 0.202175884803098 0.3393596345157387
0.5381873792751026 0.007991806668129153 0.010890421532476546 0.44293039252429167
0.16357748341801026 0.4124310280657112 0.2301462151655037 0.19384527335077484
0.15401133266563227 0.5198996857385257 0.3139258441561218 0.012163137439720195
0.16844578161408763 0.09273730869586638 0.5496213521768539 0.18919555751319206
0.2906694676828022 0.21107293556165796 0.12380585791989629 0.37445173883564353
0.18412981122401406 0.04007649240527056 0.5218254188864828 0.25396827748423256
0.4796998064626168 0.3224210240074903 0.14849615006720662 0.049383019462686306
0.06725497030390204 0.5101848740811739 0.39142181146087485 0.031138344154049258
0.5109946569491535 0.16683213440740352 0.22514696417275226 0.09702624447069075
0.3946377052910679 0.20955628847898156 0.011434143442580869 0.3843718627873697
0.3538791354886627 0.12364906892395877 0.34299637664244265 0.1794754189449359
0.15956802075668064 0.08756265651771378 0.1888028797780672 0.5640664429475384
0.46838153560328655 0.4676629475852463 0.04040300730200708 0.023552509509460084
0.3498671822560605 0.4467480142998803 0.06856942970252922 0.13481537374152996
0.036065578146655786 0.44875043638524326 0.3053009788232487 0.20988300664485227
0.21456530539413798 0.3139930897636459 0.4602655535854191 0.011176051256796993
0.28994357742386945 0.2221654897390707 0.3513020347420718 0.1365888980949881
0.43775278383937866 0.3970867281577791 0.043999318767603546 0.12116116923523867
0.22506995255583329 0.5333534584770707 0.13215947337765988 0.10941711558943612
0.10436693772801486 0.46686207540385816 0.31824242585517715 0.11052856101294983
0.4330856053957989 0.05838859822503273 0.34495329747876535 0.16357249890040304
0.16131749444254895 0.6114346378897747 0.1304510253946295 0.09679684227304686
0.028858899299473495 0.32650576647692886 0.3486479781296754 0.29598735609392224
0.014625467460416375 0.12956701082557764 0.694778230192423 0.16102929152158296
0.2778187985994873 0.1373446015272809 0.3615402500113163 0.2232963498619155
0.0856503934257068 0.25389784218469946 0.4925507313153594 0.16790103307423432
0.31853734484467777 0.26188360054537707 0.09383950937314745 0.3257395452367977
0.43848026046125654 0.1310981177088616 0.29087114737914566 0.1395504744507362
0.5570003830031778 0.03420455551750745 0.113310972738206 0.29548408874110876
0.09653376842276828 0.44461844953044893 0.2570109991155619 0.20183678293122087
0.19568854418176151 0.3672982290698693 0.14825282317377642 0.28876040357459276
0.3867341979247195 0.5870825597164846 0.015639949021067023 0.010543293337728854
0.06172746084912761 0.15438722712572772 0.3588263396654108 0.4250589723597339
0.08239577223105099 0.307444177553005 0.43773019202690067 0.17242985818904333
