32 30 4 91.30451052754836 182.60902105509672
8.730003405637358 4.354400394777519 5.996159001987371 9.600908940925908 7.630026382101014 8.345846252012327 1.9097790427776227 9.356392633671433 6.481982520921783 6.368980925109474 1.8260572131658186 4.106676189748219 6.964772708670289 4.975421396151122 5.963390077545645 7.333412422843752 6.304611081713641 1.4493948347399197 6.056126559413171 7.8972262513679015 9.198174967009841 1.8361895215418964 9.122692511009943 5.148643652941719 5.068166226235665 9.994829383723195 2.4618136919747933 7.384335257792371 2.4456166947796807 8.296990912806374
1.7460006811274718 0.8708800789555038 1.1992318003974742 1.9201817881851817 1.5260052764202028 1.6691692504024656 0.3819558085555245 1.8712785267342866 1.2963965041843566 1.2737961850218948 0.36521144263316374 0.8213352379496438 1.3929545417340576 0.9950842792302245 1.192678015509129 1.4666824845687505 1.260922216342728 0.28987896694798393 1.2112253118826342 1.5794452502735803 1.8396349934019682 0.36723790430837927 1.8245385022019884 1.0297287305883438 1.0136332452471328 1.998965876744639 0.49236273839495864 1.476867051558474 0.4891233389559361 1.6593981825612747
0.035147174625852706 0.009915238265578052 0.12143771013459836 0.8334998769739709
0.49403186630191775 0.18080266342850426 0.02036710481398618 0.3047983654555918
0.29854124528692305 0.09953120159011708 0.586711845746923 0.015215707376036836
0.2900171810754629 0.1671024884047163 0.4062113008930298 0.13666902962679095
0.4193354567733698 0.18481667091926535 0.3770989529282035 0.018748919379161344
0.09642990663856532 0.03466204167416198 0.2268864519715651 0.6420215997157076
0.27070274792734816 0.156300296420966 0.19709848232431326 0.3758984733273726
0.2921747478240383 0.11290536801976392 0.06764300095913234 0.5272768831970654
0.2878295455186013 0.14335606612519336 0.269587585298792 0.29922680305741334
0.042663541406911865 0.1287003266877068 0.33274965521055366 0.49588647669482766
0.532939677433977 0.09279244355033167 0.189433468179114 0.18483441083657737
0.29043623903612403 0.29645300269782027 0.21803326736900974 0.19507749089704596
0.12730548551288245 0.5045262214972047 0.12322197944675184 0.244946313543161
0.09425336503598114 0.3124221655320464 0.12491893634728157 0.4684055330846909
0.3813085330899487 0.22290699563790606 0.09909692526998037 0.29668754600216485
0.04512081718521643 0.47111841695520273 0.24515177292847345 0.23860899293110738
0.1595844702708844 0.33976792675886147 0.0990579334621905 0.40158966950806363
0.5659992036150545 0.1775637349610878 0.12333238144294478 0.1331046799809129
0.006845834130041917 0.4434296293735047 0.16094915185113767 0.3887753846453157
0.011096929892732588 0.14543547409992985 0.2323102908412712 0.6111573051660664
0.14020093166504077 0.632856329446305 0.20843272793283407 0.018510010955820166
0.36902067442257425 0.09829936177982301 0.1338755346883388 0.39880442910926395
0.08563918190381448 0.3031912989203559 0.23277255017195397 0.37839696900387565
0.18953057252900685 0.022185002633230533 0.5541724734653389 0.2341119513724237
0.1410486337769331 0.5593180931845967 0.01669775028046505 0.28293552275800515
0.044025079437355674 0.43506821392889394 0.07321221060585603 0.44769449602789435
0.3053399211633677 0.122795062018491 0.2985686012601467 0.27329641555799455
0.09177311712299097 0.07850731219401963 0.11639023368731005 0.7133293369956794
0.04914806374449221 0.44544907982660364 0.4226693792739692 0.08273347715493495
0.16518145384038985 0.5767051231516535 0.10418142725486546 0.15393199575309124
0.23857612632391179 0.06983425364382301 0.2264763487775342 0.465113271254731
0.32895444940415053 0.1951669133172822 0.25826138679620325 0.21761725048236402
0.46310814016744195 0.03802678086394051 0.22677039584101477 0.27209468312760277
0.006928480444867158 0.019241056786096444 0.7628996569102844 0.210930805858752
0.324620836649795 0.00605392717450326 0.2575571870724409 0.4117680491032608
0.014999977413722387 0.5059777262236322 0.2632570830219282 0.2157652133407172
0.1298177834681652 0.06813403930363537 0.4423371164715 0.35971106075669945
0.3761490407356681 0.014477435971224417 0.16225611345844626 0.4471174098346612
0.21031454511871583 0.5660949112257508 0.0073521724922887 0.21623837116324462
0.13312513390074243 0.09326172041645564 0.01907736366938373 0.7545357820134182
0.37485617684307626 0.2594668567714986 0.10106251477029993 0.2646144516151252
0.38836719306499334 0.26748016025531507 0.22380204660493141 0.12035060007476017
0.21281150919852043 0.3660591753917988 0.37869171961739023 0.04243759579229056
0.1277268853895156 0.09499252677592074 0.6078595630346882 0.16942102479987542
0.18538948338062677 0.06840845758136815 0.02966860794294035 0.7165334510950647
0.27705391812461166 0.46413396225737436 0.20136762650014006 0.05744449311787392
0.41761246950724984 0.2649023949801702 0.31242318964418225 0.005061945868397699
0.045708724123834754 0.16027702964693424 0.7460910541746971 0.04792319205453388
0.04400528066838716 0.3779043205075353 0.08644077717153598 0.49164962165254156
0.5783558355480912 0.18512034158325086 0.129912023705972 0.10661179916268593
0.008677326140518526 0.20494160237655146 0.3591732914875756 0.4272077799953544
0.4135607241308319 0.274965015744436 0.11958670534282578 0.19188755478190633
0.051668924688842766 0.42429854603000006 0.3132635020057031 0.2107690272754541
0.23671207735935584 0.32602758168572354 0.35571169251289625 0.08154864844202436
0.16743427745966943 0.0224019036329407 0.37738631417118984 0.4327775047362
0.28626048793098224 0.5583688058070803 0.02990565566979153 0.12546505059214597
0.35219553575141294 0.48118887064952276 0.02404530323207843 0.14257029036698587
0.1944249437647969 0.00381016892028474 0.36109546204853193 0.4406694252663864
0.08326964169530848 0.492768039923308 0.3807458519303579 0.043216466451025615
0.07574376118379011 0.5229438393646106 0.25919313653476506 0.1421192629168342
