95 20 4 64.13863405230934 128.2772681046187
3.0592313880121105 2.7161921676176464 8.977237038841588 7.470333060304658 5.79685045090728 8.82515890003703 7.518139087594129 5.338782920252481 7.804694771098569 9.772659950921577 5.575303906453015 9.626422173810196 5.448370249197567 5.6545060030486685 4.09656079540088 9.727752088728776 3.304796237490883 4.629476982276042 8.465415612677678 4.469384319947924
0.611846277602422 0.5432384335235293 1.7954474077683176 1.4940666120609316 1.1593700901814559 1.765031780007406 1.5036278175188258 1.0677565840504961 1.5609389542197136 1.9545319901843154 1.115060781290603 1.9252844347620393 1.0896740498395134 1.1309012006097336 0.819312159080176 1.9455504177457552 0.6609592474981766 0.9258953964552085 1.6930831225355356 0.8938768639895848
0.23170890522295928 0.07134363707430635 0.010713703549038223 0.6862337541536961
0.26398117903245766 0.08559169543355583 0.0900632642520891 0.5603638612818974
0.3669677510021405 0.08663785021716208 0.13107174051420922 0.4153226582664882
0.14370915263551942 0.09415970288920505 0.6819368197251723 0.08019432475010324
0.3131728389985837 0.0761071699948428 0.24655077426238203 0.36416921674419145
0.5946183331762279 0.30629186608708536 0.0634001075106525 0.035689693226034214
0.4952500558867502 0.11528454258040233 0.3862634602716042 0.0032019412612432907
0.21827997707273006 0.34003137327863 0.4004787049827808 0.041209944665859144
0.22618666952309974 0.4289773409894301 0.06341971099052002 0.28141627849695017
0.17442884574553774 0.00962925153609484 0.06337273494756956 0.7525691677707979
0.09810806115318271 0.08222557804454456 0.33856077937395945 0.4811055814283133
0.2507690558698984 0.014189409560490862 0.4891064107637817 0.24593512380582905
0.290284109271307 0.6298257599376862 0.0027106459643655434 0.07717948482664128
0.011538489533946206 0.542505064294804 0.28091750015292904 0.1650389460183207
0.010093130878351952 0.3690330562855957 0.6179663467177673 0.0029074661182850736
0.029533365719005555 0.0797062460033039 0.31691141294960945 0.5738489753280811
0.42161350515625806 0.2701573699290287 0.02952623855579195 0.27870288635892126
0.0385072076944305 0.8408217698570375 0.05929317307379067 0.06137784937474133
0.12146288112684911 0.1418888824615958 0.32681420852421716 0.4098340278873379
0.1613167842834341 0.16550614813689313 0.07351890635410496 0.5996581612255678
0.05022929547385524 0.481742310211721 0.2679562669702439 0.2000721273441799
0.2136704348081695 0.6922736877449773 0.08289661648121338 0.011159260965639795
0.0052022337023373 0.0597598763330599 0.28953342019778194 0.6455044697668209
0.27914635544185595 0.03400548363714906 0.16373494028320745 0.5231132206377875
0.10676353110747483 0.695433889839935 0.049794330898739525 0.1480082481538506
0.017924351258356563 0.026988237832602957 0.6488514952939668 0.3062359156150737
0.048452464110579574 0.05668213986656723 0.8643044333744343 0.0305609626484189
0.335601792096055 0.1235229943441869 0.46248692268504066 0.07838829087471744
0.04170769415038644 0.49264655776921173 0.26280172287964876 0.20284402520075306
0.051994309492415236 0.5566596644156323 0.3662826653969483 0.025063360695004144
0.15769924327052898 0.39283252086029086 0.04096331751682003 0.40850491835236014
0.19647258321760375 0.24715714235689634 0.42166911036861265 0.13470116405688726
0.8640352844460016 0.004413415619507255 0.028102610230762548 0.10344868970372856
0.22329036837454208 0.4580693869913359 0.09342557538900031 0.22521466924512168
0.2173005078351231 0.3612644262947672 0.27390776466859956 0.14752730120151014
0.02408995439310324 0.4666461122928641 0.35851733795536334 0.1507465953586693
0.2634825876559638 0.13678889020862017 0.4096702412759441 0.19005828085947196
0.30732587048174564 0.5963306158012149 0.01247937947378841 0.08386413424325101
0.02765927668979329 0.31048772195154495 0.480227399422981 0.18162560193568078
0.019193518284117972 0.7673653978853202 0.10326463097845695 0.11017645285210487
