9 50 4 147.16750521708846 294.335010434177
1.0933673849712995 5.516871329338649 5.461959638207315 2.2044657606334894 2.278999769090847 2.9670280806347042 4.766573624594072 3.232910515722032 1.7565368604881506 4.109487760453601 2.500987118790893 8.907031769793932 9.558676284640448 1.3487353824908785 7.291966522588849 6.154838340124683 9.082064064026346 7.002090756276729 5.930540047418334 7.3218468166124975 4.478294526531989 7.249948099880124 8.423834180504933 5.191016278305392 9.464719685739905 8.23365793011086 9.850233234018992 2.526726318253904 5.689762403138175 9.509656752786166 6.845864168444286 8.747487309031271 9.737614108812027 2.6698751824101463 3.1880410778206763 8.860607587910124 9.156495492311569 7.824501881169839 4.122117583979677 5.171812425856518 6.494839667633165 5.466535459040683 5.301766121845122 4.9199991828971115 8.833674667838778 2.686227823552794 7.189066838734076 7.331762564212493 9.326800695439967 1.3550933590684036
0.2186734769942599 1.1033742658677297 1.0923919276414629 0.4408931521266979 0.45579995381816935 0.5934056161269409 0.9533147249188143 0.6465821031444065 0.35130737209763013 0.8218975520907202 0.5001974237581785 1.7814063539587863 1.9117352569280897 0.2697470764981757 1.4583933045177697 1.2309676680249366 1.8164128128052692 1.4004181512553457 1.1861080094836667 1.4643693633224995 0.8956589053063977 1.4499896199760247 1.6847668361009867 1.0382032556610785 1.8929439371479808 1.646731586022172 1.9700466468037985 0.5053452636507808 1.137952480627635 1.901931350557233 1.3691728336888571 1.7494974618062542 1.9475228217624054 0.5339750364820293 0.6376082155641353 1.7721215175820249 1.8312990984623139 1.5649003762339677 0.8244235167959355 1.0343624851713036 1.2989679335266329 1.0933070918081367 1.0603532243690243 0.9839998365794222 1.7667349335677556 0.5372455647105588 1.4378133677468152 1.4663525128424986 1.8653601390879935 0.2710186718136807
0.03857092316235833 0.42312673930833866 0.18541905107441436 0.35288328645488864
0.1387386997795519 0.3457597553732502 0.3100494318257373 0.2054521130214606
0.3751227624957739 0.42603366919991204 0.10831977756256428 0.09052379074174977
0.21425596288493742 0.1285492662764729 0.15533438120038234 0.5018603896382073
0.2323071272464986 0.18361153976829359 0.07841793811791453 0.5056633948672933
0.22484261212330414 0.07778802953670239 0.4321351753761631 0.2652341829638304
0.1831527336532205 0.3564227912702034 0.07535695043879487 0.38506752463778127
0.10305405184612337 0.39705386859563585 0.13198376429069592 0.36790831526754486
0.2622732208029519 0.529045013941424 0.12587447141605757 0.08280729383956653
0.13353967592343363 0.12747690722409433 0.5806245652665492 0.1583588515859229
0.31385260677792237 0.17923811162503644 0.02722122609419453 0.47968805550284666
0.07319422123083008 0.17661033937148685 0.2559411227876873 0.49425431660999575
0.036451248322167173 0.6424763207084347 0.12530806634822778 0.1957643646211703
0.3083843510756832 0.25180127122637386 0.1706961891449097 0.26911818855303327
0.7166490873934734 0.008699834472778445 0.11776792018586002 0.1568831579478881
0.24471954767634918 0.05797934045240938 0.23318935271487862 0.4641117591563628
0.08023349348478681 0.09838444167406557 0.5048524167346918 0.3165296481064558
0.5797107815939463 0.08433852784745188 0.1975254654951032 0.13842522506349864
0.6732218267193463 0.22528527925179165 0.054004047538032784 0.047488846490829295
0.15642290217843435 0.4080307304990468 0.17026820833585044 0.2652781589866684
0.39563747511048153 0.0208202770491005 0.22398355344005105 0.3595586944003669
0.5787496113205873 0.005558024436314257 0.007444057310740604 0.4082483069323578
0.44165318416092714 0.301759948716229 0.16126220959489757 0.09532465752794628
0.6945884920570353 0.01202927280274324 0.10107783269101878 0.19230440244920266
0.03242495886252683 0.6339329889944327 0.048237211184217754 0.2854048409588227
0.27898647303020463 0.09005352343781747 0.39331208792035854 0.23764791561161935
0.10937339268700785 0.1797244385654897 0.6443876109364614 0.0665145578110411
0.07910104217629743 0.23209752466974942 0.015377051957228716 0.6734243811967244
0.2518568590408138 0.07827031466889955 0.21884017138985568 0.451032654900431
0.45120370596487314 0.32632180710103664 0.03876038844551122 0.183714098488579
0.11477505735172433 0.662337748419395 0.14620267621368555 0.07668451801519516
0.004951409791498884 0.006256436540066024 0.025311276399707983 0.9634808772687271
0.6493426065197038 0.19506762708735514 0.07689676129350198 0.0786930050994391
0.12102940065523005 0.42797558761186394 0.2571482135720454 0.1938467981608606
0.0029919695529196932 0.24688969689391305 0.48603838054058723 0.26407995301258
0.2709261401336226 0.05194892069177637 0.4524942500724247 0.22463068910217632
0.17403292510002677 0.3765008697365493 0.16845331910773897 0.281012886055685
0.21823833824092975 0.2757205726868668 0.1646853764881342 0.34135571258406927
0.113307641102114 0.25600640075919223 0.2303511179486455 0.4003348401900483
0.07226252363492403 0.27283665008680624 0.029597993189732663 0.6253028330885371
0.3735749039517683 0.2655160889715287 0.07173594024743579 0.28917306682926724
0.5537273620404508 0.00741472830576162 0.3580487373645064 0.0808091722892812
0.028232053443866145 0.17125665170888293 0.6257010513774873 0.1748102434697636
0.25356469062673237 0.14618271285613116 0.006312172155429563 0.5939404243617069
0.7100859661058428 0.06042995600136658 0.053320990236718435 0.17616308765607214
0.2978368339072497 0.201404488780215 0.42046399383921196 0.08029468347332336
0.09376458450026892 0.31080338803818375 0.21048882523854828 0.38494320222299905
0.11607183111321373 0.4132706599785999 0.18373395863206 0.28692355027612637
0.1234657682523016 0.31025334025975393 0.47644864710120394 0.08983224438674053
0.041824424095711854 0.5378191371789585 0.002041679074307745 0.41831475965102194
0.053059424485393025 0.11647198972248385 0.4685225705095081 0.36194601528261505
0.16260604656008082 0.1903109066726011 0.34481943189109565 0.30226361487622244
0.022866949969676864 0.17676637867854783 0.0671410484237166 0.7332256229280587
0.2166397127268621 0.19770661207275952 0.029765970244424844 0.5558877049559535
0.4300468142111865 0.153851363802613 0.14518744261261307 0.2709143793735874
0.13876915695467273 0.41744732984897615 0.4145817080098071 0.029201805186544028
0.1093105151646997 0.1799887663835441 0.20262965773650243 0.5080710607152538
0.03796921692694821 0.04557421300249709 0.40705811824487037 0.5093984518256843
0.10085859104522166 0.4166016507236088 0.2405757831539409 0.24196397507722867
0.1125431140433566 0.4335316224870648 0.02975078128944253 0.4241744821801361
0.7916231853067416 0.11139841019052787 0.0621365879627771 0.03484181653995344
0.5214873031839404 0.29158417754432353 0.023135520016481448 0.1637929992552546
0.4063212708530659 0.36093283609951 0.1516747813048417 0.08107111174258241
0.33888996611535227 0.36247993981895954 0.26634905379142726 0.03228104027426093
0.6451189984951727 0.03703377167623001 0.21178997389548293 0.10605725593311432
0.380809518748513 0.32297117424396793 0.1250005092570935 0.1712187977504256
0.46201044129800417 0.34157820577751075 0.08224295735754095 0.11416839556694414
0.17847955589273656 0.10418670640293004 0.18096812017296904 0.5363656175313644
0.025569103332357845 0.4505553510788911 0.37713317600495866 0.1467423695837924
0.04546949815285262 0.31083997917210515 0.12058867284866936 0.5231018498263729
0.13667301033822488 0.5445333704696057 0.057256453348560776 0.26153716584360864
0.053877743676363554 0.12409271661555965 0.7054627657930459 0.1165667739150309
0.13607970210569964 0.0649579593730214 0.27253021876243977 0.5264321197588392
0.6675444589256175 0.07726914233184234 0.17221515622423744 0.08297124251830268
0.14296252407525012 0.041851850755265096 0.7255430183745695 0.08964260679491531
0.04186674974875759 0.8160936640348309 0.04103146156943194 0.10100812464697961
0.1831071892507703 0.19721629168990862 0.43430113024892236 0.18537538881039872
0.032723994301139925 0.3538882000155764 0.28809184895677675 0.3252959567265069
0.20263513230551344 0.22301596891423925 0.12728007122346952 0.4470688275567778
0.12252262421091398 0.01707022535777436 0.7038970792079078 0.15651007122340388
0.3860309321526918 0.33495077700057596 0.20290399545723625 0.07611429538949599
0.048899533339431756 0.15029222153754995 0.07339205886049704 0.7274161862625212
0.13138669704047223 0.1573368375053017 0.04457333372669148 0.6667031317275346
0.2944345013728158 0.04324210250847482 0.11792093249890134 0.544402463619808
0.010204856665951278 0.7350282478824425 0.1727733131683571 0.08199358228324916
0.24572394436610445 0.017514535579513768 0.03314056564977952 0.7036209544046023
0.4645180696333978 0.20877070637050188 0.00948425018211252 0.3172269738139878
0.02741126823211082 0.905997551550275 0.04525367046200568 0.021337509755608552
0.22220078518328812 0.37989160774577835 0.16029798667277706 0.23760962039815647
0.19672054667386663 0.3085822585387147 0.021103917573396136 0.47359327721402256
0.32555430823290055 0.2644170257425511 0.013790577140827431 0.3962380888837209
0.7496634986160405 0.07515842171743148 0.0028472452702426043 0.17233083439628538
0.3149630807150319 0.37087787870340105 0.11168019483476754 0.20247884574679953
0.3152299359637879 0.4401093880098256 0.23024957398301682 0.014411102043369706
0.22220043940123635 0.22766013739541646 0.266913541024452 0.2832258821788952
0.7173350651198127 0.07005385614712367 0.0041620887792446215 0.208448989953819
0.2186436554379988 0.23471769446225477 0.38796167244851887 0.15867697765122757
0.18725161549871727 0.09914091094397792 0.2424738007130144 0.4711336728442904
0.060911991473072025 0.12463038121260217 0.5394830581401636 0.2749745691741622
0.28571391782333766 0.39426984066996107 0.2582776546216755 0.06173858688502576
