48 40 4 95.9065013202659 191.81300264053183
1.1574124383803737 9.024159404622326 3.563750507265265 3.690787397130621 8.128308345898864 3.9202353773040595 8.782393480212324 5.027613689924867 5.934069157150848 4.214547953469905 2.0108082285343882 2.277074393634674 5.004631690409664 7.587822026682207 5.140911053766444 6.3346996807783515 4.030424716861731 5.089850387454608 2.6841499554747226 4.679516919490395 2.1889183595132446 1.3339928348635477 1.7378904767599994 2.9209595597230718 5.907063373432729 6.895597135361253 6.299091242309179 6.1748522843590825 4.012167859171249 4.42515194827247 4.614766227345562 7.113923489249577 2.315587785251987 8.099057964683222 1.3368435006191 6.522673487377751 2.368610428962131 7.946893451337486 3.368071359309197 7.94772306818334
0.23148248767607474 1.8048318809244652 0.7127501014530531 0.7381574794261242 1.6256616691797727 0.7840470754608119 1.7564786960424648 1.0055227379849734 1.1868138314301695 0.8429095906939811 0.4021616457068776 0.4554148787269348 1.0009263380819329 1.5175644053364414 1.0281822107532888 1.2669399361556704 0.8060849433723462 1.0179700774909217 0.5368299910949446 0.935903383898079 0.43778367190264894 0.26679856697270954 0.3475780953519999 0.5841919119446144 1.1814126746865459 1.3791194270722507 1.2598182484618357 1.2349704568718165 0.8024335718342497 0.885030389654494 0.9229532454691125 1.4227846978499152 0.46311755705039737 1.6198115929366446 0.26736870012381997 1.30453469747555 0.4737220857924262 1.5893786902674971 0.6736142718618394 1.589544613636668
0.16478338022933325 0.12266896820479822 0.6631364901689583 0.049411161396910264
0.09006696587638663 0.21600900076121254 0.3738387253003328 0.32008530806206803
0.03477780936045416 0.8547825402335681 0.07328703082100874 0.03715261958496896
0.14266544519129043 0.5854354762011522 0.2636544290755074 0.008244649532049952
0.06077463391516946 0.4059963528247015 0.2226368450169709 0.31059216824315816
0.616505735181776 0.09602930867740589 0.213892080108113 0.07357287603270513
0.01553175440855492 0.33740755970054104 0.3914282037652427 0.25563248212566136
0.2783652558261488 0.20631475088701245 0.499482213376631 0.01583777991020774
0.03984569310124453 0.02682104551250508 0.7324275640440597 0.20090569734219066
0.25839358997133954 0.010350301723314304 0.44586897547598503 0.2853871328293611
0.1947675784971732 0.2565573458078957 0.47870571388231387 0.06996936181261726
0.028767325522239817 0.40832733948342104 0.38707204787235316 0.17583328712198598
0.185338655789145 0.093976225859973 0.13509955924884975 0.5855855591020322
0.15587814262589017 0.4037118102211529 0.16451894499859632 0.27589110215436063
0.3595013649770292 0.5721041247925645 0.03862668509427092 0.029767825136135406
0.10775789740363695 0.3001826298638567 0.5052497743603802 0.08680969837212615
0.46781611809916657 0.1776391409462761 0.16097716258952854 0.1935675783650288
0.33626769893982944 0.28227403834057085 0.11148897921349654 0.26996928350610316
0.3840704205349681 0.15528386963520702 0.10155925645692399 0.3590864533729009
0.3724920263235939 0.2344981911239551 0.03883074315099955 0.35417903940145146
0.2274290870826432 0.15548628275354937 0.5720512548388521 0.04503337532495533
0.41441409176372845 0.5578327651444205 0.0010906468642845057 0.026662496227566557
0.6214500618686376 0.03343299292912938 0.24049006944975637 0.10462687575247664
0.4143984316289896 0.3138426786329984 0.08933376993871911 0.18242511979929288
0.33641143186840883 0.10798963298665187 0.05257548565912129 0.503023449485818
0.08783925902192724 0.7067142648040606 0.17368257752966754 0.03176389864434459
0.002284185279189832 0.10943232821287285 0.8213814219767825 0.06690206453115477
0.29377928622405647 0.3421765688150862 0.10663095451440341 0.25741319044645394
0.49864924959453194 0.18118989488749404 0.11569156255376067 0.20446929296421334
0.10543877746756292 0.33738101326024483 0.4836722732842669 0.07350793598792538
0.08966191934454237 0.6551458829489938 0.15605299038564258 0.09913920732082127
0.41338114003183535 0.37582540778091333 0.09516604416285657 0.11562740802439475
0.0770330145756829 0.08144771523405336 0.6886876783711761 0.15283159181908768
0.19712224566218872 0.2608949096569484 0.5315545739941397 0.01042827068672314
0.41186193311272723 0.3750182038016383 0.16361317233826433 0.04950669074737013
0.5245548138865789 0.33073592599065427 0.04641439959901017 0.09829486052375669
0.190561563524138 0.09631641370820321 0.33760319534006555 0.37551882742759324
0.041274500658022295 0.27763835833901407 0.18727944942926855 0.4938076915736951
0.2715974603321537 0.2330773491823772 0.11900012527700332 0.37632506520846576
0.06366370807698418 0.2940691117298436 0.41158775644098256 0.23067942375218964
0.3377937105460287 0.31388566345647195 0.266794968463799 0.08152565753370034
0.18210750582402757 0.5107308263008673 0.2163273376304251 0.09083433024468002
0.3701990506946695 0.14750077764433056 0.06154551181133938 0.42075465984966054
0.382788860417118 0.009846871383300981 0.5143846887899841 0.09297957940959689
0.0007973040569280165 0.09084564011749852 0.28912313508789966 0.6192339207376738
0.07990278953207586 0.5194573939002582 0.007402189927768643 0.39323762663989725
0.33770121170462386 0.012469254759179704 0.48080991414198593 0.1690196193942105
0.2797879009724844 0.16689055474132486 0.1272536231097301 0.42606792117646064
0.0242773773017666 0.33681793079721145 0.4454047978391047 0.19349989406191725
0.2415259711065164 0.3657934655483186 0.38087701468866453 0.011803548656500462
0.11479585648509816 0.2785785657593648 0.355656887365428 0.25096869039010905
0.24033877033048523 0.014439623596891438 0.024243295841725354 0.720978310230898
0.05549228289894903 0.07092124507874242 0.7904794773382939 0.08310699468401461
0.3406667872106023 0.5943952501512682 0.05942075718965456 0.005517205448475004
0.42218717214460855 0.13721628373697992 0.3400219552028797 0.10057458891553184
0.3205935830740604 0.0079930089575031 0.506202706639627 0.16521070132880955
0.34947569076220786 0.2950182758075386 0.21056715308659757 0.14493888034365598
0.03671572664813327 0.2473554122809779 0.6475557359521623 0.06837312511872651
0.6830312846768564 0.003969845248952941 0.019494149433219476 0.2935047206409712
0.5506805596166198 0.35749352633816545 0.055172560961281425 0.03665335308393336
0.2375625796209596 0.12547893340075267 0.26992327200574007 0.36703521497254765
0.04841733111474089 0.4236681255503202 0.506763185039957 0.021151358294981937
0.10202687035475166 0.042879465919568927 0.34457689870053954 0.5105167650251399
0.12550310666808373 0.10665812481655623 0.45624736946541145 0.3115913990499486
0.3860268456910725 0.48693863898275547 0.105508350447867 0.021526164878305054
0.07932121218190968 0.44688778131032025 0.40315719617643253 0.07063381033133753
0.49661342735748104 0.03956850271554091 0.1149100275650149 0.34890804236196316
0.37785259996198906 0.1198071511374611 0.4657571956268559 0.03658305327369393
0.32526055035497914 0.013732210855482263 0.16061584433159548 0.5003913944579431
0.32679942650851646 0.036100109934299796 0.15033134744958332 0.48676911610760043
0.012065928181838825 0.3720030130426085 0.1045850983733777 0.511345960402175
0.03685702080561026 0.07115975407999098 0.812283752595697 0.0796994725187018
0.3472247800455994 0.027141332445612676 0.5388354063641695 0.08679848114461841
0.2513037664674528 0.09663332835980376 0.5275104079047473 0.12455249726799611
0.004331761134991674 0.35210861121673664 0.13759228164090664 0.505967346007365
0.2508339197055759 0.34541805492022326 0.14978374730440602 0.2539642780697948
0.4995270139519864 0.16953517221950432 0.22885908386430365 0.10207872996420564
0.061113263933407325 0.3175204348685624 0.12530520602534545 0.4960610951726848
0.032873048845245 0.43649571290974554 0.4989865733430503 0.03164466490195916
0.18763922767357932 0.3175167682317722 0.04519247067908683 0.44965153341556163
