74 90 4 233.05194924402 466.10389848804004
2.8198206408721718 8.060928436995049 8.74483515313328 3.943766809732912 3.2397442847635007 8.293273446218297 7.420913103315365 6.951955720404018 7.3944213132661 2.0161078765310565 8.829748031104653 5.287850356293555 1.7224379284367726 2.338934157304754 3.9162182834124 1.0608164633927657 7.451920654665319 1.585690493494888 4.814611642037224 8.243916315285585 1.265465106800412 5.731914777098036 8.086024144643336 8.306882746469501 4.073116818914792 4.597060083336812 8.760985323374403 1.0192206760253426 2.5206640234219195 4.452658176320602 6.399560963348801 2.1742206168623768 1.3120331142501866 7.3171664359207735 5.785202899019894 7.735938222536454 2.3685840516270167 1.6132827530875529 5.393224215187388 5.809974622287679 6.20066058580415 6.976277114012966 4.981969784583266 2.2393629587091546 2.832513940166389 2.9793570555235 8.04271333686462 7.37074457693731 5.715934379459153 9.811331202008791 3.4026595156763917 7.555287218386293 4.348403142287114 5.353072773208128 7.981667211794864 9.538550271514605 6.999720218951548 7.609558569739774 6.812873532149611 1.1710002063904867 9.217949826337748 4.462327844742629 6.0705256034550805 1.5173925944309063 6.665870454226011 1.781854182533249 2.480849627441219 2.8032351662524477 4.999149475651045 9.402054559462933 1.0240313694281236 3.0405866538255557 6.292323289882923 6.706490246714629 2.05381899314209 3.6652368398644413 7.095215264493464 4.041193706956868 7.296925314814842 1.483401051644425 1.7205835682338417 9.437480311721883 9.617768466038727 5.899716019797298 5.362607435974455 1.9115811279810262 3.1668978164999664 6.391760278377923 8.084541251818688 5.625781670934464
0.5639641281744343 1.6121856873990097 1.748967030626656 0.7887533619465824 0.6479488569527001 1.6586546892436593 1.484182620663073 1.3903911440808037 1.47888426265322 0.4032215753062113 1.7659496062209308 1.057570071258711 0.3444875856873545 0.46778683146095085 0.78324365668248 0.21216329267855313 1.4903841309330637 0.31713809869897763 0.9629223284074447 1.6487832630571169 0.2530930213600824 1.1463829554196072 1.6172048289286671 1.6613765492939003 0.8146233637829583 0.9194120166673624 1.7521970646748806 0.20384413520506853 0.5041328046843839 0.8905316352641204 1.27991219266976 0.43484412337247536 0.26240662285003735 1.4634332871841547 1.157040579803979 1.5471876445072907 0.47371681032540336 0.3226565506175106 1.0786448430374775 1.1619949244575358 1.24013211716083 1.395255422802593 0.9963939569166532 0.4478725917418309 0.5665027880332778 0.5958714111047 1.6085426673729242 1.4741489153874618 1.1431868758918307 1.9622662404017581 0.6805319031352783 1.5110574436772586 0.8696806284574228 1.0706145546416255 1.5963334423589728 1.907710054302921 1.3999440437903097 1.5219117139479548 1.3625747064299223 0.23420004127809735 1.8435899652675496 0.8924655689485258 1.214105120691016 0.30347851888618127 1.3331740908452023 0.3563708365066498 0.4961699254882438 0.5606470332504896 0.9998298951302089 1.8804109118925865 0.20480627388562472 0.6081173307651111 1.2584646579765846 1.3412980493429258 0.410763798628418 0.7330473679728883 1.4190430528986928 0.8082387413913736 1.4593850629629683 0.296680210328885 0.3441167136467683 1.8874960623443766 1.9235536932077455 1.1799432039594595 1.0725214871948912 0.38231622559620526 0.6333795632999932 1.2783520556755845 1.6169082503637378 1.1251563341868929
0.12496103319980167 0.0011512121032074552 0.2948592881792774 0.5790284665177134
0.03868267769202127 0.37365028576801906 0.2873273410023448 0.30033969553761486
0.03220866509838305 0.8059295366383593 0.02047118559452865 0.141390612668729
0.280661045847055 0.12456911497326228 0.18299439082705016 0.4117754483526326
0.23098798675421028 0.1300979013064112 0.343407559735753 0.29550655220362554
0.1349166071469785 0.13877972383145876 0.3773419682870298 0.3489617007345329
0.6391490103145848 0.2346052871380263 0.10492061717353751 0.02132508537385136
0.19711824028098857 0.31151653041037075 0.2242579269133399 0.2671073023953008
0.06231065126832114 0.5394878224573825 0.3821742976460937 0.016027228628202717
0.026214233014971944 0.5270683179490369 0.03421094070977926 0.41250650832621194
0.6386781107835241 0.060078181110875484 0.12683325696152958 0.17441045114407083
0.2735668867760833 0.11011442953526362 0.27782465952936575 0.3384940241592873
0.06443640260589767 0.046403484206834156 0.03772768618893918 0.851432426998329
0.6555728132707235 0.07626893658445555 0.16224833674288697 0.10590991340193401
0.0737120014921957 0.13689452660736057 0.1717573381607972 0.6176361337396465
0.4631715918987548 0.13087264123116815 0.32581779584053905 0.08013797102953801
0.018685203615573687 0.16571116525848795 0.6515108104321066 0.1640928206938318
0.13318248968069957 0.07985157837929002 0.5236688519164328 0.26329708002357766
0.4895453902627366 0.13210411710204673 0.2239959781732691 0.1543545144619476
0.38054820415253077 0.26084674552300924 0.007893422530035887 0.3507116277944241
0.31546693055791675 0.3716743149795394 0.13925632773666718 0.17360242672587667
0.02638544686764266 0.1596561117883717 0.749260409380276 0.0646980319637096
0.14977602855145977 0.2227005884353226 0.29627684704997503 0.3312465359632426
0.1488877768952851 0.24049189001824545 0.20478492333908116 0.4058354097473883
0.30636286166326165 0.10854710646266397 0.41394137968172395 0.17114865219235043
0.11730671855942898 0.6966061791890409 0.007419542227827258 0.17866756002370288
0.7336620035643544 0.08079515116971792 0.053314668497435935 0.13222817676849175
0.11948920436654609 0.47410037295486407 0.2822802240830895 0.12413019859550034
0.018510187677406864 0.7453854483332696 0.2078760767178024 0.028228287271521157
0.44229859782029435 0.12240734725506575 0.26460884575820187 0.17068520916643803
0.10053291955959087 0.021252591911303242 0.3364422344770782 0.5417722540520277
0.05300722858532625 0.6981741441891273 0.029347404809976663 0.21947122241556982
0.6775552318225987 0.0989291177989694 0.21257060957305818 0.01094504080537373
0.6509924329221743 0.21926051123878565 0.09593325799194063 0.03381379784709937
0.01972241732746327 0.7084338417139248 0.16587150252487592 0.10597223843373604
0.24683746599845657 0.5834820197676257 0.16951814228797257 0.00016237194594515003
0.06941992419284848 0.8732988668137112 0.0008384951705248112 0.05644271382291555
0.5480237353249735 0.13738693172012995 0.026719131282254227 0.2878702016726423
0.18148525803390458 0.0337297388088722 0.35202561200533 0.4327593911518932
0.09115027205901927 0.03420683129941571 0.10310363050941396 0.7715392661321511
0.14235574072107304 0.018661170972656183 0.3353759138729633 0.5036071744333075
0.5814368885162174 0.10649674125925612 0.15411264755470278 0.15795372266982366
0.39798168302480996 0.26509497104541824 0.03956680417495417 0.2973565417548176
0.16553014834310043 0.028063393243237034 0.31116473532837086 0.4952417230852917
0.49837414901211696 0.03596422812965394 0.22344024501514348 0.24222137784308562
0.2046083444649507 0.34717980836732454 0.026477038778849105 0.42173480838887567
0.08644676518574412 0.2821159262792321 0.40192714775172067 0.2295101607833031
0.41673185900160004 0.03972016213298313 0.47046985911168604 0.0730781197537308
0.02056413065996532 0.28569953549927185 0.25823568309765643 0.4355006507431064
0.06977639967608973 0.2509325772060894 0.3755365421248208 0.30375448099300006
0.31465912864088885 0.12418827390921239 0.4579975634887984 0.10315503396110037
0.04647307795649125 0.1990530200074998 0.3453569532661661 0.40911694876984284
0.12241265623359332 0.4339120952334492 0.23591877952623874 0.20775646900671874
0.4073841813696717 0.04646895912882931 0.5314671067020398 0.014679752799459211
0.5757441868844491 0.2535202946515347 0.06370999538848066 0.10702552307553559
0.33996544238833015 0.10468300506242345 0.23907714248496748 0.3162744100642789
0.0001237701397784896 0.7465718147131111 0.09952307367284408 0.15378134147426636
0.28616708083597464 0.301312874162847 0.2616752841832536 0.15084476081792475
0.11099209408275035 0.6580880027961741 0.1622067235906407 0.06871317953043488
0.10575530106296605 0.46162885470646964 0.4163357400159885 0.01628010421457582
0.033736446924046315 0.2842200508400399 0.25750784956145967 0.42453565267445414
0.33406081412185806 0.13540137847837264 0.14586625949797705 0.38467154790179225
0.03066388829310973 0.17085957386198414 0.1785852907199127 0.6198912471249934
0.05885119639977765 0.12453475800904856 0.29454161138882284 0.5220724342023509
0.4096447287753586 0.015450857447972921 0.33183175331491865 0.2430726604617498
0.07096913761871504 0.11213564706646151 0.3849525449033142 0.43194267041150924
0.09831967977377232 0.29121566339214466 0.26285947320462877 0.34760518362945425
0.003911251652059744 0.3980219075648439 0.42834773970721296 0.1697191010758834
0.5604524472429736 0.1485389112590616 0.12560785540407426 0.16540078609389053
0.6694043264237253 0.2924586551875996 0.026238527238665488 0.011898491150009627
0.136881684444203 0.16814830064494246 0.2741309469957587 0.42083906791509584
0.04799617371694176 0.03296176612148927 0.9039809427991372 0.015061117362431764
0.19783409032852972 0.07629556881485633 0.35499658363540787 0.3708737572212061
0.07772061735253533 0.909141561639708 0.009019879450858692 0.0041179415568979305
0.40828753885777436 0.2719672191260766 0.172852705715269 0.14689253630088006
0.2940380971946338 0.534054221993364 0.11579434655572773 0.056113334256274405
0.3557082094205528 0.2608454040611081 0.03964539741571249 0.3438009891026266
0.1899087515765786 0.5249120625927982 0.2668344582392622 0.018344727591360965
0.043983231828942815 0.2741213501688786 0.5457499158097413 0.13614550219243726
0.5779636642684123 0.1987516946622495 0.148822681243292 0.0744619598260462
0.30713233019488206 0.3773105913442084 0.006526161657966045 0.3090309168029435
0.2806144440610773 0.1578007010116511 0.27196817334933376 0.28961668157793785
0.1430072263695199 0.14077001398021383 0.6396980335170112 0.07652472613325512
0.13459166553078206 0.08125431655595905 0.2739118323714771 0.5102421855417818
0.11345190782834458 0.26417040785521106 0.564717377708532 0.057660306607912326
0.19899242015835106 0.1278216031393702 0.4728999576820172 0.20028601902026155
0.05979868776792008 0.8088450134117057 0.1256320651481747 0.005724233672199541
0.2047501810923622 0.16079979738539052 0.6026538368406141 0.031796184681633144
0.02955551954235458 0.16380388237260635 0.16223001837848394 0.6444105797065551
0.22939833540847798 0.6102329256513249 0.08238221841470306 0.07798652052549404
0.7869470568992287 0.04237303182064345 0.10353621167848404 0.06714369960164379
0.506502240807773 0.1590690220116625 0.12662007028683442 0.20780866689373012
0.49174330285663537 0.3578467596404925 0.03482755043531527 0.11558238706755686
0.020372987850272306 0.4547346502229431 0.2167832327728405 0.30810912915394406
0.35254712252836884 0.29170165355041855 0.20857311782443533 0.14717810609677728
0.2807715327432573 0.4303753489325397 0.09374301854051537 0.19511009978368765
0.34980555646534695 0.5720472178300455 0.06444559597336053 0.013701629731247
0.204203538490474 0.11286913508417196 0.25787003366356653 0.4250572927617875
0.0996362289358913 0.03053470460601504 0.44972207729262736 0.4201069891654663
0.03784691478222313 0.5549628160384491 0.40244407763468215 0.004746191544645617
0.19170144349224072 0.09864309185751696 0.620637419159512 0.08901804549073034
0.05866971741711746 0.2890806187976329 0.32133205877061755 0.3309176050146321
0.24931008146574607 0.052248366964529946 0.3925633882095204 0.30587816336020357
0.5903774580925283 0.2442457509671454 0.06172836864663489 0.10364842229369142
0.09204275746116597 0.1449954719885046 0.5976742866392561 0.16528748391107329
0.6102497642853931 0.07422554621332988 0.18623755509312956 0.12928713440814743
0.21646807815157454 0.3036735615645402 0.21687856112299408 0.2629797991608912
0.15793420557525484 0.13325820996175108 0.29890154909487876 0.4099060353681153
0.7690292223840839 0.09569688213343863 0.10632280232446711 0.028951093158010366
0.03166836735318679 0.36503318966900833 0.31251355748313736 0.2907848854946675
0.16687011304220978 0.3300309015063184 0.06522060730893675 0.43787837814253505
0.4454170019958409 0.4700756354939001 0.07766201557769603 0.006845346932563001
0.15708647346115556 0.2158406634652692 0.4538952891522292 0.17317757392134603
0.040673016487323244 0.11910764067368063 0.5464705911100002 0.29374875172899595
0.5852133045736956 0.061175196420661604 0.286962855622228 0.06664864338341481
0.036497952827602265 0.31484585103952145 0.10254596827391316 0.5461102278589631
0.5360326592334984 0.17376072090798977 0.27612627912336885 0.014080340735142971
0.04589648606692687 0.08897723361347709 0.5913598195439297 0.27376646077566635
0.060878432938621385 0.3052588756565804 0.6225834701349626 0.011279221269835604
0.5541568482145253 0.16796389216552354 0.0807982963105558 0.1970809633093954
0.11683620265025252 0.22007237085080333 0.23061545062714917 0.432475975871795
0.1336239753110584 0.6481536826838029 0.13528603100083803 0.08293631100430066
0.032470048080179725 0.7642079708086409 0.06350177415593772 0.13982020695524167
0.310839319597505 0.20820712908590178 0.3000615607736583 0.18089199054293492
0.021922012393255197 0.023329715642637416 0.25852549962600224 0.6962227723381051
0.093908781373917 0.0771923507436918 0.5453417480523908 0.2835571198300004
0.6228260916795086 0.036325833770151084 0.10224923226542892 0.23859884228491135
0.32582222908758685 0.33811893279654426 0.1653989438448693 0.1706598942709996
0.5031784304377854 0.009792761730442856 0.4044265447176335 0.08260226311413821
0.32323112250073593 0.09629546295700886 0.5468089437380959 0.03366447080415935
0.1898322044738986 0.03693447920533932 0.40733471196480886 0.3658986043559532
0.7375564667197971 0.09488559439626787 0.10429925129686557 0.06325868758706943
0.4980631022742601 0.055686196339287064 0.18195727710754517 0.2642934242789077
0.4407475619439676 0.036386407328118264 0.3450261936945208 0.17783983703339334
0.042578962319321234 0.09959793048011234 0.023237711856332388 0.834585395344234
0.024768534099006922 0.23874584263535847 0.4746513921305262 0.2618342311351084
0.5203949301977792 0.21768650574472037 0.20503372768360684 0.05688483637389363
0.5498014657342941 0.25530278607575707 0.02773238186372695 0.16716336632622186
0.0817612688121605 0.2137305875662746 0.6986044670815118 0.005903676540053082
0.3116675201193616 0.24794901449861606 0.43386405292034624 0.0065194124616760885
0.10817863374071801 0.059812186915680576 0.0615515364619067 0.7704576428816947
0.1319657800665176 0.44014586099174124 0.20711150593878458 0.22077685300295657
0.5007316201039227 0.07321266791799463 0.19545598428592537 0.2305997276921573
0.3036192769809257 0.2841171207069155 0.36938423201356874 0.042879370298590014
0.8225871501028095 0.020804338535457267 0.020050745190098196 0.13655776617163506
0.08024358029122713 0.0035510706750450094 0.2920231091700234 0.6241822398637045
0.7950884368530164 0.08680446896324145 0.024741925994039904 0.0933651681897022
0.5669427894625397 0.08546372838430216 0.11428711078532261 0.2333063713678355
0.10456151960294757 0.10723912919725365 0.44071997745674285 0.34747937374305593
0.3686383014737129 0.20239831353827753 0.07486488425178484 0.35409850073622473
0.027963491818538855 0.4392308348116728 0.4166712029387005 0.11613447043108782
0.41870504031597233 0.15452598472669798 0.010137087184413862 0.4166318877729158
0.27412789374223867 0.21343461319073864 0.11187346851850732 0.40056402454851536
0.0684753909360839 0.0843351370706994 0.4070946825711974 0.4400947894220193
0.35123488222740595 0.2394542085542657 0.21083392618052288 0.19847698303780548
0.4498435360016132 0.1785698535924971 0.22006375751174623 0.15152285289414347
0.03608608063464647 0.19786645043691686 0.7509660262271085 0.015081442701328163
0.5320186283511867 0.17529463888125096 0.17213677143479333 0.12054996133276896
0.34665950542333324 0.15728687792093132 0.4649565947982526 0.031097021857482865
0.22261253511439738 0.08295229416963223 0.4556628565308344 0.238772314185136
0.08460580905001003 0.4092151271412584 0.34501517801441295 0.16116388579431862
0.4009989346717119 0.22685041616279855 0.08197142438144212 0.29017922478404745
0.19823678250162824 0.05744455508416291 0.23339377827715413 0.5109248841370547
0.1609362943256869 0.1145245241603009 0.5466732213834518 0.17786596013056044
0.3120582903856479 0.29163854664210254 0.1314178246388651 0.26488533833338446
0.18173242669192058 0.118146264950025 0.4520922797291327 0.24802902862892173
0.08339663525274454 0.5260600329794167 0.2587789218710328 0.13176440989680593
0.003201463170429464 0.04236167026800208 0.9046815555981212 0.04975531096344721
0.23855525116675336 0.5359965564887028 0.011208792615681418 0.2142393997288624
0.1327357734611574 0.3836085353024906 0.3365582587847391 0.1470974324516129
0.11031035092574804 0.5524351841954679 0.33693893011111464 0.0003155347676694342
0.4856281267424214 0.12215817913966376 0.03826584442811287 0.353947849689802
0.3095378587200389 0.06687347959051204 0.15755992378970385 0.4660287378997452
0.33318521150062297 0.23558014936423943 0.31580671453505116 0.11542792460008644
0.05766873936657224 0.018653417903801484 0.1333239775964543 0.790353865133172
0.7863882256027656 0.011798009699765188 0.10942338934197837 0.09239037535549088
0.6561945468946581 0.07200247424715012 0.26698967644918326 0.0048133024090085685
0.11343765646448556 0.4193697457734561 0.2277578681186162 0.23943472964344215
0.18101797260673558 0.12612164204147625 0.03901319722945662 0.6538471881223316
0.16004388809260417 0.68333258420015 0.017567556917065463 0.1390559707901804
