32 50 4 142.21471436473414 284.4294287294682
8.730003405637358 4.354400394777519 5.996159001987371 9.600908940925908 7.630026382101014 8.345846252012327 1.9097790427776227 9.356392633671433 6.481982520921783 6.368980925109474 1.8260572131658186 4.106676189748219 6.964772708670289 4.975421396151122 5.963390077545645 7.333412422843752 6.304611081713641 1.4493948347399197 6.056126559413171 7.8972262513679015 9.198174967009841 1.8361895215418964 9.122692511009943 5.148643652941719 5.068166226235665 9.994829383723195 2.4618136919747933 7.384335257792371 2.4456166947796807 8.296990912806374 1.3163245716326744 5.813980558707421 2.498501107234262 3.7756934197096133 1.4055617160228768 3.147185136915206 7.073510767573798 8.041444745658723 7.256814710899674 3.960590044637355 5.44628679671726 5.717092264492894 3.6868712075823074 5.167973261506978 9.863058633615669 5.510214289282442 4.582652021893361 7.551147851851575 8.769978733358881 1.2355258350786724
1.7460006811274718 0.8708800789555038 1.1992318003974742 1.9201817881851817 1.5260052764202028 1.6691692504024656 0.3819558085555245 1.8712785267342866 1.2963965041843566 1.2737961850218948 0.36521144263316374 0.8213352379496438 1.3929545417340576 0.9950842792302245 1.192678015509129 1.4666824845687505 1.260922216342728 0.28987896694798393 1.2112253118826342 1.5794452502735803 1.8396349934019682 0.36723790430837927 1.8245385022019884 1.0297287305883438 1.0136332452471328 1.998965876744639 0.49236273839495864 1.476867051558474 0.4891233389559361 1.6593981825612747 0.26326491432653487 1.1627961117414842 0.4997002214468524 0.7551386839419226 0.28111234320457534 0.6294370273830412 1.4147021535147597 1.6082889491317445 1.4513629421799348 0.792118008927471 1.089257359343452 1.143418452898579 0.7373742415164615 1.0335946523013955 1.9726117267231338 1.1020428578564885 0.9165304043786723 1.510229570370315 1.7539957466717762 0.24710516701573448
0.2900171810754629 0.12931827569790688 0.03778421270680943 0.5428803305198208
0.1310919483127273 0.47306017937990785 0.3770989529282035 0.018748919379161344
0.09642990663856532 0.2615484936457271 0.06902464406402176 0.5729969556516858
0.27070274792734816 0.2020203688755864 0.15137840986969286 0.3758984733273726
0.2921747478240383 0.11290536801976392 0.02610549579999244 0.5688143883562053
0.2878295455186013 0.21628397778657105 0.19665967363741432 0.29922680305741334
0.042663541406911865 0.1287003266877068 0.45436825288968996 0.37426787901569136
0.532939677433977 0.2719828316689771 0.01024308006046859 0.18483441083657737
0.12730548551288245 0.16313075352324158 0.29645300269782027 0.4131107582660557
0.09425336503598114 0.537578341974106 0.12322197944675184 0.244946313543161
0.4066755305680275 0.12491893634728157 0.07262106181254568 0.3957844712721452
0.3813085330899487 0.32200392090788643 0.05807855307105747 0.23860899293110738
0.04512081718521643 0.47111841695520273 0.0821710963515172 0.40158966950806363
0.1595844702708844 0.33976792675886147 0.24421054154639643 0.2564370614238577
0.5659992036150545 0.045225411739629795 0.2556707046644028 0.1331046799809129
0.006845834130041917 0.3819968607038917 0.061432768669613 0.5497245364964534
0.011096929892732588 0.14543547409992985 0.6165248571186833 0.22694273888865424
0.14020093166504077 0.3271191045373565 0.5141699528417826 0.018510010955820166
0.36902067442257425 0.2321748964681618 0.020407460105388298 0.37839696900387565
0.08563918190381448 0.3031912989203559 0.37705756780340594 0.2341119513724237
0.1410486337769331 0.04848193875207374 0.022185002633230533 0.7882844248377626
0.4790932933662496 0.22127343359528018 0.01669775028046505 0.28293552275800515
0.044025079437355674 0.26131484172601205 0.24696558280873793 0.44769449602789435
0.09177311712299097 0.33636186605886775 0.2985686012601467 0.27329641555799455
0.1702804293170106 0.11639023368731005 0.6305958598407444 0.08273347715493495
0.04914806374449221 0.11603339009589764 0.329415689730706 0.5054028564289041
0.7418865769920433 0.10418142725486546 0.05487044532217911 0.09906155043091214
0.12386250542970678 0.04938880928512823 0.09124389806593758 0.7355047872192274
0.09344585393821647 0.11214313846466728 0.3803826032111248 0.4140284043859914
0.5647834265684694 0.1307175446861928 0.2728386560779811 0.03166037266735677
0.486294273696697 0.00966520715327801 0.34912628203505713 0.15491423711496788
0.24096220861481954 0.5800025703998003 0.05345960998864252 0.12557561099673764
0.32442721771417404 0.4591487753942709 0.1871048139560817 0.02931919293547336
0.25816254565296715 0.2289701625342384 0.03075531912489271 0.48211197268790174
0.49165995619322567 0.020250849642383106 0.45928485513736106 0.028804339027030168
0.014770407894532545 0.6335434637995901 0.31188565693860126 0.03980047136727605
0.12096114170957895 0.18337495268664217 0.4339253103463673 0.2617385952574116
0.10632490658303007 0.37631870862583305 0.18269126072340303 0.33466512406773385
0.04825405343867284 0.14375419090594488 0.41310862362182343 0.39488313203355885
0.18027392420530508 0.4615530548524681 0.20877596304511326 0.14939705789711355
0.1557718849804568 0.3589334709548372 0.092179807777244 0.393114836287462
0.0048780397048603374 0.15386913998806984 0.23658827941404703 0.6046645408930228
0.26484126248595696 0.09130607565633686 0.121069304598027 0.5227833572596792
0.2893386842444934 0.26279865710822214 0.30191167099088145 0.14595098765640302
0.1395667810811766 0.32531321542935987 0.07539801845910099 0.45972198503036255
0.2804799762833494 0.11228361647867191 0.36360198832386037 0.2436344189141183
0.04662310651389867 0.24231524608714794 0.36975439291955725 0.34130725447939614
0.6025574274120881 0.190002000533396 0.12386380781955464 0.0835767642349613
0.4880852451912615 0.45125059337416185 0.01717188505182854 0.04349227638274811
0.27568908218555377 0.09807028261985873 0.0025532808912090976 0.6236873543033784
0.006928480444867158 0.3237462833794311 0.4583944303169497 0.210930805858752
0.324620836649795 0.1963568669875596 0.06725424725938456 0.4117680491032608
0.014999977413722387 0.18295184535807818 0.5862829638874822 0.2157652133407172
0.1298177834681652 0.26080869323872735 0.249662462536408 0.35971106075669945
0.3761490407356681 0.17673354942967068 0.23087903867141657 0.21623837116324462
0.13312513390074243 0.0771894112179734 0.5660949112257508 0.22359054365553332
0.22638685431719807 0.01907736366938373 0.38885881562799307 0.36567696638542513
0.37485617684307626 0.36052937154179854 0.14426385154036503 0.12035060007476017
0.21281150919852043 0.1755556838664729 0.26748016025531507 0.3441526466796916
0.1277268853895156 0.4511437992008036 0.37869171961739023 0.04243759579229056
0.18538948338062677 0.03732992878480956 0.6078595630346882 0.16942102479987542
0.25379794096199493 0.023255977162616737 0.006412630780323614 0.7165334510950647
0.741187880381986 0.20136762650014006 0.05238254724947622 0.005061945868397699
0.045708724123834754 0.3719037453834151 0.2649023949801702 0.31748513551257995
0.205985753770769 0.21592384740515347 0.5301672067695437 0.04792319205453388
0.04400528066838716 0.4643450976790713 0.07000545720063278 0.4216441644519088
0.5727922200046456 0.1906839571266965 0.129912023705972 0.10661179916268593
0.008677326140518526 0.20494160237655146 0.5944935167010237 0.19188755478190633
0.4135607241308319 0.274965015744436 0.10070523284927801 0.2107690272754541
0.051668924688842766 0.42429854603000006 0.08677218832623657 0.4372603409549206
0.18983618109261013 0.04687589626674571 0.6817392741986198 0.08154864844202436
0.16743427745966943 0.39978821780413054 0.27740679847426253 0.1553707062619375
0.28626048793098224 0.5711692217020319 0.01710523977483991 0.12546505059214597
0.1944249437647969 0.15777059198661603 0.48118887064952276 0.1666155935990643
0.08326964169530848 0.11496547098977317 0.36109546204853193 0.4406694252663864
0.07574376118379011 0.5002939204348263 0.3807458519303579 0.043216466451025615
0.5986876005484008 0.005585419877369158 0.2536077166573959 0.1421192629168342
0.2442320812182408 0.05891613227814707 0.525351642847402 0.17150014365621014
0.20890913189343108 0.05234204858631142 0.6352587420870409 0.10349007743321659
0.6365137118418567 0.08120299845657508 0.22935381300467728 0.052929476696890965
0.5736151841479978 0.017400692940379048 0.39540192064058344 0.013582202271039678
0.2386933828237463 0.562971261528445 0.05215697220371207 0.14617838344409662
0.6377384935251045 0.12675981908243728 0.042701771145559175 0.19279991624689907
0.13547948036316626 0.45668841115552494 0.3830954751192257 0.024736633362083094
0.00821183532894798 0.2511938639414051 0.009430940072657101 0.7311633606569898
0.03695473144514627 0.5971437773605142 0.21129225296802923 0.15460923822631034
0.26085065264050566 0.13731209863800586 0.5486086108980808 0.0532286378234077
0.2776172147053496 0.4516964728758709 0.1029488576947667 0.1677374547240128
0.3627248209458037 0.28270371379512915 0.25070886573493023 0.1038625995241369
0.18273467821403333 0.5065737222529134 0.05702558351344167 0.2536660160196116
0.03192384276485305 0.7482542156802664 0.014274870656294736 0.20554707089858582
0.02340906235722484 0.5997832938237911 0.15889553266594436 0.21791211115303966
0.14407118686271714 0.3525862310384936 0.3184653298571728 0.18487725224161644
0.44100935048053913 0.20065148952060963 0.33030954429692294 0.0280296157019283
0.09476954140682792 0.34034949547678994 0.04854277643686222 0.5163381866795199
0.3338370416396297 0.1197201801583152 0.31437648971111265 0.23206628849094246
0.02641413129188508 0.3344595770045311 0.4752526743280939 0.1638736173754899
0.32705581158221275 0.10314286577192655 0.4771504426091968 0.09265088003666389
0.3366718743709439 0.4526053661135372 0.006659704499166974 0.2040630550163519
0.14397745710278043 0.12239851907625443 0.2252002075213707 0.5084238162995944
