17 40 4 100.2798163179017 200.55963263580344
3.6519850241839875 5.775280800447647 2.7236870825274537 1.6111032237216223 8.08286913999922 6.907001695982699 6.737688064392723 6.180426043777306 1.3515662456997983 4.22032244035194 9.511148681365668 1.5404021228384681 8.7763789319159 8.895614735332273 1.4607429905840832 6.871767539190893 5.965762317713877 6.377619279151459 5.351757618790019 3.546893447712921 3.6795314647159447 6.05358014793725 4.5644269244232385 8.098306387110096 4.766359468112892 2.295135286977951 2.3581602497860934 1.497172151942414 7.4623347433328115 3.630856190537247 2.7889648498030875 8.48227530079469 6.111920077521679 1.7410577429123268 5.904987165376483 2.430628701105479 7.090861471326644 2.0662503839116884 5.00496459508062 8.991841907414791
0.7303970048367975 1.1550561600895295 0.5447374165054908 0.32222064474432444 1.616573827999844 1.38140033919654 1.3475376128785446 1.2360852087554612 0.2703132491399597 0.844064488070388 1.9022297362731337 0.30808042456769363 1.75527578638318 1.7791229470664547 0.29214859811681665 1.3743535078381786 1.1931524635427755 1.275523855830292 1.070351523758004 0.7093786895425842 0.735906292943189 1.21071602958745 0.9128853848846477 1.6196612774220192 0.9532718936225784 0.4590270573955902 0.4716320499572187 0.2994344303884828 1.4924669486665623 0.7261712381074494 0.5577929699606174 1.696455060158938 1.222384015504336 0.3482115485824654 1.1809974330752966 0.4861257402210958 1.4181722942653288 0.41325007678233766 1.000992919016124 1.7983683814829583
0.7187760832244346 0.0784916467708755 0.16352002647146802 0.039212243533221836
0.7769745806055802 0.052330183302848 0.05843158797720871 0.11226364811436307
0.13042928220861905 0.2599452090679655 0.1302605722347473 0.4793649364886682
0.06570232191808534 0.13174145559558992 0.3833310475730527 0.41922517491327205
0.7955946473535244 0.07644913859964608 0.011820431780066754 0.1161357822667628
0.08273548925340335 0.19107770366438093 0.036706650727603374 0.6894801563546124
0.22019206904373745 0.5648916222201921 0.07344097761359758 0.1414753311224729
0.4537374619422069 0.18713736750228793 0.08653768612973611 0.2725874844257691
0.5156805801975399 0.0579293576034976 0.41439672377038883 0.011993338428573641
0.4981436821039962 0.23396836143063782 0.13893495053032845 0.12895300593503756
0.5147053338756159 0.23027387734119042 0.11388284563009021 0.14113794315310346
0.11938639397855333 0.3295636743184751 0.0441522702894982 0.5068976614134734
0.3651236493904061 0.29598902413566464 0.28681034568249475 0.052076980791434524
0.30893876440744794 0.17391591025799835 0.22831846040337256 0.28882686493118115
0.03696914756503811 0.15161506046809348 0.4553419139390068 0.3560738780278616
0.2355311918944123 0.5786477940802222 0.11486595912456121 0.07095505490080434
0.15720954243394458 0.07781237188729573 0.35041379421848573 0.41456429146027396
0.3472464490172318 0.01336197348697199 0.43391987049232206 0.20547170700347417
0.05589661884601338 0.1086437380184152 0.48555607463044037 0.34990356850513105
0.38970628932173135 0.0903431741788232 0.0313361476282451 0.48861438887120034
0.20717010014018156 0.28586783179692143 0.4534006222174489 0.053561445845448086
0.31388748900192964 0.22400197068987215 0.44892099948954545 0.013189540818652756
0.20490864579387014 0.05610029756725887 0.2406000438939897 0.4983910127448813
0.1860412125600558 0.21418279772924376 0.4436386318275809 0.15613735788311955
0.22862394187870494 0.3573697816934166 0.006795332175508206 0.40721094425237025
0.17119434728109106 0.06725171158321219 0.6748568611004226 0.0866970800352741
0.4973070777225004 0.22396678902706146 0.2655366895934873 0.01318944365695085
0.8311018280041693 0.10391486762386692 0.026510155589430706 0.03847314878253305
0.26389422589032496 0.6376952198939023 0.05649536307799785 0.041915191137774865
0.4299519979229338 0.4194844909542731 0.021154810335994312 0.12940870078679878
0.062429201164529435 0.5501858980797314 0.2266696604955154 0.16071524026022377
0.15082068445721508 0.0006401090651710906 0.031156967094037702 0.8173822393835761
0.3602030767759318 0.009050233394582108 0.620963545325025 0.009783144504461161
0.4454704572227711 0.31833027426268634 0.05412436513746555 0.182074903377077
0.07712045666568645 0.26485614941858027 0.5374863723547045 0.12053702156102875
0.3356486742296727 0.18831394395543832 0.14910480451936436 0.3269325772955246
0.6096971800763078 0.16896004000610731 0.19837484603705346 0.02296793388053142
0.39871665076947127 0.11713006890534172 0.17747048925766917 0.30668279106751783
0.386347923912712 0.26351200191840407 0.3489015244591014 0.0012385497097825438
0.16475174075323273 0.1980863599084869 0.11739381219005562 0.5197680871482248
0.06797872826362639 0.5912266641123953 0.08437137275807483 0.25642323486590346
0.029156996519808853 0.1047886710559841 0.7040458446195321 0.16200848780467492
0.4372519921680409 0.05562068199764325 0.49151085682878803 0.015616469005527822
0.08332540063040506 0.4959586771136649 0.37505378781285426 0.045662134443075764
0.01569619295094371 0.7524942464773685 0.14791964696124305 0.08388991361044473
0.23638112638259945 0.43910531662182706 0.04015681591404752 0.284356741081526
0.24537239045975 0.10790886132086952 0.33961563233588654 0.3071031158834939
0.06412777290220895 0.04204107946112978 0.38150847710520963 0.5123226705314516
0.5698250458948468 0.2630458891742159 0.12747485895498167 0.03965420597595559
0.08015133786402995 0.6329350711233944 0.1105335780325909 0.17638001297998473
0.3105036139431915 0.10255901415266622 0.43347886702119254 0.15345850488294976
0.5044775179915911 0.01648196333890961 0.3763277936013084 0.10271272506819085
0.1300150130737544 0.03371729541641333 0.619273812601973 0.21699387890785926
0.5407474451942931 0.14668429887200563 0.2791984102062818 0.03336984572741952
0.48539898610189713 0.29662877192614756 0.10614280792781239 0.11182943404414292
0.26988141269516275 0.4251606607089561 0.25826061843691694 0.046697308158964224
0.425240464086586 0.15782600458876728 0.017440857944382993 0.39949267338026373
0.1688734483529436 0.04564357133283148 0.5771922984106785 0.20829068190354638
0.23247042560172015 0.48577133832314423 0.032122284587397965 0.24963595148773765
0.33761466765737647 0.521182526187627 0.015892820470819302 0.12530998568417728
0.600518275557823 0.3352154358470003 0.02045456064029072 0.04381172795488597
0.08353762038601176 0.02257582884356879 0.7232653941238725 0.17062115664654698
0.3255183963122801 0.20461837624057833 0.34818198125805566 0.12168124618908593
0.013715933293031335 0.12284855311158527 0.43192080015118073 0.43151471344420267
0.01571523208981529 0.17416850578090626 0.21877916344500314 0.5913370986842753
0.5902203718852678 0.12425410585537522 0.2073306655087518 0.07819485675060522
0.5397451964974905 0.13717778259017832 0.22120439891745414 0.10187262199487701
0.002205093485656895 0.5550560243007783 0.16118012371051527 0.28155875850304957
0.13575153226767522 0.3803217156489793 0.24307724228238659 0.24084950980095887
0.055297157475056924 0.15026991069887552 0.48846692347038745 0.3059660083556801
0.03378230610799049 0.580980755082679 0.31105403183555713 0.07418290697377339
0.3911033866431288 0.3368329798212114 0.11201547369724285 0.16004815983841691
0.1987425837363549 0.19919957926322784 0.37145206165175004 0.23060577534866722
0.43895814172745395 0.11731206325543908 0.4435131786667237 0.00021661635038328075
0.3360116871555001 0.1902329444772669 0.22531597379167412 0.24843939457555886
0.13515543168847632 0.3524654965004813 0.3712461103455902 0.14113296146545218
0.6602199575582411 0.1620016996167949 0.12063058529897386 0.057147757525990106
0.22269923159481464 0.07953888077442894 0.2571624361192201 0.44059945151153634
0.2614122341121673 0.003003469233702427 0.41296095300097 0.32262334365316025
0.6030358454066767 0.18016212112149943 0.17012009674691064 0.046681936724913276
