68 10 4 24.97786743664031 49.95573487328062
3.3343432295359907 1.3902494604571023 6.2382730791394385 2.0126095103000923 6.496991042474353 3.6674916246615434 8.265269740700704 1.8535396142459775 7.300903364160124 9.396064207605296
0.6668686459071982 0.27804989209142045 1.2476546158278876 0.4025219020600185 1.2993982084948708 0.7334983249323087 1.653053948140141 0.3707079228491955 1.4601806728320248 1.8792128415210592
0.5072328050573641 0.33497609404125905 0.1306143949684342 0.027176705932942635
0.03175320156246686 0.13712484112003553 0.6068187332808946 0.22430322403660297
0.289967163972804 0.2399442125227098 0.45572317515719774 0.014365448347288479
0.5487854890940059 0.2016575411685203 0.05535968418007153 0.19419728555740223
0.015894399656419034 0.4704156559829773 0.18675924547864275 0.3269306988819609
0.13592195314073963 0.0343933401002503 0.18896996873139926 0.6407147380276108
0.605523847647005 0.031197008201098386 0.06567557630890486 0.2976035678429918
0.004687771227048887 0.13487325113948634 0.4287305475128509 0.4317084301206139
0.024332949147116922 0.7120584711582785 0.11105313335644362 0.15255544633816098
0.07480245815800712 0.010895945016080377 0.014398184319510454 0.899903412506402
0.5360864234243254 0.2638725609842557 0.15487187287891757 0.045169142712501276
0.18339044112944902 0.04623290951250636 0.36093251582811414 0.4094441335299305
0.0900997516998211 0.6018158112910009 0.08125527499374896 0.22682916201542902
0.15826334405839215 0.366431220107284 0.19187096940281467 0.28343446643150916
0.5131849757159096 0.17135636627118112 0.3133780706940871 0.0020805873188222135
0.33018248996540067 0.036229915008900826 0.4740094824415406 0.15957811258415788
0.018322050880861362 0.43703774689870456 0.5363608681868313 0.008279334033602814
0.07225553822762154 0.5730805393420554 0.024051016102960676 0.3306129063273624
0.2549609915624972 0.739730298405616 0.0025046425865157262 0.0028040674453710945
0.28214660288909 0.5145705267021377 0.11257483014796799 0.09070804026080437
