78 80 4 229.4455782747483 458.8911565494966
1.4336310475021392 7.128667124809461 8.188264611134215 8.200977324920942 9.687675251406343 4.996178417973604 8.481113889047634 3.219108713894915 1.4525009029893161 5.386886044741782 6.852139782655898 9.28880911453584 7.648606241410635 3.226798655737836 5.662298511085351 6.976754741107615 3.63518482485828 8.861524842431587 8.947616963875069 6.038002057718648 3.0177257099200467 9.400608056770533 4.508574673106882 2.3561121413036794 3.896442069405028 4.010872482504187 9.088776611651426 1.0982879352155162 2.859826273028799 8.23886005622721 6.134352215713046 6.481633878900702 9.67809292430606 4.702472279228251 1.5219018869461032 1.765668047510528 2.025365073465066 9.504750272784595 7.177517155838762 1.7406114017120702 1.0378227212168398 3.6677164258028894 4.317398933590288 4.184410330764239 8.804425892812034 7.854971276121532 3.4452306300656477 1.6051151959222658 8.018687578740622 6.993515030517989 6.266693994568785 7.656787894226581 5.251948651336782 9.070635276637384 3.428241986375548 5.994816754667931 2.1986241260344226 4.681312799780619 9.276291477656091 5.580533982538759 7.367295219264077 7.256786803923925 5.886975231657522 6.4049262068470725 1.8149770555391194 5.323523308530196 8.46941864238547 4.509536673211258 7.371599690855392 3.719800837453106 3.9562687114181414 9.213200782256756 9.45998019962766 5.405465772511737 1.9179016698611027 9.037691769697636 5.78118535507168 6.7027109130056335 9.711672736886769 5.723867800739389
0.2867262095004278 1.425733424961892 1.637652922226843 1.6401954649841883 1.9375350502812687 0.9992356835947207 1.696222777809527 0.643821742778983 0.2905001805978632 1.0773772089483564 1.3704279565311794 1.8577618229071677 1.529721248282127 0.6453597311475672 1.1324597022170702 1.395350948221523 0.727036964971656 1.7723049684863175 1.7895233927750138 1.2076004115437295 0.6035451419840093 1.8801216113541066 0.9017149346213763 0.4712224282607359 0.7792884138810056 0.8021744965008374 1.8177553223302851 0.21965758704310323 0.5719652546057599 1.6477720112454421 1.2268704431426092 1.2963267757801404 1.9356185848612122 0.9404944558456503 0.30438037738922064 0.3531336095021056 0.40507301469301316 1.900950054556919 1.4355034311677524 0.34812228034241405 0.20756454424336795 0.7335432851605779 0.8634797867180575 0.8368820661528478 1.760885178562407 1.5709942552243064 0.6890461260131295 0.3210230391844532 1.6037375157481244 1.3987030061035979 1.253338798913757 1.5313575788453162 1.0503897302673564 1.8141270553274769 0.6856483972751095 1.1989633509335862 0.4397248252068845 0.9362625599561237 1.8552582955312182 1.1161067965077518 1.4734590438528152 1.451357360784785 1.1773950463315044 1.2809852413694145 0.36299541110782385 1.0647046617060392 1.693883728477094 0.9019073346422516 1.4743199381710785 0.7439601674906212 0.7912537422836283 1.8426401564513513 1.891996039925532 1.0810931545023474 0.3835803339722205 1.807538353939527 1.1562370710143361 1.3405421826011268 1.9423345473773537 1.1447735601478777
0.013561664933188888 0.6000485193443377 0.29668168614504953 0.08970812957742391
0.004664666090464342 0.45886721689095644 0.10592379510998262 0.4305443219085966
0.06335583107168075 0.23121567582386215 0.03352787668984736 0.6719006164146097
0.29071338983483874 0.34101484372088 0.1359738252478896 0.2322979411963917
0.4457546178800341 0.04876275187600276 0.007035627530692423 0.4984470027132707
0.3225183282648958 0.008243965347298432 0.4052053105225496 0.2640323958652562
0.2932762437855171 0.18373411659094452 0.1685032684897685 0.3544863711337699
0.014873201001824765 0.18339855962404328 0.2786722021695097 0.5230560372046222
0.43647546781613855 0.14800599799810976 0.31057051536219804 0.10494801882355365
0.2809962527368075 0.5672624321516049 0.15149606261087556 0.0002452525007120565
0.32484132707676094 0.11537521507292647 0.2257791751215461 0.3340042827287665
0.11054347490907124 0.832574564921945 0.030292890394454597 0.026589069774529128
0.21243224584294407 0.19631745212799723 0.5722706911645516 0.018979610864507057
0.22607805425894045 0.07224392703309823 0.44401695895465754 0.2576610597533038
0.33971315018156845 0.03536497215136647 0.22736615810474237 0.3975557195623227
0.1729636050080463 0.12552880295640323 0.5321367256314891 0.1693708664040614
0.3332637660932175 0.06091866398183199 0.486406416503012 0.11941115342193853
0.04256939165808049 0.7875371854579498 0.13295786865162107 0.03693555423234862
0.2058132696035212 0.08033349032017556 0.24380275246912086 0.4700504876071824
0.3316535698011128 0.0030360812798906345 0.6585793413006495 0.006731007618346996
0.04819994312234488 0.4343880237209291 0.01620792612940858 0.5012041070273174
0.41014051453828493 0.39009270184552736 0.11424168590458617 0.08552509771160155
0.7583742195073282 0.02568983254476087 0.16644004994450678 0.04949589800340415
0.2704430164715049 0.5051311690835363 0.12715247797299079 0.09727333647196801
0.16514525070334574 0.14454013936597077 0.18680752755177765 0.5035070823789058
0.34850986134820194 0.39171471614348985 0.06905504233864646 0.19072038016966175
0.10048243829778158 0.591840767181761 0.10174642739583106 0.2059303671246263
0.3204502570492288 0.1550968059020652 0.23884918050521498 0.285603756543491
0.37321868145133674 0.4102063842384358 0.16808275672859918 0.04849217758162827
0.048314252213338627 0.09734516054160491 0.714835631305135 0.1395049559399214
0.20216184791741232 0.003545499910403871 0.4270054544979862 0.3672871976741976
0.5364085195589546 0.08765281149979953 0.12305127418474271 0.2528873947565031
0.2113682058985038 0.5445785289066294 0.09306721324491618 0.15098605194995063
0.20383710784954245 0.3111923883471439 0.21422604810493773 0.2707444556983759
0.6874323609559622 0.19750410645830074 0.0980805417925581 0.016982990793178998
0.24432822570881163 0.271461881568306 0.14532348116760974 0.33888641155527266
0.19972079527026854 0.3899665189281365 0.20138911177721608 0.2089235740243789
0.04295276308962093 0.10147202031113922 0.5878226333749725 0.2677525832242673
0.16481690450081454 0.297408283419374 0.42421296382231 0.11356184825750149
0.5029312116346941 0.012390460930916114 0.2897118946007796 0.19496643283361015
0.3579686981094785 0.07584614537951961 0.13853063157949563 0.42765452493150624
0.21698953344457883 0.3708687452325855 0.2600342710061041 0.15210745031673156
0.4385278851957053 0.1392015435828594 0.1938052307642526 0.2284653404571827
0.22081546957544473 0.41065322396428683 0.16648168464418445 0.202049621816084
0.3366772182660187 0.36250462679261675 0.07871961447903786 0.2220985404623267
0.35544181777339734 0.41145026624856595 0.14342391990041903 0.08968399607761768
0.1494546414448622 0.16680032716083115 0.24888418392531786 0.4348608474689888
0.37422994262469544 0.22453612118681887 0.0692448526129874 0.3319890835754983
0.5918505357584677 0.24334534173877975 0.016356608430330266 0.1484475140724223
0.08626624223815771 0.2904917665407253 0.47351978232723435 0.14972220889388266
0.4582855728399311 0.00286831581093272 0.5054516306763152 0.033394480672821025
0.2089536042497332 0.1402840555731042 0.5123355626562269 0.13842677752093568
0.2957543506301241 0.06075706704896344 0.22842311705897145 0.415065465261941
0.2028762379600655 0.19190428349049116 0.05161412057790138 0.553605357971542
0.13904086436598795 0.1123523374538522 0.6665150532727796 0.08209174490738025
0.4609280715658345 0.08567400206694986 0.004239085489913252 0.4491588408773024
0.07377664743955525 0.5400307310442571 0.3205659231767618 0.0656266983394258
0.6313577050564427 0.10689198675451295 0.005363511870185356 0.25638679631885897
0.033530732621836146 0.7198146540888254 0.06587139756544824 0.18078321572389022
0.5372659343906033 0.07887471170887805 0.3820052610643001 0.0018540928362185127
0.22123853188036113 0.18773491235081274 0.29832294163973483 0.2927036141290913
0.1310295545756337 0.2860869451006993 0.43448435919658734 0.14839914112707964
0.10887106981788353 0.05513365047764485 0.2203065720774816 0.61568870762699
0.29866759962437184 0.047831985046524306 0.6174280234659237 0.03607239186318012
0.013193226504505717 0.6576098598039777 0.2588777304085049 0.07031918328301168
0.2330803591119126 0.28685929714888436 0.3423524239983745 0.13770791974082852
0.3994963079379372 0.27317975031164166 0.27508654458138215 0.05223739716903897
0.08847505121882415 0.007886404592472473 0.8856334498828677 0.018005094305835634
0.07596306885262716 0.42593066423762294 0.23545136743869888 0.26265489947105103
0.042949126668089144 0.10365806122870946 0.23410022286135945 0.6192925892418419
0.11888572030840006 0.5281050189083331 0.0006283570871769006 0.35238090369609
0.3709560412474404 0.0915440576941896 0.26985660128367017 0.2676432997746998
0.21115424023009188 0.010506646780950923 0.275484873658871 0.5028542393300862
0.20490494898296097 0.1644448952082198 0.13710514922078965 0.4935450065880296
0.26863766926564325 0.3882034213390936 0.02718373275324426 0.3159751766420189
0.3872476159995506 0.3151236204094231 0.11294871016313379 0.1846800534278925
0.12672165240482158 0.012895012526870198 0.6216026610563798 0.23878067401192837
0.1283879870760979 0.542346589033354 0.10214577218880383 0.2271196517017443
0.09490347361228701 0.05343841957423312 0.5918286309368098 0.25982947587667005
0.10205673347616162 0.3143773989093963 0.14924991848720592 0.43431594912723614
0.3431390048468398 0.040513425792182534 0.17004655765925858 0.4463010117017191
0.02409543348627674 0.16438047059090732 0.2322852964825114 0.5792387994403045
0.022043738883720798 0.34656809016404355 0.1751457355621624 0.45624243539007325
0.7500187094602035 0.02521624756529084 0.18438169901288304 0.040383343961622575
0.061886232180981215 0.019692156197586352 0.5686892895974569 0.34973232202397553
0.06440858211004075 0.6537885207671933 0.23475537651068723 0.04704752061207873
0.25895565007265653 0.11581874965920969 0.26989763614876483 0.35532796411936896
0.12167553394524244 0.29435207544360853 0.45208301983766974 0.1318893707734793
0.25454338211473804 0.3478342380978856 0.15816164848052194 0.2394607313068544
0.18571586615498825 0.08540570772424927 0.41519406536800263 0.31368436075275985
0.03412119729533636 0.1709550640515305 0.40852175536278446 0.3864019832903487
0.9028059969828731 0.05633553246883516 0.03190528275152582 0.008953187796765905
0.017010180133802844 0.6407448390161302 0.3283807856478197 0.013864195202247243
0.11236736313682183 0.2436242598943712 0.5131986440511556 0.1308097329176514
0.15292135763901327 0.10329270972244886 0.6067823167083427 0.13700361593019517
0.35267818469676104 0.12326070078864393 0.45024264669574643 0.0738184678188486
0.1312660472636824 0.29964714178393814 0.3593050740645838 0.20978173688779567
0.2757568630941669 0.1622677417444348 0.4148086656088953 0.14716672955250298
0.5023061927564169 0.4356782691179515 0.037134570724842164 0.02488096740078949
0.027370377829437964 0.6098493048917665 0.005550766792997597 0.35722955048579796
0.4754101703814132 0.07361734244834983 0.4305185910430811 0.02045389612715587
0.2166235996300555 0.6271429331096597 0.03913372346839472 0.11709974379189003
0.6165994254395207 0.04184248682461944 0.011037635683616487 0.33052045205224334
0.6795102137771142 0.10876883301524998 0.07899475578797588 0.13272619741965996
0.24963724641068896 0.634475925084611 0.045728892939881804 0.0701579355648182
0.3501853640573537 0.21149312257172825 0.19474604533215634 0.24357546803876173
0.04899105464540143 0.04469439234242756 0.3902971926895844 0.5160173603225866
0.19114613827156612 0.11090990385352151 0.21808447888749538 0.479859478987417
0.26679243719596624 0.1614116863253764 0.45154715542192736 0.12024872105673001
0.2945722924505312 0.40293158508112126 0.14507165256001375 0.1574244699083338
0.3539761324898987 0.05952363201136435 0.27896551760313115 0.3075347178956058
0.5986053986791922 0.22541880779445622 0.05697433895732962 0.119001454569022
0.293847353895483 0.20895409751527194 0.06353120002194967 0.4336673485672954
0.1187908774259041 0.2248026592140946 0.4529455923917104 0.2034608709682909
0.2776618559639843 0.07181589826997914 0.04433187275198236 0.6061903730140542
0.20706680352025153 0.01563008555370471 0.29616428860206856 0.4811388223239752
0.3467954946432126 0.10952747816107677 0.28287671071945797 0.2608003164762527
0.08873491883656726 0.4734488737286282 0.380782604350293 0.05703360308451155
0.08418390048712354 0.48699285239595125 0.41411171624556886 0.014711530871356349
0.09146291305192766 0.4144919150580878 0.30856540763041396 0.18547976425957058
0.20336913467100493 0.3940305857120343 0.3054602936711338 0.09713998594582696
0.2054911000102989 0.645588807624336 0.08586687260007986 0.06305321976528522
0.5669482262819798 0.1993679373920214 0.04886762750629403 0.18481620881970473
0.2544841896284765 0.08376124777168514 0.6041201989227131 0.05763436367712527
0.47187012254674343 0.08405835138482554 0.09243969298688615 0.3516318330815449
0.40939086312497175 0.24915975169077154 0.15070355908181743 0.1907458261024393
0.20077325664664947 0.2662535813316752 0.30486861026317114 0.2281045517585042
0.6540301644316159 0.20615421593547167 0.11053972568455761 0.029275893948354836
0.3909037883895655 0.3548080772330102 0.21119627900032478 0.043091855377099475
0.06080473697299427 0.18562021211727997 0.5376033739875697 0.21597167692215602
0.10290588863065775 0.0738643096344288 0.3314241442124286 0.49180565752248484
0.2205898765508294 0.679301840846248 0.07945004665810651 0.020658235944816083
0.10730367081491587 0.4741474561040504 0.1256844965357352 0.2928643765452985
0.04938686439873319 0.5262940749588568 0.16953898327364314 0.25478007736876684
0.021675880710603 0.18916160279276706 0.034752151254062835 0.7544103652425671
0.42654323061667887 0.31974387228721646 0.2486589812936234 0.005053915802481268
0.017190484570729803 0.7740943131943061 0.05183649302151039 0.1568787092134537
0.6959463374279496 0.0017795835990703779 0.15780834604059224 0.14446573293238774
0.14504450987394146 0.3494648675955112 0.09256529569378857 0.41292532683675875
0.02096647518085404 0.22434601742513938 0.19021222404785276 0.5644752833461538
0.020450055194126904 0.1024294678265949 0.1927024776614139 0.6844179993178643
0.28448525613717857 0.5777327569864973 0.07781445064723991 0.05996753622908424
0.04336667291052887 0.131086434636975 0.5570620558431948 0.26848483660930134
0.15920142024331752 0.0584831823120584 0.7024014142411816 0.07991398320344245
0.0017658258819122086 0.15913586053668183 0.010883607702692477 0.8282147058787135
0.11764317691410475 0.015956784880785335 0.22487906698693583 0.6415209712181741
0.564062839853745 0.09212309558929366 0.13290897826169557 0.21090508629526583
0.22383799147339678 0.19217036268566745 0.5417332521224546 0.04225839371848117
0.019541782372292427 0.18431230490045436 0.4650904147130931 0.3310554980141601
0.7968812338634906 0.07907410618688027 0.03943632731936342 0.08460833263026568
0.044012299273620714 0.11665977022098195 0.2947459385535136 0.5445819919518837
0.2609839066892813 0.11735223103235215 0.11441537424154158 0.507248488036825
0.07213633764449945 0.23308314607035152 0.2090307313386488 0.48574978494650023
0.08983017629503043 0.1193850560775721 0.09641066170971879 0.6943741059176787
0.23406883464562556 0.3993136662238661 0.11176689555507024 0.2548506035754381
0.023927428817758445 0.4879324191765071 0.13698222848598185 0.3511579235197526
0.8243320145655996 0.1374218117621533 0.028342732125096637 0.009903441547150504
0.10970027885427247 0.21112384049618682 0.36925634368378735 0.30991953696575336
0.24257073769575133 0.10465982074636604 0.3509866671506815 0.30178277440720114
0.2592450873136206 0.017772198538014594 0.4162530924723786 0.30672962167598616
