63 80 4 242.2156226401964 484.4312452803927
5.985469202505278 4.566231043348301 1.4331409532206902 5.731053049835674 2.377347236307013 5.500091448947385 3.304781017445328 5.887838420825595 5.934395075666245 3.032098424709843 1.8032167985742558 5.066826627134538 7.960460596276131 7.139031848248497 8.759271930191854 5.084604967186923 6.124959653745853 1.047449284762255 8.870717967444769 6.200914112479511 9.507061736478468 9.02608189499293 7.136916487656036 9.01315824084015 2.741154005895508 8.22303531750521 1.2106941115426657 9.283960581194181 7.021939314462561 7.679339228261873 9.692987380152529 4.598442966835718 3.831794405201358 5.419872210551693 3.6607142404928146 5.872932140430616 3.6378334282610307 3.1227598127561733 7.296359538281815 4.121907830043984 5.129775818573659 6.421680100854232 1.9921075675847255 4.614962143680816 3.3568051453416228 6.387557030609624 9.191360333760848 2.6297186456882176 9.87807500540809 7.185379423830334 6.023006803084443 9.47643233322125 7.037882067392939 6.442140912815908 4.646787801130948 5.8410761339496124 9.70994765652213 1.4925737556199745 9.211950697635825 8.623743325283238 9.577007314133828 1.0232184747369852 9.260346241033682 8.413696103753317 5.963822319840654 7.632359501605828 9.426612024919008 3.2502370688803515 9.832200952678228 6.0214789015279635 5.384852208382174 6.404577478063838 6.424084258581782 6.461694444415674 9.723659581492603 6.579190387311438 4.088628406294159 2.6706498229352036 8.892145551718968 8.198977005405512
1.1970938405010556 0.9132462086696602 0.286628190644138 1.146210609967135 0.4754694472614026 1.100018289789477 0.6609562034890656 1.177567684165119 1.1868790151332491 0.6064196849419685 0.3606433597148512 1.0133653254269075 1.5920921192552262 1.4278063696496994 1.7518543860383708 1.0169209934373846 1.2249919307491706 0.20948985695245098 1.7741435934889538 1.2401828224959022 1.9014123472956936 1.8052163789985858 1.427383297531207 1.80263164816803 0.5482308011791016 1.6446070635010421 0.24213882230853315 1.8567921162388363 1.4043878628925122 1.5358678456523747 1.9385974760305058 0.9196885933671435 0.7663588810402716 1.0839744421103386 0.7321428480985629 1.1745864280861231 0.7275666856522062 0.6245519625512347 1.4592719076563632 0.8243815660087968 1.0259551637147317 1.2843360201708465 0.3984215135169451 0.9229924287361632 0.6713610290683245 1.2775114061219248 1.8382720667521695 0.5259437291376435 1.9756150010816182 1.4370758847660667 1.2046013606168886 1.8952864666442502 1.4075764134785878 1.2884281825631816 0.9293575602261896 1.1682152267899224 1.9419895313044262 0.2985147511239949 1.842390139527165 1.7247486650566475 1.9154014628267657 0.20464369494739704 1.8520692482067365 1.6827392207506633 1.1927644639681307 1.5264719003211655 1.8853224049838015 0.6500474137760703 1.9664401905356457 1.2042957803055927 1.0769704416764347 1.2809154956127675 1.2848168517163565 1.2923388888831346 1.9447319162985206 1.3158380774622875 0.8177256812588318 0.5341299645870408 1.7784291103437937 1.6397954010811024
0.15392172555529515 0.0068839706131123 0.5773160692798281 0.2618782345517644
0.48281472628980415 0.2059713794700273 0.22897554260745068 0.08223835163271787
0.4465376354012137 0.10423713917189403 0.407440119694369 0.04178510573252325
0.12542122434175307 0.00275063797743913 0.27772827013069123 0.5940998675501166
0.3119102614035103 0.08502996144429065 0.2946782076509672 0.30838156950123186
0.14881209990661093 0.18119876348223407 0.3376821518957299 0.3323069847154251
0.562122668791251 0.09188247453921106 0.020097201749688542 0.32589765491984946
0.6249256087975981 0.024115602412711157 0.3304251971797204 0.02053359160997037
0.08589182170647036 0.13918455927421536 0.2852169281713137 0.48970669084800056
0.09382234503158726 0.16711656510061101 0.6685252752746125 0.07053581459318925
0.2894932889713533 0.26013436781307164 0.32661926511558836 0.1237530780999867
0.6480021867103932 0.11409624281534425 0.09444985936218564 0.14345171111207689
0.0761475461744674 0.008983961642737626 0.07956067065724737 0.8353078215255476
0.026578721191264365 0.12273370092206104 0.5289397150123765 0.32174786287429813
0.12799393321322916 0.082047959628619 0.13936262848100367 0.6505954786771482
0.39809909780134733 0.1587770090165853 0.13703187340766232 0.30609201977440503
0.6689040101243552 0.020673270372690844 0.026333337095434506 0.28408938240751946
0.13337320043053236 0.20950308450877664 0.6079435317429255 0.049180183317765525
0.025856249217368732 0.3319459745113147 0.28281627757824734 0.35938149869306923
0.14739786431636126 0.016039551955409515 0.19443692961535175 0.6421256541128775
0.27132965738172377 0.24680042892331122 0.13602731766066545 0.34584259603429957
0.086952214896727 0.33972662626043193 0.2422367631689717 0.3310843956738694
0.14123999166147028 0.09731393844431557 0.13511189489404485 0.6263341750001693
0.09071171938033062 0.6620575124777653 0.08791598617352492 0.15931478196837912
0.5460417262478179 0.2737291842001133 0.15303051835318482 0.027198571198884025
0.14973843761232075 0.40023591895337185 0.2512253509157346 0.19880029251857279
0.2438399328425398 0.014048242442002423 0.5813979686347583 0.16071385608069944
0.01394034131267341 0.16942448692859402 0.6370462645663633 0.1795889071923693
0.28352292701779 0.46997687027578905 0.15568410974644364 0.09081609295997728
0.1344965894188137 0.2962698900861478 0.17670121694657348 0.392532303548465
0.013322760542641032 0.14894634201507717 0.33623724732076776 0.501493650121514
0.18932816947129927 0.5576424196770087 0.21552489354852644 0.03750451730316562
0.13083146724199413 0.009788257313237292 0.3940914045819143 0.4652888708628543
0.3741431869079963 0.2899017612018773 0.07245968416952497 0.26349536772060145
0.2571106011587466 0.2716776326809195 0.2027797377385382 0.2684320284217957
0.22951705159564018 0.25015854683801286 0.2073863444990509 0.31293805706729605
0.054515126524603885 0.692349775689814 0.10743374550276807 0.145701352282814
0.2039601224851485 0.17607196236566236 0.3769481341173737 0.24301978103181543
0.7223012042024594 0.25807801564487964 0.009958365557248494 0.009662414595412505
0.333350829740222 0.35749639209773265 0.2810671747533151 0.02808560340873023
0.09996075056969433 0.16019446387633474 0.42982084979351476 0.31002393576045617
0.24984090013739935 0.1771373115425502 0.1732888600484701 0.39973292827158036
0.052223979288627986 0.22792466523716515 0.5200420091529102 0.19980934632129665
0.25552415000119066 0.08622290754912632 0.113342968637687 0.544909973811996
0.05269636984746018 0.17987947504118906 0.6269456233286905 0.14047853178266023
0.10779933726585977 0.04515363019929308 0.45757246461895684 0.3894745679158903
0.44956187168847084 0.1172083807929114 0.01711413003475304 0.4161156174838647
0.1705685119684679 0.1335086315952596 0.04984043016755979 0.6460824262687127
0.32618417437901714 0.02572550307379773 0.5040555821253424 0.14403474042184272
0.1912522345562252 0.34787360552248325 0.33947328563170276 0.12140087428958879
0.35008607395685853 0.4615104532685146 0.008243848611082516 0.18015962416354436
0.43979104422600535 0.01805589867334656 0.4847005962275548 0.0574524608730933
0.011423110506500245 0.8092095218266987 0.06964579018273209 0.10972157748406897
0.28718823127121296 0.226863409370737 0.1952843339415551 0.29066402541649494
0.6103057291669376 0.07594164018164229 0.06229719063338346 0.25145544001803666
0.47328657718457645 0.2082910960172385 0.006867999676788639 0.3115543271213964
0.2672060877071438 0.07678907660613221 0.5940065832987822 0.061998252387941766
0.294003240284719 0.6161642359124967 0.028547761078343115 0.061284762724441166
0.5127221515483291 0.26181369446398817 0.04204786380843939 0.18341629017924332
0.07097139369442473 0.02864470131880159 0.4626647958722523 0.4377191091145214
0.09038196468348703 0.7911244579747266 0.1004228233480422 0.018070753993744137
0.08876790709689542 0.3750507126869306 0.44573712011468514 0.09044426010148887
0.3553388645888952 0.26424641842655905 0.18698147892626882 0.19343323805827695
0.1916579020111212 0.6270383377365707 0.11789097177777319 0.06341278847453491
0.5591409488137347 0.04810372810406638 0.3109126140463674 0.08184270903583157
0.323505518390547 0.32560366231082094 0.06668366772758427 0.2842071515710478
0.10723351963556316 0.048824954111361896 0.7251553099636099 0.11878621628946506
0.12614507809988573 0.1353633639335764 0.5743893512142736 0.16410220675226428
0.4297803667471849 0.3254292216247213 0.1383948979534907 0.10639551367460309
0.05210160413454823 0.5390725200517533 0.29337715923529606 0.11544871657840239
0.021935809896507674 0.18255049620164143 0.011522554144954622 0.7839911397568963
0.03177071232741846 0.14455225097452862 0.1743096785191416 0.6493673581789113
0.6743139672489841 0.09258312517991385 0.08415533286918586 0.14894757470191622
0.21862381299328204 0.5667176426321476 0.02003394605367781 0.19462459832089252
0.32852444430920236 0.22143495066178953 0.09084874348508121 0.3591918615439269
0.0008707062752950634 0.15558898979282676 0.502934065130781 0.3406062388010972
0.17847670216022749 0.06666970764129176 0.722305560379481 0.032548029818999735
0.057171259897162985 0.6938756324612242 0.05983202193637194 0.1891210857052409
0.3157254895420114 0.5293942388919458 0.09328848945417012 0.06159178211187266
0.30036387992546676 0.39938540452476956 0.27888404858657545 0.02136666696318823
0.019201335402125763 0.084426884191383 0.636521616879844 0.25985016352664725
0.020468516786217972 0.07449375138495162 0.5137087297136309 0.3913290021151995
0.0625368175255695 0.25268405412201345 0.23639220232067104 0.448386926031746
0.23391572794400706 0.0047112964943157865 0.18825317438629985 0.5731198011753773
0.4091380468857855 0.34498255350564744 0.17108248938677595 0.07479691022179114
0.37577170299566 0.12652452578018059 0.3252672112238094 0.17243656000035001
0.08650182292070141 0.6262711809958312 0.08403642836419911 0.20319056771926824
0.35114942167279584 0.5224810531715802 0.10610573420399894 0.020263790951625005
0.12998945288880792 0.512360088768386 0.22514235129525906 0.132508107047547
0.2990872963019978 0.01657978975298091 0.34461596743933276 0.3397169465056885
0.05492180165587002 0.24496707366291048 0.6065578729256581 0.0935532517555614
0.28978730710089773 0.32432496603033256 0.2399226380755316 0.1459650887932381
0.3049462774960804 0.17563478699780577 0.1107496105511504 0.40866932495496344
0.075708051339623 0.3203933605248077 0.005863206889986428 0.5980353812455829
0.03583187796327714 0.2728882345069744 0.2490222154005225 0.44225767212922595
0.011905032020026574 0.6057648117976926 0.2562111746592317 0.12611898152304912
0.18800805799339482 0.27572964588017246 0.16004140144769763 0.3762208946787351
0.1426261488874676 0.4074601903293178 0.13604487450181235 0.31386878628140225
0.24920330191996032 0.3553942398816562 0.011078278928228547 0.38432417927015494
0.19336911262702916 0.6737460605435179 0.10871543111519011 0.024169395714262798
0.5195037143596203 0.12418195460339376 0.016689363375667954 0.339624967661318
0.1231851780583667 0.414671848697562 0.2098986687537654 0.2522443044903059
0.39993218136955055 0.26607134226464346 0.3074179800011754 0.02657849636463061
0.2687543235867541 0.21204717044464605 0.2162100049236132 0.30298850104498665
0.20813630913851522 0.2391112262484344 0.4258743808389054 0.126878083774145
0.7091406424410172 0.10950127843975721 0.12612361147601603 0.055234467643209606
0.13431197814670182 0.2343310476618985 0.6305064245429158 0.000850549648483856
0.5166671143877468 0.15426472554642245 0.019863507251897672 0.30920465281393306
0.0003814587284065585 0.3827793344620579 0.2958003576842886 0.32103884912524694
0.2294264142940836 0.35715559245495865 0.23042885512601696 0.18298913812494078
0.7329183157620239 0.02082696172301135 0.07862308141686492 0.1676316410980998
0.4312387042705169 0.05311836533815195 0.4357637594311068 0.07987917096022434
0.5822693639297933 0.15477127025596038 0.04640790902442393 0.21655145678982235
0.16472044172853662 0.24232384750735592 0.49641702367484 0.0965386870892675
0.10444201086191196 0.6037032100478081 0.2781853621390278 0.013669416951252122
0.2143979842672934 0.07363575941691458 0.6003473776829259 0.11161887863286613
0.19576176315125127 0.6880307430039316 0.07393841847712324 0.042269075367693865
0.10007905564965691 0.43113005592206444 0.0045494925659727015 0.46424139586230595
0.11613262676620117 0.053446311842130334 0.6073706874807316 0.22305037391093685
0.3825933593694548 0.04069335256968154 0.27930185574233624 0.2974114323185274
0.13212305689787351 0.6825076199304441 0.09072660045459813 0.0946427227170843
0.49664897612808523 0.292501651485109 0.0839507450487974 0.12689862733800839
0.11428407087182346 0.3707731982330793 0.0074121402223190636 0.5075305906727782
0.2692161587304639 0.33055074266583373 0.21882365361295097 0.1814094449907514
0.12142736676516264 0.42939112080010255 0.09815121772367563 0.3510302947110592
0.05096860020904059 0.5641126733412141 0.1691913717910365 0.21572735465870885
0.1921393775148359 0.4619449584843107 0.20751047546844492 0.13840518853240846
0.0015154456942629846 0.5858757727516194 0.20961017624833822 0.2029986053057794
0.48448515751156807 0.39915495877515517 0.05934106598486211 0.05701881772841466
0.4154563034097063 0.20670194795882535 0.22423303023568575 0.1536087183957826
0.47078537188823955 0.09294283970364237 0.2169856655873018 0.21928612282081628
0.5306408796934519 0.4556370564154065 0.007438588807336943 0.006283475083804668
0.19399029363465403 0.5435878079876478 0.06723225760985807 0.19518964076784007
0.0012729053730020645 0.08536542554714499 0.6466911159339277 0.26667055314592525
0.12082330093816052 0.2403890126643311 0.5046409606178516 0.1341467257796568
0.1712632928862785 0.3742526430973542 0.15961859359759556 0.29486547041877176
0.12492046518827338 0.3085813292588303 0.28645589142360794 0.28004231412928837
0.13884693354466515 0.4398506485162531 0.30383810420124724 0.1174643137378345
0.0930965453398781 0.41826372671828804 0.07331226025883364 0.4153274676830002
0.07384925709364654 0.28734234267643766 0.3645956160879136 0.27421278414200223
0.14982907795703948 0.1637136681314214 0.5913396117612684 0.09511764215027074
0.4298701397715763 0.055005604493848725 0.15775558686104618 0.3573686688735288
0.08853712868279329 0.9030238712927373 0.00026476634774263985 0.008174233676726761
0.12299915431805386 0.21014613272830263 0.43779991278556807 0.22905480016807545
0.3226875298219899 0.014871273685132302 0.06715058394234918 0.5952906125505286
0.014725709465510883 0.3539648837006366 0.39970135186202194 0.23160805497183057
0.2046643121352657 0.0216960083737614 0.1038449400782212 0.6697947394127517
0.3851254475279049 0.34497077991266334 0.26444653210261804 0.005457240456813728
0.03759248203160559 0.5556236139132493 0.09273988866348148 0.3140440153916636
0.25033415104054013 0.1448579831268394 0.49806226811508014 0.10674559771754033
0.08293964524262687 0.6501559447555235 0.19245777866446223 0.07444663133738738
0.12959718761547012 0.03603891284411498 0.5313165372745008 0.3030473622659141
0.08436623078672445 0.2598705459145645 0.5655414795969766 0.09022174370173441
0.036958753369463304 0.5435128499053697 0.40899171807699775 0.010536678648169207
0.735869142009337 0.05020012014964048 0.04697532607546273 0.16695541176555984
0.005573445700977286 0.24865272759805224 0.15786063015826834 0.5879131965427021
0.2372188362262182 0.2624398700600171 0.35654502362412555 0.14379627008963913
0.3925115134443572 0.4908737130887535 0.08858737824007545 0.028027395226813856
0.6497453179951769 0.27274362477429015 0.012880402222495979 0.064630655008037
0.09011970692684834 0.5886768613300597 0.03139228042189102 0.28981115132120094
