71 90 4 256.5759867652905 513.151973530581
2.670177473366854 4.47939372737863 8.487065787734528 2.7882770413589397 9.249021693095425 8.094796305746044 7.503438559418536 9.961250687780183 8.60834928328903 3.1035393119991315 3.9017298864573897 7.449904065330275 1.9254916031265643 6.400816138502858 2.2263750813362795 9.093284947605001 3.214065732686359 9.582369911470096 8.094614886040596 4.906848608745898 3.2916299683296066 4.344657801817731 6.124663814394537 3.58805178847809 8.73488105481827 9.339609635247166 1.3375222229660941 3.9167408256526235 4.040575725382795 6.643977805809383 1.67934674599184 3.0387011465825378 9.28633095009477 3.2830900308221516 8.89238229511421 3.6174705532860534 3.1260292128204967 2.6642397497837056 2.2349517658694644 5.347850613090662 7.576232377114181 7.914389566847469 3.7881571326570493 7.254976582636597 9.549544485068262 5.767888136539317 4.7743649726289945 6.083584184014599 7.9455027391118085 4.917246782934846 7.404292600926618 7.290327987606761 2.4338593950564857 1.1239874723452266 8.714985382667972 5.954568279691441 1.7135169061030644 5.845983142918019 3.2784045258680137 9.78037252833778 3.3996009012962745 6.522690050826797 3.0030438069535323 2.326991137029032 5.044739762242518 9.74504047640158 9.681339982754267 2.1046604869058054 4.284687231809895 2.0353982710723035 9.030068515579142 6.112834674044422 9.465008495879042 3.126774002775444 8.737278878695403 6.917294015469469 4.213789822280416 2.730527792276929 3.462348301958434 8.516609747428097 9.840637278539484 6.538685500645277 7.688108036166422 3.7025194473693746 8.480346774727273 4.846078608177984 2.2632126348922235 7.543470875089154 8.148408960810096 8.25407944058961
0.5340354946733707 0.895878745475726 1.6974131575469056 0.557655408271788 1.849804338619085 1.6189592611492087 1.5006877118837072 1.9922501375560366 1.721669856657806 0.6207078623998263 0.7803459772914779 1.489980813066055 0.38509832062531285 1.2801632277005717 0.4452750162672559 1.8186569895210003 0.6428131465372717 1.916473982294019 1.618922977208119 0.9813697217491797 0.6583259936659214 0.8689315603635462 1.2249327628789073 0.717610357695618 1.7469762109636542 1.8679219270494332 0.2675044445932188 0.7833481651305247 0.808115145076559 1.3287955611618767 0.33586934919836803 0.6077402293165075 1.857266190018954 0.6566180061644303 1.778476459022842 0.7234941106572107 0.6252058425640994 0.5328479499567411 0.4469903531738929 1.0695701226181324 1.515246475422836 1.582877913369494 0.7576314265314099 1.4509953165273193 1.9099088970136524 1.1535776273078633 0.9548729945257989 1.2167168368029198 1.5891005478223617 0.9834493565869693 1.4808585201853235 1.4580655975213523 0.48677187901129715 0.22479749446904532 1.7429970765335945 1.1909136559382882 0.3427033812206129 1.1691966285836037 0.6556809051736028 1.9560745056675561 0.6799201802592549 1.3045380101653594 0.6006087613907065 0.46539822740580644 1.0089479524485037 1.9490080952803162 1.9362679965508534 0.4209320973811611 0.856937446361979 0.4070796542144607 1.8060137031158283 1.2225669348088846 1.8930016991758083 0.6253548005550889 1.7474557757390805 1.383458803093894 0.8427579644560833 0.5461055584553858 0.6924696603916868 1.7033219494856193 1.9681274557078967 1.3077371001290554 1.5376216072332842 0.7405038894738749 1.6960693549454546 0.9692157216355968 0.4526425269784447 1.5086941750178309 1.6296817921620192 1.650815888117922
0.7664833518138289 0.036972610463078315 0.06523959371321564 0.13130444400987717
0.5389955461100301 0.15130908459980164 0.15864112046433665 0.15105424882583163
0.09555949648247752 0.5088139971470756 0.17079269339791125 0.22483381297253557
0.18681716568218643 0.21187268604664167 0.06902087161108916 0.5322892766600827
0.19652400481718024 0.16858202245138254 0.36657051575517363 0.2683234569762636
0.25480478851709576 0.13222909857148835 0.1963279248881865 0.4166381880232294
0.19465607725825929 0.3059100757329377 0.017915315685438138 0.48151853132336486
0.13828317810310353 0.47960642742447646 0.16449042529002456 0.21761996918239546
0.40779025990643347 0.040526360558823415 0.31748358274078503 0.23419979679395808
0.1431376454253337 0.014518125276529847 0.3225802097136532 0.5197640195844833
0.29238251378569813 0.15527902396067872 0.5512422212667978 0.0010962409868253697
0.024298904357968443 0.33380692756153907 0.12463997053155218 0.5172541975489403
0.0688681896097516 0.7125128832170374 0.08199457491182216 0.1366243522613888
0.4847104516518015 0.23928405316429346 0.2008151357444835 0.07519035943942154
0.3059354872794532 0.4478678891894071 0.2382217466789367 0.007974876852202994
0.5732983123334657 0.2085624234398591 0.024865058535788687 0.1932742056908865
0.3695627506418979 0.16376456606007428 0.38672063394796474 0.07995204935006306
0.1891224389469246 0.5312832683440737 0.12520696551588673 0.154387327193115
0.05546044457228749 0.023027654758283833 0.7110568627584262 0.2104550379110025
0.006282861512538207 0.13291661104676045 0.10013828734179853 0.7606622400989028
0.3737380080057582 0.009724278102700046 0.3822781528416115 0.2342595610499303
0.12738551711093604 0.812999735478176 0.024880742455279603 0.0347340049556083
0.009945759601361681 0.7082020003473772 0.09341395139100783 0.18843828866025325
0.2426988571135592 0.40003108161356626 0.03779014484960208 0.31947991642327245
0.06904706722557585 0.30678141842428397 0.011393379150079985 0.6127781352000602
0.14000546588245633 0.3269462474618867 0.15254097322480842 0.38050731343084854
0.44724224870562734 0.049746654301737525 0.04636106964333231 0.4566500273493028
0.06157509903375069 0.8618125598698031 0.04866265731127695 0.027949683785169266
0.2880185928636477 0.050626211115775144 0.500836055061718 0.1605191409588591
0.07611023081332635 0.4986681058293738 0.378737928733495 0.04648373462380484
0.8385107422707124 0.03923403155706651 0.07040728400793195 0.05184794216428912
0.020074104992482744 0.661227662076402 0.2783466510896002 0.040351581841514994
0.10828952488322352 0.028759324859026547 0.33263760394918584 0.5303135463085641
0.5328128101456313 0.04449546721911879 0.4082215611418696 0.014470161493380318
0.23910061089080215 0.05568803783671672 0.4154669634914586 0.2897443877810225
0.010411070962279112 0.7251995737754023 0.07091595730119526 0.19347339796112328
0.2183747002282047 0.3210447800271923 0.1398499462011925 0.3207305735434105
0.37653276103250055 0.25410184733378915 0.16346877849141606 0.20589661314229424
0.20929096825535465 0.027352389439715408 0.48576600467447606 0.2775906376304539
0.8186569136269676 0.033053834118478176 0.07317048762725109 0.07511876462730316
0.006989441817608966 0.8265870086167671 0.13206675050388406 0.03435679906173983
0.0629835201785316 0.5140843489404215 0.08783163369940239 0.3351004971816445
0.21154788205899122 0.009944984342576846 0.6063328655643295 0.1721742680341024
0.1282984642099051 0.09576009982451428 0.29797055997126076 0.47797087599431987
0.6669135433353377 0.09315494828872939 0.08346360869227754 0.15646789968365538
0.2525509411859481 0.2544132511684928 0.35569134990260187 0.13734445774295723
0.36269879939282823 0.13944268563797502 0.14074041659797087 0.3571180983712259
0.2600983279819751 0.26689272829172284 0.003529957875858414 0.4694789858504437
0.12245346415498948 0.1503377231119386 0.5294997118281413 0.19770910090493066
0.4777294255005955 0.036445101381722744 0.4153027805829136 0.07052269253476817
0.5559862355244182 0.1223000385977675 0.11127856655502888 0.21043515932278545
0.5365407010700164 0.18488086654554425 0.23866753268020768 0.03991089970423167
0.15429259082530888 0.3119452744095219 0.33681013663224235 0.19695199813292685
0.48827258400266116 0.21191731766602773 0.18301600743826618 0.11679409089304493
0.4221475650913358 0.33066695518089895 0.04846230586799283 0.19872317385977245
0.3390759023276191 0.41312351076903076 0.11872587944917068 0.12907470745417948
0.05239671117830935 0.2599752375297326 0.32811097287144886 0.3595170784205092
0.148137882896187 0.03873900470078562 0.4567449409953954 0.35637817140763195
0.15361002715918548 0.15252070014123076 0.1484642401545455 0.5454050325450382
0.11876843017691463 0.5669637066395735 0.070943396623951 0.24332446655956086
0.2615946400786926 0.2761435110403787 0.0821668382241264 0.3800950106568023
0.722330186291804 0.030099561534695174 0.1500674188134058 0.09750283336009502
0.06078352491397199 0.0376617268320355 0.8447092350993998 0.05684551315459274
0.04432028551255662 0.8132429648890295 0.07195861603542941 0.07047813356298449
0.5509778896625435 0.055826709411171516 0.37762652577657185 0.015568875149713168
0.3896213305854751 0.33129912477168244 0.07072947324549772 0.20835007139734474
0.07206962803674044 0.1550837696254076 0.15840380278489508 0.6144427995529569
0.4780995156747657 0.06646288001495848 0.1171628360547965 0.3382747682554793
0.2943195451772188 0.13533548357115144 0.30838882565738723 0.2619561455942425
0.07496142323611532 0.14625998514462357 0.1550414767722491 0.623737114847012
0.47771116949684156 0.06864958690400302 0.04548746813055671 0.4081517754685987
0.05219205774485458 0.034753336211493235 0.7829140484581788 0.13014055758547338
0.08757848279789804 0.5805071271579302 0.07670927540766492 0.25520511463650686
0.1755488797410928 0.008092642672383965 0.094406109652453 0.7219523679340702
0.3354692256384405 0.037210992785557506 0.2840133960559241 0.34330638552007786
0.4928183804479037 0.4023345520974345 0.0560267781893834 0.04882028926527837
0.4222214176734991 0.0366256151761305 0.05642384155565605 0.48472912559471437
0.2818950476416089 0.6003092884268739 0.0703538006024137 0.047441863329103495
0.33760658618909867 0.437456109500056 0.09451208365490604 0.1304252206559393
0.7412317542912698 0.018832761382664986 0.14162870540318406 0.0983067789228812
0.30230536623337134 0.2616160715543978 0.11307469674657489 0.32300386546565596
0.3680794532837446 0.4930811437801249 0.04264446657663279 0.09619493635949772
0.038422098103891966 0.43717902845629875 0.16035364705441824 0.36404522638539105
0.40048194004175997 0.5591316015337308 0.0315466839191465 0.008839774505362774
0.31603293336686034 0.3147089909431786 0.06897572551759235 0.3002823501723687
0.0005449145115876686 0.31597133894617324 0.03876387670840575 0.6447198698338333
0.15278061365645046 0.22143078316933174 0.18001619364321508 0.4457724095310027
0.38355557663808604 0.04921560685840143 0.3974027225498218 0.16982609395369075
0.19589942610189637 0.25737470676532526 0.3043415378649075 0.2423843292678709
0.27363101910891074 0.28704476665387124 0.09042828395667957 0.34889593028053845
0.1564969165656349 0.3838098841576627 0.2552491570227188 0.2044440422539836
0.07662576448073122 0.6055933749505457 0.07119247134502504 0.24658838922369808
0.015887579297748644 0.644305842639859 0.07029311444784025 0.2695134636145521
0.2940825946511658 0.5560213222328929 0.13042035303538124 0.019475730080560028
0.14463136734874604 0.6465935555104669 0.016588105228057648 0.19218697191272938
0.4579513539268951 0.04630404465798421 0.298207183646234 0.19753741776888667
0.05736544960643486 0.25092113700760743 0.4580757380678212 0.2336376753181365
0.10017915519815968 0.7063276313123833 0.07284306873140312 0.12065014475805391
0.2597830573522183 0.08688799814148562 0.10023528014944305 0.553093664356853
0.03496601142728906 0.05847847789650196 0.5072932579034514 0.3992622527727576
0.006788540305981083 0.4949629268384783 0.3030152938023031 0.19523323905323753
0.5816086863029722 0.0361179787664776 0.3356878009133547 0.04658553401719545
0.05314603680398633 0.03802833737476197 0.4698896873868197 0.438935938434432
0.3254235658301954 0.19090338969319942 0.4813623931739336 0.002310651302671607
0.2762935852018974 0.422270500290008 0.004391815076945527 0.29704409943114907
0.3534210669806055 0.07207982059862816 0.0607145557385016 0.5137845566822647
0.024025817405461503 0.4541650044332506 0.25307242776277616 0.26873675039851175
0.17806318901280105 0.2844910946011592 0.2711997116420043 0.2662460047440355
0.38409500909952654 0.3117194493447166 0.3021603032744613 0.002025238281295527
0.2996485081328998 0.2722920534055786 0.20218783722489553 0.22587160123662609
0.1342191223166923 0.165787928431137 0.0403294772172299 0.6596634720349408
0.17371039372883312 0.48547165145473403 0.19160398031009762 0.14921397450633522
0.24396023978921022 0.4240160955991349 0.30182796295652525 0.030195701655129636
0.27906098209008734 0.28875037545943205 0.2223412499880737 0.2098473924624069
0.49635271307944306 0.12910188658959065 0.025128719068701955 0.34941668126226433
0.5799830358660198 0.17747513591257946 0.201744921063573 0.04079690715782769
0.20411171355593727 0.08766448393861082 0.23863508833522173 0.4695887141702302
0.027111796941622024 0.12303701835276581 0.691994870494092 0.15785631421152013
0.21233817765298213 0.43017054754773554 0.10326583076191265 0.2542254440373697
0.45374660778184306 0.15682152986447795 0.24202596939628074 0.14740589295739825
0.028666834791846618 0.17716239905108855 0.23631316078361364 0.5578576053734512
0.4512649236257361 0.11993650995534011 0.28781488583212234 0.14098368058680144
0.0008077679609105326 0.10753146352649001 0.7193496241077684 0.17231114440483108
0.29392983046566323 0.44709543955474096 0.06231001857577123 0.19666471140382458
0.20912377027842732 0.017191716106438437 0.07499499109267227 0.698689522522462
0.2545135483115568 0.08303535074702928 0.3276376721130966 0.3348134288283173
0.3332058363684819 0.13463522991792354 0.0977858119660896 0.434373121747505
0.6655342846754405 0.11792448901082486 0.15167218399531068 0.06486904231842394
0.12773390080595104 0.5039585441993782 0.09439344399665006 0.27391411099802065
0.31097873489571304 0.23276795973243924 0.09359881862782515 0.36265448674402256
0.022344838084923935 0.408038514351854 0.4252352038693874 0.14438144369383465
0.061132922357823416 0.7394055771921152 0.054216570402988884 0.1452449300470725
0.28566337966423694 0.5690035961120977 0.028988503546154676 0.11634452067751067
0.1869360828954142 0.0524036473708005 0.3333798378232331 0.4272804319105522
0.190783504787701 0.006110643475639166 0.06877320574983725 0.7343326459868226
0.3115060996482055 0.3079915044505396 0.1442858636575901 0.2362165322436648
0.0016403547919680017 0.6561922972342323 0.06548128387779795 0.2766860640960017
0.0494938200766224 0.642449518049412 0.1830762290258865 0.12498043284807914
0.4107419654052802 0.11394423670853515 0.277994473778278 0.19731932410790665
0.3288235701329004 0.4967942680085222 0.09864736844468291 0.07573479341389444
0.4442417251573956 0.07269025455201239 0.1723054817994234 0.31076253849116864
0.21484031494149125 0.06647028885040707 0.4987810693911039 0.2199083268169978
0.33807610184002534 0.11859523852734899 0.07383381054761684 0.4694948490850088
0.2931890883265328 0.3751844449856492 0.01776473162943404 0.313861735058384
0.3464475979357491 0.3309431752786304 0.242341782222376 0.08026744456324453
0.2052569390862573 0.0047515397481912025 0.37334526091843223 0.41664626024711926
0.15594194178571175 0.13393171709453255 0.6199606242521656 0.09016571686759012
0.29767903981151256 0.220286889939735 0.38048267460149654 0.1015513956472559
0.4992917678124733 0.13364067434702598 0.040688811685009485 0.32637874615549123
0.4003506903687992 0.12477628581685962 0.45804287999617566 0.0168301438181655
0.01883525353317017 0.04948284832712602 0.3168038696749014 0.6148780284648024
0.27616370402704493 0.08019316236093865 0.6108713805056984 0.03277175310631797
0.027046224936808416 0.18713738061917706 0.7683359241337436 0.01748047031027089
0.12329244183924326 0.2311321326016189 0.26706079234337676 0.37851463321576106
0.6170248994724281 0.07455044173529013 0.26176322832815324 0.04666143046412852
0.2959707529373262 0.13586345231458574 0.0033583076580827598 0.5648074870900053
0.2058755782558772 0.1866718534331232 0.48975413800953327 0.11769843030146632
0.17671173816334007 0.12122304985262289 0.31959406186736117 0.3824711501166759
0.3573420339372043 0.029548405433036384 0.1712293042703814 0.4418802563593779
0.6550718429421359 0.2075984611467685 0.10739458491599463 0.029935110995100933
0.1470577106478561 0.4438427923226932 0.1667288093110918 0.2423706877183589
0.6990918716619692 0.14440287658993556 0.047012149674269366 0.1094931020738259
0.02572801435161709 0.08979664651180852 0.41088226564797115 0.47359307348860324
0.3841138544096667 0.11605419298317954 0.07518367565797557 0.42464827694917817
0.036001539430961293 0.010913190064062439 0.022212975625184428 0.9308722948797918
0.25739398264775293 0.0758601485264716 0.36306911229843475 0.3036767565273407
0.22095295284663474 0.40621677882606766 0.037322288745594845 0.33550797958170275
0.11181555648903752 0.06790745652894481 0.31589531358888745 0.5043816733931302
0.31472181215386363 0.5406693468464316 0.021487380359488606 0.12312146064021612
0.09828431797804282 0.16728287804788944 0.19840447840212083 0.5360283255719469
0.4542610956223867 0.07745582528304618 0.088512363211668 0.3797707158828991
0.12029837113720909 0.16018192638627005 0.4313610478122646 0.2881586546642563
0.1660092870822344 0.08782679031279705 0.01178322141886956 0.734380701186099
0.040083789628656 0.10996816576722113 0.6733671582436795 0.17658088636044333
0.1147761183232231 0.3382076915792671 0.5192663683880931 0.027749821709416644
0.06178592757643908 0.6184465977439705 0.25566925158881393 0.06409822309077651
0.2996682517643746 0.2261105911911343 0.4271930575846046 0.04702809945988651
0.24588586228857068 0.3391021105074016 0.35732460899793517 0.05768741820609258
0.17126497235691918 0.5085931215776549 0.18250969707522202 0.1376322089902039
0.16219334276078634 0.3863463550483993 0.39455960185916195 0.0569007003316524
