60 20 4 47.34844254531753 94.69688509063505
3.7078599704195687 2.6825123470769023 3.908644092713975 6.991746132594781 6.10273720872292 4.584285630088882 4.414734239721369 1.0952338229077867 2.533290408943409 2.1105403361209363 7.231611487636774 8.869974045154223 4.036572141747611 9.932133031116107 2.183860637053463 5.502968529015628 3.5795845590555437 2.98526369324097 5.518769919741634 6.724562857562587
0.7415719940839137 0.5365024694153805 0.781728818542795 1.3983492265189563 1.220547441744584 0.9168571260177764 0.8829468479442738 0.21904676458155733 0.5066580817886818 0.42210806722418726 1.4463222975273546 1.7739948090308446 0.8073144283495222 1.9864266062232214 0.4367721274106926 1.1005937058031257 0.7159169118111087 0.5970527386481941 1.1037539839483268 1.3449125715125174
0.293018252087634 0.2884154996488174 0.05424318732260924 0.36432306094093936
0.35628707978570595 0.19090396071161664 0.44082235520977353 0.01198660429290388
0.011585544879635146 0.007741133704076364 0.9567261899935618 0.023947131422726642
0.2550084479091246 0.3969288637382977 0.3146429888294562 0.033419699523121515
0.16367259862519434 0.26719531732809887 0.33529234095259086 0.23383974309411593
0.6398363638472603 0.2879078820180827 0.03506704935426519 0.037188704780391824
0.02937152540713983 0.4425610279756982 0.21641033455993408 0.3116571120572279
0.38656119113683385 0.12680339844093802 0.4760482618791211 0.01058714854310705
0.44778805320241 0.21634022175941792 0.26469633043895346 0.07117539459921862
0.0034176043962366176 0.27406964947706636 0.2106523970044668 0.5118603491222302
0.4435017965074094 0.05021820485517792 0.12685345174865104 0.37942654688876165
0.02636720355422406 0.3883048041735292 0.17788102371673975 0.407446968555507
0.0049081104377101115 0.4878119079823523 0.013578946997911068 0.4937010345820265
0.18987112472232637 0.4118312239104063 0.05767477098542684 0.3406228803818405
0.030768584070215432 0.18043033681671772 0.16242848551491507 0.6263725935981518
0.22435260111920963 0.013620211814606598 0.4235914401505947 0.3384357469155891
0.19044923534064961 0.44208187943252064 0.1393583575499162 0.22811052767691353
0.33997446377846285 0.3981971206401148 0.23719671360668548 0.024631701974736853
0.34898520151809465 0.21535540258688435 0.36370791404962133 0.07195148184539968
0.10864763288662427 0.34573363306744176 0.28126208452289936 0.2643566495230346
0.0804330886428396 0.7587577707763151 0.1487389016190389 0.012070238961806368
0.20425203270955228 0.31297575886174 0.442158100695916 0.04061410773279173
0.03992926703581834 0.15408792431936102 0.25285549554261155 0.5531273131022091
0.5347583067722462 0.17655807346484043 0.052602153584658584 0.23608146617825476
0.32433833598634865 0.17555751533506314 0.11845515899926062 0.3816489896793276
0.552858881677099 0.2328590624852992 0.05237251981268598 0.16190953602491587
0.14328132104059144 0.5388273846515429 0.043962100463100784 0.2739291938447649
0.39267927903982724 0.05424771345536372 0.4739902326547426 0.07908277485006643
0.2632820251791992 0.25275145030705004 0.31625335028922785 0.16771317422452292
0.27360294526350015 0.30947006449073244 0.2197906093174441 0.1971363809283233
0.3255831749732978 0.2782117706163717 0.1077027549077777 0.2885022995025528
0.3967570436405615 0.07936082293424829 0.280196908875721 0.24368522454946917
0.16835322310715428 0.5737152629768774 0.09994544805870165 0.1579860658572667
0.16063346882923113 0.38449278044957114 0.10169853316512678 0.35317521755607095
0.32558595728677 0.14159934049548073 0.4436215004040611 0.08919320181368817
0.15012986068343237 0.33233847947238626 0.35082288827755115 0.16670877156663022
0.18360452279033046 0.7684847862255847 0.042905545751610985 0.005005145232473862
0.29856735762799724 0.26207134325295667 0.015521624321326422 0.42383967479771967
0.45199994049529935 0.36776936860175924 0.02779176544200901 0.1524389254609324
0.042946563137421845 0.18095281382611705 0.3740915258367422 0.4020090971997189
