32 80 4 214.32674632364677 428.6534926472935
8.730003405637358 4.354400394777519 5.996159001987371 9.600908940925908 7.630026382101014 8.345846252012327 1.9097790427776227 9.356392633671433 6.481982520921783 6.368980925109474 1.8260572131658186 4.106676189748219 6.964772708670289 4.975421396151122 5.963390077545645 7.333412422843752 6.304611081713641 1.4493948347399197 6.056126559413171 7.8972262513679015 9.198174967009841 1.8361895215418964 9.122692511009943 5.148643652941719 5.068166226235665 9.994829383723195 2.4618136919747933 7.384335257792371 2.4456166947796807 8.296990912806374 1.3163245716326744 5.813980558707421 2.498501107234262 3.7756934197096133 1.4055617160228768 3.147185136915206 7.073510767573798 8.041444745658723 7.256814710899674 3.960590044637355 5.44628679671726 5.717092264492894 3.6868712075823074 5.167973261506978 9.863058633615669 5.510214289282442 4.582652021893361 7.551147851851575 8.769978733358881 1.2355258350786724 3.6101546296791662 8.101622747271232 5.114077025321613 1.0623563240038045 4.774019110960328 3.9760728744186844 6.437369149233716 3.9215875298481553 9.831259725587548 6.294087558070653 2.179827534814546 5.688799332736192 4.221805602558632 1.1349997967235015 1.8678691597470878 8.058113079933545 4.843027399134828 2.781566404946205 6.616913740053647 6.762600453189705 3.4363247313461334 2.1683600512134866 5.254508051226411 4.515638290362033 4.64572104259422 4.385341366621013 3.6295727304163448 5.97594331148805 4.880670504794152 8.0538546595308
1.7460006811274718 0.8708800789555038 1.1992318003974742 1.9201817881851817 1.5260052764202028 1.6691692504024656 0.3819558085555245 1.8712785267342866 1.2963965041843566 1.2737961850218948 0.36521144263316374 0.8213352379496438 1.3929545417340576 0.9950842792302245 1.192678015509129 1.4666824845687505 1.260922216342728 0.28987896694798393 1.2112253118826342 1.5794452502735803 1.8396349934019682 0.36723790430837927 1.8245385022019884 1.0297287305883438 1.0136332452471328 1.998965876744639 0.49236273839495864 1.476867051558474 0.4891233389559361 1.6593981825612747 0.26326491432653487 1.1627961117414842 0.4997002214468524 0.7551386839419226 0.28111234320457534 0.6294370273830412 1.4147021535147597 1.6082889491317445 1.4513629421799348 0.792118008927471 1.089257359343452 1.143418452898579 0.7373742415164615 1.0335946523013955 1.9726117267231338 1.1020428578564885 0.9165304043786723 1.510229570370315 1.7539957466717762 0.24710516701573448 0.7220309259358333 1.6203245494542464 1.0228154050643226 0.2124712648007609 0.9548038221920656 0.7952145748837369 1.2874738298467432 0.784317505969631 1.9662519451175098 1.2588175116141307 0.4359655069629092 1.1377598665472384 0.8443611205117264 0.2269999593447003 0.37357383194941757 1.6116226159867089 0.9686054798269655 0.556313280989241 1.3233827480107294 1.352520090637941 0.6872649462692266 0.4336720102426973 1.0509016102452822 0.9031276580724066 0.9291442085188439 0.8770682733242026 0.725914546083269 1.19518866229761 0.9761341009588304 1.6107709319061598
0.2878295455186013 0.21628397778657105 0.19665967363741432 0.29922680305741334
0.042663541406911865 0.1287003266877068 0.45436825288968996 0.37426787901569136
0.532939677433977 0.2719828316689771 0.01024308006046859 0.18483441083657737
0.12730548551288245 0.16313075352324158 0.29645300269782027 0.4131107582660557
0.09425336503598114 0.537578341974106 0.12322197944675184 0.244946313543161
0.4066755305680275 0.12491893634728157 0.07262106181254568 0.3957844712721452
0.3813085330899487 0.32200392090788643 0.05807855307105747 0.23860899293110738
0.04512081718521643 0.47111841695520273 0.0821710963515172 0.40158966950806363
0.1595844702708844 0.33976792675886147 0.24421054154639643 0.2564370614238577
0.5659992036150545 0.045225411739629795 0.2556707046644028 0.1331046799809129
0.006845834130041917 0.3819968607038917 0.061432768669613 0.5497245364964534
0.011096929892732588 0.14543547409992985 0.6165248571186833 0.22694273888865424
0.14020093166504077 0.3271191045373565 0.5141699528417826 0.018510010955820166
0.36902067442257425 0.2321748964681618 0.020407460105388298 0.37839696900387565
0.08563918190381448 0.3031912989203559 0.37705756780340594 0.2341119513724237
0.1410486337769331 0.04848193875207374 0.022185002633230533 0.7882844248377626
0.4790932933662496 0.22127343359528018 0.01669775028046505 0.28293552275800515
0.044025079437355674 0.26131484172601205 0.24696558280873793 0.44769449602789435
0.09177311712299097 0.33636186605886775 0.2985686012601467 0.27329641555799455
0.1702804293170106 0.11639023368731005 0.6305958598407444 0.08273347715493495
0.04914806374449221 0.11603339009589764 0.329415689730706 0.5054028564289041
0.7418865769920433 0.10418142725486546 0.05487044532217911 0.09906155043091214
0.12386250542970678 0.04938880928512823 0.09124389806593758 0.7355047872192274
0.09344585393821647 0.11214313846466728 0.3803826032111248 0.4140284043859914
0.5647834265684694 0.1307175446861928 0.2728386560779811 0.03166037266735677
0.486294273696697 0.00966520715327801 0.34912628203505713 0.15491423711496788
0.24096220861481954 0.5800025703998003 0.05345960998864252 0.12557561099673764
0.32442721771417404 0.4591487753942709 0.1871048139560817 0.02931919293547336
0.25816254565296715 0.2289701625342384 0.03075531912489271 0.48211197268790174
0.49165995619322567 0.020250849642383106 0.45928485513736106 0.028804339027030168
0.014770407894532545 0.6335434637995901 0.31188565693860126 0.03980047136727605
0.12096114170957895 0.18337495268664217 0.4339253103463673 0.2617385952574116
0.10632490658303007 0.37631870862583305 0.18269126072340303 0.33466512406773385
0.04825405343867284 0.14375419090594488 0.41310862362182343 0.39488313203355885
0.18027392420530508 0.4615530548524681 0.20877596304511326 0.14939705789711355
0.1557718849804568 0.3589334709548372 0.092179807777244 0.393114836287462
0.0048780397048603374 0.15386913998806984 0.23658827941404703 0.6046645408930228
0.26484126248595696 0.09130607565633686 0.121069304598027 0.5227833572596792
0.2893386842444934 0.26279865710822214 0.30191167099088145 0.14595098765640302
0.1395667810811766 0.32531321542935987 0.07539801845910099 0.45972198503036255
0.2804799762833494 0.11228361647867191 0.36360198832386037 0.2436344189141183
0.04662310651389867 0.24231524608714794 0.36975439291955725 0.34130725447939614
0.6025574274120881 0.190002000533396 0.12386380781955464 0.0835767642349613
0.4880852451912615 0.45125059337416185 0.01717188505182854 0.04349227638274811
0.27568908218555377 0.09807028261985873 0.0025532808912090976 0.6236873543033784
0.10224902818013126 0.6229840593359447 0.2707040495370717 0.004062862946852319
0.3473147507696437 0.5393276697883733 0.09378516666275116 0.01957241277923183
0.8816333240240364 0.04782672187048398 0.0015836938667144196 0.06895626023876522
0.5012926856358636 0.03000400869534625 0.27421728104411447 0.19448602462467568
0.42414567119666535 0.03758359337211892 0.010572065206662984 0.5276986702245527
0.021683916340511034 0.20268783406316837 0.7684364019889451 0.007191847607375457
0.432297699684733 0.015378781919848428 0.48788272089651474 0.06444079749890386
0.494399982479663 0.07107689417432173 0.14834724016337408 0.2861758831826412
0.6367804078687224 0.048161406606947677 0.2997738276844082 0.01528435783992177
0.5056097523607812 0.3428646077926688 0.120099894564764 0.03142574528178599
0.17059638285021728 0.08454137787156357 0.22606710111088668 0.5187951381673325
0.01200626639681901 0.4180954334846958 0.22739039111565873 0.34250790900282646
0.2840122167100716 0.48472136433166746 0.1571485774347814 0.07411784152347956
0.459110467534517 0.2927120078509734 0.002786968230180764 0.24539055638432883
0.0056946107071349505 0.30155221776238894 0.2553511558488656 0.4374020156816105
0.18252284845732092 0.25030192507059323 0.13455764937289993 0.4326175770991859
0.29531039740318454 0.3743056965224082 0.09984378601146604 0.23054012006294122
0.08590090564345321 0.19438417537315789 0.47175177090447784 0.24796314807891107
0.3814882526799347 0.44597231831417994 0.10796112132719271 0.06457830767869266
0.20365278604304204 0.2662357084953575 0.062306184524867914 0.46780532093673255
0.30912414002743926 0.07157451554097882 0.5649164226507173 0.054384921780864626
0.03282780393324625 0.14233988050108626 0.2802300256655783 0.5446022899000892
0.24733188370736814 0.14989226578724157 0.4514740818366886 0.1513017686687017
0.3627473131562243 0.2800211524431606 0.30425179766686894 0.05297973673374612
0.16400241737530374 0.014061611404941332 0.30242281665069826 0.5195131545690567
0.08183592127921302 0.5622709204331235 0.3554161531841251 0.0004770051035383194
0.17712083641805232 0.04246818050280221 0.050608314504760554 0.7298026685743849
0.08123969220411043 0.06443311727294809 0.7193772351859823 0.1349499553369592
0.14516356718971046 0.32515028759640807 0.18108361175440402 0.34860253345947745
0.2278977932744367 0.622514509831995 0.07271634644186686 0.07687135045170146
0.17980405749480977 0.0119948113529732 0.0005024023709494507 0.8076987287812676
0.4580038809398642 0.47868166270036516 0.015558964687844345 0.047755491671926276
0.49321639294174235 0.34565170032928116 0.06128825921862047 0.09984364751035602
0.16609940989846395 0.3855979464079008 0.04613100283391269 0.40217164085972257
0.31930559514324963 0.2277678161538046 0.031428240766180116 0.42149834793676566
0.13312513390074243 0.0771894112179734 0.5660949112257508 0.22359054365553332
0.22638685431719807 0.01907736366938373 0.38885881562799307 0.36567696638542513
0.37485617684307626 0.36052937154179854 0.14426385154036503 0.12035060007476017
0.21281150919852043 0.1755556838664729 0.26748016025531507 0.3441526466796916
0.1277268853895156 0.4511437992008036 0.37869171961739023 0.04243759579229056
0.18538948338062677 0.03732992878480956 0.6078595630346882 0.16942102479987542
0.25379794096199493 0.023255977162616737 0.006412630780323614 0.7165334510950647
0.741187880381986 0.20136762650014006 0.05238254724947622 0.005061945868397699
0.045708724123834754 0.3719037453834151 0.2649023949801702 0.31748513551257995
0.205985753770769 0.21592384740515347 0.5301672067695437 0.04792319205453388
0.04400528066838716 0.4643450976790713 0.07000545720063278 0.4216441644519088
0.5727922200046456 0.1906839571266965 0.129912023705972 0.10661179916268593
0.008677326140518526 0.20494160237655146 0.5944935167010237 0.19188755478190633
0.4135607241308319 0.274965015744436 0.10070523284927801 0.2107690272754541
0.051668924688842766 0.42429854603000006 0.08677218832623657 0.4372603409549206
0.18983618109261013 0.04687589626674571 0.6817392741986198 0.08154864844202436
0.16743427745966943 0.39978821780413054 0.27740679847426253 0.1553707062619375
0.28626048793098224 0.5711692217020319 0.01710523977483991 0.12546505059214597
0.1944249437647969 0.15777059198661603 0.48118887064952276 0.1666155935990643
0.08326964169530848 0.11496547098977317 0.36109546204853193 0.4406694252663864
0.07574376118379011 0.5002939204348263 0.3807458519303579 0.043216466451025615
0.5986876005484008 0.005585419877369158 0.2536077166573959 0.1421192629168342
0.2442320812182408 0.05891613227814707 0.525351642847402 0.17150014365621014
0.20890913189343108 0.05234204858631142 0.6352587420870409 0.10349007743321659
0.6365137118418567 0.08120299845657508 0.22935381300467728 0.052929476696890965
0.5736151841479978 0.017400692940379048 0.39540192064058344 0.013582202271039678
0.2386933828237463 0.562971261528445 0.05215697220371207 0.14617838344409662
0.6377384935251045 0.12675981908243728 0.042701771145559175 0.19279991624689907
0.13547948036316626 0.45668841115552494 0.3830954751192257 0.024736633362083094
0.00821183532894798 0.2511938639414051 0.009430940072657101 0.7311633606569898
0.03695473144514627 0.5971437773605142 0.21129225296802923 0.15460923822631034
0.26085065264050566 0.13731209863800586 0.5486086108980808 0.0532286378234077
0.2776172147053496 0.4516964728758709 0.1029488576947667 0.1677374547240128
0.3627248209458037 0.28270371379512915 0.25070886573493023 0.1038625995241369
0.18273467821403333 0.5065737222529134 0.05702558351344167 0.2536660160196116
0.03192384276485305 0.7482542156802664 0.014274870656294736 0.20554707089858582
0.02340906235722484 0.5997832938237911 0.15889553266594436 0.21791211115303966
0.14407118686271714 0.3525862310384936 0.3184653298571728 0.18487725224161644
0.44100935048053913 0.20065148952060963 0.33030954429692294 0.0280296157019283
0.09476954140682792 0.34034949547678994 0.04854277643686222 0.5163381866795199
0.3338370416396297 0.1197201801583152 0.31437648971111265 0.23206628849094246
0.02641413129188508 0.3344595770045311 0.4752526743280939 0.1638736173754899
0.32705581158221275 0.10314286577192655 0.4771504426091968 0.09265088003666389
0.3366718743709439 0.4526053661135372 0.006659704499166974 0.2040630550163519
0.14397745710278043 0.12239851907625443 0.2252002075213707 0.5084238162995944
0.5672304302520151 0.23860702249464016 0.036115239224356444 0.15804730802898825
0.27031883479965024 0.6668818483299331 0.019412206188657577 0.043387110681759045
0.2850684312332453 0.394338613748592 0.20285729302239996 0.11773566199576269
0.012910818094901244 0.8279027312895594 0.0332894150736579 0.12589703554188147
0.0032342877280535642 0.215875519014744 0.17250729487936367 0.6083828983778388
0.2870042755188883 0.08472724035129287 0.2862289787860035 0.34203950534381533
0.0469900709101605 0.5024587961611657 0.09450826182829686 0.3560428711003769
0.4055984305310053 0.28171009419082793 0.12448930430190353 0.18820217097626324
0.059827763399542544 0.5176436464235938 0.05736406670869876 0.36516452346816486
0.3419497084656238 0.600645681968549 0.0030598374410822915 0.05434477212474498
0.337349052768144 0.19686394630285398 0.21538050026616062 0.2504065006628414
0.19829947594859787 0.6978173977471391 0.010122661346690709 0.09376046495757229
0.378493885313102 0.21677810537842312 0.13687359632041707 0.2678544129880578
0.28272938203633946 0.2930715442677668 0.3040492856075633 0.12014978808833043
0.05864698562578097 0.039415660983593837 0.3390962739918024 0.5628410793988228
0.4298305579055032 0.0003950492636644043 0.06840210530455504 0.5013722875262774
0.44961988538024567 0.07427220439543769 0.038923953907332276 0.43718395631698437
0.15570101585525709 0.6346803330127095 0.18449254994385222 0.02512610118818115
0.5222071430223366 0.07209510624430382 0.26116434389857457 0.144533406834785
0.07891041675904609 0.21522365387427356 0.696007561248281 0.009858368118399352
0.009079142616871705 0.04782804978147748 0.9417653817590272 0.0013274258426235752
0.21844967824478823 0.10964518459161732 0.4706561992640116 0.20124893789958287
0.12441985503166586 0.4948891162023765 0.30265872514696035 0.07803230361899727
0.42027392194031965 0.05602981551571029 0.26410721574728346 0.2595890467966866
0.29964716000735314 0.03280351971304929 0.37662436733613314 0.29092495294346443
0.029281527497229898 0.17787398507902552 0.005418455375670206 0.7874260320480744
0.10865364569502423 0.2102704320266795 0.06001313153454524 0.621062790743751
0.07279558814690046 0.8747971868877181 0.014977352527165921 0.037429872438215495
0.03112513770111791 0.19970728599706689 0.5721763243885701 0.19699125191324507
0.12971633735777954 0.4578004521536644 0.035665957342360444 0.37681725314619563
0.11062305467917555 0.5924497829335059 0.23769384743628508 0.059233314951033456
0.19843696107558828 0.18541454592680906 0.5001149931343849 0.11603349986321776
0.038123149525781996 0.2812286075196636 0.09162837264319657 0.5890198703113578
0.2700729163364729 0.4921299122337235 0.03745013257232355 0.20034703885748006
0.3939518611408819 0.0981030700918969 0.4016896121343766 0.10625545663284464
