72 60 4 150.70897919151477 301.4179583830295
1.9606438202977965 7.159083699508186 5.814663556519784 4.322683690749686 4.713531793537914 6.290627284226625 7.4446640946279645 2.560006348969599 1.6006806412324366 5.506109854092406 4.889324756650156 9.52008329696418 4.7463388486877545 3.227227175226006 4.637276554367602 6.708331755855227 6.253869497266358 8.038939268866347 6.551831756201629 6.649899896439457 4.328822075900204 2.515390340542273 7.707889486003484 4.5587448193049 6.94480489784547 3.8677982575118137 1.6252399305613885 1.4401216447038876 4.974817132287554 7.313013271106289 8.095354848023987 3.136015120719582 6.859837675763878 8.834433278173709 2.8943933829228383 2.1690208476037447 8.24959736028803 1.3606180943748187 4.249468180407069 7.085573699810209 8.44536916481849 4.92844144815592 1.7110234915331053 1.841841490145022 7.231425799748258 8.153391742208996 3.901336633734781 4.396714607199008 7.595691784715063 3.488391396925744 3.179051472672481 3.4401587893049856 2.4703217170609015 1.424880761352314 8.52224260099745 9.047087938221761 6.382165491562386 4.190496533591182 1.696369249267046 2.5647843356725204
0.3921287640595593 1.4318167399016373 1.162932711303957 0.8645367381499373 0.9427063587075828 1.258125456845325 1.4889328189255928 0.5120012697939198 0.3201361282464873 1.1012219708184812 0.9778649513300313 1.9040166593928363 0.9492677697375509 0.6454454350452012 0.9274553108735205 1.3416663511710454 1.2507738994532716 1.6077878537732695 1.3103663512403259 1.3299799792878915 0.8657644151800408 0.5030780681084546 1.5415778972006968 0.91174896386098 1.388960979569094 0.7735596515023627 0.3250479861122777 0.2880243289407775 0.9949634264575108 1.4626026542212578 1.6190709696047976 0.6272030241439164 1.3719675351527756 1.7668866556347418 0.5788786765845677 0.43380416952074896 1.649919472057606 0.2721236188749637 0.8498936360814138 1.4171147399620418 1.689073832963698 0.9856882896311839 0.34220469830662104 0.3683682980290044 1.4462851599496516 1.630678348441799 0.7802673267469562 0.8793429214398015 1.5191383569430126 0.6976782793851488 0.6358102945344962 0.6880317578609971 0.4940643434121803 0.2849761522704628 1.70444852019949 1.8094175876443521 1.2764330983124772 0.8380993067182365 0.3392738498534092 0.5129568671345041
0.17873896318170834 0.4684646920049216 0.24646158788643913 0.10633475692693095
0.5720190542538977 0.045861656237671355 0.07948245801828258 0.3026368314901484
0.07854228003606123 0.19613661813776262 0.02175873586277388 0.7035623659634023
0.17029116698328206 0.22797574928443642 0.4259024160781564 0.17583066765412514
0.12426297385265761 0.07393873222579672 0.5407524104918845 0.2610458834296612
0.7503266830309657 0.07231081313430154 0.06868433930638995 0.10867816452834278
0.47123150209091813 0.09153296248720355 0.08568661116845533 0.351548924253423
0.5496516520334948 0.0011723441491590103 0.15685188854217835 0.2923241152751679
0.0153140450721857 0.38158254680414827 0.5918692576241422 0.01123415049952381
0.3074316992318751 0.26936818874255963 0.27206262245751667 0.15113748956804862
0.5922371046035183 0.032343225313319124 0.3306486244754895 0.04477104560767309
0.04298631597798741 0.6789757800233824 0.23961262927066906 0.03842527472796109
0.24324331981476144 0.09185100053159434 0.36465776463903166 0.30024791501461257
0.026297527388746134 0.5787644976444167 0.2996867818918745 0.09525119307496266
0.08129492827769935 0.49019564383316705 0.37621037516966094 0.05229905271947266
0.17740739209851564 0.04567755924818229 0.1775194206602586 0.5993956279930435
0.09921240387139507 0.5341653705032701 0.3348040722857589 0.03181815333957594
0.00873738501131982 0.08549892200508025 0.6135274091099902 0.2922362838736098
0.302156528085187 0.04978172484017407 0.5902740732218955 0.057787673852743415
0.06624057814095152 0.026887317855231463 0.233238173294405 0.673633930709412
0.22725268396301102 0.017550334232332543 0.4347687465352237 0.32042823526943276
0.041081623773059905 0.02172953946727396 0.3608440321054097 0.5763448046542564
0.021381054740895578 0.41011511859356564 0.28348169961152747 0.2850221270540113
0.07527333721837126 0.0663266082615922 0.7221775061898907 0.1362225483301458
0.06092386924792459 0.6624650766417959 0.1675963237960113 0.10901473031426823
0.45805422494274817 0.28194088653586435 0.021571338583265764 0.2384335499381217
0.20944961133957918 0.2608124724796925 0.07447265414065074 0.45526526204007756
0.4785856631723794 0.031285071452265 0.2643371799669001 0.22579208540845552
0.03395653622306749 0.4041317208904871 0.33896823798374454 0.22294350490270087
0.2520032015011283 0.4901242873455681 0.11822284438964425 0.1396496667636593
0.004138275611138886 0.665928077801782 0.13984494043542905 0.19008870615165008
0.06895862506258021 0.04430582926634086 0.4607901610248437 0.4259453846462352
0.08485955878716489 0.4597650479596044 0.3343058726422605 0.1210695206109702
0.13740620352740562 0.472229981146567 0.05866774069834568 0.3316960746276817
0.19933528151405433 0.3840937998985475 0.026955539396357753 0.3896153791910404
0.5422578197664105 0.029348782296263032 0.4250462046749832 0.0033471932623432288
0.06449947367139464 0.3643788179557207 0.21587953069703503 0.35524217767584965
0.44087572770127836 0.01227512125821395 0.49909927267806686 0.04774987836244082
0.15952792080439349 0.4765186932441614 0.29065985649828074 0.07329352945316436
0.5745980630125239 0.16198535687125126 0.1909938499391617 0.07242273017706313
0.20385710475701568 0.6291930403738867 0.060064881955347316 0.10688497291375032
0.111641906512018 0.2932416109475985 0.24100361474198873 0.3541128677983948
0.1188972892878073 0.30554035130145507 0.49881548324512603 0.0767468761656116
0.3671234033384765 0.25064058394895894 0.3257771180992687 0.056458894613295896
0.1503422861348176 0.3411846771710064 0.09128722021641222 0.41718581647776376
0.44920414831497746 0.011110592380173978 0.30423777578576006 0.2354474835190885
0.43406406196923364 0.05907188815664943 0.2348968545062522 0.27196719536786473
0.12127150997093283 0.25308191100657906 0.38035421865161667 0.24529236037087143
0.06700668141306032 0.14543937346921065 0.724693496715966 0.06286044840176308
0.2233865632752705 0.4680233793688885 0.23802566673737158 0.07056439061846942
0.5334964245244977 0.16399552549870267 0.2748281826778851 0.027679867298914473
0.10220509802164612 0.01753193529459207 0.07297185945653273 0.8072911072272291
0.4674110479448177 0.30804024104525074 0.1449826326115249 0.07956607839840668
0.3854538858144385 0.3258258256592621 0.061055369927938696 0.2276649185983607
0.007048745887160424 0.29590708604622484 0.46595511860391803 0.2310890494626967
0.1151448954151727 0.17687531352797525 0.15771375756086958 0.5502660334959825
0.3537985017336842 0.5085184275116377 0.04166135543631844 0.09602171531835968
0.33782458548705185 0.28011427978886083 0.31056733407988857 0.07149380064419875
0.1784183062163044 0.0122343876240395 0.1841627447369153 0.6251845614227408
0.11638572720082185 0.12746610025394667 0.7474158976419228 0.008732274903308634
0.2612891707888456 0.15673062841814112 0.4763913086834556 0.10558889210955769
0.10256341122444168 0.5215261515865798 0.08299676347821139 0.29291367371076715
0.3245762975611718 0.12303920640848953 0.1191139312558589 0.4332705647744798
0.13093903601063417 0.23342913960652834 0.4698142989935009 0.16581752538933658
0.14059307241686836 0.04236744807465598 0.31184124979982764 0.505198229708648
0.6500204574133983 0.11869886773583027 0.04848706558318672 0.1827936092675847
0.1400531920450807 0.08702033740785542 0.5310739812366477 0.24185248931041614
0.47976635199067275 0.026251933356261636 0.25273041454454637 0.24125130010851925
0.1074602101678136 0.5577081362994376 0.25654196329645507 0.07828969023629373
0.21940195711597799 0.36414838976665487 0.10998113688852695 0.3064685162288402
0.30334027622373294 0.07144378217648284 0.5548514212085912 0.07036452039119301
0.7287217848843386 0.09639877835817456 0.1218536393433205 0.053025797414166354
0.30206903431155874 0.26550352553204015 0.3249339940118051 0.107493446144596
0.2816074672044575 0.1527207031448944 0.11522024940016107 0.45045158025048704
0.19699009521377686 0.24471594863819968 0.4403438766116752 0.11795007953634828
0.34994964268587314 0.5461878567821681 0.09121991327196499 0.012642587259993787
0.4975739381195823 0.24610371674002995 0.10912414940716342 0.14719819573322435
0.060398142683514955 0.06840848137534916 0.49160334334794276 0.3795900325931931
0.35172711987297134 0.2417842959782447 0.3351548703735896 0.07133371377519437
0.17490710452425184 0.627120379530675 0.12756874471736335 0.0704037712277098
0.4136458383075855 0.27687582567469327 0.13500846384270626 0.17446987217501497
0.0784947277373782 0.16106155256450938 0.6869786146764678 0.0734651050216446
0.2099742887708994 0.496070630518879 0.02104056792449749 0.2729145127857241
0.76908283930197 0.14802078518672812 0.047561224227443466 0.035335151283858446
0.6737804438161893 0.17410060170797936 0.13690450451962677 0.015214449956204579
0.1460602810762387 0.13194624769272756 0.45951691318980603 0.2624765580412277
0.775145007785997 0.14200633443306543 0.0791339780073459 0.0037146797735916337
0.3468156553219045 0.08713580215272965 0.031960006569339616 0.5340885359560262
0.3552353113107324 0.3411547838356205 0.09700810947369531 0.20660179537995182
0.04048844089161674 0.10443205043792758 0.4455679589570626 0.4095115497133931
0.16499059592757992 0.6061489939169584 0.19516692076481268 0.03369348939064898
0.022201258734813156 0.5117302444276011 0.34887774707532615 0.11719074976225963
0.3438432725740975 0.054259546350347465 0.4385199532047971 0.16337722787075792
0.22111058655698546 0.5954023659697604 0.1510790858074288 0.03240796166582538
0.1427021639200099 0.003957952764141126 0.12561946296452797 0.727720420351321
0.34023879425520775 0.3139735530673563 0.29415454280073416 0.05163310987670178
0.1349578128720078 0.47502655151739315 0.2599170764817379 0.13009855912886115
0.3382153617953436 0.15274419562110553 0.369355840610455 0.13968460197309585
0.5784173044411636 0.14252440886671103 0.2203843983595699 0.05867388833255549
0.1482933690795054 0.16833593099392763 0.5217883854141805 0.16158231451238647
0.30132169252616314 0.07129006051436848 0.4612857051075592 0.1661025418519092
0.11365699711414523 0.12973246923928694 0.7180510837714987 0.038559449875069096
0.09879258290318893 0.01773451660315517 0.3202759929180071 0.5631969075756488
0.22233432994764568 0.15869856457542197 0.6158527118114676 0.003114393665464732
0.160463697664601 0.21342388863468853 0.35463122436521 0.2714811893355005
0.48291178364555065 0.0069476117249615 0.007625101394865719 0.5025155032346221
0.5601486539515205 0.07478695428160542 0.15531584755427708 0.20974854421259703
0.3647944351544541 0.0029406007467954742 0.21083956182965835 0.4214254022690921
0.2606278515462319 0.5263716999045026 0.21128193710078302 0.0017185114484824515
0.08251468844551557 0.3286280340955663 0.4354031620704576 0.15345411538846054
0.0031837343167789856 0.05548387272328281 0.40604241335140645 0.5352899796085318
0.09898289526166204 0.24410097408574738 0.29267324218341384 0.36424288846917674
0.26166613050703547 0.014677917899717507 0.2804889860771719 0.44316696551607515
0.21988486723583356 0.2963034171007295 0.2342245069630109 0.24958720870042606
0.2619524781460042 0.610065682380825 0.1119847030160156 0.01599713645715517
0.13582536424824865 0.5119820456152437 0.009752557920189586 0.342440032216318
0.2586668862999725 0.27973815259463586 0.24543905189583737 0.2161559092095543
0.31189899236382845 0.12639049258871327 0.2090929656965067 0.3526175493509516
0.2301286876349652 0.06735630548232496 0.012383207862935897 0.690131799019774
0.11000500339416885 0.08098138546008604 0.38818614019256004 0.42082747095318507
