61 30 4 79.91653164178348 159.83306328356696
8.420225283219537 2.632147592474798 8.895940913863473 5.495961766119753 9.684337899004106 1.0319099212875775 9.312799119745467 6.664995219110898 3.7386779949941666 4.068325738599709 2.266616626426149 5.383015982709059 8.929420482203023 5.0769553278344315 5.2749836205217395 8.941064781400012 7.00717372136776 1.736458841985613 1.2504108294834577 7.480301141083219 7.406398012926148 1.358858566155244 5.194077825274609 4.306554206058671 6.393006834855653 7.522180053072223 2.727886026441016 5.7539703063257885 3.622987896234239 2.2554207527894476
1.6840450566439074 0.5264295184949596 1.7791881827726947 1.0991923532239505 1.9368675798008212 0.2063819842575155 1.8625598239490935 1.3329990438221795 0.7477355989988334 0.8136651477199418 0.45332332528522984 1.076603196541812 1.7858840964406046 1.0153910655668863 1.0549967241043479 1.7882129562800024 1.401434744273552 0.3472917683971226 0.2500821658966915 1.4960602282166438 1.4812796025852297 0.27177171323104876 1.0388155650549218 0.8613108412117342 1.2786013669711305 1.5044360106144445 0.5455772052882032 1.1507940612651577 0.7245975792468478 0.45108415055788953
0.04348285081068082 0.8667993332182982 0.045699257077804756 0.044018558893216264
0.33456925519919434 0.0914035687200967 0.3437185743221338 0.23030860175857515
0.19307393357028613 0.5330096605548954 0.023606712905219207 0.25030969296959926
0.010345279282380382 0.16076129665217087 0.08706369181444096 0.7418297322510078
0.038929871611780964 0.33398223714515707 0.11177632710277352 0.5153115641402884
0.13846756775440772 0.5286005548326352 0.30128016553103454 0.031651711881922506
0.12607086533676615 0.352192144495869 0.2502861352842486 0.27145085488311627
0.47490993778696855 0.18430125983396295 0.16275919101098246 0.17802961136808604
0.12031385849588072 0.525700768166715 0.014437181971462043 0.3395481913659423
0.017380565625591315 0.5896664804708643 0.19859837225135324 0.1943545816521911
0.6157151009679958 0.004717519739531939 0.2720032076626083 0.10756417162986398
0.06753918183055563 0.7991371083418025 0.036467967597737405 0.09685574222990445
0.5170593976215927 0.17516712641566878 0.3022814638984188 0.005492012064319707
0.2244041840310278 0.08980687228247719 0.5615893692694048 0.12419957441709017
0.21106019774499185 0.2016507628027231 0.3901991613460766 0.19708987810620848
0.5431961867033634 0.42694951560320826 0.0004056466368872469 0.029448651056541042
0.44754354287051135 0.22295774491229248 0.03680145840560167 0.2926972538115945
0.1305661096490004 0.7425154572486816 0.11059085173033201 0.016327581371985977
0.26475307721765085 0.07449070856013773 0.1809679891444903 0.4797882250777211
0.1507916724092303 0.012980545415690492 0.5891011133742867 0.24712666880079248
0.3694261564724788 0.38803693132785977 0.14156046340005513 0.10097644879960632
0.18505419138900003 0.13681483841872122 0.2737810136185489 0.40434995657372985
0.10320571664862666 0.02422933258900306 0.1751946479840113 0.697370302778359
0.652764607585752 0.10143768989799806 0.0413665113142101 0.20443119120203979
0.4476728119820663 0.31299616445271494 0.09093417380851887 0.14839684975669987
0.583521364007863 0.014633571077675489 0.24727749376260355 0.15456757115185793
0.0279933311888223 0.23634887737799581 0.7182827633854277 0.01737502804775415
0.17957139433867153 0.22399968557011596 0.36463742540191324 0.23179149468929927
0.35864660842906215 0.12501819470904474 0.4672688734768795 0.0490663233850136
0.21398298882384648 0.6478415032375653 0.014069700620451875 0.12410580731813636
0.12656253562032072 0.3312690980589649 0.14721246188110582 0.3949559044396086
0.44785577906933416 0.10110991574997918 0.3732335750495477 0.07780073013113897
0.26058315838658075 0.03176411063712581 0.16210521430267988 0.5455475166736136
0.26826715982464855 0.3741757908626716 0.1260615658619072 0.23149548345077264
0.0981926085607514 0.08923432235064832 0.13932483947266538 0.6732482296159349
0.12349837203131697 0.21711406570864966 0.23218627576942985 0.4272012864906035
0.24536184183455523 0.19915946129841633 0.3862032100955184 0.16927548677151005
0.3427416748458 0.09156475155680421 0.3595404386807033 0.20615313491669252
0.20370633330540922 0.7102658061873278 0.06465023171363016 0.021377628793632808
0.012089946168206356 0.3457128347377464 0.023567818800542706 0.6186294002935045
0.14093050732007484 0.541108021057055 0.2265616601245144 0.09139981149835574
0.1294365531894901 0.43138132494227854 0.3435200532453482 0.09566206862288318
0.17195444290601125 0.05628562677630422 0.21419041425240148 0.557569516065283
0.4100373304211916 0.058164523043711225 0.4014632349651792 0.13033491156991794
0.3334914760584162 0.1952390715399085 0.2567498507241507 0.2145196016775246
0.34468330541566294 0.05224815282810402 0.3014840136031922 0.3015845281530408
0.21646082371305975 0.26964119542098486 0.06014211855241858 0.4537558623135368
0.5269985842664882 0.1918008456165935 0.11527958462257581 0.16592098549434253
0.1564108847959157 0.13217904077043352 0.2567680841009411 0.4546419903327097
0.027054599171379534 0.10751763041012863 0.2892312061201858 0.576196564298306
0.10193616832651609 0.6753118620610934 0.21335385986910183 0.009398109743288696
0.10442050933840297 0.10618253583151882 0.6044457019515973 0.1849512528784809
0.018069660695995693 0.28959607263190335 0.5262207235505066 0.16611354312159432
0.08066854768513387 0.37234163288347377 0.47346832071702616 0.0735214987143662
0.11329601649745136 0.5493407363852414 0.0009885651234585735 0.3363746819938487
0.6157648639172404 0.12134897706106362 0.09190645556501587 0.17097970345668012
0.702483080952054 0.024785129308952825 0.25593149345857924 0.016800296280413907
0.20736437162727384 0.1448478193404057 0.037203490229818725 0.6105843188025017
0.09411832272890341 0.25474133711655367 0.03473857702981442 0.6164017631247285
0.057298404081927656 0.23081529449744587 0.1066912888103424 0.6051950126102841
