42 40 4 102.12781274017844 204.25562548035685
4.370861069626263 9.556428757689245 7.587945476302646 6.387926357773329 2.4041677639819286 2.403950683025824 1.5227525095137953 8.795585311974417 6.41003510568888 7.372653200164409 1.185260448662222 9.72918866945795 8.491983767203795 2.9110519961044856 2.636424704863906 2.650640588680904 3.7381801866358395 5.72280788469014 4.887505167779041 3.6210622617823773 6.506676052501415 2.2554447458683766 3.629301836816963 4.297256589643226 5.104629857953324 8.066583652537123 2.7970640394252375 5.628109945722504 6.331731119758382 1.4180537144799796 6.467903667112945 2.5347171131856236 1.5854643368675156 9.539969835279999 9.690688297671034 8.275576133048151 3.741523922560336 1.8790490260574548 7.158097238609412 4.961372443656412
0.8741722139252526 1.911285751537849 1.517589095260529 1.2775852715546658 0.48083355279638573 0.4807901366051648 0.30455050190275906 1.7591170623948833 1.2820070211377759 1.474530640032882 0.2370520897324444 1.9458377338915898 1.698396753440759 0.5822103992208971 0.5272849409727811 0.5301281177361808 0.7476360373271679 1.144561576938028 0.9775010335558083 0.7242124523564755 1.3013352105002831 0.4510889491736753 0.7258603673633927 0.8594513179286452 1.0209259715906647 1.6133167305074245 0.5594128078850475 1.1256219891445007 1.2663462239516765 0.2836107428959959 1.293580733422589 0.5069434226371248 0.3170928673735031 1.9079939670559998 1.9381376595342068 1.6551152266096303 0.7483047845120672 0.375809805211491 1.4316194477218824 0.9922744887312824
0.034388521115218396 0.08764971372956043 0.1367417467552381 0.7412200183999831
0.31171107608941095 0.2349992032538687 0.4228743484212789 0.03041537223544144
0.0884925020519195 0.5094074767591656 0.341598962753104 0.060501058435810884
0.045227288910538066 0.34345000077894394 0.44006021946244733 0.17126249084807066
0.07455064367977082 0.06637358129499182 0.14001028471261812 0.7190654903126192
0.005522117123602399 0.7013352267240147 0.0653874254490403 0.22775523070334258
0.3584657285442726 0.41280461814167313 0.09183307918964778 0.13689657412440648
0.3109823217156622 0.019915703136986984 0.3987081534854149 0.27039382166193593
0.1195942459383017 0.6411908026785957 0.1264276939594291 0.11278725742367346
0.02541912674409519 0.49731370263789887 0.24823435057256693 0.229032820045439
0.03142918568673425 0.2829267953895924 0.5932104928497663 0.09243352607390698
0.22879816549162246 0.06095328742214556 0.1206314701218617 0.5896170769643703
0.6334037565104235 0.170268320388691 0.1260255754434586 0.07030234765742693
0.3180034749718639 0.48943668019219866 0.08511884332591524 0.10744100151002223
0.006952130531190703 0.22098303201075098 0.5900796033805514 0.18198523407750689
0.1198653673336828 0.2975456358150962 0.5254987007637402 0.05709029608748084
0.363629602379294 0.15516101936407212 0.44365667319874513 0.03755270505788877
0.2848404943774676 0.21240801151491784 0.1123158280875114 0.39043566602010316
0.05147875124998935 0.09341612084123374 0.7633710138754306 0.0917341140333463
0.23763754399239967 0.4344980034134789 0.31351490670472215 0.014349545889399296
0.0902897700544083 0.2774933626648449 0.2657465780416415 0.3664702892391053
0.040775141554763916 0.2800049234169719 0.3567842968705466 0.3224356381577176
0.512093058299281 0.13307973211016888 0.04576494769301609 0.30906226189753405
0.3410663510502585 0.5836272672283043 0.012036370458171741 0.06327001126326548
0.2579416277151556 0.2717089506408509 0.28757162184520935 0.18277779979878417
0.09310276780589921 0.24592702324280147 0.5613882661146298 0.09958194283666955
0.6420316461542878 0.08392403271595161 0.16113074539487793 0.1129135757348827
0.1014715428660321 0.06015717122858166 0.44480034556497616 0.39357094034041007
0.005061583846218687 0.5436722055203674 0.10322747013601441 0.34803874049739947
0.3253996981592677 0.32423320088794694 0.0625463223003212 0.28782077865246414
0.09367476782809248 0.17152759985363297 0.3924105246186179 0.34238710769965663
0.7948113035416484 0.09723525163546487 0.08096399957533229 0.026989445247554422
0.1952429877980445 0.0855293746428113 0.2961315221855033 0.4230961153736409
0.6454722959071678 0.2693920943132807 0.025594194132465775 0.059541415647085705
0.015456616528867428 0.4127275317884469 0.5354358287719385 0.036380022910747156
0.1694927466860925 0.1249561453834932 0.5566877794472712 0.1488633284831431
0.570061170089365 0.044946056609804774 0.3211475474616112 0.06384522583921903
0.14008401523652403 0.556931725758744 0.18035733093268747 0.12262692807204456
0.35949115121975517 0.44987000425875845 0.05771116310159008 0.1329276814198963
0.5113423988609378 0.19062447839676555 0.0963283017090718 0.20170482103322485
0.4951769101112702 0.1673453742427118 0.2467981177248001 0.09067959792121794
0.18485445552552704 0.3352135656522838 0.25506480218330374 0.22486717663888545
0.1959828624191452 0.6988444880085036 0.027046884595468 0.07812576497688317
0.2713490317738959 0.05398129898936843 0.03142299593032494 0.6432466733064107
0.5426960831582485 0.2595008975957912 0.18468995584647763 0.013113063399482705
0.1987156815341724 0.5302914865068149 0.08645426041384685 0.18453857154516584
0.07404465173409036 0.04182440779103935 0.5074290673024282 0.3767018731724421
0.06355835028602363 0.2616249717407234 0.3123741493284661 0.3624425286447869
0.4722149251619493 0.08906227240754694 0.15196758965349877 0.286755212777005
0.10789142699330445 0.3196495913652452 0.06625457800584111 0.5062044036356093
0.24929222914887494 0.2592784620158278 0.12783972009907763 0.3635895887362196
0.07697990982879299 0.08424137742521143 0.5943298512890443 0.24444886145695133
0.18657005888603584 0.6215503206783811 0.06334021062330075 0.1285394098122823
0.11005192452767676 0.42929031738797396 0.3567490580078425 0.10390870007650677
0.4271077886262563 0.08363951395130942 0.3499832806787777 0.13926941674365656
0.22210781047073025 0.10109512155002498 0.014412239382872727 0.662384828596372
0.25178229582536416 0.4512366630698137 0.2687631238257828 0.02821791727903933
0.036886947354532795 0.26399136246223687 0.20180071341209183 0.4973209767711385
0.23956189066697242 0.039084573569639014 0.21080629604095158 0.510547239722437
0.2420552715115004 0.48616107710035916 0.033403266716858004 0.23838038467128242
0.5357746840747585 0.096531146518821 0.2029966649956585 0.16469750441076203
0.016587828927856152 0.16993068147199808 0.4043744327883876 0.4091070568117582
0.17436642900499144 0.05212934619294651 0.16023957110259945 0.6132646536994626
0.11347352124058907 0.02404742290540418 0.7398184092349878 0.12266064661901899
0.24185229090045168 0.31334852069901065 0.10478323443471671 0.34001595396582096
0.3492095746126609 0.28389188266060705 0.2641143006800588 0.10278424204667325
0.08413996499504883 0.695735580862575 0.11723471409495323 0.1028897400474229
0.009197051616629648 0.6543047174914262 0.23505241941902344 0.10144581147292075
0.16080805141749865 0.06346125804306113 0.46762588823213347 0.30810480230730675
0.23724908749680007 0.5092423176212241 0.10273200537615379 0.15077658950582207
0.24398964337908358 0.12372615968034995 0.2005928002760381 0.4316913966645284
0.3930977246667604 0.1095393684384317 0.12850153289207078 0.3688613740027371
0.02431596643145384 0.46820172738741006 0.22993442144264142 0.2775478847384947
0.17711067940704894 0.19304802084839545 0.583769876747143 0.046071422997412625
0.8530094554673601 0.07530910712036532 0.038336256455944184 0.033345180956330434
0.31692200515627766 0.0681757234456476 0.1717035338564249 0.44319873754164985
0.09717649377076854 0.5988533029042045 0.2940240534292903 0.009946149895736722
0.5183296523637367 0.18415443162337253 0.038284533767095175 0.25923138224579556
0.29359184426449336 0.5165215504146874 0.10312715787729054 0.0867594474435287
0.5015162946871996 0.14844763609056555 0.1458287386583359 0.20420733056389895
