26 100 4 286.1949149712146 572.3898299424293
3.7714145736247375 5.674523313747707 7.914678953841761 8.102986625537739 8.835058562282411 2.69129252459862 3.4255472105522644 5.465729268890751 7.652095724023396 2.754567924774765 2.617707220533208 5.84943632717638 3.544890441498798 7.848458825158888 3.4272364748135264 3.6416755838260464 9.66164960451497 9.21892893553999 6.113573608651983 5.369431186031763 6.883339335837266 5.8296645867643715 9.961650076603776 2.27784217493293 9.778074729163539 6.576017266023768 7.4843758693447695 3.655572142380146 6.401187690130746 7.7557192485207915 6.772295571764386 9.309695135662386 8.998572172624325 6.802042172650315 3.660781690556169 7.143343415489678 3.4929754118045437 2.137869583168579 6.129255439941813 4.681535448306217 6.043646325565329 8.689090782683504 1.8704700744834817 4.189085858224982 9.762595941354412 9.29769514789476 9.717998395740377 1.4586074643758962 8.95200292128418 7.9297721803779275 3.1565388672202683 1.9343327526400746 2.6766758918166316 7.77448239003021 9.57607503321366 8.115238216212724 2.67948322932213 5.608422444314372 1.7330417909532498 5.709157968583231 2.204732239875214 2.7876206191673916 1.9737577875235095 6.6945270303236555 9.56726471653246 5.73723849699346 4.03135514698033 5.574771456151927 9.91422933494111 6.69937374425716 4.282476828028012 9.781525853636923 8.042060553967994 1.3491529090959964 9.868652043148987 4.1686507688442145 3.500670455758325 3.823552593550021 6.7615636888852615 5.382080181198878 3.443056362958395 9.513189811563276 4.688032277875747 3.4097688182340105 8.770180401226327 5.1519819240055424 7.305371329513017 5.085185998803177 7.707680167429103 1.553647589782972 1.6007451207821441 3.667516456580335 6.5102005793796955 1.1208926225304205 4.440358477439566 7.11658222534434 9.2217269916244 3.3132544904765493 1.9333836113299667 8.504712509107964
0.7542829147249475 1.1349046627495414 1.5829357907683521 1.6205973251075476 1.7670117124564821 0.5382585049197239 0.6851094421104529 1.0931458537781502 1.530419144804679 0.550913584954953 0.5235414441066416 1.169887265435276 0.7089780882997596 1.5696917650317777 0.6854472949627053 0.7283351167652092 1.932329920902994 1.8437857871079981 1.2227147217303966 1.0738862372063527 1.3766678671674533 1.1659329173528743 1.9923300153207553 0.455568434986586 1.9556149458327077 1.3152034532047536 1.4968751738689539 0.7311144284760293 1.280237538026149 1.5511438497041583 1.3544591143528772 1.8619390271324772 1.799714434524865 1.3604084345300629 0.7321563381112338 1.4286686830979356 0.6985950823609087 0.4275739166337158 1.2258510879883626 0.9363070896612434 1.2087292651130659 1.7378181565367008 0.37409401489669636 0.8378171716449965 1.9525191882708826 1.859539029578952 1.9435996791480754 0.29172149287517923 1.790400584256836 1.5859544360755855 0.6313077734440536 0.38686655052801494 0.5353351783633263 1.554896478006042 1.915215006642732 1.6230476432425447 0.535896645864426 1.1216844888628743 0.34660835819064995 1.141831593716646 0.4409464479750428 0.5575241238334783 0.3947515575047019 1.3389054060647312 1.913452943306492 1.147447699398692 0.806271029396066 1.1149542912303854 1.982845866988222 1.339874748851432 0.8564953656056025 1.9563051707273846 1.608412110793599 0.2698305818191993 1.9737304086297975 0.8337301537688429 0.7001340911516649 0.7647105187100042 1.3523127377770523 1.0764160362397757 0.688611272591679 1.9026379623126553 0.9376064555751494 0.681953763646802 1.7540360802452652 1.0303963848011084 1.4610742659026035 1.0170371997606353 1.5415360334858206 0.3107295179565944 0.3201490241564288 0.733503291316067 1.3020401158759392 0.2241785245060841 0.8880716954879132 1.423316445068868 1.84434539832488 0.6626508980953099 0.38667672226599337 1.700942501821593
0.275627412613637 0.08905480234275298 0.1908498699258846 0.44446791511772543
0.08527820827265054 0.14183806049137726 0.035424503767273574 0.7374592274686986
0.6951027913184173 0.11191635623621798 0.05032245767640231 0.14265839476896236
0.5539161096852093 0.019652136758963268 0.015619384478083642 0.41081236907774377
0.058418338736477504 0.055033745192717864 0.8746265540150383 0.011921362055766327
0.4855905856374748 0.0746105866496638 0.2402649889511731 0.1995338387616883
0.07040963791060295 0.17265033140902397 0.02210349764113273 0.7348365330392403
0.37012974102771345 0.4328238266008374 0.06555024697698808 0.13149618539446106
0.05315249970252589 0.16277213127949341 0.07684429923709779 0.7072310697808829
0.18079532374809626 0.6791578022742116 0.03364189754501745 0.10640497643267466
0.4993762741751385 0.397095940381065 0.006534467285291279 0.0969933181585052
0.4698033808371014 0.13508568721335046 0.06458171297548188 0.3305292189740663
0.40620396062325914 0.3554462774761279 0.22389204309119026 0.014457718809422704
0.30440174022842126 0.023780622724721034 0.0910104391628469 0.5808071978840108
0.14564488059067515 0.13171969018858098 0.6252445775200375 0.09739085170070638
0.11756727849874493 0.0016129228342214308 0.08133737545508823 0.7994824232119454
0.10014906120750511 0.04904404645176019 0.3114803952351147 0.53932649710562
0.07339122040597457 0.09737502371218743 0.3802566476886212 0.4489771081932168
0.283548137709959 0.04767748243003478 0.26212627211057316 0.40664810774943305
0.38512185350142825 0.39682565626212607 0.14584627520774052 0.07220621502870517
0.00945339630568276 0.6513646449386934 0.20991330075852543 0.1292686579970984
0.29887959455137214 0.48360981050938723 0.12367855835388863 0.093832036585352
0.506041865537064 0.02282268706887358 0.20384769882850018 0.26728774856556226
0.31094675853066167 0.30899083099613334 0.008677303531593572 0.3713851069416114
0.2248670330846605 0.12500290512158896 0.27960456248751264 0.3705254993062379
0.47268418758241904 0.30683775943180513 0.01816446301494179 0.20231358997083404
0.17373449801095397 0.2336308901747799 0.5000259604896378 0.09260865132462837
0.07182538841541986 0.5643736690860274 0.22370018841040828 0.14010075408814449
0.028804658170423658 0.22799956106340857 0.0695900198336159 0.6736057609325519
0.9194227280031276 0.008430522276240193 0.05545084716841109 0.016695902552221087
0.37440368400413504 0.21321068107642893 0.19920067380376394 0.2131849611156721
0.05428863060603761 0.09430640139566326 0.33294599202822317 0.518458975970076
0.1870403330187964 0.1751353151442212 0.5941507462220805 0.043673605614901856
0.21585010498615087 0.23722224710399442 0.4590450919622173 0.08788255594763739
0.4453372302379639 0.027314776036877153 0.3369567222185468 0.19039127150661217
0.574536571660792 0.10765218846427249 0.12828763743038574 0.1895236024445498
0.45223042429337645 0.09933600153347644 0.16132622571821675 0.28710734845493036
0.6223818138924784 0.07044578562707549 0.011983341945924653 0.2951890585345215
0.45768629352699575 0.0818100390308697 0.18927258785478573 0.2712310795873488
0.43530623658399925 0.0786571930592388 0.4409745749717069 0.045061995385055065
0.573456539278983 0.14205969297508136 0.04990849016018095 0.2345752775857547
0.3014882162506768 0.04341652459172585 0.24917112583883927 0.4059241333187581
0.2475519916419191 0.3440235709195929 0.3464871173662505 0.06193732007223751
0.11596816278082245 0.3656734661476547 0.3578782294549392 0.16048014161658364
0.3863458341603958 0.055325751527794065 0.12397791099862321 0.4343505033131869
0.43092350743063934 0.42783151606163006 0.009029414648272893 0.1322155618594577
0.146291374414119 0.22857043656704612 0.44324640013900296 0.18189178887983193
0.038527273406506746 0.4585742504080197 0.3621657605542067 0.14073271563126688
0.02581550998282145 0.012989670333371617 0.16303070084498783 0.7981641188388191
0.08511378578753792 0.13508760165779032 0.009642305932516027 0.7701563066221557
0.02768544220899838 0.13075372335780666 0.3357537412651942 0.5058070931680008
0.6119398085297056 0.17913347811114533 0.20642897062614785 0.0024977427330011848
0.6576477824193975 0.018513791446808314 0.15296669318552114 0.17087173294827307
0.6388908191185644 0.26474528940011555 0.0757417423080552 0.02062214917326488
0.33296810868866156 0.2025078950767324 0.32507040016963473 0.13945359606497132
0.2974835815540403 0.4617984629472277 0.146322564170972 0.09439539132775998
0.28726492053009933 0.04410993170872202 0.08760628012547134 0.5810188676357073
0.07387711603055236 0.24670989294396184 0.22882014246901927 0.45059284855646653
0.11420788444611985 0.03234484674066873 0.08754933757513328 0.7658979312380781
0.3306828426554871 0.07007167755179788 0.5258941937075229 0.07335128608519215
0.1893223523830081 0.14008887381443924 0.24362153233751893 0.42696724146503373
0.14900409276391746 0.10829152732004488 0.0585834955851674 0.6841208843308703
0.29052855972103653 0.16851453830651286 0.1873080887222034 0.3536488132502472
0.11485363464955856 0.09687791517774802 0.4696973082927435 0.31857114187994995
0.07878972387742178 0.7771660616927519 0.1298173049715594 0.014226909458266879
0.0905377254827684 0.01949192703095981 0.2245617785712205 0.6654085689150513
0.14905580022830323 0.3690119852088344 0.026187659994561963 0.45574455456830043
0.38254555098025833 0.3588776378015913 0.013660281040432265 0.24491653017771808
0.04488811335821297 0.14667505841035156 0.015302398293114527 0.793134429938321
0.11009889129277317 0.37937021979185404 0.4601947071284851 0.0503361817868877
0.29018898914607194 0.056951979910614736 0.08746054660684544 0.5653984843364679
0.37696556056422026 0.502365485166225 0.04817689358851085 0.07249206068104386
0.06953153405308532 0.5620547124296887 0.14230622769859613 0.2261075258186298
0.4180807127437436 0.16940070703024335 0.11548517166276007 0.297033408563253
0.32248667394901154 0.09076675370568665 0.31727982725956816 0.26946674508573365
0.21995296207208448 0.13566726478691005 0.35828610738717304 0.28609366575383244
0.06257941572016446 0.3566502550581634 0.3381838670468179 0.24258646217485424
0.11664362286384078 0.17483706041403457 0.2320855101266983 0.47643380659542633
0.0510025484159089 0.33778475786193984 0.29359064996558615 0.3176220437565651
0.1567668125554249 0.13352919245714134 0.2227524801968105 0.48695151479062326
0.344685759305851 0.061952316900682036 0.060994311640032106 0.5323676121534349
0.17364940476682955 0.00824773098476328 0.7509380745947719 0.06716478965363526
0.3705275391279873 0.03416898206885588 0.058033197417561744 0.5372702813855951
0.0013367895914243588 0.23163799374088268 0.25004326263683574 0.5169819540308572
0.09336546259751333 0.07434162695717572 0.11518500690419564 0.7171079035411153
0.10741090511650897 0.15253372842917945 0.6434612648792114 0.09659410157510018
0.4539199547141709 0.0727977534651475 0.2625666409002657 0.2107156509204159
0.11709660503935415 0.7706357580650525 0.01793331924277175 0.09433431765282163
0.15781521334248927 0.11953592249971401 0.61257294780939 0.11007591634840674
0.6332333640599127 0.1657179256280099 0.029239609355541707 0.17180910095653568
0.16714185542926363 0.07886577396274852 0.18875000289459287 0.565242367713395
0.338538753053487 0.48126366705381196 0.015382410569040772 0.16481516932366025
0.21416675978838295 0.18258098239976184 0.10065322499501284 0.5025990328168424
0.6451409498737998 0.08028627197319405 0.1245815027161753 0.14999127543683088
0.006861479066437748 0.4262525185657007 0.3717231545260491 0.19516284784181248
0.4987981943475984 0.1567519343884619 0.1101817682919044 0.23426810297203526
0.12270266225842674 0.03480012959867984 0.13952200276844284 0.7029752053744506
0.2648402281733174 0.08534913993838877 0.6253590890773013 0.024451542810992488
0.23522288756776677 0.04543954106441206 0.16446645776092572 0.5548711136068954
0.03192684141449664 0.39143521193940756 0.3996565626151972 0.17698138403089858
0.005044305171323482 0.28743393852429244 0.4769857667166031 0.230535989587781
0.18765982074701926 0.3262924599169451 0.13109421990886427 0.35495349942717136
0.4377752881819109 0.43990746819600557 0.022868793631415807 0.09944844999066771
0.6209031775212696 0.11535641509254835 0.04899109106315547 0.21474931632302663
0.1328640222180001 0.4266728602755173 0.14206557054202362 0.29839754696445897
0.06030629779692065 0.03552042184928317 0.33401710465542567 0.5701561756983705
0.08612453271754317 0.40661542105048054 0.44588966044800094 0.061370385783975356
0.14501094055062158 0.04390681237405403 0.10398649063432275 0.7070957564410016
0.17409627024575736 0.39463582757112736 0.39897316814466877 0.032294734038446515
0.08279114714619884 0.8523621631148812 0.007427115434983422 0.057419574303936516
0.10653309772623099 0.7032243677636756 0.1869505121306797 0.0032920223794137282
0.34019559043920056 0.08654378662701823 0.5352223882699945 0.03803823466378675
0.40500390516965146 0.24018339437670988 0.2060637674700806 0.14874893298355807
0.17990150104605152 0.09646954257199447 0.6284592523955367 0.09516970398641733
0.09720666426833735 0.3652877938083803 0.13239145883743786 0.4051140830858445
0.13254191010062122 0.445416697201377 0.17532923765300001 0.24671215504500177
0.006035351707172398 0.5095887468014989 0.2729110047245352 0.21146489676679348
0.3845010768349594 0.263151189888278 0.24698029906238061 0.105367434214382
0.005661317413282685 0.1403481973477826 0.6478039168291657 0.206186568409769
0.215270815637714 0.012482338456533904 0.5098128452843009 0.26243400062145117
0.2973013198998874 0.09475152527617059 0.4268908618875725 0.1810562929363695
0.8520756139266875 0.019637949429712198 0.12037962160831706 0.007906815035283232
0.04218835425117573 0.034545932431971016 0.10323039075015605 0.8200353225666972
0.3402325768034786 0.4241270816864775 0.03763780528610716 0.1980025362239367
0.019703076308489442 0.49081642561109495 0.41686068326184655 0.07261981481856905
0.11586820234533202 0.006609938365889634 0.6039192937227349 0.27360256556604345
0.052621971602350937 0.42119769419163433 0.30915014880098746 0.21703018540502728
0.2358629574349117 0.26535417107959636 0.15201029779568043 0.3467725736898115
0.3596485410845096 0.25221766009975133 0.2677294393465357 0.12040435946920336
0.44986262084373485 0.20271902314008527 0.2874095495324668 0.060008806483713095
0.1387982393908257 0.37120054458608076 0.018239103848764815 0.47176211217432873
0.6249938640209933 0.11016518806932729 0.07166384742355936 0.19317710048612002
0.1313784434809886 0.16480984765386109 0.6019934022248186 0.10181830664033176
0.5968905569275295 0.21428253329345026 0.17752514610665915 0.011301763672361131
0.2418995555009944 0.28248108766898217 0.24963323673199067 0.22598612009803276
0.05710227020523195 0.07901574598901784 0.3563802089985225 0.5075017748072277
0.0800803711316066 0.04145416410086056 0.4320512950787362 0.44641416968879666
0.6309275969473891 0.1537671014550097 0.13122678442222724 0.08407851717537396
0.16713729985595127 0.309733283904402 0.1391376056218795 0.3839918106177672
0.5639771253046042 0.2403980565386531 0.01440361032583437 0.18122120783090834
0.10535375885765241 0.30251706610727624 0.46722452248005675 0.1249046525550146
0.09386814757403039 0.04862040917890276 0.027487302933198676 0.8300241403138682
0.16039745674833972 0.08790242258654457 0.10900718028625234 0.6426929403788634
0.043253740839746535 0.1026162722787397 0.6827861153038123 0.17134387157770148
0.4479713337058915 0.05839046186538832 0.1411962552404098 0.3524419491883104
0.15048872086954357 0.13098592300564815 0.046181688114535824 0.6723436680102725
0.42832989964796275 0.027944429624518263 0.40200976583738446 0.14171590489013453
0.43324656592386646 0.16286166927970291 0.2284621813928951 0.17542958340353554
0.34519416855147367 0.47599274815705206 0.12160224493715754 0.05721083835431673
0.007686450506097953 0.41881821111551265 0.25397241201879295 0.31952292635959645
0.12660783253608 0.2798817513496684 0.09703783018063128 0.4964725859336203
0.08868400476423977 0.18325930748637898 0.5208105525017399 0.20724613524764135
0.19537839946918056 0.534237231577171 0.03350130957342168 0.2368830593802268
0.4621065039220644 0.3903524333244226 0.054119163002073756 0.09342189975143922
0.19825711962241777 0.13423445681455237 0.498441803950856 0.16906661961217384
0.26351760374791044 0.22675716014877878 0.4843457993642558 0.02537943673905496
0.14263100064125556 0.8265768061468649 0.019699572146831712 0.011092621065047825
0.37656292836954075 0.19495731507248637 0.26137277199233344 0.16710698456563944
0.20018228553803497 0.2750211075710909 0.40725519482883443 0.11754141206203972
0.8978224483378412 0.0038107595420483475 0.02335614899302829 0.07501064312708217
0.15181696836527303 0.4097968258814477 0.3372590603250182 0.10112714542826107
0.009925833089151403 0.43923190234855947 0.5237135560415714 0.027128708520717693
0.006535829925860548 0.4964972072032455 0.19182428321137945 0.30514267965951447
0.595142188598296 0.21693781598311435 0.18396363179923858 0.003956363619351033
0.43483862359939496 0.015534628531798544 0.49237583463191825 0.057250913236888246
0.5395496596914874 0.020314221070930616 0.27751196591403415 0.16262415332354785
0.17297526620340498 0.7229679501563769 0.05686935801566528 0.0471874256245528
0.2891818316826722 0.27345633966471095 0.04220350917711213 0.3951583194755047
0.36679216710517215 0.1349382087825074 0.034722164905216624 0.46354745920710383
0.22191751065835652 0.4902645620230731 0.2519458876288412 0.035872039689729185
0.017302846814527983 0.5144090579212767 0.13029857020252156 0.3379895250616738
0.3316635884509348 0.1644464595394557 0.3780941653064216 0.12579578670318792
0.02414691293365423 0.3799420527048871 0.5856008053854249 0.01031022897603373
0.28527172851051963 0.4309497550291307 0.15083413247655963 0.13294438398379005
0.5452816236160506 0.24407666460058874 0.17054239796054604 0.04009931382281462
0.587711691267422 0.0967866878963155 0.2604179583574794 0.05508366247878316
0.42975392176503824 0.1607474025476071 0.39558457751451426 0.013914098172840395
0.35752386702839467 0.06388451732619826 0.32157416758156654 0.2570174480638405
0.045142338964567985 0.41040541632684424 0.2349029184124849 0.3095493262961029
0.016979239366506915 0.04240971613472322 0.4816186141787697 0.45899243032000014
0.23722293377424097 0.5097767653020473 0.11998883607839861 0.13301146484531312
0.1453794989974262 0.18994467873929333 0.1349104625644757 0.5297653596988048
0.18797694948736932 0.07405088247458391 0.32646383059701356 0.4115083374410332
0.6365647126763255 0.22325297131346167 0.10857547460751049 0.03160684140270231
0.07855811566841475 0.06341142311038028 0.29660986497657316 0.5614205962446318
0.2571088999699669 0.41054575386138026 0.14324077394420998 0.18910457222444288
0.26899499897978985 0.05884614297107771 0.48844486859823455 0.1837139894508979
0.4333763476589346 0.18754597543642237 0.1808670600417862 0.1982106168628568
0.4200447452640744 0.2860334488221199 0.10266907992901209 0.1912527259847936
0.5056623265248791 0.02583152850462911 0.17885110882151634 0.2896550361489755
0.12644349254963916 0.16545462058043126 0.6822322347497761 0.025869652120153463
0.4708297765662821 0.4547990653269509 0.0730555755266169 0.0013155825801500765
0.43921582084730826 0.04453137338017299 0.3011589561429826 0.21509384962953615
0.10393787446916569 0.4372021517006539 0.12890251379959838 0.329957460030582
0.5562212406611048 0.09894554625871299 0.32118231210802184 0.023650900972160382
0.24403812977503703 0.12088688561007588 0.47604701315091813 0.15902797146396896
0.404432316887122 0.12436637889692126 0.09059674079747604 0.3806045634184807
0.3858971123203552 0.21106861401863364 0.0654487062896355 0.3375855673713757
0.3415832774975328 0.3679407139194639 0.25893510640611284 0.03154090217689043
0.3929643589840075 0.037509349612350085 0.30354469218324853 0.2659815992203939
