45 30 4 78.07756081342436 156.1551216268487
9.9011036212804 5.945902541602529 3.5330257175955655 1.6956060947125544 5.000225463746228 5.255271727799368 1.4366980081580127 2.4699200338744007 2.0435564034815 6.646525144339834 8.70563843736062 6.850921789787973 9.916495162820201 5.2331567356340685 6.564650352106224 3.5440048587805064 9.784029842357874 7.057611992185077 4.9647779989709 3.6071860622688536 5.587297156424271 2.0121480621639516 3.0425931040805727 5.306970741955252 3.1848234110210174 4.491842658464503 8.36986084808839 1.6708670664539196 9.308345851249022 3.024064738085121
1.98022072425608 1.1891805083205058 0.7066051435191131 0.3391212189425109 1.0000450927492455 1.0510543455598735 0.28733960163160255 0.49398400677488014 0.4087112806963 1.3293050288679669 1.7411276874721238 1.3701843579575947 1.9832990325640403 1.0466313471268136 1.3129300704212448 0.7088009717561012 1.9568059684715748 1.4115223984370153 0.9929555997941801 0.7214372124537707 1.1174594312848543 0.4024296124327903 0.6085186208161145 1.0613941483910503 0.6369646822042034 0.8983685316929005 1.673972169617678 0.3341734132907839 1.8616691702498045 0.6048129476170242
0.6010041235231863 0.10536736108480982 0.13045796582406022 0.16317054956794363
0.2519501997915552 0.20578779166909134 0.2688992048473776 0.27336280369197585
0.09413892910049249 0.6476151988601171 0.08399983753659579 0.17424603450279463
0.18395198585753025 0.6719170858260987 0.06640890577413672 0.07772202254223437
0.2550567553368033 0.1473145286188814 0.5816652810825405 0.01596343496177488
0.3225899537209548 0.12128417236247169 0.2801382447864197 0.27598762913015384
0.14019181542772763 0.04755391272320186 0.30401742888109295 0.5082368429679776
0.30491329572436365 0.5749002307760112 0.060491106930248284 0.059695366569376906
0.03941980288626623 0.0248123685536612 0.7755403178195541 0.16022751074051844
0.25263224568082887 0.6882454835598995 0.04703791358073717 0.01208435717853451
0.2372215788455453 0.3670166238017809 0.08048448549182441 0.3152773118608494
0.5237494966813177 0.19900571055871974 0.11803719283544611 0.1592075999245165
0.04442158058212842 0.5265641262930728 0.4190213884957106 0.009992904629088195
0.030473341519351438 0.4427740074218701 0.49414152561132174 0.0326111254474567
0.07445300675121813 0.11006839655495015 0.05178870174398986 0.7636898949498419
0.07036985367114024 0.07728300954979406 0.5898959059163964 0.2624512308626693
0.5346123521023269 0.39481153409836933 0.035378014386926004 0.035198099412377726
0.31738832906629 0.33791388947374756 0.15449491205425459 0.19020286940570785
0.30903249402955024 0.07963137394530184 0.48159332715211123 0.1297428048730367
0.1517106503440303 0.25927363759969846 0.19150542593458497 0.39751028612168626
0.2025824851018787 0.03109172320565945 0.18549577339124634 0.5808300183012155
0.39023364997316157 0.3385788478770956 0.09401453258558168 0.17717296956416118
0.0951198285526551 0.06864457755051112 0.1494527273487174 0.6867828665481164
0.4458548735203173 0.10000774575874172 0.002980353355301446 0.45115702736563956
0.12543415040740347 0.7517669978745709 0.09503355550606574 0.02776529621195989
0.3531409204404511 0.5537586207175694 0.07868413744606984 0.014416321395909648
0.05504379602223486 0.22215708732637918 0.13873107306632293 0.584068043585063
0.10431775641310781 0.3311945085288688 0.45174045315637945 0.11274728190164396
0.3810573736781755 0.27875538736659744 0.026335399547798843 0.3138518394074282
0.5440263175004111 0.2996141466007912 0.04734368721966098 0.10901584867913672
0.11056545677251128 0.13946497107144784 0.15676211024433462 0.5932074619117063
0.11024132226573247 0.1998326152504899 0.24735876516585342 0.4425672973179242
0.12193227543479901 0.3297342512117546 0.43553671096330804 0.11279676239013836
0.06693827118834939 0.10522854611808208 0.49416565391703604 0.3336675287765325
0.06417229596609242 0.18714395687175922 0.42747912149445244 0.3212046256676959
0.20709162827460148 0.26124086906148547 0.18115345299154606 0.350514049672367
0.0947696581546128 0.2016177825269292 0.694391262547107 0.009221296771350973
0.16127882072143063 0.4435163965649669 0.12832428329086532 0.26688049942273717
0.15996243096834317 0.28458803598109206 0.11298490687311313 0.44246462617745164
0.7267483961714403 0.03644720665614021 0.14425829940590518 0.09254609776651435
0.10523491740724167 0.6320260148127631 0.2517249773722908 0.011014090407704402
0.29788447696729425 0.13521576253427514 0.23553574598692228 0.3313640145115083
0.22671595816392676 0.22654928587831047 0.12072264046274994 0.42601211549501283
0.07475668562383264 0.004097259576059442 0.32872340520460785 0.5924226495955001
0.12888529643023605 0.24441551613816037 0.03391400649084286 0.5927851809407607
0.3455340811149984 0.03517581680360038 0.4935663958713381 0.12572370621006312
0.11351235681208072 0.300057744138732 0.191044732221473 0.3953851668277143
0.10949532823123653 0.2683342931196596 0.3756366224845611 0.24653375616454276
0.5886472898861005 0.16200282544072253 0.1814691345322792 0.06788075014089778
0.42199938071274934 0.05637674792377123 0.15024335935006294 0.3713805120134165
0.11489528131347349 0.49320504910175356 0.2707951645229326 0.12110450506184034
0.325377541118959 0.19173943900702584 0.06584245990125859 0.4170405599727566
0.3550985492284746 0.5817650102595086 0.046471882763178374 0.01666455774883846
0.30738284945655314 0.2033187518532532 0.23576523706974095 0.2535331616204527
0.31603742394293355 0.2731368984746686 0.21734641417399825 0.1934792634083996
0.03308766534076857 0.5015067393170664 0.4443409509090477 0.021064644433117397
0.037927969657492566 0.7242278051320911 0.16866209782141284 0.06918212738900353
0.15531994360418555 0.43371479701185967 0.40189256222107805 0.00907269716287673
0.6359045669890764 0.24055923671075585 0.0745898853079886 0.048946310992179165
0.4712740362006985 0.15042790602074219 0.2445419152892908 0.13375614248926848
