86 30 4 80.8114290250743 161.62285805014864
2.823462582660014 2.8638379365487583 2.373739689702213 7.791335303729706 3.0468408916250986 6.976737676309856 6.302960423203684 4.794824987110218 8.704214884796688 5.3807742831617835 3.2531647331366074 8.581769940284717 8.198464984080335 7.9519716561889 8.3770496518551 1.5150294091749639 3.76152535892045 2.606583136338702 4.581330453147675 9.00407518781942 3.587761272237696 7.116560350242218 8.711808295698308 3.486776072998947 5.664682305046751 6.206122150274543 2.4514362798495077 7.644232389289187 6.417633659311612 1.4461521054049635
0.5646925165320028 0.5727675873097516 0.4747479379404426 1.5582670607459412 0.6093681783250198 1.3953475352619713 1.2605920846407368 0.9589649974220436 1.7408429769593377 1.0761548566323567 0.6506329466273215 1.7163539880569434 1.639692996816067 1.59039433123778 1.67540993037102 0.3030058818349928 0.75230507178409 0.5213166272677404 0.916266090629535 1.800815037563884 0.7175522544475392 1.4233120700484436 1.7423616591396616 0.6973552145997894 1.1329364610093502 1.2412244300549085 0.4902872559699015 1.5288464778578374 1.2835267318623225 0.28923042108099273
0.20353640511525894 0.14245299576737613 0.09173891476414331 0.5622716843532216
0.5645158437957613 0.19943614989040404 0.23333284102549068 0.0027151652883440347
0.24843591398052534 0.5821534926108467 0.11819197338851772 0.05121862002011024
0.6460499462291498 0.11977728999756432 0.08221525182248801 0.15195751195079787
0.21702149005161853 0.11118377465289841 0.3061681446473945 0.36562659064808856
0.11091623802032147 0.5036949223024793 0.23805059964187036 0.14733824003532892
0.41030201459255833 0.39709941498628754 0.18823211986971 0.004366450551444134
0.2060669050451388 0.5639511123672456 0.12674077608924395 0.10324120649837165
0.13208464477673165 0.0011010135749628391 0.1392021284443954 0.7276122132039101
0.14867897615068415 0.38196997710697245 0.13827349864964023 0.3310775480927032
0.6400306546770306 0.0944867885643964 0.13675486677151338 0.12872768998705963
0.038083119917579955 0.867036787127711 0.08348090723440926 0.011399185720299743
0.11021912825295166 0.4718905458009238 0.20994212625979647 0.20794819968632805
0.09529529717482565 0.39387278085952304 0.47118413092532996 0.039647791040321345
0.34612539756807703 0.5460794949233084 0.011001145570578519 0.09679396193803602
0.05424576835411765 0.5776225328956113 0.13707863824309818 0.2310530605071729
0.0003891497377432884 0.07088176692119508 0.623817657723419 0.3049114256176426
0.3669075124822886 0.4497350299260173 0.02953185321680618 0.1538256043748879
0.15585113826605346 0.018047442851365503 0.782933665624557 0.04316775325802402
0.1677953949379718 0.05340669304433299 0.6488910759176395 0.1299068361000557
0.4194999484160453 0.1904608410151284 0.3344015007226908 0.055637709846135475
0.2860016174442569 0.1264720778364805 0.0836959812815512 0.5038303234377114
0.296931376758783 0.25292912229901787 0.084775799450717 0.3653637014914821
0.31635108413499347 0.1016802834177376 0.2506081579330367 0.33136047451423223
0.19025363639065307 0.05864884656695346 0.6237027962168645 0.12739472082552894
0.5844336344181895 0.09064721085530303 0.20117397341487742 0.12374518131163004
0.22671645052530065 0.576605932268279 0.17812290537574282 0.018554711830677473
0.3212954596467492 0.5659994960576994 0.10497531022171513 0.0077297340738362585
0.03070155805009467 0.3157824690122796 0.5753905220388729 0.07812545089875289
0.17321748020203964 0.14067416018708168 0.5501795612822308 0.1359287983286479
0.13843258262594094 0.15899788432318362 0.3732803746777187 0.32928915837315675
0.21078453585161572 0.5216576722442027 0.16572673909395708 0.10183105281022453
0.3058735001026506 0.1712482279203602 0.013783894515005723 0.5090943774619835
0.0699843430899234 0.22959700906576475 0.48797184905544044 0.2124467987888714
0.2794753225827662 0.3786391516997102 0.3314062608185504 0.010479264898973217
0.06712348462239459 0.08533161140181511 0.18474077711739212 0.6628041268583982
0.2176128210149736 0.2869310210334485 0.3192517163931051 0.1762044415584728
0.1952532727428532 0.08921198910589245 0.023778731384332175 0.6917560067669222
0.07070277991770135 0.3560398320852134 0.006699712578284389 0.5665576754188009
0.36502341457357657 0.014949896400057061 0.018146894444680872 0.6018797945816855
0.3081033770667473 0.1897615396471084 0.08664515388684557 0.41548992939929874
0.06367146051028116 0.05797853233907402 0.006512227342440613 0.8718377798082042
0.0940639247632431 0.5618681689857392 0.05424118534145539 0.2898267209095623
0.618722571795444 0.06020377667293264 0.13257944746236439 0.18849420406925899
0.28885759537225475 0.33351941397418006 0.032562702106372354 0.34506028854719284
0.044324629557433215 0.4691545425256204 0.36571020036858337 0.12081062754836303
0.3825479785025079 0.2448602983737972 0.29451057255533675 0.07808115056835818
0.056836935330936034 0.21100256043686927 0.08722295528003221 0.6449375489521625
0.515368753948138 0.18855752751809152 0.06057027673094861 0.2355034418028219
0.2263281866105492 0.499934739312458 0.05576130106857813 0.21797577300841464
0.5143860312319036 0.007297668028302451 0.386616106659325 0.09170019408046892
0.502779242995999 0.35591280730973296 0.09789574494157172 0.04341220475269636
0.20870539891187567 0.5327769931428489 0.06725191173515999 0.19126569621011547
0.05688078318688894 0.47697043527050675 0.09198756143799092 0.3741612201046134
0.07122987639529743 0.12374918982990124 0.7164132504227312 0.08860768335207014
0.39178877044756366 0.09478845278469428 0.4165747246527205 0.09684805211502157
0.10255805504760585 0.25280972964448634 0.1365828026567376 0.5080494126511702
0.13497985874433627 0.1796677370308234 0.035946807771363165 0.6494055964534772
0.028717018659038196 0.057144258148096094 0.5976868538452587 0.31645186934760705
0.04919384325536125 0.002513051819520662 0.24896946912894868 0.6993236357961694
