96 10 4 27.207519452246846 54.4150389044937
2.93218200115144 9.185521342074972 8.355118358471112 9.134924272615967 7.361913429769851 2.0626858120679605 1.831607335680888 6.057765984814115 6.142707686675583 1.3506126811717944
0.586436400230288 1.8371042684149945 1.6710236716942224 1.8269848545231935 1.4723826859539701 0.4125371624135921 0.3663214671361776 1.211553196962823 1.2285415373351165 0.2701225362343589
0.3037439848381618 0.022803480855613678 0.18401571166071162 0.4894368226455129
0.036330028519636404 0.6183504318062701 0.09216157235666622 0.25315796731742723
0.5333576729256835 0.11029765449415874 0.18834725318061052 0.16799741939954727
0.1832838663977726 0.06784613566723219 0.21846208538495882 0.5304079125500364
0.4507293191673649 0.37227727644171704 0.0021344859929093296 0.1748589183980087
0.04499599974025348 0.2813912861263115 0.42141328279269064 0.2521994313407444
0.8893338697884594 0.04333870587962774 0.033195194709506826 0.03413222962240603
0.21609459094336847 0.08556945151618556 0.5554447061785045 0.14289125136194147
0.30511419944510443 0.03402984292105904 0.287371367371697 0.37348459026213954
0.19325979443655517 0.05862548327025208 0.11618802228293945 0.6319267000102533
0.14317216178281733 0.14764602221629552 0.013028632138535001 0.6961531838623521
0.3992353379934255 0.455732409767995 0.11132229619423573 0.03370995604434379
0.005958057194502042 0.7383091143473338 0.17656040119692007 0.07917242726124407
0.4361622412042425 0.12009517167456318 0.43069076931688643 0.013051817804307864
0.1748522179179871 0.10851392494114542 0.35362134284680535 0.3630125142940621
0.2591235517624423 0.4069988723377208 0.029710715767355955 0.30416686013248095
0.3349038546704559 0.09286160018223144 0.34067458082491975 0.2315599643223929
0.27691977085195174 0.5836471339347047 0.13903161952559717 0.00040147568774639986
0.22408316518713312 0.02018483154799189 0.4691570508956996 0.2865749523691754
0.1810468666253544 0.6626809639978493 0.1464508201806518 0.009821349196144524
