26 20 4 56.790441444809844 113.58088288961967
3.7714145736247375 5.674523313747707 7.914678953841761 8.102986625537739 8.835058562282411 2.69129252459862 3.4255472105522644 5.465729268890751 7.652095724023396 2.754567924774765 2.617707220533208 5.84943632717638 3.544890441498798 7.848458825158888 3.4272364748135264 3.6416755838260464 9.66164960451497 9.21892893553999 6.113573608651983 5.369431186031763
0.7542829147249475 1.1349046627495414 1.5829357907683521 1.6205973251075476 1.7670117124564821 0.5382585049197239 0.6851094421104529 1.0931458537781502 1.530419144804679 0.550913584954953 0.5235414441066416 1.169887265435276 0.7089780882997596 1.5696917650317777 0.6854472949627053 0.7283351167652092 1.932329920902994 1.8437857871079981 1.2227147217303966 1.0738862372063527
0.6537043706485851 0.3216372659251413 0.02039726082669313 0.0042611025995804575
0.6001319655700829 0.041234209070404426 0.07912003306448712 0.2795137922950256
0.2769972679782826 0.018645142083513977 0.5930878313409063 0.11126975859729715
0.09671889716483129 0.46368625012020526 0.00951212381960942 0.43008272889535404
0.8835558801426866 0.08511060827291095 0.004955282846003772 0.02637822873839868
0.18629732131295906 0.05331810837818185 0.713281796221488 0.04710277408737107
0.08144908788369443 0.052410049880218246 0.05275010993854623 0.8133907522975411
0.10819530972483438 0.2286219288285356 0.6151010632835701 0.04808169816305996
0.36471964755866804 0.41773152510444245 0.20801875344145737 0.009530073895432145
0.27785227286203606 0.36232147034743745 0.34523203936263624 0.014594217427890244
0.2714507069953772 0.13833065721303917 0.45357201370561984 0.1366466220859638
0.06674945786468267 0.6338473565256525 0.04470098199067629 0.25470220361898854
0.38226205304884064 0.22998245577112553 0.3012807124716339 0.08647477870839992
0.10370929014777408 0.2609729248086159 0.1908498699258846 0.44446791511772543
0.08527820827265054 0.17726256425865083 0.013086640082335621 0.724372587386363
0.2271162687640278 0.46798652255438955 0.11191635623621798 0.19298085244536467
0.5539161096852093 0.03527152123704691 0.2681539743087814 0.14265839476896236
0.11345208392919537 0.4601161625149772 0.4145103915000611 0.011921362055766327
0.058418338736477504 0.4271722469009973 0.3148755756008369 0.1995338387616883
0.07040963791060295 0.1947538290501567 0.29503770532637896 0.4397988277128614
0.14198246388143665 0.394646934647938 0.0829280754732662 0.38044252599735917
0.2950635713755718 0.4555719006822939 0.1726639874601772 0.07670054048195707
0.12642995368539767 0.5182413988313039 0.03792236031548479 0.3174062871678136
0.3543428731361091 0.0547166211201372 0.4452839260419208 0.14565657970183288
0.05095638493065513 0.7190183017780035 0.15199144083520366 0.07803387245613769
0.10381475029334164 0.6489055152655706 0.037861758464723616 0.20941797597636413
0.1986245132408213 0.3134224250163311 0.011192836029873199 0.4767602257129744
0.5083079395724364 0.018051893426836996 0.10636539259224387 0.3672747744084828
0.03879476767733292 0.5944689816845737 0.3424613454866404 0.02427490515145292
0.31372806595000235 0.0383442416993548 0.13482549026162938 0.5131022020890135
0.26775209091489005 0.19357923397461463 0.48457865417308144 0.054090020937413885
0.06151639886477467 0.2348743185330403 0.1575188380247603 0.5460904445774247
0.01343251361449116 0.24359576310512543 0.4225919705408656 0.3203797527395178
0.005044305171323482 0.7644197052408955 0.0643929350442215 0.1661430545435595
0.18765982074701926 0.10481842294859667 0.3525682568772127 0.35495349942717136
0.5139522806639644 0.3637304757139521 0.022868793631415807 0.09944844999066771
0.4377752881819109 0.18312788933935864 0.16434750615570382 0.21474931632302663
0.1328640222180001 0.5687384308175409 0.034657139578276874 0.2637404073861821
0.06030629779692065 0.03552042184928317 0.4637101628473136 0.4404631175064826
0.08612453271754317 0.3437192915840863 0.06289612946639422 0.5072600462319763
