31 50 4 120.6496242360673 241.29924847213456
3.5744843949446405 9.622950098671 7.932816389969902 9.881830027832166 2.8734891571424908 2.2322534395944533 9.1753642206091 1.6177466617940826 1.6779945010569144 5.891812205385815 1.804597448662612 4.44153940773682 7.017043957130068 4.862521203056589 1.39560676737763 2.7485738987411854 5.019935355754937 1.5631595029180947 3.678105538136517 9.492678099257635 3.545299681849877 3.4092419189755923 4.664971037209495 8.433913626576679 5.560305968729154 3.4252784294132286 4.061694586772742 9.770246663410655 2.658741212083254 3.1804495536296704 7.214133823300248 4.455417487727736 5.15298207606448 7.077024883400982 1.7715754346727386 3.1061498255723845 5.702129904013703 1.6220500798104827 1.8121302845954659 1.7557107218500185 3.9052049742981882 9.198130598750021 8.48791011692263 7.750722427214426 5.223284332724012 8.805919333821084 3.513591142173843 1.7347248755995772 2.3429032923723523 5.452907902827234
0.7148968789889281 1.9245900197341999 1.5865632779939802 1.9763660055664332 0.5746978314284982 0.44645068791889064 1.8350728441218203 0.3235493323588165 0.3355989002113829 1.178362441077163 0.3609194897325224 0.888307881547364 1.4034087914260136 0.9725042406113179 0.279121353475526 0.5497147797482371 1.0039870711509873 0.31263190058361895 0.7356211076273034 1.8985356198515269 0.7090599363699754 0.6818483837951185 0.9329942074418989 1.6867827253153358 1.112061193745831 0.6850556858826458 0.8123389173545483 1.9540493326821309 0.5317482424166509 0.6360899107259341 1.4428267646600497 0.8910834975455473 1.030596415212896 1.4154049766801964 0.3543150869345477 0.6212299651144769 1.1404259808027406 0.3244100159620965 0.3624260569190932 0.3511421443700037 0.7810409948596376 1.8396261197500041 1.6975820233845258 1.5501444854428852 1.0446568665448024 1.7611838667642168 0.7027182284347686 0.34694497511991546 0.46858065847447045 1.0905815805654469
0.007386922447004118 0.2963250085901966 0.41460613294671333 0.28168193601608593
0.16296420028872782 0.2240869361576472 0.37307188963243465 0.23987697392119034
0.39743582261055843 0.15613998705403787 0.31386073688817795 0.13256345344722575
0.07404448852014722 0.3463415284223128 0.44118311964388834 0.13843086341365163
0.036922046805748066 0.31662503416183396 0.27796614327226377 0.3684867757601542
0.1802325557248048 0.36228324052926053 0.28303639778093026 0.17444780596500442
0.23100274723505876 0.08774177645249526 0.11343496407232534 0.5678205122401206
0.3600579234779806 0.01484631010141535 0.4073522140488238 0.21774355237178022
0.35509570210938735 0.54931426298575 0.002457332268768875 0.09313270263609374
0.29384797217510616 0.039651349513567635 0.24918592594507705 0.41731475236624915
0.3079433465951277 0.5058414394834826 0.09420191625671293 0.09201329766467681
0.4633299835924899 0.04704430970358475 0.47572560768638283 0.013900099017542522
0.31275269620020085 0.08266442687713993 0.5846228358430762 0.019960041079583046
0.0420887970229713 0.17431546881189175 0.05216294599497873 0.7314327881701582
0.03478870878171647 0.35898615958307456 0.09137942007837674 0.5148457115568322
0.6581167684163954 0.12801068054266485 0.0749870289499236 0.13888552209101612
0.00047059662956350223 0.7459473626955464 0.2436147943032515 0.009967246371638594
0.3607073468881903 0.1057188294691308 0.2522497109948466 0.2813241126478323
0.12673788098139827 0.33761582973593385 0.483870819772363 0.05177546951030487
0.23443836482562908 0.5613086758309344 0.11028075928875847 0.0939722000546781
0.4933038639330064 0.026201582825273628 0.4127298506496443 0.06776470259207568
0.131325605226299 0.1237816076658469 0.23904996221432417 0.5058428248935299
0.16420411701004767 0.738436820958417 0.035923031979088305 0.06143603005244702
0.1659196527365009 0.11686737619775511 0.26651429020177164 0.45069868086397236
0.11359799387981628 0.4628962216188125 0.2705353286228289 0.1529704558785423
0.34484747530736715 0.09569553740818793 0.2039394698360506 0.3555175174483943
0.11229407950178871 0.25210935130324597 0.6041462103065491 0.031450358888416186
0.11011504387103044 0.3121437934750454 0.5237281475017598 0.05401301515216439
0.13431335779676334 0.3839894095552162 0.3185864105159183 0.16311082213210215
0.11432326507468582 0.061091328096456676 0.765412936407424 0.059172470421433476
0.1110785810176882 0.5054251881692354 0.1280791118502257 0.2554171189628507
0.02614256509479218 0.8704307087883167 0.0908249681629073 0.012601757953983772
0.6385098829197221 0.13218375079265277 0.1484522746382253 0.08085409164939983
0.16102999074147994 0.39087867437506596 0.18227635802457476 0.26581497685887934
0.041915867253347394 0.2661470438005298 0.41682463712604834 0.2751124518200745
0.5251319775798329 0.26447785303593885 0.05703942504268711 0.15335074434154117
0.22219057005781417 0.3931517994958842 0.14328995741491857 0.24136767303138307
0.15179149757274257 0.29762828775618655 0.2914011662738115 0.25917904839725936
0.5143081053803499 0.12804122843697796 0.3056753083033694 0.05197535787930274
0.3465801231305623 0.2584654316200753 0.3406268273916757 0.054327617857686694
0.325357837562957 0.0946022863134528 0.3133822466204824 0.2666576295031078
0.2816823504133108 0.2527491009916105 0.23987079935708655 0.22569774923799213
0.7100343476059827 0.13466200115291704 0.03085131656265605 0.12445233467844419
0.027075018879067936 0.29299803967045435 0.6334860979478055 0.04644084350267219
0.1972225370220253 0.4701292801592025 0.15311922943768164 0.17952895338109054
0.15726167197860763 0.48197044431089253 0.28998114483312076 0.07078673887737907
0.33332217026639865 0.045819390123960635 0.4660053236955881 0.1548531159140526
0.29440434539436455 0.06148374639214349 0.19890728418525372 0.44520462402823824
0.15201681524038868 0.31802427631096275 0.3456592176719774 0.1842996907766712
0.10251515306060477 0.25608390637798706 0.5329013847570807 0.10849955580432746
0.30176687308583683 0.10549660885500334 0.17219988483641313 0.4205366332227467
0.21030667864350994 0.1474814706796621 0.3961354088934309 0.24607644178339705
0.4200798620312942 0.04540311528454599 0.2841418359412621 0.2503751867428977
0.3206589836303395 0.34068312720452254 0.16239154222162533 0.17626634694351262
0.04223346123892646 0.47293563695878704 0.2650873962393946 0.2197435055628919
0.015297177725249411 0.3876039252877024 0.036137103995952824 0.5609617929910954
0.151714262142986 0.3124117158126445 0.1547059876817113 0.3811680343626582
0.5520002177521809 0.08158575539185098 0.0487090925059398 0.31770493435002833
0.5501949921554681 0.22129712300286675 0.21485647221803605 0.013651412623629122
0.06139173250395913 0.018034207897856036 0.3985340061256225 0.5220400534725623
0.16546261760107428 0.7269161002975553 0.07122493159394061 0.03639635050742984
0.23803329334148204 0.07207478733487604 0.15893068618419925 0.5309612331394427
0.14856182612859403 0.4318512450626203 0.38575231615967187 0.033834612649113804
0.1558989486119291 0.30126935250022835 0.3643401053508286 0.17849159353701394
0.5473081738624622 0.16135670156130655 0.12338553032542576 0.16794959425080547
0.19816029230198762 0.03092717374313525 0.01700788524057828 0.7539046487142989
0.1419379448182697 0.10495878928649494 0.719392554300666 0.0337107115945694
0.0657953487343943 0.07169526308351204 0.4041419066338411 0.4583674815482526
0.044954436415257426 0.7497177619987826 0.15090510254964595 0.054422699036314026
0.19099781773206792 0.07374802880958442 0.1062678745886606 0.628986278869687
0.03398399717507794 0.04586995542414263 0.23911414915619433 0.6810318982445851
0.02686205885698789 0.17663755707492546 0.018694067440837348 0.7778063166272493
0.2509894872187245 0.3218511966552873 0.21051545130884175 0.21664386481714648
0.05243217312911197 0.13230199209976545 0.3162771009228035 0.4989887338483191
0.1818237082725016 0.30359546430442186 0.29681917533324 0.21776165208983655
0.34951329497795824 0.0538861943343224 0.5512020347171499 0.04539847597056945
0.1018669925345781 0.2906079561225652 0.3141248681902513 0.2934001831526054
0.5270510136460461 0.1381998354507631 0.2662174764356252 0.06853167446756558
0.30477035510732065 0.5759148204100925 0.03359203598662297 0.08572278849596393
0.35404200373328076 0.2643296109103531 0.01282685238576553 0.3688015329706006
0.3815258134319447 0.09111725310506347 0.3979591208978963 0.12939781256509553
0.1900245173006775 0.02522907886244663 0.644670435051514 0.14007596878536188
0.002561663531373659 0.2299952015743657 0.08463652057705295 0.6828066143172077
0.24555142124013685 0.14306450967615214 0.29413478590336417 0.31724928318034684
0.511789035336068 0.1420776296464179 0.17071851977586583 0.17541481524164826
0.11536960330387191 0.43601872348574633 0.1342446329742334 0.31436704023614837
0.13044149102986802 0.09969247875507081 0.4187122907182371 0.35115373949682405
0.08027124058107526 0.04089561773392203 0.08630715068367467 0.792525991001328
0.12439927261944772 0.3493784595695515 0.26901092926566916 0.2572113385453316
0.09881989277412462 0.19957001226427196 0.4442883508490527 0.2573217441125507
0.28017767620895917 0.20840214758323172 0.05277736144699596 0.45864281476081314
0.17700318420093308 0.16889505192966425 0.5270240903341182 0.12707767353528443
0.049258337041838685 0.23461634852061897 0.231050733497691 0.48507458093985134
0.028892129419524015 0.1896909685540945 0.6885251887734245 0.09289171325295698
0.03831346132904856 0.7076048067429348 0.011636505594746716 0.24244522633326993
0.23126821532398023 0.2047728281077258 0.44484484229248533 0.11911411427580865
0.6583601356971469 0.11002294683358427 0.16897397467117403 0.06264294279809479
0.15440627625138936 0.2818933709161493 0.4602908768734745 0.10340947595898686
0.10585912409930998 0.30768629401798175 0.25265140980845446 0.3338031720742538
0.04358966764039274 0.11904578793719411 0.5171995460467166 0.32016499837569656
