99 10 4 26.29731764405433 52.59463528810866
7.050507027677126 5.392705593165253 8.429456566323067 1.2830174886366832 8.27244967028363 6.0905567764947754 3.6786024883354957 1.4202614845625794 9.915646595237165 1.0614315973928967
1.4101014055354253 1.0785411186330507 1.6858913132646134 0.25660349772733665 1.6544899340567258 1.218111355298955 0.7357204976670991 0.2840522969125159 1.983129319047433 0.21228631947857934
0.37743893633496517 0.3923540918549746 0.15915536390563945 0.07105160790442078
0.09361309329775258 0.11807369229161091 0.7622695112395965 0.02604370317103999
0.2922691159591616 0.35256558564414997 0.1832078646034998 0.17195743379318862
0.14401099890768465 0.2676522399352538 0.06499291561292153 0.52334384554414
0.1675466277143035 0.06749715381023114 0.6636004055478651 0.10135581292760021
0.524876839962013 0.017210858855909117 0.25857046482848856 0.19934183635358937
0.25263223015238256 0.21360590455745965 0.08314028310622967 0.4506215821839281
0.2037283479831944 0.22906098720791268 0.5063880876942046 0.0608225771146883
0.40995853614205446 0.4413854545297311 0.12510733154507458 0.02354867778313985
0.29306511293389037 0.010868090849725842 0.3326868989278424 0.36337989728854136
0.3954540443458203 0.09869340789515557 0.25261964875332377 0.25323289900570034
0.5244147153752401 0.029931069215445305 0.25896262819144356 0.18669158721787105
0.09518162193353041 0.12639574979604729 0.5945649882576105 0.1838576400128118
0.07761383660001486 0.019251424662652283 0.11533091405288987 0.787803824684443
0.0065530026811640996 0.5456814241964991 0.3766437566180727 0.07112181650426408
0.0417585312942399 0.598384009220085 0.19477631117628547 0.1650811483093897
0.264091169854872 0.11324261739052477 0.5909397255298872 0.03172648722471605
0.7161129519222669 0.12138064065298781 0.07796890640459031 0.084537501020155
0.0790466853113343 0.5625234154621294 0.06371825847339352 0.2947116407531428
0.16001007403150314 0.045376636835141926 0.5131196689111814 0.2814936202221735
