12 10 4 25.937977358391638 51.87595471678328
2.387465581417051 7.6604472686386424 3.369835136666212 5.80365454042268 1.131174662368777 9.268723072898965 9.10643368705311 1.3007928486371014 9.612544026476051 2.234883892204688
0.47749311628341023 1.5320894537277285 0.6739670273332423 1.160730908084536 0.22623493247375542 1.853744614579793 1.821286737410622 0.2601585697274203 1.9225088052952102 0.4469767784409376
0.002259233518513537 0.2815691194394323 0.6603967830950963 0.05577486394695785
0.5520376332645666 0.2125228170743122 0.0035737037255435533 0.23186584593557769
0.13521017836911686 0.17468740612091238 0.16133219375998487 0.5287702217499859
0.28958678353055356 0.045060745575502215 0.3679748261491905 0.2973776447447537
0.40664030180666166 0.21794180992869072 0.14289353888513634 0.23252434937951127
0.1775641759378893 0.22306745142378426 0.018618642897432647 0.5807497297408938
0.08427266973184566 0.37887619999550026 0.0023592304451650614 0.534491899827489
0.055019993340200135 0.24515006648378646 0.3360299340088809 0.3638000061671325
0.11360171953981701 0.30276793775479316 0.15603485823499919 0.42759548447039064
0.5065560756680948 0.1351220160173281 0.2530649822424679 0.10525692607210924
0.5212260272202929 0.08485715713853603 0.24665235675045605 0.14726445889071504
0.020809797952066167 0.13990695517350393 0.3246606605371396 0.5146225863372903
0.11627301740168983 0.5551796278103128 0.1447156528340242 0.18383170195397314
0.32756947626342303 0.4055565013492476 0.24493210140384825 0.021941920983481134
0.4513084114213143 0.3737008417934592 0.12530427148475187 0.04968647530047465
0.4240524465509987 0.5385444564768516 0.03254125731070823 0.004861839661441492
0.03516826147080476 0.33855488735311057 0.35879754931803476 0.2674793018580499
0.027907788861532556 0.19294473196735296 0.30239354994940637 0.4767539292217081
0.048218749825570395 0.22889846459962582 0.5263994362521801 0.19648334932262368
0.4614402600659552 0.03129704537055267 0.1130403876990771 0.39422230686441506
