39 60 4 174.6218340586112 349.24366811722246
5.922002405308192 8.181091191543448 8.383616919085432 2.09844880147181 6.418018061122942 5.729631250281253 5.175175652290616 5.243011699820642 6.694415585895983 9.330974924253972 8.339526241753976 9.499975771450039 9.276266278535857 4.733477167159189 8.432307660728354 9.516341069554752 6.652414479118475 3.2704281312661614 6.331158125425379 8.743634299656144 1.4360718846881837 8.693186925806375 7.481926157783402 3.6637609317132864 5.368658249615223 8.59847948207008 6.422420296133518 2.4143123768938946 5.734920225626897 2.6883751589341314 7.034023041696266 5.9387425565883465 2.407833136446336 9.392466147658407 5.886579288379228 6.873015066294205 7.042127736718234 8.370507017298994 1.122028593367189 8.630603030013852 4.915646947028501 5.297112669222001 7.437375832089869 8.561722152741286 2.0192769030259945 6.511259805722082 2.9922163279266716 1.357508138291173 3.5259119690916387 3.64287632618698 2.201414823846552 7.506651473856334 2.8305797229755636 8.117663388002235 7.5060717639628205 4.1198245581613095 2.9730437702913664 3.112566428892506 1.9840858938369546 9.458906202621947
1.1844004810616384 1.6362182383086896 1.6767233838170863 0.419689760294362 1.2836036122245884 1.1459262500562506 1.0350351304581231 1.0486023399641284 1.3388831171791966 1.8661949848507944 1.6679052483507952 1.8999951542900078 1.8552532557071715 0.9466954334318378 1.6864615321456706 1.9032682139109505 1.330482895823695 0.6540856262532323 1.2662316250850758 1.7487268599312287 0.28721437693763674 1.7386373851612749 1.4963852315566804 0.7327521863426573 1.0737316499230445 1.7196958964140159 1.2844840592267037 0.4828624753787789 1.1469840451253794 0.5376750317868263 1.4068046083392534 1.1877485113176693 0.48156662728926725 1.8784932295316814 1.1773158576758456 1.3746030132588412 1.4084255473436467 1.6741014034597987 0.22440571867343778 1.7261206060027703 0.9831293894057002 1.0594225338444 1.487475166417974 1.7123444305482571 0.4038553806051989 1.3022519611444163 0.5984432655853343 0.2715016276582346 0.7051823938183277 0.728575265237396 0.4402829647693104 1.5013302947712668 0.5661159445951127 1.623532677600447 1.501214352792564 0.8239649116322619 0.5946087540582733 0.6225132857785012 0.3968171787673909 1.8917812405243892
0.5411800162429459 0.3276894539813595 0.01770763794843877 0.11342289182725585
0.31815538716099034 0.6297935512628522 0.028343772114895693 0.02370728946126177
0.3077583769093687 0.10353338380971977 0.5392089795559732 0.049499259724938294
0.0908245617633181 0.6316160876587217 0.11167179596953525 0.16588755460842497
0.30867440877913765 0.17225476774934734 0.4008700046301634 0.11820081884135158
0.011519220430084354 0.5097306906812321 0.43257601373458265 0.04617407515410088
0.3425843014914942 0.15038851141690845 0.3774239915871652 0.1296031955044321
0.03288953333391487 0.6166518320747916 0.1576798299392106 0.19277880465208297
0.15915484144645686 0.3034413260386869 0.46058805974220085 0.07681577277265539
0.0467470253531852 0.3470790789917153 0.5472821842843199 0.05889171137077964
0.33429111615661433 0.05290264880673412 0.29061674158538287 0.3221894934512687
0.5291465414236582 0.03815140258309235 0.34644648829735347 0.08625556769589593
0.14618543855534272 0.2759128105152783 0.1799381500631736 0.3979636008662054
0.25617198938335595 0.3796327275560816 0.3460664353335652 0.0181288477269973
0.6669642428976391 0.16899986787745003 0.012473993877428757 0.1515618953474821
0.2504383454445074 0.057628949745541225 0.6845998714140741 0.007332833395877314
0.1688753210093794 0.03415523658135455 0.5181920590813672 0.2787773833278988
0.22989237861318845 0.16830835552218337 0.5555695195463805 0.04622974631824772
0.4635165288407693 0.022503490805744764 0.358207604998796 0.1557723753546899
0.24828928580664844 0.432449766314832 0.12055628439762267 0.19870466348089688
0.1360602539335347 0.10799174078226559 0.05000132125310386 0.7059466840310958
0.2654697032801968 0.3327821748972202 0.07561043905423837 0.32613768276834465
0.22861205646290272 0.7208793987701828 0.04869753235592644 0.0018110124109880221
0.3182250470105832 0.1959881423421379 0.13599302508961142 0.3497937855576675
0.19927185245437606 0.2887588340193705 0.03130028928118911 0.4806690242450643
0.1942905158906546 0.36984147522536703 0.2315465899022463 0.20432141898173206
0.40097893716514976 0.07338523153589716 0.04871118134030228 0.4769246499586508
0.0557090044127595 0.6477784936425004 0.21981836671813715 0.07669413522660296
0.13361480256613933 0.04106535911352127 0.0955287993550914 0.729791038965248
0.02999837511736536 0.02906390928250424 0.05531001757998388 0.8856276980201465
0.24318013848207587 0.3776422571523481 0.2844154760831368 0.09476212828243924
0.05203473770228795 0.4767665367845295 0.1198899181161418 0.35130880739704073
0.3664204955188478 0.4189959862566637 0.11481670957409496 0.09976680865039356
0.0642721617873192 0.38510982846170017 0.4207944130617476 0.12982359668923305
0.11758695526862739 0.7616833825802113 0.07666803172495462 0.0440616304262067
0.21680859269846198 0.6802751539626763 0.0634154622720412 0.03950079106682047
0.337718103119369 0.07514483351554235 0.4840592124837564 0.10307785088133226
0.5297975441376163 0.010347809137275843 0.17843385379527132 0.28142079292983657
0.11162199140405527 0.44614129256865576 0.22850862417150652 0.21372809185578245
0.22558007367438904 0.5372779078820739 0.16049031537876834 0.07665170306476876
0.053845935353760366 0.40405232359518606 0.09240765243062243 0.44969408862043114
0.27098152568712974 0.21162950876079656 0.4480409990712879 0.06934796648078578
0.16434929831599476 0.5533672137471335 0.1613017214915744 0.12098176644529735
0.2488598540065896 0.25828395744506316 0.41537345836501305 0.07748273018333418
0.061062327937558836 0.8087416612374436 0.07320795889823861 0.05698805192675893
0.3365869359920518 0.2885752178114859 0.189035350945032 0.18580249525143033
0.14249927543617324 0.0648623885219799 0.6467321805921796 0.14590615544966723
0.2147882397911588 0.6735918684835411 0.026367108012454343 0.08525278371284573
0.3125975509591308 0.13178185059403202 0.48536314072131304 0.07025745772552416
0.21728588393513082 0.08279045867117518 0.6043555693455269 0.09556808804816708
0.03088256404034717 0.5521734334949573 0.043029076256530185 0.37391492620816535
0.5019518186333914 0.19958647043503763 0.29834288636367945 0.00011882456789147344
0.17863278585084807 0.16215553142685424 0.48503750921888156 0.17417417350341613
0.24982898449034285 0.2176573616060029 0.5126288999080124 0.019884753995641824
0.07129106290178033 0.05184233501353375 0.7649315737944007 0.11193502829028523
0.16105973083627023 0.0022486183394454518 0.5409440221166778 0.2957476287076065
0.17265482961071876 0.17067843256902004 0.22432748481384612 0.43233925300641507
0.23769514802253222 0.1722383245159027 0.29410680894132446 0.2959597185202406
0.4564287255778271 0.0038461183357496598 0.1032322738329442 0.43649288225347904
0.21134138624448262 0.369867521983795 0.0003323217461683736 0.418458770025554
0.013636860110358584 0.2878187807415835 0.5943691073103876 0.10417525183767029
0.01607688827247833 0.28236803754578643 0.515953938303183 0.1856011358785522
0.33999991104526905 0.09841304826177921 0.2523531335625162 0.3092339071304355
0.11435661244016126 0.6047746571615199 0.2315055554993115 0.04936317489900732
0.5675540848731845 0.13629769126161662 0.09274713769081022 0.20340108617438868
0.4017813542114521 0.1615237738899602 0.21433618757974904 0.22235868431883865
0.3277816179429439 0.2682438740593003 0.0512203050969714 0.3527542029007844
0.04912258805601377 0.2208722164552953 0.6354344055618095 0.0945707899268814
0.16843821282748472 0.1907837361397423 0.20348516998385247 0.4372928810489205
0.39876265903467123 0.36277345489133417 0.02447144304936022 0.21399244302463438
0.16921891214984552 0.005093933290440167 0.6714135202165559 0.15427363434315844
0.4381962319751088 0.2942956132102007 0.25152506164822364 0.015983093166466844
0.10296695459087479 0.09764066285760242 0.044717306039149696 0.7546750765123731
0.08073652364191242 0.032525568072183764 0.21053118993718556 0.6762067183487183
0.32551381866326934 0.4807526557897952 0.006753796986062821 0.18697972856087264
0.7473334785738057 0.20475120508142608 0.011151003175679852 0.03676431316908835
0.24848229413241063 0.022337153138226262 0.16194498400843205 0.5672355687209311
0.3987183435894226 0.041492507642766796 0.12032651221308432 0.4394626365547263
0.3267620341546601 0.24590846566662294 0.10809578902916939 0.31923371114954757
0.4563701888209881 0.014752338321853187 0.26824174816369917 0.2606357246934595
0.06299893461740802 0.5414066933369002 0.3603318452619375 0.0352625267837543
0.2753988923225884 0.3598989266348327 0.16403794463792043 0.20066423640465847
0.2807218862171942 0.3004973473445378 0.2914949774704727 0.1272857889677953
0.23745666867329795 0.14130028971004505 0.33892340970415635 0.28231963191250065
0.1424651833393632 0.46728101139247946 0.029950045752816012 0.3603037595153413
0.24040050931851886 0.19399672287748115 0.48374148311269816 0.08186128469130183
0.14692497933569204 0.6410885193094947 0.12799387049850397 0.08399263085630926
0.4519830052125958 0.013765029947986673 0.42475360299348275 0.10949836184593476
0.02326790375350485 0.727616962858213 0.02654595412625671 0.22256917926202546
0.20772277076735923 0.34441041286415786 0.07411426452557646 0.37375255184290646
0.4111684578429936 0.1149210736262205 0.06334945095085787 0.410561017579928
0.47654216845123953 0.14155564156276745 0.28976121553286116 0.09214097445313185
0.293894687802156 0.187127144866699 0.5138651200426251 0.005113047288519912
0.10482620415410093 0.7075651236314275 0.12070856429151311 0.06690010792295842
0.3126587202791241 0.382764466824828 0.26367616540013716 0.040900647495910714
0.17336221305367228 0.11534482238881882 0.17247551882442946 0.5388174457330794
0.5504455327546051 0.12053989156765621 0.2625954200817734 0.06641915559596534
0.7177808731869403 0.22923741982388535 0.049391334507990825 0.003590372481183546
0.034017329438797206 0.14910744179328428 0.7662833508600783 0.050591877907840255
0.6727155701864239 0.13279456231916598 0.14218415445575017 0.05230571303865994
0.08672249854586689 0.23294890038924676 0.14017911386341253 0.5401494872014738
0.07672116646537086 0.2584462368917999 0.1877355918497018 0.47709700479312744
0.42505592049643615 0.1692095419074875 0.29137160037587273 0.11436293722020363
0.14381302363533754 0.17513066031953883 0.26190049360275314 0.4191558224423705
0.5640606043013233 0.008599488358341123 0.20935818926993577 0.2179817180703998
0.17971482553428808 0.17426689743253387 0.1953042781938482 0.45071399883932983
0.37856078285468275 0.017843867260671886 0.5961744773518151 0.007420872532830303
0.010679571004913235 0.35287886136808677 0.060767268063814495 0.5756742995631855
0.18975898515926193 0.37071881612663315 0.29202009923671357 0.14750209947739135
0.09269594274247206 0.5750608501149153 0.3314456565934918 0.0007975505491208956
0.5773043926124289 0.22461633343174325 0.0039814001238319685 0.19409787383199584
0.15004451284607379 0.20802386085206126 0.0507089047278283 0.5912227215740367
0.6164064953595932 0.08014876946030747 0.21086585195408292 0.09257888322601637
0.1666905476280769 0.046832466074689605 0.38860729757966905 0.39786968871756445
0.1701978923465155 0.27160008469063224 0.1583639176592837 0.39983810530356856
0.8657162289686504 0.02403448414142262 0.011513686985258342 0.09873559990466863
0.08103354376529082 0.36326255147198383 0.4974076166295811 0.05829628813314425
0.21125309242493484 0.4795555701180776 0.1356308752227483 0.17356046223423927
0.029761423438034007 0.6771321319643822 0.06982058846385297 0.22328585613373086
0.2185302330725254 0.19256694232699556 0.4793697183498601 0.10953310625061896
