53 30 4 78.70500385054429 157.41000770108855
8.619961664891205 6.050489862385308 5.0938786216517755 4.169574223227656 6.272662457213536 5.821747698457682 8.447106491014114 3.38087978849831 5.305411552048442 4.130065205611497 2.2103049007807636 3.339796153087532 1.4287120855235718 4.5486397425617 4.3445457287939035 6.010596309569885 9.077450989308922 2.506112983057456 4.664857778468439 6.871180049008759 6.10974172142318 6.098669704135352 5.719195896441829 6.468220218530286 2.154050866208927 2.703930657802437 4.970688575997325 8.758306914450621 9.072863598917468 3.0603652620207087
1.723992332978241 1.2100979724770615 1.018775724330355 0.8339148446455311 1.2545324914427072 1.1643495396915364 1.689421298202823 0.676175957699662 1.0610823104096885 0.8260130411222993 0.4420609801561527 0.6679592306175064 0.2857424171047144 0.90972794851234 0.8689091457587808 1.2021192619139769 1.8154901978617843 0.5012225966114912 0.9329715556936877 1.3742360098017516 1.2219483442846362 1.2197339408270704 1.1438391792883658 1.2936440437060572 0.4308101732417854 0.5407861315604874 0.994137715199465 1.7516613828901242 1.8145727197834938 0.6120730524041418
0.4257340929083312 0.04054676338069285 0.3596152141827531 0.17410392952822284
0.24571738644677066 0.05855838318895379 0.6370683403097853 0.058655890054490234
0.028354863135044206 0.20444055702922903 0.034889484388627934 0.7323150954470988
0.2534207358069078 0.4723617388167006 0.10101084439291541 0.17320668098347614
0.06041968731298797 0.474045935734857 0.31949815935355574 0.1460362175985993
0.3606660874050185 0.37088903334155277 0.20954789254464246 0.05889698670878629
0.6335778317051943 0.05769703543947058 0.24950587208673702 0.05921926076859807
0.6341905911142939 0.07377630808507718 0.16403717527192907 0.12799592552869987
0.061007727627951924 0.15039736257570702 0.2662569826613852 0.5223379271349559
0.19305661056939638 0.6817392291292351 0.02297065444522184 0.10223350585614666
0.17687895631620887 0.15232384224739492 0.539059920075622 0.13173728136077423
0.26713228938649747 0.09267777513886799 0.36021873052846043 0.2799712049461741
0.2617955264960272 0.0013628272772189254 0.2745377049655716 0.46230394126118224
0.34448871919012114 0.2373453944056555 0.40845379333227483 0.009712093071948535
0.12515870156566056 0.5350327292177663 0.07717923551876471 0.2626293336978084
0.08749118198344952 0.5026771893856067 0.38830346314109554 0.02152816548984826
0.44600788927616486 0.007117966660962649 0.11062964443412682 0.4362444996287457
0.6179676557752026 0.02560970546774821 0.12425030091497136 0.2321723378420778
0.5167228887050396 0.052213449232924036 0.1575100897567846 0.2735535723052518
0.4921961509586117 0.21733423838133703 0.2217243317608527 0.06874527889919857
0.26719864087920586 0.03540935922222499 0.1802033925396137 0.5171886073589554
0.10634003089692767 0.10106340967095939 0.27810512266334797 0.514491436768765
0.053292222327243066 0.04123166512297205 0.016558119802019378 0.8889179927477655
0.5260592016229927 0.12286709625261971 0.016666800913987534 0.33440690121040006
0.33756527798899216 0.09765970401450885 0.5083658074523651 0.056409210544133837
0.4270718144523934 0.20277676709906478 0.23195005429039162 0.1382013641581502
0.34068453091441464 0.3650086187005195 0.04137313498899309 0.2529337153960728
0.23530377311169337 0.15256617000582984 0.034553234324373294 0.5775768225581035
0.39013225081456804 0.1737725678713119 0.2541164758554423 0.18197870545867778
0.4115581540978617 0.2641971965646105 0.06226874000275762 0.2619759093347702
0.4705613463733046 0.23435425953659272 0.26508851524343335 0.02999587884666932
0.14910093177636907 0.5619787199736478 0.06610028135312374 0.2228200668968594
0.22084660170744308 0.2750385535797052 0.3708104318484271 0.13330441286442463
0.05006364211759373 0.29882147580160245 0.47016464714754735 0.18095023493325646
0.1602646154425389 0.23402853492411246 0.3033798147092174 0.30232703492413127
0.030902080819037003 0.01183732590379405 0.08682400599611606 0.8704365872810529
0.7275871193009077 0.09990079429792209 0.007946112388557358 0.16456597401261286
0.5466594999062349 0.08994765687420525 0.2591033250251774 0.10428951819438248
0.6848339185670589 0.016511754055278383 0.009587905440260003 0.28906642193740273
0.540692831479374 0.036689321818086595 0.10206697644657592 0.3205508702559635
0.4803251208243977 0.07725392827089916 0.11325085581286343 0.3291700950918397
0.30113836296867313 0.292366892645349 0.35542207541249604 0.05107266897348184
0.37156293639456317 0.2038110210604217 0.33245056744519197 0.09217547509982316
0.19681160213978166 0.3479765897534489 0.060234280560649944 0.3949775275461195
0.050810151116937985 0.5340280275395543 0.28096640011812324 0.13419542122538453
0.08392991171969799 0.09013836664261998 0.16914035611317368 0.6567913655245083
0.35735849603692615 0.234874388667639 0.2293656717131155 0.17840144358231935
0.5830951536602987 0.09360696481891995 0.24870038533862826 0.07459749618215306
0.43906717804613604 0.20320317814315558 0.21631832777196247 0.1414113160387459
0.3290894003956325 0.05879296213386087 0.20306296850866346 0.40905466896184317
0.2406055957713601 0.2346160090266386 0.17208801703317633 0.352690378168825
0.2511524325195146 0.3356593342168833 0.13895478361682978 0.2742334496467723
0.6160228382104662 0.20782088986408387 0.1582089309771222 0.017947340948327728
0.08732178649683475 0.009169316454332943 0.7592968111356905 0.14421208591314183
0.22799185775650044 0.03365107879361229 0.6268007265682841 0.11155633688160316
0.08693429874597536 0.240480938426736 0.6364618648634028 0.03612289796388579
0.08699079779686991 0.8001336373431898 0.0704063462426876 0.042469218617252724
0.022474812312774484 0.540146087746168 0.14013653301831108 0.2972425669227464
0.7009306037675807 0.01888635440786246 0.15213369922671893 0.12804934259783796
0.00845634746158852 0.8776512370643871 0.046325548280651274 0.06756686719337313
