77 20 4 55.14915966225294 110.29831932450588
9.271981286192636 6.779760399314699 7.78341006756259 2.2538311129246154 1.7858759319064006 8.092018522328427 3.9353584333103995 5.869610393283709 3.1621165828120543 5.908806330183144 4.604990533119003 7.436726985517812 8.530119469730753 6.296330282920146 3.6653910763002364 3.5291592158856777 7.350375201916863 4.803367871707769 1.5158438672248553 7.723245760364094
1.8543962572385273 1.3559520798629399 1.5566820135125181 0.45076622258492305 0.3571751863812801 1.6184037044656854 0.7870716866620799 1.173922078656742 0.6324233165624109 1.1817612660366288 0.9209981066238007 1.4873453971035624 1.7060238939461505 1.2592660565840292 0.7330782152600472 0.7058318431771355 1.4700750403833727 0.9606735743415538 0.30316877344497106 1.5446491520728187
0.049376999314487025 0.01742213177697427 0.38551388196783554 0.5476869869407032
0.06377152408065623 0.3004008893623604 0.1825379262728991 0.45328966028408424
0.03606131000291102 0.2372313731270731 0.3710770715809333 0.3556302452890826
0.3532450981171027 0.09231081189878165 0.2838380990375007 0.27060599094661497
0.1294506297724709 0.1325497115620703 0.6327548979595122 0.10524476070594657
0.43477497268288456 0.5049900622844729 0.007528886033176696 0.05270607899946589
0.13474393062097323 0.45432816642953955 0.12063148094592002 0.2902964220035672
0.14481444821771017 0.7126314401799771 0.14118671518347814 0.0013673964188345433
0.4534082266242594 0.08856940612367392 0.09654454808987267 0.361477819162194
0.2770886884732112 0.23788557963583834 0.30154917551653293 0.1834765563744175
0.01192155358275615 0.4085054499834203 0.3660441780904784 0.21352881834334514
0.053153112317169016 0.22799754873910272 0.5445670872876445 0.1742822516560838
0.10036080873450193 0.6450165654143698 0.14825198547824736 0.10637064037288091
0.3124782869770458 0.24908781370067534 0.3476734422113109 0.09076045711096792
0.01447453844780433 0.19917617167860857 0.05979208506587086 0.7265572048077162
0.1603909008190777 0.7014549095087814 0.005018981099955688 0.1331352085721852
0.4228071934122273 0.054146598215703445 0.4492268239823005 0.07381938438976876
0.2349904981777623 0.15680428454168815 0.5289504870752345 0.07925473020531504
0.026819636699749072 0.538968710168917 0.15358857988552244 0.2806230732458115
0.247322610822856 0.2510911078692528 0.29305465503797545 0.20853162626991573
0.17577473803132437 0.11670060066363042 0.4586811472961697 0.2488435140088755
0.1519715256925609 0.27993679371921054 0.011384718190562193 0.5567069623976664
0.10754107880259256 0.06144414047024915 0.6539079719566636 0.17710680877049467
0.31223505833115306 0.0734685997844533 0.5913490033183009 0.022947338566092768
0.30948318615494275 0.11268817007865006 0.3611022389409646 0.2167264048254426
0.254772948088709 0.11226992507184075 0.5500506811987695 0.08290644564068073
0.049976404839687016 0.2769222038181848 0.17960733444883192 0.4934940568932963
0.2576384903723663 0.061817175235857946 0.364518086432404 0.31602624795937173
0.11232380884068305 0.21956849314226456 0.5357298757919474 0.13237782222510497
0.22093164634781437 0.3051561215769536 0.3783328637357821 0.09557936833944991
0.05972078070924791 0.42182611527931513 0.4674676070477979 0.050985496963639076
0.2596390482071086 0.14499793906682634 0.5386660537885227 0.05669695893754234
0.20228926948995807 0.3707537960459949 0.027717412980091227 0.3992395214839558
0.7710535361311034 0.11977809722656885 0.04774612905437303 0.06142223758795473
0.2485007122242413 0.03984368408848149 0.3207685800415928 0.3908870236456844
0.056531631540942984 0.20260896785940552 0.16738925479038358 0.5734701458092679
0.45268428506749203 0.24801498583098847 0.035296783894852135 0.26400394520666737
0.027818070849014997 0.051726280173815864 0.27969757365605075 0.6407580753211184
0.09880201298166347 0.1960865531508298 0.40694252460745806 0.2981689092600487
0.26278232187865447 0.04140503718166699 0.07408147007350341 0.6217311708661751
