91 100 4 272.2577497607394 544.5154995214787
2.809032365061765 3.961184198429638 3.668497198309649 1.8400030163269108 3.997709312479151 7.527004665507592 6.871264695281681 5.543650856231832 9.52597617044255 6.646614205474785 9.930577067803348 1.6850911985407744 4.083476743902304 3.7624196263974916 7.391841710779962 9.255857890397092 1.7281603043361176 1.5654990889671965 6.239514704393875 7.022784004741621 1.0840724434387754 4.797339299573025 4.558522886383759 1.6588365500516775 7.932684439033219 2.70423327881309 5.212069795272207 6.865736755619059 1.0734424413987118 1.6117750856418167 7.722371565280438 2.4172319190468725 5.813231621155598 7.086487268805586 5.675997480273958 5.674602708190234 5.191853964169831 3.20183207317951 9.203859744434727 1.9690681560482144 5.335829388056576 7.738385923319869 4.464924487867252 7.7674672230475945 7.836709061089035 3.5912481547588526 7.060882163706293 2.5801647619151615 7.0476265885818 3.668710661936388 5.5897254872680255 3.283928775209934 5.7827433424972785 2.271211911116467 6.542367273539708 5.2335410574666055 9.558075711140454 4.221249769172198 9.828656680613973 8.326874608659288 8.873606453552302 3.92582353175197 8.721429786707072 7.067307056164964 1.7821426608578261 8.562953150233508 9.208759601432675 5.419722843149205 5.865983420330732 6.669558126974255 3.0821152655225483 2.6442130949839444 5.225122404985202 8.476127950006834 4.549873418046005 8.305528659653746 4.989033945498381 5.853804947572947 6.5897402354126955 2.932136122548569 9.654084569237838 7.995817120798727 5.835714920509167 1.348557095404884 2.3049495499116572 4.197539481508478 9.401209843612321 3.753115044068376 4.040984233894934 3.901538451914666 4.002851035143397 7.6457192250839405 8.993460954736562 2.843645495627025 8.925284354400407 9.950001867534542 9.968681694121075 1.3701887941648354 1.7523875052188624 3.643054078623236
0.561806473012353 0.7922368396859276 0.7336994396619299 0.36800060326538214 0.7995418624958301 1.5054009331015183 1.3742529390563363 1.1087301712463664 1.90519523408851 1.3293228410949571 1.9861154135606696 0.33701823970815487 0.8166953487804609 0.7524839252794984 1.4783683421559926 1.8511715780794185 0.34563206086722353 0.3130998177934393 1.247902940878775 1.4045568009483242 0.21681448868775507 0.959467859914605 0.9117045772767518 0.3317673100103355 1.5865368878066437 0.5408466557626179 1.0424139590544415 1.3731473511238117 0.21468848827974235 0.32235501712836334 1.5444743130560876 0.4834463838093745 1.1626463242311196 1.4172974537611172 1.1351994960547915 1.1349205416380468 1.0383707928339663 0.640366414635902 1.8407719488869454 0.39381363120964286 1.067165877611315 1.5476771846639736 0.8929848975734505 1.553493444609519 1.567341812217807 0.7182496309517705 1.4121764327412587 0.5160329523830323 1.40952531771636 0.7337421323872776 1.1179450974536052 0.6567857550419868 1.1565486684994557 0.4542423822232934 1.3084734547079415 1.046708211493321 1.9116151422280907 0.8442499538344397 1.9657313361227946 1.6653749217318576 1.7747212907104604 0.7851647063503939 1.7442859573414142 1.4134614112329928 0.3564285321715652 1.7125906300467015 1.841751920286535 1.083944568629841 1.1731966840661463 1.333911625394851 0.6164230531045096 0.5288426189967889 1.0450244809970404 1.6952255900013669 0.909974683609201 1.6611057319307492 0.9978067890996762 1.1707609895145894 1.317948047082539 0.5864272245097137 1.9308169138475677 1.5991634241597454 1.1671429841018335 0.2697114190809768 0.46098990998233147 0.8395078963016956 1.8802419687224643 0.7506230088136752 0.8081968467789868 0.7803076903829332 0.8005702070286794 1.529143845016788 1.7986921909473126 0.568729099125405 1.7850568708800814 1.9900003735069085 1.993736338824215 0.2740377588329671 0.3504775010437725 0.7286108157246473
0.7798833996909674 0.06199630854648153 0.12565662808686606 0.032463663675684984
0.00667162744288885 0.36453198295581546 0.48530377880758524 0.14349261079371045
0.21246728650361646 0.24598661551165213 0.3237242196057919 0.21782187837893952
0.056197210275942044 0.5956372307729848 0.33383759124007606 0.014327967710997092
0.2858615214835287 0.6811642310746372 0.013981065059047948 0.018993182382786133
0.7801440261493278 0.053231369067978096 0.025394445746973915 0.14123015903572023
0.0857360347488082 0.6661043346452784 0.09763381897880274 0.15052581162711065
0.20973549861996654 0.6726385384545156 0.020332270100220873 0.09729369282529698
0.060320570911529314 0.1525316469774456 0.08569747104370107 0.701450311067324
0.17290615478234062 0.006450711653263497 0.5509792667691437 0.2696638667952522
0.10808519537158412 0.7505408651637797 0.023173075374269936 0.11820086409036623
0.32870256213372995 0.4217250597508042 0.1979096006153116 0.051662777500154244
0.12414516340189807 0.6142314690889643 0.24776567833865115 0.013857689170486465
0.30971274211822986 0.4659020451889988 0.054782643687493415 0.16960256900527793
0.6551792018150759 0.029678486924495262 0.20371581269080008 0.11142649856962872
0.10103209542755143 0.43067962403783855 0.13073829491642996 0.33754998561818006
0.12696763384686638 0.11012942540255699 0.5410116820824042 0.2218912586681724
0.10261172571013388 0.24302222679997587 0.5825736133062589 0.07179243418363135
0.6491733168521117 0.01874895291587486 0.23144918643688384 0.10062854379512964
0.6598552060845706 0.04370715559721894 0.2855971254997942 0.010840512818416248
0.0056174339966957865 0.34617991761257194 0.14590583471668095 0.5022968136740513
0.16429250712478483 0.5754872812480181 0.06651383567898617 0.19370637594821094
0.4540930680879157 0.008180687773716278 0.2280388326372561 0.3096874115011119
0.30871186790210436 0.20291207797074684 0.4608530930599758 0.027522961067173002
0.060669422234535864 0.11365191638756589 0.4563487998744732 0.36932986150342506
0.4490429475676059 0.29803112780694674 0.0428158144781019 0.21011011014734549
0.4987693657659472 0.27293667945836586 0.15381791399429146 0.07447604078139547
0.0029511055127350305 0.24709102792660054 0.34430557809075657 0.40565228846990786
0.2111822783803199 0.09103792061156635 0.34613047685102416 0.3516493241570896
0.2662001252577172 0.3720730854657026 0.29844799177241643 0.06327879750416376
0.15353799142594382 0.5856787579813889 0.24150429999533696 0.019278950597330313
0.06134471763566418 0.5437542204580417 0.1602679483887256 0.23463311351756855
0.23117915549087575 0.37907792199560697 0.0974969341496561 0.2922459883638612
0.08221266709444619 0.4149327768780139 0.39481202774484747 0.10804252828269245
0.1136005869004677 0.06398800184955555 0.2747476515934294 0.5476637596565473
0.17981215201428058 0.20420713512774158 0.21058950412002664 0.4053912087379512
0.7114381194535989 0.08625610829160357 0.16343935628720818 0.03886641596758933
0.08944739226318588 0.2793725288686665 0.2967266099377338 0.33445346893041383
0.5729578548161625 0.16662265566135626 0.1463414422439543 0.114078047278527
0.13324348714359802 0.5736489622662687 0.11208309458336152 0.18102445600677175
0.14245399904253375 0.15079917385845654 0.6567596761418386 0.0499871509571711
0.09778112004480188 0.15731081742388586 0.5981917965025404 0.14671626602877186
0.2780326184909132 0.23351644602190935 0.45893607632255085 0.029514859164626595
0.24195332301062678 0.08339934716659714 0.5928128733761222 0.08183445644665388
0.010832957510222507 0.4059320135307025 0.5087526337815071 0.07448239517756783
0.07224650340468897 0.20357477746197128 0.19220465829098687 0.5319740608423529
0.06875482983785275 0.5280814291845664 0.06319941775846094 0.33996432321911996
0.024911649787103807 0.4993610229557862 0.35784822466723154 0.11787910258987844
0.404697468429408 0.022371483522358848 0.22984477195070308 0.34308627609753006
0.25499639446499045 0.06020537476283194 0.6424040612241344 0.042394169548043203
0.06126860103257181 0.09344803230341914 0.7726621138374956 0.07262125282651344
0.43329019638826427 0.08560264650003624 0.21213708775483486 0.2689700693568646
0.18268247519508973 0.6441176072838917 0.019760708652279524 0.15343920886873907
0.023467683048905674 0.6341554835486671 0.18057527194809875 0.16180156145432845
0.3595138982356977 0.07575984468794417 0.03195409651458814 0.53277216056177
0.7565340495802465 0.0855317245605196 0.09448559265289325 0.06344863320634064
0.0348177525565011 0.40169800964413227 0.4959728838597869 0.06751135393957974
0.07861094040535455 0.7232365350672553 0.06270005817179725 0.13545246635559294
0.37619719708109933 0.3685362772727493 0.11580331224760121 0.13946321339855017
0.12395125583747968 0.1413108682310401 0.022229681124456446 0.7125081948070238
0.17343670890784213 0.15401523031209308 0.6537855644156989 0.018762496364365888
0.028331722708618834 0.15603991696717 0.16025565944350106 0.6553727008807101
0.012668941950362944 0.3462449086337729 0.5031439718719625 0.1379421775439017
0.2144722620555447 0.325428365896162 0.030087727150353127 0.4300116448979402
0.45597522767587173 0.4678216137986738 0.07099545585350653 0.0052077026719479225
0.5743354870343672 0.008295643983098455 0.3960468612130008 0.021322007769533524
0.5412292721067409 0.23052535815204478 0.119761735653097 0.10848363408811734
0.2179737011071905 0.22255856417154674 0.31648645127825237 0.2429812834430104
0.023558497843488513 0.22586269601222841 0.15456033605016328 0.5960184700941198
0.1933207583050024 0.18170593605282725 0.5166454408030947 0.10832786483907564
0.16029685124024462 0.11983477389010189 0.599880173408817 0.11998820146083644
0.2745663508318045 0.09174980982533698 0.08879866643794487 0.5448851729049137
0.0975865422874147 0.19197264032733474 0.06376788811480094 0.6466729292704496
0.575527928510577 0.290050460698806 0.05612169905038533 0.07829991174023165
0.20837841395530732 0.24381137945788944 0.48956290334587715 0.058247303240926085
0.04583525594314142 0.11212104687836455 0.24090787060023278 0.6011358265782613
0.13111001126842503 0.2821532117357798 0.45215313369455434 0.13458364330124084
0.24428605035056838 0.22922321956791736 0.3222106719978992 0.20428005808361505
0.49838371552554317 0.00573863306087008 0.4214872647747374 0.07439038663884934
0.5971780617910236 0.0725905696304543 0.11252065526929833 0.21771071330922376
0.2119177019885421 0.036277591378188534 0.004713000708783444 0.7470917059244859
0.25562965665007775 0.027401407057818128 0.3825181614713029 0.3344507748208012
0.017306412600591847 0.04572183211334824 0.8060585656657855 0.13091318962027443
0.26528794722453497 0.09910193607447226 0.16698646229848269 0.4686236544025101
0.011689618767232623 0.09788355340114319 0.7926661224882133 0.09776070534341086
0.10988747312679525 0.23785401184085297 0.5770771248164807 0.07518139021587111
0.3862208105645124 0.04103097876428563 0.02081161551015842 0.5519365951610435
0.01895643358277177 0.09612538473246723 0.007325160207157455 0.8775930214776035
0.15173221277144266 0.27170907172691083 0.33388322139684423 0.24267549410480227
0.08956773027399911 0.4765013661104428 0.42613114978333233 0.007799753832225753
0.0284952531656244 0.25179162933386523 0.31097895951071397 0.4087341579897964
0.03278834221900839 0.03265955084258243 0.646449073104951 0.28810303383345814
0.06020440534009097 0.0484474624397353 0.1923491920687782 0.6989989401513955
0.24736733332824845 0.22781139435997677 0.3736287375219123 0.1511925347898625
0.19836649452342736 0.38234316404013946 0.0607509141467627 0.3585394272896705
0.38195742171682046 0.19022184629917982 0.23436015009831335 0.19346058188568638
0.1379641340420903 0.1331850588532255 0.014193154661951812 0.7146576524427324
0.1314166363406566 0.3510845039750131 0.14254602756521706 0.37495283211911323
0.37922231302404064 0.17471924684324847 0.2164376557134049 0.229620784419306
0.027392328623439988 0.11910117109090401 0.0730164796762125 0.7804900206094435
0.23004964313185416 0.2236754802778922 0.3770032473587839 0.16927162923146977
0.22231921727781867 0.300584922560689 0.01538441460178186 0.46171144555971044
0.16798200618974624 0.006929201428497955 0.4031701611659283 0.4219186312158275
0.4491158865643673 0.049084150289645745 0.013967694920260176 0.4878322682257268
0.2317381143129743 0.4950890940603493 0.1287009619057775 0.1444718297208989
0.18863630752917915 0.2386169586546203 0.21435111470449775 0.3583956191117028
0.5319863554647375 0.27815772237863434 0.16591261838351956 0.023943303773108604
0.10181265009663354 0.608528688971018 0.09282979409542547 0.19682886683692302
0.0481245407112747 0.7297934698249764 0.028285115176002962 0.19379687428774595
0.29334505096214925 0.30877268737974306 0.2802767583270004 0.11760550333110731
0.20984858722067035 0.2889468985216441 0.23283874395251702 0.2683657703051685
0.14562490831821107 0.04506530321113855 0.7361725736616028 0.07313721480904756
0.1491924979164173 0.25840374362841 0.41999186100839603 0.17241189744677665
0.015925833322168792 0.08951581946432774 0.709093596964124 0.18546475024937947
0.1629555590088122 0.3989122660691483 0.008130402846399987 0.4300017720756395
0.6047362405573368 0.01956391547202907 0.3124422278810908 0.06325761608954339
0.06922442238008375 0.20183162772495422 0.1844536523336593 0.5444902975613027
0.26886995351197085 0.10654550095450943 0.3772969137614973 0.2472876317720224
0.21970079826383038 0.21048208388064737 0.31463822884474746 0.2551788890107748
0.1312701179364173 0.6020847463004914 0.00023196047828211164 0.26641317528480923
0.32099381397859694 0.11910445020601512 0.06330241823497107 0.49659931758041687
0.00800683480207054 0.3196882406246606 0.2244950065880763 0.44780991798519254
0.5463580957660619 0.1647352244236182 0.009480363073905429 0.2794263167364145
0.18288241690247686 0.0004170612383478378 0.10833799017766332 0.708362531681512
0.09908722964069971 0.1480335387731636 0.024686047720230753 0.7281931838659059
0.030095078100463635 0.49027962916756596 0.27241474472596716 0.20721054800600325
0.2777771857606286 0.03138742940603678 0.3796092941222765 0.3112260907110581
0.23223648626058635 0.17615280609931117 0.24861995597294873 0.34299075166715376
0.5776583619998489 0.020374015267806467 0.3669795213368017 0.03498810139554298
0.3508049637546171 0.06524885762027333 0.39490602334986225 0.1890401552752473
0.33282873190487605 0.41424444462811005 0.22402736074701268 0.028899462720001212
0.21339968512557872 0.38491615165025916 0.06564368249017849 0.3360404807339836
0.027173343514355186 0.6637499589515219 0.046336620076661394 0.26274007745746153
0.2655574249908097 0.34217284974956264 0.06294316013005807 0.3293265651295696
0.10455435307333316 0.0239802703993075 0.04026922299298552 0.8311961535343738
0.08770965880474801 0.40057589569038377 0.2578131716173455 0.2539012738875227
0.1201760362033274 0.3977078594411032 0.2105013284662488 0.2716147758893206
0.05826555250808296 0.14582446780607494 0.6729886539935551 0.12292132569228698
0.00015796791843170066 0.4968675779219305 0.4808088925308154 0.02216556162882244
0.011791546510440343 0.6338539852917767 0.28186306370433345 0.07249140449344949
0.5700340538346298 0.021430268890616277 0.2884863417557454 0.12004933551900854
0.3423066847706042 0.05251124495565962 0.1078750378213148 0.49730703245242136
0.2798879421648456 0.43817921127601867 0.23999238560675618 0.04194046095237958
0.14571713628348393 0.15614014097097295 0.5214945313204421 0.17664819142510102
0.23445801922591203 0.05039143557755377 0.18230726146466558 0.5328432837318686
0.15513276435911638 0.23874561796744798 0.23305192046096534 0.3730696972124703
0.02774848496914528 0.2690684970168863 0.29930419179042467 0.40387882622354376
0.062442579808149934 0.28291391221208795 0.27206118025136183 0.3825823277284003
0.020262320521807653 0.9365375218217636 0.04094899634022253 0.002251161316206174
0.3619558238490229 0.40513971174719343 0.17559291297178348 0.057311551432000174
0.13922135417741544 0.19252317666268937 0.21009628358835886 0.45815918557153634
0.25360464640154023 0.3096810441940695 0.19330869514338855 0.2434056142610017
0.4418230048682099 0.3619685355225851 0.028012517660555236 0.16819594194864973
0.08128572602006323 0.02916082173794754 0.43896451438905026 0.45058893785293896
0.3845403241575561 0.000851489010881723 0.5370735866479647 0.07753460018359748
0.7846764571113697 0.1047625079655965 0.08528754710935293 0.025273487813680884
0.2558731416529896 0.32287203999377767 0.4045385075805815 0.016716310772651233
0.07099045013761895 0.3456167310496111 0.4679953630223418 0.11539745579042815
0.4507791487731807 0.1129645051584478 0.41388269690894286 0.022373649159428632
0.0030414924859464287 0.20981279974534295 0.6726734225265709 0.1144722852421397
0.20611005690515138 0.19185324077593047 0.49889792932497057 0.10313877299394758
0.675393388718693 0.018204084879733573 0.10468270320738093 0.20171982319419246
0.08396526692213635 0.32598297014617894 0.1964055550940511 0.3936462078376336
0.2562220790051747 0.5857724409001844 0.0844271456264718 0.07357833446816908
0.12191487836818415 0.06320496150052324 0.7086851540102044 0.10619500612108823
0.08824667781629025 0.1955996093563287 0.20745733992073712 0.5086963729066439
0.3910801222027721 0.224754619650553 0.07065076595685649 0.3135144921898184
0.12593227782740946 0.017530476501728565 0.7129874234800582 0.1435498221908038
0.06517941710840469 0.31518705915422596 0.4014800161916252 0.21815350754574414
0.20856033027514043 0.09475508462221338 0.17125883527792107 0.5254257498247251
0.2280601542221048 0.019599155568110094 0.493906371244772 0.2584343189650131
0.2646818417454948 0.10647052060778062 0.46940876130075926 0.15943887634596532
0.27024022591125396 0.3803858063306842 0.025346647031165292 0.32402732072689655
0.14018099769703718 0.29060529212510355 0.5577248364684724 0.011488873709386893
0.6462840757965677 0.14539637349402312 0.03881960376567806 0.16949994694373116
0.7427937336639024 0.016961112050193572 0.06950858998732967 0.1707365642985743
0.39493044052813153 0.1437214312398465 0.23947621226612748 0.2218719159658945
0.254057150766701 0.4272071633216077 0.14203516660488413 0.1767005193068072
0.34873987372555215 0.04628954338787883 0.47064661638883365 0.13432396649773537
0.04331539655988481 0.6229237196456587 0.1633262907308103 0.17043459306364617
0.38580047272326734 0.4390574985938954 0.17499728423992233 0.0001447444429149014
0.19507782045962485 0.5224353631654262 0.07692907953740191 0.20555773683754708
0.02104324467967733 0.22234011351523175 0.0001572375142235849 0.7564594042908673
0.364368952192077 0.32657372325494005 0.24587711042152427 0.06318021413145869
0.19878658846196917 0.5174722985266254 0.0606116484780328 0.22312946453337268
0.04437050026639111 0.17173665229988688 0.38740667602451173 0.3964861714092103
0.6936939204928456 0.16115609229229888 0.10074763358375527 0.04440235363110023
0.26477950834075836 0.015386177014570013 0.5237357372669611 0.19609857737771053
0.550570023156297 0.27819173497927185 0.06732020569564634 0.10391803616878481
0.26001369519587003 0.05217191506883767 0.4235708381521316 0.2642435515831607
0.3843881732485459 0.1071427346701862 0.47489934856570637 0.03356974351556152
0.04449369116085122 0.0003867221044669966 0.5389563950166162 0.4161631917180656
0.15573643788759695 0.6058558693127901 0.014352750287898508 0.22405494251171443
0.054235520208479104 0.5221506869366932 0.025667608718440538 0.39794618413638716
0.04109248211554939 0.2666704285785526 0.27505498954606244 0.41718209975983556
0.17059012429812936 0.25958741799251706 0.0854536384713811 0.4843688192379725
0.5849746120407883 0.025031343010160967 0.35407208046656646 0.0359219644824843
0.004447433229323838 0.4251441772762308 0.004136694002175756 0.5662716954922696
0.7100348184748194 0.0026490694304811546 0.09627523838246488 0.19104087371223455
0.06466423968822099 0.11034188640001819 0.21893702549893124 0.6060568484128296
