45 80 4 205.64170154241484 411.28340308482973
9.9011036212804 5.945902541602529 3.5330257175955655 1.6956060947125544 5.000225463746228 5.255271727799368 1.4366980081580127 2.4699200338744007 2.0435564034815 6.646525144339834 8.70563843736062 6.850921789787973 9.916495162820201 5.2331567356340685 6.564650352106224 3.5440048587805064 9.784029842357874 7.057611992185077 4.9647779989709 3.6071860622688536 5.587297156424271 2.0121480621639516 3.0425931040805727 5.306970741955252 3.1848234110210174 4.491842658464503 8.36986084808839 1.6708670664539196 9.308345851249022 3.024064738085121 7.357343361471965 1.9950891109526014 6.409037111708677 4.661132842794643 8.531465053888507 3.250273850595632 5.119641923145819 6.016894324138682 3.2675517981239968 1.9921719003915923 7.539734766772217 3.7906654376460014 8.431785689474848 5.064998739818982 1.8472503619044325 8.984829138488756 7.675787151645486 2.097390478913191 8.70282164515266 1.6024444406951446 2.6555678727177723 2.549501355757883 9.30050179711989 6.996992241011208 3.2955107980312297 3.2618462755406648 9.856329085344026 7.1091583689907365 4.6213415556011626 1.5775506636948318 4.994867134750838 2.863824654471413 3.903309583488593 6.845373552948697 7.516111337828615 5.214992476024783 2.6897115533583653 3.667486966133878 2.2617263388495488 1.8529269233915153 5.425868413288202 9.917008329057841 8.918321738503373 2.4515093864928756 3.744219661519273 6.443156955577578 9.462741700875608 7.598075505195365 1.354778225976396 2.4396618787150883
1.98022072425608 1.1891805083205058 0.7066051435191131 0.3391212189425109 1.0000450927492455 1.0510543455598735 0.28733960163160255 0.49398400677488014 0.4087112806963 1.3293050288679669 1.7411276874721238 1.3701843579575947 1.9832990325640403 1.0466313471268136 1.3129300704212448 0.7088009717561012 1.9568059684715748 1.4115223984370153 0.9929555997941801 0.7214372124537707 1.1174594312848543 0.4024296124327903 0.6085186208161145 1.0613941483910503 0.6369646822042034 0.8983685316929005 1.673972169617678 0.3341734132907839 1.8616691702498045 0.6048129476170242 1.471468672294393 0.3990178221905203 1.2818074223417353 0.9322265685589286 1.7062930107777015 0.6500547701191264 1.0239283846291638 1.2033788648277364 0.6535103596247993 0.39843438007831844 1.5079469533544434 0.7581330875292003 1.6863571378949698 1.0129997479637964 0.3694500723808865 1.7969658276977512 1.5351574303290971 0.4194780957826382 1.7405643290305322 0.3204888881390289 0.5311135745435545 0.5099002711515765 1.8601003594239782 1.3993984482022417 0.659102159606246 0.6523692551081329 1.971265817068805 1.4218316737981473 0.9242683111202326 0.31551013273896633 0.9989734269501677 0.5727649308942826 0.7806619166977187 1.3690747105897394 1.503222267565723 1.0429984952049565 0.5379423106716731 0.7334973932267757 0.45234526776990974 0.37058538467830304 1.0851736826576404 1.9834016658115683 1.7836643477006746 0.4903018772985751 0.7488439323038546 1.2886313911155156 1.8925483401751215 1.519615101039073 0.2709556451952792 0.4879323757430177
0.06423217143992743 0.7755403178195541 0.14814315356198393 0.01208435717853451
0.25263224568082887 0.43209044245832173 0.2561550411015777 0.05912227075927168
0.2372215788455453 0.3670166238017809 0.2365541974281573 0.1592075999245165
0.5237494966813177 0.04723621019388358 0.15176950036483616 0.2772447927599626
0.04442158058212842 0.42882576835909314 0.5167597464296902 0.009992904629088195
0.030473341519351438 0.043979665231866694 0.8929358678013252 0.0326111254474567
0.07036985367114024 0.11415154963502805 0.05178870174398986 0.7636898949498419
0.1476528632209343 0.5898959059163964 0.19187511706336557 0.07057611379930373
0.5346123521023269 0.2751847784919652 0.15500476999333013 0.035198099412377726
0.30903249402955024 0.008355835036739756 0.33791388947374756 0.34469778145996244
0.3886638679748521 0.21382584590346165 0.2677674812486496 0.1297428048730367
0.1517106503440303 0.25927363759969846 0.008185693755055734 0.5808300183012155
0.2025824851018787 0.03109172320565945 0.1565594416656234 0.6097663500268384
0.3132171334518836 0.4155953643983735 0.09401453258558168 0.17717296956416118
0.0951198285526551 0.06864457755051112 0.28209046741715105 0.5541451264796827
0.545862619279059 0.002980353355301446 0.4233917311536797 0.02776529621195989
0.12543415040740347 0.7517669978745709 0.10838253032211598 0.014416321395909648
0.3531409204404511 0.06279103597448588 0.49096758474308355 0.09310045884197948
0.05504379602223486 0.04927396039087295 0.17288312693550623 0.722799116651386
0.3810573736781755 0.0544548912638011 0.45174045315637945 0.11274728190164396
0.6598127610447729 0.026335399547798843 0.2048359907282915 0.10901584867913672
0.5440263175004111 0.2552545620298381 0.044359584570953126 0.1563595358987977
0.30401828157870536 0.054883202309678025 0.2869501384199139 0.3541483776917027
0.4035604768232044 0.4205105273332661 0.1072058093392192 0.06872318650431031
0.08764698750893873 0.2598518262143712 0.02301330122823464 0.6294878850484554
0.8371082789938623 0.08603811572872311 0.03174969512090764 0.04510391015650694
0.7267414758828553 0.0005298632501511413 0.15048154846829875 0.12224711239869479
0.38546896745722814 0.4647745187377308 0.12618879070426803 0.02356772310077304
0.40151381430459687 0.33490099510450333 0.03476257139924066 0.22882261919165914
0.03143591821773073 0.20440714858942755 0.3587357542868689 0.40542117890597285
0.195168349136833 0.09001997638997628 0.493723160520959 0.22108851395223172
0.45679546025456064 0.2730010186775764 0.08438381897929381 0.18581970208856913
0.1721147210951368 0.08336255718050334 0.17267791269874266 0.5718448090256172
0.0212937590674126 0.2858677190985903 0.17261827841541988 0.5202202434185772
0.08629635265872171 0.3545946903134518 0.12607056576468445 0.43303839126314203
0.3973171450341604 0.4028566347516489 0.15359140667908966 0.04623481353510106
0.32978007920181285 0.22188856625235776 0.17906303832926962 0.2692683162165598
0.044396975656120885 0.04440928986328019 0.3935671508235218 0.5176265836570771
0.1866153072938983 0.07447349221934729 0.3932172520064088 0.3456939484803456
0.4445133540306164 0.06264672382800407 0.026437055504701323 0.4664028666366782
0.21967795603794382 0.30343081532781724 0.42622444244628 0.050666786187958945
0.29936506003906327 0.26536241406562355 0.4235966215742485 0.01167590432106469
0.06670102141056655 0.06384880775354962 0.6816475661979841 0.18780260463789977
0.12414789989190056 0.1574898920904131 0.620748829763974 0.0976133782537123
0.3039491881776911 0.008418332862650257 0.06866605579228813 0.6189664231673705
0.152725566284017 0.25684537642246996 0.036647369137064234 0.5537816881564488
0.01067578360211352 0.5724516428882295 0.08166180375611387 0.33521076975354314
0.34862424839660777 0.5372461344371826 0.047646372483395205 0.06648324468281441
0.021059907633108832 0.8752558492878437 0.025551141001534772 0.07813310207751267
0.43930827375826853 0.13366281894922993 0.3539298619690634 0.07309904532343814
0.40444243707135974 0.26137694001812806 0.02706899779435723 0.307111625116155
0.07734286041181904 0.3242226731920339 0.3944059255342298 0.20402854086191724
0.128620498208615 0.5771645983653831 0.22148260179194212 0.07273230163405975
0.4354684932888553 0.3426712756220869 0.181759668227492 0.040100562861565825
0.10514112720557778 0.10404215279600093 0.07992661795102285 0.7108901020473984
0.10716005522373528 0.04784485686089035 0.11372164639243443 0.7312734415229399
0.014759622967374764 0.0228626878318704 0.6292133150408049 0.3331643741599499
0.11208594592057342 0.057472551266638305 0.23988408571515374 0.5905574170976345
0.32990360888018233 0.20744078963911106 0.07513739569519118 0.38751820578551543
0.18821101810449203 0.4392243739377155 0.09717485954484806 0.2753897484129444
0.21754103688379434 0.07426122174441507 0.4445750059084814 0.26362273546330917
0.47462771273777193 0.46884694421725437 0.002337446102286145 0.05418789694268755
0.4017818335777972 0.08553590639809727 0.38918037600459776 0.12350188401950779
0.1550238099457928 0.011779382581452613 0.02032046865378745 0.8128763388189671
0.42097656737714284 0.0953342790158408 0.4404167730855224 0.04327238052149396
0.08676286488953744 0.20150327089845377 0.6069725424214117 0.10476132179059705
0.2470565699227164 0.10752990470426682 0.013852024407706054 0.6315615009653107
0.038559394077905096 0.27365794167204816 0.6128160734997621 0.07496659075028467
0.07443734194492535 0.5002301099239433 0.035232038291351686 0.3901005098397796
0.03093052604469748 0.16425156971969157 0.7857246811689972 0.019093223066613763
0.1927682662871083 0.4798828151992026 0.03893452469718783 0.28841439381650125
0.06346887941038903 0.13775381337521153 0.39349835722539717 0.40527894998900227
0.15228574546732543 0.5976696663221925 0.046903507299195346 0.2031410809112867
0.13446984895675573 0.6684775954198741 0.14202381502858563 0.055028740594784575
0.39903160011987726 0.16872946300075287 0.1541441186183704 0.27809481826099947
0.07623269527854093 0.5873175403204111 0.026061656214882434 0.3103881081861656
0.22522309552934305 0.16165043551955016 0.17592623084230596 0.4372002381088008
0.3526463386378824 0.2566750678565628 0.1717645545162253 0.21891403898932948
0.466494391836884 0.3817624647664726 0.02163347558185391 0.1301096678147895
0.17190282410571167 0.16856329996791708 0.08865738367694032 0.5708764922494309
0.44455046694943523 0.11298490687311313 0.2056602290050321 0.23680439717241952
0.10523491740724167 0.6215134787641986 0.18070550606204538 0.09254609776651435
0.4331002395015694 0.3041606927184354 0.2517249773722908 0.011014090407704402
0.29788447696729425 0.2761034075376929 0.09464810098350451 0.3313640145115083
0.07885394519989208 0.14786201296403467 0.22654928587831047 0.5467347559577628
0.07475668562383264 0.2985441269445638 0.034276537836103516 0.5924226495955001
0.12888529643023605 0.21664878468476234 0.06168073794424089 0.5927851809407607
0.11351235681208072 0.26719754110651806 0.4935663958713381 0.12572370621006312
0.4135701009508127 0.191044732221473 0.14885141066317154 0.24653375616454276
0.10949532823123653 0.2683342931196596 0.21081766853520434 0.4113527101138995
0.47837612863652057 0.27227398669030245 0.1814691345322792 0.06788075014089778
0.11489528131347349 0.30710409939927585 0.20662010727383417 0.3713805120134165
0.5829594400272434 0.025140890387983617 0.2707951645229326 0.12110450506184034
0.325377541118959 0.029721008109515612 0.16201843089751022 0.48288301987401516
0.30738284945655314 0.62948071003143 0.046471882763178374 0.01666455774883846
0.31603742394293355 0.1946641773668728 0.23576523706974095 0.2535331616204527
0.5345944046578349 0.05457991775976723 0.21734641417399825 0.1934792634083996
0.03308766534076857 0.7290681094488151 0.21677958077729897 0.021064644433117397
0.037927969657492566 0.5511067709585526 0.34178313199495125 0.06918212738900353
0.15531994360418555 0.7211438600956467 0.11446349913729104 0.00907269716287673
0.6217019422214407 0.014202624767635674 0.31514912201874445 0.048946310992179165
0.40817233188372426 0.06310170431697426 0.394969821310033 0.13375614248926848
0.1863418397393688 0.007037653361442908 0.6132041763237878 0.19341633057540053
0.6799004781766753 0.11774401953061542 0.0033610540158902635 0.198994448276819
0.3648746207239253 0.0405395483891815 0.5920827582607703 0.0025030726261229264
0.022809128242531562 0.23342124700917366 0.4777842391435968 0.265985385604698
0.26287231163749214 0.10021424580388727 0.19729751851778354 0.43961592404083705
0.5027482817492371 0.023208556865057517 0.14492983563560247 0.3291133257501029
0.3320251753103365 0.42982215508013244 0.05654927272329635 0.18160339688623472
0.25918372252368294 0.24126470953098778 0.1250957607392159 0.3744558072061134
0.05550741667072345 0.453480233947517 0.4446654400805664 0.04634690930119312
0.2693760452152669 0.016020782208396422 0.3562576413976357 0.35834553117870094
0.5340576167887428 0.27767336288514355 0.029019299598502912 0.1592497207276108
0.09709797452405466 0.5100746220453974 0.2352623782689458 0.1575650251616021
0.1688996448401726 0.5150821361677983 0.17889903413980013 0.13711918485222896
0.021652800562997898 0.5984097490161597 0.24296679788292108 0.1369706525379213
0.5954225940802139 0.06080745378572294 0.10523815848261431 0.23853179365144883
0.18592169116037682 0.6475367451191665 0.05778784047774477 0.10875372324271193
0.34176125440843896 0.2627873482481091 0.013702720458058537 0.3817486768853934
0.24105219306828563 0.06738014605562503 0.5245674736384134 0.16700018723767596
0.028097820491729042 0.4830867004044217 0.25747373472934953 0.23134174437449972
0.3269286005810931 0.5498993182773165 0.08828251588500713 0.034889565256583266
0.2115324329510766 0.6293503681854933 0.08018544352155743 0.07893175534187269
0.10625679460472437 0.12879002193781008 0.10502943447706103 0.6599237489804045
0.18692308415292735 0.33682860140329207 0.291033650094913 0.18521466434886757
0.0420938536834351 0.25852368447810725 0.5540608862034396 0.14532157563501802
0.36324049592455365 0.17567044595083148 0.23793264425674399 0.22315641386787088
0.5901884019457233 0.10577197392108806 0.182202702888688 0.12183692124450063
0.3826684074399561 0.242468237969385 0.19570370812895022 0.17915964646170868
0.04396299198636289 0.39409316398361005 0.5435772618750491 0.018366582154977995
0.09346489265793367 0.43415408487654983 0.24074006397387238 0.23164095849164412
0.8050701525563546 0.11375633101977134 0.022859126878945868 0.05831438954492818
0.35852996399592507 0.17997500890368 0.39867216472110156 0.06282286237929335
0.2841867651075328 0.5057419037324785 0.1234130587979424 0.08665827236204626
0.20903651846732663 0.1900093118603966 0.012810928417170686 0.5881432412551061
0.4488356304757709 0.4364909126745018 0.03359291366356054 0.08108054318616675
0.2683122467724147 0.5055014610235278 0.09175561926718534 0.13443067293687216
0.12901441129605828 0.35976563826501606 0.09725335992156425 0.4139665905173614
0.4759672170660857 0.0042994674127069255 0.289945382046081 0.22978793347512638
0.25483710056839937 0.0725461581644622 0.5739948279602682 0.0986219133068702
0.13533891154014555 0.432841489873676 0.17875352366234432 0.25306607492383415
0.07658409398285493 0.4051680853357239 0.13147530178368416 0.386772518897737
0.02311331874871625 0.32559239923722283 0.5719989809733104 0.07929530104075055
0.4227807788196264 0.3247526938900448 0.11897301644355573 0.13349351084677308
0.11779496228170105 0.3211596165694368 0.4030912513835675 0.15795416976529464
0.13867259836354784 0.4984974766788264 0.3288989073768317 0.03393101758079409
0.14552915253710963 0.11955123807621804 0.11352939611993407 0.6213902132667383
0.21409832420687236 0.09760041856797752 0.5763166706696712 0.11198458655547894
0.04277141684157226 0.5885655827666879 0.00874847629946951 0.3599145240922703
0.28638312103582686 0.29857669741921766 0.21264239751971026 0.20239778402524522
0.4762658367685342 0.07788439328050167 0.24312378220439912 0.20272598774656503
0.04091334372613087 0.15718106364375084 0.15645013434992694 0.6454554582801914
0.10648396280919437 0.13158053228719324 0.6784789941806305 0.08345651072298188
0.12838913796331253 0.33998885663931555 0.4316522869481565 0.09996971844921543
0.33144000786499195 0.34467070683015544 0.07056501156618977 0.25332427373866284
0.009997349168476721 0.09823301807490303 0.26918239730554405 0.6225872354510762
0.43252543752450723 0.014813880748724917 0.2082520246591324 0.34440865706763546
0.04650494709436148 0.08123704195834314 0.45639494285253646 0.4158630680947589
0.1409170637953373 0.3481394755787419 0.4542018131442611 0.05674164748165966
0.20076298693855854 0.3647053598276526 0.3002534011680684 0.13427825206572042
