93 100 4 267.3890879962224 534.7781759924449
6.457189039988279 6.917604117560341 3.765169084092129 9.65803136635758 5.823270165981643 6.936712217979729 9.994388759409443 7.758855342389721 5.846699833025205 7.709549081490495 3.1203837521470503 4.747154414433243 8.605177811204012 4.650820706287571 5.271026902058378 7.238612654140764 2.6664703463243673 1.6144737113010772 6.600628047830755 6.409165326713743 8.825001513117908 1.4738120104043984 6.121580972141318 4.6480138415382495 8.222622196714896 8.068348449177673 8.00841505657712 1.8328176423524982 9.63261434338023 8.595661557265494 3.445076734130764 5.297546868684331 5.29794466066402 6.893786054606546 2.8094557838074543 4.376645746067995 3.507479037955874 3.9229776956761615 6.031239534309991 8.743640818830055 9.531518594330063 5.092763491227696 5.1914035140125145 9.343929658316638 2.147974268615208 2.588165657601668 5.210060388217909 9.519251707819066 6.20928790166593 1.0132536884883625 1.3721516012902903 4.798588224422586 7.485238988066102 8.19366197374678 6.7857025870232315 1.8330595803543697 5.096639662247123 2.848280728725338 7.325658032916776 2.9070393555844207 1.2734731883717845 1.310688597057216 3.259313598088361 2.9148683036209553 5.473894346867533 6.60667519803512 2.966746805879294 8.447233690269831 2.556647386479513 7.948910273435061 2.4095042102570305 7.767639293840958 8.089678321006076 4.9569950696969745 3.6844196907014233 3.7450610584292203 6.105463541608438 4.7836565402313775 1.191822144961572 1.1044777981360538 1.137593910754933 9.267377677613442 9.39951787157777 1.2475116936181505 9.759488760714737 6.556816704648766 6.934751244744877 4.812225942424391 1.9490747889518025 6.242885670188984 2.618966712911601 9.945376711024178 7.721420528833988 3.3678608104128895 5.106964672794925 6.195215282382174 2.944530908500907 3.282205871968926 6.458089465213173 1.1934389033996657
1.2914378079976558 1.3835208235120682 0.7530338168184258 1.931606273271516 1.1646540331963284 1.3873424435959458 1.9988777518818885 1.5517710684779442 1.169339966605041 1.541909816298099 0.62407675042941 0.9494308828866487 1.7210355622408025 0.9301641412575142 1.0542053804116756 1.4477225308281527 0.5332940692648734 0.3228947422602154 1.3201256095661509 1.2818330653427485 1.7650003026235814 0.29476240208087967 1.2243161944282637 0.9296027683076499 1.6445244393429792 1.6136696898355347 1.601683011315424 0.36656352847049967 1.9265228686760458 1.7191323114530987 0.6890153468261528 1.0595093737368662 1.059588932132804 1.3787572109213093 0.5618911567614908 0.875329149213599 0.7014958075911748 0.7845955391352323 1.2062479068619982 1.748728163766011 1.9063037188660126 1.018552698245539 1.038280702802503 1.8687859316633275 0.42959485372304157 0.5176331315203335 1.0420120776435817 1.9038503415638133 1.241857580333186 0.2026507376976725 0.2744303202580581 0.9597176448845172 1.4970477976132204 1.638732394749356 1.3571405174046463 0.36661191607087396 1.0193279324494244 0.5696561457450676 1.465131606583355 0.5814078711168842 0.2546946376743569 0.2621377194114432 0.6518627196176723 0.5829736607241911 1.0947788693735068 1.321335039607024 0.5933493611758588 1.6894467380539662 0.5113294772959026 1.5897820546870123 0.4819008420514061 1.5535278587681915 1.6179356642012153 0.9913990139393949 0.7368839381402846 0.7490122116858441 1.2210927083216876 0.9567313080462755 0.23836442899231441 0.22089555962721077 0.22751878215098661 1.8534755355226884 1.8799035743155539 0.2495023387236301 1.9518977521429473 1.3113633409297534 1.3869502489489753 0.9624451884848781 0.3898149577903605 1.2485771340377967 0.5237933425823202 1.9890753422048355 1.5442841057667978 0.6735721620825779 1.021392934558985 1.2390430564764348 0.5889061817001814 0.6564411743937852 1.2916178930426345 0.23868778067993315
0.2469599584726011 0.1369527771758594 0.10935012771437969 0.5067371366371598
0.48369305025159504 0.20873773955822827 0.10360742530302469 0.203961784887152
0.5919583453663447 0.29029792777147745 0.012842555321652016 0.1049011715405258
0.13229714578261842 0.3302973350561148 0.3660081350705484 0.17139738409071836
0.051065977815109354 0.016898720150764768 0.8879367643316144 0.04409853770251149
0.20043922276363857 0.026270533895290882 0.6306602747561642 0.1426299685849064
0.10411882435360587 0.29584333735934587 0.4247854810207784 0.17525235726626986
0.6408224159603861 0.17040823499363555 0.08152855147088633 0.10724079757509197
0.35805167354836864 0.3783483877717698 0.18272339314301467 0.08087654553684687
0.3245344260570253 0.04987418237047636 0.04227306642461337 0.583318325147885
0.37475113974822205 0.029355660795748917 0.5204557401363537 0.07543745931967538
0.16083629236784758 0.045497014843075556 0.41980630428823096 0.3738603885008459
0.013437542004900438 0.1952294571584553 0.396237947743039 0.39509505309360526
0.151901958112988 0.45881660859653395 0.268230800785783 0.12105063250469505
0.621353786081661 0.2796832261834984 0.08722665512398864 0.01173633261085194
0.18633383831529882 0.5899565493269167 0.1780859274800547 0.04562368487772983
0.6397541839014067 0.06850837975438329 0.18119498506358955 0.11054245128062046
0.29035059062866697 0.4525593806801056 0.16429640989797656 0.09279361879325088
0.38353496365057993 0.3198119982240297 0.2532560797459398 0.04339695837945057
0.11686039375251656 0.023655064613942733 0.03708622799743322 0.8223983136361075
0.2689298385830693 0.2267149870950208 0.19042236165035809 0.3139328126715518
0.2623176109589074 0.12198985909361781 0.08472712738521848 0.5309654025622563
0.3634891802538711 0.0052500766515672925 0.030081154393418852 0.6011795887011427
0.08045859797469368 0.005411957900382958 0.7361341017250603 0.17799534239986303
0.4009247431437891 0.4185496572605213 0.05045718333912308 0.1300684162565665
0.2348731383916871 0.27251047000196893 0.31718405631291013 0.17543233529343383
0.11292346617847038 0.01426245663682546 0.3032894247451662 0.569524652439538
0.31314011712269485 0.31120177734656584 0.16743657267570233 0.20822153285503697
0.029745316777515685 0.0802791163766825 0.024966352012313453 0.8650092148334884
0.2558937498326692 0.13747137362353856 0.1966213895730381 0.4100134869707541
0.5203864952089516 0.1212686738467964 0.00858247637479681 0.34976235456945515
0.45924844618232696 0.11195062157428881 0.32447825597950875 0.10432267626387548
0.09837994658827154 0.3394854474889121 0.39064883286787966 0.17148577305493673
0.1955372523071116 0.4301905062876904 0.11296235060666826 0.26130989079852973
0.11260975137159202 0.10143271134139453 0.5842568173717715 0.20170071991524197
0.10740324960684278 0.5231929048063331 0.018313399688147824 0.35109044589867633
0.5218961228121767 0.146973492418479 0.19880348549984883 0.13232689926949548
0.6459418276378595 0.05694311610199132 0.2297749689924361 0.06734008726771312
0.5345052545143906 0.04065391331618451 0.4185205897571427 0.00632024241228224
0.14916152653041637 0.3094942284054166 0.4775352734049094 0.06380897165925759
0.2685591442117643 0.26781583560662703 0.25430896199003616 0.2093160581915725
0.008563455088261174 0.3687323693353909 0.21267978441483526 0.4100243911615127
0.45512014939607026 0.22332787951445143 0.2990914222541742 0.02246054883530413
0.41158070988109996 0.19143654998287896 0.034473057382221506 0.3625096827537996
0.16970167669778247 0.6008515751985887 0.06136428811696504 0.16808245998666382
0.29777818674996914 0.20986024690656413 0.30135938458757805 0.19100218175588868
0.07053101619887325 0.09489604833502274 0.40342390868997535 0.43114902677612865
0.6074961519711533 0.16438914593518594 0.06913603622365072 0.15897866587001008
0.5182023292922782 0.18005176802686462 0.03471105824259313 0.2670348444382641
0.2983155493254901 0.6135819741981519 0.08732934562457739 0.0007731308517806568
0.34835610476416967 0.09051082503392649 0.39782024990301657 0.16331282029888727
0.08762167387123843 0.3326200112278609 0.27080695630030027 0.3089513586006004
0.10645893220432046 0.040832891012753 0.8118048299359258 0.0409033468470007
0.3946195025239976 0.21978027951816903 0.15818172763587857 0.22741849032195482
0.0602935444805216 0.5489439001535835 0.2531214154281015 0.13764113993779337
0.050113016670026544 0.2908580134045461 0.1649788748942408 0.4940500950311866
0.4695508374406483 0.1785230360718041 0.3228318921587059 0.029094234328841728
0.2692759627377249 0.19154866739120624 0.3020752625657287 0.23710010730534015
0.34562999427688923 0.20543002138964128 0.16187057041235353 0.28706941392111596
0.024302468290279045 0.5068172501929524 0.22500916563010265 0.24387111588666588
0.1795130462523341 0.6176334524536968 0.04407442746143808 0.15877907383253098
0.13412415069879968 0.0696247716788545 0.09029204295868809 0.7059590346636577
0.11456123555357667 0.05184976913702477 0.6088504685469038 0.22473852676249473
0.8805063387172911 0.02938746960346794 0.051270741414456755 0.03883545026478419
0.05117199097707048 0.48233293012191947 0.1203893139360146 0.34610576496499545
0.158744820477846 0.5992365443642587 0.21229357692125828 0.02972505823663707
0.08727971958234848 0.1266255681742261 0.20718532464778705 0.5789093875956384
0.05373903015756709 0.10553178317632794 0.24888031793293997 0.591848868733165
0.3448369410010541 0.05333381819407612 0.5991902809853276 0.002638959819542208
0.8391140122574576 0.09780886538320344 0.02215511402354131 0.04092200833579762
0.1701752915560052 0.434962842195599 0.060073773347550485 0.3347880929008453
0.28918190591352155 0.5882772330448303 0.11463421826539444 0.007906642776253747
0.40865093559506704 0.07885982842896433 0.3443515049940552 0.16813773098191342
0.14748960273506184 0.4789170673396834 0.27542106726266613 0.0981722626625886
0.4814260438528698 0.309821283987768 0.10000800509284846 0.10874466706651376
0.004688996746846752 0.08476471786363726 0.06782021229343238 0.8427260730960836
0.15908580373760717 0.12706305733128054 0.16879365779202204 0.5450574811390902
0.230172019380673 0.06384859183603175 0.4751919748223722 0.23078741396092306
0.4220636786801619 0.210135698171369 0.2218271740699158 0.14597344907855325
0.34059111038486667 0.047101633274553856 0.15670571195372218 0.4556015443868573
0.23415580946015402 0.0014587370136277533 0.2153575260681434 0.5490279274580748
0.17255358819035593 0.19101897494184283 0.4599450994366876 0.17648233743111363
0.20613410560195888 0.26040042690173815 0.47996509765018225 0.05350036984612072
0.6059758611307461 0.05537599607959476 0.17417706656693255 0.1644710762227266
0.13133254863939725 0.16007306561072032 0.4688451039894974 0.239749281760385
0.5068847444013466 0.1883291312394837 0.20980208766285835 0.09498403669631139
0.032372716950105684 0.8074748897171017 0.12781126877686821 0.032341124555924416
0.3081205244314349 0.23501160362359075 0.01440194244959836 0.442465929495376
0.040493116070030366 0.3962615037155808 0.02461130227003283 0.538634077944356
0.171446190557499 0.5122272119297515 0.1743669988059373 0.14195959870681218
0.0314776987058053 0.8451850341457052 0.05170381851106631 0.07163344863742316
0.11003920333666584 0.5908027233315308 0.03373876602111969 0.26541930731068364
0.3660405119645814 0.06884031958370229 0.07118546391763303 0.49393370453408325
0.5988177434112171 0.06161790392973743 0.3395545238886398 9.828770405673204e-06
0.37130625320414057 0.10648900293882968 0.4143905428842991 0.10781420097273064
0.12013741425018365 0.3981162196019601 0.33893709896702884 0.14280926718082743
0.014035093209899818 0.38187189174936786 0.08017404895574887 0.5239189660849835
0.5421565319729091 0.18212933989097124 0.1834424152661479 0.09227171286997171
0.23496924870814728 0.051557768810902904 0.42867892541419195 0.28479405706675787
0.0022400391291819144 0.006932859568707039 0.7383489969857938 0.25247810431631723
0.05119211843573812 0.13486335405937988 0.4093241257500472 0.4046204017548348
0.0270415242687001 0.45072386921372853 0.3609869276453235 0.1612476788722479
0.1011097596662347 0.04073033337968712 0.22504115271796787 0.6331187542361103
0.03024549908583518 0.8669996340786549 0.03534328046746105 0.06741158636804889
0.11257294772916693 0.04349441668922949 0.10656911761863253 0.7373635179629711
0.16521034637538212 0.19977696135466094 0.3272326832091328 0.30778000906082414
0.13320235450899975 0.4430462710678701 0.3411156620759671 0.08263571234716305
0.18874570178818484 0.5131858657881356 0.00942406936385809 0.28864436305982144
0.1391540493227692 0.5567374044817869 0.2667593759327095 0.03734917026273443
0.03474672458781369 0.6356697865692196 0.20824143455961341 0.12134205428335332
0.2576245588650855 0.4677090929864748 0.01680411870863685 0.25786222943980286
0.01060920475521554 0.17488667429233418 0.038923777584060626 0.7755803433683897
0.0554434966811751 0.39593891719116314 0.32736584917041034 0.22125173695725142
0.3180002196249929 0.07108443909716089 0.12438273553069845 0.48653260574714774
0.02756794958040265 0.4156600882425987 0.08460102207873987 0.4721709400982588
0.7161897762270095 0.05267443486233814 0.024492964522487837 0.2066428243881645
0.170584442214068 0.004510772631559856 0.035352651401374335 0.7895521337529978
0.03922701778890514 0.04758962339274164 0.16411899752265902 0.7490643612956942
0.08262685854772389 0.5418748620855366 0.3631145378563789 0.01238374151036059
0.17848102776226993 0.7060943120185228 0.021329201806195353 0.09409545841301192
0.026929151565349585 0.17054996987714133 0.16508532988323066 0.6374355486742784
0.661036591142601 0.005932378939025318 0.10120220015678172 0.23182882976159191
0.3150624525734489 0.15630537005208545 0.25071618799964046 0.2779159893748252
0.04662377691468911 0.4063695815229147 0.41084050630379343 0.13616613525860277
0.09748943032479607 0.6464991365823821 0.09848450944953879 0.15752692364328302
0.3100920214137499 0.2828632829792238 0.40312123059441685 0.003923465012609428
0.14952136517815606 0.43422209487337016 0.0037759086985938994 0.4124806312498799
0.3163613929058583 0.2718072895807965 0.02684810296497986 0.38498321454836537
0.22134021591699982 0.3156195307746559 0.19723468412840628 0.26580556917993803
0.3611370764140962 0.3289733194862169 0.25277725870590706 0.05711234539377985
0.7989830736440341 0.13362324912830148 0.0077400166981325125 0.059653660529531916
0.04886970904195964 0.3445952303721731 0.02612654021053562 0.5804085203753316
0.2025506844518391 0.4868992989780192 0.17197184448335068 0.13857817208679102
0.02319827393306617 0.35412678173906076 0.351696047833309 0.2709788964945641
0.09364508517078951 0.40576379581040456 0.2741114481956617 0.22647967082314424
0.13332130790532437 0.059977875539210634 0.07245493390388846 0.7342458826515765
0.1307243699584144 0.01362739434171667 0.29041885580474935 0.5652293798951196
0.13572734848213475 0.35105942369969156 0.10561462012991873 0.40759860768825495
0.174317191792414 0.5188477617016095 0.13433806005838078 0.1724969864475957
0.15182352839955404 0.11789262711207926 0.13488191403394523 0.5954019304544215
0.03088312887766187 0.908705484216451 0.028083867639727256 0.03232751926615984
0.7005583635231416 0.015770689956068895 0.21198521308127827 0.07168573343951123
0.19004394736127073 0.13585884967718698 0.4423864153701341 0.23171078759140817
0.3998209524771559 0.28199704331613284 0.1987924307367096 0.11938957347000168
0.8893945444667533 0.004490279362132754 0.07109669075869329 0.0350184854124207
0.09633631228787287 0.05262153115158108 0.5288437264373458 0.32219843012320026
0.4099434405830621 0.24553125871705206 0.3444283879169673 9.691278291856786e-05
0.5327640752274526 0.3338983823393582 0.06367821655272132 0.06965932588046786
0.1505509458838047 0.6870485170633089 0.15144709353645158 0.010953443516434791
0.28248458594354664 0.08188860947517485 0.25319450842100655 0.38243229616027197
0.38999684062527507 0.3999813320808503 0.15230204097910793 0.05771978631476671
0.046176416172156176 0.20130060194803 0.2352422268829084 0.5172807549969054
0.4692421347562067 0.40863144576431154 0.01869740223783123 0.10342901724165054
0.2326211356192116 0.0539352654184212 0.5107593281574102 0.202684270804957
0.1551159393869299 0.17737582708288857 0.4573873896764793 0.21012084385370222
0.16419293954295788 0.4580194081126011 0.008331834734774057 0.36945581760966695
0.13114868632034116 0.6582486047288189 0.028453015951045213 0.18214969299979478
0.00021082172341113647 0.7961743630491226 0.1315252888147629 0.07208952641270339
0.06435785964872809 0.22304299314488607 0.4873742834371366 0.22522486376924922
0.1951057693781877 0.6022549952422973 0.03566914077171568 0.16697009460779932
0.13372166202008595 0.4862336228798403 0.08151768106152213 0.29852703403855163
0.058780435930524844 0.35055716331576936 0.08210068562394901 0.5085617151297568
0.03561704500496865 0.4366435330782309 0.1117799865491893 0.41595943536761115
0.32283619614147985 0.509155054756552 0.07177207396127017 0.096236675140698
0.5544365376686975 0.17204339340163455 0.06429576232860912 0.20922430660105884
0.0591228980732742 0.6375744025698492 0.003174931178746676 0.3001277681781299
0.02853345687904041 0.44563519820124486 0.4197529702267415 0.10607837469297321
0.5668188072186092 0.06934710453905535 0.19786936753743134 0.1659647207049041
0.5287502391905939 0.09857928981368624 0.01500238446228952 0.3576680865334303
0.008692478227624534 0.1512873682922693 0.2463997637337615 0.5936203897463447
0.1643164513032377 0.21542217720040202 0.3364780871292894 0.2837832843670709
0.2769988017517312 0.05643687091729421 0.3461509535874957 0.3204133737434789
0.2547333180262684 0.24342610778542706 0.4227615623367613 0.0790790118515432
0.01982593238147501 0.3888313159165605 0.14760876193821182 0.44373398976375267
0.4120719157398963 0.520564539104888 0.05136794516745846 0.015995599987757236
0.2591069947545913 0.3570884848041759 0.017863728415548064 0.36594079202568475
0.3941476686889859 0.354519895375334 0.058106693542027354 0.19322574239365276
0.06998057174224503 0.20601734172778896 0.6863311951797091 0.03767089135025692
0.21122355803160864 0.6958908064473174 0.0533107352778055 0.039574900243268485
0.10279130618460997 0.27234825050373634 0.26694690012914724 0.35791354318250646
0.2396078875664075 0.29392800370693906 0.11956483511703853 0.3468992736096149
0.21018655117103524 0.1073833033574676 0.3036616321548059 0.37876851331669126
0.016887074321079054 0.38158772701194965 0.004312769561249485 0.5972124291057218
0.10299858035446274 0.023849247214153046 0.04240034153861272 0.8307518308927715
0.09088074740667229 0.12734069526918657 0.35927278581345057 0.4225057715106906
0.14970084768491987 0.41611865732319253 0.34137179199698653 0.09280870299490107
0.3610837474573121 0.058679026202527296 0.4358000056976731 0.14443722064248754
0.6427049166243695 0.09726355873020187 0.20324266517563938 0.05678885946978929
0.3502828918821559 0.2035694450484038 0.2718640902874234 0.1742835727820169
0.02547613545998162 0.18857118212175372 0.4080647835913054 0.3778878988269593
0.11551746905296623 0.16915239625731648 0.47337142572745483 0.24195870896226246
0.3800395648392634 0.09973007887417629 0.2609935582922599 0.25923679799430044
0.2673358096883859 0.18235206808022686 0.45290458549107004 0.09740753674031721
0.37645204020068 0.023126300436778213 0.3636848406510057 0.23673681871153607
0.1001912529007366 0.10549939719404022 0.2486836240720709 0.5456257258331523
0.3349490622888027 0.04379197788135325 0.5233128730004396 0.09794608682940442
0.13554062670494538 0.022258096640766056 0.6553877363442064 0.18681354031008213
0.189295158797664 0.6415537214931497 0.00068447700581864 0.16846664270336764
0.20589323241483326 0.28726694815600273 0.31008782179423167 0.19675199763493234
0.07319735950595363 0.1425699833009748 0.1301445710055864 0.6540880861874852
