69 90 4 225.24143171879982 450.4828634375996
3.666242455051902 8.28160944105994 4.152272727010703 8.104683307878034 6.052140781935153 3.2823005879811986 1.9447937531659814 1.5261465627719175 7.059631426928598 7.280466913015391 7.595048853564885 8.090866526479394 1.687386883542335 3.8591253695796786 7.669209494652641 3.956448062575432 5.231309364280398 2.629771459612159 3.911539616281906 5.094155403702894 5.766674639335774 3.637274937872363 3.4927763309216275 7.103377647774547 3.101128305450868 7.095298327585637 4.890992478101437 4.488996567392054 4.019015859746441 5.6189991188110735 9.88922002923763 5.778229341557386 7.123925418762083 4.520212599173229 2.0490057590654063 7.365031537324509 4.722544851039725 5.1042972886917 3.9875728222171256 1.843437189846401 5.119450264435541 8.25213617834484 2.741582904307781 5.185256422515821 2.71825769415568 1.6829349829198783 1.287889410129547 2.3720999470668165 3.313828165279415 1.624363909276783 9.344704969794622 5.9196332809622065 9.70566433233429 9.075776702177283 4.51945196099499 4.408927574531765 6.86416960128775 8.706505272562456 4.9874628034989 5.79521897532153 2.466259792072986 5.996427091421681 2.1410663275205026 9.511616990156066 9.843511316687515 3.713015167403158 7.9266301271359705 3.807550186352429 9.803579536034514 3.5315033931013065 7.064293052766564 4.897664001542278 4.642105723435789 6.22916641881061 6.324230192940682 1.523648878646893 4.787557763007031 7.252381075048853 1.1953183793006859 7.248122906701368 3.3353648862875502 5.6677313244695355 5.927643100070178 4.275017608166008 4.621798869245786 1.5989892429445018 3.061979288077575 1.009071492310158 2.7556536568197387 2.025490256246093
0.7332484910103804 1.6563218882119881 0.8304545454021406 1.6209366615756067 1.2104281563870305 0.6564601175962397 0.3889587506331963 0.3052293125543835 1.4119262853857195 1.4560933826030782 1.519009770712977 1.6181733052958787 0.337477376708467 0.7718250739159357 1.5338418989305282 0.7912896125150863 1.0462618728560797 0.5259542919224318 0.7823079232563812 1.0188310807405787 1.1533349278671547 0.7274549875744726 0.6985552661843255 1.4206755295549094 0.6202256610901735 1.4190596655171275 0.9781984956202875 0.8977993134784109 0.8038031719492882 1.1237998237622147 1.9778440058475262 1.1556458683114772 1.4247850837524165 0.9040425198346458 0.40980115181308124 1.4730063074649018 0.944508970207945 1.0208594577383399 0.7975145644434252 0.3686874379692802 1.0238900528871082 1.650427235668968 0.5483165808615562 1.0370512845031643 0.543651538831136 0.3365869965839757 0.2575778820259094 0.4744199894133633 0.662765633055883 0.3248727818553566 1.8689409939589243 1.1839266561924413 1.9411328664668581 1.8151553404354566 0.903890392198998 0.8817855149063529 1.37283392025755 1.7413010545124912 0.99749256069978 1.159043795064306 0.4932519584145972 1.1992854182843362 0.42821326550410055 1.902323398031213 1.9687022633375029 0.7426030334806316 1.5853260254271941 0.7615100372704858 1.9607159072069027 0.7063006786202612 1.4128586105533127 0.9795328003084556 0.9284211446871579 1.245833283762122 1.2648460385881364 0.3047297757293786 0.9575115526014063 1.4504762150097705 0.23906367586013716 1.4496245813402735 0.66707297725751 1.1335462648939072 1.1855286200140356 0.8550035216332017 0.9243597738491571 0.31979784858890037 0.6123958576155151 0.2018142984620316 0.5511307313639477 0.40509805124921855
0.26542900734015074 0.16179252867010552 0.2916096530216692 0.28116881096807456
0.18924039702508433 0.4282485671238745 0.07337118429685974 0.30913985155418144
0.06714565067377654 0.23966728208143018 0.2774975086245758 0.4156895586202175
0.06778206723193037 0.49800203993565595 0.3247362876490938 0.1094796051833199
0.5520888235734707 0.3450036767726644 0.0712952515392069 0.031612248114658015
0.09049883039021211 0.35636773846155867 0.4388117333290179 0.11432169781921131
0.04235634543141953 0.38843107473669913 0.003749703834396212 0.5654628759974851
0.41905871456184207 0.1546457608690115 0.1689250372807558 0.2573704872883906
0.4316559043322441 0.07456099435816088 0.1779554135002699 0.31582768780932513
0.19078937730632906 0.26241482327374865 0.14199044559664253 0.40480535382327976
0.1219738702378863 0.4173210578665203 0.1651164263025231 0.2955886455930703
0.09294767183181452 0.0684488148659842 0.7173859408327428 0.12121757246945852
0.13597082143499084 0.19152109467894707 0.35674573202641435 0.31576235185964774
0.12860831401405548 0.20335350633594163 0.37158220499026484 0.29645597465973805
0.07135745038468833 0.8779431438429567 0.006718653904943195 0.043980751867411794
0.04992439340382204 0.8063703711733745 0.07706581185434691 0.06663942356845654
0.04251279730225055 0.3229275660062654 0.14949320649636932 0.48506643019511475
0.10505671876021139 0.4386636949677848 0.0787318193628338 0.37754776690917
0.13703470807427443 0.020295027218601436 0.6635567047324457 0.17911355997467848
0.4581365206020631 0.1681449346518331 0.18568361769719144 0.18803492704891234
0.2453231074615938 0.47825193713618086 0.030281562114531035 0.2461433932876943
0.02273287017168002 0.505980061788343 0.12347542238724929 0.3478116456527277
0.758431913674339 0.05732836989574308 0.0968196330151947 0.08742008341472318
0.1912863171395125 0.24458052146532128 0.03908795690042899 0.5250452044947372
0.2727042524948051 0.48761878329180797 0.22126204335352362 0.018414920859863293
0.031225466941162128 0.5986858321074642 0.024069503135408565 0.34601919781596513
0.1772149995544633 0.02435052685527772 0.031576506419074835 0.7668579671711842
0.19796553204293899 0.08874835886312094 0.41638745891674733 0.29689865017719275
0.012466879902763517 0.3963181198921284 0.15089626374519371 0.4403187364599144
0.18690859079993993 0.23852199094464965 0.46346763946192293 0.11110177879348748
0.04811273940763683 0.36308048129053894 0.48759085195977625 0.10121592734204798
0.3206571462359713 0.5542062285828874 0.04214136676485347 0.08299525841628785
0.4956880350756393 0.07337916863682015 0.05760252148807954 0.373330274799461
0.25841518147387266 0.23747355302519402 0.3593007945473068 0.14481047095362654
0.17956034310096147 0.39929428747770956 0.23626463221095484 0.18488073721037412
0.05873288438914437 0.06020768214868355 0.46021793433113123 0.42084149913104085
0.37607577664514613 0.16410767145416305 0.1691477115615837 0.2906688403391071
0.28754616806746003 0.5210664535298988 0.06334166160937293 0.12804571679326826
0.030991330033534936 0.42637388094610285 0.12413960804970237 0.41849518097065985
0.021686811809642714 0.012185371327292915 0.24451041553955566 0.7216174013235087
0.28905782601544694 0.31539875585969335 0.2684195278388868 0.12712389028597293
0.30853853165622025 0.493600357179934 0.12957357353277488 0.06828753763107087
0.06215814041963208 0.4666263508254874 0.05676003226178261 0.4144554764930979
0.004217857715184348 0.4453070214860405 0.023818961135339656 0.5266561596634355
0.41164256825043755 0.11199877582661377 0.3658425288223697 0.11051612710057901
0.12135931577911652 0.6822787282977542 0.14355703295438815 0.052804922968741175
0.2804102177266975 0.12705129208225863 0.30051814225962103 0.29202034793142284
0.7800058988443511 0.03165025454962467 0.013664326718920372 0.17467951988710384
0.025851892631968854 0.3305926087417952 0.47139915368702734 0.17215634493920862
0.1832868847333048 0.25179687282585694 0.2779117240738336 0.2870045183670047
0.30481642347818805 0.17093871089292234 0.39025070840434173 0.13399415722454788
0.1460076562348538 0.3140006745813817 0.2306224534074488 0.3093692157763157
0.41299383155484437 0.04429107438131019 0.22014156144897246 0.322573532614873
0.24765003990940815 0.06146307636897419 0.6516856128245848 0.03920127089703285
0.3613972356999483 0.2968916839811523 0.10902966800570868 0.23268141231319073
0.09251190334358939 0.010960025873729462 0.26226064437636687 0.6342674264063143
0.012698641215112882 0.173199795228286 0.5711417143547478 0.24295984920185332
0.4363752728141719 0.11599810829799373 0.11314312367765667 0.33448349521017773
0.10239525242764447 0.22174516592887983 0.1581275298193906 0.5177320518240851
0.2942733379741642 0.20583858963829504 0.04397898857112659 0.45590908381641415
0.3935193924946895 0.17289067740332487 0.05866462909844561 0.37492530100354005
0.2376503896276947 0.06742558601878279 0.16111700196173984 0.5338070223917827
0.009036474415700546 0.2633146674251782 0.4853467832666639 0.24230207489245736
0.2488164594055211 0.5147082671524008 0.08130772993755209 0.155167543504526
0.05323875257524535 0.31150313672639496 0.4615597676780181 0.1736983430203416
0.11551382429792201 0.16458386873821373 0.06646861415537342 0.6534336928084908
0.5594601919427097 0.20916161802707178 0.18952399529608233 0.04185419473413621
0.7155556853359041 0.12244044398331311 0.048922177664989186 0.11308169301579363
0.41593828245962117 0.040948151718441905 0.013447129265837132 0.5296664365560998
0.18923630174231554 0.28326978498043864 0.4539552053915267 0.07353870788571915
0.0009629485421622785 0.030336578717836682 0.8632895845596373 0.1054108881803637
0.4234460560997131 0.0501919608099034 0.4328792021320408 0.09348278095834273
0.6472228288366523 0.2465001384631429 0.016772745829319424 0.08950428687088541
0.08714512801388596 0.616708135384508 0.16100603600018648 0.13514070060141958
0.06874317891907855 0.25076139074137127 0.5933285038832168 0.0871669264563334
0.38759225202220593 0.10413722725069241 0.017410245628157295 0.49086027509894437
0.1173536082447515 0.22780246240844826 0.459094283367266 0.19574964597953426
0.16256651956877155 0.1986376751023401 0.0556740415140774 0.583121763814811
0.1916487782815265 0.4677275172840383 0.25790952708618864 0.0827141773482466
0.2881038658626236 0.1538924222902045 0.3794265862017292 0.1785771256454427
0.3931513558456631 0.44689016148832117 0.0952835178756396 0.06467496479037615
0.09400727127480213 0.45383067843061453 0.1614607774366611 0.29070127285792224
0.08794908422869097 0.25424843560084587 0.30203606871997624 0.35576641145048693
0.7044931330934672 0.10593458164270153 0.12761017756229975 0.061962107701531544
0.401266333561459 0.5169446716636326 0.04871240654137554 0.03307658823353288
0.13838010336167417 0.2981113196787115 0.13805981802441658 0.42544875893519774
0.14988000798163614 0.18813284363105442 0.5434111885488425 0.11857595983846692
0.0964905545302055 0.025988126325424576 0.7503609908434076 0.12716032830096236
0.6675438095944716 0.03611798216037665 0.19697297039730288 0.0993652378478489
0.1761726788315745 0.08400729720369393 0.1852870760645945 0.5545329479001371
0.6176427024608999 0.05714551669013901 0.08560972706170877 0.2396020537872523
0.5403514236240866 0.06543230756505569 0.11847631497512023 0.27573995383573746
0.6041657131130971 0.2415113350466619 0.013836348245954255 0.14048660359428677
0.2282102698780194 0.35036071917256195 0.249265259078001 0.17216375187141764
0.4201677351565193 0.20120821294686786 0.044225018286752515 0.33439903360986034
0.22445298556976356 0.037582324941020206 0.4118209247575707 0.3261437647316455
0.33140249622173956 0.39284737082190646 0.16444401562210365 0.11130611733425033
0.2880079704388021 0.16584531467908437 0.19337675396364262 0.3527699609184709
0.08079130110978516 0.2925464102486378 0.019586816482968117 0.6070754721586089
0.3514311885453367 0.4546413237525171 0.05426484949323507 0.13966263820891112
0.5478651497090192 0.21511149013623787 0.08684358660325298 0.15017977355148993
0.46080967106902626 0.019668985749623724 0.005554592846794715 0.5139667503345553
0.2738796474053551 0.6237457237109963 0.07582544300658511 0.026549185877063453
0.2084703210831398 0.38466702480992254 0.17615330467018864 0.23070934943674903
0.037567314675084895 0.1502478488214155 0.31952211695663946 0.49266271954686014
0.4028536793757789 0.02190172626259257 0.13459882929533684 0.4406457650662917
0.12728766392940616 0.4128940588806599 0.15222942935631312 0.30758884783362084
0.10642168087601855 0.04324144718286094 0.6275130888570277 0.22282378308409279
0.09463344244170413 0.12397388933992104 0.6615600214332249 0.11983264678514993
0.232786594227967 0.12024455122141786 0.47261986012257273 0.17434899442804241
0.025185538057022616 0.08695037644059989 0.13636897712954388 0.7514951083728336
0.2380105103510184 0.10370987402097565 0.5593201854740955 0.09895943015391051
0.20817234540837615 0.7493021982995872 0.02029383664466433 0.022231619647372303
0.41122133580294384 0.12212391820588353 0.016669124125552548 0.4499856218656201
0.15057691306313192 0.3020586132293781 0.12609755930743294 0.42126691440005704
0.32717544424533396 0.20138874325757228 0.41945245742034054 0.051983355076753224
0.21942279354819327 0.24295442642965281 0.47620507072147344 0.06141770930068047
0.018821500158281324 0.7324204045498024 0.20213946399244687 0.046618631299469415
0.2294647975989892 0.6376621724170056 0.029591694845461425 0.10328133513854376
0.6906685043194046 0.131253234534493 0.14825774573853867 0.029820515407563697
0.054257595353084276 0.21105110821096795 0.33278055603170154 0.40191074040424624
0.19464673114229025 0.24766948318934123 0.11724330270903904 0.44044048295932947
0.359820411774053 0.052098031586862326 0.49438067909596906 0.09370087754311562
0.23782133564114438 0.1863079417537894 0.07013810074400118 0.505732621861065
0.031054394032625998 0.38628083143613956 0.4779844465030113 0.10468032802822314
0.40324068973453797 0.5037044592706497 0.0446020522220274 0.048452798772784966
0.37371306744602517 0.42629605251293956 0.05071381153062271 0.14927706851041256
0.08751334231973251 0.4689101966982876 0.3130250932667882 0.1305513677151917
0.00547751457631851 0.6730351060637187 0.1983307048481021 0.12315667451186063
0.3665087355632922 0.20975521562375776 0.15866079650819287 0.26507525230475715
0.4342069471807547 0.2868633524302646 0.17045284499107916 0.10847685539790153
0.05260207165046005 0.5691973187460448 0.034584720141836556 0.34361588946165855
0.08748131719858654 0.1097920821515016 0.22229456327357944 0.5804320373763324
0.04665647720674093 0.33336927271577443 0.2812438734932514 0.3387303765842332
0.21107825289877025 0.23001766305754123 0.5069062045648335 0.051997879478855036
0.093899979672327 0.21069562534223374 0.04199883454249853 0.6534055604429407
0.37102320309471293 0.2558161327418206 0.11616779762009288 0.2569928665433736
0.5616310806806118 0.299727483559428 0.08722815542430196 0.051413280335658174
0.3051121698357132 0.06962921766519181 0.32219839885447854 0.30306021364461644
0.19552325590484498 0.0659245257841854 0.23282946575048602 0.5057227525604836
0.2141813675152332 0.22486870103788048 0.11341531018530893 0.4475346212615774
0.3651599034904116 0.3959760663348617 0.12565652268950223 0.11320750748522446
0.14516940514569165 0.17771893077435552 0.5330123120691409 0.14409935201081192
0.25080661654157443 0.27599690213013406 0.07180013109913064 0.40139635022916087
0.49509787693434604 0.14190562238739335 0.23528022309625996 0.12771627758200066
0.567114144776809 0.14527003927808424 0.09993835908605397 0.1876774568590528
0.6119699187186505 0.3085078487986993 0.06481642695972578 0.014705805522924442
0.1792236134573718 0.28171431449316886 0.08733037844497382 0.4517316936044855
0.02528090106053349 0.6627590504917037 0.26273658984437964 0.049223458603383174
0.04820929394952489 0.35343233386538764 0.4860598122299179 0.11229855995516957
0.19890783445150473 0.11512257043600804 0.42432464111336243 0.2616449539991248
0.18111975417487935 0.09298678345518918 0.06452504987805685 0.6613684124918746
0.30490771855089505 0.6038967572784801 0.04066292126676618 0.05053260290385864
0.04055103989228226 0.036006920058449965 0.553298602115681 0.3701434379335867
0.2629228271029793 0.17864276078248098 0.3570358433052848 0.20139856880925489
0.06146254696164377 0.02636241497624725 0.4206771300406593 0.49149790802144966
0.12603108639809735 0.19810989498175946 0.5796634607151646 0.09619555790497858
0.003464733372410489 0.1904040923790905 0.498707794982329 0.30742337926617
0.08713180633454432 0.08721124690979265 0.21780438296760984 0.6078525637880532
0.199667033492114 0.7314338846015447 0.019279625763315655 0.04961945614302565
0.4148444516457571 0.21268980323232112 0.32618208017743744 0.046283664944484326
0.2310396413024517 0.4254407442314686 0.2551642476150592 0.08835536685102052
0.7124974651413595 0.020718685659863345 0.2369739632579404 0.029809885940836778
0.06054935007738649 0.1885773420628023 0.13087307732028342 0.6200002305395278
0.009474781120481501 0.37930325936076426 0.17752016724795328 0.43370179227080097
0.08496481115670207 0.004392976786324221 0.22129266745794374 0.68934954459903
0.8835806039328882 0.031662994774865005 0.04856701650107986 0.036189384791166956
0.1541460440008411 0.4015534761626174 0.000261477088589368 0.44403900274795216
0.04191025330962794 0.053148061061339735 0.5204347976639707 0.3845068879650616
0.27025173614103004 0.19985198060167975 0.3160831087268281 0.2138131745304621
0.23391166821599718 0.4008357096370131 0.11632336027682011 0.24892926187016962
0.24767003131275644 0.06398904207474765 0.5781542834986031 0.11018664311389281
0.43234445864063964 0.10640471140978691 0.16120191677608364 0.3000489131734898
0.11592646742111024 0.584123598885895 0.19443279058559915 0.10551714310739557
0.3272028509875228 0.06476806372711919 0.3247331186667307 0.2832959666186273
0.5594827930161271 0.3351554271387893 0.010817292695150749 0.0945444871499328
0.3242165687750961 0.24374057449458597 0.27036139938621073 0.16168145734410722
0.36683753498659455 0.4894466113928738 0.13118383772478182 0.012532015895749815
0.3923017680383535 0.07868444358535198 0.11310400586996205 0.4159097825063325
0.1231265594852422 0.050462557273698416 0.7525371506279321 0.07387373261312724
