14 90 4 230.4355202203787 460.8710404407573
5.6254900939542125 7.958485468713671 8.833849171523314 1.0724225367683613 3.787623329546837 9.618433654293018 5.6180504104109845 3.8645598238488876 5.852799436830833 2.991294481849839 8.25833222131843 4.080291630532159 5.849999641604302 1.0528640699595249 7.058372303624728 2.8902183596086433 9.393018335908407 4.368202745333429 7.771770298773518 7.8682510166096975 8.83449509744575 1.991000604309415 3.7008278235440546 5.274151893554217 7.056430472499272 3.3183318962855597 7.310361877520387 6.913000534368361 2.638069819407048 3.898566935461907 8.987837112287455 1.7501424494478108 7.7190770812636735 1.5611504408512875 7.5833301391545564 7.682602194941895 4.671242321064952 9.92244699008633 5.069235688825526 2.7089068881512937 4.164638248894443 7.433304997827339 4.216918269265891 1.4645669859556838 3.843271039167692 9.989241504084829 3.591143709555827 5.156162842742253 7.61741299885576 9.493110556708237 2.578623783989894 2.911792383127601 2.1922985165550553 2.8781307302273165 9.961191500891765 3.2198124872558145 1.9904784274979455 5.520882144385049 5.105096337010265 7.610412060512936 6.588491871900695 6.589632040199325 2.351553707764298 5.844470913865125 2.083125191605307 2.3772296981925667 5.051607011326229 4.86165112486038 7.60295872754411 1.6621439505535636 3.5090724678664746 2.487643971229061 5.572793246145296 6.213260373233629 6.747471354047463 2.9262313390556964 4.758198835806373 5.201327625393689 1.7476229405549772 6.132456172461195 3.05665806398292 1.3215674780331899 9.680763503980064 1.6719395190200328 7.574322167681129 5.523669312495595 1.8334975130742346 5.7155441892340475 4.9079616533153505 5.932147660340205
1.1250980187908426 1.5916970937427342 1.7667698343046627 0.21448450735367225 0.7575246659093674 1.9236867308586034 1.1236100820821968 0.7729119647697775 1.1705598873661667 0.5982588963699678 1.651666444263686 0.8160583261064318 1.1699999283208604 0.21057281399190497 1.4116744607249456 0.5780436719217287 1.8786036671816813 0.8736405490666858 1.5543540597547036 1.5736502033219395 1.7668990194891498 0.398200120861883 0.7401655647088109 1.0548303787108435 1.4112860944998544 0.6636663792571119 1.4620723755040774 1.3826001068736722 0.5276139638814097 0.7797133870923814 1.797567422457491 0.35002848988956214 1.5438154162527347 0.3122300881702575 1.5166660278309112 1.5365204389883789 0.9342484642129903 1.984489398017266 1.0138471377651053 0.5417813776302587 0.8329276497788886 1.4866609995654678 0.8433836538531783 0.29291339719113674 0.7686542078335383 1.9978483008169658 0.7182287419111655 1.0312325685484507 1.5234825997711519 1.8986221113416473 0.5157247567979788 0.5823584766255202 0.43845970331101103 0.5756261460454632 1.992238300178353 0.6439624974511629 0.39809568549958907 1.1041764288770097 1.0210192674020528 1.5220824121025873 1.317698374380139 1.317926408039865 0.47031074155285957 1.168894182773025 0.4166250383210614 0.47544593963851334 1.0103214022652458 0.972330224972076 1.520591745508822 0.3324287901107127 0.701814493573295 0.4975287942458122 1.1145586492290591 1.2426520746467258 1.3494942708094926 0.5852462678111393 0.9516397671612745 1.0402655250787378 0.34952458811099546 1.226491234492239 0.611331612796584 0.26431349560663797 1.9361527007960126 0.33438790380400657 1.5148644335362258 1.104733862499119 0.3666995026148469 1.1431088378468095 0.9815923306630701 1.1864295320680411
0.43915701403233653 0.22316105974825984 0.2726888945202436 0.06499303169916004
0.23695196706301513 0.3917386517390886 0.02289544127067844 0.3484139399272178
0.0826652146717024 0.0804698356294401 0.12636125349073246 0.710503696208125
0.007062522868663268 0.29508238893951566 0.551669982197518 0.14618510599430312
0.26761772236847525 0.4726977455011854 0.16492541112398562 0.09475912100635375
0.07624613540160274 0.12826486307717555 0.6838073871028402 0.11168161441838154
0.13308405138174717 0.24672412477532324 0.03239074560405908 0.5878010782388705
0.1301536970709083 0.02227292023846017 0.7934113544293705 0.05416202826126104
0.19569040002525562 0.2328784244699107 0.19210038070402569 0.379330794800808
0.4015942087704071 0.09355369905687316 0.10894158767729345 0.3959105044954263
0.21708887349205896 0.5187165636343821 0.24624492043166712 0.01794964244189179
0.44090703676897136 0.2200571352661751 0.29772079720863664 0.0413150307562169
0.4939436141326402 0.11355054407973575 0.1970428168962276 0.19546302489139644
0.5205341493580471 0.050939304153199694 0.20116791562168246 0.22735863086707075
0.2655824352378039 0.177488692720692 0.19620400959251494 0.36072486244898916
0.474086027042263 0.09323235279214848 0.38608354551670077 0.046598074648887766
0.2253937767754437 0.20880388405168848 0.13733852043720884 0.428463818735659
0.1468667460901354 0.2490492495979436 0.016060445638375498 0.5880235586735455
0.037295544350340215 0.1849846909080266 0.5777534037529094 0.19996636098872378
0.014509495003620976 0.6682058081080299 0.011678797494267257 0.3056058993940819
0.5643102418817786 0.23875543689469148 0.07678267933731753 0.12015164188621241
0.09570661511230627 0.23033488968641058 0.49171511838283855 0.1822433768184446
0.29347698871899086 0.10419719793887994 0.5408110759829381 0.06151473735919111
0.4693858929887079 0.3072483945799719 0.05319519714558596 0.17017051528573424
0.23427277168929428 0.3978137724379964 0.33996252283364925 0.027950933039060044
0.025156964345572574 0.41925300983363833 0.06567516474982316 0.48991486107096593
0.2465362703154238 0.18276589588823366 0.2611044836342211 0.3095933501621214
0.6502391544119632 0.02014835024130912 0.17023779981957177 0.15937469552715589
0.49502464845912997 0.17433980770190005 0.2898286291135542 0.040806914725415755
0.2554829000386051 0.2374595795271417 0.45170590884273487 0.05535161159151836
0.3349864394754333 0.012452989847797191 0.15318927298317508 0.49937129769359445
0.27401452663807724 0.09389028252505804 0.16254167942434972 0.469553511412515
0.14307068305012494 0.330127657965923 0.5011746188367436 0.025627040147208402
0.332462540281946 0.6300930132262312 0.03021209175394246 0.007232354737880309
0.07517959917340289 0.1089640701660588 0.13308229391432524 0.6827740367462131
0.18007857725718557 0.15361259612124412 0.24079757622522835 0.42551125039634197
0.4496062840963363 0.34261506501270067 0.09150881083833318 0.11626984005262986
0.09606291291699409 0.09087777929573448 0.5837604992380854 0.22929880854918605
0.7746699927274632 0.20947037372252553 0.012976127036019358 0.0028835065139919402
0.36766381348140087 0.18794539566110235 0.4105298700064631 0.03386092085103365
0.2493584118221659 0.22606320020420856 0.518633832620559 0.005944555353066594
0.3530543021975223 0.5572813597438688 0.07323960491287729 0.016424733145731563
0.07923975259429128 0.14087379429875357 0.03387869003676469 0.7460077630701905
0.2883364314842686 0.20369968940725092 0.24983357173320264 0.25813030737527787
0.564960484800747 0.07664672162361996 0.022525398462958757 0.33586739511267427
0.07298522213407133 0.4285246670633931 0.044792779714930564 0.453697331087605
0.3945620577333515 0.026351766112676533 0.5245706692811104 0.05451550687286155
0.2875581199714565 0.3335940042012203 0.3636314619893454 0.015216413837977782
0.1762517070510703 0.29226306243795586 0.24359281851540204 0.2878924119955718
0.4346551085684084 0.28800197689575724 0.17522987592161166 0.10211303861422272
0.211281095529103 0.23010179386429652 0.016342720297210844 0.5422743903093896
0.10885949278977536 0.7025292353915821 0.17705062012027084 0.011560651698371727
0.22346455664756293 0.23656230740134865 0.1993133808688048 0.34065975508228363
0.19681775977617655 0.2823620475809743 0.5171434830658761 0.0036767095769730807
0.057221709874766824 0.22379083151340595 0.19804021019149132 0.5209472484203359
0.017911177963622182 0.3712345740716546 0.4262326635225063 0.18462158444221688
0.1466143655009272 0.12847305809185028 0.45324549689877836 0.27166707950844415
0.04236232219165126 0.6211208864591762 0.24974463865019514 0.08677215269897742
0.4650592225221921 0.03157861479347057 0.24461587509694138 0.25874628758739593
0.24308628981224278 0.10779629277536473 0.216283194205653 0.4328342232067395
0.2612632063543112 0.11841256935012312 0.16836947018725978 0.4519547541083059
0.5383316359569518 0.04326547874434328 0.07192509819521531 0.34647778710348964
0.28622773714684746 0.2342592360062169 0.02994023840515969 0.44957278844177595
0.26311934996964637 0.04350534737809886 0.2288244208745499 0.46455088177770487
0.3355251042380456 0.22914531770039026 0.3518607928495172 0.08346878521204693
0.0819595055173683 0.14214551707083112 0.5332050493320785 0.24268992807972212
0.6760740451849695 0.24940930465580968 0.05740172810750366 0.017114922051717163
0.19322345544362585 0.3725057701055564 0.14086658124231322 0.2934041932085045
0.1208196014010059 0.250047570646457 0.3611282810923987 0.2680045468601384
0.17389253815793682 0.1114002751944484 0.31360871791617095 0.40109846873144384
0.41654547794873487 0.5208579918642771 0.008520540937209997 0.05407598924977808
0.06116696305980518 0.03964437799570364 0.7218437568752406 0.17734490206925058
0.041762695779149595 0.34833200156132205 0.5084237744016287 0.10148152825789969
0.2671160480897268 0.4153998868370974 0.21827417361654722 0.09920989145662862
0.23455132405804924 0.16476585023052115 0.5634448399845591 0.03723798572687054
0.007631633881163169 0.048577956666523425 0.19937807502888272 0.7444123344234307
0.04782014400823442 0.18685673352000798 0.31782045727743946 0.44750266519431814
0.46184483559874934 0.12941992330621876 0.3706099705537885 0.03812527054124337
0.06374094300454469 0.3444901561436674 0.02338270777113971 0.5683861930806482
0.541129367508965 0.04628403893330313 0.41125289587714065 0.001333697680591217
0.37227527046521014 0.039653752173631096 0.577670431995889 0.010400545365269798
0.026763985609398855 0.26730255201039776 0.09774903444113847 0.6081844279390649
0.1853116247072124 0.16980776037056067 0.47689396565834763 0.1679866492638793
0.20254434685778855 0.42162762073155424 0.32148388519722426 0.05434414721343295
0.2941532180266162 0.10871851542493782 0.31924395030911756 0.2778843162393284
0.02651912104129117 0.15121458236577023 0.23246309617361116 0.5898032004193274
0.1771910516772529 0.15157512283745622 0.30244522476545743 0.36878860071983344
0.20720629038925564 0.6423466346844421 0.10357751738139842 0.04686955754490385
0.310186875298187 0.05677469261254897 0.09382186697005446 0.5392165651192096
0.42718962951249384 0.0064327522902637435 0.4259862724050901 0.1403913457921523
0.35413027207608405 0.4213856044565476 0.2195344264243032 0.004949697043065138
0.09799092114564267 0.2947328258744738 0.5758922613312363 0.03138399164864725
0.16399808241071 0.11396561036044406 0.5455871076893296 0.17644919953951632
0.4741303614194492 0.27462523623758406 0.1769468347896367 0.07429756755333006
0.389271280785603 0.2613659419966875 0.08020494386014043 0.26915783335756904
0.20627827017716915 0.14065309719474028 0.06577372757329425 0.5872949050547963
0.4768780040083739 0.2784065042198691 0.09953661058841279 0.1451788811833442
0.27219737646072817 0.20215815022118377 0.07779150849131533 0.4478529648267727
0.516589293988249 0.33243729609980377 0.10906036145145859 0.0419130484604886
0.0796724169393287 0.1991439576462557 0.19525561092300914 0.5259280144914065
0.2055806154418085 0.08787568758161224 0.1594673975052333 0.547076299471346
0.40996198940723616 0.4861445703185975 0.037874778627922434 0.06601866164624393
0.06326907301116036 0.1921259394039183 0.2190802900885691 0.5255246974963522
0.09147924548450193 0.4336327826709109 0.07254037833061477 0.4023475935139724
0.3109784917360907 0.06586835394578683 0.16352004640847295 0.4596331079096495
0.41287517029972487 0.18380384529464322 0.39882052293472325 0.0045004614709086566
0.4543218475802414 0.2337343341133704 0.07250143154719046 0.2394423867591977
0.0684440013800035 0.1489790267098705 0.03728184674807822 0.7452951251620478
0.0687282530801484 0.13056602786532612 0.0653616705905985 0.735344048463927
0.09187012885513157 0.0064791544385019995 0.2868942326742612 0.6147564840321053
0.33656331975055165 0.08515465565762192 0.026317954948401723 0.5519640696434247
0.10044930100646587 0.014491943485321124 0.5820702498354707 0.30298850567274227
0.09860670523694193 0.0315777351395764 0.437874468513602 0.43194109110987966
0.39732124641348965 0.03111267188107858 0.023981265579836153 0.5475848161255956
0.08651005505353382 0.05603445448722211 0.17630616733996585 0.6811493231192782
0.19264542635407067 0.3196159780655615 0.15955077315285104 0.32818782242751676
0.6527038227583593 0.2963433607018401 0.01694122442069823 0.03401159211910243
0.18293421078774463 0.2817091145123084 0.34805402444836986 0.1873026502515771
0.46036160469005283 0.4607478871059134 0.06654538767130747 0.012345120532726295
0.47975433244342136 0.13504653527270094 0.3451428416595925 0.040056290624285174
0.07031813354991545 0.21565966140134363 0.1740943732718705 0.5399278317768704
0.20920896966062041 0.6226299064644991 0.09302840204746765 0.07513272182741282
0.3778691841600531 0.0444574486819006 0.13745228624536332 0.44022108091268297
0.06125709448844452 0.671421097241923 0.09771099691328755 0.16961081135634493
0.1118693145882581 0.4154123211077685 0.08971329414218643 0.383005070161787
0.8371521111766238 0.07017534485034693 0.05988384365129917 0.03278870032173009
0.4005801562854373 0.004202226512610818 0.005247305929569235 0.5899703112723826
0.14365736167306975 0.3392183470530771 0.20666653624773623 0.31045775502611694
0.16232500380379788 0.2852433049795928 0.20033063075765245 0.35210106045895684
0.29762472582356725 0.1379425385997246 0.41397130666939186 0.15046142890731629
0.5028103588292622 0.02646895473480726 0.13673282381221086 0.3339878626237197
0.3604854666489441 0.1881070753402101 0.28371551392006955 0.16769194409077626
0.17662198743169488 0.7390221546481 0.049080608802830716 0.03527524911737445
0.4123862235785758 0.07432099344671061 0.47317147098096324 0.04012131199375035
0.05867099546165999 0.8944762338604735 0.04026196230924506 0.00659080836862147
0.4932757632110255 0.1662108365705075 0.049033440006920004 0.291479960211547
0.6625763455465022 0.062076561544130104 0.01866780669950474 0.2566792862098629
0.5271974275287725 0.04786960408163021 0.07398213921911245 0.3509508291704848
0.1301340593724516 0.7477718144182198 0.12105253642984293 0.0010415897794856521
0.7066683112008593 0.08092625454792035 0.01737451689777314 0.19503091735344724
0.12528032890315 0.36878567154476827 0.4823543040232975 0.02357969552878425
0.06442476707661193 0.3132112649439276 0.43538170900231066 0.18698225897714982
0.2162619666534542 0.6708084284566428 0.021139491459776116 0.09179011343012689
0.22963567058645762 0.1454862787544281 0.12893314982642357 0.4959449008326907
0.1491110561304423 0.6589154899521215 0.16791921139302202 0.024054242524414238
0.009554472598895525 0.004298573674179962 0.7938847910670336 0.19226216265989093
0.44132594763771127 0.060173383088250265 0.210879770478265 0.28762089879577346
0.11131076830279707 0.6416497400628415 0.16665260237304336 0.0803868892613181
0.24095747104792864 0.03540063262059756 0.5269730232686035 0.1966688730628703
0.05837764955632374 0.2561519127890606 0.4742158558479882 0.21125458180662748
0.012873757745329284 0.009134919733616575 0.4030133234416542 0.5749779990794
0.1844770768163816 0.06694641572155957 0.6677024502320595 0.0808740572299993
0.08888617579747393 0.12026061083707196 0.6489338959586187 0.1419193174068354
0.37735818545225963 0.03036461951880698 0.2839391693865819 0.30833802564235147
0.6785853629042715 0.20711257016748552 0.06195302229527322 0.05234904463296974
0.17094301096960773 0.39393413090967244 0.16095193828018006 0.27417091984053976
0.035401325859717114 0.015048235146973954 0.02102124610286149 0.9285291928904474
0.13016940720660508 0.7404451396912121 0.07207616006011841 0.057309293042064446
0.2772452675682662 0.3125283371988322 0.3089179845481479 0.10130841068475371
0.4532159747754686 0.33776715333468155 0.04574769834621739 0.16326917354363246
0.27789768800119874 0.36151458766589817 0.10622422396889386 0.25436350036400923
0.16914655988673277 0.44438253367233327 0.11882947334636529 0.26764143309456867
0.4978118920363077 0.057776476211553573 0.19011340510700825 0.25429822664513047
0.024928813453840903 0.05893818586208921 0.13930363555324354 0.7768293651308263
0.2039777213432824 0.28769743905420564 0.28549583196257633 0.22282900763993563
0.3190639076307651 0.01429173293742625 0.24019966571009788 0.4264446937217108
0.4419248252866401 0.09059114893586429 0.07349923841376504 0.39398478736373055
0.21457481987517102 0.08463823303677076 0.05341109863631177 0.6473758484517464
0.1322770278406381 0.5280981719274911 0.2571768521405047 0.08244794809136613
0.2994690388903105 0.28291990598484285 0.2964580646052566 0.12115299051959005
0.11059053829919008 0.39206383427848046 0.11174317388510546 0.385602453537224
0.00836672938633598 0.2954966176602538 0.44810434638654995 0.24803230656686026
0.3377386902716616 0.08440495142564086 0.08266047968682644 0.4951958786158711
0.08247444707113427 0.44704142799978064 0.3067115161322673 0.16377260879681776
0.058737085508797415 0.5225532579345299 0.19521967182236766 0.22348998473430504
0.1422945046607591 0.0012188498077230214 0.7794392543638275 0.07704739116769033
0.6516199229432482 0.15406088404036544 0.12562814639625863 0.0686910466201277
0.270100220129873 0.052351351041349026 0.48517633917919134 0.19237208964958663
0.2828181449323893 0.05454491146234064 0.48382683234018453 0.1788101112650855
0.4469723503963846 0.18059748672512788 0.1653518184905457 0.20707834438794182
