10 20 4 56.52952574450767 113.05905148901533
7.941885789400714 1.1867675442346135 6.702834114336479 7.7392349428475065 5.4865631107233135 3.023169809777629 2.782565782836616 7.8447764097906285 2.521997529062819 1.7950583275660925 7.1682383653101756 9.58054011575443 1.03553439695123 5.60973037047199 8.313588654869022 6.512734601464493 7.495797856886196 3.6268846135356982 9.259967102616491 7.431182050579215
1.5883771578801427 0.2373535088469227 1.3405668228672958 1.5478469885695012 1.0973126221446627 0.6046339619555259 0.5565131565673231 1.5689552819581256 0.5043995058125639 0.3590116655132185 1.433647673062035 1.9161080231508858 0.20710687939024602 1.121946074094398 1.6627177309738044 1.3025469202928988 1.4991595713772392 0.7253769227071396 1.8519934205232982 1.486236410115843
0.3733407600514692 0.06849241437152687 0.10071119358826519 0.45745563198873873
0.6177669784693172 0.032630203462150065 0.15482601490127923 0.19477680316725354
0.09045934927090737 0.02352501259264239 0.7946645189451185 0.09135111919133176
0.04689631938924976 0.15205122028956253 0.34863861624043124 0.45241384408075647
0.2959617068796787 0.02954993095257008 0.02614100159983912 0.6483473605679121
0.3841144486921996 0.008414795254387708 0.4285764138903412 0.17889434216307154
0.5973716482308843 0.22875119561185553 0.16150263105913243 0.012374525098127753
0.03928176722538734 0.04033132293057684 0.4549448586458509 0.46544205119818494
0.039959208689977266 0.27496766315271104 0.015792440139443698 0.669280688017868
0.34634715008003303 0.5317494926448253 0.0018185317930576872 0.12008482548208399
0.30087130894070724 0.2969653390222664 0.007740916430783118 0.39442243560624324
0.30306256065103476 0.1720696867640158 0.08244594124759363 0.4424218113373558
0.06425106069482445 0.2754567829430392 0.6373728822848181 0.022919274077318197
0.06809727353795003 0.2501755319410012 0.2598636244035163 0.4218635701175325
0.350656391283133 0.23536558877004288 0.19592713856597255 0.2180508813808516
0.05047767015399762 0.24925220227056522 0.3737370528601577 0.3265330747152795
0.10806377277945256 0.11070557640008416 0.667057746988169 0.11417290383229428
0.10687958439356915 0.04074060789172851 0.3221651011551968 0.5302147065595055
0.2267733432700092 0.021839164532760247 0.3964596186654724 0.35492787353175814
0.014860024633228108 0.5518898999417718 0.3554828623285463 0.07776721309645374
0.14217004760152696 0.29184394573176675 0.24011962173305157 0.3258663849336547
0.5131382425543909 0.00850890983924324 0.07939180101091026 0.3989610465954556
0.30070005663620336 0.018536032352341913 0.5094452373191314 0.17131867369232334
0.6262871483113925 0.19299984735867615 0.03756330678766451 0.1431496975422668
0.16501589771914849 0.5896317938107087 0.12928878803132904 0.11606352043881374
0.0934603745586503 0.057691645083913556 0.7931086925962373 0.05573928776119885
0.25137413420705934 0.20493041288772473 0.4465272132368433 0.09716823966837262
0.30545991834281827 0.051721840291718 0.23301960435088664 0.4097986370145771
0.42949217843163834 0.20699896463590628 0.13733915314305123 0.22616970378940415
0.04309735620499444 0.3744117876342725 0.3457314433044141 0.23675941285631896
0.025399782050106068 0.2368158790818442 0.25125096627633814 0.4865333725917116
0.24207587540352737 0.050722100885981725 0.27270904359865844 0.43449298011183246
0.4407738249006665 0.0542748059817878 0.4837705148751883 0.021180854242357383
0.46453080777933253 0.05526617809604761 0.3341367646251062 0.14606624949951363
0.037094413234407875 0.5260962712583371 0.15541212588950526 0.28139718961774973
0.1591937333780935 0.17862215368658596 0.1745182662088698 0.48766584672645075
0.17890280857109042 0.1864621626430254 0.387131199004487 0.24750382978139718
0.18403482209315125 0.4142208491859579 0.14634756949645145 0.2553967592244394
0.048628006263405577 0.3327835286412265 0.16099698132337215 0.45759148377199577
0.5334708849890026 0.39188598787877416 0.052542390534228156 0.022100736597995052
