96 30 4 83.95053987651306 167.90107975302612
2.93218200115144 9.185521342074972 8.355118358471112 9.134924272615967 7.361913429769851 2.0626858120679605 1.831607335680888 6.057765984814115 6.142707686675583 1.3506126811717944 3.9389271912439794 3.6173636559920155 5.595068596190384 3.7346213452388306 3.7336958635434563 2.288549456045356 1.3269702566767276 4.593118041940829 7.721578294143155 8.694709729852784 6.892124142933159 9.696610395600906 6.79289794677858 7.6984045438765225 8.488023225404074 1.0536225147505185 5.8002190563311515 9.287448154648803 2.6495547975799534 9.88253363976123
0.586436400230288 1.8371042684149945 1.6710236716942224 1.8269848545231935 1.4723826859539701 0.4125371624135921 0.3663214671361776 1.211553196962823 1.2285415373351165 0.2701225362343589 0.7877854382487959 0.723472731198403 1.1190137192380767 0.7469242690477661 0.7467391727086913 0.4577098912090712 0.26539405133534555 0.9186236083881658 1.544315658828631 1.7389419459705568 1.3784248285866316 1.9393220791201813 1.358579589355716 1.5396809087753045 1.6976046450808149 0.2107245029501037 1.1600438112662304 1.8574896309297606 0.5299109595159907 1.976506727952246
0.2511300020650048 0.21846208538495882 0.3555489941520277 0.1748589183980087
0.04499599974025348 0.40573331942711144 0.37227727644171704 0.17699340439091804
0.32638728586656496 0.42141328279269064 0.21806720171833838 0.03413222962240603
0.21609459094336847 0.6732392788450909 0.04333870587962774 0.06732742433191286
0.301664042459554 0.03747999990660944 0.5179647062718951 0.14289125136194147
0.19325979443655517 0.11185440500854926 0.32140121029275603 0.37348459026213954
0.25188527770680724 0.11618802228293945 0.06162237749883448 0.5703043225114188
0.044345001064540424 0.09845713640381981 0.6716113589414215 0.18558650359021822
0.11125097444127774 0.24380181244913313 0.3145714848324983 0.33037572827709083
0.24321965274798474 0.02180556934696709 0.6836409503404646 0.0513338275645836
0.2650387582290835 0.06652191919591299 0.4985870679887434 0.16985225458626008
0.11295392520061687 0.4333643911943318 0.3152684087383948 0.13841327486665655
0.385319992446691 0.011876566556169088 0.5363403235255371 0.06646311747160283
0.2098680648214234 0.23593630471900018 0.5187537452165164 0.03544188524306002
0.27427047103103575 0.12972317217348006 0.18629884510139538 0.4097075116940888
0.38473060452926533 0.019050966721692486 0.3288588894689921 0.2673595392800501
0.15255886863175994 0.40492231099278575 0.10289945863668437 0.33961936173876994
0.06819271606573463 0.2929925908148454 0.533593067074676 0.10522162604474394
0.020324746699501905 0.3195626238034256 0.5729221501253159 0.08719047937175661
0.3189667498185973 0.0292123326653132 0.12244169988522335 0.5293792176308662
0.16043195377733488 0.4581781157456596 0.3735293785813397 0.007860551895665813
0.507377448912923 0.2582395928063509 0.048159364468864596 0.1862235938118615
0.4631533817834457 0.28093691725123004 0.17933192720449298 0.0765777737608313
0.5550353717648381 0.09634538974876761 0.24913012905911203 0.09948910942728229
0.135132651490679 0.07375085683718585 0.680414184441427 0.11070230723070817
0.3146947974519465 0.3672488628111502 0.22773236428717003 0.09032397544973325
0.4401976568500302 0.16781428674068655 0.1519543784816535 0.24003367792762975
0.04421946835703583 0.6532898892804743 0.20224807052516824 0.10024257183732166
0.5650672517217405 0.023554977556792145 0.402378889333986 0.008998881387481283
0.02403961534949417 0.3424818666140612 0.4303902447935888 0.20308827324285583
0.4361622412042425 0.12009517167456318 0.08073007282713218 0.3630125142940621
0.1748522179179871 0.10851392494114542 0.38275628124103056 0.3338775758998369
0.2591235517624423 0.07578030290801363 0.36092928519706313 0.30416686013248095
0.42776545485268735 0.34067458082491975 0.09212686910904933 0.13943309521334357
0.22408316518713312 0.052836605664818626 0.7226787534603019 0.00040147568774639986
0.244267996735125 0.4691570508956996 0.2767536031730309 0.009821349196144524
0.1810468666253544 0.5580322040680924 0.10464875992975686 0.15627216937679633
0.024860008605800843 0.28455506837663647 0.448550357801053 0.24203456521650968
0.5497785324186689 0.20285015744109858 0.15935042293293966 0.08802088720729284
0.07127456329147219 0.032216013889798556 0.15730127807030914 0.7392081447484201
0.3631985476161965 0.508212723235789 0.10811070926844446 0.020478019879569986
0.02474555396430922 0.5254909977460364 0.15353268135068687 0.29623076693896755
0.13101874275050418 0.1110614891907522 0.5910217302982993 0.16689803776044432
0.1956115986982746 0.20722331093805235 0.2870330475203242 0.31013204284334883
0.05770424960306242 0.20311161304617864 0.5036579330243961 0.23552620432636284
0.11232874164862694 0.24601028824179827 0.6235606280025353 0.01810034210703948
0.3185302330702351 0.4779581088322351 0.06642236840380844 0.13708928969372136
0.40340525531258997 0.24005689985646006 0.11734326396866857 0.2391945808622814
0.13854428014052933 0.07659550203278742 0.47900963489864934 0.3058505829280339
0.27376658763693307 0.18495877676817918 0.13354725141802615 0.4077273841768616
0.72027466778377 0.079516309648206 0.11915980034731055 0.08104922222071342
0.0473419581208675 0.5240065544779191 0.1672999864278505 0.2613515009733629
0.29685464701419206 0.11905488725245894 0.37053005141482276 0.21356041431852624
0.5659884219937121 0.010849069737725814 0.17747885087254234 0.24568365739601972
0.2325948061545564 0.25948486611803423 0.08682876038745435 0.421091567339955
0.09586242980960091 0.21799536597228597 0.28489724356768586 0.40124496065042725
0.09293951957770286 0.6935092506776208 0.17399021048696806 0.039561019257708274
0.4575583451518088 0.3885484965854471 0.03633966259392918 0.1175534956688149
0.44162060928102564 0.07705849508167228 0.07212128644744542 0.40919960918985665
0.256904205641187 0.1141956926688461 0.30515397554986723 0.3237461261400997
