42 90 4 236.31671646304363 472.6334329260873
4.370861069626263 9.556428757689245 7.587945476302646 6.387926357773329 2.4041677639819286 2.403950683025824 1.5227525095137953 8.795585311974417 6.41003510568888 7.372653200164409 1.185260448662222 9.72918866945795 8.491983767203795 2.9110519961044856 2.636424704863906 2.650640588680904 3.7381801866358395 5.72280788469014 4.887505167779041 3.6210622617823773 6.506676052501415 2.2554447458683766 3.629301836816963 4.297256589643226 5.104629857953324 8.066583652537123 2.7970640394252375 5.628109945722504 6.331731119758382 1.4180537144799796 6.467903667112945 2.5347171131856236 1.5854643368675156 9.539969835279999 9.690688297671034 8.275576133048151 3.741523922560336 1.8790490260574548 7.158097238609412 4.961372443656412 2.0983441136030097 5.456592191001432 1.3094966900369656 9.18388361870904 3.3290198344001523 6.962700559185838 3.8053996848046987 5.680612190600297 5.920392514089517 2.6636900997297435 9.726261649881026 7.976195410250031 9.455490474077703 9.053446153848839 6.381099809299767 9.296868115208051 1.7964325184672756 2.763845761772307 1.4070456001948426 3.927972976869379 4.498095607205338 3.442141285965063 8.458637582367365 4.210779940242304 3.5284105871864266 5.884264748424236 2.2683180247728636 8.219772826786357 1.6709557931179373 9.881982429404655 7.9502029236699165 2.7884411338075514 1.0496990541124216 8.339152856093508 7.361716094628554 7.561064512368886 7.941433120173512 1.6664018656068134 4.226191556898454 2.0428215357261674 8.767930832880342 6.609683141448022 3.9780822236738427 1.5720251525742128 3.79884089544096 3.9266498982407234 7.566455605042576 6.738017242196918 8.98491468318694 5.249934326457543
0.8741722139252526 1.911285751537849 1.517589095260529 1.2775852715546658 0.48083355279638573 0.4807901366051648 0.30455050190275906 1.7591170623948833 1.2820070211377759 1.474530640032882 0.2370520897324444 1.9458377338915898 1.698396753440759 0.5822103992208971 0.5272849409727811 0.5301281177361808 0.7476360373271679 1.144561576938028 0.9775010335558083 0.7242124523564755 1.3013352105002831 0.4510889491736753 0.7258603673633927 0.8594513179286452 1.0209259715906647 1.6133167305074245 0.5594128078850475 1.1256219891445007 1.2663462239516765 0.2836107428959959 1.293580733422589 0.5069434226371248 0.3170928673735031 1.9079939670559998 1.9381376595342068 1.6551152266096303 0.7483047845120672 0.375809805211491 1.4316194477218824 0.9922744887312824 0.4196688227206019 1.0913184382002865 0.2618993380073931 1.8367767237418078 0.6658039668800304 1.3925401118371676 0.7610799369609398 1.1361224381200594 1.1840785028179035 0.5327380199459487 1.9452523299762052 1.5952390820500062 1.8910980948155405 1.8106892307697677 1.2762199618599532 1.8593736230416102 0.3592865036934551 0.5527691523544613 0.2814091200389685 0.7855945953738759 0.8996191214410676 0.6884282571930126 1.6917275164734729 0.8421559880484608 0.7056821174372854 1.1768529496848472 0.4536636049545727 1.6439545653572716 0.33419115862358745 1.9763964858809309 1.5900405847339834 0.5576882267615103 0.2099398108224843 1.6678305712187016 1.4723432189257109 1.5122129024737772 1.5882866240347024 0.33328037312136266 0.8452383113796907 0.4085643071452335 1.7535861665760684 1.3219366282896043 0.7956164447347686 0.3144050305148426 0.7597681790881919 0.7853299796481447 1.5132911210085154 1.3476034484393835 1.796982936637388 1.0499868652915088
0.1195942459383017 0.6411908026785957 0.010182131337663547 0.229032820045439
0.02541912674409519 0.006010058942639063 0.4913036436952598 0.47726717061800594
0.3143559810763267 0.09602694195930306 0.4971835508904633 0.09243352607390698
0.22879816549162246 0.06095328742214556 0.639946199428805 0.07030234765742693
0.6334037565104235 0.170268320388691 0.08888692159086331 0.10744100151002223
0.22793516254194168 0.09006831242992219 0.48943668019219866 0.19255984483593747
0.006952130531190703 0.4104588726175883 0.4006037627737141 0.18198523407750689
0.1198653673336828 0.3989252544096833 0.42411908216915306 0.05709029608748084
0.363629602379294 0.13361890351309147 0.4651987890497258 0.03755270505788877
0.05147875124998935 0.23336174312747826 0.32472383960242923 0.39043566602010316
0.1448948720912231 0.7633710138754306 0.07738456814394701 0.014349545889399296
0.23763754399239967 0.13014558872685356 0.3043524146866253 0.32786445259412145
0.0902897700544083 0.23049029491732753 0.31274964578915887 0.3664702892391053
0.040775141554763916 0.47131791674451706 0.16547130354300144 0.3224356381577176
0.6451727904094499 0.04576494769301609 0.24579225063426857 0.06327001126326548
0.2579416277151556 0.0831247233351029 0.5836272672283043 0.07530638172143722
0.09310276780589921 0.4365478105501073 0.28757162184520935 0.18277779979878417
0.3390297910487007 0.3869258878215387 0.17446237829309108 0.09958194283666955
0.16162871409461377 0.480402932059674 0.24505477811082954 0.1129135757348827
0.005061583846218687 0.09640995901981342 0.5049575167935578 0.39357094034041007
0.5487337893665861 0.10322747013601441 0.06021796184493533 0.28782077865246414
0.3253996981592677 0.32423320088794694 0.007979993253128703 0.34238710769965663
0.09367476782809248 0.17152759985363297 0.7078081870707201 0.026989445247554422
0.5769038846263591 0.2179074189152893 0.09723525163546487 0.10795344482288671
0.1952429877980445 0.0855293746428113 0.364699933466312 0.3545277040928322
0.015456616528867428 0.8994077736915811 0.025594194132465775 0.059541415647085705
0.2944488920695857 0.13373525624772864 0.5354358287719385 0.036380022910747156
0.1694927466860925 0.6816439248307644 0.08501810264392407 0.06384522583921903
0.14008401523652403 0.42997715485284094 0.044946056609804774 0.38499277330083026
0.35949115121975517 0.3375245897755128 0.18035733093268747 0.12262692807204456
0.5113423988609378 0.2980187566175758 0.05771116310159008 0.1329276814198963
0.7019668772577033 0.0963283017090718 0.09171016285079114 0.1099946581824337
0.375582952639944 0.09001506549251614 0.11268212286371382 0.421719859003826
0.03050024993904943 0.256041002189235 0.5360593085313738 0.17739943934034175
0.12706051265188478 0.4958299631671155 0.14710307727961058 0.23000644690138916
0.0516817211686077 0.4889534004414988 0.18545621211255503 0.27390866627733845
0.4389714207056361 0.0773289275955592 0.27888584646750836 0.20481380523129633
0.02535074341545751 0.38360220099881237 0.42702717609793595 0.16401987948779417
0.15643704267108605 0.3927896220350344 0.1109707120116108 0.33980262328226873
0.4196000624277899 0.13475399008361078 0.4005112281517934 0.045134719336805906
0.014393488629755868 0.03160915339199688 0.30997003662950884 0.6440273213487384
0.4741738290873252 0.017442046029507163 0.36384470889417486 0.14453941598899278
0.17320186991001518 0.22530286448735826 0.23658891647027036 0.3649063491323562
0.3746126146264712 0.12852364395361648 0.1555573730388573 0.341306368381055
0.026511310541621813 0.04405743685880803 0.8696614940245277 0.05976975857504241
0.3881699262065219 0.07008296428499472 0.48321191828500853 0.058535191223474836
0.10077800137742665 0.09501313341186979 0.7653994290346178 0.03880943617608579
0.07118864846022899 0.02325431229569941 0.7504323502135262 0.15512468903054544
0.11816482762165625 0.5107780191582277 0.1855256358090518 0.18553151741106422
0.2820345725713065 0.4530364712325793 0.015543707836972565 0.24938524835914166
0.34080354025301784 0.031214545539765326 0.6184870562078901 0.0094948579993267
0.10312386883593261 0.6477471989555648 0.10754168405151443 0.1415872481569882
0.32004960103061175 0.06915207770355136 0.11605069371369403 0.49474762755214285
0.31931363759041487 0.5860683388288488 0.045225170518292446 0.0493928530624439
0.29321077169806453 0.33862644047173474 0.04068124390723915 0.3274815439229616
0.057558760016644284 0.033647343032046084 0.7003729406771582 0.20842095627415147
0.14299168205283586 0.20792333049924283 0.09061548882129833 0.558469498626623
0.07276300636419353 0.011343799750803907 0.5341112572012636 0.38178193668373894
0.08483771408519192 0.2894330816709284 0.3319714314003759 0.2937577728435038
0.37625958553091576 0.4365399817265868 0.17320149656536832 0.013998936177129107
0.11119748230615134 0.31302452694082494 0.3529249066804605 0.2228530840725632
0.011353644767419069 0.04494963091441828 0.06122297109526753 0.8824737532228951
0.28571208628186073 0.46033279298356256 0.21612766920911863 0.03782745152545808
0.012154474689816341 0.03100543726075977 0.18043592656887653 0.7764041614805474
0.07379656473539886 0.453904544350901 0.4416014265327991 0.03069746438090104
0.45454106476777323 0.129773247155327 0.045084326212162296 0.37060136186473747
0.04544638034145787 0.41021037244425507 0.4947547312908458 0.04958851592344127
0.2773811829811327 0.18631722195884948 0.11995770691088992 0.4163438881491279
0.30952761628632774 0.3886340977334174 0.27623309364642135 0.025605192333833515
0.6847311725538793 0.2261960119399632 0.03887272879808157 0.050200086708075964
0.04521867010618941 0.5681965258296005 0.3193132874182234 0.06727151664598674
0.3764633668780496 0.21766734847408553 0.39314541396280933 0.012723870685055538
0.4148195023376652 0.42350920237347267 0.13158569310346535 0.030085602185396798
0.056375496650927115 0.7565255124791505 0.1837358279438278 0.0033631629260946205
0.4505441353100935 0.318443279870417 0.08065997549690096 0.15035260932258854
0.22864280550346272 0.3894854349544331 0.33592278680082654 0.04594897274127763
0.11355759219962902 0.40660590891236437 0.00014419979179991493 0.4796922990962067
0.13401522845064073 0.4178916103238448 0.3247467638838595 0.12334639734165498
0.13637147558676976 0.5677082925124538 0.05105748757439543 0.244862744326381
0.350587558806597 0.04165648629313534 0.5119146493940161 0.09584130550625158
0.39654278232127016 0.11744670683854064 0.3483742195869344 0.13763629125325483
0.14707348092903794 0.31206227530922337 0.032980536841276886 0.5078837069204618
0.07586332810866392 0.4167547658842057 0.14078276032385617 0.36659914568327423
0.12804583895777244 0.010781333691637696 0.04305291174973469 0.8181199156008552
0.19228901880867078 0.4752687197123564 0.22923067138498465 0.10321159009398817
0.12063587110060081 0.04829919197156374 0.008075421204582267 0.8229895157232532
0.039312139841098936 0.16702157856469357 0.29708355244906437 0.4965827291451431
0.06107795985486375 0.566822429636044 0.24567823461586946 0.12642137589322278
0.18452101935637732 0.18595108343500466 0.43572917700167935 0.19379872020693867
0.0366832028905979 0.42585151324255 0.15572005539714806 0.38174522846970405
0.49379559636439074 0.06748160120510549 0.15196758965349877 0.286755212777005
0.10789142699330445 0.3196495913652452 0.20886939290523077 0.3635895887362196
0.24929222914887494 0.2592784620158278 0.2469804473783459 0.24444886145695133
0.07697990982879299 0.08424137742521143 0.6468990923104125 0.19187962043558304
0.18657005888603584 0.3527721830296149 0.332118348272067 0.1285394098122823
0.11005192452767676 0.31705586409857955 0.4689835112972369 0.10390870007650677
0.22210781047073025 0.2886394921068355 0.3499832806787777 0.13926941674365656
0.32320293202075523 0.014412239382872727 0.3654037874915499 0.29698104110482215
0.25178229582536416 0.04909601399140551 0.670903772904191 0.02821791727903933
0.036886947354532795 0.24175951688207864 0.22403255899225005 0.4973209767711385
0.23956189066697242 0.0024933808445279926 0.2473974887660626 0.510547239722437
0.6323058305935795 0.0959105180182801 0.033403266716858004 0.23838038467128242
0.18651851039985423 0.34925617367490425 0.2995278115144795 0.16469750441076203
0.016587828927856152 0.2099079462700818 0.36439716799030386 0.4091070568117582
0.13752094414599325 0.03684548485899819 0.21236891729554597 0.6132646536994626
0.11347352124058907 0.54651052479359 0.21735530734680197 0.12266064661901899
0.24185229090045168 0.31334852069901065 0.3420149463538644 0.10278424204667325
0.3492095746126609 0.28389188266060705 0.26400880267930915 0.1028897400474229
0.08413996499504883 0.695735580862575 0.11867864266945538 0.10144581147292075
0.009197051616629648 0.151610999800869 0.5026937176905572 0.3364982308919442
0.22426930946055978 0.012979778036240286 0.4546461101958932 0.30810480230730675
0.5683086033354716 0.17818280178255252 0.10273200537615379 0.15077658950582207
0.24398964337908358 0.12372615968034995 0.025381921607326885 0.6069022753332396
0.4925176938188639 0.010119399286328212 0.12850153289207078 0.3688613740027371
0.02431596643145384 0.1527947129755951 0.5453414358544564 0.2775478847384947
0.3701587002554444 0.558159862332281 0.025610014414861992 0.046071422997412625
0.38509772860192526 0.4679117268654348 0.1136453635763095 0.033345180956330434
0.31692200515627766 0.2398792573020725 0.13922853421662285 0.303970203325027
0.09717649377076854 0.4211531585929682 0.47172419774052654 0.009946149895736722
0.29359184426449336 0.4088922397226159 0.038284533767095175 0.25923138224579556
0.5015162946871996 0.30859709999198115 0.10312715787729054 0.0867594474435287
0.3379951568515358 0.31196877392622935 0.1458287386583359 0.20420733056389895
0.035942273796742086 0.058039666044126914 0.4486626948667076 0.4573553652924234
0.03734818874921442 0.3228424526620485 0.23064261915774786 0.40916673943098925
0.085347464993768 0.13047356250307518 0.3064222325579612 0.47775673994519563
0.531354631568148 0.10607526993005856 0.33842217796432805 0.024147920537465395
0.07845638134226596 0.19237586991980826 0.052124221679171745 0.677043527058754
0.17329432007084578 0.5226798860228522 0.2666742085842271 0.03735158532207494
0.25024289816459533 0.02969099878134751 0.4346620257541195 0.28540407729993766
0.24773098950115746 0.3639897567331948 0.12617617046141627 0.2621030833042315
0.040728802318970136 0.0753438381879461 0.6417734699574529 0.24215388953563088
0.09783416065100148 0.3756376101295642 0.230186088599458 0.2963421406199763
0.04530400977204452 0.3885476394659285 0.18199844881424343 0.38414990194778353
0.1629344270814297 0.4629254886328067 0.2306299254740859 0.14351015881167772
0.575474177875879 0.010301403397584341 0.05664369693285232 0.3575807217936844
0.38610263780077425 0.15951415151516068 0.09767142912641824 0.3567117815576468
0.018221825651549728 0.05113947522361573 0.8359893410808983 0.09464935804393626
0.023271935735825866 0.29570369455793544 0.36403114312259555 0.31699322658364315
0.28185477477339993 0.4148823905907507 0.1807348481629023 0.12252798647294705
0.17743954377972282 0.6260413866051258 0.003353808882415432 0.193165260732736
0.4126176769114265 0.36379528383057036 0.15434436486156788 0.06924267439643528
0.42899402737501835 0.325548846709664 0.14801003259488432 0.09744709332043333
0.01083765148029836 0.8156198146274433 0.06906576238845885 0.10447677150379953
0.09128667678613356 0.48215121133715255 0.3766240789275188 0.04993803294919508
0.32866454536991596 0.11978097660840381 0.30392900745936025 0.24762547056231998
0.49442030470258147 0.055108577621154065 0.24008926047081836 0.2103818572054461
0.11706701642760586 0.6444436152898664 0.12619355104082752 0.11229581724170024
0.10112267612279024 0.5998464553363297 0.12089092783123623 0.17813994070964378
0.08134878064189976 0.28929336642499115 0.6159974314342845 0.013360421498824548
0.08350071669866876 0.6698774685602729 0.19387039212491708 0.0527514226161413
0.49262510429085915 0.0657791454449459 0.34795013535893093 0.09364561490526402
0.11881791626807192 0.34984272572605435 0.1805496601219373 0.35078969788393644
0.37487057952370406 0.20849818557345556 0.28523036309230065 0.13140087181053972
0.8911431136980711 0.07207942574254023 0.006656287267027716 0.03012117329236097
0.5230978441701488 0.030756440231171966 0.43911051171797955 0.00703520388069967
0.6275580800840634 0.06819060890055373 0.2054093215063718 0.09884198950901102
0.2809631895922303 0.3391694082093064 0.2701311860893796 0.10973621610908368
0.07773463696498484 0.11038652275877647 0.1652310683022915 0.6466477719739472
0.5360963663441204 0.2776986533628283 0.1724157247726542 0.013789255520397115
0.1626169393448913 0.5631025690434687 0.09681773453480902 0.177462757076831
0.026366974497252005 0.39187606179336687 0.4478208532097895 0.13393611049959164
0.15041689110352818 0.23047396552749333 0.4296624741508114 0.1894466692181671
0.27340707193070624 0.19528608786426405 0.3734257633407384 0.15788107686429131
0.5554317056026274 0.30929067065242577 0.13499529703107738 0.00028232671386940744
0.12915941515149498 0.11818868659170267 0.6974176281392304 0.05523427011757198
0.3581627180328405 0.24801191641803955 0.06552604995497668 0.32829931559414327
0.6715731955927996 0.10074519614283972 0.0798631085829008 0.14781849968145988
0.028782676313338973 0.37470018989905807 0.15745510532298923 0.43906202846461373
0.014544665667881929 0.1984194958410288 0.40734538984455393 0.37969044864653534
0.34825546702330035 0.08921945500042872 0.15244276483090402 0.4100823131453669
0.6220867002278735 0.16156631251326958 0.16586761091649904 0.050479376342357885
0.25824438829895835 0.668343236862536 0.05344495012398265 0.019967424714522952
0.12887972191064923 0.11126589686754385 0.08860599150931514 0.6712483897124918
0.15190269351229435 0.19376458981156885 0.2952074614793514 0.3591252551967854
0.04086861626647886 0.13145125493515097 0.3016417690612425 0.5260383597371276
0.08870253375705561 0.189887805274903 0.18218842900076715 0.5392212319672742
0.36426986104807546 0.32612496758128984 0.10901557027967734 0.20058960109095736
0.08175903194887191 0.19511861619833182 0.6439947523846095 0.07912759946818682
0.2093493233367103 0.275173661854311 0.26373670519263703 0.25174030961634164
0.25243694434402075 0.11647669522575166 0.3785572985639841 0.25252906186624346
