73 10 4 27.09611689378308 54.19223378756617
6.784209242074711 5.8475883787205225 5.607081842127671 6.4923150440169675 5.436900852500726 2.9301579801229165 3.1958201735882303 6.148850733805577 7.953657973525533 3.7956515670833118
1.3568418484149423 1.1695176757441046 1.121416368425534 1.2984630088033935 1.0873801705001451 0.5860315960245833 0.639164034717646 1.2297701467611153 1.5907315947051066 0.7591303134166624
0.1592118350089604 0.08222293186965668 0.16264840751394682 0.5959168256074361
0.261971566410789 0.657103864336341 0.051605678668464106 0.029318890584405843
0.02745454534689029 0.006589305983387583 0.15929210604779542 0.8066640426219267
0.05543144991224069 0.7644540525897447 0.15698773198539773 0.02312676551261683
0.12144207852392275 0.3859959923894395 0.12934735192826907 0.3632145771583687
0.08141217779739984 0.03662867160444194 0.6151552307376882 0.26680391986047003
0.26572512096520795 0.0531298567513816 0.289024120965677 0.3921209013177335
0.05119318231690495 0.3727417958065312 0.5400462827538071 0.03601873912275677
0.6884862466696176 0.10452075490539725 0.016188657631672876 0.19080434079331232
0.19557938962252908 0.05912786965405292 0.6731831152269678 0.07210962549645017
0.5886636756795394 0.008136372159712302 0.3089197935946527 0.09428015856609562
0.04342735745928439 0.061545547427478975 0.7713668154835386 0.12366027962969806
0.2686800163784132 0.0688169918895346 0.19508386333981587 0.4674191283922363
0.6552250360701749 0.03393581796632106 0.2580047061607408 0.052834439802763256
0.21287122555364413 0.2637269973970555 0.1261776534448359 0.39722412360446446
0.04210896216510707 0.31489857982313574 0.37413539715299715 0.26885706085876004
0.07715848916020318 0.5092531202960765 0.25235153772843044 0.16123685281528988
0.005555746492820868 0.580367819741534 0.0487150283964326 0.3653614053692126
0.1617884923065095 0.5028008164590074 0.2333773651992952 0.10203332603518789
0.5008957025215448 0.0019894478829715068 0.1706798567648321 0.3264349928306516
