59 30 4 72.88083046933721 145.76166093867442
9.316316040169827 2.4208352248131275 8.802235691342176 1.7574124677531238 6.162163155438649 3.537457901766215 3.3065250202900494 6.075823707624822 2.978410166368085 6.837587196243413 6.649770181687145 4.69876969325172 4.622890220788106 5.051458648034581 3.1053018741113103 2.208985268719106 1.942414906019978 5.2569120627097465 2.0246278225465213 3.5744228802778553 8.543905197936104 3.826660807359565 1.6873865068773057 7.924843082733688 3.321729865948895 9.409757328560543 8.27235707634315 4.017966487125982 5.422127484415392 3.004606971418264
1.8632632080339655 0.4841670449626255 1.7604471382684352 0.3514824935506248 1.2324326310877298 0.707491580353243 0.6613050040580098 1.2151647415249642 0.595682033273617 1.3675174392486826 1.329954036337429 0.939753938650344 0.9245780441576212 1.0102917296069163 0.6210603748222621 0.44179705374382117 0.3884829812039956 1.0513824125419493 0.4049255645093043 0.7148845760555711 1.7087810395872207 0.765332161471913 0.33747730137546117 1.5849686165467376 0.6643459731897791 1.8819514657121086 1.65447141526863 0.8035932974251964 1.0844254968830784 0.6009213942836528
0.43424816287038914 0.004877441114635617 0.5226411391543138 0.03823325686066148
0.1391296654495523 0.3963214475418154 0.37764848319986 0.08690040380877229
0.45319475756746885 0.16169008748989844 0.022943670202434707 0.362171484740198
0.2847275334476813 0.009383591527847956 0.469387065499983 0.23650180952448774
0.04292039032456896 0.6574405293161026 0.222554949923777 0.0770841304355514
0.02037620259994588 0.2626505659996555 0.6470394365325115 0.06993379486788709
0.16165598227743438 0.43219167497859745 0.30893350267717246 0.09721884006679571
0.03807370841415769 0.14822077928254096 0.32778697721860917 0.4859185350846922
0.2267638931054332 0.1317814005517891 0.4122386890221016 0.2292160173206761
0.3885777829973338 0.004231293056565666 0.23802553453972153 0.369165389406379
0.22459354112073338 0.3561759088167594 0.14209190276613837 0.27713864729636883
0.14193852666206042 0.017669566372218504 0.4601620546270715 0.3802298523386496
0.2680039156161971 0.09679826101649958 0.5216042627855516 0.11359356058175174
0.027775054743657823 0.19319481475532685 0.08034483154053251 0.6986852989604828
0.5459815942856074 0.007657388059870374 0.10299865179441425 0.34336236586010793
0.8506635319987125 0.08450310942131256 0.06096648230384161 0.0038668762761333575
0.4491186869685121 0.08831411497565 0.1104488011289253 0.3521183969269126
0.6167233926681641 0.1957913898922773 0.11452086018908147 0.07296435725047712
0.4051982721522879 0.08938043926370898 0.07270753831867838 0.43271375026532477
0.3467780033381418 0.17239510332989783 0.20613291028809633 0.27469398304386405
0.6781876421508719 0.21155794699181052 0.03151051629907142 0.07874389455824615
0.22531210154403458 0.19469873680832994 0.46687833755429997 0.1131108240933355
0.33916311981823855 0.3759686164397029 0.18327865838128254 0.10158960536077599
0.12672675034450753 0.06614669012111807 0.3910414636267493 0.4160850959076251
0.1889188697526757 0.09485652402129052 0.6638038594877668 0.05242074673826702
0.14884054372850242 0.5766237622649286 0.058138283314960626 0.21639741069160834
0.00632618017181763 0.33918929598764036 0.5846075782254755 0.06987694561506652
0.07436729028064215 0.495675619997074 0.3331244179257734 0.09683267179651045
0.18944046552105231 0.2184406718634424 0.5411134905429148 0.05100537207259048
0.35535779582824367 0.09697276418670642 0.4429685963773812 0.10470084360766874
0.43949222130857735 0.200735837223739 0.00416586775696981 0.35560607371071384
0.44325941547937386 0.11280080547615312 0.37931907146841815 0.06462070757605487
0.3892098495304297 0.2826887879620573 0.27805739036606714 0.05004397214144585
0.20038850181647017 0.10996286763873886 0.38916671461846775 0.30048191592632323
0.3410203208788821 0.29938009495202433 0.10071607345012756 0.258883510718966
0.43741153508115405 0.10436149944707673 0.2700944611021029 0.18813250436966633
0.39166643544557445 0.41795107102025186 0.08640040627208423 0.10398208726208946
0.6337440668597117 0.09450571743877045 0.18326081328741306 0.08848940241410475
0.2624744876103656 0.4139550938663674 0.28292468730106324 0.04064573122220372
0.75706747898359 0.15850523544902106 0.077559698869748 0.006867586697640982
0.4803256469202636 0.10878036283144077 0.06912057491458878 0.34177341533370686
0.5446401741204917 0.25575839914513154 0.0615630737069881 0.13803835302738865
0.010829225901887174 0.5289276037201693 0.23226135530342185 0.22798181507452164
0.03231887124015731 0.2223004575992611 0.017181510867869232 0.7281991602927124
0.22418098794063634 0.014657039965376706 0.5576263249654292 0.20353564712855776
0.07911708122124295 0.5586845153725774 0.15207045004275332 0.21012795336342638
0.11252597878197734 0.5740894054882015 0.24958268771467085 0.06380192801515028
0.04921465222684429 0.502497885393067 0.09480975698640104 0.3534777053936877
0.16966282079174422 0.2759677254294135 0.3100018847494842 0.24436756902935808
0.22996225063142417 0.33996857631500266 0.02036484495070512 0.40970432810286805
0.23742298368822046 0.2509404676286393 0.15163604666457997 0.36000050201856026
0.4571646534021364 0.014776022489393914 0.0008136929888327149 0.527245631119637
0.14221201786725834 0.10834806981579981 0.5878827363852032 0.16155717593173868
0.16402868383567482 0.46541618648621896 0.3692690718025413 0.0012860578755649055
0.5159215249128292 0.21084005941208728 0.12470238695236713 0.14853602872271643
0.14437139767857066 0.06627085669709298 0.5977649370614749 0.19159280856286143
0.3869535757941768 0.16077725363693007 0.3899033031500807 0.06236586741881245
0.22936108736554128 0.041206506000539656 0.49887462142866446 0.2305577852052546
0.2438200818379177 0.36826572804368085 0.0289659198390948 0.35894827027930665
0.06767043563740338 0.6450592069874295 0.0478418406390968 0.23942851673607035
