88 20 4 55.88832389791736 111.77664779583472
6.8279594441772105 5.564347193917722 5.755072421370155 9.066566836088992 7.299920716007391 7.428673916840214 7.456045438822607 3.00537515964575 2.5763907099162076 5.111573395042729 9.35864588384706 1.088972983364036 1.809299752155582 8.651802410694339 5.370589530055585 8.891520327538977 3.766005449786537 4.491689915452761 6.233011686468533 2.0231846246423357
1.3655918888354421 1.1128694387835443 1.151014484274031 1.8133133672177983 1.4599841432014782 1.4857347833680428 1.4912090877645214 0.60107503192915 0.5152781419832415 1.0223146790085458 1.8717291767694122 0.2177945966728072 0.3618599504311164 1.7303604821388678 1.074117906011117 1.7783040655077955 0.7532010899573074 0.8983379830905521 1.2466023372937065 0.40463692492846715
0.16639557693170037 0.4796148828205846 0.12186972504690552 0.2321198152008095
0.03216278237427883 0.195643687633012 0.6771329385992508 0.09506059139345835
0.22971244668194069 0.6764430649287626 0.07248844997479553 0.021356038414501177
0.4610959555568859 0.1344331159657629 0.32502389467119774 0.07944703380615348
0.22009192158356383 0.3277976561506679 0.2701787023179455 0.18193171994782276
0.01335761082193243 0.3703498021323731 0.5521205772479689 0.06417200979772553
0.1822755933409832 0.05665462452817838 0.016124047932766228 0.7449457341980722
0.03701249401745954 0.02272490667479432 0.9369122632576231 0.003350336050123026
0.1768276507373302 0.5477294405475144 0.2513773983924521 0.02406551032270332
0.1346814544713808 0.2678635618698395 0.24243245905127364 0.35502252460750605
0.5409220509627641 0.022417665587970426 0.3672113959547172 0.06944888749454825
0.14749908542014212 0.06226920713939721 0.4162001423615368 0.3740315650789239
0.8935995812877979 0.03508689137485077 0.015023732551838531 0.05628979478551277
0.013298934642535065 0.10534641996994765 0.24537365608187423 0.6359809893056431
0.0825612522630994 0.541239803299561 0.3122013777696915 0.06399756666764811
0.2737111696412231 0.6643176863530236 0.05914600150106408 0.0028251425046892376
0.29799644450810314 0.15400334366093615 0.015007626419949904 0.5329925854110108
0.07735229496783413 0.2243545642929915 0.354101311197081 0.3441918295420934
0.0022117101770328107 0.015808840685822112 0.01600223908159748 0.9659772100555476
0.4607131561416947 0.19626091807675938 0.3007382031779793 0.04228772260356661
0.03269891699604088 0.2798671228069659 0.11773699258223913 0.5696969676147541
0.7994977507603719 0.06616516230613534 0.10064455302120445 0.033692533912288325
0.32904596007021947 0.08238963906648078 0.292497731617299 0.2960666692460008
0.22579966191833112 0.3100466789723899 0.07497650093830233 0.38917715817097664
0.039284599755643135 0.050902117366068866 0.5933828640528939 0.31643041882539413
0.08991106293562512 0.12620138125004776 0.5214212296403924 0.2624663261739347
0.10652100887834604 0.14887750222422835 0.6375338221133577 0.10706766678406787
0.11102718879446327 0.05493632993576547 0.5348899265267804 0.2991465547429909
0.3374133926068188 0.4273524654561005 0.17710201932887615 0.05813212260820455
0.03568397319303829 0.38232779684865226 0.2167629738674619 0.36522525609084755
0.17333323762853814 0.038697882590153165 0.7383914408411242 0.049577438940184515
0.022090075421856592 0.704404958595808 0.22443748454219958 0.04906748144013584
0.3692636602666949 0.14561705392100266 0.05459037894606755 0.4305289068662349
0.3382768422891246 0.0023523163393766033 0.3141064516015597 0.3452643897699391
0.1571720858355934 0.04230270313907003 0.4936223518421655 0.30690285918317106
0.3568088804459999 0.04811386525455319 0.09918845404414245 0.49588880025530446
0.032442343276552155 0.08310285661744177 0.8623865121378863 0.02206828796811977
0.028553616178786156 0.3155603240419135 0.6339828912160352 0.02190316856326513
0.09120484819736518 0.1853885477567424 0.4107912171417608 0.3126153869041316
0.0753490635974221 0.8127286480707423 0.09167321153094143 0.02024907680089416
