37 80 4 242.02171770757766 484.0434354151554
9.500469425715762 5.176883568739668 2.7351552606144187 6.237053891919928 6.580757891562644 7.158016157168567 1.9309379951799825 7.709281896559901 3.5378116306681235 7.780821284298549 8.134350666136445 6.646605366514238 4.991399594005613 9.671188171667191 9.07359898347597 2.771238592706717 6.363560198688306 6.160392509329119 7.344544187604809 9.363358165607433 1.4610684599885775 2.2133079002284104 2.053256555048087 4.28252284630532 8.230697544504727 9.732184487743144 3.9968133303657867 5.305778867444513 2.6104370276428845 9.122810395145999 7.872181165615516 2.789744773757009 4.291175510846803 6.360240446626722 1.3608484082853418 8.421651848487764 6.76244244468023 1.1722330968655301 8.254345345232203 4.64403386786616 1.0324349593282198 5.187100741087177 4.031658265849292 5.818594715649678 9.4311243794297 8.888991849473861 7.76866924277896 5.184965603053114 7.335105897189402 1.3484921209076104 7.117311490868986 4.770816571706496 9.125726145233584 9.506454691012113 9.793461165784255 6.226069035557532 9.778202121844197 6.2855640024869155 3.9821620138481535 5.277356116978368 4.98855059247788 7.570424861002642 6.666690861651468 8.767552116458841 4.0242800415847 7.216769648938152 4.767452207456158 2.8419629342605432 1.3567093576648896 6.3776861567312775 9.459826266120412 9.689507563046329 8.562595164099864 9.329893826177003 6.257374169933494 4.6742006475332705 9.72909274388847 1.6423320312959957 7.186051026731127 5.239022307190943
1.9000938851431524 1.0353767137479335 0.5470310521228837 1.2474107783839856 1.3161515783125288 1.4316032314337135 0.38618759903599653 1.5418563793119802 0.7075623261336247 1.5561642568597098 1.626870133227289 1.3293210733028475 0.9982799188011227 1.9342376343334382 1.814719796695194 0.5542477185413434 1.2727120397376612 1.2320785018658238 1.4689088375209618 1.8726716331214868 0.2922136919977155 0.44266158004568207 0.4106513110096174 0.856504569261064 1.6461395089009454 1.9464368975486288 0.7993626660731573 1.0611557734889026 0.5220874055285769 1.8245620790291999 1.5744362331231032 0.5579489547514018 0.8582351021693606 1.2720480893253445 0.27216968165706834 1.684330369697553 1.352488488936046 0.234446619373106 1.6508690690464405 0.9288067735732319 0.20648699186564395 1.0374201482174352 0.8063316531698584 1.1637189431299357 1.8862248758859401 1.7777983698947721 1.5537338485557919 1.0369931206106229 1.4670211794378805 0.26969842418152207 1.4234622981737972 0.9541633143412993 1.8251452290467167 1.9012909382024226 1.9586922331568508 1.2452138071115064 1.9556404243688394 1.257112800497383 0.7964324027696307 1.0554712233956736 0.997710118495576 1.5140849722005283 1.3333381723302937 1.7535104232917682 0.80485600831694 1.4433539297876306 0.9534904414912315 0.5683925868521087 0.27134187153297795 1.2755372313462554 1.8919652532240825 1.9379015126092658 1.7125190328199729 1.8659787652354005 1.2514748339866988 0.9348401295066541 1.945818548777694 0.32846640625919915 1.4372102053462252 1.0478044614381887
0.32359869262448837 0.11079126662729732 0.34691916236273723 0.21869087838547707
0.1056547172956468 0.5590258541582367 0.1279692718624501 0.2073501566836664
0.12181969616369315 0.18052535884135767 0.3143564728468985 0.3832984721480507
0.2449937392641175 0.16204909720072214 0.04918313568689081 0.5437740278482696
0.7667660439946182 0.04587790591722807 0.02534475210467957 0.16201129798347413
0.09107030481693645 0.08186256374363099 0.33451141747248425 0.4925557139669483
0.4659923785137676 0.05118846954685008 0.2932215773009266 0.18959757463845572
0.37209843570175927 0.371574586316185 0.2319256976048778 0.024401280377177925
0.6430092412146702 0.17225880493734624 0.0028227284757973425 0.18190922537218623
0.03371652819289683 0.13596019234886547 0.7702319306143635 0.06009134884387424
0.49424077336460825 0.036920690167200454 0.42633991259966597 0.04249862386852532
0.18240508997401006 0.2359892927017817 0.23518945724331863 0.3464161600808896
0.32863031798333364 0.2914284719362006 0.36049445472636554 0.01944675535410023
0.32352382750465924 0.2924220704942403 0.10892871808913929 0.2751253839119612
0.04713783184133191 0.6753364855167272 0.259381699502344 0.018143983139596864
0.33007478523457456 0.025799266279181055 0.2499899852356664 0.394135963250578
0.18289522374541167 0.06244737877539608 0.17891624589519728 0.575741151583995
0.38458477364191634 0.012943205952540504 0.007133471475010311 0.5953385489305328
0.005550731753927063 0.020612808980552844 0.9454306309173178 0.028405828348202267
0.08927304178716666 0.5789304022979286 0.15145944304670356 0.1803371128682012
0.2873804029522674 0.09993386949739425 0.5429980836785259 0.06968764387181248
0.24310302546164475 0.4660892783252292 0.08646408357804758 0.2043436126350785
0.4653250833494217 0.09683932315424693 0.3895245937044459 0.04831099979188547
0.3763854635688144 0.1410343881828079 0.21776352154543555 0.26481662670294215
0.24777544870707713 0.017666045908892758 0.4963094425452578 0.23824906283877234
0.288054165619674 0.2259647949318555 0.4369835447767768 0.048997494671693675
0.19342067237671123 0.1720155813946589 0.025933944559932365 0.6086298016686975
0.11297568740355268 0.01715787870348706 0.7477015237047375 0.12216491018822273
0.09092358729273753 0.2935930850372104 0.2529190229147037 0.3625643047553484
0.07908720188136409 0.25459015117871564 0.12735110068615585 0.5389715462537644
0.11547717604207264 0.07107132677239036 0.3660138308908367 0.4474376662947003
0.18733402240949282 0.06138905580473686 0.39896006523469485 0.3523168565510755
0.2613867887571516 0.5216202447950442 0.1398928640189071 0.07710010242889709
0.24946397535895004 0.1519956192476808 0.26033614518982806 0.3382042602035411
0.04873752173956514 0.17075178662808188 0.023982984837488286 0.7565277067948647
0.044267198035872535 0.8345144568260554 0.03768531614797599 0.08353302899009607
0.0103549870536489 0.19851580713571315 0.404999646755822 0.38612955905481594
0.08684723050631127 0.6060066271645866 0.19830441959251377 0.10884172273658832
0.2509869315175334 0.4935141368592204 0.16535298783817343 0.09014594378507279
0.2583674100555785 0.09968098335580089 0.3553546615006271 0.2865969450879935
0.2467696108205948 0.34221639810983806 0.2762493184582806 0.13476467261128655
0.4724634785678312 0.07675734602582762 0.23535063950294766 0.2154285359033935
0.04574723899279942 0.6012083525093078 0.20540493561869233 0.14763947287920043
0.06212915002535435 0.02555969934778024 0.23023219010737106 0.6820789605194943
0.19031288159997561 0.30939009418684005 0.2768913922956642 0.22340563191752016
0.44079539745094265 0.01966437198396298 0.2669215017629485 0.2726187288021459
0.2755058056783545 0.4039959177992274 0.045361015734389665 0.27513726078802847
0.024598150636278016 0.18765007362635677 0.617640452340244 0.1701113233971212
0.16958281274082865 0.06297703153692125 0.3028619339959716 0.4645782217262785
0.0002836506918622028 0.32774496713565715 0.134228461627678 0.5377429205448027
0.13085297309161403 0.07137600669094912 0.7117605305657884 0.08601048965164848
0.40026287604736266 0.4277102810353408 0.08807158618881761 0.08395525672847892
0.15300458586144328 0.15163556396439049 0.20072031991353567 0.49463953026063057
0.4594614973051915 0.28773714656392213 0.08243189063846779 0.1703694654924186
0.44822707005246143 0.07065808623107506 0.4263710945784741 0.054743749137989406
0.10021102437797724 0.2241295929427396 0.34822523989588816 0.327434142783395
0.20004922429055083 0.14803410133311778 0.09709290730595588 0.5548237670703755
0.2803947180078451 0.2509140193653133 0.41825987212083204 0.05043139050600953
0.42331383483601015 0.2300278996592664 0.28842262324828594 0.058235642256437514
0.2561549560099712 0.41496064799860377 0.012579273154188497 0.31630512283723655
0.30806459296056454 0.3270093636488183 0.35970535316580443 0.005220690224812752
0.2116696439823651 0.06318704616207316 0.6688960523997578 0.056247257455803945
0.3318560599528506 0.40317369781781 0.2565008104618228 0.008469431767516578
0.19984725105364765 0.39209758578062015 0.05975904468110427 0.34829611848462794
0.016029607061015416 0.4156918240592191 0.5444511806732651 0.023827388206500322
0.15896954538657715 0.03675176147286263 0.7390798853217345 0.0651988078188257
0.4141170280214589 0.24188456664839864 0.12887043362909723 0.21512797170104525
0.10611266109263784 0.5382757025152223 0.25341196072891503 0.10219967566322485
0.314029689988108 0.15870424113396964 0.48073986936761304 0.04652619951030934
0.01391837433698917 0.23563734770276468 0.280836052769346 0.4696082251909002
0.10452300968131045 0.3003417725057066 0.39773396527953275 0.1974012525334502
0.14195597517120928 0.4767173291259068 0.3764079398345537 0.004918755868330238
0.3521058772903548 0.02898826162657553 0.09821708907710835 0.5206887720059613
0.08353478125280278 0.21091492667625267 0.316900490740084 0.3886498013308606
0.02906556492972956 0.7387317435182466 0.07459610189194554 0.15760658966007834
0.298748417988255 0.520357512526673 0.10069316584329624 0.08020090364177579
0.25471944183537243 0.4298177094411414 0.011477198145225853 0.3039856505782603
0.6540451581475694 0.09948170120752065 0.16778457754722576 0.07868856309768424
0.09690671774485127 0.44497503109767267 0.3542046908124963 0.10391356034497978
0.05425813230279608 0.11247990773941885 0.11420793636999971 0.7190540235877854
0.1374493749586545 0.347825485786847 0.48764821270388337 0.02707692655061511
0.19318416057479748 0.02686223663194298 0.10643752410223195 0.6735160786910276
0.37130870026938156 0.17627023422327548 0.0033056696301791977 0.44911539587716376
0.3574527044920053 0.2531796888637199 0.09554517928445239 0.29382242735982245
0.2608241854094867 0.4137801538459628 0.01533743443192015 0.31005822631263036
0.004110485069153236 0.46858786136702923 0.20971417862015274 0.3175874749436648
0.02481596347386128 0.053633343928847 0.08437288672305854 0.8371778058742332
0.5767598205183184 0.11225031931188678 0.23493508467145707 0.07605477549833772
0.1082467156325485 0.1276030934263649 0.24544325096717723 0.5187069399739094
0.04412111139287256 0.19333891383909585 0.3928895909839797 0.3696503837840519
0.16629329014354577 0.5791215491214383 0.07629912133573635 0.17828603939927956
0.1068767515049035 0.38139751255696486 0.17397962658303467 0.33774610935509697
0.15743754492694007 0.5650229247178256 0.04904141118648553 0.22849811916874885
0.24828028906114463 0.2394481220675887 0.2657953853463759 0.24647620352489075
0.5196314095919995 0.13141227154313528 0.09264742515516344 0.2563088937097018
0.38010466830741096 0.02910607345567806 0.22738912154734092 0.36340013668957005
0.13396220722112795 0.04632641787926306 0.3863881903466395 0.4333231845529695
0.28392708438707026 0.07435550056776685 0.3429978372774144 0.2987195777677485
0.3785848799023701 0.0808952603513281 0.49017888283600797 0.05034097691029382
0.023853801283035714 0.11044487122391566 0.3107790887356814 0.5549222387573672
0.03700251673733146 0.06881151628152049 0.20215174011342307 0.692034226867725
0.4615076080688394 0.19469328028784227 0.18665084808311516 0.15714826356020317
0.13043739354285633 0.3054156842322735 0.5017608829708092 0.06238603925406094
0.36993783015108217 0.055123364222756654 0.1998277788983911 0.3751110267277701
0.13661189945169294 0.007268350644909716 0.8458226768328486 0.010297073070548723
0.46176495443086585 0.03530739335819211 0.4207178425563103 0.08220980965463176
0.070483346681663 0.8318625116372054 0.09688031954040965 0.0007738221407219692
0.16335820759647368 0.6281405801058307 0.0983473360743069 0.11015387622338868
0.41634090406763014 0.46045116956065346 0.010961352952093661 0.11224657341962274
0.03293020005447733 0.25261519613140815 0.07967727123185109 0.6347773325822634
0.05721156409754924 0.2791577002131851 0.4698005189572696 0.19383021673199607
0.2671761219786237 0.3863165558926204 0.19885643717689772 0.14765088495185819
0.40449415803483735 0.12502755817566757 0.142270406856414 0.32820787693308107
0.09872173576906329 0.24094223834085793 0.39847250728476624 0.26186351860531254
0.06229593656609611 0.03759504545401804 0.413294778626606 0.48681423935327983
0.027365980868308104 0.3431564768105143 0.16323993145895255 0.46623761086222504
0.33237062312321264 0.10202675176435971 0.4780733702653367 0.08752925484709095
0.6069629050750448 0.10635737000037537 0.22510609627053613 0.0615736286540437
0.24111220551650103 0.019871169950025247 0.5550497638873568 0.1839668606461169
0.13976465737607247 0.554306702792557 0.1353035509492545 0.17062508888211603
0.41900046365784016 0.09819375963846921 0.031025446224473008 0.4517803304792176
0.18085625131825134 0.7948448633031677 0.015117861085878426 0.009181024292702511
0.17584864663667266 0.14005591130021866 0.2972529196057877 0.386842522457321
0.08040442878779608 0.3070408894860607 0.6064274308690899 0.006127250857053346
0.17246930513942715 0.08676724729659047 0.3092609179029411 0.4315025296610413
0.016608314799860024 0.5322837060663124 0.41058690259933206 0.04052107653449555
0.18848895035716529 0.21973818834434578 0.0028841356007975882 0.5888887256976914
0.15857570031730694 0.5115867533739752 0.2741557126988857 0.05568183360983214
0.011561901416525355 0.1439211010176058 0.48122958532860916 0.3632874122372597
0.2537293983839649 0.07712685636906125 0.046857595028917176 0.6222861502180567
0.188494365614842 0.09460600807264763 0.6529812091356941 0.06391841717681623
0.13674418653013265 0.33341640064477707 0.06749128601176368 0.4623481268133266
0.16563951289150858 0.002359395927356789 0.31344841272629487 0.5185526784548398
0.14536652861789034 0.46355589224768723 0.015844617707834074 0.37523296142658835
0.5011173846479339 0.08012214382773852 0.011382752324277878 0.4073777192000497
0.1262278701615437 0.14098626656232183 0.5317189356393106 0.20106692763682388
0.4227184634452269 0.13453282854047843 0.1226878702808124 0.32006083773348226
0.6180682027091454 0.12216239339135027 0.03670932640914282 0.2230600774903615
0.16486426552925737 0.5244513507787243 0.1356497175983702 0.17503466609364815
0.11320441863634179 0.5130582058175595 0.08691574715206107 0.2868216283940377
0.619211034708393 0.1147173581370523 0.2205471679850376 0.045524439169517095
0.32224908350712866 0.052796340276138776 0.3617579938428035 0.26319658237392907
0.06794639645631184 0.33581947473736207 0.22597680321131897 0.3702573255950071
0.10102235672663507 0.6426016624597798 0.01564391503321627 0.24073206578036888
0.2609776594619183 0.022077799027773515 0.4401120411987255 0.2768325003115827
0.5997899625340349 0.07357246568231979 0.3087286895713034 0.01790888221234188
0.4753523071726363 0.24585056817648243 0.2432982093459447 0.03549891530493654
0.6605596149642842 0.30177141493123383 0.011007835086577988 0.026661135017904014
0.17381805637485992 0.40337509867096955 0.1405151046481261 0.2822917403060444
0.17212349516888636 0.1614492158735079 0.12475479016115865 0.5416724987964471
0.6567237605974502 0.16504944618172357 0.022293031611801184 0.15593376160902506
0.21027618047889474 0.22490280877235336 0.08329027144809553 0.4815307393006564
0.3922058873343992 0.22606745685640395 0.031942031098375456 0.3497846247108214
0.3118461259820362 0.11056068002258623 0.43113167286273446 0.1464615211326431
0.8098589087504805 0.10127542287805058 0.05227324128623034 0.03659242708523858
0.018494849380150113 0.5522864331574577 0.23456380480906802 0.19465491265332413
0.47740998895694353 0.2886788285371118 0.15691436954537574 0.07699681296056893
0.266408702025005 0.09355680659674592 0.11942340810429308 0.520611083273956
0.5263835455963862 0.18382012950568005 0.03481317399896411 0.2549831508989696
0.02616632171319755 0.369740093986366 0.3236938057525445 0.280399778547892
