57 30 4 70.85753304969907 141.71506609939814
1.7861467861195757 3.0742938959655524 4.6995496357502144 3.797044287040783 6.0936030168535495 5.905573334054655 8.26389498547339 9.263395965552377 5.6988167755930945 4.822185352494565 1.6462355909467405 9.08675965161296 4.7846244344954165 6.23952809144556 2.927381822879078 5.027371118047657 5.210774239467984 1.9057344124328195 9.345591053219882 2.4488815990827897 8.871347626407719 1.4694405117243248 9.930516130099571 1.9463258425949204 4.617908675532203 1.6465289899690272 1.172737339494197 7.491827321903596 1.3731927866264653 1.1678548265174693
0.35722935722391513 0.6148587791931105 0.9399099271500428 0.7594088574081566 1.2187206033707099 1.181114666810931 1.652778997094678 1.8526791931104754 1.1397633551186188 0.964437070498913 0.3292471181893481 1.817351930322592 0.9569248868990833 1.2479056182891122 0.5854763645758156 1.0054742236095313 1.0421548478935967 0.3811468824865639 1.8691182106439765 0.48977631981655795 1.7742695252815437 0.29388810234486495 1.9861032260199143 0.3892651685189841 0.9235817351064407 0.32930579799380544 0.23454746789883937 1.4983654643807192 0.2746385573252931 0.23357096530349386
0.08293773894816059 0.3462039688337488 0.03252618903317539 0.5383321031849152
0.08372024324543392 0.5893236229539701 0.11366338943306065 0.21329274436753531
0.19747140778361083 0.309818582840784 0.3453889572956198 0.14732105207998536
0.19623779493713178 0.4722464338447734 0.02422977198617149 0.30728599923192335
0.28478415878951946 0.023824404360177853 0.46691311809712666 0.22447831875317603
0.13456831445065065 0.15149452970469923 0.3606860934191394 0.35325106242551074
0.45548151539566306 0.2520763805931253 0.2899698255135904 0.0024722784976212164
0.11055598496782604 0.46813551277639076 0.0027641444137019855 0.4185443578420812
0.3912115296181031 0.2878492740190586 0.2492766510500719 0.07166254531276639
0.12325793922197903 0.42717384012325266 0.3030589915125793 0.146509229142189
0.16935394902987966 0.3701976217851999 0.3463047581527402 0.11414367103218026
0.4744379565853317 0.3421436918395301 0.07275097658027363 0.11066737499486456
0.36955779037234604 0.30430583362422203 0.18460200730847853 0.1415343686949534
0.3565900840561592 0.06905576812053116 0.5660322191851129 0.008321928638196696
0.5868853948107862 0.038275489033538945 0.2940646737240675 0.08077444243160736
0.4642716319496176 0.02719055958921035 0.17774417876073934 0.3307936297004327
0.3519076698430724 0.038035091272878074 0.14811721453863158 0.4619400243454179
0.5380583961224452 0.11835927308794869 0.037780936260685904 0.3058013945289202
0.16687070040077778 0.2591260693877112 0.04584594521270302 0.528157284998808
0.10967432132844956 0.09218320324257379 0.08673228101884378 0.7114101944101329
0.3614334214441167 0.12250341848847779 0.4032810814750285 0.11278207859237699
0.7113370117370034 0.015059798022822424 0.07016194682168497 0.20344124341848924
0.6893448472926236 0.23667676249984748 0.049264829378046215 0.024713560829482728
0.13424296437898753 0.221209851960951 0.4109990945145555 0.23354808914550595
0.0007615774183785673 0.30031285723070467 0.43892315006278415 0.2600024152881326
0.22622340576385058 0.0025698315654039128 0.4011233373212494 0.3700834253494961
0.1632917124967037 0.7510423004087653 0.07646596090437552 0.009200026190155475
0.2578652414678422 0.2218198333115462 0.13277334758788695 0.3875415776327247
0.16488377416279043 0.0748079026760009 0.12570832966259893 0.6345999934986097
0.0861605967807153 0.4193065241437597 0.31264115460108777 0.18189172447443724
0.019730343818698204 0.2611742100399196 0.3886820224071229 0.3304134237342593
0.6640241107013619 0.13294179313396792 0.09790803790569547 0.1051260582589747
0.2773570455915705 0.26135228617386574 0.005678605841467954 0.4556120623930958
0.5992642557185851 0.05997710707872461 0.0721159707756528 0.2686426664270375
0.3693709457615534 0.27194449932782305 0.2858017067531855 0.07288284815743806
0.4946628445954995 0.1700725350741742 0.27330972409018783 0.0619548962401385
0.378134080120075 0.31286919301221916 0.11780147690516807 0.19119524996253778
0.3106378783190925 0.31746854657139456 0.03389279424011693 0.338000780869396
0.2594586582441395 0.049154189023175476 0.10452908205960165 0.5868580706730834
0.19677946429388138 0.10933132056058414 0.6533293414456909 0.040559873699843596
0.29627212264631164 0.15549547255085971 0.30938159548174016 0.2388508093210885
0.14812499878391172 0.41967242094220225 0.19609618359367187 0.23610639668021416
0.13700036790532089 0.1408113316532129 0.30247330954358165 0.41971499089788455
0.4759949167931845 0.25803060148027657 0.2246060980373339 0.041368383689205035
0.21555631013948717 0.28796096593764475 0.20957546124690196 0.2869072626759661
0.006677393669449083 0.04417218473980966 0.6695217957603624 0.27962862583037884
0.07712000450440581 0.3046651687791877 0.40280547849805637 0.21540934821835012
0.10199458270183093 0.1649928201131572 0.17388570232875655 0.5591268948562553
0.34846156767635983 0.10430556945268443 0.1365344312226029 0.41069843164835285
0.7652278949940757 0.07358279786668975 0.10746010006138829 0.05372920707784623
0.349161459631817 0.5115109738696605 0.00017022483745987582 0.13915734166106264
0.18286692195197518 0.2828465675125936 0.002031203846941665 0.5322553066884895
0.04602905802442436 0.5171786664682381 0.169030587977535 0.26776168752980256
0.08063516589940867 0.17940326179146837 0.19409347814321443 0.5458680941659085
0.11940622372732412 0.4367022981994141 0.26929336808225723 0.17459810999100456
0.03049629533731213 0.010358789669382307 0.8769674412039385 0.08217747378936702
0.056957969217125815 0.115611763938956 0.6803440016515845 0.1470862651923337
0.3543204970635021 0.026917363003307604 0.04872594851606493 0.5700361914171254
0.03595050377317921 0.27862203382142925 0.12013262739190145 0.5652948350134901
0.484681405653105 0.10850588336113798 0.2608472770971433 0.14596543388861372
