31 30 4 72.6073224772115 145.21464495442302
3.5744843949446405 9.622950098671 7.932816389969902 9.881830027832166 2.8734891571424908 2.2322534395944533 9.1753642206091 1.6177466617940826 1.6779945010569144 5.891812205385815 1.804597448662612 4.44153940773682 7.017043957130068 4.862521203056589 1.39560676737763 2.7485738987411854 5.019935355754937 1.5631595029180947 3.678105538136517 9.492678099257635 3.545299681849877 3.4092419189755923 4.664971037209495 8.433913626576679 5.560305968729154 3.4252784294132286 4.061694586772742 9.770246663410655 2.658741212083254 3.1804495536296704
0.7148968789889281 1.9245900197341999 1.5865632779939802 1.9763660055664332 0.5746978314284982 0.44645068791889064 1.8350728441218203 0.3235493323588165 0.3355989002113829 1.178362441077163 0.3609194897325224 0.888307881547364 1.4034087914260136 0.9725042406113179 0.279121353475526 0.5497147797482371 1.0039870711509873 0.31263190058361895 0.7356211076273034 1.8985356198515269 0.7090599363699754 0.6818483837951185 0.9329942074418989 1.6867827253153358 1.112061193745831 0.6850556858826458 0.8123389173545483 1.9540493326821309 0.5317482424166509 0.6360899107259341
0.08573060385252651 0.37571184904352684 0.2290168608039742 0.30954068629997245
0.0902366982883851 0.23256385441141358 0.19965832552394613 0.4775411217762552
0.2792879046859825 0.18996591006112995 0.3627361982442908 0.1680099870085967
0.007386922447004118 0.14182455448325726 0.15450045410693936 0.6962880689627993
0.16296420028872782 0.5553538636951862 0.04180496209489559 0.23987697392119034
0.387051136446375 0.010384686164183421 0.4700007239422158 0.13256345344722575
0.07404448852014722 0.4795313211444491 0.3079933269217521 0.13843086341365163
0.35354708096758203 0.066838935974878 0.21112720729738577 0.3684867757601542
0.036922046805748066 0.14331050891905672 0.6453196383101908 0.17444780596500442
0.318744523687554 0.11343496407232534 0.11033630849418596 0.4574842037459347
0.23100274723505876 0.12905517624292184 0.01484631010141535 0.625095766420604
0.35509570210938735 0.42716074551883243 0.1221535174669176 0.09559003490486262
0.3334993216886738 0.24918592594507705 0.3241820497301554 0.09313270263609374
0.29384797217510616 0.014095374420021511 0.5058414394834826 0.18621521392138973
0.4633299835924899 0.4446567187428333 0.07811319864713429 0.013900099017542522
0.31275269620020085 0.08266442687713993 0.11495717021873386 0.48962570670392536
0.0420887970229713 0.22647841480687048 0.7114727470905752 0.019960041079583046
0.03478870878171647 0.18161555705314658 0.2687500226083047 0.5148457115568322
0.39377486836479103 0.2643419000516044 0.20299770949258844 0.13888552209101612
0.00047059662956350223 0.7459473626955464 0.03970948963395038 0.21387255104093972
0.3607073468881903 0.1057188294691308 0.5236065772710403 0.009967246371638594
0.12673788098139827 0.5919380063707694 0.22954864313752743 0.05177546951030487
0.4643537107173321 0.3313933299392313 0.11028075928875847 0.0939722000546781
0.23443836482562908 0.25886549910737733 0.4389314334749179 0.06776470259207568
0.131325605226299 0.1237816076658469 0.26439823386613415 0.48049455324171997
0.49415717510647006 0.4084837628619946 0.035923031979088305 0.06143603005244702
0.16420411701004767 0.11858291192420833 0.26651429020177164 0.45069868086397236
0.11359799387981628 0.052321658856684605 0.6811098913849568 0.1529704558785423
0.34484747530736715 0.09569553740818793 0.1359512027830737 0.4235057845013712
0.3644034308050347 0.280079051746571 0.32406715855997814 0.031450358888416186
0.2340166472858205 0.1499186291283724 0.2912897106303607 0.3247750129554464
0.06911667553449807 0.014851182448837319 0.8269355418777781 0.08909660013888654
0.08163609728884191 0.6684441724016499 0.11724410073407299 0.13267562957543522
0.30176687308583683 0.1930006716727447 0.08469582201867176 0.4205366332227467
0.21030667864350994 0.1474814706796621 0.04947533261766812 0.5927365180591598
0.4200798620312942 0.32954495122580807 0.004298744959500667 0.24607644178339705
0.3206589836303395 0.1448239936855007 0.3582506757406472 0.17626634694351262
0.04223346123892646 0.47293563695878704 0.14617301263714855 0.33865788916513795
0.4029011030129518 0.036137103995952824 0.3412182874282035 0.2197435055628919
0.015297177725249411 0.4488288002303811 0.1547059876817113 0.3811680343626582
0.151714262142986 0.4002859556091949 0.08158575539185098 0.36641402685596813
0.6822950656499717 0.08919704950836316 0.21485647221803605 0.013651412623629122
0.07942594040181516 0.3985340061256225 0.0722350456280304 0.4498050078445319
0.06139173250395913 0.10407088509711515 0.7269161002975553 0.10762128210137045
0.3101080806763581 0.15893068618419925 0.4945648826320128 0.03639635050742984
0.23803329334148204 0.3423797778497323 0.38575231615967187 0.033834612649113804
0.14856182612859403 0.007337122483335068 0.30126935250022835 0.5428316988878426
0.5473081738624622 0.16135670156130655 0.11284353103921729 0.17849159353701394
0.22908746604512287 0.01700788524057828 0.5859550544634934 0.16794959425080547
0.1419379448182697 0.056222347483717905 0.768128996103443 0.0337107115945694
0.0657953487343943 0.18110138537037035 0.2947357843469828 0.4583674815482526
0.044954436415257426 0.09253617540264891 0.6571815865961337 0.20532780158595998
0.26474584654165234 0.1062678745886606 0.574563579833373 0.054422699036314026
0.03398399717507794 0.04586995542414263 0.11114386513284735 0.8090021822679321
0.02686205885698789 0.1953316245157628 0.0967744183826642 0.6810318982445851
0.20349961593191335 0.04748987128681115 0.3218511966552873 0.42715931612598823
0.18473416522887742 0.3162771009228035 0.2823448690311726 0.21664386481714648
0.05243217312911197 0.4329869994478115 0.29681917533324 0.21776165208983655
0.1818237082725016 0.16768958670545664 0.6050882290514723 0.04539847597056945
0.3924749486571433 0.010924540655137371 0.30320032753511394 0.2934001831526054
