46 20 4 56.853986127123584 113.70797225424715
8.054491157251757 6.713503354474572 3.24138782364174 7.822682781848359 3.8176924206851184 9.435136217395577 1.3857890351703752 4.96780483086824 9.21450060941678 5.095035270341009 5.571409066334125 1.7641715931523012 4.837148119589839 7.711452637244848 8.803732560497112 3.9129924421060354 1.9366695758195944 8.218972421681023 4.55348754262106 6.649912794107707
1.6108982314503515 1.3427006708949143 0.6482775647283481 1.5645365563696718 0.7635384841370236 1.8870272434791153 0.27715780703407505 0.993560966173648 1.8429001218833558 1.019007054068202 1.114281813266825 0.3528343186304602 0.9674296239179678 1.5422905274489698 1.7607465120994223 0.782598488421207 0.3873339151639189 1.6437944843362047 0.9106975085242119 1.3299825588215415
0.03598854359970072 0.01166467600433252 0.21476197682416387 0.7375848035718029
0.05787518962294125 0.1632259467247632 0.1740442117553559 0.6048546518969397
0.09008525620004304 0.14486513442523452 0.3807234824522222 0.38432612692250023
0.02322350511829474 0.03482781109795807 0.6145236474690301 0.3274250363147171
0.06460287808982568 0.041953973000478983 0.06305091337609625 0.8303922355335991
0.006246276335343692 0.13246464767777721 0.2908902395894031 0.570398836397476
0.14760990474687974 0.0007129903965098494 0.6875288339196541 0.16414827093695628
0.01896837827374731 0.4950178386011692 0.4326379119827526 0.05337587114233089
0.23274440122166595 0.1745844917263314 0.3066865037202037 0.285984603331799
0.5765129545869833 0.0021417278655481153 0.07341667905588534 0.3479286384915833
0.36725157675142106 0.25704000529000615 0.1864217711047832 0.1892866468537896
0.21239563995083865 0.119859867082859 0.571886520994269 0.09585797197203338
0.09147953804540188 0.5637813243649803 0.06977410923947769 0.27496502835014014
0.07877940377718029 0.5802891825439099 0.06443058294293569 0.2765008307359741
0.007611268721885667 0.1153288027514836 0.19595239100711426 0.6811075375195165
0.08351630936716758 0.15633557433049894 0.19022621416193608 0.5699219021403974
0.3518313298117569 0.31280220446620566 0.2780708311270186 0.05729563459501885
0.8475517039531147 0.00025349610480018825 0.1309343403974247 0.02126045954466038
0.07892143198425638 0.03329714127015837 0.8857963816651905 0.001985045080394765
0.07102711783699556 0.2306198512532288 0.015347023919835223 0.6830060069899404
0.2999078500215354 0.07230322778458975 0.6183151286065609 0.009473793587313928
0.28970004072785505 0.01783922187121123 0.18648576238732106 0.5059749750136127
0.14898890157990508 0.7135950677221367 0.10084644565158707 0.0365695850463712
0.7556654342819284 0.15205025689384022 0.07127623363666524 0.02100807518756609
0.19512729674487106 0.06060612706348134 0.26505617658050806 0.47921039961113954
0.10714519514849807 0.11182768222684814 0.5716322190662537 0.20939490355840007
0.005874720050239368 0.6924691224896132 0.17244069366680703 0.12921546379334037
0.3458034276780333 0.07899682855088841 0.06952566991825926 0.505674073852819
0.4865717713021802 0.1854247177029663 0.15692994179971165 0.17107356919514183
0.09095060145023293 0.22014661027371563 0.13728848193596743 0.551614306340084
0.4665833805294878 0.09108424656118863 0.014503559542430655 0.42782881336689293
0.13721504476428503 0.04056873455423782 0.050985843349811044 0.7712303773316661
0.051039348775481996 0.46464671329607143 0.18616956541133023 0.29814437251711634
0.023190708043028252 0.28731470617058597 0.40433071867784287 0.2851638671085429
0.41912217965388754 0.029715402927330437 0.037588681077133645 0.5135737363416484
0.013131545706038361 0.1938162208038703 0.5806388068561018 0.21241342663398954
0.33632202894688146 0.2587720218173356 0.18862753300478063 0.2162784162310023
0.12609178774593377 0.017702543387172698 0.03153160341621408 0.8246740654506794
0.0012575591068988423 0.0014405445662225569 0.5708300576583347 0.4264718386685439
0.3387957066551218 0.18847668112389304 0.18259026396035827 0.29013734826062687
