89 50 4 118.75649917109916 237.51299834219833
5.4972488842195055 3.3034342088050317 3.3229056788971705 1.872295384952477 6.077666031057322 1.1439106611449883 2.3733570599552687 5.322229575057099 1.8988548379526777 4.75267503094745 9.222857321169268 4.156475592745339 2.0314393474415153 7.413475514519655 1.9169753777352112 4.651303954434905 6.989332951671957 2.245234339554528 8.473897803111107 2.108797202656313 6.290123990034035 1.5678863720376977 5.473924697108847 9.355551588685492 8.254277570967554 2.785521143202616 4.107551849525411 5.8126282503147575 9.8072512186213 5.527400544083389 4.127027537730877 2.915078745845588 2.597086223716702 1.936257435130381 2.687099083422171 1.3628237382690882 3.1592554273170217 5.9161843313985765 2.870048511664457 9.93433581137419 3.8576447253623862 4.739090263823898 9.465609754794938 2.5641796443527287 6.180553494331611 3.8636277539922346 4.676379037049037 6.593107986162279 8.110978194873361 6.200146658977005
1.099449776843901 0.6606868417610063 0.6645811357794341 0.3744590769904954 1.2155332062114643 0.22878213222899765 0.4746714119910537 1.0644459150114198 0.3797709675905355 0.9505350061894899 1.8445714642338538 0.8312951185490679 0.4062878694883031 1.482695102903931 0.3833950755470422 0.930260790886981 1.3978665903343914 0.4490468679109056 1.6947795606222216 0.42175944053126263 1.2580247980068069 0.3135772744075395 1.0947849394217695 1.8711103177370982 1.6508555141935108 0.5571042286405232 0.8215103699050822 1.1625256500629515 1.96145024372426 1.105480108816678 0.8254055075461754 0.5830157491691176 0.5194172447433404 0.3872514870260762 0.5374198166844342 0.27256474765381766 0.6318510854634043 1.1832368662797152 0.5740097023328914 1.986867162274838 0.7715289450724773 0.9478180527647796 1.8931219509589876 0.5128359288705457 1.2361106988663222 0.772725550798447 0.9352758074098073 1.3186215972324558 1.6221956389746723 1.240029331795401
0.258696668736638 0.030125001738888435 0.24469107919064415 0.46648725033382943
0.056775147737257003 0.5896702429878732 0.3103544525882126 0.04320015668665722
0.35670732101165636 0.21619095681308198 0.07442474917873743 0.35267697299652423
0.2007603924487681 0.22090703923556776 0.29957701706850437 0.2787555512471598
0.009173893122563115 0.26422044783197096 0.5177972627238003 0.2088083963216656
0.35319235178505204 0.17070986898282425 0.13206286106895904 0.34403491816316467
0.18936290021438285 0.04460030962870598 0.003338531365634223 0.762698258791277
0.043369007091964784 0.8930493523984204 0.036335550884720735 0.027246089624894054
0.27934534909671505 0.4007160791852509 0.22562026513610456 0.09431830658192952
0.1226414959390123 0.24424435355141239 0.08107349524889951 0.5520406552606758
0.24016600118441533 0.3909882941645486 0.17377335305922847 0.19507235159180758
0.10578014620629406 0.7580917502441036 0.0044603923208152985 0.13166771122878707
0.3410767838237394 0.004306736264562683 0.1577878116103092 0.4968286683013887
0.03073701900332526 0.25514929751269255 0.5577968761315796 0.1563168073524026
0.8254236006074793 0.15172687016516873 0.011614797627207851 0.011234731600144099
0.3170396721091122 0.22393434820673508 0.06441289270017558 0.3946130869839771
0.03466716841380646 0.11128174042201 0.7969590835258686 0.0570920076383149
0.3490934863074564 0.10849430833168594 0.03185282852659321 0.5105593768342644
0.012343959188117593 0.10241047616041354 0.2945591230006853 0.5906864416507835
0.046738137534318325 0.1153423776609035 0.46360135939025526 0.3743181254145229
0.1038712337841643 0.14237937333664263 0.22400991999631936 0.5297394728828737
0.025376618596796963 0.2610797091668984 0.5057212104460407 0.20782246179026398
0.29957881937735964 0.6552393382562335 0.00024608416030591496 0.04493575820610096
0.1262297358608172 0.1053334495886653 0.09364550430149121 0.6747913102490263
0.39237222872471555 0.15663700089961285 0.34429793565457145 0.10669283472110014
0.008113365696991837 0.04021152550646645 0.5515865321225228 0.40008857667401887
0.0548339310549103 0.06193641362294455 0.47182496540690444 0.4114046899152407
0.4013469355906293 0.12316607750966291 0.3794795806114267 0.09600740628828108
0.12239402493316409 0.3958304607783324 0.12057093439820277 0.36120457989030075
0.13194378660138795 0.009697507513841352 0.11365672793926596 0.7447019779455047
0.03675790662350553 0.11817713914900829 0.5664952095068376 0.27856974472064855
0.00809659567552623 0.46932791617848824 0.014236906466683519 0.508338581679302
0.02168453021423178 0.41184369711381996 0.14582713348671805 0.4206446391852302
0.12162073121301342 0.22420671522686553 0.2054758064338127 0.44869674712630836
0.4084954588244303 0.2828572126914246 0.08294420949796943 0.22570311898617568
0.027575335189634287 0.7937661203328498 0.02816512342516908 0.15049342105234687
0.6035119758578477 0.04289605060076107 0.32097638484124336 0.03261558870014791
0.13494074444811777 0.5163658600052105 0.047909237470564414 0.30078415807610737
0.04588198549320199 0.22831613599935374 0.28303823012996865 0.4427636483774756
0.03431559001742612 0.2103848134903492 0.32165334449002536 0.4336462520021993
0.11813015615797251 0.49742090581243936 0.20578894600331543 0.1786599920262727
0.1050485880328963 0.22091901187644403 0.2867058039355116 0.3873265961551481
0.1946256872610076 0.0014067771792931616 0.1171168635287686 0.6868506720309306
0.07598175336734159 0.5246918810212973 0.0011152224982862169 0.39821114311307493
0.3837728193494573 0.23653645920810085 0.08283461062246933 0.29685611081997254
0.049585905421404175 0.16591171652196934 0.27736598376363686 0.5071363942929896
0.14791955704110638 0.6351987309379847 0.19304182780792467 0.02383988421298422
0.23604221184315488 0.4135796544022058 0.31797942703321613 0.0323987067214232
0.1505175357249242 0.05015644769550587 0.7337609619641606 0.06556505461540929
0.30824103387371404 0.26272508925245863 0.2678010268911901 0.1612328499826372
0.06561563068621978 0.457714416862672 0.09231352646074753 0.3843564259903607
0.05946706042689531 0.03661185291790925 0.16375017490228816 0.7401709117529073
0.8600716683992093 0.06241597830331924 0.06568048091183254 0.011831872385638875
0.230436419739672 0.47611795382127997 0.022398544735131032 0.271047081703917
0.30498641799744397 0.0017730618218122496 0.11480297146043028 0.5784375487203135
0.6730741564976392 0.06473203052603604 0.17933523644505756 0.08285857653126716
0.08750568959431348 0.8027785800314886 0.10891778272010633 0.0007979476540915798
0.07976805951033772 0.6104724693467635 0.06567439226595218 0.24408507887694664
0.2859808054966093 0.13328655276507184 0.4852436927580265 0.09548894898029237
0.2237989584398633 0.07147233582698809 0.13626818866985224 0.5684605170632964
0.31983791792953964 0.2735371743750573 0.397478539634451 0.009146368060952037
0.37924544608583366 0.0448545395760086 0.09226216738504511 0.4836378469531126
0.30866017786735 0.4674951403441274 0.12828264059787609 0.09556204119064649
0.6176551365006528 0.19518921974307613 0.16044926231738343 0.026706381438887594
0.047904267251766997 0.16788546244258373 0.43922668637159257 0.3449835839340567
0.6745904281466845 0.24739409313554095 0.00048565250529020165 0.07752982621248439
0.21920934989417395 0.42169230775677047 0.3433154895978371 0.01578285275121849
0.16264179309719995 0.07357646915281324 0.2389189454447901 0.5248627923051967
0.059875511540089854 0.15964210620563335 0.5892915990312695 0.1911907832230073
0.18257660031602574 0.44610267482757593 0.2514652023650925 0.11985552249130582
0.4944078532707228 0.03318718329982073 0.15003957700763038 0.3223653864218261
0.14218340624804238 0.7642547913992941 0.0391816174721884 0.054380184880475135
0.12058170185689254 0.04876498532537765 0.24516964976060918 0.5854836630571206
0.2229736089198977 0.14903332966955407 0.3436619728267639 0.2843310885837843
0.12145741071421923 0.3977983365461655 0.3471154129387275 0.1336288398008878
0.01910377790353346 0.08248229758641945 0.5166224614461955 0.3817914630638516
0.11352705839204535 0.06284404622876916 0.21615982281371282 0.6074690725654727
0.5632482906945077 0.08237914658593581 0.21347831698704345 0.14089424573251308
0.4102218517790308 0.33245964077114776 0.08821002482660278 0.16910848262321865
0.15899521023883378 0.04410479699714909 0.04133387535987754 0.7555661174041396
0.7444016844175225 0.16331342144190875 0.05168660495987609 0.04059828918069264
0.17164712300226947 0.16746585243181233 0.3574109318497324 0.3034760927161858
0.1458625173302921 0.1890135495312013 0.38268550059531226 0.28243843254319434
0.07467165526610287 0.11377122606296175 0.6422151946262238 0.1693419240447116
0.5065188581309138 0.17361087274623155 0.059574383682516774 0.2602958854403379
0.222437577533373 0.04282973505112475 0.5881909884325315 0.14654169898297076
0.5394883485375073 0.2258841140004244 0.22367400299893658 0.010953534463131742
0.316676927555097 0.37992589113504527 0.15687779052691642 0.1465193907829413
0.23268449214394082 0.18335931952367845 0.179590112032604 0.4043660762997767
0.4049482803164063 0.4057464638317293 0.10152523181393303 0.08778002403793139
0.05352809007927595 0.5456675951871427 0.050773118671193274 0.3500311960623881
0.27949348004954944 0.23938595045260924 0.1396471400298639 0.34147342946797743
0.0692187356759657 0.072423783780874 0.09332775801786786 0.7650297225252924
0.5206949082577362 0.16838068441514442 0.24157124703699817 0.06935316029012117
9.594626570708087e-05 0.35532628956908685 0.5322277208457716 0.11235004331943443
0.040951776491190195 0.2200002840350559 0.5303949505492862 0.2086529889244677
0.49004717064691994 0.2355403409362259 0.13546532084869034 0.13894716756816383
0.9002237459035333 0.00915912120420903 0.04004895938078823 0.05056817351146947
0.06053717588212493 0.47570012702606546 0.012521015767846366 0.45124168132396325
0.09718180607107019 0.15148168374818205 0.6730493111407431 0.0782871990400047
