87 30 4 81.27492968483406 162.54985936966813
6.906377667096612 9.594112392219047 9.737884314944347 1.8804895958384846 3.1667042420306286 8.817777882224114 5.927076410072622 7.472379681358821 9.331153124415867 6.553347554003919 7.001743225786027 4.005116571531379 2.646198953204893 4.262153783245832 4.616704798638317 7.857197742024841 3.4006152052178713 3.4038597108362567 9.78469272679685 1.5602458454742558 4.772889390872886 4.161248409341921 1.8053683502239966 2.7762210229177144 9.467722940009363 1.0950888896639104 2.674952744827575 9.869390717181142 4.062261971522252 3.938883506146378
1.3812755334193223 1.9188224784438095 1.9475768629888695 0.3760979191676969 0.6333408484061257 1.7635555764448227 1.1854152820145243 1.4944759362717641 1.8662306248831733 1.3106695108007838 1.4003486451572054 0.8010233143062757 0.5292397906409786 0.8524307566491665 0.9233409597276634 1.5714395484049681 0.6801230410435742 0.6807719421672513 1.95693854535937 0.31204916909485114 0.9545778781745773 0.8322496818683842 0.3610736700447993 0.5552442045835428 1.8935445880018726 0.21901777793278207 0.534990548965515 1.9738781434362285 0.8124523943044505 0.7877767012292756
0.192038773487181 0.46187156549695074 0.09679287337698383 0.2492967876388844
0.41220721547871864 0.22568531706021888 0.12347194908213943 0.23863551837892305
0.1639713326650435 0.19440708908891136 0.3415726387083361 0.30004893953770906
0.013435769845112744 0.6851173830130843 0.23533289913943722 0.0661139480023657
0.40820139411939504 0.3948354693110069 0.04414892696348993 0.15281420960610814
0.049269671285265826 0.079604442062428 0.17707193288571088 0.6940539537665953
0.1932492531169835 0.23964878241827026 0.1742130900505473 0.39288887441419895
0.17734183673021597 0.0782457148881468 0.09787701365194046 0.6465354347296968
0.09926015266712118 0.36914625419028035 0.02194167500560873 0.5096519181369897
0.8232523570839261 0.003567364765241443 0.100954825250684 0.07222545290014848
0.05321407715368609 0.850469190027037 0.017254004168263726 0.07906272865101316
0.01455872474920672 0.023297826304096048 0.7850947781139554 0.17704867083274178
0.18779133386451463 0.27299027309877777 0.24906770477756635 0.29015068825914125
0.2773117143705368 0.3518744416052383 0.3574996942025932 0.013314149821631704
0.10767012190947867 0.5136543822213698 0.31796145561564204 0.06071404025350946
0.4961268359433828 0.38380452933821807 0.10120873439217648 0.018859900326222645
0.12515465461466335 0.3056330325399522 0.078011776441552 0.49120053640383243
0.12776722743960212 0.40396962687301585 0.43502217282688294 0.033240972860499096
0.0190216272664937 0.6159199402915159 0.24894438789805362 0.11611404454393681
0.47191242929591815 0.3850751763848995 0.0024462736104143845 0.14056612070876795
0.12480685514749534 0.3077674004774693 0.5317886210356213 0.035637123339414045
0.022675491554436933 0.7159004471811069 0.01547823270102866 0.2459458285634275
0.11120755401369486 0.05019455865234479 0.5246659986135362 0.3139318887204241
0.24887857142996128 0.10524148447840742 0.0697105629221092 0.5761693811695221
0.20909124090374187 0.17417411926215087 0.18762883969355393 0.42910580014055333
0.027739500352295665 0.11779989495160281 0.060949103744978195 0.7935115009511233
0.22092090851918733 0.08406403111715854 0.526758802189088 0.16825625817456613
0.3429247969570087 0.16129390194101334 0.04628566459374228 0.44949563650823565
0.06764551315445866 0.2487647558984084 0.22427989345712807 0.45930983749000487
0.17409448514140025 0.28924852720218397 0.22242228760524352 0.31423470005117227
0.02201669091092373 0.20493522237434558 0.7255299815822825 0.04751810513244814
0.031948062711015135 0.4300694615924473 0.48506497491905454 0.05291750077748303
0.2717906960233123 0.3770601395933426 0.1047698063482716 0.2463793580350735
0.2071523251755012 0.41107241885820844 0.2731867350265669 0.10858852093972349
0.22545637843580102 0.24512089367123202 0.35038346920113905 0.1790392586918279
0.2647274021289385 0.010912626300838224 0.1784949690815173 0.545865002488706
0.4864422244505876 0.10215302503161772 0.04654444323977325 0.36486030727802143
0.5484439934391705 0.05654105042918378 0.37170332075134593 0.02331163538029979
0.009054484934107876 0.025884314411005693 0.44291739704270916 0.5221438036121773
0.48773052982900256 0.05211093749887663 0.29702488735085086 0.16313364532126995
0.31512864611231084 0.0697348569952273 0.1409956898953535 0.47414080699710837
0.03508918777833525 0.2964150051180696 0.5950455210399801 0.07345028606361503
0.5240357595029449 0.12494821264833034 0.29259223917606236 0.0584237886726624
0.38524449898687263 0.07073832652699508 0.03535090337115665 0.5086662711149756
0.7435812970627095 0.04572193664301205 0.045858577252170574 0.1648381890421079
0.4351741379776326 0.22454121032462748 0.0010652137914860527 0.33921943790625386
0.2460747272116488 0.4603326178391385 0.11260173758516501 0.1809909173640477
0.5679994536652642 0.17784704666631046 0.07671936789616896 0.17743413177225642
0.45075154190443634 0.1861618231661719 0.05956356828565179 0.30352306664373996
0.29584581535903964 0.31264274812918746 0.07915244421136858 0.3123589923004043
0.6658795397822295 0.017051262701007763 0.2464710700674414 0.07059812744932137
0.24211130688370874 0.09149831914907114 0.2805402970488923 0.38585007691832784
0.20167051314531637 0.3874619090789959 0.3217584558058513 0.08910912196983645
0.23198227398644944 0.07379858628616265 0.5161168012626259 0.17810233846476198
0.1840869613590933 0.3189352133277107 0.4845704444137745 0.012407380899421505
0.0956019784737473 0.4697048655729328 0.033180442383030195 0.4015127135702897
0.18037286670593855 0.2973233575904165 0.029166652709699425 0.4931371229939455
0.43050250227030684 0.22483107825542792 0.2804083058940511 0.06425811358021416
0.20666623342378987 0.40762356472127625 0.02024038783173665 0.3654698140231972
0.30685369932930073 0.19516294098473663 0.18796198121130192 0.3100213784746607
