27 80 4 236.26776455678734 472.5355291135746
4.831492694670062 8.331253664450973 7.618575611797116 8.812028798917622 4.450426955853581 9.815109689300686 9.038749120436218 2.887436527789379 7.676448826714667 6.968289872167686 8.981213153427433 8.722114409219916 7.74335992369167 8.831302480497293 2.6808025912427174 3.930100452948241 4.356436914590178 8.143417225753089 2.3595424259328044 2.529484291340288 1.7305218365486108 3.7465780750281428 8.049608216369869 2.46615563781052 1.6357716629679377 7.309640556023842 2.6288189119033207 6.390255253408827 4.737372842758557 5.622150241569413 2.98590555651546 7.530157068716164 8.644914534785705 9.360035452122526 7.623460356091416 5.289285166662879 5.436036759336192 6.350682445913682 1.6843326883452203 2.0572922741097446 9.698190994216615 6.249900613897339 1.8317972249001846 1.1226655146790296 8.532370976210961 9.233091094557876 7.34127634633265 4.4830593792475355 7.351245144755263 9.309800408883019 3.593376050933094 7.156178611937872 5.682632497929094 8.89629197723702 9.315003799838621 5.403071408776753 6.36592566487749 3.3784787420594795 9.92539807176746 2.8935816704960304 6.2503307330017694 6.840099560053959 9.198740891721332 2.09492137220711 7.082391967893829 7.792762649566824 9.194818328704221 3.175191369494031 9.780359794789856 3.7335671216004815 9.105402697469916 1.9419406479451022 7.058078615877936 8.825885714636456 6.049248262085227 5.2085660500873985 1.1357912936699566 4.53892560540504 2.892948131825417 2.885660944275729
0.9662985389340124 1.6662507328901945 1.5237151223594232 1.7624057597835243 0.8900853911707163 1.963021937860137 1.8077498240872436 0.5774873055578758 1.5352897653429334 1.3936579744335371 1.7962426306854866 1.7444228818439833 1.548671984738334 1.7662604960994586 0.5361605182485435 0.7860200905896482 0.8712873829180356 1.6286834451506178 0.47190848518656087 0.5058968582680576 0.34610436730972216 0.7493156150056286 1.6099216432739738 0.493231127562104 0.32715433259358756 1.4619281112047684 0.5257637823806641 1.2780510506817655 0.9474745685517114 1.1244300483138825 0.597181111303092 1.506031413743233 1.7289829069571412 1.8720070904245052 1.5246920712182832 1.0578570333325756 1.0872073518672383 1.2701364891827365 0.33686653766904406 0.4114584548219489 1.9396381988433231 1.2499801227794678 0.3663594449800369 0.22453310293580592 1.7064741952421922 1.8466182189115752 1.46825526926653 0.8966118758495071 1.4702490289510526 1.8619600817766038 0.7186752101866187 1.4312357223875742 1.1365264995858189 1.779258395447404 1.8630007599677243 1.0806142817553506 1.273185132975498 0.675695748411896 1.9850796143534921 0.5787163340992061 1.250066146600354 1.3680199120107919 1.8397481783442664 0.41898427444142194 1.416478393578766 1.558552529913365 1.8389636657408441 0.6350382738988062 1.9560719589579711 0.7467134243200964 1.8210805394939833 0.38838812958902047 1.4116157231755873 1.7651771429272913 1.2098496524170455 1.0417132100174797 0.22715825873399131 0.907785121081008 0.5785896263650834 0.5771321888551457
0.19410813118027714 0.2014157015518253 0.06412116496098019 0.5403550023069174
0.17126442146678234 0.0500236633049056 0.4998642922753834 0.27884762295292864
0.03541708769813445 0.7039938924204591 0.09095219544010513 0.16963682444130135
0.7096489722082104 0.22959133111717467 0.00350750045376802 0.057252196220846874
0.4009708638307262 0.0026103908890506844 0.5001454664891412 0.09627327879108194
0.555063278630468 0.15198333503318306 0.23570500406755712 0.05724838226879181
0.11106006985091776 0.20313867630400517 0.6328966511081517 0.05290460273692532
0.059746398956140645 0.17105012600484493 0.4004271011667909 0.3687763738722235
0.11323433718051013 0.5554498725013197 0.05933856631963752 0.27197722399853264
0.09649789260292185 0.3512597440026658 0.3929975750643653 0.15924478833004707
0.3569744523974929 0.48817531503164546 0.08568644081801124 0.06916379175285037
0.57408434589533 0.016975143632934175 0.4060282960490321 0.0029122144227037294
0.028698282795897367 0.6410860322426605 0.14393237756335042 0.18628330739809174
0.5778184951133303 0.11783097734495673 0.0037662867788035292 0.30058424076290946
0.03515779060951896 0.7229884766536168 0.19714240108293313 0.04471133165393115
0.07537514715469074 0.46811636515633104 0.24345872873936902 0.2130497589496092
0.460989199529272 0.0681760352689822 0.415015877663102 0.055818887538643835
0.20059085604706395 0.4554287548479009 0.010276107144857938 0.3337042819601772
0.49347961654612027 0.4422013313453673 0.026807404212034758 0.03751164789647765
0.12604244511704188 0.34750109255702677 0.4602136136639048 0.06624284866202657
0.3945888754596104 0.3486571853447099 0.24131219672417858 0.015441742471501096
0.42197876809509394 0.33740228129829464 0.13661686206287282 0.1040020885437386
0.1369960228560375 0.0421344852802521 0.22901257001654707 0.5918569218471633
0.1809813678317418 0.27124432379328944 0.46211367164105166 0.0856606367339171
0.8934795763535003 0.04078143275060342 0.05954820174163167 0.006190789154264631
0.5560254294923281 0.2587786684893175 0.05413471371710277 0.13106118830125157
0.04029604852209678 0.2377393646713153 0.21803901154606653 0.5039255752605214
0.09903896819679359 0.3173141754185843 0.00898520327689678 0.5746616531077253
0.4099330927608482 0.13613597863730353 0.4491768913763464 0.004754037225501828
0.049530230252839536 0.056946222060731744 0.08645573252801309 0.8070678151584156
0.05772085927177162 0.2661461296306693 0.29598050684078314 0.38015250425677594
0.49259884795810605 0.2871435669861929 0.14741239012938767 0.07284519492631336
0.4594136104183023 0.08320957977130594 0.30264886592274953 0.15472794388764222
0.21855892906659413 0.31702592981122346 0.4353865913085886 0.029028549813593818
0.36049560009413284 0.09692919139204148 0.2157910591685932 0.3267841493452325
0.29045313227273595 0.35532300122744065 0.23017369542079336 0.12405017107903005
0.3150462938698514 0.24748476962882993 0.16008642751053337 0.2773825089907853
0.0009804597363209933 0.19018319787192994 0.5436715732575916 0.26516476913415743
0.016787198530474612 0.15283771677990243 0.8250425273211381 0.005332557368484814
0.6007806186322974 0.07336232240649498 0.03379374877269281 0.29206331018851484
0.006121630744260309 0.10683655915999668 0.6994387822219328 0.18760302787381022
0.19400339677541034 0.3518755366790006 0.16530819582482748 0.28881287072076156
0.6266845281418361 0.2025462944132299 0.07405093746517244 0.09671823997976159
0.42962694164732107 0.18481661537562333 0.034525684376909505 0.3510307586001461
0.08347341234565309 0.17016364556042607 0.21311231961088162 0.5332506224830392
0.43193459245353083 0.2933876795227437 0.2052966297890455 0.06938109823467997
0.1778070812559558 0.004130971821329266 0.5016502344587619 0.31641171246395305
0.18151827266156484 0.030114466058818068 0.1515580065961628 0.6368092546834543
0.4427975886841421 0.005774810051924484 0.2391983948188907 0.3122292064450427
0.08628926983776153 0.056846205693005025 0.7869880654806449 0.06987645898858852
0.3340397215086014 0.4230335654241052 0.064428693674348 0.1784980193929454
0.03745906759541662 0.7048011393991148 0.008475286691764672 0.2492645063137039
0.3774674710632361 0.07953785233904231 0.19432093556849284 0.34867374102922877
0.40649600561656196 0.4528895218044662 0.013687555386419525 0.12692691719255234
0.31090452629626997 0.019706384844515146 0.2583629521231503 0.4110261367360646
0.12699717504777286 0.05922991209172446 0.3531594544157086 0.46061345844479407
0.3579009061557795 0.2753619129090735 0.16472240643130143 0.20201477450384553
0.4602928105060178 0.14829708750008463 0.09945560954013077 0.2919544924537668
0.07065042988891546 0.3170577779593511 0.36562650802243657 0.2466652841292969
0.0004332688382210348 0.23140516800253852 0.4600664868239044 0.30809507633533606
0.11394280125044554 0.006425858186140165 0.36822437260262286 0.5114069679607914
0.08173991289255444 0.08492858719522911 0.16474203362461703 0.6685894662875994
0.024279349322802624 0.13444337669518336 0.6796765114710029 0.16160076251101108
0.16801100923941603 0.5241368738907035 0.18803274729713004 0.11981936957275041
0.005028138636961055 0.035890306131040495 0.3621127344069962 0.5969688208250022
0.13024166997655207 0.4520729313640198 0.04254272042283325 0.37514267823659486
0.179867523255268 0.04664682123433084 0.2096882433086965 0.5637974122017047
0.18291637006548211 0.13835366414689443 0.19059995649579187 0.4881300092918316
0.26461612799871714 0.21304871301920492 0.09805796843050962 0.4242771905515683
0.031823670428040685 0.399224493991464 0.18209888452836354 0.3868529510521318
0.23964316007709685 0.15387194807942395 0.43627743096967886 0.17020746087380034
0.5666417241612006 0.3514338999531613 0.028928437704469512 0.052995938181168545
0.006980693652451575 0.13350527589826433 0.12349986124089629 0.7360141692083878
0.41468436268565023 0.17064705448660755 0.05494353068781044 0.3597250521399318
0.36142000572842703 0.21186544474202584 0.40318546365006624 0.023529085879480882
0.06480271178872443 0.001614917135765892 0.5779208111552308 0.3556615599202789
0.8219959159437258 0.01935538386777036 0.04378344510350052 0.11486525508500334
0.0453140721955545 0.2991911346070323 0.49418663924038253 0.1613081539570307
0.5269081613013953 0.332051726467372 0.06168919822130847 0.07935091400992422
0.06148220678381222 0.45864289936504976 0.151579952182759 0.328294941668379
0.1925857832764143 0.6570447932196861 0.13107243724829476 0.01929698625560483
0.4605330170263848 0.05383699977637679 0.43713791710981875 0.04849206608741963
0.18319228819522537 0.32754009539708007 0.4720726505662708 0.01719496584142377
0.3918676582027327 0.0853048335049228 0.25052063501574373 0.27230687327660075
0.07195334754183935 0.48632021602327546 0.205384766567957 0.23634166986692817
0.21012746122808923 0.41160968601879955 0.10068517403379751 0.2775776787193137
0.3116763122648373 0.020387967647763183 0.39564813996229253 0.272287580125107
0.03482098205022799 0.14766431431548532 0.04169882980000206 0.7758158738342846
0.15406444785964013 0.4692604125294718 0.21057590721237407 0.16609923239851399
0.11199090772310505 0.7615134011864364 0.06138482940978196 0.06511086168067659
0.15609123866945562 0.3750214673005403 0.3774135750760296 0.09147371895397449
0.09431945517848339 0.08210686424359315 0.7942294502197316 0.029344230358191892
0.21851275214530497 0.011366979727022941 0.03783378353631106 0.732286484591361
0.4049516458945601 0.11558500068546596 0.23036984753674683 0.2490935058832271
0.5288188708963109 0.12103511646564113 0.30367657267765247 0.04646943996039554
0.12199785075308123 0.037442449596691296 0.7181903266203868 0.12236937302984063
0.2739501975099675 0.2606448499283188 0.06046842141893771 0.40493653114277595
0.011781954018039276 0.03301284057980736 0.7852635405679752 0.16994166483417816
0.6389431794612213 0.11561693392416095 0.03987461453041763 0.20556527208420017
0.06936129737930274 0.0695144936619202 0.7221913384719135 0.13893287048686354
0.41643725624149386 0.5137267886857925 0.0351566138180045 0.03467934125470917
0.04832574604511497 0.2430216314716548 0.07916281377719903 0.6294898087060312
0.0833195650126739 0.43086346714413404 0.01997098478929049 0.46584598305390157
0.16991180600377054 0.44499332056034124 0.2916717102194275 0.09342316321646071
0.02379481017078322 0.2700395299075177 0.4214757044483498 0.2846899554733493
0.43665330022035176 0.3578356714236658 0.06791247616391671 0.13759855219206574
0.47114237410141213 0.04320400603075136 0.35755383276498554 0.12809978710285097
0.3113250752752821 0.4405034281757768 0.1590746991842359 0.08909679736470522
0.20355087760088675 0.029955818991527106 0.4678485965776681 0.29864470682991806
0.11596149886818852 0.1540867296109566 0.4547590002106633 0.2751927713101916
0.01227390724578703 0.3531376170839665 0.45981993069051774 0.1747685449797287
0.2374185692290719 0.30119550715110666 0.10611476016843469 0.35527116345138676
0.22149471675674648 0.20105859657934744 0.22679251791861854 0.35065416874528754
0.28450967126274296 0.05378328845133973 0.07313633411454257 0.5885707061713747
0.8676075324721845 0.039636859666729696 0.039120606685467685 0.05363500117561815
0.20389948480224052 0.2786171309885682 0.004192921850001641 0.5132904623591896
0.15585096105038432 0.6510625719632624 0.01988749962348535 0.17319896736286788
0.2166399784600146 0.20023146126297298 0.2337918743895364 0.349336685887476
0.12453158397846475 0.027954147288661635 0.4168701526867288 0.43064411604614483
0.0314632528133616 0.4887145394482628 0.45854510199335086 0.021277105745024727
0.03267059229340019 0.06869734911093739 0.8577280075306453 0.040904051065017155
0.46091517264803583 0.43558587082296885 0.00933899776029612 0.0941599587686992
0.8495397825290767 0.03305355164946833 0.07464752853649237 0.04275913728496261
0.07103901204971219 0.08554563341090193 0.7200926647251089 0.12332268981427696
0.377902218686877 0.28103296398617317 0.2657673972658986 0.07529742006105122
0.03756162437706878 0.4650073387514937 0.06656920407507316 0.43086183279636436
0.4808940863771335 0.10128132146221458 0.12428793375959657 0.29353665840105536
0.7067024045378953 0.1585732811721835 0.0770167512675708 0.05770756302235036
0.3638844153697546 0.05244624802073916 0.10429962255425274 0.4793697140552535
0.06558435095084514 0.2509546592491211 0.43130200160461063 0.25215898819542315
0.4428776796371552 0.0029165772464130324 0.20733143450335245 0.34687430861307933
0.2038500038302682 0.03210370421870712 0.29605119425343673 0.46799509769758796
0.14455037111070135 0.2635386172182481 0.5288596077852825 0.06305140388576802
0.0191448994396336 0.3822897226459836 0.410759662523831 0.1878057153905518
0.05913411797323498 0.5404856895355348 0.027770549278009482 0.37260964321322076
0.2583190264922879 0.10381246394946697 0.5130001543901083 0.12486835516813688
0.39546310239560767 0.26804314893500625 0.031043517048531477 0.3054502316208546
0.14595267194670603 0.2914178912110992 0.36509601703228234 0.19753341980991246
0.088955585174602 0.25824697879503344 0.18080958092642452 0.47198785510394003
0.029911756966624847 0.2731229090834937 0.5462135066941942 0.15075182725568725
0.35605143757788005 0.02816556367549683 0.3313718174837824 0.2844111812628407
0.0715861309327076 0.7986622884197246 0.07889787960472117 0.05085370104284659
0.0415209462014432 0.7950859803751306 0.13185364425742152 0.03153942916600472
0.08369906487646495 0.278168351656214 0.24897630381652802 0.389156279650793
0.18403958328375325 0.06826895691570423 0.720464293480945 0.02722716631959754
0.37924808139631005 0.03898125408881414 0.2973140244933328 0.28445664002154303
0.06718497909869836 0.21501463283558686 0.30710981711857777 0.410690570947137
0.21992932093353557 0.45483080815495436 0.018659781531903397 0.3065800893796067
0.22474857244333446 0.5212403235801294 0.08969622068071115 0.164314883295825
0.5123908926111109 0.13476820003551482 0.21078156913705237 0.14205933821632188
0.5334838070894768 0.06741701780452514 0.08989832074347714 0.30920085436252087
0.3629219474191264 0.3797613503176853 0.1913926590844406 0.06592404317874767
0.20777968748796583 0.572737079687675 0.06463038019670075 0.15485285262765847
0.10819197541063341 0.28736898901907404 0.4256006777070578 0.17883835786323476
0.036995578969788334 0.3945383147114594 0.06893966092400217 0.4995264453947501
0.3129701865481863 0.2965309658249943 0.12065788017498824 0.26984096745183117
0.38147394921752487 0.496174610032873 0.0801755416618688 0.04217589908773334
0.0374137165921562 0.0005177870344044155 0.39882605320901876 0.5632424431644206
0.40195262344264593 0.16199653715013085 0.22267178836815338 0.21337905103906984
0.8961416918186843 0.03295643226902345 0.058763301221853026 0.012138574690439219
