51 40 4 105.85847422466377 211.7169484493275
7.081582739531971 1.4024096398265145 4.0897330528833304 6.796177543178478 3.5579169886626056 9.544040259850046 2.4190315189638754 4.491756661804861 6.309943088250829 5.390162121815565 2.5690904742170915 2.963643050648896 6.820709897845528 3.2484826822810113 4.692231874914458 1.4295320469678625 3.911934664323683 3.629815828390938 5.008694526401623 1.5424732506568244 7.7917455265660704 7.55839747397056 6.082848448520835 7.427092558707146 6.241204724951688 6.7522520223915 8.156788556994037 8.825415039139084 4.1499270842064515 3.77109754577186 6.433515414741037 4.349333608491711 8.773971757841347 7.404340779158669 4.8072413820696775 8.89443044230805 1.1719288552046567 5.118158636636846 2.5220241264926275 8.58587255374768
1.4163165479063942 0.2804819279653029 0.8179466105766661 1.3592355086356958 0.7115833977325211 1.9088080519700092 0.48380630379277506 0.8983513323609722 1.2619886176501658 1.078032424363113 0.5138180948434183 0.5927286101297792 1.3641419795691054 0.6496965364562023 0.9384463749828915 0.2859064093935725 0.7823869328647366 0.7259631656781875 1.0017389052803245 0.3084946501313649 1.5583491053132141 1.511679494794112 1.216569689704167 1.4854185117414294 1.2482409449903376 1.3504504044783 1.6313577113988074 1.7650830078278168 0.8299854168412903 0.754219509154372 1.2867030829482073 0.8698667216983422 1.7547943515682694 1.4808681558317338 0.9614482764139355 1.77888608846161 0.23438577104093133 1.0236317273273692 0.5044048252985255 1.7171745107495362
0.12445580943516521 0.146957138736463 0.5761881075263829 0.15239894430198886
0.19640902928258563 0.2186286761448828 0.23450947093331498 0.3504528236392166
0.10219360856776849 0.4783869692374596 0.27200232973068983 0.14741709246408208
0.04165497934232609 0.17607734705573996 0.056803526661358794 0.7254641469405751
0.17448745419058886 0.07883297335799289 0.5507624476505516 0.19591712480086665
0.1119554271992983 0.4232336367885682 0.36880648840528585 0.09600444760684768
0.5003993292901733 0.10047871398978303 0.28681540588831644 0.11230655083172725
0.0059993948968157795 0.00043536827264079037 0.2023542008299154 0.791211036000628
0.18822175398502938 0.34595130423846665 0.11673724848551637 0.3490896932909876
0.44333588321540585 0.16169471714418615 0.0932717857536699 0.3016976138867381
0.7988417708079415 0.08022197020838429 0.06683000744322654 0.05410625154044768
0.048837312695234725 0.2634771411313279 0.292196869547949 0.39548867662548837
0.25350302755533494 0.6449556524533653 0.08434204088078612 0.017199279110513666
0.39832616326346537 0.034004816471602695 0.19545200646798133 0.3722170137969506
0.042693217596753374 0.5543418484686239 0.36060890657808053 0.0423560273565422
0.3862733543078446 0.05485361032819003 0.5416523934243637 0.01722064193960171
0.2312444261405272 0.5959626809782972 0.08543440138304925 0.08735849149812636
0.4201208659644594 0.10398666351666563 0.4276015266473302 0.048290943871544756
0.05570066485194414 0.2504610599520031 0.377444533862788 0.3163937413332648
0.11102613713211695 0.5477116513667768 0.33631587818755226 0.0049463333135539855
0.48789521924254475 0.42323156265179307 0.0389359863474984 0.04993723175816378
0.5071999004302182 0.40127052331966473 0.06619698353096981 0.02533259271914723
0.037842748305568774 0.3818241115456802 0.45049361894046036 0.12983952120829068
0.06308765546426032 0.3971745127618591 0.25973154904509554 0.280006282728785
0.5875717537232402 0.004178865966662837 0.2472737641057171 0.16097561620437983
0.10897234248733945 0.12571971179826924 0.5927568094057853 0.17255113630860597
0.11543532744378304 0.37011068857926366 0.11781716126414365 0.39663682271280964
0.14423524153423595 0.24531574953040525 0.2049291494612372 0.4055198594741216
0.40455521511373593 0.040488336851022155 0.497307377339545 0.05764907069569691
0.35458498295543517 0.36053613735608203 0.2542082610218003 0.030670618666682525
0.23905049132545952 0.027254536523402262 0.3309908137009484 0.4027041584501898
0.32147982231337946 0.19747009512526936 0.04635856404268213 0.43469151851866905
0.7408272834248666 0.07228477568719749 0.052053211053474824 0.1348347298344611
0.3749597868681135 0.04524474437564896 0.5003718401185584 0.07942362863767916
0.13060365511466032 0.2934259345543998 0.4800811962276338 0.09588921410330609
0.15686025726169206 0.48635362605600163 0.07303029348990575 0.28375582319240056
0.19938596711146406 0.27350466256917316 0.10573874006503525 0.4213706302543275
0.34364846263235393 0.1791622466206475 0.02851941802678215 0.4486698727202164
0.017196408493772908 0.6565421203027212 0.08810826968131025 0.23815320152219566
0.6400655963412384 0.26001130488579216 0.039978325503052026 0.05994477326991743
0.1743854069255517 0.5685351341361247 0.17850259373446387 0.07857686520385976
0.16441869059144643 0.032771351359028755 0.1196547747723965 0.6831551832771283
0.011923225907076174 0.3148030593626783 0.3622482655143682 0.3110254492158774
0.07421206062652308 0.30275153983272685 0.32151966771115803 0.30151673182959204
0.028594337529569747 0.4350872723927697 0.18836649863336685 0.3479518914442937
0.31548560488481303 0.32158522123364086 0.037031972164561555 0.32589720171698455
0.12831951148356902 0.35476389536952635 0.032199330836748974 0.48471726231015566
0.35252989055983996 0.33854645193507293 0.2001651711031467 0.10875848640194041
0.1350517709745358 0.26540259056658666 0.28118230683959755 0.31836333161928
0.20724376815393108 0.32170147858492726 0.3606415824914876 0.11041317076965407
0.1001826524548296 0.04050837560290077 0.566122251851944 0.29318672009032565
0.32006464140661606 0.264397669933359 0.25204525774144937 0.16349243091857557
0.03030897441866809 0.18848196079000656 0.23142392372823373 0.5497851410630916
0.12370521710620608 0.02764215905976053 0.2233172711251713 0.6253353527088621
0.014417203985236382 0.720909497152197 0.09105108069233614 0.1736222181702305
0.08668495560529477 0.5160953946326692 0.1466879122426218 0.25053173751941427
0.09071632059714263 0.21899152126427557 0.0896377295544285 0.6006544285841533
0.3559533794425288 0.1644922126755528 0.35234619696257163 0.12720821091934675
0.28700769580892604 0.3315058712572767 0.055671041467012294 0.32581539146678495
0.5261869851824212 0.09347966778782624 0.377832338708889 0.002501008320863529
0.5043112418942842 0.00013512921534863942 0.3938150893455409 0.10173853954482626
0.1468317085644505 0.5059658764859952 0.3106798687376906 0.03652254621186368
0.03677582554838332 0.36372380436604435 0.13433762163732854 0.4651627484482438
0.5974358209720746 0.08181892845575822 0.14027940279176276 0.18046584778040442
0.20180416247482402 0.1993676026228367 0.39520149462589615 0.20362674027644312
0.1363776552024516 0.7238390814124582 0.1284770106657357 0.011306252719354482
0.6352552819335276 0.16656252722591247 0.04522767399342498 0.1529545168471349
0.5940440910593291 0.16640055646426266 0.1663590571247694 0.07319629535163885
0.014423243377552963 0.2205112200354451 0.30478886213021406 0.4602766744567879
0.1777977043283665 0.6679339853233683 0.12608584952842417 0.028182460819840993
0.18972249256656093 0.12075187449303226 0.596467776399673 0.09305785654073384
0.20775925550184393 0.0022114356052910233 0.5473273903736131 0.24270191851925194
0.12546428489810302 0.2059228659842708 0.25152070472683397 0.41709214439079223
0.5795200108757105 0.0005681698731572205 0.23080752301964746 0.18910429623148484
0.24001120434671597 0.2164213130267637 0.34460687840265347 0.19896060422386685
0.04754631272265364 0.4299276486037982 0.20290113503274299 0.3196249036408052
0.3107783336396087 0.05086766880326332 0.03866924110586789 0.5996847564512601
0.05394104102624475 0.06799039912131544 0.22952492460154805 0.6485436352508918
0.18996058973415386 0.09643062781154832 0.6916919208292694 0.021916861625028372
0.2622575843024175 0.0032360129861234155 0.658648682032548 0.07585772067891106
