94 100 4 260.67385795615036 521.3477159123006
7.474472076195626 6.464990580597906 7.208754531208873 4.810896810104815 5.056894995312373 4.5322477299072235 5.607164333181606 2.0147676309530946 9.768673115748545 5.453314933023011 9.582533068377362 3.7626930390605398 7.960810859508484 3.818303187323722 3.721407035095736 7.957564226720459 4.099750665952495 9.77500176020531 1.25293706370404 5.722614378197641 7.302270302631717 3.691806176164816 1.5486686522636877 6.650172251866753 5.649899237658159 1.1532982904734719 2.292779559149225 6.735086901258235 8.600864328539348 4.6701573473364855 7.575181768424371 2.8601292770908073 1.216220203707921 2.291891627517219 5.308086346489681 2.820309504554869 3.4288849314521173 1.1536928058842855 3.1549270930058784 8.8896580704578 3.4058292148090046 9.343678284261799 9.17308378639344 3.704496802088739 4.975905827099208 7.183119973302469 5.918128438130378 9.14295398672017 6.600890719318649 9.36713519316776 9.502177106254793 6.681412793128587 7.794043295416794 2.8475614684333115 5.216730283175456 5.277455296827591 4.595075383268529 6.692165829491199 5.54918823051382 1.4277529826314392 1.1538009594410918 7.350959999178955 7.7297648535469055 6.685916388058212 7.499434474327284 6.226644164386553 5.373227520119466 2.864855886749163 5.273337877752445 6.758509697910373 5.051262826052697 4.806675118354434 3.7365373953798313 1.2679107657982853 9.069810497928854 2.4222996550539753 7.947592822704304 4.126690310104804 6.034255588077043 8.115684579227533 8.802820344033368 7.461571353770671 3.543343137629358 5.35691680166548 1.415798823277052 3.649028527352929 2.250568753341338 3.892667783568905 1.2837461003738113 2.8359800358107887 4.762698608064461 7.644488298536919 7.644466807754108 7.699438239604437 1.1787635098578564 2.810432107635657 3.4836168637152887 2.6594797956874063 4.943728336014087 1.094428713715782
1.4948944152391253 1.2929981161195812 1.4417509062417746 0.962179362020963 1.0113789990624746 0.9064495459814447 1.1214328666363211 0.4029535261906189 1.953734623149709 1.090662986604602 1.9165066136754725 0.7525386078121079 1.592162171901697 0.7636606374647444 0.7442814070191471 1.5915128453440919 0.819950133190499 1.955000352041062 0.250587412740808 1.1445228756395283 1.4604540605263434 0.7383612352329633 0.30973373045273755 1.3300344503733506 1.1299798475316318 0.23065965809469438 0.458555911829845 1.347017380251647 1.7201728657078696 0.9340314694672971 1.515036353684874 0.5720258554181614 0.2432440407415842 0.4583783255034438 1.0616172692979362 0.5640619009109737 0.6857769862904235 0.2307385611768571 0.6309854186011756 1.77793161409156 0.6811658429618009 1.8687356568523597 1.8346167572786878 0.7408993604177478 0.9951811654198416 1.436623994660494 1.1836256876260756 1.828590797344034 1.3201781438637297 1.873427038633552 1.9004354212509587 1.3362825586257174 1.558808659083359 0.5695122936866623 1.0433460566350912 1.0554910593655182 0.9190150766537059 1.3384331658982398 1.109837646102764 0.28555059652628784 0.23076019188821836 1.470191999835791 1.545952970709381 1.3371832776116424 1.499886894865457 1.2453288328773104 1.0746455040238931 0.5729711773498326 1.0546675755504888 1.3517019395820746 1.0102525652105394 0.9613350236708869 0.7473074790759663 0.25358215315965704 1.8139620995857708 0.48445993101079504 1.5895185645408607 0.8253380620209608 1.2068511176154086 1.6231369158455067 1.7605640688066735 1.4923142707541341 0.7086686275258716 1.071383360333096 0.2831597646554104 0.7298057054705858 0.45011375066826764 0.778533556713781 0.25674922007476225 0.5671960071621578 0.9525397216128922 1.5288976597073838 1.5288933615508216 1.5398876479208874 0.23575270197157128 0.5620864215271314 0.6967233727430577 0.5318959591374812 0.9887456672028174 0.2188857427431564
0.059930807585060086 0.14363662138068067 0.14436547064856786 0.6520671003856914
0.10534345505829901 0.5750145836140635 0.21964680401206238 0.09999515731557507
0.3813832162331734 0.48270619454267694 0.029853461537139192 0.10605712768701048
0.24579097299429264 0.39807993472352654 0.19691338349748466 0.15921570878469615
0.018145976559878152 0.10726991116232898 0.6187784408680199 0.25580567140977295
0.10877514141692146 0.6820259404317257 0.052387307244265546 0.15681161090708728
0.018121050069946465 0.19522368659088885 0.3673862144758012 0.41926904886336347
0.016452996204240455 0.6123366033929708 0.3363545008548501 0.03485589954793866
0.026035153371528952 0.1395925628630389 0.3270063108729081 0.507365972892524
0.19108137374383227 0.44424855443476685 0.34697086685558887 0.01769920496581201
0.2518129119039856 0.3585253407172765 0.13829432692583354 0.2513674204529044
0.03356140002411623 0.33913655219671 0.17805459432854653 0.4492474534506272
0.10928044948723625 0.25117760683425794 0.4261547000809016 0.2133872435976042
0.11470328043341782 0.1776398090447724 0.5485099399631156 0.1591469705586942
0.24791140711654525 0.14007866275583425 0.608584820192056 0.003425109935564552
0.24723743900462858 0.1936070344440327 0.29062208186432137 0.26853344468701734
0.175873817905427 0.25988976426255006 0.3559298762557991 0.20830654157622386
0.12125493090251804 0.2845168758654988 0.1668425467223542 0.42738564650962896
0.2403848164787451 0.18450431108395893 0.5105762063371213 0.06453466610017466
0.0877717529672789 0.11446431841114724 0.32319841659307236 0.4745655120285015
0.19359208128028582 0.7572515097016849 0.011511735430848824 0.03764467358718049
0.19574758951048765 0.25286331490191927 0.4325794025770301 0.11880969301056299
0.06584990431955506 0.20956209223915245 0.46562619830632235 0.25896180513497014
0.3382550807413781 0.12819381781682204 0.47894026422528824 0.05461083721651161
0.046623738990065555 0.5006879225758106 0.07965666933015891 0.3730316691039649
0.1310692656580661 0.6063067320056891 0.14767635705903315 0.11494764527721169
0.11116603492824073 0.3684798427820186 0.361707181643257 0.15864694064648366
0.3478047336951128 0.0865961855475208 0.23749213527400992 0.3281069454833565
0.6595418907165818 0.19457460566533158 0.11975271178618929 0.02613079183189737
0.15733267603203072 0.24320215736360973 0.09846543799951346 0.5009997286048461
0.6176817158338701 0.19918619159590922 0.008786407673263108 0.17434568489695756
0.17367097495674344 0.25061196166196087 0.14531435110462187 0.4304027122766738
0.2828396901921898 0.16013050123159878 0.2733368389332711 0.28369296964294033
0.08589499552686408 0.14227859077050065 0.41384037784649674 0.35798603585613853
0.27863859668021707 0.3615803888277146 0.333456622774552 0.026324391717516327
0.6029897688836933 0.1013974774998393 0.15721020072915093 0.1384025528873165
0.4782315973699439 0.11424952880166195 0.010866835012258935 0.3966520388161352
0.3107140986794966 0.43885314709456935 0.09062630268668259 0.15980645153925144
0.209245936219274 0.12408364434600982 0.5571579587305944 0.1095124607041218
0.43159162742443813 0.08537932522191038 0.22021997180283504 0.26280907555081645
0.37294439599022366 0.4943691051816763 0.05934879154321859 0.07333770728488143
0.1736110625416074 0.16650390533189474 0.5605286139093079 0.09935641821718999
0.49659091803849753 0.04882237601093431 0.28157788297086783 0.17300882297970033
0.13430858572484938 0.6002315019875911 0.14518637480189556 0.12027353748566394
0.0503926762133865 0.3629715525679249 0.32715651738530194 0.25947925383338666
0.04143308199812534 0.6120314268182061 0.2628447705513203 0.08369072063234828
0.07488379287905766 0.1504765485543259 0.3570020667021777 0.4176375918644387
0.49031088523314426 0.06300579213343671 0.1659448503892076 0.28073847224421145
0.08939425295930914 0.18311329355234285 0.2954031385754281 0.4320893149129199
0.3745889987233981 0.00411915178560851 0.05037628264300953 0.5709155668479838
0.26395309221299323 0.6790979479651097 0.026355700432400764 0.030593259389496308
0.209346521882253 0.4621583943183196 0.00998508775445961 0.31850999604496777
0.10875506129989732 0.4572325498146358 0.1122647550717707 0.3217476338136962
0.6291255049408969 0.09941112008743924 0.1063417737374478 0.16512160123421604
0.20367859387916598 0.16902811190521017 0.5944195072373168 0.03287378697830701
0.3188927227804267 0.17639756934349726 0.44989798731607744 0.05481172055999861
0.30826853052245085 0.009248670823201244 0.672541510023259 0.009941288631088896
0.41325311850446234 0.435475920103397 0.06611413483941342 0.08515682655272727
0.21651605571346322 0.0875891091890505 0.5948847245841276 0.10101011051335873
0.21606373696054915 0.6846385382898407 0.023066445581926054 0.07623127916768413
0.1832061397567064 0.12780119599214623 0.41650955898186603 0.2724831052692813
0.42089305043968084 0.27200209122010843 0.0015439291436758484 0.3055609291965349
0.1563988721640358 0.5072139634219837 0.10386931616814188 0.23251784824583865
0.03253321315779234 0.15683054473738778 0.2771505663015671 0.5334856758032528
0.10111137716729834 0.31609142374188604 0.16506801395171233 0.4177291851391033
0.49068905078007796 0.14467091672569288 0.302857969689839 0.06178206280439014
0.5064440334532839 0.2991965212440362 0.17044363830514153 0.02391580699753837
0.15978627739752038 0.11733274082491996 0.42470299583387405 0.2981779859436856
0.16612862665576555 0.5148736321676584 0.27298123478548686 0.04601650639108923
0.5430733016815609 0.0022906714508437176 0.052211669246750914 0.4024243576208445
0.43509624117014134 0.4265035747730982 0.06484533998978026 0.07355484406698021
0.0048205046653345685 0.5741141178818759 0.3979987634091552 0.023066614043634304
0.23171497971307353 0.003354420161228333 0.15108825613148802 0.6138423439942101
0.3999305548451004 0.036136852037047196 0.4416033789572624 0.12232921416058995
0.15703036166954232 0.5576115030943742 0.11290802426112401 0.17245011097495944
0.11268421914896132 0.7575520093350676 0.00802905092147399 0.12173472059449708
0.26194665741982537 0.11878064433693447 0.4141286812066427 0.20514401703659746
0.22838198240172602 0.05729842397675444 0.15572575656650267 0.5585938370550169
0.013985722883402496 0.010661766373414316 0.0032116781264374117 0.9721408326167458
0.2433755118196167 0.4530253130096975 0.21243024752079798 0.09116892764988782
0.07279131070970635 0.1912367057086115 0.24821514805410516 0.487756835527577
0.37201199106105376 0.3820657516720767 0.07874547146813637 0.16717678579873319
0.36239017559423525 0.08300309375596449 0.130399610993976 0.42420711965582425
0.5548472187984819 0.14585469790920835 0.0008570695991583221 0.29844101369315146
0.030592041988132812 0.22736484904269016 0.33619240917311854 0.4058506997960585
0.08757396571905052 0.04991095868536011 0.2582693177244614 0.604245757871128
0.07464516588925707 0.2719623804492931 0.5402620401407386 0.11313041352071118
0.15090414811336805 0.2275193067858713 0.584390359885032 0.037186185215728695
0.12639313063514623 0.5797456667259033 0.18037900054343659 0.11348220209551385
0.007318347766930855 0.7449066221768957 0.15284673680606975 0.09492829325010366
0.05478336570904618 0.18403393943533974 0.5695120793502529 0.19167061550536113
0.7631483356676576 0.05102903528699487 0.09831859274874477 0.08750403629660275
0.20821833331779893 0.35725279970172263 0.3541419880595067 0.08038687892097174
0.06425724459190796 0.5072249619686742 0.22869820223641035 0.19981959120300752
0.14515813641212638 0.1401879159888616 0.05584038968456584 0.6588135579144462
0.574683319461396 0.05009835081205016 0.04799847103602739 0.3272198586905265
0.2655300882691082 0.27889106913666717 0.1860991888404785 0.26947965375374616
0.533759744033284 0.12131799968446488 0.14341326046303382 0.20150899581921733
0.16543762626605396 0.10760653774049878 0.6309998008473764 0.09595603514607087
0.2652720084891007 0.040111208127159736 0.25896999235302753 0.435646791030712
0.08344909538962364 0.028696853685721835 0.5846751715775182 0.3031788793471363
0.07972447623397838 0.4345410438130679 0.22434053777981267 0.26139394217314105
0.09423660975018211 0.24764832172902618 0.19597409919656472 0.462140969324227
0.26982221449382204 0.6300474086711793 0.05328170209517269 0.04684867473982601
0.10304066521727417 0.267632370842513 0.24634356613197916 0.38298339780823365
0.34335660366717136 0.37481466623844717 0.04733851886639284 0.23449021122798863
0.40993904395929703 0.16905826787444 0.24375279385778725 0.1772498943084757
0.3977260948748589 0.059290622633598855 0.3393764741247469 0.20360680836679534
0.2993569778167685 0.06680405255538424 0.19717544029756173 0.4366635293302855
0.34957303533887085 0.0961339983165197 0.05033499415815357 0.5039579721864559
0.4424454042967999 0.2931654753748886 0.08388944244515917 0.18049967788315235
0.6493705278844726 0.22316064810091674 0.019548319193990693 0.10792050482061999
0.32462368454424884 0.22014017335107705 0.09659103423872673 0.3586451078659474
0.2577188894986363 0.10263997570672556 0.34459305245063176 0.29504808234400637
0.24077876494366568 0.08799428157808609 0.003609126979857158 0.6676178264983911
0.1531088987150777 0.10244626532324708 0.49080275866163825 0.25364207730003696
0.14480139568937467 0.33259665247183856 0.09474675618891326 0.4278551956498735
0.4218941091161472 0.1881881228489597 0.3680573334659877 0.021860434568905407
0.06967828758967987 0.39780008503636033 0.30136424220199287 0.23115738517196693
0.14882061433184268 0.5295950651512291 0.1693174170650762 0.152266903451852
0.18582109289628412 0.07915663160805475 0.40185369536141247 0.33316858013424866
0.5802718936414749 0.0670852573285371 0.274123495558691 0.07851935347129702
0.06979055822478208 0.13060225143631932 0.3367291251485256 0.462878065190373
0.0006918005035837504 0.5365226878903533 0.21317935374122854 0.24960615786483442
0.5412687299375011 0.0035808832553757552 0.28654068995424187 0.1686096968528813
0.002815926407535807 0.4236526890040755 0.4719416105827188 0.10158977400566993
0.1251042110763274 0.35291770631215114 0.007553057372352345 0.5144250252391691
0.24861134584035405 0.3250412338349935 0.07871671526168555 0.3476307050629669
0.49461024485572325 0.038669912662526396 0.4490934626056744 0.01762637987607596
0.553776202065512 0.2695902073130104 0.08586562509559581 0.09076796552588173
0.2474676546332193 0.038525560940448456 0.3689063984572799 0.34510038596905235
0.14575791390811887 0.27653541463890763 0.49730379924891854 0.08040287220405495
0.06739416377611784 0.29696244773060587 0.526512310961596 0.10913107753168028
0.2818770371140763 0.0309145214371781 0.40848461740489383 0.27872382404385176
0.1417007997189228 0.22653433501948395 0.45293672147365804 0.1788281437879352
0.16832950896332932 0.018459391886879062 0.12485057126701893 0.6883605278827727
0.17577799505558878 0.42964897856604145 0.2808301332048848 0.11374289317348496
0.09752897860069887 0.12498479066534007 0.3104916083144734 0.46699462241948764
0.08120236388419588 0.08869157268922401 0.26643704354492836 0.5636690198816517
0.666864935472962 0.05321941705170674 0.14095463483898518 0.13896101263634608
0.12928860960921118 0.04443465345646158 0.6905224053336002 0.13575433160072703
0.6116816782874607 0.17625940929891015 0.13574374619899232 0.07631516621463685
0.32276399608675144 0.054989942907352485 0.07837164620456416 0.5438744148013319
0.5244274143252259 0.10341769931348777 0.29915880560702546 0.0729960807542609
0.2972419836552376 0.2488830331134103 0.17396332255368951 0.2799116606776626
0.29483807581219157 0.2727297254295198 0.34150478058166145 0.0909274181766272
0.04227629296416968 0.748238920423793 0.004913595905538748 0.20457119070649854
0.28739222674167575 0.3797317076999537 0.16771386328910087 0.1651622022692697
0.38883666940149253 0.18155664759312096 0.19728409631099553 0.232322586694391
0.45991887999403447 0.09728296426648653 0.396845826277166 0.04595232946231298
0.17024172581382446 0.023918884238884552 0.5094041306056032 0.2964352593416878
0.09008990978603315 0.3792953962160672 0.47960660669550104 0.051008087302398586
0.12575660895088936 0.16324612172235076 0.6335509563249812 0.07744631300177873
0.22840418563493348 0.25722994306827784 0.21301261145118267 0.301353259845606
0.15870033530580063 0.17920428003069155 0.34281225792327963 0.3192831267402282
0.3939030598180606 0.40263744177416483 0.19280710494505504 0.010652393462719512
0.0331747691506753 0.19475991302770634 0.38084037043225694 0.3912249473893614
0.07298878543724896 0.15618159477789606 0.7508154790486449 0.020014140736210106
0.05024077853564346 0.7925265917316517 0.057316193995968656 0.09991643573673614
0.4289714526094677 0.06327984633276418 0.14596465447963547 0.3617840465781327
0.2354566167440567 0.4349761615361616 0.1104737475153269 0.2190934742044548
0.10525418450985868 0.23218841460164907 0.6443790030602875 0.01817839782820474
0.39746151337815283 0.011058030844940281 0.4256143200635565 0.1658661357133504
0.08267810959855593 0.2963377700241363 0.10080196005386544 0.5201821603234423
0.0516019423487577 0.6124160863972292 0.28491351098034357 0.051068460273669514
0.07758366934301897 0.05319630378087181 0.5833842120310379 0.28583581484507137
0.313152696711094 0.5137282478741504 0.012007663106965993 0.1611113923077896
0.058955253109039485 0.35457665686202455 0.4792736198405275 0.10719447018840844
0.49558317690465037 0.11527552436260768 0.16201113722671023 0.2271301615060317
0.24528810014572422 0.2165625974648141 0.040440449521585764 0.4977088528678759
0.0873218175109145 0.532287169562569 0.19852904670500726 0.18186196622150919
0.4104343973864081 0.13016457849021468 0.3360813274609198 0.12331969666245746
0.26181129928751223 0.09001627942395407 0.25447406199776 0.3936983592907737
0.3675875809476109 0.18052304567231503 0.20640355594717363 0.24548581743290043
0.7685085191338389 0.1484963868853717 0.007834164609235694 0.07516092937155372
0.13225768534001614 0.004877325428443102 0.3902570788129386 0.4726079104186022
0.1678935455815358 0.19346500920599918 0.6251432458063664 0.013498199406098643
0.5833314215846762 0.04047451511970879 0.32432042767338853 0.051873635622226466
0.09058680360717397 0.3946579111712486 0.21130657874116676 0.30344870648041067
0.11155575196842293 0.07678005401793575 0.7485031664469185 0.06316102756672282
0.0024977644314110314 0.3538638685718499 0.292199458019058 0.35143890897768104
0.10067603454647156 0.16855165920011472 0.054904618738797484 0.6758676875146162
0.5578695305870487 0.07233181362378038 0.22401059534399337 0.14578806044517756
0.3564574115429071 0.3452942215412744 0.1084891378446825 0.18975922907113596
0.7977792365868376 0.08912177359428985 0.06172553383928048 0.051373455979592086
0.029456246118673035 0.701065670355246 0.25799243295808194 0.011485650567998995
0.09226831291684956 0.23506537028453178 0.4988027673025681 0.17386354949605054
0.41221142167176883 0.19502058304869718 0.03513238282431086 0.35763561245522313
0.10109222086537906 0.31813723557308626 0.2935723546171978 0.2871981889443369
0.07370879627623284 0.4632662052340911 0.017790856652121323 0.4452341418375547
0.03266132622380091 0.029059845524916805 0.36326949782466 0.5750093304266223
0.20083560511046272 0.23603069619959116 0.21836849180168716 0.34476520688825896
0.16146887616099814 0.6909459059793732 0.019400565123424363 0.12818465273620427
0.3907446739443655 0.31110718098323176 0.13819466587025087 0.15995347920215186
0.13419478091838366 0.07187654763784512 0.42813145797295804 0.3657972134708132
0.044803941868116315 0.40164814272278415 0.12828510645918445 0.4252628089499151
0.47147298577498853 0.15062451914428387 0.24558182899280667 0.13232066608792092
0.41861954664598433 0.5237040848816371 0.0019314799888663359 0.05574488848351222
0.4525984310576001 0.3598880567296938 0.12578560334985245 0.06172790886285362
0.5755452092242035 0.015835054047256714 0.33059437654119084 0.07802536018734896
