66 60 4 138.11939580710623 276.23879161421246
2.3885882031814822 2.2032960463005935 4.264169195591988 7.111979879010684 2.750050516004809 3.260893451382942 7.825747523820459 6.018567306061175 5.633226261049025 5.2101987608899005 1.7845840324806235 8.46185898049971 3.687765031108315 1.2821130048833398 7.102051809697108 9.131401296713845 5.630060664856522 5.851949268871605 6.978947647068161 6.706510797407241 4.180775213281022 1.2397826155754652 2.4876085559262378 8.913870922465408 1.6103841026873997 4.321772217140455 2.0395052774742632 1.8666472841539812 1.753927279455826 1.7823432444454297 1.2003026101734087 7.939384496039796 1.4429136092074388 5.187009162678627 9.47109756996099 2.9486107283546374 4.2518661841314325 1.281867689726223 3.736400811511465 2.694409067512765 2.1354366924349923 4.727951505761935 9.502039916370327 1.3450916459014528 9.613360817149863 2.1368423078978696 1.701528385632396 2.4947470978291526 9.592911108459498 3.4125513020238194 1.9048684700459604 9.169985601206207 5.980372141697501 7.738233593581292 1.960511302628095 8.077729499820585 6.928999590029511 4.257609097039683 6.848693088051687 3.0748901318688198
0.47771764063629646 0.4406592092601187 0.8528338391183976 1.4223959758021367 0.5500101032009618 0.6521786902765884 1.5651495047640918 1.2037134612122349 1.126645252209805 1.04203975217798 0.35691680649612467 1.6923717960999418 0.7375530062216631 0.25642260097666797 1.4204103619394215 1.826280259342769 1.1260121329713044 1.1703898537743211 1.3957895294136322 1.3413021594814483 0.8361550426562043 0.24795652311509303 0.4975217111852476 1.7827741844930816 0.32207682053747994 0.864354443428091 0.40790105549485267 0.3733294568307962 0.3507854558911652 0.3564686488890859 0.24006052203468173 1.5878768992079593 0.28858272184148775 1.0374018325357253 1.8942195139921982 0.5897221456709275 0.8503732368262865 0.2563735379452446 0.747280162302293 0.538881813502553 0.4270873384869985 0.945590301152387 1.9004079832740655 0.26901832918029056 1.9226721634299726 0.4273684615795739 0.3403056771264792 0.4989494195658305 1.9185822216918997 0.6825102604047639 0.38097369400919207 1.8339971202412415 1.1960744283395002 1.5476467187162584 0.392102260525619 1.615545899964117 1.3857999180059022 0.8515218194079367 1.3697386176103374 0.614978026373764
0.039375286048070945 0.5834208773075568 0.09406234727880214 0.28314148936557015
0.3213878305129738 0.1820180104377641 0.404574984141732 0.09201917490753009
0.41180580963613955 0.23528401581040448 0.17158635484542029 0.18132381970803568
0.06410831708174303 0.25277443071959926 0.4534918946277866 0.2296253575708711
0.08923164847502374 0.11372207382265198 0.556564984972092 0.24048129273023233
0.7885872638153553 0.026538266668198363 0.09482310320778187 0.0900513663086645
0.00051335293990451 0.39901921730101897 0.18659734477225054 0.413870084986826
0.21605432826126036 0.33795481969136987 0.09304377086843263 0.35294708117893714
0.7525435517779794 0.045415305157566865 0.07131358305190416 0.1307275600125496
0.24041373790070475 0.34217661901665064 0.2366509862253834 0.18075865685726122
0.27634670520559956 0.18877228496154808 0.19752110244464127 0.3373599073882111
0.20195307197780932 0.32527133159499166 0.0977429572296803 0.3750326391975187
0.033115383619756855 0.43828381448245324 0.40966037934149213 0.11894042255629778
0.29261831209869504 0.1515320069185041 0.5446878914426535 0.011161789540147349
0.038277043936998933 0.2255402380081094 0.5118561388635238 0.2243265791913679
0.05097153682420763 0.5735594829458306 0.24719952349623553 0.12826945673372625
0.8886146826288023 0.06390138361760389 0.04501730251007907 0.002466631243514761
0.56546105402937 0.06074251926756713 0.3302911085656288 0.04350531813743408
0.13837961103812302 0.542185327412852 0.2359737723093317 0.08346128923969331
0.3291848223138215 0.13141400959897176 0.20283992652838911 0.3365612415588176
0.02238126438691801 0.03828518110959234 0.4969228087061476 0.4424107457973421
0.2622859801525079 0.38447601457653213 0.2630624726814661 0.09017553258949385
0.33097600662221394 0.026929874407725873 0.07708067184090661 0.5650134471291536
0.32993864604237566 0.019243201012139166 0.1362707316816919 0.5145474212637933
0.4366493136611085 0.3129502822725514 0.032803391441678986 0.21759701262466113
0.1665593053804295 0.5669711590918345 0.12345837344238775 0.14301116208534825
0.13951728489810544 0.43132565390188515 0.3440143994907473 0.0851426617092621
0.395396544424209 0.3534830738458504 0.24285658672844812 0.008263795001492436
0.3781825520555142 0.36922335190471267 0.1928757080572513 0.059718387982521826
0.08228945145889943 0.09896753597790153 0.3863214299018102 0.43242158266138886
0.5257849375041467 0.1440795347385111 0.02678299829826325 0.303352529459079
0.5833805156340381 0.18595563458991926 0.18872585570131117 0.04193799407473142
0.07808182254932283 0.011526010819550181 0.6382427327466638 0.2721494338844632
0.636188360658496 0.1545317601196292 0.010765129841886822 0.19851474937998792
0.07690094213274024 0.3251835714043193 0.06679165568294732 0.5311238307799931
0.12718595547703226 0.36826946793154014 0.14657805921816303 0.35796651737326457
0.25335103699185135 0.2174102783519296 0.12813267386039895 0.4011060107958201
0.33486486187603504 0.20796961664789715 0.3962387946408523 0.060926726835215494
0.5174219072727715 0.11735535025552346 0.3309254229451408 0.03429731952656423
0.05138579809423238 0.6605761794783187 0.0013283697751433898 0.2867096526523055
0.1333744548829967 0.36002183489517503 0.292263637271177 0.21434007295065127
0.12200155982579197 0.11440545964373572 0.48778288869017006 0.27581009184030225
0.3796323607508255 0.5820807194383945 0.02480778842053455 0.01347913139024548
0.16026526788790385 0.5224493199664927 0.20093699972774182 0.11634841241786165
0.3524927249649248 0.02377892567787232 0.056883253637544984 0.5668450957196579
0.44399772322765063 0.25122839446490475 0.19969590758418299 0.10507797472326164
0.0721018742513636 0.028994163157584962 0.34770173913499836 0.5512022234560531
0.2661853691198547 0.08828880174485298 0.5916162321913752 0.05390959694391717
0.6343169524209142 0.06499498517744884 0.22333184336602185 0.07735621903561507
0.7890176041395673 0.04525544808522919 0.020397058424536096 0.14532988935066737
0.5857842047105558 0.06996587808302623 0.09123231384882458 0.2530176033575934
0.04278050884027784 0.22982576247579534 0.3754617715246318 0.35193195715929504
0.05163205619330313 0.06278982167020375 0.007654428349355369 0.8779236937871377
0.3789672043340967 0.1858692058202558 0.34088163624855217 0.09428195359709535
0.2049605036963985 0.2988704718954721 0.36102754002961657 0.1351414843785128
0.5282632616870425 0.08132433345033441 0.34148289656969477 0.0489295082929283
0.09395541379839112 0.3859526745756474 0.1439406197394385 0.37615129188652296
0.09289386237670039 0.13398545695633002 0.021815153906939 0.7513055267600306
0.36950103245948085 0.4155367825163655 0.05426676771721184 0.1606954173069418
0.4526811036233964 0.12857927425758486 0.4084683021794868 0.010271319939531898
0.26612140445101895 0.3251407382146101 0.22304670550011996 0.185691151834251
0.2741526253190497 0.03691133029561422 0.20035232409692405 0.488583720288412
0.5527825650994779 0.1500918165630678 0.19547357964301004 0.10165203869444428
0.41800392581403834 0.2464638067537469 0.039269198240858394 0.29626306919135637
0.23351887329410048 0.23566326983039965 0.2269117080175349 0.30390614885796496
0.05823228051765861 0.3374514829828119 0.1706956978044275 0.433620538695102
0.54826064018781 0.01068052409667486 0.1399597570018587 0.3010990787136565
0.12561547886209345 0.17344125264376775 0.1699678054711129 0.5309754630230259
0.012914291089583307 0.3589356700512695 0.49558050811518817 0.13256953074395905
0.22049671055138453 0.27458104924706206 0.3283826683867973 0.1765395718147561
0.2684468021993125 0.06280280960177054 0.27133123264835823 0.39741915555055873
0.413996446813755 0.1818386850817062 0.3226672355895417 0.08149763251499709
0.2683631339199002 0.10069108073243949 0.16841841809378588 0.46252736725387444
0.05551293763748122 0.8626111856286486 0.05441353291365458 0.027462343820215618
0.3819277127669133 0.3613022920739227 0.0644740193939527 0.1922959757652113
0.061836126129322766 0.17853497635137294 0.1750316210868016 0.5845972764325027
0.06051055380448056 0.045767365742346744 0.001342036767714938 0.8923800436854578
0.2906694507042059 0.40429263560766304 0.20210955989269597 0.10292835379543508
0.014820880926713076 0.047515731863258526 0.5513787091028894 0.38628467810713896
0.029220974189063664 0.4459707564895091 0.25914537144217054 0.2656628978792567
0.12548368495337237 0.30394991284099815 0.27203228892328835 0.29853411328234114
0.5667483101149585 0.3361369070566449 0.004894845591306818 0.09221993723708977
0.2413520277165523 0.21610986144821265 0.4378169321140519 0.10472117872118314
0.2847331687906677 0.03656142506537252 0.531839466280921 0.14686593986303875
0.453512425595859 0.27460689124174387 0.15459288130515514 0.11728780185724197
0.16538702377684067 0.3307555866205625 0.2893672643264025 0.21449012527619438
0.08069640958256397 0.3046876110458566 0.12348249069550588 0.49113348867607354
0.21216395394510656 0.6644370976622631 0.05361678010844584 0.06978216828418449
0.3226320059994895 0.09490288609459996 0.3012375642353543 0.28122754367055625
0.09601730958375931 0.11573136161055941 0.30554110706783644 0.48271022173784484
0.19453078902733134 0.3874629648456859 0.14830066530684072 0.26970558082014207
0.7219211828260609 0.013562537683672882 0.11198409488461492 0.15253218460565132
0.12367755764238197 0.08140813130305402 0.41268877123446135 0.38222553982010266
0.11126980173246293 0.5271410656069949 0.3314526048374987 0.030136527823043435
0.15501024132336494 0.08607538261134628 0.7522160124643615 0.006698363600927237
0.4385571842993584 0.2618993680102032 0.11591222853385885 0.18363121915657954
0.21167515143721383 0.0860836821543518 0.6941153279699717 0.008125838438462707
0.4827480036921624 0.11481698231653181 0.291629185809957 0.11080582818134876
0.6885268430601256 0.15019054011448896 0.07089833150219116 0.09038428532319431
0.017396706856509625 0.13191592632639482 0.1207639898647187 0.7299233769523769
0.2547177187530073 0.15036616862163732 0.5687557711652437 0.026160341460111702
0.2104505355580547 0.40289381588555195 0.11197843848396383 0.2746772100724295
0.012986134663578675 0.4396051699223634 0.17036036909393948 0.3770483263201184
0.34764442343767743 0.09744445815558644 0.37211589913100207 0.18279521927573406
0.1596151716074754 0.37745563825187844 0.28402291148593484 0.17890627865471131
0.01784484332550773 0.372442184790319 0.23247028356167798 0.3772426883224953
0.35737756645427377 0.2125116103313438 0.04028808648099469 0.38982273673338774
0.22685459350819503 0.4395701010154345 0.05059788770280538 0.2829774177735651
0.10836979578252137 0.3017262435595087 0.564676388989561 0.025227571668408943
0.154535585761843 0.22830230530165962 0.4831404232494535 0.13402168568704387
0.2298079653725147 0.2654143772703734 0.31237863768569607 0.19239901967141582
0.05279734325366836 0.33248939504607966 0.4556012985085214 0.1591119631917306
0.01985978103475805 0.38396768212941046 0.15789476373485323 0.43827777310097826
0.027473572084353526 0.1333116000885034 0.4219086626271801 0.417306165199963
0.03908439898588045 0.07694629319039759 0.6012557729591773 0.28271353486454465
0.5762628940966106 0.03411300886050961 0.10760641661188686 0.28201768043099296
0.2909747518237221 0.10955586518280802 0.23519519860270688 0.364274184390763
0.2906300149312313 0.5286970635882828 0.04290693185985295 0.1377659896206329
0.24866587114254868 0.06054134149321333 0.17341560954989577 0.5173771778143422
0.3030985158472739 0.015533619691061928 0.42453432615271314 0.25683353830895106
