54 30 4 78.97265031073123 157.94530062146242
4.781646704266965 4.269155472685771 2.6638901898530656 5.664544553507286 1.0774490680789235 9.720425860475377 8.212431304148147 7.81580789747789 7.0433587165764155 1.2669130794243086 4.524058269822984 4.6431463509697135 2.7066791294587227 7.903950800344654 6.550508307807174 9.336465675917953 3.926116306917713 3.278389171147957 7.481961267148067 9.972617166889192 3.7708585501485663 2.5478801351869773 2.578460730870878 2.474439329338218 6.265129388585332 5.261820016245849 5.1468125700340925 3.1163860757130455 8.705954550741296 5.238043981679939
0.956329340853393 0.8538310945371542 0.5327780379706131 1.1329089107014572 0.2154898136157847 1.9440851720950754 1.6424862608296293 1.563161579495578 1.408671743315283 0.2533826158848617 0.9048116539645967 0.9286292701939427 0.5413358258917446 1.5807901600689307 1.310101661561435 1.8672931351835906 0.7852232613835426 0.6556778342295914 1.4963922534296135 1.9945234333778383 0.7541717100297133 0.5095760270373955 0.5156921461741756 0.49488786586764355 1.2530258777170664 1.05236400324917 1.0293625140068186 0.6232772151426091 1.7411909101482592 1.047608796335988
0.054583431488057 0.1409729578006218 0.6208335736380374 0.18361003707328383
0.20938295412814045 0.02199983473360767 0.02970338554931895 0.7389138255889329
0.21706215137323426 0.5117228127994659 0.2181902627208232 0.053024773106476686
0.7827487113247172 0.09997664243042503 0.05894934748525771 0.05832529875960002
0.041727725605836374 0.669333551325677 0.17117788090483388 0.11776084216365279
0.00926992477610411 0.18642755416020595 0.4759641845842598 0.3283383364794301
0.0740557112085668 0.6872912328845239 0.050007399521974305 0.18864565638493502
0.36689966098464744 0.23814189034268884 0.06648375649936611 0.3284746921732976
0.037354274305446356 0.43433698239545915 0.354947969873735 0.1733607734253595
0.20171466567386775 0.0012166269742762692 0.016704499128781913 0.7803642082230741
0.2675116103103793 0.3193006910363628 0.19833911029301765 0.21484858836024023
0.23264334763769656 0.04223354638372745 0.26649112454275636 0.4586319814358196
0.33970071010769043 0.16920967336065929 0.14879559049495772 0.34229402603669257
0.21962164289599684 0.3924995236818859 0.26374422793978725 0.12413460548233002
0.14123556813245097 0.5062877875588474 0.23389176638764042 0.1185848779210612
0.06364392228095994 0.39202217212800206 0.5250833466243513 0.019250558966686704
0.01784768851695362 0.28277809927096087 0.32091978163448054 0.37845443057760497
0.8997527020957005 0.04254284888057036 0.004067687872251091 0.053636761151478085
0.05226692242391218 0.4671721594320689 0.20430671592926397 0.27625420221475494
0.029229931930169317 0.28972282200486443 0.5942195590374912 0.08682768702747501
0.2776144319163767 0.49438529291966693 0.17288498482004777 0.05511529034390861
0.42678545907466836 0.03486210207555018 0.34002580638007973 0.19832663246970172
0.45300247037740604 0.15860949016563175 0.18511555392271128 0.20327248553425092
0.5597368610827836 0.224430412817462 0.11015719459631979 0.10567553150343456
0.13392543059645812 0.49516332479637193 0.03235885522565307 0.3385523893815169
0.20638510773249352 0.28283483123416353 0.25056487972303376 0.2602151813103092
0.07886534688559266 0.036059836751172636 0.39364342064175795 0.49143139572147676
0.1277319466531186 0.3898858914456561 0.08961504918461327 0.392767112716612
0.15448124387700313 0.2545469069052908 0.20680097573467116 0.3841708734830349
0.17076661550905847 0.2900478572338471 0.3123909388986401 0.22679458835845434
0.471057271072857 0.24146761212239964 0.2807321963533024 0.006742920451440981
0.1611769477649896 0.27944209336218284 0.032284770837808674 0.5270961880350189
0.16071548217278975 0.4610260364630736 0.2543497089036435 0.12390877246049314
0.09609818119638547 0.024848391900687106 0.5365200159696556 0.34253341093327183
0.45471837477666754 0.17602061284576787 0.02286890898807481 0.3463921033894898
0.169222888175248 0.5807995606877262 0.04691762949257694 0.20305992164444886
0.047122738848154544 0.7268997095525263 0.03490413214476484 0.19107341945455436
0.1770045898166882 0.22140894392206367 0.029483859186334005 0.5721026070749141
0.2814016504768103 0.1270281042707171 0.3040601297285497 0.2875101155239229
0.0021690805881033892 0.1259893077303541 0.5669286040150645 0.304913007666478
0.39300277250808735 0.3226545614826183 0.27575613863835535 0.008586527370939012
0.13062021873187046 0.15376980162967746 0.6746672183356847 0.040942761302767416
0.09184230040321983 0.4131975963830662 0.11236438731843579 0.3825957158952782
0.22542282822884052 0.40355636366702696 0.1966926816444966 0.1743281264596359
0.0757295436635752 0.2757526115698271 0.536618319266815 0.11189952549978266
0.2574413322071001 0.07274445544025587 0.6544037025777508 0.015410509774893222
0.01955593448645554 0.6900391729590885 0.12675046452756356 0.16365442802689245
0.30999199838650904 0.0920965003733355 0.4861476744795262 0.11176382676062924
0.031703452200684934 0.20261655767609787 0.21604184417363348 0.5496381459495837
0.11720795512761084 0.0039743000963510244 0.3568376328666384 0.5219801119093997
0.31602327331011026 0.33836782150072375 0.015857435819588428 0.32975146936957755
0.17401187736026624 0.14184655892398557 0.6729285691607704 0.011212994554977818
0.2359721798228387 0.4442626954918303 0.06885414518199529 0.25091097950333574
0.35156708927718605 0.0044751747435374245 0.2043256528829308 0.4396320830963457
0.22953794235485714 0.069828200237957 0.18023701108199708 0.5203968463251888
0.36418304347122843 0.3419597339502274 0.018207593570942482 0.2756496290076017
0.5867450638552218 0.07905715934437585 0.15978460089249935 0.17441317590790295
0.3757823845823294 0.019064656519559797 0.11501338032323827 0.49013957857487256
0.2060489366647339 0.2740879079671763 0.2004846926463364 0.3193784627217534
0.12844634775240427 0.012050177808025975 0.07847569654160236 0.7810277778979674
