46 60 4 143.3555093492751 286.7110186985502
8.054491157251757 6.713503354474572 3.24138782364174 7.822682781848359 3.8176924206851184 9.435136217395577 1.3857890351703752 4.96780483086824 9.21450060941678 5.095035270341009 5.571409066334125 1.7641715931523012 4.837148119589839 7.711452637244848 8.803732560497112 3.9129924421060354 1.9366695758195944 8.218972421681023 4.55348754262106 6.649912794107707 1.3238968923973065 3.699170650193819 1.428878976436299 4.3498997002551265 3.361736767853774 9.914735857714174 4.556308132927543 3.7678533633915965 2.9899102271293403 5.446225224877486 1.5208767066064712 3.6073003665506955 3.114553515627498 9.67087373458266 6.5410648576974975 8.763255723718377 1.8107673058003875 2.3409001142191457 7.053174673167546 9.810927323311905 1.2090115460646527 9.169441220581918 1.5224618459462753 7.800988908537356 1.581425902808431 3.3016008142751714 2.526469880197608 2.7561456707038396 1.959011659812742 5.687106403499744 1.0562164870180932 8.1154458679744 2.248398316118088 1.9643067563364827 4.866410472422716 2.9707558963781158 8.522665561567393 1.0528724804521543 2.334906056290506 7.285094582858673
1.6108982314503515 1.3427006708949143 0.6482775647283481 1.5645365563696718 0.7635384841370236 1.8870272434791153 0.27715780703407505 0.993560966173648 1.8429001218833558 1.019007054068202 1.114281813266825 0.3528343186304602 0.9674296239179678 1.5422905274489698 1.7607465120994223 0.782598488421207 0.3873339151639189 1.6437944843362047 0.9106975085242119 1.3299825588215415 0.2647793784794613 0.7398341300387637 0.2857757952872598 0.8699799400510253 0.6723473535707548 1.9829471715428348 0.9112616265855087 0.7535706726783193 0.5979820454258681 1.0892450449754971 0.30417534132129426 0.7214600733101391 0.6229107031254996 1.934174746916532 1.3082129715394994 1.7526511447436754 0.3621534611600775 0.46818002284382915 1.4106349346335092 1.9621854646623809 0.24180230921293053 1.8338882441163835 0.30449236918925504 1.5601977817074713 0.3162851805616862 0.6603201628550343 0.5052939760395216 0.5512291341407679 0.39180233196254843 1.1374212806999489 0.21124329740361864 1.6230891735948798 0.44967966322361763 0.39286135126729654 0.9732820944845433 0.5941511792756231 1.7045331123134786 0.21057449609043086 0.4669812112581012 1.4570189165717347
0.01896837827374731 0.12864152647313243 0.3663763121280368 0.4860137831250835
0.40732889294799735 0.3066865037202037 0.2326087321894681 0.05337587114233089
0.23274440122166595 0.3437685533653173 0.0021417278655481153 0.4213453175474686
0.36725157675142106 0.28481978475699565 0.1586419916377937 0.1892866468537896
0.33225550703369766 0.29203607500772955 0.2798504459865394 0.09585797197203338
0.09147953804540188 0.12091610190543678 0.4428652224595435 0.34473913758961783
0.07877940377718029 0.5802891825439099 0.06596638532876964 0.27496502835014014
0.12294007147336927 0.19595239100711426 0.4046067067835424 0.2765008307359741
0.007611268721885667 0.23224061497578086 0.19022621416193608 0.5699219021403974
0.08351630936716758 0.581117224910795 0.2780708311270186 0.05729563459501885
0.3518313298117569 0.49572037414135783 0.00025349610480018825 0.15219479994208507
0.11221857325441476 0.8665209672009249 0.019275414464265617 0.001985045080394765
0.07102711783699556 0.007894314147260828 0.2380725610258032 0.6830060069899404
0.24061744996676848 0.06102951912345589 0.6969522133829467 0.001400817526828968
0.0768888949011789 0.027139485808938546 0.012219771378240596 0.883751847911642
0.06486304518465935 0.25202681002722815 0.16448375290506478 0.5186263918830477
0.07988421612929109 0.437840381871498 0.4817004178678339 0.000574984131377021
0.45279041716946167 0.28125349779169095 0.1046392584750695 0.16131682656377788
0.06730433569380889 0.3011241257590396 0.21755896214234782 0.4140125764048037
0.44595109231158936 0.3434766247321105 0.13897718386789482 0.07159509908840533
0.03341544123265339 0.1759784328133629 0.40851855716885754 0.3820875687851262
0.08402281180524918 0.6415960952474351 0.15104363262877818 0.12333746031853754
0.344180714481948 0.4188844762236803 0.004810355363814356 0.23212445393055736
0.03319178729333094 0.07700052897981113 0.4962880729031438 0.3935196108237141
0.3036638962067595 0.12251683008618464 0.3322322835769479 0.24158699013010798
0.2677711113364959 0.28355387523178566 0.039948756322291334 0.4087262571094271
0.028947758166749216 0.11804533778302106 0.329139991207841 0.5238669128423887
0.4708660988943898 0.19561494545819758 0.06072026752224258 0.27279868812517005
0.09386003761061068 0.11678590214646045 0.7323135106832345 0.0570405495596944
0.5309262980110999 0.2630944152665601 0.05044290991855638 0.15553637680378363
0.44818742262419387 0.24901830329764707 0.15851731438207173 0.14427695969608734
0.07517367995947866 0.36123061636459897 0.15972219572829205 0.40387350794763033
0.011250256218795052 0.37547945817144746 0.5092161977865894 0.10405408782316805
0.33133334558118 0.015160525929792557 0.09220466087360102 0.5613014676154264
0.05509679280191271 0.39943445461931326 0.27148614009417105 0.273982612484603
0.3343107374953864 0.19628822912274368 0.21941432352266277 0.24998670985920712
0.5410135916214855 0.2069560905512049 0.174352232612058 0.07767808521525155
0.19958282688199924 0.01659821477095258 0.70334266136257 0.08047629698447822
0.8034904845589069 0.0046028160702150656 0.16738244196296181 0.024524257407916195
0.5473509293937391 0.04963565608348053 0.36996060484668225 0.03305280967609814
0.20317007615712523 0.027342512840970667 0.007461597085146043 0.762025813916758
0.012713147016921833 0.10289621041300323 0.5192808818786975 0.36510976069137746
0.6198116410157998 0.1747197410516883 0.026737104744088858 0.17873151318842306
0.1244024292474617 0.2554591878624778 0.000519697419455567 0.619618685470605
0.18689090530212427 0.5566951178633639 0.08518928528653369 0.17122469154797815
0.33249995446347347 0.24297824223563003 0.04942214662811928 0.3750996566727772
0.051718997143405 0.19596812090545368 0.2029516260688904 0.5493612558822509
0.1094471738625149 0.5716124108040708 0.14072825101559827 0.17821216431781606
0.006226646925950319 0.05850198186756428 0.07134117637309845 0.863930194833387
0.6164265908871136 0.3099430434993381 0.040060879560514184 0.033569486053034114
0.1770694915116513 0.27684894531850335 0.3462461556865126 0.19983540748333273
0.014256434756951819 0.07125981726714414 0.5772070424423177 0.33727670553358635
0.05686048927220466 0.40809613884490736 0.260205045540163 0.274838326342725
0.4002655645301323 0.11884306951251322 0.3510613302304435 0.129830035726911
0.2060304384359436 0.12012390640732373 0.05294635460280395 0.6208993005539287
0.14250928886320047 0.2753818075479144 0.09442730857814674 0.4876815950107384
0.0586848087046663 0.4401450034624176 0.1187265199977432 0.3824436678351729
0.12451633138926888 0.6261553031017423 0.12914111062112732 0.12018725488786153
0.046307944663174117 0.3484328762831431 0.5296506782941621 0.07560850075952064
0.6074577032918703 0.30585495510119676 0.064700892968659 0.021986448638273925
0.4248002562289217 0.06952566991825926 0.37645861005947867 0.12921546379334037
0.3458034276780333 0.14076834362414692 0.34235465950267796 0.17107356919514183
0.31109721172394855 0.13728848193596743 0.22361079534523054 0.3280035109948535
0.09095060145023293 0.37563277907925485 0.10558780610361929 0.42782881336689293
0.13721504476428503 0.09155457790404886 0.3288980044223425 0.4423323729093236
0.051039348775481996 0.12674443054304085 0.5240718481643608 0.29814437251711634
0.3105054142136142 0.2051806478579392 0.19915007081990366 0.2851638671085429
0.023190708043028252 0.4256468745381897 0.037588681077133645 0.5135737363416484
0.20694776650990865 0.2121744131439789 0.3684643937121229 0.21241342663398954
0.013131545706038361 0.3231904832408431 0.2587720218173356 0.40490594923578294
0.12609178774593377 0.04923414680338678 0.6083956492196771 0.2162784162310023
0.0012575591068988423 0.14253677202620763 0.42973383019834965 0.4264718386685439
0.002698103673121399 0.3360976029820004 0.18847668112389304 0.47272761222098514
0.15128702188305243 0.5585756298563207 0.16689881304281795 0.12323853521780892
0.12919469623477742 0.15529645783488577 0.5366900278955173 0.17881881803481947
0.5262279952265122 0.14185149178963619 0.036784460794261786 0.2951360521895898
0.4745274210954963 0.210872106337621 0.20446408659250925 0.11013638597437347
0.5492228325803065 0.10225429641682882 0.15442516212772162 0.1940977088751431
0.022771316890988325 0.22562792156556932 0.5762130172455 0.17538774429794235
0.303188922890548 0.45541407830118297 0.1630990798988905 0.07829791890937854
0.15812481975102632 0.4543094277252214 0.16072930594622648 0.22683644657752577
0.0072593480434094415 0.5144948750413836 0.10223719733764913 0.37600857957755784
0.25740275401966417 0.05508957613949206 0.2486672189797009 0.4388404508611429
0.579418097902411 0.2422617661360581 0.0940031934166482 0.08431694254488276
0.6090419938514797 0.05480444317949884 0.1730193015994531 0.16313426136956832
0.12658080305106545 0.2940085232476449 0.1815117977987577 0.3978988759025319
0.717131157275346 0.06586383048934397 0.04178479063323348 0.1752202216020765
0.06208813734660901 0.09374014274541287 0.24007241196766582 0.6040993079403123
0.6960951355927546 0.03862477457702462 0.15372992585689305 0.11155016397332773
0.05714401155769011 0.4753255999740147 0.043970645615743265 0.42355974285255193
0.4609767576812519 0.3075414464131345 0.17932436983688516 0.05215742606872842
0.16395338819827643 0.5540677104427811 0.01166144364196886 0.2703174577169736
0.2216358080891323 0.35559814588815386 0.35769243411711527 0.06507361190559857
0.051943493915049155 0.44564203840356764 0.08883024342138446 0.41358422425999875
0.10688830852251918 0.583968464721832 0.1537692617330535 0.15537396502259537
0.08647243334414001 0.14408584856328588 0.3113436858280816 0.4580980322644925
0.04027685278766635 0.03137650326126895 0.06442580851548463 0.8639208354355801
0.4292423292475501 0.26954820665230705 0.1727846669906251 0.1284247971095177
0.013192435378797107 0.31671744432647364 0.09980836424320105 0.5702817560515282
0.015149103721774582 0.01801488523526884 0.22743848085440843 0.7393975301885481
0.07341692353603702 0.1556743805648716 0.3074607043697217 0.46344799152936966
0.008210161959550266 0.10700732882829445 0.7409783657838739 0.1438041434282814
0.10478222531458026 0.09488353853318021 0.411575870354011 0.38875836579822853
0.18465046316711187 0.5563512634233365 0.19655324146032593 0.06244503194922568
0.21161870158538787 0.2815061199497665 0.4779058859124904 0.028969292552355252
0.18810225512322865 0.04811593837645489 0.5033608724872408 0.26042093401307564
0.19193831734388622 0.08479283991877717 0.334087577637574 0.3891812650997626
0.22922621490346073 0.043841824058678425 0.10184308513750462 0.6250888759003562
0.8289189217163792 0.03348674038539334 0.09212416902765752 0.04547016887056998
0.017171664553793042 0.061304395348467766 0.5297857256775383 0.39173821442020085
0.28794036107808174 0.16962642750858237 0.07200994172506336 0.4704232696882725
0.4477456263454851 0.16465959015930265 0.007486657000536079 0.3801081264946762
0.643967256268238 0.038364162605116325 0.2359425614058709 0.08172601972077476
0.030635767793383173 0.4708373016445435 0.4792455307963699 0.019281399765703422
0.3203650725565058 0.216259959742236 0.07189107973464215 0.39148388796661604
0.1678969231935914 0.02680580594831805 0.7010839220635428 0.1042133487945478
0.41610527417023535 0.08734694455515679 0.36464174720345144 0.13190603407115642
0.12306000280467377 0.33921207368660566 0.4990909821772739 0.038636941331446684
0.1872978590306862 0.07661150275197615 0.3277318578553292 0.40835878036200846
0.19866676527114457 0.15733144886903427 0.2533169253684997 0.39068486049132145
