3 70 4 180.38435071871896 360.768701437438
5.957181123171179 7.373330403562943 3.618142650216499 5.597448446778968 9.036522589128893 9.066637800400942 2.130267794174526 2.865185903243681 1.463204829707469 4.967288592855728 1.2688858979071025 5.1114990195524 6.842296428532847 3.5063855438317777 7.086294117821182 6.317765356747158 1.2158369413944883 6.029686791917938 3.3332720221671885 4.735910773090627 3.5517257359418686 7.238241264816967 4.964083459036655 2.411809646274669 5.901841162286603 8.022832880602303 3.7572717913856177 2.9976209553896327 4.491741318000839 9.427452848743874 9.783958802256404 7.051453083215323 9.125506976845582 8.611757841638614 4.401946371960002 1.8299530798455181 6.880698122711825 6.020566861496058 4.254082867563203 3.025490543558487 4.658679247386237 5.220462238292521 3.4231202042595514 3.6261349680288935 5.119177593906802 8.744805216522337 6.276276140210393 3.551390761889888 3.501797559612412 5.091598679697521 2.848693101444888 2.8124083993876585 5.626315538356977 1.7850643190272422 5.352269791164279 4.2595859114905 7.36917959634104 7.720716007918041 7.219836296701879 7.202623723794227 4.3624011173403545 7.013213242617407 4.0586379756113615 6.155144828819875 3.93226442258387 5.006305443371788 1.5537603774694535 3.1840787996590434 9.744423455562108 3.075257839195666
1.1914362246342358 1.4746660807125886 0.7236285300432999 1.1194896893557935 1.8073045178257785 1.8133275600801884 0.4260535588349052 0.5730371806487362 0.2926409659414938 0.9934577185711456 0.2537771795814205 1.02229980391048 1.3684592857065694 0.7012771087663555 1.4172588235642363 1.2635530713494316 0.24316738827889767 1.2059373583835877 0.6666544044334377 0.9471821546181254 0.7103451471883737 1.4476482529633934 0.9928166918073311 0.4823619292549338 1.1803682324573206 1.6045665761204606 0.7514543582771236 0.5995241910779265 0.8983482636001678 1.8854905697487747 1.9567917604512808 1.4102906166430647 1.8251013953691164 1.7223515683277228 0.8803892743920004 0.36599061596910365 1.3761396245423652 1.2041133722992117 0.8508165735126406 0.6050981087116974 0.9317358494772474 1.0440924476585043 0.6846240408519103 0.7252269936057787 1.0238355187813604 1.7489610433044676 1.2552552280420786 0.7102781523779776 0.7003595119224824 1.0183197359395042 0.5697386202889776 0.5624816798775317 1.1252631076713953 0.35701286380544844 1.0704539582328558 0.8519171822981001 1.473835919268208 1.544143201583608 1.4439672593403758 1.4405247447588454 0.8724802234680709 1.4026426485234815 0.8117275951222723 1.231028965763975 0.786452884516774 1.0012610886743576 0.3107520754938907 0.6368157599318087 1.9488846911124216 0.6150515678391332
0.5966637746018628 0.09481373634546741 0.032461628490151884 0.2760608605625179
0.07256213782223342 0.05673172678662075 0.022567132399686884 0.848139002991459
0.18781482492387824 0.4937969538835484 0.02556882200047106 0.2928193991921023
0.7263194984280372 0.11578368744860956 0.08462249837708102 0.07327431574627219
0.5528445731504456 0.08082099063712922 0.026660342612037757 0.33967409360038747
0.19207229639360313 0.592864407037528 0.06603471361037061 0.1490285829584983
0.08979086952306481 0.39530335653102333 0.4428421215080375 0.07206365243787438
0.07362366921935759 0.14436209918999598 0.42219084848970534 0.3598233831009411
0.20937334952236364 0.20475357019384366 0.2369958507253921 0.3488772295584006
0.07013250508767022 0.20464800040796904 0.6816690058217412 0.04355048868261957
0.08287101879755743 0.08716252543957725 0.37072729194935916 0.45923916381350616
0.34068848446015954 0.3512890274126832 0.17214215753780104 0.13588033058935622
0.6949634351408759 0.0321886436058334 0.013930327652853292 0.2589175936004374
0.31381911523322203 0.41287063625697584 0.15052228745411922 0.1227879610556829
0.2049397689077791 0.6751850213415365 0.09149950682866514 0.028375702922019297
0.28704976468113286 0.4117602336992906 0.12905280304099742 0.17213719857857912
0.21594947101977668 0.6323544260597194 0.02387561131992988 0.12782049160057407
0.2792945968468563 0.26015190341781047 0.29746563844894836 0.16308786128638486
0.34309386439196143 0.43187395064896217 0.1903255360654421 0.034706648893634284
0.045497305855868864 0.655014473110404 0.042225494583356005 0.2572627264503712
0.5167843658432453 0.3122167126314801 0.14895133118225934 0.02204759034301529
0.06854991826183676 0.4103655339560014 0.4053259788698991 0.11575856891226277
0.18377231801244276 0.3140105130060147 0.04100982698471256 0.46120734199683
0.2755084754336936 0.34322810754688626 0.0017760984243274658 0.37948731859509266
0.000745522041897928 0.15234377868461824 0.08988887896743891 0.7570218203060449
0.4615481516478055 0.1166152070899047 0.10133844503557499 0.3204981962267148
0.39095801573387867 0.048463516895770664 0.15758170957068074 0.4029967577996699
0.22771289672183592 0.036612629918377215 0.6716466498555684 0.06402782350421843
0.04203085099357362 0.10325910785999026 0.42177659158771075 0.43293344955872537
0.004266434167159439 0.29042706443612043 0.4113626849807265 0.29394381641599365
0.46569307144373673 0.27000031508450917 0.23552884369872962 0.028777769773024486
0.04206952345831805 0.13044872870786095 0.5034783353020688 0.32400341253175224
0.5081574288486054 0.1634128187856716 0.10843297474430824 0.21999677762141479
0.2519303025546189 0.09358703616050956 0.582011937096894 0.07247072418797751
0.5005655544364319 0.21432111767560091 0.020437515383111227 0.26467581250485595
0.2904848960351515 0.37830268194995575 0.22695195310801008 0.10426046890688268
0.11493223803677854 0.39115302408820785 0.41373535184743604 0.08017938602757757
0.1264373052287192 0.046787701955604444 0.43580243657624085 0.3909725562394355
0.6312121124335804 0.0435978223056922 0.30787755790629356 0.017312507354433793
0.4520116163715753 0.10535577115862638 0.09327478926150135 0.349357823208297
0.1378098929110333 0.2941154259762765 0.2590383848779553 0.30903629623473494
0.2097064361616212 0.3065380450728217 0.3077166992688043 0.17603881949675282
0.6238250857723261 0.1207863613121164 0.1468431518373492 0.10854540107820831
0.14559502906990662 0.7919999788698824 0.058191297615796445 0.004213694444414551
0.039361447652614845 0.2634583902649986 0.27060144206614756 0.426578720016239
0.050779979002276265 0.29562172389799424 0.20443089297636274 0.44916740412336675
0.0416156415309622 0.3777773021169749 0.5262143751891075 0.05439268116295537
0.19274696771982025 0.27179001174271666 0.07944097407618667 0.4560220464612764
0.19646296069527902 0.19600895284918762 0.4278192918674807 0.17970879458805267
0.20310765674117526 0.14184580619342047 0.07919378446986769 0.5758527525955366
0.02223188655718822 0.147758131440636 0.44959032853698266 0.38041965346519313
0.1524632609580754 0.13946792508826067 0.46359829085650006 0.24447052309716388
0.013082809952181584 0.2791739659999044 0.6861483764439698 0.021594847603944256
0.48069178843538785 0.23519019030647847 0.1976538334274428 0.08646418783069088
0.2096510681816579 0.07421311526972585 0.07976968437732623 0.63636613217129
0.42411590028854873 0.10388929486856036 0.21736064992488568 0.25463415491800523
0.7380328309576354 0.13547427051215677 0.051301282067169884 0.07519161646303796
0.305111386874636 0.03636524394870855 0.3428250374078703 0.31569833176878515
0.08179074301518041 0.06310601197004717 0.8143373865531016 0.0407658584616708
0.028294071851627134 0.03275400332691425 0.2931164145891585 0.6458355102323001
0.3596150991052395 0.33589119283557567 0.1579049304780844 0.14658877758110045
0.3915017585897106 0.05617565362354615 0.17596040524516443 0.3763621825415788
0.014714783748600802 0.6830136576880682 0.1971209452163577 0.10515061334697329
0.4289531272917094 0.3156516363633384 0.18725657634609238 0.06813865999885982
0.07011901312686464 0.32158846419321885 0.39298836995581654 0.21530415272409997
0.17274179949635315 0.0010566447117721367 0.6303176561085819 0.19588389968329278
0.37972125002566703 0.055665327950019106 0.05467430323101852 0.5099391187932953
0.2135202649884438 0.1095681816294054 0.5162688397822321 0.16064271359991866
0.34157835427535366 0.16889448530915852 0.08420990245325899 0.40531725796222884
0.015100773237324061 0.2213467949773581 0.5980896153999985 0.16546281638531934
0.06696942393282634 0.40811918670160496 0.17538824757930827 0.3495231417862604
0.10010434458144468 0.09887168171563365 0.35430170551057516 0.4467222681923465
0.2638866709525134 0.2771330024072578 0.41108156967143705 0.047898756968791756
0.48023995608541004 0.26451236733894923 0.0944407343756114 0.16080694220002933
0.19638057670013687 0.16956000815247252 0.5480346821533284 0.08602473299406221
0.5435943265958227 0.18207529733699812 0.24642873975094493 0.027901636316234213
0.4552793614808863 0.03359388313522649 0.2987449548873635 0.21238180049652366
0.14333231747132136 0.033881063330502226 0.7151798067852689 0.10760681241290748
0.04910892439787362 0.4298693729791041 0.25172982675206057 0.2692918758709617
0.05773148782296755 0.37778906835222525 0.21670256889099193 0.34777687493381526
0.26034507272891516 0.5771173599408073 0.1222447545834987 0.04029281274677887
0.06467319799028326 0.22619924783919276 0.6046978823125075 0.10442967185801644
0.158033654701494 0.2010738701619974 0.48231209416765675 0.15858038096885185
0.13946712418246032 0.014273084388682689 0.2658425481118015 0.5804172433170555
0.24057032033459902 0.1271326629688614 0.4312613359173435 0.2010356807791961
0.4824970417738299 0.35119084256932975 0.1315402642507557 0.03477185140608463
0.0921315918005916 0.22252140696340572 0.5171080916938692 0.1682389095421335
0.09556681500661357 0.33524820701184643 0.10391984833286094 0.46526512964867905
0.23083626557632686 0.5201910417420524 0.19750033964157543 0.05147235304004527
0.05564154105168817 0.24904489189670387 0.5358746525378449 0.15943891451376302
0.0740377962799964 0.08222462739127712 0.34648862400314595 0.49724895232558053
0.06227948040577591 0.014216801910181154 0.36931389639700174 0.5541898212870412
0.07556640450523078 0.3607906796612832 0.14695483107524343 0.4166880847582426
0.15724465838513624 0.21556684125753223 0.42590677095364204 0.2012817294036895
0.030311360522466524 0.19301161236327025 0.25618433193733015 0.5204926951769331
0.16252068486651927 0.5322442923066865 0.10043961000343271 0.20479541282336156
0.04629620299294834 0.08792196670608476 0.23776214251040662 0.6280196877905603
0.27555246302085457 0.1347677418863087 0.40446221162011653 0.18521758347272022
0.4172668947572268 0.19432694078937018 0.09042629378485534 0.2979798706685477
0.06154071592069976 0.18499475294018974 0.7415772839512886 0.011887247187821859
0.481846388679705 0.15080938550643397 0.2244106584551807 0.14293356735868035
0.44591410991086855 0.382517812333242 0.038521769568687914 0.13304630818720153
0.1134440838641173 0.3469244200251246 0.411121036054631 0.1285104600561271
0.056872574048715596 0.16346375749959707 0.683676140060676 0.09598752839101132
0.41441885915335785 0.0031430512552316214 0.05952972303477988 0.5229083665566306
0.25018894238936007 0.5386434009536071 0.11187852404438381 0.09928913261264904
0.5679021741440307 0.19421366641373794 0.10048924670078951 0.1373949127414419
0.07291709358215726 0.41828603603352277 0.04263291139022951 0.46616395899409047
0.08408068107668132 0.49289421430476654 0.21387928767283648 0.20914581694571566
0.5349755786303614 0.0082038761840183 0.3253751788261089 0.13144536635951143
0.0021255584659090054 0.08736943292919985 0.01263922930937944 0.8978657792955117
0.21663726243823422 0.2700739263849229 0.08349704966708604 0.42979176150975684
0.2703919968833126 0.12466879289185318 0.15769647264221653 0.4472427375826177
0.04905633250513164 0.48837803743944186 0.23222034541332437 0.23034528464210213
0.7317056755620666 0.009107695790099735 0.005857719640091963 0.25332890900774174
0.5534328341543568 0.021036625781871154 0.3649340183649308 0.06059652169884122
0.12067506706890718 0.017604347789193175 0.8448823729321011 0.01683821220979853
0.0066942183815162926 0.5282311161537652 0.19124265977527088 0.27383200568944766
0.5728607109397055 0.3476087135696484 0.07846901675033968 0.0010615587403064453
0.32806574380211173 0.06668612659984907 0.22457540267752196 0.38067272692051723
0.6033002632532816 0.05704678894191684 0.03755769423714517 0.30209525356765643
0.29203198656434615 0.09619220870408818 0.51704070601178 0.0947350987197857
0.3818250401120593 0.05485070132810288 0.4498086662156201 0.11351559234421771
0.0842216489841201 0.328161117948101 0.3071077322781165 0.2805095007896624
0.49060670234726 0.00372287319453124 0.040310933877857114 0.46535949058035164
0.4559523311068949 0.2174073094972211 0.0566141014214564 0.2700262579744276
0.3627879225706402 0.1864489452217878 0.44483036389758235 0.005932768309989678
0.4554265713393948 0.0715356835768991 0.09535038093455628 0.37768736414914983
0.1572346830656135 0.1340475219333136 0.3751985258225573 0.3335192691785156
0.17776494673811472 0.32820132989620654 0.23539089258195633 0.2586428307837224
0.6052106196172057 0.015037887043623743 0.3426747068774395 0.03707678646173107
0.1418854274926611 0.36371153520693955 0.4717972642490247 0.022605773051374678
0.5580040833678162 0.2475422484003208 0.1602099255664564 0.03424374266540664
0.10785109714986307 0.2729900112363213 0.35308787365546024 0.2660710179583554
0.10676493568016077 0.39204028269983826 0.3242399957486828 0.1769547858713182
0.08651814563750038 0.6977323198801942 0.07518215027178476 0.14056738421052062
0.6283144188210898 0.15884455458890379 0.07885684531911452 0.13398418127089184
0.34756819091365887 0.21826614364393426 0.27642204955627825 0.15774361588612862
0.12840907663536472 0.16701719434376772 0.026412779242882656 0.6781609497779849
0.16447492185111412 0.011025690526487164 0.25010411747603045 0.5743952701463683
