13 100 4 263.808978748863 527.6179574977261
7.999321695164381 3.1378709803142106 8.418506793952318 9.691742782386997 9.75341002514404 5.08104322675581 6.481382164851501 7.97973863144362 6.774520102831622 7.498164065652524 1.3153287169129357 3.6860452380026145 1.5266124269386727 8.71354848328479 4.355686250873267 7.118631564202873 3.306519543939671 4.128230936372428 1.0847149307287247 4.225004044344727 9.541847635103894 2.9610910821852 3.8745222974232814 9.259951474005288 1.2871329979590524 1.5857608333826305 6.668460991970407 8.864320989515848 1.0784415907340636 7.719195132945438 8.31557053902361 1.6814570155504005 6.90809801137262 5.583359800751664 5.318950523467448 9.600167304379596 1.0001083021253658 3.222808308927247 7.410094101204251 3.921238448080418 3.4929672074542855 7.2590090729812715 9.266965733313539 3.200281319781913 5.1227723554908735 3.276934145393558 4.413999623347595 6.440849457685399 7.951408837125022 1.6112574711497305 7.17476571268582 5.934340876562428 2.241874474824315 1.8887789728442659 3.210031947921901 2.3660799632602534 9.333950315411961 7.120945140441779 3.1389302969171498 6.119967273009044 6.009688462909624 1.6546348979591303 8.557376593744639 4.647875434283183 2.303838901416926 2.718280527999343 5.415761233586448 7.40821936824778 9.864446119309072 8.8730785156154 5.491375155108046 1.9610199459433797 9.218915262906787 4.284243647976565 3.0392908920948556 8.851886761108856 2.2272251658331417 3.1274214413753825 6.3585932081714125 6.075303481708436 9.630412587849674 5.079153999012399 2.1606226712068644 7.84510909090651 2.814706676027037 2.5815687689186344 4.9340621138572995 4.0623472256303135 9.705277977045125 2.287234693788144 8.601026795255063 7.024655259825966 1.9837441727159106 1.794281860263466 9.698158371496513 2.7486773669170583 1.7371005401651063 3.4244622575187726 6.851174662118201 5.920995208101945
1.5998643390328762 0.6275741960628421 1.6837013587904637 1.9383485564773995 1.950682005028808 1.016208645351162 1.2962764329703003 1.595947726288724 1.3549040205663245 1.4996328131305048 0.26306574338258715 0.7372090476005229 0.30532248538773454 1.742709696656958 0.8711372501746535 1.4237263128405746 0.6613039087879342 0.8256461872744856 0.21694298614574495 0.8450008088689455 1.9083695270207788 0.59221821643704 0.7749044594846562 1.8519902948010576 0.25742659959181047 0.3171521666765261 1.3336921983940813 1.7728641979031696 0.21568831814681272 1.5438390265890876 1.6631141078047222 0.3362914031100801 1.381619602274524 1.1166719601503328 1.0637901046934897 1.9200334608759193 0.20002166042507316 0.6445616617854494 1.4820188202408502 0.7842476896160836 0.6985934414908571 1.4518018145962543 1.8533931466627078 0.6400562639563826 1.0245544710981747 0.6553868290787116 0.8827999246695191 1.2881698915370798 1.5902817674250045 0.3222514942299461 1.434953142537164 1.1868681753124855 0.44837489496486305 0.37775579456885316 0.6420063895843802 0.47321599265205067 1.8667900630823921 1.4241890280883558 0.6277860593834299 1.2239934546018088 1.2019376925819247 0.33092697959182604 1.7114753187489278 0.9295750868566366 0.46076778028338516 0.5436561055998685 1.0831522467172896 1.4816438736495559 1.9728892238618143 1.77461570312308 1.0982750310216092 0.39220398918867594 1.8437830525813574 0.856848729595313 0.6078581784189712 1.7703773522217712 0.4454450331666283 0.6254842882750765 1.2717186416342825 1.2150606963416872 1.926082517569935 1.0158307998024798 0.43212453424137287 1.569021818181302 0.5629413352054075 0.5163137537837269 0.9868124227714599 0.8124694451260627 1.941055595409025 0.4574469387576288 1.7202053590510125 1.4049310519651932 0.3967488345431821 0.3588563720526932 1.9396316742993025 0.5497354733834117 0.34742010803302126 0.6848924515037546 1.37023493242364 1.184199041620389
0.2777215297314206 0.41900331412183034 0.14894721062589378 0.15432794552085527
0.2035981361555802 0.4853081634031091 0.06057939587628536 0.2505143045650253
0.12426071024992369 0.13013847479145224 0.02506036860724825 0.7205404463513758
0.5416106282800136 0.07023896104552751 0.1480694912952003 0.24008091937925857
0.013200625564899537 0.1584746721122653 0.6448862300364132 0.18343847228642196
0.14500296285546677 0.41517845546061394 0.003978860545730378 0.4358397211381889
0.07107351246240812 0.3011724999617099 0.5786250202020273 0.04912896737385464
0.27608308497765854 0.11915873328597393 0.3254722123595123 0.27928596937685524
0.304683930305082 0.2767543705082923 0.11281175678517774 0.3057499424014479
0.1223312112911773 0.24774566635811546 0.13661447290982576 0.4933086494408815
0.16956247865888308 0.6748517778288365 0.06571437357382937 0.08987136993845102
0.7140509260335566 0.18622452571700177 0.01302579227631917 0.08669875597312249
0.00984544079968852 0.12255239558238273 0.2018904159985515 0.6657117476193772
0.14059766517175454 0.16325660765928351 0.6317451124508789 0.064400614718083
0.11961014615577858 0.04377234824886744 0.5311567322377033 0.30546077335765065
0.09284603190663265 0.18601751939977818 0.029472478694121174 0.691663969999468
0.2958142574937309 0.5379011235929864 0.08522590951809916 0.08105870939518356
0.15973108250577628 0.05922039602116658 0.25551659256256654 0.5255319289104906
0.14352054836853012 0.07199214878322391 0.6635627965448891 0.12092450630335683
0.08285801012063598 0.08233508652913757 0.44825314875624434 0.3865537545939821
0.23368185982132328 0.49673547273855456 0.19538476011366845 0.0741979073264537
0.27309396011782994 0.02421825944585232 0.47008928555499097 0.23259849488132678
0.1029163661719199 0.4930236996337578 0.23714459946843802 0.16691533472588427
0.32173941183739707 0.17982335945919636 0.3265978256200651 0.17183940308334145
0.01478673530954211 0.01430736115028075 0.8400948267379355 0.1308110768022417
0.18235194340022043 0.1350832700141843 0.04873331944463888 0.6338314671409564
0.056852855598646945 0.06586872064167726 0.3062292034753833 0.5710492202842925
0.04307662809459589 0.17367429957970304 0.3485702622147948 0.43467881011090626
0.48181488624170676 0.24854226541507574 0.1137470182240391 0.1558958301191784
0.04553264565460491 0.19487631067007405 0.6745283085194445 0.08506273515587659
0.2129019704722085 0.30700742661127234 0.04580225993345599 0.4342883429830632
0.001573158600998159 0.24212936939198193 0.2832589020341537 0.4730385699728662
0.05564220864270886 0.017998918866900193 0.42885072260421986 0.4975081498861711
0.5617452412785726 0.23503351466474542 0.06919896388817481 0.13402228016850715
0.03074675838642149 0.2123330096763133 0.11684368211249097 0.6400765498247742
0.3412071540234347 0.5273916197538208 0.12277220724585836 0.008629018976886171
0.21070032586890497 0.0039454197088956144 0.5998418350602286 0.18551241936197083
0.3235168749818289 0.31375290040991854 0.0901552754011209 0.27257494920713166
0.024158957115163582 0.20000406856629627 0.5245587382594286 0.2512782360591116
0.1289551875112751 0.07918284285137556 0.14816730268897804 0.6436946669483713
0.021397673413144136 0.07187099975219746 0.7445056493303486 0.16222567750430983
0.14100425819988416 0.2553802877450837 0.5885427260579044 0.015072727997127777
0.6214300291700716 0.10611041483717942 0.15984050107852144 0.11261905491422752
0.005121589598552689 0.29122391670271763 0.3644649752025738 0.33918951849615586
0.14754400921956146 0.3316164565097015 0.0013137419492591507 0.5195257923214779
0.24295536547311758 0.4781290301078537 0.06767247395212095 0.2112431304669078
0.5318950606383241 0.3867965904712729 0.07048862664353739 0.01081972224686556
0.1540247086101515 0.6410446972693631 0.19906231914318928 0.0058682749772961396
0.19504242767752966 0.2947100286635158 0.1677871933640822 0.3424603502948723
0.47824271272385255 0.03463523204239727 0.43166583420913496 0.055456221024615227
0.6215951688718421 0.2534547748824434 0.07512273404901537 0.049827322196699164
0.24110821056056764 0.07781488541289783 0.6068608686305496 0.07421603539598498
0.6719104719587664 0.006535997403674942 0.08769654561455653 0.23385698502300212
0.19054175513748073 0.6465511274684608 0.13733501430676354 0.02557210308729496
0.4385639832998369 0.1311199031135365 0.21046308335016273 0.21985303023646385
0.32645927590322554 0.26479726440251905 0.4028699412413995 0.005873518452855886
0.18211253771327796 0.6807056059126667 0.12189865953392154 0.015283196840133795
0.024616654868854226 0.5602387445958333 0.06250145200850155 0.3526431485268109
0.013932267934248177 0.17464547866281943 0.5125293524947965 0.2988929009081359
0.08861725991372771 0.04198184462194143 0.16288436139636397 0.7065165340679669
0.006119949785804546 0.2648164023803089 0.5419345567039446 0.18712909112994192
0.20969922029485621 0.09094968691321759 0.20930071509733605 0.49005037769459014
0.4405960723155501 0.12690948171646066 0.2907664080648714 0.14172803790311783
0.21970057714406643 0.35509902257576187 0.13892516492265938 0.2862752353575123
0.7514620547274744 0.0047946022037599345 0.24260780714770225 0.001135535921063413
0.10039694966106727 0.03163742079641629 0.3321862117739107 0.5357794177686057
0.5409291535790076 0.11657542236831397 0.3417716603114137 0.0007237637412647047
0.060948142360739754 0.1580351792539464 0.6714157557272677 0.10960092265804611
0.01729441087635275 0.32461214030021524 0.22964910527280769 0.42844434355062433
0.014489660516908476 0.29105331344723384 0.19974182708881527 0.4947151989470424
0.04808905997355051 0.1786642672004113 0.7046279383885256 0.06861873443751265
0.228435789598181 0.32230200863778 0.3834031808276448 0.06585902093639417
0.003433022762148963 0.3938992593114471 0.39593227914396534 0.2067354387824386
0.4103296009564381 0.4046148287993848 0.1194895732546154 0.06556599698956167
0.5090775667467017 0.09827936549122662 0.20530922644424654 0.18733384131782516
0.22811320208789543 0.5379702719084016 0.14404603938192673 0.08987048662177621
0.10157897472267607 0.2143780107676383 0.5003529418520573 0.18369007265762838
0.5402779188797515 0.12181092043283526 0.07340521792733734 0.2645059427600759
0.5758174362445533 0.08757128180879248 0.26578258432335566 0.07082869762329858
0.005604089899198694 0.7494613215306197 0.12575838686906016 0.11917620170112142
0.21659728110094212 0.09883216422214947 0.17205572845385053 0.5125148262230579
0.10583251413327144 0.6217577826916995 0.23688918937911552 0.03552051379591359
0.36638578260507837 0.13676672165951465 0.36563800087958465 0.13120949485582234
0.13568352523848604 0.5697409671423268 0.2278979972323032 0.06667751038688396
0.10921373737099438 0.31642276846388206 0.20847062172231567 0.3658928724428079
0.27933598254175285 0.18824091992877834 0.2808360863882008 0.251587011141268
0.2791127979320974 0.25409941528369184 0.2850829422948653 0.18170484448934543
0.3427830708537156 0.0055521463126122494 0.19964720531966007 0.45201757751401206
0.18401010972642906 0.14290864282121885 0.06777395796477781 0.6053072894875743
0.14626164515597173 0.5994695814830209 0.25338412487019835 0.000884648490809048
0.2451658667673462 0.03137486469084616 0.4025193149143321 0.3209399536274755
0.13376534981113108 0.7725853466708669 0.015457197150560709 0.07819210636744134
0.4712762514140486 0.028672350136313973 0.4545343347308515 0.045517063718785944
0.3191800177127265 0.016488854592366264 0.5925188970520331 0.07181223064287412
0.17003047470784738 0.07571579694393293 0.6545978289238271 0.09965589942439257
0.2004108058737809 0.1982103785813879 0.14282032691980007 0.4585584886250311
0.20681387567074938 0.08801559319957108 0.4418943355317243 0.26327619559795523
0.06085367530631003 0.3575297992799452 0.14354292011037761 0.43807360530336714
0.2425679955603265 0.2809705022233726 0.11841317957946773 0.35804832263683317
0.25668973906579917 0.18616375277778507 0.5007310557151072 0.05641545244130852
0.2242124706247811 0.009413991223185758 0.7294716158549618 0.03690192229707134
0.06759889360357696 0.08589574337479577 0.026584758439642697 0.8199206045819846
0.03382173104378916 0.19098554286500724 0.44404743251248 0.3311452935787236
0.22601441426661684 0.14793067530957915 0.538310994742423 0.08774391568138096
0.07972011775621979 0.7495975767651017 0.008831337699678365 0.1618509677790001
0.09851907591702669 0.25126313768400477 0.3602836764620323 0.28993410993693625
0.6218453689509784 0.12620596317520905 0.010425973472016237 0.2415226944017963
0.04180861912122957 0.11953020433396211 0.06516449985795292 0.7734966766868554
0.05286620198352476 0.0833671791384265 0.04349474751029647 0.8202718713677523
0.1306641990394306 0.15085463782899622 0.22301007610644363 0.49547108702512954
0.3921985467480693 0.4089805216724315 0.028398408666034713 0.1704225229134645
0.09936765398837333 0.4642025178806847 0.014409174296708405 0.4220206538342336
0.180203757609243 0.5124325001320744 0.30160310505527477 0.0057606372034078035
0.20290489288829328 0.4107496410099084 0.05559287674124558 0.33075258936055274
0.3921906629129217 0.06652264281302289 0.4862537274080748 0.05503296686598058
0.2046000739957785 0.5910094964156424 0.07340960773064586 0.13098082185793325
0.07142513371862946 0.09469466293866091 0.5156737565517442 0.31820644679096544
0.36022941976910705 0.3515509866136426 0.2561353529135999 0.03208424070365046
0.6689037930967858 0.12398418783337828 0.1630620497577584 0.0440499693120775
0.25198515520957565 0.22808666082979068 0.1609582686107529 0.35896991534988076
0.7373998988360687 0.02710287836059766 0.19419790420596372 0.041299318597369905
0.16353307883213053 0.11782486341731113 0.404429656760421 0.31421240099013736
0.18164138015089026 0.1416152963338132 0.16612488413233173 0.5106184393829648
0.29775374029236545 0.3975599793264324 0.17532744724338267 0.12935883313781948
0.15148091402584818 0.49169937492272997 0.20735716729222298 0.14946254375919887
0.08165793637092456 0.2002637858623183 0.6220519970583457 0.09602628070841146
0.06325138074870928 0.7191253985707158 0.18418267227978413 0.033440548400790804
0.822241809901137 0.06592918009568105 0.05990196163047534 0.051927048372706563
0.2514120803260531 0.08954397740397946 0.6141676838963307 0.044876258373636735
0.5096042161455406 0.2817075455674677 0.10865699964580455 0.10003123864118713
0.01615903613308811 0.47759517540349905 0.12436287642990607 0.38188291203350677
0.19914291926856253 0.03479750193143427 0.2024628164894724 0.5635967623105308
0.2081983805383275 0.05334475974566666 0.5368826123441534 0.20157424737185248
0.15507878896953398 0.1571674768550242 0.1487769617656607 0.5389767724097811
0.27668452729256576 0.1090700872564071 0.18421772365015898 0.43002766180086816
0.4159324605560283 0.21390724247679016 0.14279973681075397 0.22736056015642758
0.46920157850064004 0.44469640941942046 0.00798860001195012 0.07811341206798939
0.3392015213500088 0.11207413544100941 0.27360678425100005 0.27511755895798173
0.1050294917167729 0.07839475038280941 0.2842865209624371 0.5322892369379806
0.38075324792028464 0.08375251151136609 0.45495386347666067 0.0805403770916886
0.05984421036917731 0.6423251715506355 0.08917329372900096 0.20865732435118622
0.11899849121120365 0.026296285164986943 0.7086246490626045 0.14608057456120493
0.06912932506394953 0.3638606002746946 0.1850199869745761 0.3819900876867798
0.3843382541840078 0.09011173645820825 0.07509260806361961 0.45045740129416434
0.070021245433038 0.054745887697765006 0.7646380470374438 0.11059481983175323
0.21557092682961332 0.3966878145855711 0.06954283201878286 0.3181984265660327
0.14937217431965621 0.2895999460964851 0.1838600806220546 0.3771677989618041
0.2167609228661389 0.5203441337342695 0.1872986016986864 0.07559634170090523
0.04798022560182991 0.08401246451257105 0.6682364463576882 0.19977086352791085
0.34051012168947903 0.03773370185161229 0.21082649556735777 0.4109296808915509
0.3447877569916551 0.4607408159476757 0.05285982765184283 0.1416115994088264
0.25490197554623917 0.12444740235608787 0.5023048573057638 0.11834576479190917
0.4670761509467687 0.21497542818383564 0.17786864341945763 0.14007977744993805
0.023276089875885475 0.25443674309535846 0.4805044005043865 0.24178276652436959
0.039049214778404506 0.3178999303446811 0.635631640130188 0.007419214746726355
0.5248994821781907 0.0391600684240504 0.05500540063099202 0.38093504876676687
0.2912672285674378 0.02349890758387896 0.5523252497255415 0.1329086141231417
0.21908695921058396 0.46823958592027615 0.16791888954791478 0.1447545653212251
0.11537760274186948 0.7160827528611058 0.04890148467555344 0.1196381597214713
0.2165462848097195 0.26914082067380196 0.16070276019387952 0.353610134322599
0.20169685046773156 0.3790700632243622 0.049414756000073834 0.3698183303078324
0.8230649697146496 0.008784150115354605 0.155312247454662 0.012838632715333809
0.29428399529721794 0.41106697271389125 0.27435447040698113 0.020294561581909676
0.12715403171556094 0.11425834355130016 0.10418707347080014 0.6544005512623388
0.37591750771354915 0.05687609254536341 0.24258032332166957 0.3246260764194179
0.24213430696895144 0.20231596852077072 0.42772399798656513 0.1278257265237127
0.2549108044212455 0.4048890863778575 0.2535303170416199 0.08666979215927717
0.5106381669275201 0.19202365655296638 0.09641744480025549 0.20092073171925806
0.04089382835731237 0.020545060803517368 0.15094984121318966 0.7876112696259806
0.05666669193835949 0.4078211852300332 0.1883981990714657 0.3471139237601416
0.12228350848374547 0.09623733466411777 0.13893904145940617 0.6425401153927306
0.19834599054937607 0.2638396699977308 0.14323579523265462 0.3945785442202385
0.4840121198602888 0.04614500030174862 0.2243507704320883 0.2454921094058743
0.32793229141542635 0.13387339974681622 0.18535577104193224 0.3528385377958252
0.2659805070380421 0.09129510572911148 0.43967706977167187 0.20304731746117455
0.5854908052659679 0.0921584274561329 0.18596480228433576 0.13638596499356348
0.3739277080895428 0.45022246571599345 0.007670293689493013 0.16817953250497075
0.46442216773485634 0.27399959775179017 0.25857665111928974 0.003001583394063756
0.24221232186873753 0.16502749579678855 0.5106380640132906 0.08212211832118332
0.6025018362665696 0.1048030032326942 0.1875607160769629 0.10513444442377329
0.017017292696770547 0.27252243341804927 0.24257418126427932 0.46788609262090086
0.14780434476077542 0.04363856281746381 0.757989783040215 0.050567309381545744
0.21135275446180002 0.7300247693704022 0.051502436689004116 0.007120039478793694
0.1694825706513119 0.007886152278592351 0.4170283806416011 0.4056028964284947
0.07313276831160265 0.1369516243138429 0.27511530113091986 0.5148003062436346
0.022766953087996145 0.46037672703322774 0.40495967110577746 0.11189664877299865
0.06075856609033259 0.3119299738870859 0.4030989965715974 0.2242124634509841
0.008807492231377556 0.649717127355088 0.17202801494444908 0.16944736546908534
0.2382527305039337 0.5360541027375366 0.13450842070077895 0.09118474605775073
0.4923880608989729 0.19339917944638496 0.10367807963396913 0.210534680020673
0.4330090169144516 0.22663206566034566 0.023267891817635555 0.3170910256075672
0.27662491171353176 0.4014461667974978 0.04847682277025234 0.2734520987187181
0.1271912822212512 0.08440525696513512 0.4676817483334951 0.3207217124801186
0.1212871261501669 0.06904080644564126 0.08148585311334677 0.7281862142908451
0.10845990901462865 0.040319730798108355 0.4735208738720613 0.37769948631520167
0.10527567762060253 0.12211397593864792 0.5351216629884191 0.23748868345233043
0.25404695024364843 0.24301442674352292 0.10701457576803486 0.3959240472447938
0.030302444078074697 0.24531747379496804 0.6238312168473821 0.10054886527957518
0.059042431129734174 0.19537932082565745 0.6947920920811937 0.050786155963414625
0.12828544326714275 0.07513209654609132 0.33189367375608625 0.4646887864306797
