70 80 4 224.3802830247331 448.7605660494662
9.34732484757063 8.85183664968294 6.261681453359978 9.146531563514172 3.8514931407166553 2.332072908368053 8.735806920188862 4.903308700760383 5.441687175209001 5.073073275225309 4.268392073086812 3.3605620055670435 6.321955343957896 3.790098804293568 1.393341819480739 7.373172476553156 2.6659844938520223 2.7164367896781014 7.6145415661217095 2.1335157895025962 3.7635819549831995 9.407359086290398 9.871521529178883 9.801741568597 2.1810454302031443 1.0440409399415314 8.091922804070288 7.072409285184418 4.098748944029223 4.0720905994994006 5.395110474829797 5.76177457815315 9.929782263499726 9.53220697220062 8.207287356665029 2.6833723745966953 2.396026842624277 1.2921312637210782 3.4014654409686647 4.294448725278549 9.71624746566165 4.292272218376217 5.354992578124489 2.7837765254471667 9.234428490437944 2.9222642471192644 8.597729956829403 1.469636427725499 3.089201636978759 8.190585739672565 2.9848021394040893 3.6986719410937066 4.748834298839457 5.447526004437868 2.6627321038004523 2.286309927799723 1.9807301196474811 4.970326736061487 8.469429464915768 9.520556901927884 5.812214255251733 6.567737102967416 4.160047006974441 8.79346960363615 6.224460604485013 9.696618727403285 8.759979772359179 4.334080741454693 3.5760731021121073 7.845630673505074 2.2004148018222414 9.580996372048853 6.87078085504032 9.009554930637544 7.0319576024822705 8.035656996379492 4.44911499141404 9.225634046736198 1.2115764894386616 5.072626217811793
1.8694649695141259 1.770367329936588 1.2523362906719957 1.8293063127028344 0.770298628143331 0.4664145816736106 1.7471613840377724 0.9806617401520766 1.0883374350418002 1.0146146550450619 0.8536784146173624 0.6721124011134088 1.2643910687915791 0.7580197608587136 0.2786683638961478 1.4746344953106312 0.5331968987704044 0.5432873579356203 1.522908313224342 0.42670315790051927 0.7527163909966399 1.8814718172580798 1.9743043058357768 1.9603483137194 0.43620908604062886 0.20880818798830628 1.6183845608140577 1.4144818570368836 0.8197497888058447 0.8144181198998801 1.0790220949659592 1.15235491563063 1.9859564526999454 1.9064413944401242 1.641457471333006 0.5366744749193391 0.4792053685248554 0.25842625274421566 0.6802930881937329 0.8588897450557098 1.94324949313233 0.8584544436752435 1.0709985156248978 0.5567553050894334 1.8468856980875887 0.5844528494238529 1.7195459913658806 0.2939272855450998 0.6178403273957518 1.6381171479345131 0.5969604278808178 0.7397343882187413 0.9497668597678913 1.0895052008875736 0.5325464207600905 0.4572619855599446 0.3961460239294962 0.9940653472122974 1.6938858929831535 1.904111380385577 1.1624428510503466 1.3135474205934832 0.8320094013948882 1.75869392072723 1.2448921208970025 1.9393237454806571 1.7519959544718358 0.8668161482909387 0.7152146204224215 1.5691261347010148 0.4400829603644483 1.9161992744097707 1.374156171008064 1.8019109861275087 1.406391520496454 1.6071313992758984 0.8898229982828081 1.8451268093472397 0.24231529788773232 1.0145252435623586
0.15099021326372564 0.08057657735652646 0.6926153124295626 0.07581789695018526
0.06996371941261814 0.03448426939628335 0.28160115861377477 0.6139508525773237
0.01030334456194093 0.0697505397171122 0.5772307952453261 0.3427153204756208
0.0694357802497022 0.14601784740809554 0.5471780951287811 0.23736827721342113
0.5956229758792488 0.01289408046191498 0.34698966973566026 0.044493273923175924
0.3070095612981981 0.18225100445459208 0.2665142287189912 0.24422520552821858
0.2700647561648236 0.136551387861366 0.1753592489916036 0.4180246069822068
0.5203692860931592 0.2889180734930884 0.12053337343835036 0.070179266975402
0.09038581352446784 0.012767123099813649 0.672676094490882 0.22417096888483656
0.1707851185015402 0.049775962092007964 0.3045807002521266 0.47485821915432525
0.453678965846001 0.016166194825840585 0.4766263918958208 0.053528447432337645
0.12064733458120613 0.5448160906165359 0.043187021746853405 0.29134955305540455
0.5884981594032654 0.09289183989426264 0.2772610910611121 0.04134890964135984
0.38500840526319 0.2600233593251893 0.24588026206570457 0.10908797334591613
0.3734639681850057 0.05560706502372437 0.05963407429967038 0.5112948924915995
0.00445161509871117 0.6464188444634259 0.01623813200135671 0.3328914084365062
0.0372598560904267 0.04163498305984836 0.2711946132868144 0.6499105475629106
0.5408078305702165 0.07081197865748468 0.2685784218389222 0.11980176893337657
0.3615247284095475 0.10813449649439777 0.3286665813976868 0.20167419369836792
0.2087930951256256 0.2579750810738598 0.00912517305339089 0.5241066507471237
0.08192292092982334 0.07042768926511211 0.7606489695971281 0.08700042020793641
0.4767458404599285 0.08750766707086866 0.12775156611126837 0.30799492635793446
0.12649027390620904 0.8157823367307814 0.051247026128182216 0.006480363234827369
0.028324193616855786 0.4812044136468563 0.07610233321260595 0.41436905952368197
0.09797120762485767 0.18917588577109112 0.039141266764455285 0.6737116398395959
0.325779167896296 0.28127572818329805 0.37172888749645816 0.021216216423947776
0.39469129021683036 0.18608770633048066 0.402385859419234 0.016835144033454985
0.15665486541672968 0.37080066977304127 0.2626667691862874 0.20987769562394165
0.16410102977798835 0.03545260577450804 0.5988831356042089 0.2015632288432947
0.07408157648255864 0.07873795695421093 0.3180889252415723 0.5290915413216581
0.10476745004991017 0.0671420847377 0.6139178790385845 0.2141725861738053
0.07776144429904919 0.06602747948750298 0.27500855372575106 0.5812025224876968
0.005865828852322785 0.6884791730663586 0.007579701614305434 0.29807529646701314
0.4633204823693384 0.06140852797360219 0.43569785145199014 0.03957313820506925
0.12341554131180632 0.2414415182713382 0.011716170996477593 0.6234267694203779
0.04090246623007898 0.2182853570542057 0.49494150933947356 0.24587066737624175
0.06740079766605145 0.1374844698881117 0.6234807938348821 0.17163393861095477
0.22484866224700928 0.048350078987572154 0.052074161283519826 0.6747270974818987
0.0646336256625819 0.04616032325785169 0.806072284327702 0.08313376675186446
0.004758573262586441 0.11949529503943146 0.12722316765259245 0.7485229640453896
0.05548250772734786 0.02422008272303866 0.9185518135106998 0.001745596038913666
0.13335218214299083 0.432498014152792 0.23218086646493086 0.20196893723928633
0.05694203117982577 0.01450850732271236 0.8012380440862403 0.12731141741122154
0.5446357119154234 0.22330898322233528 0.21804001961189245 0.014015285250348897
0.22472214778979016 0.3269785660979967 0.05774691144564814 0.390552374666565
0.01159303205696871 0.1738404209505673 0.13568654888558018 0.6788799981068838
0.29019454414842705 0.2221503368972727 0.1724488547614199 0.31520626419288034
0.18351910383750236 0.2992522696022465 0.17865679321957084 0.3385718333406803
0.6417041194378417 0.19044604372617735 0.11787927783765151 0.04997055899832947
0.06299294445755921 0.11992619764394585 0.021164124194523293 0.7959167337039716
0.21968588410331313 0.1667690371323276 0.32980358641481655 0.2837414923495427
0.42895320294679795 0.025953946391920835 0.2952864853438192 0.24980636531746203
0.22796955930832197 0.29872640558922126 0.35727915060203885 0.11602488450041792
0.3740912912375094 0.28017648065090717 0.04131947480745335 0.3044127533041301
0.1569417409491941 0.4615040520905983 0.017388880781720517 0.36416532617848707
0.14014237659018813 0.14570033025722984 0.049599459193120365 0.6645578339594617
0.3868732798300758 0.11644927291853446 0.1921909668752868 0.30448648037610293
0.051637469183391294 0.16651093902964909 0.7000769245515773 0.08177466723538229
0.03785775214301135 0.31081398776674074 0.6130359821282185 0.038292277962029386
0.4073463321105403 0.08533718133768864 0.4334049219119003 0.07391156463987081
0.06625570598633013 0.27778920656610173 0.12487000879981369 0.5310850786477544
0.19891772704997668 0.3051953172353319 0.31580137213845894 0.1800855835762325
0.4782075035818425 0.12312608812019576 0.28382565297872764 0.1148407553192341
0.38332930967020595 0.04198435855756344 0.01978803601029755 0.5548982957619331
0.1516604516405946 0.10738636783217814 0.2197616041437599 0.5211915763834674
0.29157680468037994 0.22852918433071967 0.23428967583451532 0.24560433515438507
0.2970295228399987 0.021981311720410845 0.5555013148873197 0.12548785055227074
0.4074737000062001 0.19566791355447322 0.016108666169012742 0.38074972027031395
0.2221397777449764 0.6052400712054209 0.13843590669175587 0.03418424435784684
0.18935268458455523 0.2830223118095162 0.1502833097866204 0.37734169381930815
0.21643586606916654 0.12409247350000374 0.4313641549406576 0.2281075054901721
0.017841815111407033 0.6567806975240139 0.010681889178765891 0.31469559818581316
0.2601394202125671 0.4018603784608449 0.17331070242080593 0.1646894989057821
0.24779801349160901 0.5174046817436087 0.21755365349945788 0.017243651265324456
0.3650150600541665 0.1699402566732714 0.4396499661824883 0.025394717090073793
0.05037530211448804 0.722199173282401 0.18480110029227637 0.042624424310834574
0.48181530844980736 0.0457247952808183 0.09930085966114144 0.3731590366082329
0.39570199110052395 0.023147223676040385 0.16462803641431512 0.41652274880912055
0.19062361273784545 0.7090990710241425 0.060707043750821255 0.039570272487190805
0.0820840924036238 0.3603046614677048 0.15892211242954812 0.3986891336991233
0.21121957439284134 0.08378180589094553 0.6949030928074065 0.010095526908806662
0.20103797445081073 0.08173636916463234 0.6984618753093098 0.01876378107524712
0.5003304923807054 0.04000856655459295 0.01213340281224451 0.44752753825245717
0.22281996812283233 0.4682388392787358 0.18574174510881625 0.12319944748961564
0.6419273232864979 0.25251227199068593 0.015978124513490455 0.08958228020932568
0.024283045431891415 0.16322907352869165 0.16450108154048848 0.6479867994989285
0.3464973857946583 0.2508633956215327 0.2840088119914199 0.1186304065923891
0.040618943491545934 0.43005354124724937 0.2716298125036153 0.2576977027575894
0.2992602789876445 0.31213368159020594 0.07769131855335132 0.31091472086879823
0.17623798231251042 0.15237889243283476 0.42961614314602037 0.24176698210863445
0.2889985013717524 0.3332189580880127 0.10840579019890373 0.26937675034133113
0.15499574026417806 0.0021104127747961776 0.8146721431295586 0.02822170383146716
0.0189366392704422 0.2626325019829082 0.027557222888182853 0.6908736358584667
0.00047802489941950466 0.22635631921013277 0.2819395198430069 0.4912261360474408
0.6060210145021417 0.23396059439006667 0.055632159168906736 0.10438623193888485
0.01659476882037192 0.012136779979208479 0.9439306149780189 0.027337836222400713
0.7321985818901926 0.08388757452060602 0.07171858647942186 0.11219525710977951
0.1512736729124795 0.4037787992926428 0.4426386060494484 0.002308921745429293
0.052027102504060174 0.2069889363110612 0.22286858125412445 0.5181153799307542
0.059304900530968485 0.5426414553889704 0.10808204054866521 0.28997160353139595
0.21106539564718263 0.1264657585533473 0.29702743684827093 0.36544140895119914
0.38741853853425123 0.10925995707649927 0.20135134020880774 0.30197016418044176
0.31621207410317553 0.0821952162589431 0.3303596937287807 0.27123301590910065
0.09331181749239426 0.015917180564059774 0.6530059263186905 0.2377650756248555
0.06376311111988575 0.20530966163044606 0.0799216221997795 0.6510056050498887
0.01651050939998233 0.6323886836034238 0.06791896046624601 0.28318184653034784
0.18226751157785914 0.14638905479169995 0.24540942438968116 0.42593400924075975
0.044719961861107826 0.5088263345528685 0.4402482825190468 0.006205421066976857
0.4996227247207349 0.1430996565491499 0.18699103477411327 0.17028658395600194
0.07644639794560704 0.8409174601637897 0.07513491682421436 0.00750122506638895
0.07955831738318397 0.20842038727111178 0.4732329233978385 0.23878837194786573
0.11406521936316927 0.4690301622800295 0.12268547475285119 0.2942191436039501
0.009209617738055509 0.3529720253886174 0.4760377564125581 0.16178060046076903
0.19150878053242937 0.6170489141241833 0.030884029069561558 0.1605582762738258
0.3073313350874134 0.15445051013979205 0.12471460795914613 0.4135035468136484
0.09909948339210306 0.0017869951285302 0.6723054504429309 0.22680807103643585
0.005554115775879387 0.06151130281980244 0.4407884118659855 0.4921461695383327
0.6199597177931138 0.33531269950626097 0.008539068435254427 0.03618851426537084
0.6208665295192075 0.03522866122235102 0.1705903853262296 0.17331442393221186
0.4867558297460908 0.1724966990543806 0.30504033214661685 0.035707139052911785
0.5664328496366924 0.01910437395425757 0.3662506574347134 0.04821211897433664
0.04013937883442098 0.441721178129167 0.23355712583769817 0.28458231719871385
0.08817071771031193 0.3313478637403421 0.2503816900728716 0.3300997284764744
0.47033528672063263 0.03779882282004943 0.4657009082848944 0.026164982174423534
0.10125731213441758 0.10464201018108599 0.6210687691707366 0.17303190851375982
0.27161681657770353 0.49892148487637444 0.016471250838835716 0.2129904477070863
0.1618614724357902 0.48340958246009724 0.17809189746219978 0.1766370476419128
0.20581769538243355 0.5027106253457276 0.2707538482320482 0.020717831039790635
0.3316816365279591 0.3928523746597523 0.04989988827966518 0.22556610053262338
0.5114842399021767 0.26146359463736646 0.04813595868917919 0.17891620677127762
0.12820033031566758 0.30055586987504945 0.14118396814357614 0.4300598316657068
0.2938507080750974 0.5581081819334573 0.07644097576453912 0.07160013422690614
0.08109194060418023 0.1582178698634108 0.5978662942684217 0.16282389526398722
0.2622922580051755 0.16050179773912643 0.13653300802228152 0.4406729362334165
0.15485861315355898 0.012882650553259656 0.3821204419955653 0.4501382942976161
0.1364494111824356 0.16193941804040946 0.6007745776515501 0.10083659312560489
0.0532190885547128 0.6041562815199117 0.32990219239033436 0.012722437535041098
0.33032591261543265 0.029150318370323114 0.2670801014577754 0.37344366755646885
0.07555822746764096 0.2170253624584092 0.5387613845105124 0.16865502556343748
0.09124920140947157 0.328844970066822 0.34340136515174324 0.23650446337196318
0.13909252581594223 0.36009355125251274 0.3246198227664362 0.17619410016510884
0.474147282075717 0.2895203979073212 0.0625650230324768 0.173767296984485
0.5038235747793932 0.058612063616045096 0.0069078789056703505 0.43065648269889134
0.3152045783524723 0.026066662508022143 0.4680034136827833 0.19072534545672226
0.09604158193268064 0.566483020416035 0.15539357436334045 0.18208182328794387
0.3057519134020925 0.2627559408153558 0.3074608933715165 0.12403125241103519
0.18336626621795638 0.15950637160302417 0.283504146550448 0.3736232156285715
0.31721648652079626 0.2314207692237582 0.3414236247613517 0.10993911949409385
0.1444924743096173 0.19982877862594406 0.619066918970915 0.03661182809352359
0.5066943938151108 0.3007337305249217 0.0038764817666493423 0.18869539389331813
0.03645508620679716 0.753510294783111 0.026775987799686485 0.1832586312104053
0.2756428940991157 0.05624903753203936 0.20431600224606739 0.46379206612277757
0.16653957374549322 0.2720388454350483 0.14419307608695842 0.41722850473250006
0.05206889686378813 0.1512683036052106 0.33597180063854404 0.46069099889245724
0.0639888337892921 0.08486834871381854 0.800902485760351 0.05024033173653841
0.42902909687819946 0.1993062067242718 0.07886360404487835 0.2928010923526504
0.6584529596244366 0.05648187099796498 0.04912653158818625 0.23593863778941215
0.4708789421527454 0.2360102217260791 0.2226400662379341 0.07047076988324141
0.06117420072162694 0.3601189663706057 0.16530252025320757 0.4134043126545598
0.15188708340568058 0.44429395861050247 0.22037378676081765 0.1834451712229993
