60 90 4 253.26705820722097 506.5341164144419
3.7078599704195687 2.6825123470769023 3.908644092713975 6.991746132594781 6.10273720872292 4.584285630088882 4.414734239721369 1.0952338229077867 2.533290408943409 2.1105403361209363 7.231611487636774 8.869974045154223 4.036572141747611 9.932133031116107 2.183860637053463 5.502968529015628 3.5795845590555437 2.98526369324097 5.518769919741634 6.724562857562587 6.721092451531546 1.7238977977855563 6.232903765628063 8.552717734772393 3.637164268788706 9.891367849343743 5.924719364475903 9.634473030404875 4.206583718071354 5.65505012414163 9.892120561363866 2.8382682943859705 9.78447581719546 1.359363403322365 1.1739401072534035 2.7461547221966143 1.1042699039167163 5.021854182080118 6.867435804826801 7.4018474221337796 3.2950760311821212 7.875266804395707 9.699222704291905 5.812824760950216 4.8778112435796395 5.499062661892706 7.895442312152957 3.9190450238771377 2.473053387626749 6.565159092886052 6.758527274625343 8.071461497461584 9.349698212788088 8.542814175775757 9.665301656976474 5.975729935093891 1.2643437286642585 2.289531889365323 5.247392980445542 7.138978351229209 7.195085991484949 7.534637255397116 9.904715663112036 4.534113511358445 5.620281306199947 9.288255026349402 4.479050720231505 5.022342932456719 5.03009247882169 3.369538226612793 9.359421448607032 5.6443012793762435 6.9771544746564516 8.490581431979294 1.0307584395661296 6.2476570877880935 5.393256857899928 3.4624265073715015 3.497385284859727 8.225772571645091 4.991516168566685 3.9302485747596805 6.585161078001145 6.4341545103070255 5.443480012263286 7.403479304477025 6.332977283000437 5.285060799173288 4.732048069549779 7.806832979054778
0.7415719940839137 0.5365024694153805 0.781728818542795 1.3983492265189563 1.220547441744584 0.9168571260177764 0.8829468479442738 0.21904676458155733 0.5066580817886818 0.42210806722418726 1.4463222975273546 1.7739948090308446 0.8073144283495222 1.9864266062232214 0.4367721274106926 1.1005937058031257 0.7159169118111087 0.5970527386481941 1.1037539839483268 1.3449125715125174 1.3442184903063092 0.34477955955711126 1.2465807531256126 1.7105435469544787 0.7274328537577411 1.9782735698687486 1.1849438728951807 1.926894606080975 0.8413167436142708 1.1310100248283261 1.9784241122727733 0.5676536588771941 1.956895163439092 0.271872680664473 0.2347880214506807 0.5492309444393229 0.22085398078334326 1.0043708364160238 1.3734871609653603 1.4803694844267559 0.6590152062364243 1.5750533608791415 1.939844540858381 1.1625649521900432 0.9755622487159279 1.0998125323785413 1.5790884624305914 0.7838090047754276 0.4946106775253498 1.3130318185772105 1.3517054549250687 1.6142922994923168 1.8699396425576176 1.7085628351551514 1.933060331395295 1.1951459870187782 0.2528687457328517 0.4579063778730646 1.0494785960891084 1.4277956702458419 1.4390171982969897 1.5069274510794233 1.9809431326224072 0.906822702271689 1.1240562612399894 1.8576510052698805 0.8958101440463009 1.0044685864913439 1.0060184957643379 0.6739076453225585 1.8718842897214063 1.1288602558752487 1.3954308949312904 1.6981162863958588 0.2061516879132259 1.2495314175576187 1.0786513715799857 0.6924853014743003 0.6994770569719454 1.6451545143290183 0.998303233713337 0.7860497149519361 1.317032215600229 1.286830902061405 1.088696002452657 1.480695860895405 1.2665954566000874 1.0570121598346576 0.9464096139099558 1.5613665958109555
0.02636720355422406 0.46635281486583835 0.013578946997911068 0.4937010345820265
0.0049081104377101115 0.5967942381950225 0.05767477098542684 0.3406228803818405
0.030768584070215432 0.15910254065211094 0.021327796164606783 0.7888010791130668
0.22435260111920963 0.1492748052826386 0.2879368466825627 0.3384357469155891
0.19044923534064961 0.04752357759316661 0.5339166593892702 0.22811052767691353
0.33997446377846285 0.2925566509947074 0.3428371832520929 0.024631701974736853
0.34898520151809465 0.21535540258688435 0.17383098031359867 0.26182841558142234
0.10864763288662427 0.6269957175903411 0.19240516767763494 0.07195148184539968
0.13517190374773946 0.30160570006356546 0.0176036621427611 0.545618734045934
0.19090677555339486 0.4985733941523627 0.16284814705800776 0.1476716832362347
0.013316137497819791 0.007558777032944497 0.3928226234844159 0.5863024619848198
0.1334170729426738 0.07133870320455926 0.43153160110039757 0.3637126227523694
0.35488158765349964 0.12204238023183478 0.22681507556520475 0.29626095654946083
0.2548653247391197 0.21170189157802877 0.022046751723496683 0.5113860319593548
0.34106268676877527 0.6405973323280415 0.012958468361869424 0.005381512541313804
0.3610100170945477 0.4243888389715399 0.0044087411405534516 0.21019240279335893
0.2029873865751255 0.11217959492230478 0.6568901685511704 0.027942849951399285
0.5621977020853185 0.0905752714826652 0.08160608106245049 0.2656209453695658
0.11593902509528708 0.26378672172926165 0.1383078116165496 0.48196644155890167
0.5373619775793872 0.04627988027989205 0.2557557655942907 0.16060237654643006
0.057445586256732684 0.07441980049705266 0.8366507132225451 0.03148390002366952
0.20445815414738855 0.3201085226407421 0.23651260482443848 0.2389207183874309
0.2667400435266656 0.3542761521557971 0.19638906284216684 0.18259474147537047
0.15638791325176782 0.3316154391495866 0.26308139005566455 0.24891525754298105
0.06368913142789578 0.2528028786952349 0.14933002392273664 0.5341779659541327
0.34882392080322844 0.3430894561866764 0.3079771196313692 0.00010950337872595028
0.018183571337899607 0.32964031857988196 0.12778755004482922 0.5243885600373892
0.5133466959589452 0.41728533337230367 0.00037722010002105844 0.06899075056873005
0.17639844529609117 0.08429141481059677 0.46909804914556263 0.27021209074774943
0.3904714157563549 0.38225915516178954 0.10401524020076336 0.12325418888109219
0.24449455296463685 0.13947065765500566 0.3769651084446102 0.23906968093574732
0.02556284374280937 0.4643653161472131 0.18720683666416982 0.3228650034458077
0.018493533781462457 0.10735935645195016 0.8271362260380979 0.047010883728489494
0.18278156995608863 0.20990607218161472 0.11262043176669179 0.49469192609560486
0.25852123457804344 0.4297864390386924 0.27960025952207423 0.03209206686118993
0.23983217172951055 0.5759826821817382 0.06329275848366156 0.12089238760508969
0.14991357415147433 0.5763316969302488 0.2353351816260607 0.038419547292216194
0.7013579052613861 0.12040204217853068 0.08255414433713026 0.09568590822295298
0.033241212510966345 0.20974727153340178 0.07551724390377879 0.6814942720518531
0.02955615158896896 0.31995837758169376 0.093275340312021 0.5572101305173163
0.13303523309705856 0.5553507717737448 0.029190342628017896 0.28242365250117873
0.1428790859580089 0.35415550050077527 0.07186412769744732 0.4311012858437685
0.09182714134824799 0.031453884142146005 0.38838919109792847 0.48832978341167754
0.018313096565479747 0.6422148423044346 0.1267258343518164 0.21274622677826927
0.020994336609144182 0.30965006481562707 0.11120104082457027 0.5581545577506585
0.5702343956360915 0.03301408683188212 0.38618585872388 0.010565658808146416
0.0020787393648270536 0.47419639861442064 0.1888672973970199 0.3348575646237324
0.1509942210763543 0.4637578845623398 0.2275227731645424 0.15772512119676352
0.04336839497670175 0.036868210014847747 0.12060262743459249 0.799160767573858
0.41176365489482225 0.21170202855267362 0.11075107205622603 0.2657832444962781
0.6634770373363297 0.13832441189801592 0.03783617205683365 0.16036237870882075
0.5316454582498663 0.18357651100035965 0.1964507771752323 0.08832725357454174
0.5600050096949091 0.3700963811217375 0.059121005609321764 0.01077760357403168
0.008326990970391024 0.36910309314343603 0.09270910316749359 0.5298608127186794
0.4587575159023306 0.276439437858475 0.007602071372022068 0.2572009748671723
0.29928232456686543 0.21091940761117334 0.47608783526569454 0.013710432556266694
0.2399671616240534 0.0832908865658869 0.39968960455335745 0.27705234725670225
0.15536381571086877 0.3372937800430058 0.12126159339668952 0.3860808108494359
0.5025776205034094 0.3664146961234451 0.10117053237208651 0.029837151001058992
0.03521797874171129 0.2375890126380812 0.06075805482279284 0.6664349537974147
0.13007973831820263 0.16533605092486314 0.5814535410280036 0.12313066972893061
0.2423584864850019 0.6251910723018426 0.08173825262910395 0.050712188584051576
0.08428932879072859 0.5624582217103529 0.2732007069860495 0.08005174251286906
0.14482138328226202 0.36232759667670744 0.3434920380771267 0.14935898196390385
0.4862285166788449 0.09395424442617528 0.3195669155172406 0.1002503233777392
0.4455519558071023 0.3299446266852881 0.17265083870896225 0.05185257879864735
0.02817534323727744 0.4378224017097896 0.021664576239744937 0.512337678813188
0.15428374247106413 0.4524153686266925 0.358830173179182 0.034470715723061374
0.1988293425281238 0.030651406416786986 0.2214357807356645 0.5490834703194247
0.25501048659874104 0.024725506116589746 0.356072974220738 0.3641910330639312
0.05752842579777251 0.7582091520755768 0.016406566276700008 0.16785585584995066
0.4169464845799231 0.47307982428779416 0.06127856583356106 0.048695125298721664
0.5115600146861998 0.15731171407187183 0.17814835991007594 0.1529799113318524
0.37344657032825124 0.008221214273512967 0.09023686544539278 0.528095349952843
0.42316171536127223 0.1498127384853083 0.013109317457477565 0.4139162286959419
0.08442851133977325 0.04649270563810659 0.41914479974256347 0.4499339832795567
0.027728358212548487 0.19849185803708724 0.6188456206842662 0.15493416306609809
0.5606188577915185 0.03380285672326999 0.07171263157810814 0.3338656539071033
0.14245754909620467 0.02396588603439498 0.09682110265617627 0.7367554622132241
0.3774279850116151 0.19489326737680146 0.025133095280382878 0.40254565233120054
0.0601467360015393 0.256170905942267 0.3512040604408928 0.3324782976153009
0.6365541709605202 0.008334053164090305 0.05472310761837751 0.30038866825701194
0.2605038229411861 0.11123864100866387 0.1943995545185262 0.4338579815316238
0.01794723850335045 0.3876968979493398 0.38822103700019417 0.20613482654711557
0.5091864113541593 0.21263383719590856 0.03707837666535041 0.2411013747845817
0.5319880860573888 0.27239097787332234 0.13750985497436596 0.05811108109492291
0.2956553916267749 0.11458868533845923 0.16208895048042837 0.4276669725543375
0.3220904044915569 0.10026610610306841 0.34999979152881666 0.22764369787655803
0.4585078164417514 0.11591329983455012 0.3117330543800183 0.11384582934368015
0.004374952188093362 0.539029274768542 0.40918482200728534 0.047410951036079285
0.3967570436405615 0.3453114424434701 0.09994544805870165 0.1579860658572667
0.16835322310715428 0.376773026171648 0.10169853316512678 0.35317521755607095
0.16063346882923113 0.16495248845753885 0.14159934049548073 0.5328147022177493
0.15012986068343237 0.6831613677499374 0.07751556975294205 0.08919320181368817
0.48246834015581863 0.4696209688600965 0.042905545751610985 0.005005145232473862
0.18360452279033046 0.11496283483766678 0.2775929675742831 0.42383967479771967
0.45199994049529935 0.10863876038565456 0.2591306082161047 0.18023069090294142
0.042946563137421845 0.5550443396628593 0.24957017173878648 0.1524389254609324
0.2238993769635389 0.3317094726623745 0.28255132919956105 0.16183982117452556
0.22404095570586635 0.008258472929952965 0.7391647338933827 0.02853583747079802
0.12712716834598148 0.0775795322410745 0.6197625144548358 0.17553078495810825
0.20939215041196935 0.22810446572323806 0.24767735482387354 0.31482602904091905
0.19245540225455027 0.358391554337146 0.017761924543303276 0.4313911188650005
0.1076818418185328 0.34989869716056266 0.35458970999916517 0.18782975102173938
0.3383551505567589 0.08189769330659813 0.486261543491012 0.09348561264563093
0.4715006651523487 0.07650171731407496 0.1280236271483678 0.3239739903852086
0.16082931387052002 0.0712779232628531 0.021224925181698162 0.7466678376849287
0.2001319221701513 0.02258080390744799 0.6457087511071775 0.1315785228152232
0.033799091155620964 0.15393342157083345 0.024876405531763734 0.7873910817417819
0.21228618592538562 0.24478043297489416 0.15026271220480025 0.39267066889491997
0.2577251114154141 0.22301967648531518 0.07282332561670712 0.4464318864825636
0.06543494789858217 0.06756345153095755 0.6009361232442111 0.2660654773262492
0.06687486390366182 0.7620817026568311 0.11787182267688368 0.053171610762623445
0.04005160232356353 0.10994754273776008 0.2668950608105698 0.5831057941281066
0.23718877964018525 0.07211406777674845 0.5972899987067604 0.09340715387630594
0.30804808855429644 0.081165904722036 0.25823064233693993 0.35255536438672763
0.0019146447428080027 0.015536740305146735 0.24477807665726403 0.7377705382947812
0.24013902856181768 0.17920201858934648 0.4570474531165748 0.12361149973226104
0.009696967179979255 0.14196786694234598 0.6298270934355461 0.21850807244212866
0.04296217976878225 0.3276520058651279 0.3208669746165608 0.3085188397495291
0.302112735997105 0.03140676377440865 0.4587612352166137 0.20771926501187266
0.1447258304087523 0.5841927421379305 0.1220599878950922 0.149021439558225
0.23096054005551125 0.21040956802872635 0.0766210072477177 0.4820088846680447
0.074916046057252 0.1318964929891907 0.5785969822505527 0.21459047870300463
0.3094587244020226 0.2712834563645168 0.2838432385766745 0.13541458065678613
0.1908241185050168 0.5579459212513368 0.12538525431937764 0.12584470592426877
0.12897239103294145 0.19591149671547647 0.5811395341291989 0.09397657812238314
0.3887915909599793 0.34962856915970086 0.09850888551628434 0.16307095436403551
0.10834471102479637 0.4056513550385714 0.17823478319711072 0.3077691507395215
0.2680554513954012 0.38172590290583697 0.32439761772149267 0.02582102797726915
0.18558262661630853 0.18034369052774102 0.06655726039349064 0.5675164224624598
0.06839782358011881 0.6984889405280202 0.17007772965683288 0.06303550623502807
0.3486697667567368 0.0740584078370653 0.32080205685944174 0.2564697685467562
0.30444963387617185 0.14757074944038273 0.06190054952789137 0.48607906715555405
0.18989939636924147 0.220258800076914 0.13888056932358517 0.45096123423025936
0.17382911565262327 0.007347922198528756 0.4220399797737332 0.3967829823751148
0.19995017206765775 0.06536176160325746 0.7277034787421779 0.0069845875869068985
0.12801024446964826 0.274221168036313 0.2356643567497605 0.3621042307442782
0.11087426265693989 0.058716295371805005 0.21339242289875215 0.617017019072503
0.12878834512256365 0.12612658525087317 0.018285194482490774 0.7267998751440724
0.3039568685369538 0.5650308158975361 0.002865147889076658 0.12814716767643342
0.06454128281682248 0.2171685268622625 0.6446463679288319 0.07364382239208311
0.10475351923158305 0.26061064728054417 0.29328308926638635 0.3413527442214864
0.41877014825885184 0.05567925398937035 0.4120005430504208 0.11355005470135704
0.37051025949221794 0.01495373644245368 0.22627968261947407 0.3882563214458543
0.08289553164049346 0.6395050545708831 0.11003966775037155 0.16755974603825186
0.08294206293340634 0.5730597281716474 0.2463783466764643 0.09761986221848196
0.08632049559219568 0.41254708780132954 0.27991932921205687 0.22121308739441792
0.3093349039623613 0.0714584221150596 0.11739260846459665 0.5018140654579825
0.035481848508331026 0.34484001978507695 0.6031830977127619 0.01649503399383012
0.1444708793714713 0.33621189919368233 0.3430593514703376 0.17625786996450876
0.23820244590634976 0.07096642582507462 0.3293545924543573 0.36147653581421835
0.14683643616997966 0.27323337105380563 0.2151109529329417 0.364819239843273
0.27705284022146015 0.04008977780059564 0.208894934767051 0.4739624472108932
0.08508218797103373 0.4173441828374831 0.20080983149135256 0.2967637977001306
0.5606150188813838 0.3050185098085251 0.046099416724908915 0.08826705458518225
0.5445901552747265 0.13076720123172203 0.02143212965261565 0.3032105138409358
0.585727301972567 0.20042663185957876 0.0736087381915026 0.1402373279763517
0.2809941359138498 0.25021845877672844 0.25883336846954075 0.209954036839881
0.038353615739844304 0.038354884309869 0.8817278277214144 0.04156367222887225
0.438281481994657 0.12785528585719164 0.11210374846107951 0.32175948368707186
0.03807056173814838 0.05391996948419642 0.8095255841845403 0.09848388459311486
0.13521017486532239 0.02584163023721453 0.514416191497918 0.32453200339954513
0.09558400004424317 0.012680264996975277 0.8557904063981397 0.03594532856064181
0.23082040545062243 0.09822078142342372 0.3838656974029453 0.28709311572300855
0.03009144014969145 0.072863212723287 0.26058130581344285 0.6364640413135787
0.4500939497368588 0.24817283204949725 0.2507711888983566 0.05096202931528737
0.016778523779504284 0.3301869806854143 0.6512415080754409 0.001792987459640516
0.5508315659473313 0.021495965455930133 0.14462646998225692 0.28304599861448165
0.09631575574314655 0.26455321843681745 0.06827643196623012 0.5708545938538059
0.1486524770798543 0.6585124942464936 0.060468475956778955 0.13236655271687314
0.06745044196355321 0.8336549349969927 0.06472787308972816 0.034166749949725905
0.33268813798716546 0.12659584030262416 0.2684510401659781 0.2722649815442323
0.4671528683512941 0.05425983719172578 0.2155237549802833 0.2630635394766968
0.2811506344133752 0.32666358949742136 0.24639674690308278 0.1457890291861207
0.03638775911168968 0.22655671426852186 0.6780575564956743 0.05899797012411412
0.04323890725983415 0.15225505809107476 0.6142128847454741 0.190293149903617
0.12409250482322953 0.48515277206556906 0.1361576482220519 0.2545970748891495
0.12895151726228316 0.5114126320649445 0.0322922063676091 0.3273436443051633
0.23000526129646193 0.5886733870693932 0.032959664259765487 0.14836168737437938
