46 40 4 104.39014118435291 208.78028236870585
8.054491157251757 6.713503354474572 3.24138782364174 7.822682781848359 3.8176924206851184 9.435136217395577 1.3857890351703752 4.96780483086824 9.21450060941678 5.095035270341009 5.571409066334125 1.7641715931523012 4.837148119589839 7.711452637244848 8.803732560497112 3.9129924421060354 1.9366695758195944 8.218972421681023 4.55348754262106 6.649912794107707 1.3238968923973065 3.699170650193819 1.428878976436299 4.3498997002551265 3.361736767853774 9.914735857714174 4.556308132927543 3.7678533633915965 2.9899102271293403 5.446225224877486 1.5208767066064712 3.6073003665506955 3.114553515627498 9.67087373458266 6.5410648576974975 8.763255723718377 1.8107673058003875 2.3409001142191457 7.053174673167546 9.810927323311905
1.6108982314503515 1.3427006708949143 0.6482775647283481 1.5645365563696718 0.7635384841370236 1.8870272434791153 0.27715780703407505 0.993560966173648 1.8429001218833558 1.019007054068202 1.114281813266825 0.3528343186304602 0.9674296239179678 1.5422905274489698 1.7607465120994223 0.782598488421207 0.3873339151639189 1.6437944843362047 0.9106975085242119 1.3299825588215415 0.2647793784794613 0.7398341300387637 0.2857757952872598 0.8699799400510253 0.6723473535707548 1.9829471715428348 0.9112616265855087 0.7535706726783193 0.5979820454258681 1.0892450449754971 0.30417534132129426 0.7214600733101391 0.6229107031254996 1.934174746916532 1.3082129715394994 1.7526511447436754 0.3621534611600775 0.46818002284382915 1.4106349346335092 1.9621854646623809
0.02322350511829474 0.03482781109795807 0.006551561873572864 0.9353971219101743
0.006246276335343692 0.10031057475496097 0.06305091337609625 0.8303922355335991
0.1387109240131209 0.2908902395894031 0.40625056546051974 0.16414827093695628
0.14760990474687974 0.0007129903965098494 0.36566332173152694 0.4860137831250835
0.01896837827374731 0.38836051467425003 0.5392952359096718 0.05337587114233089
0.23274440122166595 0.3459102812308654 0.13536071421566964 0.285984603331799
0.36725157675142106 0.2092613778355622 0.07555840692143345 0.3479286384915833
0.33225550703369766 0.29203607500772955 0.1864217711047832 0.1892866468537896
0.21239563995083865 0.4428652224595435 0.24888116561758444 0.09585797197203338
0.09147953804540188 0.5675890482756883 0.06596638532876964 0.27496502835014014
0.07877940377718029 0.04416066769618898 0.6005590977906566 0.2765008307359741
0.007611268721885667 0.31128119375859786 0.11118563537911907 0.5699219021403974
0.08351630936716758 0.15633557433049894 0.42478165058029604 0.33536646572203743
0.3518313298117569 0.495973870246158 0.09489916534706622 0.05729563459501885
0.11221857325441476 0.7353331306987 0.13118783650222487 0.02126045954466038
0.07102711783699556 0.007894314147260828 0.9190935229353489 0.001985045080394765
0.24061744996676848 0.06102951912345589 0.015347023919835223 0.6830060069899404
0.0768888949011789 0.03935925718717914 0.882351030384813 0.001400817526828968
0.06486304518465935 0.03916533552545809 0.37734522740683485 0.5186263918830477
0.07988421612929109 0.23700563908259642 0.6825351606567355 0.000574984131377021
0.45279041716946167 0.0649341808313274 0.21631931696036355 0.2659560850388474
0.36842846145284847 0.21755896214234782 0.25269574984102583 0.16131682656377788
0.06730433569380889 0.722123381349891 0.13897718386789482 0.07159509908840533
0.03341544123265339 0.41253565107893597 0.17196133890328447 0.3820875687851262
0.08402281180524918 0.1253710622407671 0.516225033006668 0.2743810929473157
0.344180714481948 0.4188844762236803 0.11359734897583418 0.12333746031853754
0.11019231627314208 0.4962880729031438 0.16139515689315675 0.23212445393055736
0.03319178729333094 0.27047210891342854 0.45474911366313253 0.24158699013010798
0.2677711113364959 0.15840961495644823 0.12514426027533743 0.44867501343171845
0.028947758166749216 0.11804533778302106 0.4442806469408026 0.4087262571094271
0.47613308715761127 0.1903479571949761 0.06072026752224258 0.27279868812517005
0.09386003761061068 0.11678590214646045 0.26022015913731866 0.5291339011056102
0.5309262980110999 0.31353732518511646 0.09849582724408923 0.0570405495596944
0.44818742262419387 0.34583329065346613 0.06170232702625267 0.14427695969608734
0.4364042963240776 0.15972219572829205 0.10107923386947126 0.30279427407815906
0.011250256218795052 0.0639234237406836 0.31155603443076385 0.6132702856097575
0.33133334558118 0.015160525929792557 0.5494520406658594 0.10405408782316805
0.43869853238457357 0.0158327150366524 0.27148614009417105 0.273982612484603
0.05509679280191271 0.2792139446934737 0.19628822912274368 0.4694010333818699
0.7479696821726904 0.0020436079681024344 0.17230862464395558 0.07767808521525155
0.2557334238083524 0.49993201047357605 0.15205025689384022 0.09228430882423133
0.19512729674487106 0.3256623036439894 0.26981549605273947 0.20939490355840007
0.005874720050239368 0.1012704750982587 0.11182768222684814 0.7810271226246538
0.4248002562289217 0.2735435863109309 0.17244069366680703 0.12921546379334037
0.3458034276780333 0.14852249846914767 0.3346005046576772 0.17107356919514183
0.448385693659916 0.03818607764226423 0.1854247177029663 0.3280035109948535
0.09095060145023293 0.22014661027371563 0.2610739749091585 0.42782881336689293
0.13721504476428503 0.32936833576520275 0.09108424656118863 0.4423323729093236
0.051039348775481996 0.12674443054304085 0.050985843349811044 0.7712303773316661
0.3105054142136142 0.2051806478579392 0.18616956541133023 0.29814437251711634
0.023190708043028252 0.4256468745381897 0.2659985503102391 0.2851638671085429
0.41912217965388754 0.06730408400446408 0.30116030970765884 0.21241342663398954
0.013131545706038361 0.1938162208038703 0.1293742624369728 0.6636779710531185
0.12609178774593377 0.4690022630182833 0.18862753300478063 0.2162784162310023
0.14379433113310647 0.03153160341621408 0.39820222678213557 0.4264718386685439
0.0012575591068988423 0.0014405445662225569 0.3360976029820004 0.6612042933448782
0.15128702188305243 0.37598536589596243 0.18259026396035827 0.29013734826062687
0.2844911540696632 0.5366900278955173 0.05558028281701055 0.12323853521780892
0.12919469623477742 0.538884790781371 0.036784460794261786 0.2951360521895898
0.4745274210954963 0.05170057413101592 0.3636356187991143 0.11013638597437347
0.5492228325803065 0.10225429641682882 0.03392239843598199 0.3146004725668827
0.022771316890988325 0.7831309742338686 0.018709964577200755 0.17538774429794235
0.24839923845655765 0.5102037627351733 0.1630990798988905 0.07829791890937854
0.303188922890548 0.30924532458569975 0.16072930594622648 0.22683644657752577
0.15812481975102632 0.3636294033337667 0.10223719733764913 0.37600857957755784
0.0072593480434094415 0.3052329821157468 0.2486672189797009 0.4388404508611429
0.25740275401966417 0.3220153438827468 0.2422617661360581 0.17832013596153096
0.6090419938514797 0.05480444317949884 0.2518366204241387 0.08431694254488276
0.12658080305106545 0.2940085232476449 0.4162764123317213 0.16313426136956832
0.6021011240974681 0.18089386366722193 0.04178479063323348 0.1752202216020765
0.15582828009202188 0.24007241196766582 0.32123046521565835 0.28286884272465396
0.06208813734660901 0.6340069982461456 0.19235470043391767 0.11155016397332773
0.5324696115317048 0.043970645615743265 0.15827965302233116 0.2652800898302208
0.05714401155769011 0.7113741925366963 0.17932436983688516 0.05215742606872842
0.16395338819827643 0.2970233694829755 0.2687057846017745 0.2703174577169736
0.5772339539772862 0.1407871446637714 0.21690528945334386 0.06507361190559857
0.2216358080891323 0.2759497242294845 0.08883024342138446 0.41358422425999875
0.051943493915049155 0.05494481460747003 0.583968464721832 0.30914322675564887
0.2305582819074259 0.3113436858280816 0.30272406724189715 0.15537396502259537
0.04027685278766635 0.04619558055647366 0.04960673122027992 0.8639208354355801
