14 40 4 111.20276864574177 222.4055372914835
5.6254900939542125 7.958485468713671 8.833849171523314 1.0724225367683613 3.787623329546837 9.618433654293018 5.6180504104109845 3.8645598238488876 5.852799436830833 2.991294481849839 8.25833222131843 4.080291630532159 5.849999641604302 1.0528640699595249 7.058372303624728 2.8902183596086433 9.393018335908407 4.368202745333429 7.771770298773518 7.8682510166096975 8.83449509744575 1.991000604309415 3.7008278235440546 5.274151893554217 7.056430472499272 3.3183318962855597 7.310361877520387 6.913000534368361 2.638069819407048 3.898566935461907 8.987837112287455 1.7501424494478108 7.7190770812636735 1.5611504408512875 7.5833301391545564 7.682602194941895 4.671242321064952 9.92244699008633 5.069235688825526 2.7089068881512937
1.1250980187908426 1.5916970937427342 1.7667698343046627 0.21448450735367225 0.7575246659093674 1.9236867308586034 1.1236100820821968 0.7729119647697775 1.1705598873661667 0.5982588963699678 1.651666444263686 0.8160583261064318 1.1699999283208604 0.21057281399190497 1.4116744607249456 0.5780436719217287 1.8786036671816813 0.8736405490666858 1.5543540597547036 1.5736502033219395 1.7668990194891498 0.398200120861883 0.7401655647088109 1.0548303787108435 1.4112860944998544 0.6636663792571119 1.4620723755040774 1.3826001068736722 0.5276139638814097 0.7797133870923814 1.797567422457491 0.35002848988956214 1.5438154162527347 0.3122300881702575 1.5166660278309112 1.5365204389883789 0.9342484642129903 1.984489398017266 1.0138471377651053 0.5417813776302587
0.31591900435196574 0.03570746774741684 0.005808891152383033 0.6425646367482344
0.17540264266554373 0.1125022139517704 0.44736325436665914 0.26473188901602673
0.11005315861088283 0.02242445433967888 0.8632103315929677 0.00431205545647062
0.1501726341960331 0.3059491810273296 0.16482172609893675 0.37905645867770055
0.12034724351170079 0.3298313133023246 0.28348352402420907 0.2663379191617655
0.27878582976294164 0.22930230869764678 0.13051978976690748 0.3613920717725041
0.0830692156172197 0.14544834704754916 0.18906008575816147 0.5824223515770697
0.09261083478602605 0.6378694060674327 0.23404903736654836 0.035470721779992886
0.43421796147948344 0.22810011230111293 0.2726888945202436 0.06499303169916004
0.43915701403233653 0.18953360476976722 0.02289544127067844 0.3484139399272178
0.0826652146717024 0.15428675239131273 0.05254433672885983 0.710503696208125
0.007062522868663268 0.15607252743247924 0.6906798437045544 0.14618510599430312
0.26761772236847525 0.034527189439703676 0.4381705560614817 0.2596845321303394
0.07624613540160274 0.8120722501800157 0.016922493412027784 0.09475912100635375
0.13308405138174717 0.07142694709703112 0.2076879232823512 0.5878010782388705
0.1301536970709083 0.24965447908616212 0.5660297955816685 0.05416202826126104
0.15242661730936846 0.27614220718579785 0.19210038070402569 0.379330794800808
0.19569040002525562 0.20590380874515146 0.2024952867341666 0.3959105044954263
0.21708887349205896 0.2780590343352213 0.24065752929916084 0.2641945628735589
0.44090703676897136 0.5177779324748117 0.02336538831432511 0.01794964244189179
0.4939436141326402 0.16702055790250625 0.1435728030734571 0.19546302489139644
0.5205341493580471 0.050939304153199694 0.03602070470112917 0.39250584178762404
0.2655824352378039 0.37369270231320695 0.1333662315819184 0.22735863086707075
0.4430711279584959 0.12424725187591557 0.38608354551670077 0.046598074648887766
0.2253937767754437 0.20880388405168848 0.03988836621513081 0.525913972957737
0.1468667460901354 0.2651096952363191 0.15955973993788652 0.428463818735659
0.037295544350340215 0.3586204513377388 0.4041176433231972 0.19996636098872378
0.014509495003620976 0.20777074025474584 0.46043506785328403 0.31728469688834915
0.5643102418817786 0.13008385872413952 0.18545425750786948 0.12015164188621241
0.32604150479871685 0.4770241739777532 0.014690944405085338 0.1822433768184446
0.09570661511230627 0.1977703736066846 0.645008273921818 0.06151473735919111
0.3976741866578708 0.378960100910809 0.05319519714558596 0.17017051528573424
0.23427277168929428 0.23511312129941364 0.502663173972232 0.027950933039060044
0.025156964345572574 0.4849281745834615 0.12200140519825664 0.3679134558727093
0.2465362703154238 0.18276589588823366 0.015107807975553444 0.5555900258207891
0.6502391544119632 0.02014835024130912 0.020019145184606235 0.3095933501621214
0.49502464845912997 0.17433980770190005 0.1712608483118141 0.15937469552715589
0.2554829000386051 0.6891654883698766 0.014544696866102602 0.040806914725415755
0.3349864394754333 0.1579560400903135 0.007686222740658777 0.49937129769359445
0.34743942932323046 0.020465379839904818 0.16254167942434972 0.469553511412515
0.05161855399507598 0.6631931124301839 0.28399294513972106 0.0011953884350190958
0.21242137590306676 0.24937449551273916 0.48188307932955377 0.05632104925464032
0.2086811922474796 0.0379646396698331 0.2556744063476928 0.4976797617349945
0.5382745459850139 0.08279568070379995 0.11342000225706794 0.2655097710541182
0.07357155006150706 0.07945397195988924 0.27604682518531254 0.5709276527932912
0.1652937745810068 0.048731929758515036 0.36522544824199243 0.4207488474184857
0.03572971978146555 0.43108446081783325 0.10345872745194507 0.42972709194875613
0.07465994655778141 0.42796997705284023 0.021319430748717005 0.47605064564066135
0.35413027207608405 0.19388613462838322 0.4470338962524676 0.004949697043065138
0.09799092114564267 0.677524955386989 0.1931001318187211 0.03138399164864725
0.16399808241071 0.22872566460940646 0.4308270534403672 0.17644919953951632
0.27796369277115407 0.4707919048858792 0.1769468347896367 0.07429756755333006
0.389271280785603 0.08485908063384617 0.17650686136284133 0.3493627772177095
0.20627827017716915 0.20642682476803453 0.31813707169722727 0.26915783335756904
0.34693136737190944 0.40835314085633356 0.09953661058841279 0.1451788811833442
0.27219737646072817 0.20215815022118377 0.002522477326461936 0.5231219959916261
0.5521470351732273 0.29687955491482554 0.10906036145145859 0.0419130484604886
0.0796724169393287 0.1991439576462557 0.23777291940266465 0.48341070601175096
0.2055806154418085 0.08787568758161224 0.1806156824851728 0.5259280144914065
0.40996198940723616 0.04296171112141789 0.4431828591971796 0.10389344027416636
0.25539501241507867 0.2190802900885691 0.4595060358501083 0.06601866164624393
0.06326907301116036 0.028210172473341566 0.5061731610015257 0.4023475935139724
0.3109784917360907 0.2141335364193221 0.01525486393493769 0.4596331079096495
0.37684684568187754 0.03602832461784733 0.18380384529464322 0.4033209844056319
0.4543218475802414 0.3062357656605609 0.23494192528828906 0.0045004614709086566
0.21742302808987402 0.03728184674807822 0.4333513068556596 0.3119438183063882
0.0684440013800035 0.00028425170014489964 0.13056602786532612 0.8007057190545255
0.09834928329363357 0.16630666824243945 0.12058756443182173 0.6147564840321053
0.09187012885513157 0.329847846553042 0.026317954948401723 0.5519640696434247
0.10044930100646587 0.014491943485321124 0.22162207525876465 0.6634366802494484
0.09860670523694193 0.0315777351395764 0.5668270539507394 0.30298850567274227
0.39732124641348965 0.03111267188107858 0.1396249905955521 0.43194109110987966
0.08651005505353382 0.23234062182718795 0.1335645069936826 0.5475848161255956
0.14254450954075593 0.050100916813314744 0.3196159780655615 0.4877385955803678
0.6527038227583593 0.019108354814123985 0.29417623030841433 0.03401159211910243
0.18293421078774463 0.6297631389606783 0.13634983371177645 0.05095281653980066
0.46036160469005283 0.004281720610000206 0.4564661664959132 0.07889050820403376
0.6148008677161223 0.3451428416595925 0.02771117009155888 0.012345120532726295
0.07031813354991545 0.3897540346732141 0.019682164220291787 0.5202456675565786
0.20920896966062041 0.07676882529063866 0.5458610811738605 0.16816112387488047
