90 10 4 25.338979122849327 50.67795824569866
2.377487788895322 2.4191709490846653 9.869420027648374 9.140479577247643 2.674704364003369 3.4093856297184555 4.006460417395412 6.801326838392721 3.262665166821157 6.716857486491543
0.4754975577790644 0.48383418981693305 1.973884005529675 1.8280959154495284 0.5349408728006738 0.6818771259436911 0.8012920834790824 1.3602653676785441 0.6525330333642314 1.3433714972983086
0.1943501900314466 0.17342193594538136 0.21202565286450137 0.4202022211586707
0.6423039893058942 0.0452558875336998 0.13807092482843175 0.17436919833197428
0.0801038968579525 0.514147880625972 0.21722223705502308 0.18852598546105237
0.5992306394787505 0.09065071611603404 0.29633589462776144 0.013782749777453973
0.28397939083661716 0.26375717782143715 0.2909880068835434 0.16127542445840226
0.6351718208092202 0.14607288823993125 0.0318909930334752 0.18686429791737336
0.44141912537248595 0.3121372800727965 0.006139615804755527 0.240303978749962
0.5810739577634153 0.10893487504732946 0.2273529090188 0.08263825817045523
0.03762491609951424 0.0049209963086236375 0.5937895935274372 0.3636644940644249
0.14505798112421608 0.518805718780754 0.15530691594938761 0.1808293841456423
0.2581672923474456 0.2943531042026075 0.06629082629290084 0.381188777157046
0.38500431059946516 0.11844589227489333 0.2560987069351667 0.24045109019047484
0.05082903820888296 0.7566608034832847 0.16077254143186126 0.0317376168759711
0.623238408718428 0.05835427440416685 0.13820522571895744 0.18020209115844776
0.4600107025815916 0.02434961442684258 0.4721369349423231 0.0435027480492427
0.30422153475609315 0.112495152725131 0.1901013630841336 0.39318194943464224
0.39990362248395817 0.1957659924511156 0.00671457462558267 0.3976158104393436
0.9024555020090189 0.02997507123443155 0.026548447549924137 0.041020979206625396
0.08796747714396325 0.3744302958038017 0.5056857852040983 0.03191644184813669
0.1271585914779081 0.37257996840214935 0.39382092330248586 0.1064405168174567
