55 30 4 86.35908586074271 172.71817172148542
1.837974580046722 9.744903279908087 5.354739824172815 3.182704313482577 5.780114468265278 3.569898119183189 8.763673393464757 1.3699013811478633 1.9751296055564835 7.904440408858273 1.4628583799549586 7.981448847795405 1.0822504835522104 6.564809021111506 8.368383994646123 9.087271506833652 9.870504235796544 5.470704301930826 4.170870331933543 8.803764950248395 4.57193571151395 6.79291497259029 1.1840798184903227 8.272760886904587 4.866519718172428 6.026918702527848 8.012001611353552 4.623014111965929 9.171954261197897 6.849726498879445
0.3675949160093444 1.9489806559816174 1.070947964834563 0.6365408626965154 1.1560228936530557 0.7139796238366378 1.7527346786929514 0.27398027622957266 0.3950259211112967 1.5808880817716546 0.2925716759909917 1.596289769559081 0.21645009671044207 1.3129618042223012 1.6736767989292247 1.8174543013667304 1.9741008471593087 1.094140860386165 0.8341740663867085 1.760752990049679 0.91438714230279 1.3585829945180579 0.23681596369806454 1.6545521773809173 0.9733039436344855 1.2053837405055696 1.6024003222707104 0.9246028223931859 1.8343908522395793 1.369945299775889
0.35072744767573094 0.007831121853728917 0.36871365762124364 0.2727277728492965
0.24115477122524742 0.5356605792503821 0.14224664170565304 0.0809380078187174
0.07176942249936435 0.7733501399537445 0.07667079530511822 0.07820964224177296
0.38555460233648275 0.2298295313338854 0.0210539554134187 0.36356191091621315
0.20032974767763323 0.002445313623847256 0.4699279677971737 0.3272969709013458
0.1879256581799844 0.18453751566514542 0.4586361118836243 0.16890071427124587
0.037268988528439406 0.035060384297658564 0.8464519384572411 0.08121868871666094
0.39822308321425015 0.3250773771659805 0.09216464431008631 0.18453489530968303
0.06317712391037955 0.21755120648419557 0.5459483870503852 0.1733232825550397
0.22529304783092508 0.30859260932086574 0.23155951644319128 0.2345548264050179
0.2900678995765267 0.028826384275180805 0.27596510780100236 0.40514060834729015
0.182136278225144 0.09976803853810534 0.18294706506054725 0.5351486181762034
0.06818329769779552 0.21879692739780754 0.2040188239985058 0.5090009509058911
0.4166660032319013 0.11087488187219463 0.4245031817287056 0.04795593316719848
0.23588382145652176 0.05575001541304114 0.461807836163009 0.24655832696742808
0.5044026181420679 0.005803742867124706 0.24119147654688722 0.2486021624439202
0.06024035016238238 0.007790235402086676 0.008434933107584475 0.9235344813279465
0.37392677219266934 0.23611828820331382 0.17940103011875808 0.21055390948525876
0.05563907218321207 0.057923158610566294 0.38928601019557285 0.4971517590106488
0.20842054989960157 0.3375082461621919 0.20031016135040314 0.2537610425878034
0.19504827891702747 0.6555395494087396 0.052420453816927615 0.09699171785730532
0.07158327666761988 0.26896263206648674 0.12228750945079525 0.5371665818150981
0.39739801753058 0.10285573011599469 0.13992177427202113 0.35982447808140416
0.22235586014230335 0.011658790198740165 0.7088969664825742 0.05708838317638232
0.021051955581701032 0.3027598135862142 0.3579334346907428 0.318254796141342
0.6880361869590749 0.024235354492641692 0.08746742050288947 0.20026103804539397
0.02663335474375106 0.1819175879989925 0.36775702214772565 0.4236920351095308
0.05760399639364833 0.6345848392351634 0.2578398902388619 0.04997127413232638
0.6753595415886641 0.0024772968141146823 0.3043833179783102 0.01777984361891105
0.16173139325286623 0.5337446805476826 0.2967195676596014 0.007804358539849732
0.01965992029992103 0.28356553104889315 0.47633558863597214 0.22043896001521368
0.25339692992403196 0.17636894704663086 0.48015727030949806 0.09007685271983912
0.32208111033207776 0.31361183877938925 0.07200672960863652 0.29230032127989647
0.2674200692881554 0.07753768999878652 0.46335664241797647 0.19168559829508158
0.26023188088012206 0.5109016906708241 0.07723221386624513 0.15163421458280868
0.2031817842559851 0.12052367705450007 0.21555160369309434 0.4607429349964205
0.1932205721087661 0.08092790993391374 0.33944919195234424 0.3864023260049759
0.030439036469284364 0.6866033977305201 0.21702054590657804 0.06593701989361744
0.16709761140497825 0.31092808280697337 0.1161185744741976 0.4058557313138508
0.3537492865140427 0.22941008111789907 0.16298249134076015 0.2538581410272981
0.6251397492551437 0.29839256893063815 0.05560651027684993 0.020861171537368217
0.283914952465565 0.292540560833051 0.2839307076696215 0.13961377903176253
0.5487721469214998 0.2062437030563129 0.17241030455262785 0.07257384546955947
0.4376373838111266 0.054670239760173156 0.11735546653201434 0.3903369098966859
0.2913196463902131 0.4330968459124437 0.2561660699585204 0.019417437738822763
0.040235095465624315 0.33567820464605 0.34426580873391066 0.279820891154415
0.6590971273212639 0.04042021364578996 0.16084971018561767 0.13963294884732846
0.2044739633376852 0.2770526639116869 0.5001245578095211 0.01834881494110674
0.05624317847130522 0.18743833860938175 0.15476441873847846 0.6015540641808346
0.0026966501281202593 0.04440023115956204 0.5263042311395119 0.42659888757280584
0.09655152398622713 0.09428184548168872 0.415772862563094 0.39339376796899017
0.2263620607395752 0.35278035499915594 0.11532082364609686 0.305536760615172
0.0828631164166248 0.41780996268202286 0.027471711625430828 0.4718552092759215
0.4867896078873918 0.3469547624887991 0.0768796682360704 0.08937596138773873
0.21696011777272006 0.04329898984050018 0.5460934655240454 0.1936474268627344
0.04122758572640761 0.21071456845672243 0.7229864761418777 0.02507136967499224
0.10019514910470007 0.10783918479155052 0.1188657581309831 0.6730999079727663
0.17601498528439696 0.14795357715597035 0.2983795782122767 0.377651859347356
0.12935125988426277 0.4889704242542703 0.08854176555550652 0.2931365503059604
0.23043792051102563 0.027552228954560443 0.24172972751339228 0.5002801230210216
