44 90 4 248.35104523179666 496.7020904635933
8.513579337990844 1.9431649393288277 7.70176433511566 4.244507526306571 4.233797540272647 6.483145425563365 4.544015959794262 4.681653488748088 5.5891216863064574 7.391331939943661 9.644736026851007 5.109589980450435 4.848863689554481 2.0211733100797336 2.961089824118717 9.617248621611257 9.490156483639556 8.93641853040848 6.817695061630541 2.924423309175477 6.731488124261553 2.2523162678641313 5.128336632748263 8.864768666406864 3.3260527528036627 6.983659879862785 8.764069024332635 2.3396325673979703 6.066549623430759 2.432397374318329 2.556054339240692 1.93620664891208 2.826438337001504 5.096703670505991 8.151174246053952 9.917404128827034 8.24515480522407 4.3967386514478015 5.641636830596555 1.5300902923486968 7.399861175827258 1.6525703205787252 8.943504237368918 7.534520367099027 8.500295911975803 7.392076154466556 7.2768692638377255 9.370925230673553 8.935054739715547 1.8547478496681227 5.108467755136622 5.434511426709797 1.9807615354224894 2.383610147755747 9.858556299758602 3.4440413834075376 9.074366979619343 2.4781118097167627 2.191224652646774 3.856180624023874 3.766803029430602 4.798496680789606 3.9789675172068963 6.112678356291222 1.857561954050336 8.181797363660696 3.4179073343013533 9.202734216301257 9.115695816992721 1.1427202031613746 8.683140213840337 7.080455563030496 1.3391226309610733 3.7805304954036094 6.07824542810955 6.346698665075132 7.127320670144403 6.691886425019562 9.448322405878606 7.634076334668828 7.703699590582862 1.9799703576139676 5.442717453397474 8.800759324649574 1.1642959691465662 2.6461334866650956 2.0141189027671405 8.679678932906368 1.436087339220026 5.49486005644244
1.7027158675981688 0.38863298786576556 1.5403528670231321 0.8489015052613142 0.8467595080545294 1.2966290851126732 0.9088031919588524 0.9363306977496176 1.1178243372612915 1.4782663879887321 1.9289472053702013 1.021917996090087 0.9697727379108961 0.4042346620159467 0.5922179648237434 1.9234497243222513 1.8980312967279112 1.787283706081696 1.3635390123261082 0.5848846618350955 1.3462976248523106 0.45046325357282624 1.0256673265496525 1.7729537332813727 0.6652105505607325 1.396731975972557 1.752813804866527 0.4679265134795941 1.2133099246861518 0.48647947486366583 0.5112108678481384 0.387241329782416 0.5652876674003008 1.0193407341011982 1.6302348492107903 1.9834808257654069 1.649030961044814 0.8793477302895603 1.128327366119311 0.30601805846973934 1.4799722351654516 0.330514064115745 1.7887008474737836 1.5069040734198054 1.7000591823951605 1.4784152308933112 1.455373852767545 1.8741850461347105 1.7870109479431093 0.37094956993362455 1.0216935510273244 1.0869022853419594 0.3961523070844979 0.47672202955114945 1.9717112599517204 0.6888082766815076 1.8148733959238688 0.4956223619433525 0.4382449305293548 0.7712361248047748 0.7533606058861204 0.9596993361579212 0.7957935034413792 1.2225356712582445 0.3715123908100672 1.636359472732139 0.6835814668602707 1.8405468432602514 1.8231391633985443 0.2285440406322749 1.7366280427680674 1.416091112606099 0.26782452619221464 0.7561060990807219 1.21564908562191 1.2693397330150265 1.4254641340288807 1.3383772850039124 1.8896644811757213 1.5268152669337656 1.5407399181165724 0.39599407152279353 1.0885434906794949 1.7601518649299148 0.23285919382931325 0.5292266973330191 0.4028237805534281 1.7359357865812737 0.2872174678440052 1.098972011288488
0.29920591582202416 0.04827300106705834 0.1556109521027822 0.4969101310081353
0.05755525959752117 0.04135739081334766 0.5441315005894413 0.3569558489996899
0.002541242720362824 0.6867127862238018 0.009873615720007778 0.30087235533582757
0.13208267917346472 0.18094254404053478 0.00604973318034463 0.6809250436056559
0.0003637751704699266 0.5094429461015019 0.28248845662446553 0.20770482210356267
0.25878023347396073 0.17123878607563803 0.41165622281680725 0.158324757633594
0.5134577603567443 0.10268599765852393 0.3645319076080049 0.01932433437672687
0.26815606288495886 0.1367599263574657 0.39847797904239435 0.1966060317151811
0.3632100552160633 0.09749484620424309 0.3894847486400813 0.1498103499396123
0.3380236483338096 0.14739760437600957 0.5011006955945956 0.013478051695585247
0.17336596120429493 0.5446808106679514 0.0708634777135404 0.2110897504142133
0.3121379551365323 0.14754148807608458 0.1198760543359384 0.4204445024514447
0.12889973998601045 0.42052159261916067 0.0026397344231288145 0.44793893297170007
0.17111105661548986 0.23445921970102812 0.3007348854730332 0.29369483821044884
0.005883066355186983 0.7067218213135265 0.27009728340563466 0.017297828925651904
0.07897690039948257 0.673929020174122 0.009566083691255 0.23752799573514038
0.2085981135547098 0.08339674694553478 0.6897380351866617 0.01826710431309375
0.5109482700444504 0.06368566982670265 0.395160694633532 0.03020536549531494
0.12993429275883883 0.012821064209711741 0.03357448264177487 0.8236701603896746
0.1633316675766724 0.4542321460039711 0.058346827456285943 0.32408935896307056
0.26078603784056 0.09897612946307155 0.32110296593086574 0.31913486676550273
0.523549918088129 0.2852086216576373 0.10869117068686063 0.08255028956737309
0.4086080381228949 0.14637195042828122 0.3777838813344919 0.06723613011433194
0.12623228549869014 0.22521804770711695 0.1516773898778453 0.4968722769163476
0.3045706120868893 0.08554624758118223 0.05824819973019113 0.5516349406017373
0.34691334052889033 0.07519123694818708 0.18135624823292973 0.39653917428999286
0.6008496791868486 0.135571942256696 0.09934324821733542 0.16423513033911996
0.13885521665528622 0.4549643953217155 0.07139143922418334 0.33478894879881493
0.15381600729306977 0.5580528352896538 0.25923029029994094 0.028900867117335527
0.2725795336469634 0.014926936343831021 0.5555264265529852 0.15696710345622034
0.3843829632047099 0.2862818973809259 0.18112479361470557 0.14821034579965864
0.1545533337289503 0.33476654674715844 0.09188375630633083 0.4187963632175604
0.21774716929496862 0.16582087435278536 0.5021289452675962 0.1143030110846498
0.2833497829016478 0.36361505582144926 0.18163914620301969 0.17139601507388325
0.07760553833488038 0.05502229089465971 0.709471698574278 0.15790047219618186
0.48413908780828097 0.32962528864657015 0.14128734515745223 0.04494827838769666
0.12961711703499323 0.737203919010166 0.05049607499890074 0.08268288895594
0.06657028245059005 0.3094471300355913 0.037885418174153696 0.5860971693396649
0.3035869959263393 0.3007221042402758 0.2888527598940749 0.10683813993931002
0.1132882645424308 0.004611059319375332 0.5030675403194257 0.3790331358187682
0.007517058420938527 0.03735392046771924 0.12337391545228615 0.8317551056590561
0.2988862923951767 0.009071723730177284 0.10985041438468723 0.5821915694899588
0.014098171827430672 0.014936129241132856 0.8646919479989476 0.10627375093248892
0.24630126263185181 0.272798921990138 0.3500167852455499 0.13088303013246028
0.36595443495518243 0.3008814736074972 0.19092544167017655 0.14223864976714384
0.221276823376085 0.17302160228033858 0.5917135257959678 0.0139880485476086
0.3939995908325681 0.19376648411461428 0.3272475145192423 0.08498641053357536
0.5293598317705914 0.13630952906804183 0.0808653634902472 0.25346527567111954
0.7146435479500404 0.03378558590600378 0.12289928209317547 0.12867158405078039
0.2155443643970436 0.11156142747423048 0.20929739624231725 0.46359681188640867
0.17561515684431694 0.7183885287123525 0.07554073853026766 0.030455575913062916
0.02812785731896872 0.07975436879291797 0.12279066075763079 0.7693271131304825
0.03244108245772814 0.10598106258399087 0.5003254994401014 0.3612523555181796
0.032713285977953754 0.2865217794306675 0.6334717726408746 0.04729316195050415
0.049114510112086784 0.07479364933349064 0.19974463660504915 0.6763472039493734
0.29684294860996696 0.43967565535488096 0.14323457982863208 0.12024681620652
0.6427558817775263 0.019090200989253292 0.30799297510211276 0.03016094213110765
0.6282022746511503 9.149556539245207e-05 0.15115510491370066 0.2205511248697566
0.06253269858391963 0.3350459344319965 0.4946533196216727 0.10776804736241119
0.08837079653411473 0.8362017858801027 0.04347786114609353 0.031949556439689
0.09601508650533352 0.3958611601703109 0.23164326382492195 0.2764804894994336
0.16118831456613614 0.403112253575697 0.24806074103251674 0.1876386908256501
0.08231824693741185 0.36411366638533404 0.19316133289519466 0.36040675378205944
0.2853423916933928 0.16242772008963136 0.4085220674796306 0.14370782073734523
0.2808478477568629 0.011310986692972036 0.3484087443349022 0.35943242121526287
0.12531946923055282 0.2984629654715243 0.2680150062525457 0.3082025590453772
0.08547895585329013 0.17624523221598576 0.5126297218985044 0.2256460900322197
0.011685752017095541 0.6646926593150608 0.3203222975920399 0.003299291075803734
0.32581852606323647 0.13103049599809868 0.15838431953169974 0.3847666584069651
0.14256142571503527 0.7036924164444024 0.027840160293128302 0.12590599754743403
0.442596785024861 0.12074229307256057 0.16146213881669347 0.27519878308588497
0.08501051504439727 0.24581911911233334 0.47527720143982166 0.19389316440344773
0.16040529738404752 0.4851249032640098 0.06715383681091125 0.2873159625410314
0.27339807659967585 0.2140889335695162 0.2513363796637318 0.26117661016707616
0.0838843546065835 0.12615111058127126 0.24897757234424223 0.540986962467903
0.08191528658998548 0.45330917892771205 0.26661077400068955 0.1981647604816129
0.31065490609830837 0.30815266450841217 0.15881410125537998 0.22237832813789948
0.6954906734542574 0.11947325277384391 0.08922960475461517 0.09580646901728351
0.07705384975953211 0.6150732795263388 0.004276270399214965 0.3035966003149141
0.23703126525557605 0.13816660559376037 0.011580958459541435 0.6132211706911221
0.3557846014742737 0.4938177529628164 0.0849690871164408 0.06542855844646911
0.008209448583023526 0.4884371284518674 0.14505781906221282 0.3582956039028963
0.090227106742782 0.4678530245326541 0.1005196062172139 0.34140026250735
0.06731492872063782 0.12600085800399852 0.5354269342480197 0.271257279027344
0.20090391798437912 0.31964883446231096 0.05927570879067978 0.42017153876263014
0.12750660605647557 0.3549928571957902 0.3739783403877315 0.14352219636000274
0.4573495030044924 0.2968885560061417 0.19869009586508668 0.0470718451242792
0.1861467999175631 0.5265294623368236 0.030705279647672112 0.25661845809794115
0.5357297599677213 0.418017795918752 0.04501795131962116 0.0012344927939055284
0.34858632013516555 0.42883834832064904 0.1781764556587978 0.0443988758853876
0.551129483776576 0.2135976512792913 0.16669179685054258 0.0685810680935901
0.34477559320843465 0.25053120919209093 0.14588723018206107 0.25880596741741335
0.18216201205132265 0.0853921521624037 0.15138023246886811 0.5810656033174055
0.21219464549832456 0.15824524309607746 0.306859592196424 0.322700519209174
0.06413964755693335 0.7150053512925294 0.07828107123919437 0.14257392991134288
0.11692560546847719 0.22959875243892924 0.1376001871984126 0.515875454894181
0.3517299658252364 0.010802327237688591 0.043153584350999696 0.5943141225860753
0.5009179518847273 0.17590255250431974 0.05142915296886541 0.27175034264208753
0.3149405550065224 0.5628592822050065 0.05801702582986412 0.064183136958607
0.40459704657030116 0.0438718230334576 0.019106320657797937 0.5324248097384433
0.48460396027833175 0.08848844731761984 0.3194330955991386 0.10747449680490984
0.38953335235033526 0.22585233261798876 0.07999627020719746 0.3046180448244785
0.4871203044289981 0.10235933459959368 0.38951063348019566 0.02100972749121255
0.5275267441774609 0.010988260246323822 0.2206317686490411 0.24085322692717415
0.20269273565233248 0.3563617112284997 0.22770693117583884 0.213238621943329
0.028544667945797242 0.21529953600948004 0.5246811094435558 0.23147468660116688
0.05291761358361302 0.24932105623951117 0.20713594249521095 0.49062538768166486
0.07349188395647677 0.3339752599891276 0.23151753701694433 0.3610153190374513
0.28150944302944736 0.2049917641207103 0.36367424831896067 0.14982454453088168
0.022307575720608153 0.380106066117876 0.40593179983612104 0.1916545583253948
0.1870793544099606 0.1612739290121471 0.5303021035460674 0.12134461303182487
0.1801066059155938 0.44678923261874415 0.01467076207281548 0.3584333993928466
0.16566384371498255 0.3165586581390719 0.26038975478483006 0.2573877433611155
0.5395815814841766 0.17987274817189836 0.26740141243538584 0.013144257908539236
0.3084005100415098 0.41650033133353237 0.09146803301625572 0.1836311256087021
0.15064106774295083 0.013260672823372732 0.4210535054153657 0.41504475401831076
0.19775635944814052 0.1865985643304341 0.04272617578487359 0.5729189004365518
0.4058216311410574 0.3658389403293498 0.146090792745587 0.08224863578400576
0.4585549537938596 0.3337332714066763 0.1307348948510576 0.07697687994840652
0.3132388492078735 0.5278080218913157 0.11547045528466571 0.04348267361614511
0.2153139832753106 0.4733300437420809 0.30833523160055265 0.0030207413820558804
0.32418530037870896 0.30320795417487734 0.14820353419019527 0.22440321125621843
0.12370928649004942 0.06300120970774081 0.028686926110276012 0.7846025776919338
0.18909155870229133 0.31017950834247454 0.29095513150823715 0.20977380144699698
0.03729793597817843 0.5534423003805977 0.29839031958463635 0.1108694440565875
0.8809960318854125 0.03806070903523828 0.05351532807164372 0.027427931007705464
0.14654873841072602 0.39865634250232085 0.2925225726163474 0.16227234647060573
0.024388334449047866 0.45921311402208376 0.07810173388264607 0.4382968176462223
0.2239042388940815 0.3622626971078926 0.4058572838964938 0.007975780101532104
0.338477492863976 0.008471415323065945 0.42977639909666243 0.22327469271629563
0.2652322804566266 0.5467487821578807 0.07721644306892816 0.11080249431656453
0.32506878415962925 0.14866469061341414 0.22220479682829475 0.30406172839866186
0.42292696866542634 0.16526251028883088 0.3854611911213769 0.026349329924365894
0.4268781031084383 0.028845061635983993 0.10943979952387495 0.43483703573170274
0.3288367277608927 0.5636685158716218 0.07357943146807189 0.033915324899413624
0.2693446065722076 0.5289687458538508 0.0714493519381233 0.13023729563581832
0.03681354258433045 0.046485683597430105 0.21207216176599508 0.7046286120522444
0.08172677457251087 0.292101718172992 0.20415283324262556 0.42201867401187154
0.4411142008642174 0.2716245816501879 0.03483879540292789 0.25242242208266685
0.3582503653922805 0.18533255474638055 0.12642182986833728 0.32999524999300167
0.07484242620063308 0.5945350629604123 0.08587151405390314 0.24475099678505152
0.6122407911352711 0.21689805366347126 0.018769167761691796 0.15209198743956587
0.2734271812392398 0.22502630470325025 0.2788531619030937 0.2226933521544162
0.004046041316992599 0.6200031471635071 0.13244004991186364 0.24351076160763663
0.32127109772030404 0.13675929596946523 0.4916111344066877 0.050358471903543034
0.5981595636195836 0.1028171854553922 0.017562960685014284 0.28146029024000996
0.5558144254770064 0.03377951095267073 0.1802509437654276 0.23015511980489523
0.8210411158864593 0.0464318209925344 0.018305300743635566 0.1142217623773707
0.8643125127693465 0.06755276476218652 0.049871574477137526 0.018263147991329443
0.342204281954715 0.02156217298426466 0.04165805471193684 0.5945754903490835
0.43639388259147494 0.05630269562752055 0.0820313922883723 0.4252720294926322
0.6693631346145723 0.08235399575385294 0.22571843772877542 0.02256443190279933
0.5039372012409015 0.10086127396508926 0.3210544644778771 0.07414706031613216
0.25092432163809975 0.0777862351938915 0.3953771816388013 0.27591226152920745
0.294127557159801 0.20746548324495073 0.2917850612945354 0.20662189830071287
0.14291008101337277 0.3702940717633849 0.1989725490738239 0.2878232981494184
0.03769481709096978 0.038148491503589566 0.3103838059270383 0.6137728854784024
0.14997623255026626 0.42777376420100577 0.028167196195840072 0.3940828070528879
0.7360005255260831 0.06742291458827221 0.021212945547359086 0.17536361433828562
0.5802394850493684 0.03917051709777253 0.10247075400707073 0.27811924384578834
0.24294547423995516 0.28005310608624123 0.3210552329261781 0.1559461867476255
0.01868823106952411 0.8967986171469798 0.010941852682334718 0.07357129910116134
0.4017538703395377 0.057419376475233874 0.49009670205069344 0.05073005113453499
0.5475214251947421 0.2966193669905477 0.10781753022837581 0.048041677586334375
0.018233146380780885 0.21780751384400865 0.20857611386714003 0.5553832259080704
0.053850187410994454 0.09051266276455905 0.7031260739422107 0.15251107588223578
0.5918759895733153 0.18022066471836762 0.12726598081680507 0.10063736489151198
0.33577300297251256 0.5647153642348913 0.0622588172221592 0.037252815570436915
0.1906522633591461 0.013247295403193249 0.42519189628321874 0.3709085449544419
0.3096785904648227 0.45215507649707 0.1913315196205636 0.0468348134175437
0.6838563533456863 0.16371351750974728 0.13653498885768944 0.015895140286876996
0.3915630289873875 0.04343810698493 0.31027483377606035 0.25472403025162216
0.860119938108251 0.058073394762895525 0.08018555279180617 0.001621114337047258
0.09743122645405056 0.3124668343356274 0.5723011894908246 0.01780074971949741
0.07325519977022021 0.5679682628389012 0.2332501975255067 0.12552633986537187
0.04723029512606025 0.29970498969480386 0.03963926304247156 0.6134254521366643
0.20641091664399136 0.7391439970701381 0.009721245261998912 0.04472384102387161
0.13762502094390383 0.19678360794921446 0.14955836982707327 0.5160330012798084
0.7437177862625889 0.07484659632443125 0.17874696493099296 0.0026886524819869084
0.4097073100208378 0.01627317515345117 0.32335759660653696 0.25066191821917405
