90 40 4 119.80265708251773 239.60531416503545
2.377487788895322 2.4191709490846653 9.869420027648374 9.140479577247643 2.674704364003369 3.4093856297184555 4.006460417395412 6.801326838392721 3.262665166821157 6.716857486491543 6.218180009571964 6.569301005586586 4.309949133791452 3.3235056311270106 2.7491517102830194 5.972683568950478 8.430677215012231 5.531051825869226 7.188038891556346 7.8359401882857265 6.7807359037530475 4.465038795395186 1.7209350717215726 8.26740857522951 8.303266130850528 1.4574613438799466 6.348265997355321 9.71436144811626 9.875955252002914 8.378181179573971 7.208932200353061 6.609145678465851 6.393075755308755 7.1343341481033535 8.54852117987438 5.140096323234324 5.929629117922489 9.608475267556816 3.5558145175295546 5.359242853075908
0.4754975577790644 0.48383418981693305 1.973884005529675 1.8280959154495284 0.5349408728006738 0.6818771259436911 0.8012920834790824 1.3602653676785441 0.6525330333642314 1.3433714972983086 1.2436360019143928 1.313860201117317 0.8619898267582904 0.6647011262254021 0.5498303420566039 1.1945367137900955 1.6861354430024462 1.1062103651738453 1.437607778311269 1.5671880376571452 1.3561471807506096 0.8930077590790372 0.34418701434431453 1.653481715045902 1.6606532261701055 0.2914922687759893 1.269653199471064 1.9428722896232522 1.9751910504005827 1.6756362359147943 1.4417864400706122 1.3218291356931702 1.278615151061751 1.4268668296206708 1.709704235974876 1.0280192646468649 1.1859258235844978 1.9216950535113633 0.7111629035059109 1.0718485706151815
0.6351718208092202 0.14607288823993125 0.0318909930334752 0.18686429791737336
0.44141912537248595 0.3121372800727965 0.006139615804755527 0.240303978749962
0.5810739577634153 0.10893487504732946 0.2273529090188 0.08263825817045523
0.03762491609951424 0.0049209963086236375 0.5937895935274372 0.3636644940644249
0.14505798112421608 0.518805718780754 0.15530691594938761 0.1808293841456423
0.06511069917522705 0.41262558383054293 0.1619996110846874 0.3602641059095426
0.10723666035884383 0.03516388607498133 0.029828097012140065 0.8277713565540348
0.16234382525204372 0.4348938782502926 0.33502313780336757 0.06773915869429614
0.0923233370678872 0.09576479386713044 0.7104772909833889 0.10143457808159351
0.036555037449919836 0.21274669100771526 0.26812840653679826 0.48256986500556664
0.40861216090048513 0.29862835202558546 0.20022362343094557 0.09253586364298383
0.18775160056804419 0.3393861712826379 0.00780692336017208 0.4650553047891458
0.27661387266198334 0.1500438470890646 0.12198711530544804 0.45135516494350403
0.4695783086815162 0.13231562732399726 0.191343300660897 0.20676276333358956
0.3357945125332632 0.1408646389011714 0.1584502399849541 0.3648906085806113
0.17581212611303076 0.4858139252839976 0.1173555177149106 0.22101843088806106
0.20949276068203737 0.08667622818916731 0.19514417207007528 0.50868683905872
0.23281271569816386 0.43063877605457956 0.22640653369500263 0.11014197455225394
0.25576771407005305 0.08157321930927253 0.16772104732604964 0.4949380192946248
0.11352773501344571 0.016297232249776417 0.20381801547260725 0.6663570172641706
0.08772422686790438 0.7112168301761174 0.18957994520381627 0.01147899775216199
0.21423976405342238 0.6075924022075789 0.0009660310095007674 0.17720180272949793
9.883971227442334e-05 0.0674928057641071 0.7948642778470902 0.13754407667652824
0.4203202797481821 0.2607755752827603 0.04912125002244838 0.26978289494660923
0.06434332030326262 0.7235748038027148 0.08570699145876659 0.12637488443525602
0.03685419770217391 0.6453140697471694 0.013540251541343196 0.30429148100931347
0.095326937958362 0.5017707895561911 0.2154561225762588 0.18744614990918806
0.016984036662833435 0.7528106636356809 0.09777139437653815 0.13243390532494748
0.39689657595628935 0.3499766599320472 0.05322708867095427 0.1998996754407092
0.25486334132994015 0.13468300252280685 0.03777515775828855 0.5726784983889645
0.11704344667784738 0.18046782978461529 0.1669539403272099 0.5355347832103274
0.1176841277146311 0.7339339724684867 0.015587672635821725 0.1327942271810605
0.3070061966530503 0.3511447139906162 0.15625672615481734 0.18559236320151618
0.13083028886090142 0.33030677061083713 0.09620560198264316 0.4426573385456183
0.1575180095979416 0.10493256663354289 0.5080470077789158 0.22950241598959975
0.1854237288156002 0.1529012008785442 0.3264038985706531 0.3352711717352025
0.6513414477439075 0.028928934996533262 0.012484601557459563 0.3072450157020997
0.048006257230156946 0.10917274642479902 0.24900473506984655 0.5938162612751975
0.2956114202529737 0.48441887728913446 0.20175719727492314 0.018212505182968686
0.03813327486159335 0.20011236154100842 0.4458447345886575 0.31590962900874076
0.30422153475609315 0.112495152725131 0.1901013630841336 0.39318194943464224
0.39990362248395817 0.1957659924511156 0.00671457462558267 0.3976158104393436
0.9024555020090189 0.02997507123443155 0.026548447549924137 0.041020979206625396
0.08796747714396325 0.3744302958038017 0.5056857852040983 0.03191644184813669
0.1271585914779081 0.37257996840214935 0.39382092330248586 0.1064405168174567
0.28866727167434003 0.04761930355288202 0.20047048674530754 0.4632429380274704
0.18737458930544748 0.3613611074232891 0.0107355231059727 0.44052878016529073
0.41599945782845726 0.07276791898395163 0.5014024266277087 0.009830196559882376
0.2915832487376844 0.38231215502678717 0.17895803500769691 0.14714656122783154
0.8456283151753128 0.13286617457354444 0.004155251319154729 0.01735025893198805
0.28385982369897766 0.09993618609202548 0.22785494288340458 0.3883490473255923
0.7203366073832145 0.01260100530720576 0.21614126911314213 0.05092111819643763
0.019901741520077176 0.07386466800590097 0.38346616904148245 0.5227674214325394
0.18949231627679086 0.28157706716611275 0.09943767490296584 0.42949294165413054
0.2853591658452551 0.45666314493807103 0.06181537030040607 0.19616231891626779
0.15444951836875043 0.14959860686043136 0.030848799023394657 0.6651030757474236
0.24751442161634019 0.12918421316487838 0.29111900953233183 0.3321823556864496
0.10594623682506454 0.22670780553972292 0.05481881537812294 0.6125271422570896
0.2658267277695653 0.26554626475954624 0.20009840668314305 0.26852860078774543
0.16301111015871828 0.13423457858363885 0.2576392272034811 0.4451150840541618
0.17582925895277524 0.09700493119755749 0.25049150989384317 0.4766742999558241
0.32244006749058796 0.28943459238193425 0.38528170891058267 0.002843631216895126
0.10245195821578412 0.38231512322638417 0.36152243916236704 0.15371047939546467
0.24630263829079369 0.4180033245962814 0.18280196122235737 0.15289207589056752
0.2895630377864732 0.0971764318025441 0.16011565657067006 0.45314487384031266
0.41641994436270946 0.14791117522746 0.28217769788520686 0.15349118252462368
0.09354691421661188 0.4260073877390185 0.14517185179779202 0.33527384624657763
0.03944917560818828 0.07315240663972111 0.4058814226899736 0.481516995062117
0.41210847159735486 0.023106869091383375 0.5499153322429563 0.01486932706830546
0.07584969559091304 0.49449367214505324 0.24441965346495587 0.18523697879907786
0.2320155447813257 0.10011567723618786 0.13148467343101256 0.5363841045514739
0.5812248278568687 0.28019045461838654 0.0038675384596720264 0.13471717906507275
0.11498102625175632 0.20924101707005383 0.15499683197231673 0.5207811247058731
0.03151333786714772 0.42790561231371205 0.11353926592652175 0.4270417838926185
0.3336606974065379 0.007056642915623357 0.19910467133677034 0.4601779883410684
0.10322076472922082 0.08765990570684246 0.14996992248485952 0.6591494070790772
0.7335058057846573 0.18664266255100204 0.0318232842865257 0.04802824737781497
0.15148200897336872 0.0562080748614987 0.5354173336051344 0.25689258255999814
0.4060897659742827 0.16963503475963027 0.09286341334692527 0.33141178591916176
0.34747619395926976 0.02670013433024232 0.6216071943459063 0.004216477364581639
