59 40 4 104.91289324717816 209.82578649435635
9.316316040169827 2.4208352248131275 8.802235691342176 1.7574124677531238 6.162163155438649 3.537457901766215 3.3065250202900494 6.075823707624822 2.978410166368085 6.837587196243413 6.649770181687145 4.69876969325172 4.622890220788106 5.051458648034581 3.1053018741113103 2.208985268719106 1.942414906019978 5.2569120627097465 2.0246278225465213 3.5744228802778553 8.543905197936104 3.826660807359565 1.6873865068773057 7.924843082733688 3.321729865948895 9.409757328560543 8.27235707634315 4.017966487125982 5.422127484415392 3.004606971418264 4.9082334658335025 6.799545336603575 9.655900688254047 4.955429991777196 4.952130435865223 6.762052526790847 9.21789636572105 6.004541988599743 5.819060016922309 4.989334739314365
1.8632632080339655 0.4841670449626255 1.7604471382684352 0.3514824935506248 1.2324326310877298 0.707491580353243 0.6613050040580098 1.2151647415249642 0.595682033273617 1.3675174392486826 1.329954036337429 0.939753938650344 0.9245780441576212 1.0102917296069163 0.6210603748222621 0.44179705374382117 0.3884829812039956 1.0513824125419493 0.4049255645093043 0.7148845760555711 1.7087810395872207 0.765332161471913 0.33747730137546117 1.5849686165467376 0.6643459731897791 1.8819514657121086 1.65447141526863 0.8035932974251964 1.0844254968830784 0.6009213942836528 0.9816466931667005 1.359909067320715 1.9311801376508093 0.9910859983554392 0.9904260871730447 1.3524105053581694 1.84357927314421 1.2009083977199486 1.163812003384462 0.997866947862873
0.1391296654495523 0.31406509211791656 0.18463375769233314 0.362171484740198
0.29411112497552927 0.320773720081838 0.14861334541814497 0.23650180952448774
0.2847275334476813 0.4156333861929903 0.222554949923777 0.0770841304355514
0.02037620259994588 0.022544187724623077 0.24010637827503245 0.7169732314003986
0.5938476572560318 0.30893350267717246 0.02728504519890862 0.06993379486788709
0.16165598227743438 0.024638505419264267 0.32778697721860917 0.4859185350846922
0.03807370841415769 0.18869018469127552 0.5440200895738907 0.2292160173206761
0.3585452936572223 0.03003248934011149 0.004231293056565666 0.6071909239461005
0.22459354112073338 0.40624106947288763 0.09202674211001016 0.27713864729636883
0.15960809303427892 0.4211613569032139 0.039000697723857614 0.3802298523386496
0.14193852666206042 0.12606538895413666 0.09679826101649958 0.6351978233673033
0.22096986949898467 0.08034483154053251 0.5850917383787311 0.11359356058175174
0.027775054743657823 0.5182065395419496 0.007657388059870374 0.4463610176545222
0.6566376341398921 0.27852900728013297 0.06096648230384161 0.0038668762761333575
0.4491186869685121 0.08831411497565 0.3132307300545504 0.14933646800128753
0.6478816030730874 0.164633179487354 0.11452086018908147 0.07296435725047712
0.4051982721522879 0.16208797758238735 0.04943714293348889 0.3832766073318359
0.49457871141599685 0.024594395252042767 0.20613291028809633 0.27469398304386405
0.3467780033381418 0.3314096388127301 0.24306846329088194 0.07874389455824615
0.22531210154403458 0.19469873680832994 0.4697347507903179 0.11025441085731758
0.33916311981823855 0.547726056088426 0.011521218732559513 0.10158960536077599
0.1928734404656256 0.3910414636267493 0.13121683216556657 0.28486826374205854
0.12672675034450753 0.062192119408168156 0.09485652402129052 0.7162246062260338
0.725464305993431 0.058138283314960626 0.16397666395334132 0.05242074673826702
0.14884054372850242 0.19667493243095557 0.5846075782254755 0.06987694561506652
0.00632618017181763 0.06804111010882452 0.495675619997074 0.42995708972228386
0.18944046552105231 0.2184406718634424 0.49528619081899483 0.09683267179651045
0.4523305600149501 0.4429685963773812 0.053695471535078254 0.05100537207259048
0.2170379735918424 0.13831982223640127 0.08974888839543882 0.5548933157763175
0.6747509621172023 0.1357687429726746 0.17746160105153663 0.012018693858586449
0.5177534936683353 0.06105077851159635 0.22890857103528373 0.19228715678478459
0.08098274453295529 0.2584967916534354 0.5208595547650017 0.13966090904860762
0.2825607493408455 0.5644672280126154 0.14277405312510105 0.010197969521438033
0.12935100801147226 0.22307281823003777 0.40340650421100455 0.24416966954748542
0.18867226426049544 0.05076395294260161 0.43470930409344555 0.3258544787034574
0.374555011606713 0.01303350781228696 0.3668037973009777 0.24560768328002236
0.049576348554155714 0.522207870884514 0.2102342542007678 0.21798152636056245
0.01651462422205563 0.4767165676944558 0.020224947875521426 0.48654386020796714
0.30624742807082694 0.15397811850483878 0.4244487190565023 0.115325734367832
0.0073009125609557746 0.19420014253419426 0.7683786027313915 0.030120342173458492
0.3892098495304297 0.5461694428935154 0.014576735434609023 0.05004397214144585
0.20038850181647017 0.10996286763873886 0.361547268037278 0.328101362507513
0.3410203208788821 0.29938009495202433 0.059117668242770316 0.30048191592632323
0.43741153508115405 0.30370495419988 0.07075100634929965 0.18813250436966633
0.39166643544557445 0.15010659908265633 0.35424487820967976 0.10398208726208946
0.6337440668597117 0.09450571743877045 0.08136772216734411 0.1903824935341737
0.676429581476733 0.2350810161091622 0.04784367119190103 0.04064573122220372
0.2624744876103656 0.4945929913732243 0.15850523544902106 0.08442728556738899
0.4803256469202636 0.17790093774602955 0.3349058286360659 0.006867586697640982
0.5891060097517044 0.2112925635139189 0.0615630737069881 0.13803835302738865
0.5397568296220565 0.004883344498435194 0.22737801080498665 0.22798181507452164
0.010829225901887174 0.021489645338270136 0.2223004575992611 0.7453806711605816
0.22418098794063634 0.014657039965376706 0.03296281180127458 0.7281991602927124
0.6378015965938203 0.15207045004275332 0.006592306234868617 0.20353564712855776
0.07911708122124295 0.6074983030489359 0.24958268771467085 0.06380192801515028
0.11252597878197734 0.4391865588379339 0.09480975698640104 0.3534777053936877
0.04921465222684429 0.12044816856489993 0.2759677254294135 0.5543694537788423
0.22996225063142417 0.3603334212657078 0.16533675907350998 0.24436756902935808
0.23742298368822046 0.33250784325820637 0.07006867103501291 0.36000050201856026
0.4571646534021364 0.015589715478226629 0.015609082436496724 0.5116365486831402
0.14221201786725834 0.10834806981579981 0.22138058820847217 0.5280593241084697
0.16402868383567482 0.46541618648621896 0.20899795374636754 0.16155717593173868
0.5159215249128292 0.21084005941208728 0.27195235779951865 0.0012860578755649055
0.14437139767857066 0.06627085669709298 0.6408217169016199 0.14853602872271643
0.3869535757941768 0.4214536156429618 0.12922694114404898 0.06236586741881245
0.22936108736554128 0.31836974206556556 0.22171138536363855 0.2305577852052546
0.27056759336608094 0.3415182165155176 0.0289659198390948 0.35894827027930665
0.06767043563740338 0.17614964620051432 0.46890956078691515 0.28727035737516715
0.37188967212416923 0.3886818111397604 0.02043622605518791 0.21899229068088244
0.4888260825246623 0.12270414152947162 0.28116822479161685 0.10730155115424922
0.2197908915986424 0.11502220810436636 0.3954555785655769 0.26973132173141434
0.054454344107176644 0.11038753260381706 0.6746760088503247 0.16048211443868154
0.36892832253995145 0.19265134163366449 0.136195090019666 0.30222524580671806
0.06425097503397581 0.09123506317604568 0.286202205706933 0.5583117560830455
0.3780958647657331 0.36548251638539564 0.20596702624680308 0.05045459260206819
0.37301392022445534 0.31630439855738945 0.14888330662619054 0.16179837459196467
0.21215814345484618 0.7141180227213763 0.03544626287530861 0.03827757094846895
0.45463158888042576 0.30379697939525163 0.15571016002159133 0.08586127170273128
0.15850724750237255 0.3443005570411135 0.3553317864085742 0.14186040904793973
0.24636279745422918 0.10897444713173632 0.5570009598989073 0.0876617955151272
