23 70 4 194.4612798707684 388.9225597415368
5.655680954619303 9.522663434333326 7.889137834572162 3.5415625957040144 2.989408269354873 7.175998767137202 2.5042528279005065 4.5319821981852755 6.562471125275283 4.7073708537287136 1.0221839308079756 8.956289641348942 8.964527845388261 3.7036872042983284 6.306236786932431 9.805842244133478 8.6058443991368 1.5856789515147414 3.6527001824562904 3.591409968705218 8.402197051930898 6.635647341642215 1.9942994252230641 1.0047593005234845 9.479496095699496 2.273506819526708 4.794368735495437 4.118404961336898 8.828065759574633 4.857416311170577 8.4587633589048 7.4606665440343445 2.0730402476571044 6.36745755438648 2.1678066793466195 1.6978068255445946 8.480847301213762 5.1794705330218225 2.4581123110247405 5.93177762883706 6.2963723965810825 7.962518521681608 6.902609122062129 6.019360835305807 2.6042253991312903 3.165251780962118 5.5544916913197335 4.570711289468461 5.347496668986473 9.601658569793672 9.114419735266427 5.5518338977976365 8.386313366466233 8.44944333467483 3.08650012841849 1.7114993776443739 5.191866338311598 8.910782275638457 2.327527528352681 3.0812617477947475 9.261512251335368 2.161571748455536 9.247669498592556 3.1131779582016734 6.543880917755522 9.564289840011378 3.2961773775010226 5.052296335104913 9.752660023838443 3.154338983454748
1.1311361909238606 1.9045326868666652 1.5778275669144324 0.7083125191408028 0.5978816538709746 1.4351997534274403 0.5008505655801013 0.9063964396370551 1.3124942250550566 0.9414741707457427 0.20443678616159514 1.7912579282697885 1.7929055690776523 0.7407374408596656 1.2612473573864862 1.9611684488266956 1.7211688798273599 0.31713579030294825 0.7305400364912581 0.7182819937410436 1.6804394103861795 1.327129468328443 0.39885988504461284 0.2009518601046969 1.8958992191398991 0.4547013639053416 0.9588737470990875 0.8236809922673796 1.7656131519149265 0.9714832622341154 1.6917526717809601 1.492133308806869 0.4146080495314209 1.273491510877296 0.4335613358693239 0.33956136510891893 1.6961694602427524 1.0358941066043645 0.4916224622049481 1.186355525767412 1.2592744793162165 1.5925037043363217 1.3805218244124258 1.2038721670611614 0.520845079826258 0.6330503561924237 1.1108983382639468 0.9141422578936922 1.0694993337972947 1.9203317139587344 1.8228839470532854 1.1103667795595273 1.6772626732932465 1.6898886669349662 0.617300025683698 0.34229987552887475 1.0383732676623196 1.7821564551276914 0.4655055056705362 0.6162523495589495 1.8523024502670737 0.4323143496911072 1.8495338997185111 0.6226355916403347 1.3087761835511045 1.9128579680022757 0.6592354755002046 1.0104592670209827 1.9505320047676886 0.6308677966909496
0.10137002753696178 0.09731127515766713 0.646327891974443 0.15499080533092813
0.08347593685978472 0.2620025411194108 0.45312172937151085 0.20139979264929364
0.09272600446654555 0.41080876921125997 0.03086250755316966 0.4656027187690248
0.0744592048645033 0.6833101678346667 0.033521218357177474 0.20870940894365253
0.04662987836169319 0.3889692911546766 0.44266668569290146 0.12173414479072875
0.005024923725740482 0.23515697782067158 0.40327830862329317 0.3565397898302948
0.14536195449419298 0.3837930651844724 0.07641017509196668 0.3944348052293679
0.6034752072158278 0.23937934383291504 0.11169988030052036 0.04544556865073679
0.5583471760640503 0.06888532369320555 0.012157378957007858 0.36061012128573633
0.2853803359354091 0.016432827979950382 0.5479713645035186 0.15021547158112192
0.0968849642839934 0.23190238565614674 0.15510462138824843 0.5161080286716114
0.12234722973411316 0.06769142165249176 0.5709174944506549 0.2390438541627402
0.1851929174833391 0.3795925316749139 0.32347670268293527 0.11173784815881171
0.1552147464040412 0.5828252778974644 0.05633928206239025 0.20562069363610413
0.08086222034004453 0.032939015890887435 0.43760116797507354 0.4485975957939945
0.1406534791699433 0.008194545722752355 0.30064895783518764 0.5505030172721167
0.05011902966338311 0.3214147474665827 0.5391740503065934 0.0892921725634408
0.20593267412957195 0.17437468872683015 0.23693413090052962 0.3827585062430683
0.19425766330246852 0.4463058485459811 0.3221579577037328 0.03727853044781759
0.17079131745352893 0.15947833569520853 0.27481735297224563 0.3949129938790169
0.028773996896283682 0.9107648607475327 0.013702225731360151 0.046758916624823454
0.06781930482977494 0.7600479112020859 0.16292367985702516 0.009209104111113975
0.12160863296744395 0.1910262465854784 0.622157343010697 0.06520777743638062
0.08096605281726121 0.5457696231430094 0.0678056811819262 0.3054586428578032
0.3436456284377015 0.07047804031870253 0.3089168601428207 0.27695947110077523
0.34809190046205274 0.1986468671740801 0.1042726574792513 0.3489885748846159
0.09317831284174316 0.31747265010099535 0.5661807221032706 0.023168314953990854
0.030125761588574607 0.3630333314803169 0.0008525060759918546 0.6059884008551166
0.29110561700765725 0.1836155462058866 0.29788325687328776 0.2273955799131684
0.3241235471935223 0.10541871639857414 0.1894544727063181 0.38100326370158544
0.18878963262831439 0.4015143620232149 0.011829821340411661 0.39786618400805907
0.07309111409214941 0.042009438925824094 0.1435289616358203 0.7413704853462062
0.24386796239322406 0.13171047683781156 0.21880409349945384 0.40561746726951053
0.47729389039881 0.11352083057582141 0.3424273333686535 0.06675794565671511
0.1253607482101322 0.25704389784480985 0.5730020496278756 0.044593304317182336
0.02489530628090697 0.1890644351944173 0.43935165844385826 0.3466886000808175
0.021559629030845406 0.5917032931543008 0.3482262184427194 0.03851085937213439
0.5119850184358926 0.2041626223513382 0.2626372499724343 0.021215109240334873
0.1448598293465332 0.0021002393724441903 0.7001535814515409 0.15288634982948168
0.02678853814485327 0.13671852204477042 0.442081445798265 0.3944114940121113
0.10997747968966642 0.1616908047814576 0.5050570971382842 0.22327461839059182
0.388468854806459 0.02841541208270082 0.23100058617170793 0.35211514693913226
0.5345126828592638 0.08224943776273419 0.03542094422499931 0.3478169351530027
0.04946705171077226 0.7163567363174311 0.08914000139803968 0.14503621057375693
0.0489662006098438 0.31199198805335115 0.35203809952877907 0.287003711808026
0.1197395769791999 0.6745897036991895 0.20084355723143033 0.004827162090180304
0.1940476194756442 0.6500150796491168 0.050417167009802366 0.10552013386543668
0.08362855759432997 0.14371430194005053 0.12199808301971482 0.6506590574459047
0.05167183644896767 0.43713627740165795 0.3190520149549174 0.19213987119445697
0.21038752809982075 0.08799756792472113 0.3012139035673169 0.4004010004081412
0.08774706063976812 0.48062423110990593 0.16334254892568623 0.26828615932463973
0.023169743854271396 0.37878809685180703 0.06141102727928727 0.5366311320146343
0.2625525534849379 0.14264799732733413 0.07259132366982524 0.5222081255179027
0.27243960181280913 0.16498158711018318 0.2681405278712655 0.29443828320574217
0.7244804049303349 0.12464656989097767 0.14135455928330698 0.009518465895380412
0.25320217406703527 0.12700078618104982 0.49052429061019387 0.12927274914172104
0.6271260820250026 0.15457971686221905 0.09853454909741899 0.11975965201535932
0.07294111304757134 0.015884298866487234 0.7827836959575721 0.1283908921283693
0.007227984623138783 0.6306477652761578 0.2364869805577391 0.12563726954296428
0.1398182058122156 0.04317053638270629 0.7573267985685674 0.05968445923651067
0.021806789118449688 0.05643421473650856 0.6039844626709538 0.3177745334740879
0.3967992013967858 0.03234189331163073 0.45363457435809507 0.11722433093348839
0.0917493119472077 0.13609146175097775 0.2267884229804219 0.5453708033213926
0.19300320074456478 0.07697046877716207 0.5351253040816225 0.19490102639665063
0.09756212145850385 0.6181049272957543 0.21743854936077622 0.06689440188496565
0.30823250493799403 0.0380677574807704 0.22334863062546306 0.4303511069557725
0.16458012282314227 0.026532074952417273 0.41831448080958855 0.3905733214148519
0.24284945493729304 0.07150021604869572 0.3456138094014174 0.34003651961259385
0.5249485314348081 0.012851549001664297 0.2685796048833755 0.19362031468015206
0.13406142845320113 0.04679494806775686 0.6640143340554049 0.15512928942363713
0.4533161818168051 0.16953178873585895 0.0650984063683635 0.31205362307897244
0.05326709464893753 0.3309598480994931 0.5212482824693121 0.09452477478225729
0.12660677568465384 0.00011823393525323134 0.38057918745526154 0.4926958029248314
0.45936409188813176 0.13668716223506783 0.0064365893432991594 0.39751215653350125
0.006428299533343673 0.41231410047256956 0.014275293302585035 0.5669823066915017
0.1288935485768078 0.16681325452901896 0.2726429723825692 0.43165022451160406
0.6474949881848805 0.04389427227596454 0.272155519601589 0.03645521993756595
0.0854957627108347 0.4328186823475819 0.37678650983163564 0.10489904510994774
0.28201638204882773 0.11441426207242389 0.020597462942466227 0.5829718929362822
0.33885827739248164 0.05908635488126557 0.4407940711814935 0.1612612965447593
0.023379930587594244 0.36111142472953617 0.14451182619556247 0.4709968184873071
0.5213904458715113 0.4409521987025228 0.03624403651969932 0.001413318906266614
0.29823290410761627 0.4826198813610758 0.17879202445929632 0.040355190072011604
0.5663140989773378 0.034804851346181276 0.32614106682505306 0.07273998285142791
0.11651782167819436 0.17141512943326953 0.15671063416681907 0.555356414721717
0.11965252243926927 0.5690024354302026 0.15596252583898107 0.1553825162915471
0.1830493219429843 0.0805050644170684 0.3477792931719117 0.3886663204680356
0.5358885402404605 0.22182640696132572 0.02119713503534526 0.2210879177628685
0.24598420871622517 0.15412315126072595 0.3635606335220013 0.23633200650104758
0.11917630556450598 0.09831784804675414 0.5811277902725773 0.20137805611616255
0.480686727057959 0.03212683347584633 0.06373513524166452 0.42345130422453015
0.27628244726328566 0.21696585298352422 0.22811180078210713 0.278639898971083
0.34246517855265435 0.25783192781482156 0.20926925066081425 0.19043364297170984
0.04517116277350908 0.13032555808202362 0.13820430989597754 0.6862989692484898
0.3947918605862947 0.07411641943969782 0.042716459621270575 0.48837526035273693
0.7831860634717771 0.05168866082937695 0.0381510352525708 0.12697424044627514
0.18415932175163263 0.11156282560995123 0.2616370016975369 0.44264085094087924
0.8187988863499047 0.07202623290930843 0.008986626101305184 0.10018825463948167
0.3024871162472813 0.5099563793683621 0.1682683514583705 0.01928815292598607
0.0030786379783936946 0.6353359764629325 0.24804896582419123 0.11353641973448259
0.08489766344365035 0.6011385275008675 0.08704947097317339 0.22691433808230876
0.09905593656208833 0.12212764655881347 0.3402839515031346 0.4385324653759636
0.23501047798661767 0.30175931600445416 0.2092728020867124 0.2539574039222158
0.0837421396375857 0.4023364688747365 0.3555582354055795 0.15836315608209828
0.10869424754894208 0.23495615190174224 0.49568904065657604 0.16066055989273964
0.24522107624938727 0.09215571631078323 0.12128270497081373 0.5413405024690158
0.0425938640226482 0.22981723388519815 0.44011465632576774 0.2874742457663859
0.5478341330907295 0.2631797262312542 0.01987130062546605 0.16911484005255029
0.1836483711819311 0.15874725327675998 0.24785516611467306 0.40974920942663584
0.08871545457591135 0.005405524991666355 0.33131138509145064 0.5745676353409717
0.3422480082788787 0.13582095178987208 0.26555840343834836 0.2563726364929009
0.3152283625220813 0.12652876093779086 0.40079157172291247 0.15745130481721537
0.35557836732536197 0.27993310300023244 0.3607176002745399 0.0037709293998656745
0.1632957510588965 0.29249274535335335 0.3020433621118713 0.24216814147587884
0.08651653838786766 0.1860865052622236 0.2978733503493013 0.42952360600060746
0.01644898236134007 0.37878724057958757 0.23545316356999202 0.36931061348908034
0.2984864644256109 0.5726654117205477 0.10793274454486157 0.020915379308979798
0.2195151893089342 0.22836853912275745 0.3565838387549163 0.19553243281339205
0.3789626207809058 0.09805437824872287 0.2006900419662644 0.3222929590041069
0.015136608886209824 0.6186391430874584 0.18580915232764095 0.18041509569869085
0.1692741729195425 0.5139433622508158 0.28444662858246383 0.03233583624717784
0.012421362724883922 0.006580382125430662 0.5165114586611832 0.4644867964885022
0.2922293747239416 0.18206429958804993 0.04464574969218449 0.48106057599582397
0.016374825218726685 0.44926105258375704 0.29364647711002956 0.24071764508748672
0.08283183092446611 0.3630127365913798 0.2748046244004888 0.2793508080836653
0.1609204521549238 0.06731216432858211 0.45950712178376596 0.31226026173272814
0.25335597176492386 0.24149584792088652 0.4799636503596364 0.025184529954553225
0.030061941010108728 0.28464236005819343 0.23057464643262593 0.4547210524990719
0.18549188512346482 0.0017901887464014665 0.45864197848284105 0.35407594764729267
0.3159174861030116 0.3288040363285486 0.03215849196216025 0.3231199856062795
0.08274846064207764 0.37429731870513183 0.033878968282110344 0.5090752523706802
0.1796720491852063 0.10179763943529652 0.08443156188389733 0.6340987494955999
0.3012792211777372 0.427507806358323 0.20433359275070584 0.06687937971323399
0.4225565521700051 0.3272663140544063 0.10787135894199695 0.14230577483359164
0.41971538607256254 0.07800775586408248 0.015049364797949938 0.48722749326540504
0.06622660552823434 0.2633612546125724 0.44003007943122663 0.2303820604279666
0.10709021750846526 0.43556660384434187 0.18196409354285237 0.2753790851043405
0.741395115770732 0.02809230335720503 0.02429314157909712 0.20621943929296582
0.048184948782166837 0.23074048950137827 0.6577951042018382 0.06327945751461672
0.013740711309659592 0.14957369718048652 0.060038952633911014 0.7766466388759429
