93 40 4 118.77303159905927 237.54606319811853
6.457189039988279 6.917604117560341 3.765169084092129 9.65803136635758 5.823270165981643 6.936712217979729 9.994388759409443 7.758855342389721 5.846699833025205 7.709549081490495 3.1203837521470503 4.747154414433243 8.605177811204012 4.650820706287571 5.271026902058378 7.238612654140764 2.6664703463243673 1.6144737113010772 6.600628047830755 6.409165326713743 8.825001513117908 1.4738120104043984 6.121580972141318 4.6480138415382495 8.222622196714896 8.068348449177673 8.00841505657712 1.8328176423524982 9.63261434338023 8.595661557265494 3.445076734130764 5.297546868684331 5.29794466066402 6.893786054606546 2.8094557838074543 4.376645746067995 3.507479037955874 3.9229776956761615 6.031239534309991 8.743640818830055
1.2914378079976558 1.3835208235120682 0.7530338168184258 1.931606273271516 1.1646540331963284 1.3873424435959458 1.9988777518818885 1.5517710684779442 1.169339966605041 1.541909816298099 0.62407675042941 0.9494308828866487 1.7210355622408025 0.9301641412575142 1.0542053804116756 1.4477225308281527 0.5332940692648734 0.3228947422602154 1.3201256095661509 1.2818330653427485 1.7650003026235814 0.29476240208087967 1.2243161944282637 0.9296027683076499 1.6445244393429792 1.6136696898355347 1.601683011315424 0.36656352847049967 1.9265228686760458 1.7191323114530987 0.6890153468261528 1.0595093737368662 1.059588932132804 1.3787572109213093 0.5618911567614908 0.875329149213599 0.7014958075911748 0.7845955391352323 1.2062479068619982 1.748728163766011
0.12755269651280088 0.3381588050441452 0.4822350089241719 0.052053489518882
0.04135017792114337 0.4264343096586243 0.11102527927200234 0.42119023314823
0.45518218469412475 0.1876736583084565 0.07772626678254113 0.2794178902148776
0.030385909819087176 0.22064893441295297 0.45181604831426825 0.2971491074536916
0.1729608207199459 0.04556660215553121 0.2785719489986933 0.5029006281258296
0.1566115789174478 0.14165727560493258 0.4894731811449614 0.2122579643326582
0.015288212306103666 0.006025359356293225 0.5459601551829851 0.432726273154618
0.659416804971653 0.27386295853698805 0.03999676545966302 0.026723471031695922
0.10545275432797807 0.07443243599553317 0.5669393128802652 0.25317549679622353
0.21605898983343408 0.24027041825489093 0.15012497693536087 0.39354561497631413
0.2469599584726011 0.1369527771758594 0.10935012771437969 0.5067371366371598
0.48369305025159504 0.20873773955822827 0.10360742530302469 0.203961784887152
0.5919583453663447 0.29029792777147745 0.012842555321652016 0.1049011715405258
0.13229714578261842 0.3302973350561148 0.3660081350705484 0.17139738409071836
0.051065977815109354 0.016898720150764768 0.8879367643316144 0.04409853770251149
0.20043922276363857 0.026270533895290882 0.6306602747561642 0.1426299685849064
0.10411882435360587 0.29584333735934587 0.4247854810207784 0.17525235726626986
0.6408224159603861 0.17040823499363555 0.08152855147088633 0.10724079757509197
0.35805167354836864 0.3783483877717698 0.18272339314301467 0.08087654553684687
0.3245344260570253 0.04987418237047636 0.04227306642461337 0.583318325147885
0.37475113974822205 0.029355660795748917 0.5204557401363537 0.07543745931967538
0.16083629236784758 0.045497014843075556 0.41980630428823096 0.3738603885008459
0.013437542004900438 0.1952294571584553 0.396237947743039 0.39509505309360526
0.151901958112988 0.45881660859653395 0.268230800785783 0.12105063250469505
0.621353786081661 0.2796832261834984 0.08722665512398864 0.01173633261085194
0.18633383831529882 0.5899565493269167 0.1780859274800547 0.04562368487772983
0.6397541839014067 0.06850837975438329 0.18119498506358955 0.11054245128062046
0.29035059062866697 0.4525593806801056 0.16429640989797656 0.09279361879325088
0.38353496365057993 0.3198119982240297 0.2532560797459398 0.04339695837945057
0.11686039375251656 0.023655064613942733 0.03708622799743322 0.8223983136361075
0.2689298385830693 0.2267149870950208 0.19042236165035809 0.3139328126715518
0.2623176109589074 0.12198985909361781 0.08472712738521848 0.5309654025622563
0.3634891802538711 0.0052500766515672925 0.030081154393418852 0.6011795887011427
0.08045859797469368 0.005411957900382958 0.7361341017250603 0.17799534239986303
0.4009247431437891 0.4185496572605213 0.05045718333912308 0.1300684162565665
0.2348731383916871 0.27251047000196893 0.31718405631291013 0.17543233529343383
0.11292346617847038 0.01426245663682546 0.3032894247451662 0.569524652439538
0.31314011712269485 0.31120177734656584 0.16743657267570233 0.20822153285503697
0.029745316777515685 0.0802791163766825 0.024966352012313453 0.8650092148334884
0.2558937498326692 0.13747137362353856 0.1966213895730381 0.4100134869707541
0.17646285084462976 0.2782886481806698 0.4723517963432158 0.07289670463148468
0.0014726320542625126 0.4205927262149137 0.5245181648218311 0.05341647690899265
0.09256217559492996 0.1128023498189965 0.5939312494468268 0.20070422513924668
0.034520955228579564 0.17737230650302271 0.0008698831151705555 0.7872368551532272
0.6229639108927911 0.1491372305999934 0.0553692685371967 0.17252958997001877
0.30500678426991334 0.1346593345853061 0.3122938026826647 0.24804007846211584
0.011608644237339316 0.40879763801059155 0.498191237486896 0.08140248026517316
0.027501299290905612 0.3960793609784711 0.19384341802493066 0.38257592170569266
0.26309564560143217 0.3194472066417883 0.4113878934261326 0.006069254330646978
0.02149321148885175 0.23208521872991783 0.3236677122681386 0.4227538575130918
0.05119211843573812 0.13486335405937988 0.4093241257500472 0.4046204017548348
0.0270415242687001 0.45072386921372853 0.3609869276453235 0.1612476788722479
0.1011097596662347 0.04073033337968712 0.22504115271796787 0.6331187542361103
0.03024549908583518 0.8669996340786549 0.03534328046746105 0.06741158636804889
0.11257294772916693 0.04349441668922949 0.10656911761863253 0.7373635179629711
0.16521034637538212 0.19977696135466094 0.3272326832091328 0.30778000906082414
0.13320235450899975 0.4430462710678701 0.3411156620759671 0.08263571234716305
0.18874570178818484 0.5131858657881356 0.00942406936385809 0.28864436305982144
0.1391540493227692 0.5567374044817869 0.2667593759327095 0.03734917026273443
0.03474672458781369 0.6356697865692196 0.20824143455961341 0.12134205428335332
0.2576245588650855 0.4677090929864748 0.01680411870863685 0.25786222943980286
0.01060920475521554 0.17488667429233418 0.038923777584060626 0.7755803433683897
0.0554434966811751 0.39593891719116314 0.32736584917041034 0.22125173695725142
0.3180002196249929 0.07108443909716089 0.12438273553069845 0.48653260574714774
0.02756794958040265 0.4156600882425987 0.08460102207873987 0.4721709400982588
0.7161897762270095 0.05267443486233814 0.024492964522487837 0.2066428243881645
0.170584442214068 0.004510772631559856 0.035352651401374335 0.7895521337529978
0.03922701778890514 0.04758962339274164 0.16411899752265902 0.7490643612956942
0.08262685854772389 0.5418748620855366 0.3631145378563789 0.01238374151036059
0.17848102776226993 0.7060943120185228 0.021329201806195353 0.09409545841301192
0.026929151565349585 0.17054996987714133 0.16508532988323066 0.6374355486742784
0.661036591142601 0.005932378939025318 0.10120220015678172 0.23182882976159191
0.3150624525734489 0.15630537005208545 0.25071618799964046 0.2779159893748252
0.04662377691468911 0.4063695815229147 0.41084050630379343 0.13616613525860277
0.09748943032479607 0.6464991365823821 0.09848450944953879 0.15752692364328302
0.3100920214137499 0.2828632829792238 0.40312123059441685 0.003923465012609428
0.14952136517815606 0.43422209487337016 0.0037759086985938994 0.4124806312498799
0.3163613929058583 0.2718072895807965 0.02684810296497986 0.38498321454836537
0.22134021591699982 0.3156195307746559 0.19723468412840628 0.26580556917993803
0.3611370764140962 0.3289733194862169 0.25277725870590706 0.05711234539377985
