20 10 4 30.51434063318032 61.028681266360636
6.293177209695468 9.079423551184762 9.023776565272373 8.342537295769155 1.3230062705516796 7.225818235829955 4.408128478048673 5.666598509032726 6.9215631900293175 2.744651960946535
1.2586354419390937 1.8158847102369524 1.8047553130544745 1.668507459153831 0.2646012541103359 1.445163647165991 0.8816256956097346 1.133319701806545 1.3843126380058635 0.548930392189307
0.2723164020665839 0.5029284919277788 0.007758715464647792 0.21699639054098951
0.11669373513289516 0.12252448106671432 0.618407314970153 0.14237446883023752
0.5616868580111579 0.0695662075523874 0.1389988675748549 0.22974806686159976
0.26879523874435407 0.19224415754807667 0.21837172126082005 0.3205888824467492
0.26362882866005677 0.06557757907358996 0.44223873062491603 0.22855486164143723
0.2579745858651852 0.06060497371461682 0.30827387813654805 0.37314656228364995
0.16162871044378735 0.5726718088732657 0.0915230579389571 0.1741764227439898
0.6644892028256033 0.11419870153772682 0.007383539163520636 0.21392855647314923
0.4256364789640509 0.0756213647520464 0.2068582514654167 0.29188390481848603
0.37980555470253063 0.17742330778446147 0.22057967213025076 0.22219146538275714
0.03666430642108576 0.68194162718008 0.1317217061738296 0.14967236022500463
0.25480601394214675 0.4964746855455542 0.19849832662660183 0.05022097388569724
0.17878051984997656 0.3136005197645729 0.34711688329915646 0.16050207708629405
0.06732466693901773 0.43061540636828743 0.15284584081602492 0.3492140858766699
0.3105115500462974 0.1704725822533485 0.02965692387550589 0.48935894382484824
0.3948432208584274 0.1626065897138551 0.02479131271293311 0.4177588767147844
0.15639171851094724 0.252251713567875 0.18949038768619753 0.4018661802349802
0.5922870186558129 0.05428026811979614 0.15740328083539956 0.1960294323889914
0.0370838109187992 0.47648452283894405 0.10686226645926633 0.3795693997829904
0.08416360169753323 0.2077286018561879 0.16751726209415818 0.5405905343521207
