59 90 4 255.2703760000726 510.5407520001452
9.316316040169827 2.4208352248131275 8.802235691342176 1.7574124677531238 6.162163155438649 3.537457901766215 3.3065250202900494 6.075823707624822 2.978410166368085 6.837587196243413 6.649770181687145 4.69876969325172 4.622890220788106 5.051458648034581 3.1053018741113103 2.208985268719106 1.942414906019978 5.2569120627097465 2.0246278225465213 3.5744228802778553 8.543905197936104 3.826660807359565 1.6873865068773057 7.924843082733688 3.321729865948895 9.409757328560543 8.27235707634315 4.017966487125982 5.422127484415392 3.004606971418264 4.9082334658335025 6.799545336603575 9.655900688254047 4.955429991777196 4.952130435865223 6.762052526790847 9.21789636572105 6.004541988599743 5.819060016922309 4.989334739314365 2.252166989045971 9.418413631815506 6.740456637338218 9.549604250726988 5.07875281810722 4.502888645773867 6.5339636055163055 7.047087737432383 7.87148371427961 3.793162325096881 3.6470001247797637 2.8034965163482317 3.562547801029132 7.295662756663091 9.306242826080037 4.069182887909939 7.303248276766045 6.763603742478158 1.3862835129211206 7.670048403529306 1.183385823399513 8.306807460673003 3.5472409173964126 4.936703815730386 9.370595846189016 5.875957310754077 9.125030439398838 4.52499791901017 6.344628915304287 9.064161214641194 2.4549038404969092 8.286557558192436 2.676650389270288 6.703696601737406 5.626733184237771 7.55424805868634 1.3426633757274193 9.203595378273057 7.937055844113916 9.634188419000166 3.040875037948899 7.0878662332905975 4.226907642915001 3.3622703884932905 4.535281684485096 7.813607310852309 4.497200046976005 9.240154429893499 6.677511495342589 9.938191719721232
1.8632632080339655 0.4841670449626255 1.7604471382684352 0.3514824935506248 1.2324326310877298 0.707491580353243 0.6613050040580098 1.2151647415249642 0.595682033273617 1.3675174392486826 1.329954036337429 0.939753938650344 0.9245780441576212 1.0102917296069163 0.6210603748222621 0.44179705374382117 0.3884829812039956 1.0513824125419493 0.4049255645093043 0.7148845760555711 1.7087810395872207 0.765332161471913 0.33747730137546117 1.5849686165467376 0.6643459731897791 1.8819514657121086 1.65447141526863 0.8035932974251964 1.0844254968830784 0.6009213942836528 0.9816466931667005 1.359909067320715 1.9311801376508093 0.9910859983554392 0.9904260871730447 1.3524105053581694 1.84357927314421 1.2009083977199486 1.163812003384462 0.997866947862873 0.45043339780919417 1.883682726363101 1.3480913274676436 1.9099208501453977 1.015750563621444 0.9005777291547734 1.306792721103261 1.4094175474864765 1.574296742855922 0.7586324650193762 0.7294000249559527 0.5606993032696463 0.7125095602058263 1.4591325513326183 1.8612485652160076 0.8138365775819878 1.460649655353209 1.3527207484956316 0.27725670258422414 1.5340096807058612 0.23667716467990257 1.6613614921346005 0.7094481834792825 0.9873407631460772 1.8741191692378032 1.1751914621508155 1.8250060878797676 0.904999583802034 1.2689257830608573 1.8128322429282389 0.49098076809938185 1.6573115116384873 0.5353300778540576 1.3407393203474811 1.1253466368475542 1.5108496117372678 0.26853267514548385 1.8407190756546115 1.5874111688227832 1.9268376838000332 0.6081750075897798 1.4175732466581195 0.8453815285830002 0.6724540776986581 0.9070563368970191 1.562721462170462 0.899440009395201 1.8480308859786998 1.335502299068518 1.9876383439442464
0.22459354112073338 0.3561759088167594 0.14209190276613837 0.27713864729636883
0.14193852666206042 0.017669566372218504 0.4601620546270715 0.3802298523386496
0.2680039156161971 0.09679826101649958 0.5216042627855516 0.11359356058175174
0.027775054743657823 0.19319481475532685 0.08034483154053251 0.6986852989604828
0.5459815942856074 0.007657388059870374 0.10299865179441425 0.34336236586010793
0.8506635319987125 0.08450310942131256 0.06096648230384161 0.0038668762761333575
0.4491186869685121 0.08831411497565 0.1104488011289253 0.3521183969269126
0.6167233926681641 0.1957913898922773 0.11452086018908147 0.07296435725047712
0.4051982721522879 0.08938043926370898 0.07270753831867838 0.43271375026532477
0.3467780033381418 0.17239510332989783 0.20613291028809633 0.27469398304386405
0.6781876421508719 0.21155794699181052 0.03151051629907142 0.07874389455824615
0.22531210154403458 0.19469873680832994 0.46687833755429997 0.1131108240933355
0.33916311981823855 0.3759686164397029 0.18327865838128254 0.10158960536077599
0.12672675034450753 0.06614669012111807 0.3910414636267493 0.4160850959076251
0.1889188697526757 0.09485652402129052 0.6638038594877668 0.05242074673826702
0.14884054372850242 0.5766237622649286 0.058138283314960626 0.21639741069160834
0.00632618017181763 0.33918929598764036 0.5846075782254755 0.06987694561506652
0.07436729028064215 0.495675619997074 0.3331244179257734 0.09683267179651045
0.18944046552105231 0.2184406718634424 0.5411134905429148 0.05100537207259048
0.35535779582824367 0.09697276418670642 0.4429685963773812 0.10470084360766874
0.2170379735918424 0.2280687106318401 0.22964427789351982 0.3252490378827977
0.8077128432152154 0.0028068618746615037 0.17746160105153663 0.012018693858586449
0.3394795361863907 0.17827395748194463 0.06105077851159635 0.4211957278200683
0.08098274453295529 0.7793563464184371 0.12946293952716958 0.010197969521438033
0.12935100801147226 0.15320974132937326 0.5644672280126154 0.15297202264653909
0.35242382624151003 0.32172169505503256 0.08168480915597198 0.24416966954748542
0.18867226426049544 0.05076395294260161 0.14815230221590292 0.612411480581
0.049576348554155714 0.3249786630525573 0.37983730511326463 0.24560768328002236
0.5134561397920329 0.05832807964663689 0.2102342542007678 0.21798152636056245
0.01651462422205563 0.4437109223536101 0.03300564534084571 0.5067688080834886
0.30624742807082694 0.5784268375613411 0.08520539219437351 0.030120342173458492
0.0073009125609557746 0.19420014253419426 0.6255678927566453 0.1729310521482047
0.32368124215696314 0.21666664227918342 0.41529285207427524 0.04435926348957819
0.15337589183187783 0.4893887890835793 0.265412839097529 0.09182247998701387
0.0005692430631877299 0.5727314059192972 0.3774710510988819 0.0492282999186332
0.13533323296749045 0.5154556299447053 0.19964248003201168 0.1495686570557926
0.004715519982696037 0.289787910040771 0.11865726036497504 0.586839309611558
0.08633354525722958 0.26739466678257606 0.15705141918202659 0.48922036877816777
0.11670452560982747 0.15884142039682314 0.0690787208631155 0.6553753331302339
0.24629089052702535 0.42313062896542775 0.17603278375670617 0.15454569675084073
0.17522888541929138 0.39662220267664194 0.2008184420814304 0.22733046982263627
0.10530252042699995 0.3712750345815946 0.335343917433783 0.18807852755762244
0.05233245679740817 0.13164988260450328 0.26078158388795314 0.5552360767101354
0.4748953026840964 0.20572390495734316 0.04080576048898077 0.27857503186957966
0.7787682266430946 0.047192989515715156 0.13879998938544458 0.035238794455745626
0.7512333522495608 0.12231862943871497 0.045633490023769596 0.08081452828795466
0.0166535686056124 0.022744746829080453 0.7361253822789093 0.2244763022863978
0.22100435573832133 0.4320123838332729 0.16402581994888832 0.18295744047951745
0.2691685678536726 0.3867147568085536 0.31889984426307083 0.02521683107470296
0.7703114453624704 0.11191685634275905 0.047513032092677876 0.07025866620209265
0.2005256717948466 0.28979180713844965 0.07785659385501065 0.4318259272116931
0.2527769727677135 0.1370738264467296 0.41670011494205894 0.19344908584349796
0.3433167773608715 0.12383186381311817 0.3043041637668049 0.2285471950592054
0.008622439582561814 0.2068712096868146 0.3451130637154287 0.43939328701519487
0.3167758551835602 0.0226909845821176 0.38054076420686456 0.2799923960274576
0.023398591471281316 0.4940369472382684 0.10313322729336749 0.3794312339970828
0.25478062085233966 0.324416144455587 0.009852006760342036 0.41095122793173133
0.28191002704744716 0.2367926438782212 0.45058730830209015 0.030710020772241498
0.24145587567299065 0.2697572876623461 0.07684961426128023 0.41193722240338304
0.19607027954888478 0.5523140145510879 0.2272121538607591 0.02440355203926825
0.10682906399578085 0.3538537659634765 0.33652114222304164 0.202796027817701
0.33375043938702076 0.17409946508162988 0.20918022583431906 0.2829698696970303
0.11714058572884722 0.40822133751686296 0.010822578938362692 0.4638154978159271
0.059803274262141715 0.3255547180244186 0.125520886720337 0.4891211209931027
0.15507127044558044 0.46257976150897384 0.10345742183632267 0.27889154620912304
0.4149645951427847 0.016905410556983913 0.43972404404211407 0.1284059502581173
0.38430838522681854 0.21508458108279582 0.10712155767423304 0.2934854760161526
0.019408694621791622 0.03415893628245725 0.28153089884337246 0.6649014702523787
0.28094389233255135 0.0005976036816932595 0.3690139711005166 0.3494445328852388
0.4563472127172896 0.17524211632702147 0.1301668304185848 0.23824384053710412
0.2711307016626231 0.5986491836198881 0.06012767561906296 0.07009243909842588
0.21286454454411163 0.12743476244852625 0.2757777395128793 0.3839229534944828
0.028764639697778427 0.4025722890735982 0.4132021114760952 0.15546095975252816
0.5029739264786949 0.02198946019316428 0.19715958779627663 0.2778770255318642
0.04856774916960693 0.6032013454402119 0.0041678861810779955 0.3440630192091032
0.18749274571614027 0.032483437648675784 0.5802080116208332 0.1998158050143507
0.3049457872968976 0.16302408704863225 0.19214504382597186 0.3398850818284983
0.3249517953389306 0.06607637280671308 0.15090796540552054 0.4580638664488358
0.19474173756384283 0.05824738547797814 0.2578354881717013 0.4891753887864777
0.49065908173796546 0.38315238555857767 0.006293542671586216 0.11989499003187065
0.21274552131924274 0.7234838689572354 0.03466877121261469 0.029101838510907196
0.3102504390784926 0.14240149046936346 0.2048580101601315 0.34249006029201245
0.18466709835097483 0.013914601914510105 0.12998451570679448 0.6714337840277206
0.22625877550173124 0.28571958686902066 0.3158603702938164 0.1721612673354317
0.6499033295196931 0.004269047274971238 0.00696735842017826 0.3388602647851574
0.0679805756545121 0.2509269567136547 0.45069380582472807 0.2303986618071051
0.043267424855857994 0.7716493404915139 0.14035763294788894 0.04472560170473916
0.35919071400133373 0.08550172274016044 0.26387497432818885 0.291432588930317
0.07601313858079128 0.23495574964050825 0.4239457650794116 0.26508534669928885
0.48051958445382126 0.19944563701580054 0.06838090978623601 0.2516538687441422
0.4803256469202636 0.10878036283144077 0.06912057491458878 0.34177341533370686
0.5446401741204917 0.25575839914513154 0.0615630737069881 0.13803835302738865
0.010829225901887174 0.5289276037201693 0.23226135530342185 0.22798181507452164
0.03231887124015731 0.2223004575992611 0.017181510867869232 0.7281991602927124
0.22418098794063634 0.014657039965376706 0.5576263249654292 0.20353564712855776
0.07911708122124295 0.5586845153725774 0.15207045004275332 0.21012795336342638
0.11252597878197734 0.5740894054882015 0.24958268771467085 0.06380192801515028
0.04921465222684429 0.502497885393067 0.09480975698640104 0.3534777053936877
0.16966282079174422 0.2759677254294135 0.3100018847494842 0.24436756902935808
0.22996225063142417 0.33996857631500266 0.02036484495070512 0.40970432810286805
0.23742298368822046 0.2509404676286393 0.15163604666457997 0.36000050201856026
0.4571646534021364 0.014776022489393914 0.0008136929888327149 0.527245631119637
0.14221201786725834 0.10834806981579981 0.5878827363852032 0.16155717593173868
0.16402868383567482 0.46541618648621896 0.3692690718025413 0.0012860578755649055
0.5159215249128292 0.21084005941208728 0.12470238695236713 0.14853602872271643
0.14437139767857066 0.06627085669709298 0.5977649370614749 0.19159280856286143
0.3869535757941768 0.16077725363693007 0.3899033031500807 0.06236586741881245
0.22936108736554128 0.041206506000539656 0.49887462142866446 0.2305577852052546
0.2438200818379177 0.36826572804368085 0.0289659198390948 0.35894827027930665
0.06767043563740338 0.6450592069874295 0.0478418406390968 0.23942851673607035
0.37188967212416923 0.2396405519299647 0.16947748526498363 0.21899229068088244
0.33481309970300877 0.15401298282165354 0.40387236632108847 0.10730155115424922
0.054454344107176644 0.16533654749146576 0.5104777866699433 0.26973132173141434
0.1648418767109937 0.3967377874626222 0.2779382213877025 0.16048211443868154
0.36892832253995145 0.07275992137700305 0.25608651027632745 0.30222524580671806
0.06425097503397581 0.09123506317604568 0.7940593691879103 0.05045459260206819
0.3780958647657331 0.3112224540161117 0.054260062369283935 0.25642161884887127
0.37301392022445534 0.46518770518358 0.12352080364349571 0.03827757094846895
0.21215814345484618 0.7019805848424225 0.012137437878953716 0.07372383382377756
0.45463158888042576 0.048176215663060296 0.25562076373219134 0.2415714317243226
0.15850724750237255 0.08785554995185663 0.6117767934978311 0.14186040904793973
0.3553372445859655 0.5570009598989073 0.03949567335522164 0.04816612215990557
0.016117574990730188 0.16769939160691494 0.35008399859414263 0.46609903480821224
0.1834254663794559 0.19792905128607785 0.2627746257539887 0.35587085658047757
0.23417853200724514 0.06162906780808297 0.43221652525689536 0.27197587492777653
0.037987557990657006 0.44266850730340757 0.23336712595492592 0.2859768087510095
0.15803123578335188 0.5832537244065791 0.055191353607962346 0.2035236862021067
0.1562991417953481 0.04925276063908024 0.3599360220493032 0.43451207551626847
0.26279160834129356 0.22060941783044663 0.02077166392876173 0.4958273098994981
0.44138021514156467 0.3873225470588373 0.01508006647781479 0.15621717132178325
0.04196127660327431 0.05957239205661358 0.7597113186173104 0.13875501272280166
0.5240271667130545 0.07865386345524861 0.11355700184485529 0.2837619679868416
0.034136604761946354 0.12565353666960266 0.5199999748703409 0.3202098836981101
0.3914348741928605 0.19005810248256616 0.14083195824144557 0.2776750650831278
0.14616249791255131 0.253848884692334 0.2943736790431488 0.30561493835196585
0.19273076319510496 0.15643867143872436 0.4623140852795071 0.18851648008666355
0.11030797326564035 0.004785463845280558 0.726756206965671 0.1581503559234081
0.08583419111725332 0.33953217281728454 0.28139697335478986 0.2932366627106723
0.558968764056109 0.07851317919204748 0.20548257020249583 0.15703548654934774
0.6683495234426347 0.04391951865191701 0.11349782404362052 0.17423313386182782
0.14561147874713898 0.5200699012465462 0.012724331134711497 0.32159428887160335
0.04416039585077092 0.2573785838938364 0.4683148633750037 0.23014615688038897
0.398890901390754 6.920864383408443e-05 0.5871268251868323 0.013913064778579565
0.6767439142029689 0.06295511243293705 0.21190933823118174 0.048391635132912336
0.09482408867987913 0.1896245999074344 0.6655534874036069 0.049997824009079594
0.3260527892644728 0.1888269215084376 0.12973021601836487 0.35539007320872473
0.10993501438609687 0.028133752765326925 0.46389122563207985 0.39804000721649635
0.011284815007462257 0.01037028607542545 0.6365312572202383 0.341813641696874
0.16028277323534845 0.009925500988820724 0.39244348298481957 0.43734824279101125
0.282661631198008 0.07065810577649023 0.05447939579155581 0.5922008672339459
0.413063454534798 0.47358908801775956 0.02659856556102036 0.0867488918864221
0.047480331896596284 0.06478891880488757 0.043953258744653056 0.8437774905538631
0.35491107351817397 0.16673064792976588 0.314849981043255 0.16350829750880513
0.22808991074279572 0.47863007387381185 0.2316916599019636 0.061588355481428825
0.3969449211078886 0.22785058505935674 0.20498505860532368 0.170219435227431
0.03246680880989461 0.32016203990882863 0.32886178273972155 0.3185093685415552
0.19939145445697093 0.13970874641666142 0.0031470261905887087 0.6577527729357789
0.015825250981774786 0.02308297334794218 0.40116908263275686 0.5599226930375262
0.6535211635335588 0.1795933287945024 0.03668250539858786 0.1302030022733509
0.08727313053271024 0.3982939639949665 0.389793733764358 0.12463917170796524
0.07542193416048948 0.45506045595402 0.027178675120652307 0.4423389347648382
0.021021198832496313 0.286351201693014 0.5321564348902302 0.16047116458425947
0.01835427882801266 0.5633207238100656 0.16551882562088183 0.2528061717410399
0.4267164993616802 0.025115007136804812 0.24280507386894024 0.30536341963257474
0.21708262941289402 0.1626345403442626 0.3324525745995729 0.28783025564327047
0.2539741868056016 0.43978967130323754 0.09285215137837799 0.2133839905127829
0.032634036035384506 0.6189359056429623 0.07743929058777221 0.270990767733881
0.7489591944491766 0.07811638476930816 0.06453147461867825 0.10839294616283701
0.0669704485151631 0.19207937550491572 0.34205464497975746 0.39889553100016373
0.6665696745372132 0.1804462599095331 0.07213056318522792 0.0808535023680258
0.0880507647715616 0.07149990784132099 0.6789481521870746 0.1615011752000428
0.13751972094977305 0.14212430977335744 0.030744776687748332 0.6896111925891212
0.24283499319218316 0.38253858627849546 0.33097915279934487 0.04364726772997651
0.02890021477454363 0.23548129427806708 0.035721496064054836 0.6998969948833345
0.04688404166749438 0.1867464115054409 0.7223610924947895 0.04400845433227518
0.21491170900005108 0.2893924684189042 0.48928885052656135 0.006406972054483373
0.04950947138959105 0.5059821073662092 0.26362686821671055 0.1808815530274892
0.10783764391339679 0.3804975781626083 0.2269816950715149 0.28468308285248
0.09408702429905103 0.19152729358422826 0.1885094321277645 0.5258762499889562
0.058544401462538254 0.2795717374276806 0.4987756415822652 0.16310821952751597
