82 80 4 200.09685515129982 400.1937103025997
3.477031028212039 6.753076848327427 6.615092911018419 8.002380765838744 5.3030217655045 9.632204969399263 9.97690786038536 8.492619488173613 2.834605467863149 2.2064500132971805 6.535131551810037 6.33688351843367 6.803024441979704 9.898484786401415 4.01646351176842 8.276669422368014 7.038234287424518 5.8432605329290395 1.6255791319431832 1.8055110909135599 8.846130637883864 6.292306545114345 1.6890896229489596 4.096971285182821 4.2970873916610834 1.1068142921676087 4.9764930427931695 1.4818843044855494 7.0532950422712055 1.2904205911511502 4.4604147660664815 8.417191901817336 9.082833537962438 3.9680985746313873 1.8760822090567375 2.6955540116926837 2.4813874420236237 9.435405968456728 9.894932555750861 1.8361518464707736 3.3597454610573267 2.194032153609047 7.48724742135269 2.722038500484481 1.1358024108542377 2.3862075628688606 9.114430538845554 6.529671081344919 1.8696685704817861 2.4985006584485876 1.0431721435641244 5.178449579569604 1.630252176831879 9.17317703021193 3.473003259026896 6.229790137178848 9.068500098084215 2.4314217234039184 8.328743168963422 4.62232058612463 3.0892007703094517 2.079340268710931 3.9991725532594575 7.546259781343633 1.1933113266405229 3.758575477903501 3.551461141752638 8.391956740976642 6.019217725703013 9.572051473963828 3.6867245131908253 4.036007627037231 3.6191998653752764 4.116854911159094 9.67472477096711 5.0770625801679925 1.519595004877428 2.7920126295528496 6.2604498192712725 2.983178094550001
0.6954062056424078 1.3506153696654855 1.3230185822036837 1.6004761531677487 1.0606043531009 1.9264409938798526 1.995381572077072 1.6985238976347226 0.5669210935726298 0.4412900026594361 1.3070263103620072 1.2673767036867338 1.3606048883959407 1.979696957280283 0.8032927023536841 1.655333884473603 1.4076468574849037 1.168652106585808 0.3251158263886366 0.361102218182712 1.7692261275767727 1.258461309022869 0.33781792458979193 0.8193942570365642 0.8594174783322167 0.22136285843352174 0.995298608558634 0.2963768608971099 1.4106590084542412 0.25808411823023003 0.8920829532132963 1.6834383803634672 1.8165667075924876 0.7936197149262775 0.3752164418113475 0.5391108023385367 0.49627748840472474 1.8870811936913454 1.9789865111501723 0.3672303692941547 0.6719490922114654 0.43880643072180936 1.497449484270538 0.5444077000968962 0.22716048217084756 0.4772415125737721 1.8228861077691108 1.3059342162689838 0.37393371409635723 0.4997001316897175 0.20863442871282487 1.0356899159139208 0.3260504353663758 1.834635406042386 0.6946006518053792 1.2459580274357696 1.813700019616843 0.4862843446807837 1.6657486337926843 0.9244641172249259 0.6178401540618903 0.4158680537421862 0.7998345106518915 1.5092519562687268 0.23866226532810458 0.7517150955807003 0.7102922283505275 1.6783913481953285 1.2038435451406024 1.9144102947927657 0.7373449026381651 0.8072015254074462 0.7238399730750553 0.8233709822318188 1.934944954193422 1.0154125160335985 0.30391900097548563 0.5584025259105699 1.2520899638542544 0.5966356189100002
0.32395144337357584 0.3966881843415363 0.0658080839836459 0.21355228830124195
0.3942147485315711 0.49004614939785496 0.10760161751779274 0.008137484552781182
0.445980387327782 0.24589119778968715 0.02971826917063103 0.2784101457118998
0.5666901267805949 0.18569788452671643 0.05491316849227568 0.19269882020041296
0.11597282733154879 0.041234387216575685 0.14085635715759448 0.701936428294281
0.1852220426010599 0.6340319413787461 0.0902281292163073 0.09051788680388673
0.14053916033501102 0.38304189361272534 0.28302394183524315 0.1933950042170205
0.06630833471503983 0.3759840738568484 0.08588912694093609 0.4718184644871757
0.4454537628633445 0.0810906842155168 0.24394577835423614 0.22950977456690258
0.019407164738009297 0.231709225139607 0.7333817251003314 0.015501885022052297
0.1745161029599942 0.26905465123040473 0.5289624216598826 0.02746682414971846
0.05426589150573313 0.21119569362042467 0.2556720037908716 0.47886641108297057
0.2978916663044704 0.012542827803421197 0.5831446321290049 0.1064208737631035
0.3821243839080696 0.0770672894455463 0.08504406467745895 0.45576426196892517
0.7556300034432444 0.060718065656389486 0.012670272756770573 0.17098165814359556
0.6163638026831147 0.04732554981202164 0.020508723684323327 0.3158019238205403
0.1617030417947687 0.7679241888975566 0.018956260537741132 0.05141650876993353
0.06576038985039157 0.1677675055578124 0.14529509804368768 0.6211770065481084
0.30658980472187103 0.29028161008764297 0.34016031574132166 0.06296826944916434
0.7637000268867655 0.061298320736708156 0.14223485050103757 0.03276680187548875
0.24180724264153997 0.11150063048822734 0.5035094990758306 0.14318262779440205
0.32007897771413196 0.5599957516171158 0.024180988551685934 0.09574428211706631
0.034077545002250575 0.11514096371227922 0.45882321927834746 0.39195827200712274
0.01647562579532913 0.46371557560027776 0.4465846203778838 0.07322417822650928
0.2358569910278513 0.10257574237409683 0.09820896501693832 0.5633583015811136
0.07782594563509004 0.0044651216143020145 0.4149465994863425 0.5027623332642654
0.2771748483319951 0.010409840755642552 0.500191473338452 0.21222383757391028
0.2871047855742307 0.35670175270262605 0.08638589670395092 0.26980756501919234
0.7783140952809577 0.1858517961844146 0.0017525180384800887 0.03408159049614756
0.07013695461600866 0.008067312791903647 0.23999473544900507 0.6818009971430826
0.6055941379197994 0.013500834716000054 0.3248202258728923 0.056084801491308234
0.3103123196163027 0.47704941110596755 0.11000058406380131 0.10263768521392846
0.33659401211287987 0.03782389941701292 0.4913486638615959 0.1342334246085113
0.4158226994916199 0.19238009609162154 0.03950900253642298 0.3522882018803356
0.4713184504160042 0.16980727013396968 0.26604747251244587 0.09282680693758028
0.33572988223716393 0.2874174647182447 0.23514304439472833 0.14170960864986304
0.10989069163706555 0.4195815372302981 0.17315765037329334 0.297370120759343
0.18362871065916708 0.3100379683024923 0.38108817802062656 0.12524514301771406
0.13793830679878638 0.027486182349672816 0.674844884996744 0.1597306258547968
0.22463778413865343 0.3944375929103425 0.09969684851136829 0.28122777443963576
0.09196218605434336 0.44155998886922 0.4386212309827089 0.02785659409372776
0.3890771052849641 0.03322004580847737 0.11568859317765712 0.4620142557289014
0.41467908902210626 0.05568303151657017 0.2210181024634884 0.30861977699783516
0.07288265933748828 0.22359401915977317 0.1917353353007023 0.5117879862020362
0.2722127531713653 0.04616303482373241 0.06440726351915382 0.6172169484857485
0.12611682423531434 0.7880947080828051 0.05702922033628832 0.02875924734559221
0.4947811650040218 0.013065499969264094 0.1819477042254758 0.3102056308012383
0.474045626280995 0.09397022477193184 0.04741736171776878 0.3845667872293044
0.2732411749409016 0.08532865163951942 0.04063468342912746 0.6007954899904515
0.2060303645353233 0.4403448212641521 0.06933675011314078 0.28428806408738383
0.34132968399194674 0.014747553606628161 0.44846899596139467 0.19545376644003043
0.25271058172811445 0.05613031602139262 0.296138246420534 0.39502085582995894
0.008919663327753291 0.04055878785201905 0.4762592584205664 0.4742622903996613
0.41143333458037834 0.007618276984429295 0.07039099504621071 0.5105573933889817
0.13774172981116206 0.2986611326698446 0.3418648510533804 0.22173228646561294
0.39823815454530886 0.2269502362744349 0.22293728946520275 0.1518743197150535
0.11761887154209072 0.33714963625722216 0.023776083684081795 0.5214554085166053
0.0766943960604547 0.016806389856183213 0.6603409367650612 0.24615827731830087
0.22607555253741896 0.14791395248219896 0.04451569652490639 0.5814947984554757
0.02979309238825789 0.5446480554325664 0.29663650830703936 0.1289223438721363
0.3503310863445389 0.11907788932572605 0.050118718430597786 0.48047230589913725
0.027801337956887218 0.6468575331723059 0.25032192667679865 0.07501920219400826
0.13805344268548114 0.028777816315952 0.7499518699439225 0.08321687105464437
0.22639064369864026 0.12996281354004613 0.22687373457350146 0.41677280818781215
0.1191161147124884 0.6320022489736634 0.2189029475385238 0.02997868877532439
0.0793983112693325 0.2960017933270854 0.15559475671668 0.4690051386869021
0.08367099626230912 0.4719628649399037 0.029182485737830444 0.41518365305995675
0.09192112378537198 0.5667326512331253 0.15161086241858746 0.18973536256291523
0.5258428513829364 0.19913225336366347 0.008644442349003634 0.2663804529043965
0.006798572519636115 0.07714524124083733 0.5744427599612946 0.341613426278232
0.5150262527845212 0.3842719066283067 0.04561289677426017 0.05508894381291196
0.0985825002375198 0.16426388137988968 0.38186924214234963 0.3552843762402409
0.032153215298382554 0.45411145017204035 0.06599756930794676 0.44773776522163033
0.03936829027899402 0.3405193184809314 0.3982987760184087 0.22181361522166587
0.5131744926813645 0.05249656217849141 0.051102355440177494 0.3832265896999666
0.243353868894563 0.432239771143309 0.11791614226201141 0.20649021770011655
0.28867929340786236 0.24002433876877316 0.14278823809757724 0.32850812972578725
0.059880252979268356 0.05343449645926923 0.24858070652354236 0.63810454403792
0.6235889402324949 0.03393715888541493 0.312557735126591 0.029916165755499158
0.2956416348559957 0.2550878019509387 0.3745107158168681 0.07475984737619745
0.03356490134629886 0.21153698393976494 0.03143623603041279 0.7234618786835234
0.21655608469331733 0.13873357686539856 0.39837282639556904 0.24633751204571508
0.802328892065909 0.05525378796787439 0.044941841637586855 0.0974754783286298
0.43486191626868864 0.1819863408230551 0.13823826727110278 0.2449134756371535
0.2941783780833477 0.06666760617651613 0.40707730729725045 0.23207670844288575
0.09010178797648039 0.2998539509128244 0.42992452600613384 0.18011973510456136
0.12865998750495966 0.21488868561488128 0.49015977855192927 0.1662915483282298
0.00526085006499355 0.15309618146405424 0.5730611748244002 0.268581793646552
0.7242205846748522 0.25517562400941707 0.0063634657362722225 0.014240325579458535
0.06684511640086743 0.7054690210563772 0.15598978818410814 0.07169607435864722
0.3779981210082678 0.23134848297791621 0.187386840548467 0.203266555465349
0.5203332879695607 0.01029355208757654 0.10422890393133766 0.3651442560115251
0.2786774648688938 0.3616254077826583 0.02257786809532336 0.3371192592531246
0.10442088906218283 0.23522120223666043 0.43924673503022826 0.22111117367092847
0.2588879724875579 0.32121742350995375 0.0965573693188243 0.32333723468366404
0.08400200022541182 0.45687626380118196 0.44828032465403356 0.010841411319372662
0.5820100073148802 0.1674059660404058 0.05188765394848682 0.1986963726962272
0.2294106232167511 0.7268221249993488 0.03701323553025648 0.00675401625364358
0.06717131123151132 0.010468615848968299 0.35144143885735635 0.570918634062164
0.18118508487976503 0.139615824846541 0.604353477396076 0.07484561287761793
0.00668794561891739 0.3165663978451977 0.1731224092807917 0.5036232472550932
0.3070604502352746 0.3424520890253784 0.31644694985843613 0.03404051088091087
0.22637470735724652 0.6087164196401117 0.13503122994878491 0.029877643053856873
0.20968745804962408 0.5726327434273284 0.0031817501515462032 0.21449804837150133
0.3363946043899193 0.08607189109485203 0.2652301592927877 0.31230334522244096
0.48239630474586415 0.2391725252702781 0.24067931950084165 0.0377518504830161
0.4958279062368197 0.031252417449737724 0.03161300137197598 0.4413066749414666
0.7062593949684285 0.13133879630332979 0.09339049660253895 0.06901131212570277
0.4655045446300764 0.0370515191300923 0.2567124317841084 0.2407315044557229
0.26477910645960223 0.6309960023844787 0.017621230914037445 0.0866036602418816
0.34665517530805257 0.14865995300455837 0.4469231546038256 0.05776171708356348
0.2656374011074941 0.09486735457706963 0.6050854452570004 0.034409799058435886
0.06840166705530193 0.2866998594946283 0.5838953323613225 0.06100314108874727
0.1750469249021317 0.11068037994218316 0.5910499035705035 0.12322279158518168
0.3731558753939589 0.5499599792249341 0.0013959064710551417 0.07548823891005185
0.056048351192202306 0.2819264751656638 0.1346025131826003 0.5274226604595336
0.3957353828556224 0.07338734192839047 0.2461357185064994 0.28474155670948775
0.22757915485316205 0.006072717744532996 0.4757479992857859 0.29060012811651903
0.53486252718303 0.018484350379311065 0.3437700552087334 0.1028830672289256
0.11022336643492503 0.1992702195062277 0.37378881663641284 0.31671759742243444
0.002524917564590834 0.531621431291282 0.2313978199236184 0.23445583122050873
0.39213802763943917 0.03996209384344729 0.4776062484268476 0.09029363009026592
0.5181151465234857 0.04861315737630523 0.2787150158520818 0.1545566802481273
0.08329069088320684 0.18173187138408253 0.1575238197952613 0.5774536179374493
0.0851378853156104 0.22337294979005295 0.6677111988915173 0.02377796600281934
0.7096109365305278 0.12653362737135565 0.16041947031362402 0.0034359657844925673
0.06718871744583699 0.3566780539472433 0.22268813286179134 0.3534450957451284
0.1198928453575886 0.29233216572938525 0.08766153399805832 0.5001134549149678
0.18850514220511305 0.13369322519147553 0.1511064388398844 0.526695193763527
0.1827426909780847 0.15746325853391918 0.1840861918364315 0.4757078586515646
0.003005462799531733 0.47082463052321666 0.2313341772855978 0.2948357293916538
0.13139580753894642 0.39071191419249707 0.01879149727559104 0.4591007809929655
0.2321936060091545 0.04255129449767214 0.4196314984057905 0.30562360108738285
0.31786763783759187 0.07684364015073031 0.1016232676073946 0.5036654544042832
0.3471427054582822 0.3774904856282162 0.2468231434119823 0.028543665501519322
0.4034337624614569 0.30942027897341084 0.0037967130657434733 0.2833492454993888
0.015590513253176952 0.07300330618729778 0.8489201468736338 0.06248603368589145
0.31312791944752183 0.4109562871018312 0.2502076749880996 0.02570811846254739
0.22588137505088257 0.12379497508434345 0.3857430979039401 0.26458055196083385
0.6287113826969933 0.10682013785262845 0.12420896840203588 0.14025951104834233
0.3268826070838814 0.07125154881098017 0.3790842240101996 0.22278162009493885
0.15771243783078703 0.15859813079724983 0.30787253461254815 0.375816896759415
0.17560970721304947 0.1859578922360966 0.14182526065476242 0.4966071398960915
0.15319815581951857 0.10505093018178124 0.3770077385763123 0.3647431754223879
0.018091396449687935 0.09659452034808114 0.2718948958850276 0.6134191873172034
0.10597087185896914 0.26960923674284465 0.26339421258350626 0.36102567881467995
0.2721878420296099 0.3597449941642157 0.2405571568701691 0.12751000693600534
0.23064513448943502 0.5338408404742653 0.02882303719936874 0.20669098783693096
0.31772902119744206 0.0284313255237022 0.1396124895757168 0.5142271637031389
0.027645195081639096 0.14488888137560263 0.3647920624239147 0.46267386111884357
0.1268241537491115 0.496767792000843 0.29427549518904905 0.08213255906099648
0.4188835747672047 0.11601672124565687 0.20201493058784992 0.2630847733992885
0.21523826943201052 0.231704713035775 0.3594255178402769 0.1936314996919376
0.05471346714335623 0.015274048211548652 0.14129376129257332 0.7887187233525218
0.013732581123745757 0.05487773565189091 0.698378368618701 0.23301131460566238
0.08937235805134158 0.039201814651274036 0.1854310988018022 0.6859947284955822
0.09646444097578966 0.04974739272746842 0.15206346652289837 0.7017246997738436
0.11248866733726748 0.05834846551602535 0.4478721016494984 0.38129076549720875
0.4280949775824777 0.009219110558025378 0.27803534533791796 0.28465056652157894
0.07254213484583638 0.5547426446608003 0.030234585510961032 0.34248063498240233
