48 30 4 70.08942593910623 140.17885187821247
1.1574124383803737 9.024159404622326 3.563750507265265 3.690787397130621 8.128308345898864 3.9202353773040595 8.782393480212324 5.027613689924867 5.934069157150848 4.214547953469905 2.0108082285343882 2.277074393634674 5.004631690409664 7.587822026682207 5.140911053766444 6.3346996807783515 4.030424716861731 5.089850387454608 2.6841499554747226 4.679516919490395 2.1889183595132446 1.3339928348635477 1.7378904767599994 2.9209595597230718 5.907063373432729 6.895597135361253 6.299091242309179 6.1748522843590825 4.012167859171249 4.42515194827247
0.23148248767607474 1.8048318809244652 0.7127501014530531 0.7381574794261242 1.6256616691797727 0.7840470754608119 1.7564786960424648 1.0055227379849734 1.1868138314301695 0.8429095906939811 0.4021616457068776 0.4554148787269348 1.0009263380819329 1.5175644053364414 1.0281822107532888 1.2669399361556704 0.8060849433723462 1.0179700774909217 0.5368299910949446 0.935903383898079 0.43778367190264894 0.26679856697270954 0.3475780953519999 0.5841919119446144 1.1814126746865459 1.3791194270722507 1.2598182484618357 1.2349704568718165 0.8024335718342497 0.885030389654494
0.03742705562434445 0.10874936495920962 0.2554642713437306 0.5983593080727153
0.15206782544023678 0.11105121448300737 0.02433330851088733 0.7125476515658685
0.09006696587638663 0.07471641435294663 0.7858054583737565 0.049411161396910264
0.03477780936045416 0.271298157277145 0.3738387253003328 0.32008530806206803
0.7281009213924426 0.16145942820157966 0.07328703082100874 0.03715261958496896
0.06077463391516946 0.08189081127612097 0.8490899052766596 0.008244649532049952
0.46677098673987094 0.2226368450169709 0.023127212102340033 0.28746495614081813
0.35293931410909596 0.26356642107268 0.3099213887855189 0.07357287603270513
0.01553175440855492 0.46914825230460633 0.2596875111611774 0.25563248212566136
0.06666673861374961 0.21169851721239918 0.7057969642636435 0.01583777991020774
0.03984569310124453 0.22889819859340932 0.5303504109631555 0.20090569734219066
0.25839358997133954 0.45621927719929933 0.21541777101674386 0.06996936181261726
0.028767325522239817 0.16600025297493337 0.2565573458078957 0.5486750756949311
0.41441444089796775 0.022680224107693103 0.38707204787235316 0.17583328712198598
0.15587814262589017 0.02946051316325482 0.093976225859973 0.720685118350882
0.559589952847043 0.16451894499859632 0.2074965919239543 0.06839451023040632
0.10775789740363695 0.2517434675733923 0.6107308098868354 0.029767825136135406
0.40794052726749364 0.39849189436747756 0.10675787999290265 0.08680969837212615
0.46781611809916657 0.1776391409462761 0.08457545744845418 0.26996928350610316
0.33626769893982944 0.28227403834057085 0.0223718093466988 0.3590864533729009
0.3840704205349681 0.15528386963520702 0.06763592727737389 0.393009782552451
0.3724920263235939 0.27332893427495464 0.30914566407649613 0.04503337532495533
0.2274290870826432 0.15548628275354937 0.5904221339362409 0.026662496227566557
0.41441409176372845 0.24046896303403853 0.31736380211038195 0.027753143091851062
0.6214500618686376 0.10679104839335041 0.16713201398553534 0.10462687575247664
0.33641143186840883 0.07798699976058077 0.4031764485717175 0.18242511979929288
0.4444010648550607 0.05257548565912129 0.2975769733118059 0.20544647617401213
0.002284185279189832 0.08555507374273741 0.8803968423337282 0.03176389864434459
0.11171651349206269 0.18206277273199378 0.6393186492447888 0.06690206453115477
0.6359558550391426 0.10663095451440341 0.0529438974822406 0.20446929296421334
0.6136303874864167 0.06569444465242513 0.10945938615929385 0.21121578170186428
0.6516793740025006 0.12019767614610888 9.217964953933677e-05 0.22803077020185114
0.3377937105460287 0.3550446215788662 0.2256360103414048 0.08152565753370034
0.18210750582402757 0.18809154487064195 0.5389666190606505 0.09083433024468002
0.382788860417118 0.13491096792188206 0.06154551181133938 0.42075465984966054
0.09164294417442653 0.30099278762599246 0.5143846887899841 0.09297957940959689
0.0007973040569280165 0.3799687752053982 0.22599629409777655 0.39323762663989725
0.07990278953207586 0.257798422172548 0.26165897172771024 0.4006398165676659
0.35017046646380356 0.2237616123597358 0.25704830178225013 0.1690196193942105
0.2797879009724844 0.08130740712649365 0.08558314761483121 0.5533215442861907
0.0242773773017666 0.2172485938047498 0.5649741348315663 0.19349989406191725
0.39337442224446295 0.21394501441037206 0.38087701468866453 0.011803548656500462
0.11479585648509816 0.16422583328400386 0.47000961984078893 0.25096869039010905
0.24033877033048523 0.014439623596891438 0.6621146113886087 0.08310699468401461
0.05549228289894903 0.07092124507874242 0.808648509384179 0.06493796263812956
0.3406667872106023 0.5587586238738659 0.09505738346705683 0.005517205448475004
0.42218717214460855 0.13721628373697992 0.275385842789602 0.16521070132880955
0.3205935830740604 0.0079930089575031 0.020889098730644373 0.6505243092377921
0.2840711389291112 0.36042282764063527 0.21056715308659757 0.14493888034365598
0.03671572664813327 0.6463155580287231 0.24859559020441713 0.06837312511872651
0.5506805596166198 0.13632057030918954 0.019494149433219476 0.2935047206409712
0.2375625796209596 0.6706115063338256 0.055172560961281425 0.03665335308393336
0.3630415130217123 0.1090439436433488 0.16087932836239127 0.36703521497254765
0.04841733111474089 0.0964890051595797 0.8339423054306975 0.021151358294981937
0.10202687035475166 0.023476236313332066 0.3639801283067764 0.5105167650251399
0.23216123148463996 0.15386561420643252 0.3023817552589789 0.3115913990499486
0.07932121218190968 0.7936442724919183 0.105508350447867 0.021526164878305054
0.49661342735748104 0.029595566134748896 0.40315719617643253 0.07063381033133753
0.49765975109945015 0.0385221789735718 0.1149100275650149 0.34890804236196316
0.3389927612104614 0.03885983875152765 0.585564346764317 0.03658305327369393
