42 50 4 125.3328784882588 250.66575697651757
4.370861069626263 9.556428757689245 7.587945476302646 6.387926357773329 2.4041677639819286 2.403950683025824 1.5227525095137953 8.795585311974417 6.41003510568888 7.372653200164409 1.185260448662222 9.72918866945795 8.491983767203795 2.9110519961044856 2.636424704863906 2.650640588680904 3.7381801866358395 5.72280788469014 4.887505167779041 3.6210622617823773 6.506676052501415 2.2554447458683766 3.629301836816963 4.297256589643226 5.104629857953324 8.066583652537123 2.7970640394252375 5.628109945722504 6.331731119758382 1.4180537144799796 6.467903667112945 2.5347171131856236 1.5854643368675156 9.539969835279999 9.690688297671034 8.275576133048151 3.741523922560336 1.8790490260574548 7.158097238609412 4.961372443656412 2.0983441136030097 5.456592191001432 1.3094966900369656 9.18388361870904 3.3290198344001523 6.962700559185838 3.8053996848046987 5.680612190600297 5.920392514089517 2.6636900997297435
0.8741722139252526 1.911285751537849 1.517589095260529 1.2775852715546658 0.48083355279638573 0.4807901366051648 0.30455050190275906 1.7591170623948833 1.2820070211377759 1.474530640032882 0.2370520897324444 1.9458377338915898 1.698396753440759 0.5822103992208971 0.5272849409727811 0.5301281177361808 0.7476360373271679 1.144561576938028 0.9775010335558083 0.7242124523564755 1.3013352105002831 0.4510889491736753 0.7258603673633927 0.8594513179286452 1.0209259715906647 1.6133167305074245 0.5594128078850475 1.1256219891445007 1.2663462239516765 0.2836107428959959 1.293580733422589 0.5069434226371248 0.3170928673735031 1.9079939670559998 1.9381376595342068 1.6551152266096303 0.7483047845120672 0.375809805211491 1.4316194477218824 0.9922744887312824 0.4196688227206019 1.0913184382002865 0.2618993380073931 1.8367767237418078 0.6658039668800304 1.3925401118371676 0.7610799369609398 1.1361224381200594 1.1840785028179035 0.5327380199459487
0.5978999788110851 0.341598962753104 0.030085686200369444 0.03041537223544144
0.045227288910538066 0.04326521314138143 0.3001847876375625 0.611322710310518
0.14092422497476265 0.14001028471261812 0.5478029994645486 0.17126249084807066
0.005522117123602399 0.06902852655616842 0.6976941256168866 0.22775523070334258
0.3584657285442726 0.3483916153033445 0.06441300283832863 0.22872965331405426
0.3109823217156622 0.019915703136986984 0.5322054010229443 0.13689657412440648
0.1195942459383017 0.6100119323997624 0.15760656423826247 0.11278725742367346
0.5227328293819941 0.23805221923490338 0.010182131337663547 0.229032820045439
0.02541912674409519 0.006010058942639063 0.2829267953895924 0.6856440189236733
0.22879816549162246 0.18158475754400727 0.4971835508904633 0.09243352607390698
0.289751452913768 0.34365230359665544 0.2962938958321496 0.07030234765742693
0.8036720768991145 0.0037680782649480715 0.08511884332591524 0.10744100151002223
0.22793516254194168 0.09006831242992219 0.5000112909506292 0.18198523407750689
0.006952130531190703 0.1129132368024921 0.2975456358150962 0.582588996851221
0.363629602379294 0.15516101936407212 0.42411908216915306 0.05709029608748084
0.2848404943774676 0.21240801151491784 0.4651987890497258 0.03755270505788877
0.05147875124998935 0.5580855827299075 0.29870155198675685 0.0917341140333463
0.1448948720912231 0.5272406753146555 0.31351490670472215 0.014349545889399296
0.23763754399239967 0.13014558872685356 0.2657465780416415 0.3664702892391053
0.040775141554763916 0.049514628499644386 0.23049029491732753 0.6792199350282642
0.512093058299281 0.13307973211016888 0.032391571432832555 0.3224356381577176
0.3410663510502585 0.34987138705220744 0.24579225063426857 0.06327001126326548
0.2579416277151556 0.5592805724860602 0.10747141807734695 0.07530638172143722
0.09310276780589921 0.4365478105501073 0.37076747880732397 0.09958194283666955
0.3390297910487007 0.3869258878215387 0.16113074539487793 0.1129135757348827
0.16162871409461377 0.44480034556497616 0.03560258649469783 0.35796835384571224
0.005061583846218687 0.09640995901981342 0.447262246500554 0.4512662106334139
0.3253996981592677 0.3265615613433328 0.06021796184493533 0.28782077865246414
0.09367476782809248 0.5559581312191222 0.007979993253128703 0.34238710769965663
0.26520236768172545 0.6268441874953878 0.08096399957533229 0.026989445247554422
0.1952429877980445 0.3816608968283146 0.2179074189152893 0.20518869645835158
0.2807723624408558 0.364699933466312 0.2949862884457465 0.059541415647085705
0.015456616528867428 0.4127275317884469 0.4866802419031342 0.08513560977955148
0.2944488920695857 0.5566877794472712 0.11248330557239594 0.036380022910747156
0.1694927466860925 0.4005684234032725 0.366093604071416 0.06384522583921903
0.14008401523652403 0.4749232114626457 0.2623658452287857 0.12262692807204456
0.35949115121975517 0.3375245897755128 0.11234541448324564 0.19063884452148638
0.5113423988609378 0.28695278010583736 0.06877713961332854 0.1329276814198963
0.375582952639944 0.32638392461775934 0.18803846455986295 0.1099946581824337
0.2865412521282844 0.17905676600417575 0.11268212286371382 0.421719859003826
0.03050024993904943 0.09656026271283535 0.6955400480077735 0.17739943934034175
0.0516817211686077 0.5712087546503926 0.14710307727961058 0.23000644690138916
0.5163003483011953 0.024334773308911206 0.18545621211255503 0.27390866627733845
0.02535074341545751 0.4136206772901786 0.35621477406306756 0.20481380523129633
0.15643704267108605 0.25251590174318383 0.42702717609793595 0.16401987948779417
0.5492266647061205 0.1109707120116108 0.29466790394546283 0.045134719336805906
0.3559726786512616 0.06362738377652832 0.13475399008361078 0.4456459474885993
0.014393488629755868 0.03160915339199688 0.8094579419892545 0.14453941598899278
0.17320186991001518 0.30097195917731 0.017442046029507163 0.5083841248831676
0.3746126146264712 0.02389211977090222 0.23658891647027036 0.3649063491323562
0.7751328233611146 0.11969452706653427 0.027046884595468 0.07812576497688317
0.1959828624191452 0.07536616935475071 0.05398129898936843 0.6746696692367357
0.3567533266935893 0.1859427564646592 0.2595008975957912 0.19780301924596033
0.1987156815341724 0.6167457469206618 0.17142550814568314 0.013113063399482705
0.07404465173409036 0.04182440779103935 0.6131381085158576 0.2709928319590127
0.06355835028602363 0.2616249717407234 0.2981148048008109 0.3767018731724421
0.4722149251619493 0.16534254619326383 0.07568731586778188 0.286755212777005
0.42754101835854963 0.06625457800584111 0.06748160120510549 0.43872280243050377
0.10789142699330445 0.4006792641713983 0.12783972009907763 0.3635895887362196
0.07697990982879299 0.17231231932008195 0.5062589093941737 0.24444886145695133
0.16122128725400442 0.6468990923104125 0.06334021062330075 0.1285394098122823
0.18657005888603584 0.3527721830296149 0.3567490580078425 0.10390870007650677
0.11005192452767676 0.31705586409857955 0.4336227946300871 0.13926941674365656
0.22210781047073025 0.1155073609328977 0.17313213117393778 0.48925269742243427
0.32320293202075523 0.3798160268744226 0.2687631238257828 0.02821791727903933
0.036886947354532795 0.21489534847083136 0.04909601399140551 0.6991216901832303
0.23956189066697242 0.039084573569639014 0.22403255899225005 0.4973209767711385
0.2420552715115004 0.2473974887660626 0.27216685505115457 0.23838038467128242
0.5357746840747585 0.096531146518821 0.0959105180182801 0.2717836513881404
0.18651851039985423 0.4043744327883876 0.24440955240099616 0.16469750441076203
0.016587828927856152 0.1577786000771353 0.05212934619294651 0.773504224802062
0.11347352124058907 0.02404742290540418 0.24921440215454416 0.6132646536994626
0.5552008115994623 0.10478323443471671 0.21735530734680197 0.12266064661901899
0.24185229090045168 0.39124916637281626 0.2641143006800588 0.10278424204667325
0.3492095746126609 0.430665971244963 0.11723471409495323 0.1028897400474229
0.009197051616629648 0.07494291337841918 0.8144142235320304 0.10144581147292075
0.16080805141749865 0.5026937176905572 0.028393428584637448 0.30810480230730675
0.22426930946055978 0.012979778036240286 0.5092423176212241 0.25350859488197586
0.3677158030594335 0.2005928002760381 0.2809148071587063 0.15077658950582207
0.24398964337908358 0.14910808128767683 0.23804090133050249 0.3688613740027371
0.4925176938188639 0.010119399286328212 0.2198150221563132 0.2775478847384947
0.02431596643145384 0.1527947129755951 0.7768178975955384 0.046071422997412625
0.3701587002554444 0.558159862332281 0.038336256455944184 0.033345180956330434
0.31692200515627766 0.0681757234456476 0.4679117268654348 0.14699054453263993
0.09717649377076854 0.4596247686875816 0.13922853421662285 0.303970203325027
0.5183296523637367 0.2224389653904677 0.24928523235005884 0.009946149895736722
0.29359184426449336 0.4088922397226159 0.10762931069207149 0.18988660532081925
0.5015162946871996 0.14844763609056555 0.26327662177870614 0.0867594474435287
0.093981939840869 0.2440132170106668 0.45779751258456525 0.20420733056389895
0.035942273796742086 0.5067023609108345 0.04818862586143413 0.40916673943098925
0.03734818874921442 0.3228424526620485 0.16205261864354148 0.47775673994519563
0.085347464993768 0.13047356250307518 0.3155336040713048 0.468645368431852
0.32295647294124596 0.3144734285569606 0.33842217796432805 0.024147920537465395
0.07845638134226596 0.19237586991980826 0.6918161634158508 0.03735158532207494
0.17329432007084578 0.07694857809374955 0.44573130792910265 0.304025793906302
0.27993389694594284 0.4346620257541195 0.023300993995706176 0.2621030833042315
0.24773098950115746 0.3639897567331948 0.14612536423001687 0.24215388953563088
0.040728802318970136 0.0753438381879461 0.5875852188731074 0.2963421406199763
0.09783416065100148 0.33601748858697156 0.039620121542592646 0.5265282292194343
0.04530400977204452 0.570546088280172 0.010009817662019915 0.3741400842857636
