38 20 4 58.16408475456624 116.3281695091325
4.462958075650693 8.737370619315572 9.49779672226678 7.325424042496564 6.7027068745426615 6.453651537915382 2.80114158573914 4.486490989000311 3.3308484737628845 1.671465532777911 3.528612772100117 4.9459073603144486 5.349241392305169 8.816405376586552 5.766664456038561 6.060368298112802 5.2394980959567174 7.199578062971397 5.543457448387413 8.408581792891413
0.8925916151301386 1.7474741238631144 1.899559344453356 1.4650848084993129 1.3405413749085322 1.2907303075830765 0.5602283171478281 0.8972981978000621 0.6661696947525769 0.3342931065555822 0.7057225544200234 0.9891814720628898 1.0698482784610337 1.7632810753173103 1.1533328912077123 1.2120736596225605 1.0478996191913434 1.4399156125942794 1.1086914896774824 1.6817163585782826
0.3091764244481644 0.345501957187098 0.30568877235132363 0.03963284601341399
0.08814555543490965 0.7111273733284801 0.17549671882231277 0.025230352414297497
0.21078592592609247 0.20239308668540323 0.509985282942841 0.07683570444566334
0.015090351039761307 0.11210263163672418 0.3158403772258911 0.5569666400976234
0.12116783759476857 0.09671088481100065 0.10611315357440798 0.6760081240198228
0.29481288648625625 0.06847288687415087 0.11545184090849869 0.5212623857310942
0.3294575572858509 0.08781610497149894 0.02459954101396844 0.5581267967286817
0.5793104991426287 0.06468840004493381 0.045328362968007796 0.3106727378444297
0.02715249618524962 0.3640961167124134 0.24477002195293018 0.3639813651494068
0.4556715486797702 0.08829898192310548 0.24394887202022297 0.21208059737690133
0.032681883466592954 0.38397440265015326 0.3204172644720832 0.2629264494111706
0.29752939595849814 0.5520965092758794 0.023840296779391035 0.12653379798623143
0.2223293912331995 0.2877727601522879 0.43950536097178006 0.05039248764273252
0.14731208958794795 0.06336616237444903 0.6821386766465457 0.10718307139105732
0.10326149406208718 0.4173748248094955 0.0916247875377123 0.387738893590705
0.03698088916499831 0.11360105073287208 0.17613906145553948 0.6732789986465901
0.0884656219527149 0.4389120798838655 0.4561670778287472 0.016455220334672394
0.448445646003794 0.3265652572213952 0.02062641676150956 0.20436268001330127
0.31018012874268597 0.17613887182864307 0.06526436991402396 0.448416629514647
0.3018397331562893 0.4099652210139443 0.006047049174702335 0.28214799665506407
0.5497210624790491 0.3084231762360773 0.09271448896620726 0.049141272318666385
0.44853465803239667 0.27981897901882 0.0646809721035323 0.206965390845251
0.24164118808015944 0.37326505066368354 0.11428313418540603 0.270810627070751
0.1842786974189522 0.4141206727623741 0.21344567616031884 0.18815495365835488
0.09042597346230319 0.3113150633501679 0.5902574524723465 0.008001510715182403
0.25006978324328 0.1676349412114011 0.15180265566123907 0.43049261988407983
0.2907360027058288 0.3105319044336088 0.04704759384670709 0.35168449901385535
0.6625087757167445 0.007643466389617659 0.24968768322266788 0.08016007467096997
0.4580688025734684 0.06821592312164104 0.2025118802690108 0.2712033940358798
0.6157460098784675 0.026029636953173063 0.3258191900626003 0.03240516310575914
0.019853526969808466 0.4962432860942949 0.22957179213545242 0.2543313948004442
0.36011858810158326 0.18269953587026455 0.3123185640710002 0.14486331195715196
0.24932814440963513 0.40119224501593687 0.026418533840424474 0.3230610767340035
0.2362862251202137 0.11986569144569148 0.051500396119192327 0.5923476873149025
0.2953283625939106 0.28938179402377373 0.4142610817744615 0.001028761607854145
0.5215856555433336 0.1331932514391193 0.2997237337728912 0.04549735924465592
0.4409570335519626 0.07103476344289306 0.3005069729860774 0.18750123001906693
0.043028117943009314 0.7231423042556117 0.1272084070020244 0.10662117079935463
0.4998716555485203 0.19543836515083213 0.3035830626571069 0.0011069166435406785
0.30326851404266764 0.3634572146161136 0.03521835978771304 0.29805591155350575
