1 30 4 73.78546025510893 147.57092051021783
4.753198042323167 7.482920440979423 1.001029373356104 3.7209931536865577 2.3208030173540175 1.8310473529191802 2.676341902399038 4.11004654338743 4.570907268076029 5.849350606030212 4.772750629629654 7.166975503570836 2.840070247583657 8.90305692751851 1.2464883387813355 7.03420759160562 4.755743221304143 6.028208456011765 2.263482447357104 2.782913401763909 8.206701118079831 9.714354181474578 3.8208176034331855 7.230903541023826 8.887502370664345 9.051459971534626 1.7653979023280013 1.3514930490959411 2.5284737760811202 8.903282530864718
0.9506396084646334 1.4965840881958845 0.2002058746712208 0.7441986307373115 0.4641606034708035 0.366209470583836 0.5352683804798076 0.822009308677486 0.9141814536152058 1.1698701212060425 0.9545501259259307 1.4333951007141672 0.5680140495167314 1.7806113855037018 0.2492976677562671 1.406841518321124 0.9511486442608286 1.2056416912023529 0.4526964894714208 0.5565826803527818 1.6413402236159662 1.9428708362949156 0.7641635206866371 1.4461807082047653 1.777500474132869 1.8102919943069253 0.3530795804656003 0.27029860981918824 0.5056947552162241 1.7806565061729436
0.0983468338330501 0.5935302801174233 0.2660124162000286 0.04211046984949807
0.018288277344191806 0.6682126503373919 0.30236016122491105 0.011138911093505288
0.10322600657764203 0.17721798548676315 0.6281515110286904 0.09140449690690444
0.019366957870297075 0.19226115812976197 0.0761472225862897 0.7122246614136513
0.4915731592803383 0.08254444621167478 0.015187931411271172 0.41069446309671576
0.04995345894608716 0.05238096988173868 0.5920657288999193 0.3055998422722549
0.6637946452197888 0.23960727006809468 0.041192840702929834 0.05540524400918667
0.13927634725075855 0.25840048973477503 0.5298317434105003 0.0724914196039661
0.7508121031361555 0.00013033089118164032 0.13236365717847265 0.11669390879419017
0.2699278917650261 0.15816329810626883 0.23535030794715317 0.3365585021815519
0.11474597295337519 0.293390829807906 0.041775330718659354 0.5500878665200595
0.00287032703115897 0.3237745747409372 0.5767346187901576 0.09662047943774621
0.015821242846556283 0.8701208564642182 0.022593051609024695 0.0914648490802008
0.17234050834532855 0.5185564091715954 0.24169854552023962 0.06740453696283644
0.06600017272206249 0.6455245859064093 0.04235142983277462 0.24612381153875362
0.01988013383979559 0.008426354180999018 0.8317214606620934 0.139972051317112
0.12417331511991114 0.42864866356585474 0.032937292772522 0.4142407285417121
0.56103021925571 0.23960245342490638 0.006472522938162806 0.19289480438122086
0.05991768951221166 0.49632254447820723 0.3073016205690098 0.13645814544057133
0.044551878544761725 0.18115746006309297 0.33400764344628775 0.44028301794585756
0.07197427968948678 0.18035146488083664 0.3157747173496187 0.4318995380800579
0.1954294811093188 0.04441827803826737 0.7301722299407262 0.02998001091168767
0.07002214371922233 0.08676925092686194 0.4631643237352955 0.38004428161862025
0.31736240932216075 0.26238280992363616 0.02658424240753343 0.39367053834666965
0.06633483442844157 0.48461338468945525 0.11828467433528778 0.3307671065468154
0.26031509857854096 0.3694024084430235 0.12303804671724938 0.24724444626118613
0.19343428262332774 0.06986248786378324 0.2613735386366227 0.4753296908762663
0.013951572975597015 0.7211143903130725 0.17274988921485457 0.09218414749647597
0.6167783570016576 0.2988279927646169 0.034569769480805146 0.049823880752920324
0.39000771414124624 0.214302768778727 0.3218709437864804 0.07381857329354635
0.31551563100606295 0.10559199399898922 0.1120576599679649 0.4668347150269829
0.7481656543798394 0.0019786605651280764 0.08448135695240544 0.1653743281026271
0.2936141483736795 0.15427937780222567 0.34138580227558335 0.21072067154851148
0.13002857211827767 0.13551808725394854 0.41328887356766475 0.32116446706010904
0.053362545117080384 0.09336602978872977 0.553029785115121 0.30024163997906883
0.4140559878195683 0.00012328170733433286 0.12171713638860893 0.4641035940844884
0.13747470414623753 0.37741440791207104 0.07166592844368436 0.4134449594980071
0.16535419711693278 0.18241166262857378 0.45962542896401726 0.1926087112904762
0.34889834197784253 0.27477386507776635 0.10232577829484257 0.27400201464954854
0.6216957202091218 0.27419049798694506 0.06895382895231872 0.03515995285161444
0.2370269802430277 0.34136263414410406 0.37109964431993947 0.05051074129292876
0.5270581022576093 0.04662138441467656 0.043465426948438024 0.3828550863792761
0.35726976000249977 0.26609035578930296 0.3060771179519586 0.0705627662562387
0.13713574962887776 0.5596824118610224 0.30050468896158034 0.0026771495485194974
0.1242709619721647 0.6311920906303017 0.16756148294401696 0.07697546445351666
0.026210986877719278 0.22000008072532662 0.29261999673860695 0.46116893565834716
0.2791836790111395 0.5628472133484662 0.12756485596006883 0.030404251680325456
0.01864728937294302 0.2143269844680774 0.15488637022315133 0.6121393559358282
0.12134345574073735 0.01511176991994767 0.6106664170764996 0.2528783572628154
0.012555980159115854 0.09493814894697705 0.6054948512765838 0.28701101961732334
0.20329323466099047 0.5405326194141025 0.22345047592517908 0.03272366999972798
0.49376971426872995 0.08758921300452782 0.2654698742167775 0.15317119850996475
0.018576202177409518 0.4677689087596223 0.3426357886131469 0.17101910044982127
0.3801411726235504 0.18871026446293093 0.41976471732596754 0.011383845587551122
0.2649195576628094 0.1051646402512969 0.3752502329923958 0.2546655690934979
0.06653648135411494 0.14363752856072465 0.5945805538285058 0.19524543625665458
0.06596109068402378 0.5734997901959163 0.28534708951941057 0.0751920296006493
0.2343620861214205 0.5378159434218263 0.1597940396535905 0.06802793080316272
0.5566531881951564 0.08491302075118112 0.3074501117412789 0.05098367931238357
0.48599066709690975 0.06355725441165283 0.3691855141250435 0.0812665643663939
