37 40 4 114.90259988042207 229.80519976084412
9.500469425715762 5.176883568739668 2.7351552606144187 6.237053891919928 6.580757891562644 7.158016157168567 1.9309379951799825 7.709281896559901 3.5378116306681235 7.780821284298549 8.134350666136445 6.646605366514238 4.991399594005613 9.671188171667191 9.07359898347597 2.771238592706717 6.363560198688306 6.160392509329119 7.344544187604809 9.363358165607433 1.4610684599885775 2.2133079002284104 2.053256555048087 4.28252284630532 8.230697544504727 9.732184487743144 3.9968133303657867 5.305778867444513 2.6104370276428845 9.122810395145999 7.872181165615516 2.789744773757009 4.291175510846803 6.360240446626722 1.3608484082853418 8.421651848487764 6.76244244468023 1.1722330968655301 8.254345345232203 4.64403386786616
1.9000938851431524 1.0353767137479335 0.5470310521228837 1.2474107783839856 1.3161515783125288 1.4316032314337135 0.38618759903599653 1.5418563793119802 0.7075623261336247 1.5561642568597098 1.626870133227289 1.3293210733028475 0.9982799188011227 1.9342376343334382 1.814719796695194 0.5542477185413434 1.2727120397376612 1.2320785018658238 1.4689088375209618 1.8726716331214868 0.2922136919977155 0.44266158004568207 0.4106513110096174 0.856504569261064 1.6461395089009454 1.9464368975486288 0.7993626660731573 1.0611557734889026 0.5220874055285769 1.8245620790291999 1.5744362331231032 0.5579489547514018 0.8582351021693606 1.2720480893253445 0.27216968165706834 1.684330369697553 1.352488488936046 0.234446619373106 1.6508690690464405 0.9288067735732319
0.0036038843698021905 0.3332470340578969 0.5999406792867121 0.06320840228558877
0.6797012767632207 0.024199378480046274 0.048173705065506334 0.24792563969122672
0.9028584605815093 0.07249733073451259 0.001695449326673093 0.022948759357305004
0.33135133487201707 0.11182095318108076 0.18646002990817645 0.3703676820387257
0.03963437307387663 0.29639674265775673 0.08257468509682864 0.581394199171538
0.584152685548166 0.2561356660184857 0.0996923446689496 0.06001930376439868
0.6873390029701252 0.09397011864439775 0.18859007215086265 0.03010080623461442
0.32359869262448837 0.11079126662729732 0.3582598840645479 0.2073501566836664
0.1056547172956468 0.016164978868046354 0.5428608752901903 0.3353194285461165
0.3023450550050508 0.10469778145978881 0.20965869138710969 0.3832984721480507
0.2449937392641175 0.21123223288761295 0.3105400718428878 0.23323395600538177
0.17293286856056744 0.6397110813512789 0.02534475210467957 0.16201129798347413
0.09107030481693645 0.41637398121611524 0.00973656202756601 0.4828191519393823
0.4659923785137676 0.34441004684777665 0.1651962942612778 0.024401280377177925
0.37209843570175927 0.2709108055129109 0.1006637808032741 0.2563269779820557
0.03371652819289683 0.7815515179591196 0.0028227284757973425 0.18190922537218623
0.1696767205417623 0.3614847429900464 0.40874718762431705 0.06009134884387424
0.18240508997401006 0.3118356833905982 0.4632606027668664 0.04249862386852532
0.41839438267579177 0.23518945724331863 0.32696940472678937 0.01944675535410023
0.32863031798333364 0.2914284719362006 0.1048158261685046 0.2751253839119612
0.32352382750465924 0.2924220704942403 0.3659101188615036 0.018143983139596864
0.04713783184133191 0.5587262049080901 0.1166102806086371 0.2775256826419409
0.33007478523457456 0.025799266279181055 0.06838479690224941 0.575741151583995
0.18289522374541167 0.06244737877539608 0.1521853770736491 0.6024720204055432
0.005550731753927063 0.3790340418879893 0.020076677427550815 0.5953385489305328
0.026163540734479906 0.7934993463973189 0.15193128451999893 0.028405828348202267
0.08927304178716666 0.5789304022979286 0.2621089120430923 0.06968764387181248
0.2873804029522674 0.09993386949739425 0.32187803133721227 0.2908076962131261
0.24310302546164475 0.22222205788777694 0.3303313040154998 0.2043436126350785
0.5174198517516223 0.044744554752046306 0.3895245937044459 0.04831099979188547
0.2654414946159699 0.11094396895284453 0.35879790972824344 0.26481662670294215
0.24777544870707713 0.04027871691259688 0.47369677154155365 0.23824906283877234
0.3654362537713701 0.1485827067801594 0.4369835447767768 0.048997494671693675
0.11297568740355268 0.08044498497315855 0.19794952595459125 0.6086298016686975
0.13013356610703974 0.5073021291376119 0.24039939456712567 0.12216491018822273
0.09092358729273753 0.2427537657673422 0.05083931926986818 0.6154833276700521
0.07908720188136409 0.10746130093309891 0.2744799509317726 0.5389715462537644
0.11547717604207264 0.4370851576632271 0.0951208097436248 0.3523168565510755
0.18733402240949282 0.06138905580473686 0.6741768193568732 0.07710010242889709
0.2613867887571516 0.14007280584947923 0.381547438945565 0.2169929664478042
0.4652334156763529 0.07016599717361138 0.3411552370915757 0.12344535005846002
0.038721346767512266 0.3802582723109873 0.046016559038513094 0.5350038218829873
0.5806743372841702 0.006610551881042648 0.3578767431694664 0.0548383676653208
0.4752617907753742 0.2547854160026971 0.1330141394951332 0.13693865372679548
0.20466254825117147 0.39285813583008156 0.09323149913409723 0.30924781678464974
0.40824451639258563 0.5172992420715257 0.03995708187436964 0.03449915966151906
0.07137022569955509 0.3996322528772164 0.014272382168730058 0.5147251392544985
0.1374493749586545 0.1890345463503179 0.6464391521404125 0.02707692655061511
0.19318416057479748 0.02686223663194298 0.3275325372859166 0.45242106550734296
0.3574527044920053 0.013855995777376284 0.17957590385345468 0.44911539587716376
0.2608241854094867 0.34980820794623846 0.09554517928445239 0.29382242735982245
0.47269834643618247 0.20190599281926702 0.01533743443192015 0.31005822631263036
0.004110485069153236 0.07433882233355504 0.6039632176536269 0.3175874749436648
0.02481596347386128 0.13800623065190554 0.7611230303758955 0.07605477549833772
0.4812930600260906 0.0954667604922278 0.11225031931188678 0.3109898601697948
0.04412111139287256 0.06412560423967595 0.1276030934263649 0.7641501909410866
0.2374600252319684 0.3928895909839797 0.11506522304903599 0.2545851607350159
0.16629329014354577 0.3219809739183226 0.3334396965388521 0.17828603939927956
0.1068767515049035 0.050560793422036565 0.504816345717963 0.33774610935509697
0.48772841112873333 0.2347320585160323 0.04904141118648553 0.22849811916874885
0.24828028906114463 0.27135112053085486 0.23389238688310976 0.24647620352489075
0.409210741763089 0.24183293937204575 0.09264742515516344 0.2563088937097018
0.13396220722112795 0.24614246108628302 0.256495195003019 0.36340013668957005
0.180288625100391 0.1779939598544461 0.2083942304921934 0.4333231845529695
0.28392708438707026 0.09465779551529985 0.3226955423298814 0.2987195777677485
0.13429867250695138 0.32518146774674683 0.49017888283600797 0.05034097691029382
0.023853801283035714 0.08196023173581624 0.3392637282237808 0.5549222387573672
0.03700251673733146 0.27096325639494356 0.15354183493656437 0.5384923919311606
0.13043739354285633 0.5257634948138253 0.18665084808311516 0.15714826356020317
0.36993783015108217 0.06591524762404766 0.5017608829708092 0.06238603925406094
0.13661189945169294 0.2884492949221459 0.1998277788983911 0.3751110267277701
0.14388025009660266 0.3178847043342632 0.5279379724985854 0.010297073070548723
0.49707234778905796 0.4052735105298104 0.015444332026499863 0.08220980965463176
0.070483346681663 0.09287486091481068 0.8358679702628043 0.0007738221407219692
0.41634090406763014 0.3751578836346743 0.0983473360743069 0.11015387622338868
0.03293020005447733 0.8438618735738063 0.010961352952093661 0.11224657341962274
0.2855453961858855 0.07967727123185109 0.44094711585026736 0.19383021673199607
0.05721156409754924 0.2791577002131851 0.5159798507374075 0.14765088495185819
0.2671761219786237 0.2623455942318812 0.12397096166073918 0.3465073221287559
0.09872173576906329 0.30577242226577406 0.2672979650320816 0.32820787693308107
