11 80 4 217.34426841865584 434.68853683731174
2.6224271998909225 1.1752771733886211 5.168966738485102 7.524405362729331 4.781832441289547 5.368843883510042 1.1150273313154777 5.386344465878844 9.476259871090296 8.657155804391008 7.569680231987367 1.9786246468207744 9.04513753256573 8.714388223655465 2.485779558357044 6.691006124411465 1.184352515121094 2.050635419020146 3.8473058045128634 2.4212107600744326 7.830816293444548 8.364478220777292 4.101620418632956 3.8691891717619025 2.0049510879519437 1.7555782898985135 7.414533421199586 6.3958905663189 1.5010631162657058 5.318175534934873 4.61508832567587 8.63181097792277 7.4606426140589095 6.418576461239421 5.971454393549475 9.541921579719737 9.880059973226217 4.04248644684575 3.1588721114722604 8.167921785891515 1.5731778769718987 4.28154078696437 1.630205223620522 3.87430936345819 1.633443355962612 3.612373004217808 8.110910110904104 9.148602887200646 8.133592465719335 6.056368391303906 6.544165465653863 4.253351879828816 2.5193556872690754 4.926168402986448 7.595428027133585 1.565988614746304 1.186596809930542 7.9349325977351715 3.699568084874989 7.310478475391652 7.612009488140515 9.396141644686113 4.602955896296276 4.225941355133406 8.25910111834949 7.880419868900243 6.873532659240255 8.298699165595606 6.779933728669496 9.616996475433597 4.004869793059831 7.644273605638057 9.54849975163463 4.00927738745116 6.50468797061333 4.2910315081943775 5.153862622485704 1.6750179379784411 1.1740902606841837 7.836845207969562
0.5244854399781845 0.23505543467772422 1.0337933476970202 1.5048810725458661 0.9563664882579094 1.0737687767020083 0.22300546626309553 1.0772688931757688 1.8952519742180591 1.7314311608782016 1.5139360463974734 0.3957249293641549 1.809027506513146 1.742877644731093 0.4971559116714088 1.338201224882293 0.2368705030242188 0.4101270838040292 0.7694611609025727 0.4842421520148865 1.5661632586889096 1.6728956441554583 0.8203240837265913 0.7738378343523805 0.4009902175903887 0.3511156579797027 1.4829066842399172 1.27917811326378 0.30021262325314113 1.0636351069869747 0.923017665135174 1.726362195584554 1.492128522811782 1.283715292247884 1.1942908787098951 1.9083843159439475 1.9760119946452435 0.80849728936915 0.6317744222944521 1.633584357178303 0.31463557539437975 0.8563081573928739 0.3260410447241044 0.774861872691638 0.32668867119252243 0.7224746008435616 1.6221820221808207 1.829720577440129 1.626718493143867 1.2112736782607811 1.3088330931307726 0.8506703759657632 0.5038711374538151 0.9852336805972897 1.519085605426717 0.3131977229492608 0.2373193619861084 1.5869865195470343 0.7399136169749978 1.4620956950783304 1.522401897628103 1.8792283289372225 0.9205911792592552 0.8451882710266811 1.651820223669898 1.5760839737800487 1.3747065318480511 1.659739833119121 1.3559867457338992 1.9233992950867194 0.8009739586119663 1.5288547211276113 1.9096999503269259 0.801855477490232 1.300937594122666 0.8582063016388755 1.0307725244971409 0.3350035875956882 0.23481805213683674 1.5673690415939123
0.36761762506764994 0.08514153942434766 0.2871923533058971 0.2600484822021053
0.6480564419758135 0.08615654532953954 0.059659419329454066 0.20612759336519293
0.1930180802665976 0.12585215949197748 0.01521265454376397 0.6659171056976609
0.31818719398704765 0.3405051574460408 0.18624617943908728 0.15506146912782426
0.30097916984093387 0.04273413711937046 0.0945073639170394 0.5617793291226563
0.2693035401785444 0.3576942790127663 0.34697043657394844 0.02603174423474086
0.4155036692248403 0.10350407236281867 0.014686240308694476 0.4663060181036466
0.4477711603657113 0.04972519238255113 0.2264149098713516 0.276088737380386
0.5565211058717441 0.28416432451690077 0.1304897732423499 0.028824796369005257
0.42039077484565157 0.49140470943032244 0.018970438183295357 0.06923407754073063
0.5388502918850757 0.05663639857797853 0.11747622976998051 0.28703707976696524
0.14491946190451044 0.3605537067150606 0.45058509542871605 0.04394173595171291
0.35778924129581746 0.19613803152576847 0.09411920035101096 0.3519535268274031
0.055084832105785964 0.1777980005235027 0.7561983289500672 0.010918838420644117
0.05411530447521384 0.42414133575762303 0.28895964438133726 0.23278371538582587
0.35583007986260196 0.25814024936076174 0.0675887137748652 0.3184409570017711
0.05295186810844732 0.02542793960721257 0.28220007068110253 0.6394201216032376
0.1759034817259575 0.5302441461017763 0.1082932430873168 0.18555912908494943
0.17079014782816504 0.12024782797516331 0.3824521679168672 0.32650985627980444
0.02773266075835501 0.29263978893082665 0.4314947194736727 0.24813283083714566
0.06544658271019488 0.538279964682567 0.08420969947867563 0.3120637531285625
0.14062588525348063 0.7207668021598638 0.041254741605680434 0.09735257098097516
0.5443871912785486 0.22815055613979696 0.020744314829489463 0.20671793775216496
0.234288511937924 0.3892080915193611 0.28495133940325423 0.09155205713946069
0.3743355683698556 0.09618448084534681 0.023034313135859574 0.506445637648938
0.27399239180774915 0.14131512380510214 0.0322972615155217 0.552395222871627
0.7588901036227373 0.12411666466805882 0.054497416081968675 0.06249581562723516
0.3304821088661958 0.1102718747497522 0.15246187597317484 0.4067841404108772
0.2840215869807551 0.07008104540037541 0.4744275408595484 0.1714698267593211
0.01836989442987258 0.4761937410571868 0.007606147548613995 0.4978302169643266
0.27827656976936765 0.5610118408325153 0.020582775365507566 0.14012881403260946
0.3386884703760198 0.3396610885318696 0.07693407381605566 0.24471636727605495
0.314647120130355 0.20249727912880378 0.4766320701296832 0.00622353061115799
0.2115011781361238 0.09094436008800122 0.46211736022256245 0.23543710155331254
0.03304441704947503 0.039524827112942695 0.48991549162374803 0.43751526421383424
0.02797631300041259 0.09615517896962578 0.5290136328940767 0.346854875135885
0.27985678149375914 0.25655647394449277 0.12813573734113415 0.33545100722061394
0.06574940877546687 0.3363966494637901 0.38946842053034825 0.20838552123039478
0.03839609224862206 0.03764528567809855 0.8292260308116385 0.09473259126164091
0.4479663902269472 0.3144640659394301 0.005453666109102806 0.23211587772451991
0.46612051709664437 0.1384067221779155 0.17575720492182922 0.2197155558036109
0.2913424595463794 0.3302362638733485 0.009077542337436628 0.3693437342428355
0.09846297786639624 0.17379330145132432 0.04913239789011892 0.6786113227921605
0.535743793854694 0.3607362335729487 0.05989891420827709 0.043621058364080256
0.7100334933361196 0.011540488131335569 0.03298403515600845 0.24544198337653633
0.07689554943318133 0.04058187962269466 0.4062066103275581 0.4763159606165659
0.11173844324449789 0.20638066411209843 0.6218701143006357 0.06001077834276802
0.17497807210117222 0.44322067464608483 0.08246265702724631 0.29933859622549663
0.10704076626823245 0.4893918446208295 0.1955571899185491 0.20801019919238894
0.23062615141484466 0.061115194368224435 0.25974146094741635 0.44851719326951456
0.15768436809037212 0.24941720760760988 0.34621776674517435 0.24668065755684365
0.11515934620524426 0.5836509650043024 0.26613490106513993 0.03505478772531345
0.6245378976215248 0.0012254412102704615 0.37006495512252124 0.00417170604568351
0.345527801300605 0.12327275934100568 0.22877496526142826 0.30242447409696105
0.30492016208911366 0.3639531081028846 0.21323259404659056 0.11789413576141117
0.7401749397325856 0.08334318460689882 0.05083120608523772 0.12565066957527782
0.1585357885664811 0.4379784631921434 0.0459637583810617 0.3575219898603138
0.19256691051904096 0.20937002052509546 0.2083310935071533 0.3897319754487103
0.36970720253918943 0.14645030392648095 0.06057446853176385 0.4232680250025658
0.2796914968876747 0.08443954178714719 0.47784114670819233 0.15802781461698578
0.5798827724508724 0.11133620526021148 0.014547732839797378 0.29423328944911875
0.006722747082761438 0.3698702540471219 0.16020577138501912 0.4632012274850975
0.35428742184314244 0.16849785220344315 0.24725900186053518 0.22995572409287923
0.4194870328283461 0.4666533427623053 0.053102540757059336 0.06075708365228927
0.27936291880518993 0.38898072954082086 0.24733826815128956 0.08431808350269965
0.2474544495511266 0.030360713539057782 0.6601725345147872 0.06201230239502842
0.1310625218612168 0.25043723286402797 0.169392990306255 0.44910725496850024
0.13097068310080173 0.7308717374099207 0.09050782860565898 0.04764975088361856
0.06898427454012279 0.3683832513416614 0.36437182040475813 0.1982606537134577
0.04976840269041927 0.15025676978297287 0.4540080645993404 0.34596676292726747
0.1124415732118983 0.029385372394163167 0.39872337893511023 0.4594496754588283
0.028605408387988973 0.17335405597292664 0.038326082203277045 0.7597144534358073
0.2802679215332443 0.1491000268070951 0.04559724981236579 0.5250348018472948
0.13102575864259913 0.06887028907741743 0.24596086009463625 0.5541430921853472
0.42495881867475194 0.23832106819459553 0.2615631692607715 0.07515694386988103
0.1032936627923059 0.3233849925844531 0.21172176488648609 0.36159957973675494
0.31588384394395286 0.044680225853923394 0.09788792826169901 0.5415480019404247
0.250505919337182 0.006929789019040955 0.6288057022844612 0.11375858935931582
0.061729175293708805 0.3348909395753614 0.1568684020982305 0.4465114830326993
0.1298325137387678 0.27851585256196565 0.3539401450653372 0.23771148863392932
0.16902881059075237 0.24963461959108846 0.20417057747114875 0.3771659923470104
0.6960661747706572 0.1369712338137702 0.04225717143925545 0.12470541997631712
0.4379592060627783 0.13033046286448802 0.1993425660120418 0.2323677650606919
0.21800337527051994 0.0841613125170908 0.2733938532676238 0.4244414589447655
0.08569480601338675 0.005719780912263439 0.6178864308457855 0.2906989822285643
0.6252248400713203 0.031483966117341944 0.168943422883588 0.17434777092774978
0.2860446694951897 0.6250769953055372 0.011328573470143044 0.07754976172913008
0.4939130011335059 0.05672646981886298 0.09808272733233159 0.35127780171529954
0.12704826111139933 0.2393789499300849 0.5659865078971532 0.06758628106136255
0.23834610123997146 0.0753330518633829 0.6462834942371274 0.040037352659518244
0.22803686619425723 0.2935366252015459 0.41057513027341863 0.06785137833077826
0.13648451325554378 0.7931206010947007 0.03632578234907213 0.03406910330068336
0.04587020519081331 0.0070626439239239724 0.683376622667334 0.2636905282179287
0.2477996424832022 0.4580846161421088 0.1406127185220477 0.15350302285264128
0.454197800127103 0.46130520397155694 0.06419030422034555 0.020306691680994526
0.05317982877899563 0.259364930502208 0.6354052704709502 0.05204997024784619
0.24699815272037573 0.5846617868101027 0.12051554076376392 0.04782451970575763
0.19072161285288602 0.7208112339161972 0.049854924987990934 0.03861222824292587
0.2484196822431457 0.050670548048839636 0.4915232956810228 0.20938647402699184
0.2987078763658917 0.12395209828045917 0.45659608840604793 0.12074393694760122
0.5683058309279074 0.006350112872702041 0.024994160445574454 0.4003498957538161
0.2218770910355624 0.1300945028684315 0.17905781200994553 0.46897059408606057
0.14322266096375436 0.08646106286893185 0.6731531087080672 0.09716316745924658
0.2236384804517928 0.15585870793474255 0.1028639071958325 0.5176389044176322
0.05971972772944523 0.1280459865893272 0.4804053079489399 0.3318289777322877
0.023839804008858878 0.3919697518680255 0.5346017097056105 0.04958873441750511
0.3006610742984531 0.1333309882888637 0.5067169297830695 0.0592910076296137
0.25036821423134437 0.33706600956586785 0.05548504803946708 0.3570807281633207
0.3248058703912017 0.021389843564278643 0.19958962111091605 0.45421466493360363
0.3108377529861255 0.4307408775666782 0.03731460104876261 0.22110676839843368
0.11521202185396162 0.05813300082069339 0.310802859883057 0.515852117442288
0.10519406923913521 0.4270461098676116 0.024680916438201916 0.44307890445505127
0.17521486475504 0.2056555969171413 0.5096341591167031 0.10949537921111563
0.2091003056378511 0.45793378853345534 0.15593171175747578 0.1770341940712178
0.08965531399991189 0.286676952929546 0.4962190821013255 0.12744865096921665
0.09636570359272345 0.5523683708919959 0.022586984342394256 0.32867894117288643
0.09092484166469161 0.03007562510119599 0.11999248510647287 0.7590070481276395
0.46242776805153285 0.2061054049423069 0.0330156255348939 0.29845120147126636
0.0030641225222766133 0.2752187526605774 0.6706729317238287 0.051044193093317314
0.4518782761977712 0.19110478339476356 0.06699790594036681 0.2900190344670984
0.015716058074189188 0.6392120625397008 0.22707652885400154 0.11799535053210852
0.3941051418095679 0.4225072170706141 0.004343423238975963 0.17904421788084202
0.1684781135159218 0.2704982401562168 0.18935915648667823 0.37166448984118317
0.34219781219585366 0.07743029493530917 0.5571027769080886 0.023269115960748543
0.22234907776730561 0.25095824980084336 0.03220194775156282 0.4944907246802882
0.46068613552101667 0.13847109051171247 0.33538673702507316 0.0654560369421977
0.2818299573281393 0.678763711818419 0.006871286189034542 0.03253504466440715
0.2955592488465927 0.561082411789221 0.09859338029855902 0.044764959065627274
0.10929144227521981 0.11036734184356867 0.42221854013812954 0.358122675743082
0.14698562884594757 0.15057408995716126 0.17615573317758648 0.5262845480193047
0.45056835935010764 0.12291142479422812 0.318046380439058 0.10847383541660627
0.13919124586676324 0.40792735109217015 0.4280770124447911 0.024804390596275483
0.34773721164898086 0.5250825340195475 0.06955621663406586 0.05762403769740576
0.036900658417940324 0.3970692700991939 0.4598573231118952 0.10617274837097057
0.04319015972113338 0.1165463274269819 0.2356044799775463 0.6046590328743384
0.09236932347605842 0.3585185075357623 0.007137234240770507 0.5419749347474088
0.20962951610600677 0.00518744771164259 0.733372697537755 0.05181033864459561
0.1079376491401961 0.35031030970580646 0.13697702512165544 0.404775016032342
0.1877256941974219 0.6237927412304871 0.04572584150334413 0.14275572306874684
0.02497454194548221 0.209818804676272 0.40070703191897905 0.36449962145926673
0.4435560510489397 0.3088834943587344 0.21093908053039045 0.03662137406193544
0.004761837122656543 0.13021926789449678 0.35861965001270335 0.5063992449701433
0.053353985951199445 0.3430527709235802 0.24504790183215142 0.3585453412930689
0.654838804571006 0.024293559897693884 0.012599291946110758 0.3082683435851894
0.022428446464295204 0.6796687128241548 0.18722860202180558 0.11067423868974446
0.189353904076898 0.1746727810016513 0.09327666035478366 0.542696654566667
0.3523777778022874 0.41698517952991 0.06367874634329707 0.16695829632450554
0.1589786885460146 0.09700142904527853 0.17887214898643355 0.5651477334222733
0.21750533609556122 0.5943305498686927 0.011529420966932213 0.17663469306881385
0.05622810383834709 0.4663814397967948 0.27133278132442584 0.20605767504043226
0.1317848769930431 0.46907830242771664 0.3461322601367015 0.05300456044253876
0.09940036941606556 0.17262164670454472 0.5426710540461972 0.18530692983319252
0.47172022298654814 0.02786650850376826 0.35722087236807754 0.14319239614160606
0.5043946730936415 0.30069599835185423 0.06625131530794037 0.1286580132465639
0.20407692876607597 0.08951827977872306 0.7044415678720011 0.001963223583199891
0.18412867360505558 0.17444512093497555 0.4066152463769406 0.2348109590830283
0.2702047999356364 0.1876699858215437 0.5237007027907398 0.018424511452080128
0.1707482602164394 0.018930881414645606 0.6959690469198577 0.11435181144905726
0.20141431898977413 0.37902133073686717 0.21619743415417791 0.20336691611918079
0.39750598437048335 0.28779549860756026 0.11400357100956926 0.20069494601238713
