58 30 4 71.90079378339193 143.8015875667839
4.285950247204245 5.060853243040041 5.464543138910106 1.6805985993562325 6.145854240949488 3.6067060519656273 3.779240129095823 4.3738854985469855 8.342710069879129 9.719512243365816 8.09993097248023 4.426136444378569 2.4644459470403417 5.926489090572676 8.019466110333443 3.7003933606021504 6.875526592900989 3.6684912691597042 1.2936633796624233 9.538797193716821 2.374678692418283 3.509981151471286 6.170570644836414 5.984972826419963 1.7151378891353266 2.483131369809502 7.548066668835 2.1069983855849124 4.306484536293279 1.128371578819094
0.8571900494408491 1.0121706486080082 1.092908627782021 0.3361197198712465 1.2291708481898975 0.7213412103931255 0.7558480258191647 0.8747770997093971 1.6685420139758258 1.9439024486731633 1.619986194496046 0.8852272888757138 0.49288918940806836 1.185297818114535 1.6038932220666886 0.7400786721204301 1.3751053185801978 0.7336982538319409 0.25873267593248467 1.9077594387433643 0.4749357384836566 0.7019962302942572 1.2341141289672828 1.1969945652839926 0.34302757782706533 0.4966262739619004 1.5096133337670001 0.42139967711698245 0.8612969072586558 0.2256743157638188
0.3707323174237991 0.13483902115426694 0.010549531844002424 0.48387912957793155
0.28436057263338477 0.2578999043662705 0.03635479849860945 0.42138472450173525
0.6583374842875611 0.01705652583716355 0.14883668596507715 0.17576930391019818
0.683309504043183 0.2882032358634101 0.018047117947364244 0.010440142146042608
0.01952336262022558 0.5390736702459864 0.1902434908093149 0.2511594763244731
0.026723209216901522 0.5660950777202273 0.3089786704550722 0.098203042607799
0.2272642455964723 0.4564628319244197 0.11133699877400927 0.20493592370509872
0.3201389956843227 0.18972576548613107 0.1461998774308172 0.34393536139872904
0.043254626485143555 0.7145506744652299 0.15167102965138457 0.09052366939824197
0.40203333971795197 0.2592682595580601 0.04990816038055479 0.28879024034343315
0.14484819856710662 0.5875335149207781 0.23544357408753025 0.03217471242458503
0.013077797949059389 0.38004643858791576 0.5024663817286559 0.10440938173436898
0.2065832323107859 0.2378595645813557 0.3340769241343797 0.22148027897347866
0.13088153716354956 0.5729185986548353 0.138655521975798 0.15754434220581714
0.4584893254042859 0.06744071015874231 0.44227673994272354 0.03179322449424826
0.5518723540839358 0.23625442843421374 0.1084232847779627 0.1034499327038878
0.06850929791416993 0.4917675977418643 0.24578039232567406 0.19394271201829172
0.08881795606246179 0.6570725131178903 0.17908674191266727 0.07502278890698066
0.109827314823014 0.5100564635376929 0.36769026498830226 0.012425956650990888
0.3417847153949394 0.568875324777026 0.009386572096368506 0.07995338773166616
0.4191243283463809 0.28250001708380656 0.06866057831935035 0.22971507625046217
0.5497167680972032 0.1382434455498578 0.0707378019230861 0.24130198442985296
0.2216408566705239 0.2973871341770771 0.21859069978126766 0.26238130937113135
0.306392563858085 0.318407360522844 0.05111377228936487 0.3240863033297061
0.02778964759389002 0.36693911784445343 0.07638619790154355 0.528885036660113
0.08010085656955124 0.01880383686515541 0.0026304761118191022 0.8984648304534743
0.21314255392791936 0.09205814684173896 0.4008809619071204 0.29391833732322126
0.14436744306745597 0.14987742941000815 0.500449815839835 0.20530531168270083
0.12231744710801074 0.05974199235449695 0.3796005103371618 0.4383400502003305
0.039993755006489495 0.36152853464136503 0.21673416187997518 0.3817435484721703
0.24029660871674996 0.13108490140222917 0.05335152718461722 0.5752669626964036
0.08276164899797556 0.5169293538375381 0.24416046915649836 0.15614852800798795
0.2208454045959518 0.1765921650896628 0.5109353103239908 0.09162711999039463
0.2674374111263935 0.3104228854011992 0.36339362550141974 0.05874607797098752
0.01286183960845333 0.3085372414163281 0.5605593017274207 0.11804161724779783
0.5663298418077157 0.01522331202169791 0.202335821625642 0.21611102454494435
0.2843249387360034 0.13304499949795667 0.1760574466110072 0.40657261515503273
0.06463408079257549 0.03831736370820904 0.7693848676792584 0.12766368781995707
0.053321994278267226 0.5170396439522325 0.37016226908228556 0.059476092687214765
0.34053610783820754 0.20751060979002456 0.061788230094642294 0.3901650522771256
0.08354141602970644 0.044692668911654576 0.28795854372670193 0.583807371331937
0.06993689982266416 0.10928668873949976 0.04025752161177487 0.7805188898260612
0.06331719542470648 0.21387055966100854 0.5914256479310654 0.13138659698321953
0.12650899156702633 0.5904382089544435 0.2203651237436356 0.06268767573489453
0.6151328864024215 0.30663431776953953 0.07673190594883772 0.0015008898792012726
0.01087047835302668 0.11665982391281504 0.2022673313401474 0.6702023663940109
0.3127389065366907 0.319538703990616 0.07986937882552791 0.2878530106471654
0.21542024864515907 0.08993261025167043 0.05372142321851103 0.6409257178846595
0.017440138610337774 0.1892861786513933 0.07378041721579554 0.7194932655224734
0.4675030416509314 0.11263368708706833 0.1548969635608648 0.2649663077011355
0.25349543304777356 0.6372240728309052 0.01885045674345398 0.09043003737786726
0.3369688014394495 0.4888076903037487 0.07239053925993566 0.10183296899686611
0.3477178822445288 0.31312726403507873 0.19648143825012387 0.14267341547026857
0.09959776466548043 0.2104909593139046 0.3394190057531432 0.35049227026747176
0.052898133896164046 0.15422673294686395 0.4629809741575531 0.3298941589994189
0.04133771357373295 0.020200027512238927 0.5814998666425294 0.35696239227149873
0.11823226502810602 0.39739541191675753 0.2792162727365505 0.20515605031858597
0.4226870072784531 0.34186713776927224 0.15515045433908214 0.08029540061319251
0.44298905948957934 0.3656951253046341 0.01670519042411822 0.17461062478166833
0.00174259113006614 0.15661749736694497 0.5214578809670498 0.3201820305359391
