25 40 4 110.42302516456714 220.84605032913424
8.831117229644907 6.240492358053038 3.5095504663096215 2.673201088811613 4.699901151326019 2.0563799242124396 7.164718699367215 4.938499536936854 6.006063926547732 4.303722894573915 4.621291559327826 2.017366306249567 5.0232776164074044 6.269006048599321 2.4578659346044445 5.686469092474152 3.9344601352404296 7.292676141499969 4.297550940246553 8.527370574394496 5.332086489227656 5.648520681926749 4.4474331535243214 9.977868062898226 5.628200394266011 6.0314794689562365 1.3100479129771432 7.479370237306012 4.789031928465182 4.93241612763024 3.5353067841008254 9.102469042510416 7.026510502964818 5.104618754396695 3.608239102950124 5.7323706711824975 6.033178553514055 7.707554486024375 8.45511628215973 8.413250067325443
1.7662234459289814 1.2480984716106076 0.7019100932619243 0.5346402177623226 0.9399802302652038 0.41127598484248795 1.432943739873443 0.9876999073873709 1.2012127853095464 0.860744578914783 0.9242583118655652 0.4034732612499134 1.0046555232814809 1.2538012097198643 0.4915731869208889 1.1372938184948302 0.7868920270480859 1.458535228299994 0.8595101880493106 1.7054741148788992 1.0664172978455313 1.12970413638535 0.8894866307048643 1.9955736125796453 1.1256400788532022 1.2062958937912474 0.2620095825954286 1.4958740474612022 0.9578063856930363 0.986483225526048 0.7070613568201651 1.8204938085020832 1.4053021005929636 1.020923750879339 0.7216478205900249 1.1464741342364995 1.2066357107028112 1.541510897204875 1.691023256431946 1.6826500134650886
0.07714031987919201 0.23211726575735514 0.6488347518975947 0.0419076624658582
0.08870241768428277 0.043718136027335874 0.16301133642407128 0.7045681098643101
0.07674224020171683 0.5784039000448695 0.024705446936591047 0.3201484128168226
0.39654162919866054 0.31601012446014276 0.006502803889863129 0.28094544245133357
0.3739892442679148 0.17378877249119828 0.29437624181176847 0.15784574142911845
0.027473941374380195 0.5634114201031529 0.24604280244343568 0.1630718360790312
0.1690414563978564 0.046022914675511783 0.1203014779948558 0.664634150931776
0.021376281366212724 0.07306330900857227 0.6647680610669575 0.24079234855825749
0.033682798780728995 0.07906624361927217 0.06187704437822539 0.8253739132217734
0.0843622262855469 0.004191543415058119 0.6008835031998349 0.3105627270995601
0.24437951602435493 0.23423156463930883 0.3270015677884265 0.19438735154790976
0.25304423289892997 0.06696289355596996 0.6385331123993028 0.0414597611457973
0.3860726209243748 0.10344842739400684 0.11244015934889351 0.3980387923327249
0.08570312337117136 0.27247151422297755 0.051447131563390536 0.5903782308424605
0.18300984615728033 0.39986053093628293 0.3308808101270019 0.08624881277943486
0.3510546414045185 0.6434268308863138 0.003786095721157623 0.001732431988010097
0.3236036385238463 0.17572163893516202 0.4609939821717849 0.03968074036920677
0.2459858565996741 0.13126440055617328 0.4198486947841288 0.20290104806002385
0.04444198706739688 0.3287566436137819 0.3813438905037866 0.24545747881503466
0.19807449786873876 0.1856297037901481 0.20504432106627224 0.4112514772748409
0.5372399039534632 0.22587753933093102 0.05283952685277027 0.1840430298628355
0.01534090572860014 0.07684800290431437 0.6280906270394311 0.2797204643276544
0.28584169213022836 0.04776225733653072 0.22898275407271795 0.43741329646052296
0.05532146800472615 0.37189097497959356 0.009838900323212108 0.5629486566924682
0.13996874216213195 0.11169010648052824 0.5056005310408727 0.24274062031646715
0.05952488938339007 0.009651712216911412 0.18929691296836693 0.7415264854313316
0.7325797418761093 0.11638609842429248 0.014224175086321456 0.13680998461327676
0.3195982637534255 0.10539006677052165 0.05471785317749822 0.5202938162985546
0.6821532791016668 0.137583369814694 0.1290992945078684 0.05116405657577083
0.10641362333582116 0.3252251664034479 0.032216927377007654 0.5361442828837233
0.3173645436378586 0.4429375587997143 0.03842472905140282 0.20127316851102428
0.37521484067374167 0.15047763037710082 0.14337203408297639 0.3309354948661811
0.007530155344974587 0.39483040147439463 0.3322694600757198 0.265369983104911
0.020099581590442117 0.4304030135011654 0.2358787592998014 0.3136186456085911
0.25667302134099035 0.16251779481452766 0.23885713544736709 0.3419520483971149
0.03321087153118785 0.2135070443274718 0.15474342022315624 0.5985386639181841
0.06081313391837573 0.5868302729238852 0.09130122750232661 0.26105536565541243
0.04082397348200506 0.3146310790096083 0.6406209760394105 0.003923971468976162
0.48415337861871954 0.16246095734563004 0.29534012266916443 0.058045541366485987
0.13619478577241206 0.10703263242813077 0.5866028213458817 0.17016976045357546
0.524253715876378 0.12060835448442475 0.23833888552325144 0.11679904411594577
0.5123759884616795 0.12934074262615047 0.12476908349200411 0.2335141854201659
0.3310438226975936 0.17816925676312012 0.09290727835174706 0.39787964218753924
0.09793715214676801 0.3172820832715476 0.409919728439857 0.17486103614182735
0.2519372628606047 0.18888382482899435 0.4728547320251575 0.08632418028524347
0.16365152801194183 0.04260577160179846 0.5689458715177953 0.22479682886846442
0.47239795478750024 0.2945963744961142 0.1450996700646099 0.08790600065177567
0.6608743268938546 0.0156870307787228 0.15460121211337552 0.16883743021404707
0.5668296093599882 0.22377701969309716 0.005364553306112185 0.2040288176408025
0.4693936699909217 0.022451993699431183 0.4457045988723807 0.06244973743726645
0.08564645309057428 0.10475422316737515 0.7024049101531421 0.10719441358890847
0.762317523333699 2.172435794167704e-05 0.02924215785395068 0.2084185944544087
0.006597664201326903 0.21535321286000686 0.07439980743816177 0.7036493155005045
0.10956164233446897 0.08715269002167525 0.550881171375041 0.2524044962688148
0.015087390905166198 0.29753215884228423 0.6133209879285823 0.07405946232396732
0.12496399018079785 0.025050060643053706 0.38104427385059125 0.4689416753255572
0.5394744309726107 0.2616494761657583 0.005293460635197977 0.19358263222643302
0.06345742593276682 0.05640886103123033 0.5069168013056459 0.373216911730357
0.07411585222570116 0.21889602890898563 0.6602355402710628 0.046752578594250416
0.04296878218210631 0.7379726463332835 0.20699883855166568 0.012059732932944489
0.12912113846325912 0.397555557265139 0.33756527738289477 0.13575802688870708
0.06683133145592302 0.10487304801202102 0.3744996554820492 0.45379596505000674
0.11671916814082994 0.2814280367569816 0.012784160996276439 0.589068634105912
0.6170603100656888 0.26876532161633204 0.04271814523341311 0.071456223084566
0.7118132213261392 0.2563361498084945 0.007731348012417594 0.024119280852948677
0.02612698446065609 0.3367601360303819 0.24215200880967847 0.39496087069928354
0.31943560507843716 0.1320229434102831 0.0784654095152072 0.47007604199607256
0.2603223447124632 0.08824900963507909 0.5437960289630501 0.1076326166894076
0.07085548628776739 0.09115546937862173 0.3089808126354402 0.5290082316981707
0.393481228271254 0.09465631875016711 0.019560468705392964 0.49230198427318594
0.028147397395793083 0.5088723171240386 0.3291212120282051 0.13385907345196324
0.07520348541365707 0.5151268593085164 0.08026996628121008 0.3293996889966164
0.28930037596339264 0.07764570604008292 0.2619813194460967 0.37107259855042773
0.45365097483915073 0.008065224416649808 0.5007963252140758 0.03748747553012366
0.2783441594158823 0.14300141199286487 0.13006079965995 0.44859362893130283
0.6481436258203351 0.17407316594546074 0.05787483040822794 0.11990837782597619
0.6788769139294726 0.06990915904505501 0.21657879744896957 0.03463512957650283
0.16482760696260979 0.348030978410629 0.03399612978466082 0.45314528484210037
0.40802806955274074 0.1681832158054607 0.0064920759012222495 0.4172966387405763
0.15854688756779856 0.018881691084954633 0.028386602999719512 0.7941848183475273
