48 20 4 49.141583402223326 98.28316680444667
1.1574124383803737 9.024159404622326 3.563750507265265 3.690787397130621 8.128308345898864 3.9202353773040595 8.782393480212324 5.027613689924867 5.934069157150848 4.214547953469905 2.0108082285343882 2.277074393634674 5.004631690409664 7.587822026682207 5.140911053766444 6.3346996807783515 4.030424716861731 5.089850387454608 2.6841499554747226 4.679516919490395
0.23148248767607474 1.8048318809244652 0.7127501014530531 0.7381574794261242 1.6256616691797727 0.7840470754608119 1.7564786960424648 1.0055227379849734 1.1868138314301695 0.8429095906939811 0.4021616457068776 0.4554148787269348 1.0009263380819329 1.5175644053364414 1.0281822107532888 1.2669399361556704 0.8060849433723462 1.0179700774909217 0.5368299910949446 0.935903383898079
0.08198783075111105 0.050114209194805026 0.4131272237688316 0.45477073628525233
0.3346853176856943 0.06695537424159037 0.18714722388484628 0.41121208418786903
0.03742705562434445 0.10874936495920962 0.005891404856682714 0.8479321745597632
0.26311903992324415 0.02433330851088733 0.6631364901689583 0.049411161396910264
0.09006696587638663 0.07471641435294663 0.5151313117085987 0.32008530806206803
0.03477780936045416 0.271298157277145 0.6567714137774319 0.03715261958496896
0.7281009213924426 0.16145942820157966 0.10219500087392774 0.008244649532049952
0.06077463391516946 0.08189081127612097 0.3241055415485805 0.5332290132601291
0.6894078317568418 0.023127212102340033 0.213892080108113 0.07357287603270513
0.01553175440855492 0.33740755970054104 0.26356642107268 0.383494264818224
0.2783652558261488 0.20631475088701245 0.2596875111611774 0.25563248212566136
0.03984569310124453 0.02682104551250508 0.9174954814760427 0.01583777991020774
0.25839358997133954 0.010350301723314304 0.5303504109631555 0.20090569734219066
0.1947675784971732 0.5198452886734657 0.21541777101674386 0.06996936181261726
0.028767325522239817 0.42255759878282906 0.37284178857294514 0.17583328712198598
0.279314881649118 0.13509955924884975 0.022680224107693103 0.5629053349943391
0.15587814262589017 0.02946051316325482 0.37425129705789806 0.44041004715295695
0.7241088978456394 0.2074965919239543 0.03862668509427092 0.029767825136135406
0.10775789740363695 0.2517434675733923 0.5536889366508446 0.08680969837212615
0.40794052726749364 0.05987559083167293 0.33861630353580463 0.1935675783650288
0.03711031498483863 0.17632963609550267 0.44162639729313125 0.34493365162652745
0.38057243869694113 0.19441114845406804 0.1043412449878327 0.32067516786115813
0.6136303874864167 0.15824666266219278 0.016907168149526197 0.21121578170186428
0.6516793740025006 0.12028985579564822 0.1465051126681508 0.08152565753370034
0.3377937105460287 0.3550446215788662 0.2163273376304251 0.09083433024468002
0.18210750582402757 0.18809154487064195 0.20904628945566994 0.42075465984966054
0.382788860417118 0.009846871383300981 0.12506409653858108 0.4823001716609999
0.0007973040569280165 0.09084564011749852 0.8153774764159766 0.09297957940959689
0.07990278953207586 0.30086328973025034 0.22599629409777655 0.39323762663989725
0.33770121170462386 0.26165897172771024 0.2316201971734554 0.1690196193942105
0.2797879009724844 0.07038256549131916 0.2237616123597358 0.42606792117646064
0.0242773773017666 0.33681793079721145 0.08558314761483121 0.5533215442861907
0.2415259711065164 0.5649741348315663 0.1816963454054168 0.011803548656500462
0.39337442224446295 0.21394501441037206 0.14171187295505594 0.25096869039010905
0.11479585648509816 0.1399825374422785 0.024243295841725354 0.720978310230898
0.05549228289894903 0.1848464874315362 0.6765542349855002 0.08310699468401461
0.12641352797769145 0.808648509384179 0.05942075718965456 0.005517205448475004
0.3406667872106023 0.21873666867098618 0.3400219552028797 0.10057458891553184
0.3205935830740604 0.10159358907054816 0.4126021265265819 0.16521070132880955
0.3285865920315635 0.020889098730644373 0.2950182758075386 0.35550603343025355
