22 10 4 25.132175456437132 50.26435091287427
2.8761448362295834 5.335129555870293 4.784842317829373 8.732637986692097 2.54045398250506 4.049775645433304 3.4347954996804804 7.219372154046365 2.983640649739531 8.30755828484818
0.5752289672459167 1.0670259111740585 0.9569684635658746 1.7465275973384196 0.508090796501012 0.8099551290866607 0.686959099936096 1.443874430809273 0.5967281299479061 1.6615116569696362
0.010526874316108437 0.17858448094445356 0.6246148321546344 0.18627381258480358
0.7019378840943111 0.06605485786127985 0.00405112948894526 0.22795612855546377
0.38718348038102224 0.04037175946331839 0.2750802790211113 0.29736448113454805
0.02907634933808989 0.6483344241499501 0.24585915235641043 0.07673007415554955
0.48428423845310875 0.023805924775062826 0.3668375820495454 0.125072254722283
0.04521011190769353 0.2660545515166909 0.1264159966577152 0.5623193399179004
0.1290640072118362 0.06849450195350293 0.65163223604224 0.1508092547924209
0.21873041542199356 0.3886834477199981 0.3746152454379118 0.017970891420096557
0.3140740298466136 0.22469144325307344 0.3727715242856906 0.08846300261462237
0.7366662295176312 0.007898233434877944 0.11388873290122081 0.14154680414627008
0.006140866346098228 0.5550628303169015 0.1838965993958359 0.25489970394116435
0.2975782668650505 0.39064005802756363 0.26961384320066106 0.042167831906724795
0.1118951718836767 0.4723944712732182 0.030916181936161302 0.3847941749069438
0.17775907103572464 0.6174057044219282 0.19372149840566288 0.011113726136684265
0.12833390182776838 0.3874395860217631 0.2291585895190864 0.2550679226313821
0.04566154259879052 0.050223067319250636 0.5889441087490866 0.3151712813328722
0.125207183193362 0.34785281888229447 0.3085627467512696 0.21837725117307394
0.16748829814257826 0.27601179613433047 0.2654553195292232 0.2910445861938681
0.08625567976924198 0.13288168209509388 0.09428342636694276 0.6865792117687214
0.005512411903590642 0.1720246260324565 0.6510033270109981 0.1714596350529548
