99 50 4 133.26209162119602 266.52418324239204
7.050507027677126 5.392705593165253 8.429456566323067 1.2830174886366832 8.27244967028363 6.0905567764947754 3.6786024883354957 1.4202614845625794 9.915646595237165 1.0614315973928967 7.928137253709458 7.720903908948697 4.396950427014687 5.447327070168783 9.360535528860213 4.559086399112383 9.76560667146064 5.719732438377161 1.8425178396797732 8.31977571503916 2.9051810703042715 5.989112061316169 3.6304220436324544 8.345281239884693 8.452383095861302 2.9941963455661993 6.803512314429804 1.8566345974017737 4.704969149586446 1.8717873513640044 2.296098990169162 2.9097655778400133 5.2899053901027395 1.6985245294001339 3.1153940337208117 1.0589770241304768 9.087797683651598 5.970109841898969 2.5079196494287315 9.359903651461623 5.878789289361299 1.375826781648159 5.723891559658116 6.761282864628924 8.205923472817695 8.514269665215494 3.273690071371443 9.714461614977555 5.19614321238858 3.376820528693848
1.4101014055354253 1.0785411186330507 1.6858913132646134 0.25660349772733665 1.6544899340567258 1.218111355298955 0.7357204976670991 0.2840522969125159 1.983129319047433 0.21228631947857934 1.5856274507418917 1.5441807817897393 0.8793900854029374 1.0894654140337567 1.8721071057720426 0.9118172798224766 1.953121334292128 1.1439464876754322 0.3685035679359546 1.663955143007832 0.5810362140608543 1.1978224122632337 0.7260844087264908 1.6690562479769386 1.6904766191722604 0.5988392691132398 1.360702462885961 0.37132691948035473 0.9409938299172891 0.37435747027280086 0.4592197980338324 0.5819531155680027 1.0579810780205479 0.3397049058800268 0.6230788067441624 0.21179540482609535 1.8175595367303194 1.194021968379794 0.5015839298857463 1.8719807302923246 1.1757578578722598 0.2751653563296318 1.1447783119316233 1.3522565729257847 1.6411846945635389 1.7028539330430987 0.6547380142742887 1.942892322995511 1.039228642477716 0.6753641057387696
0.2037283479831944 0.3456500698328775 0.3897990050692398 0.0608225771146883
0.40995853614205446 0.022830799049052608 0.4185546554806785 0.14865600932821443
0.29306511293389037 0.34355498977756826 0.3398312195054015 0.02354867778313985
0.3039332037836162 0.00866125396597972 0.6453855411894899 0.04202000106091419
0.1531184547977973 0.6734400691733518 0.04821236848218213 0.12522910754666883
0.23526653942787257 0.3110020959426484 0.17414892236657875 0.2795824422629003
0.6138800418290888 0.07714983681933762 0.13591658282222174 0.1730535385293518
0.10346633054919097 0.059742545920013934 0.3812085362552975 0.4555825872754976
0.526586339040998 0.21806091295478913 0.025390378547693326 0.2299623694565195
0.41494128416141196 0.0921382323162333 0.48828536413095125 0.004635119391403486
0.33170348372063974 0.1430590790490106 0.2494628721796589 0.27577456505069076
0.13313606043554593 0.48190334977509497 0.2331932753222068 0.1517673144671523
0.5164365326761173 0.17309507073181563 0.08689148791111867 0.22357690868094837
0.6107433480628744 0.007165551306591911 0.08545595340626355 0.2966351472242701
0.07688890351604516 0.22156227167774034 0.35916446889695863 0.34238435590925587
0.6817585551222461 0.21829878007574322 0.04749726867030879 0.05244539613170185
0.036569392659698385 0.10623460760667902 0.01097069333172973 0.8462253064018929
0.7610199970459535 0.05795848975609219 0.11790754637743972 0.06311396682051462
0.3188977829088504 0.3089626530596927 0.08526935355722964 0.2868702104742272
0.22200462314754843 0.27839554341221406 0.2340700923158393 0.2655297411243982
0.06650677541017858 0.17583979828637086 0.3409428559176306 0.41671057038581993
0.18728599604706986 0.06320518354025928 0.4485414462735031 0.30096737413916774
0.18990049999358483 0.47821610603499876 0.14935361290493954 0.18252978106647688
0.15187424427171203 0.6953820341824152 0.08091034707834499 0.0718333744675278
0.2936366812621213 0.17174943877459192 0.04426003562578518 0.4903538443375016
0.32789635719442367 0.35075651062016955 0.10331712348301925 0.21803000870238753
0.042048944863398385 0.5414340662153482 0.28362823044892393 0.1328887584723295
0.15354461964236843 0.5258067121867315 0.27377389767658655 0.046874770494313545
0.04172451242733011 0.08496690756148961 0.29038766362614676 0.5829209163850335
0.023803481188196973 0.06558332091644492 0.8017441798310879 0.10886901806427018
0.08379843020325561 0.3838046210594884 0.3816065228007084 0.15079042593654757
0.4953588256325778 0.351314703877028 0.07083199230314341 0.08249447818725075
0.10143118966342501 0.19079562580110754 0.23960429913421477 0.4681688854012527
0.3345390845653107 0.18384196609266457 0.47100244372787814 0.01061650561414662
0.11568120372470159 0.5898142089315326 0.08017547801501612 0.2143291093287497
0.3561315526921506 0.2836034915811665 0.02501279748071672 0.3352521582459662
0.22973762378328277 0.0020531147281348527 0.6289011618472928 0.13930809964128954
0.054766306743142756 0.12577195078103487 0.7729397822139413 0.046521960261881046
0.5289830146547179 0.04094706109264801 0.1950476016324486 0.23502232262018552
0.2933307026037758 0.42993043281710774 0.08503971605630956 0.1916991485228069
0.2518293523009715 0.005891729186071615 0.597335174947479 0.1449437435654779
0.3209618927327591 0.055948182634208754 0.08349023996043214 0.5395996846726
0.2987697335133854 0.13104267191048735 0.528054496221528 0.04213309835459922
0.7197976852257829 0.15561661208513344 0.08876665941003847 0.03581904327904517
0.2770715239504682 0.03980080366987404 0.39981512408633113 0.28331254829332664
0.09716521270663792 0.6673643199317012 0.05000250361267189 0.185467963748989
0.17559021524034768 0.34553075613010964 0.2166848710558319 0.2621941575737108
0.4242363418663041 0.27180216600675466 0.10549148289034238 0.19847000923659885
0.15429501475117713 0.26064287739114456 0.36420352296201053 0.2208585848956678
0.5874975089797344 0.07901766686239908 0.05551611895507269 0.2779687052027938
0.3773337872453968 0.4601598053298579 0.07796890640459031 0.084537501020155
0.0790466853113343 0.5625234154621294 0.07454285114880321 0.28388704807773313
0.16001007403150314 0.045376636835141926 0.4999016483802121 0.2947116407531428
0.015782220353167897 0.033130466622871 0.6695936928017876 0.2814936202221735
0.47002862075489793 0.22372927872790227 0.22459024922570225 0.08165185129149755
0.10554000904938199 0.4107128992573009 0.3062722407001367 0.1774748509931804
0.24365630403016658 0.11114671026264278 0.11072620077277151 0.5344707849344191
0.23282414461674794 0.06605525397849488 0.05603181814483715 0.64508878325992
0.25629263014827697 0.3918661902487872 0.1421729360149393 0.20966824358799652
0.10662336988183263 0.04799676326729829 0.6522564806899013 0.1931233861609678
0.07674838391545857 0.3573934163047128 0.3172119112320222 0.24864628854780646
0.2006592579192613 0.46045773522549216 0.24106241775505677 0.09782058910018976
0.24913734216053152 0.305726653649667 0.21771652451476087 0.22741947967504061
0.3994604078623404 0.20132571411298172 0.10230720548611705 0.29690667253856085
0.17408102283484006 0.03777685565114386 0.754212658410862 0.033929463103154034
0.20796988171451258 0.023791370432999726 0.6093016492700843 0.15893709858240335
0.08649102197078118 0.5442752013188533 0.16511967706785102 0.20411409964251448
0.4138407275582775 0.4056160479407912 0.14381306914505398 0.036730155355877314
0.6850205501214937 0.022262353841112636 0.007722730895269092 0.2849943651421246
0.08320396459997825 0.08127040549758957 0.7756282324211703 0.05989739748126188
0.44912309913806336 0.133936547858599 0.0913050292819435 0.32563532372139414
0.15860332704069646 0.28022269369741504 0.48067079966486137 0.08050317959702713
0.014042530782964135 0.024361729383851394 0.3613055468401557 0.6002901929930288
0.11419799295601984 0.3221741321771814 0.17225289977573566 0.3913749750910631
0.36242166711449064 0.09824572383945496 0.3756501823448769 0.1636824267011775
0.5688425879152372 0.153121560973415 0.20655549725313993 0.07148035385820783
0.3938187114217395 0.06804583710498313 0.46291508701887296 0.07522036445440439
0.3331955602651395 0.0936477235158597 0.5605724985546727 0.012584217664328046
0.11952024818869655 0.7516903951874399 0.11829835789451626 0.010490998729347334
0.384237420660842 0.018235423855867294 0.01692506865725596 0.5806020868260348
0.3563730836826636 0.23467259640486793 0.31930888577221517 0.08964543414025328
0.447545039919667 0.19692452902788193 0.23404467486565428 0.1214857561867968
0.30605773614434406 0.0971802695155396 0.5616256963213335 0.03513629801878282
0.1039296511878981 0.318501924399886 0.5546638662137379 0.02290455819847803
0.411640239775103 0.20262186819381556 0.24357451977794864 0.1421633722531328
0.050988396525263324 0.014748979906968107 0.6345764135019869 0.29968621006578167
0.11032832173543483 0.1825078756370031 0.6579411309106844 0.049222671716877664
0.12134416008913118 0.2895721599654769 0.043702489618491325 0.5453811903269006
0.77867564572523 0.05296090293886102 0.1677327388740414 0.000630712461867633
0.5452223139415076 0.021069788576651316 0.20251774130835642 0.2311901561734847
0.11150083577660996 0.39258396523699934 0.11393542470824825 0.38197977427814245
0.7405573683011093 0.02980639078960856 0.20603651196243533 0.02359972894684681
0.2449402939337385 0.1467196532654853 0.4721520436583211 0.1361880091424551
0.014755308159439928 0.12389481679890435 0.02729912154998393 0.8340507534916718
0.07483468457792308 0.4011706651113316 0.2218973851361975 0.3020972651745478
1.7399161704956256e-05 0.13564414963084148 0.14132438827730387 0.7230140629301497
0.28996662309025767 0.17392384664946248 0.3829328682150228 0.15317666204525704
0.38230134682754524 0.043325552318460026 0.5292449684611014 0.04512813239289337
0.2856874913751274 0.33399711136053345 0.10936999620363053 0.27094540106070863
0.6239770064425033 0.02730820240419185 0.33500560417026415 0.013709186983040689
