57 80 4 215.08210125077517 430.16420250155034
1.7861467861195757 3.0742938959655524 4.6995496357502144 3.797044287040783 6.0936030168535495 5.905573334054655 8.26389498547339 9.263395965552377 5.6988167755930945 4.822185352494565 1.6462355909467405 9.08675965161296 4.7846244344954165 6.23952809144556 2.927381822879078 5.027371118047657 5.210774239467984 1.9057344124328195 9.345591053219882 2.4488815990827897 8.871347626407719 1.4694405117243248 9.930516130099571 1.9463258425949204 4.617908675532203 1.6465289899690272 1.172737339494197 7.491827321903596 1.3731927866264653 1.1678548265174693 1.7464396505334454 3.52814098472756 4.862275370037185 1.1775730943682838 5.155011071335763 7.026279186391666 7.057394795794636 8.172693134517969 1.7534821892089054 9.053865475669229 8.080365300692183 6.976216996312258 8.674110531280132 5.899491438462138 2.7772426700524973 5.848383985888926 5.565609915619554 3.4962134103241342 7.016358059037146 7.582216002156662 7.23442600691269 6.393378301467266 2.766140154434186 6.933172265175788 3.7774770683472756 4.3243385118539805 3.563057429105675 9.344054366583057 7.9796951312214155 6.771839005804388 3.574565597398149 6.982618417027063 2.211114830055856 5.451965601359495 6.820740438170404 9.442405933838753 9.97774949352141 8.27924275033716 5.099333638560967 7.219029458190647 7.3680210638990955 4.403206721080675 6.233100779421269 6.652957824014384 1.9950038647104344 6.957992972175436 6.208223479697951 3.7957409048718325 4.520903766562928 4.718277363942249
0.35722935722391513 0.6148587791931105 0.9399099271500428 0.7594088574081566 1.2187206033707099 1.181114666810931 1.652778997094678 1.8526791931104754 1.1397633551186188 0.964437070498913 0.3292471181893481 1.817351930322592 0.9569248868990833 1.2479056182891122 0.5854763645758156 1.0054742236095313 1.0421548478935967 0.3811468824865639 1.8691182106439765 0.48977631981655795 1.7742695252815437 0.29388810234486495 1.9861032260199143 0.3892651685189841 0.9235817351064407 0.32930579799380544 0.23454746789883937 1.4983654643807192 0.2746385573252931 0.23357096530349386 0.34928793010668907 0.705628196945512 0.972455074007437 0.23551461887365677 1.0310022142671527 1.4052558372783333 1.4114789591589272 1.6345386269035937 0.35069643784178106 1.8107730951338457 1.6160730601384365 1.3952433992624516 1.7348221062560263 1.1798982876924275 0.5554485340104994 1.1696767971777853 1.1131219831239108 0.6992426820648269 1.4032716118074293 1.5164432004313324 1.446885201382538 1.278675660293453 0.5532280308868371 1.3866344530351575 0.7554954136694552 0.8648677023707961 0.712611485821135 1.8688108733166113 1.5959390262442832 1.3543678011608775 0.7149131194796298 1.3965236834054127 0.44222296601117117 1.090393120271899 1.3641480876340808 1.8884811867677507 1.995549898704282 1.6558485500674318 1.0198667277121936 1.4438058916381293 1.473604212779819 0.880641344216135 1.2466201558842538 1.3305915648028768 0.3990007729420869 1.3915985944350873 1.2416446959395901 0.7591481809743665 0.9041807533125856 0.9436554727884499
0.12325793922197903 0.5558028644151827 0.2492766510500719 0.07166254531276639
0.5504317793452317 0.3030589915125793 0.03236555811000874 0.11414367103218026
0.16935394902987966 0.3701976217851999 0.3497810541900559 0.11066737499486456
0.4744379565853317 0.19942566741123635 0.14271802442829373 0.1834183515751382
0.36955779037234604 0.056088061804344336 0.43281977912835623 0.1415343686949534
0.3565900840561592 0.2685707997881659 0.3665171875174782 0.008321928638196696
0.491462191538828 0.09542320327195819 0.33234016275760647 0.08077444243160736
0.4642716319496176 0.07378834370496445 0.13114639464498523 0.3307936297004327
0.3519076698430724 0.038035091272878074 0.2664749080944434 0.3435823307896061
0.16687070040077778 0.37118769572166743 0.1561402093486346 0.3058013945289202
0.20185752457102335 0.22413924521746564 0.04584594521270302 0.528157284998808
0.10967432132844956 0.17891548426141757 0.19534703434272738 0.5160631600674055
0.3614334214441167 0.43512533513739404 0.09065916482611225 0.11278207859237699
0.7113370117370034 0.015059798022822424 0.24888962941069148 0.024713560829482728
0.6893448472926236 0.07710706356187047 0.159569698937977 0.07397839020752894
0.0007615774183785673 0.13348138696060896 0.221209851960951 0.6445471836600615
0.2287932373292545 0.07228119731982874 0.43892315006278415 0.2600024152881326
0.22622340576385058 0.4036931688866533 0.2844174382549651 0.085665987094531
0.1632917124967037 0.09457352897113847 0.7329347323420023 0.009200026190155475
0.36540000650139026 0.11428506827799811 0.13277334758788695 0.3875415776327247
0.0861605967807153 0.07872317738207513 0.0748079026760009 0.7603083231612087
0.505467120924475 0.24710672382393495 0.06553443077715282 0.18189172447443724
0.020835671392310462 0.6038461179388509 0.27632080104765544 0.0989974096211832
0.20863830878524225 0.3379872224291828 0.0036945994544383964 0.4496798693311366
0.3335692813508847 0.15686108895996242 0.3332107435829583 0.17635888610619455
0.0755991404145977 0.2872783336580943 0.2813528861467014 0.3557696397806066
0.34412748054219855 0.03361781331296754 0.36637384912307347 0.25588085702176044
0.3952834938122838 0.05221197093185037 0.10454351102224202 0.44796102423362383
0.37783205798211883 0.23983796449148398 0.19231721054217454 0.19001276698422265
0.183178283305252 0.5513662847396363 0.035375775942885324 0.23007965601222635
0.34794532051600136 0.11469319165938197 0.21014280353451598 0.3272186842901007
0.43459142256610306 0.36654395792083205 0.14739943462003946 0.05146518489302543
0.11121201671259018 0.5151800672330635 0.05753420809625065 0.31607370795809564
0.001478179739307639 0.2637358095186273 0.12478652399633638 0.6099994867457287
0.023985677401888505 0.35935911352331396 0.5394854835101738 0.07716972556462376
0.7104968604468167 0.014387955857568802 0.14809993709366487 0.12701524660194963
0.1631854203444587 0.6215814273295989 0.003547497718247028 0.2116856546076954
0.27717627712303083 0.0473383707664381 0.6386057291891375 0.03687962292139357
0.3570389705348047 0.21135102894160995 0.3777485770462534 0.053861423477331916
0.052195105902201 0.34299343687293504 0.5671705392154468 0.03764091800941716
0.42787135712955315 0.0816601669096313 0.10914170812846014 0.3813267678323554
0.04606505096272606 0.3776502473667609 0.026552724707959774 0.5497319769625533
0.6090665710847989 0.05585918118048783 0.20007198438586726 0.13500226334884602
0.1736184971795427 0.03893829009694949 0.09749189045515005 0.6899513222683578
0.1990076187951063 0.6612231758189935 0.09039675490498267 0.04937245048091754
0.10345787253556082 0.5416225858016238 0.12904607608215402 0.22587346558066135
0.013149526221763796 0.4969320813857787 0.23280536924857642 0.25711302314388107
0.08853403377146518 0.31598966724781796 0.1075186867492699 0.48795761223144696
0.3901794922330023 0.27937172703950575 0.3144740461585206 0.01597473456897136
0.31143323738823236 0.06012380164874487 0.5590709143622036 0.06937204660081919
0.04279895450988036 0.07715190939071892 0.6618058249113152 0.2182433111880855
0.2439120793061812 0.05923555650893453 0.04703942721995702 0.6498129369649273
0.12044879889104598 0.6294330535773829 0.02216893233448114 0.22794921519709
0.7618305191627791 0.13886491788453426 0.023221125491448946 0.07608343746123769
0.16972370423300287 0.02877479742529443 0.18432832311788083 0.6171731752238219
0.18817202235935993 0.06222119409058402 0.5749485488935936 0.17465823465646246
0.13039951579906806 0.166587205080589 0.07246522910616404 0.6305480500141789
0.5728822240107605 0.05167488418116206 0.27232043679049656 0.10312245501758088
0.14510206615661292 0.32902123181750376 0.13102980988107493 0.3948468921448084
0.2654042853419165 0.01769546897585217 0.20064660629862374 0.5162536393836076
0.22981587297281847 0.1098532054801985 0.11237289127349104 0.547958030273492
0.12676442077275785 0.4018976847383201 0.2746595381123591 0.19667835637656295
0.16869599018254422 0.37905553357162614 0.2503459503621627 0.20190252588366697
0.20952289736137653 0.48889328935492693 0.25599041493643715 0.045593398347259395
0.19437928463237653 0.02634205495027564 0.47346880244095424 0.3058098579763936
0.01922079604200544 0.48710651509019 0.0628374590678834 0.43083522979992117
0.3569302890239153 0.04989525858730581 0.1588146099464388 0.43435984244234005
0.21824963228818406 0.21141931310124584 0.29235077829087863 0.27798027631969147
0.08138227841381307 0.3650171841598123 0.06298478943777908 0.49061574798859553
0.06022126114910531 0.2828712810789912 0.5138351645209965 0.14307229325090698
0.02466935107868562 0.2166280357435857 0.6418908644433501 0.1168117487343786
0.08955223409422686 0.21782151031602215 0.21722503123342496 0.47540122435632604
0.3266804687801055 0.33396774724660205 0.2581524793784997 0.08119930459479274
0.2187972192271891 0.16172695826343264 0.32926243186057014 0.29021339064880813
0.08728662122840747 0.016101426697477383 0.39202921202777197 0.5045827400463432
0.16748817237354718 0.42605610855781273 0.031181769659421876 0.3752739494092182
0.12503176083193857 0.5418195446820193 0.23633740282862103 0.09681129165742108
0.19882242151977025 0.42471698787262335 0.11523629101478206 0.26122429959282434
0.29787443163067384 0.13427776240125533 0.2602527726535354 0.3075950333145354
0.5413654669519612 0.32894862817076764 0.11381256763887071 0.015873337238400453
0.19677946429388138 0.06267919395025812 0.049154189023175476 0.691387152732685
0.3061107848544655 0.14565681034270583 0.507672531102985 0.040559873699843596
0.29627212264631164 0.27152529707980233 0.19335177095279754 0.2388508093210885
0.14812499878391172 0.4321600103182037 0.1836085942176704 0.23610639668021416
0.13700036790532089 0.1408113316532129 0.4562138187149273 0.2659744817265389
0.21555631013948717 0.26043860665369734 0.48263669951761046 0.041368383689205035
0.5035172760771319 0.20957546124690196 0.007278636845587272 0.27962862583037884
0.006677393669449083 0.04417218473980966 0.02627042609514707 0.9228799954955942
0.3817851732835935 0.059087931860151155 0.3437175466379052 0.21540934821835012
0.10199458270183093 0.1649928201131572 0.32231416553665904 0.41069843164835285
0.34846156767635983 0.10430556945268443 0.31246075786503147 0.23477210500592427
0.349161459631817 0.4896492332289485 0.10746010006138829 0.05372920707784623
0.4657134894645688 0.3949589440369087 0.00017022483745987582 0.13915734166106264
0.18286692195197518 0.2848777713595353 0.26449361915868697 0.26776168752980256
0.04602905802442436 0.4081028478096671 0.10907581865857097 0.43679227550733757
0.08063516589940867 0.17940326179146837 0.29607009423586117 0.4438914780732618
0.11940622372732412 0.7059956662816713 0.09242063620163754 0.08217747378936702
0.03049629533731213 0.010358789669382307 0.13171464814938738 0.8274302668439182
0.056957969217125815 0.2973625278463763 0.4985932377441642 0.1470862651923337
0.3812378600668097 0.04872594851606493 0.004741356403635266 0.5652948350134901
0.03595050377317921 0.27862203382142925 0.27861475141963454 0.406812710985757
0.484681405653105 0.36935316045828126 0.10456654063961024 0.04139889324900348
0.19199517087488405 0.1555097921079479 0.10016367037137774 0.5523313666457903
0.006300008534686818 0.37882655405312904 0.38999836551992206 0.22487507189226208
0.4194537939713705 0.40430874916278015 0.017456321882679093 0.15878113498317026
0.44812557183429835 0.26468280805092803 0.26762846598730905 0.019563154127464566
0.11359636526170336 0.16631492130526937 0.11063107743968836 0.6094576359933389
0.6850910113296345 0.10473789570281289 0.11136841682614163 0.09880267614141103
0.01706098170349013 0.05713194192591531 0.14340340441027621 0.7824036719603183
0.011893446853109557 0.5655225360967898 0.0683800415961976 0.35420397545390303
0.054288448952517165 0.37660489648941764 0.2856854636632499 0.2834211908948153
0.25564793175298184 0.22261230269368193 0.3174298152741718 0.20430995027916443
0.08914016807426917 0.3439461533851812 0.026991679740110186 0.5399219988004395
0.10384060587847721 0.396776441572658 0.13247180232947264 0.36691115021939213
0.4144599651495843 0.44899090396855257 0.05210675266180309 0.08444237822006007
0.44536995548099123 0.2397425362344212 0.29818284524623917 0.01670466303834839
0.36816712798059414 0.30960843542783534 0.2563122029235928 0.06591223366797772
0.13988649561186284 0.392480192212013 0.09759018875814296 0.3700431234179812
0.6708784050873132 0.16749979824220917 0.035913721198013615 0.125708075472464
0.29393443942022335 0.2397856007649798 0.23724770022135322 0.22903225959344364
0.08253167074538625 0.3325401280876822 0.35986814766516884 0.22506005350176272
0.2475712928117082 0.09369883711617621 0.5214808998807888 0.13724897019132676
0.10460047258858896 0.34943306871225666 0.14324427952853058 0.4027221791706238
0.20622980216200748 0.47477856814263497 0.06516495337728723 0.2538266763180703
0.40738703137697685 0.4414175747462581 0.05439568931969008 0.09679970455707498
0.14132643816182566 0.6481429777639116 0.0538819215326557 0.15664866254160703
0.20693617121115693 0.3581219706394121 0.3134301478899948 0.12151171025943619
0.32800658084178214 0.06787373734098079 0.4579969472775297 0.14612273453970737
0.22743266672768037 0.7043908080791439 0.01010830371970306 0.05806822147347268
0.15656091539422323 0.10434384711428368 0.21890652360525542 0.5201887138862377
0.07337909038568569 0.8318861890558615 0.03265391713089194 0.06208080342756084
0.15944861788093823 0.08430210580587982 0.6161841973196824 0.14006507899349951
0.2929833530494337 0.5153305836790278 0.062090635108677295 0.12959542816286118
0.08671945683306514 0.7491138408209533 0.054795240622641184 0.10937146172334034
0.40429031563274376 0.027695643954955718 0.1986268581949815 0.36938718221731903
0.13128432569721915 0.26741543408864266 0.025148317035762036 0.5761519231783762
0.12332120628597287 0.051495971200125834 0.20626342998094793 0.6189193925329534
0.16400861972106784 0.32544263522373607 0.4862610395707393 0.0242877054844568
0.38988885978384435 0.060045482484665236 0.02068484344100019 0.5293808142904902
0.6681859538850891 0.1341136848242297 0.17465180729264806 0.023048553998033183
0.6327918510801891 0.06365959948145328 0.24132334610892792 0.06222520332942971
0.1764766882911012 0.36185453978384274 0.46064308113942465 0.0010256907856314168
0.31395105753457064 0.4104475693545361 0.03137415533850574 0.24422721777238754
0.016744257400908125 0.23028383932792162 0.10752927440237625 0.645442628868794
0.2790205198526243 0.10044182305092175 0.13227705157135417 0.48826060552509976
0.02745017609045819 0.7673087011105391 0.10999799282198619 0.09524312997701656
0.3779342967874576 0.19821689477634963 0.3251035348455429 0.09874527359064988
0.504916157208658 0.032440739358568726 0.09687716750499709 0.3657659359277762
0.6353585069562755 0.1341644905027639 0.1842613787983145 0.046215623742646095
0.40224694278866036 0.23052450994756157 0.2107973720157953 0.15643117524798278
0.01358314082978973 0.01520503048343591 0.3710492298822664 0.600162598804508
0.18668707234108783 0.22652918254150134 0.4954444825781712 0.09133926253923963
0.3664127547453033 0.014832101353013605 0.03207837186567908 0.586676772036004
0.2936701660175348 0.48303674282730735 0.12280230106954826 0.10049079008560957
0.25550460705109823 0.026198777987554434 0.617970189313946 0.10032642564740135
0.66357002356545 0.0657070130326507 0.25275402956398907 0.017968933837910206
0.20516430087764537 0.3279178367381318 0.41048518985201665 0.056432672532206185
0.08735367632592539 0.20285118024504667 0.18219445841290416 0.5276006850161238
0.3773696702428365 0.25761837246835473 0.26459810933471617 0.10041384795409258
0.5270662878199122 0.1599276989972115 0.2704185591224454 0.04258745406043096
