1 90 4 241.88857987318343 483.7771597463669
4.753198042323167 7.482920440979423 1.001029373356104 3.7209931536865577 2.3208030173540175 1.8310473529191802 2.676341902399038 4.11004654338743 4.570907268076029 5.849350606030212 4.772750629629654 7.166975503570836 2.840070247583657 8.90305692751851 1.2464883387813355 7.03420759160562 4.755743221304143 6.028208456011765 2.263482447357104 2.782913401763909 8.206701118079831 9.714354181474578 3.8208176034331855 7.230903541023826 8.887502370664345 9.051459971534626 1.7653979023280013 1.3514930490959411 2.5284737760811202 8.903282530864718 1.8851215044974508 4.78996862504547 9.621005771354518 5.798487564757154 7.226894025554261 3.8396406790545665 7.178508349134253 8.511631047076357 1.1645944960977261 7.751298834504707 9.899749800158453 7.733490889418555 3.5239959285796467 8.103513956063397 1.9290340591987782 5.0310417355831465 9.17735952783786 3.6425273353631153 3.5899780472771385 2.170257149064499 1.1743026208326737 7.109519796459018 2.9046530440005314 3.389919934350036 5.424158433523044 1.4802629060537233 6.167058449428118 2.3205571741522912 6.303749832129558 7.297825240188381 1.9210098594504326 4.726503890376115 7.249601419549706 4.727613425742124 1.4495811305147845 5.823067653239605 6.974151806978099 5.634002008524777 9.50135280391732 6.278995364517936 9.130617237590952 2.2372723373161376 2.253487125256827 8.266521598385715 4.579091532869802 2.488187774052395 9.347577223564304 4.129892737709559 7.7573089282254 7.533981868154063 8.949754820852288 6.61304986350048 7.758481906246034 4.140085077800583 3.429351025885235 9.062975963764602 4.852820708841654 9.68356042433547 6.970973480366033 6.595261481882096
0.9506396084646334 1.4965840881958845 0.2002058746712208 0.7441986307373115 0.4641606034708035 0.366209470583836 0.5352683804798076 0.822009308677486 0.9141814536152058 1.1698701212060425 0.9545501259259307 1.4333951007141672 0.5680140495167314 1.7806113855037018 0.2492976677562671 1.406841518321124 0.9511486442608286 1.2056416912023529 0.4526964894714208 0.5565826803527818 1.6413402236159662 1.9428708362949156 0.7641635206866371 1.4461807082047653 1.777500474132869 1.8102919943069253 0.3530795804656003 0.27029860981918824 0.5056947552162241 1.7806565061729436 0.37702430089949013 0.957993725009094 1.9242011542709037 1.1596975129514306 1.445378805110852 0.7679281358109133 1.4357016698268505 1.7023262094152714 0.23291889921954523 1.5502597669009415 1.9799499600316905 1.546698177883711 0.7047991857159294 1.6207027912126795 0.3858068118397556 1.0062083471166292 1.835471905567572 0.7285054670726231 0.7179956094554277 0.4340514298128998 0.23486052416653475 1.4219039592918037 0.5809306088001063 0.6779839868700072 1.0848316867046088 0.2960525812107447 1.2334116898856236 0.46411143483045825 1.2607499664259116 1.459565048037676 0.38420197189008654 0.9453007780752231 1.4499202839099412 0.9455226851484249 0.2899162261029569 1.1646135306479208 1.3948303613956199 1.1268004017049553 1.9002705607834638 1.2557990729035873 1.8261234475181904 0.44745446746322753 0.4506974250513654 1.653304319677143 0.9158183065739604 0.497637554810479 1.8695154447128608 0.8259785475419118 1.5514617856450799 1.5067963736308125 1.7899509641704576 1.322609972700096 1.5516963812492068 0.8280170155601165 0.685870205177047 1.8125951927529205 0.9705641417683308 1.936712084867094 1.3941946960732066 1.319052296376419
0.11474597295337519 0.293390829807906 0.041775330718659354 0.5500878665200595
0.00287032703115897 0.3237745747409372 0.5767346187901576 0.09662047943774621
0.015821242846556283 0.8701208564642182 0.022593051609024695 0.0914648490802008
0.17234050834532855 0.5185564091715954 0.24169854552023962 0.06740453696283644
0.06600017272206249 0.6455245859064093 0.04235142983277462 0.24612381153875362
0.01988013383979559 0.008426354180999018 0.8317214606620934 0.139972051317112
0.12417331511991114 0.42864866356585474 0.032937292772522 0.4142407285417121
0.56103021925571 0.23960245342490638 0.006472522938162806 0.19289480438122086
0.05991768951221166 0.49632254447820723 0.3073016205690098 0.13645814544057133
0.044551878544761725 0.18115746006309297 0.33400764344628775 0.44028301794585756
0.07197427968948678 0.18035146488083664 0.3157747173496187 0.4318995380800579
0.1954294811093188 0.04441827803826737 0.7301722299407262 0.02998001091168767
0.07002214371922233 0.08676925092686194 0.4631643237352955 0.38004428161862025
0.31736240932216075 0.26238280992363616 0.02658424240753343 0.39367053834666965
0.06633483442844157 0.48461338468945525 0.11828467433528778 0.3307671065468154
0.26031509857854096 0.3694024084430235 0.12303804671724938 0.24724444626118613
0.19343428262332774 0.06986248786378324 0.2613735386366227 0.4753296908762663
0.013951572975597015 0.7211143903130725 0.17274988921485457 0.09218414749647597
0.6167783570016576 0.2988279927646169 0.034569769480805146 0.049823880752920324
0.39000771414124624 0.214302768778727 0.3218709437864804 0.07381857329354635
0.13507915804673132 0.03887650863373304 0.22091994624309053 0.6051243870764451
0.021524805274197978 0.15467145030085727 0.6509192155956772 0.17288452882926753
0.1309968448109169 0.21373980787237656 0.2372775272637866 0.41798582005291995
0.45988026581680697 0.3387233253352324 0.046130854240182484 0.15526555460777813
0.015533275550835723 0.41814307343862256 0.056577173630469435 0.5097464773800723
0.31524480309537295 0.26261241218916254 0.2100720185409688 0.21207076617449572
0.00040202489135743313 0.05350724718239552 0.6251595644916766 0.3209311634345704
0.37658031474577447 0.19813118996232781 0.030004596265950756 0.39528389902594696
0.28557628169569393 0.464445482006966 0.005060424765020222 0.24491781153231984
0.3821027520315172 0.28868603875607 0.19369063926701258 0.13552056994540018
0.4014795834695406 0.22043978445076085 0.3518827100069508 0.026197922072747737
0.19856988842711087 0.14477635134731215 0.5366520487890087 0.12000171143656824
0.25236670150458973 0.2753479448041569 0.13500516606651558 0.33728018762473777
0.5190116274640558 0.04984636324065972 0.0036305264868907727 0.4275114828083937
0.3426889079532818 0.03523527137481808 0.6048929344023452 0.017182886269554998
0.16097143681560877 0.5274418155703345 0.12344544533459645 0.18814130227946024
0.345172051155215 0.24733981761058177 0.323793684702554 0.08369444653164926
0.19296273201911285 0.06415556176308335 0.47146737419240003 0.27141433202540377
0.23366613923925006 0.014367419137980675 0.1678151598902966 0.5841512817324727
0.15267164409316325 0.36318537287536656 0.028153101845408313 0.4559898811860619
0.1445455401246598 0.07750359967526288 0.5632468884216962 0.21470397177838108
0.3243624597261865 0.5203471478758831 0.021898666564443392 0.13339172583348702
0.09874340182034835 0.6047735863323046 0.12289000947668838 0.17359300237065867
0.2596983932983531 0.5105403412566268 0.029376527181048107 0.20038473826397196
0.6323033174301278 0.15044609735404413 0.013839263223115572 0.2034113219927125
0.30024833953390007 0.6010600968153738 0.07343193450580843 0.02525962914491775
0.3557051709838811 0.17072076292164018 0.46748709070495764 0.0060869753895210765
0.03039968992878883 0.12999548959086027 0.701951073318395 0.13765374716195589
0.44190428074842336 0.2490378613177452 0.2988095655975367 0.010248292336294762
0.05692943841109499 0.19080346335125986 0.5024395115356379 0.24982758670200722
0.21196016464367595 0.08537121686359628 0.2961010679573488 0.40656755053537896
0.3810161240622142 0.130125354234914 0.4482928427646242 0.040565678938247585
0.03232306662357398 0.18910966769991433 0.24356874724001776 0.5349985184364939
0.081473964877262 0.027544799141806298 0.6939444733546696 0.19703676262626213
0.7662113810757705 0.0577984893365483 0.021841612615358885 0.15414851697232235
0.01833264291300729 0.12509040575723762 0.3151607650381869 0.5414161862915682
0.027783348848669953 0.36706713161196947 0.05755434628581213 0.5475951732535485
0.47807250671783097 0.32509083539633865 0.10152281822945342 0.09531383965637696
0.538627282576347 0.07988628433573852 0.15536077580833318 0.22612565727958134
0.14555823115839706 0.6504087107838723 0.15522684354793514 0.0488062145097955
0.187631672902434 0.5234907858633819 0.19468703724248593 0.09419050399169815
0.119457050333729 0.13039362989130776 0.6594425243192177 0.09070679545574556
0.14679237341724316 0.6722968052162877 0.16332827065941202 0.017582550707057165
0.43359232727316455 0.10006101769804687 0.37711948620262603 0.08922716882616255
0.027287223517468817 0.6895914401142204 0.22200781373802414 0.06111352263028669
0.3259898117700253 0.12686368818151217 0.10566305097098039 0.44148344907748216
0.2900968516874258 0.22717074681370397 0.05948833648596097 0.42324406501290923
0.37129376127905445 0.05518102722234153 0.5103935928076977 0.06313161869090633
0.08748220955359087 0.22689440656045956 0.60582989819161 0.07979348569433953
0.6070941619724605 0.09478236778384996 0.11447498207090367 0.1836484881727859
0.05696439948283272 0.517254689358027 0.08988346651393375 0.33589744464520654
0.5190159840736788 0.0516998674725776 0.24611925724536554 0.1831648912083781
0.09357709581748075 0.5020308377851648 0.3803811347282594 0.02401093166909507
0.4517331486914753 0.5210544432411799 0.0025624423376313654 0.024649965729713452
0.013136356923072245 0.6555964132836598 0.15550506941776576 0.17576216037550219
0.13766274094560316 0.33096560180050605 0.023443458747449242 0.5079281985064416
0.33870802548167966 0.41957023499531654 0.2261051897165145 0.0156165498064893
0.12482254311167629 0.37969662658931835 0.2503722873595381 0.24510854293946727
0.022915131322381765 0.7472348249897104 0.039838754350324135 0.1900112893375837
0.44924675358663757 0.19511433117035537 0.028108759896740998 0.32753015534626606
0.4844284455143756 0.18926997838425608 0.15670114613870778 0.16960042996266056
0.27411977516685215 0.39761000965056814 0.18409858243650745 0.14417163274607225
0.7473208103319232 0.026478476912258797 0.03389912186802746 0.19230159088779053
0.21369323762958115 0.09494871000106997 0.435831205447081 0.2555268469222679
0.026627884691621473 0.11589045307422319 0.07159379905480379 0.7858878631793516
0.0805295271283859 0.12709613467542846 0.46693836195959615 0.3254359762365895
0.30451798792062024 0.13078796970889972 0.27600856050696676 0.2886854818635133
0.1262101037493587 0.033623546594734655 0.5462181539918398 0.2939481956640668
0.14675148076429412 0.041993586112891834 0.242436688283185 0.5688182448396291
0.60095424810764 0.03726446251269344 0.11608723995596526 0.24569404942370132
0.2370269802430277 0.34136263414410406 0.37109964431993947 0.05051074129292876
0.5270581022576093 0.04662138441467656 0.043465426948438024 0.3828550863792761
0.35726976000249977 0.26609035578930296 0.3060771179519586 0.0705627662562387
0.13713574962887776 0.5596824118610224 0.30050468896158034 0.0026771495485194974
0.1242709619721647 0.6311920906303017 0.16756148294401696 0.07697546445351666
0.026210986877719278 0.22000008072532662 0.29261999673860695 0.46116893565834716
0.2791836790111395 0.5628472133484662 0.12756485596006883 0.030404251680325456
0.01864728937294302 0.2143269844680774 0.15488637022315133 0.6121393559358282
0.12134345574073735 0.01511176991994767 0.6106664170764996 0.2528783572628154
0.012555980159115854 0.09493814894697705 0.6054948512765838 0.28701101961732334
0.20329323466099047 0.5405326194141025 0.22345047592517908 0.03272366999972798
0.49376971426872995 0.08758921300452782 0.2654698742167775 0.15317119850996475
0.018576202177409518 0.4677689087596223 0.3426357886131469 0.17101910044982127
0.3801411726235504 0.18871026446293093 0.41976471732596754 0.011383845587551122
0.2649195576628094 0.1051646402512969 0.3752502329923958 0.2546655690934979
0.06653648135411494 0.14363752856072465 0.5945805538285058 0.19524543625665458
0.06596109068402378 0.5734997901959163 0.28534708951941057 0.0751920296006493
0.2343620861214205 0.5378159434218263 0.1597940396535905 0.06802793080316272
0.5566531881951564 0.08491302075118112 0.3074501117412789 0.05098367931238357
0.48599066709690975 0.06355725441165283 0.3691855141250435 0.0812665643663939
0.12632951943963733 0.3793326462372594 0.4576003627638151 0.03673747155928819
0.015018980742122379 0.3170445936247146 0.615906636850844 0.05202978878231901
0.8094906921265821 0.06934129228526198 0.06127549792152309 0.05989251766663284
0.28571885173414757 0.2606279642862257 0.35904550268827595 0.09460768129135078
0.5934814081966372 0.005628899449241165 0.20825022123896308 0.19263947111515856
0.18401020162746506 0.42802097541746886 0.2808575314802174 0.10711129147484866
0.4201936800011322 0.4984080979763936 0.0581573710535338 0.023240850968940352
0.6280761983073504 0.20076960967334256 0.14493773037762958 0.026216461641677458
0.586833340656083 0.11122390779122004 0.16025658798173936 0.14168616357095765
0.32268099683674645 0.08813035308543915 0.040062586491163565 0.5491260635866508
0.3173839459582769 0.11286332486298745 0.24755362061304675 0.3221991085656889
0.4267010093480328 0.3709377946105338 0.10620315186780538 0.09615804417362805
0.2702082620297578 0.5319528219748403 0.05273685869280431 0.14510205730259762
0.4657098785919809 0.26743264669553024 0.037741385214376866 0.22911608949811202
0.06820934841670412 0.011416729281548244 0.10198677363251141 0.8183871486692362
0.4668800227633063 0.1026143899820694 0.3054672322105224 0.12503835504410188
0.2250399578140846 0.08722987988783237 0.5973656872496401 0.09036447504844292
0.1108913007440292 0.09730313766476228 0.29138973227009457 0.500415829321114
0.10196725942579743 0.5147178077294388 0.2349868077811308 0.14832812506363302
0.47714098704978236 0.14466524469063313 0.03233111523032883 0.3458626530292557
0.02233042799180618 0.4970213963742268 0.23217599276921086 0.24847218286475614
0.5384405925945437 0.33448178380556737 0.07688361495351548 0.05019400864637347
0.6102408126466297 0.041063519694361394 0.20281111149554765 0.1458845561634613
0.03457121987163425 0.22249807895051243 0.47465930191738026 0.26827139926047305
0.34529746159108154 0.10084877041237572 0.5443255516203834 0.009528216376159304
0.14300582825809938 0.3985535506292739 0.09504502111452395 0.3633955999981028
0.026218567296373285 0.10920933577579661 0.4106429010707817 0.4539291958570484
0.36654309724374434 0.32613462026360995 0.05295947520014177 0.25436280729250393
0.18863680095531088 0.015269424277810972 0.37767118211116935 0.4184225926557088
0.26217308377291193 0.19480224366278087 0.05154091317454679 0.4914837593897604
0.02760601195450363 0.7709982328057066 0.04523618417097863 0.15615957106881118
0.5409518049621886 0.20890650576395475 0.054102580772503406 0.1960391085013532
0.2670720196843658 0.4423152315469293 0.23816169016380473 0.05245105860490018
0.42861882866378653 0.20516793194813132 0.06301373550826062 0.30319950387982153
0.3424541198435198 0.08631465515592274 0.1977273836248512 0.37350384137570625
0.06672499763935646 0.011661902215591491 0.03495502291264252 0.8866580772324095
0.4500867470007611 0.296851748606764 0.00792298578294226 0.24513851860953262
0.037061047954035864 0.36533147190369997 0.0716114067044582 0.525996073437806
0.0030179566195963625 0.0073463047156355765 0.11527711980250688 0.8743586188622612
0.15773006987053328 0.7476719638322448 0.009872286212009418 0.08472568008521253
0.6224959022999211 0.10930450684237414 0.2581547692167784 0.010044821640926349
0.17343017078712286 0.22744356158399803 0.4117368556617078 0.1873894119671713
0.2642974827269007 0.002341219424734531 0.043948549642574775 0.68941274820579
0.31446701118584963 0.0520896326653848 0.14573604842712695 0.4877073077216386
0.030949006271150714 0.49110224098136 0.3689677070398282 0.1089810457076611
0.6283090375213571 0.0619188306413907 0.169261452702838 0.14051067913441417
0.009348577966515781 0.30209563616594703 0.604961638921435 0.08359414694610223
0.2473960366023854 0.5969339119633278 0.08753116807082739 0.06813888336345941
0.17476587635631158 0.05254385992837718 0.0005905536666281908 0.772099710048683
0.18513039826903066 0.0552252265801082 0.17323079015202247 0.5864135849988387
0.22881367096037586 0.12017392626041301 0.1482624961397424 0.5027499066394687
0.1747201501089225 0.4196524737220553 0.4023808013772322 0.0032465747917900245
0.032426325314457105 0.03294538972776928 0.8361908696270949 0.09843741533067873
0.1679832931996149 0.20745153996824284 0.39204003569515533 0.23252513113698692
0.3530060855418248 0.12387624797936858 0.15573348325680392 0.3673841832220027
0.01088873380347899 0.4465161822859527 0.27268629500067265 0.26990878890989567
0.220234226159156 0.09971861191852238 0.2039432975884533 0.4761038643338683
0.3125013784920495 0.15135640540824613 0.209991224116572 0.32615099198313235
0.012603767029876312 0.11773201392447796 0.3887465412576352 0.48091767778801053
0.005239837651465851 0.681568389005526 0.22798046008494244 0.08521131325806575
0.5784995797892005 0.07065461732327738 0.2101636089851221 0.1406821939024
0.1950374860087073 0.15739214420770153 0.20810036031964996 0.4394700094639412
0.2896027461868774 0.06393211648111297 0.07420246666808583 0.5722626706639238
0.22139670090820107 0.5118483668182264 0.03403944069533904 0.23271549157823346
0.11092036903424063 0.08802755439282606 0.17813467578026743 0.6229174007926659
0.23170231048579204 0.5680742264115942 0.11755702618424435 0.08266643691836939
0.5538846110514143 0.2809694365803842 0.08860216748697669 0.07654378488122482
0.2026021252196626 0.2754291827456208 0.49801224250246423 0.0239564495322524
0.40420190577514725 0.23969373853651554 0.08542327504946057 0.27068108063887664
0.21073239208332073 0.38639491086332833 0.15180107229918738 0.25107162475416356
