95 60 4 163.65083102662447 327.30166205324895
3.0592313880121105 2.7161921676176464 8.977237038841588 7.470333060304658 5.79685045090728 8.82515890003703 7.518139087594129 5.338782920252481 7.804694771098569 9.772659950921577 5.575303906453015 9.626422173810196 5.448370249197567 5.6545060030486685 4.09656079540088 9.727752088728776 3.304796237490883 4.629476982276042 8.465415612677678 4.469384319947924 3.0853801470066333 5.787744451170186 3.823896212616735 1.4520636592646972 3.727472880675391 8.19935085390238 3.375830611292119 2.9230339132735255 4.956725248462924 9.899566651309241 4.1461558701941215 9.15349710297832 4.3027097590192644 4.190459772098612 5.082450410973723 1.0468201033210356 6.262096075601606 1.5846589903185748 2.293382373719675 3.818366551711045 9.27825107724907 3.5123171989767035 3.1408196997225204 5.291981014259912 6.722477049302277 8.667925766615344 4.503520080940839 8.219776788526689 3.8185555509872535 1.9608717799672735 6.351564998586051 1.4042133018186358 9.678792760965692 7.243876759464337 9.10819179336982 1.161319161325209 6.494811386204373 1.436072176995216 9.97118252864881 1.9462114357943212
0.611846277602422 0.5432384335235293 1.7954474077683176 1.4940666120609316 1.1593700901814559 1.765031780007406 1.5036278175188258 1.0677565840504961 1.5609389542197136 1.9545319901843154 1.115060781290603 1.9252844347620393 1.0896740498395134 1.1309012006097336 0.819312159080176 1.9455504177457552 0.6609592474981766 0.9258953964552085 1.6930831225355356 0.8938768639895848 0.6170760294013267 1.1575488902340372 0.764779242523347 0.2904127318529394 0.7454945761350782 1.6398701707804761 0.6751661222584238 0.5846067826547051 0.9913450496925847 1.9799133302618483 0.8292311740388243 1.8306994205956642 0.8605419518038528 0.8380919544197225 1.0164900821947447 0.20936402066420712 1.2524192151203213 0.31693179806371496 0.458676474743935 0.763673310342209 1.855650215449814 0.7024634397953406 0.628163939944504 1.0583962028519824 1.3444954098604556 1.7335851533230688 0.9007040161881678 1.6439553577053378 0.7637111101974507 0.3921743559934547 1.2703129997172102 0.2808426603637272 1.9357585521931384 1.4487753518928674 1.821638358673964 0.2322638322650418 1.2989622772408747 0.28721443539904323 1.9942365057297622 0.3892422871588642
0.21827997707273006 0.27697007881402014 0.46353999944739066 0.041209944665859144
0.22618666952309974 0.3321246808282603 0.09685266016116978 0.3448359894874702
0.17442884574553774 0.0730019864836644 0.4711528892738477 0.28141627849695017
0.09810806115318271 0.08595003612844987 0.33483632129005414 0.4811055814283133
0.18033363919772727 0.07043541667217113 0.5032958203242726 0.24593512380582905
0.26495846543038926 0.025325643840917733 0.6325364059020517 0.07717948482664128
0.011538489533946206 0.8234225644477331 0.08514881522731388 0.07989013079100682
0.37912618716394764 0.17491736666480262 0.44304898005296467 0.0029074661182850736
0.010093130878351952 0.0991464808439575 0.31691141294960945 0.5738489753280811
0.029533365719005555 0.3920801394372525 0.2996836084848207 0.27870288635892126
0.0385072076944305 0.6532636673908563 0.24685127553997188 0.06137784937474133
0.12146288112684911 0.1418888824615958 0.6159772139630231 0.120671022448532
0.1613167842834341 0.2390250544909981 0.1898241333382299 0.4098340278873379
0.32682293242032723 0.3903141639855392 0.19423485570277932 0.08862804789135426
0.08359765833507837 0.05988826189465313 0.43404370728914343 0.42247037248112507
0.563453271638906 0.005447039177414736 0.0661110161702736 0.36498867301340565
0.6100074690177425 0.17993368155305078 0.17652955370892254 0.03352929572028418
0.5293872408844282 0.04382247613569723 0.02359477664848353 0.403195506331391
0.048440419617492236 0.4557454355861267 0.1794269155676762 0.3163872292287049
0.519794359727679 0.009775793731717441 0.10500700805849639 0.3654228384821072
0.2268047288126248 0.7369326141522847 0.021691531273987152 0.01457112576110331
0.2835817543381016 0.2826168604654077 0.4128773578019058 0.020924027394584876
0.5752259477171332 0.05539431357171165 0.23500456854817553 0.13437517016297962
0.024775437672616807 0.48468266117750736 0.4104054909885745 0.08013641016130135
0.13211419681449954 0.02456028292582546 0.7707849482088039 0.07254057205087105
0.10254229307613993 0.42383568286304996 0.2880350463400696 0.1855869777207405
0.432331658011457 0.09595670653262778 0.294282398903034 0.17742923655288123
0.06677749260395094 0.26936812053871584 0.2329842032998749 0.4308701835574583
0.15643170819236862 0.23107542000259118 0.060244360913002004 0.5522485108920382
0.021072737057061808 0.39293209886095526 0.05852567698792144 0.5274694870940615
0.16588719588473555 0.14585560952462995 0.3792958392520297 0.3089613553386048
0.2734876767509584 0.09510848072196154 0.35777378251783043 0.2736300600092496
0.21974242260403565 0.007407252704459855 0.31211619541413815 0.46073412927736634
0.0511490289014197 0.006952868785382815 0.416038707316561 0.5258593949966365
0.11002143096748596 0.09417063880069765 0.11886895913536433 0.6769389710964521
0.06790242257922652 0.659417547202159 0.18288222847620716 0.08979780174240737
0.06621107537047133 0.4452245822259465 0.3261065845976545 0.16245775780592764
0.5661146527545446 0.0622227471123471 0.01108452758518419 0.36057807254792407
0.26230524933844 0.03345483698179086 0.03672716998533976 0.6675127436944294
0.3873154912883985 0.3992798933396544 0.08684136087002248 0.12656325450192463
0.24301366092264387 0.22693029611472237 0.03244855143395997 0.4976074915286738
0.3950929049148574 0.32123285691282366 0.21667943215525765 0.06699480601706131
0.46443921522584386 0.15596058555098946 0.1271476391357783 0.25245256008738837
0.40972212720222345 0.15629381643746987 0.3108107782579127 0.12317327810239398
0.5202420679593407 0.1353073150301557 0.127479488632388 0.2169711283781156
0.014107375749460194 0.027650501742453204 0.39935247968795407 0.5588896428201325
0.4277896127341939 0.27551165457739757 0.2960150805974543 0.0006836520909542232
0.7158446122591136 0.05188555869087097 0.21154089366541118 0.020728935384604297
0.1389033943726654 0.09475537765473296 0.14736065954122934 0.6189805684313723
0.3464346256929811 0.37010777596109645 0.20139323313168744 0.08206436521423499
0.4422336160845044 0.20810195819228938 0.06408329927999257 0.28558112644321365
0.1441696175186068 0.0856636021321997 0.6462234508557838 0.12394332949340969
0.13747773943767505 0.7871801100278981 0.06632948366890234 0.009012666865524488
0.4481586804251434 0.2418904054742539 0.10885617929984936 0.20109473480075335
0.08164237358042303 0.05760840478265683 0.7461379382722229 0.11461128336469728
0.22978403700876304 0.19925400390466053 0.33708213249885266 0.23387982658772377
0.13723504441577916 0.4568396660888999 0.01977311049964059 0.38615217899568033
0.056487447471166075 0.47128252386671077 0.3937738113350596 0.07845621732706354
0.03255866131760954 0.051710686723281496 0.7008925886638351 0.21483806329527388
0.14553298919227187 0.4205495711187329 0.2492063975992288 0.1847110420897664
0.4591247864402419 0.46248692268504066 0.04782732822629854 0.0305609626484189
0.335601792096055 0.19875245982354317 0.26280172287964876 0.20284402520075306
0.04170769415038644 0.010286615342028793 0.9229423298125806 0.025063360695004144
0.5505317641308198 0.04096331751682003 0.017158892260407677 0.39134602609195246
0.15769924327052898 0.03877333994707477 0.24715714235689634 0.5563702744254999
0.8652988359431127 0.003149864122396151 0.028102610230762548 0.10344868970372856
0.22329036837454208 0.4580693869913359 0.18267552908012363 0.13596471555399836
0.2173005078351231 0.5574848229197552 0.07768736804361154 0.14752730120151014
0.02408995439310324 0.554474979736787 0.2706884705114404 0.1507465953586693
0.40027147786458395 0.09046458882138342 0.3192056524545607 0.19005828085947196
0.2634825876559638 0.6401738986269968 0.01247937947378841 0.08386413424325101
0.02765927668979329 0.27966659379195236 0.030821128159592592 0.6618530013586618
0.019193518284117972 0.7991808797802012 0.07144914908357591 0.11017645285210487
0.005191492912608564 0.13920266987778374 0.6421647533790459 0.21344108383056182
0.0122399119085842 0.025566955413879988 0.4741508321205663 0.4880423005569695
0.16222922892836866 0.16261057296718795 0.40484680009740615 0.27031339800703724
0.37960644686764633 0.08907534937664818 0.10821199230491152 0.42310621145079397
0.080009663221562 0.1663673754584596 0.382628566649141 0.3709943946708374
0.577159906464867 0.21596172609148812 0.18262378809626123 0.02425457934738362
0.09547122439637534 0.04585348689054236 0.5463057901645417 0.31236949854854057
0.00969107481901621 0.021559373565095075 0.9473690998224865 0.0213804517934022
0.20141685474590054 0.09089285889884746 0.46688925268784154 0.24080103366741046
0.010078132167912757 0.5991229609316585 0.20649738322603284 0.1843015236743959
0.12599438686394715 0.18576631674101562 0.3835003654162298 0.30473893097880744
0.2098975925095432 0.5917848304045055 0.09224167685738915 0.10607590022856217
0.11886045016137092 0.14055806240006663 0.4681964566749611 0.2723850307636013
0.36032993306173533 0.14617724392279086 0.24482952813177694 0.24866329488369687
0.25219574766121844 0.12491737865399222 0.33229466087858284 0.2905922128062065
0.005915259815927554 0.11027847055683926 0.8611930991942227 0.022613170433010477
0.49116650128086126 0.1645432502483718 0.043701120131298565 0.3005891283394684
0.4665184072604135 0.07543693389180406 0.3413900283374546 0.11665463051032787
0.02002211977566548 0.16266665485302112 0.20334539877058055 0.6139658266007328
0.23262765543823916 0.24513974599382915 0.10959948245437101 0.4126331161135607
0.23129590150792934 0.016227256948150526 0.5074979284719756 0.24497891307194453
0.044009210235708585 0.1901739289822525 0.21594278554813406 0.5498740752339049
0.42489245935434694 0.06948960848415431 0.41803534204016024 0.08758259012133851
0.6291067657985921 0.3333263514215826 0.02162681846624903 0.015940064313576197
0.0990222834427057 0.7354301696087955 0.10399705447300756 0.06155049247549127
0.3485895518920862 0.29981724044869806 0.3087122077065654 0.04288099995265038
0.16492679952344058 0.076191975281379 0.20920382011921934 0.5496774050759611
0.21461493774277773 0.6788766813969609 0.08974272341071621 0.016765657449545168
0.10006305545236982 0.77792369551679 0.009561040814579536 0.11245220821626067
0.5114390811963205 0.3601101139046782 0.05227311224345954 0.07617769265554175
0.11999339966942346 0.017381362310271764 0.12138283493169966 0.7412424030886051
0.16873718014326855 0.2261811686700571 0.10202637687872285 0.5030552743079515
0.25744423566114016 0.1471540882379896 0.3197096162891533 0.27569205981171696
0.16367353062797307 0.3529892960538873 0.12152765360612594 0.3618095197120137
0.059266476316123584 0.13278683351073528 0.39330413989350577 0.41464255027963537
0.5750509870499464 0.12777967256843203 0.14591029235927433 0.15125904802234724
0.3575247967065305 0.03971133369790103 0.02053807225588211 0.5822257973396864
0.15534435075689434 0.4365282251288293 0.28464953318397934 0.12347789093029704
0.33206854348351555 0.04091711178957125 0.5304697602556975 0.09654458447121572
0.49499364137267454 0.16496812415161144 0.13796941296788434 0.20206882150782968
0.022777735467913063 0.24959046857335854 0.5971839234337795 0.13044787252494894
0.30759568888994804 0.12518115829747078 0.18944987972267258 0.3777732730899086
0.10656211329699894 0.360163110484343 0.2818536093427968 0.25142116687586125
0.17118580252427917 0.30489553497932287 0.22864890619176392 0.29526975630463403
0.21644656574706855 0.3701899370709866 0.27631355429143434 0.13704994289051053
0.14293947584316136 0.043759709018032944 0.4978055327847827 0.315495282354023
0.22452255801717447 0.33066728135832557 0.32912445871442453 0.11568570191007543
