67 20 4 47.76636087267469 95.53272174534939
5.912662869414808 8.729709495322231 7.173033279099212 3.9843263891209078 1.539981366045561 4.476500029384381 2.918348728159201 9.39255985073224 7.505364689702759 1.4220577600154165 8.39179764446048 6.326825493617756 3.2686435755031558 3.835690213508295 2.6905422003323283 4.152879163423533 3.3151853070480803 1.1000270379092671 4.686296588816025 4.710290063733709
1.1825325738829615 1.7459418990644462 1.4346066558198425 0.7968652778241816 0.3079962732091122 0.8953000058768762 0.5836697456318402 1.878511970146448 1.5010729379405519 0.2844115520030833 1.678359528892096 1.2653650987235512 0.6537287151006311 0.767138042701659 0.5381084400664656 0.8305758326847066 0.663037061409616 0.22000540758185344 0.9372593177632049 0.9420580127467417
0.04318877089643203 0.18962414176508435 0.16486437211197913 0.6023227152265045
0.4022515699464202 0.14972626928033406 0.40144671397082243 0.046575446802423315
0.1833954754651207 0.3612188494920696 0.26954916534865714 0.18583650969415255
0.7069442375214334 0.026295827352679435 0.23634632889882679 0.030413606227060352
0.008411904363797018 0.1304400842422585 0.11019307624948849 0.750954935144456
0.3542041802301099 0.04628348748218736 0.046959543165337236 0.5525527891223655
0.22506068293312886 0.4172355933346159 0.034042806971658734 0.3236609167605965
0.45355187949595477 0.07331620383048654 0.11107974582107993 0.36205217085247876
0.028443654556018272 0.15923309718821466 0.10874088560710482 0.7035823626486623
0.012413544759144468 0.1560850483487476 0.4605468786774838 0.37095452821462416
0.23806972152099926 0.12072466389843628 0.43561995153107924 0.20558566304948522
0.2127567873974312 0.11157583948705407 0.6254069353955969 0.05026043771991784
0.026961772558011243 0.6429817306778504 0.12392307033350147 0.20613342643063692
0.7015470788434289 0.10301795073993514 0.14336416533574703 0.052070805080888904
0.09613551550630528 0.6151738928683336 0.2041536588716879 0.08453693275367324
0.025835663453620428 0.4412433368210258 0.39022129689018037 0.14269970283517341
0.08511061126111652 0.32516292716078865 0.13195562767816282 0.457770833899932
0.45775987243596883 0.20904133087721477 0.06020207091162433 0.2729967257751921
0.7320930987229965 0.031911911385122727 0.04585492983091033 0.1901400600609704
0.28737119379772547 0.34879293629444574 0.20015929926187115 0.16367657064595764
0.30860495251210995 0.22105343713165637 0.42535040378495603 0.04499120657127764
0.3549301995393551 0.24699460771258508 0.10655082175680342 0.2915243709912564
0.29764185918057184 0.4303554790723315 0.2350848777784721 0.03691778396862455
0.046139978558926154 0.22779072303940306 0.09661284160228112 0.6294564567993897
0.30497237999084936 0.5894994206522418 0.0806430537642715 0.024885145592637326
0.4684511904065931 0.4399731823645907 0.018610962909495266 0.07296466431932092
0.15183554146816047 0.08796840595069999 0.18937837664511858 0.570817675936021
0.24494606933066898 0.5769518112121115 0.17526747919306085 0.0028346402641586943
0.46400583187288513 0.22665641049511231 0.07932795125839753 0.23000980637360502
0.15654396783624946 0.010713522463804637 0.0703869633923061 0.7623555463076398
0.14723935170361147 0.31844126375934423 0.33544025522219845 0.19887912931484586
0.020918555646014303 0.07736005846168592 0.4286289337185406 0.47309245217375917
0.23255717300639722 0.09805456525575762 0.6344463152949622 0.034941946442882954
0.17462688518152591 0.21228201957556836 0.4898499545481704 0.12324114069473535
0.11457494457563022 0.17486490125649612 0.377738195548199 0.3328219586196747
0.12985103713158752 0.6286473967527809 0.14763369579706387 0.09386787031856769
0.18132488847631356 0.4062491211517294 0.06514865220035737 0.34727733817159967
0.047960844180328754 0.06614176158896479 0.04563548764328351 0.840261906587423
0.01273544549345984 0.7497518826834019 0.10889257297935306 0.12862009884378522
0.24298620220945077 0.02668832470354221 0.6006790110787037 0.12964646200830332
